10 2 94
80 8 10
40 8 53
24 1 23
27 2 63
17 8 63
7 2 81
17 8 26
17 1 7
19 2 10
37 8 83
94 1 25
28 2 7
73 1 40
85 1 56
42 2 86
49 1 25
27 1 15
15 8 16
18 1 15
35 1 7
10 2 37
81 2 10
30 8 81
22 1 7
53 1 51
17 1 49
10 8 45
26 8 17
48 1 5
55 8 30
26 1 30
25 1 28
86 1 51
24 8 30
42 8 40
10 2 12
15 1 49
30 8 37
10 2 80
86 1 37
28 8 25
7 8 17
12 2 65
23 2 7
7 5 10
85 1 50
14 8 73
63 2 27
40 8 73
57 2 64
7 8 15
53 1 85
84 1 25
5 2 83
7 2 80
64 8 40
40 2 20
62 2 56
30 1 7
16 8 54
31 8 42
39 8 37
25 1 22
37 1 39
22 8 25
7 1 28
53 8 37
45 8 37
66 1 7
73 2 45
35 1 33
85 1 26
57 2 86
24 1 7
7 12 10
37 8 38
37 2 51
37 1 45
25 8 31
30 8 32
10 1 81
36 1 25
55 8 25
25 8 34
37 1 30
73 1 54
28 2 22
48 1 66
62 2 31
25 1 29
45 1 10
5 8 48
37 8 86
10 2 26
54 2 10
19 2 14
10 2 81
29 8 30
57 2 53
66 8 48
26 2 56
19 2 12
10 1 7
56 2 49
62 8 64
83 1 37
66 2 5
14 2 19
85 8 53
86 8 40
17 1 94
14 1 10
30 8 50
10 2 33
63 1 17
56 1 30
10 2 49
37 1 63
31 2 38
51 2 37
22 2 28
18 2 16
56 2 84
30 1 35
64 1 56
40 8 62
10 8 35
7 1 10
85 1 49
53 2 86
50 2 56
30 8 56
38 1 37
10 2 54
56 2 26
7 8 14
10 2 19
37 8 25
25 8 94
86 8 37
7 8 10
12 2 10
29 2 28
12 2 19
7 1 22
81 1 30
45 1 20
83 1 10
64 1 31
49 2 10
65 2 12
20 2 10
27 2 42
33 1 32
12 8 17
30 2 25
26 1 15
64 2 57
25 8 57
7 8 30
31 1 25
22 2 29
55 2 22
35 8 30
26 8 15
40 1 86
51 1 26
10 8 83
25 8 50
22 2 24
45 1 19
81 1 7
37 1 53
26 8 85
17 2 15
45 2 73
7 2 33
57 8 37
45 1 65
7 7 10
85 1 84
7 8 66
14 8 15
14 2 7
37 2 10
80 1 25
25 1 10
10 8 30
53 2 52
7 8 25
7 4 10
40 2 54
33 1 34
14 8 17
36 2 57
10 4 7
17 1 14
62 1 40
5 1 7
49 8 17
40 2 85
16 2 18
50 1 30
37 1 27
73 1 10
25 8 26
10 8 14
15 8 63
80 1 30
52 1 30
20 2 37
55 2 28
26 2 31
18 8 54
18 8 20
7 2 14
10 8 17
45 1 40
42 2 27
15 8 18
64 2 27
35 2 28
38 2 31
16 1 15
10 2 14
57 1 30
20 2 40
40 8 45
10 8 12
57 2 36
57 8 40
81 8 10
51 2 40
17 8 49
40 1 36
49 1 17
56 2 50
81 1 25
16 8 20
53 1 40
15 1 14
94 2 10
28 2 55
22 2 7
15 1 7
7 2 12
36 6 73
12 2 7
49 8 51
7 11 10
33 2 7
26 2 7
52 2 53
52 8 40
30 8 57
10 5 7
23 2 10
30 1 24
25 8 80
73 8 37
54 1 16
10 2 23
24 1 10
25 8 37
31 2 62
30 8 52
37 1 52
34 2 32
7 8 35
22 8 30
85 2 40
65 2 19
27 2 52
14 2 10
10 2 28
33 2 10
40 2 51
25 8 49
31 2 26
28 2 24
37 1 64
12 1 7
7 1 80
45 1 37
30 1 55
10 8 25
7 1 81
86 2 52
15 1 10
30 8 80
26 2 10
56 8 85
15 8 27
5 2 66
15 8 26
52 2 86
30 1 29
25 1 55
19 2 65
50 2 31
19 8 73
49 8 85
32 1 30
15 2 17
37 2 20
50 8 85
54 2 40
65 8 45
31 8 51
10 1 80
24 2 22
32 8 23
52 2 39
83 8 48
54 1 18
28 2 29
63 8 40
86 2 42
27 8 40
86 2 53
45 1 12
85 8 86
20 8 45
37 8 45
54 8 73
86 1 85
10 2 20
20 1 18
85 2 37
50 1 25
42 1 31
33 8 35
30 8 26
73 1 19
22 2 10
23 1 32
10 8 73
23 8 24
26 1 17
17 1 26
7 14 10
30 1 28
34 8 33
19 8 83
81 2 7
57 1 25
7 2 26
31 2 50
51 8 53
27 2 64
27 1 17
38 8 42
24 8 25
17 8 27
50 8 51
36 8 40
7 2 22
84 8 85
80 2 7
80 1 7
52 2 63
40 1 63
32 2 34
51 8 86
17 8 18
51 1 31
25 1 37
30 1 10
26 1 25
7 2 28
20 1 16
14 1 7
28 8 30
25 8 52
10 2 22
94 8 17
30 8 39
63 8 37
64 8 37
34 1 25
7 8 24
7 2 49
19 8 45
7 2 23
10 7 7
84 2 56
40 1 57
15 1 12
80 2 10
25 1 24
25 1 7
56 2 62
12 8 45
52 2 27
28 2 10
40 1 64
49 1 30
17 1 10
27 8 37
73 13 36
37 1 73
37 2 85
35 1 10
12 8 15
37 1 25
49 2 7
30 1 22
10 8 24
40 1 52
26 8 51
32 8 33
49 8 15
17 1 12
51 1 49
28 2 35
28 1 7
42 1 38
63 2 52
24 2 28
30 8 49
56 8 64
25 8 36
83 1 19
31 8 64
18 1 17
7 8 5
86 2 57
15 1 26
56 1 25
52 2 42
29 8 25
25 2 30
10 8 15
42 2 52
73 1 14
25 8 56
37 1 57
40 1 27
48 1 83
51 1 50
53 2 57
63 1 15
52 1 25
29 2 22
64 1 62
52 8 37
12 1 10
40 1 42
39 1 30
25 8 84
25 8 81
39 2 52
83 2 5
37 1 86
49 2 56
22 2 55
7 8 12
? 1 github_java_program_data/37/136.java

80 8 10
86 2 57
52 1 30
16 8 20
24 1 23
7 8 17
15 1 14
17 8 63
7 2 81
27 2 57
28 2 55
57 2 27
22 2 7
7 2 12
53 8 40
7 2 28
12 2 7
40 8 86
85 1 56
86 1 40
83 1 40
37 2 54
49 1 25
63 2 53
40 2 7
15 8 16
35 1 7
52 8 40
10 8 73
30 8 57
10 5 7
23 2 10
30 1 24
25 8 80
12 2 19
17 1 49
54 1 16
26 8 17
7 11 10
19 2 7
55 8 30
26 1 30
25 1 28
24 1 10
24 8 30
25 8 37
54 2 37
30 8 52
10 2 12
15 1 49
30 8 37
56 1 30
57 8 37
7 8 35
28 8 25
22 8 30
10 2 28
23 2 7
65 2 19
7 5 10
7 2 19
37 8 53
23 1 34
14 2 10
10 1 28
7 2 33
63 2 27
12 8 73
10 2 23
7 8 15
31 2 26
7 4 10
53 1 85
84 1 25
12 1 7
63 8 40
7 1 80
40 2 51
30 1 7
30 1 55
10 8 25
25 2 30
25 1 22
7 1 81
27 1 17
40 1 45
15 1 10
26 2 10
25 8 49
56 8 85
30 2 25
15 8 26
17 1 10
7 1 28
7 12 10
25 1 55
85 2 37
50 2 31
19 8 73
40 8 83
49 8 85
18 2 16
52 2 86
32 1 30
73 2 45
35 1 33
26 2 7
28 2 7
7 8 83
24 1 7
73 1 37
65 8 45
31 8 51
10 1 80
55 8 25
51 8 86
30 8 32
10 1 81
86 2 52
35 8 30
83 8 48
54 1 18
25 8 34
28 2 10
37 1 30
73 1 54
16 2 18
10 2 80
25 1 29
73 1 65
54 8 73
30 8 26
54 2 10
30 1 10
50 1 25
34 2 32
33 8 35
56 2 84
22 8 25
10 2 81
73 1 10
73 1 19
22 2 10
12 8 17
40 1 27
23 8 24
19 2 12
24 8 25
17 1 26
7 14 10
10 1 7
56 2 49
34 8 33
33 1 34
81 2 7
10 4 7
7 2 26
31 2 50
30 8 81
15 1 26
35 2 22
81 1 25
31 1 30
17 8 27
50 8 51
14 1 10
10 2 54
57 2 86
63 1 17
30 8 31
10 2 49
84 8 85
53 2 57
80 2 7
53 1 37
80 1 7
52 2 63
40 1 63
19 2 65
32 2 34
81 2 10
30 1 35
32 8 23
18 8 54
27 8 40
7 2 22
7 1 10
85 1 49
15 8 49
17 1 7
40 2 20
20 1 16
14 1 7
28 8 30
25 8 52
10 2 22
51 1 31
7 8 14
45 2 73
7 2 14
37 2 85
34 1 25
7 8 24
7 2 49
27 2 63
19 8 45
7 2 20
7 2 23
10 7 7
86 8 37
7 8 10
12 2 10
40 1 57
15 1 12
30 8 49
25 1 24
25 1 7
7 1 22
55 2 28
45 1 20
12 1 10
53 2 63
49 2 10
57 2 53
10 2 26
40 1 73
12 8 45
33 1 32
23 1 32
37 8 30
34 8 23
30 1 37
26 1 15
73 1 12
49 1 30
30 8 56
7 8 30
27 8 37
55 2 22
45 1 7
26 8 15
73 8 40
22 1 7
19 8 83
37 1 52
51 1 26
12 8 15
37 1 25
25 8 50
30 1 22
45 1 19
10 8 24
81 1 7
40 1 52
7 2 40
81 1 30
26 8 51
17 8 18
49 1 15
33 2 7
45 1 65
49 8 15
17 1 12
80 1 25
86 1 51
14 8 15
49 8 17
85 1 84
25 1 10
10 8 30
83 1 7
7 8 25
15 1 7
7 2 80
37 8 73
63 2 52
7 8 45
51 2 40
14 8 17
80 2 10
83 1 19
18 1 17
10 8 12
32 8 33
17 1 14
20 8 45
29 8 25
28 1 7
10 8 15
45 1 12
37 1 27
45 8 40
37 1 57
25 8 26
10 8 14
48 1 83
15 8 63
51 1 50
28 8 10
26 2 31
16 8 54
63 1 15
52 1 25
40 1 53
49 2 7
10 8 17
45 1 40
26 1 25
84 2 56
52 8 37
65 8 73
22 2 35
16 1 15
10 2 14
57 1 30
85 8 53
25 8 84
14 2 7
25 8 81
20 2 40
40 8 45
30 1 28
20 2 7
57 8 40
81 8 10
37 1 86
49 2 56
22 2 55
7 8 12
? 1 github_java_program_data/37/14.java

80 8 10
52 1 30
16 8 20
24 1 23
15 1 14
17 8 63
7 2 81
22 8 10
7 11 10
36 6 73
22 2 7
49 1 17
7 2 12
53 8 40
30 8 34
28 2 7
49 8 51
40 8 86
85 1 56
86 1 40
83 1 40
37 2 54
28 8 10
15 8 16
18 1 15
35 1 7
52 8 40
7 12 10
34 1 30
10 5 7
31 2 49
23 2 10
30 8 81
22 1 7
19 2 12
17 1 49
10 8 45
26 8 17
48 1 5
55 8 30
26 1 30
25 1 28
24 1 10
24 8 30
25 8 37
54 2 37
30 8 52
10 2 12
30 8 37
80 2 10
37 1 52
10 2 80
7 8 35
28 8 25
22 8 30
14 8 73
23 2 7
65 2 19
7 5 10
27 2 52
37 8 53
23 1 34
14 2 10
10 1 28
33 2 10
29 2 22
40 2 51
10 2 23
7 8 15
32 1 25
53 1 85
57 1 25
5 2 83
12 1 7
7 1 80
30 1 7
30 1 55
10 8 25
25 2 30
25 1 22
7 1 81
27 1 17
7 7 10
40 1 45
37 1 36
30 8 80
22 8 25
25 8 57
56 8 85
30 2 25
49 2 31
85 2 37
7 8 30
7 1 28
10 2 40
25 1 55
45 8 40
50 2 31
19 8 73
40 8 83
49 8 85
32 1 30
73 2 45
30 8 84
26 2 7
12 2 7
24 1 7
73 1 37
65 8 45
31 8 51
10 1 80
55 8 25
66 8 48
51 8 86
30 8 32
10 1 81
73 1 65
83 8 48
54 1 18
25 8 34
37 1 30
27 8 40
73 1 54
40 2 20
48 1 66
40 1 27
25 1 29
45 1 10
54 8 73
25 1 7
24 2 28
25 8 32
5 8 48
10 2 20
30 1 10
50 1 25
54 2 10
34 2 32
33 8 35
56 2 84
30 8 26
10 2 81
15 8 49
40 2 10
73 1 10
30 1 24
22 2 10
12 8 17
25 8 80
23 8 24
84 2 56
30 1 28
17 1 26
7 14 10
10 1 7
49 8 17
34 8 33
33 1 34
10 8 24
10 4 7
5 1 7
7 2 26
66 2 5
31 2 50
14 2 19
85 8 53
15 1 26
36 2 52
81 1 25
24 8 25
17 8 27
50 8 51
14 1 10
10 2 33
31 1 30
63 1 17
30 8 31
10 2 49
37 1 63
84 8 85
80 2 7
53 1 37
80 1 7
52 2 86
19 2 65
32 2 34
81 2 10
30 1 35
32 8 23
10 8 35
84 1 30
25 1 37
7 1 10
85 1 49
10 1 22
26 1 25
7 2 28
20 1 16
14 1 7
28 8 30
10 2 54
51 1 31
7 8 14
10 2 19
37 8 25
7 2 22
37 2 85
34 1 25
7 8 24
63 8 37
28 2 10
19 8 45
26 2 10
7 2 23
10 7 7
86 8 37
7 8 10
12 2 10
29 2 28
15 1 12
30 8 49
25 1 24
20 8 45
7 1 22
63 2 86
19 2 14
45 1 20
12 1 10
73 1 19
49 2 10
7 2 14
20 2 10
10 2 26
40 1 73
12 8 45
33 1 32
23 1 32
34 8 23
83 1 10
57 8 37
49 1 30
51 1 49
17 1 10
10 8 73
22 2 29
35 8 25
35 8 30
86 2 52
73 8 40
52 2 36
35 1 10
12 8 15
37 1 25
10 8 83
25 8 50
30 1 22
45 1 19
26 8 15
81 1 7
19 2 10
40 1 52
81 1 30
45 2 73
7 2 33
49 1 15
33 2 7
45 1 65
28 2 24
17 1 12
85 1 84
7 8 66
86 1 51
14 8 15
28 1 7
80 1 25
5 2 66
25 1 10
10 8 30
56 2 49
7 8 25
66 1 7
36 1 30
7 4 10
15 1 7
7 2 80
37 8 73
12 2 19
19 8 83
14 8 17
10 2 22
81 2 7
83 1 19
7 8 5
32 8 33
17 1 14
56 1 25
29 8 25
35 1 33
28 2 29
45 1 12
86 2 63
73 1 14
25 8 56
37 1 57
25 8 26
10 8 14
48 1 83
80 1 30
51 1 50
36 8 37
18 8 54
30 8 36
40 1 53
10 8 17
45 1 40
51 2 40
15 8 18
52 2 27
52 8 37
65 8 73
25 1 35
73 13 36
16 1 15
10 2 14
10 2 28
14 2 7
25 8 81
20 2 40
40 8 45
10 8 12
83 2 5
81 8 10
37 1 86
49 2 56
7 8 12
17 8 49
? 1 github_java_program_data/37/152.java

45 2 83
80 8 10
40 8 53
56 8 108
17 8 63
7 2 81
54 2 37
19 2 10
37 8 83
7 1 33
28 2 7
10 2 33
73 1 65
37 2 54
49 1 25
27 1 15
12 8 45
15 8 16
18 1 15
35 1 7
10 2 37
81 2 10
12 2 5
36 1 25
36 6 45
30 8 81
22 1 7
53 1 51
17 1 49
10 8 45
26 8 17
7 12 10
54 2 7
39 8 40
26 1 30
25 1 28
86 1 51
24 8 30
42 8 40
29 2 22
10 2 12
15 1 49
10 2 80
86 1 37
28 8 25
40 8 38
7 8 17
12 2 65
64 2 57
38 2 56
23 2 7
7 5 10
7 11 10
23 1 34
14 8 73
63 2 27
108 1 37
7 8 15
32 1 25
53 1 85
84 1 25
7 2 80
63 8 40
40 2 20
107 1 37
30 1 7
16 8 54
31 8 42
39 8 37
25 1 22
7 7 10
48 1 12
37 1 39
86 2 27
51 1 56
23 8 35
7 1 28
40 1 108
53 8 37
25 1 29
12 1 7
66 1 7
73 2 45
37 2 20
85 1 26
57 2 86
7 8 83
24 1 7
73 1 37
40 2 51
53 2 36
55 8 25
37 2 51
37 1 45
25 8 31
30 8 32
10 1 81
35 8 30
48 1 5
25 8 34
73 1 54
48 1 66
62 2 31
108 1 56
45 1 10
25 8 32
37 8 86
107 1 19
7 2 65
14 2 65
10 2 26
86 1 85
107 8 48
10 2 81
29 8 30
37 8 108
20 2 10
66 8 48
17 8 16
26 2 56
35 8 25
10 8 34
25 1 35
10 1 7
56 2 49
63 2 42
7 8 45
33 1 7
62 8 64
42 2 63
83 1 37
66 2 5
14 2 19
85 8 53
86 8 40
26 2 31
31 1 30
63 2 57
25 8 50
30 8 50
83 8 37
63 1 17
56 1 30
31 8 85
10 2 49
37 1 63
37 2 56
31 2 38
51 2 37
18 2 16
5 2 66
30 1 35
22 8 25
40 8 62
10 8 35
5 2 107
7 1 10
85 1 49
10 1 22
50 2 56
24 1 33
30 8 56
26 8 15
10 2 54
30 8 57
84 1 30
7 8 14
7 8 32
10 5 7
57 2 39
7 2 22
34 2 32
28 2 10
7 4 10
37 8 107
7 8 10
12 2 10
29 2 28
10 8 14
12 2 19
36 6 73
39 1 25
19 2 14
15 1 10
12 1 10
64 1 31
30 8 31
49 2 10
65 2 12
27 2 53
57 2 53
27 2 42
33 1 32
12 8 17
34 8 23
39 6 45
26 1 15
73 1 12
10 8 73
25 8 57
7 8 30
31 1 25
22 2 29
55 2 22
45 1 7
40 1 86
84 2 31
51 1 26
72 8 37
22 2 24
45 1 19
55 8 30
81 1 7
37 1 53
26 8 85
81 1 30
45 2 73
7 2 33
49 1 15
33 2 7
37 8 38
107 1 10
85 1 84
7 8 66
24 1 10
14 8 15
14 2 7
37 2 10
80 1 25
39 6 73
25 1 10
10 8 30
83 1 7
7 8 25
27 2 57
62 1 37
24 2 28
7 2 54
65 8 83
45 13 39
14 8 17
36 2 57
56 2 37
7 8 73
10 4 7
54 2 10
17 1 14
62 1 40
5 1 7
30 8 36
65 2 14
45 1 12
50 1 30
42 1 56
73 1 10
17 8 26
80 1 7
15 8 63
80 1 30
50 8 51
39 2 53
55 2 28
52 2 57
18 8 54
18 8 20
40 1 53
10 8 17
45 1 40
26 1 25
15 8 18
64 2 27
35 2 28
38 2 31
53 2 52
16 1 15
10 2 14
57 1 30
27 2 64
22 2 35
25 8 36
10 8 12
27 2 86
57 2 36
57 8 40
81 8 10
51 2 40
17 8 49
40 1 36
49 1 17
38 8 42
30 8 26
16 8 20
53 1 40
15 1 14
22 8 10
28 2 55
57 2 27
22 2 7
15 1 7
7 2 12
53 8 40
7 2 28
10 8 107
63 2 108
12 2 7
49 8 51
35 2 22
20 2 40
72 2 27
53 2 27
52 2 53
52 8 40
34 1 30
34 1 10
23 2 10
7 8 12
30 1 24
25 8 80
38 1 37
73 8 37
54 1 16
10 2 23
73 1 7
31 2 62
30 8 52
56 2 40
57 2 63
80 2 10
37 1 52
57 8 37
19 8 107
7 8 35
72 2 63
38 1 40
22 8 30
10 1 28
27 2 108
27 2 52
37 8 53
10 2 28
40 2 85
35 1 23
16 1 17
12 8 73
25 8 49
31 2 26
28 2 24
37 1 64
12 1 7
108 2 63
7 1 80
45 1 37
30 1 55
10 8 25
28 1 7
62 2 56
40 2 56
7 1 81
31 2 49
57 2 64
86 2 52
56 8 72
30 8 80
26 2 10
7 2 20
15 8 27
15 8 26
52 2 86
56 1 25
25 1 55
50 2 31
39 2 57
49 8 85
29 8 25
30 8 84
26 2 7
31 8 51
10 1 80
24 2 22
7 8 34
12 8 48
108 8 40
32 8 23
33 2 10
28 8 10
52 2 39
30 1 29
54 1 18
28 2 29
57 2 52
64 8 40
27 8 40
16 2 18
56 2 38
32 1 7
5 2 12
85 2 40
85 8 86
86 2 63
37 8 45
54 8 73
56 8 42
10 2 20
72 1 40
40 8 72
85 2 37
50 1 25
37 1 27
42 1 31
64 1 56
25 8 56
37 1 83
56 2 50
22 2 10
23 1 32
85 1 31
26 1 17
33 8 24
17 1 26
7 14 10
45 1 14
30 1 28
34 8 33
33 1 34
81 2 7
34 1 7
57 1 25
7 2 26
73 13 39
42 2 27
51 8 53
37 2 7
27 1 17
81 1 25
24 8 25
17 8 27
37 1 42
52 1 30
36 2 53
36 8 40
20 2 37
14 1 10
84 8 85
80 2 7
53 1 37
37 1 36
40 1 63
32 2 34
27 2 72
51 8 86
17 8 18
30 8 39
83 2 45
30 1 10
15 8 49
17 1 7
20 1 18
20 1 16
14 1 7
28 8 30
25 8 52
10 2 19
56 2 26
51 1 31
63 8 37
7 2 14
64 8 37
34 1 25
7 8 24
63 2 64
7 2 49
40 1 64
52 2 36
10 7 7
40 1 39
40 1 57
15 1 12
30 8 49
25 1 24
20 8 45
37 1 72
63 2 86
31 2 84
25 8 26
31 2 50
49 2 31
14 8 45
52 2 27
23 8 10
27 2 63
45 13 36
19 8 45
49 1 30
17 1 10
27 8 37
73 13 36
37 1 73
37 2 85
35 1 10
10 1 23
42 8 37
12 8 15
19 2 12
49 2 7
30 1 22
10 8 24
72 1 56
40 1 52
5 8 48
26 8 51
32 8 33
37 8 62
49 8 15
17 1 12
51 1 49
45 8 37
64 2 63
28 2 35
49 8 17
7 2 37
36 1 30
108 2 27
63 2 72
42 1 38
37 8 73
65 2 7
83 1 65
10 2 22
56 8 64
40 8 45
53 2 39
14 2 10
31 8 64
18 1 17
7 8 5
86 2 57
15 1 26
25 1 7
52 2 42
32 1 30
30 8 34
10 8 15
42 2 52
48 1 107
73 1 14
7 1 22
37 1 57
40 1 27
7 2 23
36 2 52
51 1 50
53 2 57
36 8 37
63 1 15
52 1 25
25 8 39
45 1 20
64 1 62
52 8 37
56 2 62
65 8 73
40 1 42
39 1 30
56 8 51
25 8 84
25 8 81
39 2 52
107 2 5
20 2 7
49 2 56
22 2 55
7 8 12
? 1 github_java_program_data/37/155.java

80 8 10
40 8 53
24 1 23
17 8 63
7 2 81
17 1 7
37 8 83
10 8 12
28 2 7
12 2 83
39 6 45
73 1 40
85 1 56
5 8 48
27 1 15
15 8 16
35 1 7
81 2 10
12 2 5
10 5 7
30 8 81
22 1 7
53 1 51
17 1 49
54 2 7
39 8 40
25 1 28
24 8 30
42 8 40
10 2 12
86 1 37
28 8 25
7 8 17
12 2 65
38 2 56
23 2 7
7 5 10
7 11 10
23 1 34
14 8 73
40 8 73
7 8 15
32 1 25
84 1 25
7 2 80
64 8 40
56 2 38
30 1 7
16 8 54
56 2 50
39 8 37
25 1 22
48 1 12
37 1 39
51 1 56
23 8 35
7 1 28
53 8 37
45 8 37
73 2 45
35 1 33
7 8 83
24 1 7
37 8 38
37 1 45
25 8 31
30 8 32
10 1 81
36 1 25
48 1 5
25 8 34
73 1 54
28 2 22
48 1 66
62 2 31
25 1 29
25 8 32
25 1 7
37 8 86
10 2 26
56 8 42
19 2 14
10 2 81
29 8 30
66 8 48
26 2 56
35 8 25
10 8 34
25 1 35
10 1 7
56 2 49
7 8 45
62 8 64
83 1 37
66 2 5
14 2 19
86 8 40
31 1 30
30 8 50
31 2 62
56 1 30
55 8 25
52 2 36
52 2 86
22 2 28
18 2 16
56 2 84
30 1 35
32 8 23
40 8 62
10 8 35
7 1 10
85 1 49
10 1 22
50 2 56
35 2 22
30 8 56
38 1 37
30 8 57
56 2 26
7 8 14
7 8 32
12 1 10
33 8 10
28 2 10
7 8 10
12 2 10
28 2 35
7 1 22
55 2 28
45 1 20
12 1 10
73 1 19
30 8 31
65 2 12
33 1 32
12 8 17
34 8 23
57 8 37
63 2 86
25 8 57
7 8 30
31 1 25
22 2 29
55 2 22
35 8 30
26 8 15
7 2 19
40 1 86
83 2 12
51 1 26
14 1 10
22 2 24
55 8 30
81 1 7
37 1 53
81 1 30
45 2 73
7 2 33
49 1 15
45 1 65
7 7 10
85 1 84
73 1 7
14 8 15
14 2 7
5 2 66
25 1 10
10 8 30
83 1 7
7 8 25
40 2 54
7 4 10
24 2 28
19 8 83
45 13 39
14 8 17
7 8 73
10 4 7
17 1 14
62 1 40
73 13 36
28 1 7
16 2 18
50 1 30
42 1 56
25 8 26
10 8 14
52 1 30
20 2 37
18 8 54
18 8 20
7 2 14
10 8 17
35 2 28
38 2 31
16 1 15
31 2 38
57 1 30
64 2 52
25 8 36
10 8 12
57 8 40
81 8 10
51 2 40
10 8 5
40 1 36
24 2 22
38 8 42
16 8 20
53 1 40
15 1 14
22 8 10
28 2 55
22 2 7
15 1 7
7 2 12
36 6 73
12 2 7
52 2 57
33 2 7
19 2 7
53 2 27
42 2 64
52 8 40
52 2 64
34 1 30
34 1 10
23 2 10
30 1 24
27 2 53
73 8 37
54 1 16
10 2 23
24 1 10
63 1 17
30 8 52
37 1 52
34 2 32
7 8 35
5 1 10
39 1 25
22 8 30
10 1 28
27 2 52
83 1 19
10 2 28
35 1 23
40 2 51
28 2 24
12 1 7
45 1 37
30 1 55
10 8 25
7 1 81
86 2 52
15 1 10
26 2 10
7 2 20
15 8 27
7 12 10
30 1 29
25 1 55
10 2 14
19 8 73
49 8 85
48 1 83
29 8 25
54 2 40
65 8 45
10 1 80
30 8 36
12 8 48
33 2 10
28 8 10
83 8 48
54 1 18
10 8 15
57 2 52
63 8 40
37 2 20
32 1 7
5 2 12
85 8 86
37 8 45
54 8 73
86 1 85
10 8 66
85 2 37
37 1 27
42 1 31
33 8 35
22 8 25
31 8 42
22 2 10
23 1 32
17 8 26
23 8 24
26 1 17
7 2 54
7 14 10
34 8 33
33 1 34
81 2 7
64 2 42
57 1 25
51 8 53
37 2 7
15 1 26
45 1 12
81 1 25
24 8 25
10 2 33
37 1 42
50 8 51
36 8 40
39 2 53
66 1 10
84 8 85
80 2 7
37 1 36
52 2 63
40 1 63
32 2 34
17 8 18
7 2 22
30 1 10
15 8 49
26 1 25
7 2 28
20 1 16
14 1 7
28 8 30
25 8 52
22 2 35
25 8 39
34 1 25
7 8 24
7 2 49
40 1 64
56 8 85
10 7 7
84 2 56
40 1 39
40 1 57
15 1 12
30 8 49
25 1 24
20 8 45
10 1 33
12 8 45
64 1 62
25 8 84
49 1 30
17 1 10
27 8 37
37 1 73
37 2 85
35 1 10
42 8 37
12 8 15
49 2 7
30 1 22
10 8 24
40 1 52
26 8 51
32 8 33
20 1 18
17 1 12
29 2 28
49 8 17
7 2 37
36 1 30
42 1 38
63 2 52
10 2 22
53 2 39
14 2 10
31 8 64
18 1 17
30 1 28
56 1 25
52 2 42
32 1 30
30 8 34
28 2 29
42 2 52
86 2 63
73 1 14
25 8 56
37 1 57
7 2 23
36 2 52
51 1 50
36 8 37
52 1 25
29 2 22
52 2 27
52 8 37
40 1 42
56 8 51
45 1 7
25 8 81
64 1 31
20 2 7
49 2 56
22 2 55
7 8 12
? 1 github_java_program_data/37/200.java

80 8 10
40 8 53
24 1 23
7 2 81
54 2 37
17 1 7
19 2 10
37 8 83
28 2 7
83 8 48
45 1 10
49 1 25
15 8 16
18 1 15
35 1 7
10 2 37
81 2 10
30 8 81
22 1 7
53 1 51
10 8 45
26 8 17
54 2 7
55 8 30
26 1 30
25 1 28
86 1 51
24 8 30
30 1 28
10 2 12
15 1 49
30 8 37
10 2 80
28 8 25
53 1 40
23 2 7
7 5 10
7 11 10
23 1 34
14 8 73
63 2 27
7 8 15
53 1 85
7 2 80
63 8 40
40 2 20
30 1 7
16 8 54
56 2 50
39 8 37
25 1 22
27 1 17
37 1 39
51 1 56
49 2 31
7 1 28
53 8 37
45 8 37
66 1 7
73 2 45
35 1 33
57 2 86
24 1 7
73 1 37
53 2 36
37 8 38
37 1 45
25 8 31
30 8 32
10 1 81
36 1 25
55 8 25
25 8 34
37 1 30
73 1 54
48 1 66
25 1 29
73 1 65
36 6 45
10 2 26
10 2 81
29 8 30
20 2 10
10 2 23
17 8 16
35 8 25
19 2 12
10 1 7
56 2 49
63 2 42
10 8 24
10 4 7
42 2 63
83 1 37
14 2 19
85 8 53
31 1 30
25 8 50
30 8 50
56 1 30
31 8 85
37 1 63
37 2 54
7 12 10
19 2 65
18 2 16
22 8 25
10 8 35
7 1 10
85 1 49
10 1 22
50 2 56
30 8 56
38 1 37
84 1 30
7 8 14
10 2 19
37 8 25
28 2 10
86 8 37
7 8 10
12 2 10
28 2 35
12 2 19
28 8 30
7 1 22
81 1 30
45 1 20
12 1 10
73 1 19
66 2 83
83 2 66
7 8 17
33 1 32
66 8 48
30 2 25
49 1 15
25 8 57
7 8 30
31 1 25
22 2 29
55 2 22
84 2 31
10 8 83
14 1 10
22 2 24
45 1 19
81 1 7
37 1 53
19 2 14
45 2 73
7 2 33
57 8 37
45 1 65
7 7 10
85 1 84
7 8 66
73 1 7
14 8 15
14 2 7
37 2 10
39 6 73
25 1 10
10 8 30
7 8 25
34 8 23
7 4 10
33 2 7
19 8 83
14 8 17
7 8 73
31 2 49
17 1 14
16 2 18
50 1 30
10 8 14
85 1 31
80 1 7
15 8 63
80 1 30
50 8 51
39 2 53
18 8 54
18 8 20
7 2 14
10 8 17
45 1 40
53 2 63
15 8 18
35 2 28
38 2 31
16 1 15
31 2 38
20 2 40
40 8 45
25 1 35
57 8 40
81 8 10
51 2 40
17 8 49
40 1 36
49 1 17
24 2 22
38 8 42
16 8 20
22 8 30
15 1 14
22 8 10
28 2 55
22 2 7
7 2 12
53 8 40
12 2 7
49 8 51
40 8 86
24 2 28
86 1 40
53 2 27
52 8 40
34 1 30
10 5 7
23 2 10
30 1 24
83 1 10
27 2 53
73 8 37
54 1 16
24 1 10
25 8 37
30 8 31
34 2 32
7 8 35
39 1 30
10 1 28
65 2 19
27 2 52
37 8 53
83 1 19
10 2 28
84 8 85
16 1 17
40 2 51
25 8 49
28 2 24
12 1 7
7 1 80
30 1 55
10 8 25
7 1 81
15 1 10
30 8 80
26 2 10
25 1 55
19 8 73
49 8 85
48 1 83
29 8 25
30 8 84
26 2 7
65 8 45
10 1 80
30 8 34
32 8 23
28 8 10
30 1 29
54 1 18
10 8 15
45 1 12
20 8 45
54 8 73
10 2 20
85 2 37
50 1 25
42 1 31
33 8 35
30 8 26
31 8 42
22 2 10
12 8 17
25 8 26
23 8 24
20 1 18
17 1 26
7 14 10
34 8 33
33 1 34
81 2 7
57 1 25
7 2 26
73 13 39
51 8 53
15 1 26
81 1 25
24 8 25
17 8 27
37 1 42
36 2 53
36 8 40
7 2 22
33 2 10
80 2 7
53 1 37
37 1 36
52 2 63
40 1 63
32 2 34
51 8 86
27 8 40
55 2 28
25 1 37
30 1 10
23 1 32
15 8 49
26 1 25
7 2 28
20 1 16
14 1 7
10 2 33
25 8 52
30 8 39
63 8 37
40 1 53
34 1 25
7 8 24
7 2 49
19 8 45
10 7 7
25 8 81
40 1 57
15 1 12
80 2 10
25 1 24
25 1 7
31 2 84
12 8 45
27 2 63
49 1 30
63 2 53
17 1 10
37 1 73
37 2 85
35 1 10
42 8 37
12 8 15
37 1 25
49 2 7
30 1 22
26 8 15
40 1 52
10 2 14
32 8 33
49 8 15
17 1 12
51 1 49
29 2 28
28 1 7
42 1 38
37 8 73
63 2 52
10 2 22
25 8 36
53 2 39
14 2 10
10 8 12
86 2 57
56 1 25
32 1 30
25 2 30
28 2 29
73 1 14
25 8 56
37 1 57
40 1 27
7 2 23
51 1 50
36 8 37
63 1 15
52 1 25
29 2 22
52 2 27
45 13 36
65 8 73
30 8 49
56 8 51
7 2 54
15 1 7
37 1 86
49 2 56
22 2 55
7 8 12
? 1 github_java_program_data/37/213.java

80 8 10
40 8 53
24 1 23
7 2 81
54 2 37
19 2 10
43 1 37
28 2 7
85 1 56
37 2 54
15 8 16
35 1 7
81 2 10
30 8 81
22 1 7
53 1 51
10 8 45
26 8 17
54 2 7
55 8 30
26 1 30
25 1 28
86 1 51
24 8 30
42 8 40
41 2 38
10 2 12
15 1 49
30 8 37
10 2 80
86 1 37
28 8 25
64 1 43
40 8 38
7 8 17
7 4 10
22 8 10
7 5 10
7 11 10
23 1 34
10 1 28
63 2 27
7 8 15
32 1 25
53 1 85
84 1 25
7 2 80
64 8 40
30 1 7
31 8 42
25 1 22
40 1 45
51 1 56
49 2 31
7 1 28
53 8 37
27 8 37
66 1 7
73 2 45
35 1 33
57 2 86
24 1 7
73 1 37
40 2 51
55 8 25
37 2 51
25 8 31
30 8 32
10 1 81
25 8 34
37 1 30
73 1 54
57 2 52
48 1 66
62 2 31
25 1 29
73 1 65
25 8 32
30 1 40
37 8 86
40 1 25
10 2 26
10 2 81
29 8 30
20 2 10
66 8 48
26 2 56
35 8 25
19 2 12
10 1 7
56 2 49
62 8 64
85 8 53
31 1 30
42 1 41
30 8 50
10 2 33
31 2 62
56 1 30
31 8 85
10 2 49
37 1 63
31 2 38
51 2 37
19 2 65
18 2 16
56 2 84
30 1 35
22 8 25
40 8 62
10 8 35
7 1 10
85 1 49
10 1 22
50 2 56
30 8 56
30 8 57
84 1 30
42 1 38
10 2 19
37 8 25
27 2 63
86 8 37
7 8 10
12 2 10
45 1 10
12 2 19
62 2 43
45 8 40
55 2 28
45 1 20
83 1 10
64 1 31
30 8 31
49 2 10
83 2 66
22 2 10
40 1 73
33 1 32
12 8 17
18 8 54
30 2 25
26 1 15
73 1 12
25 8 57
7 8 30
31 1 25
22 2 29
55 2 22
35 8 30
73 8 40
84 2 31
51 1 26
10 8 83
14 1 10
45 1 19
81 1 7
37 1 53
81 1 30
45 2 73
7 2 33
57 8 37
45 1 65
7 7 10
41 1 37
85 1 84
7 8 66
14 8 15
14 2 7
51 1 49
25 1 10
10 8 30
53 2 52
7 8 25
34 8 23
27 2 57
33 2 7
7 2 54
19 8 83
14 8 17
43 8 64
81 2 80
10 4 7
31 2 49
17 1 14
62 1 40
40 2 85
16 2 18
50 1 30
37 1 27
85 1 31
10 8 14
15 8 63
80 1 30
52 1 30
20 2 37
37 1 52
7 2 14
10 8 17
26 1 25
35 2 28
38 2 31
16 1 15
10 2 14
57 1 30
23 2 7
25 1 35
57 8 40
81 8 10
51 2 40
17 8 49
49 1 17
41 8 42
81 1 25
16 8 20
53 1 40
15 1 14
30 8 40
28 2 55
57 2 27
22 2 7
7 2 12
12 2 7
49 8 51
52 2 57
83 1 40
40 1 30
53 2 27
7 8 14
52 8 40
34 1 30
10 5 7
30 1 24
25 8 80
27 2 53
54 1 16
73 1 7
25 8 37
30 8 52
56 2 50
80 2 10
16 8 54
34 2 32
7 8 35
38 1 40
22 8 30
85 2 40
65 2 19
56 1 25
14 2 10
10 2 28
66 2 83
33 2 10
12 8 73
7 8 73
12 1 7
7 1 80
45 1 37
30 1 55
10 8 25
7 1 81
17 8 18
30 8 80
26 2 10
56 8 85
84 2 56
25 8 40
15 8 26
7 12 10
30 1 29
25 1 55
50 2 31
19 8 73
49 8 85
48 1 83
29 8 25
30 8 84
26 2 7
65 8 45
31 8 51
10 1 80
30 8 34
32 8 23
28 8 10
83 8 48
54 1 18
10 8 15
80 2 81
86 2 53
37 2 20
85 8 86
37 8 45
54 8 73
86 1 85
10 2 20
85 2 37
40 8 30
42 1 31
33 8 35
30 8 26
25 8 56
53 2 86
40 2 10
73 1 19
37 8 41
23 1 32
25 8 26
23 8 24
37 8 43
17 1 26
7 14 10
28 2 35
34 8 33
33 1 34
81 2 7
57 1 25
20 1 16
31 2 50
51 8 53
27 1 17
45 1 12
38 8 42
24 8 25
17 8 27
50 8 51
84 8 85
80 2 7
80 1 7
52 2 63
32 2 34
51 8 86
15 1 10
7 2 22
25 1 37
30 1 10
15 8 49
17 1 7
7 2 28
7 2 26
14 1 7
28 8 30
25 8 52
56 2 26
51 1 31
63 8 37
34 1 25
7 8 24
7 2 49
40 1 64
10 7 7
40 1 57
15 1 12
10 2 22
25 1 24
20 8 45
31 2 84
38 2 41
12 8 45
28 2 10
19 8 45
49 1 30
17 1 10
40 8 83
10 2 40
37 2 85
35 1 10
49 1 15
12 8 15
37 1 25
49 2 7
30 1 22
26 8 15
40 1 52
26 8 51
32 8 33
49 8 15
17 1 12
80 1 25
29 2 28
28 1 7
25 8 81
37 8 73
63 2 52
30 8 49
30 1 28
83 1 19
31 8 64
52 2 53
18 1 17
10 8 12
86 2 57
15 1 26
25 1 7
32 1 30
25 2 30
28 2 29
7 1 22
37 1 57
7 2 23
51 1 50
63 1 15
52 1 25
29 2 22
64 1 62
52 8 37
12 1 10
65 8 73
40 1 42
56 8 51
25 8 84
15 1 7
37 1 86
49 2 56
22 2 55
7 8 12
43 2 62
? 1 github_java_program_data/37/250.java

80 8 10
83 2 66
40 8 53
24 1 23
7 2 81
17 1 7
19 2 10
30 8 34
28 2 7
39 6 45
73 1 40
85 1 56
49 1 25
27 1 15
14 8 45
18 1 15
35 1 7
81 2 10
30 8 81
22 1 7
53 1 51
17 1 49
10 8 45
26 8 17
7 12 10
39 8 40
26 1 30
25 1 28
86 1 51
24 8 30
42 8 40
29 2 22
10 2 12
15 1 49
30 8 37
10 2 80
86 1 37
28 8 25
27 2 45
7 8 17
12 2 65
23 2 7
7 5 10
7 11 10
23 1 34
14 8 73
63 2 27
40 8 73
7 8 15
32 1 25
53 1 85
7 2 80
63 8 40
40 2 20
62 2 56
30 1 7
31 8 42
39 8 37
25 1 22
40 1 45
37 1 39
7 1 28
53 8 37
27 8 37
66 1 7
73 2 45
35 1 33
24 1 7
55 8 25
37 2 51
25 8 31
30 8 32
10 1 81
36 1 25
25 8 34
37 1 30
73 1 54
28 2 22
48 1 66
25 1 29
45 1 10
25 8 32
45 2 27
37 8 86
14 2 65
12 8 17
19 2 14
10 2 81
29 8 30
20 2 10
10 2 23
17 8 16
63 2 86
35 8 25
10 1 7
56 2 49
7 8 45
10 8 24
62 8 64
14 2 19
85 8 53
86 8 40
31 1 30
30 8 50
10 2 33
36 6 73
30 8 31
10 2 49
52 2 36
51 2 37
19 2 65
18 2 16
56 2 84
64 1 56
40 8 62
10 8 35
7 1 10
85 1 49
10 1 22
30 8 36
38 1 37
10 2 54
30 8 57
84 1 30
7 8 14
10 2 19
37 8 25
28 2 10
7 8 10
12 2 10
29 2 28
39 1 25
55 2 28
45 1 20
25 8 80
49 2 10
65 2 12
40 1 73
33 1 32
66 8 48
30 2 25
7 2 33
45 1 65
10 8 73
25 8 57
7 8 30
31 1 25
22 2 29
55 2 22
45 1 7
73 8 40
40 1 86
53 1 40
51 1 26
10 8 83
14 1 10
26 1 17
22 2 24
45 1 19
55 8 30
81 1 7
37 1 53
81 1 30
45 2 73
57 8 37
37 8 38
7 7 10
15 1 65
85 1 84
7 8 66
15 1 10
45 13 39
14 8 15
14 2 7
25 1 10
10 8 30
53 2 52
7 8 25
34 8 23
7 4 10
33 2 7
33 1 34
14 8 17
10 2 26
10 4 7
17 1 14
62 1 40
73 13 36
49 8 17
40 2 85
45 1 12
37 2 20
50 1 30
37 1 27
73 1 10
17 8 26
10 8 14
15 8 63
80 1 30
50 8 51
39 2 53
26 2 31
18 8 54
18 8 20
7 2 14
10 8 17
45 1 40
53 2 63
15 8 18
35 2 28
38 2 31
31 2 38
57 1 30
25 8 36
25 1 35
57 8 40
81 8 10
17 8 49
40 1 36
49 1 17
81 1 25
16 8 20
22 8 30
15 1 14
22 8 10
28 2 55
22 2 7
15 1 7
7 2 12
53 8 40
12 2 7
52 2 57
20 2 40
83 1 40
53 2 27
42 2 64
52 2 53
52 8 40
34 1 30
10 5 7
23 2 10
30 1 24
83 1 10
27 2 53
54 1 16
24 1 10
25 8 37
30 8 52
16 8 54
34 2 32
7 8 35
39 1 30
10 1 28
65 2 19
56 1 25
30 8 39
27 2 52
37 8 53
14 2 10
10 2 28
33 2 10
16 1 17
25 8 49
31 2 26
28 2 24
12 1 7
7 1 80
45 1 37
30 1 55
10 8 25
7 1 81
86 2 52
80 1 7
30 8 80
22 8 25
56 8 85
15 8 27
52 2 86
30 1 29
25 1 55
7 1 22
22 2 28
50 2 31
19 8 73
49 8 85
32 1 30
30 8 84
26 2 7
54 2 40
65 8 45
31 8 51
10 1 80
24 2 22
32 8 23
28 8 10
83 8 48
54 1 18
28 2 29
57 2 52
64 8 40
16 2 18
85 2 40
37 8 45
54 8 73
54 2 10
10 2 20
42 1 31
33 8 35
30 8 26
25 8 56
65 2 14
40 2 10
73 1 19
22 2 10
23 1 32
25 8 26
23 8 24
20 1 18
17 1 26
7 14 10
45 1 14
30 1 28
34 8 33
19 8 83
81 2 7
64 2 42
57 1 25
20 1 16
31 2 50
51 8 53
27 1 17
38 8 42
17 8 27
52 1 30
36 8 40
20 2 37
84 8 85
80 2 7
53 1 37
37 1 36
40 1 63
32 2 34
51 8 86
27 8 40
7 2 22
25 1 37
30 1 10
26 1 25
7 2 28
7 2 26
14 1 7
28 8 30
25 8 52
51 1 31
26 2 10
40 1 53
34 1 25
7 8 24
63 2 64
7 2 49
19 8 45
7 2 20
7 2 23
10 7 7
84 2 56
40 1 39
65 8 15
40 1 57
15 1 12
80 2 10
20 8 45
56 2 62
12 8 45
64 1 62
27 2 63
40 1 64
49 1 30
63 2 53
17 1 10
40 8 83
10 2 40
35 1 10
10 2 14
12 8 15
37 1 25
49 2 7
30 1 22
26 8 15
40 1 52
26 8 51
32 8 33
49 8 15
17 1 12
80 1 25
64 2 63
28 2 35
28 1 7
36 1 30
42 1 38
24 2 28
10 2 22
56 8 64
40 8 45
53 2 39
83 1 19
10 8 12
15 1 26
25 1 7
29 8 25
25 2 30
10 8 15
86 2 63
73 1 14
45 8 40
37 1 57
40 1 27
48 1 83
36 2 52
51 1 50
36 8 37
63 1 15
52 1 25
25 8 39
52 2 27
12 1 10
40 1 42
30 8 49
25 8 81
40 2 54
20 2 7
49 2 56
22 2 55
7 8 12
66 2 83
? 1 github_java_program_data/37/27.java

80 8 10
30 8 81
24 1 23
7 2 81
36 2 63
23 1 32
19 2 10
37 8 83
28 2 7
39 6 45
73 1 40
85 1 56
49 1 25
27 1 15
12 8 45
15 8 16
18 1 15
35 1 7
10 2 37
81 2 10
22 1 7
53 1 51
17 1 49
10 8 45
26 8 17
54 2 7
39 8 40
26 1 30
25 1 28
86 1 51
24 8 30
42 8 40
29 2 22
10 2 12
15 1 49
10 2 80
86 1 37
28 8 25
40 8 38
7 8 17
64 2 57
23 2 7
7 5 10
7 11 10
23 1 34
14 8 73
7 2 33
63 2 27
40 8 73
36 6 73
57 2 64
7 8 15
32 1 25
53 1 85
84 1 25
7 2 80
63 8 40
40 2 20
62 2 56
30 1 7
16 8 54
31 8 42
39 8 37
25 1 22
41 1 40
37 1 39
86 2 27
51 1 56
49 2 31
7 1 28
45 8 37
66 1 7
73 2 45
35 1 33
85 1 26
57 2 86
24 1 7
37 8 38
37 2 51
37 1 45
25 8 31
30 8 32
10 1 81
36 1 25
55 8 25
25 8 34
73 1 54
48 1 66
62 2 31
25 1 29
45 1 10
25 8 32
37 8 86
41 2 62
83 8 48
54 2 10
19 2 14
10 2 81
29 8 30
20 2 10
66 8 48
17 8 16
26 2 56
35 8 25
25 1 35
41 8 64
10 1 7
56 2 49
63 2 42
7 8 45
62 8 64
42 2 63
83 1 37
14 2 19
85 8 53
86 8 40
26 2 31
31 1 30
30 8 50
10 2 33
31 2 62
56 1 30
36 6 45
10 2 49
37 1 63
31 2 38
51 2 37
19 2 65
18 2 16
56 2 84
30 1 35
22 8 25
40 8 62
10 8 35
16 2 18
7 1 10
10 1 22
50 2 56
30 8 56
10 8 24
10 2 54
30 8 57
84 1 30
42 1 38
10 2 19
28 2 10
7 4 10
86 8 37
7 8 10
12 2 10
29 2 28
10 8 14
12 2 19
40 8 41
39 1 25
55 2 28
45 1 20
25 8 80
64 1 31
30 8 31
49 2 10
83 2 66
27 2 53
57 2 53
27 2 42
33 1 32
12 8 17
34 8 23
26 1 15
63 2 86
25 8 57
7 8 30
31 1 25
22 2 29
55 2 22
45 1 7
40 1 86
51 1 26
10 8 83
14 1 10
22 2 24
45 1 19
55 8 30
81 1 7
26 8 85
81 1 30
45 2 73
17 8 18
57 8 37
45 1 65
7 7 10
85 1 84
7 8 66
73 1 7
14 8 15
14 2 7
64 1 41
80 1 25
39 6 73
25 1 10
10 8 30
7 8 25
27 2 57
62 1 37
24 2 28
7 2 54
19 8 83
45 13 39
14 8 17
36 2 57
7 8 73
10 2 26
10 4 7
31 2 49
17 1 14
62 1 40
73 13 36
63 2 36
28 1 7
45 1 12
50 1 30
37 1 27
73 1 10
17 8 26
80 1 7
39 2 64
15 8 63
80 1 30
50 8 51
20 2 37
52 2 57
18 8 54
18 8 20
40 1 53
10 8 17
45 1 40
26 1 25
15 8 18
64 2 27
35 2 28
38 2 31
16 1 15
10 2 14
57 1 30
27 2 64
20 2 40
40 8 45
27 1 17
27 2 86
57 2 36
57 8 40
81 8 10
51 2 40
17 8 49
40 1 36
49 1 17
24 2 22
56 2 50
81 1 25
30 8 26
16 8 20
39 1 30
15 1 14
22 8 10
28 2 55
57 2 27
22 2 7
7 2 12
53 8 40
7 2 28
12 2 7
49 8 51
40 8 86
33 2 7
86 1 40
53 2 27
35 8 30
7 8 14
52 8 40
34 1 30
10 5 7
23 2 10
30 1 24
83 1 10
38 1 37
73 8 37
54 1 16
10 2 23
24 1 10
30 8 52
37 1 52
34 2 32
7 8 35
38 1 40
22 8 30
10 1 28
65 2 19
27 2 52
37 8 53
83 1 19
10 2 28
64 2 39
33 2 10
16 1 17
40 2 51
62 2 41
25 8 49
31 2 26
28 2 24
37 1 64
12 1 7
7 1 80
45 1 37
30 1 55
10 8 25
7 1 81
15 1 10
30 8 80
26 2 10
56 8 85
15 8 27
15 8 26
7 12 10
25 1 55
37 2 10
50 2 31
19 8 73
29 8 25
30 8 84
26 2 7
54 2 40
65 8 45
31 8 51
10 1 80
30 8 36
32 8 23
28 8 10
30 1 29
54 1 18
28 2 29
57 2 52
64 8 40
37 2 20
85 8 86
20 8 45
37 8 45
54 8 73
86 1 85
10 2 20
85 2 37
42 1 31
33 8 35
64 1 56
25 8 56
73 1 19
22 2 10
73 1 65
10 8 73
23 8 24
26 1 17
17 1 26
7 14 10
45 1 14
30 1 28
34 8 33
33 1 34
81 2 7
57 1 25
20 1 16
73 13 39
31 2 50
51 8 53
19 2 12
15 1 26
38 8 42
24 8 25
17 8 27
37 1 42
52 1 30
36 8 40
39 2 53
7 2 22
84 8 85
80 2 7
53 1 37
37 1 36
52 2 63
40 1 63
32 2 34
51 8 86
27 8 40
30 8 39
30 1 10
17 1 7
20 1 18
7 2 26
14 1 7
28 8 30
25 8 52
10 2 22
56 2 26
51 1 31
63 8 37
7 2 14
64 8 37
34 1 25
7 8 24
7 2 49
40 1 64
7 2 20
7 2 23
10 7 7
84 2 56
40 1 39
40 1 57
15 1 12
30 8 49
25 1 24
25 1 7
56 2 62
25 8 26
53 2 63
14 8 45
52 2 27
27 2 63
45 13 36
19 8 45
49 1 30
63 2 53
17 1 10
27 8 37
37 1 73
37 2 85
35 1 10
42 8 37
12 8 15
49 2 7
30 1 22
26 8 15
40 1 52
26 8 51
32 8 33
37 8 62
49 8 15
17 1 12
51 1 49
28 2 35
49 8 17
36 1 30
15 1 7
42 2 27
63 2 52
80 2 10
56 8 64
25 8 36
53 2 39
14 2 10
31 8 64
18 1 17
10 8 12
86 2 57
56 1 25
32 1 30
30 8 34
10 8 15
86 2 63
73 1 14
7 1 22
37 1 57
40 1 27
48 1 83
51 1 50
53 2 57
36 8 37
63 1 15
52 1 25
25 8 39
64 1 62
52 8 37
12 1 10
65 8 73
40 1 42
56 8 51
25 8 84
25 8 81
40 2 54
20 2 7
37 1 86
49 2 56
22 2 55
7 8 12
66 2 83
? 1 github_java_program_data/37/33.java

80 8 10
30 8 81
24 1 23
7 2 81
54 2 37
19 2 10
28 2 7
85 1 56
49 1 25
27 1 15
15 8 16
35 1 7
81 2 10
22 1 7
30 1 29
17 1 49
10 8 45
26 8 17
54 2 7
55 8 30
26 1 30
25 1 28
86 1 51
24 8 30
10 2 12
15 1 49
10 2 80
28 8 25
7 8 17
23 2 7
7 5 10
7 11 10
23 1 34
14 8 73
63 2 27
7 8 15
32 1 25
53 1 85
84 1 25
7 2 80
63 8 40
30 1 7
25 1 22
40 1 45
22 8 25
7 1 28
37 1 36
27 8 37
66 1 7
73 2 45
35 1 33
24 1 7
73 1 37
55 8 25
52 2 57
30 8 32
10 1 81
73 1 54
28 2 22
48 1 66
25 1 29
73 1 65
25 8 32
10 8 12
30 1 40
36 6 45
40 1 25
10 2 26
10 2 81
29 8 30
20 2 10
66 8 48
35 8 25
19 2 12
10 1 7
56 2 49
10 4 7
14 2 19
85 8 53
31 1 30
25 8 50
56 1 30
10 2 49
37 1 63
37 2 54
52 2 86
19 2 65
18 2 16
30 1 35
32 8 23
10 8 35
7 1 10
85 1 49
30 8 36
35 2 22
30 8 56
34 1 30
55 2 28
7 8 14
10 2 19
27 2 63
86 8 37
7 8 10
12 2 10
45 1 10
12 2 19
28 8 30
7 1 22
81 1 30
45 1 20
12 1 10
49 2 10
83 2 66
40 1 73
33 1 32
12 8 17
30 2 25
83 1 10
57 8 37
25 8 57
7 8 30
22 2 29
55 2 22
35 8 30
73 8 40
37 1 52
51 1 26
10 8 83
14 1 10
22 2 24
45 1 19
81 1 7
19 2 14
45 2 73
7 2 33
45 1 65
7 7 10
45 13 36
85 1 84
7 8 66
14 8 15
14 2 7
25 1 10
10 8 30
7 8 25
34 8 23
7 4 10
33 2 7
19 8 83
14 8 17
7 8 73
17 1 14
28 1 7
16 2 18
36 2 86
40 8 30
10 8 14
17 8 26
80 1 7
15 8 63
52 1 30
20 2 37
26 2 31
16 8 54
18 8 20
7 2 14
10 8 17
53 2 63
25 1 35
16 1 15
10 2 14
57 1 30
15 1 26
81 8 10
51 2 40
17 8 49
49 1 17
16 8 20
15 1 14
30 8 40
28 2 55
22 2 7
7 2 12
53 8 40
7 2 28
12 2 7
40 8 86
86 1 40
83 1 40
40 1 30
56 2 84
30 8 57
10 5 7
30 1 24
25 8 80
54 1 16
73 1 7
30 8 52
30 8 31
34 2 32
7 8 35
22 8 30
10 1 28
65 2 19
27 2 52
37 8 53
83 1 19
10 2 28
84 8 85
40 2 51
25 8 49
31 2 26
12 1 7
7 1 80
45 1 37
30 1 55
10 8 25
7 1 81
86 2 36
86 2 52
15 1 10
26 2 10
26 1 25
56 8 85
15 8 27
25 8 40
7 12 10
10 2 40
25 1 55
22 2 28
50 2 31
19 8 73
49 8 85
48 1 83
32 1 30
26 2 7
65 8 45
31 8 51
10 1 80
24 2 22
28 8 10
83 8 48
10 8 15
57 2 52
37 2 20
37 8 45
54 8 73
10 2 20
85 2 37
50 1 25
37 1 27
33 8 35
30 8 26
40 2 10
73 1 19
22 2 10
23 1 32
25 8 26
23 8 24
26 1 17
17 1 26
34 8 33
33 1 34
81 2 7
57 1 25
20 1 16
31 2 50
27 1 17
45 1 12
81 1 25
24 8 25
17 8 27
50 8 51
33 2 10
80 2 7
53 1 37
25 2 30
52 2 63
40 1 63
32 2 34
51 8 86
17 8 18
7 2 22
30 1 10
17 1 7
20 1 18
7 2 26
14 1 7
10 2 33
25 8 52
10 2 22
51 1 31
63 8 37
40 1 53
7 8 24
7 2 49
19 8 45
10 7 7
84 2 56
15 1 12
80 2 10
25 1 24
25 1 7
12 8 45
28 2 10
25 8 84
49 1 30
63 2 53
17 1 10
40 8 83
37 2 85
35 1 10
12 8 15
49 2 7
30 1 22
26 8 15
26 8 51
32 8 33
49 8 15
17 1 12
80 1 25
29 2 28
49 8 17
36 1 30
15 1 7
37 8 73
63 2 52
30 8 49
14 2 10
18 1 17
30 1 28
20 8 45
29 8 25
30 8 34
28 2 29
73 1 14
45 8 40
37 1 57
7 2 23
51 1 50
36 8 37
63 1 15
52 1 25
29 2 22
52 2 27
52 8 37
65 8 73
22 2 35
7 2 54
25 8 81
37 1 86
49 2 56
22 2 55
7 8 12
66 2 83
? 1 github_java_program_data/37/47.java

80 8 10
83 2 66
40 8 53
24 1 23
73 13 39
7 2 81
54 2 37
17 1 7
19 2 10
28 2 7
39 6 45
73 1 65
37 2 54
49 1 25
27 1 15
14 8 45
42 1 41
18 1 15
35 1 7
81 2 10
30 8 81
22 1 7
53 1 51
38 2 68
17 1 49
10 8 45
26 8 17
54 2 7
55 8 30
25 1 28
86 1 51
24 8 30
42 8 40
10 2 12
15 1 49
30 8 37
10 2 80
86 1 37
28 8 25
27 2 45
40 8 38
53 1 40
12 2 65
7 4 10
38 2 56
23 2 7
7 5 10
7 11 10
23 1 34
14 8 73
20 2 10
7 8 15
32 1 25
53 1 85
7 2 80
40 2 20
62 2 56
30 1 7
16 8 54
31 8 42
39 8 37
25 1 22
40 1 45
37 1 39
51 1 56
7 1 28
53 8 37
27 8 37
66 1 7
73 2 45
35 1 33
85 1 26
24 1 7
73 1 37
37 8 38
37 2 51
45 13 39
25 8 31
30 8 32
10 1 81
36 1 25
55 8 25
25 8 34
37 1 30
73 1 54
48 1 66
62 2 31
25 1 29
85 1 56
54 8 73
45 2 27
37 8 86
14 2 65
10 2 26
10 2 81
29 8 30
56 2 50
66 8 48
17 8 16
25 8 80
35 8 25
41 2 62
10 1 7
56 2 49
63 2 42
7 8 45
62 8 64
42 2 63
85 8 53
86 8 40
31 1 30
25 8 50
30 8 50
31 2 62
56 1 30
10 2 49
37 1 63
31 2 38
51 2 37
19 2 65
18 2 16
56 2 84
68 2 38
32 8 23
40 8 62
10 8 35
7 1 10
10 1 22
30 8 36
50 2 56
35 2 22
30 8 56
38 1 37
30 8 57
38 8 64
84 1 30
7 8 14
10 2 19
28 2 10
7 8 10
12 2 10
45 1 10
45 8 40
55 2 28
45 1 20
12 1 10
64 1 31
49 2 10
65 2 12
37 8 41
40 1 73
33 1 32
12 8 17
30 2 25
30 1 37
26 1 15
26 2 56
25 8 57
7 8 30
31 1 25
22 2 29
55 2 22
45 1 7
26 8 15
73 8 40
40 1 86
37 1 52
51 1 26
10 8 83
14 1 10
26 1 17
22 2 24
45 1 19
81 1 7
37 1 53
26 8 85
81 1 30
45 2 73
7 2 33
10 2 40
45 1 65
41 1 37
7 7 10
15 1 65
85 1 84
7 8 66
73 1 7
14 8 15
14 2 7
51 1 49
39 6 73
25 1 10
10 8 30
7 8 25
34 8 23
64 8 68
20 2 40
19 8 83
14 8 17
7 8 73
64 1 38
10 4 7
17 1 14
62 1 40
28 1 7
40 2 85
45 1 12
37 2 20
50 1 30
37 1 27
10 8 14
17 8 26
80 1 7
15 8 63
80 1 30
52 1 30
39 2 53
26 2 31
18 8 54
18 8 20
7 2 14
10 8 17
45 1 40
53 2 63
15 8 18
64 2 27
38 2 31
10 2 14
57 1 30
27 2 64
40 8 45
25 1 35
42 1 68
57 8 40
81 8 10
62 8 42
51 2 40
17 8 49
40 1 36
49 1 17
24 2 22
41 8 42
38 8 42
16 8 20
7 8 17
15 1 14
22 8 10
28 2 55
22 2 7
7 2 12
12 2 7
49 8 51
33 2 7
83 1 40
53 2 27
52 8 40
34 1 30
10 5 7
23 2 10
30 1 24
83 1 10
27 2 53
54 1 16
10 2 23
24 1 10
25 8 37
30 8 52
30 8 31
34 2 32
7 8 35
38 1 40
22 8 30
10 1 28
65 2 19
14 2 10
10 2 28
84 8 85
16 1 17
40 2 51
62 2 41
25 8 49
31 2 26
37 1 64
12 1 7
7 1 80
45 1 37
30 1 55
10 8 25
7 1 81
15 1 10
30 8 80
26 2 10
56 8 85
15 8 27
15 8 26
7 12 10
30 1 29
25 1 55
7 1 22
50 2 31
19 8 73
48 1 83
32 1 30
30 8 84
26 2 7
65 8 45
31 8 51
10 1 80
30 8 34
28 8 10
83 8 48
54 1 18
28 2 29
80 2 81
16 2 18
56 2 38
85 2 40
20 8 45
37 8 45
25 8 32
56 8 42
10 2 20
50 1 25
42 1 56
42 1 31
33 8 35
22 8 25
25 8 56
65 2 14
40 2 10
73 1 19
22 2 10
68 8 42
25 8 26
23 8 24
20 1 18
17 1 26
7 14 10
45 1 14
30 1 28
34 8 33
33 1 34
81 2 7
57 1 25
7 2 26
42 1 62
31 2 50
51 8 53
37 2 7
15 1 26
81 1 25
28 8 30
37 1 42
50 8 51
36 8 40
20 2 37
7 2 22
33 2 10
80 2 7
37 1 36
81 2 80
32 2 34
51 8 86
27 8 40
30 8 39
30 1 10
23 1 32
26 1 25
7 2 28
20 1 16
14 1 7
10 2 33
25 8 52
10 2 22
56 2 26
51 1 31
63 8 37
29 2 22
64 8 37
34 1 25
7 8 24
7 2 49
19 8 45
7 2 20
10 7 7
25 8 81
84 2 56
65 8 15
40 1 57
15 1 12
80 2 10
25 1 7
56 2 62
68 1 64
12 8 45
37 8 30
49 1 30
63 2 53
17 1 10
40 8 83
22 2 35
35 1 10
42 8 37
12 8 15
37 1 25
49 2 7
30 1 22
10 8 24
40 1 52
26 8 51
32 8 33
49 8 15
17 1 12
80 1 25
29 2 28
49 8 17
7 2 37
36 1 30
42 1 38
37 8 73
30 8 49
25 8 36
53 2 39
83 1 19
31 8 64
10 8 12
56 1 25
29 8 25
25 2 30
10 8 15
73 1 14
39 1 25
40 1 27
7 2 23
51 1 50
36 8 37
63 1 15
52 1 25
25 8 39
64 1 62
52 8 37
65 8 73
40 1 42
39 1 30
56 8 51
7 2 54
15 1 7
20 2 7
49 2 56
22 2 55
7 8 12
66 2 83
? 1 github_java_program_data/37/64.java

80 8 10
30 8 81
24 1 23
7 2 81
54 2 37
17 8 26
19 2 10
37 8 83
28 2 7
39 6 45
73 1 40
45 1 10
80 1 7
37 2 54
49 1 25
27 1 15
15 8 16
18 1 15
35 1 7
10 2 37
81 2 10
22 1 7
53 1 51
17 1 49
10 8 45
26 8 17
54 2 7
39 8 40
26 1 30
25 1 28
86 1 51
24 8 30
30 1 28
41 2 38
10 2 12
15 1 49
30 8 37
10 2 80
28 8 25
40 8 38
7 8 17
12 2 65
23 2 7
7 5 10
7 11 10
23 1 34
14 8 73
63 2 27
40 8 73
7 8 15
32 1 25
53 1 85
84 1 25
5 2 83
7 2 80
63 8 40
40 2 20
30 1 7
31 8 42
25 2 30
25 1 22
41 1 40
52 2 36
51 1 56
7 1 28
45 8 37
66 1 7
73 2 45
35 1 33
85 1 26
57 2 86
24 1 7
73 1 37
40 2 51
53 2 36
55 8 25
37 2 51
37 1 45
52 2 57
30 8 32
10 1 81
36 1 25
48 1 5
25 8 34
37 1 30
73 1 54
48 1 66
25 1 29
73 1 65
25 8 32
36 6 45
14 2 65
83 8 48
54 2 10
10 2 81
29 8 30
20 2 10
66 8 48
26 2 56
35 8 25
25 1 35
10 1 7
56 2 49
7 8 45
10 4 7
83 1 37
66 2 5
85 8 53
31 1 30
42 1 41
25 8 50
10 2 33
36 6 73
56 1 30
31 8 85
10 2 49
37 1 63
31 2 38
51 2 37
19 2 65
18 2 16
5 2 66
30 1 35
30 8 26
10 8 35
7 1 10
10 1 22
50 2 56
35 2 22
30 8 56
26 8 15
10 2 54
34 1 30
56 2 26
42 1 38
10 2 19
28 2 10
86 8 37
7 8 10
12 2 10
28 2 35
12 2 19
40 8 41
7 1 22
55 2 28
45 1 20
25 8 80
30 8 31
49 2 10
65 2 12
27 2 42
33 1 32
23 1 32
34 8 23
30 1 37
7 2 33
73 1 12
63 2 86
25 8 57
7 8 30
22 2 29
45 1 7
84 2 31
37 1 52
51 1 26
10 8 83
14 1 10
22 2 24
55 8 30
81 1 7
26 8 85
81 1 30
45 2 73
57 8 37
33 2 7
45 1 65
7 7 10
85 1 84
7 8 66
24 1 10
14 8 15
14 2 7
37 2 10
80 1 25
25 1 10
10 8 30
7 8 25
7 4 10
24 2 28
7 2 54
19 8 83
45 13 39
14 8 17
7 8 73
10 2 26
17 1 14
83 2 5
5 1 7
28 1 7
16 2 18
37 1 27
73 1 10
85 1 31
10 8 14
15 8 63
80 1 30
52 1 30
20 2 37
26 2 31
18 8 54
18 8 20
7 2 14
10 8 17
45 1 40
26 1 25
15 8 18
35 2 28
38 2 31
16 1 15
10 2 14
57 1 30
40 8 45
15 1 26
57 8 40
81 8 10
51 2 40
17 8 49
40 1 36
49 1 17
24 2 22
41 8 42
81 1 25
16 8 20
39 1 30
15 1 14
22 8 10
28 2 55
22 2 7
7 2 12
53 8 40
12 2 7
49 8 51
40 8 86
20 2 40
86 1 40
35 8 30
7 8 14
52 8 40
30 8 57
10 5 7
23 2 10
30 1 24
83 1 10
73 8 37
54 1 16
10 2 23
73 1 7
25 8 37
30 8 52
56 2 50
16 8 54
34 2 32
7 8 35
38 1 40
22 8 30
10 1 28
65 2 19
27 2 52
37 8 53
83 1 19
10 2 28
33 2 10
12 8 73
25 8 49
31 2 26
28 2 24
12 1 7
7 1 80
45 1 37
30 1 55
10 8 25
7 8 5
7 1 81
17 8 18
30 8 80
26 2 10
7 2 20
15 8 27
7 12 10
25 1 55
19 8 73
48 1 83
29 8 25
26 2 7
54 2 40
65 8 45
10 1 80
30 8 36
32 8 23
28 8 10
30 1 29
54 1 18
57 2 52
27 8 40
45 1 12
37 8 45
54 8 73
5 8 48
10 2 20
20 1 18
85 2 37
50 1 25
42 1 31
33 8 35
22 8 25
65 2 14
73 1 19
22 2 10
12 8 17
10 8 73
23 8 24
26 1 17
17 1 26
7 14 10
34 8 33
33 1 34
81 2 7
57 1 25
20 1 16
42 2 27
51 8 53
19 2 12
27 1 17
38 8 42
24 8 25
17 8 27
37 1 42
50 8 51
36 2 53
36 8 40
39 2 53
84 8 85
80 2 7
53 1 37
37 1 36
40 1 63
32 2 34
51 8 86
15 1 10
7 2 22
30 1 10
17 1 7
7 2 28
7 2 26
14 1 7
28 8 30
25 8 52
25 8 36
10 2 22
30 8 39
63 8 37
40 1 53
34 1 25
7 8 24
7 2 49
10 7 7
40 1 39
40 1 57
15 1 12
80 2 10
25 1 24
20 8 45
31 2 84
25 8 26
12 8 45
37 8 30
27 2 63
45 13 36
49 1 30
17 1 10
27 8 37
73 13 36
37 1 73
37 2 85
35 1 10
42 8 37
12 8 15
37 1 25
49 2 7
30 1 22
10 8 24
40 1 52
26 8 51
32 8 33
49 8 15
17 1 12
51 1 49
30 2 25
49 8 17
36 1 30
25 8 81
37 8 73
30 8 49
37 2 20
53 2 39
14 2 10
18 1 17
10 8 12
86 2 57
25 1 7
32 1 30
30 8 34
10 8 15
86 2 63
73 1 14
37 1 57
40 1 27
7 2 23
36 2 52
51 1 50
36 8 37
63 1 15
52 1 25
29 2 22
52 2 27
52 8 37
12 1 10
65 8 73
22 2 35
38 2 41
56 8 51
25 8 84
15 1 7
40 2 54
20 2 7
37 1 86
49 2 56
7 8 12
? 1 github_java_program_data/37/7.java

80 8 10
40 8 53
24 1 23
7 2 81
23 1 32
30 8 34
37 8 83
28 2 7
73 1 40
85 1 56
49 1 25
15 8 16
18 1 15
35 1 7
81 2 10
30 8 81
22 1 7
30 1 29
26 8 17
54 2 7
55 8 30
26 1 30
25 1 28
86 1 51
24 8 30
42 8 40
10 2 12
15 1 49
30 8 37
10 2 80
86 1 37
28 8 25
7 8 17
7 5 10
7 11 10
23 1 34
14 8 73
40 8 73
7 8 15
32 1 25
53 1 85
84 1 25
7 2 80
63 8 40
40 2 20
30 1 7
31 8 42
25 1 22
49 2 31
7 1 28
53 8 37
45 8 37
73 2 45
35 1 33
7 8 83
37 8 38
37 2 51
37 1 45
25 8 31
30 8 32
10 1 81
36 1 25
55 8 25
25 8 34
37 1 30
73 1 54
48 1 66
25 1 29
73 1 65
25 8 32
10 8 12
37 8 86
10 2 26
10 2 81
29 8 30
10 2 23
17 8 16
63 2 86
35 8 25
19 2 12
10 1 7
56 2 49
7 8 45
10 4 7
83 1 37
14 2 19
85 8 53
86 8 40
31 1 30
30 8 50
56 1 30
49 1 15
51 2 37
19 2 65
18 2 16
56 2 84
30 8 26
7 1 10
85 1 49
10 1 22
30 8 56
38 1 37
55 2 28
42 1 38
37 8 25
28 2 10
7 8 10
12 2 10
29 2 28
12 2 19
7 1 22
81 1 30
45 1 20
12 1 10
30 8 31
66 2 83
83 2 66
33 1 32
66 8 48
30 2 25
7 2 33
25 8 57
7 8 30
31 1 25
22 2 29
45 1 7
26 8 15
7 2 19
40 1 86
14 1 10
22 2 24
45 1 19
81 1 7
37 1 53
19 2 14
45 2 73
57 8 37
45 1 65
7 7 10
85 1 84
24 1 10
14 8 15
14 2 7
51 1 49
25 1 10
10 8 30
83 1 7
7 8 25
34 8 23
7 4 10
40 2 54
33 1 34
14 8 17
7 8 73
31 2 49
17 1 14
73 13 36
16 2 18
36 2 86
50 1 30
10 8 14
25 8 26
7 2 54
15 8 63
80 1 30
50 8 51
18 8 54
7 2 14
10 8 17
45 1 40
26 1 25
15 8 18
38 2 31
16 1 15
31 2 38
20 2 40
25 8 36
25 1 35
57 8 40
81 8 10
17 8 49
40 1 36
49 1 17
81 1 25
16 8 20
53 1 40
15 1 14
22 8 10
28 2 55
22 2 7
7 2 12
36 6 73
12 2 7
49 8 51
52 2 57
33 2 7
19 2 7
7 8 14
52 8 40
34 1 30
10 5 7
23 2 10
30 1 24
25 8 80
73 8 37
54 1 16
73 1 7
25 8 37
16 8 54
34 2 32
7 8 35
22 8 30
10 1 28
65 2 19
27 2 52
83 1 19
10 2 28
16 1 17
25 8 49
12 1 7
7 1 80
30 1 55
10 8 25
7 1 81
86 2 36
15 1 10
30 8 80
26 2 10
56 8 85
84 2 56
7 12 10
25 1 55
50 2 31
19 8 73
49 8 85
29 8 25
26 2 7
54 2 40
65 8 45
31 8 51
10 1 80
24 2 22
32 8 23
28 8 10
83 8 48
54 1 18
10 8 15
57 2 52
40 2 85
54 8 73
10 8 66
42 1 31
33 8 35
22 8 25
73 1 19
22 2 10
12 8 17
23 8 24
85 2 40
17 1 26
7 14 10
34 8 33
19 8 83
81 2 7
57 1 25
20 1 16
31 2 50
37 2 7
27 1 17
45 1 12
38 8 42
24 8 25
17 8 27
36 8 40
66 1 10
84 8 85
80 2 7
80 1 7
40 1 63
32 2 34
51 8 86
27 8 40
7 2 22
25 1 37
30 1 10
15 8 49
17 1 7
7 2 28
7 2 26
14 1 7
28 8 30
25 8 52
51 1 31
34 1 25
7 2 49
19 8 45
7 2 20
10 7 7
40 1 57
15 1 12
10 2 22
25 1 24
25 1 7
12 8 45
17 1 10
37 1 73
12 8 15
37 1 25
49 2 7
30 1 22
10 8 24
40 1 52
10 2 14
32 8 33
49 8 15
17 1 12
80 1 25
28 1 7
7 2 37
15 1 7
80 2 10
40 8 45
14 2 10
30 1 28
15 1 26
20 8 45
32 1 30
25 2 30
28 2 29
86 2 63
73 1 14
37 1 57
40 1 27
48 1 83
51 1 50
63 1 15
52 1 25
29 2 22
52 2 27
65 8 73
40 1 42
25 8 84
25 8 81
20 2 7
49 2 56
7 8 12
? 1 github_java_program_data/37/84.java

22 2 35
80 8 10
24 2 22
16 8 20
24 1 23
15 1 14
24 8 25
7 2 81
30 8 40
7 11 10
19 2 7
57 1 25
49 1 17
56 1 30
53 8 40
7 2 28
18 8 20
28 2 7
40 8 86
85 1 56
86 1 40
83 1 40
37 2 54
49 1 25
27 1 15
63 2 53
7 2 19
15 8 16
52 2 53
7 2 12
52 8 40
30 8 57
10 5 7
30 8 81
25 8 80
83 8 48
17 1 49
54 1 16
26 8 17
55 8 30
26 1 30
25 1 28
86 1 51
24 8 30
40 2 7
54 2 37
30 8 52
10 2 12
15 1 49
57 2 63
37 1 52
10 2 80
19 2 12
28 8 25
22 8 30
14 8 73
23 2 7
65 2 19
7 5 10
27 2 52
37 8 53
23 1 34
14 2 10
10 1 28
63 2 27
33 2 10
29 2 22
40 2 51
7 8 15
22 2 7
7 4 10
53 1 85
84 1 25
12 1 7
63 8 40
7 1 80
45 1 37
30 1 7
30 1 55
10 8 25
25 2 30
25 1 22
7 1 81
27 1 17
40 1 45
17 8 18
22 8 25
25 8 49
56 8 85
15 8 27
25 8 40
17 1 10
7 1 28
37 1 36
10 2 40
25 1 55
85 2 37
19 2 65
50 2 31
19 8 73
40 8 83
49 8 85
32 2 34
52 2 86
29 8 25
73 2 45
35 1 33
26 2 7
12 2 7
7 8 83
24 1 7
73 1 37
65 8 45
31 8 51
10 1 80
55 8 25
32 8 23
30 8 32
28 8 10
86 2 52
35 8 30
30 1 29
25 8 34
28 2 29
27 2 63
10 8 35
73 1 54
16 2 18
37 2 85
25 1 29
73 1 65
54 8 73
37 8 45
30 1 40
54 2 10
36 6 45
40 1 25
30 1 10
50 1 25
40 8 30
63 2 57
34 2 32
33 8 35
56 2 84
30 8 26
10 2 81
36 2 86
29 8 30
40 2 10
73 1 10
30 1 24
22 2 10
23 1 32
7 2 20
25 8 26
23 8 24
26 1 17
10 2 28
17 1 26
7 14 10
10 1 7
40 1 30
34 8 33
7 8 45
81 2 7
10 4 7
33 1 32
7 2 26
51 1 50
31 2 50
14 2 19
85 8 53
15 1 26
31 2 26
26 2 31
81 1 25
31 1 30
17 8 27
50 8 51
14 1 10
10 2 33
30 8 31
10 2 49
37 1 63
84 8 85
80 2 7
53 1 37
80 1 7
40 1 63
22 2 24
18 2 16
81 2 10
30 1 35
51 8 86
15 1 10
7 2 22
7 1 10
85 1 49
26 1 25
20 1 18
20 1 16
14 1 7
28 8 30
10 2 54
10 2 22
51 1 31
7 8 14
35 1 10
45 2 73
7 2 14
34 1 25
7 8 24
63 8 37
7 2 49
28 2 10
19 8 45
26 2 10
7 2 23
10 7 7
86 8 37
7 8 10
12 2 10
29 2 28
15 1 12
30 8 49
25 1 24
25 1 7
7 1 22
19 2 14
45 1 20
12 1 10
73 1 19
49 2 10
10 2 26
40 1 73
12 8 45
30 8 56
12 8 17
34 8 23
45 13 36
32 8 33
49 1 30
25 8 57
7 8 30
27 8 37
22 2 29
55 2 22
45 1 7
73 8 40
22 1 7
19 8 83
51 1 26
12 8 15
10 8 73
25 8 50
30 1 22
45 1 19
26 8 15
81 1 7
40 1 52
7 2 40
81 1 30
26 8 51
57 8 37
45 1 65
49 8 15
17 1 12
80 1 25
30 2 25
14 8 15
49 8 17
85 1 84
25 1 10
10 8 30
83 1 7
7 8 25
36 1 30
25 8 81
7 2 80
37 8 73
12 2 19
33 1 34
51 2 40
14 8 17
80 2 10
37 2 20
83 1 19
18 1 17
30 1 28
17 1 14
20 8 45
35 2 22
32 1 30
28 1 7
10 8 15
45 1 12
56 2 49
73 1 14
37 1 27
45 8 40
37 1 57
17 8 26
10 8 14
48 1 83
15 8 63
52 1 30
20 2 37
86 2 36
36 8 37
16 8 54
63 1 15
30 8 36
40 1 53
49 2 7
10 8 17
53 2 63
84 2 56
52 2 27
52 8 37
65 8 73
10 1 81
53 2 52
16 1 15
10 2 14
57 1 30
25 8 84
14 2 7
15 1 7
10 8 12
20 2 7
81 8 10
37 1 86
49 2 56
22 2 55
7 8 12
17 8 49
? 1 github_java_program_data/37/90.java

