5 2 12
25 1 28
10 1 33
31 8 51
26 8 17
27 1 17
23 1 7
83 2 12
22 2 35
25 8 80
85 1 26
18 2 16
30 8 31
34 8 23
19 2 14
10 2 33
53 2 36
25 8 37
40 1 63
23 2 7
63 1 15
26 1 25
25 1 24
10 2 28
7 8 12
30 1 40
57 2 53
15 8 27
10 1 81
33 8 24
35 1 7
20 1 16
10 1 23
25 8 52
22 2 55
40 1 27
7 1 28
31 2 50
55 8 25
36 6 73
54 1 18
31 2 38
37 1 53
49 1 17
10 8 17
24 1 23
40 1 86
14 2 10
37 1 45
54 2 10
34 1 30
31 1 25
30 8 81
81 8 10
40 8 38
7 2 81
31 2 49
80 8 10
31 8 85
25 1 29
23 8 24
26 1 17
17 1 49
34 1 7
32 8 23
35 2 28
49 2 56
29 2 28
10 5 7
25 8 32
18 8 54
10 1 7
84 8 85
30 1 24
30 1 35
27 2 63
25 1 35
10 8 83
33 8 35
40 1 52
45 2 73
10 2 26
25 2 30
30 1 37
26 8 85
12 2 10
80 8 30
26 2 56
32 1 25
10 8 12
7 12 10
45 1 20
66 1 7
26 2 10
14 2 7
25 1 7
51 1 56
37 2 51
33 1 7
10 8 32
52 2 27
84 1 25
32 2 34
49 1 30
83 1 10
30 8 40
14 8 73
85 1 49
53 8 40
26 2 7
5 1 7
30 8 34
35 2 81
25 1 10
45 1 40
53 1 40
10 8 30
73 1 40
22 8 30
23 8 10
56 2 26
56 2 49
84 2 56
54 8 73
51 1 49
56 2 50
10 2 54
14 2 19
51 1 31
50 8 51
35 2 22
65 8 73
23 1 34
40 8 86
32 1 7
7 2 80
30 1 10
7 5 10
80 2 7
7 8 25
10 2 37
54 2 40
7 4 10
10 2 49
38 2 31
85 8 53
37 1 25
33 1 32
35 8 25
16 2 18
80 1 7
81 2 10
25 8 40
15 1 49
37 2 7
73 1 54
19 8 73
12 8 48
14 8 15
37 1 86
28 1 7
15 8 16
24 1 7
27 2 86
52 8 40
40 1 57
10 2 19
37 1 27
81 2 35
35 1 33
7 1 23
40 1 25
25 8 84
84 2 31
55 2 22
28 2 7
18 1 15
17 1 26
19 8 45
51 1 50
53 1 51
26 8 15
17 8 26
40 2 54
10 8 45
25 8 81
20 2 40
7 8 34
38 1 40
10 2 22
33 2 10
22 2 10
7 8 14
20 2 10
28 2 35
30 8 37
63 2 53
85 1 56
17 1 10
53 2 57
53 2 27
31 8 42
51 8 53
86 1 40
24 8 25
85 2 37
85 2 40
15 1 12
29 8 30
56 8 85
86 1 85
30 8 80
7 1 10
80 1 25
15 1 14
30 8 49
30 8 26
86 1 37
12 8 15
66 2 5
30 2 25
12 2 83
10 4 7
81 2 80
12 2 7
51 1 26
57 1 25
65 2 19
49 1 15
49 8 15
53 1 37
36 8 40
7 8 66
15 8 63
40 1 30
17 1 12
33 8 10
81 8 25
17 8 27
10 8 73
42 8 37
10 2 23
15 1 7
7 8 5
7 8 12
51 8 86
40 2 85
40 8 25
49 1 25
25 8 57
37 8 53
12 8 17
52 1 25
25 1 81
24 2 80
63 2 86
7 8 24
83 8 48
19 2 12
5 8 48
81 1 7
33 2 7
26 2 31
10 8 14
38 8 42
73 1 19
36 2 53
7 1 81
40 1 36
23 1 32
40 8 53
53 2 63
37 8 25
73 8 37
85 8 86
50 2 31
25 8 56
7 2 23
12 2 19
73 1 10
50 2 56
73 1 14
7 2 49
10 2 12
7 8 10
15 8 26
15 8 18
31 2 26
45 1 65
30 1 29
22 8 25
19 2 10
25 1 55
25 1 40
37 1 30
37 2 85
24 1 33
28 2 10
31 2 84
7 2 37
22 2 7
7 8 15
10 2 20
34 8 33
86 8 40
17 8 49
86 1 51
86 8 37
7 8 17
14 1 7
25 8 49
84 1 30
27 2 53
51 2 37
45 8 37
16 8 54
56 2 84
42 1 31
14 1 10
12 1 7
35 1 23
29 8 25
25 8 31
86 2 53
7 2 28
19 2 65
63 2 27
57 8 40
45 1 19
27 8 40
86 2 27
73 1 65
49 8 51
23 2 10
52 1 30
49 2 10
7 1 80
85 1 31
12 1 10
40 1 53
5 2 66
49 8 85
45 1 12
16 8 20
7 1 22
28 8 30
26 1 30
12 8 45
30 1 28
63 8 40
37 1 57
83 1 19
63 1 17
86 2 63
48 1 83
35 8 30
15 1 26
30 8 50
7 1 33
24 8 30
10 1 80
10 8 25
10 2 80
66 8 48
33 1 34
7 2 26
34 2 32
54 1 16
28 8 25
30 8 84
7 7 10
10 2 81
30 1 22
30 1 7
30 8 52
37 8 30
83 1 37
16 1 15
53 1 85
37 1 73
7 2 33
25 8 26
52 8 37
80 2 81
50 1 30
7 2 12
56 1 25
81 1 30
16 1 17
26 1 15
12 2 5
19 8 83
36 1 25
22 1 7
55 8 30
73 13 36
12 1 7
20 8 45
32 8 33
63 8 37
42 1 38
30 1 55
37 8 86
15 8 49
27 8 37
25 8 36
7 8 32
25 1 22
49 2 31
17 1 7
37 8 83
7 11 10
49 8 17
7 8 35
7 8 30
53 2 86
40 8 45
40 8 30
17 8 63
48 1 66
56 8 51
40 2 51
65 8 45
23 8 35
37 1 42
45 1 10
30 1 80
17 8 16
27 2 52
31 1 30
53 8 37
10 7 7
15 1 10
26 8 51
37 1 63
32 1 10
37 2 10
7 2 14
80 2 24
7 2 22
25 1 37
51 2 40
37 1 52
28 2 29
80 1 30
48 1 5
27 1 15
10 8 15
17 1 14
48 1 12
57 8 37
85 1 84
14 8 17
80 2 10
81 2 7
49 2 7
40 2 20
81 1 25
10 2 14
73 2 45
40 8 73
? 1 github_java_program_data/31/153.java

25 1 28
97 2 10
26 8 17
27 1 17
27 2 42
25 8 80
85 1 26
7 14 10
27 2 57
54 2 37
18 2 16
34 8 23
27 2 53
10 2 33
28 2 55
53 2 36
40 1 63
23 2 7
14 2 65
63 1 15
26 1 25
25 1 24
10 2 28
7 8 12
40 1 39
63 8 37
10 1 81
14 8 73
41 8 42
37 2 54
36 1 30
20 1 16
25 8 52
22 2 55
28 2 22
40 1 27
30 1 55
20 2 7
55 8 25
54 1 18
37 1 53
25 8 49
97 8 83
24 1 23
14 2 10
52 2 63
37 1 45
34 1 30
31 1 25
30 8 81
81 8 10
97 2 37
40 8 38
7 2 81
31 2 49
80 8 10
7 2 26
25 1 29
26 1 17
25 8 57
10 8 24
20 2 37
45 1 14
20 8 45
41 2 38
29 2 28
10 5 7
25 8 32
18 8 54
10 1 7
30 1 24
30 1 35
27 2 63
25 1 35
10 8 83
33 8 35
40 1 52
7 8 45
45 2 73
10 2 26
26 8 85
30 8 57
50 1 25
26 2 56
32 1 25
10 8 12
7 12 10
45 1 20
66 1 7
26 2 10
14 2 7
83 1 97
25 1 7
7 2 28
25 8 81
52 2 27
32 2 34
56 2 49
49 1 30
83 1 10
10 8 17
85 1 49
73 1 37
53 8 40
26 2 7
83 2 66
30 8 34
37 1 27
25 1 10
45 1 40
53 1 40
24 8 25
25 8 31
31 2 26
22 8 30
26 1 30
56 2 26
45 1 7
65 2 12
25 8 50
54 8 73
51 1 49
56 2 50
10 2 54
14 2 19
50 8 51
30 8 56
10 1 28
30 8 36
25 1 55
7 2 54
20 1 18
23 1 34
37 1 36
37 8 41
55 2 28
7 2 80
30 1 10
7 5 10
49 8 85
7 8 25
49 2 56
54 2 40
25 8 34
39 6 73
10 2 49
38 2 31
85 8 53
12 8 73
33 1 32
35 8 25
16 2 18
80 1 7
39 2 42
81 2 10
37 1 63
15 1 49
73 1 54
19 8 73
7 2 20
14 8 15
37 1 86
36 2 53
15 8 16
24 1 7
97 1 59
66 2 83
52 8 40
40 1 57
10 2 19
31 8 85
15 8 63
12 1 10
35 1 33
28 8 10
84 2 31
55 2 22
28 2 7
18 1 15
17 1 26
51 1 50
53 1 51
84 8 85
17 8 26
40 2 54
10 8 45
20 2 40
38 1 40
10 2 22
33 2 10
22 2 10
20 2 10
63 2 53
17 1 10
31 8 42
81 1 30
86 1 40
10 8 30
85 2 37
15 1 12
29 8 30
73 8 37
73 1 40
59 1 7
30 8 80
7 1 10
80 1 25
10 2 80
30 8 49
30 8 26
12 8 15
10 4 7
22 2 28
81 2 80
12 2 7
51 1 26
35 1 7
57 1 25
49 1 15
49 8 15
51 1 56
32 1 30
53 1 37
36 8 40
7 8 66
34 2 32
42 8 40
17 1 12
57 2 52
17 8 27
10 8 73
10 2 23
15 1 7
51 8 86
54 2 10
49 1 25
17 1 49
37 8 53
12 8 17
52 1 25
12 2 10
42 2 27
7 8 24
83 8 48
57 1 30
33 2 7
26 2 31
10 8 14
38 8 42
24 1 10
73 1 19
51 8 53
7 1 81
40 1 36
23 1 32
40 8 53
53 2 27
35 1 10
34 1 25
7 8 14
73 1 7
25 8 56
42 1 41
7 2 23
12 2 19
73 1 10
50 2 56
45 13 36
73 1 14
7 2 49
10 2 12
30 8 39
7 8 10
15 8 26
15 8 18
49 1 17
45 1 65
30 1 29
22 8 25
22 2 29
19 2 10
18 1 17
17 8 18
37 2 97
30 8 32
37 2 85
45 1 37
10 1 22
28 2 10
31 2 84
22 2 7
7 8 15
34 8 33
15 1 10
26 8 15
86 8 37
7 8 17
14 1 7
39 1 30
54 2 7
65 2 14
39 8 40
19 2 14
45 8 37
16 8 54
40 8 86
42 1 31
14 1 10
37 8 73
29 8 25
41 1 37
15 1 14
84 1 30
30 8 52
63 2 27
57 8 40
53 2 63
27 8 40
49 8 51
23 2 10
49 2 10
7 1 80
85 1 31
27 2 52
37 2 20
40 1 53
80 2 7
45 1 12
16 8 20
7 1 22
28 8 30
12 8 45
30 1 28
63 8 40
37 1 57
83 1 19
63 1 17
48 1 83
35 8 30
15 1 26
30 8 50
38 2 41
24 8 30
28 8 25
10 1 80
10 8 25
7 2 33
66 8 48
33 1 34
54 1 16
17 8 49
30 8 84
73 13 39
7 7 10
10 2 81
30 1 22
30 1 7
73 1 12
83 1 37
16 1 15
53 1 85
37 1 73
10 8 35
25 8 26
52 8 37
7 4 10
80 2 81
50 1 30
7 2 12
56 1 25
37 8 45
16 1 17
63 2 52
26 1 15
59 8 97
19 8 83
36 1 25
22 1 7
55 8 30
12 1 7
32 8 23
32 8 33
15 8 27
42 1 38
7 8 73
31 2 38
15 8 49
27 8 37
25 8 36
25 1 22
49 2 31
17 1 7
37 8 83
7 11 10
14 8 17
42 2 39
49 8 17
7 8 35
7 8 30
40 8 45
36 8 37
40 1 42
12 2 65
17 8 63
48 1 66
56 8 51
10 2 97
40 2 51
65 8 45
45 1 10
17 8 16
14 8 45
36 6 45
53 8 37
10 7 7
26 8 51
19 2 12
81 1 7
86 1 51
57 2 27
7 2 14
7 2 22
10 2 20
51 2 40
37 1 52
28 2 29
29 2 22
80 1 30
23 8 24
27 1 15
56 1 30
22 8 10
52 2 57
10 8 15
17 1 14
18 8 20
57 8 37
85 1 84
52 1 30
80 2 10
81 2 7
49 2 7
40 2 20
81 1 25
7 8 59
10 2 14
73 2 45
40 8 73
? 1 github_java_program_data/31/211.java

5 2 12
25 1 28
37 1 45
63 2 57
26 8 17
27 1 17
39 8 37
25 8 80
85 1 26
7 14 10
37 8 38
54 2 37
18 2 16
83 1 7
30 8 31
34 8 23
19 2 14
10 2 33
40 8 41
27 2 45
45 2 27
40 1 63
23 2 7
14 2 65
63 1 15
26 1 25
25 1 24
10 2 28
7 8 12
30 1 40
27 2 39
40 1 39
15 8 27
10 1 81
35 1 7
41 8 42
39 8 40
20 1 16
25 8 52
90 2 45
22 2 55
28 2 22
40 1 27
7 1 28
17 1 65
30 1 55
20 2 7
55 8 25
25 8 39
54 1 18
37 1 53
49 1 17
97 8 83
24 1 23
51 8 86
14 2 10
52 2 63
31 8 51
56 2 84
34 1 30
31 1 25
30 8 81
81 8 10
97 2 37
7 2 81
31 2 49
80 8 10
7 2 26
10 8 12
26 1 17
25 8 57
10 8 24
45 1 14
20 8 45
35 2 28
49 2 56
29 2 28
10 5 7
25 8 32
83 1 65
18 8 54
12 2 19
10 1 7
37 2 10
30 1 24
30 1 35
27 2 63
25 1 35
45 13 39
33 8 35
40 1 52
7 8 45
45 2 73
10 2 26
25 2 30
26 8 85
39 1 25
30 8 57
72 8 37
50 1 25
45 2 90
26 2 56
32 1 25
52 1 30
7 12 10
45 1 20
12 1 65
66 1 7
40 2 85
10 2 65
65 8 12
26 2 10
14 2 7
83 1 97
25 8 81
7 2 28
37 2 51
39 2 53
25 1 7
50 2 31
84 1 25
32 2 34
56 2 49
49 1 30
30 8 40
63 2 90
85 1 49
86 2 36
73 1 37
53 8 40
20 8 73
30 8 34
28 2 55
25 1 10
45 1 40
53 1 40
24 8 25
25 8 31
72 1 31
40 8 90
28 2 7
56 2 26
45 1 7
65 2 12
25 8 50
54 8 73
51 1 49
10 2 54
14 2 19
51 1 31
50 8 51
30 8 56
10 1 28
38 2 56
65 8 73
7 2 54
20 1 18
23 1 34
37 1 36
40 8 86
65 2 10
73 1 40
52 2 53
7 2 80
30 1 10
7 5 10
10 8 53
7 8 25
72 2 57
10 2 37
56 2 38
54 2 40
25 8 34
39 6 73
10 2 49
85 8 53
19 2 26
12 8 73
33 1 32
35 8 25
16 2 18
80 1 7
107 2 12
81 2 10
97 2 7
25 8 40
15 1 49
73 1 54
19 8 73
72 2 39
5 8 48
7 2 20
14 8 15
37 1 86
28 1 7
15 8 16
24 1 7
26 2 7
57 2 53
52 8 40
40 1 57
56 8 42
37 1 27
90 1 10
12 1 10
35 1 33
31 2 40
28 8 10
31 8 72
40 1 25
25 8 84
55 2 22
26 1 30
18 1 15
17 1 26
19 8 45
57 2 72
51 1 50
53 1 51
84 8 85
17 8 26
40 2 54
10 8 45
27 2 86
20 2 40
26 8 45
19 8 15
97 1 53
10 2 22
33 2 10
14 8 73
26 2 19
10 8 5
36 6 73
28 2 35
42 8 37
63 2 53
85 1 56
17 1 10
53 2 57
81 1 30
86 1 40
35 1 10
10 8 30
85 2 37
22 2 10
85 2 40
15 1 12
29 8 30
56 8 85
37 8 107
86 1 85
19 2 12
30 8 80
7 1 10
7 8 14
40 8 72
19 8 107
30 8 49
65 8 15
30 8 26
86 1 37
12 8 15
36 6 45
53 2 39
30 2 25
52 2 57
10 4 7
20 2 10
81 2 80
12 2 7
22 8 30
28 2 24
57 1 25
39 2 27
65 2 19
49 1 15
49 8 15
32 1 30
83 1 19
36 8 40
10 8 17
15 8 63
40 1 30
17 1 12
27 2 57
90 1 40
17 8 27
10 8 73
19 2 65
37 1 83
15 1 7
7 8 12
65 8 90
27 2 36
40 1 86
54 2 10
49 1 25
17 1 49
37 8 53
12 8 17
52 1 25
15 1 65
38 1 37
63 2 86
7 8 24
57 1 30
45 1 54
33 2 7
26 2 31
10 8 14
38 8 42
24 1 10
107 8 48
73 1 19
51 8 53
7 1 81
40 1 36
65 2 7
23 1 32
80 2 7
40 8 53
53 2 63
57 2 27
53 2 27
90 1 20
22 2 24
34 1 25
85 8 86
73 1 7
25 8 56
42 1 41
7 2 23
73 8 37
37 1 39
84 2 56
107 1 19
73 1 10
53 1 10
31 2 50
73 1 14
7 2 49
90 1 65
90 2 63
30 8 39
20 8 90
7 8 10
15 8 26
15 8 18
31 2 26
45 1 65
30 1 29
22 8 25
22 2 29
57 2 63
107 1 37
19 2 10
18 1 17
25 1 55
17 8 18
40 2 31
37 2 97
45 13 36
30 8 32
37 2 85
10 1 22
65 8 83
7 2 97
10 8 107
80 1 25
22 2 7
24 2 22
7 8 15
39 6 45
34 8 33
86 8 40
28 8 25
26 8 15
86 8 37
7 8 17
14 1 7
56 1 30
54 2 7
65 2 14
84 1 30
107 1 10
27 2 53
51 2 37
45 8 37
16 8 54
55 2 28
37 2 54
14 1 10
10 2 81
37 8 73
10 2 80
29 8 25
15 1 14
90 8 37
39 2 72
73 1 12
26 1 10
63 2 27
57 8 40
45 1 19
27 8 40
72 1 40
86 2 27
73 1 65
49 8 51
23 2 10
49 2 10
7 1 80
27 2 52
42 1 56
40 1 53
5 2 66
49 8 85
45 1 12
16 8 20
7 1 22
28 8 30
12 8 45
30 1 28
63 8 40
37 1 57
12 2 10
53 1 37
63 1 17
86 2 63
41 1 40
37 1 72
35 8 30
37 1 73
15 1 26
30 8 50
38 2 41
24 8 30
10 1 80
10 8 25
7 2 33
66 8 48
33 1 34
34 2 32
22 2 28
54 1 16
17 8 49
30 8 84
73 13 39
7 7 10
12 1 7
30 1 22
30 1 7
30 8 52
83 1 37
16 1 15
53 1 85
25 1 29
10 8 35
51 1 26
25 8 26
83 2 73
52 8 37
65 8 17
73 2 83
7 4 10
48 1 107
10 2 19
80 2 81
50 1 30
41 2 38
7 2 12
56 1 25
17 8 63
16 1 17
63 2 52
26 1 15
12 2 5
19 8 83
36 1 25
22 1 7
55 8 30
73 13 36
12 1 7
32 8 23
32 8 33
63 8 37
42 1 38
7 8 73
37 8 86
28 2 10
15 8 49
27 8 37
25 8 36
45 1 26
25 1 22
85 1 84
49 2 31
7 2 65
17 1 7
37 8 83
7 11 10
7 8 83
49 8 17
25 8 49
7 8 35
7 8 30
48 1 5
40 8 45
36 8 37
40 8 30
81 2 7
12 2 65
24 2 28
48 1 66
10 2 23
40 2 51
36 2 27
65 8 45
66 2 5
37 1 42
52 2 27
45 1 10
17 8 16
10 8 26
53 2 52
14 8 45
10 8 90
31 1 30
53 8 37
10 7 7
15 1 10
26 8 51
37 1 63
81 1 7
86 1 51
57 2 52
7 2 14
7 2 22
10 2 20
51 2 40
54 8 45
37 1 52
28 2 29
73 2 45
29 2 22
80 1 30
23 8 24
27 1 15
39 1 30
22 8 10
40 8 73
10 8 15
17 1 14
10 2 12
5 1 10
18 8 20
48 1 12
57 8 37
53 8 97
14 8 17
80 2 10
36 2 86
12 8 48
73 1 20
49 2 7
40 2 20
81 1 25
10 2 14
15 1 19
7 8 66
12 2 107
83 8 37
37 1 90
? 1 github_java_program_data/31/24.java

7 2 19
25 1 28
31 8 51
56 2 62
26 8 17
27 1 17
39 8 37
22 2 35
25 8 80
85 1 26
12 1 7
37 8 38
54 2 37
18 2 16
36 2 86
30 8 31
34 8 23
27 2 53
14 8 17
53 2 36
35 2 22
40 1 63
23 2 7
85 8 53
26 1 25
25 1 24
10 2 28
7 8 12
40 1 39
15 8 27
10 1 81
14 8 73
37 2 54
36 1 30
20 1 16
42 1 38
25 8 52
22 2 55
40 1 27
7 1 28
30 1 55
20 2 7
55 8 25
50 1 25
54 1 18
37 1 53
49 1 17
19 2 7
24 1 23
40 1 86
14 2 10
37 1 45
34 1 30
31 1 25
30 8 81
7 14 10
81 8 10
26 8 15
27 8 37
7 2 81
31 2 49
80 8 10
37 1 27
25 1 29
26 1 17
25 8 57
10 8 24
20 2 37
45 1 14
20 8 45
35 2 28
49 2 56
49 2 31
135 1 30
10 5 7
25 8 32
40 1 135
12 2 19
10 1 7
30 1 24
30 1 35
27 2 63
25 1 35
33 8 35
40 1 52
39 2 86
7 8 45
45 2 73
10 2 26
26 8 85
39 1 25
30 8 57
25 8 39
26 2 56
32 1 25
10 8 12
7 12 10
45 1 20
31 2 62
40 2 85
26 2 10
14 2 7
10 2 33
25 1 7
51 1 56
37 2 51
37 2 20
39 2 53
25 8 81
50 2 31
84 1 25
56 2 49
49 1 30
85 1 49
73 1 37
53 8 40
26 2 7
30 8 34
62 2 56
25 1 10
45 1 40
53 1 40
24 8 25
25 8 31
22 8 30
28 2 7
56 2 26
45 1 7
27 2 64
25 8 50
54 8 73
51 1 49
56 2 50
10 2 54
14 2 19
51 1 31
50 8 51
30 8 56
10 1 28
30 8 36
38 2 56
65 8 73
7 2 54
20 1 18
23 1 34
37 1 36
40 8 86
7 8 30
73 1 40
49 8 51
30 1 10
7 5 10
49 8 85
7 8 25
56 2 38
54 2 40
7 4 10
39 6 73
10 2 49
63 1 15
12 8 73
33 1 32
35 8 25
62 1 40
16 2 18
7 1 80
81 2 10
37 1 63
15 1 49
37 2 7
73 1 54
19 8 73
10 7 7
7 2 20
14 8 15
37 1 86
28 1 7
15 8 16
24 1 7
52 8 40
40 1 57
56 8 42
31 8 85
35 1 33
42 2 63
28 8 10
25 8 84
84 2 31
55 2 22
26 1 30
18 1 15
17 1 26
19 8 45
51 1 50
53 1 51
84 8 85
17 8 26
40 2 54
10 8 45
27 2 86
20 2 40
38 1 40
10 2 22
33 2 10
22 2 10
20 2 10
28 2 35
63 2 53
85 1 56
17 1 10
53 2 27
64 1 56
86 1 40
10 8 30
85 2 37
85 2 40
15 1 12
29 8 30
56 8 85
86 1 85
30 8 80
7 1 10
7 8 14
10 2 80
30 8 49
30 8 26
86 1 37
30 8 135
53 2 39
37 8 62
10 4 7
81 2 80
12 2 7
51 1 26
57 1 25
65 2 19
49 1 15
49 8 15
32 1 30
53 1 37
36 8 40
10 8 17
15 8 63
42 8 40
17 1 12
7 2 80
17 8 27
10 8 73
10 2 23
15 1 7
7 2 28
7 11 10
35 8 30
51 8 86
54 2 10
135 1 25
49 1 25
17 1 49
37 8 53
12 8 17
52 1 25
12 2 10
38 1 37
63 2 86
42 2 27
7 8 24
83 8 48
57 1 30
86 2 36
26 2 31
10 8 14
38 8 42
24 1 10
73 1 19
51 8 53
7 1 81
40 1 36
80 1 25
40 8 53
53 2 63
27 2 42
35 1 10
73 8 37
85 8 86
73 1 7
25 8 56
64 2 63
7 2 23
37 1 39
84 2 56
73 1 10
50 2 56
31 2 50
73 1 14
7 2 49
10 2 12
30 8 39
7 8 10
15 8 26
15 8 18
31 2 26
45 1 65
30 1 29
22 8 25
18 1 17
25 1 55
17 8 18
36 2 53
30 8 32
37 2 85
45 1 37
10 1 22
28 2 10
31 2 84
22 2 7
7 8 15
86 8 40
28 8 25
86 1 51
86 8 37
7 8 17
14 1 7
56 1 30
54 2 7
39 8 40
63 2 64
25 8 136
19 2 14
51 2 37
45 8 37
16 8 54
56 2 84
64 1 62
14 1 10
31 8 64
37 8 73
29 8 25
15 1 14
84 1 30
30 8 52
80 1 30
63 2 27
57 8 40
45 1 19
27 8 40
86 2 27
73 1 65
136 1 25
23 2 10
49 2 10
80 1 7
85 1 31
12 1 10
40 1 53
80 2 7
45 1 12
12 8 15
16 8 20
7 1 22
28 8 30
62 8 64
12 8 45
30 1 28
63 8 40
37 1 57
83 1 19
63 1 17
86 2 63
48 1 83
40 1 136
15 1 26
30 8 50
24 8 30
10 1 80
10 8 25
42 1 56
7 2 26
54 1 16
17 8 49
30 8 84
73 13 39
7 7 10
10 2 81
30 1 22
30 1 7
73 1 12
83 1 37
16 1 15
53 1 85
37 1 73
10 8 35
64 2 27
25 8 26
52 8 37
37 1 135
80 2 81
50 1 30
7 2 12
56 1 25
37 8 45
135 8 40
16 1 17
26 1 15
24 2 28
19 8 83
36 1 25
22 1 7
55 8 30
135 8 37
32 8 33
63 8 37
63 2 42
62 1 37
136 8 37
7 8 73
37 8 86
15 8 49
40 8 38
25 8 36
7 2 37
25 1 22
85 1 84
40 2 51
86 2 39
17 1 7
37 8 83
64 8 40
7 8 83
40 8 62
49 8 17
25 8 49
136 8 40
40 8 45
36 8 37
40 1 42
81 1 30
17 8 63
56 8 51
18 8 54
65 8 45
45 13 36
45 1 10
17 8 16
25 8 135
37 1 136
62 2 31
28 2 24
14 8 45
36 6 45
31 1 30
53 8 37
40 2 20
15 1 10
26 8 51
19 2 12
81 1 7
64 1 31
7 2 14
7 2 22
10 2 20
51 2 40
37 1 52
40 1 64
23 8 24
27 1 15
39 1 30
22 8 10
10 8 15
17 1 14
18 8 20
57 8 37
83 1 7
52 1 30
80 2 10
81 2 7
49 2 7
56 8 64
81 1 25
10 2 14
73 2 45
40 8 73
19 2 65
? 1 github_java_program_data/31/242.java

85 8 86
7 2 19
25 1 28
26 8 17
27 1 17
25 8 80
37 8 38
54 2 37
30 8 31
34 8 23
28 2 55
32 8 33
23 2 7
63 1 15
26 1 25
25 1 24
10 2 28
7 8 12
45 8 40
10 1 81
37 2 54
36 1 30
20 1 16
25 8 52
85 1 84
7 1 28
30 1 55
20 2 7
55 8 25
54 1 18
56 2 49
49 1 17
19 2 7
24 1 23
14 2 10
31 8 51
34 1 30
30 8 81
81 8 10
7 2 81
31 2 49
80 8 10
7 2 26
25 1 29
81 1 30
10 8 24
20 2 37
7 2 14
20 8 45
49 2 31
10 5 7
18 8 54
10 1 7
84 8 85
27 2 63
25 1 35
33 8 35
7 8 45
10 2 26
25 2 30
35 1 7
50 1 25
10 8 12
7 12 10
45 1 20
26 2 10
14 2 7
25 8 81
7 2 28
37 2 20
25 1 7
52 2 27
7 2 54
30 8 40
85 1 49
73 1 37
26 2 7
83 2 66
40 1 45
30 8 34
57 8 40
53 1 40
24 8 25
30 1 7
22 8 30
65 2 19
45 1 7
65 2 12
25 8 50
54 8 73
51 1 49
51 1 31
26 2 31
30 8 56
10 1 28
30 8 36
65 8 73
23 1 34
37 1 36
56 2 84
52 2 53
49 1 30
30 1 10
7 5 10
80 2 7
40 8 83
7 8 25
56 2 38
7 4 10
10 2 49
12 8 73
33 1 32
35 8 25
38 8 42
7 1 80
81 2 10
37 1 63
17 8 49
73 1 54
19 8 73
57 2 42
7 2 20
14 8 15
28 1 7
15 8 16
24 1 7
66 2 83
31 2 50
40 1 57
56 8 42
37 1 27
12 1 10
35 1 33
28 8 10
40 1 25
28 2 7
17 1 26
51 1 50
53 1 51
26 8 15
38 2 56
10 2 22
22 2 10
63 2 53
85 1 56
17 1 10
66 1 10
51 8 53
10 8 30
85 2 37
73 8 40
15 1 12
29 8 30
56 8 85
86 1 85
30 8 80
7 1 10
7 8 14
15 1 14
30 8 49
50 2 31
86 1 37
12 8 15
30 2 25
10 4 7
81 2 80
12 2 7
7 2 80
51 1 26
57 1 25
49 1 15
49 8 15
32 1 30
10 8 17
15 8 63
40 1 30
17 1 12
51 2 40
17 8 27
42 2 57
10 2 23
15 1 7
40 1 86
40 8 25
49 1 25
25 8 57
49 2 56
12 8 17
52 1 25
12 2 10
38 1 37
7 8 24
83 8 48
33 2 7
50 8 51
10 8 14
10 8 66
24 1 10
73 1 19
36 2 53
7 1 81
40 8 53
22 2 24
40 2 7
80 1 25
73 1 7
25 8 56
7 2 23
84 2 56
45 13 36
7 2 49
37 1 53
7 8 10
15 8 26
31 2 26
45 1 65
30 1 29
22 8 25
83 1 40
57 2 63
15 1 49
18 1 17
25 1 55
17 8 18
25 1 40
30 8 32
37 2 85
45 1 37
10 1 22
28 2 10
22 2 7
24 2 22
7 8 15
86 8 40
15 1 10
7 8 17
14 1 7
30 8 84
54 2 7
84 1 30
81 1 25
55 2 28
30 8 26
14 1 10
37 8 73
22 2 29
29 8 25
30 8 52
19 2 65
63 2 27
25 1 10
53 2 63
73 1 65
49 8 51
52 1 30
49 2 10
80 1 7
42 1 56
49 8 85
45 1 12
16 8 20
7 1 22
28 8 30
26 1 30
12 8 45
30 1 28
10 2 80
37 1 57
83 1 19
48 1 83
15 1 26
63 2 57
10 1 80
10 8 25
66 8 48
7 2 40
28 8 25
25 8 49
7 7 10
10 2 81
30 1 22
73 1 12
16 1 15
45 2 73
7 2 33
25 8 26
52 8 37
80 2 81
7 2 12
56 1 25
37 8 45
26 1 15
19 8 83
22 1 7
55 8 30
12 1 7
53 2 36
63 8 37
42 1 38
7 8 73
37 8 86
15 8 49
27 8 37
25 1 22
40 1 73
29 2 28
17 1 7
7 11 10
7 8 83
7 8 35
7 8 30
36 8 37
40 1 42
12 2 65
48 1 66
40 2 51
65 8 45
53 2 52
27 2 52
36 6 45
31 1 30
53 8 37
10 7 7
26 8 51
25 8 40
81 1 7
42 8 40
23 2 10
7 2 22
37 1 52
28 2 29
29 2 22
80 1 30
23 8 24
56 1 30
22 8 10
10 8 15
17 1 14
10 2 12
57 8 37
83 1 7
14 8 17
80 2 10
81 2 7
49 2 7
10 2 14
73 2 45
? 1 github_java_program_data/31/35.java

15 1 7
25 1 28
37 1 45
30 8 84
57 2 53
26 8 17
27 1 17
51 8 86
40 8 25
25 8 80
49 1 25
17 1 49
37 8 53
12 8 17
53 2 57
52 1 25
83 1 7
30 8 31
19 2 65
10 2 33
52 2 86
83 8 48
57 1 30
25 8 37
40 1 63
10 8 14
63 1 15
26 1 25
24 1 10
10 2 28
7 8 12
7 1 81
30 1 40
26 2 31
23 1 32
10 1 81
30 8 56
37 8 25
10 1 28
20 1 16
85 8 86
7 2 49
25 8 56
25 8 52
22 2 55
40 1 27
85 2 37
31 2 50
30 1 55
20 2 7
55 8 25
10 2 12
25 2 30
31 2 26
7 2 22
7 8 10
24 1 23
15 8 26
14 2 10
12 8 45
31 8 51
45 1 65
30 1 29
22 8 25
31 1 25
20 8 45
30 8 81
7 14 10
81 8 10
7 2 81
80 8 10
7 2 26
25 1 40
85 1 26
37 2 85
25 1 29
30 8 32
37 1 30
26 1 17
81 1 30
10 8 24
7 2 14
32 8 23
28 2 10
45 1 20
10 5 7
22 2 7
7 8 15
15 1 10
86 1 51
86 8 37
7 8 17
14 1 7
56 1 30
49 2 7
84 1 30
25 8 57
40 1 52
7 8 45
10 2 26
27 2 53
7 1 10
45 8 37
81 1 25
26 8 85
12 2 10
30 8 57
84 2 56
56 2 84
14 1 10
50 1 25
26 2 56
29 8 25
7 12 10
25 8 31
40 2 10
27 2 63
10 8 12
26 2 10
14 2 7
7 2 28
25 1 7
80 1 30
37 2 51
63 2 27
25 1 10
45 1 19
25 8 81
84 1 25
49 1 30
23 2 10
30 8 40
49 2 10
7 1 80
51 2 37
7 11 10
53 8 40
26 2 7
12 1 10
40 1 53
80 1 25
45 1 12
57 8 40
16 8 20
7 1 22
28 8 30
24 8 25
30 1 7
63 8 40
22 8 30
65 2 19
53 1 37
45 1 7
65 2 12
27 8 40
25 8 50
35 8 30
40 2 85
30 8 50
51 1 31
50 8 51
10 1 80
10 8 25
10 2 80
25 1 55
28 8 25
25 8 49
40 8 86
10 2 81
30 1 22
30 8 52
7 2 80
30 1 10
83 1 37
16 1 15
80 2 7
53 1 85
7 8 25
10 8 35
25 8 26
52 8 37
7 4 10
10 2 49
40 8 45
85 8 53
37 1 25
80 2 81
50 1 30
7 2 12
56 1 25
81 2 10
25 1 24
25 8 40
15 1 49
37 2 7
10 7 7
22 1 7
55 8 30
7 2 20
14 8 15
37 1 86
15 8 16
12 1 7
10 1 22
40 2 20
52 8 40
40 1 57
7 2 37
25 1 22
85 1 84
29 2 28
35 1 33
28 8 10
17 1 7
37 8 83
40 1 25
25 8 84
7 8 83
55 2 22
28 2 7
17 1 26
19 8 45
33 8 35
7 8 30
86 2 52
51 1 50
53 1 51
84 8 85
17 8 26
40 8 30
12 2 65
40 2 51
20 2 40
65 8 45
10 2 22
80 1 7
33 2 10
10 2 40
45 1 40
30 8 37
85 1 56
17 1 10
10 1 7
26 8 51
53 2 27
81 1 7
51 8 53
86 1 40
57 2 52
35 1 10
10 8 30
30 1 28
22 2 10
30 2 25
26 1 15
85 2 40
49 8 17
30 1 35
29 8 30
56 8 85
25 1 37
86 1 85
30 8 80
37 1 52
7 8 14
28 2 29
15 1 14
30 8 49
23 8 24
50 2 31
22 8 10
52 2 57
10 4 7
10 8 15
81 2 80
12 2 7
51 1 26
57 1 25
49 8 15
32 1 30
56 2 26
52 1 30
80 2 10
10 8 17
81 2 7
15 8 63
40 1 30
17 1 12
10 2 14
51 2 40
17 8 27
7 5 10
48 1 83
31 1 30
10 2 23
? 1 github_java_program_data/31/408.java

7 2 19
25 1 28
56 2 62
26 8 17
27 1 17
39 8 37
25 8 80
85 1 26
7 14 10
37 8 38
54 2 37
18 2 16
30 8 31
34 8 23
10 2 33
40 8 41
25 8 37
40 1 63
23 2 7
63 1 15
26 1 25
25 1 24
10 2 28
7 8 12
40 1 39
15 8 27
10 1 81
30 8 57
37 2 54
36 1 30
20 1 16
25 8 52
22 2 55
40 1 27
7 1 28
86 2 39
30 1 55
20 2 7
55 8 25
54 1 18
10 2 12
31 2 26
56 8 42
24 1 23
14 2 10
39 8 40
34 1 30
31 1 25
30 8 81
81 8 10
27 8 37
7 2 81
80 8 10
7 2 26
42 1 62
25 1 29
26 1 17
17 1 49
10 8 24
7 2 14
20 8 45
7 11 10
41 2 38
29 2 28
10 5 7
25 8 32
27 2 57
18 8 54
10 1 7
30 1 24
30 1 35
27 2 63
25 1 35
45 13 39
33 8 35
40 1 52
39 2 86
7 8 45
10 2 26
25 2 30
30 1 37
26 8 85
35 1 7
50 1 25
26 2 56
38 8 64
32 1 25
10 8 12
7 12 10
45 1 20
31 2 62
26 2 10
14 2 7
25 1 7
51 1 56
39 2 53
37 1 64
37 2 51
52 2 27
84 1 25
32 2 34
7 2 54
38 2 43
73 1 37
53 8 40
26 2 7
83 2 66
30 8 34
62 2 56
25 1 10
45 1 40
10 8 30
55 2 22
25 8 31
22 8 30
26 1 30
56 2 26
45 1 7
27 2 64
25 8 50
54 8 73
40 2 85
56 2 50
14 2 19
50 8 51
30 8 56
10 1 28
30 8 36
65 8 73
20 1 18
23 1 34
37 1 36
40 8 86
7 2 80
30 1 10
24 8 25
7 5 10
80 2 7
7 8 25
56 2 38
25 8 34
39 6 73
10 2 49
38 2 31
37 1 25
33 1 32
35 8 25
62 1 40
16 2 18
7 1 80
81 2 10
37 1 63
15 1 49
37 2 7
73 1 54
19 8 73
10 7 7
57 2 42
7 2 20
14 8 15
37 1 86
28 1 7
15 8 16
24 1 7
66 2 83
52 8 40
40 1 57
62 8 42
31 8 85
43 2 38
15 8 63
35 1 33
28 8 10
25 8 84
84 2 31
41 8 64
28 2 7
18 1 15
17 1 26
19 8 45
51 1 50
53 1 51
84 8 85
17 8 26
10 8 45
20 2 40
38 1 40
10 2 22
33 2 10
14 8 73
20 2 10
30 8 37
17 1 10
66 1 10
31 8 42
64 1 56
86 1 40
35 1 10
12 2 19
22 2 10
30 2 25
85 2 40
15 1 12
29 8 30
34 1 25
51 2 37
86 1 85
7 1 10
7 8 14
63 8 40
30 8 26
12 8 15
53 2 39
37 8 62
10 4 7
12 2 7
51 1 26
64 1 41
57 1 25
65 2 19
49 8 15
32 1 30
53 1 37
36 8 40
10 8 17
34 2 32
27 2 52
17 1 12
17 8 27
42 2 57
48 1 83
42 8 37
10 2 23
15 1 7
10 8 35
49 1 25
25 8 57
37 8 53
12 8 17
64 2 52
52 1 25
12 2 10
38 1 37
7 8 24
83 8 48
57 1 30
43 1 37
33 2 7
26 2 31
10 8 14
10 8 66
24 1 10
73 1 19
51 8 53
7 1 81
40 1 36
23 1 32
57 2 52
73 8 37
85 8 86
73 1 7
25 8 56
7 2 23
37 1 39
50 2 56
73 1 14
7 2 49
30 8 39
7 8 10
15 8 18
45 1 65
30 1 29
22 8 25
22 2 29
18 1 17
25 1 55
17 8 18
19 2 7
43 8 64
30 8 32
37 1 30
10 1 22
28 2 10
52 2 42
22 2 7
7 8 15
39 6 45
34 8 33
15 1 10
26 8 15
86 8 37
7 8 17
14 1 7
56 1 30
54 2 7
37 1 45
19 2 14
62 2 31
45 8 37
16 8 54
42 1 31
14 1 10
31 8 64
37 8 73
29 8 25
15 1 14
7 2 28
19 2 65
63 2 27
57 8 40
45 1 19
27 8 40
73 1 65
37 1 27
49 2 10
80 1 7
85 1 31
12 1 10
40 1 53
80 1 25
45 1 12
16 8 20
7 1 22
28 8 30
12 8 45
30 1 28
10 2 80
83 1 19
63 1 17
41 1 40
35 8 30
15 1 26
38 2 41
24 8 30
10 1 80
10 8 25
64 1 43
66 8 48
33 1 34
37 8 43
54 1 16
28 8 25
25 8 49
73 13 39
7 7 10
10 2 81
30 1 22
30 1 7
30 8 52
37 8 30
83 1 37
16 1 15
45 2 73
37 1 73
7 2 33
64 2 27
25 8 26
52 8 37
42 2 52
7 4 10
7 2 12
56 1 25
17 8 63
16 1 17
19 8 83
22 1 7
55 8 30
42 1 56
12 1 7
32 8 23
32 8 33
63 8 37
62 1 37
7 8 73
31 2 38
40 8 38
7 2 37
25 1 22
85 1 84
31 2 84
17 1 7
37 8 83
64 8 37
64 8 40
7 8 83
40 8 62
49 8 17
7 8 35
7 8 30
40 8 45
36 8 37
40 1 42
81 1 30
48 1 66
56 8 51
38 2 56
65 8 45
37 1 42
45 1 10
17 8 16
52 2 64
42 8 40
31 1 30
40 2 20
26 8 51
19 2 12
81 1 7
64 1 31
57 2 27
23 2 10
64 1 38
7 2 22
10 2 20
37 1 52
28 2 29
29 2 22
40 1 64
23 8 24
27 1 15
39 1 30
22 8 10
52 2 57
10 8 15
17 1 14
18 8 20
83 1 7
52 1 30
80 2 10
81 2 7
49 2 7
14 8 17
56 8 64
10 2 14
73 2 45
? 1 github_java_program_data/31/44.java

15 1 7
63 2 53
25 1 28
27 1 17
7 2 19
63 2 27
25 8 80
49 1 25
17 1 49
37 8 53
12 8 17
52 1 25
12 2 10
30 8 31
38 1 37
83 8 48
31 8 42
40 1 63
10 8 14
63 1 15
26 1 25
10 2 28
7 8 12
64 1 31
7 1 81
40 1 36
10 1 81
30 8 56
37 2 7
31 2 62
36 1 30
20 1 16
80 1 25
42 1 38
37 8 62
25 8 52
40 1 27
50 2 56
84 2 56
55 8 25
31 8 64
10 2 12
37 1 53
31 2 26
20 2 10
7 8 10
15 8 26
14 2 10
7 2 22
37 1 45
45 1 65
81 1 25
22 8 25
31 1 25
30 8 81
81 8 10
18 1 17
10 5 7
80 8 10
17 8 18
19 2 7
85 1 26
26 1 17
81 1 30
20 8 45
28 2 10
29 2 28
7 2 37
22 2 7
37 8 38
7 8 15
10 2 20
15 1 10
86 8 37
14 1 7
40 1 64
56 1 30
49 2 7
31 8 51
10 2 26
18 2 16
7 1 10
45 8 37
30 1 29
26 8 85
17 2 15
42 1 31
64 1 62
14 1 10
50 1 25
26 2 56
22 2 29
7 12 10
45 1 20
83 1 19
27 2 63
26 2 10
14 2 7
7 2 28
25 8 81
80 1 30
37 2 51
25 8 31
25 1 10
53 2 63
25 1 7
50 2 31
84 1 25
49 1 30
26 2 31
49 2 10
80 1 7
7 11 10
53 8 40
7 5 10
56 2 50
40 1 53
45 1 12
10 8 45
16 8 20
45 1 40
28 8 30
53 1 40
12 8 45
7 2 81
30 1 28
63 8 40
22 8 30
28 2 7
53 1 37
65 2 12
27 8 40
25 8 50
40 2 85
15 1 26
30 8 50
51 1 31
50 8 51
10 1 80
10 8 25
10 2 80
38 2 31
30 8 36
25 1 55
20 1 18
28 8 25
25 8 49
40 8 86
30 1 22
30 1 7
7 2 80
30 1 10
83 1 37
16 1 15
80 2 7
7 8 25
25 8 26
52 8 37
7 4 10
10 2 49
53 1 51
15 2 17
84 8 85
50 1 30
38 8 42
16 2 18
7 1 80
56 2 26
15 1 49
56 2 84
19 8 83
22 1 7
14 8 15
37 1 86
36 2 53
15 8 16
12 1 7
53 2 36
15 8 27
40 2 20
62 1 37
31 2 50
31 2 38
80 2 81
25 1 22
83 1 7
37 8 83
64 8 40
25 8 84
7 8 83
26 1 30
49 8 17
7 8 30
51 1 50
40 8 45
26 8 15
17 8 26
40 1 42
40 8 53
12 2 65
56 8 51
40 2 51
20 2 40
65 8 45
10 2 22
45 13 36
45 1 10
7 8 14
7 1 22
62 2 31
36 6 45
31 1 30
53 8 37
85 1 56
17 1 10
10 1 7
26 8 51
81 1 7
62 8 64
51 8 53
86 1 40
7 2 14
10 8 30
22 2 10
26 1 15
85 2 40
29 8 30
56 8 85
51 2 37
86 1 85
30 8 80
37 1 52
85 8 86
28 2 29
15 1 14
29 2 22
30 8 49
30 8 26
27 1 15
7 2 49
10 4 7
10 8 15
81 2 80
51 1 26
18 8 20
49 8 15
85 1 84
51 1 56
36 8 40
80 2 10
10 8 17
81 2 7
15 8 63
42 8 40
17 1 12
10 2 14
51 2 40
17 8 27
48 1 83
? 1 github_java_program_data/31/46.java

34 1 25
25 1 28
56 2 62
26 8 17
27 1 17
39 8 37
27 2 42
25 8 80
85 1 26
7 14 10
37 8 38
54 2 37
18 2 16
30 8 31
34 8 23
10 2 33
28 2 55
53 2 36
25 8 37
40 1 63
23 2 7
14 2 65
63 1 15
26 1 25
25 1 24
10 2 28
7 8 12
15 8 27
10 1 81
14 8 73
37 2 54
36 1 30
20 1 16
42 1 38
25 8 52
22 2 55
40 1 27
7 1 28
7 8 73
20 2 7
55 8 25
50 1 25
54 1 18
31 2 38
37 1 53
49 1 17
24 1 23
40 1 86
14 2 10
37 1 45
56 2 84
54 2 10
34 1 30
31 1 25
30 8 81
81 8 10
40 8 38
7 2 81
31 2 49
10 5 7
80 8 10
31 8 85
25 1 29
26 1 17
25 8 57
10 8 24
45 1 14
20 8 45
35 2 28
49 2 56
29 2 28
40 1 113
25 8 32
18 8 54
113 8 40
12 2 19
10 1 7
37 2 10
30 1 24
30 1 35
27 2 63
25 1 35
10 8 83
52 8 40
33 8 35
40 1 52
7 8 45
45 2 73
10 2 26
25 2 30
26 8 85
39 1 25
30 8 57
25 8 39
36 2 52
32 1 25
10 8 12
7 12 10
45 1 20
31 2 62
66 1 7
26 2 10
14 2 7
64 2 63
25 8 81
51 1 56
37 2 51
25 1 7
52 2 27
84 1 25
32 2 34
56 2 49
49 1 30
83 1 10
85 1 49
73 1 37
53 8 40
26 2 7
83 2 66
30 8 34
62 2 56
25 1 10
45 1 40
53 1 40
24 8 25
30 1 7
22 8 30
28 2 7
45 1 7
25 8 50
54 8 73
52 2 86
51 1 49
56 2 50
10 2 54
14 2 19
51 1 31
50 8 51
30 8 56
10 1 28
30 8 36
65 8 73
7 2 54
20 1 18
23 1 34
37 1 36
40 8 86
73 1 40
52 2 53
7 2 80
30 1 10
7 5 10
80 2 7
52 2 36
7 8 25
10 2 37
56 2 38
54 2 40
25 8 34
10 2 49
38 2 31
85 8 53
37 1 25
33 1 32
35 8 25
62 1 40
16 2 18
80 1 7
81 2 10
37 1 63
15 1 49
73 1 54
10 7 7
57 2 42
7 2 20
14 8 15
37 1 86
28 1 7
15 8 16
24 1 7
66 2 83
42 1 56
40 1 57
56 8 42
37 1 27
35 1 33
28 8 10
25 8 84
84 2 31
55 2 22
26 1 30
18 1 15
17 1 26
19 8 45
86 2 52
51 1 50
53 1 51
84 8 85
17 8 26
40 2 54
10 8 45
20 2 40
38 1 40
10 2 22
33 2 10
37 1 64
7 8 14
57 2 64
20 2 10
36 6 73
28 2 35
30 8 37
63 2 53
85 1 56
17 1 10
31 8 42
64 1 56
86 1 40
10 8 30
22 2 10
30 2 25
85 2 40
15 1 12
29 8 30
56 8 85
86 1 85
30 8 80
7 1 10
80 1 25
15 1 14
30 8 49
30 8 26
86 1 37
12 8 15
36 6 45
37 8 62
10 4 7
81 2 80
12 2 7
51 1 26
35 1 7
57 1 25
65 2 19
49 1 15
49 8 15
32 1 30
53 1 37
36 8 40
10 8 17
15 8 63
42 8 40
17 1 12
17 8 27
10 8 73
42 2 57
42 8 37
10 2 23
15 1 7
7 11 10
51 8 86
40 2 85
49 1 25
17 1 49
37 8 53
12 8 17
52 1 25
12 2 10
38 1 37
63 2 86
42 2 27
7 8 24
83 8 48
57 1 30
33 2 7
26 2 31
10 8 14
38 8 42
24 1 10
51 8 53
7 1 81
40 1 36
23 1 32
40 8 53
53 2 63
37 8 25
35 1 10
22 2 24
73 8 37
85 8 86
73 1 7
25 8 56
7 2 23
86 2 57
37 1 39
84 2 56
73 1 10
50 2 56
31 2 50
73 1 14
7 2 49
10 2 12
7 2 33
7 8 10
15 8 26
15 8 18
31 2 26
45 1 65
81 1 25
22 8 25
22 2 29
19 2 10
18 1 17
25 1 55
17 8 18
36 2 53
30 8 32
37 1 30
10 1 22
28 2 10
31 2 84
22 2 7
24 2 22
7 8 15
10 2 20
34 8 33
86 8 40
28 8 25
26 8 15
86 8 37
7 8 17
14 1 7
56 1 30
54 2 7
65 2 14
31 8 51
63 2 64
50 2 31
19 2 14
51 2 37
45 8 37
16 8 54
55 2 28
42 1 31
7 2 26
64 1 62
14 1 10
31 8 64
37 8 73
29 8 25
25 8 31
84 1 30
7 2 28
80 1 30
63 2 27
57 8 40
45 1 19
27 8 40
73 1 65
49 8 51
23 2 10
49 2 10
7 1 80
85 1 31
12 1 10
40 1 53
49 8 85
45 1 12
16 8 20
7 1 22
28 8 30
62 8 64
12 8 45
7 8 66
30 1 28
63 8 40
37 1 57
83 1 19
63 1 17
86 2 63
48 1 83
35 8 30
15 1 26
30 8 50
24 8 30
10 1 80
10 8 25
10 2 80
66 8 48
33 1 34
30 1 29
34 2 32
54 1 16
17 8 49
30 8 84
7 7 10
10 2 81
30 1 22
30 8 52
83 1 37
16 1 15
53 1 85
37 1 73
10 8 35
25 8 26
52 8 37
7 4 10
80 2 81
50 1 30
7 2 12
56 1 25
81 1 30
16 1 17
26 1 15
24 2 28
19 8 83
36 1 25
22 1 7
55 8 30
73 13 36
12 1 7
32 8 23
32 8 33
63 8 37
62 1 37
30 1 55
37 8 86
15 8 49
27 8 37
25 8 36
25 1 22
49 2 31
17 1 7
37 8 83
64 8 37
64 8 40
14 8 17
40 8 62
49 8 17
25 8 49
7 8 35
7 8 30
40 8 45
64 2 57
36 8 37
40 1 42
17 8 63
48 1 66
56 8 51
38 2 56
65 8 45
45 13 36
37 1 42
45 1 10
17 8 16
62 2 31
53 2 52
14 8 45
10 2 19
31 1 30
53 8 37
40 2 20
15 1 10
26 8 51
19 2 12
81 1 7
64 1 31
86 1 51
57 2 52
7 2 14
7 2 22
10 2 14
28 2 24
25 1 37
37 1 52
57 2 86
28 2 29
29 2 22
40 1 64
23 8 24
27 1 15
22 8 10
52 2 57
10 8 15
17 1 14
18 8 20
57 8 37
85 1 84
52 1 30
80 2 10
81 2 7
49 2 7
56 8 64
27 2 52
73 2 45
40 8 73
19 2 65
? 1 github_java_program_data/31/524.java

25 1 28
26 8 17
27 1 17
27 2 42
25 8 80
85 1 26
7 14 10
37 8 38
30 8 31
34 8 23
10 2 33
28 2 55
11 8 14
23 2 7
85 8 53
26 1 25
25 1 24
10 2 28
7 8 12
45 8 40
15 8 27
10 1 81
30 8 57
20 1 16
25 8 52
22 2 55
7 1 28
55 8 25
37 8 86
37 1 53
49 1 17
24 1 23
40 1 86
14 2 10
52 2 63
84 1 30
34 1 30
31 1 25
30 8 81
81 8 10
31 2 49
80 8 10
7 2 26
25 1 29
26 1 17
25 8 57
10 8 24
20 2 37
20 8 45
35 2 28
29 2 28
10 5 7
25 8 32
10 1 7
30 1 24
30 1 35
27 2 63
25 1 35
10 8 83
33 8 35
40 1 52
40 2 10
10 2 26
26 8 85
35 1 7
50 1 25
26 2 56
14 1 11
32 1 25
10 8 12
7 12 10
45 1 20
66 1 7
26 2 10
14 2 7
25 8 81
37 2 20
37 2 51
52 2 27
84 1 25
28 2 22
83 1 10
85 1 49
26 2 7
5 1 7
40 1 45
30 8 34
57 8 40
25 1 7
53 1 40
10 8 30
25 8 31
22 8 30
26 1 30
56 2 26
56 2 49
25 8 50
52 2 86
40 2 85
56 2 50
26 2 31
30 8 56
10 1 28
25 1 55
23 1 34
17 2 15
52 2 53
49 1 30
30 1 10
7 5 10
80 2 7
40 8 83
7 8 25
25 8 34
10 2 49
33 1 32
35 8 25
80 1 7
37 1 63
15 1 49
57 2 42
14 8 15
37 1 86
28 1 7
15 8 16
24 1 7
11 2 7
52 8 40
40 1 57
37 1 27
12 1 10
35 1 33
28 8 10
25 8 84
84 2 31
55 2 22
28 2 7
17 1 26
19 8 45
86 2 52
51 1 50
53 1 51
84 8 85
17 8 26
10 8 45
10 2 19
63 2 86
10 2 22
33 2 10
22 2 10
7 8 14
20 2 10
7 2 11
28 2 35
42 8 37
17 1 10
53 2 57
31 8 42
51 8 53
35 1 10
24 8 25
85 2 37
10 2 40
85 2 40
29 8 30
34 1 25
86 1 85
30 8 80
7 1 10
80 1 25
15 1 14
30 8 49
30 8 26
86 1 37
10 4 7
22 2 28
81 2 80
12 2 7
7 2 80
51 1 26
57 1 25
65 2 19
49 1 15
49 8 15
32 1 30
51 1 56
10 8 17
27 2 52
17 1 12
51 2 40
17 8 27
42 2 57
10 2 23
15 1 7
7 8 5
57 2 53
51 8 86
51 1 49
49 1 25
17 1 49
49 2 56
12 8 17
52 1 25
12 2 10
38 1 37
7 8 24
83 8 48
57 1 30
5 8 48
33 2 7
50 8 51
10 8 14
15 2 17
38 8 42
24 1 10
7 1 81
23 1 32
40 8 53
53 2 27
57 2 52
22 2 24
23 2 10
85 8 86
25 8 56
7 2 23
86 2 57
12 2 19
42 2 27
50 2 56
7 2 49
10 2 12
7 8 10
15 8 26
31 2 26
45 1 65
30 1 29
22 8 25
22 2 29
19 2 10
30 8 32
37 2 85
45 1 37
10 1 22
28 2 10
31 2 84
22 2 7
24 2 22
7 8 15
34 8 33
86 8 40
28 8 25
26 8 15
86 8 37
7 8 17
14 1 7
56 1 30
80 2 10
27 2 53
51 2 37
81 1 25
55 2 28
42 1 31
14 1 10
31 8 85
83 1 40
29 8 25
7 2 28
19 2 65
25 1 10
45 1 19
5 2 83
23 8 24
49 8 51
49 2 10
7 1 80
85 1 31
63 2 27
5 2 66
49 8 85
45 1 12
16 8 20
7 1 22
28 8 30
12 8 45
30 1 28
10 2 80
37 1 57
83 1 19
63 1 17
86 2 63
48 1 83
35 8 30
15 1 26
30 8 50
24 8 30
10 1 80
10 8 25
10 8 35
66 8 48
33 1 34
83 2 5
17 8 49
30 8 84
7 7 10
30 1 22
30 1 7
30 8 52
16 1 15
53 1 85
7 2 33
25 8 26
52 8 37
7 4 10
80 2 81
50 1 30
7 2 12
56 1 25
37 8 45
63 2 52
26 1 15
19 8 83
22 1 7
55 8 30
12 1 7
32 8 23
32 8 33
63 8 37
42 1 38
30 1 55
31 2 38
15 8 49
27 8 37
25 1 22
49 2 31
17 1 7
7 11 10
49 8 17
25 8 49
7 8 35
7 8 30
38 2 31
81 1 30
17 8 63
48 1 66
56 8 51
40 2 51
65 8 45
66 2 5
37 1 42
45 1 10
53 2 52
31 1 30
53 8 37
10 7 7
15 1 10
26 8 51
19 2 12
81 1 7
86 1 51
7 2 14
7 2 22
10 2 20
37 1 52
57 2 86
28 2 29
29 2 22
80 1 30
48 1 5
27 1 15
22 8 10
52 2 57
10 8 15
57 8 37
85 1 84
52 1 30
49 2 7
10 2 14
7 8 66
? 1 github_java_program_data/31/533.java

7 2 19
27 2 90
25 1 28
56 2 62
90 2 112
26 8 17
27 1 17
90 1 19
25 8 80
85 1 26
7 14 10
112 1 65
27 2 57
54 2 37
18 2 16
30 8 31
34 8 23
14 8 17
28 2 55
35 2 22
40 1 63
23 2 7
14 2 65
63 1 15
26 1 25
25 1 24
65 8 112
7 8 12
57 2 53
45 8 40
40 1 39
15 8 27
10 1 81
30 8 57
37 2 54
20 1 16
42 1 38
25 8 52
22 2 55
64 2 86
28 2 22
40 1 27
7 1 28
10 8 12
17 1 65
52 8 40
20 2 7
55 8 25
54 1 18
31 2 38
37 1 53
25 8 49
97 8 83
19 2 7
24 1 23
14 2 10
52 2 63
31 8 51
56 2 84
26 8 73
34 1 30
30 8 81
81 8 10
40 8 38
22 2 35
80 8 10
37 1 27
25 1 29
23 8 24
26 1 17
25 8 57
10 8 24
20 2 37
45 1 14
20 8 45
35 2 28
29 2 28
10 5 7
25 8 32
18 8 54
10 1 7
30 1 24
30 1 35
27 2 63
40 1 64
45 13 39
40 1 73
33 8 35
40 1 52
7 8 45
10 2 26
90 8 40
26 8 85
12 2 10
35 1 7
50 1 25
26 2 56
32 1 25
10 8 12
7 12 10
45 1 20
28 8 10
66 1 7
26 2 10
14 2 7
83 1 97
25 1 7
7 2 28
37 2 20
25 8 81
32 2 34
49 1 30
14 8 73
40 1 90
7 8 53
73 1 37
26 2 7
5 1 7
40 1 45
30 8 34
62 2 56
73 2 45
25 1 10
10 8 47
45 1 40
53 1 40
10 8 30
30 1 7
22 8 30
28 2 7
56 2 26
45 1 7
65 2 12
25 8 50
54 8 73
56 2 50
10 2 54
14 2 19
51 1 31
50 8 51
30 8 56
10 1 28
65 8 73
7 2 54
20 1 18
23 1 34
37 1 36
17 2 15
7 2 80
30 1 10
7 5 10
25 1 35
40 8 83
20 2 40
7 8 25
10 2 19
25 8 34
10 2 49
38 2 31
12 8 73
33 1 32
35 8 25
16 2 18
80 1 7
81 2 10
97 2 7
37 1 63
15 1 49
10 2 28
73 1 54
10 7 7
12 8 48
7 2 20
14 8 15
28 1 7
15 8 16
24 1 7
53 2 59
97 1 59
5 2 12
42 1 56
40 1 57
56 8 42
53 8 97
90 1 10
7 2 33
36 2 42
35 1 33
42 2 63
47 1 10
55 2 22
26 1 30
17 1 26
19 8 45
51 1 50
53 1 51
84 8 85
17 8 26
10 8 45
38 1 40
19 8 15
97 1 53
17 1 19
10 2 22
33 2 10
37 1 64
10 8 5
28 2 35
42 8 37
63 2 53
85 1 56
45 1 47
59 1 10
31 8 42
51 8 53
23 2 10
35 1 10
24 8 25
85 2 37
22 2 10
73 8 40
15 1 12
29 8 30
34 1 25
39 6 45
86 1 85
112 1 7
30 8 80
7 1 10
7 8 14
54 8 112
30 8 49
65 8 15
30 8 26
86 1 37
12 8 15
25 8 56
10 4 7
20 2 10
81 2 80
12 2 7
51 1 26
57 1 25
49 8 15
32 1 30
51 1 56
10 8 17
15 8 63
19 8 90
17 1 12
51 2 40
10 8 59
17 8 27
10 8 73
112 8 40
10 2 23
31 2 62
15 1 7
7 8 5
7 11 10
73 1 26
7 8 12
17 1 10
40 1 86
54 2 10
49 1 25
17 1 49
12 8 17
53 2 57
52 1 25
15 1 65
26 2 65
112 2 45
42 2 27
7 8 24
83 8 48
57 1 30
5 8 48
33 2 7
26 2 31
10 8 14
15 2 17
38 8 42
24 1 10
63 2 57
64 1 56
7 1 81
23 1 32
80 2 7
40 8 53
112 1 54
53 2 63
57 2 27
27 2 42
90 1 20
22 2 24
56 8 85
85 8 86
50 2 31
37 8 62
7 2 23
12 2 19
84 2 56
73 1 10
50 2 56
31 2 50
73 1 14
7 2 49
10 2 12
30 8 39
20 8 90
7 8 10
59 2 53
15 8 26
31 2 26
30 1 29
22 8 25
83 1 40
57 2 63
19 2 10
18 1 17
25 1 55
17 8 18
30 8 32
37 2 85
83 2 5
65 2 26
10 1 22
28 2 10
52 2 42
22 2 7
53 1 7
7 8 15
90 1 37
34 8 33
86 8 40
15 1 10
26 8 15
7 8 17
14 1 7
56 1 30
54 2 7
65 2 14
39 8 40
63 2 64
19 2 14
62 2 31
64 2 63
16 8 54
55 2 28
42 1 31
64 1 62
14 1 10
31 8 64
37 8 73
22 2 29
29 8 25
15 1 14
84 1 30
30 8 52
26 1 10
63 2 27
57 8 40
45 1 19
5 2 83
27 8 40
73 1 65
7 8 112
49 2 10
7 1 80
12 1 10
5 2 66
80 1 25
86 2 64
97 2 40
16 8 20
7 1 22
28 8 30
62 8 64
19 2 47
30 1 28
63 8 40
37 1 57
83 1 19
63 1 17
48 1 83
10 2 81
35 8 30
15 1 26
24 8 30
10 1 80
10 8 25
12 1 10
10 2 80
66 8 48
33 1 34
47 2 19
7 2 26
22 2 28
54 1 16
28 8 25
30 8 84
37 8 90
7 7 10
12 1 7
30 1 22
56 2 38
73 1 12
16 1 15
45 2 73
10 8 35
25 8 26
19 8 17
52 8 37
42 2 52
65 8 17
7 4 10
112 2 90
80 2 81
7 2 12
56 1 25
17 8 63
63 2 52
26 1 15
59 8 97
19 8 83
40 2 97
22 1 7
55 8 30
12 1 7
32 8 23
32 8 33
63 8 37
63 2 42
62 1 37
30 1 55
37 8 86
47 8 45
27 8 37
7 2 81
25 1 22
83 1 7
40 2 51
7 2 65
17 1 7
64 8 37
64 8 40
7 8 83
45 2 112
49 8 17
10 2 33
7 8 35
7 8 30
90 2 27
40 8 45
42 2 36
36 8 37
7 2 97
81 1 30
12 2 65
24 2 28
48 1 66
56 8 51
38 2 56
37 8 112
66 2 5
37 1 42
45 1 10
34 2 32
10 8 26
28 2 24
14 8 45
10 8 90
31 1 30
53 8 37
24 2 22
40 2 20
26 8 51
19 2 12
81 1 7
64 1 31
65 2 7
57 2 52
7 2 14
112 1 37
7 2 22
10 2 20
37 1 52
28 2 29
15 1 19
29 2 22
80 1 30
48 1 5
12 2 5
27 1 15
39 1 30
22 8 10
52 2 57
10 8 15
17 1 14
5 1 10
18 8 20
48 1 12
57 8 37
85 1 84
52 1 30
80 2 10
81 2 7
49 2 7
56 8 64
81 1 25
10 2 14
40 1 112
7 8 66
? 1 github_java_program_data/31/555.java

7 2 19
5 2 12
25 1 28
31 8 51
56 2 62
26 8 17
27 1 17
22 2 35
25 8 80
85 1 26
7 14 10
27 2 57
30 8 31
34 8 23
10 2 33
28 2 55
35 2 22
40 1 63
23 2 7
14 2 65
63 1 15
26 1 25
25 1 24
10 2 28
7 8 12
57 2 53
40 1 39
15 8 27
10 1 81
33 8 24
35 1 7
28 2 83
20 1 16
25 8 52
22 2 55
31 2 84
28 2 22
40 1 27
7 1 28
31 2 50
10 2 65
55 8 25
37 1 53
49 1 17
37 8 73
97 8 83
19 2 7
24 1 23
40 1 86
14 2 10
52 2 63
37 1 45
34 1 30
31 1 25
30 8 81
81 8 10
57 2 42
40 8 38
7 2 81
31 2 49
80 8 10
7 2 26
25 1 29
23 8 24
26 1 17
25 8 57
10 8 24
20 2 37
45 1 14
32 8 23
35 2 28
49 2 56
29 2 28
97 2 23
10 5 7
25 8 32
12 8 17
10 8 97
10 1 7
84 8 85
30 1 24
30 1 35
27 2 63
25 1 35
33 8 35
40 2 10
7 8 45
10 2 26
26 8 85
30 8 57
50 1 25
26 1 7
26 2 56
32 1 25
10 8 12
7 12 10
12 1 65
66 1 7
40 2 85
65 8 12
26 2 10
14 2 7
83 1 97
25 1 7
7 2 28
37 2 51
37 2 20
25 8 81
52 2 27
84 1 25
49 1 30
85 1 49
73 1 37
53 8 40
20 8 73
5 1 7
30 8 34
62 2 56
57 8 40
45 1 40
27 2 52
24 8 25
30 1 7
22 8 30
26 1 30
56 2 26
45 1 7
25 8 50
52 2 86
5 8 48
56 2 50
51 1 31
50 8 51
30 8 56
10 1 28
38 2 56
65 8 73
7 2 54
23 1 34
40 8 86
65 2 10
52 2 53
7 2 80
30 1 10
7 5 10
49 8 85
7 8 25
56 2 38
25 8 34
39 6 73
10 2 49
85 8 53
12 8 73
33 1 32
35 8 25
62 1 40
80 1 7
107 2 12
81 2 10
24 1 10
37 1 63
31 8 85
15 1 49
19 8 12
12 8 48
30 1 83
14 8 15
37 1 86
28 1 7
15 8 16
24 1 7
26 2 7
12 1 10
40 1 57
56 8 42
37 1 27
35 1 33
28 8 10
25 8 84
84 2 31
55 2 22
28 2 7
54 2 40
17 1 26
86 2 52
51 1 50
53 1 51
26 8 15
17 8 26
27 2 86
10 2 19
26 8 45
38 1 40
10 2 22
40 8 107
33 2 10
22 2 10
20 2 10
28 2 35
85 1 56
17 1 10
53 2 57
64 1 56
86 1 40
10 8 30
85 2 37
37 1 64
73 8 40
15 1 12
29 8 30
56 8 85
86 1 85
30 8 80
7 1 10
7 8 14
15 1 14
19 8 107
30 8 49
30 8 26
86 1 37
12 8 15
66 2 5
10 4 7
22 2 28
12 2 7
51 1 26
53 2 52
57 1 25
12 1 19
65 2 19
49 1 15
49 8 15
32 1 30
51 1 56
36 8 40
10 8 17
15 8 63
42 8 40
17 1 12
51 2 40
17 8 27
10 8 73
42 2 57
10 2 23
15 1 7
7 8 5
7 8 12
39 2 57
51 8 86
51 1 49
49 1 25
17 1 49
37 8 53
19 8 14
52 1 25
12 2 10
26 2 65
63 2 86
42 2 27
7 8 24
57 1 30
45 1 54
33 2 7
26 2 31
10 8 14
38 8 42
7 8 26
24 8 30
73 1 19
51 8 53
7 1 81
40 1 36
107 1 40
23 1 32
80 2 7
40 2 54
37 2 23
57 2 27
27 2 42
35 1 10
22 2 24
34 1 25
85 8 86
50 2 31
25 8 56
7 2 23
86 2 57
23 8 83
12 2 19
84 2 56
107 1 19
73 1 10
50 2 56
7 2 49
56 2 49
7 2 33
7 8 10
15 8 26
31 2 26
45 1 65
30 1 29
22 8 25
22 2 29
85 2 40
19 2 10
25 1 55
30 8 32
37 2 85
65 2 26
10 1 22
28 2 10
10 8 107
22 2 7
24 2 22
7 8 15
10 2 20
34 8 33
86 8 40
17 8 49
86 1 51
86 8 37
7 8 17
14 1 7
56 1 30
54 2 7
65 2 14
39 8 40
23 2 37
107 1 10
51 2 37
45 8 37
81 1 25
56 2 84
64 1 62
14 1 10
12 1 7
35 1 23
29 8 25
25 8 31
84 1 30
30 8 52
19 2 65
63 2 27
25 1 10
27 8 40
86 2 27
73 1 65
49 8 51
23 2 10
52 1 30
49 2 10
7 1 80
85 1 31
42 1 56
40 1 53
5 2 66
80 1 25
97 1 10
16 8 20
7 1 22
28 8 30
10 2 40
62 8 64
30 1 28
63 8 40
37 1 57
53 1 37
63 1 17
86 2 63
22 8 10
35 8 30
15 1 26
30 8 50
107 8 48
10 1 80
10 8 25
10 2 80
66 8 48
33 1 34
28 8 25
30 8 84
73 13 39
7 7 10
10 2 81
30 1 22
73 1 12
83 1 37
16 1 15
53 1 85
10 8 35
25 8 26
52 8 37
83 8 30
7 4 10
50 1 30
7 2 12
56 1 25
81 1 30
55 2 28
26 1 15
24 2 28
12 2 5
63 2 52
22 1 7
55 8 30
12 1 7
24 1 33
32 8 33
63 8 37
42 1 38
30 1 55
37 8 86
15 8 49
27 8 37
83 2 28
45 1 26
25 1 22
40 1 73
49 2 31
17 1 7
37 8 83
64 8 37
7 11 10
40 8 62
49 8 17
25 8 49
7 8 35
7 8 30
23 2 97
40 8 45
40 1 42
17 8 63
48 1 66
56 8 51
40 2 51
65 8 45
23 8 35
57 2 39
28 2 24
14 8 45
31 1 30
53 8 37
10 7 7
15 1 10
26 8 51
19 2 12
81 1 7
57 2 52
7 2 14
83 1 23
7 2 22
14 1 19
54 8 45
37 1 52
57 2 86
28 2 29
29 2 22
80 1 30
48 1 5
27 1 15
48 1 107
52 2 57
10 8 15
17 1 14
19 8 73
10 2 12
48 1 12
57 8 37
85 1 84
14 8 17
80 2 10
81 2 7
73 1 20
49 2 7
56 8 64
10 2 14
7 8 66
12 2 107
? 1 github_java_program_data/31/77.java

30 8 62
7 2 19
27 2 90
25 1 28
37 1 45
30 8 84
37 1 83
73 2 90
26 8 17
27 1 17
22 2 35
31 2 49
85 1 26
12 1 7
37 8 38
18 2 16
30 8 31
34 8 23
10 2 33
45 2 83
29 2 28
28 2 55
27 2 45
35 2 22
26 2 56
45 2 27
40 1 63
23 2 7
14 2 65
63 1 15
26 1 25
25 1 24
10 2 28
7 8 12
57 2 53
35 2 37
15 8 27
10 1 81
51 1 84
35 1 7
32 8 35
17 1 94
20 1 16
83 2 45
25 8 52
22 2 55
31 2 84
28 2 22
40 1 27
7 1 28
94 2 7
10 2 80
7 8 73
10 2 65
55 8 25
54 1 18
31 2 38
37 1 53
49 1 17
97 8 83
19 2 7
24 1 23
40 1 86
14 2 10
31 8 51
56 2 84
34 1 30
31 1 25
30 8 81
7 14 10
81 8 10
26 8 15
40 8 38
7 2 81
80 8 10
37 1 27
94 1 30
25 1 29
31 8 122
26 1 17
25 8 57
10 8 24
20 2 37
45 1 14
20 8 45
35 2 28
49 2 56
49 2 31
10 5 7
25 8 32
83 1 65
18 8 54
10 1 7
30 1 24
30 1 35
27 2 63
40 1 64
10 8 83
37 2 35
33 8 35
40 1 52
7 8 45
10 2 26
42 2 52
90 8 40
26 8 85
12 2 10
30 8 57
35 1 33
50 1 25
26 1 7
15 1 14
38 8 64
32 1 25
10 8 12
7 12 10
45 1 20
12 1 65
40 2 85
65 8 12
26 2 10
14 2 7
83 1 97
25 1 7
7 2 28
37 2 51
37 2 20
25 8 81
50 2 31
84 1 25
32 2 34
56 2 49
49 1 30
83 1 10
94 8 17
73 1 37
53 8 40
20 8 73
90 1 54
30 8 34
62 2 56
25 1 10
19 2 65
53 1 40
10 8 30
55 2 22
25 8 31
40 8 90
26 1 30
56 2 26
45 1 7
65 2 12
25 8 50
54 2 40
52 2 86
51 1 49
56 2 50
51 1 31
50 8 51
30 8 56
10 1 28
25 1 55
7 2 54
20 1 18
23 1 34
37 1 36
40 8 86
40 1 59
7 2 80
30 1 10
7 5 10
49 8 85
52 2 36
40 8 83
7 8 25
56 2 38
56 8 85
25 8 34
10 2 49
85 8 53
12 8 73
33 1 32
35 8 25
10 8 66
16 2 18
80 1 7
53 2 63
81 2 10
24 1 10
37 1 63
65 2 10
15 1 49
37 2 7
85 1 31
7 2 20
14 8 15
37 1 86
28 1 7
15 8 16
24 1 7
97 1 59
26 2 7
52 8 40
40 1 57
56 8 42
20 2 7
31 8 85
66 2 107
15 8 63
122 8 30
122 1 31
42 2 63
28 8 10
107 2 66
25 8 84
84 2 31
41 2 62
25 8 62
18 1 15
17 1 26
19 8 45
31 2 62
120 1 41
86 2 52
51 1 50
53 1 51
84 8 85
17 8 26
40 2 54
90 2 73
26 8 73
27 2 86
63 2 86
19 8 15
38 1 40
17 1 19
10 2 22
33 2 10
90 1 19
28 2 35
42 8 37
64 1 56
85 1 56
17 1 10
66 1 10
31 8 42
51 8 53
86 1 40
24 8 25
85 2 37
22 2 10
7 11 10
73 8 40
15 1 12
29 8 30
35 1 32
37 8 107
30 1 7
59 1 7
30 8 80
7 1 10
42 1 31
54 8 90
19 8 107
30 8 49
65 8 15
30 8 26
86 1 37
12 8 15
10 4 7
22 2 28
7 8 90
22 8 30
57 1 25
65 2 19
49 1 15
49 8 15
30 8 94
32 1 30
51 1 56
14 8 45
10 8 17
120 1 56
42 8 40
17 1 12
86 2 63
90 1 40
17 8 27
41 8 120
30 8 41
10 2 23
37 1 61
15 1 7
63 2 53
120 1 62
35 2 20
73 1 26
12 2 7
51 2 37
51 8 86
90 1 7
135 1 25
49 1 25
17 1 49
37 8 53
12 8 17
53 2 57
52 1 25
15 1 65
38 1 37
7 8 24
57 1 30
33 2 7
26 2 31
10 8 14
38 8 42
7 8 26
107 8 48
62 8 120
7 1 81
23 1 32
62 2 41
40 8 53
36 2 52
7 8 107
53 2 27
35 1 10
22 2 24
34 1 25
7 8 14
73 1 7
25 8 56
64 2 63
7 2 23
12 2 19
84 2 56
107 1 19
50 2 56
31 2 50
7 2 49
10 2 12
7 8 10
15 8 26
15 8 18
31 2 26
45 1 65
81 1 25
37 8 45
83 1 40
85 2 40
107 1 37
18 1 17
65 8 73
17 8 18
19 8 17
37 2 85
65 2 26
45 1 37
10 1 22
65 8 83
52 2 42
7 2 37
22 2 7
24 2 22
7 8 15
34 8 33
86 8 40
15 1 10
86 1 51
86 8 37
7 8 17
14 1 7
56 1 30
54 2 7
65 2 14
84 1 30
122 1 62
42 1 56
27 2 53
62 2 31
45 8 37
16 8 54
62 8 122
62 1 25
22 8 25
14 1 10
37 8 73
22 2 29
29 8 25
61 8 37
86 2 53
83 1 19
29 2 22
43 1 25
73 1 12
80 1 30
63 2 27
57 8 40
45 1 19
27 8 40
86 2 27
62 2 43
73 1 65
49 8 51
23 2 10
52 1 30
49 2 10
7 1 80
122 1 43
27 2 52
12 1 10
40 1 53
80 2 7
97 2 40
16 8 20
7 1 22
28 8 30
43 2 62
30 1 28
63 8 40
37 1 57
53 1 37
63 1 17
30 1 122
48 1 107
35 8 30
59 8 40
15 1 26
30 8 50
24 8 30
28 8 25
10 1 80
10 8 25
40 1 90
7 2 33
66 8 48
33 1 34
30 1 29
34 2 32
54 1 16
17 8 49
25 8 49
7 7 10
10 2 81
30 1 22
30 8 52
16 1 15
53 1 85
10 8 35
51 1 26
25 8 26
30 8 32
52 8 37
28 2 7
7 4 10
37 1 135
50 1 30
7 2 12
56 1 25
81 1 30
97 2 10
16 1 17
55 2 28
26 1 15
24 2 28
59 8 97
19 8 83
36 1 25
22 1 7
55 8 30
35 8 45
135 8 37
32 8 23
32 8 33
56 8 120
63 8 37
63 2 42
42 1 38
30 1 55
37 8 86
28 2 10
15 8 49
27 8 37
25 8 36
107 1 7
43 8 122
25 1 22
40 1 73
40 2 51
25 1 120
120 8 25
17 1 7
10 2 97
7 2 94
64 8 40
41 1 30
49 8 17
85 1 49
7 8 35
7 8 30
53 2 86
38 2 31
36 8 37
40 1 42
12 2 65
17 8 63
48 1 66
56 8 51
56 2 62
38 2 56
84 8 51
65 8 45
45 13 36
37 1 42
52 2 27
17 8 16
25 8 135
28 2 24
19 8 90
36 6 45
31 1 30
53 8 37
10 7 7
26 8 51
19 2 12
81 1 7
90 2 27
57 2 52
7 2 14
64 1 38
62 1 30
7 2 22
20 2 35
7 2 26
51 2 40
37 1 52
25 8 43
28 2 29
45 1 35
25 1 35
23 8 24
27 1 15
22 8 10
52 2 57
10 8 15
17 1 14
18 8 20
26 2 65
57 8 37
40 2 97
85 1 84
14 8 17
80 2 10
81 2 7
73 1 20
49 2 7
63 2 64
56 8 64
7 8 59
10 2 14
15 1 19
83 8 37
? 1 github_java_program_data/31/86.java

5 2 12
25 1 28
137 2 156
97 2 10
27 1 17
23 1 7
39 8 37
22 2 35
25 8 80
85 1 26
37 2 137
54 2 37
18 2 16
30 8 31
34 8 23
10 2 33
156 1 20
28 2 55
35 2 22
40 1 63
23 2 7
85 8 53
26 1 25
25 1 24
10 2 28
7 8 12
57 2 53
10 1 81
33 8 24
14 8 73
37 2 54
36 1 30
20 1 16
83 2 45
25 8 52
22 2 55
85 1 84
28 2 22
40 1 27
7 1 28
30 1 55
20 2 7
55 8 25
54 1 18
137 8 138
37 1 53
25 8 49
37 8 73
20 2 10
24 1 23
40 1 86
14 2 10
12 2 107
37 1 45
34 1 30
31 1 25
30 8 81
7 14 10
81 8 10
26 8 15
7 2 81
7 1 33
7 2 26
10 8 12
23 8 24
26 1 17
81 1 30
10 8 24
20 2 37
20 8 45
35 2 28
29 2 28
10 5 7
25 8 32
83 1 65
18 8 54
10 1 7
30 1 35
27 2 63
10 8 83
40 1 52
10 2 26
138 1 37
90 8 40
36 6 45
26 8 85
35 1 7
50 1 25
26 1 7
26 2 56
32 1 25
52 1 30
7 12 10
45 1 20
28 8 10
66 1 7
26 2 10
14 2 7
25 8 81
37 2 20
39 2 53
33 1 7
10 8 32
50 2 31
32 2 34
49 1 30
83 1 10
10 8 17
63 2 90
40 1 90
7 8 53
73 1 37
53 8 40
20 8 73
90 1 54
30 8 34
57 8 40
97 8 107
45 1 40
53 1 40
10 8 30
55 2 22
25 8 31
22 8 30
26 1 30
56 2 26
10 8 34
65 2 12
25 8 50
54 2 40
52 2 86
10 2 54
14 2 19
51 1 31
50 8 51
45 13 36
10 1 28
30 8 36
25 1 55
37 2 97
20 1 18
23 1 34
40 8 86
65 2 10
7 2 80
30 1 10
7 5 10
80 2 7
52 2 36
40 8 83
7 8 25
37 8 156
7 4 10
39 6 73
10 2 49
57 2 138
137 1 54
19 2 26
33 1 32
36 2 52
16 2 18
7 1 80
52 2 138
107 2 12
81 2 10
24 1 10
15 1 49
54 8 137
154 8 83
10 7 7
12 8 48
7 2 20
14 8 15
37 1 86
28 1 7
15 8 16
24 1 7
26 2 7
52 8 40
40 1 57
10 2 19
90 1 10
7 1 23
7 8 46
28 2 7
18 1 15
137 1 40
138 2 57
51 1 50
53 1 51
84 8 85
17 8 26
40 2 54
26 8 73
27 2 86
20 2 40
97 1 53
10 2 22
33 2 10
22 2 10
26 2 19
10 8 5
23 8 35
85 1 56
17 1 10
53 2 57
51 8 53
86 1 40
24 8 25
85 2 37
73 8 40
15 1 12
29 8 30
37 8 107
30 1 7
30 8 80
7 1 10
7 8 14
10 2 80
19 8 107
30 8 49
30 8 26
12 8 15
138 1 156
53 2 39
52 2 57
10 4 7
22 2 28
81 2 80
12 2 7
107 1 97
107 1 37
57 1 25
65 2 19
49 8 15
32 1 30
83 1 19
36 8 40
34 1 10
7 8 66
34 2 32
54 8 90
17 1 12
51 2 40
28 2 35
17 8 27
10 2 23
15 1 7
73 1 26
7 8 12
35 8 30
51 8 86
54 2 10
49 1 25
17 1 49
37 8 53
12 8 17
52 1 25
12 2 10
7 8 24
46 8 154
5 8 48
81 1 7
33 2 7
26 2 31
10 8 14
15 2 17
7 8 26
73 1 19
7 1 81
40 1 36
23 1 32
10 2 65
40 8 53
35 1 10
22 2 24
56 8 85
37 1 83
73 1 7
25 8 56
17 2 15
7 2 23
86 2 57
37 1 39
84 2 56
107 1 19
31 2 50
73 1 14
7 2 49
10 2 12
30 8 39
7 8 10
37 8 138
15 8 26
15 8 18
31 2 26
45 1 65
30 1 29
22 8 25
83 1 40
46 1 7
90 2 63
19 2 10
18 1 17
17 8 18
30 8 32
37 2 85
24 1 33
65 8 83
10 8 107
22 2 7
53 1 7
7 8 15
90 1 37
34 8 33
86 8 40
15 1 10
86 1 51
86 8 37
7 8 17
14 1 7
39 1 30
31 8 51
25 8 57
107 1 10
83 1 154
19 2 14
45 8 37
16 8 54
56 2 84
14 1 10
10 2 81
35 1 23
22 2 29
29 8 25
15 1 14
84 1 30
156 1 37
7 2 28
19 2 65
63 2 27
25 1 10
27 8 40
86 2 27
86 2 52
23 2 10
97 2 37
49 2 10
80 1 7
12 1 10
40 1 53
5 2 66
80 1 25
45 1 12
16 8 20
7 1 22
28 8 30
27 2 73
12 8 45
30 1 28
63 8 40
37 1 57
53 1 37
63 1 17
22 8 10
40 8 137
15 1 26
30 8 50
80 8 10
107 8 48
10 1 80
10 8 25
73 2 27
7 2 33
66 8 48
33 1 34
20 8 156
25 1 7
54 1 16
28 8 25
30 8 84
37 8 90
7 7 10
12 1 7
30 1 22
30 8 52
16 1 15
53 1 85
25 1 29
10 8 35
51 1 26
25 8 26
52 8 37
154 2 10
80 2 81
50 1 30
7 2 12
56 1 25
138 1 137
17 8 63
16 1 17
55 2 28
26 1 15
12 2 5
19 8 83
22 1 7
55 8 30
12 1 7
32 8 23
32 8 33
15 8 27
7 8 73
28 2 10
25 1 22
40 1 73
154 1 46
17 1 7
7 11 10
156 2 137
49 8 17
7 8 35
7 8 30
40 8 45
24 2 22
137 2 37
12 2 65
24 2 28
48 1 66
10 2 97
40 2 51
138 2 52
65 8 45
10 1 22
66 2 5
45 1 10
17 8 16
28 2 24
10 8 90
31 1 30
53 8 37
10 8 45
40 2 154
26 8 51
32 1 10
57 2 52
7 2 14
138 8 40
156 8 138
7 2 22
10 2 20
37 1 52
57 2 86
28 2 29
29 2 22
80 1 30
48 1 5
27 1 15
48 1 107
40 1 138
10 8 15
73 13 39
19 8 73
5 1 10
18 8 20
48 1 12
57 8 37
53 8 97
80 2 10
81 2 7
73 1 20
49 2 7
45 2 83
40 2 20
81 1 25
10 2 14
154 2 40
10 2 154
83 8 37
? 1 github_java_program_data/31/9.java

