26 2 10
7 8 112
26 1 25
52 8 37
10 8 97
90 2 73
7 2 23
51 1 31
12 1 10
10 8 11
10 1 22
19 2 97
56 2 38
49 2 56
45 2 83
38 2 43
37 8 43
65 8 112
10 2 19
107 1 19
56 8 42
28 2 35
73 2 90
94 8 15
86 8 37
37 8 73
73 8 40
37 8 86
20 2 10
35 8 25
54 2 40
7 7 10
40 1 73
48 1 59
107 2 83
40 1 90
59 8 48
80 2 20
10 8 25
25 8 36
53 1 40
22 2 55
25 1 55
27 1 15
22 8 30
7 2 54
18 8 54
42 8 37
25 8 49
30 8 52
37 1 72
40 2 97
52 2 27
14 2 10
10 2 22
30 1 55
45 1 37
10 2 94
10 8 45
31 1 25
17 8 63
25 1 29
73 2 45
26 2 31
103 8 154
11 2 14
48 1 107
33 8 24
24 8 30
40 1 27
54 2 10
72 2 64
45 1 65
90 1 54
19 2 14
37 2 104
107 1 37
53 1 7
10 4 7
97 1 72
63 2 52
51 1 56
104 8 45
37 1 86
73 13 36
10 2 12
56 8 51
25 8 26
15 1 10
64 2 72
41 8 42
7 2 19
24 1 23
52 2 57
63 2 27
25 8 56
7 2 33
10 8 107
45 1 54
25 8 84
14 8 73
57 2 53
37 8 107
72 8 37
45 1 19
10 1 7
65 2 12
16 2 18
80 2 37
45 1 14
40 8 45
34 8 23
10 8 72
7 8 59
90 2 27
31 8 51
50 1 25
64 1 56
32 1 7
52 2 63
32 8 80
64 2 57
83 1 40
15 8 18
10 8 32
27 2 90
40 8 53
20 2 40
40 8 72
27 2 42
32 8 33
37 8 45
51 1 84
57 8 37
10 1 80
15 1 49
33 8 10
90 1 7
86 1 85
83 2 45
29 2 28
42 8 40
10 2 26
10 8 30
12 1 7
7 8 35
7 2 12
40 8 90
42 1 56
32 8 104
29 2 22
64 8 37
35 8 30
28 8 25
22 2 24
34 8 33
23 2 10
59 2 53
63 8 37
36 6 73
56 2 49
154 8 107
54 8 45
10 1 33
22 2 29
37 1 53
30 8 34
45 8 37
10 1 23
73 1 97
80 2 7
38 2 56
7 8 12
30 1 24
38 1 40
83 2 107
10 2 20
45 2 112
19 8 73
30 1 22
24 2 28
31 8 42
7 8 14
55 2 22
42 2 27
63 2 45
18 8 20
86 2 27
19 8 90
72 1 31
14 8 17
19 2 7
112 1 7
63 2 53
7 8 30
73 1 20
34 1 30
33 8 35
112 2 107
73 1 80
25 8 34
10 8 35
37 2 80
56 8 64
65 8 12
54 1 18
19 8 45
90 1 40
104 2 54
30 8 32
40 2 10
112 8 48
7 2 97
54 8 90
15 1 14
45 1 11
29 8 25
40 1 42
7 2 80
7 2 28
40 8 38
15 1 26
10 5 7
112 1 54
104 1 32
15 8 49
52 8 40
112 2 45
25 1 35
40 2 31
7 12 10
28 2 10
85 2 37
97 1 9
80 8 73
7 5 10
51 1 26
40 1 107
17 1 7
35 2 22
63 1 17
31 8 72
14 8 15
55 8 25
9 1 10
12 1 65
25 1 24
45 1 12
27 2 63
34 1 10
7 2 14
56 2 62
14 2 19
7 8 34
80 1 32
20 2 37
97 8 73
30 8 31
55 2 28
14 2 11
36 8 37
7 1 23
15 8 26
54 2 104
37 1 27
41 1 37
26 8 85
63 2 112
43 8 42
42 1 41
85 8 86
10 2 54
31 2 38
7 2 22
54 8 112
49 8 15
12 8 73
7 8 10
42 1 38
83 8 40
11 8 45
73 1 14
49 2 10
34 1 7
73 1 12
10 8 9
17 1 26
53 8 48
30 1 29
26 8 15
7 8 25
28 8 30
30 1 7
7 8 24
62 2 56
32 1 30
154 2 10
16 1 15
31 2 40
49 1 25
40 8 83
7 2 26
17 1 10
35 1 7
57 1 30
57 1 25
107 8 40
54 1 16
57 2 27
112 8 37
40 2 20
7 8 32
64 1 62
154 1 103
97 8 83
51 2 40
49 2 7
90 8 40
7 8 90
15 1 94
7 1 10
52 1 25
10 2 23
94 2 10
107 1 10
36 1 25
26 8 17
24 8 25
65 2 19
7 14 10
27 2 86
24 2 22
10 8 112
12 8 45
112 2 63
65 2 7
7 8 15
55 8 30
49 8 51
12 2 97
25 8 52
54 2 37
18 1 17
23 1 32
24 1 7
25 1 10
10 2 28
63 1 15
7 1 22
12 2 19
45 1 20
25 1 28
40 1 83
48 1 53
25 1 22
72 8 97
40 2 54
33 1 32
45 2 90
26 8 51
7 11 10
12 2 65
23 8 24
17 8 27
37 1 42
17 8 16
40 1 45
15 8 27
45 1 40
56 1 30
90 2 45
12 8 15
28 8 10
30 1 10
20 1 18
30 8 56
86 1 37
10 2 65
7 8 17
43 2 38
10 8 17
80 8 10
51 1 49
40 1 52
29 8 30
45 1 10
65 2 10
45 1 104
35 2 28
97 2 40
30 1 28
73 1 10
18 2 16
34 1 25
20 1 16
22 2 7
17 8 18
9 8 97
7 2 49
20 8 73
107 1 154
38 2 31
31 1 30
43 1 37
40 8 107
7 8 53
12 8 17
107 2 112
19 8 107
19 2 10
35 1 33
12 2 7
10 2 40
32 1 10
72 1 10
37 1 45
33 2 10
26 1 15
45 2 73
33 1 7
28 2 29
51 1 50
20 2 80
37 2 54
107 1 40
37 2 85
112 2 53
32 2 34
84 1 25
10 8 14
97 2 7
53 1 51
32 8 23
37 1 57
45 2 63
49 8 17
10 7 7
27 2 57
26 1 30
28 2 55
7 2 65
15 8 16
10 2 14
14 2 7
25 8 57
17 1 12
112 1 37
73 1 37
27 1 17
31 2 26
42 1 31
97 1 10
35 1 10
112 1 65
52 1 30
37 1 52
12 2 10
7 8 83
22 8 25
14 1 10
23 8 35
42 1 43
34 2 32
37 1 112
33 1 34
72 1 40
37 1 36
38 2 41
25 8 50
107 8 48
10 8 24
7 4 10
23 2 7
33 2 7
37 8 62
22 1 7
53 2 63
16 8 54
83 1 97
45 8 40
37 2 154
25 8 31
50 2 31
28 2 7
25 8 32
27 2 52
27 8 37
14 1 7
53 2 112
24 1 33
25 8 94
94 1 25
84 2 56
37 8 41
10 2 33
54 2 7
18 1 15
22 2 35
42 2 63
48 1 112
65 8 45
37 1 63
27 8 40
30 8 57
15 1 12
23 8 10
73 1 65
25 1 7
10 8 34
15 8 63
49 1 30
14 8 45
30 8 26
38 8 42
10 8 12
40 2 51
83 1 7
53 2 59
32 1 25
26 2 7
7 8 103
85 1 26
57 8 40
72 2 27
97 2 19
53 8 37
27 2 72
154 2 37
97 2 12
103 1 7
10 2 49
104 2 37
16 1 17
56 1 25
23 1 34
7 1 33
57 2 52
49 1 15
10 2 154
20 8 45
57 2 64
40 1 63
15 1 7
19 2 12
30 1 35
90 1 19
53 2 57
19 2 65
56 2 84
28 2 24
59 1 7
62 1 37
24 1 10
31 2 50
10 8 15
112 1 10
11 1 10
37 1 64
10 1 28
50 8 51
65 8 73
35 1 23
7 1 28
73 1 19
22 2 10
16 8 20
41 2 38
17 1 14
63 8 40
51 8 53
17 1 49
63 2 42
10 8 73
84 8 51
40 1 57
37 8 112
23 1 7
22 8 10
28 1 7
37 2 20
62 8 64
30 8 49
? 1 github_java_program_data/2/11.java

7 8 112
52 8 37
10 2 40
7 2 23
12 1 10
10 1 22
135 8 40
30 1 107
7 2 19
97 8 107
28 2 35
37 8 73
73 8 40
40 2 23
35 8 25
40 1 90
59 8 48
10 8 25
25 8 36
83 1 97
7 2 14
25 1 55
27 1 15
22 8 30
7 8 25
42 8 37
30 8 52
11 1 7
10 4 7
65 2 19
10 2 22
30 1 55
45 1 37
10 8 45
17 8 63
25 1 29
83 1 19
65 2 12
65 8 83
33 8 24
24 8 30
40 1 27
54 2 10
45 1 65
10 2 19
90 1 10
7 8 97
53 1 7
48 1 112
54 1 16
10 2 12
12 1 7
24 1 23
52 2 57
45 1 54
14 8 73
45 1 19
53 2 59
73 2 45
45 1 14
34 8 23
7 8 59
90 2 27
65 8 15
83 1 40
15 8 18
27 2 90
107 8 30
23 8 11
32 8 33
37 8 45
57 8 37
10 1 80
18 8 20
83 2 45
11 1 23
10 8 30
23 2 40
7 2 12
23 8 107
29 2 22
20 2 10
35 8 30
28 8 25
22 2 24
34 8 33
23 2 10
10 8 34
54 8 45
48 1 53
65 8 45
37 8 90
80 2 7
36 6 45
7 8 12
33 2 10
38 1 40
22 2 35
10 2 20
19 8 73
30 1 22
24 2 28
31 8 42
7 8 14
30 8 135
37 8 25
19 8 90
14 8 17
19 2 7
37 1 52
7 8 30
73 1 20
25 8 34
14 2 10
19 8 45
31 2 38
30 8 32
40 2 10
112 8 48
20 8 73
45 1 11
29 8 25
7 2 28
40 8 38
10 5 7
25 1 35
7 12 10
28 2 10
32 1 25
7 5 10
107 2 28
17 1 7
35 2 22
63 1 17
25 1 24
11 2 65
83 1 7
27 2 63
34 1 10
37 2 54
14 2 19
55 8 30
20 2 37
30 8 31
83 1 65
36 8 37
32 8 37
7 8 97
90 1 20
10 2 54
22 2 37
7 2 22
10 2 14
33 2 7
16 8 54
42 1 38
83 8 40
11 8 45
73 1 14
23 1 34
10 1 7
107 2 22
53 8 48
28 2 24
28 8 30
30 1 7
107 1 23
7 8 24
32 1 30
40 1 73
40 8 83
17 1 10
35 1 7
53 2 112
57 1 25
25 1 37
135 1 30
90 8 40
23 1 32
24 1 33
112 2 83
10 2 23
36 1 25
23 8 97
24 8 25
23 2 97
7 14 10
24 2 22
7 8 15
7 2 40
48 1 83
54 2 37
7 8 35
24 1 7
25 1 10
10 2 28
30 1 35
7 1 22
65 2 97
40 1 83
25 1 22
33 1 32
90 1 19
7 11 10
23 8 24
37 1 42
32 2 34
40 1 45
15 8 27
19 2 14
12 8 15
30 1 10
20 1 18
22 2 107
7 8 17
10 8 17
24 1 10
29 8 30
45 1 10
65 2 11
35 2 28
30 1 28
59 1 7
18 2 16
34 1 25
20 1 16
22 2 7
48 1 59
15 1 65
15 1 10
107 1 97
38 2 31
31 1 30
40 8 107
7 8 53
12 8 17
37 1 25
19 2 10
35 1 33
12 2 7
30 1 24
90 1 37
45 2 73
52 1 30
55 8 25
42 2 52
25 8 37
107 1 40
17 8 16
10 8 14
32 8 23
37 1 57
7 1 10
32 2 25
112 2 53
28 2 55
12 2 65
10 8 35
14 2 7
25 8 57
17 1 12
73 1 37
42 1 31
35 1 10
37 1 32
45 13 36
33 1 7
20 8 90
12 2 10
33 8 35
22 8 25
14 1 10
23 8 35
83 1 10
97 2 23
97 1 23
33 1 34
37 1 36
10 8 24
23 2 7
97 2 65
22 1 7
34 2 32
7 8 10
45 8 40
10 8 90
28 2 7
25 8 32
14 1 7
7 2 33
97 1 7
10 2 33
18 1 15
83 8 48
63 2 27
16 2 18
15 1 12
40 2 7
73 1 65
25 1 7
59 2 53
22 2 29
45 2 83
38 8 42
7 8 83
7 2 80
112 1 7
40 1 135
55 2 28
16 1 17
97 8 83
7 1 33
57 2 52
10 8 83
7 7 10
40 1 63
15 1 7
19 8 83
14 8 45
83 2 112
37 2 22
25 1 28
19 2 65
30 1 29
73 1 10
27 8 40
80 8 10
25 2 32
7 8 11
97 1 7
28 2 107
10 7 7
65 8 73
35 1 23
7 1 28
73 1 19
22 2 10
16 8 20
19 8 17
17 1 14
63 8 40
10 8 15
17 1 19
10 8 73
52 2 42
10 8 12
22 8 10
28 1 7
37 2 20
? 1 github_java_program_data/2/111.java

52 8 37
10 8 53
7 2 23
51 1 31
12 1 10
64 8 37
7 2 19
52 2 72
28 2 35
80 1 7
37 8 73
73 8 40
35 8 25
26 2 10
7 7 10
40 1 73
59 8 48
10 8 25
7 2 14
25 1 55
27 1 15
22 8 30
7 2 54
18 8 54
34 1 25
25 8 49
30 8 52
37 1 72
10 2 80
65 2 19
10 2 22
30 1 55
45 1 37
31 1 25
17 8 63
25 1 29
83 1 19
53 2 83
54 2 7
24 8 30
40 1 27
22 2 35
45 1 65
33 8 35
56 2 40
7 2 20
10 4 7
81 8 10
10 2 12
25 8 26
15 1 10
28 8 30
24 1 23
52 2 57
37 1 63
25 8 56
64 2 42
73 1 7
53 8 37
72 8 37
45 1 19
53 2 59
20 2 7
73 2 45
16 2 18
45 2 73
34 8 23
25 1 35
64 1 62
50 1 25
64 1 56
31 2 49
83 1 40
10 8 32
40 8 72
32 8 33
37 8 45
15 1 49
52 2 36
29 2 28
10 2 26
10 8 30
7 2 12
29 2 22
35 8 30
28 8 25
22 2 24
34 8 33
10 8 34
63 8 37
53 1 37
22 2 55
28 2 29
48 1 53
49 1 30
30 8 34
30 8 36
56 8 72
17 8 18
49 2 31
36 6 45
7 8 12
33 2 10
38 1 40
19 8 73
33 1 34
7 8 14
55 2 22
14 8 17
19 2 7
72 2 52
28 2 55
7 8 30
34 1 30
51 8 53
39 2 57
39 6 73
25 8 34
37 1 64
14 2 10
54 1 18
19 8 45
31 2 38
30 8 32
15 1 14
29 8 25
7 2 28
40 8 38
15 1 26
10 5 7
52 8 40
7 12 10
28 2 10
17 1 7
35 2 22
63 1 17
14 8 15
55 8 25
27 2 57
25 1 24
56 8 64
40 2 56
45 1 12
27 2 63
7 8 45
34 1 10
36 1 30
56 2 62
55 8 30
20 2 37
30 8 31
55 2 28
36 8 37
7 1 23
37 1 27
37 1 53
10 2 81
7 2 22
49 8 15
33 2 7
16 8 54
42 1 38
7 2 40
57 8 40
73 1 12
10 1 7
17 1 26
53 8 48
30 1 29
26 8 15
7 8 25
10 1 22
30 1 7
59 2 53
7 8 24
62 2 56
32 1 30
16 1 15
49 1 25
40 8 83
7 2 26
17 1 10
35 1 7
57 1 30
57 1 25
54 1 16
57 2 27
7 4 10
31 8 51
19 2 12
7 8 35
49 8 17
52 1 25
26 8 17
24 8 25
73 1 54
24 2 22
12 8 45
7 8 15
49 8 51
48 1 83
25 8 52
54 2 37
18 1 17
25 8 50
24 1 7
25 1 10
10 2 28
72 1 56
63 1 15
7 1 22
81 2 10
45 1 20
25 1 22
33 1 32
7 11 10
7 1 80
23 8 24
17 8 27
37 1 42
15 8 16
40 1 45
15 8 27
80 2 10
37 8 53
73 13 39
12 8 15
28 8 10
30 1 10
30 8 56
59 1 10
7 8 17
10 8 17
40 1 52
29 8 30
26 1 25
35 2 28
30 1 28
18 2 16
42 8 37
20 1 16
22 2 7
48 1 59
12 1 7
38 2 31
31 1 30
12 8 17
35 1 33
32 1 10
63 2 53
30 1 24
33 1 7
40 1 39
51 1 50
37 2 54
32 2 34
10 8 14
53 1 51
17 8 49
32 8 23
27 8 40
7 1 10
10 7 7
45 1 7
7 8 10
26 1 30
56 1 30
10 8 35
10 2 14
14 2 7
25 8 57
17 1 12
51 1 49
73 1 37
27 1 17
42 1 31
35 1 10
45 13 36
52 1 30
37 1 52
12 2 10
7 8 83
22 8 25
14 1 10
10 1 81
34 2 32
30 1 22
72 2 53
49 2 10
81 1 30
37 2 51
54 8 73
23 2 7
12 8 73
37 8 62
22 1 7
10 8 15
7 8 73
45 8 40
39 8 40
50 2 31
28 2 7
25 8 32
27 8 37
14 1 7
7 2 33
10 2 33
37 1 36
42 2 64
83 8 48
63 2 27
30 8 57
10 8 59
15 1 12
40 2 7
73 1 65
25 1 7
51 2 37
15 8 63
22 2 29
36 2 52
30 8 26
38 8 42
31 8 42
83 1 7
32 1 25
26 2 7
23 1 32
10 2 49
56 1 25
53 2 72
23 1 34
7 1 33
57 2 52
20 8 45
40 1 63
15 1 7
19 8 83
30 1 35
25 1 28
72 1 40
57 2 39
19 2 65
83 2 53
22 2 10
7 5 10
62 1 37
31 2 50
12 2 7
53 2 63
10 1 28
50 8 51
65 8 73
7 1 28
73 1 19
12 2 19
16 8 20
17 1 14
63 8 40
65 8 45
17 1 49
53 1 10
40 1 57
10 8 12
23 1 7
49 1 17
30 8 81
22 8 10
28 1 7
37 2 20
62 8 64
25 8 31
30 8 49
? 1 github_java_program_data/2/113.java

107 1 23
7 8 24
7 8 112
22 8 25
52 8 37
17 1 14
32 1 30
10 5 7
40 1 73
35 8 30
12 1 10
17 1 10
135 8 40
73 1 10
10 8 73
45 2 83
25 8 32
25 1 37
135 1 30
10 2 19
97 8 107
10 2 33
28 2 35
45 1 11
90 8 40
53 2 112
24 1 33
73 8 40
112 2 83
40 2 23
10 2 23
73 2 45
36 1 25
23 8 97
7 7 10
7 2 23
14 2 19
48 1 59
65 2 19
7 14 10
40 1 90
59 8 48
10 8 25
25 8 36
83 1 97
25 1 10
7 2 14
23 2 97
25 1 55
27 1 15
7 8 15
45 1 19
7 2 40
48 1 83
7 8 25
40 8 83
34 1 25
30 8 52
54 2 37
11 1 7
23 1 32
24 1 7
14 2 10
10 2 22
30 1 55
10 2 28
45 1 37
54 2 10
7 1 22
10 8 45
65 2 97
17 8 63
25 1 29
83 1 19
25 1 22
65 2 12
29 2 22
33 1 32
19 2 7
7 11 10
65 8 83
23 8 24
33 8 24
24 8 30
40 1 45
40 1 27
19 2 14
45 1 65
33 8 35
90 1 10
12 8 15
57 1 25
30 1 10
20 1 18
25 2 32
22 2 107
48 1 112
24 2 22
10 7 7
54 1 16
7 8 17
10 8 17
15 1 10
38 2 31
27 2 90
24 1 10
7 2 19
24 1 23
52 2 57
63 2 27
29 8 30
73 1 37
45 1 10
65 2 11
35 2 28
30 1 28
59 1 7
14 8 73
7 2 28
22 8 30
42 8 37
10 4 7
20 1 16
22 2 7
45 1 14
34 8 23
15 1 65
7 8 59
107 1 97
80 2 7
7 2 80
15 1 12
31 1 30
65 8 15
32 2 34
83 1 40
15 8 18
7 8 53
12 8 17
37 1 25
23 8 11
19 2 10
35 1 33
32 8 33
10 2 40
7 8 12
57 8 37
10 1 80
33 2 10
90 1 37
40 8 107
73 1 65
45 2 73
33 1 7
11 1 23
55 8 25
10 8 30
12 1 7
42 2 52
25 8 37
37 1 42
107 1 40
23 8 107
107 8 30
40 8 38
28 2 107
12 2 10
10 8 14
97 1 7
20 2 10
32 8 23
37 1 57
22 2 24
34 8 33
23 2 10
7 1 10
11 8 45
32 2 25
54 8 45
48 1 53
112 2 53
22 2 29
12 2 65
10 8 35
10 2 14
14 2 7
25 8 57
17 1 12
37 8 90
90 2 27
42 1 31
35 1 10
37 1 32
30 1 24
52 1 30
38 1 40
37 8 45
7 8 83
7 1 28
63 8 40
73 1 19
23 8 35
83 1 10
19 8 73
30 1 22
24 2 28
97 2 23
97 1 23
33 1 34
59 2 53
7 8 14
37 1 36
30 8 135
45 8 40
10 8 24
23 2 7
33 2 7
97 2 65
22 1 7
34 2 32
16 8 54
7 8 97
112 1 7
18 2 16
10 8 90
28 2 55
28 2 7
7 8 30
73 1 20
53 1 7
14 1 7
28 2 10
25 8 34
7 2 33
18 8 20
97 1 7
19 8 45
18 1 15
83 8 48
22 2 35
31 2 38
30 8 32
40 2 10
112 8 48
73 1 14
20 8 73
16 2 18
37 8 25
29 8 25
15 8 27
40 2 7
40 1 83
30 1 107
17 8 16
25 1 7
10 8 34
45 1 54
14 8 45
38 8 42
31 8 42
83 1 7
37 2 22
37 1 52
7 12 10
10 1 22
7 5 10
107 2 28
20 2 37
10 2 12
17 1 7
35 2 22
63 1 17
37 2 54
40 1 135
55 2 28
53 2 59
16 1 17
11 2 65
83 2 45
97 8 83
7 1 33
57 2 52
27 2 63
10 8 83
34 1 10
37 8 73
40 1 63
15 1 7
19 8 83
19 8 90
55 8 30
7 2 12
83 2 112
30 1 35
90 1 19
30 8 31
19 2 65
83 1 65
36 8 37
28 2 24
36 6 45
32 8 37
27 8 40
23 2 40
80 8 10
14 8 17
7 8 97
7 8 11
10 2 20
90 1 20
10 2 54
22 2 37
45 13 36
65 8 73
7 2 22
35 1 23
20 8 90
14 1 10
22 2 10
16 8 20
19 8 17
7 8 10
42 1 38
65 8 45
83 8 40
10 8 15
17 1 19
32 1 25
52 2 42
10 8 12
12 2 7
30 1 7
10 1 7
107 2 22
53 8 48
30 1 29
22 8 10
28 1 7
37 2 20
28 8 30
23 1 34
? 1 github_java_program_data/2/114.java

26 2 10
40 8 73
45 1 10
52 8 37
10 2 40
7 2 23
51 1 31
12 1 10
25 1 24
56 2 38
63 2 86
10 2 19
107 1 19
56 8 42
36 2 86
94 8 15
73 8 40
37 8 86
35 8 25
54 2 40
40 1 73
36 6 73
59 8 48
107 8 48
25 8 36
53 1 40
86 8 40
59 2 107
25 1 55
27 1 15
45 1 19
7 8 25
25 8 49
30 8 52
10 4 7
65 2 19
10 2 22
83 2 73
45 1 37
39 6 45
10 8 45
40 2 54
17 8 63
56 1 30
83 1 19
73 2 45
10 2 33
65 8 83
33 8 24
24 8 30
40 1 27
36 6 45
45 1 65
33 8 35
24 1 23
7 2 80
73 13 36
10 2 12
25 8 26
53 2 27
15 1 10
28 8 30
57 2 27
83 1 37
37 1 63
73 1 40
7 2 33
97 2 37
10 8 107
7 1 10
73 1 7
107 2 59
22 8 30
36 8 40
73 2 83
65 2 12
10 2 94
45 2 73
40 8 45
34 8 23
25 1 35
50 1 25
54 8 73
32 1 7
37 8 83
10 8 32
40 8 53
20 2 40
32 8 33
37 8 45
10 1 80
15 1 49
86 1 85
42 8 40
25 8 39
10 2 26
10 8 30
7 2 12
42 1 56
54 8 140
30 8 37
20 2 10
35 8 30
28 8 25
22 2 24
34 8 33
23 2 10
10 5 7
63 8 37
140 8 25
45 1 20
38 1 37
30 8 34
10 1 23
30 8 36
7 8 35
80 2 7
49 2 31
7 8 12
33 2 10
10 2 20
103 8 97
19 8 73
33 1 34
7 8 14
37 1 30
14 8 17
35 1 23
7 8 30
73 1 20
34 1 30
39 1 25
39 2 57
25 8 34
65 2 10
14 2 10
97 1 103
54 1 18
19 8 45
30 8 32
40 2 10
20 8 73
15 1 14
7 8 59
29 8 25
40 1 42
7 2 28
15 1 26
86 2 63
7 12 10
28 2 10
27 2 53
10 8 25
7 5 10
17 1 7
35 2 22
14 8 15
63 1 17
55 8 25
27 2 57
31 2 49
45 1 12
27 2 63
34 1 10
36 1 30
7 8 34
20 2 37
30 8 31
83 1 65
36 8 37
15 8 26
37 1 27
26 8 85
85 8 86
7 2 22
10 2 14
12 8 73
7 8 10
50 2 31
83 8 40
10 2 97
103 1 10
57 8 40
73 1 12
10 1 7
15 8 16
28 2 24
26 8 15
18 8 54
10 1 22
30 1 7
7 8 24
22 8 25
32 1 30
16 1 15
49 1 25
37 8 140
17 1 10
35 1 7
10 8 73
57 1 30
24 2 28
49 2 7
10 8 103
7 4 10
40 2 20
7 8 32
31 8 51
97 8 83
19 2 12
25 8 50
15 1 94
24 1 33
52 1 25
10 2 23
107 1 10
36 1 25
26 8 17
24 8 25
73 1 54
53 8 40
24 2 22
12 8 45
140 1 37
63 2 36
7 8 15
49 8 51
25 8 52
63 1 15
54 2 37
18 1 17
23 1 32
24 1 7
25 1 10
10 2 28
40 1 86
7 1 22
40 1 83
25 1 22
17 8 18
33 1 32
49 8 15
7 11 10
45 13 39
23 8 24
17 8 27
32 2 34
40 1 45
15 8 27
45 1 40
25 1 29
28 8 10
30 1 10
30 8 56
36 2 63
86 1 37
10 2 65
7 8 17
10 8 17
24 1 10
51 1 49
40 1 53
26 1 25
30 1 28
59 1 7
34 1 25
86 2 36
20 1 16
22 2 7
48 1 59
7 2 49
12 1 7
94 2 10
25 1 140
45 13 36
31 1 30
40 8 107
12 8 17
19 8 107
19 2 10
35 1 33
32 1 10
63 2 53
30 1 24
26 1 15
33 1 7
40 1 39
51 1 50
37 2 54
107 1 40
37 2 85
22 2 28
10 8 14
53 1 51
17 8 49
32 8 23
51 2 40
49 8 17
26 1 30
28 2 55
12 2 65
10 8 35
14 2 7
17 1 12
37 8 38
27 1 17
35 1 10
52 1 30
12 2 10
27 8 40
63 8 40
73 1 19
14 1 65
23 8 35
83 1 10
34 2 32
30 1 22
25 8 94
37 1 36
38 2 56
10 8 24
23 2 7
33 2 7
22 1 7
53 2 63
10 8 15
7 8 73
45 8 40
39 8 40
42 1 38
28 2 7
25 8 32
40 2 51
27 8 37
14 1 7
7 2 54
94 1 25
65 8 14
54 2 7
48 1 107
22 2 35
65 8 45
63 2 27
30 8 57
23 8 10
73 1 65
25 1 7
10 8 34
15 8 63
49 1 30
30 8 26
38 8 42
37 1 52
26 2 7
85 1 26
34 1 7
40 1 36
55 2 28
23 1 34
7 1 33
7 2 26
10 8 83
20 8 45
40 1 63
15 1 7
19 8 83
37 2 97
17 1 26
30 1 35
25 1 28
57 2 39
19 2 65
22 2 10
73 1 10
85 2 37
80 8 10
31 2 50
12 2 7
97 2 10
140 1 54
83 1 97
10 1 28
50 8 51
65 8 73
7 1 28
14 1 10
12 2 19
16 8 20
28 2 22
17 1 14
51 8 53
17 1 49
32 1 25
40 1 57
10 8 12
49 1 17
22 8 10
28 1 7
37 2 20
7 2 14
30 8 49
? 1 github_java_program_data/2/116.java

72 2 63
7 8 24
22 8 25
52 8 37
10 8 53
10 5 7
16 1 15
31 2 40
32 8 23
12 1 10
57 2 52
25 1 24
56 2 38
35 1 7
57 1 30
7 8 30
12 2 19
7 8 45
7 4 10
40 1 64
64 1 41
80 1 7
32 1 30
19 2 12
7 8 35
7 1 10
112 2 83
52 1 25
10 2 23
35 8 25
26 2 10
26 8 17
7 2 23
24 8 25
64 1 68
24 2 22
62 8 42
10 8 25
12 2 7
25 1 10
7 2 14
33 2 10
25 1 55
7 8 15
22 8 30
7 2 40
48 1 83
10 8 35
25 8 52
17 1 10
30 8 52
37 1 72
23 1 32
20 2 7
24 1 7
14 2 10
10 2 22
30 1 55
10 2 28
45 1 37
63 1 15
7 1 22
10 2 80
48 1 53
31 1 25
25 1 29
83 1 19
25 1 22
10 2 33
33 1 32
49 8 15
7 11 10
7 1 80
23 8 24
17 8 27
7 2 19
24 8 30
40 1 45
40 1 27
80 2 10
56 1 30
45 1 65
33 8 35
37 2 104
57 1 25
10 4 7
30 8 56
48 1 112
34 8 23
104 8 45
7 8 17
25 8 26
10 8 17
15 1 10
112 8 48
24 1 10
41 2 68
24 1 23
40 1 52
63 2 27
29 8 30
65 2 19
26 1 25
45 1 104
49 2 7
72 8 37
45 1 19
34 1 25
64 1 38
20 1 16
22 2 7
30 8 57
27 2 64
68 8 64
7 2 49
25 1 35
64 1 56
52 2 63
83 1 40
68 2 41
12 8 17
104 2 20
31 2 62
40 8 72
35 1 33
32 8 33
37 8 45
64 8 40
52 2 57
57 8 37
15 1 49
10 8 112
29 2 28
55 8 25
12 1 7
7 2 12
40 8 62
112 2 53
42 1 62
10 8 14
35 8 30
28 8 25
22 2 24
34 8 33
23 2 10
10 1 22
63 8 37
45 1 7
22 2 55
28 2 29
45 1 20
26 1 30
22 2 29
30 8 34
10 2 14
14 2 7
25 8 57
17 1 12
37 8 38
27 1 17
42 1 31
38 2 56
35 1 10
7 8 12
30 1 24
52 1 30
12 2 10
27 8 40
112 1 10
30 1 22
24 2 28
33 1 34
40 8 83
7 8 14
55 2 22
63 2 72
41 8 64
10 8 24
23 2 7
7 8 83
22 1 7
29 2 22
72 1 31
10 8 15
19 2 7
32 1 25
25 8 31
28 2 7
40 2 31
25 8 32
34 1 30
27 2 52
27 8 37
14 1 7
26 2 7
25 8 34
7 2 33
53 2 112
56 8 64
37 8 41
19 8 45
83 8 48
22 2 35
30 8 32
45 1 12
37 1 63
63 2 52
15 1 14
29 8 25
37 1 57
40 2 7
7 2 28
25 1 7
62 1 40
15 8 63
49 1 30
104 1 32
30 8 26
31 8 42
83 1 7
37 1 52
28 2 10
12 8 45
38 2 68
10 2 12
17 1 7
35 2 22
14 8 15
31 8 72
10 2 26
104 2 37
42 8 68
20 2 104
23 1 34
52 2 27
28 8 10
7 2 26
27 2 63
38 8 64
20 8 45
62 2 31
15 1 7
19 8 83
55 8 30
17 1 26
83 2 112
30 1 35
25 1 28
19 2 65
68 2 38
52 8 40
28 2 24
22 2 10
7 5 10
68 1 42
37 1 27
41 1 37
38 1 37
10 1 28
7 2 22
45 8 40
7 1 28
14 1 10
72 1 40
16 8 20
33 2 7
7 8 10
32 8 104
65 8 45
7 2 20
53 1 10
40 1 57
10 8 12
57 8 40
10 1 7
15 8 16
53 8 48
30 1 29
22 8 10
28 1 7
7 8 25
64 2 27
30 1 7
30 8 49
? 1 github_java_program_data/2/118.java

15 1 26
7 8 24
22 2 24
15 8 27
7 2 23
12 8 15
10 2 19
25 1 24
83 2 59
19 2 10
10 2 12
37 2 10
25 8 26
10 8 83
23 2 7
83 1 37
7 8 12
12 2 10
26 1 25
22 8 25
83 1 10
26 2 10
27 8 37
24 8 25
19 8 83
24 2 22
48 1 59
12 1 7
59 1 7
37 8 83
10 8 15
27 1 15
15 1 10
48 1 83
37 1 27
24 1 23
10 2 37
24 1 7
59 2 83
83 8 48
83 1 19
25 1 22
10 2 26
7 8 59
15 1 12
26 8 15
23 8 24
59 8 48
? 1 github_java_program_data/2/136.java

7 8 112
52 8 37
10 2 40
7 2 23
12 1 10
10 1 22
135 8 40
30 1 107
7 2 19
97 8 107
28 2 35
37 8 73
73 8 40
40 2 23
35 8 25
40 1 90
59 8 48
10 8 25
25 8 36
83 1 97
7 2 14
25 1 55
27 1 15
22 8 30
7 8 25
42 8 37
30 8 52
11 1 7
10 4 7
65 2 19
10 2 22
30 1 55
45 1 37
10 8 45
17 8 63
25 1 29
83 1 19
65 2 12
65 8 83
33 8 24
24 8 30
40 1 27
54 2 10
45 1 65
10 2 19
90 1 10
7 8 97
53 1 7
48 1 112
54 1 16
10 2 12
12 1 7
24 1 23
52 2 57
45 1 54
14 8 73
45 1 19
53 2 59
73 2 45
45 1 14
34 8 23
7 8 59
90 2 27
65 8 15
83 1 40
15 8 18
27 2 90
107 8 30
23 8 11
32 8 33
37 8 45
57 8 37
10 1 80
18 8 20
83 2 45
11 1 23
10 8 30
23 2 40
7 2 12
23 8 107
29 2 22
20 2 10
35 8 30
28 8 25
22 2 24
34 8 33
23 2 10
10 8 34
54 8 45
48 1 53
65 8 45
37 8 90
80 2 7
36 6 45
7 8 12
33 2 10
38 1 40
22 2 35
10 2 20
19 8 73
30 1 22
24 2 28
31 8 42
7 8 14
30 8 135
37 8 25
19 8 90
14 8 17
19 2 7
37 1 52
7 8 30
73 1 20
25 8 34
14 2 10
19 8 45
31 2 38
30 8 32
40 2 10
112 8 48
20 8 73
45 1 11
29 8 25
7 2 28
40 8 38
10 5 7
25 1 35
7 12 10
28 2 10
32 1 25
7 5 10
107 2 28
17 1 7
35 2 22
63 1 17
25 1 24
11 2 65
83 1 7
27 2 63
34 1 10
37 2 54
14 2 19
55 8 30
20 2 37
30 8 31
83 1 65
36 8 37
32 8 37
7 8 97
90 1 20
10 2 54
22 2 37
7 2 22
10 2 14
33 2 7
16 8 54
42 1 38
83 8 40
11 8 45
73 1 14
23 1 34
10 1 7
107 2 22
53 8 48
28 2 24
28 8 30
30 1 7
107 1 23
7 8 24
32 1 30
40 1 73
40 8 83
17 1 10
35 1 7
53 2 112
57 1 25
25 1 37
135 1 30
90 8 40
23 1 32
24 1 33
112 2 83
10 2 23
36 1 25
23 8 97
24 8 25
23 2 97
7 14 10
24 2 22
7 8 15
7 2 40
48 1 83
54 2 37
7 8 35
24 1 7
25 1 10
10 2 28
30 1 35
7 1 22
65 2 97
40 1 83
25 1 22
33 1 32
90 1 19
7 11 10
23 8 24
37 1 42
32 2 34
40 1 45
15 8 27
19 2 14
12 8 15
30 1 10
20 1 18
22 2 107
7 8 17
10 8 17
24 1 10
29 8 30
45 1 10
65 2 11
35 2 28
30 1 28
59 1 7
18 2 16
34 1 25
20 1 16
22 2 7
48 1 59
15 1 65
15 1 10
107 1 97
38 2 31
31 1 30
40 8 107
7 8 53
12 8 17
37 1 25
19 2 10
35 1 33
12 2 7
30 1 24
90 1 37
45 2 73
52 1 30
55 8 25
42 2 52
25 8 37
107 1 40
17 8 16
10 8 14
32 8 23
37 1 57
7 1 10
32 2 25
112 2 53
28 2 55
12 2 65
10 8 35
14 2 7
25 8 57
17 1 12
73 1 37
42 1 31
35 1 10
37 1 32
45 13 36
33 1 7
20 8 90
12 2 10
33 8 35
22 8 25
14 1 10
23 8 35
83 1 10
97 2 23
97 1 23
33 1 34
37 1 36
10 8 24
23 2 7
97 2 65
22 1 7
34 2 32
7 8 10
45 8 40
10 8 90
28 2 7
25 8 32
14 1 7
7 2 33
97 1 7
10 2 33
18 1 15
83 8 48
63 2 27
16 2 18
15 1 12
40 2 7
73 1 65
25 1 7
59 2 53
22 2 29
45 2 83
38 8 42
7 8 83
7 2 80
112 1 7
40 1 135
55 2 28
16 1 17
97 8 83
7 1 33
57 2 52
10 8 83
7 7 10
40 1 63
15 1 7
19 8 83
14 8 45
83 2 112
37 2 22
25 1 28
19 2 65
30 1 29
73 1 10
27 8 40
80 8 10
25 2 32
7 8 11
97 1 7
28 2 107
10 7 7
65 8 73
35 1 23
7 1 28
73 1 19
22 2 10
16 8 20
19 8 17
17 1 14
63 8 40
10 8 15
17 1 19
10 8 73
52 2 42
10 8 12
22 8 10
28 1 7
37 2 20
? 1 github_java_program_data/2/141.java

107 1 23
7 8 24
7 8 112
22 8 25
52 8 37
17 1 14
32 1 30
10 5 7
40 1 73
35 8 30
12 1 10
17 1 10
135 8 40
73 1 10
10 8 73
45 2 83
25 8 32
25 1 37
135 1 30
10 2 19
97 8 107
10 2 33
28 2 35
45 1 11
90 8 40
53 2 112
24 1 33
73 8 40
112 2 83
40 2 23
10 2 23
73 2 45
36 1 25
23 8 97
7 7 10
7 2 23
14 2 19
48 1 59
65 2 19
7 14 10
40 1 90
59 8 48
10 8 25
25 8 36
83 1 97
25 1 10
7 2 14
23 2 97
25 1 55
27 1 15
7 8 15
45 1 19
7 2 40
48 1 83
7 8 25
40 8 83
34 1 25
30 8 52
54 2 37
11 1 7
23 1 32
24 1 7
14 2 10
10 2 22
30 1 55
10 2 28
45 1 37
54 2 10
7 1 22
10 8 45
65 2 97
17 8 63
25 1 29
83 1 19
25 1 22
65 2 12
29 2 22
33 1 32
19 2 7
7 11 10
65 8 83
23 8 24
33 8 24
24 8 30
40 1 45
40 1 27
19 2 14
45 1 65
33 8 35
90 1 10
12 8 15
57 1 25
30 1 10
20 1 18
25 2 32
22 2 107
48 1 112
24 2 22
10 7 7
54 1 16
7 8 17
10 8 17
15 1 10
38 2 31
27 2 90
24 1 10
7 2 19
24 1 23
52 2 57
63 2 27
29 8 30
73 1 37
45 1 10
65 2 11
35 2 28
30 1 28
59 1 7
14 8 73
7 2 28
22 8 30
42 8 37
10 4 7
20 1 16
22 2 7
45 1 14
34 8 23
15 1 65
7 8 59
107 1 97
80 2 7
7 2 80
15 1 12
31 1 30
65 8 15
32 2 34
83 1 40
15 8 18
7 8 53
12 8 17
37 1 25
23 8 11
19 2 10
35 1 33
32 8 33
10 2 40
7 8 12
57 8 37
10 1 80
33 2 10
90 1 37
40 8 107
73 1 65
45 2 73
33 1 7
11 1 23
55 8 25
10 8 30
12 1 7
42 2 52
25 8 37
37 1 42
107 1 40
23 8 107
107 8 30
40 8 38
28 2 107
12 2 10
10 8 14
97 1 7
20 2 10
32 8 23
37 1 57
22 2 24
34 8 33
23 2 10
7 1 10
11 8 45
32 2 25
54 8 45
48 1 53
112 2 53
22 2 29
12 2 65
10 8 35
10 2 14
14 2 7
25 8 57
17 1 12
37 8 90
90 2 27
42 1 31
35 1 10
37 1 32
30 1 24
52 1 30
38 1 40
37 8 45
7 8 83
7 1 28
63 8 40
73 1 19
23 8 35
83 1 10
19 8 73
30 1 22
24 2 28
97 2 23
97 1 23
33 1 34
59 2 53
7 8 14
37 1 36
30 8 135
45 8 40
10 8 24
23 2 7
33 2 7
97 2 65
22 1 7
34 2 32
16 8 54
7 8 97
112 1 7
18 2 16
10 8 90
28 2 55
28 2 7
7 8 30
73 1 20
53 1 7
14 1 7
28 2 10
25 8 34
7 2 33
18 8 20
97 1 7
19 8 45
18 1 15
83 8 48
22 2 35
31 2 38
30 8 32
40 2 10
112 8 48
73 1 14
20 8 73
16 2 18
37 8 25
29 8 25
15 8 27
40 2 7
40 1 83
30 1 107
17 8 16
25 1 7
10 8 34
45 1 54
14 8 45
38 8 42
31 8 42
83 1 7
37 2 22
37 1 52
7 12 10
10 1 22
7 5 10
107 2 28
20 2 37
10 2 12
17 1 7
35 2 22
63 1 17
37 2 54
40 1 135
55 2 28
53 2 59
16 1 17
11 2 65
83 2 45
97 8 83
7 1 33
57 2 52
27 2 63
10 8 83
34 1 10
37 8 73
40 1 63
15 1 7
19 8 83
19 8 90
55 8 30
7 2 12
83 2 112
30 1 35
90 1 19
30 8 31
19 2 65
83 1 65
36 8 37
28 2 24
36 6 45
32 8 37
27 8 40
23 2 40
80 8 10
14 8 17
7 8 97
7 8 11
10 2 20
90 1 20
10 2 54
22 2 37
45 13 36
65 8 73
7 2 22
35 1 23
20 8 90
14 1 10
22 2 10
16 8 20
19 8 17
7 8 10
42 1 38
65 8 45
83 8 40
10 8 15
17 1 19
32 1 25
52 2 42
10 8 12
12 2 7
30 1 7
10 1 7
107 2 22
53 8 48
30 1 29
22 8 10
28 1 7
37 2 20
28 8 30
23 1 34
? 1 github_java_program_data/2/144.java

26 2 10
40 8 73
45 1 10
52 8 37
10 2 40
7 2 23
51 1 31
12 1 10
25 1 24
56 2 38
63 2 86
10 2 19
107 1 19
56 8 42
36 2 86
94 8 15
73 8 40
37 8 86
35 8 25
54 2 40
40 1 73
36 6 73
59 8 48
107 8 48
25 8 36
53 1 40
86 8 40
59 2 107
25 1 55
27 1 15
45 1 19
7 8 25
25 8 49
30 8 52
10 4 7
65 2 19
10 2 22
83 2 73
45 1 37
39 6 45
10 8 45
40 2 54
17 8 63
56 1 30
83 1 19
73 2 45
10 2 33
65 8 83
33 8 24
24 8 30
40 1 27
36 6 45
45 1 65
33 8 35
24 1 23
7 2 80
73 13 36
10 2 12
25 8 26
53 2 27
15 1 10
28 8 30
57 2 27
83 1 37
37 1 63
73 1 40
7 2 33
97 2 37
10 8 107
7 1 10
73 1 7
107 2 59
22 8 30
36 8 40
73 2 83
65 2 12
10 2 94
45 2 73
40 8 45
34 8 23
25 1 35
50 1 25
54 8 73
32 1 7
37 8 83
10 8 32
40 8 53
20 2 40
32 8 33
37 8 45
10 1 80
15 1 49
86 1 85
42 8 40
25 8 39
10 2 26
10 8 30
7 2 12
42 1 56
54 8 140
30 8 37
20 2 10
35 8 30
28 8 25
22 2 24
34 8 33
23 2 10
10 5 7
63 8 37
140 8 25
45 1 20
38 1 37
30 8 34
10 1 23
30 8 36
7 8 35
80 2 7
49 2 31
7 8 12
33 2 10
10 2 20
103 8 97
19 8 73
33 1 34
7 8 14
37 1 30
14 8 17
35 1 23
7 8 30
73 1 20
34 1 30
39 1 25
39 2 57
25 8 34
65 2 10
14 2 10
97 1 103
54 1 18
19 8 45
30 8 32
40 2 10
20 8 73
15 1 14
7 8 59
29 8 25
40 1 42
7 2 28
15 1 26
86 2 63
7 12 10
28 2 10
27 2 53
10 8 25
7 5 10
17 1 7
35 2 22
14 8 15
63 1 17
55 8 25
27 2 57
31 2 49
45 1 12
27 2 63
34 1 10
36 1 30
7 8 34
20 2 37
30 8 31
83 1 65
36 8 37
15 8 26
37 1 27
26 8 85
85 8 86
7 2 22
10 2 14
12 8 73
7 8 10
50 2 31
83 8 40
10 2 97
103 1 10
57 8 40
73 1 12
10 1 7
15 8 16
28 2 24
26 8 15
18 8 54
10 1 22
30 1 7
7 8 24
22 8 25
32 1 30
16 1 15
49 1 25
37 8 140
17 1 10
35 1 7
10 8 73
57 1 30
24 2 28
49 2 7
10 8 103
7 4 10
40 2 20
7 8 32
31 8 51
97 8 83
19 2 12
25 8 50
15 1 94
24 1 33
52 1 25
10 2 23
107 1 10
36 1 25
26 8 17
24 8 25
73 1 54
53 8 40
24 2 22
12 8 45
140 1 37
63 2 36
7 8 15
49 8 51
25 8 52
63 1 15
54 2 37
18 1 17
23 1 32
24 1 7
25 1 10
10 2 28
40 1 86
7 1 22
40 1 83
25 1 22
17 8 18
33 1 32
49 8 15
7 11 10
45 13 39
23 8 24
17 8 27
32 2 34
40 1 45
15 8 27
45 1 40
25 1 29
28 8 10
30 1 10
30 8 56
36 2 63
86 1 37
10 2 65
7 8 17
10 8 17
24 1 10
51 1 49
40 1 53
26 1 25
30 1 28
59 1 7
34 1 25
86 2 36
20 1 16
22 2 7
48 1 59
7 2 49
12 1 7
94 2 10
25 1 140
45 13 36
31 1 30
40 8 107
12 8 17
19 8 107
19 2 10
35 1 33
32 1 10
63 2 53
30 1 24
26 1 15
33 1 7
40 1 39
51 1 50
37 2 54
107 1 40
37 2 85
22 2 28
10 8 14
53 1 51
17 8 49
32 8 23
51 2 40
49 8 17
26 1 30
28 2 55
12 2 65
10 8 35
14 2 7
17 1 12
37 8 38
27 1 17
35 1 10
52 1 30
12 2 10
27 8 40
63 8 40
73 1 19
14 1 65
23 8 35
83 1 10
34 2 32
30 1 22
25 8 94
37 1 36
38 2 56
10 8 24
23 2 7
33 2 7
22 1 7
53 2 63
10 8 15
7 8 73
45 8 40
39 8 40
42 1 38
28 2 7
25 8 32
40 2 51
27 8 37
14 1 7
7 2 54
94 1 25
65 8 14
54 2 7
48 1 107
22 2 35
65 8 45
63 2 27
30 8 57
23 8 10
73 1 65
25 1 7
10 8 34
15 8 63
49 1 30
30 8 26
38 8 42
37 1 52
26 2 7
85 1 26
34 1 7
40 1 36
55 2 28
23 1 34
7 1 33
7 2 26
10 8 83
20 8 45
40 1 63
15 1 7
19 8 83
37 2 97
17 1 26
30 1 35
25 1 28
57 2 39
19 2 65
22 2 10
73 1 10
85 2 37
80 8 10
31 2 50
12 2 7
97 2 10
140 1 54
83 1 97
10 1 28
50 8 51
65 8 73
7 1 28
14 1 10
12 2 19
16 8 20
28 2 22
17 1 14
51 8 53
17 1 49
32 1 25
40 1 57
10 8 12
49 1 17
22 8 10
28 1 7
37 2 20
7 2 14
30 8 49
? 1 github_java_program_data/2/146.java

27 2 72
7 8 112
26 1 25
52 8 37
10 2 40
10 8 53
10 5 7
7 2 23
7 2 65
14 2 65
86 8 40
40 8 73
12 1 10
64 8 37
56 2 38
53 1 85
7 2 19
10 2 19
107 1 19
7 1 81
28 2 35
7 1 33
80 1 7
40 2 51
112 1 19
37 8 86
20 2 10
112 2 107
35 8 25
26 2 10
80 1 30
7 2 49
7 7 10
40 1 73
64 2 52
22 2 28
59 2 53
40 1 90
43 2 62
40 1 136
33 8 10
10 8 25
40 2 104
25 8 36
53 1 40
51 1 31
25 1 55
27 1 15
45 1 19
80 2 40
7 8 25
42 8 37
25 8 49
30 8 52
10 2 80
14 2 10
10 2 22
30 1 55
127 1 30
45 1 37
63 2 64
39 6 45
10 8 45
31 1 25
17 8 63
25 1 29
83 1 19
73 2 45
10 2 33
136 8 40
65 8 83
57 2 86
57 2 42
33 8 24
24 8 30
37 2 51
40 1 27
17 8 26
36 2 52
45 1 65
33 8 35
19 2 14
90 1 10
7 2 20
37 1 135
53 1 7
10 4 7
48 1 112
104 8 45
64 1 31
19 8 12
10 2 12
56 8 51
25 8 26
53 2 27
12 1 7
51 2 37
28 8 30
41 8 42
24 1 23
52 2 57
63 2 27
40 2 10
25 8 56
7 2 33
31 8 85
10 8 107
7 1 10
25 8 84
14 8 73
10 2 127
53 8 37
22 8 30
36 8 40
20 2 7
65 2 12
16 2 18
56 8 42
40 8 45
34 8 23
25 1 35
31 8 51
50 1 25
94 8 17
32 1 7
32 8 80
65 8 15
83 1 40
10 8 32
40 8 53
62 2 43
40 2 7
65 8 17
32 8 33
85 8 53
37 8 45
51 1 84
57 8 37
10 1 80
15 1 49
10 8 112
86 1 85
52 2 36
127 8 17
42 8 40
10 2 26
10 8 30
49 8 85
52 2 53
7 2 12
42 1 56
32 8 104
64 2 63
29 2 22
112 1 7
40 1 72
35 8 30
28 8 25
22 2 24
34 8 33
23 2 10
85 1 50
63 8 37
73 8 40
94 1 30
53 1 37
22 2 55
12 2 19
45 1 20
86 2 52
22 2 29
37 1 53
30 8 34
10 1 23
52 2 64
112 1 37
10 2 23
37 8 90
40 2 85
17 8 18
80 2 7
38 2 56
36 6 45
19 8 15
30 1 24
85 1 49
30 8 26
10 2 20
25 8 80
30 1 22
80 2 54
40 8 43
31 8 64
7 8 14
55 2 22
30 8 135
104 2 40
18 8 20
86 2 27
112 1 10
107 2 112
72 1 31
14 8 17
19 2 7
37 1 52
41 1 40
28 2 55
86 2 57
12 2 65
7 8 30
34 1 30
65 2 7
51 8 53
73 1 80
25 8 34
65 2 10
51 1 56
65 8 12
54 1 18
19 8 45
30 8 32
73 1 54
112 8 48
15 1 14
7 8 59
29 8 25
40 1 42
7 2 80
7 2 28
15 1 26
62 1 40
112 1 54
104 1 32
52 8 40
112 2 45
29 2 28
40 2 31
90 1 65
7 12 10
28 2 10
85 2 37
80 8 73
51 1 26
24 2 28
17 1 7
35 2 22
14 8 15
31 8 72
63 1 17
127 2 10
85 2 40
51 1 50
12 1 65
25 1 24
20 2 104
45 1 12
39 8 37
27 2 63
81 8 10
34 1 10
7 2 14
7 8 45
37 2 54
14 2 19
55 8 30
80 1 32
20 2 37
27 2 53
30 8 31
39 1 30
83 1 65
7 1 23
15 8 26
59 8 48
51 8 86
37 1 27
38 1 37
40 8 62
57 2 64
42 1 41
85 8 86
90 1 20
19 8 14
7 2 22
54 8 112
81 1 25
49 8 15
33 2 7
16 8 54
42 1 38
30 8 127
83 8 40
25 8 136
73 1 14
49 2 10
39 2 53
7 2 40
57 8 40
10 1 7
45 2 112
17 1 26
53 8 48
30 1 29
26 8 15
18 8 54
43 8 64
7 8 112
30 1 7
19 8 112
7 8 24
64 1 43
32 1 30
16 1 15
31 2 40
49 1 25
40 8 83
7 2 26
17 1 10
17 1 65
35 1 7
26 8 85
53 2 39
57 1 30
57 1 25
54 1 16
49 2 7
135 1 30
7 4 10
7 8 32
52 2 86
64 1 62
19 2 12
90 8 40
23 1 32
49 8 17
52 1 25
30 8 39
107 1 10
36 1 25
26 8 17
112 8 40
24 8 25
7 2 81
40 8 72
65 2 19
7 14 10
25 8 81
27 2 86
53 8 40
24 2 22
12 8 45
112 2 63
12 1 19
41 2 38
17 1 127
65 2 14
7 8 15
7 8 34
49 8 51
25 8 52
54 2 80
63 1 15
54 2 37
18 1 17
7 8 35
24 1 7
72 8 40
25 1 10
10 2 28
40 1 86
7 1 22
81 2 10
10 1 33
40 1 83
48 1 53
25 1 22
42 2 52
33 1 32
26 8 51
7 11 10
37 2 104
7 1 80
23 8 24
17 8 27
37 1 42
10 8 35
40 1 45
15 8 27
45 1 40
56 1 30
59 8 37
12 8 15
30 1 10
20 1 18
30 8 56
86 1 37
10 2 65
7 8 17
10 8 17
80 8 10
51 1 49
40 1 52
27 2 83
26 2 31
40 1 53
72 2 63
45 1 10
45 1 104
35 2 28
57 2 63
30 1 28
7 5 10
18 2 16
73 1 40
37 1 59
34 1 25
20 1 16
22 2 7
48 1 59
30 8 94
15 1 65
15 1 10
90 2 63
65 8 90
45 13 36
31 1 30
40 8 107
42 2 57
7 8 53
12 8 17
104 2 20
31 2 62
19 8 107
19 2 10
35 1 33
7 8 12
63 2 72
32 1 10
33 2 10
90 1 37
63 2 112
26 1 15
45 2 73
33 1 7
28 2 29
55 8 25
10 2 81
107 1 40
37 2 85
112 2 53
32 2 34
84 1 25
10 8 14
53 1 51
17 8 49
32 8 23
37 1 57
51 2 40
10 1 22
136 1 25
10 7 7
80 2 10
45 1 7
7 8 10
26 1 30
37 8 53
37 1 39
15 8 16
10 2 14
14 2 7
25 8 57
17 1 12
37 8 38
27 1 17
63 2 90
31 2 26
84 2 56
14 1 19
35 1 10
64 2 57
52 1 30
20 8 90
12 2 10
7 8 83
22 8 25
45 13 39
14 1 65
23 8 35
10 1 81
7 2 94
81 1 7
34 2 32
33 1 34
53 2 52
72 1 40
81 1 30
38 2 41
25 8 50
107 8 48
10 8 24
54 8 73
23 2 7
80 1 25
28 2 22
37 8 62
22 1 7
10 8 15
7 8 73
45 8 40
25 8 31
50 2 31
17 1 94
28 2 7
25 8 32
27 2 52
27 8 37
14 1 7
94 2 7
24 1 33
7 2 54
53 2 112
65 8 14
54 2 7
48 1 107
22 2 35
26 1 17
37 1 63
40 1 112
27 8 40
63 2 57
30 8 57
15 1 12
40 8 41
23 8 10
73 1 65
25 1 7
10 8 34
15 8 63
49 1 30
73 1 7
38 8 42
37 8 112
83 1 7
53 2 59
112 1 7
23 1 7
26 2 7
85 1 26
34 1 7
81 2 7
72 2 27
135 8 37
40 1 36
55 2 28
56 2 26
10 2 49
104 2 37
86 1 51
56 1 25
23 1 34
52 2 27
28 8 10
57 2 52
52 2 42
20 8 45
62 2 31
40 1 63
15 1 7
19 8 83
30 1 35
25 1 28
15 1 19
19 2 65
56 2 84
28 2 24
43 1 40
30 8 80
59 1 7
62 1 37
85 1 31
24 1 10
31 2 50
12 2 7
26 2 56
37 1 64
10 1 28
50 8 51
65 8 73
35 1 23
7 1 28
14 1 10
22 2 10
16 8 20
19 8 17
17 1 14
63 8 40
65 8 45
17 1 49
17 1 19
32 1 25
53 1 10
84 8 51
40 1 57
10 8 12
10 8 90
83 2 27
40 2 80
49 1 17
29 8 30
50 8 85
30 8 81
22 8 10
28 1 7
37 2 20
62 8 64
30 8 49
? 1 github_java_program_data/2/149.java

15 1 26
7 8 24
22 2 24
15 8 27
7 2 23
12 8 15
10 2 19
25 1 24
83 2 59
19 2 10
10 2 12
37 2 10
25 8 26
10 8 83
23 2 7
83 1 37
7 8 12
12 2 10
26 1 25
22 8 25
83 1 10
26 2 10
27 8 37
24 8 25
19 8 83
24 2 22
48 1 59
12 1 7
59 1 7
37 8 83
10 8 15
27 1 15
15 1 10
48 1 83
37 1 27
24 1 23
10 2 37
24 1 7
59 2 83
83 8 48
83 1 19
25 1 22
10 2 26
7 8 59
15 1 12
26 8 15
23 8 24
59 8 48
? 1 github_java_program_data/2/16.java

7 8 112
73 1 40
52 8 37
10 8 53
10 5 7
7 2 23
14 2 65
7 8 72
40 8 73
12 1 10
40 2 97
64 8 37
56 2 38
63 2 86
38 2 43
37 1 86
37 2 10
56 8 42
28 2 35
7 2 20
36 2 86
94 8 15
37 1 73
37 8 73
35 8 25
26 2 10
7 7 10
65 8 107
22 2 28
36 6 73
16 8 54
62 8 42
10 8 25
25 8 36
7 2 14
86 8 40
25 1 55
27 1 15
45 1 19
7 2 54
18 8 54
34 1 25
25 8 49
30 8 52
10 4 7
20 2 7
14 2 10
10 2 22
30 1 55
127 1 30
45 1 37
39 6 45
10 2 94
52 2 72
31 1 25
17 8 63
25 1 29
73 2 45
53 2 83
40 2 85
42 2 64
33 8 24
24 8 30
40 1 27
17 8 26
22 2 35
37 1 90
45 1 65
33 8 35
19 2 14
32 2 34
107 1 37
53 1 7
97 1 72
30 8 94
64 1 31
73 13 36
10 2 12
25 8 26
53 2 27
12 1 7
51 2 37
28 8 30
41 8 42
24 1 23
52 2 57
63 2 27
25 8 56
10 8 107
64 2 42
73 1 7
14 8 73
37 8 107
94 8 17
22 8 30
64 1 38
40 1 64
65 2 12
16 2 18
45 1 14
40 8 45
34 8 23
25 1 35
90 2 27
31 1 30
32 1 7
52 2 63
83 1 40
10 8 32
27 2 90
20 2 40
65 8 17
86 2 72
32 8 33
37 8 45
39 2 52
57 8 37
15 1 49
33 8 10
90 1 7
86 1 85
127 8 17
42 8 40
64 2 36
10 2 26
10 8 30
49 8 85
7 2 12
42 1 56
29 2 22
40 1 72
35 8 30
28 8 25
22 2 24
34 8 33
23 2 10
107 1 65
63 8 37
94 1 30
53 1 37
22 2 55
54 8 45
10 1 33
90 8 37
38 1 37
52 1 25
45 8 37
10 1 23
52 2 64
53 8 40
30 8 36
10 2 23
56 8 72
17 8 18
57 2 63
7 8 12
30 1 24
38 1 40
37 8 72
83 2 107
7 14 10
19 8 73
85 1 49
24 2 28
40 8 43
7 8 14
55 2 22
72 2 86
33 1 34
14 8 17
35 1 23
41 1 40
28 2 55
63 2 53
7 8 30
73 1 20
34 1 30
51 8 53
107 2 83
25 8 34
65 2 10
18 8 20
54 1 18
19 8 45
90 1 40
31 2 38
30 8 32
112 8 48
20 8 73
54 8 90
15 1 14
29 8 25
40 1 42
7 2 28
40 8 38
15 1 26
62 1 40
52 8 40
36 6 45
29 2 28
90 1 65
56 2 37
7 12 10
28 2 10
27 2 53
107 8 48
51 1 26
17 1 7
35 2 22
63 1 17
90 1 54
14 8 15
85 2 40
7 8 90
42 1 41
25 1 24
42 8 68
45 1 12
27 2 63
7 8 45
34 1 10
36 1 30
56 2 62
14 2 19
7 8 34
20 2 37
72 8 97
30 8 31
39 1 30
37 2 56
36 8 37
7 1 23
15 8 26
94 2 7
37 1 27
26 8 85
40 8 62
25 8 127
72 1 7
85 8 86
65 2 14
7 2 22
7 2 94
40 8 90
12 8 73
7 8 10
42 1 38
64 2 52
73 1 14
49 2 10
10 2 97
39 2 53
86 8 37
73 1 12
10 1 7
15 8 16
53 8 48
30 1 29
26 8 15
7 8 25
10 1 22
30 1 7
36 2 64
7 8 24
62 2 56
32 1 30
16 1 15
49 1 25
90 2 73
40 8 83
57 2 52
17 1 10
17 1 65
35 1 7
53 2 39
57 1 30
57 1 25
54 1 16
38 8 64
7 4 10
40 2 20
7 8 32
64 1 62
97 8 83
19 2 12
23 1 32
15 1 94
49 8 17
42 1 62
30 8 39
107 1 10
36 1 25
24 8 25
64 1 68
27 2 86
31 8 64
24 2 22
12 8 45
17 1 127
65 2 7
7 8 15
55 8 30
48 1 83
25 8 52
40 1 86
18 1 17
7 8 35
24 1 7
72 8 40
25 1 10
10 2 28
72 1 56
63 1 15
7 1 22
12 2 19
45 1 20
48 1 53
25 1 22
40 2 54
33 1 32
26 8 51
7 11 10
45 13 39
7 2 65
23 8 24
17 8 27
40 8 86
37 1 42
30 8 34
40 1 45
15 8 27
45 1 40
37 8 53
12 8 15
28 8 10
30 1 10
20 1 18
30 8 56
49 2 7
10 2 65
7 8 17
43 2 38
22 2 29
10 8 83
10 8 112
24 1 10
40 1 52
86 1 40
40 1 53
26 1 25
35 2 28
97 2 40
30 1 28
7 5 10
18 2 16
68 1 42
42 8 37
73 2 90
86 2 36
20 1 16
22 2 7
86 2 63
28 2 22
54 2 40
68 8 64
7 2 49
15 1 10
94 2 10
65 8 90
38 2 31
30 8 127
7 8 53
12 8 17
31 2 62
35 1 10
35 1 33
10 2 37
19 8 15
64 8 40
32 1 10
37 1 45
33 2 10
26 1 15
45 2 73
52 1 30
40 1 39
43 8 42
28 2 29
55 8 25
112 2 53
17 8 16
10 8 14
53 1 51
17 8 49
32 8 23
112 1 10
83 1 97
10 2 14
7 1 10
10 7 7
45 1 7
26 1 30
56 1 30
12 2 65
10 8 35
127 8 15
14 2 7
25 8 57
17 1 12
37 8 38
73 1 37
27 1 17
52 2 39
42 1 31
7 2 127
127 1 25
45 13 36
33 1 7
12 2 10
27 8 40
22 8 25
14 1 10
23 8 35
83 1 10
34 2 32
30 1 22
49 8 15
37 1 36
38 2 41
37 2 51
38 2 56
10 8 24
23 2 7
112 1 7
33 2 7
37 8 62
22 1 7
53 2 63
10 8 15
7 8 73
45 8 40
127 2 7
39 8 40
37 2 20
17 1 94
28 2 7
25 8 32
27 8 37
14 1 7
24 1 33
7 2 33
53 2 112
72 1 37
10 2 33
54 2 7
48 1 107
83 8 48
48 1 112
26 1 17
37 1 63
34 1 7
63 2 52
63 2 57
30 8 57
15 1 12
37 1 57
40 8 41
23 8 10
25 1 7
10 8 34
15 8 63
45 1 54
14 8 45
30 8 26
38 8 42
31 8 42
86 2 27
37 1 52
26 2 7
85 1 26
57 8 40
38 2 68
55 2 28
10 2 49
16 1 17
56 1 25
23 1 34
7 1 33
7 2 26
10 8 17
20 8 45
62 2 31
40 1 63
15 1 7
30 1 35
25 1 28
15 1 19
68 2 38
83 2 53
28 2 24
43 1 40
42 1 43
62 1 37
12 2 7
97 2 10
37 1 64
73 8 37
10 1 28
72 2 52
7 1 28
73 1 19
22 2 10
16 8 20
41 2 38
17 1 14
63 8 40
65 8 45
17 1 49
32 1 25
53 1 10
40 1 57
10 8 12
23 1 7
49 1 17
29 8 30
22 8 10
28 1 7
15 1 127
62 8 64
25 8 31
? 1 github_java_program_data/2/18.java

26 2 10
45 1 10
52 8 37
10 8 53
10 5 7
7 2 23
7 8 72
12 1 10
40 2 97
10 1 22
19 2 97
56 2 38
49 2 56
45 2 83
7 2 19
107 1 19
56 8 42
28 2 35
7 2 20
90 2 73
37 8 73
73 8 40
73 1 7
86 8 40
35 8 25
54 2 40
7 7 10
40 1 73
48 1 59
107 2 83
40 1 90
59 8 48
80 2 20
10 8 25
40 2 104
25 8 36
7 2 14
51 1 31
25 1 55
27 1 15
18 8 54
34 1 25
25 8 49
30 8 52
11 1 7
52 2 27
14 2 10
10 2 22
30 1 55
12 2 97
10 8 45
31 1 25
17 8 63
25 1 29
112 1 10
10 8 12
65 2 12
26 2 31
103 8 154
19 2 7
11 2 14
7 8 107
33 8 24
24 8 30
37 2 51
40 1 27
17 8 26
54 2 10
72 2 64
45 1 65
90 1 54
19 2 14
90 1 10
107 1 37
104 2 54
10 4 7
97 1 72
63 2 52
51 1 56
104 8 45
7 2 80
73 13 36
10 2 12
56 8 51
25 8 26
15 1 10
64 2 72
41 8 42
57 2 27
24 1 23
52 2 57
63 2 27
25 8 56
7 2 33
7 4 10
45 1 54
25 8 84
14 8 73
57 2 53
37 8 107
64 1 56
22 8 30
53 2 59
20 2 7
40 1 64
73 2 45
16 2 18
80 2 37
45 1 14
40 8 45
34 8 23
25 1 35
90 2 27
64 1 62
50 1 25
94 8 17
32 1 7
52 2 63
32 8 80
64 2 57
83 1 40
15 8 18
10 8 32
27 2 90
20 2 40
12 1 65
40 2 7
27 2 42
32 8 33
51 1 84
57 8 37
10 1 80
15 1 49
33 8 10
86 1 85
83 2 45
29 2 28
42 8 40
10 2 26
10 8 30
12 1 7
7 2 12
40 8 90
42 1 56
32 8 104
29 2 22
112 1 7
40 1 72
35 8 30
28 8 25
22 2 24
34 8 33
23 2 10
51 2 37
63 8 37
56 2 49
53 1 37
154 8 107
54 8 45
10 1 33
22 2 29
38 1 37
30 8 34
45 8 37
10 1 23
37 8 90
40 2 85
17 8 18
80 2 7
38 2 56
7 8 12
30 1 24
37 8 72
83 2 107
10 2 20
15 8 16
112 2 45
19 8 73
33 1 34
24 2 28
37 2 31
40 8 43
7 8 14
55 2 22
42 2 27
31 2 37
18 8 20
86 2 27
20 2 10
72 1 31
14 8 17
7 8 97
35 1 23
104 2 40
41 1 40
28 2 55
63 2 53
7 8 30
73 1 20
34 1 30
33 8 35
112 2 107
73 1 80
9 1 7
25 8 34
65 2 10
56 8 64
65 8 12
54 1 18
90 1 40
31 2 38
30 8 32
112 8 48
54 8 90
15 1 14
45 1 11
29 8 25
40 1 42
7 2 28
154 2 7
38 2 43
15 1 26
62 1 40
112 1 54
104 1 32
52 8 40
48 1 107
22 2 55
7 12 10
28 2 10
97 1 9
80 8 73
7 5 10
51 1 26
40 1 107
17 1 7
35 2 22
63 1 17
31 8 72
14 8 15
107 1 7
51 1 50
42 1 41
25 1 24
10 2 97
7 2 154
45 1 12
27 2 63
7 8 45
34 1 10
56 2 62
14 2 19
7 8 34
80 1 32
20 2 37
72 8 97
30 8 31
14 2 11
36 8 37
7 1 23
54 2 104
94 2 7
37 1 27
26 8 85
40 8 62
43 8 42
72 1 7
85 8 86
90 1 20
10 2 54
7 2 22
54 8 112
7 2 94
49 8 15
12 8 73
7 8 10
42 1 38
83 8 40
11 8 45
112 1 37
49 2 10
103 1 10
7 2 40
34 1 7
73 1 12
10 1 7
45 2 112
17 1 26
53 8 48
30 1 29
26 8 15
7 8 25
28 8 30
7 8 112
30 1 7
59 2 53
7 8 24
62 2 56
32 1 30
16 1 15
49 1 25
40 8 83
7 2 26
17 1 10
35 1 7
10 8 73
57 1 30
57 1 25
107 8 40
54 1 16
10 8 103
112 8 37
40 2 20
7 8 32
31 8 51
154 1 103
97 8 83
36 6 73
90 8 40
23 1 32
49 8 17
52 1 25
10 2 23
97 2 12
36 1 25
26 8 17
24 8 25
65 2 19
7 14 10
27 2 86
53 8 40
24 2 22
12 8 45
112 2 63
7 8 15
55 8 30
49 8 51
25 8 52
40 1 86
54 2 37
18 1 17
7 8 35
24 1 7
72 8 40
25 1 10
10 2 28
63 1 15
7 1 22
45 1 20
40 1 83
48 1 53
25 1 22
97 8 73
40 2 54
33 1 32
45 2 90
26 8 51
7 11 10
53 2 112
23 8 24
17 8 27
40 8 86
37 1 42
17 8 16
40 1 45
15 8 27
45 1 40
37 8 53
90 2 45
12 8 15
28 8 10
30 1 10
20 1 18
30 8 56
49 2 7
59 1 10
7 8 17
43 2 38
10 8 17
10 8 112
24 1 10
37 8 38
40 1 52
86 1 40
29 8 30
26 1 25
45 1 104
35 2 28
97 2 40
30 1 28
73 1 10
18 2 16
7 8 9
42 8 37
73 2 90
20 1 16
22 2 7
73 1 97
9 8 97
7 2 49
20 8 73
107 1 154
90 2 63
38 2 31
31 1 30
40 8 107
12 8 17
107 2 112
19 8 107
35 1 33
12 2 7
64 8 40
32 1 10
73 1 14
37 1 45
33 2 10
90 1 37
63 2 112
45 2 73
52 1 30
28 2 29
55 8 25
37 2 54
107 1 40
112 2 53
32 2 34
84 1 25
10 8 14
53 1 51
17 8 49
32 8 23
37 1 57
7 1 10
10 7 7
27 2 57
45 1 7
26 1 30
56 1 30
12 2 65
10 8 35
10 2 14
14 2 7
25 8 57
17 1 12
51 1 49
73 1 37
27 1 17
63 2 90
31 2 26
42 1 31
84 2 56
35 1 10
33 1 7
20 2 80
7 1 28
12 2 10
27 8 40
22 8 25
73 1 19
23 8 35
83 1 10
34 2 32
37 1 112
30 1 22
25 8 94
37 1 36
38 2 41
25 8 50
107 8 48
10 8 24
23 2 7
33 2 7
57 2 64
22 1 7
53 2 63
16 8 54
7 8 73
45 8 40
37 2 154
25 8 31
50 2 31
17 1 94
28 2 7
25 8 32
27 2 52
27 8 37
14 1 7
24 1 33
7 2 54
94 1 25
97 1 7
72 1 37
10 2 33
54 2 7
18 1 15
22 2 35
42 2 63
48 1 112
26 1 17
65 8 45
37 1 63
30 8 57
10 8 59
15 1 12
40 8 41
23 8 10
73 1 65
25 1 7
10 8 34
15 8 63
49 1 30
14 8 45
30 8 26
38 8 42
31 8 42
10 2 65
37 1 52
23 1 7
26 2 7
85 1 26
57 8 40
72 2 27
97 2 19
27 2 72
154 2 37
55 2 28
10 2 49
16 1 17
56 1 25
23 1 34
7 1 33
57 2 52
10 8 83
20 8 45
40 1 63
15 1 7
30 1 35
25 1 28
53 2 57
19 2 65
56 2 84
28 2 24
43 1 40
42 1 43
37 2 80
80 8 10
31 2 50
10 8 15
7 8 11
97 2 10
83 1 97
10 1 28
50 8 51
65 8 73
20 8 90
14 1 10
85 2 40
22 2 10
16 8 20
41 2 38
17 1 14
63 8 40
51 8 53
17 1 49
63 2 42
32 1 25
53 1 10
84 8 51
40 1 57
37 8 112
10 8 90
49 1 17
40 1 53
22 8 10
28 1 7
37 2 20
62 8 64
30 8 49
? 1 github_java_program_data/2/20.java

22 2 24
7 8 112
73 1 40
52 8 37
10 8 97
20 8 140
7 2 23
14 2 65
33 2 154
40 8 73
12 1 10
65 2 11
10 1 22
19 2 97
135 8 40
154 1 10
36 2 64
37 2 10
7 2 19
154 8 83
97 8 107
107 1 19
56 8 42
28 2 35
80 1 7
53 2 27
37 1 73
112 1 19
20 2 10
35 8 25
54 2 40
7 7 10
16 1 15
65 8 107
22 2 28
40 2 97
40 1 90
43 2 62
59 8 48
62 8 42
10 8 25
107 1 7
83 1 97
7 2 14
25 1 55
27 1 15
45 1 19
7 2 54
18 8 54
22 2 83
42 8 37
30 8 52
11 1 7
10 2 80
20 2 7
14 2 10
10 2 22
30 1 55
45 1 37
39 6 45
10 8 45
31 1 25
17 8 63
25 1 29
83 1 19
10 8 12
31 8 120
73 2 45
38 1 30
33 2 37
19 2 7
120 1 31
65 8 83
18 1 15
33 8 24
24 8 30
40 1 27
54 2 10
45 1 65
7 12 10
33 8 35
37 8 38
90 1 10
56 2 40
107 1 37
28 2 29
53 1 7
10 4 7
107 8 37
97 1 72
63 2 52
10 7 7
72 2 63
64 1 31
54 1 16
73 13 36
10 2 12
25 8 26
12 1 7
57 2 27
24 1 23
45 1 10
25 8 56
10 8 107
7 1 10
73 1 7
14 8 73
37 8 107
94 8 17
22 8 30
36 8 40
64 1 38
40 1 64
65 2 12
16 2 18
45 1 14
40 8 45
34 8 23
7 8 59
90 2 27
59 2 53
64 1 56
32 1 7
37 8 83
65 8 15
83 1 40
15 8 18
10 8 32
27 2 90
20 2 40
62 2 43
65 8 17
32 8 33
37 8 45
52 2 57
57 8 37
83 1 37
33 8 10
107 2 73
52 2 36
29 2 28
64 2 36
10 2 26
10 8 30
7 2 12
83 2 28
26 2 10
42 1 56
42 1 62
29 2 22
40 1 72
35 8 30
28 8 25
37 1 107
34 8 33
23 2 10
51 2 37
65 2 97
73 8 40
36 6 73
53 1 37
22 2 55
54 8 45
10 1 33
22 2 29
30 8 34
45 8 37
10 1 23
30 8 36
10 2 23
37 8 90
56 8 72
73 1 97
36 6 45
7 8 12
30 1 24
38 1 40
83 2 107
10 2 20
112 2 45
19 8 73
30 1 22
24 2 28
40 8 43
7 8 14
55 2 22
30 8 135
15 2 17
18 8 20
37 8 25
25 1 83
19 8 90
97 1 33
14 8 17
7 8 97
37 1 52
28 2 55
7 8 30
73 1 20
34 1 30
112 2 107
107 2 83
25 8 34
56 8 64
54 1 18
19 8 45
31 2 38
30 8 32
112 8 48
7 2 97
20 8 73
10 1 7
45 1 11
29 8 25
154 2 33
31 8 64
7 2 28
25 8 41
40 8 38
15 1 26
10 5 7
112 1 54
33 8 83
52 8 40
48 1 107
37 2 33
25 1 35
37 2 22
10 2 19
28 2 10
27 2 53
107 8 48
7 5 10
35 2 22
17 1 7
112 2 63
63 1 17
25 8 36
27 2 57
25 1 24
11 2 65
40 2 56
39 8 37
27 2 63
40 1 36
120 8 30
36 1 30
38 8 120
37 2 54
14 2 19
52 2 63
7 8 34
140 8 30
20 2 37
97 8 73
30 8 31
39 1 30
83 1 65
7 1 23
32 8 37
30 8 38
38 1 37
63 2 112
43 8 42
10 2 49
90 1 20
10 2 54
22 2 37
73 2 107
7 2 22
54 8 112
7 2 94
72 1 40
12 8 73
16 8 54
42 1 38
11 8 45
73 1 14
49 2 10
7 2 40
57 8 40
23 1 34
10 8 72
112 1 10
45 2 112
15 8 16
53 8 48
30 1 29
26 8 15
7 8 25
28 8 30
19 2 14
30 1 7
45 1 54
19 8 112
7 8 24
41 1 25
32 1 30
40 1 73
40 8 83
57 2 52
17 1 10
17 1 65
35 1 7
57 1 30
57 1 25
25 1 37
135 1 30
7 4 10
40 2 20
7 8 32
64 1 62
19 2 12
90 8 40
23 1 32
24 1 33
7 2 26
52 1 25
30 8 39
107 1 10
36 1 25
23 8 97
24 8 25
65 2 19
7 14 10
73 1 54
53 8 40
24 2 22
10 8 112
140 1 37
30 1 140
65 2 14
7 8 15
55 8 30
49 8 51
37 1 83
25 8 52
54 2 37
18 1 17
7 8 35
24 1 7
72 8 40
25 1 10
10 2 28
72 1 56
63 1 15
7 1 22
12 2 19
45 1 20
90 1 19
48 1 53
25 1 22
72 8 97
40 2 54
33 1 32
83 8 37
7 11 10
45 13 39
7 1 80
23 8 24
17 8 27
37 1 42
17 8 16
40 1 45
15 8 27
45 1 40
37 8 53
12 8 15
28 8 10
30 1 10
20 1 18
30 8 56
7 8 17
10 8 17
34 1 7
24 1 10
112 1 37
40 1 52
140 1 20
40 1 53
26 1 25
37 1 39
35 2 28
97 2 40
30 1 28
42 1 43
18 2 16
34 1 25
20 1 16
22 2 7
83 8 25
17 8 18
94 2 7
15 1 65
15 1 10
107 1 97
38 2 31
31 1 30
40 8 107
7 8 53
12 8 17
37 1 25
19 8 107
19 2 10
35 1 33
25 2 32
10 2 37
19 8 15
64 8 40
32 1 10
72 1 10
37 1 45
33 2 10
90 1 37
45 2 73
33 1 7
7 2 20
55 8 25
28 2 22
42 2 52
25 8 37
107 1 40
112 2 53
32 2 34
40 8 72
10 8 14
97 2 7
53 1 51
17 8 49
32 8 23
37 1 57
30 1 120
49 8 17
112 8 40
32 2 25
80 2 10
45 1 7
26 1 30
56 1 30
12 2 65
10 8 35
10 2 14
14 2 7
25 8 57
17 1 12
51 1 49
27 1 17
56 2 62
42 1 31
97 1 10
28 2 83
35 1 10
37 1 32
45 13 36
52 1 30
20 8 90
12 2 10
7 8 83
62 2 56
22 8 25
14 1 10
23 8 35
34 2 32
97 1 23
33 1 34
72 2 53
25 8 94
38 2 41
37 2 51
120 1 38
10 8 24
54 8 73
23 2 7
33 2 7
37 8 62
22 1 7
7 8 10
7 8 73
45 8 40
10 8 90
17 1 94
28 2 7
25 8 32
63 2 72
14 1 7
53 2 112
7 2 33
94 1 25
97 1 7
120 1 41
10 2 33
54 2 7
7 8 107
22 2 35
48 1 112
65 8 45
63 2 27
40 1 112
27 8 40
30 8 57
15 1 12
40 2 7
23 8 10
73 1 65
25 1 7
107 1 65
15 8 63
49 1 30
36 2 52
14 8 45
30 8 26
38 8 42
31 8 42
83 1 7
53 2 59
112 1 7
26 2 7
7 8 45
97 2 19
33 8 97
40 1 135
55 2 28
73 1 12
41 2 38
16 1 17
56 1 25
53 2 72
97 8 83
7 1 33
37 8 140
52 2 42
20 8 45
97 2 65
40 1 63
15 1 7
19 8 83
83 1 154
30 1 35
25 1 28
10 8 154
15 1 19
19 2 65
41 8 120
28 2 24
43 1 40
59 1 7
62 1 37
107 2 112
10 8 15
7 8 11
38 8 64
73 8 37
10 1 28
65 8 73
35 1 23
7 1 28
73 1 19
22 2 10
16 8 20
19 8 17
17 1 14
63 8 40
51 8 53
17 1 49
17 1 19
32 1 25
40 1 57
37 8 112
23 1 7
12 2 7
48 1 59
49 1 17
29 8 30
83 2 22
22 8 10
28 1 7
37 2 20
62 8 64
17 2 15
25 8 31
83 1 33
30 8 49
? 1 github_java_program_data/2/22.java

107 1 23
7 8 24
7 8 112
22 8 25
52 8 37
17 1 14
32 1 30
10 5 7
40 1 73
35 8 30
12 1 10
17 1 10
135 8 40
73 1 10
10 8 73
45 2 83
25 8 32
25 1 37
135 1 30
10 2 19
97 8 107
10 2 33
28 2 35
45 1 11
90 8 40
53 2 112
24 1 33
73 8 40
112 2 83
40 2 23
10 2 23
73 2 45
36 1 25
23 8 97
7 7 10
7 2 23
14 2 19
48 1 59
65 2 19
7 14 10
40 1 90
59 8 48
10 8 25
25 8 36
83 1 97
25 1 10
7 2 14
23 2 97
25 1 55
27 1 15
7 8 15
45 1 19
7 2 40
48 1 83
7 8 25
40 8 83
34 1 25
30 8 52
54 2 37
11 1 7
23 1 32
24 1 7
14 2 10
10 2 22
30 1 55
10 2 28
45 1 37
54 2 10
7 1 22
10 8 45
65 2 97
17 8 63
25 1 29
83 1 19
25 1 22
65 2 12
29 2 22
33 1 32
19 2 7
7 11 10
65 8 83
23 8 24
33 8 24
24 8 30
40 1 45
40 1 27
19 2 14
45 1 65
33 8 35
90 1 10
12 8 15
57 1 25
30 1 10
20 1 18
25 2 32
22 2 107
48 1 112
24 2 22
10 7 7
54 1 16
7 8 17
10 8 17
15 1 10
38 2 31
27 2 90
24 1 10
7 2 19
24 1 23
52 2 57
63 2 27
29 8 30
73 1 37
45 1 10
65 2 11
35 2 28
30 1 28
59 1 7
14 8 73
7 2 28
22 8 30
42 8 37
10 4 7
20 1 16
22 2 7
45 1 14
34 8 23
15 1 65
7 8 59
107 1 97
80 2 7
7 2 80
15 1 12
31 1 30
65 8 15
32 2 34
83 1 40
15 8 18
7 8 53
12 8 17
37 1 25
23 8 11
19 2 10
35 1 33
32 8 33
10 2 40
7 8 12
57 8 37
10 1 80
33 2 10
90 1 37
40 8 107
73 1 65
45 2 73
33 1 7
11 1 23
55 8 25
10 8 30
12 1 7
42 2 52
25 8 37
37 1 42
107 1 40
23 8 107
107 8 30
40 8 38
28 2 107
12 2 10
10 8 14
97 1 7
20 2 10
32 8 23
37 1 57
22 2 24
34 8 33
23 2 10
7 1 10
11 8 45
32 2 25
54 8 45
48 1 53
112 2 53
22 2 29
12 2 65
10 8 35
10 2 14
14 2 7
25 8 57
17 1 12
37 8 90
90 2 27
42 1 31
35 1 10
37 1 32
30 1 24
52 1 30
38 1 40
37 8 45
7 8 83
7 1 28
63 8 40
73 1 19
23 8 35
83 1 10
19 8 73
30 1 22
24 2 28
97 2 23
97 1 23
33 1 34
59 2 53
7 8 14
37 1 36
30 8 135
45 8 40
10 8 24
23 2 7
33 2 7
97 2 65
22 1 7
34 2 32
16 8 54
7 8 97
112 1 7
18 2 16
10 8 90
28 2 55
28 2 7
7 8 30
73 1 20
53 1 7
14 1 7
28 2 10
25 8 34
7 2 33
18 8 20
97 1 7
19 8 45
18 1 15
83 8 48
22 2 35
31 2 38
30 8 32
40 2 10
112 8 48
73 1 14
20 8 73
16 2 18
37 8 25
29 8 25
15 8 27
40 2 7
40 1 83
30 1 107
17 8 16
25 1 7
10 8 34
45 1 54
14 8 45
38 8 42
31 8 42
83 1 7
37 2 22
37 1 52
7 12 10
10 1 22
7 5 10
107 2 28
20 2 37
10 2 12
17 1 7
35 2 22
63 1 17
37 2 54
40 1 135
55 2 28
53 2 59
16 1 17
11 2 65
83 2 45
97 8 83
7 1 33
57 2 52
27 2 63
10 8 83
34 1 10
37 8 73
40 1 63
15 1 7
19 8 83
19 8 90
55 8 30
7 2 12
83 2 112
30 1 35
90 1 19
30 8 31
19 2 65
83 1 65
36 8 37
28 2 24
36 6 45
32 8 37
27 8 40
23 2 40
80 8 10
14 8 17
7 8 97
7 8 11
10 2 20
90 1 20
10 2 54
22 2 37
45 13 36
65 8 73
7 2 22
35 1 23
20 8 90
14 1 10
22 2 10
16 8 20
19 8 17
7 8 10
42 1 38
65 8 45
83 8 40
10 8 15
17 1 19
32 1 25
52 2 42
10 8 12
12 2 7
30 1 7
10 1 7
107 2 22
53 8 48
30 1 29
22 8 10
28 1 7
37 2 20
28 8 30
23 1 34
? 1 github_java_program_data/2/24.java

27 2 72
7 8 112
26 1 25
52 8 37
10 2 40
10 8 53
10 5 7
7 2 23
7 2 65
14 2 65
86 8 40
40 8 73
12 1 10
64 8 37
56 2 38
53 1 85
7 2 19
10 2 19
107 1 19
7 1 81
28 2 35
7 1 33
80 1 7
40 2 51
112 1 19
37 8 86
20 2 10
112 2 107
35 8 25
26 2 10
80 1 30
7 2 49
7 7 10
40 1 73
64 2 52
22 2 28
59 2 53
40 1 90
43 2 62
40 1 136
33 8 10
10 8 25
40 2 104
25 8 36
53 1 40
51 1 31
25 1 55
27 1 15
45 1 19
80 2 40
7 8 25
42 8 37
25 8 49
30 8 52
10 2 80
14 2 10
10 2 22
30 1 55
127 1 30
45 1 37
63 2 64
39 6 45
10 8 45
31 1 25
17 8 63
25 1 29
83 1 19
73 2 45
10 2 33
136 8 40
65 8 83
57 2 86
57 2 42
33 8 24
24 8 30
37 2 51
40 1 27
17 8 26
36 2 52
45 1 65
33 8 35
19 2 14
90 1 10
7 2 20
37 1 135
53 1 7
10 4 7
48 1 112
104 8 45
64 1 31
19 8 12
10 2 12
56 8 51
25 8 26
53 2 27
12 1 7
51 2 37
28 8 30
41 8 42
24 1 23
52 2 57
63 2 27
40 2 10
25 8 56
7 2 33
31 8 85
10 8 107
7 1 10
25 8 84
14 8 73
10 2 127
53 8 37
22 8 30
36 8 40
20 2 7
65 2 12
16 2 18
56 8 42
40 8 45
34 8 23
25 1 35
31 8 51
50 1 25
94 8 17
32 1 7
32 8 80
65 8 15
83 1 40
10 8 32
40 8 53
62 2 43
40 2 7
65 8 17
32 8 33
85 8 53
37 8 45
51 1 84
57 8 37
10 1 80
15 1 49
10 8 112
86 1 85
52 2 36
127 8 17
42 8 40
10 2 26
10 8 30
49 8 85
52 2 53
7 2 12
42 1 56
32 8 104
64 2 63
29 2 22
112 1 7
40 1 72
35 8 30
28 8 25
22 2 24
34 8 33
23 2 10
85 1 50
63 8 37
73 8 40
94 1 30
53 1 37
22 2 55
12 2 19
45 1 20
86 2 52
22 2 29
37 1 53
30 8 34
10 1 23
52 2 64
112 1 37
10 2 23
37 8 90
40 2 85
17 8 18
80 2 7
38 2 56
36 6 45
19 8 15
30 1 24
85 1 49
30 8 26
10 2 20
25 8 80
30 1 22
80 2 54
40 8 43
31 8 64
7 8 14
55 2 22
30 8 135
104 2 40
18 8 20
86 2 27
112 1 10
107 2 112
72 1 31
14 8 17
19 2 7
37 1 52
41 1 40
28 2 55
86 2 57
12 2 65
7 8 30
34 1 30
65 2 7
51 8 53
73 1 80
25 8 34
65 2 10
51 1 56
65 8 12
54 1 18
19 8 45
30 8 32
73 1 54
112 8 48
15 1 14
7 8 59
29 8 25
40 1 42
7 2 80
7 2 28
15 1 26
62 1 40
112 1 54
104 1 32
52 8 40
112 2 45
29 2 28
40 2 31
90 1 65
7 12 10
28 2 10
85 2 37
80 8 73
51 1 26
24 2 28
17 1 7
35 2 22
14 8 15
31 8 72
63 1 17
127 2 10
85 2 40
51 1 50
12 1 65
25 1 24
20 2 104
45 1 12
39 8 37
27 2 63
81 8 10
34 1 10
7 2 14
7 8 45
37 2 54
14 2 19
55 8 30
80 1 32
20 2 37
27 2 53
30 8 31
39 1 30
83 1 65
7 1 23
15 8 26
59 8 48
51 8 86
37 1 27
38 1 37
40 8 62
57 2 64
42 1 41
85 8 86
90 1 20
19 8 14
7 2 22
54 8 112
81 1 25
49 8 15
33 2 7
16 8 54
42 1 38
30 8 127
83 8 40
25 8 136
73 1 14
49 2 10
39 2 53
7 2 40
57 8 40
10 1 7
45 2 112
17 1 26
53 8 48
30 1 29
26 8 15
18 8 54
43 8 64
7 8 112
30 1 7
19 8 112
7 8 24
64 1 43
32 1 30
16 1 15
31 2 40
49 1 25
40 8 83
7 2 26
17 1 10
17 1 65
35 1 7
26 8 85
53 2 39
57 1 30
57 1 25
54 1 16
49 2 7
135 1 30
7 4 10
7 8 32
52 2 86
64 1 62
19 2 12
90 8 40
23 1 32
49 8 17
52 1 25
30 8 39
107 1 10
36 1 25
26 8 17
112 8 40
24 8 25
7 2 81
40 8 72
65 2 19
7 14 10
25 8 81
27 2 86
53 8 40
24 2 22
12 8 45
112 2 63
12 1 19
41 2 38
17 1 127
65 2 14
7 8 15
7 8 34
49 8 51
25 8 52
54 2 80
63 1 15
54 2 37
18 1 17
7 8 35
24 1 7
72 8 40
25 1 10
10 2 28
40 1 86
7 1 22
81 2 10
10 1 33
40 1 83
48 1 53
25 1 22
42 2 52
33 1 32
26 8 51
7 11 10
37 2 104
7 1 80
23 8 24
17 8 27
37 1 42
10 8 35
40 1 45
15 8 27
45 1 40
56 1 30
59 8 37
12 8 15
30 1 10
20 1 18
30 8 56
86 1 37
10 2 65
7 8 17
10 8 17
80 8 10
51 1 49
40 1 52
27 2 83
26 2 31
40 1 53
72 2 63
45 1 10
45 1 104
35 2 28
57 2 63
30 1 28
7 5 10
18 2 16
73 1 40
37 1 59
34 1 25
20 1 16
22 2 7
48 1 59
30 8 94
15 1 65
15 1 10
90 2 63
65 8 90
45 13 36
31 1 30
40 8 107
42 2 57
7 8 53
12 8 17
104 2 20
31 2 62
19 8 107
19 2 10
35 1 33
7 8 12
63 2 72
32 1 10
33 2 10
90 1 37
63 2 112
26 1 15
45 2 73
33 1 7
28 2 29
55 8 25
10 2 81
107 1 40
37 2 85
112 2 53
32 2 34
84 1 25
10 8 14
53 1 51
17 8 49
32 8 23
37 1 57
51 2 40
10 1 22
136 1 25
10 7 7
80 2 10
45 1 7
7 8 10
26 1 30
37 8 53
37 1 39
15 8 16
10 2 14
14 2 7
25 8 57
17 1 12
37 8 38
27 1 17
63 2 90
31 2 26
84 2 56
14 1 19
35 1 10
64 2 57
52 1 30
20 8 90
12 2 10
7 8 83
22 8 25
45 13 39
14 1 65
23 8 35
10 1 81
7 2 94
81 1 7
34 2 32
33 1 34
53 2 52
72 1 40
81 1 30
38 2 41
25 8 50
107 8 48
10 8 24
54 8 73
23 2 7
80 1 25
28 2 22
37 8 62
22 1 7
10 8 15
7 8 73
45 8 40
25 8 31
50 2 31
17 1 94
28 2 7
25 8 32
27 2 52
27 8 37
14 1 7
94 2 7
24 1 33
7 2 54
53 2 112
65 8 14
54 2 7
48 1 107
22 2 35
26 1 17
37 1 63
40 1 112
27 8 40
63 2 57
30 8 57
15 1 12
40 8 41
23 8 10
73 1 65
25 1 7
10 8 34
15 8 63
49 1 30
73 1 7
38 8 42
37 8 112
83 1 7
53 2 59
112 1 7
23 1 7
26 2 7
85 1 26
34 1 7
81 2 7
72 2 27
135 8 37
40 1 36
55 2 28
56 2 26
10 2 49
104 2 37
86 1 51
56 1 25
23 1 34
52 2 27
28 8 10
57 2 52
52 2 42
20 8 45
62 2 31
40 1 63
15 1 7
19 8 83
30 1 35
25 1 28
15 1 19
19 2 65
56 2 84
28 2 24
43 1 40
30 8 80
59 1 7
62 1 37
85 1 31
24 1 10
31 2 50
12 2 7
26 2 56
37 1 64
10 1 28
50 8 51
65 8 73
35 1 23
7 1 28
14 1 10
22 2 10
16 8 20
19 8 17
17 1 14
63 8 40
65 8 45
17 1 49
17 1 19
32 1 25
53 1 10
84 8 51
40 1 57
10 8 12
10 8 90
83 2 27
40 2 80
49 1 17
29 8 30
50 8 85
30 8 81
22 8 10
28 1 7
37 2 20
62 8 64
30 8 49
? 1 github_java_program_data/2/28.java

26 2 10
7 8 112
25 8 56
52 8 37
10 8 53
63 2 39
7 2 23
14 2 65
86 8 40
40 8 73
12 1 10
40 2 97
10 1 22
56 2 38
97 8 45
37 1 86
97 2 40
10 2 19
107 1 19
56 8 42
28 2 35
28 2 120
40 2 51
37 1 73
37 8 73
62 1 25
37 8 86
35 8 25
54 2 40
7 2 49
30 8 41
22 2 28
16 8 54
30 8 84
62 8 42
10 8 25
25 8 36
53 1 40
72 8 37
86 2 27
25 1 55
27 1 15
72 2 36
7 2 54
7 8 25
25 8 49
30 8 52
37 1 72
52 2 27
20 2 7
14 2 10
10 2 22
30 1 55
45 1 37
86 2 39
10 8 45
31 1 25
17 8 63
25 1 29
31 8 120
73 2 45
38 1 30
29 2 22
49 2 56
19 2 7
120 1 31
56 2 26
25 1 120
30 8 50
7 8 107
33 8 24
24 8 30
37 2 51
40 1 27
17 8 26
54 2 10
37 1 90
45 1 65
33 8 35
19 2 14
90 1 10
120 2 28
107 1 37
53 1 7
10 4 7
97 1 72
63 2 52
65 2 97
64 1 31
73 13 36
10 2 12
56 8 51
25 8 26
15 1 10
51 2 37
57 2 27
24 1 23
52 2 57
63 2 27
50 2 56
73 1 40
45 1 54
64 2 42
73 1 7
14 8 73
53 8 37
94 8 17
22 8 30
36 8 40
64 1 38
40 1 64
73 2 83
65 2 12
10 2 94
45 1 14
40 8 45
34 8 23
25 1 35
90 2 27
64 1 56
32 1 7
52 2 63
120 2 22
65 8 15
31 8 122
51 1 84
15 8 18
10 8 32
27 2 90
122 8 25
20 2 40
62 2 43
40 8 72
36 2 57
32 8 33
37 8 45
83 1 40
57 8 37
15 1 49
51 1 56
86 1 85
52 2 36
29 2 28
42 8 40
25 8 39
10 2 26
10 8 30
12 1 7
52 2 53
7 2 12
38 1 25
40 8 62
40 8 53
122 1 31
20 2 10
35 8 30
28 8 25
22 2 24
34 8 33
43 8 122
10 8 34
63 8 37
36 6 73
56 2 49
53 1 37
22 2 55
54 8 45
10 1 33
90 8 37
37 1 53
42 1 62
45 8 37
10 1 23
30 8 36
10 2 23
37 8 90
49 8 17
17 8 18
57 2 36
36 6 45
7 8 12
30 1 24
10 2 20
19 8 73
85 1 49
24 2 28
31 8 64
7 8 14
10 8 90
55 2 22
18 8 20
83 1 7
33 1 34
19 8 90
72 1 31
14 8 17
7 8 97
112 1 7
37 2 7
28 2 55
63 2 53
22 2 120
7 8 30
73 1 20
34 1 30
39 1 25
62 8 122
64 2 57
97 2 65
39 6 73
25 8 34
56 8 64
54 1 18
43 1 30
120 8 25
30 8 32
112 8 48
7 2 97
51 2 40
15 1 14
7 8 59
29 8 25
40 1 42
7 2 28
15 1 26
62 1 40
15 8 49
36 2 72
52 8 40
48 1 107
43 2 62
7 12 10
28 2 10
85 2 37
25 1 122
107 8 48
7 5 10
51 1 26
17 1 7
35 2 22
63 1 17
31 8 72
14 8 15
122 1 62
107 1 7
41 1 30
27 2 57
25 1 24
7 2 20
45 1 12
39 8 37
27 2 63
38 8 64
34 1 10
36 1 30
38 8 120
42 2 52
14 2 19
55 8 30
20 2 37
72 8 97
30 8 31
39 1 30
36 8 37
7 1 23
15 8 26
59 8 48
30 8 38
42 2 64
37 1 27
25 8 62
38 1 37
42 1 56
57 2 64
10 2 49
85 8 86
90 1 20
10 2 54
31 2 38
45 13 36
7 2 22
49 8 15
12 8 73
7 8 10
73 1 14
49 2 10
57 8 40
39 2 63
73 1 12
10 1 7
15 8 16
53 8 48
30 1 29
26 8 15
18 8 54
28 8 30
30 1 7
59 2 53
7 8 24
26 1 25
32 1 30
38 2 56
16 1 15
31 2 40
49 1 25
40 8 83
7 2 26
17 1 10
50 8 85
35 1 7
57 1 30
57 1 25
54 1 16
7 8 45
7 4 10
40 2 20
7 8 32
97 8 83
23 2 10
49 2 7
7 8 35
24 1 33
52 1 25
30 8 39
36 1 25
26 8 17
107 2 53
24 8 25
30 8 43
7 14 10
27 2 86
53 8 40
24 2 22
7 2 37
12 8 45
83 2 73
122 1 43
65 2 14
7 8 15
7 8 34
37 1 83
25 8 52
45 1 97
63 1 15
54 2 37
18 1 17
23 1 32
24 1 7
39 6 45
25 1 10
10 2 28
40 1 86
7 1 22
12 2 19
48 1 53
90 1 19
40 2 31
25 1 22
40 2 54
33 1 32
45 2 90
26 8 51
7 11 10
45 13 39
53 2 112
23 8 24
17 8 27
40 8 86
17 8 16
40 1 45
15 8 27
45 1 40
37 8 53
73 13 39
90 2 45
12 8 15
30 1 10
20 1 18
33 8 10
120 1 41
52 2 42
86 1 37
16 2 18
7 8 17
22 2 29
10 8 17
19 2 12
24 1 10
50 1 30
40 1 52
86 1 40
40 1 53
45 1 10
37 1 39
35 2 28
57 2 63
30 1 28
73 1 10
39 2 86
25 8 38
34 1 25
20 1 16
22 2 7
37 8 107
28 2 22
48 1 59
56 2 84
15 1 65
20 8 73
94 2 10
49 8 85
38 2 31
31 1 30
7 8 53
12 8 17
31 2 62
19 8 107
19 2 10
35 1 33
12 2 7
64 8 40
32 1 10
72 1 10
30 8 34
33 2 10
90 1 37
26 1 15
45 2 73
33 1 7
40 1 39
28 2 29
55 8 25
37 2 54
37 1 45
37 2 85
112 2 53
32 2 34
10 8 14
97 2 7
53 1 51
17 8 49
32 8 23
37 1 57
73 8 37
10 2 14
7 1 10
10 7 7
83 8 37
45 1 7
26 1 30
56 1 30
12 2 65
10 8 35
85 1 56
14 2 7
25 8 57
17 1 12
37 8 38
73 1 37
27 1 17
56 2 62
42 1 31
84 2 56
35 1 10
10 5 7
52 1 30
37 1 52
20 8 90
12 2 10
27 8 40
62 2 56
53 2 107
22 8 25
73 1 19
23 8 35
34 2 32
30 1 22
53 2 52
25 8 94
37 1 36
38 2 41
84 1 30
120 1 38
10 8 24
23 2 7
33 2 7
7 8 83
22 1 7
53 2 63
59 8 40
7 8 73
45 8 40
18 2 16
39 8 40
17 1 94
28 2 7
25 8 32
7 2 19
27 2 52
27 8 37
14 1 7
40 2 85
7 2 33
94 1 25
97 1 7
30 8 56
10 2 33
54 2 7
18 1 15
22 2 35
48 1 112
26 1 17
65 8 45
37 1 63
34 1 7
63 2 57
30 8 57
72 1 40
15 1 12
23 8 10
25 1 7
85 1 50
15 8 63
49 1 30
36 2 52
14 8 45
30 8 26
31 8 42
7 1 33
53 2 59
32 1 25
26 2 7
86 8 37
40 1 59
40 1 36
55 2 28
10 8 72
41 2 38
16 1 17
56 1 25
23 1 34
28 8 10
57 2 52
49 1 15
56 2 50
7 7 10
62 2 31
40 1 63
15 1 7
17 1 26
30 1 35
25 1 28
53 2 57
41 8 120
28 2 24
59 1 7
10 8 15
26 2 56
83 1 97
56 8 85
10 1 28
57 2 53
35 1 23
7 1 28
14 1 10
85 2 40
22 2 10
16 8 20
19 8 17
17 1 14
63 8 40
51 8 53
17 1 49
17 1 19
10 8 73
53 1 10
84 8 51
40 1 57
10 8 12
23 1 7
49 1 17
29 8 30
22 8 10
28 1 7
37 2 20
7 2 14
25 8 31
30 8 49
? 1 github_java_program_data/2/44.java

15 1 26
7 8 24
22 2 24
15 8 27
7 2 23
12 8 15
10 2 19
25 1 24
83 2 59
19 2 10
10 2 12
37 2 10
25 8 26
10 8 83
23 2 7
83 1 37
7 8 12
12 2 10
26 1 25
22 8 25
83 1 10
26 2 10
27 8 37
24 8 25
19 8 83
24 2 22
48 1 59
12 1 7
59 1 7
37 8 83
10 8 15
27 1 15
15 1 10
48 1 83
37 1 27
24 1 23
10 2 37
24 1 7
59 2 83
83 8 48
83 1 19
25 1 22
10 2 26
7 8 59
15 1 12
26 8 15
23 8 24
59 8 48
? 1 github_java_program_data/2/46.java

7 8 112
52 8 37
10 2 40
7 2 23
12 1 10
10 1 22
135 8 40
30 1 107
7 2 19
97 8 107
28 2 35
37 8 73
73 8 40
40 2 23
35 8 25
40 1 90
59 8 48
10 8 25
25 8 36
83 1 97
7 2 14
25 1 55
27 1 15
22 8 30
7 8 25
42 8 37
30 8 52
11 1 7
10 4 7
65 2 19
10 2 22
30 1 55
45 1 37
10 8 45
17 8 63
25 1 29
83 1 19
65 2 12
65 8 83
33 8 24
24 8 30
40 1 27
54 2 10
45 1 65
10 2 19
90 1 10
7 8 97
53 1 7
48 1 112
54 1 16
10 2 12
12 1 7
24 1 23
52 2 57
45 1 54
14 8 73
45 1 19
53 2 59
73 2 45
45 1 14
34 8 23
7 8 59
90 2 27
65 8 15
83 1 40
15 8 18
27 2 90
107 8 30
23 8 11
32 8 33
37 8 45
57 8 37
10 1 80
18 8 20
83 2 45
11 1 23
10 8 30
23 2 40
7 2 12
23 8 107
29 2 22
20 2 10
35 8 30
28 8 25
22 2 24
34 8 33
23 2 10
10 8 34
54 8 45
48 1 53
65 8 45
37 8 90
80 2 7
36 6 45
7 8 12
33 2 10
38 1 40
22 2 35
10 2 20
19 8 73
30 1 22
24 2 28
31 8 42
7 8 14
30 8 135
37 8 25
19 8 90
14 8 17
19 2 7
37 1 52
7 8 30
73 1 20
25 8 34
14 2 10
19 8 45
31 2 38
30 8 32
40 2 10
112 8 48
20 8 73
45 1 11
29 8 25
7 2 28
40 8 38
10 5 7
25 1 35
7 12 10
28 2 10
32 1 25
7 5 10
107 2 28
17 1 7
35 2 22
63 1 17
25 1 24
11 2 65
83 1 7
27 2 63
34 1 10
37 2 54
14 2 19
55 8 30
20 2 37
30 8 31
83 1 65
36 8 37
32 8 37
7 8 97
90 1 20
10 2 54
22 2 37
7 2 22
10 2 14
33 2 7
16 8 54
42 1 38
83 8 40
11 8 45
73 1 14
23 1 34
10 1 7
107 2 22
53 8 48
28 2 24
28 8 30
30 1 7
107 1 23
7 8 24
32 1 30
40 1 73
40 8 83
17 1 10
35 1 7
53 2 112
57 1 25
25 1 37
135 1 30
90 8 40
23 1 32
24 1 33
112 2 83
10 2 23
36 1 25
23 8 97
24 8 25
23 2 97
7 14 10
24 2 22
7 8 15
7 2 40
48 1 83
54 2 37
7 8 35
24 1 7
25 1 10
10 2 28
30 1 35
7 1 22
65 2 97
40 1 83
25 1 22
33 1 32
90 1 19
7 11 10
23 8 24
37 1 42
32 2 34
40 1 45
15 8 27
19 2 14
12 8 15
30 1 10
20 1 18
22 2 107
7 8 17
10 8 17
24 1 10
29 8 30
45 1 10
65 2 11
35 2 28
30 1 28
59 1 7
18 2 16
34 1 25
20 1 16
22 2 7
48 1 59
15 1 65
15 1 10
107 1 97
38 2 31
31 1 30
40 8 107
7 8 53
12 8 17
37 1 25
19 2 10
35 1 33
12 2 7
30 1 24
90 1 37
45 2 73
52 1 30
55 8 25
42 2 52
25 8 37
107 1 40
17 8 16
10 8 14
32 8 23
37 1 57
7 1 10
32 2 25
112 2 53
28 2 55
12 2 65
10 8 35
14 2 7
25 8 57
17 1 12
73 1 37
42 1 31
35 1 10
37 1 32
45 13 36
33 1 7
20 8 90
12 2 10
33 8 35
22 8 25
14 1 10
23 8 35
83 1 10
97 2 23
97 1 23
33 1 34
37 1 36
10 8 24
23 2 7
97 2 65
22 1 7
34 2 32
7 8 10
45 8 40
10 8 90
28 2 7
25 8 32
14 1 7
7 2 33
97 1 7
10 2 33
18 1 15
83 8 48
63 2 27
16 2 18
15 1 12
40 2 7
73 1 65
25 1 7
59 2 53
22 2 29
45 2 83
38 8 42
7 8 83
7 2 80
112 1 7
40 1 135
55 2 28
16 1 17
97 8 83
7 1 33
57 2 52
10 8 83
7 7 10
40 1 63
15 1 7
19 8 83
14 8 45
83 2 112
37 2 22
25 1 28
19 2 65
30 1 29
73 1 10
27 8 40
80 8 10
25 2 32
7 8 11
97 1 7
28 2 107
10 7 7
65 8 73
35 1 23
7 1 28
73 1 19
22 2 10
16 8 20
19 8 17
17 1 14
63 8 40
10 8 15
17 1 19
10 8 73
52 2 42
10 8 12
22 8 10
28 1 7
37 2 20
? 1 github_java_program_data/2/51.java

107 1 23
7 8 24
7 8 112
22 8 25
52 8 37
17 1 14
32 1 30
10 5 7
40 1 73
35 8 30
12 1 10
17 1 10
135 8 40
73 1 10
10 8 73
45 2 83
25 8 32
25 1 37
135 1 30
10 2 19
97 8 107
10 2 33
28 2 35
45 1 11
90 8 40
53 2 112
24 1 33
73 8 40
112 2 83
40 2 23
10 2 23
73 2 45
36 1 25
23 8 97
7 7 10
7 2 23
14 2 19
48 1 59
65 2 19
7 14 10
40 1 90
59 8 48
10 8 25
25 8 36
83 1 97
25 1 10
7 2 14
23 2 97
25 1 55
27 1 15
7 8 15
45 1 19
7 2 40
48 1 83
7 8 25
40 8 83
34 1 25
30 8 52
54 2 37
11 1 7
23 1 32
24 1 7
14 2 10
10 2 22
30 1 55
10 2 28
45 1 37
54 2 10
7 1 22
10 8 45
65 2 97
17 8 63
25 1 29
83 1 19
25 1 22
65 2 12
29 2 22
33 1 32
19 2 7
7 11 10
65 8 83
23 8 24
33 8 24
24 8 30
40 1 45
40 1 27
19 2 14
45 1 65
33 8 35
90 1 10
12 8 15
57 1 25
30 1 10
20 1 18
25 2 32
22 2 107
48 1 112
24 2 22
10 7 7
54 1 16
7 8 17
10 8 17
15 1 10
38 2 31
27 2 90
24 1 10
7 2 19
24 1 23
52 2 57
63 2 27
29 8 30
73 1 37
45 1 10
65 2 11
35 2 28
30 1 28
59 1 7
14 8 73
7 2 28
22 8 30
42 8 37
10 4 7
20 1 16
22 2 7
45 1 14
34 8 23
15 1 65
7 8 59
107 1 97
80 2 7
7 2 80
15 1 12
31 1 30
65 8 15
32 2 34
83 1 40
15 8 18
7 8 53
12 8 17
37 1 25
23 8 11
19 2 10
35 1 33
32 8 33
10 2 40
7 8 12
57 8 37
10 1 80
33 2 10
90 1 37
40 8 107
73 1 65
45 2 73
33 1 7
11 1 23
55 8 25
10 8 30
12 1 7
42 2 52
25 8 37
37 1 42
107 1 40
23 8 107
107 8 30
40 8 38
28 2 107
12 2 10
10 8 14
97 1 7
20 2 10
32 8 23
37 1 57
22 2 24
34 8 33
23 2 10
7 1 10
11 8 45
32 2 25
54 8 45
48 1 53
112 2 53
22 2 29
12 2 65
10 8 35
10 2 14
14 2 7
25 8 57
17 1 12
37 8 90
90 2 27
42 1 31
35 1 10
37 1 32
30 1 24
52 1 30
38 1 40
37 8 45
7 8 83
7 1 28
63 8 40
73 1 19
23 8 35
83 1 10
19 8 73
30 1 22
24 2 28
97 2 23
97 1 23
33 1 34
59 2 53
7 8 14
37 1 36
30 8 135
45 8 40
10 8 24
23 2 7
33 2 7
97 2 65
22 1 7
34 2 32
16 8 54
7 8 97
112 1 7
18 2 16
10 8 90
28 2 55
28 2 7
7 8 30
73 1 20
53 1 7
14 1 7
28 2 10
25 8 34
7 2 33
18 8 20
97 1 7
19 8 45
18 1 15
83 8 48
22 2 35
31 2 38
30 8 32
40 2 10
112 8 48
73 1 14
20 8 73
16 2 18
37 8 25
29 8 25
15 8 27
40 2 7
40 1 83
30 1 107
17 8 16
25 1 7
10 8 34
45 1 54
14 8 45
38 8 42
31 8 42
83 1 7
37 2 22
37 1 52
7 12 10
10 1 22
7 5 10
107 2 28
20 2 37
10 2 12
17 1 7
35 2 22
63 1 17
37 2 54
40 1 135
55 2 28
53 2 59
16 1 17
11 2 65
83 2 45
97 8 83
7 1 33
57 2 52
27 2 63
10 8 83
34 1 10
37 8 73
40 1 63
15 1 7
19 8 83
19 8 90
55 8 30
7 2 12
83 2 112
30 1 35
90 1 19
30 8 31
19 2 65
83 1 65
36 8 37
28 2 24
36 6 45
32 8 37
27 8 40
23 2 40
80 8 10
14 8 17
7 8 97
7 8 11
10 2 20
90 1 20
10 2 54
22 2 37
45 13 36
65 8 73
7 2 22
35 1 23
20 8 90
14 1 10
22 2 10
16 8 20
19 8 17
7 8 10
42 1 38
65 8 45
83 8 40
10 8 15
17 1 19
32 1 25
52 2 42
10 8 12
12 2 7
30 1 7
10 1 7
107 2 22
53 8 48
30 1 29
22 8 10
28 1 7
37 2 20
28 8 30
23 1 34
? 1 github_java_program_data/2/54.java

26 2 10
40 8 73
45 1 10
52 8 37
10 2 40
7 2 23
51 1 31
12 1 10
25 1 24
56 2 38
63 2 86
10 2 19
107 1 19
56 8 42
36 2 86
94 8 15
73 8 40
37 8 86
35 8 25
54 2 40
40 1 73
36 6 73
59 8 48
107 8 48
25 8 36
53 1 40
86 8 40
59 2 107
25 1 55
27 1 15
45 1 19
7 8 25
25 8 49
30 8 52
10 4 7
65 2 19
10 2 22
83 2 73
45 1 37
39 6 45
10 8 45
40 2 54
17 8 63
56 1 30
83 1 19
73 2 45
10 2 33
65 8 83
33 8 24
24 8 30
40 1 27
36 6 45
45 1 65
33 8 35
24 1 23
7 2 80
73 13 36
10 2 12
25 8 26
53 2 27
15 1 10
28 8 30
57 2 27
83 1 37
37 1 63
73 1 40
7 2 33
97 2 37
10 8 107
7 1 10
73 1 7
107 2 59
22 8 30
36 8 40
73 2 83
65 2 12
10 2 94
45 2 73
40 8 45
34 8 23
25 1 35
50 1 25
54 8 73
32 1 7
37 8 83
10 8 32
40 8 53
20 2 40
32 8 33
37 8 45
10 1 80
15 1 49
86 1 85
42 8 40
25 8 39
10 2 26
10 8 30
7 2 12
42 1 56
54 8 140
30 8 37
20 2 10
35 8 30
28 8 25
22 2 24
34 8 33
23 2 10
10 5 7
63 8 37
140 8 25
45 1 20
38 1 37
30 8 34
10 1 23
30 8 36
7 8 35
80 2 7
49 2 31
7 8 12
33 2 10
10 2 20
103 8 97
19 8 73
33 1 34
7 8 14
37 1 30
14 8 17
35 1 23
7 8 30
73 1 20
34 1 30
39 1 25
39 2 57
25 8 34
65 2 10
14 2 10
97 1 103
54 1 18
19 8 45
30 8 32
40 2 10
20 8 73
15 1 14
7 8 59
29 8 25
40 1 42
7 2 28
15 1 26
86 2 63
7 12 10
28 2 10
27 2 53
10 8 25
7 5 10
17 1 7
35 2 22
14 8 15
63 1 17
55 8 25
27 2 57
31 2 49
45 1 12
27 2 63
34 1 10
36 1 30
7 8 34
20 2 37
30 8 31
83 1 65
36 8 37
15 8 26
37 1 27
26 8 85
85 8 86
7 2 22
10 2 14
12 8 73
7 8 10
50 2 31
83 8 40
10 2 97
103 1 10
57 8 40
73 1 12
10 1 7
15 8 16
28 2 24
26 8 15
18 8 54
10 1 22
30 1 7
7 8 24
22 8 25
32 1 30
16 1 15
49 1 25
37 8 140
17 1 10
35 1 7
10 8 73
57 1 30
24 2 28
49 2 7
10 8 103
7 4 10
40 2 20
7 8 32
31 8 51
97 8 83
19 2 12
25 8 50
15 1 94
24 1 33
52 1 25
10 2 23
107 1 10
36 1 25
26 8 17
24 8 25
73 1 54
53 8 40
24 2 22
12 8 45
140 1 37
63 2 36
7 8 15
49 8 51
25 8 52
63 1 15
54 2 37
18 1 17
23 1 32
24 1 7
25 1 10
10 2 28
40 1 86
7 1 22
40 1 83
25 1 22
17 8 18
33 1 32
49 8 15
7 11 10
45 13 39
23 8 24
17 8 27
32 2 34
40 1 45
15 8 27
45 1 40
25 1 29
28 8 10
30 1 10
30 8 56
36 2 63
86 1 37
10 2 65
7 8 17
10 8 17
24 1 10
51 1 49
40 1 53
26 1 25
30 1 28
59 1 7
34 1 25
86 2 36
20 1 16
22 2 7
48 1 59
7 2 49
12 1 7
94 2 10
25 1 140
45 13 36
31 1 30
40 8 107
12 8 17
19 8 107
19 2 10
35 1 33
32 1 10
63 2 53
30 1 24
26 1 15
33 1 7
40 1 39
51 1 50
37 2 54
107 1 40
37 2 85
22 2 28
10 8 14
53 1 51
17 8 49
32 8 23
51 2 40
49 8 17
26 1 30
28 2 55
12 2 65
10 8 35
14 2 7
17 1 12
37 8 38
27 1 17
35 1 10
52 1 30
12 2 10
27 8 40
63 8 40
73 1 19
14 1 65
23 8 35
83 1 10
34 2 32
30 1 22
25 8 94
37 1 36
38 2 56
10 8 24
23 2 7
33 2 7
22 1 7
53 2 63
10 8 15
7 8 73
45 8 40
39 8 40
42 1 38
28 2 7
25 8 32
40 2 51
27 8 37
14 1 7
7 2 54
94 1 25
65 8 14
54 2 7
48 1 107
22 2 35
65 8 45
63 2 27
30 8 57
23 8 10
73 1 65
25 1 7
10 8 34
15 8 63
49 1 30
30 8 26
38 8 42
37 1 52
26 2 7
85 1 26
34 1 7
40 1 36
55 2 28
23 1 34
7 1 33
7 2 26
10 8 83
20 8 45
40 1 63
15 1 7
19 8 83
37 2 97
17 1 26
30 1 35
25 1 28
57 2 39
19 2 65
22 2 10
73 1 10
85 2 37
80 8 10
31 2 50
12 2 7
97 2 10
140 1 54
83 1 97
10 1 28
50 8 51
65 8 73
7 1 28
14 1 10
12 2 19
16 8 20
28 2 22
17 1 14
51 8 53
17 1 49
32 1 25
40 1 57
10 8 12
49 1 17
22 8 10
28 1 7
37 2 20
7 2 14
30 8 49
? 1 github_java_program_data/2/56.java

40 8 73
26 1 25
52 8 37
10 8 53
10 5 7
7 2 23
14 2 65
86 8 40
12 1 10
25 1 24
7 2 19
7 1 81
28 2 35
80 1 7
94 8 15
37 1 73
37 8 73
37 8 86
20 2 10
27 2 52
35 8 25
54 2 40
40 1 136
10 8 25
53 1 40
25 1 55
27 1 15
45 1 19
7 2 54
7 8 25
42 8 37
25 8 49
24 2 28
10 2 80
65 2 19
10 2 22
30 1 55
127 1 30
45 1 37
10 8 45
40 2 54
17 8 63
25 1 29
83 1 19
73 2 45
136 8 40
54 2 7
33 8 24
24 8 30
17 8 26
22 2 35
37 1 90
63 2 90
33 8 35
32 2 34
7 2 20
10 4 7
48 1 112
72 2 63
19 8 12
10 2 12
25 8 26
12 1 7
41 8 42
65 8 73
52 2 57
63 2 27
25 8 56
64 2 42
73 1 7
14 8 73
22 8 30
36 8 40
20 2 7
65 2 12
45 1 14
40 8 45
34 8 23
25 1 35
64 1 56
32 1 7
37 8 83
65 8 15
10 8 32
40 8 53
20 2 40
32 8 33
37 8 45
57 8 37
15 1 49
33 8 10
90 1 7
86 1 85
52 2 36
127 8 17
25 8 39
10 2 26
10 8 30
7 2 12
40 8 62
40 1 72
35 8 30
28 8 25
22 2 24
34 8 33
23 2 10
59 2 53
63 8 37
22 2 55
54 8 45
10 1 33
90 8 37
7 2 49
30 8 34
45 8 37
10 1 23
30 8 36
10 2 23
37 8 90
56 8 72
17 8 18
80 2 7
36 6 45
7 8 12
30 1 24
37 8 72
10 2 20
25 8 80
26 2 10
33 1 34
7 8 14
55 2 22
30 8 135
53 2 86
14 8 17
19 2 7
35 1 23
41 1 40
7 8 30
73 1 20
34 1 30
39 1 25
39 6 73
25 8 34
65 2 10
31 1 30
56 8 64
65 8 12
54 1 18
19 8 45
31 2 38
30 8 32
112 8 48
20 8 73
15 1 14
29 8 25
7 2 80
7 2 28
15 1 26
62 1 40
15 8 49
52 8 40
29 2 28
90 1 65
56 2 37
7 12 10
28 2 10
85 2 37
19 2 14
17 1 7
35 2 22
14 8 15
63 1 17
7 8 90
12 1 65
45 1 12
39 8 37
27 2 63
7 8 45
34 1 10
36 1 30
56 2 62
14 2 19
7 8 34
20 2 37
30 8 31
39 1 30
37 2 56
36 8 37
7 1 23
59 8 48
37 1 27
38 1 37
42 1 41
85 8 86
90 1 20
10 2 54
7 2 22
7 2 65
7 2 94
49 8 15
12 8 73
7 8 10
42 1 38
25 8 136
73 1 14
34 1 7
73 1 12
10 1 7
17 1 26
53 8 48
30 1 29
26 8 15
18 8 54
28 8 30
65 2 14
30 1 7
7 8 24
62 2 56
32 1 30
16 1 15
49 1 25
57 2 52
17 1 10
35 1 7
26 8 85
57 1 30
57 1 25
49 2 7
135 1 30
7 4 10
40 2 20
7 8 32
64 1 62
19 2 12
7 8 35
15 1 94
10 1 22
112 2 83
52 1 25
30 8 39
26 8 17
24 8 25
7 2 81
7 14 10
53 8 40
24 2 22
7 2 37
12 8 45
39 2 72
12 1 19
17 1 127
65 2 7
7 8 15
55 8 30
49 8 51
48 1 83
25 8 52
54 2 37
18 1 17
23 1 32
24 1 7
72 8 40
25 1 10
10 2 28
72 1 56
40 1 86
7 1 22
12 2 19
48 1 53
25 1 22
37 1 39
45 2 90
37 1 135
7 11 10
37 2 7
7 1 80
37 1 42
10 8 35
15 8 27
45 1 40
56 1 30
73 13 39
90 2 45
12 8 15
28 8 10
30 1 10
53 2 112
30 8 56
86 1 37
10 2 65
7 8 17
10 8 17
10 8 112
24 1 10
51 1 49
40 1 52
40 1 53
45 1 10
33 1 32
35 2 28
30 1 28
73 1 40
34 1 25
20 1 16
22 2 7
28 2 22
48 1 59
94 2 7
15 1 65
15 1 10
64 8 37
90 2 63
65 8 90
38 2 31
30 8 127
54 2 10
12 8 17
35 1 33
63 2 72
32 1 10
37 1 45
33 2 10
90 1 37
45 2 73
40 1 39
28 2 29
55 8 25
37 2 54
37 2 85
112 2 53
22 2 28
10 8 14
53 1 51
86 2 53
32 8 23
112 1 10
51 2 40
7 1 10
136 1 25
10 7 7
80 2 10
45 1 7
26 1 30
28 2 55
12 2 65
15 8 16
10 2 14
14 2 7
25 8 57
17 1 12
37 8 38
73 1 37
42 1 31
7 2 127
35 1 10
45 13 36
33 1 7
37 1 52
20 8 90
12 2 10
7 8 83
22 8 25
23 8 35
81 1 7
34 2 32
30 1 22
25 8 94
81 1 30
38 2 41
10 8 24
23 2 7
80 1 25
33 2 7
22 1 7
10 8 15
7 8 73
127 2 7
39 8 40
28 2 7
25 8 32
40 2 51
27 8 37
14 1 7
24 1 33
7 2 33
94 1 25
72 1 37
10 2 33
37 1 36
42 2 64
83 8 48
26 1 17
37 1 63
30 8 57
10 8 59
15 1 12
37 1 57
40 8 41
23 8 10
73 1 65
25 1 7
10 8 34
45 1 54
36 2 52
14 8 45
30 8 26
38 8 42
31 8 42
83 1 7
53 2 59
32 1 25
26 2 7
85 1 26
57 8 40
81 2 7
135 8 37
40 1 36
55 2 28
41 2 38
56 1 25
23 1 34
52 2 27
7 1 33
7 2 26
49 1 15
7 7 10
40 1 63
15 1 7
19 8 83
14 2 10
83 2 112
30 1 35
25 1 28
72 2 39
19 2 65
28 2 24
73 1 10
59 1 10
12 2 7
37 1 64
73 8 37
10 1 28
83 1 37
7 1 28
14 1 10
22 2 10
16 8 20
19 8 17
17 1 14
63 8 40
51 8 53
17 1 19
10 8 73
53 1 10
40 1 57
10 8 12
23 1 7
29 8 30
30 8 81
22 8 10
28 1 7
37 2 20
62 8 64
7 2 14
? 1 github_java_program_data/2/69.java

27 2 72
40 8 73
26 1 25
52 8 37
10 8 53
51 1 49
7 2 23
14 2 65
51 1 31
12 1 10
10 8 11
25 1 24
19 2 97
49 2 56
63 2 86
154 1 10
7 2 19
154 8 83
97 8 107
107 1 19
28 2 35
36 2 86
40 2 51
37 1 73
37 8 73
73 8 40
37 8 86
20 2 10
35 8 25
54 2 40
40 1 73
39 2 57
36 6 73
59 2 53
30 8 84
10 8 25
25 8 36
53 1 40
86 8 40
25 1 55
27 1 15
22 8 30
18 8 54
42 8 37
25 8 49
30 8 52
40 2 97
10 4 7
14 2 10
10 2 22
30 1 55
45 1 37
39 6 45
10 2 94
10 8 45
31 1 25
25 1 29
112 1 10
10 2 33
19 2 7
30 8 50
7 8 107
33 8 24
24 8 30
40 1 27
17 8 26
54 2 10
45 1 65
33 8 35
19 2 14
7 2 20
10 1 33
97 1 72
63 2 52
73 13 36
10 2 12
25 8 26
53 2 27
15 1 10
24 1 23
107 1 97
63 2 27
25 8 56
33 2 154
83 2 22
45 1 54
64 2 42
73 1 7
14 8 73
64 1 56
45 1 19
36 8 40
20 2 7
73 2 45
16 2 18
45 2 73
40 8 45
34 8 23
25 1 35
31 8 51
94 8 17
32 1 7
37 8 83
10 8 32
40 8 53
20 2 40
32 8 33
37 8 45
39 2 52
57 8 37
15 1 49
33 8 10
86 1 85
29 2 28
10 8 30
49 8 85
7 2 12
40 8 62
97 2 40
29 2 22
40 1 72
35 8 30
28 8 25
22 2 24
34 8 33
23 2 10
62 1 40
63 8 37
94 1 30
56 2 49
22 2 55
54 8 45
48 1 53
86 2 63
22 2 29
30 8 34
10 1 23
10 2 23
73 1 97
7 8 12
30 1 24
37 8 72
10 2 20
19 8 73
85 1 49
24 2 28
7 8 14
55 2 22
18 8 20
30 1 22
83 1 154
72 1 31
14 8 17
7 8 97
37 1 52
7 8 30
73 1 20
34 1 30
112 2 107
64 2 57
26 2 7
25 8 34
65 2 10
31 1 30
56 8 64
54 1 18
19 8 45
31 2 38
30 8 32
112 8 48
7 2 97
20 8 73
15 1 14
29 8 25
154 2 33
7 2 28
15 1 26
59 8 48
33 8 83
52 8 40
37 2 33
7 12 10
28 2 10
85 2 37
107 8 48
51 1 26
17 1 7
35 2 22
14 8 15
31 8 72
107 1 7
55 8 25
27 2 57
11 2 65
45 1 12
27 2 63
34 1 10
7 2 14
56 2 62
14 2 19
52 2 63
55 8 30
20 2 37
72 8 97
27 2 53
30 8 31
39 1 30
36 8 37
7 1 23
42 2 64
37 1 27
38 1 37
85 8 86
10 2 54
7 2 22
49 8 15
33 2 7
7 8 10
83 1 37
73 1 14
17 8 18
57 8 40
50 2 31
10 8 72
10 1 7
17 1 26
53 8 48
30 1 29
26 8 15
7 8 25
28 8 30
30 1 7
22 2 83
7 8 24
62 2 56
32 1 30
30 1 83
16 1 15
49 1 25
7 2 26
17 1 10
35 1 7
57 1 30
57 1 25
40 2 54
49 2 7
57 2 27
7 4 10
40 2 20
7 8 32
64 1 62
51 2 40
19 2 12
7 8 35
49 8 17
52 1 25
30 8 39
94 2 10
36 1 25
26 8 17
24 8 25
65 2 19
73 1 54
53 8 40
24 2 22
12 8 45
65 2 14
7 8 15
7 8 34
49 8 51
25 8 52
63 1 15
54 2 37
18 1 17
23 1 32
24 1 7
72 8 40
25 1 10
10 2 28
40 1 86
7 1 22
12 2 19
45 1 20
31 2 37
25 1 22
97 8 73
37 2 31
33 1 32
26 8 51
7 11 10
45 13 39
23 8 24
17 8 27
37 1 42
15 8 16
40 1 45
15 8 27
45 1 40
56 1 30
12 8 15
30 1 10
20 1 18
30 8 56
52 2 57
86 1 37
59 1 10
7 8 17
10 8 17
10 8 112
24 1 10
37 8 38
40 1 52
26 2 31
40 1 53
45 1 10
65 2 11
35 2 28
27 1 17
30 1 28
7 5 10
18 2 16
73 1 40
34 1 25
86 2 36
20 1 16
22 2 7
83 8 30
48 1 59
30 8 94
7 2 49
12 1 7
64 8 37
38 2 31
54 8 73
40 8 107
12 8 17
107 2 112
19 8 107
35 1 33
83 1 33
32 1 10
72 1 10
63 2 53
33 2 10
33 1 7
40 1 39
28 2 29
51 1 50
37 2 54
49 2 10
107 1 40
37 2 85
112 2 53
32 2 34
10 8 14
97 2 7
53 1 51
17 8 49
32 8 23
37 1 57
56 8 85
73 1 11
7 1 10
26 1 30
28 2 55
10 8 35
85 1 56
14 2 7
25 8 57
17 1 12
50 1 30
73 1 37
11 8 73
52 2 39
31 2 26
42 1 31
84 2 56
35 1 10
10 5 7
52 1 30
12 2 10
27 8 40
22 8 25
14 1 10
14 1 65
23 8 35
34 2 32
33 1 34
72 2 53
10 2 14
37 1 36
84 1 30
10 8 24
23 2 7
57 2 64
22 1 7
53 2 63
10 8 15
7 8 73
45 8 40
10 2 65
39 8 40
42 1 38
17 1 94
28 2 7
25 8 32
27 8 37
14 1 7
24 1 33
7 2 33
53 2 112
97 1 7
72 1 37
65 8 14
48 1 107
22 2 35
48 1 112
26 1 17
65 8 45
37 1 63
30 8 57
10 8 59
15 1 12
23 8 10
73 1 65
25 1 7
10 8 34
15 8 63
49 1 30
85 1 84
30 8 26
38 8 42
31 8 42
7 1 33
53 2 59
32 1 25
10 1 22
34 1 7
72 2 27
97 2 19
40 1 36
55 2 28
10 2 49
56 1 25
53 2 72
23 1 34
28 8 10
57 2 52
20 8 45
40 1 63
15 1 7
30 1 35
25 1 28
10 8 154
57 2 39
19 2 65
56 2 84
28 2 24
84 8 85
33 2 37
73 1 10
31 2 50
12 2 7
11 1 10
37 1 64
73 8 37
10 1 28
50 8 51
65 8 73
35 1 23
7 1 28
73 1 19
22 2 10
16 8 20
17 1 14
63 8 40
51 8 53
17 1 49
10 8 73
53 1 10
40 1 57
10 8 12
23 1 7
49 1 17
29 8 30
22 8 10
28 1 7
37 2 20
62 8 64
25 8 31
30 8 49
? 1 github_java_program_data/2/72.java

15 1 26
7 8 24
22 2 24
15 8 27
7 2 23
12 8 15
10 2 19
25 1 24
83 2 59
19 2 10
10 2 12
37 2 10
25 8 26
10 8 83
23 2 7
83 1 37
7 8 12
12 2 10
26 1 25
22 8 25
83 1 10
26 2 10
27 8 37
24 8 25
19 8 83
24 2 22
48 1 59
12 1 7
59 1 7
37 8 83
10 8 15
27 1 15
15 1 10
48 1 83
37 1 27
24 1 23
10 2 37
24 1 7
59 2 83
83 8 48
83 1 19
25 1 22
10 2 26
7 8 59
15 1 12
26 8 15
23 8 24
59 8 48
? 1 github_java_program_data/2/76.java

7 8 112
52 8 37
10 2 40
7 2 23
12 1 10
10 1 22
135 8 40
30 1 107
7 2 19
97 8 107
28 2 35
37 8 73
73 8 40
40 2 23
35 8 25
40 1 90
59 8 48
10 8 25
25 8 36
83 1 97
7 2 14
25 1 55
27 1 15
22 8 30
7 8 25
42 8 37
30 8 52
11 1 7
10 4 7
65 2 19
10 2 22
30 1 55
45 1 37
10 8 45
17 8 63
25 1 29
83 1 19
65 2 12
65 8 83
33 8 24
24 8 30
40 1 27
54 2 10
45 1 65
10 2 19
90 1 10
7 8 97
53 1 7
48 1 112
54 1 16
10 2 12
12 1 7
24 1 23
52 2 57
45 1 54
14 8 73
45 1 19
53 2 59
73 2 45
45 1 14
34 8 23
7 8 59
90 2 27
65 8 15
83 1 40
15 8 18
27 2 90
107 8 30
23 8 11
32 8 33
37 8 45
57 8 37
10 1 80
18 8 20
83 2 45
11 1 23
10 8 30
23 2 40
7 2 12
23 8 107
29 2 22
20 2 10
35 8 30
28 8 25
22 2 24
34 8 33
23 2 10
10 8 34
54 8 45
48 1 53
65 8 45
37 8 90
80 2 7
36 6 45
7 8 12
33 2 10
38 1 40
22 2 35
10 2 20
19 8 73
30 1 22
24 2 28
31 8 42
7 8 14
30 8 135
37 8 25
19 8 90
14 8 17
19 2 7
37 1 52
7 8 30
73 1 20
25 8 34
14 2 10
19 8 45
31 2 38
30 8 32
40 2 10
112 8 48
20 8 73
45 1 11
29 8 25
7 2 28
40 8 38
10 5 7
25 1 35
7 12 10
28 2 10
32 1 25
7 5 10
107 2 28
17 1 7
35 2 22
63 1 17
25 1 24
11 2 65
83 1 7
27 2 63
34 1 10
37 2 54
14 2 19
55 8 30
20 2 37
30 8 31
83 1 65
36 8 37
32 8 37
7 8 97
90 1 20
10 2 54
22 2 37
7 2 22
10 2 14
33 2 7
16 8 54
42 1 38
83 8 40
11 8 45
73 1 14
23 1 34
10 1 7
107 2 22
53 8 48
28 2 24
28 8 30
30 1 7
107 1 23
7 8 24
32 1 30
40 1 73
40 8 83
17 1 10
35 1 7
53 2 112
57 1 25
25 1 37
135 1 30
90 8 40
23 1 32
24 1 33
112 2 83
10 2 23
36 1 25
23 8 97
24 8 25
23 2 97
7 14 10
24 2 22
7 8 15
7 2 40
48 1 83
54 2 37
7 8 35
24 1 7
25 1 10
10 2 28
30 1 35
7 1 22
65 2 97
40 1 83
25 1 22
33 1 32
90 1 19
7 11 10
23 8 24
37 1 42
32 2 34
40 1 45
15 8 27
19 2 14
12 8 15
30 1 10
20 1 18
22 2 107
7 8 17
10 8 17
24 1 10
29 8 30
45 1 10
65 2 11
35 2 28
30 1 28
59 1 7
18 2 16
34 1 25
20 1 16
22 2 7
48 1 59
15 1 65
15 1 10
107 1 97
38 2 31
31 1 30
40 8 107
7 8 53
12 8 17
37 1 25
19 2 10
35 1 33
12 2 7
30 1 24
90 1 37
45 2 73
52 1 30
55 8 25
42 2 52
25 8 37
107 1 40
17 8 16
10 8 14
32 8 23
37 1 57
7 1 10
32 2 25
112 2 53
28 2 55
12 2 65
10 8 35
14 2 7
25 8 57
17 1 12
73 1 37
42 1 31
35 1 10
37 1 32
45 13 36
33 1 7
20 8 90
12 2 10
33 8 35
22 8 25
14 1 10
23 8 35
83 1 10
97 2 23
97 1 23
33 1 34
37 1 36
10 8 24
23 2 7
97 2 65
22 1 7
34 2 32
7 8 10
45 8 40
10 8 90
28 2 7
25 8 32
14 1 7
7 2 33
97 1 7
10 2 33
18 1 15
83 8 48
63 2 27
16 2 18
15 1 12
40 2 7
73 1 65
25 1 7
59 2 53
22 2 29
45 2 83
38 8 42
7 8 83
7 2 80
112 1 7
40 1 135
55 2 28
16 1 17
97 8 83
7 1 33
57 2 52
10 8 83
7 7 10
40 1 63
15 1 7
19 8 83
14 8 45
83 2 112
37 2 22
25 1 28
19 2 65
30 1 29
73 1 10
27 8 40
80 8 10
25 2 32
7 8 11
97 1 7
28 2 107
10 7 7
65 8 73
35 1 23
7 1 28
73 1 19
22 2 10
16 8 20
19 8 17
17 1 14
63 8 40
10 8 15
17 1 19
10 8 73
52 2 42
10 8 12
22 8 10
28 1 7
37 2 20
? 1 github_java_program_data/2/81.java

107 1 23
7 8 24
7 8 112
22 8 25
52 8 37
17 1 14
32 1 30
10 5 7
40 1 73
35 8 30
12 1 10
17 1 10
135 8 40
73 1 10
10 8 73
45 2 83
25 8 32
25 1 37
135 1 30
10 2 19
97 8 107
10 2 33
28 2 35
45 1 11
90 8 40
53 2 112
24 1 33
73 8 40
112 2 83
40 2 23
10 2 23
73 2 45
36 1 25
23 8 97
7 7 10
7 2 23
14 2 19
48 1 59
65 2 19
7 14 10
40 1 90
59 8 48
10 8 25
25 8 36
83 1 97
25 1 10
7 2 14
23 2 97
25 1 55
27 1 15
7 8 15
45 1 19
7 2 40
48 1 83
7 8 25
40 8 83
34 1 25
30 8 52
54 2 37
11 1 7
23 1 32
24 1 7
14 2 10
10 2 22
30 1 55
10 2 28
45 1 37
54 2 10
7 1 22
10 8 45
65 2 97
17 8 63
25 1 29
83 1 19
25 1 22
65 2 12
29 2 22
33 1 32
19 2 7
7 11 10
65 8 83
23 8 24
33 8 24
24 8 30
40 1 45
40 1 27
19 2 14
45 1 65
33 8 35
90 1 10
12 8 15
57 1 25
30 1 10
20 1 18
25 2 32
22 2 107
48 1 112
24 2 22
10 7 7
54 1 16
7 8 17
10 8 17
15 1 10
38 2 31
27 2 90
24 1 10
7 2 19
24 1 23
52 2 57
63 2 27
29 8 30
73 1 37
45 1 10
65 2 11
35 2 28
30 1 28
59 1 7
14 8 73
7 2 28
22 8 30
42 8 37
10 4 7
20 1 16
22 2 7
45 1 14
34 8 23
15 1 65
7 8 59
107 1 97
80 2 7
7 2 80
15 1 12
31 1 30
65 8 15
32 2 34
83 1 40
15 8 18
7 8 53
12 8 17
37 1 25
23 8 11
19 2 10
35 1 33
32 8 33
10 2 40
7 8 12
57 8 37
10 1 80
33 2 10
90 1 37
40 8 107
73 1 65
45 2 73
33 1 7
11 1 23
55 8 25
10 8 30
12 1 7
42 2 52
25 8 37
37 1 42
107 1 40
23 8 107
107 8 30
40 8 38
28 2 107
12 2 10
10 8 14
97 1 7
20 2 10
32 8 23
37 1 57
22 2 24
34 8 33
23 2 10
7 1 10
11 8 45
32 2 25
54 8 45
48 1 53
112 2 53
22 2 29
12 2 65
10 8 35
10 2 14
14 2 7
25 8 57
17 1 12
37 8 90
90 2 27
42 1 31
35 1 10
37 1 32
30 1 24
52 1 30
38 1 40
37 8 45
7 8 83
7 1 28
63 8 40
73 1 19
23 8 35
83 1 10
19 8 73
30 1 22
24 2 28
97 2 23
97 1 23
33 1 34
59 2 53
7 8 14
37 1 36
30 8 135
45 8 40
10 8 24
23 2 7
33 2 7
97 2 65
22 1 7
34 2 32
16 8 54
7 8 97
112 1 7
18 2 16
10 8 90
28 2 55
28 2 7
7 8 30
73 1 20
53 1 7
14 1 7
28 2 10
25 8 34
7 2 33
18 8 20
97 1 7
19 8 45
18 1 15
83 8 48
22 2 35
31 2 38
30 8 32
40 2 10
112 8 48
73 1 14
20 8 73
16 2 18
37 8 25
29 8 25
15 8 27
40 2 7
40 1 83
30 1 107
17 8 16
25 1 7
10 8 34
45 1 54
14 8 45
38 8 42
31 8 42
83 1 7
37 2 22
37 1 52
7 12 10
10 1 22
7 5 10
107 2 28
20 2 37
10 2 12
17 1 7
35 2 22
63 1 17
37 2 54
40 1 135
55 2 28
53 2 59
16 1 17
11 2 65
83 2 45
97 8 83
7 1 33
57 2 52
27 2 63
10 8 83
34 1 10
37 8 73
40 1 63
15 1 7
19 8 83
19 8 90
55 8 30
7 2 12
83 2 112
30 1 35
90 1 19
30 8 31
19 2 65
83 1 65
36 8 37
28 2 24
36 6 45
32 8 37
27 8 40
23 2 40
80 8 10
14 8 17
7 8 97
7 8 11
10 2 20
90 1 20
10 2 54
22 2 37
45 13 36
65 8 73
7 2 22
35 1 23
20 8 90
14 1 10
22 2 10
16 8 20
19 8 17
7 8 10
42 1 38
65 8 45
83 8 40
10 8 15
17 1 19
32 1 25
52 2 42
10 8 12
12 2 7
30 1 7
10 1 7
107 2 22
53 8 48
30 1 29
22 8 10
28 1 7
37 2 20
28 8 30
23 1 34
? 1 github_java_program_data/2/84.java

26 2 10
40 8 73
45 1 10
52 8 37
10 2 40
7 2 23
51 1 31
12 1 10
25 1 24
56 2 38
63 2 86
10 2 19
107 1 19
56 8 42
36 2 86
94 8 15
73 8 40
37 8 86
35 8 25
54 2 40
40 1 73
36 6 73
59 8 48
107 8 48
25 8 36
53 1 40
86 8 40
59 2 107
25 1 55
27 1 15
45 1 19
7 8 25
25 8 49
30 8 52
10 4 7
65 2 19
10 2 22
83 2 73
45 1 37
39 6 45
10 8 45
40 2 54
17 8 63
56 1 30
83 1 19
73 2 45
10 2 33
65 8 83
33 8 24
24 8 30
40 1 27
36 6 45
45 1 65
33 8 35
24 1 23
7 2 80
73 13 36
10 2 12
25 8 26
53 2 27
15 1 10
28 8 30
57 2 27
83 1 37
37 1 63
73 1 40
7 2 33
97 2 37
10 8 107
7 1 10
73 1 7
107 2 59
22 8 30
36 8 40
73 2 83
65 2 12
10 2 94
45 2 73
40 8 45
34 8 23
25 1 35
50 1 25
54 8 73
32 1 7
37 8 83
10 8 32
40 8 53
20 2 40
32 8 33
37 8 45
10 1 80
15 1 49
86 1 85
42 8 40
25 8 39
10 2 26
10 8 30
7 2 12
42 1 56
54 8 140
30 8 37
20 2 10
35 8 30
28 8 25
22 2 24
34 8 33
23 2 10
10 5 7
63 8 37
140 8 25
45 1 20
38 1 37
30 8 34
10 1 23
30 8 36
7 8 35
80 2 7
49 2 31
7 8 12
33 2 10
10 2 20
103 8 97
19 8 73
33 1 34
7 8 14
37 1 30
14 8 17
35 1 23
7 8 30
73 1 20
34 1 30
39 1 25
39 2 57
25 8 34
65 2 10
14 2 10
97 1 103
54 1 18
19 8 45
30 8 32
40 2 10
20 8 73
15 1 14
7 8 59
29 8 25
40 1 42
7 2 28
15 1 26
86 2 63
7 12 10
28 2 10
27 2 53
10 8 25
7 5 10
17 1 7
35 2 22
14 8 15
63 1 17
55 8 25
27 2 57
31 2 49
45 1 12
27 2 63
34 1 10
36 1 30
7 8 34
20 2 37
30 8 31
83 1 65
36 8 37
15 8 26
37 1 27
26 8 85
85 8 86
7 2 22
10 2 14
12 8 73
7 8 10
50 2 31
83 8 40
10 2 97
103 1 10
57 8 40
73 1 12
10 1 7
15 8 16
28 2 24
26 8 15
18 8 54
10 1 22
30 1 7
7 8 24
22 8 25
32 1 30
16 1 15
49 1 25
37 8 140
17 1 10
35 1 7
10 8 73
57 1 30
24 2 28
49 2 7
10 8 103
7 4 10
40 2 20
7 8 32
31 8 51
97 8 83
19 2 12
25 8 50
15 1 94
24 1 33
52 1 25
10 2 23
107 1 10
36 1 25
26 8 17
24 8 25
73 1 54
53 8 40
24 2 22
12 8 45
140 1 37
63 2 36
7 8 15
49 8 51
25 8 52
63 1 15
54 2 37
18 1 17
23 1 32
24 1 7
25 1 10
10 2 28
40 1 86
7 1 22
40 1 83
25 1 22
17 8 18
33 1 32
49 8 15
7 11 10
45 13 39
23 8 24
17 8 27
32 2 34
40 1 45
15 8 27
45 1 40
25 1 29
28 8 10
30 1 10
30 8 56
36 2 63
86 1 37
10 2 65
7 8 17
10 8 17
24 1 10
51 1 49
40 1 53
26 1 25
30 1 28
59 1 7
34 1 25
86 2 36
20 1 16
22 2 7
48 1 59
7 2 49
12 1 7
94 2 10
25 1 140
45 13 36
31 1 30
40 8 107
12 8 17
19 8 107
19 2 10
35 1 33
32 1 10
63 2 53
30 1 24
26 1 15
33 1 7
40 1 39
51 1 50
37 2 54
107 1 40
37 2 85
22 2 28
10 8 14
53 1 51
17 8 49
32 8 23
51 2 40
49 8 17
26 1 30
28 2 55
12 2 65
10 8 35
14 2 7
17 1 12
37 8 38
27 1 17
35 1 10
52 1 30
12 2 10
27 8 40
63 8 40
73 1 19
14 1 65
23 8 35
83 1 10
34 2 32
30 1 22
25 8 94
37 1 36
38 2 56
10 8 24
23 2 7
33 2 7
22 1 7
53 2 63
10 8 15
7 8 73
45 8 40
39 8 40
42 1 38
28 2 7
25 8 32
40 2 51
27 8 37
14 1 7
7 2 54
94 1 25
65 8 14
54 2 7
48 1 107
22 2 35
65 8 45
63 2 27
30 8 57
23 8 10
73 1 65
25 1 7
10 8 34
15 8 63
49 1 30
30 8 26
38 8 42
37 1 52
26 2 7
85 1 26
34 1 7
40 1 36
55 2 28
23 1 34
7 1 33
7 2 26
10 8 83
20 8 45
40 1 63
15 1 7
19 8 83
37 2 97
17 1 26
30 1 35
25 1 28
57 2 39
19 2 65
22 2 10
73 1 10
85 2 37
80 8 10
31 2 50
12 2 7
97 2 10
140 1 54
83 1 97
10 1 28
50 8 51
65 8 73
7 1 28
14 1 10
12 2 19
16 8 20
28 2 22
17 1 14
51 8 53
17 1 49
32 1 25
40 1 57
10 8 12
49 1 17
22 8 10
28 1 7
37 2 20
7 2 14
30 8 49
? 1 github_java_program_data/2/86.java

26 2 10
40 8 73
26 1 25
52 8 37
10 8 53
10 5 7
7 2 23
51 1 31
12 1 10
10 1 22
56 2 38
63 2 86
52 1 25
37 2 10
10 8 107
10 2 19
56 8 42
28 2 35
80 1 7
94 8 15
37 1 73
37 8 73
37 8 86
35 8 25
54 2 40
80 1 30
65 8 107
14 1 7
62 8 42
10 8 25
7 2 14
86 8 40
86 2 27
25 1 55
27 1 15
45 1 19
65 2 10
7 8 25
42 8 37
25 8 49
30 8 52
37 1 72
52 2 27
20 2 7
14 2 10
10 2 22
30 1 55
39 6 45
10 2 80
10 8 45
31 1 25
17 8 63
25 1 29
83 1 19
73 2 45
82 2 42
10 2 33
53 2 83
103 8 154
48 1 107
33 8 24
24 8 30
37 2 51
40 1 27
54 2 10
37 1 90
45 1 65
90 1 54
19 2 14
90 1 10
107 1 37
28 2 29
10 4 7
97 1 72
30 8 94
64 1 31
19 8 12
10 2 12
25 8 26
12 1 7
7 2 19
83 1 37
52 2 57
112 1 40
25 8 56
7 2 33
82 1 30
97 2 37
65 8 112
45 1 54
14 8 73
37 8 107
72 8 37
22 8 30
36 8 40
64 1 38
53 2 52
65 2 12
16 2 18
45 1 14
40 8 45
34 8 23
25 1 35
90 2 27
50 1 25
31 1 30
32 1 7
37 8 83
65 8 15
15 8 18
27 2 90
20 2 40
65 8 17
73 1 12
32 8 33
57 8 37
10 1 80
15 1 49
33 8 10
90 1 7
86 1 85
29 2 28
42 8 40
25 8 39
10 2 26
30 8 82
49 8 85
7 2 12
40 8 90
42 1 56
42 1 62
29 2 22
68 1 64
20 2 10
35 8 30
28 8 25
34 8 33
23 2 10
51 2 37
63 8 37
94 1 30
53 1 37
154 8 107
54 8 45
10 1 33
90 8 37
7 2 49
65 8 45
45 8 37
10 1 23
30 8 36
37 8 90
7 8 35
80 2 7
38 2 56
36 6 45
7 8 12
30 1 24
85 1 49
38 1 40
22 2 35
83 2 107
10 2 20
15 8 16
25 8 80
19 8 73
33 1 34
24 2 28
7 8 14
55 2 22
63 2 27
19 8 90
72 1 31
14 8 17
19 2 7
35 1 23
63 2 53
7 8 30
73 1 20
34 1 30
39 1 25
107 2 83
39 6 73
25 8 34
10 8 35
18 8 20
54 1 18
19 8 45
90 1 40
31 2 38
30 8 32
7 2 97
20 8 73
54 8 90
15 1 14
29 8 25
40 1 42
7 2 80
7 2 28
40 8 38
15 1 26
62 1 40
15 8 49
52 8 40
22 2 55
40 2 31
90 1 65
7 12 10
28 2 10
85 2 37
97 1 9
32 1 25
52 2 72
51 1 26
35 2 22
17 1 7
39 2 72
63 1 17
31 8 72
81 8 10
55 8 25
9 1 10
25 1 24
10 8 30
64 8 68
45 1 12
39 8 37
27 2 63
7 8 45
36 1 30
56 2 62
14 2 19
55 8 30
20 2 37
72 8 97
30 8 31
15 8 26
37 1 27
38 1 37
40 8 62
10 2 81
85 8 86
90 1 20
10 2 54
7 2 22
7 2 65
49 8 15
12 8 73
16 8 54
42 1 38
73 1 14
49 2 10
34 1 7
10 8 72
10 1 7
17 1 26
53 8 48
30 1 29
26 8 15
18 8 54
28 8 30
65 2 14
30 1 7
14 8 15
7 8 24
22 8 25
62 2 56
32 1 30
154 2 10
16 1 15
31 2 40
49 1 25
7 2 26
17 1 10
17 1 65
35 1 7
57 1 30
57 1 25
54 1 16
42 1 68
38 8 64
112 8 37
40 2 20
7 8 32
31 8 51
18 1 17
97 8 83
19 2 12
23 1 32
15 1 94
49 8 17
52 1 25
10 2 23
94 2 10
107 1 10
26 8 17
15 2 17
24 8 25
7 2 81
65 2 19
27 2 86
31 8 64
86 2 63
10 8 112
12 8 45
112 2 63
12 1 19
65 2 7
7 8 15
7 8 34
48 1 83
25 8 52
40 1 86
154 1 103
7 8 90
24 1 7
25 1 10
10 2 28
63 1 15
7 1 22
12 2 19
48 1 53
25 1 28
25 8 52
25 1 22
40 2 54
33 1 32
45 2 90
26 8 51
7 11 10
45 13 39
7 1 80
10 2 37
17 8 27
37 1 42
17 8 16
15 8 27
45 1 40
37 8 53
73 13 39
90 2 45
72 2 52
12 8 15
30 1 10
20 1 18
49 2 7
86 1 37
10 2 65
7 8 17
22 2 29
10 8 17
80 8 10
40 1 52
26 2 31
29 8 30
45 1 10
37 1 39
35 2 28
57 2 63
30 1 28
7 5 10
18 2 16
73 1 40
34 1 25
10 2 94
20 1 16
22 2 7
17 8 18
9 8 97
15 1 65
15 1 10
107 1 154
65 8 90
38 2 31
40 8 112
112 1 20
12 8 17
40 1 82
19 2 10
12 2 7
19 8 15
37 1 53
72 1 10
37 1 45
33 2 10
90 1 37
63 2 112
26 1 15
45 2 73
62 2 68
7 2 20
51 1 50
7 14 10
37 2 85
32 2 34
40 8 72
10 8 14
53 1 51
32 8 23
37 1 57
7 1 10
68 2 62
10 7 7
80 2 10
45 1 7
26 1 30
28 2 55
12 2 65
14 1 65
10 2 14
14 2 7
25 8 57
17 1 12
37 8 38
73 1 37
27 1 17
31 2 26
35 1 10
112 1 65
45 13 36
52 1 30
20 8 90
12 2 10
7 8 83
63 8 40
14 1 10
23 8 35
10 8 9
10 1 81
34 2 32
37 1 112
30 1 22
72 1 40
81 1 30
20 8 112
25 8 50
107 8 48
10 8 24
7 4 10
154 2 37
80 1 25
33 2 7
22 1 7
53 2 63
7 8 10
83 1 97
37 2 154
10 8 90
50 2 31
28 2 7
25 8 32
81 2 10
27 2 52
27 8 37
17 1 49
24 1 33
7 2 54
65 8 14
54 2 7
18 1 15
83 8 48
37 1 63
63 2 57
30 8 57
15 1 12
23 8 10
73 1 65
25 1 7
107 1 65
15 8 63
49 1 30
14 8 45
30 8 26
38 8 42
83 1 7
37 1 52
26 2 7
7 8 103
57 8 40
81 2 7
53 8 37
40 1 36
23 2 7
55 2 28
103 1 7
10 2 49
16 1 17
56 1 25
23 1 34
28 8 10
57 2 52
49 1 15
10 2 154
7 7 10
40 1 63
15 1 7
19 8 83
37 2 97
30 1 35
90 1 19
15 1 19
72 2 39
19 2 65
83 2 53
28 2 24
30 8 34
30 8 80
73 1 10
27 8 40
37 1 52
24 1 10
31 2 50
10 8 15
112 1 10
42 2 82
97 2 7
73 8 37
10 1 28
50 8 51
65 8 73
7 1 28
73 1 19
82 8 40
22 2 10
16 8 20
17 1 14
51 8 53
52 8 37
10 8 73
53 1 10
40 1 57
10 8 12
25 8 31
52 2 53
14 2 65
68 8 42
30 8 81
22 8 10
28 1 7
37 2 20
17 2 15
30 8 49
? 1 github_java_program_data/2/91.java

