7 8 10
35 8 10
30 1 19
85 1 81
130 8 11
40 8 81
7 4 10
35 8 26
32 8 96
17 1 13
54 1 49
69 8 25
19 8 67
111 2 10
88 8 87
10 8 67
132 2 109
131 8 14
26 8 78
112 2 12
63 8 133
88 2 58
13 2 17
54 1 128
6 2 127
10 8 37
93 1 63
53 8 54
77 8 69
32 8 95
110 8 14
90 1 52
7 8 133
11 2 12
60 1 49
24 8 7
7 8 22
60 8 91
54 2 129
26 1 23
43 8 10
7 8 40
10 2 69
7 2 73
165 1 211
26 1 7
49 1 26
10 8 32
52 8 59
11 2 131
93 8 101
37 8 44
64 8 63
129 8 14
37 1 12
49 8 57
78 2 96
25 1 10
80 1 69
6 1 5
79 8 70
32 8 62
63 2 129
32 1 12
29 1 131
73 1 95
40 8 38
10 8 40
30 8 57
37 8 95
59 8 54
34 2 12
50 8 59
40 1 25
68 1 20
127 1 242
29 1 10
95 8 24
37 1 10
10 8 13
22 2 7
54 1 38
37 1 43
63 1 64
55 8 59
73 1 78
138 1 7
63 2 44
57 1 62
29 8 66
87 2 62
78 8 79
34 2 35
7 8 67
127 8 101
68 8 133
7 11 12
72 2 30
62 8 57
19 1 17
7 1 79
10 8 65
68 2 10
24 1 95
86 2 81
62 1 26
79 2 12
92 6 100
133 1 57
13 8 29
22 8 15
77 1 32
110 2 130
64 2 56
132 1 16
12 1 35
10 5 13
131 2 13
13 8 65
20 1 14
59 1 82
81 8 59
60 1 62
13 8 10
13 11 12
13 2 23
12 2 130
50 1 26
49 2 59
81 1 26
22 1 10
70 1 73
59 8 155
254 8 65
129 2 132
100 1 22
85 1 97
42 1 32
17 2 243
74 1 12
133 1 63
12 8 19
244 2 7
117 8 30
17 2 242
155 2 58
13 2 131
38 1 40
90 1 44
79 8 25
68 2 111
10 2 112
10 2 17
83 8 63
7 8 70
243 8 100
109 8 17
23 8 12
57 8 93
244 8 138
37 1 34
93 1 129
129 2 63
43 8 12
13 1 79
23 8 37
128 1 44
65 2 133
73 2 13
3 8 101
95 1 40
17 1 110
165 2 127
81 1 37
54 1 99
17 2 10
128 2 49
35 8 37
99 6 65
91 1 60
138 8 101
82 8 59
68 2 7
30 2 59
15 1 10
83 6 100
25 8 26
46 8 64
13 5 12
26 8 44
19 8 72
11 2 254
132 8 100
17 1 7
56 2 49
40 8 92
12 5 10
10 8 22
7 1 10
49 2 61
62 8 63
12 11 13
75 2 56
29 1 42
65 1 60
14 8 65
73 8 13
37 1 35
242 2 12
87 1 84
132 2 211
90 8 63
79 2 10
68 2 54
55 2 89
10 8 100
40 1 13
50 8 87
127 1 54
28 8 76
63 8 55
77 1 40
11 2 10
43 2 13
14 8 133
16 1 13
90 1 86
93 1 68
130 2 13
14 2 243
10 8 17
87 1 52
69 8 70
112 2 7
13 14 12
67 1 28
12 8 37
57 8 133
69 8 7
12 2 243
78 8 24
110 2 12
7 1 35
17 2 13
27 1 40
131 8 29
96 8 69
21 1 66
60 8 65
59 1 52
52 8 85
11 8 93
20 8 21
44 1 40
96 1 26
111 8 17
40 1 34
40 1 70
7 8 11
16 8 68
131 2 68
49 8 54
85 2 62
17 8 67
34 2 31
3 1 1
66 1 11
90 1 55
40 8 96
31 2 34
96 2 77
109 2 7
10 4 13
211 1 70
7 1 12
10 8 14
80 1 73
12 12 10
90 2 38
7 14 12
67 8 94
70 1 7
26 1 34
60 1 125
84 1 60
89 8 90
30 8 63
80 1 24
54 8 55
26 8 62
13 12 7
93 1 11
23 8 7
74 1 10
13 2 117
16 8 94
7 2 109
19 1 10
67 8 21
12 8 25
99 1 37
7 2 35
50 8 85
37 8 81
26 8 96
40 1 35
100 2 133
34 8 32
43 8 13
59 2 38
165 8 101
12 2 79
12 1 79
100 13 83
12 5 7
26 8 99
56 2 62
80 1 12
79 2 7
130 2 117
65 1 13
60 1 99
54 2 68
11 1 7
13 8 74
29 8 16
43 2 23
90 1 82
69 1 96
10 2 68
31 2 23
52 1 32
63 2 68
13 5 7
13 2 109
13 2 69
93 1 13
93 1 17
60 1 83
13 2 111
52 2 86
24 2 7
43 2 7
125 6 100
57 8 82
29 8 30
14 1 109
132 2 60
7 8 16
101 1 133
13 8 133
10 7 12
12 8 32
52 2 84
75 1 15
87 2 90
57 1 72
13 8 14
38 2 49
130 8 22
7 8 14
13 8 67
26 1 25
73 2 10
30 1 29
125 8 57
89 8 59
10 11 7
49 2 76
57 1 125
88 1 85
22 1 12
133 1 7
25 1 24
17 8 19
132 2 10
85 1 84
15 8 16
69 2 12
92 8 60
44 2 86
20 1 19
65 1 22
132 1 66
17 8 100
14 8 100
14 1 7
79 1 95
73 8 12
23 2 7
68 2 13
76 2 49
63 1 38
60 8 138
10 14 7
37 1 25
7 2 17
21 1 20
12 2 41
13 4 7
95 1 26
59 1 81
12 7 10
57 1 38
13 2 132
54 8 97
40 1 43
83 2 85
54 8 100
132 2 57
54 1 87
79 1 77
7 2 14
40 1 74
49 1 32
7 8 19
72 2 62
17 1 112
31 8 37
13 8 19
12 8 10
129 2 54
60 2 50
112 2 10
132 2 129
22 8 65
10 1 79
95 1 37
62 1 32
32 1 7
44 8 90
12 1 34
111 2 57
127 1 12
13 11 7
112 8 14
15 8 20
10 2 117
63 1 87
131 8 93
10 8 80
14 2 131
243 8 165
101 1 3
129 8 93
7 2 112
22 8 28
25 8 126
85 1 50
23 8 10
56 8 54
93 1 7
7 8 100
13 11 10
62 1 37
82 2 50
13 12 10
98 1 63
64 1 46
7 1 69
50 1 32
15 1 7
60 8 64
100 1 109
29 1 7
111 2 13
28 8 67
5 8 6
22 1 110
97 8 85
132 1 20
32 1 70
67 1 13
65 1 63
24 8 80
7 8 37
71 8 46
70 1 69
242 2 22
26 1 13
13 2 34
65 2 93
84 2 50
117 8 22
37 1 13
21 1 16
132 8 165
10 8 133
84 2 44
67 1 17
93 1 54
57 1 90
12 2 22
13 1 69
15 1 22
13 4 10
22 2 254
14 2 254
83 1 26
65 1 254
40 8 44
167 8 63
32 8 56
14 2 10
54 2 132
130 2 12
11 8 20
254 2 22
81 2 45
26 8 52
133 1 14
70 1 13
22 8 19
73 8 80
34 2 7
56 1 32
34 8 13
54 1 90
20 1 10
40 1 80
11 1 110
79 8 13
16 1 11
93 1 57
94 1 16
14 1 112
37 1 80
94 8 254
44 1 32
59 8 57
100 1 132
56 2 64
131 2 11
59 2 85
12 7 7
111 8 14
37 8 99
61 2 49
60 1 90
90 1 89
55 1 63
11 1 12
69 2 10
3 2 6
22 8 133
35 2 12
30 1 15
40 1 10
40 8 56
7 5 10
90 8 54
7 8 93
12 8 22
10 1 73
82 1 63
67 2 16
52 8 87
7 1 23
12 2 242
19 1 11
70 1 79
132 1 67
10 7 7
38 8 54
50 2 60
71 2 81
67 1 10
93 2 100
77 2 96
87 1 88
72 1 19
127 1 68
99 8 60
11 1 130
130 8 17
28 8 72
73 8 74
26 8 77
14 1 13
12 2 69
85 2 59
126 2 54
65 1 129
67 1 14
13 2 112
101 1 93
100 13 125
46 1 45
49 2 72
41 2 12
50 8 90
57 8 84
72 1 28
57 1 49
68 2 60
67 1 22
86 8 87
45 2 81
56 1 37
26 1 12
66 1 10
7 2 43
155 8 85
12 8 14
110 8 17
34 8 40
77 8 73
17 8 20
100 1 10
63 1 92
37 1 31
62 2 85
7 2 34
109 8 22
34 8 10
12 5 13
6 2 3
74 1 24
14 1 111
130 2 10
63 8 93
13 8 17
26 8 83
7 2 68
37 8 62
10 1 23
12 2 73
101 1 127
100 1 243
111 8 100
57 2 68
56 8 57
7 7 13
138 1 68
77 2 78
61 1 81
54 1 61
57 8 65
127 2 6
254 2 14
62 2 87
89 1 63
78 1 40
54 8 127
131 8 28
12 2 129
73 8 70
22 2 12
7 8 20
43 2 10
7 4 13
94 8 243
12 11 10
15 1 27
17 8 93
128 8 54
100 1 13
86 2 52
133 1 244
100 1 17
20 8 68
17 2 7
73 8 25
96 8 24
129 8 133
26 1 10
50 2 84
65 1 10
11 2 13
242 8 93
14 8 20
80 1 79
13 2 43
88 2 84
37 8 49
58 1 57
57 2 211
28 1 131
73 1 77
24 2 12
117 8 11
12 1 69
87 1 86
40 8 95
74 1 79
133 1 129
28 8 66
22 2 244
67 1 12
32 1 23
10 2 42
22 1 13
13 2 110
12 8 40
22 1 109
26 1 43
211 8 165
13 8 37
1 2 2
22 1 7
211 2 57
10 4 7
38 2 90
30 2 72
13 1 10
96 2 78
243 2 22
101 1 65
244 1 21
46 2 60
49 2 128
23 8 40
38 2 62
138 1 60
69 1 77
14 2 13
99 1 26
12 14 7
11 1 10
68 2 63
7 2 130
66 1 28
100 13 92
10 1 13
40 8 27
66 8 21
7 1 24
56 8 63
211 2 132
23 2 12
13 2 22
41 2 7
38 2 85
25 1 12
7 2 79
50 8 91
40 8 83
133 1 111
27 2 10
24 1 78
52 1 26
63 2 81
16 1 7
54 8 82
58 8 85
17 1 111
70 8 211
46 1 81
69 8 13
2 8 3
130 2 7
10 2 34
85 1 44
132 2 111
62 2 92
20 8 94
10 2 43
63 1 49
62 8 54
11 1 13
13 8 22
93 1 131
86 8 85
61 1 63
85 8 88
13 2 130
52 8 90
67 1 19
110 2 7
63 1 72
57 1 92
60 8 84
132 8 65
13 7 7
79 1 78
17 8 65
25 1 7
81 8 46
13 8 80
13 5 10
12 8 13
100 1 57
70 2 43
29 1 11
11 8 19
91 2 76
59 1 44
10 8 20
94 1 20
242 8 127
242 2 17
24 2 13
63 1 30
42 8 29
165 1 12
13 1 24
66 1 29
21 1 67
37 1 70
85 1 58
22 1 112
32 1 13
56 1 26
49 2 125
76 2 90
35 2 43
12 4 13
25 1 73
29 8 76
7 2 23
129 8 65
155 1 59
20 1 13
7 2 69
117 2 10
10 2 27
100 1 14
55 8 90
7 2 244
27 1 32
66 8 94
1 8 3
40 8 62
13 2 11
155 2 84
73 2 12
95 8 73
86 1 57
62 2 38
63 1 91
12 8 26
125 1 40
24 2 10
165 1 132
73 8 7
12 2 68
65 1 17
25 8 37
70 8 37
5 2 4
24 8 13
57 8 86
7 7 12
82 8 85
14 1 117
117 8 17
85 1 86
12 8 7
32 8 42
50 2 82
94 1 67
7 2 22
37 8 50
7 8 17
87 1 50
117 2 19
22 1 111
32 8 27
80 8 32
83 1 32
10 8 26
100 1 54
76 1 29
74 1 13
79 8 10
19 1 12
49 2 64
65 2 138
13 12 12
7 5 13
100 1 111
37 1 7
35 2 13
92 2 62
12 2 11
24 8 10
12 2 112
7 7 10
130 8 14
13 8 11
23 2 34
83 8 57
66 1 7
96 1 37
25 1 79
84 8 87
12 4 10
10 5 12
12 2 34
24 8 74
66 1 22
32 8 49
112 8 22
110 8 22
10 2 24
90 1 50
12 8 74
56 2 75
65 1 11
19 8 30
60 8 86
109 8 14
70 1 24
79 1 96
86 1 60
37 8 38
57 8 58
243 2 14
7 2 110
38 1 32
32 1 10
12 2 110
76 8 57
133 2 100
12 1 23
12 11 7
138 2 65
12 2 23
10 2 23
43 8 26
86 2 44
125 2 49
29 1 27
54 8 86
49 2 38
10 14 12
7 8 32
16 1 19
85 8 60
13 2 73
83 6 65
30 1 117
37 1 23
28 1 41
111 8 133
109 8 100
49 2 56
74 8 32
165 1 57
57 2 111
32 1 80
56 8 60
38 2 59
63 1 90
63 8 61
78 2 95
125 1 26
7 8 29
68 2 129
58 1 63
7 8 26
10 8 16
32 1 43
16 8 21
24 8 25
242 1 21
59 8 60
54 8 133
13 8 70
13 1 12
55 2 50
43 8 7
84 8 85
58 8 87
35 8 7
85 2 38
90 1 81
26 8 50
17 8 66
69 8 80
10 5 7
132 2 12
86 8 90
20 1 7
44 8 85
76 2 91
127 2 165
133 1 54
13 7 10
37 8 78
10 8 15
13 14 7
20 1 11
66 8 132
7 11 10
101 1 100
22 1 130
22 1 129
50 2 55
93 1 10
69 2 7
24 1 77
23 2 31
79 2 13
138 2 165
72 8 63
67 8 68
89 1 54
75 2 61
43 2 70
98 8 87
26 1 74
38 8 60
63 1 83
21 8 242
65 1 132
43 2 12
94 1 66
96 8 79
12 8 11
133 2 65
23 8 32
78 1 37
60 8 55
46 1 71
87 1 58
68 1 16
19 2 117
84 2 88
10 8 11
17 1 10
13 2 24
10 1 43
22 2 243
34 2 10
10 7 13
11 1 112
93 1 242
254 2 17
10 2 11
10 1 12
242 2 11
14 1 131
35 2 10
44 8 128
44 2 84
129 2 13
78 1 32
10 2 14
74 8 26
7 8 15
26 8 56
65 1 14
90 2 87
99 2 90
78 8 69
126 2 68
73 8 10
7 8 138
109 2 13
92 6 133
14 1 110
10 8 66
15 1 14
80 2 43
79 8 74
58 2 88
61 8 54
69 2 13
87 2 75
49 1 40
60 1 92
95 8 79
54 2 126
65 8 101
16 2 67
34 2 74
7 11 13
128 1 63
37 8 77
40 1 23
32 8 83
52 1 40
64 2 49
45 8 46
10 8 25
133 1 10
129 8 22
110 8 11
93 2 65
117 2 130
78 8 73
254 2 11
81 2 63
12 14 13
19 8 20
34 8 37
35 2 7
41 1 37
81 2 82
109 2 54
62 2 72
79 8 7
40 8 125
13 8 32
112 8 11
49 1 37
32 8 44
13 2 68
37 8 125
68 8 93
26 8 95
26 8 125
89 2 82
40 8 52
49 8 60
129 2 12
3 1 2
69 8 12
243 1 94
34 2 13
7 1 43
19 8 66
13 7 12
20 1 17
72 8 57
13 2 129
65 1 57
132 2 13
7 1 13
23 2 43
243 2 12
55 1 60
74 8 40
65 13 83
7 8 28
64 1 60
57 1 83
13 8 40
125 1 37
25 8 40
126 8 127
100 1 7
12 4 7
77 1 26
12 2 43
32 8 78
54 1 62
7 14 10
78 2 77
12 8 165
16 1 29
14 1 130
12 1 43
93 13 83
38 8 63
43 8 32
54 1 59
38 8 57
138 1 244
28 1 12
13 4 12
100 2 93
7 2 24
68 2 131
63 8 58
132 2 7
20 8 132
16 1 10
78 1 26
82 2 97
27 2 7
17 1 109
35 8 12
76 8 63
20 1 15
127 1 126
60 1 85
13 1 73
82 8 90
21 8 244
10 8 7
40 1 12
55 2 44
62 1 40
43 8 37
35 8 32
19 1 22
65 1 12
20 1 12
117 2 13
17 1 117
131 2 57
12 8 127
93 1 12
63 1 62
12 12 13
73 2 7
34 8 12
10 1 69
23 8 13
91 2 62
111 2 132
84 2 155
57 1 56
7 2 27
117 8 14
79 8 80
82 2 89
80 8 37
32 1 34
35 2 34
13 1 43
63 8 89
17 1 130
65 13 99
57 1 168
14 1 129
19 8 16
109 2 132
10 1 7
75 8 54
12 7 13
7 2 41
13 1 23
22 2 242
66 1 17
56 1 40
34 2 23
14 8 15
67 8 132
80 1 10
27 8 29
32 1 74
57 2 131
32 8 77
63 8 82
63 1 56
10 2 73
32 1 35
57 2 132
10 8 19
77 1 37
28 1 7
54 8 93
10 2 130
84 2 98
96 1 40
7 8 80
12 8 65
60 1 56
32 8 50
63 8 65
13 8 100
27 8 15
10 2 79
13 2 35
32 8 38
26 1 35
82 2 52
75 2 87
54 2 109
87 1 44
41 8 28
11 8 29
7 2 132
7 14 13
87 8 54
22 8 67
85 2 56
100 8 101
59 1 50
98 2 84
10 8 28
22 8 93
101 1 6
90 8 60
87 8 63
58 2 155
7 8 12
74 1 73
84 1 57
77 8 24
13 8 16
6 1 4
57 1 85
63 8 98
80 1 7
7 8 25
92 8 63
12 8 17
35 8 13
60 1 59
17 1 12
7 1 73
12 8 67
79 8 12
74 1 7
68 8 138
93 1 22
11 2 7
70 8 40
101 1 165
82 1 57
83 8 60
111 8 22
10 2 35
75 1 28
62 8 60
24 8 70
43 2 35
25 1 69
95 1 32
26 8 81
14 2 244
62 2 90
125 8 60
133 1 13
40 8 78
117 2 15
34 8 26
61 2 75
10 2 111
126 1 25
57 1 59
44 1 37
125 8 54
111 2 68
44 8 59
110 2 13
63 1 167
13 8 20
29 1 13
81 1 32
7 12 12
22 8 66
244 2 14
74 2 34
19 1 7
89 2 55
63 1 76
17 2 254
13 8 7
60 2 68
12 2 24
26 8 49
14 1 12
95 2 78
12 2 132
165 2 138
56 2 85
90 2 76
13 1 34
85 8 57
19 1 13
131 2 10
69 1 78
81 2 86
86 1 54
37 8 56
10 11 12
13 14 10
112 8 17
92 8 57
22 2 10
84 2 52
244 2 22
133 1 68
132 2 54
68 2 12
23 8 26
49 8 63
12 1 7
10 12 13
38 1 37
44 8 87
17 2 12
13 1 35
12 8 20
28 1 22
52 2 82
62 2 56
68 8 127
15 8 75
10 12 12
10 8 12
10 14 13
165 1 243
85 1 155
37 8 96
7 8 74
97 1 54
17 8 29
12 8 28
85 1 82
60 1 38
32 8 81
7 12 13
10 2 132
90 2 99
12 1 10
85 1 52
254 1 94
70 1 10
14 1 10
80 1 13
42 2 10
57 1 76
37 8 41
90 2 62
26 8 38
6 8 101
32 8 52
10 4 12
68 2 126
10 12 7
11 2 242
29 1 17
59 2 30
10 11 13
54 1 53
10 8 93
43 8 40
28 8 75
13 2 14
22 2 13
59 1 89
10 8 29
68 2 57
44 2 55
133 13 92
96 1 32
66 1 19
15 2 117
10 2 131
14 8 28
60 2 46
81 2 71
13 8 26
7 2 11
133 1 22
2 2 1
52 2 55
97 2 82
15 8 30
133 8 101
14 2 12
12 14 10
55 2 52
91 1 50
112 2 13
12 2 14
91 8 63
7 1 34
12 8 93
10 8 70
81 8 90
55 1 54
68 1 67
23 2 13
11 8 66
62 2 91
54 8 89
81 1 40
14 8 67
60 2 132
83 1 40
57 8 165
44 2 63
82 1 54
129 2 68
11 8 16
10 1 35
57 1 30
16 1 15
14 2 7
69 8 10
23 2 10
76 1 28
57 8 100
12 8 80
4 2 5
7 8 66
11 1 117
59 1 55
54 1 75
77 8 79
81 8 61
82 2 81
10 2 22
168 8 57
59 2 49
70 8 32
35 8 40
92 1 40
72 2 49
101 1 138
24 1 96
99 8 54
34 8 7
28 1 14
10 8 74
13 8 93
243 2 17
83 6 93
12 2 35
12 2 17
40 1 7
7 12 10
40 8 49
4 8 6
63 8 128
87 1 98
54 1 125
11 8 65
22 8 100
11 1 131
50 1 37
54 1 56
28 1 10
67 1 7
16 8 132
244 8 133
13 2 79
10 1 24
44 1 26
130 2 110
131 2 14
85 2 83
81 8 85
7 4 12
10 1 34
80 8 40
38 1 26
22 1 117
131 8 11
40 8 77
12 1 73
43 2 80
90 8 57
? 1 github_cpp_program_data/20/140.cpp

60 8 84
35 2 36
7 8 10
35 8 10
30 1 19
92 2 56
79 1 78
92 8 60
25 1 7
40 8 81
96 8 73
35 8 26
15 8 16
58 2 86
34 2 7
17 1 13
54 1 49
29 1 11
19 8 67
44 2 86
11 8 19
130 2 12
35 2 31
59 1 44
26 8 78
112 2 12
94 1 20
29 1 12
60 8 82
27 1 26
72 2 87
10 2 34
43 2 35
12 12 13
99 8 63
24 2 13
19 1 14
12 8 100
85 2 87
42 8 29
17 2 10
10 8 37
13 8 25
13 2 14
75 8 57
130 8 11
41 8 15
31 2 35
21 1 67
37 1 70
66 8 68
87 2 49
52 2 84
32 8 95
28 1 12
110 8 14
13 2 110
12 11 13
7 8 133
11 2 12
10 12 7
60 1 49
7 8 22
49 2 56
56 1 26
15 1 12
76 2 90
26 1 23
32 8 49
43 8 10
12 4 13
29 1 17
7 8 40
7 2 24
89 2 84
112 2 110
7 2 23
13 8 80
32 8 56
7 2 69
2 2 1
75 1 29
10 11 13
49 1 26
7 2 94
100 1 14
10 8 32
12 12 7
57 8 98
7 8 25
93 8 101
37 8 44
27 1 32
66 8 94
1 8 3
40 8 62
10 2 24
49 8 57
17 2 13
133 1 14
95 8 73
25 1 10
23 2 7
62 2 38
31 2 34
12 8 26
32 8 62
32 1 12
73 1 95
41 1 37
40 8 38
24 2 10
10 8 40
30 8 57
37 8 95
44 1 32
13 2 42
65 1 7
25 8 37
78 1 26
70 8 37
36 8 37
34 2 12
125 2 59
70 1 69
7 7 12
68 1 20
10 12 13
14 1 117
117 8 17
7 2 34
12 8 29
37 1 10
10 8 13
22 2 7
21 1 66
12 8 7
37 1 43
50 2 82
55 8 59
73 1 78
67 1 29
7 2 22
37 8 50
57 1 62
84 1 54
7 7 13
138 2 127
98 8 59
78 8 79
34 2 35
94 2 7
127 8 101
68 8 133
34 2 74
83 8 54
95 8 69
62 8 57
19 1 17
80 8 32
83 1 32
16 8 21
100 1 54
10 8 65
74 1 13
35 2 39
23 2 80
19 1 12
24 1 95
86 2 81
62 1 26
59 2 85
30 1 110
20 8 21
13 12 12
56 2 92
13 8 29
7 5 13
22 8 15
37 1 7
35 2 13
30 2 59
132 1 16
12 2 11
68 8 138
42 2 13
10 1 13
10 5 13
66 2 67
130 8 14
13 8 11
12 8 19
81 8 59
60 1 62
13 8 10
98 1 57
127 1 21
13 11 12
13 2 23
84 8 87
12 4 10
54 1 30
10 5 12
57 8 55
12 2 34
50 1 26
86 8 59
112 8 22
110 8 22
100 1 57
22 1 10
125 1 40
12 8 74
65 1 11
90 2 87
15 8 66
21 2 10
60 8 86
75 2 59
57 2 21
74 1 12
13 8 15
80 8 26
79 1 96
86 1 60
42 1 37
37 8 38
19 8 30
34 2 39
63 1 99
38 1 32
76 8 57
13 8 74
32 1 10
133 2 100
38 1 40
90 1 44
54 8 100
13 1 12
10 2 112
10 2 17
32 8 83
73 1 96
90 1 58
70 8 26
43 8 26
7 8 70
86 2 44
125 2 49
49 8 54
49 2 38
10 14 12
85 2 62
23 8 12
39 2 34
110 2 28
55 2 81
83 6 65
66 1 15
37 1 23
34 2 31
13 2 24
17 8 133
43 8 12
28 1 41
32 8 92
23 8 37
59 1 98
26 8 96
39 8 40
73 2 13
3 8 101
14 8 19
74 8 32
7 4 13
15 8 75
13 2 41
95 1 40
32 1 80
56 8 60
38 2 72
21 2 54
40 1 10
63 1 90
12 8 11
35 8 37
12 11 7
93 1 132
125 1 26
7 8 29
71 2 10
58 1 63
15 1 17
7 8 26
32 1 43
63 8 138
24 8 25
59 8 60
11 8 28
54 8 133
13 8 70
15 1 10
43 8 7
12 5 7
10 2 21
54 8 65
10 2 14
10 2 23
25 8 26
35 8 7
133 8 101
26 8 44
90 1 81
28 1 7
94 8 65
56 2 49
40 8 92
12 5 10
10 8 22
10 5 7
74 8 37
35 2 74
56 2 30
62 8 63
90 2 76
29 8 75
138 8 101
117 2 13
54 2 94
65 2 138
14 8 65
19 1 7
87 1 84
10 4 13
90 8 63
29 1 27
10 8 15
13 14 7
79 2 10
68 2 54
67 1 19
66 8 132
7 4 12
40 1 13
127 1 54
67 2 66
60 1 59
63 8 55
77 1 40
68 2 60
93 1 10
69 2 7
40 8 50
43 2 39
24 1 77
13 2 17
82 1 63
10 2 69
14 8 133
79 2 13
90 1 86
54 1 85
23 2 13
37 8 96
38 2 83
85 8 54
10 8 17
17 8 15
22 1 112
55 1 57
38 8 60
7 12 13
87 1 52
24 1 96
69 2 10
133 13 125
112 2 7
43 2 12
28 1 17
94 1 66
12 8 37
86 8 90
96 8 79
73 2 12
35 2 43
34 2 36
133 2 65
23 8 32
54 1 83
60 8 55
49 2 87
60 1 92
15 8 76
13 2 73
10 8 11
17 1 10
25 1 24
78 8 24
110 2 12
26 1 7
10 1 43
34 2 10
10 7 13
96 8 69
117 2 112
11 1 112
32 8 41
54 1 38
10 2 11
59 8 63
13 8 14
13 4 7
11 8 93
37 1 34
44 1 40
96 1 26
63 8 82
28 8 66
43 2 10
87 2 72
110 2 13
7 8 65
40 1 34
40 1 70
7 8 11
40 1 80
25 1 13
7 8 15
43 2 47
7 5 12
28 1 11
89 8 85
26 8 56
12 2 23
3 1 1
65 1 14
90 1 55
68 2 7
99 2 90
78 8 69
40 8 96
34 8 12
98 2 86
96 2 77
60 1 87
41 1 32
14 1 110
15 1 14
86 1 63
7 1 12
10 8 14
69 8 70
12 12 10
117 2 12
49 1 40
26 1 80
95 8 79
21 2 12
35 2 10
67 8 94
29 1 22
70 1 7
37 8 42
26 1 34
117 2 10
65 8 101
84 1 60
57 2 94
16 2 67
79 1 77
7 11 13
16 8 94
47 2 35
37 8 77
13 12 7
40 1 23
43 8 13
23 8 7
74 1 10
13 2 117
50 1 40
7 2 27
15 1 71
10 8 25
67 8 21
99 1 37
110 8 11
50 8 85
117 2 130
132 2 7
21 8 127
40 1 35
90 2 59
12 8 13
65 2 133
12 14 13
7 1 35
34 8 32
19 8 20
34 8 37
93 1 11
35 2 7
77 2 96
63 1 85
12 2 79
83 1 37
100 13 83
82 2 89
52 1 40
32 1 47
127 1 12
56 2 62
80 1 12
79 2 7
130 2 117
110 8 30
36 2 34
49 2 125
40 8 125
13 8 32
112 8 11
49 1 37
32 8 44
60 1 99
54 2 68
11 1 7
26 8 95
94 2 57
13 5 12
26 8 125
89 2 82
40 8 52
10 2 68
49 8 60
31 2 23
83 1 40
39 2 35
52 1 32
23 2 34
31 8 26
63 2 68
13 5 7
3 1 2
59 1 86
13 2 69
26 1 70
67 2 16
34 2 13
7 1 43
93 1 17
37 1 74
89 8 87
13 7 12
133 1 10
23 2 47
24 2 7
54 8 84
11 1 130
57 1 49
132 2 60
65 1 57
101 1 133
7 1 13
10 2 79
10 1 23
55 1 60
12 8 32
74 8 40
65 13 83
75 1 15
7 8 28
57 1 83
13 8 40
13 2 11
37 8 49
73 1 77
49 2 99
78 8 73
12 4 7
77 1 26
130 8 22
43 2 13
26 1 25
32 8 78
100 1 12
73 2 10
14 2 13
30 8 54
78 2 77
22 1 12
133 1 7
14 1 130
86 2 98
17 8 19
132 2 10
20 2 66
12 1 43
38 8 63
43 8 32
62 2 125
72 1 29
54 1 59
38 8 57
20 1 19
14 1 12
132 1 66
100 2 93
14 8 100
59 2 125
63 8 58
79 1 95
20 8 132
47 2 23
90 2 99
63 1 38
60 8 93
57 8 86
112 2 117
10 14 7
27 2 7
37 1 25
7 2 17
35 8 12
57 1 99
21 1 20
12 2 41
29 8 72
63 2 94
54 2 21
29 8 67
59 1 81
12 7 10
36 2 35
57 1 38
55 2 97
54 8 97
40 1 43
12 1 23
130 2 10
40 1 12
54 1 87
7 2 14
40 1 74
49 1 32
55 2 44
7 8 19
43 8 37
35 8 32
19 1 22
17 1 112
94 2 54
31 8 37
13 8 19
92 1 37
17 1 117
21 2 57
20 2 16
36 8 40
12 8 127
95 1 37
63 1 62
62 1 32
28 2 110
59 2 75
32 1 7
87 1 89
99 6 133
12 1 34
23 8 13
112 8 14
10 2 22
57 1 56
96 2 95
117 8 14
93 1 60
79 8 80
99 1 40
10 2 117
63 1 87
12 7 13
15 1 41
10 8 80
80 8 37
86 2 58
32 1 34
16 1 28
101 1 3
72 2 75
13 1 43
63 8 89
32 1 25
15 1 11
75 2 72
85 1 50
23 8 10
56 8 54
93 1 7
13 11 10
62 1 37
12 2 17
82 2 50
13 12 10
10 1 7
50 1 32
7 1 34
83 6 100
127 2 138
15 1 7
56 1 40
60 8 133
19 2 110
29 1 7
67 8 132
16 2 20
80 1 10
97 2 55
94 2 10
27 8 29
32 1 74
22 1 110
35 2 34
63 1 56
10 2 73
132 1 20
34 2 23
125 6 65
32 1 70
32 1 35
65 1 63
12 2 117
13 4 12
7 8 37
29 1 42
14 8 15
85 2 49
26 1 13
13 2 34
7 14 13
65 2 93
22 2 10
10 2 130
117 8 22
80 2 23
96 1 40
37 1 13
97 8 90
21 1 16
25 8 32
60 1 56
43 2 36
14 8 29
63 8 86
10 8 133
63 8 65
125 6 133
13 7 7
93 1 54
57 1 90
95 8 24
12 2 22
15 1 22
32 8 38
65 13 125
13 4 10
26 1 35
72 8 60
3 2 127
83 1 26
41 8 28
11 8 29
7 2 132
40 8 44
87 8 54
101 1 138
14 2 10
133 13 99
54 2 132
10 8 28
66 2 20
30 2 56
79 2 12
94 2 63
7 2 35
87 8 63
58 1 54
19 1 27
74 1 73
12 2 110
84 1 57
70 1 13
22 8 19
7 4 10
77 8 24
49 2 75
56 1 32
34 8 13
49 2 85
54 1 90
77 8 69
11 1 110
36 8 26
66 8 21
80 1 7
94 1 16
14 1 112
12 8 17
35 8 13
37 1 80
59 8 54
94 1 67
17 1 12
26 1 36
32 8 125
125 6 93
7 11 12
100 1 21
26 1 31
26 1 47
99 2 49
12 7 7
12 1 35
11 2 7
65 1 94
70 8 40
132 8 93
12 8 15
55 1 63
11 1 12
10 2 35
12 2 35
81 2 55
77 1 37
36 2 23
35 2 12
39 8 37
112 2 10
22 8 29
40 8 56
7 5 10
95 1 32
39 2 43
7 8 93
12 8 22
35 2 47
10 4 12
92 6 93
26 8 27
10 8 100
69 1 78
52 8 87
59 2 90
7 1 23
12 2 130
13 2 43
38 2 62
17 8 28
28 8 16
19 1 11
44 1 37
125 8 54
133 1 54
54 8 93
44 8 59
132 1 67
10 7 7
93 13 92
38 8 54
29 1 13
81 1 32
7 12 12
110 2 19
100 2 133
90 8 54
92 2 49
74 2 34
37 1 35
85 8 63
60 1 72
99 8 60
37 8 83
13 5 10
13 8 7
63 1 125
28 8 72
73 8 74
29 1 14
110 2 10
26 8 49
26 8 77
14 1 13
95 1 26
85 2 59
13 1 34
19 1 13
22 1 130
44 8 90
81 2 86
13 2 112
101 1 93
43 2 7
37 8 56
11 8 15
10 11 12
13 14 10
112 8 17
92 8 57
41 2 12
62 1 40
84 2 52
57 8 84
7 8 80
72 1 28
133 1 68
71 8 15
72 8 57
72 2 38
40 8 78
132 2 54
55 8 90
127 2 3
52 1 37
32 8 27
56 1 37
23 8 26
49 8 63
12 1 7
26 1 12
37 8 52
36 2 43
25 2 34
7 2 43
38 1 37
40 8 99
17 2 12
13 1 35
7 2 112
12 8 14
28 1 22
34 8 40
125 2 62
62 2 56
100 1 10
77 8 73
60 2 68
32 8 50
10 2 71
10 8 12
10 14 13
37 1 31
62 2 85
26 8 50
92 1 32
69 1 95
34 8 10
12 5 13
87 8 60
12 11 10
97 1 54
12 2 21
63 1 59
17 8 29
12 8 28
83 8 57
85 1 82
60 1 38
138 1 63
13 8 17
26 8 83
7 2 68
10 2 132
7 7 10
37 8 62
100 8 101
12 2 73
60 1 75
12 1 10
101 1 127
12 2 27
10 7 12
20 1 29
16 1 15
56 8 57
14 1 10
10 8 138
110 2 112
138 1 68
77 2 78
10 2 94
57 1 76
37 8 41
57 8 65
26 8 38
41 2 13
75 2 49
32 8 52
133 1 17
99 8 57
89 1 63
78 1 40
76 1 15
40 1 31
90 1 97
34 2 25
138 1 10
83 2 38
13 2 35
22 2 12
59 2 30
69 2 13
82 1 60
82 8 85
87 2 90
68 1 66
43 8 40
93 13 125
10 8 26
17 8 93
22 2 13
57 1 72
15 1 13
37 8 99
39 8 26
12 2 112
44 2 55
40 1 36
96 1 32
10 12 12
7 8 12
7 8 32
20 8 68
14 8 28
17 2 7
78 1 32
13 8 26
7 2 11
96 8 24
26 1 10
32 8 96
65 1 10
11 2 13
37 1 12
80 1 79
14 2 12
10 2 110
31 8 40
71 1 26
13 7 10
65 1 54
12 14 10
101 1 100
23 2 10
23 2 36
117 8 11
75 8 60
93 2 100
112 2 13
40 8 95
26 1 39
13 11 7
29 8 20
12 2 14
125 8 63
58 8 90
7 14 12
10 8 70
26 8 71
13 1 23
81 8 90
11 1 13
34 8 26
32 1 23
81 1 40
60 2 132
54 8 127
32 1 13
37 8 92
22 1 13
13 8 22
12 8 40
26 1 43
82 1 54
13 8 37
22 8 28
10 1 35
1 2 2
57 1 30
22 1 7
23 2 31
14 2 7
10 4 7
12 2 43
80 1 13
13 1 10
101 1 65
57 8 100
69 1 96
12 8 80
47 8 26
54 1 62
23 8 40
11 1 117
59 1 55
69 1 77
77 8 79
57 1 75
12 14 7
11 1 10
32 1 39
68 2 63
47 2 43
38 2 49
26 8 62
70 8 32
7 2 130
66 1 28
35 8 40
138 2 65
92 1 40
32 8 81
96 1 37
27 8 19
56 8 63
23 2 12
85 1 89
13 2 22
34 8 7
28 1 14
10 8 74
7 2 79
74 2 35
40 8 83
62 8 60
10 11 7
37 1 39
40 1 7
7 12 10
40 8 49
21 8 100
54 1 125
27 2 12
49 2 92
54 8 82
11 8 65
13 14 12
28 8 30
68 2 10
7 11 10
50 1 37
54 1 56
28 1 10
84 2 89
2 8 3
130 2 7
24 1 78
16 8 132
70 1 10
30 1 28
13 2 79
87 2 85
44 1 26
10 8 93
54 8 58
20 8 94
10 2 43
63 1 49
125 1 32
62 8 54
133 1 60
86 1 57
10 1 34
80 8 40
38 1 26
22 1 117
40 8 77
93 2 65
47 8 32
39 8 32
40 1 39
90 8 57
11 2 10
37 1 36
95 2 96
7 14 10
57 1 92
? 1 github_cpp_program_data/20/206.cpp

35 2 36
7 8 10
35 8 10
244 1 21
130 8 11
40 8 81
96 8 73
35 8 26
32 8 96
61 8 60
17 1 13
54 1 49
69 8 25
19 8 67
86 2 88
50 8 59
138 1 132
131 8 14
87 2 59
26 8 78
112 2 12
56 1 32
29 1 12
63 8 133
72 2 87
10 11 12
13 2 17
5 2 1
100 8 60
10 8 37
44 2 57
93 1 63
19 2 130
41 8 15
77 8 69
76 1 130
98 1 54
32 8 95
110 8 14
12 11 13
11 2 12
90 8 88
24 8 7
7 8 22
49 2 56
60 8 91
64 1 54
26 1 23
43 8 10
7 8 40
100 1 68
132 8 133
15 8 16
99 2 62
13 2 24
49 1 26
10 8 32
56 2 59
59 2 76
52 8 59
87 2 49
31 2 23
37 8 44
37 1 12
26 8 42
49 8 57
243 8 133
128 1 54
86 2 98
80 1 69
99 1 26
32 8 62
10 7 13
35 8 13
130 2 13
73 1 95
40 8 38
98 8 90
10 8 40
37 8 95
59 8 54
36 8 37
34 2 12
16 1 12
70 1 69
40 1 25
68 1 20
127 1 242
10 8 67
95 8 24
37 1 10
10 8 13
22 2 7
54 1 38
109 2 68
37 1 43
55 8 59
73 1 78
47 8 37
57 1 62
60 1 93
84 1 54
7 7 13
29 8 66
87 2 62
78 8 79
130 2 7
7 8 67
95 8 69
62 8 57
19 1 17
68 1 66
60 1 138
91 1 44
10 8 65
110 2 109
12 8 67
68 2 10
24 1 95
86 2 81
62 1 26
59 2 85
175 2 3
133 1 57
13 8 29
44 1 40
161 1 73
77 1 32
63 8 98
132 1 16
34 2 36
10 5 13
131 2 13
20 1 14
55 2 155
24 8 12
59 1 82
81 8 59
60 1 62
13 8 10
85 1 84
13 11 12
13 2 23
242 2 7
50 1 26
49 2 59
22 1 10
12 8 15
70 1 73
129 2 132
85 1 97
7 8 177
12 12 7
117 2 131
17 2 243
12 2 73
133 1 63
80 8 26
12 8 19
17 2 242
13 8 66
63 1 99
13 2 131
54 8 65
38 1 40
90 1 44
79 8 25
43 2 47
17 1 129
87 8 57
10 2 17
90 1 58
83 8 63
70 8 26
7 8 70
81 2 55
16 1 14
38 8 60
63 1 75
57 8 93
36 2 23
37 1 34
12 8 8
93 8 60
75 8 57
43 8 12
13 1 79
23 8 37
66 1 29
65 2 133
73 2 13
3 8 101
14 8 19
38 2 92
13 1 7
17 1 110
21 1 67
40 1 10
17 2 10
12 8 11
35 8 37
99 6 65
91 1 60
60 1 85
54 2 46
82 8 59
68 2 7
68 1 16
30 2 59
15 1 10
84 2 52
80 2 34
25 8 26
46 8 64
12 12 13
34 2 80
26 8 44
19 8 72
28 1 7
17 1 7
56 2 49
131 8 17
80 2 23
12 5 10
12 8 22
7 1 10
62 8 63
15 2 112
38 2 64
29 8 75
57 1 167
92 6 133
37 1 35
87 1 84
90 8 63
60 1 49
79 2 10
68 2 54
17 1 130
125 8 60
40 1 13
127 1 54
7 12 13
63 8 55
77 1 40
40 8 50
11 2 10
43 2 13
17 2 7
14 8 133
90 1 86
54 1 85
109 2 57
85 8 54
34 8 26
17 8 15
12 1 24
87 1 52
69 8 70
13 14 12
12 8 37
129 8 11
57 8 133
69 8 7
128 8 57
15 8 76
129 2 112
78 8 24
110 2 12
7 1 35
17 2 13
6 1 5
96 8 69
59 2 83
21 1 66
59 8 63
52 8 85
11 8 93
65 1 68
20 8 21
22 8 15
96 1 26
7 8 65
40 1 34
40 1 70
13 8 15
60 1 92
25 1 13
70 1 7
131 2 68
49 8 54
85 2 62
17 8 67
12 2 23
32 1 36
66 1 11
90 1 55
129 2 110
40 8 96
96 2 77
73 8 13
10 4 13
86 1 63
7 1 12
10 8 14
80 1 73
12 12 10
90 2 38
3 1 105
7 14 12
99 2 56
67 8 94
16 8 68
26 1 34
60 1 125
84 1 60
40 1 47
79 1 77
109 8 11
54 8 55
26 8 62
13 12 7
93 1 11
23 8 7
74 1 10
13 2 117
16 8 94
45 2 44
50 1 40
19 1 10
67 8 21
12 8 25
99 1 37
7 2 35
50 8 85
37 8 81
26 8 96
40 1 35
100 2 133
90 8 155
92 6 65
32 8 83
59 2 38
63 1 85
7 2 242
12 2 79
31 8 37
32 1 47
26 8 99
56 2 62
80 1 12
79 2 7
54 2 68
11 1 7
10 2 130
29 8 16
43 2 23
25 2 43
10 2 68
12 5 7
57 8 61
52 1 32
63 2 68
13 5 7
58 1 60
13 2 69
109 2 110
36 8 40
93 1 13
93 1 17
60 1 83
13 2 111
100 13 99
24 2 7
43 2 7
57 8 82
132 2 60
28 1 27
13 8 133
31 2 4
10 7 12
12 8 32
81 8 85
87 2 90
57 1 72
13 2 11
30 8 57
38 2 49
109 2 12
130 8 22
22 8 20
13 8 67
73 2 10
254 2 11
125 8 57
30 8 54
57 1 125
22 1 12
25 1 24
17 8 19
132 2 10
14 8 16
20 2 66
69 2 12
111 2 63
92 8 60
44 2 86
266 2 177
20 1 19
133 1 12
65 1 22
132 1 66
17 8 100
14 8 100
14 1 7
79 1 95
79 8 70
23 2 7
47 2 23
34 8 40
12 2 132
63 1 38
57 8 86
66 2 20
99 2 85
58 2 55
37 1 25
7 2 17
21 1 20
12 2 41
63 2 10
129 8 17
93 1 254
59 1 81
244 2 17
57 1 38
13 2 132
40 1 43
12 1 23
112 2 19
132 2 57
7 2 14
40 1 74
49 1 32
7 8 19
72 2 62
17 1 112
83 1 37
70 2 23
12 8 10
60 2 44
27 8 28
132 2 129
22 8 65
10 1 79
95 1 37
62 1 32
59 2 75
65 1 12
109 8 65
44 8 90
63 1 168
12 1 34
111 2 57
13 11 7
112 8 14
10 2 117
63 1 87
68 2 111
10 8 80
14 2 131
101 1 3
89 1 60
12 1 13
15 1 11
22 8 28
85 1 50
87 1 55
23 8 10
56 8 54
35 8 12
7 8 100
13 11 10
62 1 37
82 2 50
11 8 15
13 12 10
98 1 63
65 1 131
64 1 46
7 1 69
50 1 32
111 2 7
78 2 77
100 1 109
101 1 240
90 1 82
16 2 20
111 2 13
5 8 6
22 1 110
97 8 85
132 1 20
32 1 70
67 1 13
65 1 63
12 2 117
24 8 80
7 8 37
127 2 138
26 1 13
13 2 34
65 2 93
44 2 60
117 8 22
88 2 86
37 1 13
21 1 16
43 2 25
10 8 133
84 2 44
67 1 17
13 7 7
57 1 90
41 2 44
12 2 22
13 1 69
15 1 22
13 4 10
40 1 36
35 2 39
83 1 26
75 2 62
52 8 128
112 8 72
40 8 44
35 2 80
41 1 26
32 8 56
61 1 57
14 2 10
7 8 127
69 8 74
11 8 20
169 8 57
26 8 52
133 1 14
70 1 13
22 8 19
73 8 80
34 2 7
37 8 71
22 8 16
34 8 13
49 2 85
20 1 10
81 1 26
11 1 110
79 8 13
16 1 11
50 2 86
94 1 16
14 1 112
49 2 99
37 1 80
67 1 22
44 1 32
59 8 57
32 8 125
7 11 12
79 2 12
12 7 7
111 8 14
37 8 99
127 1 7
90 2 56
132 8 93
60 1 90
31 8 40
55 1 63
11 1 12
11 8 67
69 2 10
56 1 37
3 2 6
22 8 133
35 2 12
30 1 15
39 8 37
22 8 29
40 8 56
7 5 10
49 8 63
7 8 93
10 8 22
155 2 89
14 2 13
10 1 73
82 1 63
67 2 16
52 8 87
7 1 23
57 2 129
16 1 28
56 2 87
59 1 52
130 2 111
19 1 11
7 1 43
132 1 67
10 7 7
85 2 87
38 8 54
43 2 74
66 1 10
93 2 100
77 2 96
12 1 79
101 1 177
175 2 266
110 2 130
72 1 19
127 1 68
11 1 130
130 8 17
26 1 25
73 8 74
29 1 14
44 2 82
47 8 32
14 1 13
266 2 175
95 1 26
85 2 59
12 14 13
22 1 130
65 1 129
67 1 14
13 2 112
100 1 63
28 1 22
60 8 97
46 1 45
66 1 15
49 2 72
41 2 12
42 8 15
50 8 90
57 8 84
63 2 129
15 2 130
57 1 49
40 8 78
131 8 65
86 8 87
52 1 37
62 2 64
55 2 44
41 8 46
7 2 111
30 2 76
26 1 12
28 8 16
54 8 98
67 1 10
7 2 43
37 8 83
12 8 14
7 1 79
7 8 16
71 8 28
17 8 20
100 1 10
63 1 92
97 1 60
37 1 31
132 2 13
7 2 34
92 1 32
26 8 77
13 8 12
34 8 10
12 5 13
87 8 60
6 2 3
23 2 43
63 1 59
177 2 266
11 1 129
23 2 25
57 1 59
63 8 93
13 8 17
26 8 83
7 2 68
55 2 81
37 8 62
47 2 43
12 2 27
111 8 100
56 8 57
20 1 22
110 2 112
52 2 84
77 2 78
13 8 28
57 8 65
109 8 22
133 1 17
62 2 87
99 8 57
89 1 63
125 6 93
84 2 81
78 1 40
66 1 14
76 1 15
40 1 31
54 8 127
34 2 25
131 8 28
63 8 100
27 1 32
7 8 11
73 8 70
22 2 12
7 8 20
82 1 60
43 2 10
7 8 28
94 8 243
93 13 125
12 11 10
16 8 21
17 8 93
7 7 10
100 1 13
7 8 32
100 1 17
20 8 68
74 1 24
73 8 25
96 8 24
129 8 133
26 1 10
244 8 65
76 1 29
57 1 128
52 2 54
14 8 20
80 1 79
13 2 43
10 2 63
132 2 12
11 1 109
58 1 57
44 8 46
65 1 54
28 1 131
129 2 14
74 2 23
24 2 12
23 2 36
28 1 129
68 8 65
63 8 97
12 1 69
87 1 86
40 8 95
74 1 79
133 1 243
133 1 129
12 8 66
58 8 90
53 8 63
13 1 23
84 2 97
67 1 12
32 1 23
71 2 13
10 2 42
60 1 65
13 2 110
12 8 40
22 1 109
26 1 43
13 8 37
21 8 244
167 8 57
22 1 7
92 2 49
10 4 7
38 2 90
13 1 10
243 2 22
16 1 10
37 1 47
69 1 96
62 2 83
28 8 20
23 8 40
38 2 62
138 1 60
69 1 77
31 8 32
83 2 62
1 2 7
10 1 69
58 2 86
12 14 7
11 1 10
68 2 63
25 2 23
65 13 92
7 2 130
10 1 13
89 8 59
66 8 21
7 1 24
56 8 63
65 1 109
23 2 12
85 1 89
13 2 22
110 8 17
25 1 12
7 2 79
8 1 12
40 8 83
133 1 111
27 2 10
117 2 10
62 2 90
52 1 26
54 8 128
129 8 28
27 2 12
16 1 7
54 8 82
1 8 6
64 8 57
69 8 13
2 8 3
109 2 63
10 2 34
85 1 44
44 2 41
83 6 133
132 2 111
54 8 58
97 2 84
20 8 94
10 2 43
63 1 49
125 1 32
62 8 54
39 2 23
86 1 57
32 1 25
13 8 22
60 8 58
74 2 43
57 1 169
13 2 130
54 8 64
67 1 19
110 2 7
60 8 84
127 8 60
79 1 78
17 8 65
25 1 7
44 2 45
46 1 44
62 2 125
13 8 80
13 5 10
12 8 13
100 1 57
70 2 43
29 1 11
11 8 19
59 1 44
112 2 15
10 8 20
94 1 20
242 8 127
60 1 56
60 8 82
242 2 17
54 1 30
24 2 13
19 1 14
81 2 84
74 1 12
155 1 90
244 2 11
13 1 24
175 1 102
81 1 37
37 1 70
66 8 68
56 2 30
1 2 5
22 1 112
24 8 74
131 2 12
32 1 13
80 2 35
56 1 26
15 1 12
76 2 90
56 2 91
86 8 59
12 4 13
25 1 73
13 4 12
29 8 76
7 2 23
129 8 65
68 2 131
20 1 13
7 2 69
75 1 29
10 2 27
100 1 14
59 2 87
55 8 90
89 2 155
13 2 71
66 8 94
40 8 62
11 1 111
73 2 12
95 8 73
62 2 38
87 2 56
63 1 91
12 8 26
125 1 40
68 2 13
12 2 60
24 2 10
2 2 105
73 8 7
86 2 58
49 2 90
12 2 68
90 1 98
65 1 17
65 1 7
25 8 37
60 8 8
70 8 37
24 8 13
60 8 138
7 7 12
82 8 85
14 1 117
117 8 17
12 8 29
7 4 13
10 2 129
12 8 7
50 2 82
94 1 67
67 1 29
7 2 22
37 8 50
72 1 15
10 14 7
7 8 17
20 1 28
131 2 54
254 8 93
130 2 110
32 8 27
80 8 32
83 1 32
10 8 26
128 1 52
74 1 13
72 1 112
23 2 80
79 8 10
19 1 12
65 2 138
13 12 12
42 1 26
7 5 13
100 1 111
37 1 7
59 1 88
35 2 13
17 2 244
22 1 131
37 8 92
12 2 11
138 1 243
24 8 10
76 2 59
66 2 67
130 8 14
13 8 11
23 2 34
83 8 57
99 6 93
66 1 7
93 13 83
96 1 37
101 1 175
25 1 79
138 8 60
12 8 70
84 8 87
12 4 10
99 8 63
10 5 12
12 7 10
12 2 34
23 2 74
66 1 22
32 8 49
112 8 22
110 8 22
63 2 109
10 2 24
88 8 59
37 8 38
7 2 131
99 6 100
12 8 74
65 1 11
90 2 87
15 8 66
60 8 86
75 2 59
70 1 24
11 2 244
79 1 96
86 1 60
68 2 109
90 1 50
243 2 14
7 2 110
38 1 32
4 8 266
76 8 57
12 2 110
35 2 70
32 1 10
133 2 100
177 1 7
12 11 7
138 2 65
10 8 28
73 1 96
10 2 23
43 8 26
86 2 44
129 2 57
29 1 27
54 8 86
49 2 38
11 1 13
240 2 6
85 8 60
13 2 73
37 1 23
17 8 133
42 2 7
10 8 66
111 8 133
32 8 92
109 8 100
90 2 49
79 8 7
74 8 32
57 2 111
32 1 80
56 8 60
10 2 112
65 1 10
93 13 99
63 1 90
44 8 91
14 2 242
78 2 95
93 1 132
125 1 26
7 8 29
68 2 129
132 2 7
62 1 40
7 8 26
10 8 16
32 1 43
24 8 25
242 1 21
59 8 60
83 2 59
14 2 129
13 8 70
13 1 12
55 2 50
43 8 7
84 8 85
35 8 7
155 2 55
90 1 81
26 8 50
82 2 44
17 8 66
69 8 80
70 1 12
10 5 7
74 8 37
86 8 90
97 8 87
98 2 86
44 8 85
13 8 19
131 2 117
80 1 24
13 7 10
37 8 78
10 8 15
61 1 44
20 1 11
76 2 30
66 8 132
10 14 12
67 2 66
28 1 13
112 2 10
50 2 55
93 1 10
69 2 7
266 8 101
24 1 77
23 2 31
10 2 69
79 2 13
111 8 11
72 8 63
31 8 266
67 8 68
89 1 54
43 2 70
98 8 87
168 8 63
23 8 12
63 1 83
21 8 242
43 2 12
94 1 66
96 8 79
129 2 7
17 8 16
133 2 65
23 8 32
66 1 13
78 1 37
60 8 55
49 2 87
240 1 63
10 8 11
17 1 10
26 1 7
10 1 43
12 2 69
22 2 243
34 2 10
12 2 109
64 2 38
11 1 112
130 2 10
32 1 7
10 2 11
10 1 12
254 2 17
13 8 14
13 4 7
14 1 131
35 2 10
63 8 82
44 2 84
87 2 72
78 1 32
10 2 14
54 2 52
74 8 26
70 2 35
7 5 12
89 8 85
19 8 76
26 8 56
240 8 101
161 8 32
129 2 63
99 2 90
78 8 69
67 1 11
13 5 12
73 8 10
7 2 129
110 2 129
60 1 87
102 8 175
14 1 110
80 2 43
79 8 74
40 8 99
69 2 13
138 2 127
49 1 40
26 1 80
95 8 79
92 8 54
29 1 22
16 2 67
13 14 7
7 11 13
37 8 77
40 1 23
43 8 13
52 1 40
57 1 56
45 8 46
133 1 10
110 8 11
93 2 65
78 8 73
90 2 59
133 13 83
47 8 40
19 8 20
34 8 37
35 2 7
81 2 82
81 8 87
88 1 90
36 2 34
40 8 125
13 8 32
112 8 11
49 1 37
32 8 44
13 2 68
132 2 109
26 8 95
22 1 13
26 8 125
89 2 82
40 8 52
49 8 60
130 2 19
39 2 35
55 2 58
31 8 26
95 1 40
3 1 2
59 1 86
69 8 12
30 2 56
59 2 56
243 1 94
34 2 13
111 2 112
70 1 79
177 1 1
37 1 74
13 7 12
20 1 17
54 8 84
87 1 81
72 8 57
60 1 100
129 2 68
57 2 109
65 1 57
62 2 85
7 1 13
60 1 133
15 1 41
10 1 23
55 1 60
74 8 40
60 2 12
44 8 61
57 1 83
13 8 40
7 8 13
37 8 49
25 8 40
100 1 7
175 8 101
12 4 7
77 1 26
12 2 43
32 8 78
54 1 62
3 2 175
76 1 19
10 2 243
56 2 99
131 2 7
16 1 29
14 1 130
93 1 57
60 1 127
12 1 43
57 2 44
38 8 63
43 8 32
12 2 131
54 1 59
38 8 57
8 1 60
42 8 19
28 1 12
31 2 43
100 2 93
7 2 24
16 1 22
130 8 76
20 8 132
90 2 99
78 1 26
82 2 97
68 8 100
93 1 7
57 1 99
76 8 63
46 2 54
36 2 35
13 1 73
29 1 10
14 1 111
82 8 90
26 1 70
133 1 132
40 1 12
59 1 155
109 8 93
34 2 70
15 1 17
43 8 37
35 8 32
19 1 22
19 1 42
73 8 12
20 1 12
117 2 13
12 2 111
92 1 37
17 1 117
12 8 133
20 2 16
32 1 161
63 1 62
111 2 130
59 1 58
73 2 7
6 1 1
34 8 12
23 8 13
111 2 132
10 2 22
63 1 53
96 2 95
117 8 14
79 8 80
99 1 40
82 2 89
89 2 88
7 2 1
85 2 49
80 8 37
71 1 37
32 1 34
46 1 41
125 2 62
13 1 43
63 8 89
7 8 14
65 13 99
85 2 99
109 2 132
10 1 7
12 7 13
66 1 17
131 8 22
87 1 97
56 1 40
55 8 87
138 1 10
67 8 132
130 2 15
80 1 10
32 1 31
27 8 29
32 1 74
32 8 77
59 1 50
63 1 56
10 2 73
34 2 23
32 1 35
57 2 132
10 8 19
77 1 37
11 2 254
29 1 7
242 8 100
84 2 98
96 1 40
7 8 80
12 8 65
25 8 32
42 1 40
14 8 29
63 8 86
63 8 65
13 8 100
8 8 63
10 2 79
133 8 60
13 2 35
32 8 38
26 1 35
82 2 52
87 1 44
11 8 29
7 2 132
7 14 13
266 1 31
22 8 67
85 2 56
98 2 84
40 1 80
14 8 66
86 2 50
101 1 6
90 8 60
87 8 63
58 1 54
7 8 12
74 1 73
84 1 57
77 8 24
63 1 72
65 1 244
40 8 42
38 2 59
23 2 70
16 1 17
57 1 85
7 2 73
1 8 177
80 1 7
7 8 25
92 8 63
12 8 17
32 1 12
60 1 59
112 2 110
20 1 7
17 1 12
7 1 73
105 2 2
26 1 31
26 1 47
99 2 49
79 8 12
74 1 7
12 1 35
60 1 61
11 2 7
70 8 40
82 1 57
83 8 60
7 2 117
10 2 35
75 1 28
62 8 60
105 8 3
24 8 70
11 2 13
10 11 7
7 2 42
25 1 69
95 1 32
62 2 72
26 8 81
129 2 10
10 8 100
133 1 13
93 1 109
10 8 17
59 2 90
117 2 7
44 1 37
125 8 54
73 8 161
63 8 240
111 2 68
44 8 59
110 2 13
13 8 20
29 1 13
81 1 32
7 12 12
12 8 16
22 8 66
34 8 32
19 1 7
19 2 112
85 8 63
63 1 76
17 2 254
23 2 47
13 8 7
12 2 24
7 4 10
26 8 49
14 1 12
95 2 78
56 2 90
56 2 85
29 8 67
90 2 76
13 1 34
85 8 57
17 1 131
19 1 13
68 1 67
69 1 78
81 2 86
86 1 54
70 2 34
69 8 10
37 8 56
266 1 4
242 2 14
13 14 10
112 8 17
22 2 10
111 2 12
244 2 22
243 8 138
92 2 38
91 2 56
63 1 8
94 8 254
57 1 64
68 2 12
62 2 75
23 8 26
243 2 10
12 1 7
37 8 52
25 2 34
10 12 13
38 1 37
44 8 87
17 2 12
13 1 35
12 8 20
66 1 12
52 2 82
62 2 56
101 1 266
68 8 127
32 8 50
10 12 12
10 8 12
10 14 13
69 1 95
37 8 96
7 8 74
6 2 240
17 8 29
12 8 28
85 1 82
60 1 38
32 8 81
77 8 73
10 2 132
24 1 78
97 1 63
12 1 10
85 1 52
20 1 29
254 1 94
70 1 10
14 1 10
10 8 138
80 1 13
42 2 10
57 1 76
7 11 10
62 2 99
90 2 62
26 8 38
6 8 101
32 8 52
10 4 12
13 8 25
10 12 7
29 1 17
117 2 12
60 8 89
75 8 63
59 2 30
10 11 13
85 1 81
43 8 40
28 8 75
13 2 14
22 2 13
131 2 14
15 1 13
10 8 29
39 8 26
12 2 112
44 2 55
133 13 92
37 1 39
96 1 32
57 8 58
13 8 74
14 8 28
13 8 26
7 2 11
133 1 22
52 2 55
97 2 82
15 8 30
23 2 39
14 2 12
112 2 111
57 1 87
12 14 10
55 2 52
132 8 138
63 2 111
15 1 42
112 2 13
26 1 39
29 8 20
12 2 14
91 8 63
7 1 34
10 8 70
64 2 62
81 8 90
55 1 54
23 2 13
11 8 66
73 1 77
54 8 89
81 1 40
43 2 31
14 8 67
60 2 132
83 1 40
82 1 54
14 2 243
11 8 16
10 1 35
58 8 59
57 1 30
16 1 15
14 2 7
112 2 129
88 2 89
23 2 10
57 8 100
12 8 80
47 8 26
240 1 10
10 8 7
7 8 66
59 1 55
26 1 74
77 8 79
54 1 99
82 2 81
57 1 75
32 1 39
59 2 49
70 8 32
10 8 240
35 8 40
72 2 49
24 1 96
99 8 54
34 8 7
28 1 14
10 8 74
54 1 92
13 8 93
54 2 131
243 2 17
83 6 93
12 2 35
12 2 17
40 1 7
28 1 71
7 12 10
40 8 49
87 1 98
54 1 125
49 2 92
65 8 60
11 8 65
39 8 32
15 8 72
177 8 101
28 8 30
26 8 41
50 1 37
54 1 56
28 1 10
22 2 244
67 1 7
16 8 132
30 1 28
13 2 79
87 2 85
10 1 24
44 1 26
10 8 93
36 8 32
59 1 89
155 8 59
7 4 12
10 1 34
80 8 40
38 1 26
100 1 242
95 2 96
22 1 117
40 8 77
12 1 73
74 1 69
43 2 80
4 2 31
90 8 57
37 1 36
7 14 10
? 1 github_cpp_program_data/20/256.cpp

35 2 36
7 8 10
35 8 10
30 1 19
130 8 75
130 8 11
40 8 81
96 8 73
35 8 26
15 8 16
117 2 28
17 1 13
54 1 49
99 1 26
19 8 67
72 2 38
50 8 59
29 1 10
32 1 229
87 2 59
26 8 78
112 2 12
29 1 12
72 2 87
13 2 17
19 2 110
90 1 97
12 8 100
85 2 87
10 8 37
75 8 57
19 2 130
41 8 15
31 2 35
32 8 95
110 8 14
11 1 110
7 8 133
71 8 29
60 1 49
7 8 22
26 1 23
138 1 13
43 8 10
7 8 40
41 8 19
82 8 217
32 8 96
40 8 42
49 1 26
13 5 10
38 2 125
10 8 32
50 2 86
52 8 59
93 8 101
37 8 44
37 1 12
49 8 57
78 2 96
25 1 10
86 2 98
95 2 77
110 2 7
32 8 62
10 7 13
32 1 12
130 2 13
73 1 95
37 1 80
10 8 40
85 1 55
37 8 95
44 1 32
13 2 42
32 8 84
11 1 112
34 2 12
70 1 69
40 1 25
68 1 20
40 8 49
95 8 24
37 1 10
10 8 13
22 2 7
54 1 38
37 1 43
55 8 59
73 1 78
47 8 37
34 2 70
57 1 62
75 1 117
84 1 54
100 1 94
29 8 66
78 8 79
34 2 35
29 1 41
127 8 101
68 8 133
95 8 69
62 8 57
19 1 17
68 1 66
10 8 65
35 2 39
29 2 112
68 2 10
24 1 95
86 2 81
62 1 26
79 2 12
92 6 100
133 1 57
13 8 29
44 1 40
77 1 32
110 2 130
132 1 16
68 8 138
42 2 13
10 5 13
13 8 65
81 8 59
60 1 62
13 8 10
127 1 21
13 11 12
25 8 40
12 2 130
50 1 26
132 8 93
63 1 30
19 8 75
22 1 10
60 1 90
100 1 22
42 1 32
42 8 29
13 8 15
80 8 26
55 8 85
12 8 19
19 8 30
34 2 39
13 8 22
54 8 65
50 8 228
38 1 40
90 1 44
43 2 47
10 2 112
87 8 57
10 2 17
90 1 58
83 8 63
70 8 26
7 8 70
62 1 35
23 8 12
19 8 76
57 8 93
45 1 40
37 1 34
12 2 23
43 8 12
125 2 38
23 8 37
65 2 133
73 2 13
3 8 101
14 8 19
39 8 40
96 2 78
15 8 75
13 2 41
95 1 40
17 1 110
81 1 37
22 8 29
29 1 13
17 2 10
12 8 11
35 8 37
87 2 30
71 1 32
138 8 101
68 2 7
82 8 228
30 2 38
15 1 10
54 1 62
63 8 84
80 2 34
25 8 26
46 8 64
125 2 59
34 2 80
57 2 132
19 8 72
117 2 12
40 8 71
56 2 49
12 5 10
12 8 22
7 1 10
172 1 132
62 8 63
15 2 112
112 2 29
75 2 56
29 8 75
98 1 40
11 2 12
14 8 65
37 1 35
87 1 84
90 8 63
90 2 72
79 2 10
68 2 54
55 2 89
85 2 30
10 8 100
40 1 13
50 8 87
127 1 54
7 12 13
63 8 55
77 1 40
217 1 82
40 8 50
75 1 130
43 2 13
14 8 133
90 1 86
54 1 85
26 1 34
85 8 54
34 8 26
17 8 15
87 1 52
24 1 96
63 2 21
112 2 7
28 1 17
12 8 37
57 8 133
34 2 36
60 1 92
15 8 76
78 8 24
110 2 12
7 1 35
217 8 40
17 2 13
27 1 40
96 8 69
117 2 112
228 2 34
21 1 66
59 8 63
52 8 85
11 8 93
21 2 13
20 8 21
22 8 15
96 1 26
132 8 133
35 8 62
7 8 65
40 1 34
40 1 70
7 8 11
94 8 165
25 1 13
70 1 7
44 1 37
49 8 54
85 2 62
130 2 29
34 2 31
3 1 1
32 1 36
28 1 42
90 1 55
15 2 117
94 2 57
40 8 96
56 2 76
96 2 77
10 4 13
92 2 87
86 1 63
7 1 12
10 8 14
69 8 70
12 12 10
90 2 38
7 14 12
99 2 56
67 8 94
16 8 68
37 8 42
60 1 63
60 1 125
84 1 60
40 1 47
79 1 77
16 8 94
26 8 62
13 12 7
93 1 11
23 8 7
74 1 10
13 2 117
45 2 44
50 1 40
15 1 71
19 1 10
67 8 21
12 8 25
99 1 37
7 2 35
50 8 85
37 8 81
32 8 82
21 8 127
40 1 35
65 1 21
87 1 82
34 8 32
92 6 65
32 8 83
19 2 28
63 1 85
165 8 101
12 2 79
31 8 37
100 13 83
12 5 7
32 1 47
26 8 99
56 2 62
80 1 12
79 2 7
130 2 117
89 2 55
65 1 13
60 1 99
15 2 110
54 2 68
11 1 7
10 2 130
29 8 16
60 1 72
31 2 23
52 1 32
63 2 68
165 1 94
13 2 69
36 8 40
93 1 13
60 8 100
93 1 17
100 13 99
24 2 7
43 2 7
57 8 82
29 8 30
132 2 60
28 1 27
101 1 133
13 8 133
10 7 12
12 8 32
52 2 84
32 8 99
75 1 15
87 2 90
57 1 72
165 2 133
30 8 57
38 2 49
26 8 96
130 8 22
7 8 14
100 1 12
73 2 10
30 1 29
30 8 54
95 8 73
49 2 76
22 1 12
133 1 7
82 1 32
17 8 19
132 2 10
20 2 66
69 2 12
92 8 60
44 2 86
20 1 19
133 1 12
65 1 22
132 1 66
17 8 100
14 8 100
14 1 7
79 1 95
23 2 7
47 2 23
68 2 13
12 2 132
76 2 49
63 1 38
60 8 93
57 8 86
112 2 117
226 1 97
37 1 25
7 2 17
21 1 20
12 2 41
228 8 26
63 2 94
95 1 26
59 1 81
12 7 10
57 1 38
13 2 132
54 8 97
40 1 43
83 2 85
54 8 100
71 2 7
112 2 19
55 2 81
54 1 87
7 2 14
40 1 74
49 1 32
87 1 44
67 1 15
7 8 19
94 2 10
72 2 62
17 1 112
59 2 64
13 8 19
12 8 10
112 2 10
22 8 65
95 1 37
62 1 32
62 2 72
32 1 7
12 1 34
13 11 7
55 2 97
70 2 23
10 2 117
63 1 87
10 8 80
101 1 3
49 2 90
12 1 13
130 2 28
7 2 112
110 8 30
15 1 11
172 2 165
12 11 13
25 2 35
85 1 50
23 8 10
56 8 54
93 1 7
7 8 100
13 11 10
62 1 37
82 2 50
11 8 15
13 12 10
64 1 46
50 1 32
13 1 34
78 2 77
15 1 7
112 2 28
60 8 133
29 1 7
13 2 94
16 2 20
97 2 55
28 8 67
22 1 110
93 1 14
132 1 20
112 2 110
26 1 36
65 1 63
12 2 117
13 4 12
7 8 37
29 1 42
40 8 27
46 2 63
26 1 13
13 2 34
7 14 13
65 2 93
84 2 50
35 2 217
117 8 22
37 1 13
21 1 16
43 2 25
13 2 21
10 8 133
84 2 44
89 1 57
93 1 54
34 2 47
57 1 90
12 2 22
75 2 90
15 1 22
85 1 86
13 4 10
89 2 82
40 1 36
72 8 60
83 1 26
75 2 62
112 8 72
10 2 68
40 8 44
35 2 80
41 1 26
29 2 110
14 2 10
54 2 132
30 2 56
94 2 63
40 8 77
26 8 52
133 1 14
70 1 13
22 8 19
7 4 10
34 2 7
37 8 71
56 1 32
34 8 13
54 1 90
77 8 69
81 1 26
90 1 52
36 8 26
66 8 21
93 1 57
94 1 16
14 1 112
7 2 71
40 8 38
59 8 54
59 8 57
94 8 100
110 8 76
32 8 125
7 11 12
100 1 21
59 2 85
12 7 7
37 8 99
13 5 7
90 2 56
3 1 2
57 1 75
59 1 44
31 8 40
55 1 63
11 1 12
69 2 10
81 2 55
22 8 133
35 2 12
99 1 32
30 1 15
39 8 37
38 2 30
40 1 10
40 8 56
7 5 10
10 2 41
7 8 93
10 8 22
26 8 27
82 1 63
42 2 12
67 2 16
52 8 87
7 1 23
98 2 82
30 1 112
16 1 28
10 8 70
59 1 52
19 1 11
132 1 67
10 7 7
38 8 54
35 2 74
43 2 74
110 2 19
93 2 100
77 2 96
26 8 92
87 2 38
72 1 19
99 8 60
11 1 130
47 2 43
130 8 17
26 1 25
73 8 74
29 1 14
26 8 77
14 1 13
99 6 100
12 2 69
85 2 59
165 2 172
22 1 130
44 8 90
13 2 112
101 1 93
87 1 50
75 1 19
82 8 87
100 1 63
229 2 34
46 1 45
41 2 12
42 8 15
50 8 90
57 8 84
72 1 28
15 2 130
52 2 82
72 8 57
68 2 60
127 2 3
52 1 37
32 8 27
56 1 37
30 2 76
26 1 12
28 8 16
7 2 43
12 8 14
110 8 17
34 8 40
71 8 28
100 1 10
77 8 73
21 2 7
37 1 31
132 2 13
7 2 34
92 1 32
13 8 12
34 8 10
12 5 13
87 8 60
42 8 46
63 1 59
60 1 57
23 2 25
57 1 59
13 8 17
26 8 83
7 2 68
65 2 172
37 8 62
100 8 101
12 2 73
101 1 127
12 2 27
228 1 82
19 2 117
57 2 68
49 2 83
56 8 57
7 7 13
138 1 68
77 2 78
10 2 94
13 8 28
41 2 13
97 8 226
133 1 17
13 8 93
99 8 57
89 1 63
84 2 81
78 1 40
44 2 42
76 1 15
40 1 31
32 8 56
34 2 25
63 8 100
27 1 32
57 1 87
81 8 226
22 2 12
82 1 60
28 8 20
7 4 13
10 2 42
93 13 125
12 11 10
15 1 27
17 8 93
117 8 75
7 7 10
100 1 13
10 12 12
76 8 60
12 8 15
7 8 32
100 1 17
20 8 68
87 2 76
12 2 71
17 2 7
96 8 24
26 1 7
17 8 29
50 2 84
65 1 10
11 2 13
80 1 79
13 2 43
10 2 110
132 2 12
13 8 14
71 1 26
44 8 46
65 1 54
63 2 46
24 2 12
23 2 36
117 8 11
217 1 52
49 2 99
25 2 43
83 8 57
125 8 63
58 8 90
12 4 7
26 8 71
13 1 23
84 2 97
21 2 12
32 1 23
34 2 228
37 8 89
71 2 12
7 2 41
22 1 13
13 2 110
12 8 40
7 11 13
59 1 86
62 2 92
13 8 37
43 2 31
1 2 2
22 1 7
10 4 7
38 2 90
13 1 10
26 8 58
101 1 65
37 1 47
12 1 23
98 8 228
23 8 40
38 2 62
27 2 13
69 1 77
31 8 32
14 2 13
12 14 7
11 1 10
68 2 63
133 1 11
25 2 23
65 13 92
7 2 130
66 1 28
100 13 92
138 2 65
89 8 59
27 8 19
56 8 63
23 2 12
85 1 89
13 2 22
84 1 63
49 2 75
41 2 7
38 2 85
25 1 12
7 2 79
74 2 35
40 8 83
10 11 7
117 2 10
90 2 75
24 1 78
52 1 26
85 8 63
27 2 12
54 8 82
84 2 52
21 8 65
2 8 3
130 2 7
10 2 34
25 1 24
217 2 35
54 8 58
97 2 84
20 8 94
10 2 43
63 1 49
125 1 32
226 1 81
133 1 60
39 2 23
11 1 13
49 2 30
82 8 85
86 8 85
74 2 43
47 8 32
39 8 32
13 2 130
37 8 41
11 2 10
52 8 90
67 1 19
95 2 96
57 1 92
60 8 84
13 7 7
41 2 10
79 1 78
25 1 7
112 8 30
132 2 57
46 1 44
172 1 12
13 8 80
7 2 94
12 8 13
100 1 57
70 2 43
29 1 11
11 8 19
35 2 31
86 8 59
13 2 23
112 2 15
97 1 37
94 1 20
60 1 56
60 8 82
32 8 52
24 2 13
19 1 14
81 2 84
74 1 12
165 1 12
62 2 76
22 2 10
66 1 29
21 1 67
37 1 70
66 8 68
56 2 30
22 1 112
38 2 92
32 2 35
32 1 13
80 2 35
56 1 26
15 1 12
76 2 90
35 2 43
12 4 13
229 1 81
12 2 42
29 8 76
7 2 23
31 2 34
7 2 69
75 1 29
38 2 87
100 1 14
59 2 87
72 1 130
57 8 98
55 8 90
56 2 72
66 8 94
1 8 3
40 8 62
83 2 49
13 2 11
73 2 12
56 1 40
86 1 57
62 2 38
83 2 56
12 8 26
28 2 110
64 2 59
15 8 20
86 2 58
217 1 89
12 2 68
65 1 7
25 8 37
56 2 75
70 8 37
30 2 85
7 7 12
43 2 10
14 1 117
117 8 17
12 8 29
42 1 29
56 2 83
12 8 7
43 8 40
50 2 82
94 1 67
67 1 29
47 2 39
7 2 22
37 8 50
72 1 15
10 14 7
7 8 17
98 8 59
94 2 7
20 1 28
117 2 19
83 8 54
60 1 64
80 8 32
83 1 32
16 8 21
100 1 54
74 1 13
94 2 12
72 1 112
23 2 80
19 1 12
30 1 110
13 12 12
7 5 13
37 1 7
35 2 13
92 2 62
37 8 92
12 2 11
29 8 72
10 1 13
68 2 57
125 1 37
66 2 67
77 2 95
130 8 14
13 8 11
23 2 34
30 2 49
99 6 93
96 1 37
12 2 94
12 8 70
84 8 87
12 4 10
54 1 30
10 5 12
57 8 55
12 2 34
32 8 49
112 8 22
110 8 22
10 2 24
90 1 50
56 8 60
12 8 74
14 8 93
65 1 11
90 2 87
13 2 27
21 2 10
60 8 86
57 8 60
7 2 110
79 1 96
86 1 60
42 1 37
37 8 38
72 1 29
38 1 32
32 1 10
12 2 110
35 2 70
76 8 57
133 2 100
21 2 63
110 2 15
59 1 98
228 1 50
226 8 40
12 11 7
71 2 10
13 8 138
10 8 28
73 1 96
10 2 23
43 8 26
86 2 44
29 1 27
76 2 30
49 2 38
10 14 12
21 2 60
16 1 19
85 8 60
13 2 73
37 1 23
17 8 133
42 2 7
28 1 41
32 8 92
34 2 226
90 2 49
49 2 56
74 8 32
165 1 57
32 1 80
58 2 86
38 2 72
93 13 99
63 1 90
78 2 95
93 1 132
125 1 26
38 8 57
58 1 63
62 1 40
7 8 26
76 1 29
32 1 43
63 8 138
24 8 25
132 8 172
32 8 71
35 2 26
11 8 28
54 8 133
13 8 70
13 1 12
45 8 46
43 8 7
58 8 87
35 8 7
133 8 101
85 2 38
90 1 81
26 8 50
94 8 65
27 8 15
70 1 12
10 5 7
74 8 37
86 8 90
98 2 86
12 8 172
47 2 35
54 2 94
47 2 34
133 1 54
13 7 10
92 1 26
37 8 78
26 1 228
19 1 13
13 14 7
66 8 132
55 2 52
67 2 66
28 1 13
27 8 28
50 2 55
93 1 10
69 2 7
24 1 77
23 2 31
10 2 69
79 2 13
76 2 87
67 8 68
23 2 13
63 8 60
100 1 60
26 1 74
62 2 64
38 8 60
130 8 72
63 1 83
43 2 12
94 1 66
96 8 79
60 8 172
133 2 65
23 8 32
54 1 83
78 1 37
60 8 55
87 1 58
68 1 16
28 2 19
10 8 11
65 2 138
40 8 95
17 1 10
13 2 24
10 1 43
229 1 58
34 2 10
64 1 63
36 8 37
32 8 41
130 2 10
19 1 71
10 2 11
10 1 12
13 4 7
35 2 10
63 8 82
28 8 66
44 2 84
87 2 72
72 2 56
75 1 110
78 1 32
10 2 14
74 8 26
28 8 72
7 8 15
70 2 35
7 5 12
28 1 11
89 8 85
63 1 75
26 8 56
65 1 14
110 2 28
99 2 90
78 8 69
13 5 12
60 1 87
41 1 32
14 1 110
15 1 14
80 2 43
40 8 99
60 1 76
69 2 13
138 2 127
49 1 40
26 1 80
95 8 79
36 2 31
92 8 54
29 1 22
39 2 34
65 8 101
86 1 37
57 2 94
16 2 67
34 2 74
76 2 56
37 8 77
40 1 23
43 8 13
52 1 40
96 2 95
10 8 25
133 1 10
110 8 11
117 2 130
78 8 73
90 2 59
12 14 13
47 8 40
19 8 20
34 8 37
35 2 7
29 2 117
117 8 72
117 2 29
41 1 37
81 2 82
81 8 87
127 1 12
90 1 84
19 1 41
36 2 34
13 8 32
112 8 11
49 1 37
32 8 44
13 2 68
37 8 125
68 8 93
26 8 95
41 8 29
26 8 125
101 1 172
40 8 52
49 8 60
130 2 19
58 2 84
39 2 35
54 8 127
31 8 26
13 1 7
62 2 59
26 1 43
34 2 13
7 1 43
37 1 74
19 8 66
13 7 12
54 8 84
87 1 81
110 2 10
57 1 49
42 2 44
62 2 85
7 1 13
10 1 23
55 1 60
63 8 64
74 8 40
112 8 75
7 8 28
57 1 83
13 8 40
7 8 13
37 8 49
73 1 77
100 1 7
28 2 130
77 1 26
12 2 43
32 8 78
32 1 25
7 14 10
110 8 75
76 1 19
12 8 165
56 2 99
16 1 29
14 1 130
172 8 101
35 2 25
12 12 7
12 1 43
38 8 63
43 8 32
54 1 59
7 8 29
42 8 19
28 1 12
31 2 43
100 2 93
7 2 24
63 8 58
132 2 7
20 8 132
78 1 26
125 6 65
69 1 96
27 2 7
35 8 12
57 1 99
76 8 63
54 2 21
11 8 100
98 1 57
20 1 15
36 2 35
60 1 85
26 1 70
229 8 32
133 1 132
40 1 12
87 2 92
60 1 30
55 2 44
15 1 17
43 8 37
35 8 32
19 1 22
19 1 42
59 8 60
92 1 37
17 1 117
12 8 133
20 2 16
12 8 127
93 1 12
63 1 62
12 12 13
73 2 7
34 8 12
23 8 13
29 2 130
40 8 98
57 1 56
7 2 27
117 8 14
93 1 60
79 8 80
99 1 40
82 2 89
40 1 217
226 2 34
15 1 41
80 8 37
71 1 37
32 1 34
58 1 26
87 2 99
13 1 43
63 8 89
17 1 130
10 2 21
75 2 72
59 2 125
94 2 54
19 8 16
10 1 7
12 7 13
83 6 100
127 2 138
55 8 87
14 8 15
67 8 132
130 2 15
14 8 29
32 1 31
27 8 29
11 8 133
32 8 77
59 1 50
226 1 84
35 2 34
63 1 56
10 2 73
34 2 23
32 1 35
10 8 19
77 1 37
40 1 226
28 1 7
84 2 58
54 8 93
84 8 226
60 2 21
100 1 11
80 2 23
96 1 40
7 8 80
71 8 15
25 8 32
42 1 40
43 2 36
80 1 10
63 8 86
63 8 65
13 8 100
64 8 60
10 2 79
13 2 35
32 8 38
26 1 35
228 1 98
57 2 63
13 8 26
3 2 127
32 1 74
41 8 28
7 2 21
11 8 29
7 2 132
43 2 39
87 8 54
85 2 56
28 2 117
133 13 99
40 1 80
66 2 20
86 2 50
26 2 35
90 8 60
87 8 63
58 1 54
7 8 12
74 1 73
34 8 7
29 1 71
77 8 24
172 2 65
23 2 70
7 2 73
80 1 7
7 8 25
46 1 42
12 8 17
35 8 13
60 1 59
32 1 70
17 1 12
125 6 93
26 1 31
26 1 47
99 2 49
74 1 7
12 1 35
11 2 7
65 1 94
70 8 40
101 1 165
82 1 57
31 2 36
7 2 117
10 2 35
75 1 28
62 8 60
35 2 32
36 2 23
43 2 35
7 2 42
95 1 32
39 2 43
26 8 81
35 2 47
125 8 60
133 1 13
40 8 78
117 2 15
10 8 17
59 2 90
38 1 26
117 2 13
86 8 229
17 8 28
117 2 7
42 8 28
125 8 54
99 6 133
44 8 59
110 2 13
30 8 63
54 8 55
81 1 32
7 12 12
100 2 133
90 8 54
74 2 34
19 1 7
19 2 112
21 8 100
30 8 60
63 1 76
23 2 47
13 8 7
63 1 125
60 2 68
12 2 24
26 8 49
14 1 12
95 2 78
56 2 90
56 2 85
29 8 67
90 2 76
76 1 110
10 8 15
68 1 67
69 1 78
81 2 86
70 2 34
72 2 75
37 8 56
10 11 12
13 14 10
112 8 17
92 8 57
39 2 47
84 1 32
67 1 28
71 1 40
97 8 90
133 1 68
52 8 217
92 2 38
34 2 229
132 2 54
68 2 12
62 2 75
110 2 29
23 8 26
49 8 63
12 1 7
37 8 52
36 2 43
25 2 34
10 12 13
38 1 37
44 8 87
17 2 12
13 1 35
28 1 22
72 1 117
62 2 56
99 2 87
55 2 50
32 8 50
54 1 56
58 8 229
10 8 12
10 14 13
60 1 75
82 2 98
69 1 95
37 8 96
7 8 74
97 1 54
12 2 21
26 1 10
12 8 28
172 1 60
85 1 82
60 1 38
138 1 63
10 8 26
32 8 81
17 1 7
10 2 132
75 1 112
90 2 99
12 1 10
85 1 52
70 1 10
14 1 10
80 1 13
42 2 10
57 1 76
21 2 54
26 8 38
75 2 49
27 1 26
10 4 12
71 8 19
13 8 25
112 8 14
10 12 7
29 1 17
44 2 45
75 8 63
24 2 10
10 11 13
133 2 165
130 2 110
29 8 42
32 8 42
28 8 75
65 13 125
59 2 62
13 2 14
22 2 13
15 1 13
10 8 29
39 8 26
12 2 112
44 2 55
37 1 39
96 1 32
81 8 229
66 1 19
13 8 74
14 8 28
82 2 52
7 2 11
94 2 13
37 8 97
133 1 22
2 2 1
52 2 55
15 8 30
23 2 39
14 2 12
12 14 10
101 1 100
93 1 68
75 8 60
15 1 42
62 8 54
112 2 13
26 1 39
63 2 57
12 2 14
229 1 86
7 1 34
12 8 93
89 8 217
64 2 62
81 8 90
55 1 54
81 1 40
84 8 90
60 2 132
83 1 40
57 8 165
82 1 54
43 2 70
22 8 28
10 1 35
57 1 30
16 1 15
14 2 7
57 8 89
23 2 10
57 8 100
12 8 80
47 8 26
10 8 7
11 1 117
59 1 55
55 1 57
77 8 79
82 2 81
10 2 22
28 2 112
32 1 39
59 2 49
70 8 32
35 8 40
76 2 62
37 8 86
49 2 59
101 1 138
30 2 87
28 1 14
10 8 74
54 1 92
12 2 35
15 8 67
12 2 17
40 1 7
28 1 71
7 12 10
110 2 112
54 1 125
11 8 65
22 8 100
15 8 72
13 14 12
28 8 30
26 8 41
7 11 10
50 1 37
10 2 71
28 1 10
16 8 132
89 1 37
30 1 28
13 2 79
87 2 85
10 8 93
36 8 32
59 1 89
85 2 83
63 2 49
40 8 45
7 4 12
10 1 34
80 8 40
130 2 12
87 1 55
22 1 117
19 1 27
93 2 65
49 2 63
43 2 80
40 1 39
90 8 57
37 1 36
72 2 90
84 1 57
? 1 github_cpp_program_data/20/26.cpp

152 1 13
7 8 10
35 8 10
41 2 10
79 1 78
25 1 7
44 2 45
96 8 73
46 1 44
35 8 26
15 8 16
34 2 7
12 8 13
54 1 49
78 1 36
69 8 25
57 2 134
72 2 38
6 8 101
35 2 31
29 1 10
31 8 96
25 8 40
149 1 69
26 8 78
10 5 12
29 1 12
12 4 10
54 1 63
24 2 13
19 1 14
74 1 12
10 8 37
13 8 25
62 2 76
146 1 10
152 1 24
75 8 57
42 8 19
41 8 15
29 1 73
149 1 24
37 1 70
73 8 152
32 8 95
110 8 14
103 2 102
149 2 57
71 8 29
60 1 49
32 1 13
56 1 26
146 8 60
60 1 30
149 8 63
26 1 23
43 8 10
7 8 40
25 1 73
40 1 31
7 2 23
32 8 96
31 2 34
7 2 69
10 2 14
40 8 42
22 2 13
30 2 49
49 1 26
10 2 27
49 2 30
10 8 32
12 12 7
7 8 149
54 1 26
31 2 23
64 8 63
134 1 24
54 1 116
1 8 3
17 1 13
38 2 75
149 1 7
21 2 249
49 8 57
57 8 60
146 2 63
73 2 12
95 8 73
25 1 10
80 1 69
6 1 5
12 8 26
32 8 62
12 2 109
35 8 13
73 1 95
22 2 12
37 8 60
40 8 41
39 8 77
134 2 54
26 8 57
13 2 42
21 2 54
25 8 37
56 2 75
70 8 37
5 2 4
34 2 12
70 1 69
40 1 25
54 1 149
152 8 60
95 8 24
37 1 10
10 8 13
69 8 74
12 8 7
37 1 43
63 1 64
43 8 40
73 1 78
3 2 6
37 8 50
57 1 62
72 1 15
134 2 57
60 2 146
54 1 152
7 8 17
50 2 71
78 8 79
29 1 41
77 1 36
32 8 27
95 8 69
62 8 57
19 1 17
80 8 32
10 8 26
74 1 13
75 2 38
79 8 10
146 1 24
96 1 36
63 1 134
62 1 26
79 2 12
20 8 21
31 2 35
13 8 29
32 1 57
134 8 101
37 1 7
79 8 134
63 2 134
77 1 32
70 1 24
13 2 71
12 2 11
101 1 60
149 2 54
34 2 36
42 2 13
10 1 13
134 1 12
60 2 134
60 1 62
57 8 63
13 8 10
96 1 37
25 1 79
12 8 70
76 8 57
54 1 32
24 8 152
12 2 34
24 8 74
15 1 10
32 8 49
57 1 134
63 8 54
63 1 30
19 8 75
22 1 10
12 8 15
70 1 73
12 8 74
32 1 12
13 2 27
7 8 22
10 8 134
54 2 134
42 1 32
40 1 70
250 1 54
109 8 14
250 1 249
45 1 26
54 8 26
13 8 15
80 8 26
79 1 96
12 8 19
42 1 37
101 1 57
37 8 38
74 8 26
72 1 29
38 1 32
32 1 10
37 8 27
73 1 96
39 8 95
101 1 134
38 1 40
146 8 63
54 1 37
134 1 13
36 8 95
10 2 17
71 2 10
69 2 10
10 2 23
70 8 26
43 8 26
7 8 70
29 1 27
49 2 38
7 8 32
38 8 60
39 2 34
13 2 73
13 8 37
37 1 23
34 2 31
7 5 12
42 2 7
37 2 40
43 8 12
23 8 37
79 8 25
73 2 13
3 8 101
14 8 19
146 2 57
39 8 40
37 2 32
95 1 40
32 1 80
56 8 60
10 2 24
96 1 31
38 2 72
13 2 24
17 2 10
104 2 6
12 8 11
40 8 56
63 1 146
146 1 73
38 8 57
7 8 26
11 2 13
71 1 32
32 1 43
16 8 21
24 8 25
57 1 54
32 8 71
11 8 28
30 2 38
13 8 70
13 1 12
45 8 46
43 8 7
25 8 26
46 8 64
13 5 12
19 8 72
28 1 7
14 2 12
40 8 71
56 2 49
27 8 15
12 8 22
27 8 29
79 8 149
77 1 47
54 1 40
62 8 63
60 2 149
34 2 39
75 2 56
7 11 10
13 8 19
60 1 152
114 1 50
11 2 12
149 2 63
102 8 104
37 8 78
63 1 152
19 1 13
79 2 10
146 1 69
40 1 13
79 8 146
27 2 44
27 2 12
28 8 76
77 1 40
54 8 250
134 2 63
69 2 7
24 1 77
23 2 31
43 2 13
10 2 69
44 2 27
7 1 12
79 2 13
15 1 12
72 8 63
32 2 37
23 2 13
26 1 34
63 8 60
10 8 17
26 1 60
134 1 69
26 1 74
23 8 12
63 1 57
72 2 49
69 8 70
112 2 7
54 2 152
28 1 17
35 2 10
26 8 45
12 8 37
54 1 146
96 8 79
102 2 103
74 1 69
134 2 30
134 1 7
134 1 79
78 1 37
134 1 10
42 1 40
10 8 11
39 8 96
17 1 10
78 8 24
110 2 12
26 1 7
7 1 35
17 2 13
27 1 40
64 1 63
96 8 69
104 8 101
57 8 54
36 8 37
146 2 60
32 8 41
54 1 38
19 1 71
10 2 11
10 1 12
54 2 146
37 1 34
44 1 40
96 1 26
43 2 10
41 8 19
111 8 17
40 1 34
78 1 32
7 8 11
12 8 152
40 1 80
25 1 13
73 8 134
43 2 47
49 8 54
19 8 76
26 8 56
12 2 23
24 8 146
32 1 36
149 1 79
28 1 42
43 2 25
47 8 77
78 8 69
146 2 116
40 8 96
56 2 76
96 2 77
152 2 54
54 2 149
60 8 63
41 1 32
14 1 110
15 1 14
80 2 43
79 8 74
41 1 40
10 8 14
60 1 76
80 1 73
54 1 60
47 8 78
49 1 40
26 1 80
95 8 79
40 1 63
4 2 5
249 2 21
29 1 22
70 1 7
37 8 42
60 1 63
37 8 41
30 2 62
38 8 54
40 8 62
80 1 24
76 2 56
35 2 74
37 8 77
40 1 23
23 8 7
74 1 10
45 2 44
149 1 10
19 1 10
116 2 146
12 8 25
152 2 63
7 2 35
152 8 63
26 8 96
40 1 35
32 2 26
57 2 149
113 1 40
13 2 23
47 8 40
19 8 20
34 8 37
35 2 7
134 2 60
12 2 79
41 1 37
62 2 72
32 1 47
49 2 56
26 8 54
80 1 12
95 2 78
79 2 7
19 1 41
40 2 26
77 1 31
13 8 32
74 8 32
49 1 37
10 1 43
24 8 149
36 8 78
11 1 7
26 1 13
41 8 29
47 8 96
49 8 60
12 2 35
13 2 41
249 8 250
152 2 60
95 1 31
14 1 109
3 1 2
13 2 69
114 8 116
26 1 70
34 2 13
47 2 34
7 1 43
10 8 25
6 2 3
63 1 32
24 2 7
37 1 12
57 1 49
29 8 30
12 8 149
28 1 27
7 1 13
57 2 146
10 1 23
63 8 64
74 8 40
10 8 149
30 2 104
54 1 72
3 1 1
75 1 15
7 8 28
57 1 72
64 2 146
13 8 40
13 2 11
12 1 10
73 1 77
109 2 12
78 8 73
77 1 26
63 2 152
71 1 19
12 2 43
32 8 78
7 8 14
73 2 10
30 1 29
49 2 76
76 1 19
27 2 10
22 1 12
25 1 24
17 8 19
78 2 95
63 1 149
69 2 12
12 1 43
38 8 63
43 8 32
62 2 38
95 1 36
23 2 10
20 1 19
26 8 77
28 1 12
31 2 43
63 2 149
114 1 71
7 2 24
104 1 102
14 1 7
79 1 95
79 8 70
23 2 7
116 1 114
76 2 49
63 1 38
78 1 26
63 1 60
37 1 25
7 2 17
21 1 20
12 2 41
114 2 54
29 8 72
54 2 21
12 2 69
71 8 114
57 1 38
40 1 43
12 1 23
37 8 54
40 1 12
79 1 77
40 1 74
49 1 32
104 1 103
32 8 63
34 2 70
62 1 40
43 8 37
35 8 32
72 2 62
19 1 42
17 1 112
31 8 37
73 8 29
31 8 77
12 8 10
27 2 13
27 8 28
36 8 40
69 1 77
10 1 79
152 8 54
95 1 37
63 1 62
77 8 79
12 12 13
32 1 7
73 2 7
23 8 13
60 1 40
69 8 134
56 2 62
57 1 56
79 8 80
60 8 54
7 1 34
15 1 41
10 8 80
149 2 60
80 8 37
71 1 37
37 8 95
32 1 34
101 1 3
54 8 37
12 1 13
10 2 42
134 8 54
32 1 25
15 1 11
69 8 146
12 11 13
1 2 2
36 2 34
23 8 10
56 8 54
35 8 12
29 8 76
62 1 37
10 1 7
64 1 46
75 8 54
101 1 104
116 8 54
111 2 7
60 1 149
56 1 40
57 1 152
35 8 7
14 8 15
16 2 20
80 1 10
32 1 31
5 8 6
32 1 74
32 8 77
62 2 30
26 1 250
149 1 73
10 2 73
7 2 42
13 11 7
32 1 70
37 1 54
13 8 152
152 1 69
24 8 80
10 8 19
7 8 37
28 1 11
46 2 63
7 8 146
26 8 95
13 2 34
146 2 64
146 2 49
96 1 40
37 1 13
7 8 80
21 1 16
54 1 134
25 8 32
96 1 47
60 1 56
43 2 36
15 8 75
40 8 113
69 8 80
10 2 79
12 8 29
10 2 34
13 2 35
32 8 38
114 1 113
152 1 79
26 1 35
32 8 54
13 8 26
12 12 10
250 8 26
46 1 27
70 1 12
6 2 104
40 8 44
41 1 26
113 2 50
13 8 80
134 8 60
74 1 73
13 2 22
10 8 28
30 2 56
101 1 6
149 1 12
40 8 77
63 1 56
152 1 73
25 2 43
70 1 13
29 1 71
73 8 80
77 8 24
30 8 63
37 8 71
56 1 32
6 1 4
34 8 13
77 8 69
26 2 40
36 8 26
7 2 73
80 1 7
7 8 25
12 8 17
152 1 7
37 1 80
40 8 54
31 8 26
17 1 12
26 1 36
7 2 79
113 8 114
26 1 31
26 1 47
74 1 7
12 1 35
134 1 73
70 8 40
54 8 116
57 1 75
13 4 12
31 8 40
11 1 12
10 2 35
75 1 28
62 8 60
60 8 57
24 8 70
77 1 37
57 1 60
35 2 12
30 1 15
39 8 37
38 2 30
22 8 29
25 1 69
12 8 134
95 1 32
10 2 41
39 2 43
7 2 111
17 1 7
10 8 22
13 8 134
14 2 13
49 2 146
26 8 27
12 2 17
149 8 54
69 1 78
42 2 12
146 1 12
34 8 26
60 8 101
7 1 23
63 2 146
40 8 38
17 8 28
152 8 57
36 8 96
31 8 95
73 8 149
42 8 28
36 2 43
146 1 79
12 2 110
40 1 47
29 1 13
54 2 114
27 1 29
34 8 32
77 2 96
74 2 34
12 2 22
30 8 60
72 1 19
75 2 152
43 2 7
56 2 30
19 8 71
146 1 13
13 8 7
26 1 25
73 8 74
70 1 79
12 2 24
26 8 49
47 8 32
47 8 37
95 1 26
13 1 35
13 1 34
34 2 10
10 8 15
62 1 32
34 2 47
20 2 16
75 1 19
37 8 56
104 2 30
11 8 15
10 11 12
12 8 146
46 1 45
112 8 17
49 2 72
41 2 12
42 8 15
22 2 10
71 1 40
146 2 54
13 2 14
72 8 57
40 8 78
57 8 32
43 2 12
56 1 37
23 8 26
49 8 63
12 1 7
26 1 12
103 8 104
116 1 54
25 2 34
7 2 43
57 1 40
38 1 37
149 8 60
39 8 78
7 2 112
12 8 14
63 1 37
34 8 40
71 8 28
62 2 56
54 1 57
10 8 152
70 2 34
77 8 73
10 2 71
10 8 12
37 1 31
7 2 34
134 8 63
146 8 101
13 8 12
95 1 47
37 8 96
7 8 74
22 1 7
74 1 24
26 1 10
12 8 28
60 1 57
26 2 32
21 8 250
60 1 38
13 8 17
28 1 13
14 2 10
36 8 77
47 2 43
12 2 73
40 8 57
152 2 57
7 8 134
12 2 27
57 8 101
146 1 7
12 8 32
56 8 57
57 1 26
19 1 12
77 2 78
57 1 76
24 1 95
26 8 38
41 2 13
12 2 71
152 1 12
75 2 49
27 1 26
71 8 19
13 8 149
101 1 146
13 8 146
30 8 101
78 1 40
12 2 42
40 8 60
32 8 56
34 2 25
27 1 32
34 8 10
73 8 70
60 2 152
57 2 152
24 2 10
60 1 134
69 2 13
54 8 60
7 4 13
60 1 146
32 8 42
28 8 75
146 8 54
15 1 27
54 8 57
15 1 13
10 8 29
39 8 26
40 1 36
96 1 32
57 1 63
76 8 60
13 8 74
17 2 7
73 8 25
96 8 24
2 2 1
72 8 54
76 1 29
15 8 30
80 1 79
13 2 43
37 8 49
71 1 26
44 8 46
27 1 37
63 2 46
38 2 49
74 2 23
24 2 12
60 1 54
47 8 95
35 2 13
15 1 42
40 8 95
74 1 79
60 1 37
71 2 50
12 2 14
250 1 21
10 8 70
26 8 71
13 1 23
101 1 30
14 1 12
95 1 39
7 8 152
71 2 13
30 2 134
60 8 26
43 2 31
71 2 12
26 1 39
78 1 39
12 8 40
26 1 43
79 8 152
10 1 35
29 8 27
50 8 114
16 1 15
43 2 39
10 4 7
134 8 57
69 8 10
80 1 13
13 1 10
76 1 28
37 1 47
69 1 96
12 8 80
47 8 26
54 1 62
23 8 40
38 2 62
77 1 39
54 1 75
31 8 32
149 1 13
10 1 69
10 2 22
37 8 62
11 1 10
32 1 39
54 8 63
13 2 17
26 8 62
70 8 32
35 8 40
76 2 62
40 8 27
56 8 63
40 2 37
23 2 12
24 1 96
34 8 7
49 2 75
10 8 74
63 8 40
10 8 146
25 1 12
78 2 77
74 2 35
69 8 149
152 2 75
37 1 39
40 1 7
28 1 71
69 8 152
40 8 49
23 2 74
4 8 6
17 2 12
50 2 113
69 1 95
11 2 10
17 1 111
15 8 72
28 8 30
26 8 41
40 1 39
50 1 37
27 8 46
54 1 56
28 1 10
2 8 3
24 1 78
70 1 10
30 1 28
13 2 79
63 1 54
37 8 63
14 1 10
36 8 32
26 1 54
78 1 47
10 2 43
63 1 49
32 1 35
62 8 54
10 1 34
80 8 40
38 1 26
42 2 10
7 8 12
34 2 74
152 1 10
43 2 80
39 8 32
96 1 39
13 8 28
73 8 146
37 1 36
63 8 57
63 1 72
24 8 134
? 1 github_cpp_program_data/20/282.cpp

