26 1 14
6 1 2
6 1 15
6 1 5
2 2 2
15 2 2
5 2 15
14 1 6
? 1 github_java_program_data/9/java/1906.java

26 1 14
6 1 2
6 1 15
6 1 5
2 2 2
15 2 2
5 2 15
14 1 6
? 1 github_java_program_data/9/java/1907.java

9 2 38
14 2 14
16 1 6
6 1 15
21 2 9
25 1 3
38 1 16
19 1 24
8 1 2
8 1 2
21 1 16
6 2 6
21 1 20
9 2 9
15 2 5
14 1 6
4 1 30
25 2 25
6 1 13
9 2 14
6 1 19
38 2 21
30 2 30
25 1 42
2 2 12
19 1 14
8 1 19
2 4 2
19 1 25
26 1 53
3 2 2
42 2 42
15 2 15
13 1 12
53 2 53
19 1 38
16 2 20
13 1 2
14 2 9
9 1 8
4 2 19
42 2 2
2 5 2
30 1 8
53 2 8
53 1 2
11 1 6
2 1 7
2 2 15
25 1 4
7 1 6
19 1 9
2 2 7
6 1 5
2 2 19
38 2 38
16 2 19
12 1 11
8 1 10
10 1 6
21 2 21
26 1 8
19 1 6
2 1 15
8 1 42
5 2 15
2 2 10
2 2 4
6 1 2
2 1 2
11 2 11
19 1 21
38 1 19
8 1 3
15 2 2
42 2 3
3 1 2
25 1 2
20 1 19
25 1 19
? 1 github_java_program_data/9/java/1912.java

26 1 14
6 1 2
6 1 15
6 1 5
2 2 2
15 2 2
5 2 15
14 1 6
? 1 github_java_program_data/9/java/1929.java

26 1 14
6 1 2
6 1 15
6 1 5
2 2 2
15 2 2
5 2 15
14 1 6
? 1 github_java_program_data/9/java/1936.java

26 1 14
6 1 2
6 1 15
6 1 5
2 2 2
15 2 2
5 2 15
14 1 6
? 1 github_java_program_data/9/java/1937.java

26 1 14
6 1 2
6 1 15
6 1 5
2 2 2
15 2 2
5 2 15
14 1 6
? 1 github_java_program_data/9/java/1966.java

26 1 14
6 1 2
6 1 15
6 1 5
2 2 2
15 2 2
5 2 15
14 1 6
? 1 github_java_program_data/9/java/1967.java

26 1 14
6 1 2
6 1 15
6 1 5
2 2 2
15 2 2
5 2 15
14 1 6
? 1 github_java_program_data/9/java/1989.java

26 1 14
6 1 2
6 1 15
6 1 5
2 2 2
15 2 2
5 2 15
14 1 6
? 1 github_java_program_data/9/java/1996.java

9 2 38
2 4 2
16 1 6
6 1 15
25 1 3
38 1 16
19 1 24
8 1 2
8 1 2
21 1 16
21 1 20
23 1 19
14 2 14
21 1 23
42 2 42
14 1 6
4 1 30
25 2 25
9 2 14
2 5 2
30 2 30
21 1 28
25 1 42
2 2 12
19 1 14
8 1 19
19 1 25
15 2 5
26 1 10
15 2 15
10 1 6
19 1 38
28 2 23
16 2 20
13 1 2
9 1 8
4 2 19
42 2 2
3 2 2
30 1 8
6 1 13
11 1 6
2 1 7
2 2 15
25 1 4
7 1 6
10 1 2
19 1 9
2 2 7
6 1 5
2 2 19
9 2 9
16 2 19
12 1 11
8 1 10
13 1 12
10 2 8
26 1 8
20 2 28
2 1 15
8 1 42
2 2 10
2 2 4
6 1 2
2 1 2
11 2 11
19 1 21
38 1 19
8 1 3
15 2 2
42 2 3
28 1 21
3 1 2
25 1 2
20 1 19
25 1 19
? 1 github_java_program_data/9/java/2004.java

2 4 2
16 1 6
6 1 15
8 1 2
25 1 3
15 2 15
19 1 24
8 1 2
19 1 14
21 1 16
22 1 18
14 2 14
21 1 20
42 2 42
17 1 6
14 1 6
10 2 16
4 1 30
25 2 25
18 1 17
10 1 8
9 2 14
18 1 10
30 2 30
25 1 42
2 2 12
14 2 24
24 1 6
8 1 19
19 1 25
15 2 5
26 1 10
22 2 14
13 1 12
22 1 19
19 1 22
13 1 2
14 2 9
9 1 8
4 2 19
42 2 2
3 2 2
30 1 8
16 2 17
6 1 13
11 1 6
2 1 7
2 2 15
25 1 4
7 1 6
10 1 2
19 1 9
2 2 7
6 1 5
2 2 19
9 2 9
12 1 11
8 1 10
10 1 6
2 5 2
26 1 8
18 2 19
8 1 42
2 2 10
2 2 4
6 1 2
2 1 2
18 1 16
11 2 11
19 1 21
8 1 3
15 2 2
42 2 3
16 2 20
3 1 2
25 1 2
20 1 19
25 1 19
? 1 github_java_program_data/9/java/2006.java

26 1 14
6 1 2
6 1 15
6 1 5
2 2 2
15 2 2
5 2 15
14 1 6
? 1 github_java_program_data/9/java/2019.java

26 1 14
6 1 2
6 1 15
6 1 5
2 2 2
15 2 2
5 2 15
14 1 6
? 1 github_java_program_data/9/java/2026.java

2 4 2
16 1 6
6 1 15
8 1 2
26 1 2
21 2 9
19 1 38
38 1 16
19 1 24
8 1 2
26 1 19
24 1 6
21 1 16
14 2 14
19 1 27
14 2 27
38 2 21
9 2 9
4 1 30
14 1 6
21 2 14
25 1 19
21 2 21
30 2 30
21 1 28
25 1 42
2 2 12
19 1 14
8 1 19
19 1 26
19 1 25
15 2 5
26 1 10
42 2 42
15 2 15
10 1 6
25 1 3
38 2 38
2 2 15
13 1 2
9 1 8
4 2 19
3 2 2
30 1 8
21 2 24
6 1 13
11 1 6
2 1 7
42 2 2
25 1 4
16 2 20
7 1 6
10 1 2
19 1 9
2 2 7
6 1 5
2 2 19
26 1 4
16 2 19
12 1 11
26 1 42
13 1 12
2 5 2
26 1 8
20 2 28
8 1 10
8 1 42
5 2 15
2 2 10
9 2 14
2 2 4
6 1 2
2 1 2
38 2 24
11 2 11
19 1 21
38 1 19
8 1 3
15 2 2
42 2 3
28 1 21
3 1 2
25 1 2
20 1 19
21 1 20
? 1 github_java_program_data/9/java/2045.java

26 1 14
6 1 2
6 1 15
6 1 5
2 2 2
15 2 2
5 2 15
14 1 6
? 1 github_java_program_data/9/java/2049.java

26 1 14
6 1 2
6 1 15
6 1 5
2 2 2
15 2 2
5 2 15
14 1 6
? 1 github_java_program_data/9/java/2057.java

26 1 14
6 1 2
6 1 15
6 1 5
2 2 2
15 2 2
5 2 15
14 1 6
? 1 github_java_program_data/9/java/2079.java

26 1 14
6 1 2
6 1 15
6 1 5
2 2 2
15 2 2
5 2 15
14 1 6
? 1 github_java_program_data/9/java/2087.java

53 2 8
25 1 3
19 1 14
21 1 16
22 2 24
21 1 20
8 1 42
14 1 6
8 1 42
8 2 8
9 2 22
5 2 15
18 1 10
30 2 30
8 1 3
24 1 6
19 1 25
26 1 53
3 2 2
9 2 14
9 2 25
9 1 8
2 2 12
15 2 13
53 1 2
2 2 15
25 1 4
17 1 6
19 1 9
6 1 5
2 2 19
12 1 11
10 1 6
2 2 19
19 1 6
2 1 15
16 2 17
53 2 53
2 2 10
4 2 19
2 1 2
8 1 19
6 1 13
2 2 4
20 1 19
25 1 19
16 1 6
6 1 15
14 2 22
22 1 19
19 1 24
8 1 2
2 4 2
26 1 8
22 1 18
42 2 42
14 2 14
4 1 30
25 2 25
18 1 17
10 1 8
6 1 2
25 1 42
30 1 8
14 2 24
8 1 19
13 1 12
19 1 21
13 1 2
14 2 9
22 2 14
19 1 41
22 2 22
11 1 6
2 1 7
42 2 2
7 1 6
18 1 16
2 2 7
9 2 9
8 1 10
2 5 2
18 2 19
15 2 5
10 2 16
22 2 21
11 2 11
19 1 22
8 1 2
15 2 2
42 2 3
3 1 2
25 1 2
16 2 20
? 1 github_java_program_data/9/java/2101.java

26 1 14
6 1 2
6 1 15
6 1 5
2 2 2
15 2 2
5 2 15
14 1 6
? 1 github_java_program_data/9/java/2116.java

26 1 14
6 1 2
6 1 15
6 1 5
2 2 2
15 2 2
5 2 15
14 1 6
? 1 github_java_program_data/9/java/2117.java

26 1 14
6 1 2
6 1 15
6 1 5
2 2 2
15 2 2
5 2 15
14 1 6
? 1 github_java_program_data/9/java/2146.java

26 1 14
6 1 2
6 1 15
6 1 5
2 2 2
15 2 2
5 2 15
14 1 6
? 1 github_java_program_data/9/java/2147.java

26 1 14
6 1 2
6 1 15
6 1 5
2 2 2
15 2 2
5 2 15
14 1 6
? 1 github_java_program_data/9/java/2176.java

26 1 14
6 1 2
6 1 15
6 1 5
2 2 2
15 2 2
5 2 15
14 1 6
? 1 github_java_program_data/9/java/2177.java

26 1 14
6 1 2
6 1 15
6 1 5
2 2 2
15 2 2
5 2 15
14 1 6
? 1 github_java_program_data/9/java/2206.java

26 1 14
6 1 2
6 1 15
6 1 5
2 2 2
15 2 2
5 2 15
14 1 6
? 1 github_java_program_data/9/java/2207.java

26 1 14
6 1 2
6 1 15
6 1 5
2 2 2
15 2 2
5 2 15
14 1 6
? 1 github_java_program_data/9/java/2236.java

26 1 14
6 1 2
6 1 15
6 1 5
2 2 2
15 2 2
5 2 15
14 1 6
? 1 github_java_program_data/9/java/2237.java

53 2 8
19 1 38
19 1 14
21 1 16
21 1 20
15 2 5
14 1 6
8 1 42
43 1 16
9 2 22
21 2 14
5 2 15
18 1 10
30 2 30
8 1 3
24 1 6
19 1 25
26 1 53
3 2 2
42 2 42
10 1 6
53 2 53
25 1 3
19 2 16
9 1 8
2 2 12
15 2 13
9 2 21
53 1 2
2 2 15
25 1 4
17 1 6
19 1 9
6 1 5
2 2 19
38 2 21
12 1 11
9 2 14
2 1 15
16 2 17
2 2 10
8 1 42
2 1 2
38 1 19
6 1 13
2 2 4
20 1 19
25 1 19
14 2 43
16 1 6
6 1 15
19 1 43
22 1 19
38 1 16
19 1 24
8 1 2
43 1 19
2 4 2
26 1 8
22 1 18
9 2 9
14 2 14
4 1 30
25 2 25
18 1 17
10 1 8
6 1 2
25 1 42
14 2 21
30 1 8
14 2 24
8 1 19
13 1 12
19 1 22
13 1 2
14 2 9
10 2 53
22 2 14
11 1 6
2 1 7
42 2 2
26 1 10
7 1 6
10 1 2
18 1 16
2 2 7
38 2 38
16 2 19
8 1 10
2 5 2
18 2 19
4 2 19
10 2 16
11 2 11
19 1 21
8 1 2
15 2 2
42 2 3
3 1 2
25 1 2
16 2 20
? 1 github_java_program_data/9/java/2260.java

26 1 14
6 1 2
6 1 15
6 1 5
2 2 2
15 2 2
5 2 15
14 1 6
? 1 github_java_program_data/9/java/2266.java

26 1 14
6 1 2
6 1 15
6 1 5
2 2 2
15 2 2
5 2 15
14 1 6
? 1 github_java_program_data/9/java/2289.java

26 1 14
6 1 2
6 1 15
6 1 5
2 2 2
15 2 2
5 2 15
14 1 6
? 1 github_java_program_data/9/java/2296.java

9 2 38
14 2 14
16 1 6
6 1 15
21 2 9
25 1 3
38 1 16
19 1 24
8 1 2
8 1 2
21 1 16
6 2 6
21 1 20
9 2 9
15 2 5
14 1 6
4 1 30
25 2 25
6 1 13
21 2 14
9 2 14
6 1 19
38 2 21
30 2 30
25 1 42
2 2 12
19 1 14
8 1 19
2 4 2
19 1 25
26 1 53
3 2 2
42 2 42
15 2 15
13 1 12
53 2 53
19 1 38
16 2 20
13 1 2
14 2 9
9 1 8
4 2 19
42 2 2
2 5 2
30 1 8
53 2 8
53 1 2
11 1 6
2 1 7
2 2 15
25 1 4
7 1 6
19 1 9
2 2 7
6 1 5
2 2 19
38 2 38
16 2 19
12 1 11
8 1 10
10 1 6
21 2 21
26 1 8
19 1 6
2 1 15
8 1 42
5 2 15
2 2 10
2 2 4
6 1 2
2 1 2
11 2 11
19 1 21
38 1 19
8 1 3
15 2 2
42 2 3
3 1 2
25 1 2
20 1 19
25 1 19
? 1 github_java_program_data/9/java/2301.java

25 1 3
30 1 2
21 1 16
4 2 3
21 1 20
8 1 42
14 1 6
8 1 42
5 2 15
18 1 10
30 2 30
11 1 2
3 1 42
19 1 14
19 1 25
26 1 53
3 2 2
9 2 14
9 2 25
30 1 33
9 1 8
2 2 12
15 2 13
53 1 2
2 2 15
25 1 4
17 1 6
19 1 9
42 2 2
2 2 19
12 1 11
10 1 6
42 2 4
24 1 6
2 1 15
16 2 17
2 2 10
4 2 19
2 1 2
6 1 13
16 2 20
2 2 4
20 1 19
25 1 19
16 1 6
6 1 15
22 1 19
19 1 24
8 1 2
2 4 2
26 1 8
22 1 18
42 2 42
14 2 14
2 1 12
4 1 30
25 2 25
18 1 17
10 1 8
2 2 60
33 1 2
25 1 42
30 1 8
8 1 19
13 1 12
19 1 22
13 1 2
10 2 53
60 1 2
22 2 14
2 2 33
11 1 6
2 1 7
26 1 10
7 1 6
10 1 2
18 1 16
2 2 7
8 1 3
8 1 10
2 5 2
18 2 19
11 1 60
6 1 2
15 2 5
10 2 16
11 2 11
19 1 21
8 1 2
15 2 2
42 2 3
3 1 2
25 1 2
6 1 5
? 1 github_java_program_data/9/java/2308.java

16 1 6
6 1 15
25 1 3
38 1 16
19 1 24
8 1 2
25 2 25
2 4 2
21 1 16
21 1 20
9 2 9
14 2 14
14 1 6
4 1 30
8 1 42
8 2 8
8 1 3
5 2 15
21 2 21
30 2 30
25 1 42
2 2 12
19 1 14
8 1 19
19 1 25
15 2 5
26 1 10
15 2 15
13 1 12
9 2 25
19 1 38
16 2 20
13 1 2
9 1 8
4 2 19
42 2 2
3 2 2
30 1 8
6 1 13
11 1 6
2 1 7
2 2 15
25 1 4
7 1 6
10 1 2
19 1 9
2 2 7
6 1 5
2 2 19
16 2 19
12 1 11
8 1 10
10 1 6
2 5 2
26 1 8
2 1 15
8 1 42
2 2 10
21 2 14
9 2 14
2 2 4
6 1 2
2 1 2
11 2 11
19 1 21
38 1 19
8 1 2
15 2 2
42 2 3
3 1 2
25 1 2
20 1 19
25 1 19
? 1 github_java_program_data/9/java/2324.java

26 1 14
6 1 2
6 1 15
6 1 5
2 2 2
15 2 2
5 2 15
14 1 6
? 1 github_java_program_data/9/java/2326.java

9 2 38
53 2 8
16 1 6
6 1 15
8 1 2
25 1 3
38 1 16
19 1 24
8 1 2
24 1 6
21 1 16
6 2 6
21 1 20
14 2 14
15 2 5
14 1 6
4 1 30
25 2 25
6 1 13
9 2 14
6 1 19
21 2 21
30 2 30
25 1 42
2 2 12
19 1 14
8 1 19
2 4 2
19 1 25
26 1 53
26 1 10
42 2 42
15 2 15
13 1 12
19 1 38
16 2 20
13 1 2
8 2 8
9 1 8
4 2 19
42 2 2
3 2 2
30 1 8
9 2 21
53 1 2
11 1 6
2 1 7
2 2 15
25 1 4
7 1 6
10 1 2
19 1 9
2 2 7
6 1 5
2 2 19
38 2 38
9 2 9
16 2 19
12 1 11
8 1 10
10 1 6
38 2 21
2 5 2
26 1 8
2 1 2
2 1 15
8 1 42
2 2 10
2 2 4
6 1 2
19 1 6
38 2 24
11 2 11
19 1 21
38 1 19
8 1 3
15 2 2
42 2 3
3 1 2
25 1 2
20 1 19
25 1 19
? 1 github_java_program_data/9/java/2347.java

26 1 14
6 1 2
6 1 15
6 1 5
2 2 2
15 2 2
5 2 15
14 1 6
? 1 github_java_program_data/9/java/2349.java

26 1 14
6 1 2
6 1 15
6 1 5
2 2 2
15 2 2
5 2 15
14 1 6
? 1 github_java_program_data/9/java/2356.java

26 1 14
6 1 2
6 1 15
6 1 5
2 2 2
15 2 2
5 2 15
14 1 6
? 1 github_java_program_data/9/java/2357.java

26 1 14
6 1 2
6 1 15
6 1 5
2 2 2
15 2 2
5 2 15
14 1 6
? 1 github_java_program_data/9/java/2386.java

26 1 14
6 1 2
6 1 15
6 1 5
2 2 2
15 2 2
5 2 15
14 1 6
? 1 github_java_program_data/9/java/2387.java

53 2 8
25 1 3
24 1 6
21 1 16
21 1 20
14 1 6
5 2 15
6 1 19
18 1 10
30 2 30
8 1 3
19 1 14
19 1 25
26 1 53
3 2 2
15 2 15
19 1 38
9 1 8
2 2 12
15 2 13
53 1 2
2 2 15
25 1 4
19 1 9
6 1 5
2 2 19
38 2 21
12 1 11
2 4 2
2 2 19
19 1 6
2 1 15
2 2 10
15 2 5
2 1 2
8 1 19
38 1 19
6 1 13
2 2 4
20 1 19
25 1 19
9 2 38
16 1 6
6 1 15
14 2 22
22 1 19
38 1 16
19 1 24
8 1 2
26 1 8
22 1 18
6 2 6
42 2 42
14 2 14
4 1 30
25 2 25
10 1 8
6 1 2
25 1 42
30 1 8
19 1 6
8 1 19
13 1 12
19 1 21
13 1 2
11 1 6
2 1 7
7 1 6
2 2 7
38 2 38
9 2 9
16 2 19
8 1 10
2 5 2
18 2 19
4 2 19
10 1 6
9 2 14
11 2 11
19 1 22
8 1 2
15 2 2
42 2 3
3 1 2
25 1 2
16 2 20
? 1 github_java_program_data/9/java/2413.java

26 1 14
6 1 2
6 1 15
6 1 5
2 2 2
15 2 2
5 2 15
14 1 6
? 1 github_java_program_data/9/java/2416.java

19 1 14
53 2 8
16 1 6
6 1 15
25 1 3
38 1 16
19 1 24
8 1 2
15 2 5
8 1 2
21 1 16
21 1 20
42 2 42
14 2 14
14 1 6
4 1 30
2 2 12
9 2 14
21 2 21
30 2 30
8 1 3
10 2 53
16 2 19
24 1 6
8 1 19
2 4 2
19 1 25
26 1 53
26 1 10
15 2 15
13 1 12
19 1 38
16 2 20
13 1 2
9 1 8
4 2 19
42 2 2
3 2 2
30 1 8
9 2 21
53 1 2
11 1 6
2 1 7
2 2 15
25 1 4
7 1 6
10 1 2
19 1 9
2 2 7
6 1 5
2 2 19
25 1 42
12 1 11
8 1 10
10 1 6
2 5 2
26 1 8
2 1 15
8 1 42
2 2 10
25 2 25
2 2 4
6 1 2
2 1 2
38 2 24
11 2 11
19 1 21
38 1 19
6 1 13
15 2 2
42 2 3
3 1 2
25 1 2
20 1 19
25 1 19
? 1 github_java_program_data/9/java/2425.java

26 1 14
6 1 2
6 1 15
6 1 5
2 2 2
15 2 2
5 2 15
14 1 6
? 1 github_java_program_data/9/java/2439.java

26 1 14
6 1 2
6 1 15
6 1 5
2 2 2
15 2 2
5 2 15
14 1 6
? 1 github_java_program_data/9/java/2447.java

21 2 9
25 1 3
30 1 2
21 1 16
22 2 24
4 2 3
21 1 20
8 1 42
14 1 6
8 1 42
9 2 22
21 2 14
5 2 15
18 1 10
30 2 30
11 1 2
13 2 15
3 1 42
19 1 14
19 1 25
26 1 53
3 2 2
9 2 14
53 2 53
19 1 38
30 1 33
9 1 8
2 2 12
15 2 13
53 1 2
2 2 15
25 1 4
17 1 6
19 1 9
42 2 2
2 2 19
12 1 11
10 1 6
42 2 4
24 1 6
2 1 15
16 2 17
2 2 10
4 2 19
2 1 2
38 2 24
38 1 19
6 1 13
2 2 4
20 1 19
25 1 19
9 2 38
16 1 6
6 1 15
22 1 19
38 1 16
19 1 24
8 1 2
2 4 2
26 1 8
22 1 18
42 2 42
14 2 14
14 2 38
2 1 12
4 1 30
18 1 17
10 1 8
33 1 2
25 1 42
14 2 21
30 1 8
8 1 19
13 1 12
19 1 22
13 1 2
14 2 9
10 2 53
2 2 33
11 1 6
2 1 7
26 1 10
7 1 6
10 1 2
18 1 16
2 2 7
8 1 3
9 2 9
16 2 19
8 1 10
2 5 2
18 2 19
3 1 2
6 1 2
15 2 5
10 2 16
11 2 11
19 1 21
8 1 2
15 2 2
42 2 3
16 2 20
25 1 2
6 1 5
? 1 github_java_program_data/9/java/2449.java

9 2 38
2 4 2
16 1 6
6 1 15
8 1 2
41 2 24
25 1 3
38 1 16
19 1 24
8 1 2
24 1 6
21 1 16
6 2 6
21 1 20
14 2 14
9 2 9
14 1 6
4 1 30
25 2 25
8 2 8
2 5 2
5 2 15
6 1 19
38 2 21
30 2 30
25 1 42
2 2 12
19 1 14
8 1 19
19 1 25
15 2 5
26 1 10
42 2 42
15 2 15
13 1 12
10 2 8
19 1 38
16 2 20
13 1 2
9 1 8
4 2 19
42 2 2
3 2 2
30 1 8
15 2 13
38 2 41
19 1 41
6 1 13
11 1 6
2 1 7
2 2 15
25 1 4
7 1 6
10 1 2
19 1 9
2 2 7
6 1 5
2 2 19
38 2 38
16 2 19
9 2 21
12 1 11
8 1 10
10 1 6
21 2 21
26 1 8
2 1 2
2 1 15
8 1 42
2 2 10
9 2 14
2 2 4
6 1 2
19 1 6
11 2 11
19 1 21
38 1 19
8 1 3
15 2 2
42 2 3
3 1 2
25 1 2
20 1 19
25 1 19
? 1 github_java_program_data/9/java/2462.java

53 2 8
13 2 15
25 1 3
24 1 6
21 1 16
22 2 24
21 1 20
23 1 19
8 1 42
21 1 23
14 1 6
9 2 22
18 1 10
30 2 30
21 1 28
8 1 3
21 2 9
19 1 14
22 2 22
19 1 25
26 1 53
3 2 2
42 2 42
9 2 14
9 1 8
20 2 28
2 2 12
15 2 13
53 1 2
2 2 15
25 1 4
19 1 9
6 1 5
2 2 19
12 1 11
8 1 19
2 2 19
19 1 6
2 1 15
16 2 17
2 2 10
4 2 19
2 1 2
6 1 13
28 1 21
2 2 4
20 1 19
25 1 19
16 1 6
6 1 15
22 1 19
19 1 24
8 1 2
2 4 2
26 1 8
22 1 18
14 2 14
17 1 6
9 2 9
11 1 2
2 1 12
4 1 30
25 2 25
18 1 17
10 1 8
6 1 2
25 1 42
30 1 8
14 2 24
8 1 19
13 1 12
19 1 22
13 1 2
22 2 9
22 2 14
28 2 23
11 1 6
2 1 7
42 2 2
7 1 6
18 1 16
2 2 7
8 1 10
2 5 2
18 2 19
15 2 5
10 1 6
10 2 16
11 2 11
19 1 21
8 1 2
15 2 2
42 2 3
3 1 2
25 1 2
16 2 20
? 1 github_java_program_data/9/java/2463.java

26 1 14
6 1 2
6 1 15
6 1 5
2 2 2
15 2 2
5 2 15
14 1 6
? 1 github_java_program_data/9/java/2476.java

26 1 14
6 1 2
6 1 15
6 1 5
2 2 2
15 2 2
5 2 15
14 1 6
? 1 github_java_program_data/9/java/2477.java

26 1 14
6 1 2
6 1 15
6 1 5
2 2 2
15 2 2
5 2 15
14 1 6
? 1 github_java_program_data/9/java/2499.java

26 1 14
6 1 2
6 1 15
6 1 5
2 2 2
15 2 2
5 2 15
14 1 6
? 1 github_java_program_data/9/java/2506.java

53 2 8
21 2 9
25 1 3
19 1 14
21 1 16
21 1 20
8 1 42
14 1 6
8 2 8
9 2 22
21 2 14
18 1 10
30 2 30
8 1 3
24 1 6
19 1 25
26 1 53
3 2 2
9 2 14
19 1 38
9 1 8
2 2 12
15 2 13
53 1 2
19 1 29
2 2 15
25 1 4
19 1 9
42 2 2
2 2 19
38 2 21
12 1 11
10 1 6
2 1 15
16 2 17
2 2 10
4 2 19
2 1 2
38 1 19
6 1 13
2 2 4
20 1 19
25 1 19
16 1 6
6 1 15
22 1 19
38 1 16
19 1 24
8 1 2
2 4 2
26 1 8
22 1 18
42 2 42
14 2 14
4 1 30
25 2 25
18 1 17
6 1 2
25 1 42
30 1 8
14 2 24
8 1 19
13 1 12
19 1 21
13 1 2
22 2 14
19 1 41
11 1 6
2 1 7
7 1 6
18 1 16
2 2 7
38 2 38
9 2 9
16 2 19
8 1 10
2 5 2
18 2 19
3 1 2
15 2 5
10 2 16
11 2 11
19 1 22
8 1 2
15 2 2
42 2 3
16 2 20
25 1 2
6 1 5
? 1 github_java_program_data/9/java/4411_new.java

14 2 14
6 1 15
53 2 8
4 1 2
25 1 3
6 1 13
8 1 2
2 4 2
26 1 8
6 2 6
9 2 9
15 2 5
14 1 6
8 1 3
9 2 14
6 1 19
2 5 2
25 1 42
10 2 53
19 1 14
8 1 19
19 1 25
26 1 53
3 2 2
15 2 15
13 1 12
53 2 53
13 1 2
9 1 8
25 1 4
42 2 2
2 2 12
53 1 2
11 1 6
2 1 7
2 2 15
25 1 4
10 1 2
19 1 9
2 2 7
6 1 5
2 2 19
12 1 11
8 1 10
10 1 6
26 1 10
19 1 6
2 1 15
8 1 42
2 2 10
4 2 42
2 2 4
6 1 2
2 1 2
11 2 11
4 2 19
8 1 2
15 2 2
42 2 3
3 1 2
25 1 2
25 1 19
? 1 github_java_program_data/9/java/4420_new.java

53 2 8
6 1 15
4 2 13
13 2 15
4 1 2
25 1 3
6 1 13
25 1 13
8 1 2
13 1 11
26 1 8
13 2 19
14 2 14
15 2 5
14 1 6
2 1 12
25 2 25
8 1 3
9 2 14
4 2 19
25 1 42
19 1 14
8 1 19
2 4 2
19 1 25
26 1 53
3 2 2
13 1 12
53 2 53
13 1 2
14 2 9
9 1 8
25 1 4
2 2 12
15 2 13
53 1 2
11 1 6
42 2 2
2 2 15
25 1 4
19 1 9
6 1 5
2 2 19
9 2 9
12 1 11
8 1 10
10 1 6
2 5 2
2 1 15
8 1 42
2 2 10
4 2 42
2 2 4
6 1 2
2 1 2
11 2 11
11 1 2
8 1 2
15 2 2
42 2 3
3 1 2
25 1 2
25 1 19
? 1 github_java_program_data/9/java/4424_new.java

9 2 38
2 4 2
16 1 6
6 1 15
19 1 38
38 1 16
19 1 24
8 1 2
25 2 25
19 1 14
21 1 16
6 2 6
21 1 20
16 2 19
14 2 14
14 1 6
4 1 30
2 2 12
9 2 14
6 1 19
2 5 2
30 2 30
8 1 3
14 2 38
14 2 24
24 1 6
8 1 19
19 1 25
15 2 5
3 2 2
42 2 42
10 1 6
25 1 3
16 2 20
13 1 2
9 1 8
4 2 19
42 2 2
30 1 8
15 2 13
8 1 2
11 1 6
2 1 7
2 2 15
25 1 4
7 1 6
19 1 9
2 2 7
6 1 5
2 2 19
9 2 9
25 1 42
12 1 11
8 1 10
13 1 12
26 1 8
2 1 2
2 1 15
8 1 42
2 2 10
2 2 4
6 1 2
19 1 6
11 2 11
19 1 21
38 1 19
6 1 13
15 2 2
42 2 3
3 1 2
38 2 14
25 1 2
20 1 19
25 1 19
? 1 github_java_program_data/9/java/4426_new.java

53 2 8
6 1 15
4 2 13
4 1 2
25 1 3
6 1 13
25 1 13
8 1 2
13 1 11
26 1 8
6 2 6
13 2 19
15 2 5
14 1 6
2 1 12
25 2 25
8 1 3
9 2 14
6 1 19
4 2 19
25 1 42
10 2 53
19 1 14
8 1 19
2 4 2
19 1 25
26 1 53
26 1 10
15 2 15
10 1 6
9 2 25
13 1 2
14 2 9
9 1 8
25 1 4
42 2 2
3 2 2
2 2 12
15 2 13
53 1 2
11 1 6
2 1 7
2 2 15
25 1 4
10 1 2
19 1 9
2 2 7
6 1 5
2 2 19
12 1 11
8 1 10
13 1 12
2 5 2
2 1 2
2 1 15
8 1 42
53 2 53
2 2 10
4 2 42
2 2 4
6 1 2
19 1 6
11 2 11
11 1 2
8 1 2
15 2 2
42 2 3
3 1 2
25 1 2
25 1 19
? 1 github_java_program_data/9/java/4430_new.java

26 2 25
16 1 6
6 1 15
26 1 2
10 2 53
53 2 8
4 1 2
25 1 3
6 1 13
8 1 2
26 1 19
8 1 2
21 1 16
21 1 20
14 2 14
15 2 5
14 1 6
4 1 30
8 1 42
9 2 14
9 2 26
4 2 19
30 2 30
8 1 10
25 1 42
2 2 12
3 1 42
19 1 14
8 1 19
19 1 26
19 1 25
2 2 60
26 1 53
26 1 10
10 1 6
8 1 60
16 2 20
13 1 2
2 4 2
9 1 8
25 1 4
42 2 2
3 2 2
30 1 8
15 2 13
53 1 2
11 1 6
2 1 7
2 2 15
25 1 4
10 1 2
19 1 9
2 2 7
6 1 5
26 1 4
9 2 9
45 1 2
12 1 11
26 1 42
13 1 12
2 5 2
26 1 8
60 1 45
2 1 15
8 1 42
2 2 10
4 2 42
25 2 25
2 2 4
6 1 2
2 1 2
11 2 11
19 1 21
8 1 3
15 2 2
42 2 3
3 1 2
60 2 19
25 1 2
20 1 19
25 1 19
? 1 github_java_program_data/9/java/4431_new.java

9 2 38
53 2 8
16 1 6
6 1 15
2 2 2
11 1 15
38 1 16
19 1 24
8 1 2
25 2 25
8 1 2
21 1 16
21 1 20
14 2 14
15 2 5
4 1 30
2 1 12
14 1 6
2 2 12
19 1 38
9 2 14
38 2 21
30 2 30
25 1 42
11 1 2
19 1 14
8 1 19
2 4 2
19 1 25
26 1 53
3 2 2
42 2 42
15 2 15
13 1 12
53 2 53
25 1 3
16 2 20
13 1 2
9 1 8
4 2 19
42 2 2
30 1 8
15 2 13
53 1 2
11 1 6
2 1 7
2 2 15
25 1 4
7 1 6
19 1 9
2 2 7
8 1 3
2 2 19
38 2 38
9 2 9
16 2 19
12 1 11
8 1 10
10 1 6
2 5 2
26 1 8
6 1 5
2 1 15
8 1 42
2 2 10
21 2 14
21 2 9
2 2 4
6 1 2
2 1 2
11 2 11
19 1 21
38 1 19
6 1 13
15 2 2
42 2 3
3 1 2
25 1 2
20 1 19
25 1 19
? 1 github_java_program_data/9/java/4433_new.java

53 2 8
16 1 6
6 1 15
25 1 3
6 1 13
8 1 2
8 1 2
21 1 16
14 2 14
21 1 20
9 2 9
15 2 5
14 1 6
4 1 30
9 2 14
6 1 19
2 5 2
30 2 30
25 1 42
10 2 53
2 2 12
19 1 14
8 1 19
2 4 2
19 1 25
26 1 53
26 1 10
42 2 42
13 1 12
16 2 20
13 1 2
9 1 8
4 2 19
42 2 2
3 2 2
30 1 8
15 2 13
53 1 2
11 1 6
2 1 7
2 2 15
25 1 4
10 1 2
19 1 9
2 2 7
6 1 5
2 2 19
12 1 11
8 1 10
10 1 6
26 1 8
6 2 6
2 1 2
2 1 15
8 1 42
2 2 10
2 2 4
6 1 2
19 1 6
11 2 11
19 1 21
8 1 3
15 2 2
42 2 3
3 1 2
25 1 2
20 1 19
25 1 19
? 1 github_java_program_data/9/java/4434_new.java

18 2 19
14 2 14
16 1 6
6 1 15
8 1 2
25 1 3
19 1 24
8 1 2
25 2 25
24 1 6
21 1 16
22 1 18
6 2 6
21 1 20
42 2 42
17 1 6
14 1 6
10 2 16
4 1 30
8 1 42
18 1 17
9 2 22
10 1 8
9 2 14
6 1 19
18 1 10
30 2 30
25 1 42
2 2 12
14 2 24
19 1 14
8 1 19
2 4 2
19 1 25
15 2 5
26 1 10
22 2 14
2 5 2
13 1 12
22 1 19
19 1 21
13 1 2
9 1 8
4 2 19
42 2 2
3 2 2
30 1 8
15 2 13
16 2 17
6 1 13
11 1 6
2 1 7
2 2 15
25 1 4
7 1 6
10 1 2
19 1 9
2 2 7
6 1 5
2 2 19
9 2 9
12 1 11
8 1 10
10 1 6
10 2 8
26 1 8
19 1 6
2 1 15
8 1 42
2 2 10
2 2 4
6 1 2
2 1 2
18 1 16
11 2 11
19 1 22
8 1 3
15 2 2
42 2 3
16 2 20
3 1 2
25 1 2
20 1 19
25 1 19
? 1 github_java_program_data/9/java/4436_new.java

26 1 9
14 2 14
6 1 15
2 2 2
19 1 48
15 2 15
8 1 2
6 2 6
9 2 9
42 2 42
14 1 6
13 2 19
8 1 42
5 2 15
6 1 19
19 2 2
8 1 3
9 2 48
13 2 15
19 1 14
3 2 2
13 1 12
13 1 2
9 1 8
2 2 12
15 2 13
11 1 6
2 1 7
2 2 15
19 1 9
2 2 7
6 1 5
2 2 19
12 1 11
8 1 10
10 1 6
48 2 14
19 2 13
2 1 2
2 1 15
15 2 5
48 1 2
2 2 13
6 1 2
19 1 6
11 2 11
8 1 19
6 1 13
15 2 2
42 2 3
3 1 2
6 1 42
2 2 10
42 2 2
? 1 github_java_program_data/9/java/4437_new.java

18 2 19
14 2 14
16 1 6
6 1 15
14 2 22
2 2 4
22 1 19
19 1 24
8 1 2
8 1 2
21 1 16
22 1 18
6 2 6
21 1 20
9 2 9
17 1 6
14 1 6
4 1 30
25 2 25
18 1 17
9 2 22
10 1 8
9 2 14
6 1 19
18 1 10
30 2 30
8 1 3
2 2 12
19 1 14
8 1 19
2 4 2
19 1 25
15 2 5
26 1 10
22 2 14
42 2 42
2 5 2
13 1 12
25 1 3
19 1 21
13 1 2
9 1 8
4 2 19
42 2 2
3 2 2
30 1 8
15 2 13
16 2 17
6 1 13
11 1 6
2 1 7
2 2 15
25 1 4
7 1 6
10 1 2
18 1 16
2 2 7
6 1 5
2 2 19
12 1 11
8 1 10
10 1 6
10 2 8
26 1 8
2 1 2
2 1 15
8 1 42
2 2 10
21 2 9
10 2 16
6 1 2
19 1 6
19 1 9
11 2 11
19 1 22
25 1 42
15 2 2
42 2 3
16 2 20
3 1 2
25 1 2
20 1 19
25 1 19
? 1 github_java_program_data/9/java/4439_new.java

14 2 14
6 1 15
53 2 8
4 1 2
25 1 3
6 1 13
8 1 2
2 4 2
26 1 8
6 2 6
9 2 9
15 2 5
14 1 6
4 1 30
25 2 25
8 1 3
9 2 14
6 1 19
2 5 2
25 1 42
10 2 53
2 2 12
19 1 14
8 1 19
19 1 25
26 1 53
3 2 2
15 2 15
13 1 12
53 2 53
13 1 2
9 1 8
25 1 4
42 2 2
30 1 8
15 2 13
53 1 2
11 1 6
2 1 7
2 2 15
25 1 4
10 1 2
19 1 9
2 2 7
6 1 5
2 2 19
12 1 11
8 1 10
10 1 6
26 1 10
2 1 2
2 1 15
8 1 42
2 2 10
4 2 42
2 2 4
6 1 2
19 1 6
11 2 11
4 2 19
8 1 2
15 2 2
42 2 3
3 1 2
25 1 2
25 1 19
? 1 github_java_program_data/9/java/4441_new.java

53 2 8
26 2 25
6 1 15
8 1 2
26 1 2
13 2 15
4 1 2
25 1 3
6 1 13
19 1 24
8 1 2
26 1 19
24 1 6
26 1 8
14 1 6
2 1 12
4 1 30
25 2 25
8 1 60
2 2 60
4 2 19
33 1 2
25 1 42
10 2 53
2 2 12
3 1 42
19 1 14
8 1 19
19 1 25
26 1 53
26 1 10
13 1 12
60 1 33
30 1 33
13 1 2
25 1 4
42 2 2
3 2 2
30 1 8
15 2 13
53 1 2
11 1 6
2 1 7
2 2 15
25 1 4
10 1 2
2 2 7
2 1 4
26 1 4
12 1 11
26 1 42
19 1 26
2 2 33
2 5 2
6 1 5
2 1 15
8 1 42
4 2 42
2 2 4
6 1 2
2 1 2
11 1 2
8 1 3
15 2 2
42 2 3
30 1 2
3 1 2
60 2 19
25 1 2
25 1 19
? 1 github_java_program_data/9/java/4449_new.java

2 4 2
6 1 15
4 1 2
25 1 3
8 1 2
8 1 2
26 1 8
6 2 6
14 2 14
9 2 9
14 1 6
2 1 12
25 2 25
8 1 3
9 2 14
6 1 19
4 2 19
25 1 42
10 2 53
19 1 14
8 1 19
19 1 25
26 1 53
26 1 10
13 1 12
53 2 53
13 1 2
9 1 8
25 1 4
42 2 2
3 2 2
2 2 12
15 2 13
53 1 2
11 1 6
2 1 7
2 2 15
25 1 4
10 1 2
19 1 9
2 2 7
6 1 5
2 2 19
12 1 11
8 1 10
10 1 6
2 5 2
19 1 6
2 1 15
8 1 42
2 2 10
4 2 42
2 2 4
6 1 2
2 1 2
11 2 11
11 1 2
6 1 13
15 2 2
42 2 3
3 1 2
25 1 2
25 1 19
? 1 github_java_program_data/9/java/4456_new.java

26 2 25
16 1 6
6 1 15
26 1 2
10 2 53
53 2 8
4 1 2
25 1 3
6 1 13
8 1 2
26 1 19
8 1 2
21 1 16
21 1 20
14 2 14
15 2 5
14 1 6
4 1 30
8 1 42
9 2 14
9 2 26
4 2 19
30 2 30
8 1 10
25 1 42
2 2 12
3 1 42
19 1 14
8 1 19
19 1 26
19 1 25
2 2 60
26 1 53
26 1 10
10 1 6
8 1 60
16 2 20
13 1 2
2 4 2
9 1 8
25 1 4
42 2 2
3 2 2
30 1 8
15 2 13
53 1 2
11 1 6
2 1 7
2 2 15
25 1 4
10 1 2
19 1 9
2 2 7
6 1 5
26 1 4
9 2 9
45 1 2
12 1 11
26 1 42
13 1 12
2 5 2
26 1 8
60 1 45
2 1 15
8 1 42
2 2 10
4 2 42
25 2 25
2 2 4
6 1 2
2 1 2
11 2 11
19 1 21
8 1 3
15 2 2
42 2 3
3 1 2
60 2 19
25 1 2
20 1 19
25 1 19
? 1 github_java_program_data/9/java/4458_new.java

53 2 8
16 1 6
6 1 15
25 1 3
6 1 13
8 1 2
8 1 2
21 1 16
14 2 14
21 1 20
9 2 9
15 2 5
14 1 6
4 1 30
9 2 14
6 1 19
2 5 2
30 2 30
25 1 42
10 2 53
2 2 12
19 1 14
8 1 19
2 4 2
19 1 25
26 1 53
26 1 10
42 2 42
13 1 12
16 2 20
13 1 2
9 1 8
4 2 19
42 2 2
3 2 2
30 1 8
15 2 13
53 1 2
11 1 6
2 1 7
2 2 15
25 1 4
10 1 2
19 1 9
2 2 7
6 1 5
2 2 19
12 1 11
8 1 10
10 1 6
26 1 8
6 2 6
2 1 2
2 1 15
8 1 42
2 2 10
2 2 4
6 1 2
19 1 6
11 2 11
19 1 21
8 1 3
15 2 2
42 2 3
3 1 2
25 1 2
20 1 19
25 1 19
? 1 github_java_program_data/9/java/4459_new.java

26 2 25
6 1 15
26 1 2
25 1 3
15 2 15
19 1 24
8 1 2
26 1 19
19 1 14
26 1 8
14 1 6
4 1 30
8 1 42
9 2 26
2 5 2
26 2 26
25 1 42
2 2 12
24 1 6
8 1 19
19 1 25
3 2 2
13 1 12
13 1 2
9 1 8
26 1 10
42 2 2
30 1 8
15 2 13
6 1 13
11 1 6
2 1 7
2 2 15
25 1 4
10 1 2
19 1 9
2 2 7
8 1 3
2 2 19
26 1 4
12 1 11
26 1 42
19 1 26
10 2 8
2 1 15
8 1 42
2 2 4
6 1 2
2 1 2
4 2 19
8 1 2
15 2 2
42 2 3
3 1 2
25 1 2
25 1 19
? 1 github_java_program_data/9/java/4463_new.java

19 1 38
20 2 23
19 1 14
21 1 16
21 1 20
23 1 19
8 1 42
21 1 23
14 1 6
6 1 19
18 1 10
30 2 30
8 1 3
24 1 6
19 1 25
3 2 2
42 2 42
9 2 14
9 2 25
25 1 3
9 1 8
2 2 12
15 2 13
2 2 15
25 1 4
17 1 6
19 1 9
6 1 5
2 2 19
38 2 21
12 1 11
10 1 6
10 2 8
2 1 15
16 2 17
2 2 10
4 2 19
19 1 6
38 1 19
6 1 13
2 2 4
20 1 19
25 1 19
9 2 38
16 1 6
6 1 15
14 2 22
22 1 19
38 1 16
19 1 24
8 1 2
2 4 2
26 1 8
22 1 18
6 2 6
9 2 9
14 2 14
4 1 30
25 2 25
18 1 17
10 1 8
6 1 2
25 1 42
30 1 8
2 1 2
8 1 19
13 1 12
19 1 22
13 1 2
11 1 6
21 2 24
2 1 7
42 2 2
26 1 10
7 1 6
10 1 2
18 1 16
2 2 7
38 2 38
16 2 19
25 2 9
8 1 10
2 5 2
18 2 19
15 2 5
10 2 16
11 2 11
19 1 21
8 1 2
15 2 2
42 2 3
3 1 2
25 1 2
16 2 20
? 1 github_java_program_data/9/java/4477_new.java

2 4 2
6 1 15
4 1 2
25 1 3
8 1 2
8 1 2
26 1 8
6 2 6
14 2 14
9 2 9
14 1 6
2 1 12
25 2 25
8 1 3
9 2 14
6 1 19
4 2 19
25 1 42
10 2 53
19 1 14
8 1 19
19 1 25
26 1 53
26 1 10
13 1 12
53 2 53
13 1 2
9 1 8
25 1 4
42 2 2
3 2 2
2 2 12
15 2 13
53 1 2
11 1 6
2 1 7
2 2 15
25 1 4
10 1 2
19 1 9
2 2 7
6 1 5
2 2 19
12 1 11
8 1 10
10 1 6
2 5 2
19 1 6
2 1 15
8 1 42
2 2 10
4 2 42
2 2 4
6 1 2
2 1 2
11 2 11
11 1 2
6 1 13
15 2 2
42 2 3
3 1 2
25 1 2
25 1 19
? 1 github_java_program_data/9/java/4486_new.java

53 2 8
6 1 15
4 2 13
4 1 2
25 1 3
6 1 13
25 1 13
8 1 2
13 1 11
26 1 8
6 2 6
13 2 19
15 2 5
14 1 6
2 1 12
25 2 25
8 1 3
9 2 14
6 1 19
4 2 19
25 1 42
10 2 53
19 1 14
8 1 19
2 4 2
19 1 25
26 1 53
26 1 10
15 2 15
10 1 6
9 2 25
13 1 2
14 2 9
9 1 8
25 1 4
42 2 2
3 2 2
2 2 12
15 2 13
53 1 2
11 1 6
2 1 7
2 2 15
25 1 4
10 1 2
19 1 9
2 2 7
6 1 5
2 2 19
12 1 11
8 1 10
13 1 12
2 5 2
2 1 2
2 1 15
8 1 42
53 2 53
2 2 10
4 2 42
2 2 4
6 1 2
19 1 6
11 2 11
11 1 2
8 1 2
15 2 2
42 2 3
3 1 2
25 1 2
25 1 19
? 1 github_java_program_data/9/java/4487_new.java

53 2 8
16 1 6
6 1 15
25 1 3
6 1 13
8 1 2
8 1 2
21 1 16
14 2 14
21 1 20
9 2 9
15 2 5
14 1 6
4 1 30
9 2 14
6 1 19
2 5 2
30 2 30
25 1 42
10 2 53
2 2 12
19 1 14
8 1 19
2 4 2
19 1 25
26 1 53
26 1 10
42 2 42
13 1 12
16 2 20
13 1 2
9 1 8
4 2 19
42 2 2
3 2 2
30 1 8
15 2 13
53 1 2
11 1 6
2 1 7
2 2 15
25 1 4
10 1 2
19 1 9
2 2 7
6 1 5
2 2 19
12 1 11
8 1 10
10 1 6
26 1 8
6 2 6
2 1 2
2 1 15
8 1 42
2 2 10
2 2 4
6 1 2
19 1 6
11 2 11
19 1 21
8 1 3
15 2 2
42 2 3
3 1 2
25 1 2
20 1 19
25 1 19
? 1 github_java_program_data/9/java/4489_new.java

6 1 15
4 1 2
25 1 3
6 1 13
8 1 2
2 4 2
26 1 8
9 2 9
15 2 5
14 1 6
2 1 12
25 2 25
8 1 3
9 2 14
4 2 19
25 1 42
10 2 53
19 1 14
8 1 19
19 1 25
26 1 53
3 2 2
10 1 6
53 2 53
13 1 2
9 1 8
25 1 4
2 2 12
15 2 13
53 1 2
11 1 6
42 2 2
2 2 15
25 1 4
10 1 2
19 1 9
6 1 5
2 2 19
12 1 11
8 1 10
13 1 12
26 1 10
2 5 2
2 1 15
8 1 42
2 2 10
4 2 42
2 2 4
6 1 2
2 1 2
11 2 11
11 1 2
8 1 2
15 2 2
42 2 3
3 1 2
25 1 2
25 1 19
? 1 github_java_program_data/9/java/4491_new.java

25 1 3
20 2 23
19 1 14
21 1 16
21 1 20
8 2 8
8 1 42
21 1 23
14 1 6
6 1 19
18 1 10
30 2 30
8 1 3
24 1 6
19 1 25
26 1 53
3 2 2
9 2 14
9 1 8
2 2 12
15 2 13
10 2 53
2 2 15
25 1 4
17 1 6
19 1 9
42 2 2
2 2 19
12 1 11
10 1 6
2 1 15
16 2 17
2 2 10
4 2 19
19 1 6
6 1 13
2 2 4
20 1 19
25 1 19
16 1 6
6 1 15
23 1 19
22 1 19
19 1 24
8 1 2
2 4 2
26 1 8
22 1 18
6 2 6
42 2 42
14 2 14
4 1 30
25 2 25
18 1 17
10 1 8
6 1 2
25 1 42
30 1 8
14 2 24
2 1 2
8 1 19
53 1 2
13 1 12
19 1 21
13 1 2
22 2 9
11 1 6
2 1 7
26 1 10
7 1 6
10 1 2
18 1 16
2 2 7
8 1 10
2 5 2
18 2 19
3 1 2
15 2 5
10 2 16
11 2 11
19 1 22
8 1 2
15 2 2
42 2 3
16 2 20
25 1 2
6 1 5
? 1 github_java_program_data/9/java/4494_new.java

53 2 8
26 2 25
6 1 15
8 1 2
26 1 2
13 2 15
4 1 2
25 1 3
6 1 13
19 1 24
8 1 2
26 1 19
24 1 6
26 1 8
14 1 6
2 1 12
4 1 30
25 2 25
8 1 60
2 2 60
4 2 19
33 1 2
25 1 42
10 2 53
2 2 12
3 1 42
19 1 14
8 1 19
19 1 25
26 1 53
26 1 10
13 1 12
60 1 33
30 1 33
13 1 2
25 1 4
42 2 2
3 2 2
30 1 8
15 2 13
53 1 2
11 1 6
2 1 7
2 2 15
25 1 4
10 1 2
2 2 7
2 1 4
26 1 4
12 1 11
26 1 42
19 1 26
2 2 33
2 5 2
6 1 5
2 1 15
8 1 42
4 2 42
2 2 4
6 1 2
2 1 2
11 1 2
8 1 3
15 2 2
42 2 3
30 1 2
3 1 2
60 2 19
25 1 2
25 1 19
? 1 github_java_program_data/9/java/4509_new.java

2 4 2
6 1 15
4 1 2
25 1 3
8 1 2
8 1 2
26 1 8
6 2 6
14 2 14
9 2 9
14 1 6
2 1 12
25 2 25
8 1 3
9 2 14
6 1 19
4 2 19
25 1 42
10 2 53
19 1 14
8 1 19
19 1 25
26 1 53
26 1 10
13 1 12
53 2 53
13 1 2
9 1 8
25 1 4
42 2 2
3 2 2
2 2 12
15 2 13
53 1 2
11 1 6
2 1 7
2 2 15
25 1 4
10 1 2
19 1 9
2 2 7
6 1 5
2 2 19
12 1 11
8 1 10
10 1 6
2 5 2
19 1 6
2 1 15
8 1 42
2 2 10
4 2 42
2 2 4
6 1 2
2 1 2
11 2 11
11 1 2
6 1 13
15 2 2
42 2 3
3 1 2
25 1 2
25 1 19
? 1 github_java_program_data/9/java/4516_new.java

53 2 8
6 1 15
4 2 13
4 1 2
25 1 3
6 1 13
25 1 13
8 1 2
13 1 11
26 1 8
6 2 6
13 2 19
15 2 5
14 1 6
2 1 12
25 2 25
8 1 3
9 2 14
6 1 19
4 2 19
25 1 42
10 2 53
19 1 14
8 1 19
2 4 2
19 1 25
26 1 53
26 1 10
15 2 15
10 1 6
9 2 25
13 1 2
14 2 9
9 1 8
25 1 4
42 2 2
3 2 2
2 2 12
15 2 13
53 1 2
11 1 6
2 1 7
2 2 15
25 1 4
10 1 2
19 1 9
2 2 7
6 1 5
2 2 19
12 1 11
8 1 10
13 1 12
2 5 2
2 1 2
2 1 15
8 1 42
53 2 53
2 2 10
4 2 42
2 2 4
6 1 2
19 1 6
11 2 11
11 1 2
8 1 2
15 2 2
42 2 3
3 1 2
25 1 2
25 1 19
? 1 github_java_program_data/9/java/4517_new.java

53 2 8
16 1 6
6 1 15
25 1 3
6 1 13
8 1 2
8 1 2
21 1 16
14 2 14
21 1 20
9 2 9
15 2 5
14 1 6
4 1 30
9 2 14
6 1 19
2 5 2
30 2 30
25 1 42
10 2 53
2 2 12
19 1 14
8 1 19
2 4 2
19 1 25
26 1 53
26 1 10
42 2 42
13 1 12
16 2 20
13 1 2
9 1 8
4 2 19
42 2 2
3 2 2
30 1 8
15 2 13
53 1 2
11 1 6
2 1 7
2 2 15
25 1 4
10 1 2
19 1 9
2 2 7
6 1 5
2 2 19
12 1 11
8 1 10
10 1 6
26 1 8
6 2 6
2 1 2
2 1 15
8 1 42
2 2 10
2 2 4
6 1 2
19 1 6
11 2 11
19 1 21
8 1 3
15 2 2
42 2 3
3 1 2
25 1 2
20 1 19
25 1 19
? 1 github_java_program_data/9/java/4519_new.java

6 1 15
4 1 2
25 1 3
6 1 13
8 1 2
2 4 2
26 1 8
9 2 9
15 2 5
14 1 6
2 1 12
25 2 25
8 1 3
9 2 14
4 2 19
25 1 42
10 2 53
19 1 14
8 1 19
19 1 25
26 1 53
3 2 2
10 1 6
53 2 53
13 1 2
9 1 8
25 1 4
2 2 12
15 2 13
53 1 2
11 1 6
42 2 2
2 2 15
25 1 4
10 1 2
19 1 9
6 1 5
2 2 19
12 1 11
8 1 10
13 1 12
26 1 10
2 5 2
2 1 15
8 1 42
2 2 10
4 2 42
2 2 4
6 1 2
2 1 2
11 2 11
11 1 2
8 1 2
15 2 2
42 2 3
3 1 2
25 1 2
25 1 19
? 1 github_java_program_data/9/java/4521_new.java

53 2 8
26 2 25
6 1 15
8 1 2
26 1 2
13 2 15
4 1 2
25 1 3
6 1 13
19 1 24
8 1 2
26 1 19
24 1 6
26 1 8
14 1 6
2 1 12
4 1 30
25 2 25
8 1 60
2 2 60
4 2 19
33 1 2
25 1 42
10 2 53
2 2 12
3 1 42
19 1 14
8 1 19
19 1 25
26 1 53
26 1 10
13 1 12
60 1 33
30 1 33
13 1 2
25 1 4
42 2 2
3 2 2
30 1 8
15 2 13
53 1 2
11 1 6
2 1 7
2 2 15
25 1 4
10 1 2
2 2 7
2 1 4
26 1 4
12 1 11
26 1 42
19 1 26
2 2 33
2 5 2
6 1 5
2 1 15
8 1 42
4 2 42
2 2 4
6 1 2
2 1 2
11 1 2
8 1 3
15 2 2
42 2 3
30 1 2
3 1 2
60 2 19
25 1 2
25 1 19
? 1 github_java_program_data/9/java/4539_new.java

2 4 2
6 1 15
4 1 2
25 1 3
8 1 2
8 1 2
26 1 8
6 2 6
14 2 14
9 2 9
14 1 6
2 1 12
25 2 25
8 1 3
9 2 14
6 1 19
4 2 19
25 1 42
10 2 53
19 1 14
8 1 19
19 1 25
26 1 53
26 1 10
13 1 12
53 2 53
13 1 2
9 1 8
25 1 4
42 2 2
3 2 2
2 2 12
15 2 13
53 1 2
11 1 6
2 1 7
2 2 15
25 1 4
10 1 2
19 1 9
2 2 7
6 1 5
2 2 19
12 1 11
8 1 10
10 1 6
2 5 2
19 1 6
2 1 15
8 1 42
2 2 10
4 2 42
2 2 4
6 1 2
2 1 2
11 2 11
11 1 2
6 1 13
15 2 2
42 2 3
3 1 2
25 1 2
25 1 19
? 1 github_java_program_data/9/java/4546_new.java

26 2 25
16 1 6
6 1 15
26 1 2
10 2 53
53 2 8
4 1 2
25 1 3
6 1 13
8 1 2
26 1 19
8 1 2
21 1 16
21 1 20
14 2 14
15 2 5
14 1 6
4 1 30
8 1 42
9 2 14
9 2 26
4 2 19
30 2 30
8 1 10
25 1 42
2 2 12
3 1 42
19 1 14
8 1 19
19 1 26
19 1 25
2 2 60
26 1 53
26 1 10
10 1 6
8 1 60
16 2 20
13 1 2
2 4 2
9 1 8
25 1 4
42 2 2
3 2 2
30 1 8
15 2 13
53 1 2
11 1 6
2 1 7
2 2 15
25 1 4
10 1 2
19 1 9
2 2 7
6 1 5
26 1 4
9 2 9
45 1 2
12 1 11
26 1 42
13 1 12
2 5 2
26 1 8
60 1 45
2 1 15
8 1 42
2 2 10
4 2 42
25 2 25
2 2 4
6 1 2
2 1 2
11 2 11
19 1 21
8 1 3
15 2 2
42 2 3
3 1 2
60 2 19
25 1 2
20 1 19
25 1 19
? 1 github_java_program_data/9/java/4548_new.java

53 2 8
16 1 6
6 1 15
25 1 3
6 1 13
8 1 2
8 1 2
21 1 16
14 2 14
21 1 20
9 2 9
15 2 5
14 1 6
4 1 30
9 2 14
6 1 19
2 5 2
30 2 30
25 1 42
10 2 53
2 2 12
19 1 14
8 1 19
2 4 2
19 1 25
26 1 53
26 1 10
42 2 42
13 1 12
16 2 20
13 1 2
9 1 8
4 2 19
42 2 2
3 2 2
30 1 8
15 2 13
53 1 2
11 1 6
2 1 7
2 2 15
25 1 4
10 1 2
19 1 9
2 2 7
6 1 5
2 2 19
12 1 11
8 1 10
10 1 6
26 1 8
6 2 6
2 1 2
2 1 15
8 1 42
2 2 10
2 2 4
6 1 2
19 1 6
11 2 11
19 1 21
8 1 3
15 2 2
42 2 3
3 1 2
25 1 2
20 1 19
25 1 19
? 1 github_java_program_data/9/java/4549_new.java

26 2 25
6 1 15
26 1 2
25 1 3
15 2 15
19 1 24
8 1 2
26 1 19
19 1 14
26 1 8
14 1 6
4 1 30
8 1 42
9 2 26
2 5 2
26 2 26
25 1 42
2 2 12
24 1 6
8 1 19
19 1 25
3 2 2
13 1 12
13 1 2
9 1 8
26 1 10
42 2 2
30 1 8
15 2 13
6 1 13
11 1 6
2 1 7
2 2 15
25 1 4
10 1 2
19 1 9
2 2 7
8 1 3
2 2 19
26 1 4
12 1 11
26 1 42
19 1 26
10 2 8
2 1 15
8 1 42
2 2 4
6 1 2
2 1 2
4 2 19
8 1 2
15 2 2
42 2 3
3 1 2
25 1 2
25 1 19
? 1 github_java_program_data/9/java/4553_new.java

53 2 8
26 2 25
6 1 15
8 1 2
26 1 2
13 2 15
4 1 2
25 1 3
6 1 13
19 1 24
8 1 2
26 1 19
24 1 6
26 1 8
14 1 6
2 1 12
4 1 30
25 2 25
8 1 60
2 2 60
4 2 19
33 1 2
25 1 42
10 2 53
2 2 12
3 1 42
19 1 14
8 1 19
19 1 25
26 1 53
26 1 10
13 1 12
60 1 33
30 1 33
13 1 2
25 1 4
42 2 2
3 2 2
30 1 8
15 2 13
53 1 2
11 1 6
2 1 7
2 2 15
25 1 4
10 1 2
2 2 7
2 1 4
26 1 4
12 1 11
26 1 42
19 1 26
2 2 33
2 5 2
6 1 5
2 1 15
8 1 42
4 2 42
2 2 4
6 1 2
2 1 2
11 1 2
8 1 3
15 2 2
42 2 3
30 1 2
3 1 2
60 2 19
25 1 2
25 1 19
? 1 github_java_program_data/9/java/4569_new.java

53 2 8
6 1 15
4 2 13
4 1 2
25 1 3
6 1 13
25 1 13
8 1 2
13 1 11
26 1 8
6 2 6
13 2 19
15 2 5
14 1 6
2 1 12
25 2 25
8 1 3
9 2 14
6 1 19
4 2 19
25 1 42
10 2 53
19 1 14
8 1 19
2 4 2
19 1 25
26 1 53
26 1 10
15 2 15
10 1 6
9 2 25
13 1 2
14 2 9
9 1 8
25 1 4
42 2 2
3 2 2
2 2 12
15 2 13
53 1 2
11 1 6
2 1 7
2 2 15
25 1 4
10 1 2
19 1 9
2 2 7
6 1 5
2 2 19
12 1 11
8 1 10
13 1 12
2 5 2
2 1 2
2 1 15
8 1 42
53 2 53
2 2 10
4 2 42
2 2 4
6 1 2
19 1 6
11 2 11
11 1 2
8 1 2
15 2 2
42 2 3
3 1 2
25 1 2
25 1 19
? 1 github_java_program_data/9/java/4577_new.java

26 2 25
16 1 6
6 1 15
26 1 2
10 2 53
53 2 8
4 1 2
25 1 3
6 1 13
8 1 2
26 1 19
8 1 2
21 1 16
21 1 20
14 2 14
15 2 5
14 1 6
4 1 30
8 1 42
9 2 14
9 2 26
4 2 19
30 2 30
8 1 10
25 1 42
2 2 12
3 1 42
19 1 14
8 1 19
19 1 26
19 1 25
2 2 60
26 1 53
26 1 10
10 1 6
8 1 60
16 2 20
13 1 2
2 4 2
9 1 8
25 1 4
42 2 2
3 2 2
30 1 8
15 2 13
53 1 2
11 1 6
2 1 7
2 2 15
25 1 4
10 1 2
19 1 9
2 2 7
6 1 5
26 1 4
9 2 9
45 1 2
12 1 11
26 1 42
13 1 12
2 5 2
26 1 8
60 1 45
2 1 15
8 1 42
2 2 10
4 2 42
25 2 25
2 2 4
6 1 2
2 1 2
11 2 11
19 1 21
8 1 3
15 2 2
42 2 3
3 1 2
60 2 19
25 1 2
20 1 19
25 1 19
? 1 github_java_program_data/9/java/4578_new.java

6 1 15
4 1 2
25 1 3
6 1 13
8 1 2
2 4 2
26 1 8
9 2 9
15 2 5
14 1 6
2 1 12
25 2 25
8 1 3
9 2 14
4 2 19
25 1 42
10 2 53
19 1 14
8 1 19
19 1 25
26 1 53
3 2 2
10 1 6
53 2 53
13 1 2
9 1 8
25 1 4
2 2 12
15 2 13
53 1 2
11 1 6
42 2 2
2 2 15
25 1 4
10 1 2
19 1 9
6 1 5
2 2 19
12 1 11
8 1 10
13 1 12
26 1 10
2 5 2
2 1 15
8 1 42
2 2 10
4 2 42
2 2 4
6 1 2
2 1 2
11 2 11
11 1 2
8 1 2
15 2 2
42 2 3
3 1 2
25 1 2
25 1 19
? 1 github_java_program_data/9/java/4581_new.java

26 2 25
6 1 15
26 1 2
25 1 3
15 2 15
19 1 24
8 1 2
26 1 19
19 1 14
26 1 8
14 1 6
4 1 30
8 1 42
9 2 26
2 5 2
26 2 26
25 1 42
2 2 12
24 1 6
8 1 19
19 1 25
3 2 2
13 1 12
13 1 2
9 1 8
26 1 10
42 2 2
30 1 8
15 2 13
6 1 13
11 1 6
2 1 7
2 2 15
25 1 4
10 1 2
19 1 9
2 2 7
8 1 3
2 2 19
26 1 4
12 1 11
26 1 42
19 1 26
10 2 8
2 1 15
8 1 42
2 2 4
6 1 2
2 1 2
4 2 19
8 1 2
15 2 2
42 2 3
3 1 2
25 1 2
25 1 19
? 1 github_java_program_data/9/java/4583_new.java

53 2 8
26 2 25
6 1 15
8 1 2
26 1 2
13 2 15
4 1 2
25 1 3
6 1 13
19 1 24
8 1 2
26 1 19
24 1 6
26 1 8
14 1 6
2 1 12
4 1 30
25 2 25
8 1 60
2 2 60
4 2 19
33 1 2
25 1 42
10 2 53
2 2 12
3 1 42
19 1 14
8 1 19
19 1 25
26 1 53
26 1 10
13 1 12
60 1 33
30 1 33
13 1 2
25 1 4
42 2 2
3 2 2
30 1 8
15 2 13
53 1 2
11 1 6
2 1 7
2 2 15
25 1 4
10 1 2
2 2 7
2 1 4
26 1 4
12 1 11
26 1 42
19 1 26
2 2 33
2 5 2
6 1 5
2 1 15
8 1 42
4 2 42
2 2 4
6 1 2
2 1 2
11 1 2
8 1 3
15 2 2
42 2 3
30 1 2
3 1 2
60 2 19
25 1 2
25 1 19
? 1 github_java_program_data/9/java/4599_new.java

2 4 2
6 1 15
4 1 2
25 1 3
8 1 2
8 1 2
26 1 8
6 2 6
14 2 14
9 2 9
14 1 6
2 1 12
25 2 25
8 1 3
9 2 14
6 1 19
4 2 19
25 1 42
10 2 53
19 1 14
8 1 19
19 1 25
26 1 53
26 1 10
13 1 12
53 2 53
13 1 2
9 1 8
25 1 4
42 2 2
3 2 2
2 2 12
15 2 13
53 1 2
11 1 6
2 1 7
2 2 15
25 1 4
10 1 2
19 1 9
2 2 7
6 1 5
2 2 19
12 1 11
8 1 10
10 1 6
2 5 2
19 1 6
2 1 15
8 1 42
2 2 10
4 2 42
2 2 4
6 1 2
2 1 2
11 2 11
11 1 2
6 1 13
15 2 2
42 2 3
3 1 2
25 1 2
25 1 19
? 1 github_java_program_data/9/java/4606_new.java

26 2 25
16 1 6
6 1 15
26 1 2
10 2 53
53 2 8
4 1 2
25 1 3
6 1 13
8 1 2
26 1 19
8 1 2
21 1 16
21 1 20
14 2 14
15 2 5
14 1 6
4 1 30
8 1 42
9 2 14
9 2 26
4 2 19
30 2 30
8 1 10
25 1 42
2 2 12
3 1 42
19 1 14
8 1 19
19 1 26
19 1 25
2 2 60
26 1 53
26 1 10
10 1 6
8 1 60
16 2 20
13 1 2
2 4 2
9 1 8
25 1 4
42 2 2
3 2 2
30 1 8
15 2 13
53 1 2
11 1 6
2 1 7
2 2 15
25 1 4
10 1 2
19 1 9
2 2 7
6 1 5
26 1 4
9 2 9
45 1 2
12 1 11
26 1 42
13 1 12
2 5 2
26 1 8
60 1 45
2 1 15
8 1 42
2 2 10
4 2 42
25 2 25
2 2 4
6 1 2
2 1 2
11 2 11
19 1 21
8 1 3
15 2 2
42 2 3
3 1 2
60 2 19
25 1 2
20 1 19
25 1 19
? 1 github_java_program_data/9/java/4608_new.java

53 2 8
16 1 6
6 1 15
25 1 3
6 1 13
8 1 2
8 1 2
21 1 16
14 2 14
21 1 20
9 2 9
15 2 5
14 1 6
4 1 30
9 2 14
6 1 19
2 5 2
30 2 30
25 1 42
10 2 53
2 2 12
19 1 14
8 1 19
2 4 2
19 1 25
26 1 53
26 1 10
42 2 42
13 1 12
16 2 20
13 1 2
9 1 8
4 2 19
42 2 2
3 2 2
30 1 8
15 2 13
53 1 2
11 1 6
2 1 7
2 2 15
25 1 4
10 1 2
19 1 9
2 2 7
6 1 5
2 2 19
12 1 11
8 1 10
10 1 6
26 1 8
6 2 6
2 1 2
2 1 15
8 1 42
2 2 10
2 2 4
6 1 2
19 1 6
11 2 11
19 1 21
8 1 3
15 2 2
42 2 3
3 1 2
25 1 2
20 1 19
25 1 19
? 1 github_java_program_data/9/java/4609_new.java

26 2 25
6 1 15
26 1 2
25 1 3
15 2 15
19 1 24
8 1 2
26 1 19
19 1 14
26 1 8
14 1 6
4 1 30
8 1 42
9 2 26
2 5 2
26 2 26
25 1 42
2 2 12
24 1 6
8 1 19
19 1 25
3 2 2
13 1 12
13 1 2
9 1 8
26 1 10
42 2 2
30 1 8
15 2 13
6 1 13
11 1 6
2 1 7
2 2 15
25 1 4
10 1 2
19 1 9
2 2 7
8 1 3
2 2 19
26 1 4
12 1 11
26 1 42
19 1 26
10 2 8
2 1 15
8 1 42
2 2 4
6 1 2
2 1 2
4 2 19
8 1 2
15 2 2
42 2 3
3 1 2
25 1 2
25 1 19
? 1 github_java_program_data/9/java/4613_new.java

53 2 8
26 2 25
6 1 15
8 1 2
26 1 2
13 2 15
4 1 2
25 1 3
6 1 13
19 1 24
8 1 2
26 1 19
24 1 6
26 1 8
14 1 6
2 1 12
4 1 30
25 2 25
8 1 60
2 2 60
4 2 19
33 1 2
25 1 42
10 2 53
2 2 12
3 1 42
19 1 14
8 1 19
19 1 25
26 1 53
26 1 10
13 1 12
60 1 33
30 1 33
13 1 2
25 1 4
42 2 2
3 2 2
30 1 8
15 2 13
53 1 2
11 1 6
2 1 7
2 2 15
25 1 4
10 1 2
2 2 7
2 1 4
26 1 4
12 1 11
26 1 42
19 1 26
2 2 33
2 5 2
6 1 5
2 1 15
8 1 42
4 2 42
2 2 4
6 1 2
2 1 2
11 1 2
8 1 3
15 2 2
42 2 3
30 1 2
3 1 2
60 2 19
25 1 2
25 1 19
? 1 github_java_program_data/9/java/4629_new.java

53 2 8
6 1 15
4 2 13
4 1 2
25 1 3
6 1 13
25 1 13
8 1 2
13 1 11
26 1 8
6 2 6
13 2 19
15 2 5
14 1 6
2 1 12
25 2 25
8 1 3
9 2 14
6 1 19
4 2 19
25 1 42
10 2 53
19 1 14
8 1 19
2 4 2
19 1 25
26 1 53
26 1 10
15 2 15
10 1 6
9 2 25
13 1 2
14 2 9
9 1 8
25 1 4
42 2 2
3 2 2
2 2 12
15 2 13
53 1 2
11 1 6
2 1 7
2 2 15
25 1 4
10 1 2
19 1 9
2 2 7
6 1 5
2 2 19
12 1 11
8 1 10
13 1 12
2 5 2
2 1 2
2 1 15
8 1 42
53 2 53
2 2 10
4 2 42
2 2 4
6 1 2
19 1 6
11 2 11
11 1 2
8 1 2
15 2 2
42 2 3
3 1 2
25 1 2
25 1 19
? 1 github_java_program_data/9/java/4637_new.java

26 2 25
16 1 6
6 1 15
26 1 2
10 2 53
53 2 8
4 1 2
25 1 3
6 1 13
8 1 2
26 1 19
8 1 2
21 1 16
21 1 20
14 2 14
15 2 5
14 1 6
4 1 30
8 1 42
9 2 14
9 2 26
4 2 19
30 2 30
8 1 10
25 1 42
2 2 12
3 1 42
19 1 14
8 1 19
19 1 26
19 1 25
2 2 60
26 1 53
26 1 10
10 1 6
8 1 60
16 2 20
13 1 2
2 4 2
9 1 8
25 1 4
42 2 2
3 2 2
30 1 8
15 2 13
53 1 2
11 1 6
2 1 7
2 2 15
25 1 4
10 1 2
19 1 9
2 2 7
6 1 5
26 1 4
9 2 9
45 1 2
12 1 11
26 1 42
13 1 12
2 5 2
26 1 8
60 1 45
2 1 15
8 1 42
2 2 10
4 2 42
25 2 25
2 2 4
6 1 2
2 1 2
11 2 11
19 1 21
8 1 3
15 2 2
42 2 3
3 1 2
60 2 19
25 1 2
20 1 19
25 1 19
? 1 github_java_program_data/9/java/4638_new.java

6 1 15
4 1 2
25 1 3
6 1 13
8 1 2
2 4 2
26 1 8
9 2 9
15 2 5
14 1 6
2 1 12
25 2 25
8 1 3
9 2 14
4 2 19
25 1 42
10 2 53
19 1 14
8 1 19
19 1 25
26 1 53
3 2 2
10 1 6
53 2 53
13 1 2
9 1 8
25 1 4
2 2 12
15 2 13
53 1 2
11 1 6
42 2 2
2 2 15
25 1 4
10 1 2
19 1 9
6 1 5
2 2 19
12 1 11
8 1 10
13 1 12
26 1 10
2 5 2
2 1 15
8 1 42
2 2 10
4 2 42
2 2 4
6 1 2
2 1 2
11 2 11
11 1 2
8 1 2
15 2 2
42 2 3
3 1 2
25 1 2
25 1 19
? 1 github_java_program_data/9/java/4641_new.java

26 2 25
6 1 15
26 1 2
25 1 3
15 2 15
19 1 24
8 1 2
26 1 19
19 1 14
26 1 8
14 1 6
4 1 30
8 1 42
9 2 26
2 5 2
26 2 26
25 1 42
2 2 12
24 1 6
8 1 19
19 1 25
3 2 2
13 1 12
13 1 2
9 1 8
26 1 10
42 2 2
30 1 8
15 2 13
6 1 13
11 1 6
2 1 7
2 2 15
25 1 4
10 1 2
19 1 9
2 2 7
8 1 3
2 2 19
26 1 4
12 1 11
26 1 42
19 1 26
10 2 8
2 1 15
8 1 42
2 2 4
6 1 2
2 1 2
4 2 19
8 1 2
15 2 2
42 2 3
3 1 2
25 1 2
25 1 19
? 1 github_java_program_data/9/java/4643_new.java

2 4 2
6 1 15
4 1 2
25 1 3
8 1 2
8 1 2
26 1 8
6 2 6
14 2 14
9 2 9
14 1 6
2 1 12
25 2 25
8 1 3
9 2 14
6 1 19
4 2 19
25 1 42
10 2 53
19 1 14
8 1 19
19 1 25
26 1 53
26 1 10
13 1 12
53 2 53
13 1 2
9 1 8
25 1 4
42 2 2
3 2 2
2 2 12
15 2 13
53 1 2
11 1 6
2 1 7
2 2 15
25 1 4
10 1 2
19 1 9
2 2 7
6 1 5
2 2 19
12 1 11
8 1 10
10 1 6
2 5 2
19 1 6
2 1 15
8 1 42
2 2 10
4 2 42
2 2 4
6 1 2
2 1 2
11 2 11
11 1 2
6 1 13
15 2 2
42 2 3
3 1 2
25 1 2
25 1 19
? 1 github_java_program_data/9/java/4666_new.java

53 2 8
6 1 15
4 2 13
4 1 2
25 1 3
6 1 13
25 1 13
8 1 2
13 1 11
26 1 8
6 2 6
13 2 19
15 2 5
14 1 6
2 1 12
25 2 25
8 1 3
9 2 14
6 1 19
4 2 19
25 1 42
10 2 53
19 1 14
8 1 19
2 4 2
19 1 25
26 1 53
26 1 10
15 2 15
10 1 6
9 2 25
13 1 2
14 2 9
9 1 8
25 1 4
42 2 2
3 2 2
2 2 12
15 2 13
53 1 2
11 1 6
2 1 7
2 2 15
25 1 4
10 1 2
19 1 9
2 2 7
6 1 5
2 2 19
12 1 11
8 1 10
13 1 12
2 5 2
2 1 2
2 1 15
8 1 42
53 2 53
2 2 10
4 2 42
2 2 4
6 1 2
19 1 6
11 2 11
11 1 2
8 1 2
15 2 2
42 2 3
3 1 2
25 1 2
25 1 19
? 1 github_java_program_data/9/java/4667_new.java

53 2 8
16 1 6
6 1 15
25 1 3
6 1 13
8 1 2
8 1 2
21 1 16
14 2 14
21 1 20
9 2 9
15 2 5
14 1 6
4 1 30
9 2 14
6 1 19
2 5 2
30 2 30
25 1 42
10 2 53
2 2 12
19 1 14
8 1 19
2 4 2
19 1 25
26 1 53
26 1 10
42 2 42
13 1 12
16 2 20
13 1 2
9 1 8
4 2 19
42 2 2
3 2 2
30 1 8
15 2 13
53 1 2
11 1 6
2 1 7
2 2 15
25 1 4
10 1 2
19 1 9
2 2 7
6 1 5
2 2 19
12 1 11
8 1 10
10 1 6
26 1 8
6 2 6
2 1 2
2 1 15
8 1 42
2 2 10
2 2 4
6 1 2
19 1 6
11 2 11
19 1 21
8 1 3
15 2 2
42 2 3
3 1 2
25 1 2
20 1 19
25 1 19
? 1 github_java_program_data/9/java/4669_new.java

6 1 15
4 1 2
25 1 3
6 1 13
8 1 2
2 4 2
26 1 8
9 2 9
15 2 5
14 1 6
2 1 12
25 2 25
8 1 3
9 2 14
4 2 19
25 1 42
10 2 53
19 1 14
8 1 19
19 1 25
26 1 53
3 2 2
10 1 6
53 2 53
13 1 2
9 1 8
25 1 4
2 2 12
15 2 13
53 1 2
11 1 6
42 2 2
2 2 15
25 1 4
10 1 2
19 1 9
6 1 5
2 2 19
12 1 11
8 1 10
13 1 12
26 1 10
2 5 2
2 1 15
8 1 42
2 2 10
4 2 42
2 2 4
6 1 2
2 1 2
11 2 11
11 1 2
8 1 2
15 2 2
42 2 3
3 1 2
25 1 2
25 1 19
? 1 github_java_program_data/9/java/4671_new.java

53 2 8
26 2 25
6 1 15
8 1 2
26 1 2
13 2 15
4 1 2
25 1 3
6 1 13
19 1 24
8 1 2
26 1 19
24 1 6
26 1 8
14 1 6
2 1 12
4 1 30
25 2 25
8 1 60
2 2 60
4 2 19
33 1 2
25 1 42
10 2 53
2 2 12
3 1 42
19 1 14
8 1 19
19 1 25
26 1 53
26 1 10
13 1 12
60 1 33
30 1 33
13 1 2
25 1 4
42 2 2
3 2 2
30 1 8
15 2 13
53 1 2
11 1 6
2 1 7
2 2 15
25 1 4
10 1 2
2 2 7
2 1 4
26 1 4
12 1 11
26 1 42
19 1 26
2 2 33
2 5 2
6 1 5
2 1 15
8 1 42
4 2 42
2 2 4
6 1 2
2 1 2
11 1 2
8 1 3
15 2 2
42 2 3
30 1 2
3 1 2
60 2 19
25 1 2
25 1 19
? 1 github_java_program_data/9/java/4689_new.java

2 4 2
6 1 15
4 1 2
25 1 3
8 1 2
8 1 2
26 1 8
6 2 6
14 2 14
9 2 9
14 1 6
2 1 12
25 2 25
8 1 3
9 2 14
6 1 19
4 2 19
25 1 42
10 2 53
19 1 14
8 1 19
19 1 25
26 1 53
26 1 10
13 1 12
53 2 53
13 1 2
9 1 8
25 1 4
42 2 2
3 2 2
2 2 12
15 2 13
53 1 2
11 1 6
2 1 7
2 2 15
25 1 4
10 1 2
19 1 9
2 2 7
6 1 5
2 2 19
12 1 11
8 1 10
10 1 6
2 5 2
19 1 6
2 1 15
8 1 42
2 2 10
4 2 42
2 2 4
6 1 2
2 1 2
11 2 11
11 1 2
6 1 13
15 2 2
42 2 3
3 1 2
25 1 2
25 1 19
? 1 github_java_program_data/9/java/4696_new.java

26 2 25
16 1 6
6 1 15
26 1 2
10 2 53
53 2 8
4 1 2
25 1 3
6 1 13
8 1 2
26 1 19
8 1 2
21 1 16
21 1 20
14 2 14
15 2 5
14 1 6
4 1 30
8 1 42
9 2 14
9 2 26
4 2 19
30 2 30
8 1 10
25 1 42
2 2 12
3 1 42
19 1 14
8 1 19
19 1 26
19 1 25
2 2 60
26 1 53
26 1 10
10 1 6
8 1 60
16 2 20
13 1 2
2 4 2
9 1 8
25 1 4
42 2 2
3 2 2
30 1 8
15 2 13
53 1 2
11 1 6
2 1 7
2 2 15
25 1 4
10 1 2
19 1 9
2 2 7
6 1 5
26 1 4
9 2 9
45 1 2
12 1 11
26 1 42
13 1 12
2 5 2
26 1 8
60 1 45
2 1 15
8 1 42
2 2 10
4 2 42
25 2 25
2 2 4
6 1 2
2 1 2
11 2 11
19 1 21
8 1 3
15 2 2
42 2 3
3 1 2
60 2 19
25 1 2
20 1 19
25 1 19
? 1 github_java_program_data/9/java/4698_new.java

53 2 8
16 1 6
6 1 15
25 1 3
6 1 13
8 1 2
8 1 2
21 1 16
14 2 14
21 1 20
9 2 9
15 2 5
14 1 6
4 1 30
9 2 14
6 1 19
2 5 2
30 2 30
25 1 42
10 2 53
2 2 12
19 1 14
8 1 19
2 4 2
19 1 25
26 1 53
26 1 10
42 2 42
13 1 12
16 2 20
13 1 2
9 1 8
4 2 19
42 2 2
3 2 2
30 1 8
15 2 13
53 1 2
11 1 6
2 1 7
2 2 15
25 1 4
10 1 2
19 1 9
2 2 7
6 1 5
2 2 19
12 1 11
8 1 10
10 1 6
26 1 8
6 2 6
2 1 2
2 1 15
8 1 42
2 2 10
2 2 4
6 1 2
19 1 6
11 2 11
19 1 21
8 1 3
15 2 2
42 2 3
3 1 2
25 1 2
20 1 19
25 1 19
? 1 github_java_program_data/9/java/4699_new.java

26 2 25
6 1 15
26 1 2
25 1 3
15 2 15
19 1 24
8 1 2
26 1 19
19 1 14
26 1 8
14 1 6
4 1 30
8 1 42
9 2 26
2 5 2
26 2 26
25 1 42
2 2 12
24 1 6
8 1 19
19 1 25
3 2 2
13 1 12
13 1 2
9 1 8
26 1 10
42 2 2
30 1 8
15 2 13
6 1 13
11 1 6
2 1 7
2 2 15
25 1 4
10 1 2
19 1 9
2 2 7
8 1 3
2 2 19
26 1 4
12 1 11
26 1 42
19 1 26
10 2 8
2 1 15
8 1 42
2 2 4
6 1 2
2 1 2
4 2 19
8 1 2
15 2 2
42 2 3
3 1 2
25 1 2
25 1 19
? 1 github_java_program_data/9/java/4703_new.java

53 2 8
26 2 25
6 1 15
8 1 2
26 1 2
13 2 15
4 1 2
25 1 3
6 1 13
19 1 24
8 1 2
26 1 19
24 1 6
26 1 8
14 1 6
2 1 12
4 1 30
25 2 25
8 1 60
2 2 60
4 2 19
33 1 2
25 1 42
10 2 53
2 2 12
3 1 42
19 1 14
8 1 19
19 1 25
26 1 53
26 1 10
13 1 12
60 1 33
30 1 33
13 1 2
25 1 4
42 2 2
3 2 2
30 1 8
15 2 13
53 1 2
11 1 6
2 1 7
2 2 15
25 1 4
10 1 2
2 2 7
2 1 4
26 1 4
12 1 11
26 1 42
19 1 26
2 2 33
2 5 2
6 1 5
2 1 15
8 1 42
4 2 42
2 2 4
6 1 2
2 1 2
11 1 2
8 1 3
15 2 2
42 2 3
30 1 2
3 1 2
60 2 19
25 1 2
25 1 19
? 1 github_java_program_data/9/java/4719_new.java

6 1 15
14 2 22
22 1 19
8 1 2
2 4 2
26 1 8
22 1 18
6 2 6
14 2 14
9 2 9
14 1 6
4 1 30
10 1 8
9 2 14
6 1 19
18 1 10
8 1 3
2 2 12
19 1 14
8 1 19
19 1 25
15 2 5
26 1 10
42 2 42
13 1 12
25 1 3
13 1 2
9 1 8
4 2 19
42 2 2
3 2 2
30 1 8
15 2 13
22 2 14
6 1 13
11 1 6
2 1 7
2 2 15
25 1 4
10 1 2
19 1 9
2 2 7
6 1 5
2 2 19
25 1 42
12 1 11
8 1 10
8 1 19
2 5 2
2 2 19
18 2 19
19 1 6
19 1 6
2 1 15
8 1 42
2 2 10
10 1 6
2 2 4
6 1 2
2 1 2
19 1 22
8 1 2
15 2 2
42 2 3
3 1 2
25 1 2
25 1 19
? 1 github_java_program_data/9/java/4725_new.java

2 4 2
6 1 15
4 1 2
25 1 3
8 1 2
8 1 2
26 1 8
6 2 6
14 2 14
9 2 9
14 1 6
2 1 12
25 2 25
8 1 3
9 2 14
6 1 19
4 2 19
25 1 42
10 2 53
19 1 14
8 1 19
19 1 25
26 1 53
26 1 10
13 1 12
53 2 53
13 1 2
9 1 8
25 1 4
42 2 2
3 2 2
2 2 12
15 2 13
53 1 2
11 1 6
2 1 7
2 2 15
25 1 4
10 1 2
19 1 9
2 2 7
6 1 5
2 2 19
12 1 11
8 1 10
10 1 6
2 5 2
19 1 6
2 1 15
8 1 42
2 2 10
4 2 42
2 2 4
6 1 2
2 1 2
11 2 11
11 1 2
6 1 13
15 2 2
42 2 3
3 1 2
25 1 2
25 1 19
? 1 github_java_program_data/9/java/4726_new.java

26 2 25
16 1 6
6 1 15
26 1 2
10 2 53
53 2 8
4 1 2
25 1 3
6 1 13
8 1 2
26 1 19
8 1 2
21 1 16
21 1 20
14 2 14
15 2 5
14 1 6
4 1 30
8 1 42
9 2 14
9 2 26
4 2 19
30 2 30
8 1 10
25 1 42
2 2 12
3 1 42
19 1 14
8 1 19
19 1 26
19 1 25
2 2 60
26 1 53
26 1 10
10 1 6
8 1 60
16 2 20
13 1 2
2 4 2
9 1 8
25 1 4
42 2 2
3 2 2
30 1 8
15 2 13
53 1 2
11 1 6
2 1 7
2 2 15
25 1 4
10 1 2
19 1 9
2 2 7
6 1 5
26 1 4
9 2 9
45 1 2
12 1 11
26 1 42
13 1 12
2 5 2
26 1 8
60 1 45
2 1 15
8 1 42
2 2 10
4 2 42
25 2 25
2 2 4
6 1 2
2 1 2
11 2 11
19 1 21
8 1 3
15 2 2
42 2 3
3 1 2
60 2 19
25 1 2
20 1 19
25 1 19
? 1 github_java_program_data/9/java/4728_new.java

53 2 8
16 1 6
6 1 15
25 1 3
6 1 13
8 1 2
8 1 2
21 1 16
14 2 14
21 1 20
9 2 9
15 2 5
14 1 6
4 1 30
9 2 14
6 1 19
2 5 2
30 2 30
25 1 42
10 2 53
2 2 12
19 1 14
8 1 19
2 4 2
19 1 25
26 1 53
26 1 10
42 2 42
13 1 12
16 2 20
13 1 2
9 1 8
4 2 19
42 2 2
3 2 2
30 1 8
15 2 13
53 1 2
11 1 6
2 1 7
2 2 15
25 1 4
10 1 2
19 1 9
2 2 7
6 1 5
2 2 19
12 1 11
8 1 10
10 1 6
26 1 8
6 2 6
2 1 2
2 1 15
8 1 42
2 2 10
2 2 4
6 1 2
19 1 6
11 2 11
19 1 21
8 1 3
15 2 2
42 2 3
3 1 2
25 1 2
20 1 19
25 1 19
? 1 github_java_program_data/9/java/4729_new.java

26 2 25
6 1 15
26 1 2
25 1 3
15 2 15
19 1 24
8 1 2
26 1 19
19 1 14
26 1 8
14 1 6
4 1 30
8 1 42
9 2 26
2 5 2
26 2 26
25 1 42
2 2 12
24 1 6
8 1 19
19 1 25
3 2 2
13 1 12
13 1 2
9 1 8
26 1 10
42 2 2
30 1 8
15 2 13
6 1 13
11 1 6
2 1 7
2 2 15
25 1 4
10 1 2
19 1 9
2 2 7
8 1 3
2 2 19
26 1 4
12 1 11
26 1 42
19 1 26
10 2 8
2 1 15
8 1 42
2 2 4
6 1 2
2 1 2
4 2 19
8 1 2
15 2 2
42 2 3
3 1 2
25 1 2
25 1 19
? 1 github_java_program_data/9/java/4733_new.java

53 2 8
13 2 15
25 1 3
24 1 6
21 1 16
21 1 20
8 1 42
14 1 6
9 2 22
6 1 19
18 1 10
30 2 30
8 1 3
19 1 14
19 1 25
26 1 53
3 2 2
42 2 42
9 2 14
9 1 8
2 2 12
15 2 13
53 1 2
2 2 15
25 1 4
19 1 9
6 1 5
2 2 19
12 1 11
15 2 15
2 2 19
19 1 6
2 1 15
16 2 17
2 2 10
4 2 19
19 1 6
8 1 19
6 1 13
2 2 4
20 1 19
25 1 19
16 1 6
6 1 15
14 2 22
22 1 19
19 1 24
8 1 2
2 4 2
26 1 8
22 1 18
6 2 6
17 1 6
14 2 14
4 1 30
25 2 25
18 1 17
10 1 8
6 1 2
25 1 42
30 1 8
14 2 24
2 1 2
8 1 19
13 1 12
19 1 21
13 1 2
14 2 9
22 2 14
11 1 6
2 1 7
42 2 2
7 1 6
18 1 16
2 2 7
9 2 9
8 1 10
2 5 2
18 2 19
15 2 5
10 1 6
10 2 16
11 2 11
19 1 22
8 1 2
15 2 2
42 2 3
3 1 2
25 1 2
16 2 20
? 1 github_java_program_data/9/java/4737_new.java

2 4 2
6 1 15
4 1 2
25 1 3
8 1 2
8 1 2
26 1 8
6 2 6
14 2 14
9 2 9
14 1 6
2 1 12
25 2 25
8 1 3
9 2 14
6 1 19
4 2 19
25 1 42
10 2 53
19 1 14
8 1 19
19 1 25
26 1 53
26 1 10
13 1 12
53 2 53
13 1 2
9 1 8
25 1 4
42 2 2
3 2 2
2 2 12
15 2 13
53 1 2
11 1 6
2 1 7
2 2 15
25 1 4
10 1 2
19 1 9
2 2 7
6 1 5
2 2 19
12 1 11
8 1 10
10 1 6
2 5 2
19 1 6
2 1 15
8 1 42
2 2 10
4 2 42
2 2 4
6 1 2
2 1 2
11 2 11
11 1 2
6 1 13
15 2 2
42 2 3
3 1 2
25 1 2
25 1 19
? 1 github_java_program_data/9/java/4756_new.java

53 2 8
6 1 15
4 2 13
4 1 2
25 1 3
6 1 13
25 1 13
8 1 2
13 1 11
26 1 8
6 2 6
13 2 19
15 2 5
14 1 6
2 1 12
25 2 25
8 1 3
9 2 14
6 1 19
4 2 19
25 1 42
10 2 53
19 1 14
8 1 19
2 4 2
19 1 25
26 1 53
26 1 10
15 2 15
10 1 6
9 2 25
13 1 2
14 2 9
9 1 8
25 1 4
42 2 2
3 2 2
2 2 12
15 2 13
53 1 2
11 1 6
2 1 7
2 2 15
25 1 4
10 1 2
19 1 9
2 2 7
6 1 5
2 2 19
12 1 11
8 1 10
13 1 12
2 5 2
2 1 2
2 1 15
8 1 42
53 2 53
2 2 10
4 2 42
2 2 4
6 1 2
19 1 6
11 2 11
11 1 2
8 1 2
15 2 2
42 2 3
3 1 2
25 1 2
25 1 19
? 1 github_java_program_data/9/java/4757_new.java

53 2 8
16 1 6
6 1 15
25 1 3
6 1 13
8 1 2
8 1 2
21 1 16
14 2 14
21 1 20
9 2 9
15 2 5
14 1 6
4 1 30
9 2 14
6 1 19
2 5 2
30 2 30
25 1 42
10 2 53
2 2 12
19 1 14
8 1 19
2 4 2
19 1 25
26 1 53
26 1 10
42 2 42
13 1 12
16 2 20
13 1 2
9 1 8
4 2 19
42 2 2
3 2 2
30 1 8
15 2 13
53 1 2
11 1 6
2 1 7
2 2 15
25 1 4
10 1 2
19 1 9
2 2 7
6 1 5
2 2 19
12 1 11
8 1 10
10 1 6
26 1 8
6 2 6
2 1 2
2 1 15
8 1 42
2 2 10
2 2 4
6 1 2
19 1 6
11 2 11
19 1 21
8 1 3
15 2 2
42 2 3
3 1 2
25 1 2
20 1 19
25 1 19
? 1 github_java_program_data/9/java/4759_new.java

6 1 15
4 1 2
25 1 3
6 1 13
8 1 2
2 4 2
26 1 8
9 2 9
15 2 5
14 1 6
2 1 12
25 2 25
8 1 3
9 2 14
4 2 19
25 1 42
10 2 53
19 1 14
8 1 19
19 1 25
26 1 53
3 2 2
10 1 6
53 2 53
13 1 2
9 1 8
25 1 4
2 2 12
15 2 13
53 1 2
11 1 6
42 2 2
2 2 15
25 1 4
10 1 2
19 1 9
6 1 5
2 2 19
12 1 11
8 1 10
13 1 12
26 1 10
2 5 2
2 1 15
8 1 42
2 2 10
4 2 42
2 2 4
6 1 2
2 1 2
11 2 11
11 1 2
8 1 2
15 2 2
42 2 3
3 1 2
25 1 2
25 1 19
? 1 github_java_program_data/9/java/4761_new.java

53 2 8
26 2 25
6 1 15
8 1 2
26 1 2
13 2 15
4 1 2
25 1 3
6 1 13
19 1 24
8 1 2
26 1 19
24 1 6
26 1 8
14 1 6
2 1 12
4 1 30
25 2 25
8 1 60
2 2 60
4 2 19
33 1 2
25 1 42
10 2 53
2 2 12
3 1 42
19 1 14
8 1 19
19 1 25
26 1 53
26 1 10
13 1 12
60 1 33
30 1 33
13 1 2
25 1 4
42 2 2
3 2 2
30 1 8
15 2 13
53 1 2
11 1 6
2 1 7
2 2 15
25 1 4
10 1 2
2 2 7
2 1 4
26 1 4
12 1 11
26 1 42
19 1 26
2 2 33
2 5 2
6 1 5
2 1 15
8 1 42
4 2 42
2 2 4
6 1 2
2 1 2
11 1 2
8 1 3
15 2 2
42 2 3
30 1 2
3 1 2
60 2 19
25 1 2
25 1 19
? 1 github_java_program_data/9/java/4779_new.java

2 4 2
6 1 15
4 1 2
25 1 3
8 1 2
8 1 2
26 1 8
6 2 6
14 2 14
9 2 9
14 1 6
2 1 12
25 2 25
8 1 3
9 2 14
6 1 19
4 2 19
25 1 42
10 2 53
19 1 14
8 1 19
19 1 25
26 1 53
26 1 10
13 1 12
53 2 53
13 1 2
9 1 8
25 1 4
42 2 2
3 2 2
2 2 12
15 2 13
53 1 2
11 1 6
2 1 7
2 2 15
25 1 4
10 1 2
19 1 9
2 2 7
6 1 5
2 2 19
12 1 11
8 1 10
10 1 6
2 5 2
19 1 6
2 1 15
8 1 42
2 2 10
4 2 42
2 2 4
6 1 2
2 1 2
11 2 11
11 1 2
6 1 13
15 2 2
42 2 3
3 1 2
25 1 2
25 1 19
? 1 github_java_program_data/9/java/4786_new.java

26 2 25
16 1 6
6 1 15
26 1 2
10 2 53
53 2 8
4 1 2
25 1 3
6 1 13
8 1 2
26 1 19
8 1 2
21 1 16
21 1 20
14 2 14
15 2 5
14 1 6
4 1 30
8 1 42
9 2 14
9 2 26
4 2 19
30 2 30
8 1 10
25 1 42
2 2 12
3 1 42
19 1 14
8 1 19
19 1 26
19 1 25
2 2 60
26 1 53
26 1 10
10 1 6
8 1 60
16 2 20
13 1 2
2 4 2
9 1 8
25 1 4
42 2 2
3 2 2
30 1 8
15 2 13
53 1 2
11 1 6
2 1 7
2 2 15
25 1 4
10 1 2
19 1 9
2 2 7
6 1 5
26 1 4
9 2 9
45 1 2
12 1 11
26 1 42
13 1 12
2 5 2
26 1 8
60 1 45
2 1 15
8 1 42
2 2 10
4 2 42
25 2 25
2 2 4
6 1 2
2 1 2
11 2 11
19 1 21
8 1 3
15 2 2
42 2 3
3 1 2
60 2 19
25 1 2
20 1 19
25 1 19
? 1 github_java_program_data/9/java/4788_new.java

53 2 8
16 1 6
6 1 15
25 1 3
6 1 13
8 1 2
8 1 2
21 1 16
14 2 14
21 1 20
9 2 9
15 2 5
14 1 6
4 1 30
9 2 14
6 1 19
2 5 2
30 2 30
25 1 42
10 2 53
2 2 12
19 1 14
8 1 19
2 4 2
19 1 25
26 1 53
26 1 10
42 2 42
13 1 12
16 2 20
13 1 2
9 1 8
4 2 19
42 2 2
3 2 2
30 1 8
15 2 13
53 1 2
11 1 6
2 1 7
2 2 15
25 1 4
10 1 2
19 1 9
2 2 7
6 1 5
2 2 19
12 1 11
8 1 10
10 1 6
26 1 8
6 2 6
2 1 2
2 1 15
8 1 42
2 2 10
2 2 4
6 1 2
19 1 6
11 2 11
19 1 21
8 1 3
15 2 2
42 2 3
3 1 2
25 1 2
20 1 19
25 1 19
? 1 github_java_program_data/9/java/4789_new.java

26 2 25
6 1 15
26 1 2
25 1 3
15 2 15
19 1 24
8 1 2
26 1 19
19 1 14
26 1 8
14 1 6
4 1 30
8 1 42
9 2 26
2 5 2
26 2 26
25 1 42
2 2 12
24 1 6
8 1 19
19 1 25
3 2 2
13 1 12
13 1 2
9 1 8
26 1 10
42 2 2
30 1 8
15 2 13
6 1 13
11 1 6
2 1 7
2 2 15
25 1 4
10 1 2
19 1 9
2 2 7
8 1 3
2 2 19
26 1 4
12 1 11
26 1 42
19 1 26
10 2 8
2 1 15
8 1 42
2 2 4
6 1 2
2 1 2
4 2 19
8 1 2
15 2 2
42 2 3
3 1 2
25 1 2
25 1 19
? 1 github_java_program_data/9/java/4793_new.java

53 2 8
26 2 25
6 1 15
8 1 2
26 1 2
13 2 15
4 1 2
25 1 3
6 1 13
19 1 24
8 1 2
26 1 19
24 1 6
26 1 8
14 1 6
2 1 12
4 1 30
25 2 25
8 1 60
2 2 60
4 2 19
33 1 2
25 1 42
10 2 53
2 2 12
3 1 42
19 1 14
8 1 19
19 1 25
26 1 53
26 1 10
13 1 12
60 1 33
30 1 33
13 1 2
25 1 4
42 2 2
3 2 2
30 1 8
15 2 13
53 1 2
11 1 6
2 1 7
2 2 15
25 1 4
10 1 2
2 2 7
2 1 4
26 1 4
12 1 11
26 1 42
19 1 26
2 2 33
2 5 2
6 1 5
2 1 15
8 1 42
4 2 42
2 2 4
6 1 2
2 1 2
11 1 2
8 1 3
15 2 2
42 2 3
30 1 2
3 1 2
60 2 19
25 1 2
25 1 19
? 1 github_java_program_data/9/java/4809_new.java

2 4 2
6 1 15
4 1 2
25 1 3
8 1 2
8 1 2
26 1 8
6 2 6
14 2 14
9 2 9
14 1 6
2 1 12
25 2 25
8 1 3
9 2 14
6 1 19
4 2 19
25 1 42
10 2 53
19 1 14
8 1 19
19 1 25
26 1 53
26 1 10
13 1 12
53 2 53
13 1 2
9 1 8
25 1 4
42 2 2
3 2 2
2 2 12
15 2 13
53 1 2
11 1 6
2 1 7
2 2 15
25 1 4
10 1 2
19 1 9
2 2 7
6 1 5
2 2 19
12 1 11
8 1 10
10 1 6
2 5 2
19 1 6
2 1 15
8 1 42
2 2 10
4 2 42
2 2 4
6 1 2
2 1 2
11 2 11
11 1 2
6 1 13
15 2 2
42 2 3
3 1 2
25 1 2
25 1 19
? 1 github_java_program_data/9/java/4816_new.java

53 2 8
6 1 15
4 2 13
4 1 2
25 1 3
6 1 13
25 1 13
8 1 2
13 1 11
26 1 8
6 2 6
13 2 19
15 2 5
14 1 6
2 1 12
25 2 25
8 1 3
9 2 14
6 1 19
4 2 19
25 1 42
10 2 53
19 1 14
8 1 19
2 4 2
19 1 25
26 1 53
26 1 10
15 2 15
10 1 6
9 2 25
13 1 2
14 2 9
9 1 8
25 1 4
42 2 2
3 2 2
2 2 12
15 2 13
53 1 2
11 1 6
2 1 7
2 2 15
25 1 4
10 1 2
19 1 9
2 2 7
6 1 5
2 2 19
12 1 11
8 1 10
13 1 12
2 5 2
2 1 2
2 1 15
8 1 42
53 2 53
2 2 10
4 2 42
2 2 4
6 1 2
19 1 6
11 2 11
11 1 2
8 1 2
15 2 2
42 2 3
3 1 2
25 1 2
25 1 19
? 1 github_java_program_data/9/java/4817_new.java

53 2 8
16 1 6
6 1 15
25 1 3
6 1 13
8 1 2
8 1 2
21 1 16
14 2 14
21 1 20
9 2 9
15 2 5
14 1 6
4 1 30
9 2 14
6 1 19
2 5 2
30 2 30
25 1 42
10 2 53
2 2 12
19 1 14
8 1 19
2 4 2
19 1 25
26 1 53
26 1 10
42 2 42
13 1 12
16 2 20
13 1 2
9 1 8
4 2 19
42 2 2
3 2 2
30 1 8
15 2 13
53 1 2
11 1 6
2 1 7
2 2 15
25 1 4
10 1 2
19 1 9
2 2 7
6 1 5
2 2 19
12 1 11
8 1 10
10 1 6
26 1 8
6 2 6
2 1 2
2 1 15
8 1 42
2 2 10
2 2 4
6 1 2
19 1 6
11 2 11
19 1 21
8 1 3
15 2 2
42 2 3
3 1 2
25 1 2
20 1 19
25 1 19
? 1 github_java_program_data/9/java/4819_new.java

6 1 15
4 1 2
25 1 3
6 1 13
8 1 2
2 4 2
26 1 8
9 2 9
15 2 5
14 1 6
2 1 12
25 2 25
8 1 3
9 2 14
4 2 19
25 1 42
10 2 53
19 1 14
8 1 19
19 1 25
26 1 53
3 2 2
10 1 6
53 2 53
13 1 2
9 1 8
25 1 4
2 2 12
15 2 13
53 1 2
11 1 6
42 2 2
2 2 15
25 1 4
10 1 2
19 1 9
6 1 5
2 2 19
12 1 11
8 1 10
13 1 12
26 1 10
2 5 2
2 1 15
8 1 42
2 2 10
4 2 42
2 2 4
6 1 2
2 1 2
11 2 11
11 1 2
8 1 2
15 2 2
42 2 3
3 1 2
25 1 2
25 1 19
? 1 github_java_program_data/9/java/4821_new.java

53 2 8
26 2 25
6 1 15
8 1 2
26 1 2
13 2 15
4 1 2
25 1 3
6 1 13
19 1 24
8 1 2
26 1 19
24 1 6
26 1 8
14 1 6
2 1 12
4 1 30
25 2 25
8 1 60
2 2 60
4 2 19
33 1 2
25 1 42
10 2 53
2 2 12
3 1 42
19 1 14
8 1 19
19 1 25
26 1 53
26 1 10
13 1 12
60 1 33
30 1 33
13 1 2
25 1 4
42 2 2
3 2 2
30 1 8
15 2 13
53 1 2
11 1 6
2 1 7
2 2 15
25 1 4
10 1 2
2 2 7
2 1 4
26 1 4
12 1 11
26 1 42
19 1 26
2 2 33
2 5 2
6 1 5
2 1 15
8 1 42
4 2 42
2 2 4
6 1 2
2 1 2
11 1 2
8 1 3
15 2 2
42 2 3
30 1 2
3 1 2
60 2 19
25 1 2
25 1 19
? 1 github_java_program_data/9/java/4839_new.java

2 4 2
6 1 15
4 1 2
25 1 3
8 1 2
8 1 2
26 1 8
6 2 6
14 2 14
9 2 9
14 1 6
2 1 12
25 2 25
8 1 3
9 2 14
6 1 19
4 2 19
25 1 42
10 2 53
19 1 14
8 1 19
19 1 25
26 1 53
26 1 10
13 1 12
53 2 53
13 1 2
9 1 8
25 1 4
42 2 2
3 2 2
2 2 12
15 2 13
53 1 2
11 1 6
2 1 7
2 2 15
25 1 4
10 1 2
19 1 9
2 2 7
6 1 5
2 2 19
12 1 11
8 1 10
10 1 6
2 5 2
19 1 6
2 1 15
8 1 42
2 2 10
4 2 42
2 2 4
6 1 2
2 1 2
11 2 11
11 1 2
6 1 13
15 2 2
42 2 3
3 1 2
25 1 2
25 1 19
? 1 github_java_program_data/9/java/4846_new.java

26 2 25
16 1 6
6 1 15
26 1 2
10 2 53
53 2 8
4 1 2
25 1 3
6 1 13
8 1 2
26 1 19
8 1 2
21 1 16
21 1 20
14 2 14
15 2 5
14 1 6
4 1 30
8 1 42
9 2 14
9 2 26
4 2 19
30 2 30
8 1 10
25 1 42
2 2 12
3 1 42
19 1 14
8 1 19
19 1 26
19 1 25
2 2 60
26 1 53
26 1 10
10 1 6
8 1 60
16 2 20
13 1 2
2 4 2
9 1 8
25 1 4
42 2 2
3 2 2
30 1 8
15 2 13
53 1 2
11 1 6
2 1 7
2 2 15
25 1 4
10 1 2
19 1 9
2 2 7
6 1 5
26 1 4
9 2 9
45 1 2
12 1 11
26 1 42
13 1 12
2 5 2
26 1 8
60 1 45
2 1 15
8 1 42
2 2 10
4 2 42
25 2 25
2 2 4
6 1 2
2 1 2
11 2 11
19 1 21
8 1 3
15 2 2
42 2 3
3 1 2
60 2 19
25 1 2
20 1 19
25 1 19
? 1 github_java_program_data/9/java/4848_new.java

53 2 8
16 1 6
6 1 15
25 1 3
6 1 13
8 1 2
8 1 2
21 1 16
14 2 14
21 1 20
9 2 9
15 2 5
14 1 6
4 1 30
9 2 14
6 1 19
2 5 2
30 2 30
25 1 42
10 2 53
2 2 12
19 1 14
8 1 19
2 4 2
19 1 25
26 1 53
26 1 10
42 2 42
13 1 12
16 2 20
13 1 2
9 1 8
4 2 19
42 2 2
3 2 2
30 1 8
15 2 13
53 1 2
11 1 6
2 1 7
2 2 15
25 1 4
10 1 2
19 1 9
2 2 7
6 1 5
2 2 19
12 1 11
8 1 10
10 1 6
26 1 8
6 2 6
2 1 2
2 1 15
8 1 42
2 2 10
2 2 4
6 1 2
19 1 6
11 2 11
19 1 21
8 1 3
15 2 2
42 2 3
3 1 2
25 1 2
20 1 19
25 1 19
? 1 github_java_program_data/9/java/4849_new.java

26 2 25
6 1 15
26 1 2
25 1 3
15 2 15
19 1 24
8 1 2
26 1 19
19 1 14
26 1 8
14 1 6
4 1 30
8 1 42
9 2 26
2 5 2
26 2 26
25 1 42
2 2 12
24 1 6
8 1 19
19 1 25
3 2 2
13 1 12
13 1 2
9 1 8
26 1 10
42 2 2
30 1 8
15 2 13
6 1 13
11 1 6
2 1 7
2 2 15
25 1 4
10 1 2
19 1 9
2 2 7
8 1 3
2 2 19
26 1 4
12 1 11
26 1 42
19 1 26
10 2 8
2 1 15
8 1 42
2 2 4
6 1 2
2 1 2
4 2 19
8 1 2
15 2 2
42 2 3
3 1 2
25 1 2
25 1 19
? 1 github_java_program_data/9/java/4853_new.java

16 1 6
6 1 15
14 2 22
2 2 4
22 1 19
8 1 2
2 4 2
26 1 8
22 1 18
9 2 9
17 1 6
4 1 30
14 1 6
18 1 17
9 2 22
10 1 8
5 2 15
18 1 10
8 1 3
2 2 12
19 1 14
8 1 19
4 2 19
19 1 25
15 2 5
26 1 10
42 2 42
13 1 12
25 1 3
13 1 2
9 1 8
22 2 9
42 2 2
3 2 2
30 1 8
16 2 17
6 1 13
11 1 6
2 1 7
2 2 15
25 1 4
7 1 6
10 1 2
18 1 16
2 2 7
6 1 5
2 2 19
25 1 42
12 1 11
8 1 10
10 1 6
2 5 2
18 2 19
2 1 15
8 1 42
2 2 10
10 2 16
6 1 2
2 1 2
19 1 9
11 2 11
19 1 22
8 1 2
15 2 2
42 2 3
3 1 2
25 1 2
25 1 19
? 1 github_java_program_data/9/java/4863_new.java

53 2 8
26 2 25
6 1 15
8 1 2
26 1 2
13 2 15
4 1 2
25 1 3
6 1 13
19 1 24
8 1 2
26 1 19
24 1 6
26 1 8
14 1 6
2 1 12
4 1 30
25 2 25
8 1 60
2 2 60
4 2 19
33 1 2
25 1 42
10 2 53
2 2 12
3 1 42
19 1 14
8 1 19
19 1 25
26 1 53
26 1 10
13 1 12
60 1 33
30 1 33
13 1 2
25 1 4
42 2 2
3 2 2
30 1 8
15 2 13
53 1 2
11 1 6
2 1 7
2 2 15
25 1 4
10 1 2
2 2 7
2 1 4
26 1 4
12 1 11
26 1 42
19 1 26
2 2 33
2 5 2
6 1 5
2 1 15
8 1 42
4 2 42
2 2 4
6 1 2
2 1 2
11 1 2
8 1 3
15 2 2
42 2 3
30 1 2
3 1 2
60 2 19
25 1 2
25 1 19
? 1 github_java_program_data/9/java/4869_new.java

2 4 2
6 1 15
4 1 2
25 1 3
8 1 2
8 1 2
26 1 8
6 2 6
14 2 14
9 2 9
14 1 6
2 1 12
25 2 25
8 1 3
9 2 14
6 1 19
4 2 19
25 1 42
10 2 53
19 1 14
8 1 19
19 1 25
26 1 53
26 1 10
13 1 12
53 2 53
13 1 2
9 1 8
25 1 4
42 2 2
3 2 2
2 2 12
15 2 13
53 1 2
11 1 6
2 1 7
2 2 15
25 1 4
10 1 2
19 1 9
2 2 7
6 1 5
2 2 19
12 1 11
8 1 10
10 1 6
2 5 2
19 1 6
2 1 15
8 1 42
2 2 10
4 2 42
2 2 4
6 1 2
2 1 2
11 2 11
11 1 2
6 1 13
15 2 2
42 2 3
3 1 2
25 1 2
25 1 19
? 1 github_java_program_data/9/java/4876_new.java

26 2 25
16 1 6
6 1 15
26 1 2
10 2 53
53 2 8
4 1 2
25 1 3
6 1 13
8 1 2
26 1 19
8 1 2
21 1 16
21 1 20
14 2 14
15 2 5
14 1 6
4 1 30
8 1 42
9 2 14
9 2 26
4 2 19
30 2 30
8 1 10
25 1 42
2 2 12
3 1 42
19 1 14
8 1 19
19 1 26
19 1 25
2 2 60
26 1 53
26 1 10
10 1 6
8 1 60
16 2 20
13 1 2
2 4 2
9 1 8
25 1 4
42 2 2
3 2 2
30 1 8
15 2 13
53 1 2
11 1 6
2 1 7
2 2 15
25 1 4
10 1 2
19 1 9
2 2 7
6 1 5
26 1 4
9 2 9
45 1 2
12 1 11
26 1 42
13 1 12
2 5 2
26 1 8
60 1 45
2 1 15
8 1 42
2 2 10
4 2 42
25 2 25
2 2 4
6 1 2
2 1 2
11 2 11
19 1 21
8 1 3
15 2 2
42 2 3
3 1 2
60 2 19
25 1 2
20 1 19
25 1 19
? 1 github_java_program_data/9/java/4878_new.java

53 2 8
16 1 6
6 1 15
25 1 3
6 1 13
8 1 2
8 1 2
21 1 16
14 2 14
21 1 20
9 2 9
15 2 5
14 1 6
4 1 30
9 2 14
6 1 19
2 5 2
30 2 30
25 1 42
10 2 53
2 2 12
19 1 14
8 1 19
2 4 2
19 1 25
26 1 53
26 1 10
42 2 42
13 1 12
16 2 20
13 1 2
9 1 8
4 2 19
42 2 2
3 2 2
30 1 8
15 2 13
53 1 2
11 1 6
2 1 7
2 2 15
25 1 4
10 1 2
19 1 9
2 2 7
6 1 5
2 2 19
12 1 11
8 1 10
10 1 6
26 1 8
6 2 6
2 1 2
2 1 15
8 1 42
2 2 10
2 2 4
6 1 2
19 1 6
11 2 11
19 1 21
8 1 3
15 2 2
42 2 3
3 1 2
25 1 2
20 1 19
25 1 19
? 1 github_java_program_data/9/java/4879_new.java

26 2 25
6 1 15
26 1 2
25 1 3
15 2 15
19 1 24
8 1 2
26 1 19
19 1 14
26 1 8
14 1 6
4 1 30
8 1 42
9 2 26
2 5 2
26 2 26
25 1 42
2 2 12
24 1 6
8 1 19
19 1 25
3 2 2
13 1 12
13 1 2
9 1 8
26 1 10
42 2 2
30 1 8
15 2 13
6 1 13
11 1 6
2 1 7
2 2 15
25 1 4
10 1 2
19 1 9
2 2 7
8 1 3
2 2 19
26 1 4
12 1 11
26 1 42
19 1 26
10 2 8
2 1 15
8 1 42
2 2 4
6 1 2
2 1 2
4 2 19
8 1 2
15 2 2
42 2 3
3 1 2
25 1 2
25 1 19
? 1 github_java_program_data/9/java/4883_new.java

53 2 8
26 2 25
6 1 15
8 1 2
26 1 2
13 2 15
4 1 2
25 1 3
6 1 13
19 1 24
8 1 2
26 1 19
24 1 6
26 1 8
14 1 6
2 1 12
4 1 30
25 2 25
8 1 60
2 2 60
4 2 19
33 1 2
25 1 42
10 2 53
2 2 12
3 1 42
19 1 14
8 1 19
19 1 25
26 1 53
26 1 10
13 1 12
60 1 33
30 1 33
13 1 2
25 1 4
42 2 2
3 2 2
30 1 8
15 2 13
53 1 2
11 1 6
2 1 7
2 2 15
25 1 4
10 1 2
2 2 7
2 1 4
26 1 4
12 1 11
26 1 42
19 1 26
2 2 33
2 5 2
6 1 5
2 1 15
8 1 42
4 2 42
2 2 4
6 1 2
2 1 2
11 1 2
8 1 3
15 2 2
42 2 3
30 1 2
3 1 2
60 2 19
25 1 2
25 1 19
? 1 github_java_program_data/9/java/4899_new.java

2 4 2
6 1 15
4 1 2
25 1 3
8 1 2
8 1 2
26 1 8
6 2 6
14 2 14
9 2 9
14 1 6
2 1 12
25 2 25
8 1 3
9 2 14
6 1 19
4 2 19
25 1 42
10 2 53
19 1 14
8 1 19
19 1 25
26 1 53
26 1 10
13 1 12
53 2 53
13 1 2
9 1 8
25 1 4
42 2 2
3 2 2
2 2 12
15 2 13
53 1 2
11 1 6
2 1 7
2 2 15
25 1 4
10 1 2
19 1 9
2 2 7
6 1 5
2 2 19
12 1 11
8 1 10
10 1 6
2 5 2
19 1 6
2 1 15
8 1 42
2 2 10
4 2 42
2 2 4
6 1 2
2 1 2
11 2 11
11 1 2
6 1 13
15 2 2
42 2 3
3 1 2
25 1 2
25 1 19
? 1 github_java_program_data/9/java/4906_new.java

53 2 8
6 1 15
4 2 13
4 1 2
25 1 3
6 1 13
25 1 13
8 1 2
13 1 11
26 1 8
6 2 6
13 2 19
15 2 5
14 1 6
2 1 12
25 2 25
8 1 3
9 2 14
6 1 19
4 2 19
25 1 42
10 2 53
19 1 14
8 1 19
2 4 2
19 1 25
26 1 53
26 1 10
15 2 15
10 1 6
9 2 25
13 1 2
14 2 9
9 1 8
25 1 4
42 2 2
3 2 2
2 2 12
15 2 13
53 1 2
11 1 6
2 1 7
2 2 15
25 1 4
10 1 2
19 1 9
2 2 7
6 1 5
2 2 19
12 1 11
8 1 10
13 1 12
2 5 2
2 1 2
2 1 15
8 1 42
53 2 53
2 2 10
4 2 42
2 2 4
6 1 2
19 1 6
11 2 11
11 1 2
8 1 2
15 2 2
42 2 3
3 1 2
25 1 2
25 1 19
? 1 github_java_program_data/9/java/4907_new.java

53 2 8
16 1 6
6 1 15
25 1 3
6 1 13
8 1 2
8 1 2
21 1 16
14 2 14
21 1 20
9 2 9
15 2 5
14 1 6
4 1 30
9 2 14
6 1 19
2 5 2
30 2 30
25 1 42
10 2 53
2 2 12
19 1 14
8 1 19
2 4 2
19 1 25
26 1 53
26 1 10
42 2 42
13 1 12
16 2 20
13 1 2
9 1 8
4 2 19
42 2 2
3 2 2
30 1 8
15 2 13
53 1 2
11 1 6
2 1 7
2 2 15
25 1 4
10 1 2
19 1 9
2 2 7
6 1 5
2 2 19
12 1 11
8 1 10
10 1 6
26 1 8
6 2 6
2 1 2
2 1 15
8 1 42
2 2 10
2 2 4
6 1 2
19 1 6
11 2 11
19 1 21
8 1 3
15 2 2
42 2 3
3 1 2
25 1 2
20 1 19
25 1 19
? 1 github_java_program_data/9/java/4909_new.java

6 1 15
4 1 2
25 1 3
6 1 13
8 1 2
2 4 2
26 1 8
9 2 9
15 2 5
14 1 6
2 1 12
25 2 25
8 1 3
9 2 14
4 2 19
25 1 42
10 2 53
19 1 14
8 1 19
19 1 25
26 1 53
3 2 2
10 1 6
53 2 53
13 1 2
9 1 8
25 1 4
2 2 12
15 2 13
53 1 2
11 1 6
42 2 2
2 2 15
25 1 4
10 1 2
19 1 9
6 1 5
2 2 19
12 1 11
8 1 10
13 1 12
26 1 10
2 5 2
2 1 15
8 1 42
2 2 10
4 2 42
2 2 4
6 1 2
2 1 2
11 2 11
11 1 2
8 1 2
15 2 2
42 2 3
3 1 2
25 1 2
25 1 19
? 1 github_java_program_data/9/java/4911_new.java

9 2 38
2 4 2
16 1 6
6 1 15
21 2 9
19 1 38
38 1 16
19 1 24
8 1 2
19 1 14
21 1 16
21 1 20
38 2 21
14 2 14
14 1 6
4 1 30
9 2 14
2 5 2
30 2 30
8 1 3
2 2 12
14 2 24
24 1 6
8 1 19
19 1 25
3 2 2
13 1 12
25 1 3
16 2 20
13 1 2
9 1 8
30 1 8
6 1 13
11 1 6
2 1 7
2 2 15
25 1 4
7 1 6
19 1 9
2 2 7
2 2 19
38 2 38
9 2 9
16 2 19
12 1 11
8 1 10
10 1 6
26 1 8
4 2 19
2 2 10
2 2 4
6 1 2
2 1 2
11 2 11
19 1 21
38 1 19
8 1 2
15 2 2
3 1 2
38 2 14
25 1 2
20 1 19
25 1 19
? 1 github_java_program_data/9/java/4920_new.java

53 2 8
26 2 25
6 1 15
8 1 2
26 1 2
13 2 15
4 1 2
25 1 3
6 1 13
19 1 24
8 1 2
26 1 19
24 1 6
26 1 8
14 1 6
2 1 12
4 1 30
25 2 25
8 1 60
2 2 60
4 2 19
33 1 2
25 1 42
10 2 53
2 2 12
3 1 42
19 1 14
8 1 19
19 1 25
26 1 53
26 1 10
13 1 12
60 1 33
30 1 33
13 1 2
25 1 4
42 2 2
3 2 2
30 1 8
15 2 13
53 1 2
11 1 6
2 1 7
2 2 15
25 1 4
10 1 2
2 2 7
2 1 4
26 1 4
12 1 11
26 1 42
19 1 26
2 2 33
2 5 2
6 1 5
2 1 15
8 1 42
4 2 42
2 2 4
6 1 2
2 1 2
11 1 2
8 1 3
15 2 2
42 2 3
30 1 2
3 1 2
60 2 19
25 1 2
25 1 19
? 1 github_java_program_data/9/java/4929_new.java

53 2 8
6 1 15
4 2 13
4 1 2
25 1 3
6 1 13
25 1 13
8 1 2
13 1 11
26 1 8
6 2 6
13 2 19
15 2 5
14 1 6
2 1 12
25 2 25
8 1 3
9 2 14
6 1 19
4 2 19
25 1 42
10 2 53
19 1 14
8 1 19
2 4 2
19 1 25
26 1 53
26 1 10
15 2 15
10 1 6
9 2 25
13 1 2
14 2 9
9 1 8
25 1 4
42 2 2
3 2 2
2 2 12
15 2 13
53 1 2
11 1 6
2 1 7
2 2 15
25 1 4
10 1 2
19 1 9
2 2 7
6 1 5
2 2 19
12 1 11
8 1 10
13 1 12
2 5 2
2 1 2
2 1 15
8 1 42
53 2 53
2 2 10
4 2 42
2 2 4
6 1 2
19 1 6
11 2 11
11 1 2
8 1 2
15 2 2
42 2 3
3 1 2
25 1 2
25 1 19
? 1 github_java_program_data/9/java/4937_new.java

26 2 25
16 1 6
6 1 15
26 1 2
10 2 53
53 2 8
4 1 2
25 1 3
6 1 13
8 1 2
26 1 19
8 1 2
21 1 16
21 1 20
14 2 14
15 2 5
14 1 6
4 1 30
8 1 42
9 2 14
9 2 26
4 2 19
30 2 30
8 1 10
25 1 42
2 2 12
3 1 42
19 1 14
8 1 19
19 1 26
19 1 25
2 2 60
26 1 53
26 1 10
10 1 6
8 1 60
16 2 20
13 1 2
2 4 2
9 1 8
25 1 4
42 2 2
3 2 2
30 1 8
15 2 13
53 1 2
11 1 6
2 1 7
2 2 15
25 1 4
10 1 2
19 1 9
2 2 7
6 1 5
26 1 4
9 2 9
45 1 2
12 1 11
26 1 42
13 1 12
2 5 2
26 1 8
60 1 45
2 1 15
8 1 42
2 2 10
4 2 42
25 2 25
2 2 4
6 1 2
2 1 2
11 2 11
19 1 21
8 1 3
15 2 2
42 2 3
3 1 2
60 2 19
25 1 2
20 1 19
25 1 19
? 1 github_java_program_data/9/java/4938_new.java

6 1 15
4 1 2
25 1 3
6 1 13
8 1 2
2 4 2
26 1 8
9 2 9
15 2 5
14 1 6
2 1 12
25 2 25
8 1 3
9 2 14
4 2 19
25 1 42
10 2 53
19 1 14
8 1 19
19 1 25
26 1 53
3 2 2
10 1 6
53 2 53
13 1 2
9 1 8
25 1 4
2 2 12
15 2 13
53 1 2
11 1 6
42 2 2
2 2 15
25 1 4
10 1 2
19 1 9
6 1 5
2 2 19
12 1 11
8 1 10
13 1 12
26 1 10
2 5 2
2 1 15
8 1 42
2 2 10
4 2 42
2 2 4
6 1 2
2 1 2
11 2 11
11 1 2
8 1 2
15 2 2
42 2 3
3 1 2
25 1 2
25 1 19
? 1 github_java_program_data/9/java/4941_new.java

26 2 25
6 1 15
26 1 2
25 1 3
15 2 15
19 1 24
8 1 2
26 1 19
19 1 14
26 1 8
14 1 6
4 1 30
8 1 42
9 2 26
2 5 2
26 2 26
25 1 42
2 2 12
24 1 6
8 1 19
19 1 25
3 2 2
13 1 12
13 1 2
9 1 8
26 1 10
42 2 2
30 1 8
15 2 13
6 1 13
11 1 6
2 1 7
2 2 15
25 1 4
10 1 2
19 1 9
2 2 7
8 1 3
2 2 19
26 1 4
12 1 11
26 1 42
19 1 26
10 2 8
2 1 15
8 1 42
2 2 4
6 1 2
2 1 2
4 2 19
8 1 2
15 2 2
42 2 3
3 1 2
25 1 2
25 1 19
? 1 github_java_program_data/9/java/4943_new.java

2 4 2
6 1 15
4 1 2
25 1 3
8 1 2
8 1 2
26 1 8
6 2 6
14 2 14
9 2 9
14 1 6
2 1 12
25 2 25
8 1 3
9 2 14
6 1 19
4 2 19
25 1 42
10 2 53
19 1 14
8 1 19
19 1 25
26 1 53
26 1 10
13 1 12
53 2 53
13 1 2
9 1 8
25 1 4
42 2 2
3 2 2
2 2 12
15 2 13
53 1 2
11 1 6
2 1 7
2 2 15
25 1 4
10 1 2
19 1 9
2 2 7
6 1 5
2 2 19
12 1 11
8 1 10
10 1 6
2 5 2
19 1 6
2 1 15
8 1 42
2 2 10
4 2 42
2 2 4
6 1 2
2 1 2
11 2 11
11 1 2
6 1 13
15 2 2
42 2 3
3 1 2
25 1 2
25 1 19
? 1 github_java_program_data/9/java/4966_new.java

53 2 8
6 1 15
4 2 13
4 1 2
25 1 3
6 1 13
25 1 13
8 1 2
13 1 11
26 1 8
6 2 6
13 2 19
15 2 5
14 1 6
2 1 12
25 2 25
8 1 3
9 2 14
6 1 19
4 2 19
25 1 42
10 2 53
19 1 14
8 1 19
2 4 2
19 1 25
26 1 53
26 1 10
15 2 15
10 1 6
9 2 25
13 1 2
14 2 9
9 1 8
25 1 4
42 2 2
3 2 2
2 2 12
15 2 13
53 1 2
11 1 6
2 1 7
2 2 15
25 1 4
10 1 2
19 1 9
2 2 7
6 1 5
2 2 19
12 1 11
8 1 10
13 1 12
2 5 2
2 1 2
2 1 15
8 1 42
53 2 53
2 2 10
4 2 42
2 2 4
6 1 2
19 1 6
11 2 11
11 1 2
8 1 2
15 2 2
42 2 3
3 1 2
25 1 2
25 1 19
? 1 github_java_program_data/9/java/4967_new.java

53 2 8
16 1 6
6 1 15
25 1 3
6 1 13
8 1 2
8 1 2
21 1 16
14 2 14
21 1 20
9 2 9
15 2 5
14 1 6
4 1 30
9 2 14
6 1 19
2 5 2
30 2 30
25 1 42
10 2 53
2 2 12
19 1 14
8 1 19
2 4 2
19 1 25
26 1 53
26 1 10
42 2 42
13 1 12
16 2 20
13 1 2
9 1 8
4 2 19
42 2 2
3 2 2
30 1 8
15 2 13
53 1 2
11 1 6
2 1 7
2 2 15
25 1 4
10 1 2
19 1 9
2 2 7
6 1 5
2 2 19
12 1 11
8 1 10
10 1 6
26 1 8
6 2 6
2 1 2
2 1 15
8 1 42
2 2 10
2 2 4
6 1 2
19 1 6
11 2 11
19 1 21
8 1 3
15 2 2
42 2 3
3 1 2
25 1 2
20 1 19
25 1 19
? 1 github_java_program_data/9/java/4969_new.java

6 1 15
4 1 2
25 1 3
6 1 13
8 1 2
2 4 2
26 1 8
9 2 9
15 2 5
14 1 6
2 1 12
25 2 25
8 1 3
9 2 14
4 2 19
25 1 42
10 2 53
19 1 14
8 1 19
19 1 25
26 1 53
3 2 2
10 1 6
53 2 53
13 1 2
9 1 8
25 1 4
2 2 12
15 2 13
53 1 2
11 1 6
42 2 2
2 2 15
25 1 4
10 1 2
19 1 9
6 1 5
2 2 19
12 1 11
8 1 10
13 1 12
26 1 10
2 5 2
2 1 15
8 1 42
2 2 10
4 2 42
2 2 4
6 1 2
2 1 2
11 2 11
11 1 2
8 1 2
15 2 2
42 2 3
3 1 2
25 1 2
25 1 19
? 1 github_java_program_data/9/java/4971_new.java

19 1 38
19 1 14
21 1 16
21 1 20
8 1 42
14 1 6
6 1 19
18 1 10
30 2 30
8 1 3
24 1 6
19 1 25
3 2 2
42 2 42
9 2 14
25 1 3
9 1 8
2 2 12
2 2 15
25 1 4
17 1 6
19 1 9
42 2 2
2 2 19
38 2 21
12 1 11
10 1 6
10 2 8
2 1 15
16 2 17
2 2 10
4 2 19
19 1 6
38 1 19
6 1 13
38 2 14
2 2 4
20 1 19
25 1 19
9 2 38
16 1 6
6 1 15
14 2 22
22 1 19
38 1 16
19 1 24
8 1 2
2 4 2
26 1 8
22 1 18
6 2 6
9 2 9
14 2 14
4 1 30
25 2 25
18 1 17
10 1 8
6 1 2
25 1 42
30 1 8
14 2 24
2 1 2
8 1 19
13 1 12
19 1 22
13 1 2
11 1 6
2 1 7
26 1 10
7 1 6
10 1 2
18 1 16
2 2 7
38 2 38
16 2 19
8 1 10
2 5 2
18 2 19
3 1 2
15 2 5
10 2 16
11 2 11
19 1 21
8 1 2
15 2 2
42 2 3
16 2 20
25 1 2
6 1 5
? 1 github_java_program_data/9/java/4976_new.java

19 1 38
19 1 14
21 1 16
21 1 20
8 1 42
14 1 6
6 1 19
18 1 10
30 2 30
8 1 3
24 1 6
19 1 25
3 2 2
42 2 42
9 2 14
25 1 3
9 1 8
2 2 12
15 2 13
38 2 9
2 2 15
25 1 4
17 1 6
19 1 9
6 1 5
2 2 19
38 2 21
12 1 11
10 1 6
10 2 8
2 1 15
16 2 17
2 2 10
4 2 19
2 1 2
38 1 19
6 1 13
2 2 4
20 1 19
25 1 19
9 2 38
16 1 6
6 1 15
14 2 22
22 1 19
38 1 16
19 1 24
8 1 2
2 4 2
26 1 8
22 1 18
6 2 6
9 2 9
14 2 14
4 1 30
25 2 25
18 1 17
10 1 8
6 1 2
25 1 42
30 1 8
14 2 24
19 1 6
8 1 19
13 1 12
19 1 22
13 1 2
14 2 9
22 2 14
11 1 6
2 1 7
42 2 2
26 1 10
7 1 6
10 1 2
18 1 16
2 2 7
38 2 38
16 2 19
8 1 10
2 5 2
18 2 19
15 2 5
10 2 16
11 2 11
19 1 21
8 1 2
15 2 2
42 2 3
3 1 2
25 1 2
16 2 20
? 1 github_java_program_data/9/java/4978_new.java

53 2 8
26 2 25
6 1 15
8 1 2
26 1 2
13 2 15
4 1 2
25 1 3
6 1 13
19 1 24
8 1 2
26 1 19
24 1 6
26 1 8
14 1 6
2 1 12
4 1 30
25 2 25
8 1 60
2 2 60
4 2 19
33 1 2
25 1 42
10 2 53
2 2 12
3 1 42
19 1 14
8 1 19
19 1 25
26 1 53
26 1 10
13 1 12
60 1 33
30 1 33
13 1 2
25 1 4
42 2 2
3 2 2
30 1 8
15 2 13
53 1 2
11 1 6
2 1 7
2 2 15
25 1 4
10 1 2
2 2 7
2 1 4
26 1 4
12 1 11
26 1 42
19 1 26
2 2 33
2 5 2
6 1 5
2 1 15
8 1 42
4 2 42
2 2 4
6 1 2
2 1 2
11 1 2
8 1 3
15 2 2
42 2 3
30 1 2
3 1 2
60 2 19
25 1 2
25 1 19
? 1 github_java_program_data/9/java/4989_new.java

2 4 2
6 1 15
4 1 2
25 1 3
8 1 2
8 1 2
26 1 8
6 2 6
14 2 14
9 2 9
14 1 6
2 1 12
25 2 25
8 1 3
9 2 14
6 1 19
4 2 19
25 1 42
10 2 53
19 1 14
8 1 19
19 1 25
26 1 53
26 1 10
13 1 12
53 2 53
13 1 2
9 1 8
25 1 4
42 2 2
3 2 2
2 2 12
15 2 13
53 1 2
11 1 6
2 1 7
2 2 15
25 1 4
10 1 2
19 1 9
2 2 7
6 1 5
2 2 19
12 1 11
8 1 10
10 1 6
2 5 2
19 1 6
2 1 15
8 1 42
2 2 10
4 2 42
2 2 4
6 1 2
2 1 2
11 2 11
11 1 2
6 1 13
15 2 2
42 2 3
3 1 2
25 1 2
25 1 19
? 1 github_java_program_data/9/java/4996_new.java

26 2 25
16 1 6
6 1 15
26 1 2
10 2 53
53 2 8
4 1 2
25 1 3
6 1 13
8 1 2
26 1 19
8 1 2
21 1 16
21 1 20
14 2 14
15 2 5
14 1 6
4 1 30
8 1 42
9 2 14
9 2 26
4 2 19
30 2 30
8 1 10
25 1 42
2 2 12
3 1 42
19 1 14
8 1 19
19 1 26
19 1 25
2 2 60
26 1 53
26 1 10
10 1 6
8 1 60
16 2 20
13 1 2
2 4 2
9 1 8
25 1 4
42 2 2
3 2 2
30 1 8
15 2 13
53 1 2
11 1 6
2 1 7
2 2 15
25 1 4
10 1 2
19 1 9
2 2 7
6 1 5
26 1 4
9 2 9
45 1 2
12 1 11
26 1 42
13 1 12
2 5 2
26 1 8
60 1 45
2 1 15
8 1 42
2 2 10
4 2 42
25 2 25
2 2 4
6 1 2
2 1 2
11 2 11
19 1 21
8 1 3
15 2 2
42 2 3
3 1 2
60 2 19
25 1 2
20 1 19
25 1 19
? 1 github_java_program_data/9/java/4998_new.java

53 2 8
16 1 6
6 1 15
25 1 3
6 1 13
8 1 2
8 1 2
21 1 16
14 2 14
21 1 20
9 2 9
15 2 5
14 1 6
4 1 30
9 2 14
6 1 19
2 5 2
30 2 30
25 1 42
10 2 53
2 2 12
19 1 14
8 1 19
2 4 2
19 1 25
26 1 53
26 1 10
42 2 42
13 1 12
16 2 20
13 1 2
9 1 8
4 2 19
42 2 2
3 2 2
30 1 8
15 2 13
53 1 2
11 1 6
2 1 7
2 2 15
25 1 4
10 1 2
19 1 9
2 2 7
6 1 5
2 2 19
12 1 11
8 1 10
10 1 6
26 1 8
6 2 6
2 1 2
2 1 15
8 1 42
2 2 10
2 2 4
6 1 2
19 1 6
11 2 11
19 1 21
8 1 3
15 2 2
42 2 3
3 1 2
25 1 2
20 1 19
25 1 19
? 1 github_java_program_data/9/java/4999_new.java

26 2 25
6 1 15
26 1 2
25 1 3
15 2 15
19 1 24
8 1 2
26 1 19
19 1 14
26 1 8
14 1 6
4 1 30
8 1 42
9 2 26
2 5 2
26 2 26
25 1 42
2 2 12
24 1 6
8 1 19
19 1 25
3 2 2
13 1 12
13 1 2
9 1 8
26 1 10
42 2 2
30 1 8
15 2 13
6 1 13
11 1 6
2 1 7
2 2 15
25 1 4
10 1 2
19 1 9
2 2 7
8 1 3
2 2 19
26 1 4
12 1 11
26 1 42
19 1 26
10 2 8
2 1 15
8 1 42
2 2 4
6 1 2
2 1 2
4 2 19
8 1 2
15 2 2
42 2 3
3 1 2
25 1 2
25 1 19
? 1 github_java_program_data/9/java/5003_new.java

53 2 8
26 2 25
6 1 15
8 1 2
26 1 2
13 2 15
4 1 2
25 1 3
6 1 13
19 1 24
8 1 2
26 1 19
24 1 6
26 1 8
14 1 6
2 1 12
4 1 30
25 2 25
8 1 60
2 2 60
4 2 19
33 1 2
25 1 42
10 2 53
2 2 12
3 1 42
19 1 14
8 1 19
19 1 25
26 1 53
26 1 10
13 1 12
60 1 33
30 1 33
13 1 2
25 1 4
42 2 2
3 2 2
30 1 8
15 2 13
53 1 2
11 1 6
2 1 7
2 2 15
25 1 4
10 1 2
2 2 7
2 1 4
26 1 4
12 1 11
26 1 42
19 1 26
2 2 33
2 5 2
6 1 5
2 1 15
8 1 42
4 2 42
2 2 4
6 1 2
2 1 2
11 1 2
8 1 3
15 2 2
42 2 3
30 1 2
3 1 2
60 2 19
25 1 2
25 1 19
? 1 github_java_program_data/9/java/5019_new.java

53 2 8
6 1 15
4 2 13
4 1 2
25 1 3
6 1 13
25 1 13
8 1 2
13 1 11
26 1 8
6 2 6
13 2 19
15 2 5
14 1 6
2 1 12
25 2 25
8 1 3
9 2 14
6 1 19
4 2 19
25 1 42
10 2 53
19 1 14
8 1 19
2 4 2
19 1 25
26 1 53
26 1 10
15 2 15
10 1 6
9 2 25
13 1 2
14 2 9
9 1 8
25 1 4
42 2 2
3 2 2
2 2 12
15 2 13
53 1 2
11 1 6
2 1 7
2 2 15
25 1 4
10 1 2
19 1 9
2 2 7
6 1 5
2 2 19
12 1 11
8 1 10
13 1 12
2 5 2
2 1 2
2 1 15
8 1 42
53 2 53
2 2 10
4 2 42
2 2 4
6 1 2
19 1 6
11 2 11
11 1 2
8 1 2
15 2 2
42 2 3
3 1 2
25 1 2
25 1 19
? 1 github_java_program_data/9/java/5027_new.java

26 2 25
16 1 6
6 1 15
26 1 2
10 2 53
53 2 8
4 1 2
25 1 3
6 1 13
8 1 2
26 1 19
8 1 2
21 1 16
21 1 20
14 2 14
15 2 5
14 1 6
4 1 30
8 1 42
9 2 14
9 2 26
4 2 19
30 2 30
8 1 10
25 1 42
2 2 12
3 1 42
19 1 14
8 1 19
19 1 26
19 1 25
2 2 60
26 1 53
26 1 10
10 1 6
8 1 60
16 2 20
13 1 2
2 4 2
9 1 8
25 1 4
42 2 2
3 2 2
30 1 8
15 2 13
53 1 2
11 1 6
2 1 7
2 2 15
25 1 4
10 1 2
19 1 9
2 2 7
6 1 5
26 1 4
9 2 9
45 1 2
12 1 11
26 1 42
13 1 12
2 5 2
26 1 8
60 1 45
2 1 15
8 1 42
2 2 10
4 2 42
25 2 25
2 2 4
6 1 2
2 1 2
11 2 11
19 1 21
8 1 3
15 2 2
42 2 3
3 1 2
60 2 19
25 1 2
20 1 19
25 1 19
? 1 github_java_program_data/9/java/5028_new.java

6 1 15
4 1 2
25 1 3
6 1 13
8 1 2
2 4 2
26 1 8
9 2 9
15 2 5
14 1 6
2 1 12
25 2 25
8 1 3
9 2 14
4 2 19
25 1 42
10 2 53
19 1 14
8 1 19
19 1 25
26 1 53
3 2 2
10 1 6
53 2 53
13 1 2
9 1 8
25 1 4
2 2 12
15 2 13
53 1 2
11 1 6
42 2 2
2 2 15
25 1 4
10 1 2
19 1 9
6 1 5
2 2 19
12 1 11
8 1 10
13 1 12
26 1 10
2 5 2
2 1 15
8 1 42
2 2 10
4 2 42
2 2 4
6 1 2
2 1 2
11 2 11
11 1 2
8 1 2
15 2 2
42 2 3
3 1 2
25 1 2
25 1 19
? 1 github_java_program_data/9/java/5031_new.java

26 2 25
6 1 15
26 1 2
25 1 3
15 2 15
19 1 24
8 1 2
26 1 19
19 1 14
26 1 8
14 1 6
4 1 30
8 1 42
9 2 26
2 5 2
26 2 26
25 1 42
2 2 12
24 1 6
8 1 19
19 1 25
3 2 2
13 1 12
13 1 2
9 1 8
26 1 10
42 2 2
30 1 8
15 2 13
6 1 13
11 1 6
2 1 7
2 2 15
25 1 4
10 1 2
19 1 9
2 2 7
8 1 3
2 2 19
26 1 4
12 1 11
26 1 42
19 1 26
10 2 8
2 1 15
8 1 42
2 2 4
6 1 2
2 1 2
4 2 19
8 1 2
15 2 2
42 2 3
3 1 2
25 1 2
25 1 19
? 1 github_java_program_data/9/java/5033_new.java

