54 1 30
19 1 34
16 1 14
43 2 51
50 1 41
34 1 33
41 1 21
32 2 4
54 1 69
40 1 39
30 1 22
45 1 23
54 2 12
22 2 20
70 2 22
69 2 30
1 2 5
40 1 7
6 2 39
3 1 5
26 1 1
21 1 42
23 1 55
45 2 44
55 1 30
10 1 1
3 1 4
50 1 51
11 1 41
18 1 17
27 1 21
3 2 33
23 1 20
30 1 19
1 5 3
30 1 21
23 1 53
23 1 58
26 1 19
13 2 1
45 1 3
48 1 21
1 1 38
7 1 3
42 2 5
33 1 26
1 2 43
39 1 30
48 2 30
15 2 54
23 1 12
48 1 19
14 1 3
15 2 22
70 1 23
19 1 29
48 2 61
3 2 38
13 2 3
61 1 19
44 1 13
79 1 48
3 2 43
27 2 26
75 1 21
54 1 23
10 2 3
54 2 70
54 1 50
16 1 11
38 1 21
44 1 1
25 1 16
3 2 28
29 1 3
12 2 79
3 5 1
4 2 3
51 2 75
4 2 29
1 1 37
51 1 19
37 1 19
19 1 5
51 1 21
19 1 30
21 1 32
21 2 19
5 2 4
32 2 29
13 1 3
51 2 61
23 1 15
45 1 13
23 1 56
75 1 19
3 1 37
44 2 45
50 1 61
28 1 27
30 1 70
70 1 69
56 1 21
15 2 70
20 1 19
25 2 23
39 1 1
69 1 51
30 1 12
69 2 23
43 2 48
22 1 21
1 2 28
21 1 4
37 1 21
21 1 23
5 2 29
20 1 21
1 1 5
11 1 43
4 2 32
50 1 48
1 1 4
1 2 38
3 2 4
1 7 3
1 2 33
15 2 20
10 2 1
26 1 21
15 2 12
23 1 22
11 1 10
6 2 7
1 2 4
21 1 5
44 1 9
30 1 45
29 1 28
11 1 13
43 1 21
17 1 11
50 2 23
3 1 38
79 1 30
23 1 79
23 1 54
18 2 23
10 1 9
26 2 27
33 1 27
30 1 20
29 2 4
1 2 18
9 2 3
9 2 13
3 2 25
12 2 15
14 1 1
51 2 30
12 1 14
79 2 58
19 1 32
18 1 16
23 1 21
30 1 54
69 1 41
38 2 37
14 1 13
17 1 14
51 2 52
41 1 14
7 2 6
69 1 48
53 1 51
3 2 37
1 2 37
3 4 1
41 1 19
50 2 30
3 1 33
50 1 43
5 2 42
28 1 26
11 1 8
1 4 3
12 1 11
44 1 8
21 1 1
21 1 34
27 1 19
41 1 11
61 1 21
48 2 75
55 1 51
43 1 14
15 1 11
1 2 41
38 1 19
4 2 42
11 1 3
17 2 16
13 1 1
11 1 1
56 6 44
58 6 45
30 1 15
5 2 32
15 1 14
52 1 30
14 1 41
19 1 42
41 2 48
27 1 1
8 2 10
23 1 70
70 2 15
40 1 6
4 2 1
37 2 38
34 1 1
3 1 1
41 2 51
29 1 1
58 1 21
43 1 19
30 1 44
16 2 17
12 2 20
20 2 22
10 1 3
5 2 3
44 1 23
6 1 3
3 2 41
21 1 29
12 2 22
8 2 9
19 2 21
12 2 44
19 1 3
3 2 5
69 1 75
12 2 70
43 1 11
1 2 30
19 1 1
3 1 28
14 1 43
53 1 52
55 2 56
70 1 50
4 2 34
19 1 4
34 1 3
5 2 1
22 2 55
21 1 3
14 1 10
22 1 19
45 1 25
1 1 3
3 7 1
44 1 18
25 1 17
69 1 43
23 1 19
? 1 github_java_program_data/45/118.java

3 2 25
19 1 34
16 1 14
1 1 33
50 1 41
34 1 33
41 1 21
51 2 61
54 1 69
40 1 39
30 1 22
22 2 20
70 1 30
8 2 13
3 1 5
26 1 1
21 1 42
23 1 55
45 2 44
20 2 56
3 5 1
55 1 30
50 1 48
3 1 4
50 1 51
11 1 41
18 1 17
27 1 21
3 2 33
23 1 71
23 1 20
30 1 19
1 5 3
53 1 48
30 1 21
23 1 53
23 1 58
26 1 19
13 2 1
45 1 3
48 1 21
1 1 38
55 2 20
33 1 26
1 2 43
5 2 34
48 2 30
23 1 12
22 2 15
48 1 19
14 1 3
30 1 55
19 1 29
48 2 61
3 2 38
25 2 30
61 1 19
27 1 19
79 1 48
3 2 43
23 1 44
13 2 3
54 1 23
10 2 3
8 2 1
54 1 50
1 1 37
37 1 19
44 1 1
25 1 16
3 2 28
29 1 3
12 2 55
1 1 28
4 2 3
46 1 25
51 2 75
4 2 29
16 1 11
51 1 19
38 1 21
19 1 5
27 1 3
21 1 32
21 2 19
13 1 3
23 1 15
45 1 13
45 1 30
75 1 19
3 1 37
44 2 45
50 1 61
16 2 17
28 1 27
45 1 8
56 1 21
45 1 9
20 1 19
39 1 1
69 1 51
47 1 23
30 1 12
69 2 23
22 1 21
1 2 28
21 1 4
20 2 79
37 1 21
21 1 23
5 2 29
20 1 21
29 1 33
1 1 5
52 1 23
39 1 8
21 1 30
55 1 48
11 1 43
4 2 32
79 1 51
1 1 4
1 2 23
3 2 4
30 1 79
20 2 71
1 2 33
32 2 5
51 2 72
10 2 1
73 1 72
15 2 12
23 1 22
11 1 10
22 2 73
3 1 28
21 1 5
5 2 32
44 1 9
44 1 10
41 2 51
46 1 30
29 1 28
11 1 13
43 1 21
17 1 11
15 2 79
50 2 23
20 2 15
12 1 14
79 1 30
23 1 79
18 2 23
51 2 23
2 2 6
40 1 2
1 7 3
27 2 26
26 2 27
33 1 27
30 1 20
30 1 73
1 2 18
9 2 10
48 2 52
51 1 21
12 2 15
14 1 1
50 2 30
44 1 13
3 1 38
79 2 58
19 1 32
18 1 16
23 1 21
30 1 54
69 1 41
38 2 37
14 1 13
17 1 14
41 1 14
3 2 37
1 2 37
72 1 23
3 4 1
41 1 19
29 2 5
3 1 33
56 6 44
28 1 26
53 2 22
1 4 3
12 1 11
1 2 25
39 1 23
21 1 1
15 2 53
21 1 3
21 1 34
30 1 53
41 1 11
55 1 51
15 1 11
1 2 41
38 1 19
4 2 42
17 2 16
45 1 1
13 1 1
11 1 1
51 2 30
30 1 15
34 1 28
15 1 14
52 1 30
14 1 41
19 1 42
41 2 48
27 1 1
23 1 70
70 2 15
40 1 6
6 2 39
4 2 1
23 1 56
3 1 1
10 1 1
19 1 46
29 1 1
43 1 19
34 1 3
26 1 21
20 2 22
10 1 3
34 1 1
44 1 23
6 1 3
3 2 41
21 1 29
12 2 22
5 2 1
58 6 44
2 1 3
26 1 3
5 2 3
8 2 9
12 2 54
19 2 21
79 1 23
19 1 3
3 2 5
21 1 47
69 1 75
12 2 70
19 1 1
1 2 4
14 1 43
1 2 5
53 1 52
9 2 13
70 1 50
58 1 19
19 1 23
4 2 34
19 1 4
37 2 38
73 1 51
15 2 55
11 1 3
14 1 10
22 1 19
23 1 45
45 1 25
1 1 3
3 7 1
44 1 18
25 1 17
47 1 18
23 1 19
? 1 github_java_program_data/45/144.java

54 1 30
19 1 34
16 1 14
43 2 51
50 1 41
34 1 33
41 1 21
32 2 4
54 1 69
40 1 39
30 1 22
45 1 23
54 2 12
22 2 20
70 2 22
69 2 30
1 2 5
40 1 7
6 2 39
3 1 5
26 1 1
21 1 42
23 1 55
45 2 44
55 1 30
10 1 1
3 1 4
50 1 51
11 1 41
18 1 17
27 1 21
3 2 33
23 1 20
30 1 19
1 5 3
30 1 21
23 1 53
23 1 58
26 1 19
13 2 1
45 1 3
48 1 21
1 1 38
7 1 3
42 2 5
33 1 26
1 2 43
39 1 30
48 2 30
15 2 54
23 1 12
48 1 19
14 1 3
15 2 22
70 1 23
19 1 29
48 2 61
3 2 38
13 2 3
61 1 19
44 1 13
79 1 48
3 2 43
27 2 26
75 1 21
54 1 23
10 2 3
54 2 70
54 1 50
16 1 11
38 1 21
44 1 1
25 1 16
3 2 28
29 1 3
12 2 79
3 5 1
4 2 3
51 2 75
4 2 29
1 1 37
51 1 19
37 1 19
19 1 5
51 1 21
19 1 30
21 1 32
21 2 19
5 2 4
32 2 29
13 1 3
51 2 61
23 1 15
45 1 13
23 1 56
75 1 19
3 1 37
44 2 45
50 1 61
28 1 27
30 1 70
70 1 69
56 1 21
15 2 70
20 1 19
25 2 23
39 1 1
69 1 51
30 1 12
69 2 23
43 2 48
22 1 21
1 2 28
21 1 4
37 1 21
21 1 23
5 2 29
20 1 21
1 1 5
11 1 43
4 2 32
50 1 48
1 1 4
1 2 38
3 2 4
1 7 3
1 2 33
15 2 20
10 2 1
26 1 21
15 2 12
23 1 22
11 1 10
6 2 7
1 2 4
21 1 5
44 1 9
30 1 45
29 1 28
11 1 13
43 1 21
17 1 11
50 2 23
3 1 38
79 1 30
23 1 79
23 1 54
18 2 23
10 1 9
26 2 27
33 1 27
30 1 20
29 2 4
1 2 18
9 2 3
9 2 13
3 2 25
12 2 15
14 1 1
51 2 30
12 1 14
79 2 58
19 1 32
18 1 16
23 1 21
30 1 54
69 1 41
38 2 37
14 1 13
17 1 14
51 2 52
41 1 14
7 2 6
69 1 48
53 1 51
3 2 37
1 2 37
3 4 1
41 1 19
50 2 30
3 1 33
50 1 43
5 2 42
28 1 26
11 1 8
1 4 3
12 1 11
44 1 8
21 1 1
21 1 34
27 1 19
41 1 11
61 1 21
48 2 75
55 1 51
43 1 14
15 1 11
1 2 41
38 1 19
4 2 42
11 1 3
17 2 16
13 1 1
11 1 1
56 6 44
58 6 45
30 1 15
5 2 32
15 1 14
52 1 30
14 1 41
19 1 42
41 2 48
27 1 1
8 2 10
23 1 70
70 2 15
40 1 6
4 2 1
37 2 38
34 1 1
3 1 1
41 2 51
29 1 1
58 1 21
43 1 19
30 1 44
16 2 17
12 2 20
20 2 22
10 1 3
5 2 3
44 1 23
6 1 3
3 2 41
21 1 29
12 2 22
8 2 9
19 2 21
12 2 44
19 1 3
3 2 5
69 1 75
12 2 70
43 1 11
1 2 30
19 1 1
3 1 28
14 1 43
53 1 52
55 2 56
70 1 50
4 2 34
19 1 4
34 1 3
5 2 1
22 2 55
21 1 3
14 1 10
22 1 19
45 1 25
1 1 3
3 7 1
44 1 18
25 1 17
69 1 43
23 1 19
? 1 github_java_program_data/45/147.java

3 2 25
29 1 28
45 1 23
3 2 18
34 1 33
19 1 34
41 1 21
51 2 61
12 2 56
40 1 39
30 1 22
16 1 14
51 2 23
70 2 22
69 1 61
15 2 70
40 1 7
8 2 13
3 1 5
26 1 1
21 1 42
23 1 55
45 2 44
3 2 28
10 1 1
3 1 4
7 2 6
11 1 41
12 1 11
27 1 21
22 2 20
23 1 20
30 1 19
3 2 41
1 5 3
53 1 48
23 1 53
23 1 58
26 1 19
13 2 1
45 1 3
48 1 21
1 1 38
55 2 20
30 1 21
1 2 43
39 1 30
1 2 49
23 1 12
48 1 19
14 1 3
30 1 55
15 2 24
70 1 23
19 1 29
3 2 33
3 2 38
25 2 30
29 1 1
44 1 13
79 1 48
3 2 43
27 2 26
13 2 3
54 1 23
10 2 3
54 1 50
16 1 11
55 1 23
48 2 30
25 1 16
29 1 3
3 5 1
4 2 3
4 2 29
1 1 37
24 1 30
51 1 19
38 1 21
19 1 5
51 1 21
79 2 22
19 1 30
21 1 32
21 2 19
5 2 4
13 1 3
15 1 11
23 1 56
3 1 37
44 2 45
16 2 17
28 1 27
39 1 3
9 2 10
70 1 69
56 1 21
45 1 9
20 1 19
37 1 19
25 2 23
69 1 51
48 2 23
30 1 12
69 2 23
8 2 3
22 1 21
21 1 3
1 2 28
21 1 4
20 2 79
37 1 21
13 1 1
5 2 29
20 1 21
1 1 5
39 1 8
42 2 4
19 1 3
11 1 43
4 2 32
79 1 51
1 1 4
44 1 25
1 2 38
3 2 4
3 2 30
1 2 33
45 1 10
10 2 1
14 1 49
24 1 3
11 1 10
6 2 7
3 1 28
21 1 5
44 1 9
30 1 45
2 1 1
11 1 13
43 1 21
50 2 23
3 1 38
79 1 30
23 1 79
18 2 23
2 2 6
40 1 2
1 7 3
26 2 27
6 2 39
30 1 20
1 2 18
9 2 3
48 2 52
20 2 12
12 2 15
14 1 1
51 2 30
5 2 34
12 1 14
79 2 58
4 2 5
19 1 32
18 1 16
24 2 44
30 1 54
69 1 41
14 1 13
17 1 14
45 1 18
6 1 1
33 1 26
3 2 37
1 2 37
44 1 3
41 1 19
29 2 5
3 1 33
50 1 43
5 2 42
28 1 26
56 6 45
34 2 4
1 4 3
18 1 17
44 1 8
21 1 1
15 2 53
24 1 9
21 1 34
27 1 19
41 1 11
61 1 21
55 1 51
43 1 14
23 1 15
1 2 41
38 1 19
11 1 3
17 2 16
30 1 70
49 1 19
58 6 45
30 1 15
5 2 32
5 2 1
15 1 14
52 1 30
14 1 41
19 1 42
27 1 1
40 1 6
14 1 8
4 2 1
34 1 1
3 1 1
41 2 51
11 1 1
58 1 21
43 1 19
7 1 1
30 1 44
26 1 21
20 2 22
10 1 3
44 1 30
5 2 3
44 1 23
23 1 22
21 1 29
30 1 24
8 2 9
24 1 18
12 2 54
19 2 21
1 2 5
3 2 5
55 1 48
18 2 30
19 1 1
3 4 1
1 2 4
14 1 43
53 1 52
9 2 13
45 1 8
4 2 34
19 1 4
34 1 3
33 1 27
15 2 55
45 1 1
14 1 10
22 1 19
15 2 22
1 1 3
3 7 1
4 2 42
56 6 44
11 1 9
? 1 github_java_program_data/45/161.java

54 1 30
19 1 34
16 1 14
43 2 51
50 1 41
34 1 33
41 1 21
32 2 4
54 1 69
40 1 39
30 1 22
45 1 23
54 2 12
22 2 20
70 2 22
69 2 30
1 2 5
40 1 7
6 2 39
3 1 5
26 1 1
21 1 42
23 1 55
45 2 44
55 1 30
10 1 1
3 1 4
50 1 51
11 1 41
18 1 17
27 1 21
3 2 33
23 1 20
30 1 19
1 5 3
30 1 21
23 1 53
23 1 58
26 1 19
13 2 1
45 1 3
48 1 21
1 1 38
7 1 3
42 2 5
33 1 26
1 2 43
39 1 30
48 2 30
15 2 54
23 1 12
48 1 19
14 1 3
15 2 22
70 1 23
19 1 29
48 2 61
3 2 38
13 2 3
61 1 19
44 1 13
79 1 48
3 2 43
27 2 26
75 1 21
54 1 23
10 2 3
54 2 70
54 1 50
16 1 11
38 1 21
44 1 1
25 1 16
3 2 28
29 1 3
12 2 79
3 5 1
4 2 3
51 2 75
4 2 29
1 1 37
51 1 19
37 1 19
19 1 5
51 1 21
19 1 30
21 1 32
21 2 19
5 2 4
32 2 29
13 1 3
51 2 61
23 1 15
45 1 13
23 1 56
75 1 19
3 1 37
44 2 45
50 1 61
28 1 27
30 1 70
70 1 69
56 1 21
15 2 70
20 1 19
25 2 23
39 1 1
69 1 51
30 1 12
69 2 23
43 2 48
22 1 21
1 2 28
21 1 4
37 1 21
21 1 23
5 2 29
20 1 21
1 1 5
11 1 43
4 2 32
50 1 48
1 1 4
1 2 38
3 2 4
1 7 3
1 2 33
15 2 20
10 2 1
26 1 21
15 2 12
23 1 22
11 1 10
6 2 7
1 2 4
21 1 5
44 1 9
30 1 45
29 1 28
11 1 13
43 1 21
17 1 11
50 2 23
3 1 38
79 1 30
23 1 79
23 1 54
18 2 23
10 1 9
26 2 27
33 1 27
30 1 20
29 2 4
1 2 18
9 2 3
9 2 13
3 2 25
12 2 15
14 1 1
51 2 30
12 1 14
79 2 58
19 1 32
18 1 16
23 1 21
30 1 54
69 1 41
38 2 37
14 1 13
17 1 14
51 2 52
41 1 14
7 2 6
69 1 48
53 1 51
3 2 37
1 2 37
3 4 1
41 1 19
50 2 30
3 1 33
50 1 43
5 2 42
28 1 26
11 1 8
1 4 3
12 1 11
44 1 8
21 1 1
21 1 34
27 1 19
41 1 11
61 1 21
48 2 75
55 1 51
43 1 14
15 1 11
1 2 41
38 1 19
4 2 42
11 1 3
17 2 16
13 1 1
11 1 1
56 6 44
58 6 45
30 1 15
5 2 32
15 1 14
52 1 30
14 1 41
19 1 42
41 2 48
27 1 1
8 2 10
23 1 70
70 2 15
40 1 6
4 2 1
37 2 38
34 1 1
3 1 1
41 2 51
29 1 1
58 1 21
43 1 19
30 1 44
16 2 17
12 2 20
20 2 22
10 1 3
5 2 3
44 1 23
6 1 3
3 2 41
21 1 29
12 2 22
8 2 9
19 2 21
12 2 44
19 1 3
3 2 5
69 1 75
12 2 70
43 1 11
1 2 30
19 1 1
3 1 28
14 1 43
53 1 52
55 2 56
70 1 50
4 2 34
19 1 4
34 1 3
5 2 1
22 2 55
21 1 3
14 1 10
22 1 19
45 1 25
1 1 3
3 7 1
44 1 18
25 1 17
69 1 43
23 1 19
? 1 github_java_program_data/45/176.java

54 1 30
19 1 34
16 1 14
50 1 41
34 1 33
14 2 11
41 1 21
32 2 4
54 1 69
40 1 39
30 1 22
45 1 23
54 2 12
22 2 20
70 2 22
69 2 30
1 2 5
40 1 7
3 1 5
26 1 1
21 1 42
23 1 55
45 2 44
55 1 30
10 1 1
18 2 87
3 1 4
50 1 51
11 1 41
18 1 17
27 1 21
87 1 26
3 2 33
23 1 20
1 5 3
23 1 53
23 1 58
26 1 19
13 2 1
45 1 3
48 1 21
1 1 38
7 1 3
42 2 5
33 1 26
1 2 43
48 2 30
15 2 54
23 1 12
48 1 19
14 1 3
15 2 20
70 1 23
19 1 29
48 2 61
3 2 38
13 2 3
61 1 19
44 1 13
79 1 48
3 2 43
27 2 26
75 1 21
54 1 23
10 2 3
54 2 70
54 1 50
16 1 11
38 1 21
44 1 1
25 1 16
3 2 28
29 1 3
3 5 1
4 2 3
51 2 75
4 2 29
1 1 37
51 1 19
37 1 19
19 1 5
51 1 21
21 1 32
5 2 4
13 1 3
20 2 12
51 2 61
23 1 15
45 1 13
23 1 56
75 1 19
3 1 37
44 2 45
50 1 61
12 2 54
28 1 27
70 1 69
56 1 21
15 2 70
20 1 19
25 2 23
39 1 1
69 1 51
30 1 12
69 2 23
43 2 48
22 1 21
1 2 28
21 1 4
37 1 21
30 1 70
5 2 29
20 1 21
1 1 5
11 1 43
4 2 32
50 1 48
1 1 4
1 2 23
1 2 38
3 2 4
39 1 23
1 7 3
1 2 33
32 2 5
10 2 1
26 1 21
15 2 12
23 1 22
11 1 10
6 2 7
1 2 4
21 1 5
44 1 9
4 2 42
29 1 28
70 2 12
11 1 13
43 1 21
17 1 11
15 2 79
50 2 23
3 1 38
79 1 30
23 1 79
23 1 54
18 2 23
87 2 30
10 1 9
26 2 27
33 1 27
30 1 20
29 2 4
1 2 18
9 2 3
9 2 13
3 2 25
12 2 15
14 1 1
51 2 30
5 2 34
12 1 14
79 2 58
19 1 32
18 1 16
30 1 54
69 1 41
38 2 37
14 1 13
17 1 14
19 1 42
51 2 52
41 1 14
7 2 6
69 1 48
53 1 51
3 2 37
1 2 37
3 4 1
41 1 19
50 2 30
3 1 33
50 1 43
5 2 42
28 1 26
11 1 8
1 4 3
12 1 11
37 2 38
21 1 1
20 2 15
21 1 34
27 1 19
41 1 11
61 1 21
48 2 75
55 1 51
43 1 14
15 1 11
1 2 41
38 1 19
11 1 3
17 2 16
13 1 1
11 1 1
56 6 44
58 6 45
30 1 15
5 2 32
15 1 14
52 1 30
14 1 41
44 1 87
41 2 48
27 1 1
8 2 10
23 1 70
40 1 6
4 2 1
34 1 1
3 1 1
41 2 51
29 1 1
58 1 21
43 1 19
34 1 3
16 2 17
12 2 20
20 2 22
10 1 3
44 1 30
5 2 3
44 1 23
6 1 3
3 2 41
21 1 29
12 2 22
23 1 44
8 2 9
12 2 44
19 1 3
3 2 5
69 1 75
43 1 11
19 1 1
3 1 28
14 1 43
53 1 52
55 2 56
70 1 50
4 2 34
19 1 4
44 1 8
5 2 1
22 2 55
21 1 3
14 1 10
22 1 19
23 1 45
45 1 25
1 1 3
3 7 1
44 1 18
25 1 17
7 2 39
69 1 43
? 1 github_java_program_data/45/178.java

54 1 30
19 1 34
16 1 14
20 2 22
50 1 41
34 1 33
14 2 11
69 1 61
41 1 21
51 2 61
54 1 69
40 1 39
30 1 22
45 1 23
54 2 70
56 6 45
70 1 30
8 2 13
3 1 5
26 1 1
21 1 42
39 1 1
45 2 44
29 1 1
10 1 1
3 1 4
50 1 51
11 1 41
12 1 11
27 1 21
22 2 20
23 1 20
1 5 3
53 1 48
30 1 56
23 1 58
26 1 19
13 2 1
45 1 3
48 1 21
1 1 38
33 1 26
1 2 43
24 1 3
23 1 12
48 1 19
14 1 3
30 1 55
15 2 20
19 1 29
3 2 33
3 2 38
25 2 30
13 2 3
61 1 19
44 1 13
3 2 43
27 2 26
75 1 21
54 1 23
10 2 3
54 1 50
1 1 37
55 1 23
44 1 1
25 1 16
3 2 28
29 1 3
3 5 1
4 2 3
4 2 29
16 1 11
24 1 30
51 1 19
38 1 21
19 1 5
51 1 21
11 1 49
21 1 32
5 2 4
13 1 3
20 2 12
15 1 11
45 1 13
45 1 30
23 1 24
44 2 45
50 1 61
16 2 17
28 1 27
45 1 8
70 1 69
56 1 21
1 2 68
45 1 9
20 1 19
37 1 19
69 1 51
48 2 23
30 1 12
15 2 54
8 2 3
22 1 21
1 2 28
21 1 4
20 2 79
37 1 21
11 1 3
5 2 29
20 1 21
1 1 5
52 1 23
39 1 8
42 2 4
55 1 48
11 1 43
79 1 51
1 1 4
1 2 23
44 1 25
1 2 38
3 2 18
3 2 4
39 1 23
1 7 3
1 2 33
32 2 5
45 1 10
10 2 1
73 1 72
15 2 12
23 1 22
11 1 10
3 1 28
21 1 5
44 1 9
5 2 34
41 2 51
29 1 28
11 1 13
43 1 21
17 1 11
50 2 23
3 1 38
23 1 54
18 2 23
51 2 23
49 1 21
26 2 27
30 1 20
30 1 73
29 2 4
42 2 5
48 2 52
56 1 19
12 2 15
14 1 1
50 2 30
44 1 10
12 1 14
4 2 5
19 1 32
18 1 16
24 2 44
30 1 54
69 1 41
14 1 13
17 1 14
45 1 18
41 1 14
4 2 34
69 1 48
3 2 37
1 2 37
72 1 23
3 4 1
41 1 19
68 1 19
3 1 33
50 1 43
5 2 42
28 1 26
24 1 8
1 4 3
18 1 17
1 2 25
34 2 5
21 1 1
21 1 34
30 1 53
41 1 11
61 1 21
48 2 75
43 1 14
23 1 15
1 2 41
38 1 19
17 2 16
13 1 1
11 1 1
56 6 44
58 6 45
30 1 15
20 2 54
5 2 32
14 1 68
15 1 14
79 1 23
14 1 41
69 2 23
19 1 42
41 2 48
27 1 1
23 1 70
58 1 21
48 2 72
27 1 19
14 1 8
4 2 1
34 1 1
3 1 1
1 2 49
43 1 19
34 1 3
26 1 21
3 1 37
12 2 53
30 1 79
10 1 3
44 1 30
5 2 3
69 2 30
3 2 41
21 1 29
12 2 22
5 2 1
23 1 44
8 2 9
24 1 18
32 2 4
8 2 1
19 1 3
3 2 5
69 1 75
18 2 30
43 1 11
19 1 1
70 2 20
1 2 4
14 1 43
1 2 5
53 1 52
9 2 13
70 1 50
54 2 20
9 2 10
73 1 48
19 1 4
79 2 56
33 1 27
29 2 5
21 1 3
14 1 10
22 1 19
23 1 45
12 2 24
1 1 3
3 7 1
4 2 42
25 1 17
11 1 9
? 1 github_java_program_data/45/185.java

54 1 30
19 1 34
16 1 14
43 2 51
50 1 41
34 1 33
41 1 21
32 2 4
54 1 69
40 1 39
30 1 22
45 1 23
54 2 12
22 2 20
70 2 22
69 2 30
1 2 5
40 1 7
6 2 39
3 1 5
26 1 1
21 1 42
23 1 55
45 2 44
55 1 30
10 1 1
3 1 4
50 1 51
11 1 41
18 1 17
27 1 21
3 2 33
23 1 20
30 1 19
1 5 3
30 1 21
23 1 53
23 1 58
26 1 19
13 2 1
45 1 3
48 1 21
1 1 38
7 1 3
42 2 5
33 1 26
1 2 43
39 1 30
48 2 30
15 2 54
23 1 12
48 1 19
14 1 3
15 2 22
70 1 23
19 1 29
48 2 61
3 2 38
13 2 3
61 1 19
44 1 13
79 1 48
3 2 43
27 2 26
75 1 21
54 1 23
10 2 3
54 2 70
54 1 50
16 1 11
38 1 21
44 1 1
25 1 16
3 2 28
29 1 3
12 2 79
3 5 1
4 2 3
51 2 75
4 2 29
1 1 37
51 1 19
37 1 19
19 1 5
51 1 21
19 1 30
21 1 32
21 2 19
5 2 4
32 2 29
13 1 3
51 2 61
23 1 15
45 1 13
23 1 56
75 1 19
3 1 37
44 2 45
50 1 61
28 1 27
30 1 70
70 1 69
56 1 21
15 2 70
20 1 19
25 2 23
39 1 1
69 1 51
30 1 12
69 2 23
43 2 48
22 1 21
1 2 28
21 1 4
37 1 21
21 1 23
5 2 29
20 1 21
1 1 5
11 1 43
4 2 32
50 1 48
1 1 4
1 2 38
3 2 4
1 7 3
1 2 33
15 2 20
10 2 1
26 1 21
15 2 12
23 1 22
11 1 10
6 2 7
1 2 4
21 1 5
44 1 9
30 1 45
29 1 28
11 1 13
43 1 21
17 1 11
50 2 23
3 1 38
79 1 30
23 1 79
23 1 54
18 2 23
10 1 9
26 2 27
33 1 27
30 1 20
29 2 4
1 2 18
9 2 3
9 2 13
3 2 25
12 2 15
14 1 1
51 2 30
12 1 14
79 2 58
19 1 32
18 1 16
23 1 21
30 1 54
69 1 41
38 2 37
14 1 13
17 1 14
51 2 52
41 1 14
7 2 6
69 1 48
53 1 51
3 2 37
1 2 37
3 4 1
41 1 19
50 2 30
3 1 33
50 1 43
5 2 42
28 1 26
11 1 8
1 4 3
12 1 11
44 1 8
21 1 1
21 1 34
27 1 19
41 1 11
61 1 21
48 2 75
55 1 51
43 1 14
15 1 11
1 2 41
38 1 19
4 2 42
11 1 3
17 2 16
13 1 1
11 1 1
56 6 44
58 6 45
30 1 15
5 2 32
15 1 14
52 1 30
14 1 41
19 1 42
41 2 48
27 1 1
8 2 10
23 1 70
70 2 15
40 1 6
4 2 1
37 2 38
34 1 1
3 1 1
41 2 51
29 1 1
58 1 21
43 1 19
30 1 44
16 2 17
12 2 20
20 2 22
10 1 3
5 2 3
44 1 23
6 1 3
3 2 41
21 1 29
12 2 22
8 2 9
19 2 21
12 2 44
19 1 3
3 2 5
69 1 75
12 2 70
43 1 11
1 2 30
19 1 1
3 1 28
14 1 43
53 1 52
55 2 56
70 1 50
4 2 34
19 1 4
34 1 3
5 2 1
22 2 55
21 1 3
14 1 10
22 1 19
45 1 25
1 1 3
3 7 1
44 1 18
25 1 17
69 1 43
23 1 19
? 1 github_java_program_data/45/2.java

54 1 30
19 1 34
16 1 14
43 2 51
50 1 41
34 1 33
41 1 21
32 2 4
54 1 69
40 1 39
30 1 22
45 1 23
54 2 12
22 2 20
70 2 22
69 2 30
1 2 5
40 1 7
6 2 39
3 1 5
26 1 1
21 1 42
23 1 55
45 2 44
55 1 30
10 1 1
3 1 4
50 1 51
11 1 41
18 1 17
27 1 21
3 2 33
23 1 20
30 1 19
1 5 3
30 1 21
23 1 53
23 1 58
26 1 19
13 2 1
45 1 3
48 1 21
1 1 38
7 1 3
42 2 5
33 1 26
1 2 43
39 1 30
48 2 30
15 2 54
23 1 12
48 1 19
14 1 3
15 2 22
70 1 23
19 1 29
48 2 61
3 2 38
13 2 3
61 1 19
44 1 13
79 1 48
3 2 43
27 2 26
75 1 21
54 1 23
10 2 3
54 2 70
54 1 50
16 1 11
38 1 21
44 1 1
25 1 16
3 2 28
29 1 3
12 2 79
3 5 1
4 2 3
51 2 75
4 2 29
1 1 37
51 1 19
37 1 19
19 1 5
51 1 21
19 1 30
21 1 32
21 2 19
5 2 4
32 2 29
13 1 3
51 2 61
23 1 15
45 1 13
23 1 56
75 1 19
3 1 37
44 2 45
50 1 61
28 1 27
30 1 70
70 1 69
56 1 21
15 2 70
20 1 19
25 2 23
39 1 1
69 1 51
30 1 12
69 2 23
43 2 48
22 1 21
1 2 28
21 1 4
37 1 21
21 1 23
5 2 29
20 1 21
1 1 5
11 1 43
4 2 32
50 1 48
1 1 4
1 2 38
3 2 4
1 7 3
1 2 33
15 2 20
10 2 1
26 1 21
15 2 12
23 1 22
11 1 10
6 2 7
1 2 4
21 1 5
44 1 9
30 1 45
29 1 28
11 1 13
43 1 21
17 1 11
50 2 23
3 1 38
79 1 30
23 1 79
23 1 54
18 2 23
10 1 9
26 2 27
33 1 27
30 1 20
29 2 4
1 2 18
9 2 3
9 2 13
3 2 25
12 2 15
14 1 1
51 2 30
12 1 14
79 2 58
19 1 32
18 1 16
23 1 21
30 1 54
69 1 41
38 2 37
14 1 13
17 1 14
51 2 52
41 1 14
7 2 6
69 1 48
53 1 51
3 2 37
1 2 37
3 4 1
41 1 19
50 2 30
3 1 33
50 1 43
5 2 42
28 1 26
11 1 8
1 4 3
12 1 11
44 1 8
21 1 1
21 1 34
27 1 19
41 1 11
61 1 21
48 2 75
55 1 51
43 1 14
15 1 11
1 2 41
38 1 19
4 2 42
11 1 3
17 2 16
13 1 1
11 1 1
56 6 44
58 6 45
30 1 15
5 2 32
15 1 14
52 1 30
14 1 41
19 1 42
41 2 48
27 1 1
8 2 10
23 1 70
70 2 15
40 1 6
4 2 1
37 2 38
34 1 1
3 1 1
41 2 51
29 1 1
58 1 21
43 1 19
30 1 44
16 2 17
12 2 20
20 2 22
10 1 3
5 2 3
44 1 23
6 1 3
3 2 41
21 1 29
12 2 22
8 2 9
19 2 21
12 2 44
19 1 3
3 2 5
69 1 75
12 2 70
43 1 11
1 2 30
19 1 1
3 1 28
14 1 43
53 1 52
55 2 56
70 1 50
4 2 34
19 1 4
34 1 3
5 2 1
22 2 55
21 1 3
14 1 10
22 1 19
45 1 25
1 1 3
3 7 1
44 1 18
25 1 17
69 1 43
23 1 19
? 1 github_java_program_data/45/205.java

3 2 25
19 1 34
16 1 14
1 1 33
50 1 41
34 1 33
41 1 21
51 2 61
54 1 69
40 1 39
30 1 22
22 2 20
70 1 30
8 2 13
3 1 5
26 1 1
21 1 42
23 1 55
45 2 44
20 2 56
3 5 1
55 1 30
50 1 48
3 1 4
50 1 51
11 1 41
18 1 17
27 1 21
3 2 33
23 1 71
23 1 20
30 1 19
1 5 3
53 1 48
30 1 21
23 1 53
23 1 58
26 1 19
13 2 1
45 1 3
48 1 21
1 1 38
55 2 20
33 1 26
1 2 43
5 2 34
48 2 30
23 1 12
22 2 15
48 1 19
14 1 3
30 1 55
19 1 29
48 2 61
3 2 38
25 2 30
61 1 19
27 1 19
79 1 48
3 2 43
23 1 44
13 2 3
54 1 23
10 2 3
8 2 1
54 1 50
1 1 37
37 1 19
44 1 1
25 1 16
3 2 28
29 1 3
12 2 55
1 1 28
4 2 3
46 1 25
51 2 75
4 2 29
16 1 11
51 1 19
38 1 21
19 1 5
27 1 3
21 1 32
21 2 19
13 1 3
23 1 15
45 1 13
45 1 30
75 1 19
3 1 37
44 2 45
50 1 61
16 2 17
28 1 27
45 1 8
56 1 21
45 1 9
20 1 19
39 1 1
69 1 51
47 1 23
30 1 12
69 2 23
22 1 21
1 2 28
21 1 4
20 2 79
37 1 21
21 1 23
5 2 29
20 1 21
29 1 33
1 1 5
52 1 23
39 1 8
21 1 30
55 1 48
11 1 43
4 2 32
79 1 51
1 1 4
1 2 23
3 2 4
30 1 79
20 2 71
1 2 33
32 2 5
51 2 72
10 2 1
73 1 72
15 2 12
23 1 22
11 1 10
22 2 73
3 1 28
21 1 5
5 2 32
44 1 9
44 1 10
41 2 51
46 1 30
29 1 28
11 1 13
43 1 21
17 1 11
15 2 79
50 2 23
20 2 15
12 1 14
79 1 30
23 1 79
18 2 23
51 2 23
2 2 6
40 1 2
1 7 3
27 2 26
26 2 27
33 1 27
30 1 20
30 1 73
1 2 18
9 2 10
48 2 52
51 1 21
12 2 15
14 1 1
50 2 30
44 1 13
3 1 38
79 2 58
19 1 32
18 1 16
23 1 21
30 1 54
69 1 41
38 2 37
14 1 13
17 1 14
41 1 14
3 2 37
1 2 37
72 1 23
3 4 1
41 1 19
29 2 5
3 1 33
56 6 44
28 1 26
53 2 22
1 4 3
12 1 11
1 2 25
39 1 23
21 1 1
15 2 53
21 1 3
21 1 34
30 1 53
41 1 11
55 1 51
15 1 11
1 2 41
38 1 19
4 2 42
17 2 16
45 1 1
13 1 1
11 1 1
51 2 30
30 1 15
34 1 28
15 1 14
52 1 30
14 1 41
19 1 42
41 2 48
27 1 1
23 1 70
70 2 15
40 1 6
6 2 39
4 2 1
23 1 56
3 1 1
10 1 1
19 1 46
29 1 1
43 1 19
34 1 3
26 1 21
20 2 22
10 1 3
34 1 1
44 1 23
6 1 3
3 2 41
21 1 29
12 2 22
5 2 1
58 6 44
2 1 3
26 1 3
5 2 3
8 2 9
12 2 54
19 2 21
79 1 23
19 1 3
3 2 5
21 1 47
69 1 75
12 2 70
19 1 1
1 2 4
14 1 43
1 2 5
53 1 52
9 2 13
70 1 50
58 1 19
19 1 23
4 2 34
19 1 4
37 2 38
73 1 51
15 2 55
11 1 3
14 1 10
22 1 19
23 1 45
45 1 25
1 1 3
3 7 1
44 1 18
25 1 17
47 1 18
23 1 19
? 1 github_java_program_data/45/231.java

54 1 30
19 1 34
16 1 14
43 2 51
50 1 41
34 1 33
41 1 21
32 2 4
54 1 69
40 1 39
30 1 22
45 1 23
54 2 12
22 2 20
70 2 22
69 2 30
1 2 5
40 1 7
6 2 39
3 1 5
26 1 1
21 1 42
23 1 55
45 2 44
55 1 30
10 1 1
3 1 4
50 1 51
11 1 41
18 1 17
27 1 21
3 2 33
23 1 20
30 1 19
1 5 3
30 1 21
23 1 53
23 1 58
26 1 19
13 2 1
45 1 3
48 1 21
1 1 38
7 1 3
42 2 5
33 1 26
1 2 43
39 1 30
48 2 30
15 2 54
23 1 12
48 1 19
14 1 3
15 2 22
70 1 23
19 1 29
48 2 61
3 2 38
13 2 3
61 1 19
44 1 13
79 1 48
3 2 43
27 2 26
75 1 21
54 1 23
10 2 3
54 2 70
54 1 50
16 1 11
38 1 21
44 1 1
25 1 16
3 2 28
29 1 3
12 2 79
3 5 1
4 2 3
51 2 75
4 2 29
1 1 37
51 1 19
37 1 19
19 1 5
51 1 21
19 1 30
21 1 32
21 2 19
5 2 4
32 2 29
13 1 3
51 2 61
23 1 15
45 1 13
23 1 56
75 1 19
3 1 37
44 2 45
50 1 61
28 1 27
30 1 70
70 1 69
56 1 21
15 2 70
20 1 19
25 2 23
39 1 1
69 1 51
30 1 12
69 2 23
43 2 48
22 1 21
1 2 28
21 1 4
37 1 21
21 1 23
5 2 29
20 1 21
1 1 5
11 1 43
4 2 32
50 1 48
1 1 4
1 2 38
3 2 4
1 7 3
1 2 33
15 2 20
10 2 1
26 1 21
15 2 12
23 1 22
11 1 10
6 2 7
1 2 4
21 1 5
44 1 9
30 1 45
29 1 28
11 1 13
43 1 21
17 1 11
50 2 23
3 1 38
79 1 30
23 1 79
23 1 54
18 2 23
10 1 9
26 2 27
33 1 27
30 1 20
29 2 4
1 2 18
9 2 3
9 2 13
3 2 25
12 2 15
14 1 1
51 2 30
12 1 14
79 2 58
19 1 32
18 1 16
23 1 21
30 1 54
69 1 41
38 2 37
14 1 13
17 1 14
51 2 52
41 1 14
7 2 6
69 1 48
53 1 51
3 2 37
1 2 37
3 4 1
41 1 19
50 2 30
3 1 33
50 1 43
5 2 42
28 1 26
11 1 8
1 4 3
12 1 11
44 1 8
21 1 1
21 1 34
27 1 19
41 1 11
61 1 21
48 2 75
55 1 51
43 1 14
15 1 11
1 2 41
38 1 19
4 2 42
11 1 3
17 2 16
13 1 1
11 1 1
56 6 44
58 6 45
30 1 15
5 2 32
15 1 14
52 1 30
14 1 41
19 1 42
41 2 48
27 1 1
8 2 10
23 1 70
70 2 15
40 1 6
4 2 1
37 2 38
34 1 1
3 1 1
41 2 51
29 1 1
58 1 21
43 1 19
30 1 44
16 2 17
12 2 20
20 2 22
10 1 3
5 2 3
44 1 23
6 1 3
3 2 41
21 1 29
12 2 22
8 2 9
19 2 21
12 2 44
19 1 3
3 2 5
69 1 75
12 2 70
43 1 11
1 2 30
19 1 1
3 1 28
14 1 43
53 1 52
55 2 56
70 1 50
4 2 34
19 1 4
34 1 3
5 2 1
22 2 55
21 1 3
14 1 10
22 1 19
45 1 25
1 1 3
3 7 1
44 1 18
25 1 17
69 1 43
23 1 19
? 1 github_java_program_data/45/234.java

54 1 30
3 2 25
45 1 23
50 1 41
34 1 33
14 2 11
69 1 61
51 2 61
40 1 39
30 1 22
54 2 70
70 2 22
1 2 5
3 1 5
44 2 45
21 1 42
45 2 44
9 2 8
50 1 48
50 1 51
3 2 38
22 2 20
23 1 20
53 1 48
30 1 56
26 1 19
1 1 38
33 1 26
39 1 30
30 1 78
23 1 12
22 2 15
48 1 19
14 1 3
30 1 55
20 2 56
60 1 19
61 1 19
15 2 73
73 2 53
44 1 13
79 1 48
3 2 43
75 1 21
54 1 23
10 2 3
54 1 50
1 1 37
38 1 21
20 2 58
29 1 3
30 1 99
70 1 30
24 1 30
51 1 19
27 1 3
11 1 49
53 2 73
5 2 4
15 2 53
73 1 52
45 1 13
23 1 56
3 1 37
23 1 73
50 1 61
12 2 54
45 1 8
56 1 21
72 1 30
50 2 30
37 1 19
25 2 23
69 1 51
48 2 23
69 2 23
8 2 3
27 2 26
54 2 15
73 2 55
13 1 1
5 2 29
1 2 28
44 1 8
1 1 5
11 1 43
10 1 1
1 2 38
30 1 79
1 2 33
32 2 5
14 1 49
68 1 21
62 1 21
11 1 10
1 2 4
44 1 9
30 1 45
30 1 60
23 1 54
22 2 56
33 1 27
30 1 73
30 1 53
51 2 52
5 2 34
3 1 38
73 1 48
69 1 41
14 1 13
99 1 19
41 1 14
69 1 48
53 1 51
3 2 37
48 2 72
44 1 3
68 1 19
50 1 43
18 1 17
60 1 21
15 2 54
41 1 11
61 1 21
23 1 70
23 1 15
1 2 41
55 2 99
11 1 3
17 2 16
30 1 70
22 2 58
58 6 45
5 2 32
14 1 68
15 1 14
79 1 23
14 1 41
41 2 48
70 2 73
4 2 1
3 1 1
30 1 58
73 2 12
43 1 19
34 1 3
16 2 17
1 2 37
10 1 3
34 1 1
69 2 30
21 1 29
12 2 22
26 1 3
53 1 81
8 2 1
3 2 5
55 1 48
18 2 30
43 1 11
1 2 30
19 1 1
54 2 22
15 2 20
70 2 58
53 2 54
58 1 19
19 1 4
79 2 56
45 1 1
14 1 10
22 1 19
4 2 42
19 1 29
11 1 9
69 1 43
43 2 48
19 1 34
16 1 14
1 1 33
3 2 18
48 2 61
41 1 21
32 2 4
54 1 69
20 2 22
23 1 60
8 2 13
39 1 1
3 5 1
3 2 28
3 1 4
44 1 23
11 1 41
27 1 21
73 1 72
1 5 3
23 1 53
23 1 58
13 2 1
45 1 3
48 1 21
50 1 75
1 2 43
70 1 23
3 2 33
25 2 30
29 1 1
13 2 3
26 1 21
44 1 1
25 1 16
11 1 68
1 1 28
4 2 3
51 2 75
4 2 29
58 1 21
9 2 13
55 1 23
19 1 5
51 1 21
21 1 32
13 1 3
45 1 30
75 1 19
28 1 27
81 1 73
70 1 69
15 2 70
20 1 19
30 1 12
22 1 21
21 1 4
37 1 21
1 2 68
20 1 21
52 1 23
39 1 8
42 2 4
19 1 3
22 2 54
4 2 32
73 1 57
1 1 4
44 1 25
3 2 4
20 2 12
1 7 3
53 2 58
57 1 30
51 2 72
45 1 10
10 2 1
15 2 12
23 1 22
11 1 1
21 1 5
21 1 3
44 1 10
41 2 51
29 1 28
11 1 13
43 1 21
17 1 11
50 2 23
72 2 81
18 2 23
49 1 21
26 2 27
30 1 20
29 2 4
1 2 18
42 2 5
48 2 52
56 1 19
14 1 1
12 1 14
4 2 5
19 1 32
12 2 15
24 2 44
17 1 14
72 1 23
41 1 19
29 2 5
56 6 44
5 2 42
28 1 26
24 1 8
12 1 11
1 2 25
34 2 5
21 1 1
21 1 34
5 2 1
48 2 75
43 1 14
15 1 11
38 1 19
49 1 19
45 1 18
30 1 15
22 2 70
52 1 30
18 1 16
19 1 42
72 2 57
1 4 3
8 2 10
3 2 49
27 1 19
14 1 8
54 2 56
53 2 20
1 2 49
30 1 44
12 2 53
43 2 51
44 1 30
3 2 41
30 1 24
24 1 18
22 2 79
5 2 3
69 1 75
12 2 70
24 1 3
3 4 1
25 1 17
14 1 43
53 1 52
70 1 50
9 2 10
4 2 34
53 1 72
73 1 51
30 1 62
12 2 24
1 1 3
3 7 1
20 2 73
73 2 58
? 1 github_java_program_data/45/25.java

54 1 30
19 1 34
16 1 14
43 2 51
50 1 41
34 1 33
41 1 21
32 2 4
54 1 69
40 1 39
30 1 22
45 1 23
54 2 12
22 2 20
70 2 22
69 2 30
1 2 5
40 1 7
6 2 39
3 1 5
26 1 1
21 1 42
23 1 55
45 2 44
55 1 30
10 1 1
3 1 4
50 1 51
11 1 41
18 1 17
27 1 21
3 2 33
23 1 20
30 1 19
1 5 3
30 1 21
23 1 53
23 1 58
26 1 19
13 2 1
45 1 3
48 1 21
1 1 38
7 1 3
42 2 5
33 1 26
1 2 43
39 1 30
48 2 30
15 2 54
23 1 12
48 1 19
14 1 3
15 2 22
70 1 23
19 1 29
48 2 61
3 2 38
13 2 3
61 1 19
44 1 13
79 1 48
3 2 43
27 2 26
75 1 21
54 1 23
10 2 3
54 2 70
54 1 50
16 1 11
38 1 21
44 1 1
25 1 16
3 2 28
29 1 3
12 2 79
3 5 1
4 2 3
51 2 75
4 2 29
1 1 37
51 1 19
37 1 19
19 1 5
51 1 21
19 1 30
21 1 32
21 2 19
5 2 4
32 2 29
13 1 3
51 2 61
23 1 15
45 1 13
23 1 56
75 1 19
3 1 37
44 2 45
50 1 61
28 1 27
30 1 70
70 1 69
56 1 21
15 2 70
20 1 19
25 2 23
39 1 1
69 1 51
30 1 12
69 2 23
43 2 48
22 1 21
1 2 28
21 1 4
37 1 21
21 1 23
5 2 29
20 1 21
1 1 5
11 1 43
4 2 32
50 1 48
1 1 4
1 2 38
3 2 4
1 7 3
1 2 33
15 2 20
10 2 1
26 1 21
15 2 12
23 1 22
11 1 10
6 2 7
1 2 4
21 1 5
44 1 9
30 1 45
29 1 28
11 1 13
43 1 21
17 1 11
50 2 23
3 1 38
79 1 30
23 1 79
23 1 54
18 2 23
10 1 9
26 2 27
33 1 27
30 1 20
29 2 4
1 2 18
9 2 3
9 2 13
3 2 25
12 2 15
14 1 1
51 2 30
12 1 14
79 2 58
19 1 32
18 1 16
23 1 21
30 1 54
69 1 41
38 2 37
14 1 13
17 1 14
51 2 52
41 1 14
7 2 6
69 1 48
53 1 51
3 2 37
1 2 37
3 4 1
41 1 19
50 2 30
3 1 33
50 1 43
5 2 42
28 1 26
11 1 8
1 4 3
12 1 11
44 1 8
21 1 1
21 1 34
27 1 19
41 1 11
61 1 21
48 2 75
55 1 51
43 1 14
15 1 11
1 2 41
38 1 19
4 2 42
11 1 3
17 2 16
13 1 1
11 1 1
56 6 44
58 6 45
30 1 15
5 2 32
15 1 14
52 1 30
14 1 41
19 1 42
41 2 48
27 1 1
8 2 10
23 1 70
70 2 15
40 1 6
4 2 1
37 2 38
34 1 1
3 1 1
41 2 51
29 1 1
58 1 21
43 1 19
30 1 44
16 2 17
12 2 20
20 2 22
10 1 3
5 2 3
44 1 23
6 1 3
3 2 41
21 1 29
12 2 22
8 2 9
19 2 21
12 2 44
19 1 3
3 2 5
69 1 75
12 2 70
43 1 11
1 2 30
19 1 1
3 1 28
14 1 43
53 1 52
55 2 56
70 1 50
4 2 34
19 1 4
34 1 3
5 2 1
22 2 55
21 1 3
14 1 10
22 1 19
45 1 25
1 1 3
3 7 1
44 1 18
25 1 17
69 1 43
23 1 19
? 1 github_java_program_data/45/263.java

3 2 25
19 1 34
16 1 14
1 1 33
50 1 41
34 1 33
41 1 21
51 2 61
54 1 69
40 1 39
30 1 22
22 2 20
70 1 30
8 2 13
3 1 5
26 1 1
21 1 42
23 1 55
45 2 44
20 2 56
3 5 1
55 1 30
50 1 48
3 1 4
50 1 51
11 1 41
18 1 17
27 1 21
3 2 33
23 1 71
23 1 20
30 1 19
1 5 3
53 1 48
30 1 21
23 1 53
23 1 58
26 1 19
13 2 1
45 1 3
48 1 21
1 1 38
55 2 20
33 1 26
1 2 43
5 2 34
48 2 30
23 1 12
22 2 15
48 1 19
14 1 3
30 1 55
19 1 29
48 2 61
3 2 38
25 2 30
61 1 19
27 1 19
79 1 48
3 2 43
23 1 44
13 2 3
54 1 23
10 2 3
8 2 1
54 1 50
1 1 37
37 1 19
44 1 1
25 1 16
3 2 28
29 1 3
12 2 55
1 1 28
4 2 3
46 1 25
51 2 75
4 2 29
16 1 11
51 1 19
38 1 21
19 1 5
27 1 3
21 1 32
21 2 19
13 1 3
23 1 15
45 1 13
45 1 30
75 1 19
3 1 37
44 2 45
50 1 61
16 2 17
28 1 27
45 1 8
56 1 21
45 1 9
20 1 19
39 1 1
69 1 51
47 1 23
30 1 12
69 2 23
22 1 21
1 2 28
21 1 4
20 2 79
37 1 21
21 1 23
5 2 29
20 1 21
29 1 33
1 1 5
52 1 23
39 1 8
21 1 30
55 1 48
11 1 43
4 2 32
79 1 51
1 1 4
1 2 23
3 2 4
30 1 79
20 2 71
1 2 33
32 2 5
51 2 72
10 2 1
73 1 72
15 2 12
23 1 22
11 1 10
22 2 73
3 1 28
21 1 5
5 2 32
44 1 9
44 1 10
41 2 51
46 1 30
29 1 28
11 1 13
43 1 21
17 1 11
15 2 79
50 2 23
20 2 15
12 1 14
79 1 30
23 1 79
18 2 23
51 2 23
2 2 6
40 1 2
1 7 3
27 2 26
26 2 27
33 1 27
30 1 20
30 1 73
1 2 18
9 2 10
48 2 52
51 1 21
12 2 15
14 1 1
50 2 30
44 1 13
3 1 38
79 2 58
19 1 32
18 1 16
23 1 21
30 1 54
69 1 41
38 2 37
14 1 13
17 1 14
41 1 14
3 2 37
1 2 37
72 1 23
3 4 1
41 1 19
29 2 5
3 1 33
56 6 44
28 1 26
53 2 22
1 4 3
12 1 11
1 2 25
39 1 23
21 1 1
15 2 53
21 1 3
21 1 34
30 1 53
41 1 11
55 1 51
15 1 11
1 2 41
38 1 19
4 2 42
17 2 16
45 1 1
13 1 1
11 1 1
51 2 30
30 1 15
34 1 28
15 1 14
52 1 30
14 1 41
19 1 42
41 2 48
27 1 1
23 1 70
70 2 15
40 1 6
6 2 39
4 2 1
23 1 56
3 1 1
10 1 1
19 1 46
29 1 1
43 1 19
34 1 3
26 1 21
20 2 22
10 1 3
34 1 1
44 1 23
6 1 3
3 2 41
21 1 29
12 2 22
5 2 1
58 6 44
2 1 3
26 1 3
5 2 3
8 2 9
12 2 54
19 2 21
79 1 23
19 1 3
3 2 5
21 1 47
69 1 75
12 2 70
19 1 1
1 2 4
14 1 43
1 2 5
53 1 52
9 2 13
70 1 50
58 1 19
19 1 23
4 2 34
19 1 4
37 2 38
73 1 51
15 2 55
11 1 3
14 1 10
22 1 19
23 1 45
45 1 25
1 1 3
3 7 1
44 1 18
25 1 17
47 1 18
23 1 19
? 1 github_java_program_data/45/28.java

54 1 30
29 1 28
16 1 14
1 1 33
50 1 41
34 1 33
14 2 11
19 1 34
41 1 21
51 2 61
54 1 69
40 1 39
30 1 22
45 1 23
54 2 70
70 2 22
56 6 45
70 1 30
40 1 7
8 2 13
3 1 5
26 1 1
21 1 42
12 2 20
45 2 44
61 1 19
10 1 1
3 1 4
50 1 51
11 1 41
12 1 11
27 1 21
22 2 20
23 1 20
1 5 3
53 1 48
30 1 56
23 1 58
26 1 19
13 2 1
45 1 3
48 1 21
1 1 38
33 1 26
1 2 43
22 2 12
15 2 54
23 1 12
48 1 19
14 1 3
30 1 55
70 1 23
19 1 29
3 2 33
3 2 38
25 2 30
13 2 3
29 1 1
44 1 13
3 2 43
27 2 26
75 1 21
54 1 23
10 2 3
8 2 1
54 1 50
1 1 37
55 1 23
44 1 1
25 1 16
3 2 28
29 1 3
3 5 1
4 2 3
51 2 75
4 2 29
16 1 11
24 1 30
51 1 19
38 1 21
19 1 5
51 1 21
11 1 49
21 1 32
5 2 4
13 1 3
20 2 12
23 1 15
45 1 13
45 1 30
75 1 19
3 1 37
44 2 45
50 1 61
16 2 17
28 1 27
39 1 3
45 1 8
70 1 69
56 1 21
1 2 68
45 1 9
20 1 19
37 1 19
3 2 23
69 1 51
48 2 23
30 1 12
11 1 68
8 2 3
22 1 21
1 2 28
21 1 4
37 1 21
11 1 3
5 2 29
20 1 21
1 1 5
52 1 23
39 1 8
42 2 4
55 1 48
11 1 43
58 6 45
4 2 32
79 1 51
1 1 4
44 1 25
1 2 38
3 2 18
3 2 4
30 1 79
69 1 61
4 2 34
45 1 10
10 2 1
73 1 72
68 1 21
23 1 22
20 2 55
11 1 10
3 1 28
21 1 5
5 2 32
44 1 9
5 2 34
41 2 51
22 2 54
2 1 1
11 1 13
43 1 21
17 1 11
50 2 23
3 1 38
23 1 54
18 2 23
51 2 23
2 2 6
40 1 2
49 1 21
26 2 27
6 2 39
30 1 20
30 1 73
24 1 1
29 2 4
1 2 18
42 2 5
30 1 70
48 2 52
56 1 19
12 2 15
14 1 1
50 2 30
44 1 10
12 1 14
4 2 5
19 1 32
18 1 16
24 2 44
30 1 54
69 1 41
14 1 13
17 1 14
45 1 18
41 1 14
6 1 1
69 1 48
7 1 1
3 2 37
23 1 53
72 1 23
3 4 1
41 1 19
29 2 5
50 1 43
1 7 3
28 1 26
24 1 8
1 4 3
18 1 17
1 2 25
39 1 23
21 1 1
21 1 34
30 1 53
41 1 11
61 1 21
48 2 75
43 1 14
15 1 11
1 2 41
38 1 19
6 2 7
17 2 16
13 1 1
11 1 1
56 6 44
7 2 6
30 1 15
1 2 33
40 1 6
15 1 14
52 1 30
14 1 41
69 2 23
19 1 42
41 2 48
32 2 5
23 1 70
58 1 21
48 2 72
27 1 19
14 1 8
4 2 1
22 2 70
34 1 1
3 1 1
43 2 51
1 2 49
43 1 19
34 1 3
26 1 21
23 1 24
12 2 53
20 2 22
10 1 3
44 1 30
5 2 3
69 2 30
3 2 41
21 1 29
12 2 22
5 2 1
23 1 44
8 2 9
24 1 18
32 2 4
79 1 23
22 2 79
19 1 3
3 2 5
69 1 75
18 2 30
43 1 11
19 1 1
54 2 22
1 2 4
14 1 43
1 2 5
53 1 52
9 2 13
70 1 50
9 2 10
73 1 48
19 1 4
79 2 56
33 1 27
1 2 37
34 2 5
21 1 3
14 1 10
22 1 19
23 1 45
15 2 22
12 2 24
1 1 3
3 7 1
4 2 42
25 1 17
15 2 12
11 1 9
69 1 43
? 1 github_java_program_data/45/287.java

3 2 25
19 1 34
16 1 14
1 1 33
50 1 41
34 1 33
41 1 21
51 2 61
54 1 69
40 1 39
30 1 22
22 2 20
70 1 30
8 2 13
3 1 5
26 1 1
21 1 42
23 1 55
45 2 44
20 2 56
3 5 1
55 1 30
50 1 48
3 1 4
50 1 51
11 1 41
18 1 17
27 1 21
3 2 33
23 1 71
23 1 20
30 1 19
1 5 3
53 1 48
30 1 21
23 1 53
23 1 58
26 1 19
13 2 1
45 1 3
48 1 21
1 1 38
55 2 20
33 1 26
1 2 43
5 2 34
48 2 30
23 1 12
22 2 15
48 1 19
14 1 3
30 1 55
19 1 29
48 2 61
3 2 38
25 2 30
61 1 19
27 1 19
79 1 48
3 2 43
23 1 44
13 2 3
54 1 23
10 2 3
8 2 1
54 1 50
1 1 37
37 1 19
44 1 1
25 1 16
3 2 28
29 1 3
12 2 55
1 1 28
4 2 3
46 1 25
51 2 75
4 2 29
16 1 11
51 1 19
38 1 21
19 1 5
27 1 3
21 1 32
21 2 19
13 1 3
23 1 15
45 1 13
45 1 30
75 1 19
3 1 37
44 2 45
50 1 61
16 2 17
28 1 27
45 1 8
56 1 21
45 1 9
20 1 19
39 1 1
69 1 51
47 1 23
30 1 12
69 2 23
22 1 21
1 2 28
21 1 4
20 2 79
37 1 21
21 1 23
5 2 29
20 1 21
29 1 33
1 1 5
52 1 23
39 1 8
21 1 30
55 1 48
11 1 43
4 2 32
79 1 51
1 1 4
1 2 23
3 2 4
30 1 79
20 2 71
1 2 33
32 2 5
51 2 72
10 2 1
73 1 72
15 2 12
23 1 22
11 1 10
22 2 73
3 1 28
21 1 5
5 2 32
44 1 9
44 1 10
41 2 51
46 1 30
29 1 28
11 1 13
43 1 21
17 1 11
15 2 79
50 2 23
20 2 15
12 1 14
79 1 30
23 1 79
18 2 23
51 2 23
2 2 6
40 1 2
1 7 3
27 2 26
26 2 27
33 1 27
30 1 20
30 1 73
1 2 18
9 2 10
48 2 52
51 1 21
12 2 15
14 1 1
50 2 30
44 1 13
3 1 38
79 2 58
19 1 32
18 1 16
23 1 21
30 1 54
69 1 41
38 2 37
14 1 13
17 1 14
41 1 14
3 2 37
1 2 37
72 1 23
3 4 1
41 1 19
29 2 5
3 1 33
56 6 44
28 1 26
53 2 22
1 4 3
12 1 11
1 2 25
39 1 23
21 1 1
15 2 53
21 1 3
21 1 34
30 1 53
41 1 11
55 1 51
15 1 11
1 2 41
38 1 19
4 2 42
17 2 16
45 1 1
13 1 1
11 1 1
51 2 30
30 1 15
34 1 28
15 1 14
52 1 30
14 1 41
19 1 42
41 2 48
27 1 1
23 1 70
70 2 15
40 1 6
6 2 39
4 2 1
23 1 56
3 1 1
10 1 1
19 1 46
29 1 1
43 1 19
34 1 3
26 1 21
20 2 22
10 1 3
34 1 1
44 1 23
6 1 3
3 2 41
21 1 29
12 2 22
5 2 1
58 6 44
2 1 3
26 1 3
5 2 3
8 2 9
12 2 54
19 2 21
79 1 23
19 1 3
3 2 5
21 1 47
69 1 75
12 2 70
19 1 1
1 2 4
14 1 43
1 2 5
53 1 52
9 2 13
70 1 50
58 1 19
19 1 23
4 2 34
19 1 4
37 2 38
73 1 51
15 2 55
11 1 3
14 1 10
22 1 19
23 1 45
45 1 25
1 1 3
3 7 1
44 1 18
25 1 17
47 1 18
23 1 19
? 1 github_java_program_data/45/289.java

54 1 30
19 1 34
16 1 14
43 2 51
50 1 41
34 1 33
41 1 21
32 2 4
54 1 69
40 1 39
30 1 22
45 1 23
54 2 12
22 2 20
70 2 22
69 2 30
1 2 5
40 1 7
6 2 39
3 1 5
26 1 1
21 1 42
23 1 55
45 2 44
55 1 30
10 1 1
3 1 4
50 1 51
11 1 41
18 1 17
27 1 21
3 2 33
23 1 20
30 1 19
1 5 3
30 1 21
23 1 53
23 1 58
26 1 19
13 2 1
45 1 3
48 1 21
1 1 38
7 1 3
42 2 5
33 1 26
1 2 43
39 1 30
48 2 30
15 2 54
23 1 12
48 1 19
14 1 3
15 2 22
70 1 23
19 1 29
48 2 61
3 2 38
13 2 3
61 1 19
44 1 13
79 1 48
3 2 43
27 2 26
75 1 21
54 1 23
10 2 3
54 2 70
54 1 50
16 1 11
38 1 21
44 1 1
25 1 16
3 2 28
29 1 3
12 2 79
3 5 1
4 2 3
51 2 75
4 2 29
1 1 37
51 1 19
37 1 19
19 1 5
51 1 21
19 1 30
21 1 32
21 2 19
5 2 4
32 2 29
13 1 3
51 2 61
23 1 15
45 1 13
23 1 56
75 1 19
3 1 37
44 2 45
50 1 61
28 1 27
30 1 70
70 1 69
56 1 21
15 2 70
20 1 19
25 2 23
39 1 1
69 1 51
30 1 12
69 2 23
43 2 48
22 1 21
1 2 28
21 1 4
37 1 21
21 1 23
5 2 29
20 1 21
1 1 5
11 1 43
4 2 32
50 1 48
1 1 4
1 2 38
3 2 4
1 7 3
1 2 33
15 2 20
10 2 1
26 1 21
15 2 12
23 1 22
11 1 10
6 2 7
1 2 4
21 1 5
44 1 9
30 1 45
29 1 28
11 1 13
43 1 21
17 1 11
50 2 23
3 1 38
79 1 30
23 1 79
23 1 54
18 2 23
10 1 9
26 2 27
33 1 27
30 1 20
29 2 4
1 2 18
9 2 3
9 2 13
3 2 25
12 2 15
14 1 1
51 2 30
12 1 14
79 2 58
19 1 32
18 1 16
23 1 21
30 1 54
69 1 41
38 2 37
14 1 13
17 1 14
51 2 52
41 1 14
7 2 6
69 1 48
53 1 51
3 2 37
1 2 37
3 4 1
41 1 19
50 2 30
3 1 33
50 1 43
5 2 42
28 1 26
11 1 8
1 4 3
12 1 11
44 1 8
21 1 1
21 1 34
27 1 19
41 1 11
61 1 21
48 2 75
55 1 51
43 1 14
15 1 11
1 2 41
38 1 19
4 2 42
11 1 3
17 2 16
13 1 1
11 1 1
56 6 44
58 6 45
30 1 15
5 2 32
15 1 14
52 1 30
14 1 41
19 1 42
41 2 48
27 1 1
8 2 10
23 1 70
70 2 15
40 1 6
4 2 1
37 2 38
34 1 1
3 1 1
41 2 51
29 1 1
58 1 21
43 1 19
30 1 44
16 2 17
12 2 20
20 2 22
10 1 3
5 2 3
44 1 23
6 1 3
3 2 41
21 1 29
12 2 22
8 2 9
19 2 21
12 2 44
19 1 3
3 2 5
69 1 75
12 2 70
43 1 11
1 2 30
19 1 1
3 1 28
14 1 43
53 1 52
55 2 56
70 1 50
4 2 34
19 1 4
34 1 3
5 2 1
22 2 55
21 1 3
14 1 10
22 1 19
45 1 25
1 1 3
3 7 1
44 1 18
25 1 17
69 1 43
23 1 19
? 1 github_java_program_data/45/31.java

3 2 25
19 1 34
16 1 14
1 1 33
50 1 41
34 1 33
41 1 21
51 2 61
54 1 69
40 1 39
30 1 22
22 2 20
70 1 30
8 2 13
3 1 5
26 1 1
21 1 42
23 1 55
45 2 44
20 2 56
3 5 1
55 1 30
50 1 48
3 1 4
50 1 51
11 1 41
18 1 17
27 1 21
3 2 33
23 1 71
23 1 20
30 1 19
1 5 3
53 1 48
30 1 21
23 1 53
23 1 58
26 1 19
13 2 1
45 1 3
48 1 21
1 1 38
55 2 20
33 1 26
1 2 43
5 2 34
48 2 30
23 1 12
22 2 15
48 1 19
14 1 3
30 1 55
19 1 29
48 2 61
3 2 38
25 2 30
61 1 19
27 1 19
79 1 48
3 2 43
23 1 44
13 2 3
54 1 23
10 2 3
8 2 1
54 1 50
1 1 37
37 1 19
44 1 1
25 1 16
3 2 28
29 1 3
12 2 55
1 1 28
4 2 3
46 1 25
51 2 75
4 2 29
16 1 11
51 1 19
38 1 21
19 1 5
27 1 3
21 1 32
21 2 19
13 1 3
23 1 15
45 1 13
45 1 30
75 1 19
3 1 37
44 2 45
50 1 61
16 2 17
28 1 27
45 1 8
56 1 21
45 1 9
20 1 19
39 1 1
69 1 51
47 1 23
30 1 12
69 2 23
22 1 21
1 2 28
21 1 4
20 2 79
37 1 21
21 1 23
5 2 29
20 1 21
29 1 33
1 1 5
52 1 23
39 1 8
21 1 30
55 1 48
11 1 43
4 2 32
79 1 51
1 1 4
1 2 23
3 2 4
30 1 79
20 2 71
1 2 33
32 2 5
51 2 72
10 2 1
73 1 72
15 2 12
23 1 22
11 1 10
22 2 73
3 1 28
21 1 5
5 2 32
44 1 9
44 1 10
41 2 51
46 1 30
29 1 28
11 1 13
43 1 21
17 1 11
15 2 79
50 2 23
20 2 15
12 1 14
79 1 30
23 1 79
18 2 23
51 2 23
2 2 6
40 1 2
1 7 3
27 2 26
26 2 27
33 1 27
30 1 20
30 1 73
1 2 18
9 2 10
48 2 52
51 1 21
12 2 15
14 1 1
50 2 30
44 1 13
3 1 38
79 2 58
19 1 32
18 1 16
23 1 21
30 1 54
69 1 41
38 2 37
14 1 13
17 1 14
41 1 14
3 2 37
1 2 37
72 1 23
3 4 1
41 1 19
29 2 5
3 1 33
56 6 44
28 1 26
53 2 22
1 4 3
12 1 11
1 2 25
39 1 23
21 1 1
15 2 53
21 1 3
21 1 34
30 1 53
41 1 11
55 1 51
15 1 11
1 2 41
38 1 19
4 2 42
17 2 16
45 1 1
13 1 1
11 1 1
51 2 30
30 1 15
34 1 28
15 1 14
52 1 30
14 1 41
19 1 42
41 2 48
27 1 1
23 1 70
70 2 15
40 1 6
6 2 39
4 2 1
23 1 56
3 1 1
10 1 1
19 1 46
29 1 1
43 1 19
34 1 3
26 1 21
20 2 22
10 1 3
34 1 1
44 1 23
6 1 3
3 2 41
21 1 29
12 2 22
5 2 1
58 6 44
2 1 3
26 1 3
5 2 3
8 2 9
12 2 54
19 2 21
79 1 23
19 1 3
3 2 5
21 1 47
69 1 75
12 2 70
19 1 1
1 2 4
14 1 43
1 2 5
53 1 52
9 2 13
70 1 50
58 1 19
19 1 23
4 2 34
19 1 4
37 2 38
73 1 51
15 2 55
11 1 3
14 1 10
22 1 19
23 1 45
45 1 25
1 1 3
3 7 1
44 1 18
25 1 17
47 1 18
23 1 19
? 1 github_java_program_data/45/318.java

54 1 30
19 1 34
16 1 14
43 2 51
50 1 41
34 1 33
41 1 21
32 2 4
54 1 69
40 1 39
30 1 22
45 1 23
54 2 12
22 2 20
70 2 22
69 2 30
1 2 5
40 1 7
6 2 39
3 1 5
26 1 1
21 1 42
23 1 55
45 2 44
55 1 30
10 1 1
3 1 4
50 1 51
11 1 41
18 1 17
27 1 21
3 2 33
23 1 20
30 1 19
1 5 3
30 1 21
23 1 53
23 1 58
26 1 19
13 2 1
45 1 3
48 1 21
1 1 38
7 1 3
42 2 5
33 1 26
1 2 43
39 1 30
48 2 30
15 2 54
23 1 12
48 1 19
14 1 3
15 2 22
70 1 23
19 1 29
48 2 61
3 2 38
13 2 3
61 1 19
44 1 13
79 1 48
3 2 43
27 2 26
75 1 21
54 1 23
10 2 3
54 2 70
54 1 50
16 1 11
38 1 21
44 1 1
25 1 16
3 2 28
29 1 3
12 2 79
3 5 1
4 2 3
51 2 75
4 2 29
1 1 37
51 1 19
37 1 19
19 1 5
51 1 21
19 1 30
21 1 32
21 2 19
5 2 4
32 2 29
13 1 3
51 2 61
23 1 15
45 1 13
23 1 56
75 1 19
3 1 37
44 2 45
50 1 61
28 1 27
30 1 70
70 1 69
56 1 21
15 2 70
20 1 19
25 2 23
39 1 1
69 1 51
30 1 12
69 2 23
43 2 48
22 1 21
1 2 28
21 1 4
37 1 21
21 1 23
5 2 29
20 1 21
1 1 5
11 1 43
4 2 32
50 1 48
1 1 4
1 2 38
3 2 4
1 7 3
1 2 33
15 2 20
10 2 1
26 1 21
15 2 12
23 1 22
11 1 10
6 2 7
1 2 4
21 1 5
44 1 9
30 1 45
29 1 28
11 1 13
43 1 21
17 1 11
50 2 23
3 1 38
79 1 30
23 1 79
23 1 54
18 2 23
10 1 9
26 2 27
33 1 27
30 1 20
29 2 4
1 2 18
9 2 3
9 2 13
3 2 25
12 2 15
14 1 1
51 2 30
12 1 14
79 2 58
19 1 32
18 1 16
23 1 21
30 1 54
69 1 41
38 2 37
14 1 13
17 1 14
51 2 52
41 1 14
7 2 6
69 1 48
53 1 51
3 2 37
1 2 37
3 4 1
41 1 19
50 2 30
3 1 33
50 1 43
5 2 42
28 1 26
11 1 8
1 4 3
12 1 11
44 1 8
21 1 1
21 1 34
27 1 19
41 1 11
61 1 21
48 2 75
55 1 51
43 1 14
15 1 11
1 2 41
38 1 19
4 2 42
11 1 3
17 2 16
13 1 1
11 1 1
56 6 44
58 6 45
30 1 15
5 2 32
15 1 14
52 1 30
14 1 41
19 1 42
41 2 48
27 1 1
8 2 10
23 1 70
70 2 15
40 1 6
4 2 1
37 2 38
34 1 1
3 1 1
41 2 51
29 1 1
58 1 21
43 1 19
30 1 44
16 2 17
12 2 20
20 2 22
10 1 3
5 2 3
44 1 23
6 1 3
3 2 41
21 1 29
12 2 22
8 2 9
19 2 21
12 2 44
19 1 3
3 2 5
69 1 75
12 2 70
43 1 11
1 2 30
19 1 1
3 1 28
14 1 43
53 1 52
55 2 56
70 1 50
4 2 34
19 1 4
34 1 3
5 2 1
22 2 55
21 1 3
14 1 10
22 1 19
45 1 25
1 1 3
3 7 1
44 1 18
25 1 17
69 1 43
23 1 19
? 1 github_java_program_data/45/321.java

43 2 48
19 1 34
45 1 23
1 1 33
34 1 33
41 1 21
7 2 39
40 1 39
30 1 22
51 2 23
1 2 5
40 1 7
3 1 5
26 1 1
21 1 42
23 1 55
50 1 48
3 5 1
29 1 1
10 1 1
3 1 4
7 2 6
11 1 41
18 1 17
27 1 21
22 2 20
23 1 71
23 1 20
30 1 19
1 5 3
53 1 48
30 1 56
23 1 58
26 1 19
13 2 1
45 1 3
48 1 21
1 1 38
7 1 3
33 1 26
1 2 43
39 1 30
48 2 30
15 2 54
23 1 12
48 1 19
14 1 3
30 1 55
19 1 29
3 2 33
61 1 19
27 1 19
79 1 48
3 2 43
27 2 26
13 2 3
54 1 23
10 2 3
54 1 50
1 1 37
55 1 23
44 1 1
25 1 16
3 2 28
29 1 3
12 2 79
1 1 28
4 2 3
4 2 29
16 1 11
9 2 13
24 1 30
51 1 19
38 1 21
19 1 5
27 1 3
19 1 30
21 1 32
21 2 19
13 1 3
15 1 11
3 1 37
44 2 45
23 1 73
50 1 61
16 2 17
28 1 27
45 1 8
72 1 30
20 1 19
37 1 19
25 2 23
39 1 1
48 2 23
30 1 12
22 1 21
1 2 28
21 1 4
37 1 21
5 2 34
21 1 23
5 2 29
20 1 21
29 1 33
1 1 5
52 1 23
39 1 8
48 2 52
11 1 43
4 2 32
79 1 51
1 1 4
44 1 25
3 2 4
20 2 12
20 2 71
1 2 33
51 2 72
45 1 10
10 2 1
73 1 72
23 1 22
11 1 10
6 2 7
1 2 4
21 1 5
44 1 9
44 1 10
30 1 45
29 1 28
11 1 13
43 1 21
50 2 23
3 1 38
79 1 30
23 1 79
1 7 3
26 2 27
33 1 27
30 1 20
22 2 53
24 1 1
1 2 18
9 2 10
55 2 56
51 1 21
56 1 19
12 2 15
14 1 1
51 2 30
44 1 13
12 1 14
79 2 58
19 1 32
18 1 16
23 1 21
30 1 54
14 1 13
17 1 14
3 2 25
3 2 37
1 2 37
44 1 3
41 1 19
3 1 33
50 1 43
48 2 61
5 2 42
28 1 26
34 2 4
1 4 3
12 1 11
44 1 8
21 1 1
24 1 9
21 1 34
30 1 53
15 2 22
55 1 51
43 1 14
23 1 15
38 1 19
11 1 3
17 2 16
13 1 1
11 1 1
56 6 44
58 6 45
55 2 20
30 1 15
34 1 28
5 2 1
30 1 21
14 1 41
9 2 1
19 1 42
27 1 1
8 2 10
40 1 6
4 2 1
37 2 38
34 1 1
3 1 1
43 1 19
24 2 44
30 1 44
26 1 21
12 2 20
20 2 22
45 2 24
10 1 3
44 1 30
5 2 3
44 1 23
6 1 3
3 2 41
21 1 29
12 2 22
30 1 24
26 1 3
8 2 9
24 1 18
19 2 21
8 2 1
22 2 79
19 1 3
3 2 5
55 1 48
18 2 30
1 2 30
19 1 1
3 4 1
3 1 28
53 1 52
15 2 20
58 1 19
19 1 23
4 2 34
19 1 4
34 1 3
73 1 51
15 2 55
21 1 3
14 1 10
22 1 19
45 1 25
1 1 3
3 7 1
44 1 18
25 1 17
23 1 19
? 1 github_java_program_data/45/346.java

54 1 30
19 1 34
16 1 14
43 2 51
50 1 41
34 1 33
41 1 21
32 2 4
54 1 69
40 1 39
30 1 22
45 1 23
54 2 12
22 2 20
70 2 22
69 2 30
1 2 5
40 1 7
6 2 39
3 1 5
26 1 1
21 1 42
23 1 55
45 2 44
55 1 30
10 1 1
3 1 4
50 1 51
11 1 41
18 1 17
27 1 21
3 2 33
23 1 20
30 1 19
1 5 3
30 1 21
23 1 53
23 1 58
26 1 19
13 2 1
45 1 3
48 1 21
1 1 38
7 1 3
42 2 5
33 1 26
1 2 43
39 1 30
48 2 30
15 2 54
23 1 12
48 1 19
14 1 3
15 2 22
70 1 23
19 1 29
48 2 61
3 2 38
13 2 3
61 1 19
44 1 13
79 1 48
3 2 43
27 2 26
75 1 21
54 1 23
10 2 3
54 2 70
54 1 50
16 1 11
38 1 21
44 1 1
25 1 16
3 2 28
29 1 3
12 2 79
3 5 1
4 2 3
51 2 75
4 2 29
1 1 37
51 1 19
37 1 19
19 1 5
51 1 21
19 1 30
21 1 32
21 2 19
5 2 4
32 2 29
13 1 3
51 2 61
23 1 15
45 1 13
23 1 56
75 1 19
3 1 37
44 2 45
50 1 61
28 1 27
30 1 70
70 1 69
56 1 21
15 2 70
20 1 19
25 2 23
39 1 1
69 1 51
30 1 12
69 2 23
43 2 48
22 1 21
1 2 28
21 1 4
37 1 21
21 1 23
5 2 29
20 1 21
1 1 5
11 1 43
4 2 32
50 1 48
1 1 4
1 2 38
3 2 4
1 7 3
1 2 33
15 2 20
10 2 1
26 1 21
15 2 12
23 1 22
11 1 10
6 2 7
1 2 4
21 1 5
44 1 9
30 1 45
29 1 28
11 1 13
43 1 21
17 1 11
50 2 23
3 1 38
79 1 30
23 1 79
23 1 54
18 2 23
10 1 9
26 2 27
33 1 27
30 1 20
29 2 4
1 2 18
9 2 3
9 2 13
3 2 25
12 2 15
14 1 1
51 2 30
12 1 14
79 2 58
19 1 32
18 1 16
23 1 21
30 1 54
69 1 41
38 2 37
14 1 13
17 1 14
51 2 52
41 1 14
7 2 6
69 1 48
53 1 51
3 2 37
1 2 37
3 4 1
41 1 19
50 2 30
3 1 33
50 1 43
5 2 42
28 1 26
11 1 8
1 4 3
12 1 11
44 1 8
21 1 1
21 1 34
27 1 19
41 1 11
61 1 21
48 2 75
55 1 51
43 1 14
15 1 11
1 2 41
38 1 19
4 2 42
11 1 3
17 2 16
13 1 1
11 1 1
56 6 44
58 6 45
30 1 15
5 2 32
15 1 14
52 1 30
14 1 41
19 1 42
41 2 48
27 1 1
8 2 10
23 1 70
70 2 15
40 1 6
4 2 1
37 2 38
34 1 1
3 1 1
41 2 51
29 1 1
58 1 21
43 1 19
30 1 44
16 2 17
12 2 20
20 2 22
10 1 3
5 2 3
44 1 23
6 1 3
3 2 41
21 1 29
12 2 22
8 2 9
19 2 21
12 2 44
19 1 3
3 2 5
69 1 75
12 2 70
43 1 11
1 2 30
19 1 1
3 1 28
14 1 43
53 1 52
55 2 56
70 1 50
4 2 34
19 1 4
34 1 3
5 2 1
22 2 55
21 1 3
14 1 10
22 1 19
45 1 25
1 1 3
3 7 1
44 1 18
25 1 17
69 1 43
23 1 19
? 1 github_java_program_data/45/350.java

3 2 25
19 1 34
16 1 14
1 1 33
3 2 18
34 1 33
69 1 61
41 1 21
51 2 61
7 2 39
40 1 39
30 1 22
45 1 23
1 1 18
1 2 5
40 1 7
8 2 13
3 1 5
26 1 1
21 1 42
23 1 55
45 2 44
3 5 1
29 1 1
10 1 1
3 1 4
12 1 11
27 1 21
22 2 20
23 1 20
1 5 3
53 1 48
23 1 53
23 1 58
26 1 19
13 2 1
45 1 3
48 1 21
1 1 38
7 1 3
33 1 26
1 2 43
48 2 30
23 1 12
22 2 15
48 1 19
14 1 3
30 1 55
70 1 23
19 1 29
3 2 33
25 2 30
61 1 19
44 1 13
79 1 48
3 2 43
2 1 3
13 2 3
54 1 23
10 2 3
54 1 50
1 1 37
55 1 23
44 1 1
25 1 16
3 2 28
29 1 3
12 2 55
1 1 28
4 2 3
4 2 29
58 1 21
51 1 19
37 1 19
19 1 5
51 1 21
11 1 49
21 1 32
13 1 3
55 2 22
23 1 56
3 1 37
44 2 45
16 2 17
28 1 27
45 1 8
70 1 69
56 1 21
15 2 70
20 1 19
39 1 1
69 1 51
48 2 23
30 1 12
69 2 23
22 1 21
1 2 28
21 1 4
20 2 79
37 1 21
16 1 3
30 1 70
5 2 29
20 1 21
29 1 33
1 1 5
39 1 8
11 1 43
79 1 51
1 1 4
1 2 23
44 1 25
34 2 5
3 2 4
39 1 23
1 2 33
51 2 72
45 1 10
10 2 1
73 1 72
15 2 12
23 1 22
11 1 10
1 2 4
21 1 5
38 1 21
44 1 9
5 2 34
4 2 42
29 1 28
11 1 13
43 1 21
17 1 11
50 2 23
12 1 14
79 1 30
23 1 79
18 2 23
51 2 23
2 2 6
40 1 2
49 1 21
27 2 26
26 2 27
33 1 27
30 1 20
30 1 73
29 2 4
1 2 18
48 2 52
27 1 3
56 1 19
12 2 15
14 1 1
51 2 30
44 1 10
3 1 38
4 2 5
19 1 32
18 1 16
30 1 54
69 1 41
73 2 22
9 2 8
14 1 13
45 1 18
3 2 37
30 1 56
72 1 23
44 1 3
41 1 19
29 2 5
3 1 33
50 1 43
1 7 3
28 1 26
56 6 45
1 4 3
18 1 17
1 2 25
37 2 38
21 1 1
15 2 53
21 1 3
21 1 34
27 1 19
41 1 11
55 1 51
23 1 15
1 2 41
38 1 19
6 2 7
17 2 16
13 1 1
11 1 1
56 6 44
30 1 15
34 1 28
15 1 14
52 1 30
14 1 41
19 1 42
27 1 1
8 2 10
3 2 49
40 1 6
4 2 1
34 1 1
3 1 1
53 2 20
43 1 19
34 1 3
26 1 21
1 2 37
12 2 20
20 2 22
10 1 3
44 1 30
5 2 3
7 2 6
6 1 3
3 2 41
21 1 29
12 2 22
5 2 1
23 1 44
26 1 3
79 2 56
20 2 73
12 2 54
8 2 1
22 2 79
19 1 3
3 2 5
55 1 48
43 1 11
19 1 1
3 4 1
3 1 28
53 1 52
55 2 56
9 2 10
4 2 34
19 1 4
44 1 8
73 1 51
11 1 3
14 1 10
22 1 19
23 1 45
1 1 3
3 7 1
41 2 51
54 2 15
25 1 17
? 1 github_java_program_data/45/360.java

3 2 25
19 1 34
16 1 14
1 1 33
50 1 41
34 1 33
41 1 21
51 2 61
54 1 69
40 1 39
30 1 22
22 2 20
70 1 30
8 2 13
3 1 5
26 1 1
21 1 42
23 1 55
45 2 44
20 2 56
3 5 1
55 1 30
50 1 48
3 1 4
50 1 51
11 1 41
18 1 17
27 1 21
3 2 33
23 1 71
23 1 20
30 1 19
1 5 3
53 1 48
30 1 21
23 1 53
23 1 58
26 1 19
13 2 1
45 1 3
48 1 21
1 1 38
55 2 20
33 1 26
1 2 43
5 2 34
48 2 30
23 1 12
22 2 15
48 1 19
14 1 3
30 1 55
19 1 29
48 2 61
3 2 38
25 2 30
61 1 19
27 1 19
79 1 48
3 2 43
23 1 44
13 2 3
54 1 23
10 2 3
8 2 1
54 1 50
1 1 37
37 1 19
44 1 1
25 1 16
3 2 28
29 1 3
12 2 55
1 1 28
4 2 3
46 1 25
51 2 75
4 2 29
16 1 11
51 1 19
38 1 21
19 1 5
27 1 3
21 1 32
21 2 19
13 1 3
23 1 15
45 1 13
45 1 30
75 1 19
3 1 37
44 2 45
50 1 61
16 2 17
28 1 27
45 1 8
56 1 21
45 1 9
20 1 19
39 1 1
69 1 51
47 1 23
30 1 12
69 2 23
22 1 21
1 2 28
21 1 4
20 2 79
37 1 21
21 1 23
5 2 29
20 1 21
29 1 33
1 1 5
52 1 23
39 1 8
21 1 30
55 1 48
11 1 43
4 2 32
79 1 51
1 1 4
1 2 23
3 2 4
30 1 79
20 2 71
1 2 33
32 2 5
51 2 72
10 2 1
73 1 72
15 2 12
23 1 22
11 1 10
22 2 73
3 1 28
21 1 5
5 2 32
44 1 9
44 1 10
41 2 51
46 1 30
29 1 28
11 1 13
43 1 21
17 1 11
15 2 79
50 2 23
20 2 15
12 1 14
79 1 30
23 1 79
18 2 23
51 2 23
2 2 6
40 1 2
1 7 3
27 2 26
26 2 27
33 1 27
30 1 20
30 1 73
1 2 18
9 2 10
48 2 52
51 1 21
12 2 15
14 1 1
50 2 30
44 1 13
3 1 38
79 2 58
19 1 32
18 1 16
23 1 21
30 1 54
69 1 41
38 2 37
14 1 13
17 1 14
41 1 14
3 2 37
1 2 37
72 1 23
3 4 1
41 1 19
29 2 5
3 1 33
56 6 44
28 1 26
53 2 22
1 4 3
12 1 11
1 2 25
39 1 23
21 1 1
15 2 53
21 1 3
21 1 34
30 1 53
41 1 11
55 1 51
15 1 11
1 2 41
38 1 19
4 2 42
17 2 16
45 1 1
13 1 1
11 1 1
51 2 30
30 1 15
34 1 28
15 1 14
52 1 30
14 1 41
19 1 42
41 2 48
27 1 1
23 1 70
70 2 15
40 1 6
6 2 39
4 2 1
23 1 56
3 1 1
10 1 1
19 1 46
29 1 1
43 1 19
34 1 3
26 1 21
20 2 22
10 1 3
34 1 1
44 1 23
6 1 3
3 2 41
21 1 29
12 2 22
5 2 1
58 6 44
2 1 3
26 1 3
5 2 3
8 2 9
12 2 54
19 2 21
79 1 23
19 1 3
3 2 5
21 1 47
69 1 75
12 2 70
19 1 1
1 2 4
14 1 43
1 2 5
53 1 52
9 2 13
70 1 50
58 1 19
19 1 23
4 2 34
19 1 4
37 2 38
73 1 51
15 2 55
11 1 3
14 1 10
22 1 19
23 1 45
45 1 25
1 1 3
3 7 1
44 1 18
25 1 17
47 1 18
23 1 19
? 1 github_java_program_data/45/376.java

54 1 30
19 1 34
16 1 14
43 2 51
50 1 41
34 1 33
41 1 21
32 2 4
54 1 69
40 1 39
30 1 22
45 1 23
54 2 12
22 2 20
70 2 22
69 2 30
1 2 5
40 1 7
6 2 39
3 1 5
26 1 1
21 1 42
23 1 55
45 2 44
55 1 30
10 1 1
3 1 4
50 1 51
11 1 41
18 1 17
27 1 21
3 2 33
23 1 20
30 1 19
1 5 3
30 1 21
23 1 53
23 1 58
26 1 19
13 2 1
45 1 3
48 1 21
1 1 38
7 1 3
42 2 5
33 1 26
1 2 43
39 1 30
48 2 30
15 2 54
23 1 12
48 1 19
14 1 3
15 2 22
70 1 23
19 1 29
48 2 61
3 2 38
13 2 3
61 1 19
44 1 13
79 1 48
3 2 43
27 2 26
75 1 21
54 1 23
10 2 3
54 2 70
54 1 50
16 1 11
38 1 21
44 1 1
25 1 16
3 2 28
29 1 3
12 2 79
3 5 1
4 2 3
51 2 75
4 2 29
1 1 37
51 1 19
37 1 19
19 1 5
51 1 21
19 1 30
21 1 32
21 2 19
5 2 4
32 2 29
13 1 3
51 2 61
23 1 15
45 1 13
23 1 56
75 1 19
3 1 37
44 2 45
50 1 61
28 1 27
30 1 70
70 1 69
56 1 21
15 2 70
20 1 19
25 2 23
39 1 1
69 1 51
30 1 12
69 2 23
43 2 48
22 1 21
1 2 28
21 1 4
37 1 21
21 1 23
5 2 29
20 1 21
1 1 5
11 1 43
4 2 32
50 1 48
1 1 4
1 2 38
3 2 4
1 7 3
1 2 33
15 2 20
10 2 1
26 1 21
15 2 12
23 1 22
11 1 10
6 2 7
1 2 4
21 1 5
44 1 9
30 1 45
29 1 28
11 1 13
43 1 21
17 1 11
50 2 23
3 1 38
79 1 30
23 1 79
23 1 54
18 2 23
10 1 9
26 2 27
33 1 27
30 1 20
29 2 4
1 2 18
9 2 3
9 2 13
3 2 25
12 2 15
14 1 1
51 2 30
12 1 14
79 2 58
19 1 32
18 1 16
23 1 21
30 1 54
69 1 41
38 2 37
14 1 13
17 1 14
51 2 52
41 1 14
7 2 6
69 1 48
53 1 51
3 2 37
1 2 37
3 4 1
41 1 19
50 2 30
3 1 33
50 1 43
5 2 42
28 1 26
11 1 8
1 4 3
12 1 11
44 1 8
21 1 1
21 1 34
27 1 19
41 1 11
61 1 21
48 2 75
55 1 51
43 1 14
15 1 11
1 2 41
38 1 19
4 2 42
11 1 3
17 2 16
13 1 1
11 1 1
56 6 44
58 6 45
30 1 15
5 2 32
15 1 14
52 1 30
14 1 41
19 1 42
41 2 48
27 1 1
8 2 10
23 1 70
70 2 15
40 1 6
4 2 1
37 2 38
34 1 1
3 1 1
41 2 51
29 1 1
58 1 21
43 1 19
30 1 44
16 2 17
12 2 20
20 2 22
10 1 3
5 2 3
44 1 23
6 1 3
3 2 41
21 1 29
12 2 22
8 2 9
19 2 21
12 2 44
19 1 3
3 2 5
69 1 75
12 2 70
43 1 11
1 2 30
19 1 1
3 1 28
14 1 43
53 1 52
55 2 56
70 1 50
4 2 34
19 1 4
34 1 3
5 2 1
22 2 55
21 1 3
14 1 10
22 1 19
45 1 25
1 1 3
3 7 1
44 1 18
25 1 17
69 1 43
23 1 19
? 1 github_java_program_data/45/379.java

3 2 25
19 1 34
16 1 14
1 1 33
50 1 41
34 1 33
41 1 21
51 2 61
54 1 69
40 1 39
30 1 22
22 2 20
70 1 30
8 2 13
3 1 5
26 1 1
21 1 42
23 1 55
45 2 44
20 2 56
3 5 1
55 1 30
50 1 48
3 1 4
50 1 51
11 1 41
18 1 17
27 1 21
3 2 33
23 1 71
23 1 20
30 1 19
1 5 3
53 1 48
30 1 21
23 1 53
23 1 58
26 1 19
13 2 1
45 1 3
48 1 21
1 1 38
55 2 20
33 1 26
1 2 43
5 2 34
48 2 30
23 1 12
22 2 15
48 1 19
14 1 3
30 1 55
19 1 29
48 2 61
3 2 38
25 2 30
61 1 19
27 1 19
79 1 48
3 2 43
23 1 44
13 2 3
54 1 23
10 2 3
8 2 1
54 1 50
1 1 37
37 1 19
44 1 1
25 1 16
3 2 28
29 1 3
12 2 55
1 1 28
4 2 3
46 1 25
51 2 75
4 2 29
16 1 11
51 1 19
38 1 21
19 1 5
27 1 3
21 1 32
21 2 19
13 1 3
23 1 15
45 1 13
45 1 30
75 1 19
3 1 37
44 2 45
50 1 61
16 2 17
28 1 27
45 1 8
56 1 21
45 1 9
20 1 19
39 1 1
69 1 51
47 1 23
30 1 12
69 2 23
22 1 21
1 2 28
21 1 4
20 2 79
37 1 21
21 1 23
5 2 29
20 1 21
29 1 33
1 1 5
52 1 23
39 1 8
21 1 30
55 1 48
11 1 43
4 2 32
79 1 51
1 1 4
1 2 23
3 2 4
30 1 79
20 2 71
1 2 33
32 2 5
51 2 72
10 2 1
73 1 72
15 2 12
23 1 22
11 1 10
22 2 73
3 1 28
21 1 5
5 2 32
44 1 9
44 1 10
41 2 51
46 1 30
29 1 28
11 1 13
43 1 21
17 1 11
15 2 79
50 2 23
20 2 15
12 1 14
79 1 30
23 1 79
18 2 23
51 2 23
2 2 6
40 1 2
1 7 3
27 2 26
26 2 27
33 1 27
30 1 20
30 1 73
1 2 18
9 2 10
48 2 52
51 1 21
12 2 15
14 1 1
50 2 30
44 1 13
3 1 38
79 2 58
19 1 32
18 1 16
23 1 21
30 1 54
69 1 41
38 2 37
14 1 13
17 1 14
41 1 14
3 2 37
1 2 37
72 1 23
3 4 1
41 1 19
29 2 5
3 1 33
56 6 44
28 1 26
53 2 22
1 4 3
12 1 11
1 2 25
39 1 23
21 1 1
15 2 53
21 1 3
21 1 34
30 1 53
41 1 11
55 1 51
15 1 11
1 2 41
38 1 19
4 2 42
17 2 16
45 1 1
13 1 1
11 1 1
51 2 30
30 1 15
34 1 28
15 1 14
52 1 30
14 1 41
19 1 42
41 2 48
27 1 1
23 1 70
70 2 15
40 1 6
6 2 39
4 2 1
23 1 56
3 1 1
10 1 1
19 1 46
29 1 1
43 1 19
34 1 3
26 1 21
20 2 22
10 1 3
34 1 1
44 1 23
6 1 3
3 2 41
21 1 29
12 2 22
5 2 1
58 6 44
2 1 3
26 1 3
5 2 3
8 2 9
12 2 54
19 2 21
79 1 23
19 1 3
3 2 5
21 1 47
69 1 75
12 2 70
19 1 1
1 2 4
14 1 43
1 2 5
53 1 52
9 2 13
70 1 50
58 1 19
19 1 23
4 2 34
19 1 4
37 2 38
73 1 51
15 2 55
11 1 3
14 1 10
22 1 19
23 1 45
45 1 25
1 1 3
3 7 1
44 1 18
25 1 17
47 1 18
23 1 19
? 1 github_java_program_data/45/405.java

54 1 30
19 1 34
16 1 14
43 2 51
50 1 41
34 1 33
41 1 21
32 2 4
54 1 69
40 1 39
30 1 22
45 1 23
54 2 12
22 2 20
70 2 22
69 2 30
1 2 5
40 1 7
6 2 39
3 1 5
26 1 1
21 1 42
23 1 55
45 2 44
55 1 30
10 1 1
3 1 4
50 1 51
11 1 41
18 1 17
27 1 21
3 2 33
23 1 20
30 1 19
1 5 3
30 1 21
23 1 53
23 1 58
26 1 19
13 2 1
45 1 3
48 1 21
1 1 38
7 1 3
42 2 5
33 1 26
1 2 43
39 1 30
48 2 30
15 2 54
23 1 12
48 1 19
14 1 3
15 2 22
70 1 23
19 1 29
48 2 61
3 2 38
13 2 3
61 1 19
44 1 13
79 1 48
3 2 43
27 2 26
75 1 21
54 1 23
10 2 3
54 2 70
54 1 50
16 1 11
38 1 21
44 1 1
25 1 16
3 2 28
29 1 3
12 2 79
3 5 1
4 2 3
51 2 75
4 2 29
1 1 37
51 1 19
37 1 19
19 1 5
51 1 21
19 1 30
21 1 32
21 2 19
5 2 4
32 2 29
13 1 3
51 2 61
23 1 15
45 1 13
23 1 56
75 1 19
3 1 37
44 2 45
50 1 61
28 1 27
30 1 70
70 1 69
56 1 21
15 2 70
20 1 19
25 2 23
39 1 1
69 1 51
30 1 12
69 2 23
43 2 48
22 1 21
1 2 28
21 1 4
37 1 21
21 1 23
5 2 29
20 1 21
1 1 5
11 1 43
4 2 32
50 1 48
1 1 4
1 2 38
3 2 4
1 7 3
1 2 33
15 2 20
10 2 1
26 1 21
15 2 12
23 1 22
11 1 10
6 2 7
1 2 4
21 1 5
44 1 9
30 1 45
29 1 28
11 1 13
43 1 21
17 1 11
50 2 23
3 1 38
79 1 30
23 1 79
23 1 54
18 2 23
10 1 9
26 2 27
33 1 27
30 1 20
29 2 4
1 2 18
9 2 3
9 2 13
3 2 25
12 2 15
14 1 1
51 2 30
12 1 14
79 2 58
19 1 32
18 1 16
23 1 21
30 1 54
69 1 41
38 2 37
14 1 13
17 1 14
51 2 52
41 1 14
7 2 6
69 1 48
53 1 51
3 2 37
1 2 37
3 4 1
41 1 19
50 2 30
3 1 33
50 1 43
5 2 42
28 1 26
11 1 8
1 4 3
12 1 11
44 1 8
21 1 1
21 1 34
27 1 19
41 1 11
61 1 21
48 2 75
55 1 51
43 1 14
15 1 11
1 2 41
38 1 19
4 2 42
11 1 3
17 2 16
13 1 1
11 1 1
56 6 44
58 6 45
30 1 15
5 2 32
15 1 14
52 1 30
14 1 41
19 1 42
41 2 48
27 1 1
8 2 10
23 1 70
70 2 15
40 1 6
4 2 1
37 2 38
34 1 1
3 1 1
41 2 51
29 1 1
58 1 21
43 1 19
30 1 44
16 2 17
12 2 20
20 2 22
10 1 3
5 2 3
44 1 23
6 1 3
3 2 41
21 1 29
12 2 22
8 2 9
19 2 21
12 2 44
19 1 3
3 2 5
69 1 75
12 2 70
43 1 11
1 2 30
19 1 1
3 1 28
14 1 43
53 1 52
55 2 56
70 1 50
4 2 34
19 1 4
34 1 3
5 2 1
22 2 55
21 1 3
14 1 10
22 1 19
45 1 25
1 1 3
3 7 1
44 1 18
25 1 17
69 1 43
23 1 19
? 1 github_java_program_data/45/408.java

29 1 28
16 1 14
1 1 33
50 1 41
34 1 33
19 1 34
41 1 21
51 2 61
40 1 39
30 1 22
54 2 70
69 2 30
70 1 30
40 1 7
8 2 13
3 1 5
26 1 1
21 1 42
45 2 44
3 2 28
10 1 1
3 1 4
50 1 51
3 2 38
12 1 11
27 1 21
22 2 20
23 1 20
1 5 3
1 2 37
26 1 19
13 2 1
45 1 3
48 1 21
1 1 38
33 1 26
1 2 43
39 1 30
15 2 54
23 1 12
48 1 19
14 1 3
30 1 55
26 1 21
19 1 29
3 2 33
13 2 3
29 1 1
44 1 13
3 2 43
27 2 26
75 1 21
54 1 23
12 2 73
10 2 3
54 1 50
16 1 11
38 1 21
44 1 1
25 1 16
29 1 3
3 5 1
4 2 3
1 1 37
24 1 30
51 1 19
55 1 23
19 1 5
51 1 21
21 1 32
14 1 49
5 2 4
13 1 3
79 2 56
23 1 15
45 1 13
45 1 30
3 1 37
44 2 45
23 1 73
50 1 61
16 2 17
28 1 27
39 1 3
9 2 10
70 1 69
56 1 21
72 1 30
20 1 19
37 1 19
25 2 23
48 2 23
30 1 12
8 2 3
22 1 21
1 2 28
21 1 4
20 2 79
37 1 21
11 1 3
5 2 29
20 1 21
1 1 5
52 1 23
39 1 8
3 2 30
55 1 48
11 1 43
4 2 32
79 1 51
1 1 4
44 1 25
51 2 52
1 2 38
3 2 4
20 2 12
1 2 33
4 2 34
10 2 1
11 1 41
15 2 12
23 1 22
11 1 10
1 2 4
21 1 5
44 1 9
5 2 34
30 1 45
2 1 1
11 1 13
43 1 21
17 1 11
50 2 23
12 1 14
79 1 30
23 1 79
23 1 54
2 2 6
40 1 2
49 1 21
26 2 27
7 2 39
24 1 1
29 2 4
1 2 18
56 1 19
14 1 1
51 2 30
44 1 10
3 1 38
4 2 5
19 1 32
12 2 15
24 2 44
30 1 54
69 1 41
14 1 13
17 1 14
45 1 18
41 1 14
6 1 1
69 1 48
53 1 51
7 1 1
3 2 37
48 2 72
3 4 1
41 1 19
50 1 43
1 7 3
28 1 26
24 1 8
18 1 17
1 2 25
34 2 5
21 1 1
21 1 34
30 1 53
41 1 11
61 1 21
48 2 75
43 1 14
15 1 11
1 2 41
38 1 19
4 2 42
6 2 7
17 2 16
13 1 1
11 1 1
56 6 44
58 6 45
30 1 15
5 2 1
15 1 14
18 1 16
41 2 48
1 4 3
23 1 70
40 1 6
27 1 19
14 1 8
4 2 1
23 1 56
3 1 1
30 1 58
58 1 21
43 1 19
30 1 44
73 1 72
20 2 22
10 1 3
1 2 49
34 1 1
44 1 23
3 2 41
21 1 29
12 2 22
30 1 24
5 2 3
24 1 18
8 2 1
19 1 3
3 2 5
69 1 75
18 2 30
19 1 1
70 2 20
3 1 28
14 1 43
1 2 5
53 1 52
9 2 13
45 1 8
73 1 48
19 1 4
34 1 3
33 1 27
21 1 3
14 1 10
22 1 19
3 2 18
12 2 24
1 1 3
3 7 1
41 2 51
25 1 17
11 1 9
? 1 github_java_program_data/45/426.java

3 2 25
19 1 34
16 1 14
1 1 33
50 1 41
34 1 33
41 1 21
51 2 61
54 1 69
40 1 39
30 1 22
22 2 20
70 1 30
8 2 13
3 1 5
26 1 1
21 1 42
23 1 55
45 2 44
20 2 56
3 5 1
55 1 30
50 1 48
3 1 4
50 1 51
11 1 41
18 1 17
27 1 21
3 2 33
23 1 71
23 1 20
30 1 19
1 5 3
53 1 48
30 1 21
23 1 53
23 1 58
26 1 19
13 2 1
45 1 3
48 1 21
1 1 38
55 2 20
33 1 26
1 2 43
5 2 34
48 2 30
23 1 12
22 2 15
48 1 19
14 1 3
30 1 55
19 1 29
48 2 61
3 2 38
25 2 30
61 1 19
27 1 19
79 1 48
3 2 43
23 1 44
13 2 3
54 1 23
10 2 3
8 2 1
54 1 50
1 1 37
37 1 19
44 1 1
25 1 16
3 2 28
29 1 3
12 2 55
1 1 28
4 2 3
46 1 25
51 2 75
4 2 29
16 1 11
51 1 19
38 1 21
19 1 5
27 1 3
21 1 32
21 2 19
13 1 3
23 1 15
45 1 13
45 1 30
75 1 19
3 1 37
44 2 45
50 1 61
16 2 17
28 1 27
45 1 8
56 1 21
45 1 9
20 1 19
39 1 1
69 1 51
47 1 23
30 1 12
69 2 23
22 1 21
1 2 28
21 1 4
20 2 79
37 1 21
21 1 23
5 2 29
20 1 21
29 1 33
1 1 5
52 1 23
39 1 8
21 1 30
55 1 48
11 1 43
4 2 32
79 1 51
1 1 4
1 2 23
3 2 4
30 1 79
20 2 71
1 2 33
32 2 5
51 2 72
10 2 1
73 1 72
15 2 12
23 1 22
11 1 10
22 2 73
3 1 28
21 1 5
5 2 32
44 1 9
44 1 10
41 2 51
46 1 30
29 1 28
11 1 13
43 1 21
17 1 11
15 2 79
50 2 23
20 2 15
12 1 14
79 1 30
23 1 79
18 2 23
51 2 23
2 2 6
40 1 2
1 7 3
27 2 26
26 2 27
33 1 27
30 1 20
30 1 73
1 2 18
9 2 10
48 2 52
51 1 21
12 2 15
14 1 1
50 2 30
44 1 13
3 1 38
79 2 58
19 1 32
18 1 16
23 1 21
30 1 54
69 1 41
38 2 37
14 1 13
17 1 14
41 1 14
3 2 37
1 2 37
72 1 23
3 4 1
41 1 19
29 2 5
3 1 33
56 6 44
28 1 26
53 2 22
1 4 3
12 1 11
1 2 25
39 1 23
21 1 1
15 2 53
21 1 3
21 1 34
30 1 53
41 1 11
55 1 51
15 1 11
1 2 41
38 1 19
4 2 42
17 2 16
45 1 1
13 1 1
11 1 1
51 2 30
30 1 15
34 1 28
15 1 14
52 1 30
14 1 41
19 1 42
41 2 48
27 1 1
23 1 70
70 2 15
40 1 6
6 2 39
4 2 1
23 1 56
3 1 1
10 1 1
19 1 46
29 1 1
43 1 19
34 1 3
26 1 21
20 2 22
10 1 3
34 1 1
44 1 23
6 1 3
3 2 41
21 1 29
12 2 22
5 2 1
58 6 44
2 1 3
26 1 3
5 2 3
8 2 9
12 2 54
19 2 21
79 1 23
19 1 3
3 2 5
21 1 47
69 1 75
12 2 70
19 1 1
1 2 4
14 1 43
1 2 5
53 1 52
9 2 13
70 1 50
58 1 19
19 1 23
4 2 34
19 1 4
37 2 38
73 1 51
15 2 55
11 1 3
14 1 10
22 1 19
23 1 45
45 1 25
1 1 3
3 7 1
44 1 18
25 1 17
47 1 18
23 1 19
? 1 github_java_program_data/45/434.java

3 2 25
19 1 34
16 1 14
1 1 33
50 1 41
34 1 33
41 1 21
51 2 61
54 1 69
40 1 39
30 1 22
22 2 20
70 1 30
8 2 13
3 1 5
26 1 1
21 1 42
23 1 55
45 2 44
20 2 56
3 5 1
55 1 30
50 1 48
3 1 4
50 1 51
11 1 41
18 1 17
27 1 21
3 2 33
23 1 71
23 1 20
30 1 19
1 5 3
53 1 48
30 1 21
23 1 53
23 1 58
26 1 19
13 2 1
45 1 3
48 1 21
1 1 38
55 2 20
33 1 26
1 2 43
5 2 34
48 2 30
23 1 12
22 2 15
48 1 19
14 1 3
30 1 55
19 1 29
48 2 61
3 2 38
25 2 30
61 1 19
27 1 19
79 1 48
3 2 43
23 1 44
13 2 3
54 1 23
10 2 3
8 2 1
54 1 50
1 1 37
37 1 19
44 1 1
25 1 16
3 2 28
29 1 3
12 2 55
1 1 28
4 2 3
46 1 25
51 2 75
4 2 29
16 1 11
51 1 19
38 1 21
19 1 5
27 1 3
21 1 32
21 2 19
13 1 3
23 1 15
45 1 13
45 1 30
75 1 19
3 1 37
44 2 45
50 1 61
16 2 17
28 1 27
45 1 8
56 1 21
45 1 9
20 1 19
39 1 1
69 1 51
47 1 23
30 1 12
69 2 23
22 1 21
1 2 28
21 1 4
20 2 79
37 1 21
21 1 23
5 2 29
20 1 21
29 1 33
1 1 5
52 1 23
39 1 8
21 1 30
55 1 48
11 1 43
4 2 32
79 1 51
1 1 4
1 2 23
3 2 4
30 1 79
20 2 71
1 2 33
32 2 5
51 2 72
10 2 1
73 1 72
15 2 12
23 1 22
11 1 10
22 2 73
3 1 28
21 1 5
5 2 32
44 1 9
44 1 10
41 2 51
46 1 30
29 1 28
11 1 13
43 1 21
17 1 11
15 2 79
50 2 23
20 2 15
12 1 14
79 1 30
23 1 79
18 2 23
51 2 23
2 2 6
40 1 2
1 7 3
27 2 26
26 2 27
33 1 27
30 1 20
30 1 73
1 2 18
9 2 10
48 2 52
51 1 21
12 2 15
14 1 1
50 2 30
44 1 13
3 1 38
79 2 58
19 1 32
18 1 16
23 1 21
30 1 54
69 1 41
38 2 37
14 1 13
17 1 14
41 1 14
3 2 37
1 2 37
72 1 23
3 4 1
41 1 19
29 2 5
3 1 33
56 6 44
28 1 26
53 2 22
1 4 3
12 1 11
1 2 25
39 1 23
21 1 1
15 2 53
21 1 3
21 1 34
30 1 53
41 1 11
55 1 51
15 1 11
1 2 41
38 1 19
4 2 42
17 2 16
45 1 1
13 1 1
11 1 1
51 2 30
30 1 15
34 1 28
15 1 14
52 1 30
14 1 41
19 1 42
41 2 48
27 1 1
23 1 70
70 2 15
40 1 6
6 2 39
4 2 1
23 1 56
3 1 1
10 1 1
19 1 46
29 1 1
43 1 19
34 1 3
26 1 21
20 2 22
10 1 3
34 1 1
44 1 23
6 1 3
3 2 41
21 1 29
12 2 22
5 2 1
58 6 44
2 1 3
26 1 3
5 2 3
8 2 9
12 2 54
19 2 21
79 1 23
19 1 3
3 2 5
21 1 47
69 1 75
12 2 70
19 1 1
1 2 4
14 1 43
1 2 5
53 1 52
9 2 13
70 1 50
58 1 19
19 1 23
4 2 34
19 1 4
37 2 38
73 1 51
15 2 55
11 1 3
14 1 10
22 1 19
23 1 45
45 1 25
1 1 3
3 7 1
44 1 18
25 1 17
47 1 18
23 1 19
? 1 github_java_program_data/45/57.java

3 2 25
19 1 34
16 1 14
3 2 18
34 1 33
41 1 21
40 1 39
30 1 22
3 1 5
44 2 45
21 1 42
23 1 55
3 5 1
55 1 30
10 1 1
3 1 4
3 2 38
12 1 11
27 1 21
73 1 72
23 1 20
1 5 3
53 1 48
23 1 53
26 1 19
13 2 1
45 1 3
48 1 21
1 1 38
33 1 26
1 2 43
23 1 12
48 1 19
14 1 3
30 1 55
15 2 24
19 1 29
52 2 57
29 1 1
27 1 19
12 2 79
22 1 21
13 2 3
10 2 3
26 1 21
16 1 11
37 1 19
3 2 28
73 2 20
12 2 55
24 1 23
4 2 3
4 2 29
1 1 37
55 1 23
19 1 5
51 1 21
79 2 22
53 2 73
13 1 3
23 1 15
55 2 22
45 1 30
3 1 37
28 1 27
9 2 10
45 1 9
20 1 19
25 2 23
39 1 1
48 2 23
30 1 12
29 1 3
48 2 30
20 1 21
21 1 4
11 1 3
1 2 28
52 1 23
1 1 5
39 1 8
19 1 3
11 1 43
79 1 51
51 2 30
1 2 23
44 1 25
51 2 52
1 2 38
3 2 4
39 1 23
1 2 33
57 1 30
51 2 72
45 1 10
10 2 1
11 1 41
15 2 12
19 1 1
11 1 10
1 2 4
21 1 5
21 1 3
29 1 28
11 1 13
43 1 21
3 1 38
79 1 30
18 2 23
1 7 3
26 2 27
33 1 27
30 1 20
30 1 73
29 2 4
9 2 3
30 1 79
48 2 52
56 1 19
12 2 15
14 1 1
1 1 4
44 1 10
12 1 14
19 1 32
18 1 16
24 2 44
14 1 13
17 1 14
45 1 18
53 1 51
3 2 37
1 2 37
72 1 23
44 1 3
41 1 19
56 6 44
5 2 42
28 1 26
18 1 17
34 2 5
21 1 1
15 2 53
24 1 9
21 1 34
30 1 53
15 1 11
38 1 19
13 1 1
30 1 15
15 1 14
52 1 30
14 1 41
1 4 3
8 2 10
4 2 1
23 1 56
3 1 1
53 2 20
16 2 17
23 1 24
12 2 53
20 2 22
10 1 3
34 1 1
44 1 23
3 2 41
21 1 29
23 1 22
5 2 1
23 1 44
5 2 3
24 1 18
8 2 1
1 2 5
3 2 5
55 1 48
18 2 30
24 1 3
3 4 1
53 1 52
55 2 56
19 1 4
44 1 8
73 1 51
22 2 55
11 1 1
22 1 19
23 1 45
1 1 3
3 7 1
53 1 57
? 1 github_java_program_data/45/59.java

54 1 30
19 1 34
16 1 14
43 2 51
50 1 41
34 1 33
41 1 21
32 2 4
54 1 69
40 1 39
30 1 22
45 1 23
54 2 12
22 2 20
70 2 22
69 2 30
1 2 5
40 1 7
6 2 39
3 1 5
26 1 1
21 1 42
23 1 55
45 2 44
55 1 30
10 1 1
3 1 4
50 1 51
11 1 41
18 1 17
27 1 21
3 2 33
23 1 20
30 1 19
1 5 3
30 1 21
23 1 53
23 1 58
26 1 19
13 2 1
45 1 3
48 1 21
1 1 38
7 1 3
42 2 5
33 1 26
1 2 43
39 1 30
48 2 30
15 2 54
23 1 12
48 1 19
14 1 3
15 2 22
70 1 23
19 1 29
48 2 61
3 2 38
13 2 3
61 1 19
44 1 13
79 1 48
3 2 43
27 2 26
75 1 21
54 1 23
10 2 3
54 2 70
54 1 50
16 1 11
38 1 21
44 1 1
25 1 16
3 2 28
29 1 3
12 2 79
3 5 1
4 2 3
51 2 75
4 2 29
1 1 37
51 1 19
37 1 19
19 1 5
51 1 21
19 1 30
21 1 32
21 2 19
5 2 4
32 2 29
13 1 3
51 2 61
23 1 15
45 1 13
23 1 56
75 1 19
3 1 37
44 2 45
50 1 61
28 1 27
30 1 70
70 1 69
56 1 21
15 2 70
20 1 19
25 2 23
39 1 1
69 1 51
30 1 12
69 2 23
43 2 48
22 1 21
1 2 28
21 1 4
37 1 21
21 1 23
5 2 29
20 1 21
1 1 5
11 1 43
4 2 32
50 1 48
1 1 4
1 2 38
3 2 4
1 7 3
1 2 33
15 2 20
10 2 1
26 1 21
15 2 12
23 1 22
11 1 10
6 2 7
1 2 4
21 1 5
44 1 9
30 1 45
29 1 28
11 1 13
43 1 21
17 1 11
50 2 23
3 1 38
79 1 30
23 1 79
23 1 54
18 2 23
10 1 9
26 2 27
33 1 27
30 1 20
29 2 4
1 2 18
9 2 3
9 2 13
3 2 25
12 2 15
14 1 1
51 2 30
12 1 14
79 2 58
19 1 32
18 1 16
23 1 21
30 1 54
69 1 41
38 2 37
14 1 13
17 1 14
51 2 52
41 1 14
7 2 6
69 1 48
53 1 51
3 2 37
1 2 37
3 4 1
41 1 19
50 2 30
3 1 33
50 1 43
5 2 42
28 1 26
11 1 8
1 4 3
12 1 11
44 1 8
21 1 1
21 1 34
27 1 19
41 1 11
61 1 21
48 2 75
55 1 51
43 1 14
15 1 11
1 2 41
38 1 19
4 2 42
11 1 3
17 2 16
13 1 1
11 1 1
56 6 44
58 6 45
30 1 15
5 2 32
15 1 14
52 1 30
14 1 41
19 1 42
41 2 48
27 1 1
8 2 10
23 1 70
70 2 15
40 1 6
4 2 1
37 2 38
34 1 1
3 1 1
41 2 51
29 1 1
58 1 21
43 1 19
30 1 44
16 2 17
12 2 20
20 2 22
10 1 3
5 2 3
44 1 23
6 1 3
3 2 41
21 1 29
12 2 22
8 2 9
19 2 21
12 2 44
19 1 3
3 2 5
69 1 75
12 2 70
43 1 11
1 2 30
19 1 1
3 1 28
14 1 43
53 1 52
55 2 56
70 1 50
4 2 34
19 1 4
34 1 3
5 2 1
22 2 55
21 1 3
14 1 10
22 1 19
45 1 25
1 1 3
3 7 1
44 1 18
25 1 17
69 1 43
23 1 19
? 1 github_java_program_data/45/60.java

3 2 25
19 1 34
16 1 14
1 1 33
50 1 41
34 1 33
41 1 21
51 2 61
54 1 69
40 1 39
30 1 22
22 2 20
70 1 30
8 2 13
3 1 5
26 1 1
21 1 42
23 1 55
45 2 44
20 2 56
3 5 1
55 1 30
50 1 48
3 1 4
50 1 51
11 1 41
18 1 17
27 1 21
3 2 33
23 1 71
23 1 20
30 1 19
1 5 3
53 1 48
30 1 21
23 1 53
23 1 58
26 1 19
13 2 1
45 1 3
48 1 21
1 1 38
55 2 20
33 1 26
1 2 43
5 2 34
48 2 30
23 1 12
22 2 15
48 1 19
14 1 3
30 1 55
19 1 29
48 2 61
3 2 38
25 2 30
61 1 19
27 1 19
79 1 48
3 2 43
23 1 44
13 2 3
54 1 23
10 2 3
8 2 1
54 1 50
1 1 37
37 1 19
44 1 1
25 1 16
3 2 28
29 1 3
12 2 55
1 1 28
4 2 3
46 1 25
51 2 75
4 2 29
16 1 11
51 1 19
38 1 21
19 1 5
27 1 3
21 1 32
21 2 19
13 1 3
23 1 15
45 1 13
45 1 30
75 1 19
3 1 37
44 2 45
50 1 61
16 2 17
28 1 27
45 1 8
56 1 21
45 1 9
20 1 19
39 1 1
69 1 51
47 1 23
30 1 12
69 2 23
22 1 21
1 2 28
21 1 4
20 2 79
37 1 21
21 1 23
5 2 29
20 1 21
29 1 33
1 1 5
52 1 23
39 1 8
21 1 30
55 1 48
11 1 43
4 2 32
79 1 51
1 1 4
1 2 23
3 2 4
30 1 79
20 2 71
1 2 33
32 2 5
51 2 72
10 2 1
73 1 72
15 2 12
23 1 22
11 1 10
22 2 73
3 1 28
21 1 5
5 2 32
44 1 9
44 1 10
41 2 51
46 1 30
29 1 28
11 1 13
43 1 21
17 1 11
15 2 79
50 2 23
20 2 15
12 1 14
79 1 30
23 1 79
18 2 23
51 2 23
2 2 6
40 1 2
1 7 3
27 2 26
26 2 27
33 1 27
30 1 20
30 1 73
1 2 18
9 2 10
48 2 52
51 1 21
12 2 15
14 1 1
50 2 30
44 1 13
3 1 38
79 2 58
19 1 32
18 1 16
23 1 21
30 1 54
69 1 41
38 2 37
14 1 13
17 1 14
41 1 14
3 2 37
1 2 37
72 1 23
3 4 1
41 1 19
29 2 5
3 1 33
56 6 44
28 1 26
53 2 22
1 4 3
12 1 11
1 2 25
39 1 23
21 1 1
15 2 53
21 1 3
21 1 34
30 1 53
41 1 11
55 1 51
15 1 11
1 2 41
38 1 19
4 2 42
17 2 16
45 1 1
13 1 1
11 1 1
51 2 30
30 1 15
34 1 28
15 1 14
52 1 30
14 1 41
19 1 42
41 2 48
27 1 1
23 1 70
70 2 15
40 1 6
6 2 39
4 2 1
23 1 56
3 1 1
10 1 1
19 1 46
29 1 1
43 1 19
34 1 3
26 1 21
20 2 22
10 1 3
34 1 1
44 1 23
6 1 3
3 2 41
21 1 29
12 2 22
5 2 1
58 6 44
2 1 3
26 1 3
5 2 3
8 2 9
12 2 54
19 2 21
79 1 23
19 1 3
3 2 5
21 1 47
69 1 75
12 2 70
19 1 1
1 2 4
14 1 43
1 2 5
53 1 52
9 2 13
70 1 50
58 1 19
19 1 23
4 2 34
19 1 4
37 2 38
73 1 51
15 2 55
11 1 3
14 1 10
22 1 19
23 1 45
45 1 25
1 1 3
3 7 1
44 1 18
25 1 17
47 1 18
23 1 19
? 1 github_java_program_data/45/86.java

54 1 30
19 1 34
16 1 14
43 2 51
50 1 41
34 1 33
41 1 21
32 2 4
54 1 69
40 1 39
30 1 22
45 1 23
54 2 12
22 2 20
70 2 22
69 2 30
1 2 5
40 1 7
6 2 39
3 1 5
26 1 1
21 1 42
23 1 55
45 2 44
55 1 30
10 1 1
3 1 4
50 1 51
11 1 41
18 1 17
27 1 21
3 2 33
23 1 20
30 1 19
1 5 3
30 1 21
23 1 53
23 1 58
26 1 19
13 2 1
45 1 3
48 1 21
1 1 38
7 1 3
42 2 5
33 1 26
1 2 43
39 1 30
48 2 30
15 2 54
23 1 12
48 1 19
14 1 3
15 2 22
70 1 23
19 1 29
48 2 61
3 2 38
13 2 3
61 1 19
44 1 13
79 1 48
3 2 43
27 2 26
75 1 21
54 1 23
10 2 3
54 2 70
54 1 50
16 1 11
38 1 21
44 1 1
25 1 16
3 2 28
29 1 3
12 2 79
3 5 1
4 2 3
51 2 75
4 2 29
1 1 37
51 1 19
37 1 19
19 1 5
51 1 21
19 1 30
21 1 32
21 2 19
5 2 4
32 2 29
13 1 3
51 2 61
23 1 15
45 1 13
23 1 56
75 1 19
3 1 37
44 2 45
50 1 61
28 1 27
30 1 70
70 1 69
56 1 21
15 2 70
20 1 19
25 2 23
39 1 1
69 1 51
30 1 12
69 2 23
43 2 48
22 1 21
1 2 28
21 1 4
37 1 21
21 1 23
5 2 29
20 1 21
1 1 5
11 1 43
4 2 32
50 1 48
1 1 4
1 2 38
3 2 4
1 7 3
1 2 33
15 2 20
10 2 1
26 1 21
15 2 12
23 1 22
11 1 10
6 2 7
1 2 4
21 1 5
44 1 9
30 1 45
29 1 28
11 1 13
43 1 21
17 1 11
50 2 23
3 1 38
79 1 30
23 1 79
23 1 54
18 2 23
10 1 9
26 2 27
33 1 27
30 1 20
29 2 4
1 2 18
9 2 3
9 2 13
3 2 25
12 2 15
14 1 1
51 2 30
12 1 14
79 2 58
19 1 32
18 1 16
23 1 21
30 1 54
69 1 41
38 2 37
14 1 13
17 1 14
51 2 52
41 1 14
7 2 6
69 1 48
53 1 51
3 2 37
1 2 37
3 4 1
41 1 19
50 2 30
3 1 33
50 1 43
5 2 42
28 1 26
11 1 8
1 4 3
12 1 11
44 1 8
21 1 1
21 1 34
27 1 19
41 1 11
61 1 21
48 2 75
55 1 51
43 1 14
15 1 11
1 2 41
38 1 19
4 2 42
11 1 3
17 2 16
13 1 1
11 1 1
56 6 44
58 6 45
30 1 15
5 2 32
15 1 14
52 1 30
14 1 41
19 1 42
41 2 48
27 1 1
8 2 10
23 1 70
70 2 15
40 1 6
4 2 1
37 2 38
34 1 1
3 1 1
41 2 51
29 1 1
58 1 21
43 1 19
30 1 44
16 2 17
12 2 20
20 2 22
10 1 3
5 2 3
44 1 23
6 1 3
3 2 41
21 1 29
12 2 22
8 2 9
19 2 21
12 2 44
19 1 3
3 2 5
69 1 75
12 2 70
43 1 11
1 2 30
19 1 1
3 1 28
14 1 43
53 1 52
55 2 56
70 1 50
4 2 34
19 1 4
34 1 3
5 2 1
22 2 55
21 1 3
14 1 10
22 1 19
45 1 25
1 1 3
3 7 1
44 1 18
25 1 17
69 1 43
23 1 19
? 1 github_java_program_data/45/89.java

54 1 30
19 1 34
16 1 14
1 1 33
34 1 33
41 1 21
51 2 61
40 1 39
30 1 22
45 1 23
54 2 70
69 2 30
70 1 30
8 2 13
3 1 5
26 1 1
21 1 42
39 1 1
45 2 44
3 5 1
29 1 1
10 1 1
3 1 4
50 1 51
11 1 41
12 1 11
27 1 21
22 2 20
23 1 71
23 1 20
1 5 3
23 1 53
30 1 78
26 1 19
13 2 1
73 2 15
48 1 21
1 1 38
33 1 26
1 2 43
39 1 30
6 2 39
23 1 12
48 1 19
14 1 3
30 1 55
26 1 21
55 1 30
19 1 29
44 1 9
3 2 33
3 2 38
13 2 3
61 1 19
44 1 13
79 1 48
3 2 43
48 2 30
75 1 21
16 2 17
34 1 3
54 1 50
1 1 37
38 1 21
44 1 1
39 2 67
25 1 16
3 2 28
29 1 3
12 2 55
1 1 28
4 2 3
4 2 29
51 1 19
55 1 23
19 1 5
51 1 21
21 1 32
13 1 3
15 1 11
23 1 56
10 2 3
3 1 37
44 2 45
50 1 61
12 2 54
28 1 27
45 1 8
70 1 69
72 1 30
45 1 9
20 1 19
25 2 23
23 1 55
48 2 23
30 1 12
43 2 48
22 1 21
21 1 3
1 2 28
21 1 4
37 1 21
11 1 3
5 2 29
20 1 21
29 1 33
52 1 23
1 1 5
24 1 23
69 1 75
11 1 43
4 2 32
48 2 72
1 1 4
73 1 48
51 2 52
1 2 38
3 2 4
20 2 71
43 1 11
1 2 33
51 2 72
45 1 10
10 2 1
73 1 72
15 2 12
23 1 22
11 1 10
22 2 73
3 1 28
21 1 5
5 2 32
45 1 1
5 2 34
30 1 45
29 1 28
70 2 12
11 1 13
43 1 21
17 1 11
15 2 79
3 1 38
79 1 30
23 1 79
23 1 54
18 2 23
1 7 3
27 2 26
26 2 27
33 1 27
30 1 20
30 1 73
24 1 1
29 2 4
1 2 18
27 1 3
56 1 19
12 2 15
14 1 1
50 2 30
44 1 10
12 1 14
4 2 5
19 1 32
14 1 41
44 1 25
9 2 8
14 1 13
3 2 25
45 1 18
69 1 48
30 2 48
53 1 51
67 1 30
3 2 37
1 2 37
72 1 23
44 1 3
41 1 19
29 2 5
107 2 20
3 1 33
50 1 43
12 2 20
5 2 42
28 1 26
1 4 3
18 1 17
1 2 25
21 1 1
15 2 53
67 1 8
21 1 34
30 1 53
15 2 22
48 2 75
43 1 14
23 1 15
1 2 41
38 1 19
17 2 16
13 1 1
49 1 19
56 6 44
30 1 15
34 1 28
5 2 1
15 1 14
18 1 16
19 1 42
23 1 107
27 1 1
8 2 10
23 1 70
40 1 6
27 1 19
4 2 1
34 1 1
3 1 1
40 1 67
43 2 51
53 2 20
1 2 49
43 1 19
30 1 44
14 1 49
12 2 53
20 2 22
10 1 3
5 2 3
44 1 23
6 1 3
3 2 41
21 1 29
12 2 22
30 1 24
24 1 18
8 2 1
19 1 3
3 2 5
55 1 48
67 1 1
1 2 30
19 1 1
3 4 1
1 2 4
14 1 43
1 2 5
53 1 52
55 2 56
53 2 54
107 1 30
4 2 34
19 1 4
44 1 8
73 1 51
22 2 55
11 1 1
14 1 10
22 1 19
107 1 48
12 2 24
1 1 3
15 2 107
3 7 1
25 1 17
69 1 43
? 1 github_java_program_data/45/90.java

