26 2 27
63 1 3
3 1 1
1 2 33
30 1 24
1 2 25
30 1 20
20 1 19
40 1 39
49 1 21
21 1 5
30 1 45
1 1 5
21 1 3
25 1 16
17 2 16
19 1 42
81 1 53
56 1 19
11 1 9
48 2 61
30 1 22
20 1 21
24 1 8
18 1 16
5 2 3
24 1 23
4 2 1
21 1 29
58 1 21
66 1 1
19 1 1
11 1 1
66 2 8
44 2 45
19 1 32
30 1 70
29 1 1
6 2 39
65 2 9
11 1 3
13 2 3
3 2 41
1 7 3
1 1 3
73 1 81
4 2 29
44 1 9
39 1 1
34 1 1
54 1 30
40 1 2
26 1 19
21 1 4
11 1 49
20 2 22
3 2 28
45 2 44
34 2 4
29 2 5
66 1 3
73 1 52
1 2 28
21 1 1
1 5 3
45 1 23
11 1 10
28 1 26
14 1 13
25 1 17
14 1 3
6 1 3
11 1 13
3 2 4
1 2 5
64 2 30
4 2 3
22 2 56
41 1 11
43 1 21
3 5 1
44 1 65
2 1 3
45 1 3
52 1 23
53 1 72
16 2 17
33 1 26
1 2 18
24 2 44
30 1 15
3 2 49
3 2 33
53 1 51
34 1 28
56 1 21
14 1 41
2 2 6
58 6 45
40 1 6
45 1 66
23 1 53
53 1 48
30 1 71
10 1 3
28 1 27
45 1 13
73 1 51
29 1 33
12 1 11
4 2 34
65 1 1
3 2 18
4 2 5
25 2 30
51 2 72
33 1 27
26 1 3
50 1 43
64 1 63
5 2 34
15 2 22
9 2 13
30 1 53
54 1 50
43 2 48
17 1 11
8 2 10
1 1 28
45 1 1
23 1 73
30 1 44
19 1 5
14 1 43
19 1 3
23 1 20
45 1 10
3 2 5
1 4 3
10 2 3
14 1 8
22 1 21
69 2 23
10 2 1
56 6 44
24 1 18
34 1 3
27 1 21
15 1 14
29 2 4
43 1 14
1 1 4
29 1 3
8 2 1
18 1 17
41 1 19
14 1 10
1 2 4
12 2 24
30 1 56
13 2 1
16 1 11
44 1 25
73 2 58
13 1 1
14 1 1
3 7 1
3 1 33
22 2 20
34 1 33
25 2 23
13 1 3
15 2 12
23 1 58
23 1 22
58 1 19
27 1 1
48 1 21
24 1 1
22 1 19
72 1 23
1 2 64
3 4 1
50 1 48
3 1 4
50 2 30
48 2 52
19 1 4
26 1 21
70 1 23
10 1 1
51 1 19
9 2 10
18 2 23
44 1 30
23 1 54
12 2 15
72 2 81
44 1 13
29 1 28
51 1 21
16 1 14
52 1 30
39 1 64
44 1 10
45 1 18
73 1 48
70 1 69
39 1 30
22 2 53
8 2 13
72 1 30
39 1 8
1 2 43
45 1 8
69 1 41
48 1 19
21 1 34
19 1 34
27 1 19
53 1 52
5 2 1
30 1 12
5 2 29
19 1 29
61 1 19
50 1 61
44 1 23
73 1 72
3 1 5
44 1 1
? 1 github_java_program_data/29/105.java

26 2 27
49 1 21
3 1 1
72 2 76
3 2 38
45 1 25
44 1 18
41 1 11
40 1 39
1 1 33
63 1 3
53 2 15
56 1 21
7 1 3
12 2 20
17 2 16
19 1 42
18 2 30
56 1 19
30 1 22
20 1 21
5 2 32
8 2 3
15 2 70
4 2 1
17 1 14
12 1 14
3 2 64
23 1 31
3 2 37
21 1 29
1 2 63
44 2 45
29 1 1
52 2 81
21 1 42
48 2 52
13 2 1
11 1 41
30 1 20
12 2 70
40 1 2
1 2 28
12 2 54
11 1 49
20 2 22
54 1 23
73 1 52
58 6 45
44 1 3
21 1 1
44 1 9
23 1 24
14 1 13
25 1 17
14 1 3
6 1 3
31 2 24
43 1 11
3 2 4
1 2 5
15 1 11
22 2 56
110 1 57
1 2 33
3 5 1
30 1 73
8 2 10
53 1 72
70 1 30
33 1 26
43 1 19
53 1 51
57 1 23
2 2 6
14 1 68
10 1 8
40 1 6
50 1 41
21 1 32
30 1 70
14 1 8
45 1 3
44 1 30
41 2 51
28 1 27
3 2 25
29 1 33
45 1 1
5 2 4
25 1 16
76 1 21
45 1 9
53 1 82
11 1 10
72 1 19
32 2 4
1 1 37
69 1 43
30 1 53
31 1 3
55 1 30
43 1 14
15 2 53
110 1 48
3 1 38
110 2 4
1 2 38
10 2 3
4 2 34
56 6 44
24 1 18
27 1 21
29 1 3
34 1 33
18 1 17
4 2 29
1 2 4
3 7 1
81 2 82
51 2 61
31 1 30
31 2 44
23 1 70
77 1 1
8 2 1
7 1 1
15 2 12
23 1 58
50 2 23
9 2 8
48 1 21
24 1 1
23 1 45
53 2 58
27 1 96
26 1 21
70 1 23
1 2 68
39 1 3
38 1 19
51 1 19
9 2 10
96 1 1
1 2 41
54 1 30
4 2 97
70 2 22
64 1 77
29 1 28
24 2 31
51 1 21
2 1 3
69 2 30
19 1 97
41 1 14
8 2 13
39 1 8
3 2 43
41 1 19
34 2 5
45 1 65
53 1 52
27 1 1
14 1 49
6 2 7
97 1 72
1 2 43
3 1 5
44 1 23
3 4 1
64 2 23
23 1 53
1 2 25
34 1 1
50 1 61
7 2 6
20 1 19
30 1 58
23 1 15
21 1 5
1 1 5
21 1 3
82 1 73
52 2 57
42 2 4
81 1 53
11 1 9
97 1 76
55 2 56
45 1 30
4 2 42
12 2 24
16 1 11
18 1 16
31 1 1
24 1 23
21 1 38
3 2 68
30 1 54
58 1 21
23 1 12
6 1 1
11 1 1
19 1 32
58 6 44
97 1 51
6 2 39
65 2 9
11 1 3
13 2 3
44 1 66
1 7 3
1 1 3
41 1 21
68 1 21
37 1 21
23 1 54
26 1 19
21 1 4
55 1 48
70 2 56
39 1 23
45 2 44
3 1 28
12 2 55
3 2 28
44 1 13
15 2 73
1 5 3
53 1 81
28 1 26
11 1 13
3 1 37
4 2 3
31 1 25
44 1 8
11 1 43
16 2 17
54 1 50
1 2 18
3 2 41
5 2 110
5 2 29
3 2 33
52 1 19
23 1 56
1 2 37
14 1 41
43 1 21
5 2 42
53 1 48
34 1 28
24 1 9
45 1 13
73 1 51
12 1 11
3 2 18
25 2 30
51 2 72
29 2 5
56 6 45
48 2 30
50 1 43
61 1 21
5 2 34
32 2 5
9 2 13
52 1 23
17 1 11
72 1 30
19 1 5
14 1 43
19 1 3
23 1 20
45 1 10
10 1 3
50 1 51
3 2 5
20 2 12
57 1 21
1 4 3
22 1 21
69 2 23
10 2 1
34 1 3
73 1 72
15 1 14
29 2 4
110 1 52
1 1 4
34 2 4
14 1 10
19 1 1
30 1 56
30 1 15
19 1 34
13 1 1
14 1 1
4 2 32
11 1 68
1 1 38
53 2 73
22 2 20
65 1 3
13 1 3
19 1 110
27 2 26
54 2 56
23 1 44
23 1 22
19 1 4
58 1 19
4 2 5
22 1 19
72 1 23
23 1 55
3 1 4
50 2 30
5 2 3
73 2 53
27 1 3
10 1 1
12 2 15
48 1 19
27 1 63
16 1 14
52 1 30
39 1 64
44 1 10
73 1 48
70 1 69
1 2 49
31 1 8
33 1 27
9 2 1
37 1 19
45 1 8
69 1 41
3 2 96
21 1 34
66 2 9
40 1 7
27 1 19
18 2 23
5 2 1
66 1 3
19 1 29
29 2 38
82 2 57
53 1 57
44 1 1
? 1 github_java_program_data/29/113.java

4 2 34
10 1 3
28 1 27
29 1 33
45 1 1
9 2 8
3 2 18
4 2 5
45 1 25
44 1 18
18 2 30
25 2 30
30 1 58
45 1 9
40 1 39
1 2 23
21 1 5
7 1 3
1 1 5
21 1 3
25 1 16
17 2 16
26 1 21
33 1 26
56 1 19
8 2 1
45 1 30
44 1 9
18 1 16
19 1 5
27 1 3
23 1 30
17 1 14
45 1 10
3 2 5
1 4 3
44 1 1
3 1 1
8 2 13
21 1 29
10 2 1
40 1 2
56 6 44
58 1 21
34 1 3
27 1 21
1 2 28
29 2 4
6 1 1
1 1 4
29 1 3
34 1 33
18 1 17
4 2 29
14 1 10
1 2 4
26 1 1
39 1 23
2 1 1
30 1 56
13 2 1
13 2 3
16 1 11
1 1 3
11 1 1
7 2 39
19 1 34
1 2 18
13 1 1
14 1 1
39 1 1
44 2 45
1 2 25
27 1 19
26 1 19
21 1 4
25 2 23
13 1 3
27 2 26
23 1 44
3 2 28
45 2 44
23 1 45
3 1 28
58 6 45
3 5 1
3 1 4
21 1 1
19 1 4
45 1 23
11 1 10
28 1 26
19 1 1
14 1 13
25 1 17
44 1 30
11 1 13
44 1 13
29 1 28
4 2 3
44 1 8
44 1 10
8 2 10
5 2 4
33 1 27
58 1 19
44 1 3
39 1 8
45 1 8
3 2 33
34 2 5
21 1 34
40 1 7
23 1 56
18 2 23
5 2 1
56 1 21
5 2 29
19 1 29
2 2 6
6 2 7
40 1 6
3 1 5
44 1 23
? 1 github_java_program_data/29/119.java

26 2 27
3 1 1
72 2 76
45 1 25
34 1 1
44 1 18
20 1 19
30 1 58
40 1 39
23 1 15
21 1 5
12 2 20
1 1 5
21 1 3
25 1 16
52 2 57
97 1 48
56 1 19
110 1 72
45 1 30
45 1 13
16 1 11
18 1 16
8 2 3
4 2 1
17 1 14
20 2 58
44 1 23
21 1 29
58 1 21
23 1 12
6 1 1
11 1 1
44 2 45
19 1 32
29 1 1
2 1 1
6 2 39
11 1 3
13 2 3
3 2 41
18 1 17
41 1 21
11 1 41
44 1 9
15 2 22
15 2 20
30 1 20
34 2 4
40 1 2
26 1 19
21 1 4
20 2 22
3 2 28
45 2 44
29 2 5
1 2 28
19 1 1
21 1 1
1 5 3
3 2 30
11 1 10
28 1 26
14 1 13
25 1 17
14 1 3
11 1 13
44 1 10
3 2 4
1 2 5
4 2 3
22 2 56
57 1 19
1 2 33
97 1 57
45 1 3
13 2 1
3 2 43
16 2 17
33 1 26
43 1 19
44 1 8
30 1 15
5 2 29
3 2 33
52 1 19
23 1 56
1 1 3
56 1 21
2 2 6
40 1 6
30 1 45
15 2 12
43 1 21
28 1 27
3 2 25
12 1 11
3 2 18
76 1 21
25 2 30
45 1 9
51 2 72
33 1 27
110 1 51
72 1 19
5 2 34
17 1 11
52 1 21
22 1 21
30 1 44
19 1 5
14 1 43
19 1 3
23 1 20
3 2 5
1 4 3
10 2 3
4 2 34
56 6 44
97 1 52
34 1 3
27 1 21
21 1 97
29 2 4
1 1 4
29 1 3
48 2 52
4 2 29
14 1 10
1 2 4
30 1 22
110 1 76
8 2 10
20 1 21
13 1 1
14 1 1
22 2 20
34 1 33
13 1 3
19 1 110
15 1 14
27 2 26
23 1 22
1 2 41
9 2 8
48 1 21
22 1 19
3 4 1
3 1 4
19 1 4
26 1 21
39 1 3
10 1 1
12 2 15
44 1 13
29 1 28
51 1 21
16 1 14
44 1 3
19 1 97
20 2 56
39 1 30
8 2 13
5 2 3
39 1 8
45 1 8
41 1 19
48 1 19
21 1 34
19 1 34
27 1 19
18 2 23
5 2 1
30 1 12
19 1 29
1 2 43
58 6 45
3 1 5
57 1 21
? 1 github_java_program_data/29/123.java

4 2 34
10 1 3
28 1 27
29 1 33
45 1 1
9 2 8
3 2 18
4 2 5
45 1 25
44 1 18
18 2 30
25 2 30
30 1 58
45 1 9
40 1 39
1 2 23
21 1 5
7 1 3
1 1 5
21 1 3
25 1 16
17 2 16
26 1 21
33 1 26
56 1 19
8 2 1
45 1 30
44 1 9
18 1 16
19 1 5
27 1 3
23 1 30
17 1 14
45 1 10
3 2 5
1 4 3
44 1 1
3 1 1
8 2 13
21 1 29
10 2 1
40 1 2
56 6 44
58 1 21
34 1 3
27 1 21
1 2 28
29 2 4
6 1 1
1 1 4
29 1 3
34 1 33
18 1 17
4 2 29
14 1 10
1 2 4
26 1 1
39 1 23
2 1 1
30 1 56
13 2 1
13 2 3
16 1 11
1 1 3
11 1 1
7 2 39
19 1 34
1 2 18
13 1 1
14 1 1
39 1 1
44 2 45
1 2 25
27 1 19
26 1 19
21 1 4
25 2 23
13 1 3
27 2 26
23 1 44
3 2 28
45 2 44
23 1 45
3 1 28
58 6 45
3 5 1
3 1 4
21 1 1
19 1 4
45 1 23
11 1 10
28 1 26
19 1 1
14 1 13
25 1 17
44 1 30
11 1 13
44 1 13
29 1 28
4 2 3
44 1 8
44 1 10
8 2 10
5 2 4
33 1 27
58 1 19
44 1 3
39 1 8
45 1 8
3 2 33
34 2 5
21 1 34
40 1 7
23 1 56
18 2 23
5 2 1
56 1 21
5 2 29
19 1 29
2 2 6
6 2 7
40 1 6
3 1 5
44 1 23
? 1 github_java_program_data/29/14.java

4 2 34
10 1 3
28 1 27
29 1 33
45 1 1
9 2 8
3 2 18
4 2 5
45 1 25
44 1 18
18 2 30
25 2 30
30 1 58
45 1 9
40 1 39
1 2 23
21 1 5
7 1 3
1 1 5
21 1 3
25 1 16
17 2 16
26 1 21
33 1 26
56 1 19
8 2 1
45 1 30
44 1 9
18 1 16
19 1 5
27 1 3
23 1 30
17 1 14
45 1 10
3 2 5
1 4 3
44 1 1
3 1 1
8 2 13
21 1 29
10 2 1
40 1 2
56 6 44
58 1 21
34 1 3
27 1 21
1 2 28
29 2 4
6 1 1
1 1 4
29 1 3
34 1 33
18 1 17
4 2 29
14 1 10
1 2 4
26 1 1
39 1 23
2 1 1
30 1 56
13 2 1
13 2 3
16 1 11
1 1 3
11 1 1
7 2 39
19 1 34
1 2 18
13 1 1
14 1 1
39 1 1
44 2 45
1 2 25
27 1 19
26 1 19
21 1 4
25 2 23
13 1 3
27 2 26
23 1 44
3 2 28
45 2 44
23 1 45
3 1 28
58 6 45
3 5 1
3 1 4
21 1 1
19 1 4
45 1 23
11 1 10
28 1 26
19 1 1
14 1 13
25 1 17
44 1 30
11 1 13
44 1 13
29 1 28
4 2 3
44 1 8
44 1 10
8 2 10
5 2 4
33 1 27
58 1 19
44 1 3
39 1 8
45 1 8
3 2 33
34 2 5
21 1 34
40 1 7
23 1 56
18 2 23
5 2 1
56 1 21
5 2 29
19 1 29
2 2 6
6 2 7
40 1 6
3 1 5
44 1 23
? 1 github_java_program_data/29/140.java

26 2 27
3 1 1
72 2 76
45 1 25
34 1 1
44 1 18
20 1 19
30 1 58
40 1 39
23 1 15
21 1 5
12 2 20
1 1 5
21 1 3
25 1 16
52 2 57
97 1 48
56 1 19
110 1 72
45 1 30
45 1 13
16 1 11
18 1 16
8 2 3
4 2 1
17 1 14
20 2 58
44 1 23
21 1 29
58 1 21
23 1 12
6 1 1
11 1 1
44 2 45
19 1 32
29 1 1
2 1 1
6 2 39
11 1 3
13 2 3
3 2 41
18 1 17
41 1 21
11 1 41
44 1 9
15 2 22
15 2 20
30 1 20
34 2 4
40 1 2
26 1 19
21 1 4
20 2 22
3 2 28
45 2 44
29 2 5
1 2 28
19 1 1
21 1 1
1 5 3
3 2 30
11 1 10
28 1 26
14 1 13
25 1 17
14 1 3
11 1 13
44 1 10
3 2 4
1 2 5
4 2 3
22 2 56
57 1 19
1 2 33
97 1 57
45 1 3
13 2 1
3 2 43
16 2 17
33 1 26
43 1 19
44 1 8
30 1 15
5 2 29
3 2 33
52 1 19
23 1 56
1 1 3
56 1 21
2 2 6
40 1 6
30 1 45
15 2 12
43 1 21
28 1 27
3 2 25
12 1 11
3 2 18
76 1 21
25 2 30
45 1 9
51 2 72
33 1 27
110 1 51
72 1 19
5 2 34
17 1 11
52 1 21
22 1 21
30 1 44
19 1 5
14 1 43
19 1 3
23 1 20
3 2 5
1 4 3
10 2 3
4 2 34
56 6 44
97 1 52
34 1 3
27 1 21
21 1 97
29 2 4
1 1 4
29 1 3
48 2 52
4 2 29
14 1 10
1 2 4
30 1 22
110 1 76
8 2 10
20 1 21
13 1 1
14 1 1
22 2 20
34 1 33
13 1 3
19 1 110
15 1 14
27 2 26
23 1 22
1 2 41
9 2 8
48 1 21
22 1 19
3 4 1
3 1 4
19 1 4
26 1 21
39 1 3
10 1 1
12 2 15
44 1 13
29 1 28
51 1 21
16 1 14
44 1 3
19 1 97
20 2 56
39 1 30
8 2 13
5 2 3
39 1 8
45 1 8
41 1 19
48 1 19
21 1 34
19 1 34
27 1 19
18 2 23
5 2 1
30 1 12
19 1 29
1 2 43
58 6 45
3 1 5
57 1 21
? 1 github_java_program_data/29/144.java

4 2 34
10 1 3
28 1 27
29 1 33
45 1 1
9 2 8
3 2 18
4 2 5
45 1 25
44 1 18
18 2 30
25 2 30
30 1 58
45 1 9
40 1 39
1 2 23
21 1 5
7 1 3
1 1 5
21 1 3
25 1 16
17 2 16
26 1 21
33 1 26
56 1 19
8 2 1
45 1 30
44 1 9
18 1 16
19 1 5
27 1 3
23 1 30
17 1 14
45 1 10
3 2 5
1 4 3
44 1 1
3 1 1
8 2 13
21 1 29
10 2 1
40 1 2
56 6 44
58 1 21
34 1 3
27 1 21
1 2 28
29 2 4
6 1 1
1 1 4
29 1 3
34 1 33
18 1 17
4 2 29
14 1 10
1 2 4
26 1 1
39 1 23
2 1 1
30 1 56
13 2 1
13 2 3
16 1 11
1 1 3
11 1 1
7 2 39
19 1 34
1 2 18
13 1 1
14 1 1
39 1 1
44 2 45
1 2 25
27 1 19
26 1 19
21 1 4
25 2 23
13 1 3
27 2 26
23 1 44
3 2 28
45 2 44
23 1 45
3 1 28
58 6 45
3 5 1
3 1 4
21 1 1
19 1 4
45 1 23
11 1 10
28 1 26
19 1 1
14 1 13
25 1 17
44 1 30
11 1 13
44 1 13
29 1 28
4 2 3
44 1 8
44 1 10
8 2 10
5 2 4
33 1 27
58 1 19
44 1 3
39 1 8
45 1 8
3 2 33
34 2 5
21 1 34
40 1 7
23 1 56
18 2 23
5 2 1
56 1 21
5 2 29
19 1 29
2 2 6
6 2 7
40 1 6
3 1 5
44 1 23
? 1 github_java_program_data/29/161.java

26 2 27
3 1 1
72 2 76
45 1 25
34 1 1
44 1 18
20 1 19
30 1 58
40 1 39
23 1 15
21 1 5
12 2 20
1 1 5
21 1 3
25 1 16
52 2 57
97 1 48
56 1 19
110 1 72
45 1 30
45 1 13
16 1 11
18 1 16
8 2 3
4 2 1
17 1 14
20 2 58
44 1 23
21 1 29
58 1 21
23 1 12
6 1 1
11 1 1
44 2 45
19 1 32
29 1 1
2 1 1
6 2 39
11 1 3
13 2 3
3 2 41
18 1 17
41 1 21
11 1 41
44 1 9
15 2 22
15 2 20
30 1 20
34 2 4
40 1 2
26 1 19
21 1 4
20 2 22
3 2 28
45 2 44
29 2 5
1 2 28
19 1 1
21 1 1
1 5 3
3 2 30
11 1 10
28 1 26
14 1 13
25 1 17
14 1 3
11 1 13
44 1 10
3 2 4
1 2 5
4 2 3
22 2 56
57 1 19
1 2 33
97 1 57
45 1 3
13 2 1
3 2 43
16 2 17
33 1 26
43 1 19
44 1 8
30 1 15
5 2 29
3 2 33
52 1 19
23 1 56
1 1 3
56 1 21
2 2 6
40 1 6
30 1 45
15 2 12
43 1 21
28 1 27
3 2 25
12 1 11
3 2 18
76 1 21
25 2 30
45 1 9
51 2 72
33 1 27
110 1 51
72 1 19
5 2 34
17 1 11
52 1 21
22 1 21
30 1 44
19 1 5
14 1 43
19 1 3
23 1 20
3 2 5
1 4 3
10 2 3
4 2 34
56 6 44
97 1 52
34 1 3
27 1 21
21 1 97
29 2 4
1 1 4
29 1 3
48 2 52
4 2 29
14 1 10
1 2 4
30 1 22
110 1 76
8 2 10
20 1 21
13 1 1
14 1 1
22 2 20
34 1 33
13 1 3
19 1 110
15 1 14
27 2 26
23 1 22
1 2 41
9 2 8
48 1 21
22 1 19
3 4 1
3 1 4
19 1 4
26 1 21
39 1 3
10 1 1
12 2 15
44 1 13
29 1 28
51 1 21
16 1 14
44 1 3
19 1 97
20 2 56
39 1 30
8 2 13
5 2 3
39 1 8
45 1 8
41 1 19
48 1 19
21 1 34
19 1 34
27 1 19
18 2 23
5 2 1
30 1 12
19 1 29
1 2 43
58 6 45
3 1 5
57 1 21
? 1 github_java_program_data/29/18.java

4 2 34
10 1 3
28 1 27
29 1 33
45 1 1
9 2 8
3 2 18
4 2 5
45 1 25
44 1 18
18 2 30
25 2 30
30 1 58
45 1 9
40 1 39
1 2 23
21 1 5
7 1 3
1 1 5
21 1 3
25 1 16
17 2 16
26 1 21
33 1 26
56 1 19
8 2 1
45 1 30
44 1 9
18 1 16
19 1 5
27 1 3
23 1 30
17 1 14
45 1 10
3 2 5
1 4 3
44 1 1
3 1 1
8 2 13
21 1 29
10 2 1
40 1 2
56 6 44
58 1 21
34 1 3
27 1 21
1 2 28
29 2 4
6 1 1
1 1 4
29 1 3
34 1 33
18 1 17
4 2 29
14 1 10
1 2 4
26 1 1
39 1 23
2 1 1
30 1 56
13 2 1
13 2 3
16 1 11
1 1 3
11 1 1
7 2 39
19 1 34
1 2 18
13 1 1
14 1 1
39 1 1
44 2 45
1 2 25
27 1 19
26 1 19
21 1 4
25 2 23
13 1 3
27 2 26
23 1 44
3 2 28
45 2 44
23 1 45
3 1 28
58 6 45
3 5 1
3 1 4
21 1 1
19 1 4
45 1 23
11 1 10
28 1 26
19 1 1
14 1 13
25 1 17
44 1 30
11 1 13
44 1 13
29 1 28
4 2 3
44 1 8
44 1 10
8 2 10
5 2 4
33 1 27
58 1 19
44 1 3
39 1 8
45 1 8
3 2 33
34 2 5
21 1 34
40 1 7
23 1 56
18 2 23
5 2 1
56 1 21
5 2 29
19 1 29
2 2 6
6 2 7
40 1 6
3 1 5
44 1 23
? 1 github_java_program_data/29/182.java

26 2 27
3 1 1
72 2 76
45 1 25
34 1 1
44 1 18
20 1 19
30 1 58
40 1 39
23 1 15
21 1 5
12 2 20
1 1 5
21 1 3
25 1 16
52 2 57
97 1 48
56 1 19
110 1 72
45 1 30
45 1 13
16 1 11
18 1 16
8 2 3
4 2 1
17 1 14
20 2 58
44 1 23
21 1 29
58 1 21
23 1 12
6 1 1
11 1 1
44 2 45
19 1 32
29 1 1
2 1 1
6 2 39
11 1 3
13 2 3
3 2 41
18 1 17
41 1 21
11 1 41
44 1 9
15 2 22
15 2 20
30 1 20
34 2 4
40 1 2
26 1 19
21 1 4
20 2 22
3 2 28
45 2 44
29 2 5
1 2 28
19 1 1
21 1 1
1 5 3
3 2 30
11 1 10
28 1 26
14 1 13
25 1 17
14 1 3
11 1 13
44 1 10
3 2 4
1 2 5
4 2 3
22 2 56
57 1 19
1 2 33
97 1 57
45 1 3
13 2 1
3 2 43
16 2 17
33 1 26
43 1 19
44 1 8
30 1 15
5 2 29
3 2 33
52 1 19
23 1 56
1 1 3
56 1 21
2 2 6
40 1 6
30 1 45
15 2 12
43 1 21
28 1 27
3 2 25
12 1 11
3 2 18
76 1 21
25 2 30
45 1 9
51 2 72
33 1 27
110 1 51
72 1 19
5 2 34
17 1 11
52 1 21
22 1 21
30 1 44
19 1 5
14 1 43
19 1 3
23 1 20
3 2 5
1 4 3
10 2 3
4 2 34
56 6 44
97 1 52
34 1 3
27 1 21
21 1 97
29 2 4
1 1 4
29 1 3
48 2 52
4 2 29
14 1 10
1 2 4
30 1 22
110 1 76
8 2 10
20 1 21
13 1 1
14 1 1
22 2 20
34 1 33
13 1 3
19 1 110
15 1 14
27 2 26
23 1 22
1 2 41
9 2 8
48 1 21
22 1 19
3 4 1
3 1 4
19 1 4
26 1 21
39 1 3
10 1 1
12 2 15
44 1 13
29 1 28
51 1 21
16 1 14
44 1 3
19 1 97
20 2 56
39 1 30
8 2 13
5 2 3
39 1 8
45 1 8
41 1 19
48 1 19
21 1 34
19 1 34
27 1 19
18 2 23
5 2 1
30 1 12
19 1 29
1 2 43
58 6 45
3 1 5
57 1 21
? 1 github_java_program_data/29/186.java

4 2 34
10 1 3
28 1 27
29 1 33
45 1 1
9 2 8
3 2 18
4 2 5
45 1 25
44 1 18
18 2 30
25 2 30
30 1 58
45 1 9
40 1 39
1 2 23
21 1 5
7 1 3
1 1 5
21 1 3
25 1 16
17 2 16
26 1 21
33 1 26
56 1 19
8 2 1
45 1 30
44 1 9
18 1 16
19 1 5
27 1 3
23 1 30
17 1 14
45 1 10
3 2 5
1 4 3
44 1 1
3 1 1
8 2 13
21 1 29
10 2 1
40 1 2
56 6 44
58 1 21
34 1 3
27 1 21
1 2 28
29 2 4
6 1 1
1 1 4
29 1 3
34 1 33
18 1 17
4 2 29
14 1 10
1 2 4
26 1 1
39 1 23
2 1 1
30 1 56
13 2 1
13 2 3
16 1 11
1 1 3
11 1 1
7 2 39
19 1 34
1 2 18
13 1 1
14 1 1
39 1 1
44 2 45
1 2 25
27 1 19
26 1 19
21 1 4
25 2 23
13 1 3
27 2 26
23 1 44
3 2 28
45 2 44
23 1 45
3 1 28
58 6 45
3 5 1
3 1 4
21 1 1
19 1 4
45 1 23
11 1 10
28 1 26
19 1 1
14 1 13
25 1 17
44 1 30
11 1 13
44 1 13
29 1 28
4 2 3
44 1 8
44 1 10
8 2 10
5 2 4
33 1 27
58 1 19
44 1 3
39 1 8
45 1 8
3 2 33
34 2 5
21 1 34
40 1 7
23 1 56
18 2 23
5 2 1
56 1 21
5 2 29
19 1 29
2 2 6
6 2 7
40 1 6
3 1 5
44 1 23
? 1 github_java_program_data/29/203.java

4 2 34
10 1 3
28 1 27
29 1 33
45 1 1
9 2 8
3 2 18
4 2 5
45 1 25
44 1 18
18 2 30
25 2 30
30 1 58
45 1 9
40 1 39
1 2 23
21 1 5
7 1 3
1 1 5
21 1 3
25 1 16
17 2 16
26 1 21
33 1 26
56 1 19
8 2 1
45 1 30
44 1 9
18 1 16
19 1 5
27 1 3
23 1 30
17 1 14
45 1 10
3 2 5
1 4 3
44 1 1
3 1 1
8 2 13
21 1 29
10 2 1
40 1 2
56 6 44
58 1 21
34 1 3
27 1 21
1 2 28
29 2 4
6 1 1
1 1 4
29 1 3
34 1 33
18 1 17
4 2 29
14 1 10
1 2 4
26 1 1
39 1 23
2 1 1
30 1 56
13 2 1
13 2 3
16 1 11
1 1 3
11 1 1
7 2 39
19 1 34
1 2 18
13 1 1
14 1 1
39 1 1
44 2 45
1 2 25
27 1 19
26 1 19
21 1 4
25 2 23
13 1 3
27 2 26
23 1 44
3 2 28
45 2 44
23 1 45
3 1 28
58 6 45
3 5 1
3 1 4
21 1 1
19 1 4
45 1 23
11 1 10
28 1 26
19 1 1
14 1 13
25 1 17
44 1 30
11 1 13
44 1 13
29 1 28
4 2 3
44 1 8
44 1 10
8 2 10
5 2 4
33 1 27
58 1 19
44 1 3
39 1 8
45 1 8
3 2 33
34 2 5
21 1 34
40 1 7
23 1 56
18 2 23
5 2 1
56 1 21
5 2 29
19 1 29
2 2 6
6 2 7
40 1 6
3 1 5
44 1 23
? 1 github_java_program_data/29/224.java

26 2 27
3 1 1
72 2 76
45 1 25
34 1 1
44 1 18
20 1 19
30 1 58
40 1 39
23 1 15
21 1 5
12 2 20
1 1 5
21 1 3
25 1 16
52 2 57
97 1 48
56 1 19
110 1 72
45 1 30
45 1 13
16 1 11
18 1 16
8 2 3
4 2 1
17 1 14
20 2 58
44 1 23
21 1 29
58 1 21
23 1 12
6 1 1
11 1 1
44 2 45
19 1 32
29 1 1
2 1 1
6 2 39
11 1 3
13 2 3
3 2 41
18 1 17
41 1 21
11 1 41
44 1 9
15 2 22
15 2 20
30 1 20
34 2 4
40 1 2
26 1 19
21 1 4
20 2 22
3 2 28
45 2 44
29 2 5
1 2 28
19 1 1
21 1 1
1 5 3
3 2 30
11 1 10
28 1 26
14 1 13
25 1 17
14 1 3
11 1 13
44 1 10
3 2 4
1 2 5
4 2 3
22 2 56
57 1 19
1 2 33
97 1 57
45 1 3
13 2 1
3 2 43
16 2 17
33 1 26
43 1 19
44 1 8
30 1 15
5 2 29
3 2 33
52 1 19
23 1 56
1 1 3
56 1 21
2 2 6
40 1 6
30 1 45
15 2 12
43 1 21
28 1 27
3 2 25
12 1 11
3 2 18
76 1 21
25 2 30
45 1 9
51 2 72
33 1 27
110 1 51
72 1 19
5 2 34
17 1 11
52 1 21
22 1 21
30 1 44
19 1 5
14 1 43
19 1 3
23 1 20
3 2 5
1 4 3
10 2 3
4 2 34
56 6 44
97 1 52
34 1 3
27 1 21
21 1 97
29 2 4
1 1 4
29 1 3
48 2 52
4 2 29
14 1 10
1 2 4
30 1 22
110 1 76
8 2 10
20 1 21
13 1 1
14 1 1
22 2 20
34 1 33
13 1 3
19 1 110
15 1 14
27 2 26
23 1 22
1 2 41
9 2 8
48 1 21
22 1 19
3 4 1
3 1 4
19 1 4
26 1 21
39 1 3
10 1 1
12 2 15
44 1 13
29 1 28
51 1 21
16 1 14
44 1 3
19 1 97
20 2 56
39 1 30
8 2 13
5 2 3
39 1 8
45 1 8
41 1 19
48 1 19
21 1 34
19 1 34
27 1 19
18 2 23
5 2 1
30 1 12
19 1 29
1 2 43
58 6 45
3 1 5
57 1 21
? 1 github_java_program_data/29/228.java

4 2 34
10 1 3
28 1 27
29 1 33
45 1 1
9 2 8
3 2 18
4 2 5
45 1 25
44 1 18
18 2 30
25 2 30
30 1 58
45 1 9
40 1 39
1 2 23
21 1 5
7 1 3
1 1 5
21 1 3
25 1 16
17 2 16
26 1 21
33 1 26
56 1 19
8 2 1
45 1 30
44 1 9
18 1 16
19 1 5
27 1 3
23 1 30
17 1 14
45 1 10
3 2 5
1 4 3
44 1 1
3 1 1
8 2 13
21 1 29
10 2 1
40 1 2
56 6 44
58 1 21
34 1 3
27 1 21
1 2 28
29 2 4
6 1 1
1 1 4
29 1 3
34 1 33
18 1 17
4 2 29
14 1 10
1 2 4
26 1 1
39 1 23
2 1 1
30 1 56
13 2 1
13 2 3
16 1 11
1 1 3
11 1 1
7 2 39
19 1 34
1 2 18
13 1 1
14 1 1
39 1 1
44 2 45
1 2 25
27 1 19
26 1 19
21 1 4
25 2 23
13 1 3
27 2 26
23 1 44
3 2 28
45 2 44
23 1 45
3 1 28
58 6 45
3 5 1
3 1 4
21 1 1
19 1 4
45 1 23
11 1 10
28 1 26
19 1 1
14 1 13
25 1 17
44 1 30
11 1 13
44 1 13
29 1 28
4 2 3
44 1 8
44 1 10
8 2 10
5 2 4
33 1 27
58 1 19
44 1 3
39 1 8
45 1 8
3 2 33
34 2 5
21 1 34
40 1 7
23 1 56
18 2 23
5 2 1
56 1 21
5 2 29
19 1 29
2 2 6
6 2 7
40 1 6
3 1 5
44 1 23
? 1 github_java_program_data/29/245.java

26 2 27
3 1 1
72 2 76
45 1 25
34 1 1
44 1 18
20 1 19
30 1 58
40 1 39
23 1 15
21 1 5
12 2 20
1 1 5
21 1 3
25 1 16
52 2 57
97 1 48
56 1 19
110 1 72
45 1 30
45 1 13
16 1 11
18 1 16
8 2 3
4 2 1
17 1 14
20 2 58
44 1 23
21 1 29
58 1 21
23 1 12
6 1 1
11 1 1
44 2 45
19 1 32
29 1 1
2 1 1
6 2 39
11 1 3
13 2 3
3 2 41
18 1 17
41 1 21
11 1 41
44 1 9
15 2 22
15 2 20
30 1 20
34 2 4
40 1 2
26 1 19
21 1 4
20 2 22
3 2 28
45 2 44
29 2 5
1 2 28
19 1 1
21 1 1
1 5 3
3 2 30
11 1 10
28 1 26
14 1 13
25 1 17
14 1 3
11 1 13
44 1 10
3 2 4
1 2 5
4 2 3
22 2 56
57 1 19
1 2 33
97 1 57
45 1 3
13 2 1
3 2 43
16 2 17
33 1 26
43 1 19
44 1 8
30 1 15
5 2 29
3 2 33
52 1 19
23 1 56
1 1 3
56 1 21
2 2 6
40 1 6
30 1 45
15 2 12
43 1 21
28 1 27
3 2 25
12 1 11
3 2 18
76 1 21
25 2 30
45 1 9
51 2 72
33 1 27
110 1 51
72 1 19
5 2 34
17 1 11
52 1 21
22 1 21
30 1 44
19 1 5
14 1 43
19 1 3
23 1 20
3 2 5
1 4 3
10 2 3
4 2 34
56 6 44
97 1 52
34 1 3
27 1 21
21 1 97
29 2 4
1 1 4
29 1 3
48 2 52
4 2 29
14 1 10
1 2 4
30 1 22
110 1 76
8 2 10
20 1 21
13 1 1
14 1 1
22 2 20
34 1 33
13 1 3
19 1 110
15 1 14
27 2 26
23 1 22
1 2 41
9 2 8
48 1 21
22 1 19
3 4 1
3 1 4
19 1 4
26 1 21
39 1 3
10 1 1
12 2 15
44 1 13
29 1 28
51 1 21
16 1 14
44 1 3
19 1 97
20 2 56
39 1 30
8 2 13
5 2 3
39 1 8
45 1 8
41 1 19
48 1 19
21 1 34
19 1 34
27 1 19
18 2 23
5 2 1
30 1 12
19 1 29
1 2 43
58 6 45
3 1 5
57 1 21
? 1 github_java_program_data/29/249.java

4 2 34
10 1 3
28 1 27
29 1 33
45 1 1
9 2 8
3 2 18
4 2 5
45 1 25
44 1 18
18 2 30
25 2 30
30 1 58
45 1 9
40 1 39
1 2 23
21 1 5
7 1 3
1 1 5
21 1 3
25 1 16
17 2 16
26 1 21
33 1 26
56 1 19
8 2 1
45 1 30
44 1 9
18 1 16
19 1 5
27 1 3
23 1 30
17 1 14
45 1 10
3 2 5
1 4 3
44 1 1
3 1 1
8 2 13
21 1 29
10 2 1
40 1 2
56 6 44
58 1 21
34 1 3
27 1 21
1 2 28
29 2 4
6 1 1
1 1 4
29 1 3
34 1 33
18 1 17
4 2 29
14 1 10
1 2 4
26 1 1
39 1 23
2 1 1
30 1 56
13 2 1
13 2 3
16 1 11
1 1 3
11 1 1
7 2 39
19 1 34
1 2 18
13 1 1
14 1 1
39 1 1
44 2 45
1 2 25
27 1 19
26 1 19
21 1 4
25 2 23
13 1 3
27 2 26
23 1 44
3 2 28
45 2 44
23 1 45
3 1 28
58 6 45
3 5 1
3 1 4
21 1 1
19 1 4
45 1 23
11 1 10
28 1 26
19 1 1
14 1 13
25 1 17
44 1 30
11 1 13
44 1 13
29 1 28
4 2 3
44 1 8
44 1 10
8 2 10
5 2 4
33 1 27
58 1 19
44 1 3
39 1 8
45 1 8
3 2 33
34 2 5
21 1 34
40 1 7
23 1 56
18 2 23
5 2 1
56 1 21
5 2 29
19 1 29
2 2 6
6 2 7
40 1 6
3 1 5
44 1 23
? 1 github_java_program_data/29/266.java

3 2 25
3 4 1
26 2 27
63 1 3
3 1 1
45 1 87
3 2 37
1 2 33
30 1 24
3 2 38
22 2 12
45 1 25
34 1 1
44 1 18
53 2 70
7 2 6
20 1 19
40 1 39
87 1 26
23 1 15
75 1 21
53 2 15
21 1 5
7 1 3
30 1 45
1 1 5
21 1 3
25 1 16
40 1 7
19 1 42
69 1 43
56 1 19
11 1 9
48 2 61
30 1 22
20 1 21
24 1 8
18 1 16
31 1 1
5 2 3
24 1 23
8 2 3
15 2 70
60 1 19
17 1 14
12 1 14
15 2 54
73 2 20
88 1 26
21 1 29
58 1 21
23 1 12
66 1 1
19 1 1
11 1 1
73 2 54
66 2 8
30 1 15
44 2 45
19 1 32
29 1 1
41 2 48
15 2 73
32 2 5
6 2 39
60 1 21
11 1 3
13 2 3
21 1 42
1 7 3
1 1 3
41 1 21
4 2 29
11 1 41
1 2 25
39 1 1
37 1 21
30 1 20
54 1 30
40 1 2
26 1 19
21 1 4
20 2 22
70 2 56
69 1 48
3 2 28
45 2 44
25 2 30
69 1 75
5 2 32
6 2 7
66 1 3
41 1 11
1 2 28
21 1 1
62 1 21
1 5 3
45 1 23
11 1 10
28 1 26
9 2 13
25 2 23
14 1 13
25 1 17
14 1 3
6 1 3
11 1 13
43 1 11
3 2 4
4 2 3
64 2 30
15 1 11
22 2 54
51 1 21
44 1 8
11 1 43
3 5 1
16 1 14
30 1 73
52 1 23
5 2 4
44 1 88
70 1 30
16 2 17
54 1 50
43 1 19
52 1 30
20 2 70
72 1 30
5 2 29
9 2 1
3 2 33
53 1 51
23 1 56
88 2 23
1 2 37
3 2 41
14 1 41
2 2 6
69 2 30
73 1 48
45 1 66
50 1 41
21 1 32
61 1 21
15 2 12
5 2 42
23 1 53
25 2 87
53 1 48
39 1 66
43 1 21
41 2 51
28 1 27
45 1 13
73 1 51
12 1 11
4 2 34
65 1 1
3 2 18
4 2 5
12 2 20
17 2 16
69 1 51
30 1 31
45 1 9
51 2 72
45 1 3
39 1 30
54 2 20
10 2 3
31 2 44
50 1 43
64 1 63
5 2 34
32 2 4
48 2 72
1 1 37
62 1 19
17 1 11
33 1 26
43 2 48
22 1 21
8 2 10
43 1 14
45 1 1
65 2 66
23 1 73
24 2 31
3 1 38
19 1 5
14 1 43
19 1 3
23 1 20
45 1 10
10 1 3
1 2 38
3 2 5
1 4 3
44 1 1
14 1 8
10 2 1
56 6 44
48 2 75
24 1 18
34 1 3
27 1 21
15 1 14
24 1 3
1 1 4
29 1 3
8 2 1
4 2 42
18 1 17
41 1 19
14 1 10
1 2 4
30 1 62
39 1 65
12 2 24
73 2 70
23 1 60
30 1 56
13 2 1
16 1 11
43 2 51
51 2 75
31 1 30
13 1 1
12 2 73
14 1 1
87 2 23
4 2 32
3 7 1
1 1 38
23 1 70
3 2 43
22 2 20
34 1 33
65 1 3
13 1 3
30 1 44
27 2 26
58 6 44
23 1 58
23 1 22
58 1 19
48 1 21
22 1 19
1 2 18
72 1 23
1 2 64
53 2 58
50 1 48
3 1 4
50 2 30
48 2 52
19 1 4
26 1 21
31 1 9
38 1 19
10 1 1
51 1 19
9 2 10
18 2 23
1 2 41
23 1 54
4 2 1
12 2 15
70 2 58
44 1 13
29 1 28
53 2 12
3 1 37
31 1 25
2 1 3
44 1 3
39 1 64
44 1 10
41 1 14
70 1 69
40 1 6
33 1 27
8 2 13
44 1 65
37 1 19
39 1 8
69 1 41
48 1 19
21 1 34
66 2 9
19 1 34
18 2 88
27 1 19
53 1 52
38 1 21
5 2 1
30 1 12
19 1 29
61 1 19
50 1 61
51 2 52
1 2 5
1 2 43
65 2 8
73 1 72
3 1 5
44 1 23
? 1 github_java_program_data/29/27.java

26 2 27
3 1 1
72 2 76
45 1 25
34 1 1
44 1 18
20 1 19
30 1 58
40 1 39
23 1 15
21 1 5
12 2 20
1 1 5
21 1 3
25 1 16
52 2 57
97 1 48
56 1 19
110 1 72
45 1 30
45 1 13
16 1 11
18 1 16
8 2 3
4 2 1
17 1 14
20 2 58
44 1 23
21 1 29
58 1 21
23 1 12
6 1 1
11 1 1
44 2 45
19 1 32
29 1 1
2 1 1
6 2 39
11 1 3
13 2 3
3 2 41
18 1 17
41 1 21
11 1 41
44 1 9
15 2 22
15 2 20
30 1 20
34 2 4
40 1 2
26 1 19
21 1 4
20 2 22
3 2 28
45 2 44
29 2 5
1 2 28
19 1 1
21 1 1
1 5 3
3 2 30
11 1 10
28 1 26
14 1 13
25 1 17
14 1 3
11 1 13
44 1 10
3 2 4
1 2 5
4 2 3
22 2 56
57 1 19
1 2 33
97 1 57
45 1 3
13 2 1
3 2 43
16 2 17
33 1 26
43 1 19
44 1 8
30 1 15
5 2 29
3 2 33
52 1 19
23 1 56
1 1 3
56 1 21
2 2 6
40 1 6
30 1 45
15 2 12
43 1 21
28 1 27
3 2 25
12 1 11
3 2 18
76 1 21
25 2 30
45 1 9
51 2 72
33 1 27
110 1 51
72 1 19
5 2 34
17 1 11
52 1 21
22 1 21
30 1 44
19 1 5
14 1 43
19 1 3
23 1 20
3 2 5
1 4 3
10 2 3
4 2 34
56 6 44
97 1 52
34 1 3
27 1 21
21 1 97
29 2 4
1 1 4
29 1 3
48 2 52
4 2 29
14 1 10
1 2 4
30 1 22
110 1 76
8 2 10
20 1 21
13 1 1
14 1 1
22 2 20
34 1 33
13 1 3
19 1 110
15 1 14
27 2 26
23 1 22
1 2 41
9 2 8
48 1 21
22 1 19
3 4 1
3 1 4
19 1 4
26 1 21
39 1 3
10 1 1
12 2 15
44 1 13
29 1 28
51 1 21
16 1 14
44 1 3
19 1 97
20 2 56
39 1 30
8 2 13
5 2 3
39 1 8
45 1 8
41 1 19
48 1 19
21 1 34
19 1 34
27 1 19
18 2 23
5 2 1
30 1 12
19 1 29
1 2 43
58 6 45
3 1 5
57 1 21
? 1 github_java_program_data/29/270.java

4 2 34
10 1 3
28 1 27
29 1 33
45 1 1
9 2 8
3 2 18
4 2 5
45 1 25
44 1 18
18 2 30
25 2 30
30 1 58
45 1 9
40 1 39
1 2 23
21 1 5
7 1 3
1 1 5
21 1 3
25 1 16
17 2 16
26 1 21
33 1 26
56 1 19
8 2 1
45 1 30
44 1 9
18 1 16
19 1 5
27 1 3
23 1 30
17 1 14
45 1 10
3 2 5
1 4 3
44 1 1
3 1 1
8 2 13
21 1 29
10 2 1
40 1 2
56 6 44
58 1 21
34 1 3
27 1 21
1 2 28
29 2 4
6 1 1
1 1 4
29 1 3
34 1 33
18 1 17
4 2 29
14 1 10
1 2 4
26 1 1
39 1 23
2 1 1
30 1 56
13 2 1
13 2 3
16 1 11
1 1 3
11 1 1
7 2 39
19 1 34
1 2 18
13 1 1
14 1 1
39 1 1
44 2 45
1 2 25
27 1 19
26 1 19
21 1 4
25 2 23
13 1 3
27 2 26
23 1 44
3 2 28
45 2 44
23 1 45
3 1 28
58 6 45
3 5 1
3 1 4
21 1 1
19 1 4
45 1 23
11 1 10
28 1 26
19 1 1
14 1 13
25 1 17
44 1 30
11 1 13
44 1 13
29 1 28
4 2 3
44 1 8
44 1 10
8 2 10
5 2 4
33 1 27
58 1 19
44 1 3
39 1 8
45 1 8
3 2 33
34 2 5
21 1 34
40 1 7
23 1 56
18 2 23
5 2 1
56 1 21
5 2 29
19 1 29
2 2 6
6 2 7
40 1 6
3 1 5
44 1 23
? 1 github_java_program_data/29/287.java

4 2 3
26 2 27
75 1 21
3 1 1
45 2 24
68 1 19
30 1 24
3 2 38
45 1 25
34 1 1
44 1 18
20 1 19
30 1 58
1 1 5
23 1 15
1 2 23
21 1 5
30 1 45
30 1 70
21 1 3
25 1 16
17 2 16
19 1 42
18 2 30
56 1 19
23 1 21
11 1 9
45 1 30
4 2 42
30 1 22
16 1 11
44 1 25
18 1 16
8 2 3
4 2 1
17 1 14
12 1 14
23 1 31
3 2 37
21 1 29
30 1 54
23 1 12
6 1 1
67 1 8
11 1 1
18 2 23
49 1 19
44 2 45
19 1 32
29 1 1
41 2 48
2 1 1
11 1 3
39 1 9
21 1 42
1 7 3
1 1 3
41 1 21
13 2 1
4 2 29
11 1 41
44 1 9
39 1 1
15 2 20
11 1 8
30 1 20
54 1 30
40 1 2
26 1 19
21 1 4
20 2 22
13 1 8
3 2 23
69 1 48
39 1 23
42 2 5
69 1 75
54 1 23
45 2 39
41 1 11
1 2 28
19 1 1
21 1 1
31 1 3
1 5 3
45 1 23
3 2 30
11 1 10
28 1 26
3 2 28
14 1 13
67 1 3
25 1 17
14 1 3
11 1 13
37 1 21
3 2 4
1 2 5
15 1 11
31 1 25
44 1 8
11 1 43
3 5 1
23 1 19
45 1 3
52 1 23
5 2 4
19 2 21
13 2 3
54 1 50
40 1 67
1 2 33
24 2 44
3 2 41
3 2 49
9 2 1
3 2 33
53 1 51
23 1 56
33 1 26
1 2 37
56 1 21
12 2 54
14 1 41
2 2 6
43 1 21
40 1 6
3 2 25
50 1 41
21 1 32
15 2 12
23 1 53
44 1 30
24 1 9
28 1 27
45 1 13
12 1 11
12 2 70
4 2 34
3 2 18
10 1 9
25 2 30
45 1 9
31 2 44
56 6 45
50 1 43
5 2 34
32 2 4
6 2 67
15 2 44
1 1 37
14 1 9
9 2 13
17 1 11
58 1 19
43 2 48
22 1 21
43 1 14
21 1 23
12 2 31
30 1 44
19 1 5
14 1 43
19 1 3
23 1 20
30 1 39
45 1 10
10 1 3
1 2 38
3 2 5
21 2 19
1 4 3
44 1 1
14 1 8
67 1 30
69 2 23
10 2 1
48 2 75
24 1 18
34 1 3
27 1 21
15 1 14
1 1 4
29 1 3
48 2 61
18 1 17
41 1 19
14 1 10
1 2 4
3 7 1
30 1 56
8 2 10
30 1 15
8 2 9
31 1 30
13 1 1
14 1 1
11 1 68
1 1 38
3 2 43
22 2 20
34 1 33
13 1 3
27 2 26
54 2 56
23 1 58
23 1 22
50 2 23
1 2 41
9 2 8
48 1 21
24 1 1
22 1 19
1 2 18
20 1 21
3 4 1
50 1 48
3 1 4
50 2 30
23 1 44
19 1 4
26 1 21
24 1 30
70 1 23
1 2 68
58 6 44
38 1 19
10 1 1
9 2 10
61 1 19
23 1 54
5 2 32
12 2 15
44 1 13
29 1 28
53 2 12
3 1 37
51 1 21
44 1 3
44 1 10
45 1 18
41 1 14
70 1 69
70 2 58
31 1 8
33 1 27
8 2 13
5 2 3
39 1 8
45 1 8
69 1 41
48 1 19
21 1 34
19 1 34
27 1 19
53 1 52
38 1 21
5 2 1
30 1 12
19 1 29
14 1 49
50 1 61
51 2 52
1 2 43
3 1 5
10 2 3
? 1 github_java_program_data/29/296.java

4 2 34
10 1 3
28 1 27
29 1 33
45 1 1
9 2 8
3 2 18
4 2 5
45 1 25
44 1 18
18 2 30
25 2 30
30 1 58
45 1 9
40 1 39
1 2 23
21 1 5
7 1 3
1 1 5
21 1 3
25 1 16
17 2 16
26 1 21
33 1 26
56 1 19
8 2 1
45 1 30
44 1 9
18 1 16
19 1 5
27 1 3
23 1 30
17 1 14
45 1 10
3 2 5
1 4 3
44 1 1
3 1 1
8 2 13
21 1 29
10 2 1
40 1 2
56 6 44
58 1 21
34 1 3
27 1 21
1 2 28
29 2 4
6 1 1
1 1 4
29 1 3
34 1 33
18 1 17
4 2 29
14 1 10
1 2 4
26 1 1
39 1 23
2 1 1
30 1 56
13 2 1
13 2 3
16 1 11
1 1 3
11 1 1
7 2 39
19 1 34
1 2 18
13 1 1
14 1 1
39 1 1
44 2 45
1 2 25
27 1 19
26 1 19
21 1 4
25 2 23
13 1 3
27 2 26
23 1 44
3 2 28
45 2 44
23 1 45
3 1 28
58 6 45
3 5 1
3 1 4
21 1 1
19 1 4
45 1 23
11 1 10
28 1 26
19 1 1
14 1 13
25 1 17
44 1 30
11 1 13
44 1 13
29 1 28
4 2 3
44 1 8
44 1 10
8 2 10
5 2 4
33 1 27
58 1 19
44 1 3
39 1 8
45 1 8
3 2 33
34 2 5
21 1 34
40 1 7
23 1 56
18 2 23
5 2 1
56 1 21
5 2 29
19 1 29
2 2 6
6 2 7
40 1 6
3 1 5
44 1 23
? 1 github_java_program_data/29/308.java

26 2 27
3 1 1
72 2 76
45 1 25
34 1 1
44 1 18
20 1 19
30 1 58
40 1 39
23 1 15
21 1 5
12 2 20
1 1 5
21 1 3
25 1 16
52 2 57
97 1 48
56 1 19
110 1 72
45 1 30
45 1 13
16 1 11
18 1 16
8 2 3
4 2 1
17 1 14
20 2 58
44 1 23
21 1 29
58 1 21
23 1 12
6 1 1
11 1 1
44 2 45
19 1 32
29 1 1
2 1 1
6 2 39
11 1 3
13 2 3
3 2 41
18 1 17
41 1 21
11 1 41
44 1 9
15 2 22
15 2 20
30 1 20
34 2 4
40 1 2
26 1 19
21 1 4
20 2 22
3 2 28
45 2 44
29 2 5
1 2 28
19 1 1
21 1 1
1 5 3
3 2 30
11 1 10
28 1 26
14 1 13
25 1 17
14 1 3
11 1 13
44 1 10
3 2 4
1 2 5
4 2 3
22 2 56
57 1 19
1 2 33
97 1 57
45 1 3
13 2 1
3 2 43
16 2 17
33 1 26
43 1 19
44 1 8
30 1 15
5 2 29
3 2 33
52 1 19
23 1 56
1 1 3
56 1 21
2 2 6
40 1 6
30 1 45
15 2 12
43 1 21
28 1 27
3 2 25
12 1 11
3 2 18
76 1 21
25 2 30
45 1 9
51 2 72
33 1 27
110 1 51
72 1 19
5 2 34
17 1 11
52 1 21
22 1 21
30 1 44
19 1 5
14 1 43
19 1 3
23 1 20
3 2 5
1 4 3
10 2 3
4 2 34
56 6 44
97 1 52
34 1 3
27 1 21
21 1 97
29 2 4
1 1 4
29 1 3
48 2 52
4 2 29
14 1 10
1 2 4
30 1 22
110 1 76
8 2 10
20 1 21
13 1 1
14 1 1
22 2 20
34 1 33
13 1 3
19 1 110
15 1 14
27 2 26
23 1 22
1 2 41
9 2 8
48 1 21
22 1 19
3 4 1
3 1 4
19 1 4
26 1 21
39 1 3
10 1 1
12 2 15
44 1 13
29 1 28
51 1 21
16 1 14
44 1 3
19 1 97
20 2 56
39 1 30
8 2 13
5 2 3
39 1 8
45 1 8
41 1 19
48 1 19
21 1 34
19 1 34
27 1 19
18 2 23
5 2 1
30 1 12
19 1 29
1 2 43
58 6 45
3 1 5
57 1 21
? 1 github_java_program_data/29/312.java

3 2 25
26 2 27
63 1 3
3 1 1
1 2 33
30 1 24
1 2 25
30 1 20
12 2 54
20 1 19
30 1 58
40 1 39
1 1 33
21 1 5
7 1 3
30 1 45
1 1 5
21 1 3
25 1 16
40 1 7
19 1 42
18 2 30
56 1 19
26 1 5
11 1 9
45 1 30
4 2 42
30 1 22
16 1 11
24 1 8
18 1 16
31 1 1
5 2 3
24 1 23
1 2 42
58 6 44
4 2 1
17 1 14
12 1 14
73 2 20
21 1 29
58 1 21
23 1 12
66 1 1
19 1 1
11 1 1
44 2 45
19 1 32
29 1 1
17 1 11
60 1 21
11 1 3
13 2 3
21 1 42
1 7 3
1 1 3
41 1 21
7 2 39
11 1 41
56 6 45
39 1 1
15 2 20
34 1 1
54 1 30
40 1 2
26 1 19
21 1 4
20 2 22
31 1 18
3 2 28
42 2 5
25 2 30
29 2 5
3 1 28
50 1 61
1 2 28
1 2 32
21 1 1
51 2 61
1 5 3
45 1 23
11 1 10
28 1 26
9 2 13
25 2 23
14 1 13
25 1 17
14 1 3
6 1 3
11 1 13
43 1 11
3 2 4
1 2 5
64 2 30
4 2 3
44 1 8
3 5 1
44 1 65
16 1 14
45 1 3
8 2 10
30 1 31
16 2 17
54 1 50
43 1 19
1 2 18
30 1 15
5 2 29
9 2 1
3 2 33
53 1 51
23 1 56
34 1 28
56 1 21
3 2 41
14 1 41
2 2 6
58 6 45
40 1 6
45 1 66
21 1 32
61 1 21
15 2 12
5 2 42
53 1 48
1 1 18
10 1 3
28 1 27
45 1 13
29 1 33
12 1 11
4 2 34
3 2 18
22 2 73
17 2 16
45 1 9
31 2 44
33 1 27
26 1 3
10 2 3
50 1 43
64 1 63
48 2 72
32 2 5
62 1 19
30 1 53
33 1 26
52 1 23
1 1 28
45 1 1
30 1 73
23 1 73
30 1 44
19 1 5
14 1 43
19 1 3
23 1 20
45 1 10
50 1 51
3 2 5
1 4 3
44 1 1
14 1 8
22 1 21
10 2 1
56 6 44
34 1 3
27 1 21
15 1 14
29 2 4
1 1 4
29 1 3
8 2 1
18 1 17
4 2 29
14 1 10
1 2 4
26 1 1
30 1 62
12 2 24
23 1 60
30 1 56
13 2 1
20 1 21
66 2 9
43 2 51
44 1 25
31 1 30
13 1 1
14 1 1
3 7 1
53 2 22
3 1 33
22 2 20
34 1 33
65 1 3
13 1 3
24 1 25
27 2 26
54 2 56
23 1 58
23 1 22
1 2 41
5 2 1
48 1 21
24 1 1
22 1 19
72 1 23
1 2 64
3 4 1
3 1 4
50 2 30
26 1 32
19 1 4
26 1 21
45 2 44
27 1 3
31 1 9
10 1 1
51 1 19
9 2 10
18 2 23
44 1 30
23 1 54
5 2 32
12 2 15
44 1 13
29 1 28
6 2 7
24 2 31
51 1 21
2 1 3
44 1 3
39 1 64
44 1 10
45 1 18
73 1 48
48 2 52
39 1 30
73 2 22
22 2 53
8 2 13
72 1 30
39 1 8
41 1 19
48 1 19
21 1 34
23 1 71
19 1 34
27 1 19
53 1 52
27 1 1
16 1 3
30 1 12
19 1 29
26 1 42
51 2 52
1 2 43
65 2 8
73 1 72
3 1 5
44 1 23
? 1 github_java_program_data/29/328.java

26 2 27
3 1 1
72 2 76
45 1 25
34 1 1
44 1 18
20 1 19
30 1 58
40 1 39
23 1 15
21 1 5
12 2 20
1 1 5
21 1 3
25 1 16
52 2 57
97 1 48
56 1 19
110 1 72
45 1 30
45 1 13
16 1 11
18 1 16
8 2 3
4 2 1
17 1 14
20 2 58
44 1 23
21 1 29
58 1 21
23 1 12
6 1 1
11 1 1
44 2 45
19 1 32
29 1 1
2 1 1
6 2 39
11 1 3
13 2 3
3 2 41
18 1 17
41 1 21
11 1 41
44 1 9
15 2 22
15 2 20
30 1 20
34 2 4
40 1 2
26 1 19
21 1 4
20 2 22
3 2 28
45 2 44
29 2 5
1 2 28
19 1 1
21 1 1
1 5 3
3 2 30
11 1 10
28 1 26
14 1 13
25 1 17
14 1 3
11 1 13
44 1 10
3 2 4
1 2 5
4 2 3
22 2 56
57 1 19
1 2 33
97 1 57
45 1 3
13 2 1
3 2 43
16 2 17
33 1 26
43 1 19
44 1 8
30 1 15
5 2 29
3 2 33
52 1 19
23 1 56
1 1 3
56 1 21
2 2 6
40 1 6
30 1 45
15 2 12
43 1 21
28 1 27
3 2 25
12 1 11
3 2 18
76 1 21
25 2 30
45 1 9
51 2 72
33 1 27
110 1 51
72 1 19
5 2 34
17 1 11
52 1 21
22 1 21
30 1 44
19 1 5
14 1 43
19 1 3
23 1 20
3 2 5
1 4 3
10 2 3
4 2 34
56 6 44
97 1 52
34 1 3
27 1 21
21 1 97
29 2 4
1 1 4
29 1 3
48 2 52
4 2 29
14 1 10
1 2 4
30 1 22
110 1 76
8 2 10
20 1 21
13 1 1
14 1 1
22 2 20
34 1 33
13 1 3
19 1 110
15 1 14
27 2 26
23 1 22
1 2 41
9 2 8
48 1 21
22 1 19
3 4 1
3 1 4
19 1 4
26 1 21
39 1 3
10 1 1
12 2 15
44 1 13
29 1 28
51 1 21
16 1 14
44 1 3
19 1 97
20 2 56
39 1 30
8 2 13
5 2 3
39 1 8
45 1 8
41 1 19
48 1 19
21 1 34
19 1 34
27 1 19
18 2 23
5 2 1
30 1 12
19 1 29
1 2 43
58 6 45
3 1 5
57 1 21
? 1 github_java_program_data/29/333.java

16 1 11
63 1 3
3 1 1
3 2 37
1 2 33
51 2 61
3 2 38
45 1 25
34 1 1
44 1 18
53 2 70
7 2 6
41 1 11
30 1 58
40 1 39
1 1 33
23 1 15
49 1 21
53 2 15
22 2 71
21 1 5
7 1 3
1 1 5
21 1 3
25 1 16
40 1 7
1 2 49
19 1 42
18 2 30
9 2 13
56 1 19
11 1 9
45 1 30
4 2 42
30 1 22
20 1 21
24 1 8
18 1 16
31 1 1
5 2 3
24 1 23
8 2 3
58 6 44
23 2 83
60 1 19
17 1 14
12 1 14
23 1 31
73 2 20
30 1 60
21 1 29
30 1 54
31 1 3
23 1 12
6 1 1
11 1 1
18 2 23
54 2 58
44 2 45
19 1 32
73 2 12
29 1 1
41 2 48
15 2 73
32 2 5
6 2 39
60 1 21
11 1 3
13 2 3
21 1 42
1 7 3
1 1 3
41 1 21
4 2 29
11 1 41
1 2 25
39 1 1
37 1 21
30 1 20
54 1 30
1 2 38
40 1 2
26 1 19
21 1 4
11 1 49
84 1 83
20 2 22
53 2 20
31 1 18
39 1 23
42 2 5
25 2 30
54 1 23
6 2 7
20 1 19
1 2 28
1 2 37
21 1 1
62 1 21
1 5 3
45 1 23
11 1 10
28 1 26
23 1 24
3 2 28
14 1 13
25 1 17
14 1 3
6 1 3
53 2 12
11 1 13
3 2 4
4 2 3
15 1 11
32 2 4
50 1 75
43 1 21
11 1 43
3 5 1
31 2 24
16 1 14
30 1 73
8 2 10
83 1 30
70 1 30
73 2 53
33 1 26
1 2 23
43 1 19
44 1 8
3 2 41
5 2 29
84 1 23
3 2 33
53 1 51
23 1 56
34 1 28
56 1 21
12 2 54
14 1 41
2 2 6
58 6 45
69 2 30
73 1 48
3 2 25
50 1 41
21 1 32
15 2 12
5 2 42
23 1 53
53 1 48
1 1 18
10 1 3
41 2 51
28 1 27
45 1 13
73 1 51
29 1 33
12 1 11
4 2 34
15 2 84
42 2 4
3 2 18
4 2 5
83 1 25
17 2 16
75 1 19
45 1 9
51 2 72
45 1 3
29 2 5
84 2 56
56 6 45
10 2 3
31 2 44
61 1 21
5 2 34
10 1 1
48 2 72
1 1 37
15 2 22
62 1 19
30 1 53
54 1 50
52 1 23
9 2 1
45 1 1
73 2 15
23 1 73
24 2 31
24 1 25
19 1 5
14 1 43
19 1 3
23 1 20
45 1 10
50 1 51
3 2 5
1 4 3
44 1 1
14 1 8
22 1 21
10 2 1
56 6 44
48 2 75
34 1 3
27 1 21
15 1 14
24 1 3
1 1 4
29 1 3
8 2 1
23 1 62
18 1 17
41 1 19
14 1 10
23 1 84
1 2 4
15 2 53
30 1 62
12 2 24
1 2 63
23 1 60
30 1 56
13 2 1
30 1 15
44 1 25
31 1 30
13 1 1
12 2 73
14 1 1
4 2 32
3 7 1
1 1 38
23 1 70
3 2 43
22 2 20
34 1 33
25 2 23
13 1 3
73 2 22
3 1 38
27 2 26
9 2 3
23 1 58
23 1 22
50 2 23
58 1 19
5 2 1
48 1 21
22 1 19
1 2 18
23 1 45
3 4 1
50 1 48
3 1 4
50 2 30
23 1 44
48 2 52
19 1 4
26 1 21
45 2 44
31 1 9
38 1 19
19 1 1
51 1 19
9 2 10
12 2 15
44 1 30
1 2 41
23 1 54
4 2 1
5 2 32
44 1 13
34 2 5
29 1 28
27 1 63
3 1 37
51 1 21
2 1 3
44 1 3
44 1 10
45 1 18
41 1 14
70 1 69
40 1 6
33 1 27
5 2 4
8 2 13
72 1 30
37 1 19
39 1 8
20 2 54
69 1 41
48 1 19
21 1 34
23 1 71
19 1 34
27 1 19
53 1 52
38 1 21
27 1 1
16 1 3
30 1 12
19 1 29
53 2 73
50 1 61
51 2 52
1 2 5
1 2 43
73 1 72
3 1 5
44 1 23
? 1 github_java_program_data/29/347.java

4 2 34
10 1 3
28 1 27
29 1 33
45 1 1
9 2 8
3 2 18
4 2 5
45 1 25
44 1 18
18 2 30
25 2 30
30 1 58
45 1 9
40 1 39
1 2 23
21 1 5
7 1 3
1 1 5
21 1 3
25 1 16
17 2 16
26 1 21
33 1 26
56 1 19
8 2 1
45 1 30
44 1 9
18 1 16
19 1 5
27 1 3
23 1 30
17 1 14
45 1 10
3 2 5
1 4 3
44 1 1
3 1 1
8 2 13
21 1 29
10 2 1
40 1 2
56 6 44
58 1 21
34 1 3
27 1 21
1 2 28
29 2 4
6 1 1
1 1 4
29 1 3
34 1 33
18 1 17
4 2 29
14 1 10
1 2 4
26 1 1
39 1 23
2 1 1
30 1 56
13 2 1
13 2 3
16 1 11
1 1 3
11 1 1
7 2 39
19 1 34
1 2 18
13 1 1
14 1 1
39 1 1
44 2 45
1 2 25
27 1 19
26 1 19
21 1 4
25 2 23
13 1 3
27 2 26
23 1 44
3 2 28
45 2 44
23 1 45
3 1 28
58 6 45
3 5 1
3 1 4
21 1 1
19 1 4
45 1 23
11 1 10
28 1 26
19 1 1
14 1 13
25 1 17
44 1 30
11 1 13
44 1 13
29 1 28
4 2 3
44 1 8
44 1 10
8 2 10
5 2 4
33 1 27
58 1 19
44 1 3
39 1 8
45 1 8
3 2 33
34 2 5
21 1 34
40 1 7
23 1 56
18 2 23
5 2 1
56 1 21
5 2 29
19 1 29
2 2 6
6 2 7
40 1 6
3 1 5
44 1 23
? 1 github_java_program_data/29/35.java

4 2 34
10 1 3
28 1 27
29 1 33
45 1 1
9 2 8
3 2 18
4 2 5
45 1 25
44 1 18
18 2 30
25 2 30
30 1 58
45 1 9
40 1 39
1 2 23
21 1 5
7 1 3
1 1 5
21 1 3
25 1 16
17 2 16
26 1 21
33 1 26
56 1 19
8 2 1
45 1 30
44 1 9
18 1 16
19 1 5
27 1 3
23 1 30
17 1 14
45 1 10
3 2 5
1 4 3
44 1 1
3 1 1
8 2 13
21 1 29
10 2 1
40 1 2
56 6 44
58 1 21
34 1 3
27 1 21
1 2 28
29 2 4
6 1 1
1 1 4
29 1 3
34 1 33
18 1 17
4 2 29
14 1 10
1 2 4
26 1 1
39 1 23
2 1 1
30 1 56
13 2 1
13 2 3
16 1 11
1 1 3
11 1 1
7 2 39
19 1 34
1 2 18
13 1 1
14 1 1
39 1 1
44 2 45
1 2 25
27 1 19
26 1 19
21 1 4
25 2 23
13 1 3
27 2 26
23 1 44
3 2 28
45 2 44
23 1 45
3 1 28
58 6 45
3 5 1
3 1 4
21 1 1
19 1 4
45 1 23
11 1 10
28 1 26
19 1 1
14 1 13
25 1 17
44 1 30
11 1 13
44 1 13
29 1 28
4 2 3
44 1 8
44 1 10
8 2 10
5 2 4
33 1 27
58 1 19
44 1 3
39 1 8
45 1 8
3 2 33
34 2 5
21 1 34
40 1 7
23 1 56
18 2 23
5 2 1
56 1 21
5 2 29
19 1 29
2 2 6
6 2 7
40 1 6
3 1 5
44 1 23
? 1 github_java_program_data/29/350.java

4 2 34
10 1 3
28 1 27
29 1 33
45 1 1
9 2 8
3 2 18
4 2 5
45 1 25
44 1 18
18 2 30
25 2 30
30 1 58
45 1 9
40 1 39
1 2 23
21 1 5
7 1 3
1 1 5
21 1 3
25 1 16
17 2 16
26 1 21
33 1 26
56 1 19
8 2 1
45 1 30
44 1 9
18 1 16
19 1 5
27 1 3
23 1 30
17 1 14
45 1 10
3 2 5
1 4 3
44 1 1
3 1 1
8 2 13
21 1 29
10 2 1
40 1 2
56 6 44
58 1 21
34 1 3
27 1 21
1 2 28
29 2 4
6 1 1
1 1 4
29 1 3
34 1 33
18 1 17
4 2 29
14 1 10
1 2 4
26 1 1
39 1 23
2 1 1
30 1 56
13 2 1
13 2 3
16 1 11
1 1 3
11 1 1
7 2 39
19 1 34
1 2 18
13 1 1
14 1 1
39 1 1
44 2 45
1 2 25
27 1 19
26 1 19
21 1 4
25 2 23
13 1 3
27 2 26
23 1 44
3 2 28
45 2 44
23 1 45
3 1 28
58 6 45
3 5 1
3 1 4
21 1 1
19 1 4
45 1 23
11 1 10
28 1 26
19 1 1
14 1 13
25 1 17
44 1 30
11 1 13
44 1 13
29 1 28
4 2 3
44 1 8
44 1 10
8 2 10
5 2 4
33 1 27
58 1 19
44 1 3
39 1 8
45 1 8
3 2 33
34 2 5
21 1 34
40 1 7
23 1 56
18 2 23
5 2 1
56 1 21
5 2 29
19 1 29
2 2 6
6 2 7
40 1 6
3 1 5
44 1 23
? 1 github_java_program_data/29/371.java

26 2 27
3 1 1
72 2 76
45 1 25
34 1 1
44 1 18
20 1 19
30 1 58
40 1 39
23 1 15
21 1 5
12 2 20
1 1 5
21 1 3
25 1 16
52 2 57
97 1 48
56 1 19
110 1 72
45 1 30
45 1 13
16 1 11
18 1 16
8 2 3
4 2 1
17 1 14
20 2 58
44 1 23
21 1 29
58 1 21
23 1 12
6 1 1
11 1 1
44 2 45
19 1 32
29 1 1
2 1 1
6 2 39
11 1 3
13 2 3
3 2 41
18 1 17
41 1 21
11 1 41
44 1 9
15 2 22
15 2 20
30 1 20
34 2 4
40 1 2
26 1 19
21 1 4
20 2 22
3 2 28
45 2 44
29 2 5
1 2 28
19 1 1
21 1 1
1 5 3
3 2 30
11 1 10
28 1 26
14 1 13
25 1 17
14 1 3
11 1 13
44 1 10
3 2 4
1 2 5
4 2 3
22 2 56
57 1 19
1 2 33
97 1 57
45 1 3
13 2 1
3 2 43
16 2 17
33 1 26
43 1 19
44 1 8
30 1 15
5 2 29
3 2 33
52 1 19
23 1 56
1 1 3
56 1 21
2 2 6
40 1 6
30 1 45
15 2 12
43 1 21
28 1 27
3 2 25
12 1 11
3 2 18
76 1 21
25 2 30
45 1 9
51 2 72
33 1 27
110 1 51
72 1 19
5 2 34
17 1 11
52 1 21
22 1 21
30 1 44
19 1 5
14 1 43
19 1 3
23 1 20
3 2 5
1 4 3
10 2 3
4 2 34
56 6 44
97 1 52
34 1 3
27 1 21
21 1 97
29 2 4
1 1 4
29 1 3
48 2 52
4 2 29
14 1 10
1 2 4
30 1 22
110 1 76
8 2 10
20 1 21
13 1 1
14 1 1
22 2 20
34 1 33
13 1 3
19 1 110
15 1 14
27 2 26
23 1 22
1 2 41
9 2 8
48 1 21
22 1 19
3 4 1
3 1 4
19 1 4
26 1 21
39 1 3
10 1 1
12 2 15
44 1 13
29 1 28
51 1 21
16 1 14
44 1 3
19 1 97
20 2 56
39 1 30
8 2 13
5 2 3
39 1 8
45 1 8
41 1 19
48 1 19
21 1 34
19 1 34
27 1 19
18 2 23
5 2 1
30 1 12
19 1 29
1 2 43
58 6 45
3 1 5
57 1 21
? 1 github_java_program_data/29/375.java

44 1 66
88 1 27
26 2 27
63 1 3
3 1 1
3 2 37
1 2 33
45 1 88
51 2 61
3 2 38
22 2 12
45 1 25
30 1 20
44 1 18
7 2 6
20 1 19
30 1 58
40 1 39
23 1 15
75 1 21
21 1 5
7 1 3
12 2 20
1 1 5
45 1 1
25 1 16
40 1 7
19 1 42
69 1 43
25 2 88
56 1 19
45 1 30
4 2 42
30 1 22
16 1 11
24 1 8
73 1 72
31 1 1
5 2 3
24 1 23
8 2 3
22 2 70
15 2 70
60 1 19
17 1 14
12 1 14
23 1 31
15 2 54
21 1 32
12 2 22
30 1 60
21 1 29
30 1 54
58 1 21
23 1 12
18 2 30
66 1 1
10 1 1
11 1 1
18 2 23
54 2 58
66 2 8
44 2 45
19 1 32
73 2 12
30 1 70
29 1 1
41 2 48
15 2 73
32 2 5
9 2 10
17 1 11
60 1 21
11 1 3
39 1 9
21 1 42
1 7 3
1 1 3
13 1 9
4 2 29
11 1 41
1 2 25
56 6 45
39 1 1
15 2 20
11 1 8
34 1 1
54 1 30
1 2 38
40 1 2
26 1 19
21 1 4
58 6 44
87 1 27
20 2 22
13 1 8
70 2 56
69 1 48
39 1 23
42 2 5
25 2 30
69 1 75
54 1 23
6 2 7
66 1 3
50 1 61
1 2 28
21 1 1
62 1 21
1 5 3
45 1 23
44 1 9
28 1 26
23 1 24
3 2 28
25 2 23
14 1 13
25 1 17
14 1 3
6 1 3
13 2 3
11 1 13
43 1 11
3 2 4
4 2 3
6 2 39
15 1 11
51 1 21
44 1 8
11 1 43
3 5 1
21 1 3
45 1 3
13 2 1
5 2 4
70 1 30
16 2 17
33 1 26
43 1 19
52 1 30
20 2 70
3 2 41
5 2 29
9 2 1
3 2 33
53 1 51
23 1 56
65 2 9
18 2 87
1 2 37
56 1 21
22 2 15
12 2 54
14 1 41
41 1 21
43 1 21
69 2 30
41 1 14
45 1 66
50 1 41
45 1 65
61 1 21
15 2 12
4 2 1
5 2 42
23 1 53
53 1 48
39 1 66
10 1 3
41 2 51
28 1 27
45 1 13
73 1 51
12 1 11
15 2 24
4 2 34
65 1 1
3 2 18
4 2 5
18 1 16
17 2 16
69 1 51
75 1 19
51 2 72
29 2 5
44 1 87
43 2 51
10 2 3
31 2 44
50 1 43
64 1 63
5 2 34
32 2 4
48 2 72
69 2 23
1 1 37
14 1 9
9 2 13
30 1 53
54 1 50
43 2 48
22 1 21
72 1 30
37 1 21
73 2 15
30 1 73
23 1 73
24 2 31
3 1 38
19 1 5
14 1 43
19 1 3
23 1 20
45 1 10
50 1 51
3 2 5
1 4 3
44 1 1
48 2 52
45 2 44
54 2 73
42 2 4
10 2 1
56 6 44
48 2 75
24 1 18
34 1 3
27 1 21
15 1 14
24 1 3
1 1 4
29 1 3
23 1 62
18 1 17
41 1 19
14 1 10
1 2 4
15 2 53
30 1 62
39 1 65
3 7 1
23 1 60
8 2 10
30 1 15
72 2 57
8 2 9
64 2 23
51 2 75
31 1 30
13 1 1
12 2 73
14 1 1
4 2 32
1 1 38
23 1 70
3 2 43
34 1 33
65 1 3
13 1 3
27 2 26
9 2 3
23 1 58
23 1 22
50 2 23
58 1 19
11 1 10
48 1 21
3 2 25
22 1 19
1 2 18
23 1 45
72 1 23
20 1 21
3 4 1
50 1 48
3 1 4
50 2 30
23 1 44
19 1 4
26 1 21
70 1 23
19 1 29
38 1 19
19 1 1
51 1 19
48 2 61
57 1 23
44 1 30
1 2 41
23 1 54
73 1 57
5 2 32
12 2 15
44 1 13
34 2 5
29 1 28
53 2 12
3 1 37
31 1 25
2 1 3
44 1 3
39 1 64
44 1 10
87 2 30
73 1 48
70 1 69
40 1 6
33 1 27
2 2 6
8 2 13
44 1 65
37 1 19
65 2 66
39 1 8
45 1 8
20 2 54
69 1 41
48 1 19
21 1 34
66 2 9
19 1 34
88 2 30
27 1 19
53 1 52
38 1 21
5 2 1
30 1 12
31 1 9
53 2 73
1 2 64
51 2 52
1 2 5
1 2 43
65 2 8
58 6 45
3 1 5
44 1 23
? 1 github_java_program_data/29/383.java

26 2 27
3 1 1
72 2 76
45 1 25
34 1 1
44 1 18
20 1 19
30 1 58
40 1 39
23 1 15
21 1 5
12 2 20
1 1 5
21 1 3
25 1 16
52 2 57
97 1 48
56 1 19
110 1 72
45 1 30
45 1 13
16 1 11
18 1 16
8 2 3
4 2 1
17 1 14
20 2 58
44 1 23
21 1 29
58 1 21
23 1 12
6 1 1
11 1 1
44 2 45
19 1 32
29 1 1
2 1 1
6 2 39
11 1 3
13 2 3
3 2 41
18 1 17
41 1 21
11 1 41
44 1 9
15 2 22
15 2 20
30 1 20
34 2 4
40 1 2
26 1 19
21 1 4
20 2 22
3 2 28
45 2 44
29 2 5
1 2 28
19 1 1
21 1 1
1 5 3
3 2 30
11 1 10
28 1 26
14 1 13
25 1 17
14 1 3
11 1 13
44 1 10
3 2 4
1 2 5
4 2 3
22 2 56
57 1 19
1 2 33
97 1 57
45 1 3
13 2 1
3 2 43
16 2 17
33 1 26
43 1 19
44 1 8
30 1 15
5 2 29
3 2 33
52 1 19
23 1 56
1 1 3
56 1 21
2 2 6
40 1 6
30 1 45
15 2 12
43 1 21
28 1 27
3 2 25
12 1 11
3 2 18
76 1 21
25 2 30
45 1 9
51 2 72
33 1 27
110 1 51
72 1 19
5 2 34
17 1 11
52 1 21
22 1 21
30 1 44
19 1 5
14 1 43
19 1 3
23 1 20
3 2 5
1 4 3
10 2 3
4 2 34
56 6 44
97 1 52
34 1 3
27 1 21
21 1 97
29 2 4
1 1 4
29 1 3
48 2 52
4 2 29
14 1 10
1 2 4
30 1 22
110 1 76
8 2 10
20 1 21
13 1 1
14 1 1
22 2 20
34 1 33
13 1 3
19 1 110
15 1 14
27 2 26
23 1 22
1 2 41
9 2 8
48 1 21
22 1 19
3 4 1
3 1 4
19 1 4
26 1 21
39 1 3
10 1 1
12 2 15
44 1 13
29 1 28
51 1 21
16 1 14
44 1 3
19 1 97
20 2 56
39 1 30
8 2 13
5 2 3
39 1 8
45 1 8
41 1 19
48 1 19
21 1 34
19 1 34
27 1 19
18 2 23
5 2 1
30 1 12
19 1 29
1 2 43
58 6 45
3 1 5
57 1 21
? 1 github_java_program_data/29/39.java

26 2 27
3 1 1
72 2 76
45 1 25
34 1 1
44 1 18
20 1 19
30 1 58
40 1 39
23 1 15
21 1 5
12 2 20
1 1 5
21 1 3
25 1 16
52 2 57
97 1 48
56 1 19
110 1 72
45 1 30
45 1 13
16 1 11
18 1 16
8 2 3
4 2 1
17 1 14
20 2 58
44 1 23
21 1 29
58 1 21
23 1 12
6 1 1
11 1 1
44 2 45
19 1 32
29 1 1
2 1 1
6 2 39
11 1 3
13 2 3
3 2 41
18 1 17
41 1 21
11 1 41
44 1 9
15 2 22
15 2 20
30 1 20
34 2 4
40 1 2
26 1 19
21 1 4
20 2 22
3 2 28
45 2 44
29 2 5
1 2 28
19 1 1
21 1 1
1 5 3
3 2 30
11 1 10
28 1 26
14 1 13
25 1 17
14 1 3
11 1 13
44 1 10
3 2 4
1 2 5
4 2 3
22 2 56
57 1 19
1 2 33
97 1 57
45 1 3
13 2 1
3 2 43
16 2 17
33 1 26
43 1 19
44 1 8
30 1 15
5 2 29
3 2 33
52 1 19
23 1 56
1 1 3
56 1 21
2 2 6
40 1 6
30 1 45
15 2 12
43 1 21
28 1 27
3 2 25
12 1 11
3 2 18
76 1 21
25 2 30
45 1 9
51 2 72
33 1 27
110 1 51
72 1 19
5 2 34
17 1 11
52 1 21
22 1 21
30 1 44
19 1 5
14 1 43
19 1 3
23 1 20
3 2 5
1 4 3
10 2 3
4 2 34
56 6 44
97 1 52
34 1 3
27 1 21
21 1 97
29 2 4
1 1 4
29 1 3
48 2 52
4 2 29
14 1 10
1 2 4
30 1 22
110 1 76
8 2 10
20 1 21
13 1 1
14 1 1
22 2 20
34 1 33
13 1 3
19 1 110
15 1 14
27 2 26
23 1 22
1 2 41
9 2 8
48 1 21
22 1 19
3 4 1
3 1 4
19 1 4
26 1 21
39 1 3
10 1 1
12 2 15
44 1 13
29 1 28
51 1 21
16 1 14
44 1 3
19 1 97
20 2 56
39 1 30
8 2 13
5 2 3
39 1 8
45 1 8
41 1 19
48 1 19
21 1 34
19 1 34
27 1 19
18 2 23
5 2 1
30 1 12
19 1 29
1 2 43
58 6 45
3 1 5
57 1 21
? 1 github_java_program_data/29/396.java

4 2 34
10 1 3
28 1 27
29 1 33
45 1 1
9 2 8
3 2 18
4 2 5
45 1 25
44 1 18
18 2 30
25 2 30
30 1 58
45 1 9
40 1 39
1 2 23
21 1 5
7 1 3
1 1 5
21 1 3
25 1 16
17 2 16
26 1 21
33 1 26
56 1 19
8 2 1
45 1 30
44 1 9
18 1 16
19 1 5
27 1 3
23 1 30
17 1 14
45 1 10
3 2 5
1 4 3
44 1 1
3 1 1
8 2 13
21 1 29
10 2 1
40 1 2
56 6 44
58 1 21
34 1 3
27 1 21
1 2 28
29 2 4
6 1 1
1 1 4
29 1 3
34 1 33
18 1 17
4 2 29
14 1 10
1 2 4
26 1 1
39 1 23
2 1 1
30 1 56
13 2 1
13 2 3
16 1 11
1 1 3
11 1 1
7 2 39
19 1 34
1 2 18
13 1 1
14 1 1
39 1 1
44 2 45
1 2 25
27 1 19
26 1 19
21 1 4
25 2 23
13 1 3
27 2 26
23 1 44
3 2 28
45 2 44
23 1 45
3 1 28
58 6 45
3 5 1
3 1 4
21 1 1
19 1 4
45 1 23
11 1 10
28 1 26
19 1 1
14 1 13
25 1 17
44 1 30
11 1 13
44 1 13
29 1 28
4 2 3
44 1 8
44 1 10
8 2 10
5 2 4
33 1 27
58 1 19
44 1 3
39 1 8
45 1 8
3 2 33
34 2 5
21 1 34
40 1 7
23 1 56
18 2 23
5 2 1
56 1 21
5 2 29
19 1 29
2 2 6
6 2 7
40 1 6
3 1 5
44 1 23
? 1 github_java_program_data/29/413.java

3 4 1
16 1 11
49 1 21
3 1 1
1 2 33
30 1 24
51 2 61
3 2 38
45 1 25
30 1 20
44 1 18
7 2 6
41 1 11
30 1 58
15 2 12
40 1 39
1 1 5
1 1 33
23 1 15
53 2 15
21 1 5
7 1 3
30 1 45
30 1 70
21 1 3
25 1 16
40 1 7
19 1 42
69 1 43
56 1 19
117 1 43
11 1 9
48 2 61
30 1 22
20 1 21
51 2 75
18 1 16
5 2 3
8 2 3
22 2 70
15 2 70
4 2 1
17 1 14
12 1 14
3 2 64
15 2 54
12 2 22
3 2 37
21 1 29
30 1 54
58 1 21
23 1 12
18 2 30
6 1 1
11 1 1
48 1 19
117 1 23
19 1 32
29 1 1
41 2 48
15 2 73
17 1 11
11 1 3
13 2 3
21 1 42
1 7 3
1 1 3
41 1 21
54 1 50
7 2 39
11 1 41
1 2 25
3 2 49
15 2 22
44 2 45
37 1 21
34 1 1
23 1 54
40 1 2
26 1 19
21 1 4
11 1 49
58 6 44
20 2 22
26 2 27
3 2 28
45 2 44
69 1 75
54 1 23
3 1 28
20 1 19
1 2 28
44 1 13
56 6 45
21 1 1
31 1 3
22 2 56
45 1 23
1 2 37
44 1 9
28 1 26
25 2 23
14 1 13
25 1 17
14 1 3
6 1 3
11 1 13
43 1 11
3 2 4
4 2 3
64 2 30
15 1 11
22 2 54
31 1 25
43 1 21
11 1 43
3 5 1
16 1 14
30 1 73
52 1 23
5 2 4
30 1 31
50 1 75
30 1 117
16 2 17
33 1 26
43 1 19
44 1 3
3 2 41
5 2 29
9 2 1
3 2 33
53 1 51
23 1 56
34 1 28
56 1 21
14 1 41
15 2 24
44 1 1
58 6 45
10 1 8
40 1 6
3 2 25
50 1 41
21 1 32
69 1 61
5 2 42
23 1 53
53 1 48
10 1 3
24 1 9
28 1 27
45 1 13
73 1 51
29 1 33
43 2 30
12 1 11
4 2 34
42 2 4
3 2 18
4 2 5
10 1 9
25 2 30
69 1 51
75 1 19
51 2 72
45 1 3
29 2 5
39 1 30
26 1 3
10 2 3
31 2 44
50 1 43
61 1 21
5 2 34
10 1 1
48 2 72
1 1 37
14 1 9
9 2 13
30 1 53
58 1 19
70 2 53
22 1 21
8 2 10
1 1 28
45 1 1
34 2 4
73 2 15
116 1 43
23 1 73
24 2 31
3 1 38
43 2 48
19 1 5
14 1 43
19 1 3
23 1 20
45 1 10
1 2 38
3 2 5
1 4 3
77 1 1
14 1 8
22 2 15
69 2 23
10 2 1
56 6 44
48 2 75
24 1 18
34 1 3
27 1 21
15 1 14
29 2 4
43 1 14
24 1 3
1 1 4
29 1 3
12 2 53
4 2 42
18 1 17
4 2 29
14 1 10
23 1 116
1 2 4
26 1 1
34 2 5
54 2 56
3 7 1
1 5 3
13 2 1
30 1 15
43 2 51
43 2 23
31 1 30
13 1 1
12 2 73
14 1 1
4 2 32
1 1 38
23 1 70
3 1 33
22 2 20
34 1 33
116 1 30
13 1 3
7 1 1
30 1 44
27 2 26
9 2 3
23 1 58
23 1 22
50 2 23
54 2 22
11 1 10
48 1 21
22 1 19
1 2 18
72 1 23
32 2 4
53 2 58
50 1 48
3 1 4
50 2 30
48 2 52
19 1 4
26 1 21
24 1 30
70 1 23
27 1 3
39 1 3
38 1 19
19 1 1
53 2 22
51 1 19
9 2 10
18 2 23
44 1 30
1 2 41
54 1 30
5 2 32
5 2 1
70 2 22
64 1 77
29 1 28
6 2 7
3 1 37
51 1 21
2 1 3
52 1 30
39 1 64
44 1 10
73 1 48
70 1 69
31 1 8
33 1 27
2 2 6
8 2 13
72 1 30
37 1 19
39 1 8
12 2 15
45 1 8
3 2 43
41 1 19
11 1 8
21 1 34
19 1 34
27 1 19
53 1 52
38 1 21
27 1 1
30 1 12
19 1 29
61 1 19
50 1 61
51 2 52
1 2 5
1 2 43
73 1 72
3 1 5
44 1 23
? 1 github_java_program_data/29/415.java

26 2 27
3 1 1
72 2 76
45 1 25
34 1 1
44 1 18
20 1 19
30 1 58
40 1 39
23 1 15
21 1 5
12 2 20
1 1 5
21 1 3
25 1 16
52 2 57
97 1 48
56 1 19
110 1 72
45 1 30
45 1 13
16 1 11
18 1 16
8 2 3
4 2 1
17 1 14
20 2 58
44 1 23
21 1 29
58 1 21
23 1 12
6 1 1
11 1 1
44 2 45
19 1 32
29 1 1
2 1 1
6 2 39
11 1 3
13 2 3
3 2 41
18 1 17
41 1 21
11 1 41
44 1 9
15 2 22
15 2 20
30 1 20
34 2 4
40 1 2
26 1 19
21 1 4
20 2 22
3 2 28
45 2 44
29 2 5
1 2 28
19 1 1
21 1 1
1 5 3
3 2 30
11 1 10
28 1 26
14 1 13
25 1 17
14 1 3
11 1 13
44 1 10
3 2 4
1 2 5
4 2 3
22 2 56
57 1 19
1 2 33
97 1 57
45 1 3
13 2 1
3 2 43
16 2 17
33 1 26
43 1 19
44 1 8
30 1 15
5 2 29
3 2 33
52 1 19
23 1 56
1 1 3
56 1 21
2 2 6
40 1 6
30 1 45
15 2 12
43 1 21
28 1 27
3 2 25
12 1 11
3 2 18
76 1 21
25 2 30
45 1 9
51 2 72
33 1 27
110 1 51
72 1 19
5 2 34
17 1 11
52 1 21
22 1 21
30 1 44
19 1 5
14 1 43
19 1 3
23 1 20
3 2 5
1 4 3
10 2 3
4 2 34
56 6 44
97 1 52
34 1 3
27 1 21
21 1 97
29 2 4
1 1 4
29 1 3
48 2 52
4 2 29
14 1 10
1 2 4
30 1 22
110 1 76
8 2 10
20 1 21
13 1 1
14 1 1
22 2 20
34 1 33
13 1 3
19 1 110
15 1 14
27 2 26
23 1 22
1 2 41
9 2 8
48 1 21
22 1 19
3 4 1
3 1 4
19 1 4
26 1 21
39 1 3
10 1 1
12 2 15
44 1 13
29 1 28
51 1 21
16 1 14
44 1 3
19 1 97
20 2 56
39 1 30
8 2 13
5 2 3
39 1 8
45 1 8
41 1 19
48 1 19
21 1 34
19 1 34
27 1 19
18 2 23
5 2 1
30 1 12
19 1 29
1 2 43
58 6 45
3 1 5
57 1 21
? 1 github_java_program_data/29/417.java

4 2 34
10 1 3
28 1 27
29 1 33
45 1 1
9 2 8
3 2 18
4 2 5
45 1 25
44 1 18
18 2 30
25 2 30
30 1 58
45 1 9
40 1 39
1 2 23
21 1 5
7 1 3
1 1 5
21 1 3
25 1 16
17 2 16
26 1 21
33 1 26
56 1 19
8 2 1
45 1 30
44 1 9
18 1 16
19 1 5
27 1 3
23 1 30
17 1 14
45 1 10
3 2 5
1 4 3
44 1 1
3 1 1
8 2 13
21 1 29
10 2 1
40 1 2
56 6 44
58 1 21
34 1 3
27 1 21
1 2 28
29 2 4
6 1 1
1 1 4
29 1 3
34 1 33
18 1 17
4 2 29
14 1 10
1 2 4
26 1 1
39 1 23
2 1 1
30 1 56
13 2 1
13 2 3
16 1 11
1 1 3
11 1 1
7 2 39
19 1 34
1 2 18
13 1 1
14 1 1
39 1 1
44 2 45
1 2 25
27 1 19
26 1 19
21 1 4
25 2 23
13 1 3
27 2 26
23 1 44
3 2 28
45 2 44
23 1 45
3 1 28
58 6 45
3 5 1
3 1 4
21 1 1
19 1 4
45 1 23
11 1 10
28 1 26
19 1 1
14 1 13
25 1 17
44 1 30
11 1 13
44 1 13
29 1 28
4 2 3
44 1 8
44 1 10
8 2 10
5 2 4
33 1 27
58 1 19
44 1 3
39 1 8
45 1 8
3 2 33
34 2 5
21 1 34
40 1 7
23 1 56
18 2 23
5 2 1
56 1 21
5 2 29
19 1 29
2 2 6
6 2 7
40 1 6
3 1 5
44 1 23
? 1 github_java_program_data/29/434.java

26 2 27
3 1 1
72 2 76
45 1 25
34 1 1
44 1 18
20 1 19
30 1 58
40 1 39
23 1 15
21 1 5
12 2 20
1 1 5
21 1 3
25 1 16
52 2 57
97 1 48
56 1 19
110 1 72
45 1 30
45 1 13
16 1 11
18 1 16
8 2 3
4 2 1
17 1 14
20 2 58
44 1 23
21 1 29
58 1 21
23 1 12
6 1 1
11 1 1
44 2 45
19 1 32
29 1 1
2 1 1
6 2 39
11 1 3
13 2 3
3 2 41
18 1 17
41 1 21
11 1 41
44 1 9
15 2 22
15 2 20
30 1 20
34 2 4
40 1 2
26 1 19
21 1 4
20 2 22
3 2 28
45 2 44
29 2 5
1 2 28
19 1 1
21 1 1
1 5 3
3 2 30
11 1 10
28 1 26
14 1 13
25 1 17
14 1 3
11 1 13
44 1 10
3 2 4
1 2 5
4 2 3
22 2 56
57 1 19
1 2 33
97 1 57
45 1 3
13 2 1
3 2 43
16 2 17
33 1 26
43 1 19
44 1 8
30 1 15
5 2 29
3 2 33
52 1 19
23 1 56
1 1 3
56 1 21
2 2 6
40 1 6
30 1 45
15 2 12
43 1 21
28 1 27
3 2 25
12 1 11
3 2 18
76 1 21
25 2 30
45 1 9
51 2 72
33 1 27
110 1 51
72 1 19
5 2 34
17 1 11
52 1 21
22 1 21
30 1 44
19 1 5
14 1 43
19 1 3
23 1 20
3 2 5
1 4 3
10 2 3
4 2 34
56 6 44
97 1 52
34 1 3
27 1 21
21 1 97
29 2 4
1 1 4
29 1 3
48 2 52
4 2 29
14 1 10
1 2 4
30 1 22
110 1 76
8 2 10
20 1 21
13 1 1
14 1 1
22 2 20
34 1 33
13 1 3
19 1 110
15 1 14
27 2 26
23 1 22
1 2 41
9 2 8
48 1 21
22 1 19
3 4 1
3 1 4
19 1 4
26 1 21
39 1 3
10 1 1
12 2 15
44 1 13
29 1 28
51 1 21
16 1 14
44 1 3
19 1 97
20 2 56
39 1 30
8 2 13
5 2 3
39 1 8
45 1 8
41 1 19
48 1 19
21 1 34
19 1 34
27 1 19
18 2 23
5 2 1
30 1 12
19 1 29
1 2 43
58 6 45
3 1 5
57 1 21
? 1 github_java_program_data/29/438.java

4 2 34
10 1 3
28 1 27
29 1 33
45 1 1
9 2 8
3 2 18
4 2 5
45 1 25
44 1 18
18 2 30
25 2 30
30 1 58
45 1 9
40 1 39
1 2 23
21 1 5
7 1 3
1 1 5
21 1 3
25 1 16
17 2 16
26 1 21
33 1 26
56 1 19
8 2 1
45 1 30
44 1 9
18 1 16
19 1 5
27 1 3
23 1 30
17 1 14
45 1 10
3 2 5
1 4 3
44 1 1
3 1 1
8 2 13
21 1 29
10 2 1
40 1 2
56 6 44
58 1 21
34 1 3
27 1 21
1 2 28
29 2 4
6 1 1
1 1 4
29 1 3
34 1 33
18 1 17
4 2 29
14 1 10
1 2 4
26 1 1
39 1 23
2 1 1
30 1 56
13 2 1
13 2 3
16 1 11
1 1 3
11 1 1
7 2 39
19 1 34
1 2 18
13 1 1
14 1 1
39 1 1
44 2 45
1 2 25
27 1 19
26 1 19
21 1 4
25 2 23
13 1 3
27 2 26
23 1 44
3 2 28
45 2 44
23 1 45
3 1 28
58 6 45
3 5 1
3 1 4
21 1 1
19 1 4
45 1 23
11 1 10
28 1 26
19 1 1
14 1 13
25 1 17
44 1 30
11 1 13
44 1 13
29 1 28
4 2 3
44 1 8
44 1 10
8 2 10
5 2 4
33 1 27
58 1 19
44 1 3
39 1 8
45 1 8
3 2 33
34 2 5
21 1 34
40 1 7
23 1 56
18 2 23
5 2 1
56 1 21
5 2 29
19 1 29
2 2 6
6 2 7
40 1 6
3 1 5
44 1 23
? 1 github_java_program_data/29/56.java

26 2 27
3 1 1
72 2 76
45 1 25
34 1 1
44 1 18
20 1 19
30 1 58
40 1 39
23 1 15
21 1 5
12 2 20
1 1 5
21 1 3
25 1 16
52 2 57
97 1 48
56 1 19
110 1 72
45 1 30
45 1 13
16 1 11
18 1 16
8 2 3
4 2 1
17 1 14
20 2 58
44 1 23
21 1 29
58 1 21
23 1 12
6 1 1
11 1 1
44 2 45
19 1 32
29 1 1
2 1 1
6 2 39
11 1 3
13 2 3
3 2 41
18 1 17
41 1 21
11 1 41
44 1 9
15 2 22
15 2 20
30 1 20
34 2 4
40 1 2
26 1 19
21 1 4
20 2 22
3 2 28
45 2 44
29 2 5
1 2 28
19 1 1
21 1 1
1 5 3
3 2 30
11 1 10
28 1 26
14 1 13
25 1 17
14 1 3
11 1 13
44 1 10
3 2 4
1 2 5
4 2 3
22 2 56
57 1 19
1 2 33
97 1 57
45 1 3
13 2 1
3 2 43
16 2 17
33 1 26
43 1 19
44 1 8
30 1 15
5 2 29
3 2 33
52 1 19
23 1 56
1 1 3
56 1 21
2 2 6
40 1 6
30 1 45
15 2 12
43 1 21
28 1 27
3 2 25
12 1 11
3 2 18
76 1 21
25 2 30
45 1 9
51 2 72
33 1 27
110 1 51
72 1 19
5 2 34
17 1 11
52 1 21
22 1 21
30 1 44
19 1 5
14 1 43
19 1 3
23 1 20
3 2 5
1 4 3
10 2 3
4 2 34
56 6 44
97 1 52
34 1 3
27 1 21
21 1 97
29 2 4
1 1 4
29 1 3
48 2 52
4 2 29
14 1 10
1 2 4
30 1 22
110 1 76
8 2 10
20 1 21
13 1 1
14 1 1
22 2 20
34 1 33
13 1 3
19 1 110
15 1 14
27 2 26
23 1 22
1 2 41
9 2 8
48 1 21
22 1 19
3 4 1
3 1 4
19 1 4
26 1 21
39 1 3
10 1 1
12 2 15
44 1 13
29 1 28
51 1 21
16 1 14
44 1 3
19 1 97
20 2 56
39 1 30
8 2 13
5 2 3
39 1 8
45 1 8
41 1 19
48 1 19
21 1 34
19 1 34
27 1 19
18 2 23
5 2 1
30 1 12
19 1 29
1 2 43
58 6 45
3 1 5
57 1 21
? 1 github_java_program_data/29/60.java

30 2 111
26 2 27
75 1 21
3 1 1
3 2 37
9 2 8
3 2 38
22 2 12
1 2 25
30 1 20
7 2 6
20 1 19
40 1 39
54 2 20
1 1 33
23 1 15
21 1 5
7 1 3
12 2 20
30 1 70
21 1 3
25 1 16
41 2 51
19 1 42
25 2 88
11 1 9
4 2 42
30 1 22
5 2 42
20 1 21
44 1 25
5 2 32
5 2 3
24 1 23
8 2 3
20 2 12
4 2 1
17 1 14
12 1 14
12 2 22
88 1 26
21 1 29
30 1 54
23 1 12
6 1 1
11 1 1
5 2 34
44 2 45
19 1 32
29 1 1
41 2 48
11 1 13
6 2 39
11 1 3
39 1 9
21 1 42
1 7 3
1 1 3
41 1 21
13 2 1
4 2 29
11 1 41
44 1 9
15 2 22
15 2 20
11 1 8
34 1 1
54 1 30
1 2 38
40 1 2
15 1 14
21 1 4
70 2 15
87 1 27
20 2 22
13 1 8
3 2 23
69 1 48
39 1 23
42 2 5
69 1 75
54 1 23
3 1 28
41 1 11
1 2 28
21 1 1
51 2 61
1 5 3
45 1 23
11 1 10
28 1 26
23 1 24
3 2 28
14 1 13
25 1 17
14 1 3
6 1 3
44 1 87
3 2 4
15 1 11
84 1 111
4 2 3
22 2 54
3 2 43
44 1 8
11 1 43
3 5 1
16 1 14
45 1 3
52 1 23
44 1 88
70 1 30
13 2 3
54 1 50
43 1 19
1 2 33
20 2 70
3 2 41
5 2 29
3 2 33
34 1 28
14 1 41
13 1 9
43 1 21
10 1 8
40 1 6
50 1 41
21 1 32
111 1 30
1 1 5
53 1 48
10 1 3
24 1 9
28 1 27
3 2 25
29 1 33
12 1 11
15 2 84
88 2 30
84 1 30
4 2 5
10 1 9
32 2 5
25 2 87
45 1 9
29 2 5
26 1 3
10 2 3
24 2 44
61 1 21
32 2 4
10 1 1
42 2 4
1 1 37
9 2 13
30 1 53
33 1 26
3 2 18
22 1 21
20 2 15
1 1 28
37 1 21
34 2 4
3 1 38
19 1 5
14 1 43
19 1 3
23 1 20
45 1 10
50 1 51
3 2 5
1 4 3
44 1 1
4 2 34
22 2 15
10 2 1
48 2 75
24 1 18
34 1 3
27 1 21
26 1 19
29 2 4
24 1 3
1 1 4
29 1 3
34 1 33
48 2 52
41 1 19
14 1 10
23 1 84
1 2 4
26 1 1
34 2 5
12 2 24
8 2 10
30 1 15
8 2 9
19 1 34
13 1 1
14 1 1
87 2 23
3 7 1
1 1 38
22 2 20
8 2 1
13 1 3
15 2 12
9 2 3
23 1 44
23 1 22
50 2 23
1 2 41
27 1 1
48 1 21
22 1 19
23 1 45
3 4 1
3 1 4
50 2 30
19 1 4
26 1 21
27 1 3
39 1 3
38 1 19
19 1 1
51 1 19
9 2 10
18 2 23
44 1 30
23 1 54
12 2 15
44 1 13
29 1 28
6 2 7
3 1 37
45 2 44
2 1 3
44 1 3
69 2 30
45 1 18
41 1 14
70 1 69
33 1 27
2 2 6
8 2 13
9 2 1
37 1 19
39 1 8
27 2 26
45 1 8
20 2 54
69 1 41
48 1 19
21 1 34
40 1 7
27 1 19
53 1 52
38 1 21
5 2 1
30 1 12
19 1 29
50 1 61
1 2 5
1 2 43
1 2 37
3 1 5
44 1 23
? 1 github_java_program_data/29/72.java

4 2 34
10 1 3
28 1 27
29 1 33
45 1 1
9 2 8
3 2 18
4 2 5
45 1 25
44 1 18
18 2 30
25 2 30
30 1 58
45 1 9
40 1 39
1 2 23
21 1 5
7 1 3
1 1 5
21 1 3
25 1 16
17 2 16
26 1 21
33 1 26
56 1 19
8 2 1
45 1 30
44 1 9
18 1 16
19 1 5
27 1 3
23 1 30
17 1 14
45 1 10
3 2 5
1 4 3
44 1 1
3 1 1
8 2 13
21 1 29
10 2 1
40 1 2
56 6 44
58 1 21
34 1 3
27 1 21
1 2 28
29 2 4
6 1 1
1 1 4
29 1 3
34 1 33
18 1 17
4 2 29
14 1 10
1 2 4
26 1 1
39 1 23
2 1 1
30 1 56
13 2 1
13 2 3
16 1 11
1 1 3
11 1 1
7 2 39
19 1 34
1 2 18
13 1 1
14 1 1
39 1 1
44 2 45
1 2 25
27 1 19
26 1 19
21 1 4
25 2 23
13 1 3
27 2 26
23 1 44
3 2 28
45 2 44
23 1 45
3 1 28
58 6 45
3 5 1
3 1 4
21 1 1
19 1 4
45 1 23
11 1 10
28 1 26
19 1 1
14 1 13
25 1 17
44 1 30
11 1 13
44 1 13
29 1 28
4 2 3
44 1 8
44 1 10
8 2 10
5 2 4
33 1 27
58 1 19
44 1 3
39 1 8
45 1 8
3 2 33
34 2 5
21 1 34
40 1 7
23 1 56
18 2 23
5 2 1
56 1 21
5 2 29
19 1 29
2 2 6
6 2 7
40 1 6
3 1 5
44 1 23
? 1 github_java_program_data/29/77.java

26 2 27
3 1 1
72 2 76
45 1 25
34 1 1
44 1 18
20 1 19
30 1 58
40 1 39
23 1 15
21 1 5
12 2 20
1 1 5
21 1 3
25 1 16
52 2 57
97 1 48
56 1 19
110 1 72
45 1 30
45 1 13
16 1 11
18 1 16
8 2 3
4 2 1
17 1 14
20 2 58
44 1 23
21 1 29
58 1 21
23 1 12
6 1 1
11 1 1
44 2 45
19 1 32
29 1 1
2 1 1
6 2 39
11 1 3
13 2 3
3 2 41
18 1 17
41 1 21
11 1 41
44 1 9
15 2 22
15 2 20
30 1 20
34 2 4
40 1 2
26 1 19
21 1 4
20 2 22
3 2 28
45 2 44
29 2 5
1 2 28
19 1 1
21 1 1
1 5 3
3 2 30
11 1 10
28 1 26
14 1 13
25 1 17
14 1 3
11 1 13
44 1 10
3 2 4
1 2 5
4 2 3
22 2 56
57 1 19
1 2 33
97 1 57
45 1 3
13 2 1
3 2 43
16 2 17
33 1 26
43 1 19
44 1 8
30 1 15
5 2 29
3 2 33
52 1 19
23 1 56
1 1 3
56 1 21
2 2 6
40 1 6
30 1 45
15 2 12
43 1 21
28 1 27
3 2 25
12 1 11
3 2 18
76 1 21
25 2 30
45 1 9
51 2 72
33 1 27
110 1 51
72 1 19
5 2 34
17 1 11
52 1 21
22 1 21
30 1 44
19 1 5
14 1 43
19 1 3
23 1 20
3 2 5
1 4 3
10 2 3
4 2 34
56 6 44
97 1 52
34 1 3
27 1 21
21 1 97
29 2 4
1 1 4
29 1 3
48 2 52
4 2 29
14 1 10
1 2 4
30 1 22
110 1 76
8 2 10
20 1 21
13 1 1
14 1 1
22 2 20
34 1 33
13 1 3
19 1 110
15 1 14
27 2 26
23 1 22
1 2 41
9 2 8
48 1 21
22 1 19
3 4 1
3 1 4
19 1 4
26 1 21
39 1 3
10 1 1
12 2 15
44 1 13
29 1 28
51 1 21
16 1 14
44 1 3
19 1 97
20 2 56
39 1 30
8 2 13
5 2 3
39 1 8
45 1 8
41 1 19
48 1 19
21 1 34
19 1 34
27 1 19
18 2 23
5 2 1
30 1 12
19 1 29
1 2 43
58 6 45
3 1 5
57 1 21
? 1 github_java_program_data/29/81.java

4 2 34
10 1 3
28 1 27
29 1 33
45 1 1
9 2 8
3 2 18
4 2 5
45 1 25
44 1 18
18 2 30
25 2 30
30 1 58
45 1 9
40 1 39
1 2 23
21 1 5
7 1 3
1 1 5
21 1 3
25 1 16
17 2 16
26 1 21
33 1 26
56 1 19
8 2 1
45 1 30
44 1 9
18 1 16
19 1 5
27 1 3
23 1 30
17 1 14
45 1 10
3 2 5
1 4 3
44 1 1
3 1 1
8 2 13
21 1 29
10 2 1
40 1 2
56 6 44
58 1 21
34 1 3
27 1 21
1 2 28
29 2 4
6 1 1
1 1 4
29 1 3
34 1 33
18 1 17
4 2 29
14 1 10
1 2 4
26 1 1
39 1 23
2 1 1
30 1 56
13 2 1
13 2 3
16 1 11
1 1 3
11 1 1
7 2 39
19 1 34
1 2 18
13 1 1
14 1 1
39 1 1
44 2 45
1 2 25
27 1 19
26 1 19
21 1 4
25 2 23
13 1 3
27 2 26
23 1 44
3 2 28
45 2 44
23 1 45
3 1 28
58 6 45
3 5 1
3 1 4
21 1 1
19 1 4
45 1 23
11 1 10
28 1 26
19 1 1
14 1 13
25 1 17
44 1 30
11 1 13
44 1 13
29 1 28
4 2 3
44 1 8
44 1 10
8 2 10
5 2 4
33 1 27
58 1 19
44 1 3
39 1 8
45 1 8
3 2 33
34 2 5
21 1 34
40 1 7
23 1 56
18 2 23
5 2 1
56 1 21
5 2 29
19 1 29
2 2 6
6 2 7
40 1 6
3 1 5
44 1 23
? 1 github_java_program_data/29/98.java

