44 1 10
11 1 13
39 1 8
44 1 23
18 2 23
44 1 18
10 1 3
13 1 3
40 1 39
39 1 30
16 2 17
1 2 18
13 2 1
18 1 16
8 2 1
44 1 1
11 1 1
17 1 14
14 1 1
18 1 17
30 1 44
9 2 10
16 1 11
14 1 10
1 2 30
39 1 1
10 2 1
44 1 9
? 1 github_java_program_data/21/118.java

44 1 10
11 1 13
39 1 8
44 1 23
18 2 23
44 1 18
10 1 3
13 1 3
40 1 39
39 1 30
16 2 17
1 2 18
13 2 1
18 1 16
8 2 1
44 1 1
11 1 1
17 1 14
14 1 1
18 1 17
30 1 44
9 2 10
16 1 11
14 1 10
1 2 30
39 1 1
10 2 1
44 1 9
? 1 github_java_program_data/21/119.java

4 2 1
30 1 54
41 1 19
45 1 23
73 1 72
23 1 56
23 1 20
16 2 17
21 1 1
19 1 110
97 1 48
12 2 15
10 1 1
19 1 34
22 1 21
18 1 16
53 1 48
4 2 42
5 2 34
110 2 5
23 1 53
48 2 52
14 1 43
44 1 3
4 2 5
69 1 48
3 1 4
12 2 20
15 2 70
10 2 3
50 2 23
69 2 30
19 1 5
3 2 38
19 1 3
27 1 21
11 1 43
23 1 15
1 1 38
13 2 3
50 1 48
48 2 61
69 1 51
61 1 19
1 2 41
5 2 110
54 1 50
3 4 1
3 1 5
43 2 51
12 2 54
34 2 4
1 1 37
58 1 21
19 1 29
70 2 22
25 1 16
5 2 42
37 2 38
4 2 97
70 1 50
51 1 21
3 2 4
14 1 13
52 1 19
32 2 5
72 1 19
26 1 21
12 1 11
18 2 23
1 7 3
43 1 21
44 2 45
48 2 75
21 1 42
5 2 4
54 1 69
4 2 32
50 1 51
34 1 3
17 1 14
56 1 21
41 1 11
50 1 41
15 1 14
3 1 1
40 1 45
27 1 19
21 1 3
38 1 19
3 2 5
70 1 30
48 1 21
40 1 44
5 2 1
3 2 43
30 1 15
3 1 37
15 2 20
73 1 51
58 6 45
21 1 34
23 1 73
22 1 19
19 1 1
52 2 57
3 2 28
50 1 43
51 2 61
20 1 21
73 2 12
30 1 22
21 1 29
110 1 76
4 2 29
26 1 19
52 1 23
69 1 41
34 1 33
53 1 52
58 1 19
1 2 4
3 2 41
70 1 69
19 1 4
9 2 13
21 1 4
70 1 23
29 2 4
1 1 4
70 2 56
4 2 34
1 2 28
97 2 4
41 2 48
38 1 21
29 1 28
16 1 11
30 1 70
37 1 19
45 1 3
38 2 37
54 1 30
1 4 3
44 1 18
21 1 32
14 1 10
13 2 1
54 1 23
33 1 27
44 1 10
26 2 27
8 2 10
3 5 1
37 1 3
13 1 1
10 2 1
22 2 20
32 2 4
21 1 5
51 2 75
48 2 72
51 2 72
37 1 5
76 1 21
15 2 12
69 1 75
11 1 1
29 2 5
45 1 9
11 1 41
50 2 30
21 2 5
3 2 18
37 1 21
110 1 72
45 1 25
28 1 26
33 1 26
75 1 21
56 6 44
1 1 3
1 2 33
1 2 37
12 1 14
54 2 58
54 2 70
61 1 21
3 2 33
41 1 21
3 1 38
19 1 32
57 1 21
5 2 29
23 1 12
23 1 54
14 1 3
34 1 1
43 1 19
4 2 3
20 2 22
41 1 14
53 2 73
28 1 27
3 2 37
72 1 30
3 2 25
1 1 5
23 1 22
11 1 10
41 2 51
23 1 58
75 1 19
97 1 57
29 1 3
11 1 13
51 1 19
1 2 38
72 2 76
44 1 23
18 1 17
1 2 5
20 1 19
10 1 3
19 1 97
110 1 48
43 1 11
97 1 52
13 1 3
1 5 3
69 2 23
50 1 61
5 2 32
14 1 1
19 1 42
25 2 23
23 1 70
48 1 19
5 2 3
3 7 1
25 1 17
30 1 58
29 1 1
1 2 43
11 1 3
44 1 8
45 1 13
? 1 github_java_program_data/21/12.java

30 1 54
41 1 19
26 1 19
73 1 72
23 1 56
16 2 17
21 1 1
12 2 15
10 1 1
19 1 34
22 1 21
18 1 16
30 1 73
53 1 48
4 2 42
5 2 34
48 2 52
14 1 43
38 2 37
69 1 48
33 1 27
39 1 1
10 2 3
50 2 23
69 2 30
19 1 5
39 1 8
1 2 28
27 1 21
11 1 43
8 2 1
1 1 38
13 2 3
30 1 20
61 1 19
1 2 41
1 2 18
54 1 50
3 4 1
3 1 5
12 2 54
30 1 12
38 1 19
58 1 21
19 1 29
5 2 32
5 2 42
37 2 38
70 1 50
51 1 21
3 2 4
32 2 5
38 1 21
12 1 11
43 1 21
1 2 23
58 6 44
48 2 75
21 1 42
54 1 69
4 2 32
50 1 51
17 1 14
56 1 21
41 1 11
50 1 41
15 1 14
3 1 1
15 2 12
21 1 3
10 2 1
53 2 12
40 1 20
3 2 5
48 1 21
23 1 44
5 2 1
3 2 43
30 1 15
3 1 37
73 1 51
21 1 34
13 2 1
19 1 1
3 2 28
51 2 61
20 1 21
21 1 29
4 2 29
4 2 34
52 1 23
69 1 41
34 1 33
53 1 52
1 2 4
70 1 69
19 1 4
21 1 4
70 1 23
29 2 4
1 1 4
57 1 23
40 1 39
41 2 48
29 1 28
30 1 70
37 1 19
44 1 30
54 1 30
39 1 23
1 4 3
44 1 18
21 1 32
1 1 37
14 1 10
22 1 19
72 2 57
44 1 10
26 2 27
30 1 53
3 5 1
73 1 57
13 1 1
1 2 43
21 1 5
51 2 72
1 7 3
69 1 75
44 1 1
11 1 1
11 1 41
44 1 9
37 1 21
16 1 11
28 1 26
33 1 26
75 1 21
1 1 3
1 2 33
1 2 37
18 2 30
54 2 70
61 1 21
3 1 38
19 1 32
28 1 27
9 2 10
23 1 54
14 1 3
34 1 1
43 1 19
4 2 3
3 7 1
41 1 14
19 1 3
3 2 37
72 1 30
1 1 5
23 1 22
41 2 51
75 1 19
29 1 3
11 1 13
51 1 19
1 2 38
70 2 58
1 2 5
20 1 19
10 1 3
3 2 41
13 1 3
1 5 3
69 2 23
50 1 61
50 2 30
14 1 1
11 1 3
18 1 17
48 1 19
5 2 3
30 1 58
29 1 1
19 1 42
39 2 20
? 1 github_java_program_data/21/125.java

44 1 10
11 1 13
39 1 8
44 1 23
18 2 23
44 1 18
10 1 3
13 1 3
40 1 39
39 1 30
16 2 17
1 2 18
13 2 1
18 1 16
8 2 1
44 1 1
11 1 1
17 1 14
14 1 1
18 1 17
30 1 44
9 2 10
16 1 11
14 1 10
1 2 30
39 1 1
10 2 1
44 1 9
? 1 github_java_program_data/21/148.java

44 1 10
11 1 13
39 1 8
44 1 23
18 2 23
44 1 18
10 1 3
13 1 3
40 1 39
39 1 30
16 2 17
1 2 18
13 2 1
18 1 16
8 2 1
44 1 1
11 1 1
17 1 14
14 1 1
18 1 17
30 1 44
9 2 10
16 1 11
14 1 10
1 2 30
39 1 1
10 2 1
44 1 9
? 1 github_java_program_data/21/149.java

30 1 54
41 1 19
26 1 19
73 1 72
23 1 56
16 2 17
21 1 1
12 2 15
10 1 1
19 1 34
22 1 21
18 1 16
30 1 73
53 1 48
4 2 42
5 2 34
48 2 52
14 1 43
38 2 37
69 1 48
33 1 27
39 1 1
10 2 3
50 2 23
69 2 30
19 1 5
39 1 8
1 2 28
27 1 21
11 1 43
8 2 1
1 1 38
13 2 3
30 1 20
61 1 19
1 2 41
1 2 18
54 1 50
3 4 1
3 1 5
12 2 54
30 1 12
38 1 19
58 1 21
19 1 29
5 2 32
5 2 42
37 2 38
70 1 50
51 1 21
3 2 4
32 2 5
38 1 21
12 1 11
43 1 21
1 2 23
58 6 44
48 2 75
21 1 42
54 1 69
4 2 32
50 1 51
17 1 14
56 1 21
41 1 11
50 1 41
15 1 14
3 1 1
15 2 12
21 1 3
10 2 1
53 2 12
40 1 20
3 2 5
48 1 21
23 1 44
5 2 1
3 2 43
30 1 15
3 1 37
73 1 51
21 1 34
13 2 1
19 1 1
3 2 28
51 2 61
20 1 21
21 1 29
4 2 29
4 2 34
52 1 23
69 1 41
34 1 33
53 1 52
1 2 4
70 1 69
19 1 4
21 1 4
70 1 23
29 2 4
1 1 4
57 1 23
40 1 39
41 2 48
29 1 28
30 1 70
37 1 19
44 1 30
54 1 30
39 1 23
1 4 3
44 1 18
21 1 32
1 1 37
14 1 10
22 1 19
72 2 57
44 1 10
26 2 27
30 1 53
3 5 1
73 1 57
13 1 1
1 2 43
21 1 5
51 2 72
1 7 3
69 1 75
44 1 1
11 1 1
11 1 41
44 1 9
37 1 21
16 1 11
28 1 26
33 1 26
75 1 21
1 1 3
1 2 33
1 2 37
18 2 30
54 2 70
61 1 21
3 1 38
19 1 32
28 1 27
9 2 10
23 1 54
14 1 3
34 1 1
43 1 19
4 2 3
3 7 1
41 1 14
19 1 3
3 2 37
72 1 30
1 1 5
23 1 22
41 2 51
75 1 19
29 1 3
11 1 13
51 1 19
1 2 38
70 2 58
1 2 5
20 1 19
10 1 3
3 2 41
13 1 3
1 5 3
69 2 23
50 1 61
50 2 30
14 1 1
11 1 3
18 1 17
48 1 19
5 2 3
30 1 58
29 1 1
19 1 42
39 2 20
? 1 github_java_program_data/21/155.java

4 2 1
30 1 54
41 1 19
45 1 23
73 1 72
23 1 56
23 1 20
16 2 17
21 1 1
19 1 110
97 1 48
12 2 15
10 1 1
19 1 34
22 1 21
18 1 16
53 1 48
4 2 42
5 2 34
110 2 5
23 1 53
48 2 52
14 1 43
44 1 3
4 2 5
69 1 48
3 1 4
12 2 20
15 2 70
10 2 3
50 2 23
69 2 30
19 1 5
3 2 38
19 1 3
27 1 21
11 1 43
23 1 15
1 1 38
13 2 3
50 1 48
48 2 61
69 1 51
61 1 19
1 2 41
5 2 110
54 1 50
3 4 1
3 1 5
43 2 51
12 2 54
34 2 4
1 1 37
58 1 21
19 1 29
70 2 22
25 1 16
5 2 42
37 2 38
4 2 97
70 1 50
51 1 21
3 2 4
14 1 13
52 1 19
32 2 5
72 1 19
26 1 21
12 1 11
18 2 23
1 7 3
43 1 21
44 2 45
48 2 75
21 1 42
5 2 4
54 1 69
4 2 32
50 1 51
34 1 3
17 1 14
56 1 21
41 1 11
50 1 41
15 1 14
3 1 1
40 1 45
27 1 19
21 1 3
38 1 19
3 2 5
70 1 30
48 1 21
40 1 44
5 2 1
3 2 43
30 1 15
3 1 37
15 2 20
73 1 51
58 6 45
21 1 34
23 1 73
22 1 19
19 1 1
52 2 57
3 2 28
50 1 43
51 2 61
20 1 21
73 2 12
30 1 22
21 1 29
110 1 76
4 2 29
26 1 19
52 1 23
69 1 41
34 1 33
53 1 52
58 1 19
1 2 4
3 2 41
70 1 69
19 1 4
9 2 13
21 1 4
70 1 23
29 2 4
1 1 4
70 2 56
4 2 34
1 2 28
97 2 4
41 2 48
38 1 21
29 1 28
16 1 11
30 1 70
37 1 19
45 1 3
38 2 37
54 1 30
1 4 3
44 1 18
21 1 32
14 1 10
13 2 1
54 1 23
33 1 27
44 1 10
26 2 27
8 2 10
3 5 1
37 1 3
13 1 1
10 2 1
22 2 20
32 2 4
21 1 5
51 2 75
48 2 72
51 2 72
37 1 5
76 1 21
15 2 12
69 1 75
11 1 1
29 2 5
45 1 9
11 1 41
50 2 30
21 2 5
3 2 18
37 1 21
110 1 72
45 1 25
28 1 26
33 1 26
75 1 21
56 6 44
1 1 3
1 2 33
1 2 37
12 1 14
54 2 58
54 2 70
61 1 21
3 2 33
41 1 21
3 1 38
19 1 32
57 1 21
5 2 29
23 1 12
23 1 54
14 1 3
34 1 1
43 1 19
4 2 3
20 2 22
41 1 14
53 2 73
28 1 27
3 2 37
72 1 30
3 2 25
1 1 5
23 1 22
11 1 10
41 2 51
23 1 58
75 1 19
97 1 57
29 1 3
11 1 13
51 1 19
1 2 38
72 2 76
44 1 23
18 1 17
1 2 5
20 1 19
10 1 3
19 1 97
110 1 48
43 1 11
97 1 52
13 1 3
1 5 3
69 2 23
50 1 61
5 2 32
14 1 1
19 1 42
25 2 23
23 1 70
48 1 19
5 2 3
3 7 1
25 1 17
30 1 58
29 1 1
1 2 43
11 1 3
44 1 8
45 1 13
? 1 github_java_program_data/21/161.java

44 1 10
11 1 13
39 1 8
44 1 23
18 2 23
44 1 18
10 1 3
13 1 3
40 1 39
39 1 30
16 2 17
1 2 18
13 2 1
18 1 16
8 2 1
44 1 1
11 1 1
17 1 14
14 1 1
18 1 17
30 1 44
9 2 10
16 1 11
14 1 10
1 2 30
39 1 1
10 2 1
44 1 9
? 1 github_java_program_data/21/179.java

30 1 54
41 1 19
26 1 19
73 1 72
23 1 56
16 2 17
21 1 1
12 2 15
10 1 1
19 1 34
22 1 21
18 1 16
30 1 73
53 1 48
4 2 42
5 2 34
48 2 52
14 1 43
38 2 37
69 1 48
33 1 27
39 1 1
10 2 3
50 2 23
69 2 30
19 1 5
39 1 8
1 2 28
27 1 21
11 1 43
8 2 1
1 1 38
13 2 3
30 1 20
61 1 19
1 2 41
1 2 18
54 1 50
3 4 1
3 1 5
12 2 54
30 1 12
38 1 19
58 1 21
19 1 29
5 2 32
5 2 42
37 2 38
70 1 50
51 1 21
3 2 4
32 2 5
38 1 21
12 1 11
43 1 21
1 2 23
58 6 44
48 2 75
21 1 42
54 1 69
4 2 32
50 1 51
17 1 14
56 1 21
41 1 11
50 1 41
15 1 14
3 1 1
15 2 12
21 1 3
10 2 1
53 2 12
40 1 20
3 2 5
48 1 21
23 1 44
5 2 1
3 2 43
30 1 15
3 1 37
73 1 51
21 1 34
13 2 1
19 1 1
3 2 28
51 2 61
20 1 21
21 1 29
4 2 29
4 2 34
52 1 23
69 1 41
34 1 33
53 1 52
1 2 4
70 1 69
19 1 4
21 1 4
70 1 23
29 2 4
1 1 4
57 1 23
40 1 39
41 2 48
29 1 28
30 1 70
37 1 19
44 1 30
54 1 30
39 1 23
1 4 3
44 1 18
21 1 32
1 1 37
14 1 10
22 1 19
72 2 57
44 1 10
26 2 27
30 1 53
3 5 1
73 1 57
13 1 1
1 2 43
21 1 5
51 2 72
1 7 3
69 1 75
44 1 1
11 1 1
11 1 41
44 1 9
37 1 21
16 1 11
28 1 26
33 1 26
75 1 21
1 1 3
1 2 33
1 2 37
18 2 30
54 2 70
61 1 21
3 1 38
19 1 32
28 1 27
9 2 10
23 1 54
14 1 3
34 1 1
43 1 19
4 2 3
3 7 1
41 1 14
19 1 3
3 2 37
72 1 30
1 1 5
23 1 22
41 2 51
75 1 19
29 1 3
11 1 13
51 1 19
1 2 38
70 2 58
1 2 5
20 1 19
10 1 3
3 2 41
13 1 3
1 5 3
69 2 23
50 1 61
50 2 30
14 1 1
11 1 3
18 1 17
48 1 19
5 2 3
30 1 58
29 1 1
19 1 42
39 2 20
? 1 github_java_program_data/21/185.java

4 2 1
30 1 54
41 1 19
45 1 23
73 1 72
23 1 56
23 1 20
16 2 17
21 1 1
19 1 110
97 1 48
12 2 15
10 1 1
19 1 34
22 1 21
18 1 16
53 1 48
4 2 42
5 2 34
110 2 5
23 1 53
48 2 52
14 1 43
44 1 3
4 2 5
69 1 48
3 1 4
12 2 20
15 2 70
10 2 3
50 2 23
69 2 30
19 1 5
3 2 38
19 1 3
27 1 21
11 1 43
23 1 15
1 1 38
13 2 3
50 1 48
48 2 61
69 1 51
61 1 19
1 2 41
5 2 110
54 1 50
3 4 1
3 1 5
43 2 51
12 2 54
34 2 4
1 1 37
58 1 21
19 1 29
70 2 22
25 1 16
5 2 42
37 2 38
4 2 97
70 1 50
51 1 21
3 2 4
14 1 13
52 1 19
32 2 5
72 1 19
26 1 21
12 1 11
18 2 23
1 7 3
43 1 21
44 2 45
48 2 75
21 1 42
5 2 4
54 1 69
4 2 32
50 1 51
34 1 3
17 1 14
56 1 21
41 1 11
50 1 41
15 1 14
3 1 1
40 1 45
27 1 19
21 1 3
38 1 19
3 2 5
70 1 30
48 1 21
40 1 44
5 2 1
3 2 43
30 1 15
3 1 37
15 2 20
73 1 51
58 6 45
21 1 34
23 1 73
22 1 19
19 1 1
52 2 57
3 2 28
50 1 43
51 2 61
20 1 21
73 2 12
30 1 22
21 1 29
110 1 76
4 2 29
26 1 19
52 1 23
69 1 41
34 1 33
53 1 52
58 1 19
1 2 4
3 2 41
70 1 69
19 1 4
9 2 13
21 1 4
70 1 23
29 2 4
1 1 4
70 2 56
4 2 34
1 2 28
97 2 4
41 2 48
38 1 21
29 1 28
16 1 11
30 1 70
37 1 19
45 1 3
38 2 37
54 1 30
1 4 3
44 1 18
21 1 32
14 1 10
13 2 1
54 1 23
33 1 27
44 1 10
26 2 27
8 2 10
3 5 1
37 1 3
13 1 1
10 2 1
22 2 20
32 2 4
21 1 5
51 2 75
48 2 72
51 2 72
37 1 5
76 1 21
15 2 12
69 1 75
11 1 1
29 2 5
45 1 9
11 1 41
50 2 30
21 2 5
3 2 18
37 1 21
110 1 72
45 1 25
28 1 26
33 1 26
75 1 21
56 6 44
1 1 3
1 2 33
1 2 37
12 1 14
54 2 58
54 2 70
61 1 21
3 2 33
41 1 21
3 1 38
19 1 32
57 1 21
5 2 29
23 1 12
23 1 54
14 1 3
34 1 1
43 1 19
4 2 3
20 2 22
41 1 14
53 2 73
28 1 27
3 2 37
72 1 30
3 2 25
1 1 5
23 1 22
11 1 10
41 2 51
23 1 58
75 1 19
97 1 57
29 1 3
11 1 13
51 1 19
1 2 38
72 2 76
44 1 23
18 1 17
1 2 5
20 1 19
10 1 3
19 1 97
110 1 48
43 1 11
97 1 52
13 1 3
1 5 3
69 2 23
50 1 61
5 2 32
14 1 1
19 1 42
25 2 23
23 1 70
48 1 19
5 2 3
3 7 1
25 1 17
30 1 58
29 1 1
1 2 43
11 1 3
44 1 8
45 1 13
? 1 github_java_program_data/21/191.java

44 1 10
11 1 13
39 1 8
44 1 23
18 2 23
44 1 18
10 1 3
13 1 3
40 1 39
39 1 30
16 2 17
1 2 18
13 2 1
18 1 16
8 2 1
44 1 1
11 1 1
17 1 14
14 1 1
18 1 17
30 1 44
9 2 10
16 1 11
14 1 10
1 2 30
39 1 1
10 2 1
44 1 9
? 1 github_java_program_data/21/208.java

30 1 54
41 1 19
26 1 19
73 1 72
23 1 56
16 2 17
21 1 1
12 2 15
10 1 1
19 1 34
22 1 21
18 1 16
30 1 73
53 1 48
4 2 42
5 2 34
48 2 52
14 1 43
38 2 37
69 1 48
33 1 27
39 1 1
10 2 3
50 2 23
69 2 30
19 1 5
39 1 8
1 2 28
27 1 21
11 1 43
8 2 1
1 1 38
13 2 3
30 1 20
61 1 19
1 2 41
1 2 18
54 1 50
3 4 1
3 1 5
12 2 54
30 1 12
38 1 19
58 1 21
19 1 29
5 2 32
5 2 42
37 2 38
70 1 50
51 1 21
3 2 4
32 2 5
38 1 21
12 1 11
43 1 21
1 2 23
58 6 44
48 2 75
21 1 42
54 1 69
4 2 32
50 1 51
17 1 14
56 1 21
41 1 11
50 1 41
15 1 14
3 1 1
15 2 12
21 1 3
10 2 1
53 2 12
40 1 20
3 2 5
48 1 21
23 1 44
5 2 1
3 2 43
30 1 15
3 1 37
73 1 51
21 1 34
13 2 1
19 1 1
3 2 28
51 2 61
20 1 21
21 1 29
4 2 29
4 2 34
52 1 23
69 1 41
34 1 33
53 1 52
1 2 4
70 1 69
19 1 4
21 1 4
70 1 23
29 2 4
1 1 4
57 1 23
40 1 39
41 2 48
29 1 28
30 1 70
37 1 19
44 1 30
54 1 30
39 1 23
1 4 3
44 1 18
21 1 32
1 1 37
14 1 10
22 1 19
72 2 57
44 1 10
26 2 27
30 1 53
3 5 1
73 1 57
13 1 1
1 2 43
21 1 5
51 2 72
1 7 3
69 1 75
44 1 1
11 1 1
11 1 41
44 1 9
37 1 21
16 1 11
28 1 26
33 1 26
75 1 21
1 1 3
1 2 33
1 2 37
18 2 30
54 2 70
61 1 21
3 1 38
19 1 32
28 1 27
9 2 10
23 1 54
14 1 3
34 1 1
43 1 19
4 2 3
3 7 1
41 1 14
19 1 3
3 2 37
72 1 30
1 1 5
23 1 22
41 2 51
75 1 19
29 1 3
11 1 13
51 1 19
1 2 38
70 2 58
1 2 5
20 1 19
10 1 3
3 2 41
13 1 3
1 5 3
69 2 23
50 1 61
50 2 30
14 1 1
11 1 3
18 1 17
48 1 19
5 2 3
30 1 58
29 1 1
19 1 42
39 2 20
? 1 github_java_program_data/21/215.java

4 2 1
30 1 54
41 1 19
45 1 23
73 1 72
23 1 56
23 1 20
16 2 17
21 1 1
19 1 110
97 1 48
12 2 15
10 1 1
19 1 34
22 1 21
18 1 16
53 1 48
4 2 42
5 2 34
110 2 5
23 1 53
48 2 52
14 1 43
44 1 3
4 2 5
69 1 48
3 1 4
12 2 20
15 2 70
10 2 3
50 2 23
69 2 30
19 1 5
3 2 38
19 1 3
27 1 21
11 1 43
23 1 15
1 1 38
13 2 3
50 1 48
48 2 61
69 1 51
61 1 19
1 2 41
5 2 110
54 1 50
3 4 1
3 1 5
43 2 51
12 2 54
34 2 4
1 1 37
58 1 21
19 1 29
70 2 22
25 1 16
5 2 42
37 2 38
4 2 97
70 1 50
51 1 21
3 2 4
14 1 13
52 1 19
32 2 5
72 1 19
26 1 21
12 1 11
18 2 23
1 7 3
43 1 21
44 2 45
48 2 75
21 1 42
5 2 4
54 1 69
4 2 32
50 1 51
34 1 3
17 1 14
56 1 21
41 1 11
50 1 41
15 1 14
3 1 1
40 1 45
27 1 19
21 1 3
38 1 19
3 2 5
70 1 30
48 1 21
40 1 44
5 2 1
3 2 43
30 1 15
3 1 37
15 2 20
73 1 51
58 6 45
21 1 34
23 1 73
22 1 19
19 1 1
52 2 57
3 2 28
50 1 43
51 2 61
20 1 21
73 2 12
30 1 22
21 1 29
110 1 76
4 2 29
26 1 19
52 1 23
69 1 41
34 1 33
53 1 52
58 1 19
1 2 4
3 2 41
70 1 69
19 1 4
9 2 13
21 1 4
70 1 23
29 2 4
1 1 4
70 2 56
4 2 34
1 2 28
97 2 4
41 2 48
38 1 21
29 1 28
16 1 11
30 1 70
37 1 19
45 1 3
38 2 37
54 1 30
1 4 3
44 1 18
21 1 32
14 1 10
13 2 1
54 1 23
33 1 27
44 1 10
26 2 27
8 2 10
3 5 1
37 1 3
13 1 1
10 2 1
22 2 20
32 2 4
21 1 5
51 2 75
48 2 72
51 2 72
37 1 5
76 1 21
15 2 12
69 1 75
11 1 1
29 2 5
45 1 9
11 1 41
50 2 30
21 2 5
3 2 18
37 1 21
110 1 72
45 1 25
28 1 26
33 1 26
75 1 21
56 6 44
1 1 3
1 2 33
1 2 37
12 1 14
54 2 58
54 2 70
61 1 21
3 2 33
41 1 21
3 1 38
19 1 32
57 1 21
5 2 29
23 1 12
23 1 54
14 1 3
34 1 1
43 1 19
4 2 3
20 2 22
41 1 14
53 2 73
28 1 27
3 2 37
72 1 30
3 2 25
1 1 5
23 1 22
11 1 10
41 2 51
23 1 58
75 1 19
97 1 57
29 1 3
11 1 13
51 1 19
1 2 38
72 2 76
44 1 23
18 1 17
1 2 5
20 1 19
10 1 3
19 1 97
110 1 48
43 1 11
97 1 52
13 1 3
1 5 3
69 2 23
50 1 61
5 2 32
14 1 1
19 1 42
25 2 23
23 1 70
48 1 19
5 2 3
3 7 1
25 1 17
30 1 58
29 1 1
1 2 43
11 1 3
44 1 8
45 1 13
? 1 github_java_program_data/21/221.java

44 1 10
11 1 13
39 1 8
44 1 23
18 2 23
44 1 18
10 1 3
13 1 3
40 1 39
39 1 30
16 2 17
1 2 18
13 2 1
18 1 16
8 2 1
44 1 1
11 1 1
17 1 14
14 1 1
18 1 17
30 1 44
9 2 10
16 1 11
14 1 10
1 2 30
39 1 1
10 2 1
44 1 9
? 1 github_java_program_data/21/238.java

44 1 10
11 1 13
39 1 8
44 1 23
18 2 23
44 1 18
10 1 3
13 1 3
40 1 39
39 1 30
16 2 17
1 2 18
13 2 1
18 1 16
8 2 1
44 1 1
11 1 1
17 1 14
14 1 1
18 1 17
30 1 44
9 2 10
16 1 11
14 1 10
1 2 30
39 1 1
10 2 1
44 1 9
? 1 github_java_program_data/21/239.java

4 2 1
73 1 52
41 1 19
23 1 56
23 1 20
16 2 17
21 1 1
57 1 30
73 1 81
10 1 1
19 1 34
22 1 21
30 1 54
18 1 16
53 1 48
4 2 42
5 2 34
23 1 53
48 2 52
14 1 43
30 1 44
3 1 4
39 1 1
10 2 3
50 2 23
69 2 30
19 1 5
39 1 8
1 2 28
51 2 75
81 1 53
8 2 1
1 1 38
13 2 3
50 1 48
69 1 51
39 1 30
1 2 18
54 1 50
3 4 1
73 1 48
3 1 5
12 2 54
34 2 4
38 1 19
58 1 21
19 1 29
5 2 32
5 2 42
37 2 38
70 1 50
51 1 21
3 2 4
38 1 21
26 1 21
12 1 11
18 2 23
43 1 21
21 1 42
48 1 19
54 1 69
4 2 32
17 1 14
56 1 21
41 1 11
50 1 41
3 1 1
21 1 3
48 2 61
3 2 5
70 1 30
48 1 21
5 2 1
3 2 43
21 1 34
23 1 73
13 2 1
19 1 1
52 2 57
3 2 28
30 1 22
21 1 29
10 2 1
16 1 11
52 1 23
69 1 41
34 1 33
53 1 52
1 2 4
70 1 69
19 1 4
21 1 4
29 2 4
1 1 4
70 2 56
40 1 39
41 2 48
29 1 28
3 1 37
37 1 19
4 2 34
1 4 3
44 1 18
21 1 32
29 2 5
14 1 10
1 2 30
22 1 19
54 1 23
33 1 27
44 1 10
53 1 57
26 2 27
3 5 1
27 1 19
13 1 1
1 2 43
21 1 5
51 2 72
1 7 3
69 1 75
44 1 1
11 1 1
53 1 51
11 1 41
53 1 72
44 1 9
37 1 21
1 1 37
73 2 12
28 1 26
33 1 26
75 1 21
56 6 44
1 1 3
1 2 33
1 2 37
54 2 70
61 1 21
3 1 38
19 1 32
56 1 19
28 1 27
52 2 81
5 2 29
23 1 12
23 1 54
14 1 3
34 1 1
43 1 19
4 2 3
3 7 1
41 1 14
19 1 3
3 2 37
72 1 30
1 1 5
11 1 43
41 2 51
75 1 19
29 1 3
11 1 13
51 1 19
44 1 23
18 1 17
1 2 5
20 1 19
10 1 3
3 2 41
13 1 3
1 5 3
69 2 23
50 1 61
50 2 30
14 1 1
11 1 3
23 1 70
9 2 10
5 2 3
30 1 58
29 1 1
19 1 42
? 1 github_java_program_data/21/246.java

4 2 1
30 1 54
41 1 19
45 1 23
73 1 72
23 1 56
23 1 20
16 2 17
21 1 1
19 1 110
97 1 48
12 2 15
10 1 1
19 1 34
22 1 21
18 1 16
53 1 48
4 2 42
5 2 34
110 2 5
23 1 53
48 2 52
14 1 43
44 1 3
4 2 5
69 1 48
3 1 4
12 2 20
15 2 70
10 2 3
50 2 23
69 2 30
19 1 5
3 2 38
19 1 3
27 1 21
11 1 43
23 1 15
1 1 38
13 2 3
50 1 48
48 2 61
69 1 51
61 1 19
1 2 41
5 2 110
54 1 50
3 4 1
3 1 5
43 2 51
12 2 54
34 2 4
1 1 37
58 1 21
19 1 29
70 2 22
25 1 16
5 2 42
37 2 38
4 2 97
70 1 50
51 1 21
3 2 4
14 1 13
52 1 19
32 2 5
72 1 19
26 1 21
12 1 11
18 2 23
1 7 3
43 1 21
44 2 45
48 2 75
21 1 42
5 2 4
54 1 69
4 2 32
50 1 51
34 1 3
17 1 14
56 1 21
41 1 11
50 1 41
15 1 14
3 1 1
40 1 45
27 1 19
21 1 3
38 1 19
3 2 5
70 1 30
48 1 21
40 1 44
5 2 1
3 2 43
30 1 15
3 1 37
15 2 20
73 1 51
58 6 45
21 1 34
23 1 73
22 1 19
19 1 1
52 2 57
3 2 28
50 1 43
51 2 61
20 1 21
73 2 12
30 1 22
21 1 29
110 1 76
4 2 29
26 1 19
52 1 23
69 1 41
34 1 33
53 1 52
58 1 19
1 2 4
3 2 41
70 1 69
19 1 4
9 2 13
21 1 4
70 1 23
29 2 4
1 1 4
70 2 56
4 2 34
1 2 28
97 2 4
41 2 48
38 1 21
29 1 28
16 1 11
30 1 70
37 1 19
45 1 3
38 2 37
54 1 30
1 4 3
44 1 18
21 1 32
14 1 10
13 2 1
54 1 23
33 1 27
44 1 10
26 2 27
8 2 10
3 5 1
37 1 3
13 1 1
10 2 1
22 2 20
32 2 4
21 1 5
51 2 75
48 2 72
51 2 72
37 1 5
76 1 21
15 2 12
69 1 75
11 1 1
29 2 5
45 1 9
11 1 41
50 2 30
21 2 5
3 2 18
37 1 21
110 1 72
45 1 25
28 1 26
33 1 26
75 1 21
56 6 44
1 1 3
1 2 33
1 2 37
12 1 14
54 2 58
54 2 70
61 1 21
3 2 33
41 1 21
3 1 38
19 1 32
57 1 21
5 2 29
23 1 12
23 1 54
14 1 3
34 1 1
43 1 19
4 2 3
20 2 22
41 1 14
53 2 73
28 1 27
3 2 37
72 1 30
3 2 25
1 1 5
23 1 22
11 1 10
41 2 51
23 1 58
75 1 19
97 1 57
29 1 3
11 1 13
51 1 19
1 2 38
72 2 76
44 1 23
18 1 17
1 2 5
20 1 19
10 1 3
19 1 97
110 1 48
43 1 11
97 1 52
13 1 3
1 5 3
69 2 23
50 1 61
5 2 32
14 1 1
19 1 42
25 2 23
23 1 70
48 1 19
5 2 3
3 7 1
25 1 17
30 1 58
29 1 1
1 2 43
11 1 3
44 1 8
45 1 13
? 1 github_java_program_data/21/251.java

44 1 10
11 1 13
39 1 8
44 1 23
18 2 23
44 1 18
10 1 3
13 1 3
40 1 39
39 1 30
16 2 17
1 2 18
13 2 1
18 1 16
8 2 1
44 1 1
11 1 1
17 1 14
14 1 1
18 1 17
30 1 44
9 2 10
16 1 11
14 1 10
1 2 30
39 1 1
10 2 1
44 1 9
? 1 github_java_program_data/21/268.java

44 1 10
11 1 13
39 1 8
44 1 23
18 2 23
44 1 18
10 1 3
13 1 3
40 1 39
39 1 30
16 2 17
1 2 18
13 2 1
18 1 16
8 2 1
44 1 1
11 1 1
17 1 14
14 1 1
18 1 17
30 1 44
9 2 10
16 1 11
14 1 10
1 2 30
39 1 1
10 2 1
44 1 9
? 1 github_java_program_data/21/269.java

44 1 10
11 1 13
39 1 8
44 1 23
18 2 23
44 1 18
10 1 3
13 1 3
40 1 39
39 1 30
16 2 17
1 2 18
13 2 1
18 1 16
8 2 1
44 1 1
11 1 1
17 1 14
14 1 1
18 1 17
30 1 44
9 2 10
16 1 11
14 1 10
1 2 30
39 1 1
10 2 1
44 1 9
? 1 github_java_program_data/21/28.java

4 2 1
30 1 54
41 1 19
45 1 23
73 1 72
23 1 56
23 1 20
16 2 17
21 1 1
19 1 110
97 1 48
12 2 15
10 1 1
19 1 34
22 1 21
18 1 16
53 1 48
4 2 42
5 2 34
110 2 5
23 1 53
48 2 52
14 1 43
44 1 3
4 2 5
69 1 48
3 1 4
12 2 20
15 2 70
10 2 3
50 2 23
69 2 30
19 1 5
3 2 38
19 1 3
27 1 21
11 1 43
23 1 15
1 1 38
13 2 3
50 1 48
48 2 61
69 1 51
61 1 19
1 2 41
5 2 110
54 1 50
3 4 1
3 1 5
43 2 51
12 2 54
34 2 4
1 1 37
58 1 21
19 1 29
70 2 22
25 1 16
5 2 42
37 2 38
4 2 97
70 1 50
51 1 21
3 2 4
14 1 13
52 1 19
32 2 5
72 1 19
26 1 21
12 1 11
18 2 23
1 7 3
43 1 21
44 2 45
48 2 75
21 1 42
5 2 4
54 1 69
4 2 32
50 1 51
34 1 3
17 1 14
56 1 21
41 1 11
50 1 41
15 1 14
3 1 1
40 1 45
27 1 19
21 1 3
38 1 19
3 2 5
70 1 30
48 1 21
40 1 44
5 2 1
3 2 43
30 1 15
3 1 37
15 2 20
73 1 51
58 6 45
21 1 34
23 1 73
22 1 19
19 1 1
52 2 57
3 2 28
50 1 43
51 2 61
20 1 21
73 2 12
30 1 22
21 1 29
110 1 76
4 2 29
26 1 19
52 1 23
69 1 41
34 1 33
53 1 52
58 1 19
1 2 4
3 2 41
70 1 69
19 1 4
9 2 13
21 1 4
70 1 23
29 2 4
1 1 4
70 2 56
4 2 34
1 2 28
97 2 4
41 2 48
38 1 21
29 1 28
16 1 11
30 1 70
37 1 19
45 1 3
38 2 37
54 1 30
1 4 3
44 1 18
21 1 32
14 1 10
13 2 1
54 1 23
33 1 27
44 1 10
26 2 27
8 2 10
3 5 1
37 1 3
13 1 1
10 2 1
22 2 20
32 2 4
21 1 5
51 2 75
48 2 72
51 2 72
37 1 5
76 1 21
15 2 12
69 1 75
11 1 1
29 2 5
45 1 9
11 1 41
50 2 30
21 2 5
3 2 18
37 1 21
110 1 72
45 1 25
28 1 26
33 1 26
75 1 21
56 6 44
1 1 3
1 2 33
1 2 37
12 1 14
54 2 58
54 2 70
61 1 21
3 2 33
41 1 21
3 1 38
19 1 32
57 1 21
5 2 29
23 1 12
23 1 54
14 1 3
34 1 1
43 1 19
4 2 3
20 2 22
41 1 14
53 2 73
28 1 27
3 2 37
72 1 30
3 2 25
1 1 5
23 1 22
11 1 10
41 2 51
23 1 58
75 1 19
97 1 57
29 1 3
11 1 13
51 1 19
1 2 38
72 2 76
44 1 23
18 1 17
1 2 5
20 1 19
10 1 3
19 1 97
110 1 48
43 1 11
97 1 52
13 1 3
1 5 3
69 2 23
50 1 61
5 2 32
14 1 1
19 1 42
25 2 23
23 1 70
48 1 19
5 2 3
3 7 1
25 1 17
30 1 58
29 1 1
1 2 43
11 1 3
44 1 8
45 1 13
? 1 github_java_program_data/21/281.java

44 1 10
11 1 13
39 1 8
44 1 23
18 2 23
44 1 18
10 1 3
13 1 3
40 1 39
39 1 30
16 2 17
1 2 18
13 2 1
18 1 16
8 2 1
44 1 1
11 1 1
17 1 14
14 1 1
18 1 17
30 1 44
9 2 10
16 1 11
14 1 10
1 2 30
39 1 1
10 2 1
44 1 9
? 1 github_java_program_data/21/29.java

44 1 10
11 1 13
39 1 8
44 1 23
18 2 23
44 1 18
10 1 3
13 1 3
40 1 39
39 1 30
16 2 17
1 2 18
13 2 1
18 1 16
8 2 1
44 1 1
11 1 1
17 1 14
14 1 1
18 1 17
30 1 44
9 2 10
16 1 11
14 1 10
1 2 30
39 1 1
10 2 1
44 1 9
? 1 github_java_program_data/21/298.java

30 1 54
41 1 19
26 1 19
73 1 72
23 1 56
16 2 17
21 1 1
12 2 15
10 1 1
19 1 34
22 1 21
18 1 16
30 1 73
53 1 48
4 2 42
5 2 34
48 2 52
14 1 43
38 2 37
69 1 48
33 1 27
39 1 1
10 2 3
50 2 23
69 2 30
19 1 5
39 1 8
1 2 28
27 1 21
11 1 43
8 2 1
1 1 38
13 2 3
30 1 20
61 1 19
1 2 41
1 2 18
54 1 50
3 4 1
3 1 5
12 2 54
30 1 12
38 1 19
58 1 21
19 1 29
5 2 32
5 2 42
37 2 38
70 1 50
51 1 21
3 2 4
32 2 5
38 1 21
12 1 11
43 1 21
1 2 23
58 6 44
48 2 75
21 1 42
54 1 69
4 2 32
50 1 51
17 1 14
56 1 21
41 1 11
50 1 41
15 1 14
3 1 1
15 2 12
21 1 3
10 2 1
53 2 12
40 1 20
3 2 5
48 1 21
23 1 44
5 2 1
3 2 43
30 1 15
3 1 37
73 1 51
21 1 34
13 2 1
19 1 1
3 2 28
51 2 61
20 1 21
21 1 29
4 2 29
4 2 34
52 1 23
69 1 41
34 1 33
53 1 52
1 2 4
70 1 69
19 1 4
21 1 4
70 1 23
29 2 4
1 1 4
57 1 23
40 1 39
41 2 48
29 1 28
30 1 70
37 1 19
44 1 30
54 1 30
39 1 23
1 4 3
44 1 18
21 1 32
1 1 37
14 1 10
22 1 19
72 2 57
44 1 10
26 2 27
30 1 53
3 5 1
73 1 57
13 1 1
1 2 43
21 1 5
51 2 72
1 7 3
69 1 75
44 1 1
11 1 1
11 1 41
44 1 9
37 1 21
16 1 11
28 1 26
33 1 26
75 1 21
1 1 3
1 2 33
1 2 37
18 2 30
54 2 70
61 1 21
3 1 38
19 1 32
28 1 27
9 2 10
23 1 54
14 1 3
34 1 1
43 1 19
4 2 3
3 7 1
41 1 14
19 1 3
3 2 37
72 1 30
1 1 5
23 1 22
41 2 51
75 1 19
29 1 3
11 1 13
51 1 19
1 2 38
70 2 58
1 2 5
20 1 19
10 1 3
3 2 41
13 1 3
1 5 3
69 2 23
50 1 61
50 2 30
14 1 1
11 1 3
18 1 17
48 1 19
5 2 3
30 1 58
29 1 1
19 1 42
39 2 20
? 1 github_java_program_data/21/305.java

4 2 1
30 1 54
41 1 19
45 1 23
73 1 72
23 1 56
23 1 20
16 2 17
21 1 1
19 1 110
97 1 48
12 2 15
10 1 1
19 1 34
22 1 21
18 1 16
53 1 48
4 2 42
5 2 34
110 2 5
23 1 53
48 2 52
14 1 43
44 1 3
4 2 5
69 1 48
3 1 4
12 2 20
15 2 70
10 2 3
50 2 23
69 2 30
19 1 5
3 2 38
19 1 3
27 1 21
11 1 43
23 1 15
1 1 38
13 2 3
50 1 48
48 2 61
69 1 51
61 1 19
1 2 41
5 2 110
54 1 50
3 4 1
3 1 5
43 2 51
12 2 54
34 2 4
1 1 37
58 1 21
19 1 29
70 2 22
25 1 16
5 2 42
37 2 38
4 2 97
70 1 50
51 1 21
3 2 4
14 1 13
52 1 19
32 2 5
72 1 19
26 1 21
12 1 11
18 2 23
1 7 3
43 1 21
44 2 45
48 2 75
21 1 42
5 2 4
54 1 69
4 2 32
50 1 51
34 1 3
17 1 14
56 1 21
41 1 11
50 1 41
15 1 14
3 1 1
40 1 45
27 1 19
21 1 3
38 1 19
3 2 5
70 1 30
48 1 21
40 1 44
5 2 1
3 2 43
30 1 15
3 1 37
15 2 20
73 1 51
58 6 45
21 1 34
23 1 73
22 1 19
19 1 1
52 2 57
3 2 28
50 1 43
51 2 61
20 1 21
73 2 12
30 1 22
21 1 29
110 1 76
4 2 29
26 1 19
52 1 23
69 1 41
34 1 33
53 1 52
58 1 19
1 2 4
3 2 41
70 1 69
19 1 4
9 2 13
21 1 4
70 1 23
29 2 4
1 1 4
70 2 56
4 2 34
1 2 28
97 2 4
41 2 48
38 1 21
29 1 28
16 1 11
30 1 70
37 1 19
45 1 3
38 2 37
54 1 30
1 4 3
44 1 18
21 1 32
14 1 10
13 2 1
54 1 23
33 1 27
44 1 10
26 2 27
8 2 10
3 5 1
37 1 3
13 1 1
10 2 1
22 2 20
32 2 4
21 1 5
51 2 75
48 2 72
51 2 72
37 1 5
76 1 21
15 2 12
69 1 75
11 1 1
29 2 5
45 1 9
11 1 41
50 2 30
21 2 5
3 2 18
37 1 21
110 1 72
45 1 25
28 1 26
33 1 26
75 1 21
56 6 44
1 1 3
1 2 33
1 2 37
12 1 14
54 2 58
54 2 70
61 1 21
3 2 33
41 1 21
3 1 38
19 1 32
57 1 21
5 2 29
23 1 12
23 1 54
14 1 3
34 1 1
43 1 19
4 2 3
20 2 22
41 1 14
53 2 73
28 1 27
3 2 37
72 1 30
3 2 25
1 1 5
23 1 22
11 1 10
41 2 51
23 1 58
75 1 19
97 1 57
29 1 3
11 1 13
51 1 19
1 2 38
72 2 76
44 1 23
18 1 17
1 2 5
20 1 19
10 1 3
19 1 97
110 1 48
43 1 11
97 1 52
13 1 3
1 5 3
69 2 23
50 1 61
5 2 32
14 1 1
19 1 42
25 2 23
23 1 70
48 1 19
5 2 3
3 7 1
25 1 17
30 1 58
29 1 1
1 2 43
11 1 3
44 1 8
45 1 13
? 1 github_java_program_data/21/311.java

4 2 1
4 2 110
30 1 54
41 1 19
23 1 56
23 1 20
16 2 17
69 1 51
19 1 4
72 1 19
97 1 48
12 2 15
10 1 1
22 1 21
18 1 16
53 1 48
4 2 42
23 1 53
48 2 52
14 1 43
30 1 44
3 1 4
39 1 1
10 2 3
50 2 23
69 2 30
19 1 5
39 1 8
19 1 3
51 2 75
23 1 15
1 1 38
13 2 3
50 1 48
53 1 76
30 1 20
39 1 30
1 2 41
1 2 18
54 1 50
3 4 1
110 1 76
12 2 54
30 1 12
38 1 19
19 1 29
27 1 19
37 2 38
70 1 50
51 1 21
3 2 4
52 1 19
19 1 110
26 1 21
12 1 11
18 2 23
97 2 5
1 7 3
43 1 21
21 1 42
54 1 69
57 1 19
4 2 32
17 1 14
56 1 21
41 1 11
50 1 41
15 1 14
5 2 42
3 1 1
15 2 12
21 1 3
48 2 61
3 2 5
70 1 30
15 2 22
48 1 21
51 2 52
5 2 1
37 1 21
3 2 43
30 1 15
8 2 1
76 1 30
97 1 72
21 1 34
13 2 1
19 1 1
52 2 57
3 2 28
22 2 20
30 1 22
21 1 29
33 1 27
16 1 11
52 1 23
69 1 41
34 1 33
53 1 52
1 2 4
70 1 69
21 1 1
21 1 4
29 2 4
11 1 41
70 2 56
40 1 39
41 2 48
38 1 21
29 1 28
52 2 76
3 1 37
37 1 19
4 2 34
1 4 3
44 1 18
21 1 32
1 1 37
14 1 10
5 2 97
1 2 30
22 1 19
72 2 57
54 1 23
97 1 51
44 1 10
3 5 1
13 1 1
10 2 1
1 2 43
21 1 5
48 2 72
51 2 72
76 1 21
69 1 75
44 1 1
11 1 1
21 1 97
75 1 19
50 2 30
44 1 9
110 1 51
110 1 72
28 1 26
75 1 21
56 6 44
1 1 3
1 2 33
1 2 37
54 2 70
61 1 21
3 1 38
19 1 32
57 1 21
9 2 10
23 1 12
23 1 54
14 1 3
34 1 1
43 1 19
4 2 3
3 7 1
41 1 14
1 2 28
3 2 37
1 1 5
11 1 43
41 2 51
97 1 57
29 1 3
11 1 13
51 1 19
72 2 76
44 1 23
18 1 17
1 2 5
20 1 19
10 1 3
29 1 1
3 2 41
97 1 52
13 1 3
1 5 3
69 2 23
50 1 61
5 2 32
14 1 1
19 1 42
23 1 70
48 1 19
5 2 3
19 1 97
11 1 3
110 2 4
? 1 github_java_program_data/21/314.java

44 1 10
11 1 13
39 1 8
44 1 23
18 2 23
44 1 18
10 1 3
13 1 3
40 1 39
39 1 30
16 2 17
1 2 18
13 2 1
18 1 16
8 2 1
44 1 1
11 1 1
17 1 14
14 1 1
18 1 17
30 1 44
9 2 10
16 1 11
14 1 10
1 2 30
39 1 1
10 2 1
44 1 9
? 1 github_java_program_data/21/328.java

4 2 1
30 1 54
41 1 19
45 1 23
69 1 43
73 1 72
23 1 56
23 1 20
16 2 17
69 1 51
19 1 4
17 1 11
57 1 30
5 2 34
12 2 15
10 1 1
19 1 34
22 1 21
53 2 15
18 1 16
53 1 48
4 2 42
54 1 50
23 1 53
48 2 52
14 1 43
30 1 44
69 1 48
3 1 4
12 2 20
39 1 1
43 1 14
50 2 23
69 2 30
19 1 5
73 2 53
39 1 8
28 1 27
27 1 21
30 1 45
23 1 22
23 1 15
1 1 38
13 2 3
50 1 48
48 2 61
30 1 20
61 1 19
39 1 30
1 2 41
1 2 18
1 2 25
67 1 30
3 4 1
3 1 5
43 2 51
12 2 54
34 2 4
1 1 37
19 1 29
27 1 19
37 2 38
70 1 50
51 1 21
3 2 4
67 1 8
38 1 21
26 1 21
12 1 11
18 2 23
25 2 23
43 2 48
43 1 21
21 1 42
48 1 21
16 1 14
54 1 69
4 2 32
50 1 51
34 1 3
17 1 14
41 1 11
50 1 41
15 1 14
5 2 42
3 1 1
15 2 12
21 1 3
38 1 19
44 1 9
3 2 5
70 1 30
45 1 1
75 1 19
5 2 1
3 2 43
45 1 10
8 2 1
76 1 30
15 2 20
73 1 51
58 6 45
40 1 67
23 1 73
13 2 1
19 1 1
52 2 57
3 2 28
50 1 43
51 2 61
20 2 54
20 1 21
30 1 22
21 1 29
10 2 1
16 1 11
52 1 23
69 1 41
34 1 33
53 1 52
58 1 19
1 2 4
3 2 41
70 1 69
21 1 1
21 1 4
29 2 4
1 1 4
70 2 56
1 2 28
40 1 39
41 2 48
29 1 28
67 2 39
3 1 37
37 1 19
4 2 34
1 4 3
44 1 18
21 1 34
21 1 32
14 1 10
1 2 30
22 1 19
54 1 23
33 1 27
44 1 10
53 1 57
26 2 27
3 5 1
13 1 1
22 2 20
1 2 43
21 1 5
51 2 75
51 2 72
72 1 23
69 1 75
44 1 1
11 1 1
3 7 1
29 2 5
45 1 9
11 1 41
50 2 30
52 1 30
10 2 3
30 1 56
37 1 21
45 1 25
28 1 26
33 1 26
75 1 21
56 6 44
1 1 3
1 2 33
1 2 37
54 2 70
61 1 21
3 2 33
41 1 21
3 1 38
19 1 32
9 2 10
56 1 19
14 1 13
23 1 12
23 1 54
14 1 3
5 2 29
34 1 1
43 1 19
26 1 19
20 2 22
1 7 3
14 1 41
41 1 14
19 1 3
3 2 37
1 1 5
11 1 43
67 1 1
11 1 10
41 2 51
23 1 58
25 1 16
29 1 3
11 1 13
51 1 19
48 2 75
72 2 76
44 1 23
70 2 58
18 1 17
1 2 5
20 1 19
10 1 3
4 2 29
43 1 11
13 1 3
1 5 3
69 2 23
50 1 61
39 2 67
5 2 32
14 1 1
19 1 42
73 1 76
23 1 70
48 1 19
5 2 3
4 2 3
25 1 17
29 1 1
11 1 3
? 1 github_java_program_data/21/33.java

4 2 1
30 1 54
41 1 19
26 1 19
23 1 56
23 1 20
16 2 17
19 1 4
57 1 30
12 2 15
10 1 1
19 1 34
18 1 16
53 1 48
4 2 42
23 1 53
48 2 52
14 1 43
30 1 44
3 1 4
39 1 1
10 2 3
50 2 23
69 2 30
19 1 5
39 1 8
1 2 28
27 1 21
11 1 43
23 1 15
1 1 38
13 2 3
50 1 48
69 1 51
39 1 30
1 2 41
1 2 18
54 1 50
3 4 1
12 2 54
30 1 12
38 1 19
19 1 29
5 2 32
27 1 19
37 2 38
70 1 50
51 1 21
3 2 4
38 1 21
26 1 21
1 4 3
18 2 23
43 1 21
21 1 42
54 1 69
4 2 32
17 1 14
56 1 21
41 1 11
50 1 41
27 2 26
15 1 14
5 2 42
3 1 1
15 2 12
21 1 3
48 2 61
3 2 5
70 1 30
15 2 22
48 1 21
5 2 1
3 2 43
30 1 15
21 1 34
13 2 1
19 1 1
52 2 57
3 2 28
30 1 22
21 1 29
10 2 1
16 1 11
52 1 23
69 1 41
34 1 33
53 1 52
1 2 4
70 1 69
21 1 1
21 1 4
29 2 4
1 1 4
11 1 41
70 2 56
40 1 39
41 2 48
29 1 28
3 1 37
37 1 19
4 2 34
12 1 11
44 1 18
21 1 32
1 1 37
14 1 10
1 2 30
22 1 19
54 1 23
33 1 27
44 1 10
53 1 57
26 2 27
3 5 1
13 1 1
1 2 43
21 1 5
1 7 3
8 2 1
44 1 1
11 1 1
75 1 19
44 1 9
37 1 21
28 1 26
33 1 26
75 1 21
56 6 44
1 1 3
1 2 33
1 2 37
54 2 70
69 1 75
61 1 21
3 1 38
19 1 32
28 1 27
48 1 19
23 1 12
23 1 54
14 1 3
34 1 1
43 1 19
4 2 3
3 7 1
41 1 14
19 1 3
3 2 37
1 1 5
51 2 75
41 2 51
29 1 3
11 1 13
51 1 19
44 1 23
18 1 17
1 2 5
20 1 19
10 1 3
3 2 41
13 1 3
1 5 3
69 2 23
50 1 61
50 2 30
14 1 1
19 1 42
23 1 70
9 2 10
5 2 3
29 1 1
11 1 3
? 1 github_java_program_data/21/332.java

30 1 54
41 1 19
26 1 19
73 1 72
23 1 56
16 2 17
21 1 1
12 2 15
10 1 1
19 1 34
22 1 21
18 1 16
30 1 73
53 1 48
4 2 42
5 2 34
48 2 52
14 1 43
38 2 37
69 1 48
33 1 27
39 1 1
10 2 3
50 2 23
69 2 30
19 1 5
39 1 8
1 2 28
27 1 21
11 1 43
8 2 1
1 1 38
13 2 3
30 1 20
61 1 19
1 2 41
1 2 18
54 1 50
3 4 1
3 1 5
12 2 54
30 1 12
38 1 19
58 1 21
19 1 29
5 2 32
5 2 42
37 2 38
70 1 50
51 1 21
3 2 4
32 2 5
38 1 21
12 1 11
43 1 21
1 2 23
58 6 44
48 2 75
21 1 42
54 1 69
4 2 32
50 1 51
17 1 14
56 1 21
41 1 11
50 1 41
15 1 14
3 1 1
15 2 12
21 1 3
10 2 1
53 2 12
40 1 20
3 2 5
48 1 21
23 1 44
5 2 1
3 2 43
30 1 15
3 1 37
73 1 51
21 1 34
13 2 1
19 1 1
3 2 28
51 2 61
20 1 21
21 1 29
4 2 29
4 2 34
52 1 23
69 1 41
34 1 33
53 1 52
1 2 4
70 1 69
19 1 4
21 1 4
70 1 23
29 2 4
1 1 4
57 1 23
40 1 39
41 2 48
29 1 28
30 1 70
37 1 19
44 1 30
54 1 30
39 1 23
1 4 3
44 1 18
21 1 32
1 1 37
14 1 10
22 1 19
72 2 57
44 1 10
26 2 27
30 1 53
3 5 1
73 1 57
13 1 1
1 2 43
21 1 5
51 2 72
1 7 3
69 1 75
44 1 1
11 1 1
11 1 41
44 1 9
37 1 21
16 1 11
28 1 26
33 1 26
75 1 21
1 1 3
1 2 33
1 2 37
18 2 30
54 2 70
61 1 21
3 1 38
19 1 32
28 1 27
9 2 10
23 1 54
14 1 3
34 1 1
43 1 19
4 2 3
3 7 1
41 1 14
19 1 3
3 2 37
72 1 30
1 1 5
23 1 22
41 2 51
75 1 19
29 1 3
11 1 13
51 1 19
1 2 38
70 2 58
1 2 5
20 1 19
10 1 3
3 2 41
13 1 3
1 5 3
69 2 23
50 1 61
50 2 30
14 1 1
11 1 3
18 1 17
48 1 19
5 2 3
30 1 58
29 1 1
19 1 42
39 2 20
? 1 github_java_program_data/21/335.java

4 2 1
30 1 54
41 1 19
45 1 23
73 1 72
23 1 56
23 1 20
16 2 17
21 1 1
19 1 110
97 1 48
12 2 15
10 1 1
19 1 34
22 1 21
18 1 16
53 1 48
4 2 42
5 2 34
110 2 5
23 1 53
48 2 52
14 1 43
44 1 3
4 2 5
69 1 48
3 1 4
12 2 20
15 2 70
10 2 3
50 2 23
69 2 30
19 1 5
3 2 38
19 1 3
27 1 21
11 1 43
23 1 15
1 1 38
13 2 3
50 1 48
48 2 61
69 1 51
61 1 19
1 2 41
5 2 110
54 1 50
3 4 1
3 1 5
43 2 51
12 2 54
34 2 4
1 1 37
58 1 21
19 1 29
70 2 22
25 1 16
5 2 42
37 2 38
4 2 97
70 1 50
51 1 21
3 2 4
14 1 13
52 1 19
32 2 5
72 1 19
26 1 21
12 1 11
18 2 23
1 7 3
43 1 21
44 2 45
48 2 75
21 1 42
5 2 4
54 1 69
4 2 32
50 1 51
34 1 3
17 1 14
56 1 21
41 1 11
50 1 41
15 1 14
3 1 1
40 1 45
27 1 19
21 1 3
38 1 19
3 2 5
70 1 30
48 1 21
40 1 44
5 2 1
3 2 43
30 1 15
3 1 37
15 2 20
73 1 51
58 6 45
21 1 34
23 1 73
22 1 19
19 1 1
52 2 57
3 2 28
50 1 43
51 2 61
20 1 21
73 2 12
30 1 22
21 1 29
110 1 76
4 2 29
26 1 19
52 1 23
69 1 41
34 1 33
53 1 52
58 1 19
1 2 4
3 2 41
70 1 69
19 1 4
9 2 13
21 1 4
70 1 23
29 2 4
1 1 4
70 2 56
4 2 34
1 2 28
97 2 4
41 2 48
38 1 21
29 1 28
16 1 11
30 1 70
37 1 19
45 1 3
38 2 37
54 1 30
1 4 3
44 1 18
21 1 32
14 1 10
13 2 1
54 1 23
33 1 27
44 1 10
26 2 27
8 2 10
3 5 1
37 1 3
13 1 1
10 2 1
22 2 20
32 2 4
21 1 5
51 2 75
48 2 72
51 2 72
37 1 5
76 1 21
15 2 12
69 1 75
11 1 1
29 2 5
45 1 9
11 1 41
50 2 30
21 2 5
3 2 18
37 1 21
110 1 72
45 1 25
28 1 26
33 1 26
75 1 21
56 6 44
1 1 3
1 2 33
1 2 37
12 1 14
54 2 58
54 2 70
61 1 21
3 2 33
41 1 21
3 1 38
19 1 32
57 1 21
5 2 29
23 1 12
23 1 54
14 1 3
34 1 1
43 1 19
4 2 3
20 2 22
41 1 14
53 2 73
28 1 27
3 2 37
72 1 30
3 2 25
1 1 5
23 1 22
11 1 10
41 2 51
23 1 58
75 1 19
97 1 57
29 1 3
11 1 13
51 1 19
1 2 38
72 2 76
44 1 23
18 1 17
1 2 5
20 1 19
10 1 3
19 1 97
110 1 48
43 1 11
97 1 52
13 1 3
1 5 3
69 2 23
50 1 61
5 2 32
14 1 1
19 1 42
25 2 23
23 1 70
48 1 19
5 2 3
3 7 1
25 1 17
30 1 58
29 1 1
1 2 43
11 1 3
44 1 8
45 1 13
? 1 github_java_program_data/21/341.java

44 1 10
11 1 13
39 1 8
44 1 23
18 2 23
44 1 18
10 1 3
13 1 3
40 1 39
39 1 30
16 2 17
1 2 18
13 2 1
18 1 16
8 2 1
44 1 1
11 1 1
17 1 14
14 1 1
18 1 17
30 1 44
9 2 10
16 1 11
14 1 10
1 2 30
39 1 1
10 2 1
44 1 9
? 1 github_java_program_data/21/358.java

44 1 10
11 1 13
39 1 8
44 1 23
18 2 23
44 1 18
10 1 3
13 1 3
40 1 39
39 1 30
16 2 17
1 2 18
13 2 1
18 1 16
8 2 1
44 1 1
11 1 1
17 1 14
14 1 1
18 1 17
30 1 44
9 2 10
16 1 11
14 1 10
1 2 30
39 1 1
10 2 1
44 1 9
? 1 github_java_program_data/21/359.java

30 1 54
41 1 19
26 1 19
73 1 72
23 1 56
16 2 17
21 1 1
12 2 15
10 1 1
19 1 34
22 1 21
18 1 16
30 1 73
53 1 48
4 2 42
5 2 34
48 2 52
14 1 43
38 2 37
69 1 48
33 1 27
39 1 1
10 2 3
50 2 23
69 2 30
19 1 5
39 1 8
1 2 28
27 1 21
11 1 43
8 2 1
1 1 38
13 2 3
30 1 20
61 1 19
1 2 41
1 2 18
54 1 50
3 4 1
3 1 5
12 2 54
30 1 12
38 1 19
58 1 21
19 1 29
5 2 32
5 2 42
37 2 38
70 1 50
51 1 21
3 2 4
32 2 5
38 1 21
12 1 11
43 1 21
1 2 23
58 6 44
48 2 75
21 1 42
54 1 69
4 2 32
50 1 51
17 1 14
56 1 21
41 1 11
50 1 41
15 1 14
3 1 1
15 2 12
21 1 3
10 2 1
53 2 12
40 1 20
3 2 5
48 1 21
23 1 44
5 2 1
3 2 43
30 1 15
3 1 37
73 1 51
21 1 34
13 2 1
19 1 1
3 2 28
51 2 61
20 1 21
21 1 29
4 2 29
4 2 34
52 1 23
69 1 41
34 1 33
53 1 52
1 2 4
70 1 69
19 1 4
21 1 4
70 1 23
29 2 4
1 1 4
57 1 23
40 1 39
41 2 48
29 1 28
30 1 70
37 1 19
44 1 30
54 1 30
39 1 23
1 4 3
44 1 18
21 1 32
1 1 37
14 1 10
22 1 19
72 2 57
44 1 10
26 2 27
30 1 53
3 5 1
73 1 57
13 1 1
1 2 43
21 1 5
51 2 72
1 7 3
69 1 75
44 1 1
11 1 1
11 1 41
44 1 9
37 1 21
16 1 11
28 1 26
33 1 26
75 1 21
1 1 3
1 2 33
1 2 37
18 2 30
54 2 70
61 1 21
3 1 38
19 1 32
28 1 27
9 2 10
23 1 54
14 1 3
34 1 1
43 1 19
4 2 3
3 7 1
41 1 14
19 1 3
3 2 37
72 1 30
1 1 5
23 1 22
41 2 51
75 1 19
29 1 3
11 1 13
51 1 19
1 2 38
70 2 58
1 2 5
20 1 19
10 1 3
3 2 41
13 1 3
1 5 3
69 2 23
50 1 61
50 2 30
14 1 1
11 1 3
18 1 17
48 1 19
5 2 3
30 1 58
29 1 1
19 1 42
39 2 20
? 1 github_java_program_data/21/365.java

4 2 1
73 1 52
41 1 19
50 2 30
23 1 56
23 1 20
16 2 17
21 1 1
57 1 30
73 1 81
10 1 1
19 1 34
22 1 21
30 1 54
18 1 16
53 1 48
4 2 42
5 2 34
23 1 53
48 2 52
14 1 43
30 1 44
3 1 4
39 1 1
10 2 3
50 2 23
69 2 30
19 1 5
7 1 1
39 1 8
19 1 3
51 2 75
81 1 53
8 2 1
1 1 38
13 2 3
50 1 48
69 1 51
39 1 30
30 1 73
1 2 18
54 1 50
3 4 1
73 1 48
3 1 5
12 2 54
38 1 19
58 1 21
19 1 29
5 2 42
37 2 38
73 2 22
70 1 50
51 1 21
75 1 19
38 1 21
26 1 21
12 1 11
18 2 23
43 1 21
21 1 42
34 2 5
4 2 32
34 1 3
17 1 14
40 1 2
56 1 21
41 1 11
50 1 41
15 1 14
2 1 1
3 1 1
21 1 3
48 2 61
3 2 5
70 1 30
48 1 21
6 2 39
6 2 7
5 2 1
3 2 43
30 1 15
40 1 6
21 1 34
23 1 73
22 1 19
19 1 1
52 2 57
3 2 28
20 1 21
30 1 22
21 1 29
4 2 29
3 2 4
16 1 11
52 1 23
69 1 41
34 1 33
53 1 52
1 2 4
70 1 69
19 1 4
21 1 4
29 2 4
1 1 4
70 2 56
7 2 6
2 2 6
40 1 39
41 2 48
6 1 1
29 1 28
3 1 37
37 1 19
1 4 3
44 1 18
21 1 32
29 2 5
14 1 10
1 2 30
13 2 1
6 1 3
54 1 23
33 1 27
44 1 10
53 1 57
30 1 53
3 5 1
27 1 19
13 1 1
10 2 1
1 2 43
21 1 5
51 2 72
1 7 3
69 1 75
44 1 1
11 1 1
53 1 51
11 1 41
53 1 72
7 1 3
44 1 9
37 1 21
1 1 37
73 2 12
28 1 26
75 1 21
56 6 44
1 1 3
1 2 33
1 2 37
54 2 70
61 1 21
3 2 33
3 1 38
19 1 32
52 2 81
9 2 10
23 1 12
23 1 54
14 1 3
34 1 1
43 1 19
4 2 3
3 7 1
41 1 14
53 2 73
1 2 28
3 2 37
72 1 30
1 1 5
11 1 43
41 2 51
29 1 3
11 1 13
51 1 19
15 2 53
54 1 69
44 1 23
18 1 17
1 2 5
20 1 19
10 1 3
3 2 41
32 2 4
13 1 3
1 5 3
69 2 23
50 1 61
40 1 7
42 2 5
5 2 32
14 1 1
11 1 3
23 1 70
48 1 19
5 2 3
30 1 58
29 1 1
19 1 42
? 1 github_java_program_data/21/370.java

4 2 1
19 1 4
3 2 5
1 2 37
29 2 4
5 2 1
73 1 72
23 1 56
23 1 20
16 2 17
9 2 8
21 1 1
1 5 3
40 1 39
12 2 15
10 1 1
5 2 29
15 2 20
29 1 28
18 1 16
51 2 72
53 1 48
45 1 30
44 1 30
4 2 34
12 1 11
14 1 43
44 1 18
30 1 44
3 2 4
21 1 32
72 1 30
48 2 52
14 1 10
1 4 3
32 2 5
39 1 1
72 2 57
10 2 3
33 1 27
44 1 10
73 2 53
5 2 42
26 2 27
30 1 53
39 1 8
28 1 27
27 1 21
30 1 45
8 2 10
3 5 1
3 1 4
57 1 23
13 1 1
21 1 5
3 1 5
39 1 30
30 1 73
1 2 18
1 2 30
8 2 1
44 1 1
11 1 1
1 1 4
1 2 28
10 2 1
11 1 41
58 1 21
19 1 29
13 2 1
27 1 19
44 1 9
30 1 56
45 1 10
8 2 13
45 1 25
28 1 26
25 2 30
33 1 26
21 1 4
56 6 44
1 1 3
1 2 33
4 2 3
26 1 21
19 1 5
18 2 30
18 2 23
3 2 33
41 1 21
19 1 32
45 2 44
56 1 19
21 1 42
9 2 10
23 1 12
53 2 56
14 1 3
17 2 16
4 2 32
44 2 45
34 1 1
43 1 19
17 1 14
56 1 21
56 6 45
53 2 73
27 2 26
19 1 3
15 1 14
30 1 58
3 2 25
3 1 1
1 1 5
4 2 42
11 1 10
21 1 3
23 1 58
25 1 16
29 1 3
11 1 13
51 1 19
48 1 21
44 1 23
1 2 5
20 1 19
23 1 15
10 1 3
53 1 52
3 2 43
44 1 13
16 1 11
51 1 21
13 1 3
3 1 37
13 2 3
73 1 51
21 1 34
34 1 3
19 1 1
73 1 57
1 2 4
45 1 3
5 2 32
14 1 1
11 1 3
21 1 29
45 1 8
18 1 17
48 1 19
5 2 3
26 1 19
25 1 17
52 1 23
3 4 1
34 1 33
29 1 1
3 2 28
58 1 19
14 1 13
19 1 42
44 1 8
3 2 41
? 1 github_java_program_data/21/375.java

4 2 1
30 1 54
41 1 19
73 1 72
23 1 56
16 2 17
27 1 19
12 2 15
10 1 1
19 1 34
22 1 21
18 1 16
30 1 73
53 1 48
4 2 42
5 2 34
48 2 52
14 1 43
69 1 48
33 1 27
39 1 1
10 2 3
50 2 23
69 2 30
19 1 5
39 1 8
1 2 28
27 1 21
11 1 43
8 2 1
1 1 38
13 2 3
30 1 20
1 2 41
1 2 18
54 1 50
3 4 1
3 1 5
12 2 54
30 1 12
38 1 19
19 1 29
5 2 32
5 2 42
37 2 38
70 1 50
51 1 21
3 2 4
32 2 5
38 1 21
26 1 21
12 1 11
43 1 21
1 2 23
58 6 44
21 1 42
54 1 69
4 2 32
50 1 51
17 1 14
56 1 21
41 1 11
50 1 41
15 1 14
3 1 1
15 2 12
21 1 3
10 2 1
53 2 12
3 2 5
48 1 21
23 1 44
5 2 1
3 2 43
30 1 15
3 1 37
73 1 51
21 1 34
13 2 1
19 1 1
73 1 57
51 2 61
21 1 29
26 1 19
52 1 23
69 1 41
34 1 33
21 1 1
58 1 19
1 2 4
70 1 69
19 1 4
21 1 4
70 1 23
29 2 4
1 1 4
57 1 23
4 2 34
40 1 39
41 2 48
29 1 28
30 1 70
37 1 19
44 1 30
54 1 30
39 1 23
1 4 3
44 1 18
21 1 32
1 1 37
14 1 10
22 1 19
72 2 57
3 1 4
44 1 10
26 2 27
30 1 53
3 5 1
3 2 28
13 1 1
1 2 43
21 1 5
51 2 72
1 7 3
69 1 75
44 1 1
11 1 1
11 1 41
44 1 9
37 1 21
16 1 11
28 1 26
33 1 26
75 1 21
1 1 3
1 2 33
1 2 37
18 2 30
54 2 70
61 1 21
3 1 38
19 1 32
28 1 27
48 1 19
23 1 54
14 1 3
34 1 1
43 1 19
4 2 3
3 7 1
41 1 14
19 1 3
3 2 37
72 1 30
1 1 5
23 1 22
41 2 51
75 1 19
29 1 3
11 1 13
51 1 19
48 2 75
70 2 58
1 2 5
20 1 19
10 1 3
53 1 52
3 2 41
13 1 3
1 5 3
69 2 23
50 1 61
50 2 30
14 1 1
11 1 3
18 1 17
9 2 10
5 2 3
30 1 58
29 1 1
19 1 42
? 1 github_java_program_data/21/376.java

44 1 10
11 1 13
39 1 8
44 1 23
18 2 23
44 1 18
10 1 3
13 1 3
40 1 39
39 1 30
16 2 17
1 2 18
13 2 1
18 1 16
8 2 1
44 1 1
11 1 1
17 1 14
14 1 1
18 1 17
30 1 44
9 2 10
16 1 11
14 1 10
1 2 30
39 1 1
10 2 1
44 1 9
? 1 github_java_program_data/21/388.java

44 1 10
11 1 13
39 1 8
44 1 23
18 2 23
44 1 18
10 1 3
13 1 3
40 1 39
39 1 30
16 2 17
1 2 18
13 2 1
18 1 16
8 2 1
44 1 1
11 1 1
17 1 14
14 1 1
18 1 17
30 1 44
9 2 10
16 1 11
14 1 10
1 2 30
39 1 1
10 2 1
44 1 9
? 1 github_java_program_data/21/389.java

30 1 54
41 1 19
26 1 19
73 1 72
23 1 56
16 2 17
21 1 1
12 2 15
10 1 1
19 1 34
22 1 21
18 1 16
30 1 73
53 1 48
4 2 42
5 2 34
48 2 52
14 1 43
38 2 37
69 1 48
33 1 27
39 1 1
10 2 3
50 2 23
69 2 30
19 1 5
39 1 8
1 2 28
27 1 21
11 1 43
8 2 1
1 1 38
13 2 3
30 1 20
61 1 19
1 2 41
1 2 18
54 1 50
3 4 1
3 1 5
12 2 54
30 1 12
38 1 19
58 1 21
19 1 29
5 2 32
5 2 42
37 2 38
70 1 50
51 1 21
3 2 4
32 2 5
38 1 21
12 1 11
43 1 21
1 2 23
58 6 44
48 2 75
21 1 42
54 1 69
4 2 32
50 1 51
17 1 14
56 1 21
41 1 11
50 1 41
15 1 14
3 1 1
15 2 12
21 1 3
10 2 1
53 2 12
40 1 20
3 2 5
48 1 21
23 1 44
5 2 1
3 2 43
30 1 15
3 1 37
73 1 51
21 1 34
13 2 1
19 1 1
3 2 28
51 2 61
20 1 21
21 1 29
4 2 29
4 2 34
52 1 23
69 1 41
34 1 33
53 1 52
1 2 4
70 1 69
19 1 4
21 1 4
70 1 23
29 2 4
1 1 4
57 1 23
40 1 39
41 2 48
29 1 28
30 1 70
37 1 19
44 1 30
54 1 30
39 1 23
1 4 3
44 1 18
21 1 32
1 1 37
14 1 10
22 1 19
72 2 57
44 1 10
26 2 27
30 1 53
3 5 1
73 1 57
13 1 1
1 2 43
21 1 5
51 2 72
1 7 3
69 1 75
44 1 1
11 1 1
11 1 41
44 1 9
37 1 21
16 1 11
28 1 26
33 1 26
75 1 21
1 1 3
1 2 33
1 2 37
18 2 30
54 2 70
61 1 21
3 1 38
19 1 32
28 1 27
9 2 10
23 1 54
14 1 3
34 1 1
43 1 19
4 2 3
3 7 1
41 1 14
19 1 3
3 2 37
72 1 30
1 1 5
23 1 22
41 2 51
75 1 19
29 1 3
11 1 13
51 1 19
1 2 38
70 2 58
1 2 5
20 1 19
10 1 3
3 2 41
13 1 3
1 5 3
69 2 23
50 1 61
50 2 30
14 1 1
11 1 3
18 1 17
48 1 19
5 2 3
30 1 58
29 1 1
19 1 42
39 2 20
? 1 github_java_program_data/21/395.java

4 2 1
30 1 54
41 1 19
45 1 23
73 1 72
23 1 56
23 1 20
16 2 17
21 1 1
19 1 110
97 1 48
12 2 15
10 1 1
19 1 34
22 1 21
18 1 16
53 1 48
4 2 42
5 2 34
110 2 5
23 1 53
48 2 52
14 1 43
44 1 3
4 2 5
69 1 48
3 1 4
12 2 20
15 2 70
10 2 3
50 2 23
69 2 30
19 1 5
3 2 38
19 1 3
27 1 21
11 1 43
23 1 15
1 1 38
13 2 3
50 1 48
48 2 61
69 1 51
61 1 19
1 2 41
5 2 110
54 1 50
3 4 1
3 1 5
43 2 51
12 2 54
34 2 4
1 1 37
58 1 21
19 1 29
70 2 22
25 1 16
5 2 42
37 2 38
4 2 97
70 1 50
51 1 21
3 2 4
14 1 13
52 1 19
32 2 5
72 1 19
26 1 21
12 1 11
18 2 23
1 7 3
43 1 21
44 2 45
48 2 75
21 1 42
5 2 4
54 1 69
4 2 32
50 1 51
34 1 3
17 1 14
56 1 21
41 1 11
50 1 41
15 1 14
3 1 1
40 1 45
27 1 19
21 1 3
38 1 19
3 2 5
70 1 30
48 1 21
40 1 44
5 2 1
3 2 43
30 1 15
3 1 37
15 2 20
73 1 51
58 6 45
21 1 34
23 1 73
22 1 19
19 1 1
52 2 57
3 2 28
50 1 43
51 2 61
20 1 21
73 2 12
30 1 22
21 1 29
110 1 76
4 2 29
26 1 19
52 1 23
69 1 41
34 1 33
53 1 52
58 1 19
1 2 4
3 2 41
70 1 69
19 1 4
9 2 13
21 1 4
70 1 23
29 2 4
1 1 4
70 2 56
4 2 34
1 2 28
97 2 4
41 2 48
38 1 21
29 1 28
16 1 11
30 1 70
37 1 19
45 1 3
38 2 37
54 1 30
1 4 3
44 1 18
21 1 32
14 1 10
13 2 1
54 1 23
33 1 27
44 1 10
26 2 27
8 2 10
3 5 1
37 1 3
13 1 1
10 2 1
22 2 20
32 2 4
21 1 5
51 2 75
48 2 72
51 2 72
37 1 5
76 1 21
15 2 12
69 1 75
11 1 1
29 2 5
45 1 9
11 1 41
50 2 30
21 2 5
3 2 18
37 1 21
110 1 72
45 1 25
28 1 26
33 1 26
75 1 21
56 6 44
1 1 3
1 2 33
1 2 37
12 1 14
54 2 58
54 2 70
61 1 21
3 2 33
41 1 21
3 1 38
19 1 32
57 1 21
5 2 29
23 1 12
23 1 54
14 1 3
34 1 1
43 1 19
4 2 3
20 2 22
41 1 14
53 2 73
28 1 27
3 2 37
72 1 30
3 2 25
1 1 5
23 1 22
11 1 10
41 2 51
23 1 58
75 1 19
97 1 57
29 1 3
11 1 13
51 1 19
1 2 38
72 2 76
44 1 23
18 1 17
1 2 5
20 1 19
10 1 3
19 1 97
110 1 48
43 1 11
97 1 52
13 1 3
1 5 3
69 2 23
50 1 61
5 2 32
14 1 1
19 1 42
25 2 23
23 1 70
48 1 19
5 2 3
3 7 1
25 1 17
30 1 58
29 1 1
1 2 43
11 1 3
44 1 8
45 1 13
? 1 github_java_program_data/21/401.java

4 2 1
4 2 110
73 1 52
41 1 19
50 2 30
69 1 43
73 1 72
23 1 56
23 1 20
16 2 17
30 1 20
21 1 1
72 1 19
57 1 30
12 2 15
10 1 1
19 1 34
22 1 21
30 1 54
18 1 16
1 2 41
53 1 48
4 2 42
5 2 34
23 1 53
48 2 52
14 1 43
11 1 3
22 2 70
1 2 28
69 1 48
3 1 4
12 2 20
1 2 23
39 1 1
43 1 14
50 2 23
69 2 30
19 1 5
14 1 41
19 1 3
27 1 21
11 1 43
23 1 15
1 1 38
13 2 3
50 1 48
48 2 61
69 1 51
61 1 19
30 1 73
1 2 18
1 2 25
5 2 110
54 1 50
3 4 1
41 2 51
3 1 5
43 2 51
21 1 110
12 2 54
30 1 12
38 1 19
58 1 21
19 1 29
27 1 19
37 2 38
70 1 50
51 1 21
75 1 19
14 1 13
52 1 19
32 2 5
19 1 110
26 1 21
12 1 11
76 1 23
43 2 48
43 1 21
52 2 76
58 6 44
21 1 42
45 1 1
54 1 69
57 1 19
4 2 32
50 1 51
34 1 3
17 1 14
41 1 11
50 1 41
15 1 14
5 2 42
3 1 1
15 2 12
21 1 3
1 1 37
53 2 12
3 2 5
15 2 22
48 1 21
51 2 52
23 1 44
5 2 1
52 1 21
110 1 51
3 2 43
30 1 15
8 2 1
76 1 30
97 1 72
97 1 76
21 1 34
23 1 73
22 1 19
19 1 1
52 2 57
73 1 57
50 1 43
51 2 61
15 2 54
20 1 21
30 1 22
21 1 29
45 1 8
33 1 27
3 2 4
26 1 19
52 1 23
69 1 41
110 1 76
34 1 33
53 1 52
58 1 19
1 2 4
3 2 41
70 1 69
19 1 4
9 2 13
25 2 30
1 2 37
21 1 4
70 1 23
29 2 4
1 1 4
57 1 23
4 2 34
23 1 45
40 1 39
8 2 9
41 2 48
38 1 21
29 1 28
73 1 51
30 1 70
37 1 19
44 1 30
54 1 30
58 6 45
39 1 23
1 4 3
44 1 18
21 1 32
29 2 5
14 1 10
15 2 73
13 2 1
52 1 30
97 1 51
10 2 3
44 1 10
53 1 57
26 2 27
30 1 53
3 5 1
3 2 28
13 1 1
10 2 1
22 2 20
1 2 43
21 1 5
51 2 75
3 1 37
48 2 72
51 2 72
54 2 22
72 1 23
3 2 33
69 1 75
44 1 1
11 1 1
3 7 1
53 1 51
45 1 9
11 1 41
53 1 72
44 2 45
44 1 9
37 1 21
110 1 72
45 1 25
28 1 26
33 1 26
75 1 21
1 1 3
1 2 33
45 1 30
20 2 15
18 2 30
54 2 70
61 1 21
56 1 19
41 1 21
3 1 38
19 1 32
110 1 57
57 1 21
9 2 10
23 1 12
23 1 54
14 1 3
76 1 21
34 1 1
43 1 19
16 1 11
20 2 22
1 7 3
39 1 8
41 1 14
28 1 27
3 2 37
72 1 30
1 1 5
23 1 22
11 1 10
73 1 48
25 1 16
97 1 57
29 1 3
11 1 13
51 1 19
48 2 75
15 2 53
72 2 76
70 2 58
1 2 5
20 1 19
10 1 3
19 1 97
110 1 48
43 1 11
97 1 52
13 1 3
1 5 3
69 2 23
50 1 61
5 2 32
14 1 1
19 1 42
73 1 76
18 1 17
48 1 19
5 2 3
4 2 3
25 1 17
30 1 58
29 1 1
110 1 52
45 1 13
? 1 github_java_program_data/21/402.java

4 2 1
30 1 54
41 1 19
73 1 72
23 1 56
23 1 20
16 2 17
70 1 50
97 1 48
4 2 32
18 1 16
53 2 73
11 2 14
23 1 53
48 2 52
14 1 43
30 1 44
72 1 30
3 1 4
12 2 20
39 1 1
50 2 23
69 2 30
19 1 5
39 1 8
19 1 3
27 1 21
11 1 43
23 1 15
1 1 38
13 2 3
50 1 48
69 1 51
39 1 30
1 2 41
1 2 18
54 1 50
3 4 1
38 1 19
3 1 5
34 2 4
1 1 37
58 1 21
19 1 29
5 2 32
5 2 42
37 2 38
51 1 21
3 2 4
52 1 19
15 1 11
38 1 21
26 1 21
12 1 11
18 2 23
97 2 5
43 1 21
51 1 19
21 1 42
54 1 69
34 1 3
17 1 14
56 1 21
41 1 11
50 1 41
21 1 1
3 1 1
21 1 3
48 2 61
3 2 5
70 1 30
48 1 21
5 2 1
3 2 43
8 2 1
53 1 48
73 1 51
21 1 34
23 1 73
13 2 1
19 1 1
52 2 57
3 2 28
15 2 54
4 2 42
20 1 21
30 1 22
21 1 29
4 2 29
26 1 19
52 1 23
69 1 41
34 1 33
53 1 52
1 2 4
70 1 69
19 1 4
21 1 4
11 1 41
70 2 56
40 1 39
41 2 48
29 1 28
3 1 37
37 1 19
4 2 34
1 4 3
44 1 18
21 1 32
14 1 10
5 2 97
1 2 30
22 1 19
54 1 23
33 1 27
44 1 10
26 2 27
3 5 1
27 1 19
13 1 1
1 2 43
21 1 5
51 2 75
51 2 72
1 7 3
69 1 75
44 1 1
11 1 1
75 1 19
44 1 9
37 1 21
16 1 11
28 1 26
33 1 26
75 1 21
56 6 44
1 1 3
1 2 37
12 1 14
54 2 70
61 1 21
3 2 33
3 1 38
19 1 32
57 1 21
9 2 10
23 1 12
23 1 54
12 2 53
43 1 19
4 2 3
20 2 22
41 1 14
28 1 27
3 2 37
4 2 5
23 1 22
41 2 51
97 1 57
29 1 3
11 1 13
10 2 1
44 1 23
18 1 17
1 2 5
20 1 19
10 1 3
97 1 52
13 1 3
1 5 3
69 2 23
50 1 61
50 2 30
14 1 1
11 1 3
23 1 70
48 1 19
5 2 3
3 7 1
30 1 58
19 1 97
73 2 15
19 1 42
? 1 github_java_program_data/21/408.java

4 2 1
30 1 54
41 1 19
73 1 72
23 1 56
16 2 17
70 1 50
12 2 15
4 2 32
19 1 34
22 1 21
18 1 16
30 1 73
53 2 73
11 2 14
5 2 34
48 2 52
14 1 43
69 1 48
3 1 4
39 1 1
50 2 23
69 2 30
19 1 5
73 2 53
39 1 8
1 2 28
23 1 22
8 2 1
1 1 38
13 2 3
30 1 20
1 2 41
1 2 18
54 1 50
3 4 1
3 1 5
30 1 12
38 1 19
58 1 21
19 1 29
5 2 32
5 2 42
37 2 38
51 1 21
3 2 4
15 1 11
38 1 21
26 1 21
12 1 11
43 1 21
1 2 23
58 6 44
21 1 42
54 1 69
50 1 51
34 1 3
17 1 14
56 1 21
41 1 11
50 1 41
3 1 1
21 1 3
10 2 1
53 2 12
3 2 5
48 1 21
23 1 44
5 2 1
3 2 43
30 1 15
53 1 48
73 1 51
21 1 34
13 2 1
19 1 1
3 2 28
15 2 54
51 2 61
4 2 42
21 1 29
4 2 29
4 2 34
52 1 23
69 1 41
34 1 33
21 1 1
58 1 19
1 2 4
70 1 69
19 1 4
21 1 4
70 1 23
29 2 4
1 1 4
57 1 23
32 2 5
40 1 39
41 2 48
29 1 28
30 1 70
37 1 19
44 1 30
54 1 30
39 1 23
1 4 3
44 1 18
21 1 32
1 1 37
14 1 10
22 1 19
72 2 57
33 1 27
44 1 10
26 2 27
30 1 53
3 5 1
73 1 57
27 1 19
13 1 1
1 2 43
21 1 5
3 1 37
51 2 72
1 7 3
69 1 75
44 1 1
11 1 1
11 1 41
44 1 9
37 1 21
16 1 11
28 1 26
33 1 26
75 1 21
1 1 3
1 2 33
1 2 37
12 1 14
18 2 30
54 2 70
61 1 21
3 2 33
3 1 38
19 1 32
28 1 27
48 1 19
23 1 54
34 1 1
43 1 19
4 2 3
3 7 1
41 1 14
19 1 3
3 2 37
72 1 30
1 1 5
11 1 43
41 2 51
75 1 19
29 1 3
11 1 13
51 1 19
48 2 75
70 2 58
1 2 5
20 1 19
10 1 3
53 1 52
13 1 3
1 5 3
69 2 23
50 1 61
50 2 30
14 1 1
11 1 3
18 1 17
9 2 10
5 2 3
30 1 58
29 1 1
19 1 42
? 1 github_java_program_data/21/410.java

4 2 1
30 1 54
41 1 19
26 1 19
23 1 56
23 1 20
16 2 17
19 1 4
57 1 30
12 2 15
10 1 1
19 1 34
18 1 16
53 1 48
4 2 42
5 2 34
23 1 53
48 2 52
14 1 43
30 1 44
3 1 4
39 1 1
10 2 3
50 2 23
69 2 30
19 1 5
39 1 8
1 2 28
27 1 21
11 1 43
23 1 15
1 1 38
13 2 3
50 1 48
69 1 51
39 1 30
1 2 41
1 2 18
54 1 50
3 4 1
12 2 54
30 1 12
38 1 19
32 2 4
19 1 29
5 2 32
27 1 19
37 2 38
70 1 50
51 1 21
3 2 4
38 1 21
26 1 21
1 4 3
18 2 23
43 1 21
21 1 42
54 1 69
4 2 32
17 1 14
56 1 21
41 1 11
50 1 41
27 2 26
15 1 14
5 2 42
3 1 1
15 2 12
21 1 3
48 2 61
3 2 5
70 1 30
15 2 22
48 1 21
5 2 1
3 2 43
30 1 15
21 1 34
13 2 1
19 1 1
52 2 57
3 2 28
30 1 22
21 1 29
10 2 1
16 1 11
52 1 23
69 1 41
34 1 33
53 1 52
1 2 4
70 1 69
21 1 1
21 1 4
1 1 4
11 1 41
70 2 56
40 1 39
41 2 48
29 1 28
3 1 37
37 1 19
4 2 34
12 1 11
44 1 18
21 1 32
1 1 37
14 1 10
1 2 30
22 1 19
54 1 23
33 1 27
44 1 10
53 1 57
26 2 27
3 5 1
13 1 1
1 2 43
21 1 5
1 7 3
8 2 1
44 1 1
11 1 1
29 2 5
75 1 19
44 1 9
37 1 21
28 1 26
33 1 26
75 1 21
56 6 44
1 1 3
1 2 33
1 2 37
54 2 70
69 1 75
61 1 21
3 1 38
19 1 32
28 1 27
48 1 19
23 1 12
23 1 54
14 1 3
34 1 1
43 1 19
4 2 3
3 7 1
41 1 14
19 1 3
3 2 37
1 1 5
51 2 75
41 2 51
29 1 3
11 1 13
51 1 19
34 2 5
44 1 23
18 1 17
1 2 5
20 1 19
10 1 3
3 2 41
13 1 3
1 5 3
69 2 23
50 1 61
50 2 30
14 1 1
19 1 42
23 1 70
9 2 10
5 2 3
29 1 1
11 1 3
? 1 github_java_program_data/21/417.java

44 1 10
11 1 13
39 1 8
44 1 23
18 2 23
44 1 18
10 1 3
13 1 3
40 1 39
39 1 30
16 2 17
1 2 18
13 2 1
18 1 16
8 2 1
44 1 1
11 1 1
17 1 14
14 1 1
18 1 17
30 1 44
9 2 10
16 1 11
14 1 10
1 2 30
39 1 1
10 2 1
44 1 9
? 1 github_java_program_data/21/418.java

44 1 10
11 1 13
39 1 8
44 1 23
18 2 23
44 1 18
10 1 3
13 1 3
40 1 39
39 1 30
16 2 17
1 2 18
13 2 1
18 1 16
8 2 1
44 1 1
11 1 1
17 1 14
14 1 1
18 1 17
30 1 44
9 2 10
16 1 11
14 1 10
1 2 30
39 1 1
10 2 1
44 1 9
? 1 github_java_program_data/21/419.java

4 2 1
30 1 54
41 1 19
45 1 23
73 1 72
23 1 56
23 1 20
16 2 17
21 1 1
19 1 110
97 1 48
12 2 15
10 1 1
19 1 34
22 1 21
18 1 16
53 1 48
4 2 42
5 2 34
110 2 5
23 1 53
48 2 52
14 1 43
44 1 3
4 2 5
69 1 48
3 1 4
12 2 20
15 2 70
10 2 3
50 2 23
69 2 30
19 1 5
3 2 38
19 1 3
27 1 21
11 1 43
23 1 15
1 1 38
13 2 3
50 1 48
48 2 61
69 1 51
61 1 19
1 2 41
5 2 110
54 1 50
3 4 1
3 1 5
43 2 51
12 2 54
34 2 4
1 1 37
58 1 21
19 1 29
70 2 22
25 1 16
5 2 42
37 2 38
4 2 97
70 1 50
51 1 21
3 2 4
14 1 13
52 1 19
32 2 5
72 1 19
26 1 21
12 1 11
18 2 23
1 7 3
43 1 21
44 2 45
48 2 75
21 1 42
5 2 4
54 1 69
4 2 32
50 1 51
34 1 3
17 1 14
56 1 21
41 1 11
50 1 41
15 1 14
3 1 1
40 1 45
27 1 19
21 1 3
38 1 19
3 2 5
70 1 30
48 1 21
40 1 44
5 2 1
3 2 43
30 1 15
3 1 37
15 2 20
73 1 51
58 6 45
21 1 34
23 1 73
22 1 19
19 1 1
52 2 57
3 2 28
50 1 43
51 2 61
20 1 21
73 2 12
30 1 22
21 1 29
110 1 76
4 2 29
26 1 19
52 1 23
69 1 41
34 1 33
53 1 52
58 1 19
1 2 4
3 2 41
70 1 69
19 1 4
9 2 13
21 1 4
70 1 23
29 2 4
1 1 4
70 2 56
4 2 34
1 2 28
97 2 4
41 2 48
38 1 21
29 1 28
16 1 11
30 1 70
37 1 19
45 1 3
38 2 37
54 1 30
1 4 3
44 1 18
21 1 32
14 1 10
13 2 1
54 1 23
33 1 27
44 1 10
26 2 27
8 2 10
3 5 1
37 1 3
13 1 1
10 2 1
22 2 20
32 2 4
21 1 5
51 2 75
48 2 72
51 2 72
37 1 5
76 1 21
15 2 12
69 1 75
11 1 1
29 2 5
45 1 9
11 1 41
50 2 30
21 2 5
3 2 18
37 1 21
110 1 72
45 1 25
28 1 26
33 1 26
75 1 21
56 6 44
1 1 3
1 2 33
1 2 37
12 1 14
54 2 58
54 2 70
61 1 21
3 2 33
41 1 21
3 1 38
19 1 32
57 1 21
5 2 29
23 1 12
23 1 54
14 1 3
34 1 1
43 1 19
4 2 3
20 2 22
41 1 14
53 2 73
28 1 27
3 2 37
72 1 30
3 2 25
1 1 5
23 1 22
11 1 10
41 2 51
23 1 58
75 1 19
97 1 57
29 1 3
11 1 13
51 1 19
1 2 38
72 2 76
44 1 23
18 1 17
1 2 5
20 1 19
10 1 3
19 1 97
110 1 48
43 1 11
97 1 52
13 1 3
1 5 3
69 2 23
50 1 61
5 2 32
14 1 1
19 1 42
25 2 23
23 1 70
48 1 19
5 2 3
3 7 1
25 1 17
30 1 58
29 1 1
1 2 43
11 1 3
44 1 8
45 1 13
? 1 github_java_program_data/21/431.java

44 1 10
11 1 13
39 1 8
44 1 23
18 2 23
44 1 18
10 1 3
13 1 3
40 1 39
39 1 30
16 2 17
1 2 18
13 2 1
18 1 16
8 2 1
44 1 1
11 1 1
17 1 14
14 1 1
18 1 17
30 1 44
9 2 10
16 1 11
14 1 10
1 2 30
39 1 1
10 2 1
44 1 9
? 1 github_java_program_data/21/448.java

44 1 10
11 1 13
39 1 8
44 1 23
18 2 23
44 1 18
10 1 3
13 1 3
40 1 39
39 1 30
16 2 17
1 2 18
13 2 1
18 1 16
8 2 1
44 1 1
11 1 1
17 1 14
14 1 1
18 1 17
30 1 44
9 2 10
16 1 11
14 1 10
1 2 30
39 1 1
10 2 1
44 1 9
? 1 github_java_program_data/21/449.java

30 1 54
41 1 19
26 1 19
73 1 72
23 1 56
16 2 17
21 1 1
12 2 15
10 1 1
19 1 34
22 1 21
18 1 16
30 1 73
53 1 48
4 2 42
5 2 34
48 2 52
14 1 43
38 2 37
69 1 48
33 1 27
39 1 1
10 2 3
50 2 23
69 2 30
19 1 5
39 1 8
1 2 28
27 1 21
11 1 43
8 2 1
1 1 38
13 2 3
30 1 20
61 1 19
1 2 41
1 2 18
54 1 50
3 4 1
3 1 5
12 2 54
30 1 12
38 1 19
58 1 21
19 1 29
5 2 32
5 2 42
37 2 38
70 1 50
51 1 21
3 2 4
32 2 5
38 1 21
12 1 11
43 1 21
1 2 23
58 6 44
48 2 75
21 1 42
54 1 69
4 2 32
50 1 51
17 1 14
56 1 21
41 1 11
50 1 41
15 1 14
3 1 1
15 2 12
21 1 3
10 2 1
53 2 12
40 1 20
3 2 5
48 1 21
23 1 44
5 2 1
3 2 43
30 1 15
3 1 37
73 1 51
21 1 34
13 2 1
19 1 1
3 2 28
51 2 61
20 1 21
21 1 29
4 2 29
4 2 34
52 1 23
69 1 41
34 1 33
53 1 52
1 2 4
70 1 69
19 1 4
21 1 4
70 1 23
29 2 4
1 1 4
57 1 23
40 1 39
41 2 48
29 1 28
30 1 70
37 1 19
44 1 30
54 1 30
39 1 23
1 4 3
44 1 18
21 1 32
1 1 37
14 1 10
22 1 19
72 2 57
44 1 10
26 2 27
30 1 53
3 5 1
73 1 57
13 1 1
1 2 43
21 1 5
51 2 72
1 7 3
69 1 75
44 1 1
11 1 1
11 1 41
44 1 9
37 1 21
16 1 11
28 1 26
33 1 26
75 1 21
1 1 3
1 2 33
1 2 37
18 2 30
54 2 70
61 1 21
3 1 38
19 1 32
28 1 27
9 2 10
23 1 54
14 1 3
34 1 1
43 1 19
4 2 3
3 7 1
41 1 14
19 1 3
3 2 37
72 1 30
1 1 5
23 1 22
41 2 51
75 1 19
29 1 3
11 1 13
51 1 19
1 2 38
70 2 58
1 2 5
20 1 19
10 1 3
3 2 41
13 1 3
1 5 3
69 2 23
50 1 61
50 2 30
14 1 1
11 1 3
18 1 17
48 1 19
5 2 3
30 1 58
29 1 1
19 1 42
39 2 20
? 1 github_java_program_data/21/455.java

44 1 10
11 1 13
39 1 8
44 1 23
18 2 23
44 1 18
10 1 3
13 1 3
40 1 39
39 1 30
16 2 17
1 2 18
13 2 1
18 1 16
8 2 1
44 1 1
11 1 1
17 1 14
14 1 1
18 1 17
30 1 44
9 2 10
16 1 11
14 1 10
1 2 30
39 1 1
10 2 1
44 1 9
? 1 github_java_program_data/21/478.java

44 1 10
11 1 13
39 1 8
44 1 23
18 2 23
44 1 18
10 1 3
13 1 3
40 1 39
39 1 30
16 2 17
1 2 18
13 2 1
18 1 16
8 2 1
44 1 1
11 1 1
17 1 14
14 1 1
18 1 17
30 1 44
9 2 10
16 1 11
14 1 10
1 2 30
39 1 1
10 2 1
44 1 9
? 1 github_java_program_data/21/479.java

30 1 54
41 1 19
26 1 19
73 1 72
23 1 56
16 2 17
21 1 1
12 2 15
10 1 1
19 1 34
22 1 21
18 1 16
30 1 73
53 1 48
4 2 42
5 2 34
48 2 52
14 1 43
38 2 37
69 1 48
33 1 27
39 1 1
10 2 3
50 2 23
69 2 30
19 1 5
39 1 8
1 2 28
27 1 21
11 1 43
8 2 1
1 1 38
13 2 3
30 1 20
61 1 19
1 2 41
1 2 18
54 1 50
3 4 1
3 1 5
12 2 54
30 1 12
38 1 19
58 1 21
19 1 29
5 2 32
5 2 42
37 2 38
70 1 50
51 1 21
3 2 4
32 2 5
38 1 21
12 1 11
43 1 21
1 2 23
58 6 44
48 2 75
21 1 42
54 1 69
4 2 32
50 1 51
17 1 14
56 1 21
41 1 11
50 1 41
15 1 14
3 1 1
15 2 12
21 1 3
10 2 1
53 2 12
40 1 20
3 2 5
48 1 21
23 1 44
5 2 1
3 2 43
30 1 15
3 1 37
73 1 51
21 1 34
13 2 1
19 1 1
3 2 28
51 2 61
20 1 21
21 1 29
4 2 29
4 2 34
52 1 23
69 1 41
34 1 33
53 1 52
1 2 4
70 1 69
19 1 4
21 1 4
70 1 23
29 2 4
1 1 4
57 1 23
40 1 39
41 2 48
29 1 28
30 1 70
37 1 19
44 1 30
54 1 30
39 1 23
1 4 3
44 1 18
21 1 32
1 1 37
14 1 10
22 1 19
72 2 57
44 1 10
26 2 27
30 1 53
3 5 1
73 1 57
13 1 1
1 2 43
21 1 5
51 2 72
1 7 3
69 1 75
44 1 1
11 1 1
11 1 41
44 1 9
37 1 21
16 1 11
28 1 26
33 1 26
75 1 21
1 1 3
1 2 33
1 2 37
18 2 30
54 2 70
61 1 21
3 1 38
19 1 32
28 1 27
9 2 10
23 1 54
14 1 3
34 1 1
43 1 19
4 2 3
3 7 1
41 1 14
19 1 3
3 2 37
72 1 30
1 1 5
23 1 22
41 2 51
75 1 19
29 1 3
11 1 13
51 1 19
1 2 38
70 2 58
1 2 5
20 1 19
10 1 3
3 2 41
13 1 3
1 5 3
69 2 23
50 1 61
50 2 30
14 1 1
11 1 3
18 1 17
48 1 19
5 2 3
30 1 58
29 1 1
19 1 42
39 2 20
? 1 github_java_program_data/21/485.java

4 2 1
30 1 54
41 1 19
45 1 23
73 1 72
23 1 56
23 1 20
16 2 17
21 1 1
19 1 110
97 1 48
12 2 15
10 1 1
19 1 34
22 1 21
18 1 16
53 1 48
4 2 42
5 2 34
110 2 5
23 1 53
48 2 52
14 1 43
44 1 3
4 2 5
69 1 48
3 1 4
12 2 20
15 2 70
10 2 3
50 2 23
69 2 30
19 1 5
3 2 38
19 1 3
27 1 21
11 1 43
23 1 15
1 1 38
13 2 3
50 1 48
48 2 61
69 1 51
61 1 19
1 2 41
5 2 110
54 1 50
3 4 1
3 1 5
43 2 51
12 2 54
34 2 4
1 1 37
58 1 21
19 1 29
70 2 22
25 1 16
5 2 42
37 2 38
4 2 97
70 1 50
51 1 21
3 2 4
14 1 13
52 1 19
32 2 5
72 1 19
26 1 21
12 1 11
18 2 23
1 7 3
43 1 21
44 2 45
48 2 75
21 1 42
5 2 4
54 1 69
4 2 32
50 1 51
34 1 3
17 1 14
56 1 21
41 1 11
50 1 41
15 1 14
3 1 1
40 1 45
27 1 19
21 1 3
38 1 19
3 2 5
70 1 30
48 1 21
40 1 44
5 2 1
3 2 43
30 1 15
3 1 37
15 2 20
73 1 51
58 6 45
21 1 34
23 1 73
22 1 19
19 1 1
52 2 57
3 2 28
50 1 43
51 2 61
20 1 21
73 2 12
30 1 22
21 1 29
110 1 76
4 2 29
26 1 19
52 1 23
69 1 41
34 1 33
53 1 52
58 1 19
1 2 4
3 2 41
70 1 69
19 1 4
9 2 13
21 1 4
70 1 23
29 2 4
1 1 4
70 2 56
4 2 34
1 2 28
97 2 4
41 2 48
38 1 21
29 1 28
16 1 11
30 1 70
37 1 19
45 1 3
38 2 37
54 1 30
1 4 3
44 1 18
21 1 32
14 1 10
13 2 1
54 1 23
33 1 27
44 1 10
26 2 27
8 2 10
3 5 1
37 1 3
13 1 1
10 2 1
22 2 20
32 2 4
21 1 5
51 2 75
48 2 72
51 2 72
37 1 5
76 1 21
15 2 12
69 1 75
11 1 1
29 2 5
45 1 9
11 1 41
50 2 30
21 2 5
3 2 18
37 1 21
110 1 72
45 1 25
28 1 26
33 1 26
75 1 21
56 6 44
1 1 3
1 2 33
1 2 37
12 1 14
54 2 58
54 2 70
61 1 21
3 2 33
41 1 21
3 1 38
19 1 32
57 1 21
5 2 29
23 1 12
23 1 54
14 1 3
34 1 1
43 1 19
4 2 3
20 2 22
41 1 14
53 2 73
28 1 27
3 2 37
72 1 30
3 2 25
1 1 5
23 1 22
11 1 10
41 2 51
23 1 58
75 1 19
97 1 57
29 1 3
11 1 13
51 1 19
1 2 38
72 2 76
44 1 23
18 1 17
1 2 5
20 1 19
10 1 3
19 1 97
110 1 48
43 1 11
97 1 52
13 1 3
1 5 3
69 2 23
50 1 61
5 2 32
14 1 1
19 1 42
25 2 23
23 1 70
48 1 19
5 2 3
3 7 1
25 1 17
30 1 58
29 1 1
1 2 43
11 1 3
44 1 8
45 1 13
? 1 github_java_program_data/21/491.java

44 1 10
11 1 13
39 1 8
44 1 23
18 2 23
44 1 18
10 1 3
13 1 3
40 1 39
39 1 30
16 2 17
1 2 18
13 2 1
18 1 16
8 2 1
44 1 1
11 1 1
17 1 14
14 1 1
18 1 17
30 1 44
9 2 10
16 1 11
14 1 10
1 2 30
39 1 1
10 2 1
44 1 9
? 1 github_java_program_data/21/508.java

44 1 10
11 1 13
39 1 8
44 1 23
18 2 23
44 1 18
10 1 3
13 1 3
40 1 39
39 1 30
16 2 17
1 2 18
13 2 1
18 1 16
8 2 1
44 1 1
11 1 1
17 1 14
14 1 1
18 1 17
30 1 44
9 2 10
16 1 11
14 1 10
1 2 30
39 1 1
10 2 1
44 1 9
? 1 github_java_program_data/21/509.java

30 1 54
41 1 19
26 1 19
73 1 72
23 1 56
16 2 17
21 1 1
12 2 15
10 1 1
19 1 34
22 1 21
18 1 16
30 1 73
53 1 48
4 2 42
5 2 34
48 2 52
14 1 43
38 2 37
69 1 48
33 1 27
39 1 1
10 2 3
50 2 23
69 2 30
19 1 5
39 1 8
1 2 28
27 1 21
11 1 43
8 2 1
1 1 38
13 2 3
30 1 20
61 1 19
1 2 41
1 2 18
54 1 50
3 4 1
3 1 5
12 2 54
30 1 12
38 1 19
58 1 21
19 1 29
5 2 32
5 2 42
37 2 38
70 1 50
51 1 21
3 2 4
32 2 5
38 1 21
12 1 11
43 1 21
1 2 23
58 6 44
48 2 75
21 1 42
54 1 69
4 2 32
50 1 51
17 1 14
56 1 21
41 1 11
50 1 41
15 1 14
3 1 1
15 2 12
21 1 3
10 2 1
53 2 12
40 1 20
3 2 5
48 1 21
23 1 44
5 2 1
3 2 43
30 1 15
3 1 37
73 1 51
21 1 34
13 2 1
19 1 1
3 2 28
51 2 61
20 1 21
21 1 29
4 2 29
4 2 34
52 1 23
69 1 41
34 1 33
53 1 52
1 2 4
70 1 69
19 1 4
21 1 4
70 1 23
29 2 4
1 1 4
57 1 23
40 1 39
41 2 48
29 1 28
30 1 70
37 1 19
44 1 30
54 1 30
39 1 23
1 4 3
44 1 18
21 1 32
1 1 37
14 1 10
22 1 19
72 2 57
44 1 10
26 2 27
30 1 53
3 5 1
73 1 57
13 1 1
1 2 43
21 1 5
51 2 72
1 7 3
69 1 75
44 1 1
11 1 1
11 1 41
44 1 9
37 1 21
16 1 11
28 1 26
33 1 26
75 1 21
1 1 3
1 2 33
1 2 37
18 2 30
54 2 70
61 1 21
3 1 38
19 1 32
28 1 27
9 2 10
23 1 54
14 1 3
34 1 1
43 1 19
4 2 3
3 7 1
41 1 14
19 1 3
3 2 37
72 1 30
1 1 5
23 1 22
41 2 51
75 1 19
29 1 3
11 1 13
51 1 19
1 2 38
70 2 58
1 2 5
20 1 19
10 1 3
3 2 41
13 1 3
1 5 3
69 2 23
50 1 61
50 2 30
14 1 1
11 1 3
18 1 17
48 1 19
5 2 3
30 1 58
29 1 1
19 1 42
39 2 20
? 1 github_java_program_data/21/515.java

4 2 1
30 1 54
41 1 19
45 1 23
73 1 72
23 1 56
23 1 20
16 2 17
21 1 1
19 1 110
97 1 48
12 2 15
10 1 1
19 1 34
22 1 21
18 1 16
53 1 48
4 2 42
5 2 34
110 2 5
23 1 53
48 2 52
14 1 43
44 1 3
4 2 5
69 1 48
3 1 4
12 2 20
15 2 70
10 2 3
50 2 23
69 2 30
19 1 5
3 2 38
19 1 3
27 1 21
11 1 43
23 1 15
1 1 38
13 2 3
50 1 48
48 2 61
69 1 51
61 1 19
1 2 41
5 2 110
54 1 50
3 4 1
3 1 5
43 2 51
12 2 54
34 2 4
1 1 37
58 1 21
19 1 29
70 2 22
25 1 16
5 2 42
37 2 38
4 2 97
70 1 50
51 1 21
3 2 4
14 1 13
52 1 19
32 2 5
72 1 19
26 1 21
12 1 11
18 2 23
1 7 3
43 1 21
44 2 45
48 2 75
21 1 42
5 2 4
54 1 69
4 2 32
50 1 51
34 1 3
17 1 14
56 1 21
41 1 11
50 1 41
15 1 14
3 1 1
40 1 45
27 1 19
21 1 3
38 1 19
3 2 5
70 1 30
48 1 21
40 1 44
5 2 1
3 2 43
30 1 15
3 1 37
15 2 20
73 1 51
58 6 45
21 1 34
23 1 73
22 1 19
19 1 1
52 2 57
3 2 28
50 1 43
51 2 61
20 1 21
73 2 12
30 1 22
21 1 29
110 1 76
4 2 29
26 1 19
52 1 23
69 1 41
34 1 33
53 1 52
58 1 19
1 2 4
3 2 41
70 1 69
19 1 4
9 2 13
21 1 4
70 1 23
29 2 4
1 1 4
70 2 56
4 2 34
1 2 28
97 2 4
41 2 48
38 1 21
29 1 28
16 1 11
30 1 70
37 1 19
45 1 3
38 2 37
54 1 30
1 4 3
44 1 18
21 1 32
14 1 10
13 2 1
54 1 23
33 1 27
44 1 10
26 2 27
8 2 10
3 5 1
37 1 3
13 1 1
10 2 1
22 2 20
32 2 4
21 1 5
51 2 75
48 2 72
51 2 72
37 1 5
76 1 21
15 2 12
69 1 75
11 1 1
29 2 5
45 1 9
11 1 41
50 2 30
21 2 5
3 2 18
37 1 21
110 1 72
45 1 25
28 1 26
33 1 26
75 1 21
56 6 44
1 1 3
1 2 33
1 2 37
12 1 14
54 2 58
54 2 70
61 1 21
3 2 33
41 1 21
3 1 38
19 1 32
57 1 21
5 2 29
23 1 12
23 1 54
14 1 3
34 1 1
43 1 19
4 2 3
20 2 22
41 1 14
53 2 73
28 1 27
3 2 37
72 1 30
3 2 25
1 1 5
23 1 22
11 1 10
41 2 51
23 1 58
75 1 19
97 1 57
29 1 3
11 1 13
51 1 19
1 2 38
72 2 76
44 1 23
18 1 17
1 2 5
20 1 19
10 1 3
19 1 97
110 1 48
43 1 11
97 1 52
13 1 3
1 5 3
69 2 23
50 1 61
5 2 32
14 1 1
19 1 42
25 2 23
23 1 70
48 1 19
5 2 3
3 7 1
25 1 17
30 1 58
29 1 1
1 2 43
11 1 3
44 1 8
45 1 13
? 1 github_java_program_data/21/521.java

4 2 1
30 1 54
41 1 19
26 1 19
73 1 72
23 1 56
23 1 20
16 2 17
27 1 19
57 1 30
4 2 32
19 1 34
22 1 21
18 1 16
53 2 73
4 2 42
5 2 34
23 1 53
48 2 52
14 1 43
30 1 44
33 1 27
39 1 1
50 2 23
69 2 30
19 1 5
19 1 3
51 2 75
1 1 38
13 2 3
50 1 48
69 1 51
39 1 30
1 2 41
1 2 18
54 1 50
3 4 1
3 1 5
12 2 54
38 1 19
58 1 21
19 1 29
5 2 32
5 2 42
37 2 38
70 1 50
51 1 21
3 2 4
38 1 21
26 1 21
12 1 11
18 2 23
43 1 21
51 1 19
21 1 42
54 1 69
34 1 3
17 1 14
40 1 2
41 1 11
50 1 41
27 2 26
2 1 1
3 1 1
21 1 3
48 2 61
3 2 5
70 1 30
48 1 21
6 2 7
5 2 1
3 2 43
53 1 48
73 1 51
21 1 34
23 1 73
22 1 19
19 1 1
52 2 57
3 2 28
30 1 22
21 1 29
4 2 29
16 1 11
52 1 23
69 1 41
34 1 33
21 1 1
1 2 4
70 1 69
19 1 4
21 1 4
29 2 4
1 1 4
70 2 56
2 2 6
40 1 39
41 2 48
29 1 28
40 1 6
37 1 19
4 2 34
1 4 3
44 1 18
42 2 4
21 1 32
1 1 37
14 1 10
1 2 30
13 2 1
6 1 3
54 1 23
3 1 4
44 1 10
53 1 57
26 2 27
3 5 1
13 1 1
1 2 43
21 1 5
3 1 37
51 2 72
1 7 3
69 1 75
44 1 1
11 1 1
29 2 5
11 1 41
8 2 10
7 1 3
7 2 39
37 1 21
73 2 12
28 1 26
33 1 26
75 1 21
56 6 44
1 1 3
1 2 33
1 2 37
54 2 70
61 1 21
3 2 33
3 1 38
19 1 32
28 1 27
56 1 19
5 2 29
23 1 12
23 1 54
34 1 1
43 1 19
4 2 3
3 7 1
41 1 14
1 2 28
3 2 37
72 1 30
1 1 5
11 1 43
41 2 51
75 1 19
29 1 3
11 1 13
10 2 1
34 2 5
44 1 23
18 1 17
1 2 5
20 1 19
10 1 3
53 1 52
13 1 3
1 5 3
69 2 23
50 1 61
40 1 7
50 2 30
14 1 1
11 1 3
23 1 70
48 1 19
5 2 3
30 1 58
29 1 1
19 1 42
44 1 8
? 1 github_java_program_data/21/529.java

4 2 1
30 1 54
41 1 19
26 1 19
23 1 56
23 1 20
16 2 17
19 1 4
97 1 48
12 2 15
4 2 32
22 1 21
18 1 16
11 2 14
5 2 34
48 2 52
14 1 43
30 1 44
3 1 4
39 1 1
50 2 23
69 2 30
19 1 5
28 1 27
27 1 21
11 1 43
23 1 15
1 1 38
13 2 3
50 1 48
69 1 51
39 1 30
1 2 41
1 2 18
54 1 50
3 4 1
3 1 5
38 1 19
19 1 29
5 2 32
27 1 19
37 2 38
4 2 97
70 1 50
51 1 21
3 2 4
52 1 19
15 1 11
38 1 21
26 1 21
1 4 3
18 2 23
43 1 21
51 1 19
21 1 42
5 2 4
54 1 69
34 1 3
17 1 14
41 1 11
50 1 41
5 2 42
3 1 1
21 1 3
48 2 61
3 2 5
70 1 30
48 1 21
5 2 1
3 2 43
21 1 34
13 2 1
19 1 1
52 2 57
3 2 28
15 2 54
4 2 42
20 1 21
30 1 22
21 1 29
16 1 11
69 1 41
34 1 33
1 2 4
70 1 69
21 1 1
21 1 4
1 1 4
11 1 41
70 2 56
40 1 39
97 2 4
41 2 48
29 1 28
3 1 37
37 1 19
12 1 11
44 1 18
21 1 32
1 1 37
14 1 10
1 2 30
22 1 19
54 1 23
33 1 27
44 1 10
26 2 27
3 5 1
13 1 1
22 2 20
1 2 43
21 1 5
51 2 75
1 7 3
69 1 75
44 1 1
11 1 1
29 2 5
75 1 19
8 2 10
37 1 21
28 1 26
33 1 26
75 1 21
56 6 44
1 1 3
1 2 37
12 1 14
54 2 70
61 1 21
3 2 33
3 1 38
19 1 32
57 1 21
56 1 19
5 2 29
23 1 12
23 1 54
43 1 19
4 2 3
20 2 22
41 1 14
1 2 28
3 2 37
23 1 22
41 2 51
97 1 57
29 1 3
11 1 13
10 2 1
19 1 3
44 1 23
18 1 17
1 2 5
20 1 19
10 1 3
29 1 1
97 1 52
13 1 3
1 5 3
69 2 23
50 1 61
50 2 30
14 1 1
19 1 42
23 1 70
48 1 19
5 2 3
3 7 1
19 1 97
11 1 3
44 1 8
? 1 github_java_program_data/21/531.java

44 1 10
11 1 13
39 1 8
44 1 23
18 2 23
44 1 18
10 1 3
13 1 3
40 1 39
39 1 30
16 2 17
1 2 18
13 2 1
18 1 16
8 2 1
44 1 1
11 1 1
17 1 14
14 1 1
18 1 17
30 1 44
9 2 10
16 1 11
14 1 10
1 2 30
39 1 1
10 2 1
44 1 9
? 1 github_java_program_data/21/538.java

44 1 10
11 1 13
39 1 8
44 1 23
18 2 23
44 1 18
10 1 3
13 1 3
40 1 39
39 1 30
16 2 17
1 2 18
13 2 1
18 1 16
8 2 1
44 1 1
11 1 1
17 1 14
14 1 1
18 1 17
30 1 44
9 2 10
16 1 11
14 1 10
1 2 30
39 1 1
10 2 1
44 1 9
? 1 github_java_program_data/21/539.java

4 2 1
30 1 54
41 1 19
45 1 23
73 1 72
23 1 56
23 1 20
16 2 17
21 1 1
19 1 110
97 1 48
12 2 15
10 1 1
19 1 34
22 1 21
18 1 16
53 1 48
4 2 42
5 2 34
110 2 5
23 1 53
48 2 52
14 1 43
44 1 3
4 2 5
69 1 48
3 1 4
12 2 20
15 2 70
10 2 3
50 2 23
69 2 30
19 1 5
3 2 38
19 1 3
27 1 21
11 1 43
23 1 15
1 1 38
13 2 3
50 1 48
48 2 61
69 1 51
61 1 19
1 2 41
5 2 110
54 1 50
3 4 1
3 1 5
43 2 51
12 2 54
34 2 4
1 1 37
58 1 21
19 1 29
70 2 22
25 1 16
5 2 42
37 2 38
4 2 97
70 1 50
51 1 21
3 2 4
14 1 13
52 1 19
32 2 5
72 1 19
26 1 21
12 1 11
18 2 23
1 7 3
43 1 21
44 2 45
48 2 75
21 1 42
5 2 4
54 1 69
4 2 32
50 1 51
34 1 3
17 1 14
56 1 21
41 1 11
50 1 41
15 1 14
3 1 1
40 1 45
27 1 19
21 1 3
38 1 19
3 2 5
70 1 30
48 1 21
40 1 44
5 2 1
3 2 43
30 1 15
3 1 37
15 2 20
73 1 51
58 6 45
21 1 34
23 1 73
22 1 19
19 1 1
52 2 57
3 2 28
50 1 43
51 2 61
20 1 21
73 2 12
30 1 22
21 1 29
110 1 76
4 2 29
26 1 19
52 1 23
69 1 41
34 1 33
53 1 52
58 1 19
1 2 4
3 2 41
70 1 69
19 1 4
9 2 13
21 1 4
70 1 23
29 2 4
1 1 4
70 2 56
4 2 34
1 2 28
97 2 4
41 2 48
38 1 21
29 1 28
16 1 11
30 1 70
37 1 19
45 1 3
38 2 37
54 1 30
1 4 3
44 1 18
21 1 32
14 1 10
13 2 1
54 1 23
33 1 27
44 1 10
26 2 27
8 2 10
3 5 1
37 1 3
13 1 1
10 2 1
22 2 20
32 2 4
21 1 5
51 2 75
48 2 72
51 2 72
37 1 5
76 1 21
15 2 12
69 1 75
11 1 1
29 2 5
45 1 9
11 1 41
50 2 30
21 2 5
3 2 18
37 1 21
110 1 72
45 1 25
28 1 26
33 1 26
75 1 21
56 6 44
1 1 3
1 2 33
1 2 37
12 1 14
54 2 58
54 2 70
61 1 21
3 2 33
41 1 21
3 1 38
19 1 32
57 1 21
5 2 29
23 1 12
23 1 54
14 1 3
34 1 1
43 1 19
4 2 3
20 2 22
41 1 14
53 2 73
28 1 27
3 2 37
72 1 30
3 2 25
1 1 5
23 1 22
11 1 10
41 2 51
23 1 58
75 1 19
97 1 57
29 1 3
11 1 13
51 1 19
1 2 38
72 2 76
44 1 23
18 1 17
1 2 5
20 1 19
10 1 3
19 1 97
110 1 48
43 1 11
97 1 52
13 1 3
1 5 3
69 2 23
50 1 61
5 2 32
14 1 1
19 1 42
25 2 23
23 1 70
48 1 19
5 2 3
3 7 1
25 1 17
30 1 58
29 1 1
1 2 43
11 1 3
44 1 8
45 1 13
? 1 github_java_program_data/21/551.java

70 1 69
4 2 1
21 1 1
14 1 10
41 1 19
75 1 21
1 1 4
23 1 56
23 1 20
16 2 17
70 2 56
19 1 4
1 5 3
57 1 30
70 1 50
12 2 15
10 1 1
22 1 21
44 1 10
30 1 54
29 1 28
18 1 16
3 1 37
37 1 19
4 2 42
5 2 34
4 2 34
23 1 53
48 2 52
14 1 43
44 1 18
30 1 44
3 2 4
21 1 32
3 1 4
28 1 26
1 4 3
1 2 30
39 1 1
3 2 5
54 1 23
10 2 3
33 1 27
69 2 30
19 1 5
53 1 57
41 2 48
12 2 54
39 1 8
28 1 27
51 2 75
3 5 1
23 1 15
1 1 38
13 2 3
13 1 1
50 1 48
48 2 61
1 2 43
21 1 5
69 1 51
39 1 30
1 2 41
1 2 18
8 2 1
54 1 50
69 1 75
44 1 1
11 1 1
29 2 5
1 2 28
38 1 19
75 1 19
32 2 4
19 1 29
13 2 1
3 2 37
50 2 30
27 1 19
37 2 38
44 1 9
37 1 21
51 1 21
50 2 23
11 1 41
41 2 51
33 1 26
21 1 4
56 6 44
1 1 3
1 2 33
38 1 21
26 1 21
12 1 11
54 2 70
11 1 13
61 1 21
40 1 39
43 1 21
3 1 38
19 1 32
56 1 19
21 1 42
9 2 10
23 1 12
23 1 54
14 1 3
54 1 69
4 2 32
34 1 1
43 1 19
17 1 14
3 7 1
1 2 37
41 1 14
41 1 11
50 1 41
4 2 3
19 1 3
15 1 14
5 2 42
3 1 1
1 1 5
11 1 43
15 2 12
21 1 3
1 1 37
18 2 23
29 1 3
70 1 30
51 1 19
48 1 21
44 1 23
27 2 26
1 2 5
20 1 19
5 2 1
10 1 3
53 1 52
3 2 43
23 1 70
3 2 41
26 2 27
13 1 3
53 1 48
69 2 23
50 1 61
21 1 34
22 1 19
19 1 1
52 2 57
3 2 28
5 2 32
14 1 1
11 1 3
30 1 22
21 1 29
18 1 17
48 1 19
5 2 3
16 1 11
52 1 23
69 1 41
3 4 1
10 2 1
34 1 33
29 1 1
1 2 4
19 1 42
1 7 3
? 1 github_java_program_data/21/557.java

44 1 10
11 1 13
39 1 8
44 1 23
18 2 23
44 1 18
10 1 3
13 1 3
40 1 39
39 1 30
16 2 17
1 2 18
13 2 1
18 1 16
8 2 1
44 1 1
11 1 1
17 1 14
14 1 1
18 1 17
30 1 44
9 2 10
16 1 11
14 1 10
1 2 30
39 1 1
10 2 1
44 1 9
? 1 github_java_program_data/21/568.java

44 1 10
11 1 13
39 1 8
44 1 23
18 2 23
44 1 18
10 1 3
13 1 3
40 1 39
39 1 30
16 2 17
1 2 18
13 2 1
18 1 16
8 2 1
44 1 1
11 1 1
17 1 14
14 1 1
18 1 17
30 1 44
9 2 10
16 1 11
14 1 10
1 2 30
39 1 1
10 2 1
44 1 9
? 1 github_java_program_data/21/569.java

30 1 54
41 1 19
26 1 19
73 1 72
23 1 56
16 2 17
21 1 1
12 2 15
10 1 1
19 1 34
22 1 21
18 1 16
30 1 73
53 1 48
4 2 42
5 2 34
48 2 52
14 1 43
38 2 37
69 1 48
33 1 27
39 1 1
10 2 3
50 2 23
69 2 30
19 1 5
39 1 8
1 2 28
27 1 21
11 1 43
8 2 1
1 1 38
13 2 3
30 1 20
61 1 19
1 2 41
1 2 18
54 1 50
3 4 1
3 1 5
12 2 54
30 1 12
38 1 19
58 1 21
19 1 29
5 2 32
5 2 42
37 2 38
70 1 50
51 1 21
3 2 4
32 2 5
38 1 21
12 1 11
43 1 21
1 2 23
58 6 44
48 2 75
21 1 42
54 1 69
4 2 32
50 1 51
17 1 14
56 1 21
41 1 11
50 1 41
15 1 14
3 1 1
15 2 12
21 1 3
10 2 1
53 2 12
40 1 20
3 2 5
48 1 21
23 1 44
5 2 1
3 2 43
30 1 15
3 1 37
73 1 51
21 1 34
13 2 1
19 1 1
3 2 28
51 2 61
20 1 21
21 1 29
4 2 29
4 2 34
52 1 23
69 1 41
34 1 33
53 1 52
1 2 4
70 1 69
19 1 4
21 1 4
70 1 23
29 2 4
1 1 4
57 1 23
40 1 39
41 2 48
29 1 28
30 1 70
37 1 19
44 1 30
54 1 30
39 1 23
1 4 3
44 1 18
21 1 32
1 1 37
14 1 10
22 1 19
72 2 57
44 1 10
26 2 27
30 1 53
3 5 1
73 1 57
13 1 1
1 2 43
21 1 5
51 2 72
1 7 3
69 1 75
44 1 1
11 1 1
11 1 41
44 1 9
37 1 21
16 1 11
28 1 26
33 1 26
75 1 21
1 1 3
1 2 33
1 2 37
18 2 30
54 2 70
61 1 21
3 1 38
19 1 32
28 1 27
9 2 10
23 1 54
14 1 3
34 1 1
43 1 19
4 2 3
3 7 1
41 1 14
19 1 3
3 2 37
72 1 30
1 1 5
23 1 22
41 2 51
75 1 19
29 1 3
11 1 13
51 1 19
1 2 38
70 2 58
1 2 5
20 1 19
10 1 3
3 2 41
13 1 3
1 5 3
69 2 23
50 1 61
50 2 30
14 1 1
11 1 3
18 1 17
48 1 19
5 2 3
30 1 58
29 1 1
19 1 42
39 2 20
? 1 github_java_program_data/21/575.java

44 1 10
11 1 13
39 1 8
44 1 23
18 2 23
44 1 18
10 1 3
13 1 3
40 1 39
39 1 30
16 2 17
1 2 18
13 2 1
18 1 16
8 2 1
44 1 1
11 1 1
17 1 14
14 1 1
18 1 17
30 1 44
9 2 10
16 1 11
14 1 10
1 2 30
39 1 1
10 2 1
44 1 9
? 1 github_java_program_data/21/58.java

4 2 1
30 1 54
41 1 19
45 1 23
73 1 72
23 1 56
23 1 20
16 2 17
21 1 1
19 1 110
97 1 48
12 2 15
10 1 1
19 1 34
22 1 21
18 1 16
53 1 48
4 2 42
5 2 34
110 2 5
23 1 53
48 2 52
14 1 43
44 1 3
4 2 5
69 1 48
3 1 4
12 2 20
15 2 70
10 2 3
50 2 23
69 2 30
19 1 5
3 2 38
19 1 3
27 1 21
11 1 43
23 1 15
1 1 38
13 2 3
50 1 48
48 2 61
69 1 51
61 1 19
1 2 41
5 2 110
54 1 50
3 4 1
3 1 5
43 2 51
12 2 54
34 2 4
1 1 37
58 1 21
19 1 29
70 2 22
25 1 16
5 2 42
37 2 38
4 2 97
70 1 50
51 1 21
3 2 4
14 1 13
52 1 19
32 2 5
72 1 19
26 1 21
12 1 11
18 2 23
1 7 3
43 1 21
44 2 45
48 2 75
21 1 42
5 2 4
54 1 69
4 2 32
50 1 51
34 1 3
17 1 14
56 1 21
41 1 11
50 1 41
15 1 14
3 1 1
40 1 45
27 1 19
21 1 3
38 1 19
3 2 5
70 1 30
48 1 21
40 1 44
5 2 1
3 2 43
30 1 15
3 1 37
15 2 20
73 1 51
58 6 45
21 1 34
23 1 73
22 1 19
19 1 1
52 2 57
3 2 28
50 1 43
51 2 61
20 1 21
73 2 12
30 1 22
21 1 29
110 1 76
4 2 29
26 1 19
52 1 23
69 1 41
34 1 33
53 1 52
58 1 19
1 2 4
3 2 41
70 1 69
19 1 4
9 2 13
21 1 4
70 1 23
29 2 4
1 1 4
70 2 56
4 2 34
1 2 28
97 2 4
41 2 48
38 1 21
29 1 28
16 1 11
30 1 70
37 1 19
45 1 3
38 2 37
54 1 30
1 4 3
44 1 18
21 1 32
14 1 10
13 2 1
54 1 23
33 1 27
44 1 10
26 2 27
8 2 10
3 5 1
37 1 3
13 1 1
10 2 1
22 2 20
32 2 4
21 1 5
51 2 75
48 2 72
51 2 72
37 1 5
76 1 21
15 2 12
69 1 75
11 1 1
29 2 5
45 1 9
11 1 41
50 2 30
21 2 5
3 2 18
37 1 21
110 1 72
45 1 25
28 1 26
33 1 26
75 1 21
56 6 44
1 1 3
1 2 33
1 2 37
12 1 14
54 2 58
54 2 70
61 1 21
3 2 33
41 1 21
3 1 38
19 1 32
57 1 21
5 2 29
23 1 12
23 1 54
14 1 3
34 1 1
43 1 19
4 2 3
20 2 22
41 1 14
53 2 73
28 1 27
3 2 37
72 1 30
3 2 25
1 1 5
23 1 22
11 1 10
41 2 51
23 1 58
75 1 19
97 1 57
29 1 3
11 1 13
51 1 19
1 2 38
72 2 76
44 1 23
18 1 17
1 2 5
20 1 19
10 1 3
19 1 97
110 1 48
43 1 11
97 1 52
13 1 3
1 5 3
69 2 23
50 1 61
5 2 32
14 1 1
19 1 42
25 2 23
23 1 70
48 1 19
5 2 3
3 7 1
25 1 17
30 1 58
29 1 1
1 2 43
11 1 3
44 1 8
45 1 13
? 1 github_java_program_data/21/581.java

44 1 10
11 1 13
39 1 8
44 1 23
18 2 23
44 1 18
10 1 3
13 1 3
40 1 39
39 1 30
16 2 17
1 2 18
13 2 1
18 1 16
8 2 1
44 1 1
11 1 1
17 1 14
14 1 1
18 1 17
30 1 44
9 2 10
16 1 11
14 1 10
1 2 30
39 1 1
10 2 1
44 1 9
? 1 github_java_program_data/21/59.java

44 1 10
11 1 13
39 1 8
44 1 23
18 2 23
44 1 18
10 1 3
13 1 3
40 1 39
39 1 30
16 2 17
1 2 18
13 2 1
18 1 16
8 2 1
44 1 1
11 1 1
17 1 14
14 1 1
18 1 17
30 1 44
9 2 10
16 1 11
14 1 10
1 2 30
39 1 1
10 2 1
44 1 9
? 1 github_java_program_data/21/598.java

44 1 10
11 1 13
39 1 8
44 1 23
18 2 23
44 1 18
10 1 3
13 1 3
40 1 39
39 1 30
16 2 17
1 2 18
13 2 1
18 1 16
8 2 1
44 1 1
11 1 1
17 1 14
14 1 1
18 1 17
30 1 44
9 2 10
16 1 11
14 1 10
1 2 30
39 1 1
10 2 1
44 1 9
? 1 github_java_program_data/21/599.java

4 2 1
30 1 54
41 1 19
73 1 72
23 1 56
16 2 17
27 1 19
12 2 15
10 1 1
19 1 34
22 1 21
18 1 16
38 1 19
30 1 73
53 1 48
4 2 42
48 2 52
14 1 43
69 1 48
3 1 4
39 1 1
10 2 3
50 2 23
69 2 30
19 1 5
39 1 8
19 1 3
11 1 43
69 1 75
1 1 38
13 2 3
30 1 20
61 1 19
1 2 41
1 2 18
54 1 50
3 4 1
21 1 3
3 1 5
12 2 54
30 1 12
1 1 37
58 1 21
19 1 29
34 2 4
5 2 42
37 2 38
70 1 50
51 1 21
3 2 4
32 2 5
38 1 21
26 1 21
12 1 11
43 1 21
1 2 23
58 6 44
21 1 42
54 1 69
4 2 32
50 1 51
34 1 3
17 1 14
41 1 11
50 1 41
27 2 26
15 1 14
3 1 1
15 2 53
10 2 1
53 2 12
3 2 5
48 1 21
23 1 44
5 2 1
3 2 43
30 1 15
3 1 37
73 1 51
21 1 34
22 1 19
19 1 1
3 2 28
51 2 61
20 1 21
4 2 29
16 1 11
52 1 23
69 1 41
34 1 33
21 1 1
1 2 4
70 1 69
19 1 4
21 1 4
70 1 23
1 1 4
57 1 23
40 1 39
41 2 48
29 1 28
30 1 70
37 1 19
44 1 30
54 1 30
39 1 23
1 4 3
44 1 18
21 1 32
14 1 10
13 2 1
72 2 57
33 1 27
44 1 10
26 2 27
30 1 53
3 5 1
73 1 57
13 1 1
1 2 43
21 1 5
51 2 72
1 7 3
8 2 1
44 1 1
11 1 1
29 2 5
75 1 19
50 2 30
44 1 9
37 1 21
28 1 26
33 1 26
75 1 21
1 1 3
1 2 33
1 2 37
18 2 30
54 2 70
3 2 33
41 1 21
3 1 38
19 1 32
56 1 19
48 1 19
23 1 54
14 1 3
34 1 1
43 1 19
4 2 3
3 7 1
41 1 14
28 1 27
3 2 37
72 1 30
1 1 5
23 1 22
41 2 51
29 1 3
11 1 13
51 1 19
48 2 75
70 2 58
1 2 5
10 1 3
53 1 52
13 1 3
1 5 3
69 2 23
50 1 61
5 2 32
14 1 1
11 1 3
18 1 17
9 2 10
5 2 3
30 1 58
11 1 41
19 1 42
? 1 github_java_program_data/21/600.java

30 1 54
41 1 19
26 1 19
73 1 72
23 1 56
16 2 17
21 1 1
12 2 15
10 1 1
19 1 34
22 1 21
18 1 16
30 1 73
53 1 48
4 2 42
5 2 34
48 2 52
14 1 43
38 2 37
69 1 48
33 1 27
39 1 1
10 2 3
50 2 23
69 2 30
19 1 5
39 1 8
1 2 28
27 1 21
11 1 43
8 2 1
1 1 38
13 2 3
30 1 20
61 1 19
1 2 41
1 2 18
54 1 50
3 4 1
3 1 5
12 2 54
30 1 12
38 1 19
58 1 21
19 1 29
5 2 32
5 2 42
37 2 38
70 1 50
51 1 21
3 2 4
32 2 5
38 1 21
12 1 11
43 1 21
1 2 23
58 6 44
48 2 75
21 1 42
54 1 69
4 2 32
50 1 51
17 1 14
56 1 21
41 1 11
50 1 41
15 1 14
3 1 1
15 2 12
21 1 3
10 2 1
53 2 12
40 1 20
3 2 5
48 1 21
23 1 44
5 2 1
3 2 43
30 1 15
3 1 37
73 1 51
21 1 34
13 2 1
19 1 1
3 2 28
51 2 61
20 1 21
21 1 29
4 2 29
4 2 34
52 1 23
69 1 41
34 1 33
53 1 52
1 2 4
70 1 69
19 1 4
21 1 4
70 1 23
29 2 4
1 1 4
57 1 23
40 1 39
41 2 48
29 1 28
30 1 70
37 1 19
44 1 30
54 1 30
39 1 23
1 4 3
44 1 18
21 1 32
1 1 37
14 1 10
22 1 19
72 2 57
44 1 10
26 2 27
30 1 53
3 5 1
73 1 57
13 1 1
1 2 43
21 1 5
51 2 72
1 7 3
69 1 75
44 1 1
11 1 1
11 1 41
44 1 9
37 1 21
16 1 11
28 1 26
33 1 26
75 1 21
1 1 3
1 2 33
1 2 37
18 2 30
54 2 70
61 1 21
3 1 38
19 1 32
28 1 27
9 2 10
23 1 54
14 1 3
34 1 1
43 1 19
4 2 3
3 7 1
41 1 14
19 1 3
3 2 37
72 1 30
1 1 5
23 1 22
41 2 51
75 1 19
29 1 3
11 1 13
51 1 19
1 2 38
70 2 58
1 2 5
20 1 19
10 1 3
3 2 41
13 1 3
1 5 3
69 2 23
50 1 61
50 2 30
14 1 1
11 1 3
18 1 17
48 1 19
5 2 3
30 1 58
29 1 1
19 1 42
39 2 20
? 1 github_java_program_data/21/605.java

4 2 1
30 1 54
41 1 19
45 1 23
73 1 72
23 1 56
23 1 20
16 2 17
21 1 1
19 1 110
97 1 48
12 2 15
10 1 1
19 1 34
22 1 21
18 1 16
53 1 48
4 2 42
5 2 34
110 2 5
23 1 53
48 2 52
14 1 43
44 1 3
4 2 5
69 1 48
3 1 4
12 2 20
15 2 70
10 2 3
50 2 23
69 2 30
19 1 5
3 2 38
19 1 3
27 1 21
11 1 43
23 1 15
1 1 38
13 2 3
50 1 48
48 2 61
69 1 51
61 1 19
1 2 41
5 2 110
54 1 50
3 4 1
3 1 5
43 2 51
12 2 54
34 2 4
1 1 37
58 1 21
19 1 29
70 2 22
25 1 16
5 2 42
37 2 38
4 2 97
70 1 50
51 1 21
3 2 4
14 1 13
52 1 19
32 2 5
72 1 19
26 1 21
12 1 11
18 2 23
1 7 3
43 1 21
44 2 45
48 2 75
21 1 42
5 2 4
54 1 69
4 2 32
50 1 51
34 1 3
17 1 14
56 1 21
41 1 11
50 1 41
15 1 14
3 1 1
40 1 45
27 1 19
21 1 3
38 1 19
3 2 5
70 1 30
48 1 21
40 1 44
5 2 1
3 2 43
30 1 15
3 1 37
15 2 20
73 1 51
58 6 45
21 1 34
23 1 73
22 1 19
19 1 1
52 2 57
3 2 28
50 1 43
51 2 61
20 1 21
73 2 12
30 1 22
21 1 29
110 1 76
4 2 29
26 1 19
52 1 23
69 1 41
34 1 33
53 1 52
58 1 19
1 2 4
3 2 41
70 1 69
19 1 4
9 2 13
21 1 4
70 1 23
29 2 4
1 1 4
70 2 56
4 2 34
1 2 28
97 2 4
41 2 48
38 1 21
29 1 28
16 1 11
30 1 70
37 1 19
45 1 3
38 2 37
54 1 30
1 4 3
44 1 18
21 1 32
14 1 10
13 2 1
54 1 23
33 1 27
44 1 10
26 2 27
8 2 10
3 5 1
37 1 3
13 1 1
10 2 1
22 2 20
32 2 4
21 1 5
51 2 75
48 2 72
51 2 72
37 1 5
76 1 21
15 2 12
69 1 75
11 1 1
29 2 5
45 1 9
11 1 41
50 2 30
21 2 5
3 2 18
37 1 21
110 1 72
45 1 25
28 1 26
33 1 26
75 1 21
56 6 44
1 1 3
1 2 33
1 2 37
12 1 14
54 2 58
54 2 70
61 1 21
3 2 33
41 1 21
3 1 38
19 1 32
57 1 21
5 2 29
23 1 12
23 1 54
14 1 3
34 1 1
43 1 19
4 2 3
20 2 22
41 1 14
53 2 73
28 1 27
3 2 37
72 1 30
3 2 25
1 1 5
23 1 22
11 1 10
41 2 51
23 1 58
75 1 19
97 1 57
29 1 3
11 1 13
51 1 19
1 2 38
72 2 76
44 1 23
18 1 17
1 2 5
20 1 19
10 1 3
19 1 97
110 1 48
43 1 11
97 1 52
13 1 3
1 5 3
69 2 23
50 1 61
5 2 32
14 1 1
19 1 42
25 2 23
23 1 70
48 1 19
5 2 3
3 7 1
25 1 17
30 1 58
29 1 1
1 2 43
11 1 3
44 1 8
45 1 13
? 1 github_java_program_data/21/611.java

44 1 10
11 1 13
39 1 8
44 1 23
18 2 23
44 1 18
10 1 3
13 1 3
40 1 39
39 1 30
16 2 17
1 2 18
13 2 1
18 1 16
8 2 1
44 1 1
11 1 1
17 1 14
14 1 1
18 1 17
30 1 44
9 2 10
16 1 11
14 1 10
1 2 30
39 1 1
10 2 1
44 1 9
? 1 github_java_program_data/21/628.java

44 1 10
11 1 13
39 1 8
44 1 23
18 2 23
44 1 18
10 1 3
13 1 3
40 1 39
39 1 30
16 2 17
1 2 18
13 2 1
18 1 16
8 2 1
44 1 1
11 1 1
17 1 14
14 1 1
18 1 17
30 1 44
9 2 10
16 1 11
14 1 10
1 2 30
39 1 1
10 2 1
44 1 9
? 1 github_java_program_data/21/629.java

30 1 54
41 1 19
26 1 19
73 1 72
23 1 56
16 2 17
21 1 1
12 2 15
10 1 1
19 1 34
22 1 21
18 1 16
30 1 73
53 1 48
4 2 42
5 2 34
48 2 52
14 1 43
38 2 37
69 1 48
33 1 27
39 1 1
10 2 3
50 2 23
69 2 30
19 1 5
39 1 8
1 2 28
27 1 21
11 1 43
8 2 1
1 1 38
13 2 3
30 1 20
61 1 19
1 2 41
1 2 18
54 1 50
3 4 1
3 1 5
12 2 54
30 1 12
38 1 19
58 1 21
19 1 29
5 2 32
5 2 42
37 2 38
70 1 50
51 1 21
3 2 4
32 2 5
38 1 21
12 1 11
43 1 21
1 2 23
58 6 44
48 2 75
21 1 42
54 1 69
4 2 32
50 1 51
17 1 14
56 1 21
41 1 11
50 1 41
15 1 14
3 1 1
15 2 12
21 1 3
10 2 1
53 2 12
40 1 20
3 2 5
48 1 21
23 1 44
5 2 1
3 2 43
30 1 15
3 1 37
73 1 51
21 1 34
13 2 1
19 1 1
3 2 28
51 2 61
20 1 21
21 1 29
4 2 29
4 2 34
52 1 23
69 1 41
34 1 33
53 1 52
1 2 4
70 1 69
19 1 4
21 1 4
70 1 23
29 2 4
1 1 4
57 1 23
40 1 39
41 2 48
29 1 28
30 1 70
37 1 19
44 1 30
54 1 30
39 1 23
1 4 3
44 1 18
21 1 32
1 1 37
14 1 10
22 1 19
72 2 57
44 1 10
26 2 27
30 1 53
3 5 1
73 1 57
13 1 1
1 2 43
21 1 5
51 2 72
1 7 3
69 1 75
44 1 1
11 1 1
11 1 41
44 1 9
37 1 21
16 1 11
28 1 26
33 1 26
75 1 21
1 1 3
1 2 33
1 2 37
18 2 30
54 2 70
61 1 21
3 1 38
19 1 32
28 1 27
9 2 10
23 1 54
14 1 3
34 1 1
43 1 19
4 2 3
3 7 1
41 1 14
19 1 3
3 2 37
72 1 30
1 1 5
23 1 22
41 2 51
75 1 19
29 1 3
11 1 13
51 1 19
1 2 38
70 2 58
1 2 5
20 1 19
10 1 3
3 2 41
13 1 3
1 5 3
69 2 23
50 1 61
50 2 30
14 1 1
11 1 3
18 1 17
48 1 19
5 2 3
30 1 58
29 1 1
19 1 42
39 2 20
? 1 github_java_program_data/21/65.java

4 2 1
30 1 54
41 1 19
45 1 23
73 1 72
23 1 56
23 1 20
16 2 17
21 1 1
19 1 110
97 1 48
12 2 15
10 1 1
19 1 34
22 1 21
18 1 16
53 1 48
4 2 42
5 2 34
110 2 5
23 1 53
48 2 52
14 1 43
44 1 3
4 2 5
69 1 48
3 1 4
12 2 20
15 2 70
10 2 3
50 2 23
69 2 30
19 1 5
3 2 38
19 1 3
27 1 21
11 1 43
23 1 15
1 1 38
13 2 3
50 1 48
48 2 61
69 1 51
61 1 19
1 2 41
5 2 110
54 1 50
3 4 1
3 1 5
43 2 51
12 2 54
34 2 4
1 1 37
58 1 21
19 1 29
70 2 22
25 1 16
5 2 42
37 2 38
4 2 97
70 1 50
51 1 21
3 2 4
14 1 13
52 1 19
32 2 5
72 1 19
26 1 21
12 1 11
18 2 23
1 7 3
43 1 21
44 2 45
48 2 75
21 1 42
5 2 4
54 1 69
4 2 32
50 1 51
34 1 3
17 1 14
56 1 21
41 1 11
50 1 41
15 1 14
3 1 1
40 1 45
27 1 19
21 1 3
38 1 19
3 2 5
70 1 30
48 1 21
40 1 44
5 2 1
3 2 43
30 1 15
3 1 37
15 2 20
73 1 51
58 6 45
21 1 34
23 1 73
22 1 19
19 1 1
52 2 57
3 2 28
50 1 43
51 2 61
20 1 21
73 2 12
30 1 22
21 1 29
110 1 76
4 2 29
26 1 19
52 1 23
69 1 41
34 1 33
53 1 52
58 1 19
1 2 4
3 2 41
70 1 69
19 1 4
9 2 13
21 1 4
70 1 23
29 2 4
1 1 4
70 2 56
4 2 34
1 2 28
97 2 4
41 2 48
38 1 21
29 1 28
16 1 11
30 1 70
37 1 19
45 1 3
38 2 37
54 1 30
1 4 3
44 1 18
21 1 32
14 1 10
13 2 1
54 1 23
33 1 27
44 1 10
26 2 27
8 2 10
3 5 1
37 1 3
13 1 1
10 2 1
22 2 20
32 2 4
21 1 5
51 2 75
48 2 72
51 2 72
37 1 5
76 1 21
15 2 12
69 1 75
11 1 1
29 2 5
45 1 9
11 1 41
50 2 30
21 2 5
3 2 18
37 1 21
110 1 72
45 1 25
28 1 26
33 1 26
75 1 21
56 6 44
1 1 3
1 2 33
1 2 37
12 1 14
54 2 58
54 2 70
61 1 21
3 2 33
41 1 21
3 1 38
19 1 32
57 1 21
5 2 29
23 1 12
23 1 54
14 1 3
34 1 1
43 1 19
4 2 3
20 2 22
41 1 14
53 2 73
28 1 27
3 2 37
72 1 30
3 2 25
1 1 5
23 1 22
11 1 10
41 2 51
23 1 58
75 1 19
97 1 57
29 1 3
11 1 13
51 1 19
1 2 38
72 2 76
44 1 23
18 1 17
1 2 5
20 1 19
10 1 3
19 1 97
110 1 48
43 1 11
97 1 52
13 1 3
1 5 3
69 2 23
50 1 61
5 2 32
14 1 1
19 1 42
25 2 23
23 1 70
48 1 19
5 2 3
3 7 1
25 1 17
30 1 58
29 1 1
1 2 43
11 1 3
44 1 8
45 1 13
? 1 github_java_program_data/21/71.java

44 1 10
11 1 13
39 1 8
44 1 23
18 2 23
44 1 18
10 1 3
13 1 3
40 1 39
39 1 30
16 2 17
1 2 18
13 2 1
18 1 16
8 2 1
44 1 1
11 1 1
17 1 14
14 1 1
18 1 17
30 1 44
9 2 10
16 1 11
14 1 10
1 2 30
39 1 1
10 2 1
44 1 9
? 1 github_java_program_data/21/88.java

44 1 10
11 1 13
39 1 8
44 1 23
18 2 23
44 1 18
10 1 3
13 1 3
40 1 39
39 1 30
16 2 17
1 2 18
13 2 1
18 1 16
8 2 1
44 1 1
11 1 1
17 1 14
14 1 1
18 1 17
30 1 44
9 2 10
16 1 11
14 1 10
1 2 30
39 1 1
10 2 1
44 1 9
? 1 github_java_program_data/21/89.java

30 1 54
41 1 19
26 1 19
73 1 72
23 1 56
16 2 17
21 1 1
12 2 15
10 1 1
19 1 34
22 1 21
18 1 16
30 1 73
53 1 48
4 2 42
5 2 34
48 2 52
14 1 43
38 2 37
69 1 48
33 1 27
39 1 1
10 2 3
50 2 23
69 2 30
19 1 5
39 1 8
1 2 28
27 1 21
11 1 43
8 2 1
1 1 38
13 2 3
30 1 20
61 1 19
1 2 41
1 2 18
54 1 50
3 4 1
3 1 5
12 2 54
30 1 12
38 1 19
58 1 21
19 1 29
5 2 32
5 2 42
37 2 38
70 1 50
51 1 21
3 2 4
32 2 5
38 1 21
12 1 11
43 1 21
1 2 23
58 6 44
48 2 75
21 1 42
54 1 69
4 2 32
50 1 51
17 1 14
56 1 21
41 1 11
50 1 41
15 1 14
3 1 1
15 2 12
21 1 3
10 2 1
53 2 12
40 1 20
3 2 5
48 1 21
23 1 44
5 2 1
3 2 43
30 1 15
3 1 37
73 1 51
21 1 34
13 2 1
19 1 1
3 2 28
51 2 61
20 1 21
21 1 29
4 2 29
4 2 34
52 1 23
69 1 41
34 1 33
53 1 52
1 2 4
70 1 69
19 1 4
21 1 4
70 1 23
29 2 4
1 1 4
57 1 23
40 1 39
41 2 48
29 1 28
30 1 70
37 1 19
44 1 30
54 1 30
39 1 23
1 4 3
44 1 18
21 1 32
1 1 37
14 1 10
22 1 19
72 2 57
44 1 10
26 2 27
30 1 53
3 5 1
73 1 57
13 1 1
1 2 43
21 1 5
51 2 72
1 7 3
69 1 75
44 1 1
11 1 1
11 1 41
44 1 9
37 1 21
16 1 11
28 1 26
33 1 26
75 1 21
1 1 3
1 2 33
1 2 37
18 2 30
54 2 70
61 1 21
3 1 38
19 1 32
28 1 27
9 2 10
23 1 54
14 1 3
34 1 1
43 1 19
4 2 3
3 7 1
41 1 14
19 1 3
3 2 37
72 1 30
1 1 5
23 1 22
41 2 51
75 1 19
29 1 3
11 1 13
51 1 19
1 2 38
70 2 58
1 2 5
20 1 19
10 1 3
3 2 41
13 1 3
1 5 3
69 2 23
50 1 61
50 2 30
14 1 1
11 1 3
18 1 17
48 1 19
5 2 3
30 1 58
29 1 1
19 1 42
39 2 20
? 1 github_java_program_data/21/95.java

