51 1 21
13 1 1
20 1 21
21 1 32
4 2 1
21 1 4
41 1 14
61 1 21
13 1 3
15 1 14
43 1 11
38 1 19
10 1 1
54 1 23
40 1 45
21 1 3
37 1 21
20 1 19
11 1 13
27 1 19
14 1 10
37 2 38
50 2 23
30 1 22
1 1 38
1 2 25
45 1 13
3 2 38
41 1 19
38 1 21
14 1 1
26 1 19
3 1 37
44 1 18
3 2 18
19 1 42
37 1 19
51 2 75
44 2 45
45 1 25
19 1 4
3 1 5
12 2 15
41 1 11
30 1 54
23 1 70
40 1 44
12 2 53
1 1 3
13 2 1
19 1 3
50 1 41
23 1 15
33 1 26
19 1 29
3 1 38
11 1 43
50 1 75
41 2 51
43 1 21
19 1 32
3 7 1
23 1 20
4 2 3
12 1 14
5 2 3
1 1 4
3 1 1
50 1 51
44 1 23
18 2 23
3 4 1
14 1 3
41 2 48
48 1 19
75 1 19
69 2 30
44 1 10
54 2 70
44 1 3
32 2 5
3 5 1
1 2 28
34 1 1
48 1 21
11 1 10
70 1 30
21 1 1
45 1 1
28 1 27
27 2 26
15 2 54
4 2 42
14 1 13
3 2 33
1 1 28
1 2 38
16 1 11
1 2 4
3 2 5
5 2 4
48 2 52
27 1 21
70 2 20
11 1 41
3 2 41
23 1 53
28 1 26
1 2 5
1 4 3
50 1 43
29 1 3
25 2 30
53 1 52
33 1 27
26 1 3
54 1 50
3 2 43
43 1 19
5 2 42
22 1 19
1 2 43
38 2 37
69 1 48
48 2 61
5 2 1
18 1 16
23 1 12
52 1 30
18 1 17
14 1 49
29 1 33
53 1 48
21 1 5
25 1 17
45 1 30
4 2 32
1 1 37
43 2 48
3 2 49
49 1 21
50 1 61
17 1 14
16 2 17
13 2 3
1 1 5
3 2 4
1 2 37
12 1 11
23 1 54
21 1 34
14 1 43
22 1 21
1 7 3
69 1 41
50 1 48
19 1 5
3 2 37
61 1 19
26 1 21
25 1 16
10 2 3
69 1 61
70 1 69
11 1 3
34 1 28
1 5 3
19 1 1
? 1 github_java_program_data/12/108.java

40 1 39
13 1 1
20 1 21
37 1 19
23 1 12
21 1 4
61 1 21
13 1 3
43 1 11
19 1 3
52 1 23
54 1 23
21 1 3
37 1 21
48 1 19
11 1 13
27 1 19
14 1 10
37 2 38
52 2 57
30 1 22
1 1 38
44 1 9
51 1 19
39 1 30
69 1 51
38 1 21
14 1 1
3 7 1
3 1 37
44 1 18
3 2 18
44 1 8
51 2 61
51 2 75
3 2 41
4 2 29
48 2 75
19 1 4
3 1 5
1 2 30
54 2 56
30 1 54
23 1 70
69 2 23
1 1 3
38 1 19
15 1 11
10 1 3
1 1 37
8 2 9
3 1 38
14 1 41
11 1 43
56 6 44
9 2 10
43 1 21
10 1 1
30 1 73
23 1 20
4 2 3
5 2 3
3 1 1
50 1 51
14 1 3
69 1 43
18 2 23
3 4 1
50 1 43
21 1 42
3 1 4
75 1 19
18 1 16
44 1 3
23 1 56
3 5 1
1 7 3
26 1 21
3 2 28
48 1 21
12 1 14
70 1 30
21 1 1
4 2 1
28 1 27
43 1 14
73 1 48
50 2 30
16 1 11
10 2 1
3 2 5
5 2 32
48 2 52
73 1 72
11 1 41
70 1 23
23 1 53
28 1 26
1 2 5
11 1 1
29 1 3
32 2 5
1 2 41
53 1 52
53 1 57
48 2 72
54 1 50
48 2 61
22 1 19
44 1 23
3 2 37
57 1 30
29 1 28
41 1 21
69 1 48
5 2 1
21 1 29
72 1 23
61 1 19
1 2 4
44 1 10
53 1 48
30 1 44
21 1 5
70 1 50
12 2 15
1 4 3
4 2 32
23 1 15
10 2 3
19 1 32
50 1 61
30 1 70
41 1 19
13 2 1
13 2 3
39 1 1
54 1 69
3 2 4
1 2 37
70 2 54
23 1 54
56 1 19
26 2 27
1 2 43
54 1 30
50 1 48
19 1 5
69 1 75
11 1 3
43 2 48
43 2 51
70 1 69
75 1 21
15 2 70
1 5 3
19 1 1
? 1 github_java_program_data/12/113.java

13 1 1
52 1 23
21 1 32
15 2 12
21 1 4
51 2 72
48 1 19
29 2 5
15 2 53
21 1 29
30 1 22
4 2 5
4 2 1
3 1 28
42 2 4
72 1 30
19 2 54
19 1 34
1 5 3
27 2 26
12 2 22
20 2 12
3 1 33
34 1 3
10 1 3
23 1 15
33 1 26
19 1 29
3 1 1
29 2 4
3 7 1
40 1 73
43 1 21
5 2 3
29 1 33
14 1 3
5 2 34
23 1 60
4 2 34
69 2 30
54 2 70
60 1 21
53 2 73
3 5 1
1 2 28
26 1 21
48 1 21
11 1 10
11 1 41
15 2 54
28 1 27
12 2 54
41 1 11
49 1 19
30 1 60
50 2 30
10 1 1
1 2 4
3 4 1
50 2 23
14 1 49
70 1 23
68 1 19
23 1 22
11 1 1
11 1 49
23 1 73
1 2 49
11 1 68
54 1 50
5 2 42
22 1 19
40 1 22
30 1 21
72 1 23
62 1 19
34 2 4
48 2 52
53 1 48
23 1 19
30 1 12
13 2 1
93 1 1
23 1 54
26 1 1
22 1 21
1 7 3
57 1 23
5 2 23
19 1 30
21 2 53
73 1 51
33 1 27
51 1 21
20 1 21
26 2 27
51 1 19
23 1 21
29 1 1
13 1 3
22 2 20
40 1 15
19 1 3
1 2 33
21 1 3
5 2 4
27 1 19
3 2 28
40 1 93
3 2 41
1 1 33
32 2 1
93 2 22
34 2 5
5 2 1
20 2 22
14 1 1
29 2 23
1 2 3
26 1 19
19 1 42
56 1 21
19 1 4
3 1 5
15 2 22
30 1 54
43 1 14
1 1 3
40 1 12
40 1 53
15 1 11
19 1 32
23 1 20
4 2 3
54 2 20
1 1 4
30 1 15
50 1 43
27 1 3
40 1 54
40 1 20
21 1 42
3 1 4
10 2 1
34 1 28
21 1 23
23 1 56
34 1 1
20 1 19
12 1 14
21 1 1
1 4 3
14 1 13
3 2 33
1 1 28
19 2 21
19 1 23
4 2 29
3 2 5
32 2 29
27 1 21
3 2 1
73 1 72
52 1 30
1 2 5
29 1 3
21 2 19
53 1 52
30 1 62
26 1 3
34 2 23
15 1 14
3 2 43
43 1 19
34 1 33
29 1 28
41 1 21
21 2 73
50 1 41
22 2 53
23 1 12
28 1 26
68 1 21
5 2 29
21 1 5
70 1 50
12 2 15
27 1 1
4 2 32
13 2 3
60 1 19
49 1 21
19 1 1
73 2 20
30 1 70
41 1 19
29 2 30
52 2 57
54 1 69
1 1 5
3 2 4
12 1 11
21 1 34
14 1 43
1 2 43
30 1 53
54 1 30
19 1 5
53 1 57
10 2 3
1 2 68
69 1 41
11 1 3
? 1 github_java_program_data/12/123.java

51 1 21
13 1 1
20 1 21
21 1 32
4 2 1
21 1 4
41 1 14
61 1 21
13 1 3
15 1 14
43 1 11
38 1 19
10 1 1
54 1 23
40 1 45
21 1 3
37 1 21
20 1 19
11 1 13
27 1 19
14 1 10
37 2 38
50 2 23
30 1 22
1 1 38
1 2 25
45 1 13
3 2 38
41 1 19
38 1 21
14 1 1
26 1 19
3 1 37
44 1 18
3 2 18
19 1 42
37 1 19
51 2 75
44 2 45
45 1 25
19 1 4
3 1 5
12 2 15
41 1 11
30 1 54
23 1 70
40 1 44
12 2 53
1 1 3
13 2 1
19 1 3
50 1 41
23 1 15
33 1 26
19 1 29
3 1 38
11 1 43
50 1 75
41 2 51
43 1 21
19 1 32
3 7 1
23 1 20
4 2 3
12 1 14
5 2 3
1 1 4
3 1 1
50 1 51
44 1 23
18 2 23
3 4 1
14 1 3
41 2 48
48 1 19
75 1 19
69 2 30
44 1 10
54 2 70
44 1 3
32 2 5
3 5 1
1 2 28
34 1 1
48 1 21
11 1 10
70 1 30
21 1 1
45 1 1
28 1 27
27 2 26
15 2 54
4 2 42
14 1 13
3 2 33
1 1 28
1 2 38
16 1 11
1 2 4
3 2 5
5 2 4
48 2 52
27 1 21
70 2 20
11 1 41
3 2 41
23 1 53
28 1 26
1 2 5
1 4 3
50 1 43
29 1 3
25 2 30
53 1 52
33 1 27
26 1 3
54 1 50
3 2 43
43 1 19
5 2 42
22 1 19
1 2 43
38 2 37
69 1 48
48 2 61
5 2 1
18 1 16
23 1 12
52 1 30
18 1 17
14 1 49
29 1 33
53 1 48
21 1 5
25 1 17
45 1 30
4 2 32
1 1 37
43 2 48
3 2 49
49 1 21
50 1 61
17 1 14
16 2 17
13 2 3
1 1 5
3 2 4
1 2 37
12 1 11
23 1 54
21 1 34
14 1 43
22 1 21
1 7 3
69 1 41
50 1 48
19 1 5
3 2 37
61 1 19
26 1 21
25 1 16
10 2 3
69 1 61
70 1 69
11 1 3
34 1 28
1 5 3
19 1 1
? 1 github_java_program_data/12/135.java

13 1 1
52 1 23
21 1 32
15 2 12
21 1 4
51 2 72
48 1 19
29 2 5
15 2 53
21 1 29
30 1 22
4 2 5
4 2 1
3 1 28
42 2 4
72 1 30
19 2 54
19 1 34
1 5 3
27 2 26
12 2 22
20 2 12
3 1 33
34 1 3
10 1 3
23 1 15
33 1 26
19 1 29
3 1 1
29 2 4
3 7 1
40 1 73
43 1 21
5 2 3
29 1 33
14 1 3
5 2 34
23 1 60
4 2 34
69 2 30
54 2 70
60 1 21
53 2 73
3 5 1
1 2 28
26 1 21
48 1 21
11 1 10
11 1 41
15 2 54
28 1 27
12 2 54
41 1 11
49 1 19
30 1 60
50 2 30
10 1 1
1 2 4
3 4 1
50 2 23
14 1 49
70 1 23
68 1 19
23 1 22
11 1 1
11 1 49
23 1 73
1 2 49
11 1 68
54 1 50
5 2 42
22 1 19
40 1 22
30 1 21
72 1 23
62 1 19
34 2 4
48 2 52
53 1 48
23 1 19
30 1 12
13 2 1
93 1 1
23 1 54
26 1 1
22 1 21
1 7 3
57 1 23
5 2 23
19 1 30
21 2 53
73 1 51
33 1 27
51 1 21
20 1 21
26 2 27
51 1 19
23 1 21
29 1 1
13 1 3
22 2 20
40 1 15
19 1 3
1 2 33
21 1 3
5 2 4
27 1 19
3 2 28
40 1 93
3 2 41
1 1 33
32 2 1
93 2 22
34 2 5
5 2 1
20 2 22
14 1 1
29 2 23
1 2 3
26 1 19
19 1 42
56 1 21
19 1 4
3 1 5
15 2 22
30 1 54
43 1 14
1 1 3
40 1 12
40 1 53
15 1 11
19 1 32
23 1 20
4 2 3
54 2 20
1 1 4
30 1 15
50 1 43
27 1 3
40 1 54
40 1 20
21 1 42
3 1 4
10 2 1
34 1 28
21 1 23
23 1 56
34 1 1
20 1 19
12 1 14
21 1 1
1 4 3
14 1 13
3 2 33
1 1 28
19 2 21
19 1 23
4 2 29
3 2 5
32 2 29
27 1 21
3 2 1
73 1 72
52 1 30
1 2 5
29 1 3
21 2 19
53 1 52
30 1 62
26 1 3
34 2 23
15 1 14
3 2 43
43 1 19
34 1 33
29 1 28
41 1 21
21 2 73
50 1 41
22 2 53
23 1 12
28 1 26
68 1 21
5 2 29
21 1 5
70 1 50
12 2 15
27 1 1
4 2 32
13 2 3
60 1 19
49 1 21
19 1 1
73 2 20
30 1 70
41 1 19
29 2 30
52 2 57
54 1 69
1 1 5
3 2 4
12 1 11
21 1 34
14 1 43
1 2 43
30 1 53
54 1 30
19 1 5
53 1 57
10 2 3
1 2 68
69 1 41
11 1 3
? 1 github_java_program_data/12/150.java

51 1 21
13 1 1
20 1 21
21 1 32
4 2 1
21 1 4
41 1 14
61 1 21
13 1 3
15 1 14
43 1 11
38 1 19
10 1 1
54 1 23
40 1 45
21 1 3
37 1 21
20 1 19
11 1 13
27 1 19
14 1 10
37 2 38
50 2 23
30 1 22
1 1 38
1 2 25
45 1 13
3 2 38
41 1 19
38 1 21
14 1 1
26 1 19
3 1 37
44 1 18
3 2 18
19 1 42
37 1 19
51 2 75
44 2 45
45 1 25
19 1 4
3 1 5
12 2 15
41 1 11
30 1 54
23 1 70
40 1 44
12 2 53
1 1 3
13 2 1
19 1 3
50 1 41
23 1 15
33 1 26
19 1 29
3 1 38
11 1 43
50 1 75
41 2 51
43 1 21
19 1 32
3 7 1
23 1 20
4 2 3
12 1 14
5 2 3
1 1 4
3 1 1
50 1 51
44 1 23
18 2 23
3 4 1
14 1 3
41 2 48
48 1 19
75 1 19
69 2 30
44 1 10
54 2 70
44 1 3
32 2 5
3 5 1
1 2 28
34 1 1
48 1 21
11 1 10
70 1 30
21 1 1
45 1 1
28 1 27
27 2 26
15 2 54
4 2 42
14 1 13
3 2 33
1 1 28
1 2 38
16 1 11
1 2 4
3 2 5
5 2 4
48 2 52
27 1 21
70 2 20
11 1 41
3 2 41
23 1 53
28 1 26
1 2 5
1 4 3
50 1 43
29 1 3
25 2 30
53 1 52
33 1 27
26 1 3
54 1 50
3 2 43
43 1 19
5 2 42
22 1 19
1 2 43
38 2 37
69 1 48
48 2 61
5 2 1
18 1 16
23 1 12
52 1 30
18 1 17
14 1 49
29 1 33
53 1 48
21 1 5
25 1 17
45 1 30
4 2 32
1 1 37
43 2 48
3 2 49
49 1 21
50 1 61
17 1 14
16 2 17
13 2 3
1 1 5
3 2 4
1 2 37
12 1 11
23 1 54
21 1 34
14 1 43
22 1 21
1 7 3
69 1 41
50 1 48
19 1 5
3 2 37
61 1 19
26 1 21
25 1 16
10 2 3
69 1 61
70 1 69
11 1 3
34 1 28
1 5 3
19 1 1
? 1 github_java_program_data/12/162.java

40 1 39
13 1 1
52 1 23
21 1 32
15 2 12
21 1 4
38 1 21
48 1 19
38 1 19
54 1 23
3 2 43
39 1 23
44 1 23
11 1 13
14 1 10
30 1 22
44 1 9
4 2 1
10 1 8
22 2 54
72 1 30
30 1 20
44 1 30
14 2 11
19 1 34
44 1 8
73 1 57
45 1 25
30 1 73
23 1 70
44 2 45
12 2 22
42 2 5
18 2 30
34 1 3
10 1 3
1 1 37
19 1 29
14 1 41
11 1 43
3 1 1
41 2 51
43 1 21
3 7 1
5 2 3
40 1 7
50 1 51
14 1 3
18 2 23
4 2 34
1 2 33
18 1 16
23 1 45
3 5 1
1 2 28
26 1 21
48 1 21
61 1 21
70 2 54
73 1 48
50 2 30
10 1 1
1 2 4
1 2 23
5 2 32
53 1 51
3 4 1
70 1 23
70 2 20
11 1 41
23 1 22
11 1 1
54 1 50
5 2 42
22 1 19
10 1 9
30 1 21
3 2 25
51 2 52
48 2 61
6 1 3
7 1 3
51 2 61
44 1 10
25 1 17
23 1 19
48 2 72
45 1 3
21 1 5
50 1 61
30 1 12
43 2 51
23 1 54
22 1 21
1 7 3
57 1 23
25 2 30
19 1 30
3 2 37
23 1 44
43 2 48
75 1 21
33 1 27
51 1 21
20 1 21
37 1 19
51 1 19
23 1 21
69 1 43
13 1 3
43 1 11
19 1 3
8 2 9
9 2 10
6 2 7
21 1 3
37 1 21
75 1 19
27 1 19
3 2 28
37 2 38
3 2 41
1 1 38
5 2 1
69 1 51
72 2 57
14 1 1
26 1 19
3 1 37
44 1 18
3 2 18
19 1 42
51 2 75
19 1 4
3 1 5
30 1 54
54 1 69
69 2 23
1 1 3
38 2 37
17 1 14
3 1 38
3 2 33
11 1 10
19 1 32
23 1 20
4 2 3
12 1 14
1 1 4
30 1 15
7 2 6
50 1 43
21 1 42
6 2 39
3 1 4
21 1 23
44 1 3
13 2 1
34 1 1
20 1 19
29 1 1
70 1 30
21 1 1
14 1 13
43 1 14
19 2 21
16 1 11
10 2 1
3 2 5
27 1 21
73 1 72
54 1 30
48 2 75
29 1 3
21 2 19
1 2 41
53 1 52
1 5 3
15 1 14
19 1 5
43 1 19
34 1 33
69 1 75
29 1 28
41 1 21
45 1 10
69 1 48
21 1 29
12 2 44
23 1 12
28 1 26
11 2 14
70 1 50
12 2 70
45 1 30
1 4 3
4 2 32
23 1 15
45 2 44
1 2 38
19 1 1
30 1 70
41 1 19
13 2 3
39 1 1
30 1 19
1 1 5
3 2 4
12 1 11
54 2 20
21 1 34
14 1 43
4 2 42
30 1 53
1 2 5
50 1 48
40 1 6
9 2 3
61 1 19
10 2 3
70 1 69
1 2 37
69 1 41
11 1 3
? 1 github_java_program_data/12/166.java

13 1 1
52 1 23
21 1 32
15 2 12
21 1 4
51 2 72
48 1 19
29 2 5
15 2 53
21 1 29
30 1 22
4 2 5
4 2 1
3 1 28
42 2 4
72 1 30
19 2 54
19 1 34
1 5 3
27 2 26
12 2 22
20 2 12
3 1 33
34 1 3
10 1 3
23 1 15
33 1 26
19 1 29
3 1 1
29 2 4
3 7 1
40 1 73
43 1 21
5 2 3
29 1 33
14 1 3
5 2 34
23 1 60
4 2 34
69 2 30
54 2 70
60 1 21
53 2 73
3 5 1
1 2 28
26 1 21
48 1 21
11 1 10
11 1 41
15 2 54
28 1 27
12 2 54
41 1 11
49 1 19
30 1 60
50 2 30
10 1 1
1 2 4
3 4 1
50 2 23
14 1 49
70 1 23
68 1 19
23 1 22
11 1 1
11 1 49
23 1 73
1 2 49
11 1 68
54 1 50
5 2 42
22 1 19
40 1 22
30 1 21
72 1 23
62 1 19
34 2 4
48 2 52
53 1 48
23 1 19
30 1 12
13 2 1
93 1 1
23 1 54
26 1 1
22 1 21
1 7 3
57 1 23
5 2 23
19 1 30
21 2 53
73 1 51
33 1 27
51 1 21
20 1 21
26 2 27
51 1 19
23 1 21
29 1 1
13 1 3
22 2 20
40 1 15
19 1 3
1 2 33
21 1 3
5 2 4
27 1 19
3 2 28
40 1 93
3 2 41
1 1 33
32 2 1
93 2 22
34 2 5
5 2 1
20 2 22
14 1 1
29 2 23
1 2 3
26 1 19
19 1 42
56 1 21
19 1 4
3 1 5
15 2 22
30 1 54
43 1 14
1 1 3
40 1 12
40 1 53
15 1 11
19 1 32
23 1 20
4 2 3
54 2 20
1 1 4
30 1 15
50 1 43
27 1 3
40 1 54
40 1 20
21 1 42
3 1 4
10 2 1
34 1 28
21 1 23
23 1 56
34 1 1
20 1 19
12 1 14
21 1 1
1 4 3
14 1 13
3 2 33
1 1 28
19 2 21
19 1 23
4 2 29
3 2 5
32 2 29
27 1 21
3 2 1
73 1 72
52 1 30
1 2 5
29 1 3
21 2 19
53 1 52
30 1 62
26 1 3
34 2 23
15 1 14
3 2 43
43 1 19
34 1 33
29 1 28
41 1 21
21 2 73
50 1 41
22 2 53
23 1 12
28 1 26
68 1 21
5 2 29
21 1 5
70 1 50
12 2 15
27 1 1
4 2 32
13 2 3
60 1 19
49 1 21
19 1 1
73 2 20
30 1 70
41 1 19
29 2 30
52 2 57
54 1 69
1 1 5
3 2 4
12 1 11
21 1 34
14 1 43
1 2 43
30 1 53
54 1 30
19 1 5
53 1 57
10 2 3
1 2 68
69 1 41
11 1 3
? 1 github_java_program_data/12/177.java

13 1 1
52 1 23
21 1 32
15 2 12
21 1 4
51 2 72
48 1 19
29 2 5
15 2 53
21 1 29
30 1 22
4 2 5
4 2 1
3 1 28
42 2 4
72 1 30
19 2 54
19 1 34
1 5 3
27 2 26
12 2 22
20 2 12
3 1 33
34 1 3
10 1 3
23 1 15
33 1 26
19 1 29
3 1 1
29 2 4
3 7 1
40 1 73
43 1 21
5 2 3
29 1 33
14 1 3
5 2 34
23 1 60
4 2 34
69 2 30
54 2 70
60 1 21
53 2 73
3 5 1
1 2 28
26 1 21
48 1 21
11 1 10
11 1 41
15 2 54
28 1 27
12 2 54
41 1 11
49 1 19
30 1 60
50 2 30
10 1 1
1 2 4
3 4 1
50 2 23
14 1 49
70 1 23
68 1 19
23 1 22
11 1 1
11 1 49
23 1 73
1 2 49
11 1 68
54 1 50
5 2 42
22 1 19
40 1 22
30 1 21
72 1 23
62 1 19
34 2 4
48 2 52
53 1 48
23 1 19
30 1 12
13 2 1
93 1 1
23 1 54
26 1 1
22 1 21
1 7 3
57 1 23
5 2 23
19 1 30
21 2 53
73 1 51
33 1 27
51 1 21
20 1 21
26 2 27
51 1 19
23 1 21
29 1 1
13 1 3
22 2 20
40 1 15
19 1 3
1 2 33
21 1 3
5 2 4
27 1 19
3 2 28
40 1 93
3 2 41
1 1 33
32 2 1
93 2 22
34 2 5
5 2 1
20 2 22
14 1 1
29 2 23
1 2 3
26 1 19
19 1 42
56 1 21
19 1 4
3 1 5
15 2 22
30 1 54
43 1 14
1 1 3
40 1 12
40 1 53
15 1 11
19 1 32
23 1 20
4 2 3
54 2 20
1 1 4
30 1 15
50 1 43
27 1 3
40 1 54
40 1 20
21 1 42
3 1 4
10 2 1
34 1 28
21 1 23
23 1 56
34 1 1
20 1 19
12 1 14
21 1 1
1 4 3
14 1 13
3 2 33
1 1 28
19 2 21
19 1 23
4 2 29
3 2 5
32 2 29
27 1 21
3 2 1
73 1 72
52 1 30
1 2 5
29 1 3
21 2 19
53 1 52
30 1 62
26 1 3
34 2 23
15 1 14
3 2 43
43 1 19
34 1 33
29 1 28
41 1 21
21 2 73
50 1 41
22 2 53
23 1 12
28 1 26
68 1 21
5 2 29
21 1 5
70 1 50
12 2 15
27 1 1
4 2 32
13 2 3
60 1 19
49 1 21
19 1 1
73 2 20
30 1 70
41 1 19
29 2 30
52 2 57
54 1 69
1 1 5
3 2 4
12 1 11
21 1 34
14 1 43
1 2 43
30 1 53
54 1 30
19 1 5
53 1 57
10 2 3
1 2 68
69 1 41
11 1 3
? 1 github_java_program_data/12/204.java

51 1 21
13 1 1
20 1 21
21 1 32
4 2 1
21 1 4
41 1 14
61 1 21
13 1 3
15 1 14
43 1 11
38 1 19
10 1 1
54 1 23
40 1 45
21 1 3
37 1 21
20 1 19
11 1 13
27 1 19
14 1 10
37 2 38
50 2 23
30 1 22
1 1 38
1 2 25
45 1 13
3 2 38
41 1 19
38 1 21
14 1 1
26 1 19
3 1 37
44 1 18
3 2 18
19 1 42
37 1 19
51 2 75
44 2 45
45 1 25
19 1 4
3 1 5
12 2 15
41 1 11
30 1 54
23 1 70
40 1 44
12 2 53
1 1 3
13 2 1
19 1 3
50 1 41
23 1 15
33 1 26
19 1 29
3 1 38
11 1 43
50 1 75
41 2 51
43 1 21
19 1 32
3 7 1
23 1 20
4 2 3
12 1 14
5 2 3
1 1 4
3 1 1
50 1 51
44 1 23
18 2 23
3 4 1
14 1 3
41 2 48
48 1 19
75 1 19
69 2 30
44 1 10
54 2 70
44 1 3
32 2 5
3 5 1
1 2 28
34 1 1
48 1 21
11 1 10
70 1 30
21 1 1
45 1 1
28 1 27
27 2 26
15 2 54
4 2 42
14 1 13
3 2 33
1 1 28
1 2 38
16 1 11
1 2 4
3 2 5
5 2 4
48 2 52
27 1 21
70 2 20
11 1 41
3 2 41
23 1 53
28 1 26
1 2 5
1 4 3
50 1 43
29 1 3
25 2 30
53 1 52
33 1 27
26 1 3
54 1 50
3 2 43
43 1 19
5 2 42
22 1 19
1 2 43
38 2 37
69 1 48
48 2 61
5 2 1
18 1 16
23 1 12
52 1 30
18 1 17
14 1 49
29 1 33
53 1 48
21 1 5
25 1 17
45 1 30
4 2 32
1 1 37
43 2 48
3 2 49
49 1 21
50 1 61
17 1 14
16 2 17
13 2 3
1 1 5
3 2 4
1 2 37
12 1 11
23 1 54
21 1 34
14 1 43
22 1 21
1 7 3
69 1 41
50 1 48
19 1 5
3 2 37
61 1 19
26 1 21
25 1 16
10 2 3
69 1 61
70 1 69
11 1 3
34 1 28
1 5 3
19 1 1
? 1 github_java_program_data/12/216.java

40 1 39
13 1 1
21 1 32
15 2 12
21 1 4
41 1 14
38 1 21
70 2 15
69 2 23
48 1 19
57 1 19
54 1 23
3 2 43
39 1 23
11 1 13
14 1 10
5 2 42
44 1 9
4 2 1
2 2 6
3 1 28
73 2 15
10 1 8
72 1 30
30 1 20
44 1 30
8 2 1
19 1 34
44 1 8
1 5 3
30 1 73
27 2 26
5 2 34
73 1 52
12 2 22
21 1 97
3 1 33
38 1 19
34 1 3
10 1 3
23 1 15
33 1 26
19 1 29
14 1 41
11 1 43
50 1 75
41 2 51
43 1 21
3 7 1
5 2 3
29 1 33
40 1 7
50 1 51
14 1 3
18 2 23
53 2 20
53 1 72
39 1 3
69 2 30
44 1 10
54 2 70
27 1 19
3 5 1
1 2 28
26 1 21
48 1 21
61 1 21
24 1 23
28 1 27
41 1 11
73 1 48
30 1 60
50 2 30
10 1 1
1 2 4
3 4 1
5 2 32
51 2 61
70 1 23
11 1 41
1 2 18
28 1 26
11 1 1
15 2 53
11 1 49
23 1 24
24 1 9
54 1 50
24 2 44
4 2 5
22 1 19
21 1 5
4 2 34
48 2 75
51 2 52
26 2 27
48 2 61
72 1 23
72 2 76
48 2 52
53 1 48
44 1 25
48 2 72
50 1 61
30 1 12
70 2 56
43 2 51
44 1 1
52 1 21
23 1 54
56 1 19
26 1 1
22 1 21
30 1 56
69 1 41
25 2 30
7 2 39
69 1 75
23 1 44
97 1 52
43 2 48
73 1 51
33 1 27
97 1 51
51 1 21
3 2 38
20 1 21
37 1 19
51 1 19
69 1 43
13 1 3
43 1 11
19 1 3
1 2 33
9 2 10
26 1 19
21 1 3
37 1 21
5 2 4
97 1 57
3 2 28
37 2 38
50 2 23
3 2 41
1 1 33
1 1 38
5 2 1
69 1 51
3 2 23
8 2 9
14 1 1
1 4 3
56 6 44
1 2 25
13 1 9
3 1 37
19 1 42
51 2 75
19 1 4
3 1 5
39 1 8
30 1 54
3 2 33
1 1 3
38 2 37
15 1 11
29 2 4
3 1 38
2 1 1
19 1 32
23 1 20
4 2 3
53 2 12
1 7 3
12 1 14
12 2 73
1 1 4
3 1 1
7 2 6
50 1 43
27 1 3
12 2 54
8 2 3
21 1 42
3 1 4
10 2 1
34 1 28
13 2 1
34 1 1
20 1 19
29 1 1
70 1 30
21 1 1
24 1 18
41 2 48
43 1 14
7 1 1
1 1 28
24 1 1
16 1 11
9 2 1
3 2 5
27 1 21
6 1 1
73 1 72
23 1 53
52 1 30
1 2 5
3 2 49
29 1 3
1 2 41
50 1 48
76 1 30
6 2 7
26 1 3
15 1 14
40 1 6
43 1 19
34 1 33
3 2 37
29 1 28
41 1 21
69 1 48
21 1 29
50 1 41
23 1 12
23 1 22
49 1 19
5 2 29
15 2 70
10 1 9
70 1 50
12 2 15
27 1 1
4 2 32
1 1 37
60 1 19
1 2 38
19 1 1
70 2 12
30 1 70
41 1 19
13 2 3
52 2 57
54 1 69
1 1 5
3 2 4
75 1 21
12 1 11
21 1 34
14 1 43
30 1 15
1 2 43
13 1 8
53 1 76
30 1 53
54 1 30
53 1 52
19 1 5
9 2 3
61 1 19
25 1 16
10 2 3
69 1 61
70 1 69
1 2 37
40 1 2
11 1 3
? 1 github_java_program_data/12/218.java

13 1 1
52 1 23
21 1 32
15 2 12
21 1 4
51 2 72
48 1 19
29 2 5
15 2 53
21 1 29
30 1 22
4 2 5
4 2 1
3 1 28
42 2 4
72 1 30
19 2 54
19 1 34
1 5 3
27 2 26
12 2 22
20 2 12
3 1 33
34 1 3
10 1 3
23 1 15
33 1 26
19 1 29
3 1 1
29 2 4
3 7 1
40 1 73
43 1 21
5 2 3
29 1 33
14 1 3
5 2 34
23 1 60
4 2 34
69 2 30
54 2 70
60 1 21
53 2 73
3 5 1
1 2 28
26 1 21
48 1 21
11 1 10
11 1 41
15 2 54
28 1 27
12 2 54
41 1 11
49 1 19
30 1 60
50 2 30
10 1 1
1 2 4
3 4 1
50 2 23
14 1 49
70 1 23
68 1 19
23 1 22
11 1 1
11 1 49
23 1 73
1 2 49
11 1 68
54 1 50
5 2 42
22 1 19
40 1 22
30 1 21
72 1 23
62 1 19
34 2 4
48 2 52
53 1 48
23 1 19
30 1 12
13 2 1
93 1 1
23 1 54
26 1 1
22 1 21
1 7 3
57 1 23
5 2 23
19 1 30
21 2 53
73 1 51
33 1 27
51 1 21
20 1 21
26 2 27
51 1 19
23 1 21
29 1 1
13 1 3
22 2 20
40 1 15
19 1 3
1 2 33
21 1 3
5 2 4
27 1 19
3 2 28
40 1 93
3 2 41
1 1 33
32 2 1
93 2 22
34 2 5
5 2 1
20 2 22
14 1 1
29 2 23
1 2 3
26 1 19
19 1 42
56 1 21
19 1 4
3 1 5
15 2 22
30 1 54
43 1 14
1 1 3
40 1 12
40 1 53
15 1 11
19 1 32
23 1 20
4 2 3
54 2 20
1 1 4
30 1 15
50 1 43
27 1 3
40 1 54
40 1 20
21 1 42
3 1 4
10 2 1
34 1 28
21 1 23
23 1 56
34 1 1
20 1 19
12 1 14
21 1 1
1 4 3
14 1 13
3 2 33
1 1 28
19 2 21
19 1 23
4 2 29
3 2 5
32 2 29
27 1 21
3 2 1
73 1 72
52 1 30
1 2 5
29 1 3
21 2 19
53 1 52
30 1 62
26 1 3
34 2 23
15 1 14
3 2 43
43 1 19
34 1 33
29 1 28
41 1 21
21 2 73
50 1 41
22 2 53
23 1 12
28 1 26
68 1 21
5 2 29
21 1 5
70 1 50
12 2 15
27 1 1
4 2 32
13 2 3
60 1 19
49 1 21
19 1 1
73 2 20
30 1 70
41 1 19
29 2 30
52 2 57
54 1 69
1 1 5
3 2 4
12 1 11
21 1 34
14 1 43
1 2 43
30 1 53
54 1 30
19 1 5
53 1 57
10 2 3
1 2 68
69 1 41
11 1 3
? 1 github_java_program_data/12/231.java

40 1 39
38 1 21
15 2 12
21 1 4
13 1 1
19 1 32
38 1 19
54 1 23
39 1 23
11 1 13
7 2 39
14 1 10
30 1 22
44 1 9
2 2 6
3 1 28
6 2 7
44 1 30
19 1 5
19 1 34
54 2 56
23 1 70
16 1 96
18 2 30
50 1 41
10 1 3
1 1 37
33 1 26
70 2 55
14 1 41
11 1 43
3 1 1
1 2 96
43 1 21
5 2 3
29 1 33
14 1 3
4 2 34
69 2 30
44 1 10
3 5 1
1 2 28
48 1 21
69 1 43
28 1 27
48 2 23
68 1 21
50 2 30
1 2 4
1 2 23
53 1 51
14 1 68
28 1 26
11 1 1
11 1 49
1 2 49
54 1 50
4 2 5
22 1 19
10 1 9
3 2 25
51 2 52
26 2 27
18 1 17
3 4 1
30 1 12
6 1 1
1 2 68
3 2 37
23 1 44
34 1 28
51 1 21
20 1 19
20 1 21
37 1 19
4 2 1
16 1 1
13 1 3
22 2 20
19 1 3
1 2 33
9 2 10
21 1 3
37 1 21
3 7 1
3 2 28
37 2 38
50 2 23
3 2 41
1 1 33
1 1 38
5 2 1
41 1 19
14 1 1
17 1 1
56 6 44
63 1 3
3 1 37
44 1 18
3 2 18
19 1 42
56 1 21
19 1 4
3 1 5
39 1 8
30 1 54
1 1 25
69 2 23
1 1 3
29 1 1
15 1 11
3 1 38
2 1 1
10 1 1
23 1 20
4 2 3
1 7 3
1 1 4
30 1 15
7 2 6
8 2 3
3 1 4
10 2 1
55 1 23
44 1 3
13 2 1
34 1 1
96 1 3
3 2 38
12 1 14
70 1 30
21 1 1
1 4 3
3 2 33
7 1 1
8 2 1
3 1 18
4 2 29
3 2 5
17 1 11
30 1 56
23 1 53
52 1 30
3 2 49
29 1 3
55 2 54
53 1 52
26 1 3
3 2 43
34 1 33
30 1 55
29 1 28
21 1 29
34 1 3
1 5 3
40 1 7
23 1 22
49 1 19
41 1 11
21 1 5
70 1 50
12 2 70
12 2 15
27 1 1
13 2 3
55 1 48
49 1 21
19 1 1
1 2 63
30 1 70
19 1 29
39 1 1
54 1 69
1 1 5
3 2 4
21 1 34
13 1 8
1 2 5
40 1 6
43 1 14
9 2 3
16 1 63
25 1 16
10 2 3
70 1 69
1 2 37
40 1 2
11 1 3
? 1 github_java_program_data/12/254.java

13 1 1
52 1 23
21 1 32
15 2 12
21 1 4
51 2 72
48 1 19
29 2 5
15 2 53
21 1 29
30 1 22
4 2 5
4 2 1
3 1 28
42 2 4
72 1 30
19 2 54
19 1 34
1 5 3
27 2 26
12 2 22
20 2 12
3 1 33
34 1 3
10 1 3
23 1 15
33 1 26
19 1 29
3 1 1
29 2 4
3 7 1
40 1 73
43 1 21
5 2 3
29 1 33
14 1 3
5 2 34
23 1 60
4 2 34
69 2 30
54 2 70
60 1 21
53 2 73
3 5 1
1 2 28
26 1 21
48 1 21
11 1 10
11 1 41
15 2 54
28 1 27
12 2 54
41 1 11
49 1 19
30 1 60
50 2 30
10 1 1
1 2 4
3 4 1
50 2 23
14 1 49
70 1 23
68 1 19
23 1 22
11 1 1
11 1 49
23 1 73
1 2 49
11 1 68
54 1 50
5 2 42
22 1 19
40 1 22
30 1 21
72 1 23
62 1 19
34 2 4
48 2 52
53 1 48
23 1 19
30 1 12
13 2 1
93 1 1
23 1 54
26 1 1
22 1 21
1 7 3
57 1 23
5 2 23
19 1 30
21 2 53
73 1 51
33 1 27
51 1 21
20 1 21
26 2 27
51 1 19
23 1 21
29 1 1
13 1 3
22 2 20
40 1 15
19 1 3
1 2 33
21 1 3
5 2 4
27 1 19
3 2 28
40 1 93
3 2 41
1 1 33
32 2 1
93 2 22
34 2 5
5 2 1
20 2 22
14 1 1
29 2 23
1 2 3
26 1 19
19 1 42
56 1 21
19 1 4
3 1 5
15 2 22
30 1 54
43 1 14
1 1 3
40 1 12
40 1 53
15 1 11
19 1 32
23 1 20
4 2 3
54 2 20
1 1 4
30 1 15
50 1 43
27 1 3
40 1 54
40 1 20
21 1 42
3 1 4
10 2 1
34 1 28
21 1 23
23 1 56
34 1 1
20 1 19
12 1 14
21 1 1
1 4 3
14 1 13
3 2 33
1 1 28
19 2 21
19 1 23
4 2 29
3 2 5
32 2 29
27 1 21
3 2 1
73 1 72
52 1 30
1 2 5
29 1 3
21 2 19
53 1 52
30 1 62
26 1 3
34 2 23
15 1 14
3 2 43
43 1 19
34 1 33
29 1 28
41 1 21
21 2 73
50 1 41
22 2 53
23 1 12
28 1 26
68 1 21
5 2 29
21 1 5
70 1 50
12 2 15
27 1 1
4 2 32
13 2 3
60 1 19
49 1 21
19 1 1
73 2 20
30 1 70
41 1 19
29 2 30
52 2 57
54 1 69
1 1 5
3 2 4
12 1 11
21 1 34
14 1 43
1 2 43
30 1 53
54 1 30
19 1 5
53 1 57
10 2 3
1 2 68
69 1 41
11 1 3
? 1 github_java_program_data/12/258.java

51 1 21
13 1 1
20 1 21
21 1 32
4 2 1
21 1 4
41 1 14
61 1 21
13 1 3
15 1 14
43 1 11
38 1 19
10 1 1
54 1 23
40 1 45
21 1 3
37 1 21
20 1 19
11 1 13
27 1 19
14 1 10
37 2 38
50 2 23
30 1 22
1 1 38
1 2 25
45 1 13
3 2 38
41 1 19
38 1 21
14 1 1
26 1 19
3 1 37
44 1 18
3 2 18
19 1 42
37 1 19
51 2 75
44 2 45
45 1 25
19 1 4
3 1 5
12 2 15
41 1 11
30 1 54
23 1 70
40 1 44
12 2 53
1 1 3
13 2 1
19 1 3
50 1 41
23 1 15
33 1 26
19 1 29
3 1 38
11 1 43
50 1 75
41 2 51
43 1 21
19 1 32
3 7 1
23 1 20
4 2 3
12 1 14
5 2 3
1 1 4
3 1 1
50 1 51
44 1 23
18 2 23
3 4 1
14 1 3
41 2 48
48 1 19
75 1 19
69 2 30
44 1 10
54 2 70
44 1 3
32 2 5
3 5 1
1 2 28
34 1 1
48 1 21
11 1 10
70 1 30
21 1 1
45 1 1
28 1 27
27 2 26
15 2 54
4 2 42
14 1 13
3 2 33
1 1 28
1 2 38
16 1 11
1 2 4
3 2 5
5 2 4
48 2 52
27 1 21
70 2 20
11 1 41
3 2 41
23 1 53
28 1 26
1 2 5
1 4 3
50 1 43
29 1 3
25 2 30
53 1 52
33 1 27
26 1 3
54 1 50
3 2 43
43 1 19
5 2 42
22 1 19
1 2 43
38 2 37
69 1 48
48 2 61
5 2 1
18 1 16
23 1 12
52 1 30
18 1 17
14 1 49
29 1 33
53 1 48
21 1 5
25 1 17
45 1 30
4 2 32
1 1 37
43 2 48
3 2 49
49 1 21
50 1 61
17 1 14
16 2 17
13 2 3
1 1 5
3 2 4
1 2 37
12 1 11
23 1 54
21 1 34
14 1 43
22 1 21
1 7 3
69 1 41
50 1 48
19 1 5
3 2 37
61 1 19
26 1 21
25 1 16
10 2 3
69 1 61
70 1 69
11 1 3
34 1 28
1 5 3
19 1 1
? 1 github_java_program_data/12/27.java

51 1 21
13 1 1
20 1 21
21 1 32
4 2 1
21 1 4
41 1 14
61 1 21
13 1 3
15 1 14
43 1 11
38 1 19
10 1 1
54 1 23
40 1 45
21 1 3
37 1 21
20 1 19
11 1 13
27 1 19
14 1 10
37 2 38
50 2 23
30 1 22
1 1 38
1 2 25
45 1 13
3 2 38
41 1 19
38 1 21
14 1 1
26 1 19
3 1 37
44 1 18
3 2 18
19 1 42
37 1 19
51 2 75
44 2 45
45 1 25
19 1 4
3 1 5
12 2 15
41 1 11
30 1 54
23 1 70
40 1 44
12 2 53
1 1 3
13 2 1
19 1 3
50 1 41
23 1 15
33 1 26
19 1 29
3 1 38
11 1 43
50 1 75
41 2 51
43 1 21
19 1 32
3 7 1
23 1 20
4 2 3
12 1 14
5 2 3
1 1 4
3 1 1
50 1 51
44 1 23
18 2 23
3 4 1
14 1 3
41 2 48
48 1 19
75 1 19
69 2 30
44 1 10
54 2 70
44 1 3
32 2 5
3 5 1
1 2 28
34 1 1
48 1 21
11 1 10
70 1 30
21 1 1
45 1 1
28 1 27
27 2 26
15 2 54
4 2 42
14 1 13
3 2 33
1 1 28
1 2 38
16 1 11
1 2 4
3 2 5
5 2 4
48 2 52
27 1 21
70 2 20
11 1 41
3 2 41
23 1 53
28 1 26
1 2 5
1 4 3
50 1 43
29 1 3
25 2 30
53 1 52
33 1 27
26 1 3
54 1 50
3 2 43
43 1 19
5 2 42
22 1 19
1 2 43
38 2 37
69 1 48
48 2 61
5 2 1
18 1 16
23 1 12
52 1 30
18 1 17
14 1 49
29 1 33
53 1 48
21 1 5
25 1 17
45 1 30
4 2 32
1 1 37
43 2 48
3 2 49
49 1 21
50 1 61
17 1 14
16 2 17
13 2 3
1 1 5
3 2 4
1 2 37
12 1 11
23 1 54
21 1 34
14 1 43
22 1 21
1 7 3
69 1 41
50 1 48
19 1 5
3 2 37
61 1 19
26 1 21
25 1 16
10 2 3
69 1 61
70 1 69
11 1 3
34 1 28
1 5 3
19 1 1
? 1 github_java_program_data/12/270.java

51 1 21
13 1 1
20 1 21
21 1 32
4 2 1
21 1 4
41 1 14
61 1 21
13 1 3
15 1 14
43 1 11
38 1 19
10 1 1
54 1 23
40 1 45
21 1 3
37 1 21
20 1 19
11 1 13
27 1 19
14 1 10
37 2 38
50 2 23
30 1 22
1 1 38
1 2 25
45 1 13
3 2 38
41 1 19
38 1 21
14 1 1
26 1 19
3 1 37
44 1 18
3 2 18
19 1 42
37 1 19
51 2 75
44 2 45
45 1 25
19 1 4
3 1 5
12 2 15
41 1 11
30 1 54
23 1 70
40 1 44
12 2 53
1 1 3
13 2 1
19 1 3
50 1 41
23 1 15
33 1 26
19 1 29
3 1 38
11 1 43
50 1 75
41 2 51
43 1 21
19 1 32
3 7 1
23 1 20
4 2 3
12 1 14
5 2 3
1 1 4
3 1 1
50 1 51
44 1 23
18 2 23
3 4 1
14 1 3
41 2 48
48 1 19
75 1 19
69 2 30
44 1 10
54 2 70
44 1 3
32 2 5
3 5 1
1 2 28
34 1 1
48 1 21
11 1 10
70 1 30
21 1 1
45 1 1
28 1 27
27 2 26
15 2 54
4 2 42
14 1 13
3 2 33
1 1 28
1 2 38
16 1 11
1 2 4
3 2 5
5 2 4
48 2 52
27 1 21
70 2 20
11 1 41
3 2 41
23 1 53
28 1 26
1 2 5
1 4 3
50 1 43
29 1 3
25 2 30
53 1 52
33 1 27
26 1 3
54 1 50
3 2 43
43 1 19
5 2 42
22 1 19
1 2 43
38 2 37
69 1 48
48 2 61
5 2 1
18 1 16
23 1 12
52 1 30
18 1 17
14 1 49
29 1 33
53 1 48
21 1 5
25 1 17
45 1 30
4 2 32
1 1 37
43 2 48
3 2 49
49 1 21
50 1 61
17 1 14
16 2 17
13 2 3
1 1 5
3 2 4
1 2 37
12 1 11
23 1 54
21 1 34
14 1 43
22 1 21
1 7 3
69 1 41
50 1 48
19 1 5
3 2 37
61 1 19
26 1 21
25 1 16
10 2 3
69 1 61
70 1 69
11 1 3
34 1 28
1 5 3
19 1 1
? 1 github_java_program_data/12/297.java

13 1 1
52 1 23
21 1 32
15 2 12
21 1 4
51 2 72
48 1 19
29 2 5
15 2 53
21 1 29
30 1 22
4 2 5
4 2 1
3 1 28
42 2 4
72 1 30
19 2 54
19 1 34
1 5 3
27 2 26
12 2 22
20 2 12
3 1 33
34 1 3
10 1 3
23 1 15
33 1 26
19 1 29
3 1 1
29 2 4
3 7 1
40 1 73
43 1 21
5 2 3
29 1 33
14 1 3
5 2 34
23 1 60
4 2 34
69 2 30
54 2 70
60 1 21
53 2 73
3 5 1
1 2 28
26 1 21
48 1 21
11 1 10
11 1 41
15 2 54
28 1 27
12 2 54
41 1 11
49 1 19
30 1 60
50 2 30
10 1 1
1 2 4
3 4 1
50 2 23
14 1 49
70 1 23
68 1 19
23 1 22
11 1 1
11 1 49
23 1 73
1 2 49
11 1 68
54 1 50
5 2 42
22 1 19
40 1 22
30 1 21
72 1 23
62 1 19
34 2 4
48 2 52
53 1 48
23 1 19
30 1 12
13 2 1
93 1 1
23 1 54
26 1 1
22 1 21
1 7 3
57 1 23
5 2 23
19 1 30
21 2 53
73 1 51
33 1 27
51 1 21
20 1 21
26 2 27
51 1 19
23 1 21
29 1 1
13 1 3
22 2 20
40 1 15
19 1 3
1 2 33
21 1 3
5 2 4
27 1 19
3 2 28
40 1 93
3 2 41
1 1 33
32 2 1
93 2 22
34 2 5
5 2 1
20 2 22
14 1 1
29 2 23
1 2 3
26 1 19
19 1 42
56 1 21
19 1 4
3 1 5
15 2 22
30 1 54
43 1 14
1 1 3
40 1 12
40 1 53
15 1 11
19 1 32
23 1 20
4 2 3
54 2 20
1 1 4
30 1 15
50 1 43
27 1 3
40 1 54
40 1 20
21 1 42
3 1 4
10 2 1
34 1 28
21 1 23
23 1 56
34 1 1
20 1 19
12 1 14
21 1 1
1 4 3
14 1 13
3 2 33
1 1 28
19 2 21
19 1 23
4 2 29
3 2 5
32 2 29
27 1 21
3 2 1
73 1 72
52 1 30
1 2 5
29 1 3
21 2 19
53 1 52
30 1 62
26 1 3
34 2 23
15 1 14
3 2 43
43 1 19
34 1 33
29 1 28
41 1 21
21 2 73
50 1 41
22 2 53
23 1 12
28 1 26
68 1 21
5 2 29
21 1 5
70 1 50
12 2 15
27 1 1
4 2 32
13 2 3
60 1 19
49 1 21
19 1 1
73 2 20
30 1 70
41 1 19
29 2 30
52 2 57
54 1 69
1 1 5
3 2 4
12 1 11
21 1 34
14 1 43
1 2 43
30 1 53
54 1 30
19 1 5
53 1 57
10 2 3
1 2 68
69 1 41
11 1 3
? 1 github_java_program_data/12/312.java

51 1 21
13 1 1
20 1 21
21 1 32
4 2 1
21 1 4
41 1 14
61 1 21
13 1 3
15 1 14
43 1 11
38 1 19
10 1 1
54 1 23
40 1 45
21 1 3
37 1 21
20 1 19
11 1 13
27 1 19
14 1 10
37 2 38
50 2 23
30 1 22
1 1 38
1 2 25
45 1 13
3 2 38
41 1 19
38 1 21
14 1 1
26 1 19
3 1 37
44 1 18
3 2 18
19 1 42
37 1 19
51 2 75
44 2 45
45 1 25
19 1 4
3 1 5
12 2 15
41 1 11
30 1 54
23 1 70
40 1 44
12 2 53
1 1 3
13 2 1
19 1 3
50 1 41
23 1 15
33 1 26
19 1 29
3 1 38
11 1 43
50 1 75
41 2 51
43 1 21
19 1 32
3 7 1
23 1 20
4 2 3
12 1 14
5 2 3
1 1 4
3 1 1
50 1 51
44 1 23
18 2 23
3 4 1
14 1 3
41 2 48
48 1 19
75 1 19
69 2 30
44 1 10
54 2 70
44 1 3
32 2 5
3 5 1
1 2 28
34 1 1
48 1 21
11 1 10
70 1 30
21 1 1
45 1 1
28 1 27
27 2 26
15 2 54
4 2 42
14 1 13
3 2 33
1 1 28
1 2 38
16 1 11
1 2 4
3 2 5
5 2 4
48 2 52
27 1 21
70 2 20
11 1 41
3 2 41
23 1 53
28 1 26
1 2 5
1 4 3
50 1 43
29 1 3
25 2 30
53 1 52
33 1 27
26 1 3
54 1 50
3 2 43
43 1 19
5 2 42
22 1 19
1 2 43
38 2 37
69 1 48
48 2 61
5 2 1
18 1 16
23 1 12
52 1 30
18 1 17
14 1 49
29 1 33
53 1 48
21 1 5
25 1 17
45 1 30
4 2 32
1 1 37
43 2 48
3 2 49
49 1 21
50 1 61
17 1 14
16 2 17
13 2 3
1 1 5
3 2 4
1 2 37
12 1 11
23 1 54
21 1 34
14 1 43
22 1 21
1 7 3
69 1 41
50 1 48
19 1 5
3 2 37
61 1 19
26 1 21
25 1 16
10 2 3
69 1 61
70 1 69
11 1 3
34 1 28
1 5 3
19 1 1
? 1 github_java_program_data/12/324.java

13 1 1
52 1 23
21 1 32
15 2 12
21 1 4
51 2 72
48 1 19
29 2 5
15 2 53
21 1 29
30 1 22
4 2 5
4 2 1
3 1 28
42 2 4
72 1 30
19 2 54
19 1 34
1 5 3
27 2 26
12 2 22
20 2 12
3 1 33
34 1 3
10 1 3
23 1 15
33 1 26
19 1 29
3 1 1
29 2 4
3 7 1
40 1 73
43 1 21
5 2 3
29 1 33
14 1 3
5 2 34
23 1 60
4 2 34
69 2 30
54 2 70
60 1 21
53 2 73
3 5 1
1 2 28
26 1 21
48 1 21
11 1 10
11 1 41
15 2 54
28 1 27
12 2 54
41 1 11
49 1 19
30 1 60
50 2 30
10 1 1
1 2 4
3 4 1
50 2 23
14 1 49
70 1 23
68 1 19
23 1 22
11 1 1
11 1 49
23 1 73
1 2 49
11 1 68
54 1 50
5 2 42
22 1 19
40 1 22
30 1 21
72 1 23
62 1 19
34 2 4
48 2 52
53 1 48
23 1 19
30 1 12
13 2 1
93 1 1
23 1 54
26 1 1
22 1 21
1 7 3
57 1 23
5 2 23
19 1 30
21 2 53
73 1 51
33 1 27
51 1 21
20 1 21
26 2 27
51 1 19
23 1 21
29 1 1
13 1 3
22 2 20
40 1 15
19 1 3
1 2 33
21 1 3
5 2 4
27 1 19
3 2 28
40 1 93
3 2 41
1 1 33
32 2 1
93 2 22
34 2 5
5 2 1
20 2 22
14 1 1
29 2 23
1 2 3
26 1 19
19 1 42
56 1 21
19 1 4
3 1 5
15 2 22
30 1 54
43 1 14
1 1 3
40 1 12
40 1 53
15 1 11
19 1 32
23 1 20
4 2 3
54 2 20
1 1 4
30 1 15
50 1 43
27 1 3
40 1 54
40 1 20
21 1 42
3 1 4
10 2 1
34 1 28
21 1 23
23 1 56
34 1 1
20 1 19
12 1 14
21 1 1
1 4 3
14 1 13
3 2 33
1 1 28
19 2 21
19 1 23
4 2 29
3 2 5
32 2 29
27 1 21
3 2 1
73 1 72
52 1 30
1 2 5
29 1 3
21 2 19
53 1 52
30 1 62
26 1 3
34 2 23
15 1 14
3 2 43
43 1 19
34 1 33
29 1 28
41 1 21
21 2 73
50 1 41
22 2 53
23 1 12
28 1 26
68 1 21
5 2 29
21 1 5
70 1 50
12 2 15
27 1 1
4 2 32
13 2 3
60 1 19
49 1 21
19 1 1
73 2 20
30 1 70
41 1 19
29 2 30
52 2 57
54 1 69
1 1 5
3 2 4
12 1 11
21 1 34
14 1 43
1 2 43
30 1 53
54 1 30
19 1 5
53 1 57
10 2 3
1 2 68
69 1 41
11 1 3
? 1 github_java_program_data/12/339.java

51 1 21
13 1 1
20 1 21
21 1 32
4 2 1
21 1 4
41 1 14
61 1 21
13 1 3
15 1 14
43 1 11
38 1 19
10 1 1
54 1 23
40 1 45
21 1 3
37 1 21
20 1 19
11 1 13
27 1 19
14 1 10
37 2 38
50 2 23
30 1 22
1 1 38
1 2 25
45 1 13
3 2 38
41 1 19
38 1 21
14 1 1
26 1 19
3 1 37
44 1 18
3 2 18
19 1 42
37 1 19
51 2 75
44 2 45
45 1 25
19 1 4
3 1 5
12 2 15
41 1 11
30 1 54
23 1 70
40 1 44
12 2 53
1 1 3
13 2 1
19 1 3
50 1 41
23 1 15
33 1 26
19 1 29
3 1 38
11 1 43
50 1 75
41 2 51
43 1 21
19 1 32
3 7 1
23 1 20
4 2 3
12 1 14
5 2 3
1 1 4
3 1 1
50 1 51
44 1 23
18 2 23
3 4 1
14 1 3
41 2 48
48 1 19
75 1 19
69 2 30
44 1 10
54 2 70
44 1 3
32 2 5
3 5 1
1 2 28
34 1 1
48 1 21
11 1 10
70 1 30
21 1 1
45 1 1
28 1 27
27 2 26
15 2 54
4 2 42
14 1 13
3 2 33
1 1 28
1 2 38
16 1 11
1 2 4
3 2 5
5 2 4
48 2 52
27 1 21
70 2 20
11 1 41
3 2 41
23 1 53
28 1 26
1 2 5
1 4 3
50 1 43
29 1 3
25 2 30
53 1 52
33 1 27
26 1 3
54 1 50
3 2 43
43 1 19
5 2 42
22 1 19
1 2 43
38 2 37
69 1 48
48 2 61
5 2 1
18 1 16
23 1 12
52 1 30
18 1 17
14 1 49
29 1 33
53 1 48
21 1 5
25 1 17
45 1 30
4 2 32
1 1 37
43 2 48
3 2 49
49 1 21
50 1 61
17 1 14
16 2 17
13 2 3
1 1 5
3 2 4
1 2 37
12 1 11
23 1 54
21 1 34
14 1 43
22 1 21
1 7 3
69 1 41
50 1 48
19 1 5
3 2 37
61 1 19
26 1 21
25 1 16
10 2 3
69 1 61
70 1 69
11 1 3
34 1 28
1 5 3
19 1 1
? 1 github_java_program_data/12/351.java

40 1 39
38 1 21
21 1 4
41 1 14
13 1 1
48 1 19
38 1 19
45 1 8
54 1 23
3 2 43
39 1 23
44 1 23
11 1 13
14 1 10
77 1 1
30 1 22
44 1 9
4 2 1
2 2 6
3 2 64
3 7 1
30 1 20
44 1 30
19 1 5
19 1 34
12 2 15
54 2 56
44 2 45
18 2 30
30 1 58
50 1 41
10 1 3
1 1 37
33 1 26
19 1 29
14 1 41
11 1 43
3 1 1
41 2 51
43 1 21
58 6 45
5 2 3
14 1 3
18 2 23
15 2 54
24 2 44
39 1 3
18 1 16
23 1 45
3 5 1
1 2 28
26 1 21
48 1 21
11 1 10
45 1 1
28 1 27
39 1 64
41 1 11
12 2 53
24 1 8
8 2 3
50 2 30
10 1 1
1 2 4
39 1 8
5 2 32
3 4 1
70 1 23
1 2 18
28 1 26
11 1 1
11 1 49
23 1 24
54 1 50
22 1 19
4 2 34
3 2 25
26 2 27
34 1 3
48 2 52
44 1 10
53 1 48
65 2 9
25 1 17
50 1 61
70 2 58
30 1 12
13 2 1
23 1 54
22 1 21
30 1 56
69 1 41
25 2 30
3 2 37
23 1 44
75 1 21
33 1 27
51 1 21
20 1 21
37 1 19
51 1 19
29 1 1
13 1 3
43 1 11
19 1 3
1 2 33
9 2 10
21 1 3
37 1 21
75 1 19
27 1 19
3 2 28
37 2 38
50 2 23
3 2 41
1 1 38
5 2 1
69 1 51
20 2 22
14 1 1
1 4 3
26 1 19
3 1 37
21 1 34
51 2 75
56 1 21
19 1 4
3 1 5
14 1 13
30 1 54
69 2 23
1 1 3
43 1 19
29 2 4
3 1 38
2 1 1
45 1 18
19 1 32
23 1 20
4 2 3
4 2 42
1 7 3
1 1 4
30 1 15
64 2 23
50 1 43
25 2 23
44 1 65
21 1 42
6 2 39
1 2 49
12 2 24
44 1 3
23 1 56
34 1 1
20 1 19
12 1 14
21 1 1
24 1 18
19 1 42
41 2 48
3 2 33
24 1 1
10 2 1
3 2 5
17 1 11
16 1 14
27 1 21
6 1 1
58 1 21
23 1 53
52 1 30
54 1 30
29 1 3
1 2 41
53 1 52
40 1 2
15 1 14
48 2 61
11 1 9
34 1 33
65 1 3
69 1 75
29 1 28
41 1 21
45 1 10
21 1 29
24 1 23
23 1 12
5 2 29
8 2 10
21 1 5
45 1 30
44 1 25
23 1 15
45 2 44
1 2 38
49 1 21
19 1 1
30 1 70
41 1 19
64 1 77
13 2 3
1 1 5
3 2 4
12 1 11
15 2 70
14 1 43
1 2 43
8 2 1
1 2 5
50 1 48
40 1 6
56 6 44
61 1 19
10 2 3
70 1 69
1 2 37
1 5 3
11 1 3
? 1 github_java_program_data/12/358.java

13 1 1
52 1 23
21 1 32
15 2 12
21 1 4
51 2 72
48 1 19
29 2 5
15 2 53
21 1 29
30 1 22
4 2 5
4 2 1
3 1 28
42 2 4
72 1 30
19 2 54
19 1 34
1 5 3
27 2 26
12 2 22
20 2 12
3 1 33
34 1 3
10 1 3
23 1 15
33 1 26
19 1 29
3 1 1
29 2 4
3 7 1
40 1 73
43 1 21
5 2 3
29 1 33
14 1 3
5 2 34
23 1 60
4 2 34
69 2 30
54 2 70
60 1 21
53 2 73
3 5 1
1 2 28
26 1 21
48 1 21
11 1 10
11 1 41
15 2 54
28 1 27
12 2 54
41 1 11
49 1 19
30 1 60
50 2 30
10 1 1
1 2 4
3 4 1
50 2 23
14 1 49
70 1 23
68 1 19
23 1 22
11 1 1
11 1 49
23 1 73
1 2 49
11 1 68
54 1 50
5 2 42
22 1 19
40 1 22
30 1 21
72 1 23
62 1 19
34 2 4
48 2 52
53 1 48
23 1 19
30 1 12
13 2 1
93 1 1
23 1 54
26 1 1
22 1 21
1 7 3
57 1 23
5 2 23
19 1 30
21 2 53
73 1 51
33 1 27
51 1 21
20 1 21
26 2 27
51 1 19
23 1 21
29 1 1
13 1 3
22 2 20
40 1 15
19 1 3
1 2 33
21 1 3
5 2 4
27 1 19
3 2 28
40 1 93
3 2 41
1 1 33
32 2 1
93 2 22
34 2 5
5 2 1
20 2 22
14 1 1
29 2 23
1 2 3
26 1 19
19 1 42
56 1 21
19 1 4
3 1 5
15 2 22
30 1 54
43 1 14
1 1 3
40 1 12
40 1 53
15 1 11
19 1 32
23 1 20
4 2 3
54 2 20
1 1 4
30 1 15
50 1 43
27 1 3
40 1 54
40 1 20
21 1 42
3 1 4
10 2 1
34 1 28
21 1 23
23 1 56
34 1 1
20 1 19
12 1 14
21 1 1
1 4 3
14 1 13
3 2 33
1 1 28
19 2 21
19 1 23
4 2 29
3 2 5
32 2 29
27 1 21
3 2 1
73 1 72
52 1 30
1 2 5
29 1 3
21 2 19
53 1 52
30 1 62
26 1 3
34 2 23
15 1 14
3 2 43
43 1 19
34 1 33
29 1 28
41 1 21
21 2 73
50 1 41
22 2 53
23 1 12
28 1 26
68 1 21
5 2 29
21 1 5
70 1 50
12 2 15
27 1 1
4 2 32
13 2 3
60 1 19
49 1 21
19 1 1
73 2 20
30 1 70
41 1 19
29 2 30
52 2 57
54 1 69
1 1 5
3 2 4
12 1 11
21 1 34
14 1 43
1 2 43
30 1 53
54 1 30
19 1 5
53 1 57
10 2 3
1 2 68
69 1 41
11 1 3
? 1 github_java_program_data/12/366.java

51 1 21
13 1 1
20 1 21
21 1 32
4 2 1
21 1 4
41 1 14
61 1 21
13 1 3
15 1 14
43 1 11
38 1 19
10 1 1
54 1 23
40 1 45
21 1 3
37 1 21
20 1 19
11 1 13
27 1 19
14 1 10
37 2 38
50 2 23
30 1 22
1 1 38
1 2 25
45 1 13
3 2 38
41 1 19
38 1 21
14 1 1
26 1 19
3 1 37
44 1 18
3 2 18
19 1 42
37 1 19
51 2 75
44 2 45
45 1 25
19 1 4
3 1 5
12 2 15
41 1 11
30 1 54
23 1 70
40 1 44
12 2 53
1 1 3
13 2 1
19 1 3
50 1 41
23 1 15
33 1 26
19 1 29
3 1 38
11 1 43
50 1 75
41 2 51
43 1 21
19 1 32
3 7 1
23 1 20
4 2 3
12 1 14
5 2 3
1 1 4
3 1 1
50 1 51
44 1 23
18 2 23
3 4 1
14 1 3
41 2 48
48 1 19
75 1 19
69 2 30
44 1 10
54 2 70
44 1 3
32 2 5
3 5 1
1 2 28
34 1 1
48 1 21
11 1 10
70 1 30
21 1 1
45 1 1
28 1 27
27 2 26
15 2 54
4 2 42
14 1 13
3 2 33
1 1 28
1 2 38
16 1 11
1 2 4
3 2 5
5 2 4
48 2 52
27 1 21
70 2 20
11 1 41
3 2 41
23 1 53
28 1 26
1 2 5
1 4 3
50 1 43
29 1 3
25 2 30
53 1 52
33 1 27
26 1 3
54 1 50
3 2 43
43 1 19
5 2 42
22 1 19
1 2 43
38 2 37
69 1 48
48 2 61
5 2 1
18 1 16
23 1 12
52 1 30
18 1 17
14 1 49
29 1 33
53 1 48
21 1 5
25 1 17
45 1 30
4 2 32
1 1 37
43 2 48
3 2 49
49 1 21
50 1 61
17 1 14
16 2 17
13 2 3
1 1 5
3 2 4
1 2 37
12 1 11
23 1 54
21 1 34
14 1 43
22 1 21
1 7 3
69 1 41
50 1 48
19 1 5
3 2 37
61 1 19
26 1 21
25 1 16
10 2 3
69 1 61
70 1 69
11 1 3
34 1 28
1 5 3
19 1 1
? 1 github_java_program_data/12/378.java

13 1 1
52 1 23
21 1 32
15 2 12
21 1 4
51 2 72
48 1 19
29 2 5
15 2 53
21 1 29
30 1 22
4 2 5
4 2 1
3 1 28
42 2 4
72 1 30
19 2 54
19 1 34
1 5 3
27 2 26
12 2 22
20 2 12
3 1 33
34 1 3
10 1 3
23 1 15
33 1 26
19 1 29
3 1 1
29 2 4
3 7 1
40 1 73
43 1 21
5 2 3
29 1 33
14 1 3
5 2 34
23 1 60
4 2 34
69 2 30
54 2 70
60 1 21
53 2 73
3 5 1
1 2 28
26 1 21
48 1 21
11 1 10
11 1 41
15 2 54
28 1 27
12 2 54
41 1 11
49 1 19
30 1 60
50 2 30
10 1 1
1 2 4
3 4 1
50 2 23
14 1 49
70 1 23
68 1 19
23 1 22
11 1 1
11 1 49
23 1 73
1 2 49
11 1 68
54 1 50
5 2 42
22 1 19
40 1 22
30 1 21
72 1 23
62 1 19
34 2 4
48 2 52
53 1 48
23 1 19
30 1 12
13 2 1
93 1 1
23 1 54
26 1 1
22 1 21
1 7 3
57 1 23
5 2 23
19 1 30
21 2 53
73 1 51
33 1 27
51 1 21
20 1 21
26 2 27
51 1 19
23 1 21
29 1 1
13 1 3
22 2 20
40 1 15
19 1 3
1 2 33
21 1 3
5 2 4
27 1 19
3 2 28
40 1 93
3 2 41
1 1 33
32 2 1
93 2 22
34 2 5
5 2 1
20 2 22
14 1 1
29 2 23
1 2 3
26 1 19
19 1 42
56 1 21
19 1 4
3 1 5
15 2 22
30 1 54
43 1 14
1 1 3
40 1 12
40 1 53
15 1 11
19 1 32
23 1 20
4 2 3
54 2 20
1 1 4
30 1 15
50 1 43
27 1 3
40 1 54
40 1 20
21 1 42
3 1 4
10 2 1
34 1 28
21 1 23
23 1 56
34 1 1
20 1 19
12 1 14
21 1 1
1 4 3
14 1 13
3 2 33
1 1 28
19 2 21
19 1 23
4 2 29
3 2 5
32 2 29
27 1 21
3 2 1
73 1 72
52 1 30
1 2 5
29 1 3
21 2 19
53 1 52
30 1 62
26 1 3
34 2 23
15 1 14
3 2 43
43 1 19
34 1 33
29 1 28
41 1 21
21 2 73
50 1 41
22 2 53
23 1 12
28 1 26
68 1 21
5 2 29
21 1 5
70 1 50
12 2 15
27 1 1
4 2 32
13 2 3
60 1 19
49 1 21
19 1 1
73 2 20
30 1 70
41 1 19
29 2 30
52 2 57
54 1 69
1 1 5
3 2 4
12 1 11
21 1 34
14 1 43
1 2 43
30 1 53
54 1 30
19 1 5
53 1 57
10 2 3
1 2 68
69 1 41
11 1 3
? 1 github_java_program_data/12/393.java

3 2 18
13 1 1
20 1 21
21 1 32
4 2 1
21 1 4
3 2 64
12 1 14
13 1 3
69 2 23
43 1 11
19 1 3
45 1 8
48 2 61
21 1 3
44 1 23
11 1 13
14 1 10
30 1 22
44 1 9
34 2 5
51 1 19
69 1 51
2 2 6
8 2 9
14 1 1
1 4 3
26 1 19
16 2 17
10 2 1
39 1 9
19 1 34
19 1 42
51 2 75
3 2 41
44 2 45
56 1 21
19 1 4
39 1 8
63 1 1
40 1 39
27 2 26
3 2 33
1 1 3
18 2 30
54 2 56
34 1 3
15 1 11
10 1 3
23 1 15
33 1 26
19 1 29
14 1 41
11 1 43
45 1 18
11 1 10
43 1 21
10 1 1
23 1 20
4 2 3
44 1 13
24 1 3
39 1 23
1 1 4
64 2 23
65 2 9
50 1 43
69 1 43
18 2 23
15 2 54
8 2 3
44 1 65
6 2 39
24 2 44
39 1 3
1 2 33
18 1 16
23 1 45
23 1 56
3 5 1
1 2 28
34 1 1
48 1 21
29 1 1
56 6 44
21 1 1
45 1 1
65 1 1
24 1 18
39 1 64
14 1 13
43 1 14
24 1 8
25 2 23
5 2 1
16 1 11
1 2 4
3 2 5
17 1 11
16 1 14
50 2 30
3 4 1
70 1 23
11 1 41
27 1 21
28 1 26
1 2 5
11 1 1
1 2 41
23 1 24
1 2 18
40 1 2
54 1 50
40 1 6
1 2 25
22 1 19
34 1 33
29 1 28
41 1 21
17 2 16
26 2 27
23 1 44
45 1 13
21 1 29
24 1 23
23 1 12
18 1 17
5 2 29
9 2 13
21 1 5
12 2 15
45 1 30
44 1 25
13 2 3
43 2 48
8 2 13
50 1 61
64 1 63
9 2 3
30 1 70
41 1 19
13 2 1
1 1 5
3 2 4
44 1 1
23 1 54
1 2 43
2 1 1
6 1 1
54 1 30
50 1 48
19 1 5
69 1 75
61 1 19
11 1 3
10 2 3
43 2 51
70 1 69
75 1 21
33 1 27
1 5 3
19 1 1
? 1 github_java_program_data/12/400.java

51 1 21
13 1 1
20 1 21
21 1 32
4 2 1
21 1 4
41 1 14
61 1 21
13 1 3
15 1 14
43 1 11
38 1 19
10 1 1
54 1 23
40 1 45
21 1 3
37 1 21
20 1 19
11 1 13
27 1 19
14 1 10
37 2 38
50 2 23
30 1 22
1 1 38
1 2 25
45 1 13
3 2 38
41 1 19
38 1 21
14 1 1
26 1 19
3 1 37
44 1 18
3 2 18
19 1 42
37 1 19
51 2 75
44 2 45
45 1 25
19 1 4
3 1 5
12 2 15
41 1 11
30 1 54
23 1 70
40 1 44
12 2 53
1 1 3
13 2 1
19 1 3
50 1 41
23 1 15
33 1 26
19 1 29
3 1 38
11 1 43
50 1 75
41 2 51
43 1 21
19 1 32
3 7 1
23 1 20
4 2 3
12 1 14
5 2 3
1 1 4
3 1 1
50 1 51
44 1 23
18 2 23
3 4 1
14 1 3
41 2 48
48 1 19
75 1 19
69 2 30
44 1 10
54 2 70
44 1 3
32 2 5
3 5 1
1 2 28
34 1 1
48 1 21
11 1 10
70 1 30
21 1 1
45 1 1
28 1 27
27 2 26
15 2 54
4 2 42
14 1 13
3 2 33
1 1 28
1 2 38
16 1 11
1 2 4
3 2 5
5 2 4
48 2 52
27 1 21
70 2 20
11 1 41
3 2 41
23 1 53
28 1 26
1 2 5
1 4 3
50 1 43
29 1 3
25 2 30
53 1 52
33 1 27
26 1 3
54 1 50
3 2 43
43 1 19
5 2 42
22 1 19
1 2 43
38 2 37
69 1 48
48 2 61
5 2 1
18 1 16
23 1 12
52 1 30
18 1 17
14 1 49
29 1 33
53 1 48
21 1 5
25 1 17
45 1 30
4 2 32
1 1 37
43 2 48
3 2 49
49 1 21
50 1 61
17 1 14
16 2 17
13 2 3
1 1 5
3 2 4
1 2 37
12 1 11
23 1 54
21 1 34
14 1 43
22 1 21
1 7 3
69 1 41
50 1 48
19 1 5
3 2 37
61 1 19
26 1 21
25 1 16
10 2 3
69 1 61
70 1 69
11 1 3
34 1 28
1 5 3
19 1 1
? 1 github_java_program_data/12/405.java

13 1 1
52 1 23
21 1 32
15 2 12
21 1 4
51 2 72
48 1 19
29 2 5
15 2 53
21 1 29
30 1 22
4 2 5
4 2 1
3 1 28
42 2 4
72 1 30
19 2 54
19 1 34
1 5 3
27 2 26
12 2 22
20 2 12
3 1 33
34 1 3
10 1 3
23 1 15
33 1 26
19 1 29
3 1 1
29 2 4
3 7 1
40 1 73
43 1 21
5 2 3
29 1 33
14 1 3
5 2 34
23 1 60
4 2 34
69 2 30
54 2 70
60 1 21
53 2 73
3 5 1
1 2 28
26 1 21
48 1 21
11 1 10
11 1 41
15 2 54
28 1 27
12 2 54
41 1 11
49 1 19
30 1 60
50 2 30
10 1 1
1 2 4
3 4 1
50 2 23
14 1 49
70 1 23
68 1 19
23 1 22
11 1 1
11 1 49
23 1 73
1 2 49
11 1 68
54 1 50
5 2 42
22 1 19
40 1 22
30 1 21
72 1 23
62 1 19
34 2 4
48 2 52
53 1 48
23 1 19
30 1 12
13 2 1
93 1 1
23 1 54
26 1 1
22 1 21
1 7 3
57 1 23
5 2 23
19 1 30
21 2 53
73 1 51
33 1 27
51 1 21
20 1 21
26 2 27
51 1 19
23 1 21
29 1 1
13 1 3
22 2 20
40 1 15
19 1 3
1 2 33
21 1 3
5 2 4
27 1 19
3 2 28
40 1 93
3 2 41
1 1 33
32 2 1
93 2 22
34 2 5
5 2 1
20 2 22
14 1 1
29 2 23
1 2 3
26 1 19
19 1 42
56 1 21
19 1 4
3 1 5
15 2 22
30 1 54
43 1 14
1 1 3
40 1 12
40 1 53
15 1 11
19 1 32
23 1 20
4 2 3
54 2 20
1 1 4
30 1 15
50 1 43
27 1 3
40 1 54
40 1 20
21 1 42
3 1 4
10 2 1
34 1 28
21 1 23
23 1 56
34 1 1
20 1 19
12 1 14
21 1 1
1 4 3
14 1 13
3 2 33
1 1 28
19 2 21
19 1 23
4 2 29
3 2 5
32 2 29
27 1 21
3 2 1
73 1 72
52 1 30
1 2 5
29 1 3
21 2 19
53 1 52
30 1 62
26 1 3
34 2 23
15 1 14
3 2 43
43 1 19
34 1 33
29 1 28
41 1 21
21 2 73
50 1 41
22 2 53
23 1 12
28 1 26
68 1 21
5 2 29
21 1 5
70 1 50
12 2 15
27 1 1
4 2 32
13 2 3
60 1 19
49 1 21
19 1 1
73 2 20
30 1 70
41 1 19
29 2 30
52 2 57
54 1 69
1 1 5
3 2 4
12 1 11
21 1 34
14 1 43
1 2 43
30 1 53
54 1 30
19 1 5
53 1 57
10 2 3
1 2 68
69 1 41
11 1 3
? 1 github_java_program_data/12/42.java

40 1 39
38 1 21
52 1 23
21 1 32
23 1 12
21 1 4
41 1 14
13 1 1
51 2 72
48 1 19
38 1 19
45 1 8
54 1 23
48 2 61
39 1 23
44 1 23
58 1 19
11 1 13
14 1 10
20 2 56
30 1 22
5 2 42
44 1 9
45 1 13
14 1 8
3 1 28
72 2 76
3 7 1
54 2 53
72 1 30
30 1 20
44 1 30
19 1 34
44 1 8
73 1 57
4 2 1
48 2 75
44 1 13
12 2 15
20 2 54
70 2 22
1 5 3
30 1 73
23 1 70
5 2 34
73 1 52
42 2 5
12 2 73
3 1 33
30 1 58
34 1 3
10 1 3
1 1 37
33 1 26
19 1 29
14 1 41
11 1 43
50 1 75
41 2 51
43 1 21
58 6 45
15 2 20
5 2 3
29 1 33
50 1 51
14 1 3
99 2 56
18 2 23
54 2 73
22 2 56
53 1 72
39 1 3
69 2 30
53 2 15
18 1 16
23 1 45
60 1 21
3 5 1
1 2 28
26 1 21
52 2 76
48 1 21
69 1 43
45 1 1
28 1 27
41 1 11
68 1 21
24 1 8
8 2 3
30 1 60
50 2 30
10 1 1
1 2 4
3 4 1
5 2 32
61 1 21
48 2 52
70 1 23
70 2 20
11 1 41
3 2 41
28 1 26
11 1 1
11 1 49
23 1 73
23 1 24
11 1 68
54 1 50
24 2 44
4 2 5
22 1 19
45 1 23
57 1 30
3 2 25
51 2 52
26 2 27
30 1 99
72 1 23
34 2 4
5 2 29
18 1 17
51 2 61
44 1 10
53 1 48
25 1 17
3 2 33
27 1 1
48 2 72
27 1 21
50 1 61
70 2 58
30 1 12
13 2 1
70 2 54
43 2 51
2 2 39
44 1 1
23 1 54
56 1 19
26 1 1
72 2 57
22 1 21
99 1 21
30 1 56
69 1 41
25 2 30
68 1 19
69 1 75
23 1 44
43 2 48
73 1 51
33 1 27
51 1 21
3 2 38
20 1 21
37 1 19
51 1 19
12 1 14
13 1 3
22 2 20
43 1 11
19 1 3
1 2 33
9 2 10
26 1 19
21 1 3
37 1 21
75 1 19
27 1 19
3 2 28
37 2 38
73 2 53
50 2 23
41 2 48
1 1 38
5 2 1
69 1 51
20 2 22
14 1 1
18 2 30
56 6 44
1 2 25
45 1 3
3 1 37
62 1 21
3 2 18
19 1 42
22 2 15
51 2 75
4 2 34
56 1 21
19 1 4
3 1 5
23 1 58
39 1 8
30 1 54
69 2 23
1 1 3
17 2 16
15 1 11
29 2 4
22 2 70
17 1 14
3 1 38
2 1 1
45 1 18
9 2 13
73 1 48
19 1 32
23 1 20
4 2 3
4 2 42
1 7 3
54 2 20
30 1 78
1 1 4
3 1 1
50 1 43
27 2 26
12 2 54
25 2 23
15 2 12
21 1 42
1 2 68
3 1 4
4 2 29
12 2 24
34 1 28
24 1 30
58 6 44
44 1 3
23 1 56
53 2 58
34 1 1
20 1 19
29 1 1
70 1 30
21 1 1
54 2 58
24 1 18
1 2 43
14 1 13
43 1 14
1 1 28
8 2 1
53 1 51
16 1 11
10 2 1
3 2 5
1 2 5
16 1 14
5 2 4
73 1 72
58 1 21
23 1 53
52 1 30
57 1 23
3 2 49
29 1 3
32 2 5
1 2 41
53 1 52
30 1 62
26 1 3
15 1 14
3 2 43
43 1 19
1 2 18
34 1 33
3 2 37
29 1 28
41 1 21
45 1 10
69 1 48
44 2 45
21 1 29
50 1 41
11 1 10
23 1 22
49 1 19
14 1 49
15 2 70
8 2 10
21 1 5
70 1 50
45 1 30
44 1 25
4 2 32
23 1 15
45 2 44
9 2 8
8 2 13
49 1 21
19 1 1
70 2 12
12 2 99
30 1 70
41 1 19
73 2 54
13 2 3
52 2 57
54 1 69
1 1 5
3 2 4
75 1 21
12 1 11
1 4 3
21 1 34
14 1 43
30 1 15
76 1 23
24 1 1
53 1 76
30 1 53
54 1 30
50 1 48
19 1 5
3 2 23
61 1 19
25 1 16
11 1 9
10 2 3
69 1 61
70 1 69
1 2 37
40 1 2
11 1 3
? 1 github_java_program_data/12/422.java

51 1 21
13 1 1
20 1 21
21 1 32
4 2 1
21 1 4
41 1 14
61 1 21
13 1 3
15 1 14
43 1 11
38 1 19
10 1 1
54 1 23
40 1 45
21 1 3
37 1 21
20 1 19
11 1 13
27 1 19
14 1 10
37 2 38
50 2 23
30 1 22
1 1 38
1 2 25
45 1 13
3 2 38
41 1 19
38 1 21
14 1 1
26 1 19
3 1 37
44 1 18
3 2 18
19 1 42
37 1 19
51 2 75
44 2 45
45 1 25
19 1 4
3 1 5
12 2 15
41 1 11
30 1 54
23 1 70
40 1 44
12 2 53
1 1 3
13 2 1
19 1 3
50 1 41
23 1 15
33 1 26
19 1 29
3 1 38
11 1 43
50 1 75
41 2 51
43 1 21
19 1 32
3 7 1
23 1 20
4 2 3
12 1 14
5 2 3
1 1 4
3 1 1
50 1 51
44 1 23
18 2 23
3 4 1
14 1 3
41 2 48
48 1 19
75 1 19
69 2 30
44 1 10
54 2 70
44 1 3
32 2 5
3 5 1
1 2 28
34 1 1
48 1 21
11 1 10
70 1 30
21 1 1
45 1 1
28 1 27
27 2 26
15 2 54
4 2 42
14 1 13
3 2 33
1 1 28
1 2 38
16 1 11
1 2 4
3 2 5
5 2 4
48 2 52
27 1 21
70 2 20
11 1 41
3 2 41
23 1 53
28 1 26
1 2 5
1 4 3
50 1 43
29 1 3
25 2 30
53 1 52
33 1 27
26 1 3
54 1 50
3 2 43
43 1 19
5 2 42
22 1 19
1 2 43
38 2 37
69 1 48
48 2 61
5 2 1
18 1 16
23 1 12
52 1 30
18 1 17
14 1 49
29 1 33
53 1 48
21 1 5
25 1 17
45 1 30
4 2 32
1 1 37
43 2 48
3 2 49
49 1 21
50 1 61
17 1 14
16 2 17
13 2 3
1 1 5
3 2 4
1 2 37
12 1 11
23 1 54
21 1 34
14 1 43
22 1 21
1 7 3
69 1 41
50 1 48
19 1 5
3 2 37
61 1 19
26 1 21
25 1 16
10 2 3
69 1 61
70 1 69
11 1 3
34 1 28
1 5 3
19 1 1
? 1 github_java_program_data/12/432.java

3 2 18
13 1 1
20 1 21
21 1 32
23 1 12
21 1 4
3 2 64
13 1 3
22 2 20
48 1 19
19 1 3
45 1 8
9 2 10
65 2 9
21 1 3
44 1 23
11 1 13
27 1 19
3 2 28
30 1 22
44 1 9
5 2 1
39 1 30
20 2 22
64 2 30
14 1 1
1 2 25
26 1 19
44 1 30
10 2 1
44 1 18
45 1 3
21 1 34
44 2 45
56 1 21
104 1 30
3 1 5
23 1 58
39 1 8
63 1 1
40 1 39
5 2 34
4 2 34
3 2 25
1 1 3
5 2 3
18 2 30
19 1 29
12 2 20
10 1 3
13 2 3
33 1 26
17 1 14
4 2 1
66 1 3
2 1 1
7 2 6
29 2 4
10 1 1
58 6 45
23 1 20
4 2 3
32 2 4
19 1 4
45 1 66
1 1 4
3 1 1
40 1 7
14 1 3
104 1 48
7 2 39
25 2 23
44 1 65
21 1 42
3 1 4
19 1 34
1 2 33
45 1 25
44 1 10
18 2 23
44 1 3
13 2 1
3 5 1
1 2 28
26 1 21
20 1 19
29 1 1
21 1 1
45 1 1
28 1 27
39 1 3
39 1 64
4 2 42
14 1 13
7 1 1
2 2 6
45 2 44
12 1 11
16 1 11
1 2 4
3 2 5
5 2 32
27 1 21
6 1 1
11 1 41
58 1 21
28 1 26
11 1 1
29 1 3
42 2 5
1 2 41
22 2 56
40 1 2
48 2 30
30 1 45
1 2 18
22 1 19
34 1 33
65 1 3
45 1 23
6 2 7
29 1 28
66 2 8
45 1 10
21 1 29
18 1 16
11 1 10
23 1 22
23 1 104
8 2 10
21 1 5
25 1 17
101 1 21
104 2 58
19 1 32
30 1 101
19 1 1
64 1 63
8 2 3
41 1 19
1 1 5
3 2 4
44 1 1
101 2 22
56 1 19
22 1 21
30 1 56
1 2 5
40 1 6
19 1 5
56 6 44
34 1 1
10 2 3
30 1 44
33 1 27
1 5 3
11 1 3
? 1 github_java_program_data/12/446.java

13 1 1
52 1 23
21 1 32
15 2 12
21 1 4
51 2 72
48 1 19
29 2 5
15 2 53
21 1 29
30 1 22
4 2 5
4 2 1
3 1 28
42 2 4
72 1 30
19 2 54
19 1 34
1 5 3
27 2 26
12 2 22
20 2 12
3 1 33
34 1 3
10 1 3
23 1 15
33 1 26
19 1 29
3 1 1
29 2 4
3 7 1
40 1 73
43 1 21
5 2 3
29 1 33
14 1 3
5 2 34
23 1 60
4 2 34
69 2 30
54 2 70
60 1 21
53 2 73
3 5 1
1 2 28
26 1 21
48 1 21
11 1 10
11 1 41
15 2 54
28 1 27
12 2 54
41 1 11
49 1 19
30 1 60
50 2 30
10 1 1
1 2 4
3 4 1
50 2 23
14 1 49
70 1 23
68 1 19
23 1 22
11 1 1
11 1 49
23 1 73
1 2 49
11 1 68
54 1 50
5 2 42
22 1 19
40 1 22
30 1 21
72 1 23
62 1 19
34 2 4
48 2 52
53 1 48
23 1 19
30 1 12
13 2 1
93 1 1
23 1 54
26 1 1
22 1 21
1 7 3
57 1 23
5 2 23
19 1 30
21 2 53
73 1 51
33 1 27
51 1 21
20 1 21
26 2 27
51 1 19
23 1 21
29 1 1
13 1 3
22 2 20
40 1 15
19 1 3
1 2 33
21 1 3
5 2 4
27 1 19
3 2 28
40 1 93
3 2 41
1 1 33
32 2 1
93 2 22
34 2 5
5 2 1
20 2 22
14 1 1
29 2 23
1 2 3
26 1 19
19 1 42
56 1 21
19 1 4
3 1 5
15 2 22
30 1 54
43 1 14
1 1 3
40 1 12
40 1 53
15 1 11
19 1 32
23 1 20
4 2 3
54 2 20
1 1 4
30 1 15
50 1 43
27 1 3
40 1 54
40 1 20
21 1 42
3 1 4
10 2 1
34 1 28
21 1 23
23 1 56
34 1 1
20 1 19
12 1 14
21 1 1
1 4 3
14 1 13
3 2 33
1 1 28
19 2 21
19 1 23
4 2 29
3 2 5
32 2 29
27 1 21
3 2 1
73 1 72
52 1 30
1 2 5
29 1 3
21 2 19
53 1 52
30 1 62
26 1 3
34 2 23
15 1 14
3 2 43
43 1 19
34 1 33
29 1 28
41 1 21
21 2 73
50 1 41
22 2 53
23 1 12
28 1 26
68 1 21
5 2 29
21 1 5
70 1 50
12 2 15
27 1 1
4 2 32
13 2 3
60 1 19
49 1 21
19 1 1
73 2 20
30 1 70
41 1 19
29 2 30
52 2 57
54 1 69
1 1 5
3 2 4
12 1 11
21 1 34
14 1 43
1 2 43
30 1 53
54 1 30
19 1 5
53 1 57
10 2 3
1 2 68
69 1 41
11 1 3
? 1 github_java_program_data/12/447.java

3 2 18
38 1 21
52 1 23
21 1 32
15 2 12
21 1 4
41 1 14
13 1 1
51 2 72
48 1 19
29 2 5
54 1 23
3 2 43
44 1 87
11 1 13
88 2 30
14 1 10
30 1 22
5 2 42
44 1 9
4 2 1
14 1 8
56 6 45
45 1 88
6 2 7
30 1 20
14 2 11
19 1 34
44 1 8
45 1 25
44 1 13
1 2 30
30 1 73
23 1 70
44 2 45
9 2 1
42 2 5
38 1 19
34 1 3
25 2 87
10 1 3
1 1 37
33 1 26
19 1 29
11 1 43
3 1 1
41 2 51
43 1 21
5 2 3
44 1 23
21 1 29
14 1 3
67 1 23
4 2 34
69 2 30
44 1 10
18 2 23
53 2 73
3 5 1
1 2 28
26 1 21
48 1 21
40 1 7
15 2 54
45 1 1
28 1 27
41 1 11
20 2 15
2 2 6
8 2 3
87 1 26
1 2 4
5 2 32
53 1 51
3 4 1
11 1 8
11 1 41
1 2 18
23 1 22
23 1 39
11 1 1
88 2 23
18 2 88
54 1 50
30 1 45
1 2 25
22 1 19
45 1 23
51 2 52
26 2 27
48 2 61
28 1 26
72 1 23
48 2 52
18 1 16
53 1 48
12 2 15
19 1 32
50 1 61
30 1 12
44 1 1
23 1 54
56 1 19
40 1 67
22 1 21
25 2 88
6 1 1
69 1 41
69 1 75
23 1 44
43 2 48
87 2 23
73 1 51
33 1 27
51 1 21
3 2 38
20 1 21
37 1 19
51 1 19
29 1 1
13 1 3
22 2 20
43 1 11
19 1 3
1 2 33
9 2 10
21 1 3
37 1 21
3 7 1
27 1 19
3 2 28
50 2 23
1 1 38
5 2 1
39 1 30
69 1 51
3 2 23
20 2 22
14 1 1
56 6 44
26 1 19
3 1 37
44 1 18
19 1 42
51 2 75
19 1 4
3 1 5
41 2 48
30 1 54
18 2 87
1 1 3
38 2 37
15 1 11
3 1 38
2 1 1
11 1 10
10 1 1
23 1 20
14 1 9
4 2 3
1 7 3
54 2 20
30 1 78
1 1 4
44 1 88
7 2 6
50 1 43
12 2 54
67 1 8
21 1 42
67 1 3
3 1 4
10 2 1
12 2 45
44 1 3
13 2 1
34 1 1
20 1 19
12 1 14
70 1 30
21 1 1
4 2 42
14 1 13
3 2 33
7 1 1
87 2 30
45 1 9
16 1 11
4 2 29
3 2 5
50 2 30
27 1 21
30 1 56
73 1 72
52 1 30
54 1 30
7 2 67
88 1 27
1 2 41
53 1 52
40 1 2
15 1 14
19 1 5
43 1 19
45 1 87
29 1 28
45 1 10
39 1 9
5 2 34
50 1 41
23 1 12
34 1 33
5 2 29
8 2 10
21 1 5
45 1 30
1 4 3
4 2 32
23 1 15
45 2 44
9 2 8
8 2 13
1 2 38
19 1 1
70 2 12
29 1 3
41 1 19
13 2 3
39 1 1
1 1 5
3 2 4
75 1 21
12 1 11
21 1 34
14 1 43
30 1 15
1 2 43
30 1 53
1 2 5
50 1 48
40 1 6
44 2 39
61 1 19
11 1 3
10 2 3
70 1 69
1 2 37
1 5 3
4 2 5
30 1 44
? 1 github_java_program_data/12/460.java

13 1 1
52 1 23
21 1 32
15 2 12
21 1 4
51 2 72
48 1 19
29 2 5
15 2 53
21 1 29
30 1 22
4 2 5
4 2 1
3 1 28
42 2 4
72 1 30
19 2 54
19 1 34
1 5 3
27 2 26
12 2 22
20 2 12
3 1 33
34 1 3
10 1 3
23 1 15
33 1 26
19 1 29
3 1 1
29 2 4
3 7 1
40 1 73
43 1 21
5 2 3
29 1 33
14 1 3
5 2 34
23 1 60
4 2 34
69 2 30
54 2 70
60 1 21
53 2 73
3 5 1
1 2 28
26 1 21
48 1 21
11 1 10
11 1 41
15 2 54
28 1 27
12 2 54
41 1 11
49 1 19
30 1 60
50 2 30
10 1 1
1 2 4
3 4 1
50 2 23
14 1 49
70 1 23
68 1 19
23 1 22
11 1 1
11 1 49
23 1 73
1 2 49
11 1 68
54 1 50
5 2 42
22 1 19
40 1 22
30 1 21
72 1 23
62 1 19
34 2 4
48 2 52
53 1 48
23 1 19
30 1 12
13 2 1
93 1 1
23 1 54
26 1 1
22 1 21
1 7 3
57 1 23
5 2 23
19 1 30
21 2 53
73 1 51
33 1 27
51 1 21
20 1 21
26 2 27
51 1 19
23 1 21
29 1 1
13 1 3
22 2 20
40 1 15
19 1 3
1 2 33
21 1 3
5 2 4
27 1 19
3 2 28
40 1 93
3 2 41
1 1 33
32 2 1
93 2 22
34 2 5
5 2 1
20 2 22
14 1 1
29 2 23
1 2 3
26 1 19
19 1 42
56 1 21
19 1 4
3 1 5
15 2 22
30 1 54
43 1 14
1 1 3
40 1 12
40 1 53
15 1 11
19 1 32
23 1 20
4 2 3
54 2 20
1 1 4
30 1 15
50 1 43
27 1 3
40 1 54
40 1 20
21 1 42
3 1 4
10 2 1
34 1 28
21 1 23
23 1 56
34 1 1
20 1 19
12 1 14
21 1 1
1 4 3
14 1 13
3 2 33
1 1 28
19 2 21
19 1 23
4 2 29
3 2 5
32 2 29
27 1 21
3 2 1
73 1 72
52 1 30
1 2 5
29 1 3
21 2 19
53 1 52
30 1 62
26 1 3
34 2 23
15 1 14
3 2 43
43 1 19
34 1 33
29 1 28
41 1 21
21 2 73
50 1 41
22 2 53
23 1 12
28 1 26
68 1 21
5 2 29
21 1 5
70 1 50
12 2 15
27 1 1
4 2 32
13 2 3
60 1 19
49 1 21
19 1 1
73 2 20
30 1 70
41 1 19
29 2 30
52 2 57
54 1 69
1 1 5
3 2 4
12 1 11
21 1 34
14 1 43
1 2 43
30 1 53
54 1 30
19 1 5
53 1 57
10 2 3
1 2 68
69 1 41
11 1 3
? 1 github_java_program_data/12/474.java

1 2 41
38 1 21
52 1 23
21 1 32
41 1 14
48 1 19
45 1 8
54 1 23
15 2 20
55 2 56
44 1 23
58 1 19
11 1 13
30 1 22
44 1 9
24 2 45
45 1 13
44 1 66
3 2 64
56 6 45
73 1 57
44 1 13
27 2 26
12 2 22
45 1 66
50 1 41
1 1 37
19 1 29
66 1 3
3 2 23
14 1 13
43 1 21
58 6 45
31 2 24
29 1 33
14 1 3
67 1 23
24 2 44
39 1 3
18 1 16
22 2 15
1 2 28
69 1 43
45 1 1
65 1 1
25 2 23
1 2 4
53 1 51
48 2 52
28 1 26
1 4 3
23 1 73
5 2 42
22 1 19
65 2 9
45 1 23
48 2 75
66 2 8
51 2 52
6 1 3
53 1 48
65 2 8
25 1 17
3 1 1
48 2 72
50 1 61
70 2 58
72 2 57
22 1 21
3 2 37
43 2 48
73 1 51
34 1 28
51 1 21
20 1 21
37 1 19
4 2 1
13 1 3
22 2 20
55 1 51
44 2 45
19 1 3
1 2 33
9 2 10
75 1 19
37 2 38
39 2 67
3 2 41
20 2 22
1 2 25
15 2 24
3 1 37
19 1 42
19 1 4
3 1 5
23 1 58
39 1 8
30 1 54
43 1 14
15 1 11
67 1 64
13 1 8
45 1 18
31 1 18
3 2 4
45 1 65
4 2 3
45 1 30
30 1 15
50 1 43
66 2 9
12 2 54
6 2 39
9 2 1
54 2 15
20 1 19
29 1 1
70 1 30
24 1 18
1 1 28
45 1 9
4 2 29
73 1 72
52 1 30
3 2 49
29 1 3
53 1 52
1 5 3
15 1 14
3 2 43
11 1 9
18 2 30
69 1 75
29 1 28
69 1 48
5 2 34
34 1 3
11 1 10
5 2 29
67 1 8
70 1 50
12 2 15
27 1 1
13 2 3
45 2 44
49 1 21
32 2 4
64 1 77
39 1 1
75 1 21
14 1 41
33 1 27
14 1 43
8 2 1
30 1 53
1 2 5
40 1 6
56 6 44
25 1 16
16 2 17
11 1 3
3 2 18
13 1 1
67 1 3
15 2 12
21 1 4
51 2 72
38 1 19
41 2 51
48 2 61
39 1 23
51 2 23
26 2 27
14 1 10
77 1 1
14 1 8
3 1 28
10 1 8
72 1 30
30 1 20
44 1 30
23 1 67
31 1 3
45 1 3
67 2 44
30 1 73
23 1 70
15 2 31
42 2 5
20 2 12
3 1 33
24 1 23
10 1 3
23 1 15
33 1 26
31 1 9
11 1 43
9 2 3
5 2 3
15 2 73
50 1 51
18 2 23
69 2 30
23 1 45
53 2 73
3 5 1
1 7 3
26 1 21
48 1 21
61 1 21
28 1 27
41 1 11
12 2 53
24 1 8
73 2 22
50 2 30
10 1 1
1 2 23
5 2 32
70 1 23
11 1 8
11 1 41
1 2 18
23 1 22
23 1 39
11 1 1
11 1 49
23 1 24
8 2 10
54 1 50
4 2 5
10 1 9
4 2 34
57 1 30
3 2 25
72 1 23
18 1 17
3 4 1
44 1 10
17 2 16
44 1 25
22 2 58
30 1 12
32 2 5
43 2 51
44 1 1
23 1 54
56 1 19
26 1 1
30 1 56
69 1 41
25 2 30
21 1 34
30 1 55
23 1 44
15 2 53
54 2 70
43 1 11
30 1 58
8 2 9
26 1 19
21 1 3
37 1 21
3 7 1
27 1 19
3 2 28
50 2 23
1 1 33
1 1 38
30 1 70
5 2 1
69 1 51
14 1 1
13 1 9
31 1 30
51 2 61
23 1 31
56 1 21
53 2 12
51 2 75
40 1 39
1 1 3
24 1 25
17 1 14
3 1 38
9 2 13
73 1 48
19 1 32
23 1 20
14 1 9
30 1 78
1 1 4
64 2 23
27 1 3
8 2 3
44 1 65
21 1 42
3 1 4
19 1 34
55 1 23
44 1 3
13 2 1
34 1 1
12 1 14
21 1 1
4 2 42
41 2 48
3 2 33
16 1 11
10 2 1
3 2 5
58 6 44
27 1 21
58 1 21
54 1 30
26 1 3
19 1 5
43 1 19
34 1 33
65 1 3
41 1 21
39 1 9
21 1 29
22 2 53
23 1 12
21 1 5
4 2 32
10 2 3
8 2 13
19 1 1
73 2 56
20 2 55
41 1 19
70 1 69
54 1 69
1 1 5
12 1 11
1 2 43
24 1 1
50 1 48
61 1 19
9 2 8
1 2 37
? 1 github_java_program_data/12/482.java

51 1 21
13 1 1
20 1 21
21 1 32
4 2 1
21 1 4
41 1 14
61 1 21
13 1 3
15 1 14
43 1 11
38 1 19
10 1 1
54 1 23
40 1 45
21 1 3
37 1 21
20 1 19
11 1 13
27 1 19
14 1 10
37 2 38
50 2 23
30 1 22
1 1 38
1 2 25
45 1 13
3 2 38
41 1 19
38 1 21
14 1 1
26 1 19
3 1 37
44 1 18
3 2 18
19 1 42
37 1 19
51 2 75
44 2 45
45 1 25
19 1 4
3 1 5
12 2 15
41 1 11
30 1 54
23 1 70
40 1 44
12 2 53
1 1 3
13 2 1
19 1 3
50 1 41
23 1 15
33 1 26
19 1 29
3 1 38
11 1 43
50 1 75
41 2 51
43 1 21
19 1 32
3 7 1
23 1 20
4 2 3
12 1 14
5 2 3
1 1 4
3 1 1
50 1 51
44 1 23
18 2 23
3 4 1
14 1 3
41 2 48
48 1 19
75 1 19
69 2 30
44 1 10
54 2 70
44 1 3
32 2 5
3 5 1
1 2 28
34 1 1
48 1 21
11 1 10
70 1 30
21 1 1
45 1 1
28 1 27
27 2 26
15 2 54
4 2 42
14 1 13
3 2 33
1 1 28
1 2 38
16 1 11
1 2 4
3 2 5
5 2 4
48 2 52
27 1 21
70 2 20
11 1 41
3 2 41
23 1 53
28 1 26
1 2 5
1 4 3
50 1 43
29 1 3
25 2 30
53 1 52
33 1 27
26 1 3
54 1 50
3 2 43
43 1 19
5 2 42
22 1 19
1 2 43
38 2 37
69 1 48
48 2 61
5 2 1
18 1 16
23 1 12
52 1 30
18 1 17
14 1 49
29 1 33
53 1 48
21 1 5
25 1 17
45 1 30
4 2 32
1 1 37
43 2 48
3 2 49
49 1 21
50 1 61
17 1 14
16 2 17
13 2 3
1 1 5
3 2 4
1 2 37
12 1 11
23 1 54
21 1 34
14 1 43
22 1 21
1 7 3
69 1 41
50 1 48
19 1 5
3 2 37
61 1 19
26 1 21
25 1 16
10 2 3
69 1 61
70 1 69
11 1 3
34 1 28
1 5 3
19 1 1
? 1 github_java_program_data/12/486.java

13 1 1
52 1 23
21 1 32
15 2 12
21 1 4
51 2 72
48 1 19
29 2 5
15 2 53
21 1 29
30 1 22
4 2 5
4 2 1
3 1 28
42 2 4
72 1 30
19 2 54
19 1 34
1 5 3
27 2 26
12 2 22
20 2 12
3 1 33
34 1 3
10 1 3
23 1 15
33 1 26
19 1 29
3 1 1
29 2 4
3 7 1
40 1 73
43 1 21
5 2 3
29 1 33
14 1 3
5 2 34
23 1 60
4 2 34
69 2 30
54 2 70
60 1 21
53 2 73
3 5 1
1 2 28
26 1 21
48 1 21
11 1 10
11 1 41
15 2 54
28 1 27
12 2 54
41 1 11
49 1 19
30 1 60
50 2 30
10 1 1
1 2 4
3 4 1
50 2 23
14 1 49
70 1 23
68 1 19
23 1 22
11 1 1
11 1 49
23 1 73
1 2 49
11 1 68
54 1 50
5 2 42
22 1 19
40 1 22
30 1 21
72 1 23
62 1 19
34 2 4
48 2 52
53 1 48
23 1 19
30 1 12
13 2 1
93 1 1
23 1 54
26 1 1
22 1 21
1 7 3
57 1 23
5 2 23
19 1 30
21 2 53
73 1 51
33 1 27
51 1 21
20 1 21
26 2 27
51 1 19
23 1 21
29 1 1
13 1 3
22 2 20
40 1 15
19 1 3
1 2 33
21 1 3
5 2 4
27 1 19
3 2 28
40 1 93
3 2 41
1 1 33
32 2 1
93 2 22
34 2 5
5 2 1
20 2 22
14 1 1
29 2 23
1 2 3
26 1 19
19 1 42
56 1 21
19 1 4
3 1 5
15 2 22
30 1 54
43 1 14
1 1 3
40 1 12
40 1 53
15 1 11
19 1 32
23 1 20
4 2 3
54 2 20
1 1 4
30 1 15
50 1 43
27 1 3
40 1 54
40 1 20
21 1 42
3 1 4
10 2 1
34 1 28
21 1 23
23 1 56
34 1 1
20 1 19
12 1 14
21 1 1
1 4 3
14 1 13
3 2 33
1 1 28
19 2 21
19 1 23
4 2 29
3 2 5
32 2 29
27 1 21
3 2 1
73 1 72
52 1 30
1 2 5
29 1 3
21 2 19
53 1 52
30 1 62
26 1 3
34 2 23
15 1 14
3 2 43
43 1 19
34 1 33
29 1 28
41 1 21
21 2 73
50 1 41
22 2 53
23 1 12
28 1 26
68 1 21
5 2 29
21 1 5
70 1 50
12 2 15
27 1 1
4 2 32
13 2 3
60 1 19
49 1 21
19 1 1
73 2 20
30 1 70
41 1 19
29 2 30
52 2 57
54 1 69
1 1 5
3 2 4
12 1 11
21 1 34
14 1 43
1 2 43
30 1 53
54 1 30
19 1 5
53 1 57
10 2 3
1 2 68
69 1 41
11 1 3
? 1 github_java_program_data/12/501.java

51 1 21
13 1 1
20 1 21
21 1 32
4 2 1
21 1 4
41 1 14
61 1 21
13 1 3
15 1 14
43 1 11
38 1 19
10 1 1
54 1 23
40 1 45
21 1 3
37 1 21
20 1 19
11 1 13
27 1 19
14 1 10
37 2 38
50 2 23
30 1 22
1 1 38
1 2 25
45 1 13
3 2 38
41 1 19
38 1 21
14 1 1
26 1 19
3 1 37
44 1 18
3 2 18
19 1 42
37 1 19
51 2 75
44 2 45
45 1 25
19 1 4
3 1 5
12 2 15
41 1 11
30 1 54
23 1 70
40 1 44
12 2 53
1 1 3
13 2 1
19 1 3
50 1 41
23 1 15
33 1 26
19 1 29
3 1 38
11 1 43
50 1 75
41 2 51
43 1 21
19 1 32
3 7 1
23 1 20
4 2 3
12 1 14
5 2 3
1 1 4
3 1 1
50 1 51
44 1 23
18 2 23
3 4 1
14 1 3
41 2 48
48 1 19
75 1 19
69 2 30
44 1 10
54 2 70
44 1 3
32 2 5
3 5 1
1 2 28
34 1 1
48 1 21
11 1 10
70 1 30
21 1 1
45 1 1
28 1 27
27 2 26
15 2 54
4 2 42
14 1 13
3 2 33
1 1 28
1 2 38
16 1 11
1 2 4
3 2 5
5 2 4
48 2 52
27 1 21
70 2 20
11 1 41
3 2 41
23 1 53
28 1 26
1 2 5
1 4 3
50 1 43
29 1 3
25 2 30
53 1 52
33 1 27
26 1 3
54 1 50
3 2 43
43 1 19
5 2 42
22 1 19
1 2 43
38 2 37
69 1 48
48 2 61
5 2 1
18 1 16
23 1 12
52 1 30
18 1 17
14 1 49
29 1 33
53 1 48
21 1 5
25 1 17
45 1 30
4 2 32
1 1 37
43 2 48
3 2 49
49 1 21
50 1 61
17 1 14
16 2 17
13 2 3
1 1 5
3 2 4
1 2 37
12 1 11
23 1 54
21 1 34
14 1 43
22 1 21
1 7 3
69 1 41
50 1 48
19 1 5
3 2 37
61 1 19
26 1 21
25 1 16
10 2 3
69 1 61
70 1 69
11 1 3
34 1 28
1 5 3
19 1 1
? 1 github_java_program_data/12/513.java

13 1 1
52 1 23
21 1 32
15 2 12
21 1 4
51 2 72
48 1 19
29 2 5
15 2 53
21 1 29
30 1 22
4 2 5
4 2 1
3 1 28
42 2 4
72 1 30
19 2 54
19 1 34
1 5 3
27 2 26
12 2 22
20 2 12
3 1 33
34 1 3
10 1 3
23 1 15
33 1 26
19 1 29
3 1 1
29 2 4
3 7 1
40 1 73
43 1 21
5 2 3
29 1 33
14 1 3
5 2 34
23 1 60
4 2 34
69 2 30
54 2 70
60 1 21
53 2 73
3 5 1
1 2 28
26 1 21
48 1 21
11 1 10
11 1 41
15 2 54
28 1 27
12 2 54
41 1 11
49 1 19
30 1 60
50 2 30
10 1 1
1 2 4
3 4 1
50 2 23
14 1 49
70 1 23
68 1 19
23 1 22
11 1 1
11 1 49
23 1 73
1 2 49
11 1 68
54 1 50
5 2 42
22 1 19
40 1 22
30 1 21
72 1 23
62 1 19
34 2 4
48 2 52
53 1 48
23 1 19
30 1 12
13 2 1
93 1 1
23 1 54
26 1 1
22 1 21
1 7 3
57 1 23
5 2 23
19 1 30
21 2 53
73 1 51
33 1 27
51 1 21
20 1 21
26 2 27
51 1 19
23 1 21
29 1 1
13 1 3
22 2 20
40 1 15
19 1 3
1 2 33
21 1 3
5 2 4
27 1 19
3 2 28
40 1 93
3 2 41
1 1 33
32 2 1
93 2 22
34 2 5
5 2 1
20 2 22
14 1 1
29 2 23
1 2 3
26 1 19
19 1 42
56 1 21
19 1 4
3 1 5
15 2 22
30 1 54
43 1 14
1 1 3
40 1 12
40 1 53
15 1 11
19 1 32
23 1 20
4 2 3
54 2 20
1 1 4
30 1 15
50 1 43
27 1 3
40 1 54
40 1 20
21 1 42
3 1 4
10 2 1
34 1 28
21 1 23
23 1 56
34 1 1
20 1 19
12 1 14
21 1 1
1 4 3
14 1 13
3 2 33
1 1 28
19 2 21
19 1 23
4 2 29
3 2 5
32 2 29
27 1 21
3 2 1
73 1 72
52 1 30
1 2 5
29 1 3
21 2 19
53 1 52
30 1 62
26 1 3
34 2 23
15 1 14
3 2 43
43 1 19
34 1 33
29 1 28
41 1 21
21 2 73
50 1 41
22 2 53
23 1 12
28 1 26
68 1 21
5 2 29
21 1 5
70 1 50
12 2 15
27 1 1
4 2 32
13 2 3
60 1 19
49 1 21
19 1 1
73 2 20
30 1 70
41 1 19
29 2 30
52 2 57
54 1 69
1 1 5
3 2 4
12 1 11
21 1 34
14 1 43
1 2 43
30 1 53
54 1 30
19 1 5
53 1 57
10 2 3
1 2 68
69 1 41
11 1 3
? 1 github_java_program_data/12/528.java

51 1 21
13 1 1
20 1 21
21 1 32
4 2 1
21 1 4
41 1 14
61 1 21
13 1 3
15 1 14
43 1 11
38 1 19
10 1 1
54 1 23
40 1 45
21 1 3
37 1 21
20 1 19
11 1 13
27 1 19
14 1 10
37 2 38
50 2 23
30 1 22
1 1 38
1 2 25
45 1 13
3 2 38
41 1 19
38 1 21
14 1 1
26 1 19
3 1 37
44 1 18
3 2 18
19 1 42
37 1 19
51 2 75
44 2 45
45 1 25
19 1 4
3 1 5
12 2 15
41 1 11
30 1 54
23 1 70
40 1 44
12 2 53
1 1 3
13 2 1
19 1 3
50 1 41
23 1 15
33 1 26
19 1 29
3 1 38
11 1 43
50 1 75
41 2 51
43 1 21
19 1 32
3 7 1
23 1 20
4 2 3
12 1 14
5 2 3
1 1 4
3 1 1
50 1 51
44 1 23
18 2 23
3 4 1
14 1 3
41 2 48
48 1 19
75 1 19
69 2 30
44 1 10
54 2 70
44 1 3
32 2 5
3 5 1
1 2 28
34 1 1
48 1 21
11 1 10
70 1 30
21 1 1
45 1 1
28 1 27
27 2 26
15 2 54
4 2 42
14 1 13
3 2 33
1 1 28
1 2 38
16 1 11
1 2 4
3 2 5
5 2 4
48 2 52
27 1 21
70 2 20
11 1 41
3 2 41
23 1 53
28 1 26
1 2 5
1 4 3
50 1 43
29 1 3
25 2 30
53 1 52
33 1 27
26 1 3
54 1 50
3 2 43
43 1 19
5 2 42
22 1 19
1 2 43
38 2 37
69 1 48
48 2 61
5 2 1
18 1 16
23 1 12
52 1 30
18 1 17
14 1 49
29 1 33
53 1 48
21 1 5
25 1 17
45 1 30
4 2 32
1 1 37
43 2 48
3 2 49
49 1 21
50 1 61
17 1 14
16 2 17
13 2 3
1 1 5
3 2 4
1 2 37
12 1 11
23 1 54
21 1 34
14 1 43
22 1 21
1 7 3
69 1 41
50 1 48
19 1 5
3 2 37
61 1 19
26 1 21
25 1 16
10 2 3
69 1 61
70 1 69
11 1 3
34 1 28
1 5 3
19 1 1
? 1 github_java_program_data/12/54.java

40 1 39
13 1 1
52 1 23
21 1 32
4 2 1
21 1 4
38 1 21
69 2 23
19 1 32
38 1 19
45 1 8
54 1 23
48 2 61
39 1 23
44 1 23
58 1 19
11 1 13
14 1 10
30 1 22
5 2 42
44 1 9
45 1 13
14 1 8
56 6 45
22 2 54
72 1 30
30 1 20
44 1 30
19 1 34
44 1 8
54 2 22
45 1 25
12 2 15
70 2 22
54 2 56
23 1 70
44 2 45
18 2 30
19 1 3
34 1 3
10 1 3
1 1 37
19 1 29
14 1 41
56 6 44
43 1 21
5 2 3
14 1 3
18 2 23
50 1 43
3 7 1
69 2 30
44 1 10
23 1 45
3 5 1
1 2 28
26 1 21
48 1 21
11 1 10
45 1 1
28 1 27
73 1 48
50 2 30
1 2 4
1 2 23
5 2 32
61 1 21
70 1 23
11 1 41
1 2 18
28 1 26
11 1 1
23 1 73
48 1 19
54 1 50
4 2 5
22 1 19
45 1 23
30 1 21
51 2 52
18 1 17
3 4 1
18 1 16
25 1 17
23 1 19
48 2 72
50 1 61
20 2 70
30 1 12
23 1 56
43 2 51
44 1 1
23 1 54
56 1 19
22 1 21
1 7 3
25 2 30
19 1 30
3 2 37
23 1 44
43 2 48
75 1 21
33 1 27
51 1 21
3 2 38
20 1 21
37 1 19
51 1 19
23 1 21
69 1 43
13 1 3
22 2 20
43 1 11
30 1 58
1 2 33
9 2 10
26 1 19
21 1 3
37 1 21
75 1 19
27 1 19
3 2 28
37 2 38
50 2 23
3 2 41
1 1 38
5 2 1
69 1 51
20 2 22
8 2 9
14 1 1
1 2 25
13 1 9
3 1 37
44 1 18
3 2 18
21 1 34
51 2 75
56 1 21
19 1 4
3 1 5
39 1 8
30 1 54
30 1 19
3 2 33
21 2 19
38 2 37
12 2 20
22 2 70
17 1 14
3 1 38
9 2 13
10 1 1
23 1 20
4 2 3
12 1 14
1 1 4
3 1 1
45 1 9
25 2 23
21 1 42
3 1 4
10 2 1
21 1 23
44 1 3
13 2 1
34 1 1
20 1 19
29 1 1
70 1 30
21 1 1
19 1 42
14 1 13
43 1 14
15 2 44
19 2 21
16 1 11
9 2 1
3 2 5
17 1 11
27 1 21
73 1 72
1 2 5
29 1 3
1 1 3
1 2 41
53 1 52
1 5 3
15 1 14
3 2 43
11 1 9
34 1 33
69 1 75
29 1 28
41 1 21
21 1 29
23 1 12
23 1 22
21 1 5
70 1 50
45 1 30
1 4 3
23 1 15
45 2 44
8 2 13
1 2 38
19 1 1
73 2 56
30 1 70
41 1 19
70 1 69
13 2 3
39 1 1
54 1 69
1 1 5
3 2 4
12 1 11
54 2 20
16 2 17
14 1 43
4 2 42
8 2 1
30 1 53
54 1 30
50 1 48
19 1 5
61 1 19
25 1 16
10 2 3
53 1 51
1 2 37
11 1 3
? 1 github_java_program_data/12/543.java

13 1 1
52 1 23
21 1 32
15 2 12
21 1 4
51 2 72
48 1 19
29 2 5
15 2 53
21 1 29
30 1 22
4 2 5
4 2 1
3 1 28
42 2 4
72 1 30
19 2 54
19 1 34
1 5 3
27 2 26
12 2 22
20 2 12
3 1 33
34 1 3
10 1 3
23 1 15
33 1 26
19 1 29
3 1 1
29 2 4
3 7 1
40 1 73
43 1 21
5 2 3
29 1 33
14 1 3
5 2 34
23 1 60
4 2 34
69 2 30
54 2 70
60 1 21
53 2 73
3 5 1
1 2 28
26 1 21
48 1 21
11 1 10
11 1 41
15 2 54
28 1 27
12 2 54
41 1 11
49 1 19
30 1 60
50 2 30
10 1 1
1 2 4
3 4 1
50 2 23
14 1 49
70 1 23
68 1 19
23 1 22
11 1 1
11 1 49
23 1 73
1 2 49
11 1 68
54 1 50
5 2 42
22 1 19
40 1 22
30 1 21
72 1 23
62 1 19
34 2 4
48 2 52
53 1 48
23 1 19
30 1 12
13 2 1
93 1 1
23 1 54
26 1 1
22 1 21
1 7 3
57 1 23
5 2 23
19 1 30
21 2 53
73 1 51
33 1 27
51 1 21
20 1 21
26 2 27
51 1 19
23 1 21
29 1 1
13 1 3
22 2 20
40 1 15
19 1 3
1 2 33
21 1 3
5 2 4
27 1 19
3 2 28
40 1 93
3 2 41
1 1 33
32 2 1
93 2 22
34 2 5
5 2 1
20 2 22
14 1 1
29 2 23
1 2 3
26 1 19
19 1 42
56 1 21
19 1 4
3 1 5
15 2 22
30 1 54
43 1 14
1 1 3
40 1 12
40 1 53
15 1 11
19 1 32
23 1 20
4 2 3
54 2 20
1 1 4
30 1 15
50 1 43
27 1 3
40 1 54
40 1 20
21 1 42
3 1 4
10 2 1
34 1 28
21 1 23
23 1 56
34 1 1
20 1 19
12 1 14
21 1 1
1 4 3
14 1 13
3 2 33
1 1 28
19 2 21
19 1 23
4 2 29
3 2 5
32 2 29
27 1 21
3 2 1
73 1 72
52 1 30
1 2 5
29 1 3
21 2 19
53 1 52
30 1 62
26 1 3
34 2 23
15 1 14
3 2 43
43 1 19
34 1 33
29 1 28
41 1 21
21 2 73
50 1 41
22 2 53
23 1 12
28 1 26
68 1 21
5 2 29
21 1 5
70 1 50
12 2 15
27 1 1
4 2 32
13 2 3
60 1 19
49 1 21
19 1 1
73 2 20
30 1 70
41 1 19
29 2 30
52 2 57
54 1 69
1 1 5
3 2 4
12 1 11
21 1 34
14 1 43
1 2 43
30 1 53
54 1 30
19 1 5
53 1 57
10 2 3
1 2 68
69 1 41
11 1 3
? 1 github_java_program_data/12/555.java

40 1 39
13 1 1
52 1 23
21 1 32
15 2 12
21 1 4
41 1 14
38 1 21
51 2 72
69 2 23
19 1 32
38 1 19
45 1 8
54 1 23
48 2 61
29 1 1
44 1 23
11 1 13
14 1 10
52 2 57
30 1 22
5 2 42
44 1 9
29 2 5
4 2 1
14 1 8
3 1 28
72 2 76
3 7 1
54 2 53
22 2 54
42 2 4
72 1 30
30 1 20
44 1 30
19 1 34
73 1 57
54 2 22
44 2 45
48 2 75
44 1 13
1 2 43
30 1 73
23 1 70
73 1 52
5 2 3
3 1 33
19 1 3
34 1 3
10 1 3
1 1 37
33 1 26
19 1 29
14 1 41
11 1 43
50 1 75
41 2 51
43 1 21
54 2 12
58 6 45
15 2 73
32 2 4
24 1 3
39 1 23
29 1 33
40 1 7
50 1 51
14 1 3
5 2 34
41 2 48
22 2 56
53 1 72
4 2 34
69 2 30
18 1 16
18 2 23
23 1 45
3 5 1
1 2 28
26 1 21
52 2 76
48 1 21
61 1 21
45 1 1
28 1 27
41 1 11
70 2 54
73 1 48
12 2 56
50 2 30
10 1 1
1 2 4
3 4 1
1 2 23
5 2 32
53 1 51
5 2 29
70 1 23
70 2 20
11 1 41
3 2 41
12 2 15
23 1 22
11 1 1
11 1 49
23 1 73
23 1 24
8 2 10
54 1 50
24 2 44
4 2 5
22 1 19
45 1 23
57 1 30
3 2 25
51 2 52
26 2 27
6 1 3
7 1 3
72 1 23
18 1 17
51 2 61
53 1 48
25 2 23
25 1 17
27 1 1
48 2 72
27 1 21
48 2 52
50 1 61
20 2 70
30 1 12
13 2 1
70 2 56
43 2 51
44 1 1
23 1 54
56 1 19
22 1 21
30 1 56
69 1 41
25 2 30
1 2 68
69 1 75
23 1 44
43 2 48
3 2 43
73 1 51
33 1 27
51 1 21
3 2 38
20 1 21
37 1 19
51 1 19
69 1 43
13 1 3
22 2 20
43 1 11
30 1 58
1 2 33
9 2 10
70 2 53
21 1 3
37 1 21
75 1 19
27 1 19
3 2 28
37 2 38
50 2 23
3 2 5
1 1 33
1 1 38
34 2 5
5 2 1
69 1 51
20 2 22
8 2 9
14 1 1
18 2 30
1 2 25
26 1 19
3 1 37
3 2 18
21 1 34
51 2 75
72 2 57
19 1 4
3 1 5
23 1 58
39 1 8
30 1 54
3 2 33
1 1 3
17 2 16
15 1 11
22 2 70
17 1 14
3 1 38
45 1 18
11 1 10
24 1 8
48 1 19
23 1 20
4 2 3
4 2 42
1 7 3
54 2 20
1 1 4
3 1 1
7 2 6
50 1 43
27 2 26
27 1 3
12 2 54
8 2 3
21 1 42
6 2 39
3 1 4
4 2 29
12 2 24
58 6 44
44 1 3
23 1 56
34 1 1
20 1 19
12 1 14
70 1 30
21 1 1
54 2 58
24 1 18
19 1 42
14 1 13
43 1 14
1 1 28
45 1 9
16 1 11
10 2 1
50 1 41
1 2 5
16 1 14
73 1 72
14 1 68
58 1 21
23 1 53
52 1 30
57 1 23
3 2 49
29 1 3
1 2 41
53 1 52
6 2 7
26 1 3
15 1 14
40 1 6
43 1 19
1 2 18
34 1 33
3 2 37
29 1 28
41 1 21
45 1 10
69 1 48
21 1 29
24 1 23
1 2 49
23 1 12
28 1 26
68 1 21
12 2 20
14 1 49
15 2 70
9 2 13
21 1 5
70 1 50
45 1 30
44 1 25
4 2 32
23 1 15
45 2 44
8 2 13
49 1 21
19 1 1
70 2 12
30 1 70
41 1 19
13 2 3
39 1 1
54 1 69
1 1 5
3 2 4
75 1 21
12 1 11
1 4 3
34 1 28
14 1 43
30 1 15
76 1 23
8 2 1
53 1 76
30 1 53
54 1 30
50 1 48
19 1 5
56 6 44
61 1 19
25 1 16
11 1 9
10 2 3
69 1 61
70 1 69
1 2 37
1 5 3
11 1 3
? 1 github_java_program_data/12/565.java

13 1 1
52 1 23
21 1 32
15 2 12
21 1 4
51 2 72
48 1 19
29 2 5
15 2 53
21 1 29
30 1 22
4 2 5
4 2 1
3 1 28
42 2 4
72 1 30
19 2 54
19 1 34
1 5 3
27 2 26
12 2 22
20 2 12
3 1 33
34 1 3
10 1 3
23 1 15
33 1 26
19 1 29
3 1 1
29 2 4
3 7 1
40 1 73
43 1 21
5 2 3
29 1 33
14 1 3
5 2 34
23 1 60
4 2 34
69 2 30
54 2 70
60 1 21
53 2 73
3 5 1
1 2 28
26 1 21
48 1 21
11 1 10
11 1 41
15 2 54
28 1 27
12 2 54
41 1 11
49 1 19
30 1 60
50 2 30
10 1 1
1 2 4
3 4 1
50 2 23
14 1 49
70 1 23
68 1 19
23 1 22
11 1 1
11 1 49
23 1 73
1 2 49
11 1 68
54 1 50
5 2 42
22 1 19
40 1 22
30 1 21
72 1 23
62 1 19
34 2 4
48 2 52
53 1 48
23 1 19
30 1 12
13 2 1
93 1 1
23 1 54
26 1 1
22 1 21
1 7 3
57 1 23
5 2 23
19 1 30
21 2 53
73 1 51
33 1 27
51 1 21
20 1 21
26 2 27
51 1 19
23 1 21
29 1 1
13 1 3
22 2 20
40 1 15
19 1 3
1 2 33
21 1 3
5 2 4
27 1 19
3 2 28
40 1 93
3 2 41
1 1 33
32 2 1
93 2 22
34 2 5
5 2 1
20 2 22
14 1 1
29 2 23
1 2 3
26 1 19
19 1 42
56 1 21
19 1 4
3 1 5
15 2 22
30 1 54
43 1 14
1 1 3
40 1 12
40 1 53
15 1 11
19 1 32
23 1 20
4 2 3
54 2 20
1 1 4
30 1 15
50 1 43
27 1 3
40 1 54
40 1 20
21 1 42
3 1 4
10 2 1
34 1 28
21 1 23
23 1 56
34 1 1
20 1 19
12 1 14
21 1 1
1 4 3
14 1 13
3 2 33
1 1 28
19 2 21
19 1 23
4 2 29
3 2 5
32 2 29
27 1 21
3 2 1
73 1 72
52 1 30
1 2 5
29 1 3
21 2 19
53 1 52
30 1 62
26 1 3
34 2 23
15 1 14
3 2 43
43 1 19
34 1 33
29 1 28
41 1 21
21 2 73
50 1 41
22 2 53
23 1 12
28 1 26
68 1 21
5 2 29
21 1 5
70 1 50
12 2 15
27 1 1
4 2 32
13 2 3
60 1 19
49 1 21
19 1 1
73 2 20
30 1 70
41 1 19
29 2 30
52 2 57
54 1 69
1 1 5
3 2 4
12 1 11
21 1 34
14 1 43
1 2 43
30 1 53
54 1 30
19 1 5
53 1 57
10 2 3
1 2 68
69 1 41
11 1 3
? 1 github_java_program_data/12/69.java

13 1 1
52 1 23
21 1 32
15 2 12
21 1 4
51 2 72
48 1 19
29 2 5
15 2 53
21 1 29
30 1 22
4 2 5
4 2 1
3 1 28
42 2 4
72 1 30
19 2 54
19 1 34
1 5 3
27 2 26
12 2 22
20 2 12
3 1 33
34 1 3
10 1 3
23 1 15
33 1 26
19 1 29
3 1 1
29 2 4
3 7 1
40 1 73
43 1 21
5 2 3
29 1 33
14 1 3
5 2 34
23 1 60
4 2 34
69 2 30
54 2 70
60 1 21
53 2 73
3 5 1
1 2 28
26 1 21
48 1 21
11 1 10
11 1 41
15 2 54
28 1 27
12 2 54
41 1 11
49 1 19
30 1 60
50 2 30
10 1 1
1 2 4
3 4 1
50 2 23
14 1 49
70 1 23
68 1 19
23 1 22
11 1 1
11 1 49
23 1 73
1 2 49
11 1 68
54 1 50
5 2 42
22 1 19
40 1 22
30 1 21
72 1 23
62 1 19
34 2 4
48 2 52
53 1 48
23 1 19
30 1 12
13 2 1
93 1 1
23 1 54
26 1 1
22 1 21
1 7 3
57 1 23
5 2 23
19 1 30
21 2 53
73 1 51
33 1 27
51 1 21
20 1 21
26 2 27
51 1 19
23 1 21
29 1 1
13 1 3
22 2 20
40 1 15
19 1 3
1 2 33
21 1 3
5 2 4
27 1 19
3 2 28
40 1 93
3 2 41
1 1 33
32 2 1
93 2 22
34 2 5
5 2 1
20 2 22
14 1 1
29 2 23
1 2 3
26 1 19
19 1 42
56 1 21
19 1 4
3 1 5
15 2 22
30 1 54
43 1 14
1 1 3
40 1 12
40 1 53
15 1 11
19 1 32
23 1 20
4 2 3
54 2 20
1 1 4
30 1 15
50 1 43
27 1 3
40 1 54
40 1 20
21 1 42
3 1 4
10 2 1
34 1 28
21 1 23
23 1 56
34 1 1
20 1 19
12 1 14
21 1 1
1 4 3
14 1 13
3 2 33
1 1 28
19 2 21
19 1 23
4 2 29
3 2 5
32 2 29
27 1 21
3 2 1
73 1 72
52 1 30
1 2 5
29 1 3
21 2 19
53 1 52
30 1 62
26 1 3
34 2 23
15 1 14
3 2 43
43 1 19
34 1 33
29 1 28
41 1 21
21 2 73
50 1 41
22 2 53
23 1 12
28 1 26
68 1 21
5 2 29
21 1 5
70 1 50
12 2 15
27 1 1
4 2 32
13 2 3
60 1 19
49 1 21
19 1 1
73 2 20
30 1 70
41 1 19
29 2 30
52 2 57
54 1 69
1 1 5
3 2 4
12 1 11
21 1 34
14 1 43
1 2 43
30 1 53
54 1 30
19 1 5
53 1 57
10 2 3
1 2 68
69 1 41
11 1 3
? 1 github_java_program_data/12/96.java

