26 1 3
29 1 1
52 1 23
9 2 10
29 2 4
3 7 1
11 1 3
56 6 45
39 1 64
17 1 1
44 1 10
25 1 17
3 1 33
21 1 42
13 1 3
45 1 30
15 2 20
53 1 81
55 2 20
23 1 22
56 1 21
29 1 3
23 1 73
40 1 6
52 2 76
24 1 9
73 1 51
48 2 52
11 1 13
9 2 1
45 1 8
11 1 10
58 1 19
73 1 48
96 1 1
45 1 18
5 2 34
34 1 33
23 1 39
1 1 5
10 1 1
58 6 44
45 1 9
53 1 48
23 1 15
19 1 42
21 1 4
51 2 23
20 1 19
30 1 53
8 2 13
24 1 1
20 2 22
16 1 11
44 2 39
20 2 56
30 1 22
1 1 33
30 1 31
3 1 5
1 5 3
80 1 98
26 1 19
5 2 4
55 2 22
28 1 27
16 1 96
44 1 3
24 1 25
21 1 1
9 2 8
73 2 55
12 2 20
23 1 53
34 2 5
79 1 30
17 1 63
31 1 3
33 1 26
30 1 20
3 2 5
44 1 1
9 2 13
51 2 30
49 1 21
19 1 4
3 1 4
23 1 74
23 1 44
1 2 43
1 2 18
30 1 15
23 1 24
53 1 57
48 1 21
3 2 41
10 1 115
3 2 25
45 2 44
13 1 9
67 1 30
60 1 21
8 2 25
19 1 1
18 1 16
24 1 3
11 1 1
8 2 1
12 2 31
53 2 20
45 1 25
3 1 1
11 1 8
13 2 3
1 2 80
2 1 3
50 2 23
4 2 3
3 4 1
98 1 3
53 2 58
8 2 10
45 1 1
20 1 21
3 2 18
55 1 23
15 2 12
4 2 34
53 1 76
21 1 3
20 2 53
14 1 10
23 1 45
14 1 9
1 2 115
30 1 60
73 2 53
3 5 1
29 1 28
24 1 18
22 1 19
30 1 56
53 1 72
79 2 20
18 2 30
51 2 72
22 2 53
21 1 5
54 1 50
30 1 58
3 2 4
51 2 52
23 1 79
67 1 8
1 2 63
11 1 9
15 1 14
52 2 81
11 2 14
51 1 19
21 1 29
17 1 14
40 1 7
56 6 44
19 1 3
6 1 3
19 1 29
73 2 60
3 2 28
5 2 1
72 1 30
24 2 45
1 1 18
17 1 11
1 7 3
12 2 54
1 2 28
23 1 62
9 2 3
77 1 1
81 2 57
52 2 57
18 2 23
1 1 3
5 2 32
25 2 30
12 1 11
30 1 54
14 1 41
79 1 48
3 2 43
23 1 20
53 2 22
79 1 51
53 1 52
48 1 19
48 2 30
6 2 7
23 1 56
54 1 23
26 1 21
15 2 73
44 1 30
67 1 1
21 1 32
19 1 5
3 2 96
63 1 1
39 1 23
23 1 67
15 2 24
1 4 3
22 2 20
4 2 42
43 1 19
40 1 2
44 1 23
19 1 32
5 2 3
20 2 15
58 6 45
4 2 1
20 2 55
11 1 43
51 1 21
3 2 64
28 1 26
43 1 21
26 1 1
55 1 48
44 1 18
1 2 25
14 1 3
58 1 21
31 1 9
15 1 11
10 2 1
53 2 56
7 1 3
1 1 4
55 1 51
1 1 28
1 2 49
11 1 49
30 1 73
23 1 58
10 1 9
27 1 1
64 1 77
30 1 44
34 1 3
29 1 33
22 2 56
50 1 43
44 1 13
12 2 15
20 2 73
10 2 3
72 1 23
12 2 73
34 1 28
25 2 13
25 2 10
17 1 3
19 1 34
22 2 73
3 1 25
76 1 30
48 2 23
3 1 28
4 2 5
39 1 3
39 1 8
34 2 4
5 2 42
67 1 80
7 2 6
44 1 25
54 2 58
27 1 19
13 2 1
30 1 71
6 2 39
53 2 79
14 2 11
57 1 30
39 1 1
13 1 1
30 1 12
8 2 3
64 2 23
5 2 29
30 1 45
1 2 33
24 1 8
45 1 13
22 1 21
62 1 19
73 2 22
73 1 52
44 1 9
3 2 33
63 1 3
73 1 72
45 1 10
14 1 1
2 2 6
27 1 3
10 1 3
3 2 63
73 2 12
81 1 73
41 1 21
12 1 14
39 1 30
12 2 53
1 2 41
48 2 72
33 1 27
4 2 32
14 1 43
80 2 30
16 1 3
40 1 39
34 1 1
27 1 21
30 1 24
1 2 4
25 1 16
44 1 8
16 1 14
24 2 44
1 2 30
31 1 23
21 1 34
15 2 53
45 1 23
1 2 5
53 1 51
31 1 18
39 2 67
45 1 3
44 2 45
23 1 12
56 1 19
41 1 19
13 1 8
43 1 11
11 1 41
30 1 55
25 2 23
14 1 13
24 1 23
4 2 29
14 1 8
? 1 github_java_program_data/28/138.java

5 2 1
72 1 30
44 1 3
17 1 11
1 7 3
9 2 10
73 1 81
1 2 28
29 2 4
34 2 4
11 1 3
58 6 44
82 2 81
56 6 44
57 1 23
26 2 27
73 1 57
12 2 24
44 1 10
25 1 17
30 1 45
56 6 45
21 1 42
15 2 73
13 1 3
1 1 3
30 1 20
73 2 53
25 2 30
29 1 1
15 2 20
3 5 1
9 2 13
23 1 20
48 2 72
23 1 22
53 1 52
48 1 19
56 1 21
45 1 8
29 1 3
23 1 56
24 1 8
72 1 23
15 2 12
21 1 29
26 1 21
22 1 19
11 1 13
44 1 18
14 1 41
42 2 4
21 1 32
19 1 5
11 1 10
16 2 17
72 2 82
58 1 19
73 1 48
14 1 3
5 2 34
34 1 33
1 2 37
22 2 20
4 2 42
43 1 19
1 1 5
40 1 2
10 1 1
27 1 19
40 1 67
5 2 3
45 1 9
58 6 45
4 2 1
53 1 48
23 1 15
11 1 43
19 1 42
51 1 21
21 1 4
20 1 19
8 2 13
53 1 51
3 2 33
28 1 26
16 1 11
30 1 22
3 1 5
1 5 3
48 2 52
26 1 19
5 2 4
3 1 37
58 1 21
28 1 27
45 2 44
15 1 11
10 2 1
21 1 1
53 2 56
52 2 57
19 1 4
1 1 4
22 2 58
18 1 17
23 1 53
34 2 5
1 4 3
45 1 30
3 4 1
30 1 73
23 1 58
67 1 3
44 1 9
30 1 44
34 1 3
14 1 1
33 1 26
22 2 56
43 1 21
44 1 13
12 2 15
17 1 14
10 2 3
3 2 5
44 1 1
3 2 43
44 1 30
3 1 4
39 2 67
51 2 52
30 1 56
42 2 5
30 1 53
1 2 43
1 2 18
30 1 15
52 2 81
12 1 11
44 2 45
2 2 39
48 1 21
19 1 34
39 1 8
3 2 25
5 2 42
44 1 23
13 2 1
67 1 30
19 1 32
19 1 1
18 1 16
13 1 1
30 1 12
8 2 3
45 1 3
27 2 26
11 1 1
5 2 29
8 2 1
52 1 23
45 1 25
3 1 1
1 2 33
81 1 53
13 2 3
23 1 73
45 1 13
22 1 21
41 1 21
73 1 52
4 2 3
24 1 1
73 1 72
45 1 10
53 2 58
73 2 20
8 2 10
45 1 1
3 7 1
20 1 21
10 1 3
3 2 18
39 1 3
4 2 34
82 1 53
52 1 30
21 1 3
3 2 41
53 2 73
12 1 14
39 1 30
14 1 10
3 2 30
12 2 53
1 2 41
73 2 58
33 1 27
4 2 32
8 2 9
14 1 43
18 2 23
5 2 32
40 1 39
29 1 28
24 1 18
34 1 1
27 1 21
30 1 24
1 2 4
14 1 13
53 1 72
16 1 14
56 1 19
18 2 30
51 2 72
21 1 5
21 1 34
45 1 23
1 2 5
30 1 58
3 2 4
1 2 25
4 2 5
23 1 12
15 1 14
41 1 19
11 1 41
51 1 19
20 2 22
25 2 23
73 1 51
20 2 56
25 1 16
24 1 23
19 1 3
4 2 29
19 1 29
73 1 82
2 1 1
3 2 28
? 1 github_java_program_data/28/145.java

43 2 48
13 2 1
5 2 1
23 1 58
30 1 12
29 1 1
29 2 5
9 2 10
1 2 28
29 2 4
11 1 3
56 6 45
12 2 15
57 1 23
79 1 23
39 1 64
12 2 24
48 2 23
72 1 30
3 2 5
25 1 17
52 2 57
21 1 42
69 1 43
13 1 3
1 1 3
73 2 53
25 2 30
53 1 57
15 2 20
3 5 1
30 1 79
52 2 81
79 1 48
3 2 43
23 1 20
1 7 3
1 2 33
23 1 22
53 1 52
48 1 19
56 1 21
45 1 8
29 1 3
23 1 56
40 1 6
13 2 3
52 2 82
15 2 12
21 1 29
26 1 21
3 2 64
22 1 19
11 1 13
14 1 41
21 1 32
19 1 5
11 1 10
20 2 53
58 1 19
73 1 48
81 2 57
39 1 23
14 1 3
45 1 18
5 2 34
34 1 33
20 2 54
1 4 3
22 2 20
73 2 22
4 2 42
43 1 19
1 1 5
3 2 41
53 1 72
10 1 1
27 1 19
23 1 74
5 2 3
4 2 1
20 2 73
53 1 48
23 1 15
19 1 42
51 1 21
21 1 4
20 1 19
8 2 13
53 1 51
28 1 26
16 1 11
24 2 44
51 2 61
30 1 22
50 2 30
3 1 5
1 5 3
55 1 48
48 2 52
26 1 19
44 1 10
12 2 53
58 1 21
45 2 44
44 1 3
15 1 11
69 2 23
44 2 12
10 2 1
6 2 39
69 1 48
21 1 1
54 1 50
19 1 4
30 1 74
1 1 4
18 1 17
64 1 77
23 1 53
34 2 5
1 2 5
45 1 30
76 1 23
30 1 73
55 1 30
15 2 73
44 1 9
34 1 3
12 2 22
20 2 70
58 6 44
22 2 56
30 1 20
50 1 43
44 1 13
77 1 1
17 1 14
10 2 3
72 1 23
6 1 1
9 2 13
55 2 20
44 1 30
3 1 4
51 2 52
48 1 21
30 1 56
30 1 53
73 2 55
70 1 23
54 1 30
1 2 18
30 1 15
3 2 25
23 1 24
12 1 11
44 2 45
23 1 55
50 1 51
19 1 34
39 1 8
34 2 4
70 1 69
5 2 42
44 1 25
44 1 23
44 1 1
14 1 1
48 2 72
19 1 32
53 2 79
53 1 81
19 1 1
18 1 16
48 2 75
13 1 1
8 2 3
24 1 3
11 1 1
81 1 73
52 1 23
53 2 20
3 1 1
82 1 73
24 1 8
23 1 73
45 1 13
22 1 21
30 1 70
12 2 45
73 1 52
4 2 3
3 2 33
45 1 3
3 4 1
73 1 72
45 1 10
53 2 58
23 1 44
52 2 76
8 2 10
45 1 1
2 2 6
3 7 1
20 1 21
10 1 3
3 2 18
39 1 3
56 6 44
8 2 9
52 1 30
53 1 76
21 1 3
41 1 21
54 2 22
23 1 54
12 1 14
82 2 76
14 1 10
48 2 30
1 2 41
14 2 11
70 2 22
23 1 45
33 1 27
4 2 32
14 1 43
18 2 23
5 2 32
40 1 39
29 1 28
24 1 18
34 1 1
27 1 21
64 2 23
1 2 4
14 1 13
40 1 2
16 1 14
56 1 19
79 2 20
18 2 30
51 2 72
22 2 53
21 1 5
21 1 34
15 2 53
24 1 23
30 1 58
3 2 4
50 1 61
14 1 9
1 2 25
76 1 30
4 2 5
23 1 12
11 1 9
15 1 14
22 2 73
17 1 11
41 1 19
23 1 71
11 2 14
53 1 82
11 1 41
51 1 19
20 2 22
25 2 23
73 1 51
20 2 56
25 1 16
5 2 29
43 2 51
69 1 75
19 1 3
3 2 28
19 1 29
2 1 1
14 1 8
? 1 github_java_program_data/28/158.java

26 1 3
45 1 66
97 1 52
66 1 3
72 1 30
30 1 12
29 1 1
1 7 3
72 2 81
5 2 1
9 2 10
1 2 28
65 1 3
11 1 3
58 6 44
56 6 44
57 1 23
39 1 64
17 1 1
44 1 10
3 2 5
25 1 17
3 1 33
52 2 57
27 1 3
18 2 23
13 1 3
1 1 3
25 2 30
32 2 5
12 1 11
2 2 39
3 5 1
79 1 48
23 1 20
48 2 72
15 2 22
53 2 22
23 1 22
53 1 52
48 1 19
56 1 21
45 1 8
29 1 3
3 7 1
23 1 56
13 2 3
52 2 82
15 2 12
21 1 29
26 1 21
27 1 21
11 1 13
44 1 18
14 1 41
42 2 4
96 1 3
21 1 32
19 1 5
11 1 10
73 2 15
16 1 1
58 1 19
73 1 48
5 2 4
39 1 23
14 1 3
34 1 33
1 4 3
22 2 20
73 1 76
4 2 42
43 1 19
1 1 5
3 2 41
53 1 72
10 1 1
27 1 19
19 1 32
5 2 3
42 2 5
4 2 1
53 1 48
23 1 15
11 1 43
19 1 42
51 1 21
21 1 4
51 2 23
21 1 42
65 1 1
20 1 19
8 2 13
23 1 44
72 2 57
3 2 33
28 1 26
16 1 11
43 1 21
26 1 1
1 1 25
30 1 22
1 1 33
3 1 5
1 5 3
55 1 48
48 2 52
26 1 19
81 2 57
12 2 53
45 2 44
44 1 3
15 1 11
15 2 79
10 2 1
21 1 1
53 2 56
1 1 4
55 1 51
23 1 53
79 1 30
11 1 1
45 1 30
30 1 73
23 1 58
55 1 30
27 1 1
64 1 96
44 1 9
12 2 22
29 1 33
30 1 20
12 2 15
17 1 14
10 2 3
72 1 23
44 1 1
3 2 43
12 2 73
34 1 28
44 1 30
3 1 4
51 2 52
44 2 45
55 2 56
97 1 57
20 2 22
19 1 34
1 2 43
22 2 73
1 2 18
30 1 15
53 1 57
3 1 28
4 2 5
23 1 55
48 1 21
30 1 53
39 1 8
3 2 25
5 2 42
1 1 28
44 1 23
14 1 1
53 1 81
57 1 30
19 1 1
39 1 1
52 1 30
13 1 1
45 1 3
19 1 4
53 1 76
8 2 1
52 1 23
45 1 25
3 1 1
1 2 33
65 2 9
23 1 73
45 1 13
22 1 21
58 6 45
73 2 22
73 1 52
3 2 4
4 2 3
17 1 63
63 1 3
73 1 72
45 1 10
53 2 58
52 2 76
8 2 10
13 2 1
66 2 8
20 1 21
10 1 3
3 2 18
55 1 23
44 1 65
97 1 51
82 1 53
21 1 97
81 1 73
21 1 3
41 1 21
53 2 73
20 2 53
12 1 14
3 1 18
14 1 10
48 2 30
1 2 41
73 2 58
23 1 45
33 1 27
4 2 32
14 1 43
18 1 16
5 2 32
40 1 39
29 1 28
34 1 1
1 2 64
22 1 19
64 2 23
72 2 76
1 2 4
40 1 2
3 4 1
18 2 30
51 2 72
22 2 53
23 1 12
21 1 5
21 1 34
15 2 53
45 1 23
1 2 5
30 1 58
53 1 51
23 1 79
76 1 30
1 2 63
52 1 21
15 1 14
17 1 11
41 1 19
11 1 41
51 1 19
30 1 55
25 2 23
73 1 51
14 1 13
57 1 19
19 1 3
19 1 29
73 1 82
2 1 1
3 2 28
? 1 github_java_program_data/28/19.java

13 2 1
5 2 1
72 1 30
43 1 21
29 1 1
29 2 5
9 2 10
1 2 28
29 2 4
11 1 3
9 2 3
56 6 45
12 2 15
57 1 23
79 1 23
73 1 57
24 2 44
44 1 10
3 2 5
25 1 17
21 1 42
13 1 3
1 1 3
25 2 30
12 1 11
15 2 20
30 1 54
30 1 79
18 1 17
53 1 81
9 2 13
29 1 28
1 7 3
1 2 33
15 2 22
23 1 22
53 1 52
48 1 19
56 1 21
29 1 3
23 1 56
24 1 9
54 1 23
21 1 29
26 1 21
22 1 19
48 2 61
11 1 13
14 1 41
21 1 32
19 1 5
72 2 76
11 1 10
58 1 19
73 1 48
5 2 4
3 2 41
14 1 3
45 1 18
5 2 34
34 1 33
50 1 41
1 4 3
22 2 20
73 1 76
4 2 42
43 1 19
1 1 5
44 1 8
10 1 1
44 1 23
19 1 32
5 2 3
45 1 9
58 6 45
59 1 23
4 2 1
20 2 73
53 1 48
23 1 15
11 1 43
19 1 42
51 1 21
21 1 4
51 2 23
20 1 19
8 2 13
24 1 18
41 2 48
28 1 26
16 1 11
1 2 30
30 1 22
3 1 5
1 5 3
52 2 82
48 2 52
26 1 19
81 2 57
15 2 59
58 1 21
28 1 27
45 2 44
44 1 3
15 1 11
10 2 1
21 1 1
12 2 20
1 2 18
9 2 8
54 1 50
30 1 74
1 1 4
22 2 58
55 1 51
23 1 53
34 2 5
11 1 1
45 1 30
76 1 23
30 1 73
23 1 58
55 1 30
3 2 4
30 1 44
34 1 3
12 2 22
33 1 26
58 6 44
22 2 56
30 1 20
44 1 13
55 2 20
17 1 14
10 2 3
72 1 23
44 1 1
3 2 43
54 2 20
51 2 30
44 1 30
3 1 4
51 2 52
30 1 56
30 1 53
1 2 43
53 2 15
12 2 79
76 1 30
30 1 15
52 2 81
53 1 57
44 2 45
23 1 55
48 1 21
19 1 34
39 1 8
34 2 4
5 2 42
44 1 25
27 1 19
14 1 1
30 1 71
57 1 30
19 1 1
39 1 1
13 1 1
30 1 12
24 1 3
27 2 26
19 1 4
5 2 29
8 2 1
52 1 23
53 2 20
30 1 45
3 1 1
11 1 8
30 1 59
3 2 25
13 2 3
23 1 73
45 1 13
22 1 21
20 2 58
73 2 22
73 1 52
45 2 12
50 2 23
4 2 3
3 2 33
3 4 1
73 1 72
45 1 10
53 2 58
73 2 20
8 2 10
45 1 1
3 7 1
20 1 21
10 1 3
3 2 18
26 2 27
73 2 12
4 2 34
22 2 54
82 1 53
52 1 30
81 1 73
21 1 3
41 1 21
53 2 73
12 1 14
39 1 30
14 1 10
1 2 41
48 2 72
15 2 55
72 2 57
33 1 27
4 2 32
3 5 1
14 1 43
18 2 23
5 2 32
40 1 39
23 1 20
34 1 1
50 1 48
27 1 21
30 1 24
1 2 4
14 1 13
53 1 72
16 1 14
56 1 19
79 2 20
18 2 30
51 2 72
22 2 53
17 2 16
21 1 5
21 1 34
45 1 23
1 2 5
30 1 58
53 1 51
59 2 12
50 1 61
14 1 9
79 1 51
45 1 3
4 2 5
23 1 12
11 1 9
15 1 14
17 1 11
23 1 71
11 2 14
82 2 57
11 1 41
51 1 19
20 2 22
25 2 23
73 1 51
25 1 16
56 6 44
3 2 28
24 1 23
19 1 3
4 2 29
19 1 29
73 1 82
1 2 25
14 1 8
? 1 github_java_program_data/28/236.java

26 1 3
86 1 3
29 1 1
72 2 81
5 2 1
9 2 10
23 1 99
29 2 4
11 1 3
56 6 45
57 1 23
73 1 57
44 1 10
25 1 17
3 1 33
27 1 3
13 1 3
45 1 30
32 2 4
15 2 20
19 1 110
53 1 81
48 2 72
15 2 22
23 1 22
56 1 21
12 2 85
29 1 3
23 1 73
40 1 6
52 2 76
24 1 9
21 1 29
53 2 20
67 1 23
11 1 13
9 2 1
45 1 8
11 1 10
72 2 82
23 1 14
58 1 19
73 1 48
14 1 3
45 1 18
5 2 34
34 1 33
23 1 39
1 1 5
15 2 31
10 1 1
97 1 76
45 1 9
53 1 48
23 1 15
82 1 53
19 1 42
21 1 4
51 2 23
20 1 19
30 1 53
8 2 13
20 2 22
16 1 11
31 2 44
30 1 22
1 1 33
3 1 5
48 2 52
26 1 19
55 2 22
3 1 37
28 1 27
1 5 3
20 2 12
30 1 74
22 2 58
12 2 20
21 1 42
79 1 30
3 2 23
76 1 23
12 2 22
33 1 26
7 2 67
30 1 20
3 2 5
44 1 1
3 2 43
51 2 30
22 2 55
3 1 4
40 1 67
23 1 44
1 2 43
1 2 18
30 1 15
53 1 57
48 1 21
3 2 41
3 2 25
45 2 44
23 1 53
4 2 29
19 1 1
18 1 16
52 1 30
24 1 3
99 1 19
3 2 18
11 1 1
52 1 23
45 1 25
3 1 1
11 1 8
13 2 3
110 1 72
20 2 58
31 1 30
55 2 73
31 1 1
4 2 3
73 2 20
8 2 10
45 1 1
20 1 21
15 2 12
55 1 23
99 2 12
4 2 34
8 2 9
21 1 97
53 1 76
21 1 3
20 2 53
14 1 10
39 1 9
72 2 57
39 2 86
23 1 45
76 1 19
5 2 32
18 2 23
73 2 53
3 5 1
23 1 20
22 1 19
72 2 76
30 1 56
40 1 2
18 2 30
51 2 72
22 2 53
21 1 5
30 1 58
44 1 9
14 1 9
23 1 79
67 1 8
2 2 6
52 1 21
19 1 4
11 2 14
51 1 19
21 1 1
20 2 56
40 1 7
19 1 3
19 1 29
73 1 82
1 2 25
3 2 28
97 1 52
23 1 58
44 1 3
17 1 11
1 7 3
16 2 17
1 2 28
9 2 3
12 2 15
26 2 27
23 1 86
81 2 57
52 2 57
86 1 23
1 1 3
12 2 24
25 2 30
12 1 11
53 1 72
9 2 13
29 1 28
53 2 22
79 1 51
53 1 52
48 1 19
6 2 7
23 1 56
26 1 21
4 2 97
14 1 41
21 1 32
19 1 5
4 2 110
7 1 1
1 4 3
22 2 20
110 1 57
73 1 76
4 2 42
43 1 19
23 1 31
27 1 19
19 1 32
5 2 3
20 2 15
58 6 45
4 2 1
85 2 15
11 1 43
51 1 21
24 1 18
28 1 26
43 1 21
26 1 1
30 1 99
44 1 18
58 1 21
100 2 15
31 1 9
15 1 11
10 2 1
100 1 19
86 2 15
1 1 4
55 1 51
57 1 21
1 1 28
1 2 37
3 4 1
30 1 73
67 1 3
55 1 30
27 1 1
3 2 4
30 1 44
34 1 3
22 2 56
44 1 13
56 6 44
20 2 73
10 2 3
72 1 23
6 1 1
44 1 30
51 2 52
23 1 85
42 2 5
19 1 34
22 2 73
73 1 51
76 1 30
3 1 28
44 2 45
72 1 30
34 2 5
72 1 19
5 2 42
44 1 25
31 1 25
13 2 1
18 1 17
23 1 11
14 2 11
57 1 30
39 1 1
13 1 1
30 1 12
8 2 3
27 2 26
15 1 14
5 2 29
29 2 5
53 2 12
30 1 45
1 2 33
45 1 13
42 2 4
73 2 22
73 1 52
39 1 30
3 2 33
73 1 72
45 1 10
22 1 21
14 1 1
10 1 3
44 1 23
81 1 73
22 2 79
41 1 21
12 1 14
79 2 58
1 2 41
99 2 15
97 1 51
58 6 44
33 1 27
4 2 32
14 1 43
3 7 1
34 1 1
27 1 21
23 1 100
30 1 24
1 2 4
25 1 16
44 1 8
16 1 14
24 2 44
1 2 30
17 2 16
21 1 34
15 2 53
45 1 23
1 2 5
53 1 51
110 1 48
45 1 3
4 2 5
23 1 12
56 1 19
41 1 19
23 1 71
11 1 41
30 1 55
25 2 23
14 1 13
24 1 23
2 1 1
14 1 8
? 1 github_java_program_data/28/288.java

26 1 3
45 1 66
23 1 79
23 1 58
45 1 30
29 1 1
31 2 44
29 2 5
72 2 81
5 2 1
9 2 10
23 1 99
29 2 4
34 2 4
11 1 3
9 2 3
56 6 45
56 6 44
57 1 23
26 2 27
73 1 57
100 2 12
24 2 44
72 1 30
3 2 5
25 1 17
52 2 57
21 1 42
18 2 23
13 1 3
1 1 3
5 2 32
25 2 30
39 1 1
12 1 11
15 2 20
40 1 39
53 1 81
3 2 43
23 1 20
1 7 3
1 2 33
12 2 73
23 1 22
53 1 52
48 1 19
56 1 21
76 1 21
45 1 8
29 1 3
23 1 56
40 1 6
52 2 76
24 1 9
1 2 4
21 1 29
26 1 21
3 2 64
27 1 21
73 2 55
67 1 23
11 1 13
26 1 19
14 1 41
30 1 62
30 1 100
21 1 32
19 1 5
11 1 10
16 2 17
58 1 19
42 2 4
73 1 48
81 2 57
5 2 4
39 1 23
1 2 28
14 1 3
45 1 18
5 2 34
34 1 33
15 2 24
23 1 39
22 2 20
66 2 9
73 1 76
4 2 42
43 1 19
1 1 5
3 2 41
23 1 31
10 1 1
31 1 25
19 1 32
5 2 3
45 1 9
99 2 12
19 1 34
4 2 1
20 2 73
53 1 48
23 1 15
11 1 43
19 1 42
51 1 21
21 1 4
45 2 39
5 2 42
65 1 1
20 1 19
30 1 53
55 1 51
24 1 18
3 2 33
28 1 26
16 1 11
43 1 21
1 1 25
1 2 43
30 1 22
39 2 12
3 1 5
24 1 25
55 1 48
30 1 99
44 1 18
44 1 10
12 2 53
77 1 3
23 1 67
58 1 21
28 1 27
23 1 24
100 2 15
31 1 9
44 1 3
15 1 11
60 1 19
10 2 1
6 2 39
55 2 22
12 2 20
100 1 19
19 1 4
58 6 45
1 1 4
18 1 17
23 1 53
34 2 5
1 4 3
79 1 30
10 1 8
19 1 97
3 2 23
17 1 63
76 1 23
30 1 73
67 1 3
55 1 30
39 1 80
15 2 73
44 1 9
4 2 34
34 1 3
29 1 33
33 1 26
58 6 44
22 2 56
30 1 20
44 1 13
12 2 15
17 1 14
10 2 3
72 1 23
44 1 1
9 2 13
65 2 8
9 2 1
51 2 30
44 1 30
1 5 3
3 1 4
51 2 52
3 4 1
17 1 3
1 2 80
23 1 44
23 1 60
32 2 5
1 2 18
30 1 15
27 1 19
53 1 57
3 1 28
44 2 45
67 1 9
15 2 31
23 1 55
48 1 21
39 1 3
100 2 22
39 1 8
72 1 19
3 2 25
45 2 44
48 2 52
44 1 25
44 1 23
97 1 72
14 1 1
48 2 72
97 1 76
53 2 79
79 1 48
57 1 30
19 1 1
18 1 16
13 1 1
30 1 12
8 2 3
45 1 3
99 1 19
3 2 18
11 1 1
24 1 30
8 2 1
52 1 23
99 1 21
45 1 25
3 1 1
44 2 67
11 1 8
81 1 53
13 2 3
23 1 73
45 1 13
22 1 21
12 2 24
62 1 19
73 2 22
12 2 45
73 1 52
3 2 4
31 1 1
4 2 3
24 1 1
63 1 3
73 1 72
67 2 45
45 1 10
53 2 58
100 2 73
8 2 10
45 1 1
3 7 1
20 1 21
10 1 3
15 2 12
3 2 63
64 1 1
66 1 1
44 1 65
97 1 51
52 1 30
53 1 76
21 1 3
41 1 21
20 2 53
12 1 14
3 1 18
80 1 77
14 1 10
48 2 30
1 2 41
99 2 15
80 2 23
72 2 57
16 1 64
8 2 13
33 1 27
4 2 32
99 2 58
3 5 1
14 1 43
16 1 3
73 2 53
21 1 1
29 1 28
34 1 1
13 2 1
22 1 19
23 1 100
72 2 76
27 2 26
1 1 28
25 1 16
30 1 56
53 1 72
16 1 14
56 1 19
18 2 30
51 2 72
31 1 23
4 2 29
17 2 16
21 1 5
21 1 34
15 2 53
45 1 23
1 2 5
30 1 58
53 1 51
14 1 9
23 1 45
76 1 30
4 2 5
23 1 12
11 1 9
44 1 8
15 1 14
17 1 11
41 1 19
99 2 100
11 1 41
51 1 19
20 2 22
25 2 23
73 1 51
20 2 56
14 1 13
5 2 29
24 1 23
19 1 3
6 1 3
3 2 28
19 1 29
1 2 25
14 1 8
? 1 github_java_program_data/28/327.java

13 2 1
5 2 1
23 1 58
30 1 12
29 1 1
56 6 44
9 2 10
31 1 8
1 2 28
23 1 62
9 2 3
56 6 45
12 2 15
57 1 23
26 2 27
73 1 57
44 1 10
3 2 5
25 1 17
88 1 27
21 1 42
15 2 73
13 1 3
1 1 3
12 2 24
25 2 30
12 1 11
3 5 1
64 2 30
53 1 81
9 2 13
23 1 20
1 2 33
53 1 52
48 1 19
56 1 21
45 1 8
29 1 3
23 1 56
40 1 6
24 1 9
15 2 12
73 1 51
26 1 21
3 2 64
1 7 3
11 1 13
26 1 19
14 1 41
21 1 32
19 1 5
72 2 76
11 1 10
16 2 17
58 1 19
73 1 48
81 2 57
3 2 41
62 1 21
14 1 3
5 2 34
34 1 33
7 1 1
1 4 3
73 1 76
51 2 52
43 1 19
11 1 3
87 2 30
44 1 8
10 1 1
27 1 19
19 1 32
5 2 3
45 1 9
58 6 45
4 2 1
53 1 48
23 1 15
11 1 43
19 1 42
51 1 21
21 1 4
20 1 19
8 2 13
53 1 51
18 2 87
82 2 57
28 1 26
16 1 11
31 2 44
15 2 58
1 2 43
30 1 22
30 1 31
3 1 5
1 5 3
52 2 82
48 2 52
44 1 18
5 2 4
1 2 25
58 1 21
28 1 27
45 2 44
6 2 7
44 1 3
15 1 11
60 1 19
10 2 1
21 1 1
53 2 56
52 2 57
9 2 8
12 2 58
1 1 4
18 1 17
23 1 53
87 1 26
11 1 1
45 1 30
76 1 23
30 1 73
40 1 2
64 1 77
30 1 44
34 1 3
24 2 31
10 1 3
58 6 44
40 1 7
43 1 21
44 1 13
77 1 1
17 1 14
10 2 3
72 1 23
6 1 1
3 2 43
12 2 73
44 1 30
3 1 4
30 1 56
19 1 34
23 1 60
1 1 5
1 2 18
30 1 15
52 2 81
53 1 57
2 2 6
48 1 21
30 1 53
39 1 8
3 2 25
5 2 42
31 1 25
44 1 1
14 1 1
48 2 72
57 1 30
19 1 1
18 1 16
30 1 45
13 1 1
39 1 64
24 1 3
27 2 26
19 1 4
81 1 73
8 2 1
52 1 23
45 1 25
3 1 1
11 1 8
13 2 3
23 1 73
45 1 13
22 1 21
18 2 88
31 1 30
73 1 52
3 2 4
31 1 1
4 2 3
3 2 33
45 1 3
3 4 1
73 1 72
45 1 10
53 2 58
8 2 10
45 1 1
3 7 1
33 1 26
3 2 18
39 1 3
4 2 34
82 1 53
52 1 30
53 1 76
21 1 3
41 1 21
7 2 39
12 1 14
39 1 30
14 1 10
12 2 53
39 1 9
1 2 41
88 2 30
72 2 57
44 1 87
4 2 32
8 2 9
14 1 43
18 2 23
40 1 39
29 1 28
24 1 18
34 1 1
27 1 21
30 1 24
1 2 4
14 1 13
12 2 56
53 1 72
16 1 14
56 1 19
18 2 30
51 2 72
44 1 88
17 2 16
21 1 5
21 1 34
15 2 53
45 1 23
1 2 5
30 1 58
44 1 9
4 2 29
76 1 30
44 2 45
23 1 12
15 1 14
17 1 11
41 1 19
53 1 82
11 1 41
51 1 19
25 2 23
21 1 29
25 1 16
5 2 29
33 1 27
24 1 23
19 1 3
19 1 29
2 1 1
3 2 28
? 1 github_java_program_data/28/69.java

