20 1 21
69 1 48
48 2 61
25 1 16
30 1 22
25 2 30
19 1 32
34 2 38
69 1 75
45 1 3
17 1 11
7 2 39
3 5 1
25 1 17
38 2 37
1 2 5
48 1 21
33 1 26
13 2 1
61 1 21
3 2 28
26 2 27
21 1 30
12 2 70
3 1 33
50 2 23
3 2 25
3 2 4
1 2 23
43 2 51
54 1 30
50 1 61
5 2 1
54 2 22
70 1 50
11 1 1
44 1 18
17 2 16
15 1 11
41 2 48
43 1 21
15 2 12
3 2 38
1 4 3
45 1 8
43 2 48
30 1 21
70 2 54
26 1 3
1 2 38
1 1 5
52 1 30
27 1 21
53 1 52
21 1 34
70 1 69
13 1 3
34 1 1
21 1 1
15 2 54
9 2 8
50 1 41
19 1 5
41 1 21
3 4 1
22 1 19
1 2 33
11 1 43
44 1 9
21 1 37
23 1 22
14 1 43
30 1 20
21 1 5
44 1 10
8 2 13
21 1 29
19 1 34
8 2 10
14 1 1
19 1 29
45 1 9
10 2 3
21 1 3
30 1 56
43 1 14
12 1 11
41 1 11
3 1 38
75 1 19
40 1 7
19 1 3
19 1 38
2 2 6
39 1 23
3 2 23
19 1 1
7 1 1
3 2 43
29 1 1
3 2 37
2 1 1
50 2 30
50 1 43
23 1 15
1 2 43
54 1 50
48 2 52
51 2 61
3 1 28
69 2 23
3 2 5
23 1 21
70 1 23
12 2 15
4 2 42
21 1 32
34 1 33
48 1 19
12 2 20
53 1 48
44 1 30
69 1 51
18 2 30
30 1 70
69 1 43
4 2 34
33 1 27
43 1 11
6 2 7
1 1 3
1 1 33
16 1 11
15 1 14
14 1 10
19 2 21
23 1 45
44 1 3
30 1 15
23 1 70
37 1 19
21 1 42
23 1 44
20 1 19
19 1 42
10 2 1
3 1 1
13 2 3
12 2 54
1 1 37
29 1 33
11 1 10
28 1 27
69 1 41
70 1 30
56 6 45
1 2 37
26 1 1
23 1 12
5 2 32
41 1 19
39 1 3
50 1 48
1 2 28
44 2 45
13 1 1
30 1 12
41 1 14
5 2 34
3 2 33
51 2 75
21 1 23
23 1 53
1 2 41
26 1 19
41 2 51
40 1 39
48 2 75
19 1 23
45 1 30
10 1 1
19 1 4
14 1 41
1 1 28
30 1 54
69 2 30
45 1 13
37 1 21
37 2 38
56 1 19
19 1 30
30 1 19
18 1 16
54 1 23
3 2 18
1 1 4
14 1 3
50 1 51
4 2 3
40 1 6
54 1 69
3 2 41
8 2 3
39 1 8
23 1 19
4 2 1
38 1 21
75 1 21
14 1 13
51 1 19
5 2 3
11 1 3
27 1 1
29 2 37
1 5 3
6 1 1
34 1 28
28 1 26
1 2 4
15 2 70
11 1 41
44 1 8
21 2 19
1 7 3
21 1 4
45 1 25
11 1 13
10 1 3
40 1 2
3 1 37
54 2 56
38 1 19
1 1 38
43 1 19
16 1 14
12 1 14
23 1 54
23 1 20
29 1 28
? 1 github_java_program_data/31/153.java

69 1 43
4 2 5
25 1 16
3 1 5
25 2 30
19 1 32
15 1 11
45 1 1
53 1 48
3 5 1
25 1 17
38 2 37
1 2 5
33 1 26
13 2 1
61 1 21
16 2 17
30 1 22
26 2 27
1 2 18
3 2 25
3 2 4
43 2 51
54 1 30
50 1 61
5 2 1
43 2 48
70 1 50
34 1 3
44 1 18
17 2 16
26 1 21
69 1 75
44 1 1
43 1 21
2 1 1
3 2 38
17 1 11
32 2 4
39 1 23
22 1 21
1 2 38
64 1 63
52 1 30
27 1 21
53 1 52
20 2 22
21 1 34
19 1 34
13 1 3
34 1 1
20 1 19
23 1 56
50 1 41
1 2 43
19 1 5
41 1 21
3 4 1
22 1 19
1 2 33
11 1 43
44 1 9
58 1 21
23 1 22
14 1 43
30 1 20
21 1 5
44 1 10
9 2 10
21 1 29
64 2 23
8 2 10
14 1 1
19 1 29
58 6 45
10 2 3
3 2 41
21 1 3
30 1 56
18 2 23
43 1 14
12 1 11
41 2 48
41 1 11
3 1 38
45 1 3
13 1 1
48 2 75
15 2 54
61 1 19
19 1 3
5 2 42
19 1 1
30 1 53
1 2 25
2 2 39
3 2 43
29 1 1
3 2 37
5 2 3
28 1 26
50 2 30
14 1 10
23 1 15
3 2 33
54 1 50
48 2 52
51 2 61
18 1 17
52 2 57
69 2 23
3 2 5
51 1 21
12 2 15
18 1 16
21 1 32
34 1 33
12 2 20
48 1 19
45 1 10
12 2 22
56 1 21
18 2 30
23 1 54
69 1 48
42 2 4
33 1 27
43 1 11
1 1 3
16 1 11
15 1 14
45 1 8
23 1 45
15 2 12
43 1 19
44 1 3
30 1 15
23 1 70
37 1 19
21 1 42
23 1 44
19 1 42
12 2 53
10 2 1
3 1 1
13 2 3
29 1 3
12 2 54
1 1 37
11 1 10
28 1 27
5 2 4
69 1 41
45 1 30
1 2 37
23 1 12
3 7 1
5 2 32
41 1 19
39 1 3
1 7 3
1 2 28
44 2 45
44 1 13
30 1 12
41 1 14
9 2 13
17 1 14
63 1 1
26 1 19
45 1 23
41 2 51
40 1 39
3 2 64
50 1 43
44 1 30
70 1 30
19 1 4
14 1 41
54 2 56
27 2 26
30 1 54
15 2 20
45 1 13
37 1 21
37 2 38
56 1 19
22 2 20
54 1 23
3 2 18
1 1 4
25 2 23
14 1 3
50 1 51
3 1 37
8 2 13
57 1 23
54 1 69
1 2 41
8 2 3
39 1 8
44 1 23
4 2 1
21 1 1
75 1 21
14 1 13
51 1 19
11 1 1
27 1 19
11 1 3
16 1 14
1 5 3
56 6 44
30 1 58
1 2 4
4 2 3
11 1 41
53 1 57
45 2 44
39 1 64
21 1 4
45 1 25
4 2 32
11 1 13
10 1 3
40 1 2
10 1 1
3 2 28
38 1 19
1 1 38
3 1 4
38 1 21
20 1 21
12 1 14
1 4 3
53 2 58
23 1 20
29 1 28
? 1 github_java_program_data/31/211.java

20 1 21
69 1 48
25 1 16
3 1 5
25 2 30
19 1 32
69 1 75
45 1 1
25 1 17
38 2 37
1 2 5
33 1 26
13 2 1
61 1 21
30 1 22
26 2 27
21 1 30
50 2 23
3 2 4
43 2 51
54 2 58
50 1 61
5 2 1
70 1 50
34 1 3
44 1 18
17 2 16
26 1 21
15 1 11
43 1 21
3 2 38
45 1 8
43 2 48
30 1 21
1 2 38
1 1 5
52 1 30
27 1 21
53 1 52
70 1 69
13 1 3
21 1 1
15 2 54
9 2 8
3 5 1
19 1 5
41 1 21
3 4 1
56 1 21
11 1 43
44 1 9
21 1 5
44 1 10
70 2 20
21 1 29
19 1 34
8 2 10
14 1 1
19 1 29
45 1 9
58 6 45
10 2 3
21 1 3
30 1 56
18 2 23
43 1 14
3 1 38
20 1 19
13 1 1
61 1 19
19 1 3
2 2 6
39 1 23
3 2 23
19 1 1
30 1 53
1 2 25
3 2 43
50 1 51
3 2 37
5 2 3
28 1 26
50 2 30
50 1 43
23 1 15
1 2 43
54 1 50
48 2 52
51 2 61
69 2 23
3 2 5
23 1 21
51 1 21
12 2 15
18 1 16
3 2 18
34 1 33
48 1 19
45 1 10
22 1 19
44 1 8
69 1 43
43 1 11
1 1 3
3 2 33
16 1 11
69 2 30
14 1 10
19 2 21
23 1 45
44 1 3
30 1 15
23 1 70
37 1 19
21 1 42
23 1 44
22 2 54
19 1 42
12 2 53
10 2 1
1 1 37
13 2 3
29 1 3
3 1 1
58 1 19
11 1 10
28 1 27
53 2 15
70 1 30
6 2 39
1 2 37
23 1 12
5 2 32
41 1 19
39 1 3
44 2 45
30 1 12
17 1 14
21 1 23
26 1 19
40 1 39
48 2 75
45 1 30
19 1 4
14 1 41
30 1 54
15 2 20
37 1 21
37 2 38
19 1 30
30 1 19
54 1 23
21 1 32
1 1 4
14 1 3
30 1 58
4 2 3
40 1 6
54 1 69
1 2 41
8 2 3
39 1 8
44 1 23
23 1 19
4 2 1
75 1 21
14 1 13
51 1 19
11 1 1
11 1 3
53 1 48
1 5 3
6 1 1
2 1 1
1 2 4
11 1 41
19 1 23
21 2 19
21 1 4
45 1 25
4 2 32
11 1 13
10 1 3
40 1 2
3 1 37
3 2 28
38 1 19
1 1 38
3 1 4
23 1 20
38 1 21
10 1 1
12 1 14
1 4 3
3 2 41
29 1 28
? 1 github_java_program_data/31/222.java

20 1 21
69 1 43
4 2 5
48 2 61
25 1 16
3 1 5
9 2 3
25 2 30
50 1 61
69 1 75
75 1 19
45 1 1
3 5 1
25 1 17
40 1 7
1 2 5
42 2 5
48 1 21
29 2 5
15 2 24
38 2 37
33 1 26
13 2 1
61 1 21
45 1 18
30 1 22
26 2 27
21 1 30
67 1 8
1 7 3
15 2 70
38 1 21
50 2 23
3 2 25
3 2 4
43 2 51
10 1 9
54 1 30
54 2 58
19 1 32
65 1 3
54 2 22
70 1 50
34 1 3
44 1 18
17 2 16
5 2 42
26 1 21
15 1 11
41 2 48
39 2 45
43 1 21
24 1 30
3 2 38
32 2 5
55 1 30
17 1 11
43 2 48
30 1 21
70 2 56
22 1 21
1 2 38
1 1 5
27 1 21
53 1 52
20 2 22
21 1 34
19 1 34
13 1 3
34 1 1
21 1 1
23 1 56
9 2 8
50 1 41
19 1 5
41 1 21
3 4 1
22 1 19
52 1 23
1 2 33
57 1 30
11 1 43
44 1 9
58 1 21
23 1 24
23 1 22
14 1 43
19 1 1
21 1 5
44 1 10
45 1 23
21 1 29
41 2 51
8 2 10
14 1 1
45 2 39
19 1 29
45 1 9
58 6 45
10 2 3
24 1 18
21 1 3
30 1 56
39 1 9
43 1 14
12 1 11
41 1 11
3 1 38
45 1 3
13 1 1
55 2 58
67 1 23
15 2 54
61 1 19
19 1 3
44 1 25
39 1 23
6 1 3
3 2 23
30 1 20
7 1 1
15 2 22
3 2 43
29 1 1
3 2 37
16 2 17
5 2 3
2 1 1
50 2 30
50 1 43
23 1 15
1 2 43
54 1 50
18 1 17
52 2 57
69 2 23
3 2 5
4 2 1
67 1 3
70 1 23
51 1 21
12 2 15
18 1 16
21 1 32
34 1 33
12 2 20
2 2 6
48 1 19
20 2 54
45 1 10
12 2 70
69 1 51
10 2 1
23 1 54
70 1 69
1 2 25
44 2 45
33 1 27
43 1 11
6 2 7
1 1 3
12 2 44
3 2 33
16 1 11
15 1 14
14 1 10
19 2 21
77 1 3
15 2 12
43 1 19
44 1 3
30 1 15
23 1 70
37 1 19
21 1 42
23 1 44
20 1 19
19 1 42
44 1 8
3 1 1
11 1 9
29 1 3
12 2 54
1 1 37
58 1 19
11 1 10
28 1 27
5 2 4
69 1 41
70 1 30
56 6 45
37 2 38
1 2 37
23 1 12
14 1 9
44 1 65
3 7 1
5 2 32
41 1 19
22 2 55
50 1 48
24 1 9
1 2 28
48 2 30
4 2 29
44 1 13
12 2 56
30 1 12
8 2 9
23 1 45
41 1 14
5 2 34
65 2 8
9 2 13
17 1 14
20 2 12
23 1 53
1 2 41
26 1 19
51 2 52
1 5 3
9 2 10
45 1 8
44 1 30
45 1 30
19 1 4
14 1 41
27 2 26
30 1 54
1 2 64
13 2 3
15 2 20
53 1 51
45 1 13
37 1 21
23 1 39
56 1 19
22 2 20
30 1 19
12 2 58
23 1 58
22 2 12
4 2 42
64 2 23
54 2 15
54 1 23
3 2 18
1 1 4
25 2 23
69 2 30
14 1 3
30 1 58
4 2 3
8 2 13
40 1 67
40 1 6
23 1 55
54 1 69
3 2 41
55 1 48
8 2 3
39 1 8
58 6 44
51 2 75
5 2 1
32 2 4
44 1 1
75 1 21
14 1 13
5 2 29
51 1 19
11 1 1
27 1 19
11 1 3
10 1 1
24 1 3
56 6 44
28 1 26
7 2 67
1 2 4
11 1 41
30 1 70
53 1 57
45 2 44
21 2 19
24 2 44
64 1 77
39 1 64
39 1 1
21 1 4
45 1 25
4 2 32
11 1 13
10 1 3
40 1 2
3 1 37
3 2 28
38 1 19
1 1 38
3 1 4
18 2 30
1 2 18
11 1 8
9 2 1
16 1 14
12 1 14
1 4 3
23 1 20
29 1 28
? 1 github_java_program_data/31/24.java

70 1 69
48 2 61
13 2 1
3 1 5
1 1 3
50 1 61
16 1 11
15 1 14
69 1 75
14 1 10
15 2 12
3 5 1
39 1 8
1 2 5
42 2 5
44 1 3
30 1 15
23 1 70
37 1 19
21 1 42
64 2 23
23 1 44
61 1 21
16 2 17
30 1 54
30 1 22
19 1 42
32 2 5
10 2 1
1 2 28
1 1 37
13 2 3
29 1 3
12 2 54
3 1 1
12 2 15
3 2 4
4 2 34
5 2 4
69 1 41
70 1 30
1 2 37
4 2 1
54 2 22
11 1 1
1 5 3
41 1 19
39 1 3
50 1 48
26 1 21
21 1 1
41 2 48
30 1 12
43 1 21
41 1 14
10 2 3
17 1 14
8 2 3
1 1 5
21 1 34
44 1 18
13 1 3
40 1 39
34 1 1
20 1 19
50 2 23
44 1 30
50 1 41
19 1 4
19 1 5
22 2 56
3 4 1
56 1 21
18 2 30
1 2 33
69 2 30
77 1 1
11 1 43
44 1 9
37 1 21
38 1 19
37 2 38
14 1 43
21 1 5
44 1 10
9 2 10
41 2 51
18 1 16
14 1 1
19 1 29
3 2 18
1 1 4
54 1 23
14 1 3
21 1 3
30 1 56
4 2 3
64 1 77
12 1 11
3 2 41
41 1 11
3 1 38
75 1 19
13 1 1
51 2 75
5 2 1
19 1 3
43 1 19
39 1 23
18 1 17
19 1 1
5 2 3
11 1 3
48 1 19
2 2 39
3 2 43
29 1 1
3 2 37
28 1 26
2 1 1
1 2 4
11 1 41
34 2 4
1 2 43
54 1 50
56 6 44
3 2 64
39 1 64
21 1 4
4 2 32
11 1 13
3 2 5
10 1 3
40 1 2
3 1 37
3 2 28
4 2 42
51 1 21
1 1 38
3 1 4
21 1 32
34 1 33
38 1 21
10 1 1
69 1 51
22 1 19
23 1 20
29 1 28
1 4 3
? 1 github_java_program_data/31/307.java

70 1 69
39 1 30
48 2 61
13 2 1
3 1 5
50 1 61
69 1 75
45 1 1
25 1 17
38 2 37
1 2 5
48 1 21
1 7 3
33 1 26
30 1 22
20 2 54
1 2 18
3 2 4
43 2 51
54 1 30
19 1 32
4 2 1
11 1 1
44 1 18
26 1 21
15 1 11
41 2 48
43 1 21
3 2 38
8 2 1
45 1 8
14 1 13
1 2 38
1 1 5
27 1 21
53 1 52
3 5 1
19 1 34
13 1 3
34 1 1
20 1 19
15 2 54
50 1 41
19 1 5
41 1 21
56 1 21
52 1 23
1 2 33
11 1 43
44 1 9
23 1 22
21 1 5
44 1 10
9 2 10
5 2 3
51 2 75
14 1 1
19 1 29
45 1 9
10 2 3
21 1 3
18 2 23
43 1 14
41 1 11
3 1 38
21 1 1
13 1 1
23 1 56
61 1 19
19 1 3
3 4 1
30 1 45
19 1 1
30 1 53
1 2 25
2 2 39
15 2 22
3 2 43
29 1 1
3 2 37
50 2 30
50 1 43
23 1 15
1 2 43
54 1 50
69 2 23
3 2 5
70 1 23
51 1 21
12 2 15
18 1 16
21 1 32
34 1 33
12 2 20
2 1 3
45 1 10
69 1 51
22 1 19
23 1 54
69 1 43
43 1 11
1 1 3
16 1 11
43 1 19
14 1 10
19 2 21
15 2 12
51 2 52
37 1 19
21 1 42
5 2 42
19 1 42
10 2 1
1 1 37
13 2 3
29 1 3
3 1 1
11 1 10
28 1 27
1 2 37
23 1 12
5 2 32
41 1 19
50 1 48
1 2 28
44 2 45
4 2 29
8 2 9
17 1 14
45 1 23
40 1 39
19 1 4
14 1 41
54 2 56
53 1 51
37 1 21
37 2 38
19 1 30
30 1 19
1 1 4
25 2 23
14 1 3
22 2 53
4 2 3
3 2 41
39 1 8
1 2 30
44 1 23
5 2 1
44 1 1
75 1 21
30 1 21
51 1 19
43 2 48
11 1 3
20 1 21
1 5 3
56 6 44
1 2 4
30 1 44
11 1 41
30 1 70
21 2 19
39 1 1
21 1 4
45 1 25
4 2 32
11 1 13
10 1 3
40 1 2
3 1 37
3 2 28
38 1 19
1 1 38
3 1 4
23 1 20
38 1 21
10 1 1
12 1 14
1 4 3
1 2 41
29 1 28
? 1 github_java_program_data/31/35.java

70 1 69
48 2 61
13 2 1
30 1 22
41 2 48
1 1 3
19 1 32
16 1 11
43 1 19
69 1 75
14 1 10
19 2 21
15 2 12
38 2 37
1 2 5
8 2 9
48 1 21
30 1 15
23 1 70
37 1 19
21 1 42
23 1 44
61 1 21
3 2 38
3 1 5
19 1 42
21 1 30
10 2 1
3 1 1
13 2 3
29 1 3
12 2 54
1 1 37
12 2 15
3 2 4
20 1 21
1 2 23
69 1 41
70 1 30
50 1 61
1 2 37
4 2 1
54 2 22
70 1 50
3 7 1
11 1 1
5 2 32
41 1 19
19 1 23
50 1 48
26 1 21
19 1 30
5 2 1
44 1 1
30 1 12
43 1 21
41 1 14
3 2 33
69 2 23
10 2 3
39 1 23
22 1 21
1 2 38
1 5 3
15 1 11
23 1 21
44 1 10
21 1 34
41 2 51
13 1 3
40 1 39
20 1 19
50 2 23
44 1 30
50 1 41
19 1 4
19 1 5
14 1 41
3 4 1
22 1 19
18 2 30
3 2 41
69 2 30
3 2 30
11 1 43
22 2 20
44 1 9
37 1 21
51 1 21
14 1 43
30 1 20
21 1 5
30 1 19
70 2 20
9 2 10
5 2 3
18 1 16
14 1 1
19 1 29
1 1 4
54 1 23
14 1 3
21 1 3
4 2 3
3 5 1
54 1 69
1 2 41
41 1 11
3 1 38
75 1 19
13 1 1
51 2 75
23 1 19
61 1 19
19 1 3
21 1 1
75 1 21
30 1 21
51 1 19
19 1 1
34 1 3
11 1 3
10 1 1
3 2 43
3 2 37
28 1 26
44 1 18
1 2 4
50 2 30
44 1 8
1 2 43
54 1 50
21 2 19
39 1 1
21 1 4
11 1 13
3 2 5
10 1 3
3 1 37
3 2 28
4 2 42
38 1 19
1 1 38
3 1 4
21 1 32
34 1 33
1 2 18
38 1 21
48 1 19
12 1 14
69 1 51
30 1 54
23 1 20
29 1 28
1 4 3
? 1 github_java_program_data/31/408.java

70 1 69
48 2 61
13 2 1
3 1 5
1 1 3
50 1 61
16 1 11
69 1 75
14 1 10
39 1 8
1 2 5
48 1 21
23 1 70
37 1 19
38 2 37
23 1 44
16 2 17
3 2 38
19 1 42
10 2 1
3 1 1
13 2 3
12 2 54
1 1 37
3 2 4
69 1 41
70 1 30
21 1 4
1 2 37
5 2 1
56 1 19
11 1 1
1 5 3
44 1 18
39 1 3
50 1 48
3 4 1
41 2 48
30 1 12
43 1 21
41 1 14
3 2 5
17 1 14
1 2 38
8 2 3
3 5 1
41 2 51
13 1 3
40 1 39
21 1 1
50 2 23
44 1 30
50 1 41
19 1 4
19 1 5
41 1 21
30 1 54
18 2 30
69 2 30
11 1 43
44 1 9
38 1 19
37 2 38
14 1 43
21 1 5
44 1 10
9 2 10
3 1 4
14 1 1
54 1 23
10 2 3
14 1 3
4 2 1
21 1 3
30 1 56
4 2 3
12 1 11
3 2 41
41 1 11
3 1 38
75 1 19
13 1 1
51 2 75
61 1 19
19 1 3
44 1 1
39 1 23
38 1 21
3 2 23
19 1 1
5 2 3
11 1 3
10 1 1
2 2 39
3 2 43
3 2 37
2 1 1
1 2 4
11 1 41
1 2 43
54 1 50
56 6 44
18 1 17
11 1 13
10 1 3
40 1 2
3 1 37
54 2 56
51 1 21
1 1 38
18 1 16
21 1 32
1 2 18
43 1 19
20 1 21
69 1 51
23 1 20
1 4 3
? 1 github_java_program_data/31/412.java

70 1 69
48 2 61
13 2 1
1 1 3
50 1 61
16 1 11
43 1 19
69 1 75
14 1 10
39 1 8
1 2 5
44 1 3
30 1 15
23 1 70
37 1 19
23 1 44
61 1 21
30 1 73
16 2 17
19 1 42
72 1 23
1 1 37
13 2 3
3 1 1
12 2 15
50 2 30
3 2 4
1 2 23
69 1 41
70 1 30
54 1 30
21 1 4
1 2 37
5 2 1
73 1 72
5 2 32
41 1 19
50 1 48
18 2 30
15 1 11
41 2 48
30 1 12
43 1 21
41 1 14
56 6 44
8 2 1
1 4 3
10 2 3
17 1 14
1 2 38
1 5 3
11 2 14
53 1 52
3 5 1
41 2 51
13 1 3
40 1 39
20 1 19
50 2 23
44 1 30
14 2 11
50 1 41
19 1 4
19 1 5
41 1 21
3 4 1
30 1 54
52 1 23
48 2 72
69 2 30
11 1 43
44 1 9
37 1 21
38 1 19
37 2 38
14 1 43
21 1 5
44 1 10
48 1 21
9 2 10
5 2 3
51 2 75
11 1 3
54 1 23
3 2 18
1 1 4
14 1 3
21 1 3
50 1 51
4 2 3
12 1 11
3 2 41
41 1 11
3 1 38
75 1 19
13 1 1
15 2 54
61 1 19
19 1 3
21 1 1
39 1 23
19 1 1
11 1 1
30 1 53
10 1 1
3 2 43
3 2 37
30 1 56
44 1 18
1 2 4
73 1 48
1 2 43
54 1 50
48 2 52
51 2 61
39 1 1
18 1 17
4 2 32
11 1 13
3 2 5
4 2 1
3 1 37
54 2 56
51 1 21
1 1 38
18 1 16
21 1 32
48 1 19
38 1 21
53 1 48
12 1 14
11 1 41
69 1 51
56 1 21
23 1 20
23 1 54
? 1 github_java_program_data/31/46.java

69 1 43
39 1 30
25 1 16
3 1 5
25 2 30
19 1 32
23 1 84
15 1 11
45 1 3
17 1 11
73 2 12
3 5 1
25 1 17
73 1 76
1 2 5
48 1 21
1 7 3
38 2 37
33 1 26
13 2 1
61 1 21
30 1 73
16 2 17
30 1 22
55 2 79
5 2 29
15 2 70
3 1 33
50 2 23
3 2 25
3 2 4
50 1 75
69 2 30
43 2 51
54 1 30
22 2 15
79 1 48
4 2 1
54 2 22
90 1 30
3 7 1
45 1 18
44 1 18
4 2 42
26 1 21
1 4 3
43 1 21
3 2 38
55 1 30
45 1 1
43 2 48
3 4 1
26 1 3
29 2 4
1 1 5
27 1 21
53 1 52
20 2 22
21 1 34
19 1 34
13 1 3
34 1 1
20 1 19
23 1 56
9 2 8
50 1 41
1 2 43
19 1 5
41 1 21
10 2 3
22 1 19
52 1 23
1 2 33
23 1 90
3 2 30
11 1 43
44 1 9
23 1 22
14 1 43
68 1 19
21 1 5
44 1 10
11 1 68
45 1 23
21 1 29
7 1 3
23 1 73
8 2 10
14 1 1
30 1 53
19 1 29
45 1 9
58 6 45
40 1 6
27 1 1
21 1 3
30 1 44
43 1 14
12 1 11
30 1 58
23 1 71
41 1 11
3 1 38
75 1 19
13 1 1
90 2 22
15 2 54
51 2 61
34 2 5
19 1 3
16 1 14
44 1 25
8 2 3
6 1 3
30 1 45
19 1 1
23 1 79
58 1 19
89 1 18
84 1 23
3 2 43
29 1 1
19 1 4
3 2 37
7 2 6
5 2 3
83 1 30
15 2 20
50 2 30
50 1 43
23 1 15
3 2 33
58 6 44
54 1 50
48 2 52
22 2 56
3 1 28
72 2 76
52 2 57
69 2 23
3 2 5
30 2 89
70 1 23
14 1 68
12 2 15
18 1 16
21 1 32
34 1 33
12 2 20
1 2 49
27 2 26
53 1 48
3 2 49
45 1 10
44 1 30
56 1 21
1 2 38
10 2 1
30 1 70
70 1 69
72 2 57
42 2 4
4 2 5
33 1 27
43 1 11
6 2 7
1 1 3
1 1 33
16 1 11
15 1 14
14 1 10
15 2 12
51 2 52
44 1 3
30 1 15
37 1 19
21 1 42
90 1 89
5 2 42
70 2 22
19 1 42
12 2 53
44 1 8
72 1 23
3 1 1
72 1 30
40 1 7
29 1 3
12 2 54
1 1 37
29 1 33
11 1 10
28 1 27
3 2 68
69 1 41
45 1 30
37 2 38
1 2 37
26 1 1
23 1 12
79 2 20
73 1 72
5 2 32
41 1 19
39 1 3
1 2 18
50 1 48
26 2 27
1 2 28
48 2 30
4 2 29
21 1 1
12 2 84
30 1 12
44 2 45
4 2 34
17 1 14
22 1 21
73 1 51
26 1 19
12 2 22
9 2 10
45 1 8
40 1 39
48 2 75
90 1 83
89 1 23
18 2 23
84 1 83
14 1 41
1 1 28
30 1 54
15 2 73
13 2 3
49 1 19
53 1 51
20 2 58
45 1 13
23 2 83
37 1 21
51 1 21
11 1 49
1 2 41
73 2 20
76 1 23
54 2 15
83 1 25
54 1 23
3 2 18
1 1 4
14 1 3
50 1 51
4 2 3
8 2 13
57 1 23
23 1 55
54 1 69
54 2 20
3 2 41
55 1 48
39 1 8
34 2 4
44 1 23
18 2 30
5 2 1
70 1 50
57 1 30
38 1 21
14 1 13
89 2 83
73 1 57
51 1 19
11 1 1
34 1 3
11 1 3
10 1 1
30 1 20
79 1 30
1 5 3
6 2 39
34 1 28
56 6 44
28 1 26
1 2 4
11 1 41
6 1 1
53 1 57
68 1 21
45 2 44
17 2 16
22 2 70
49 1 21
21 1 4
14 1 49
4 2 32
11 1 13
10 1 3
3 1 37
3 2 28
1 2 68
53 2 54
1 1 38
3 1 4
27 1 3
50 1 61
15 2 55
43 1 19
29 1 28
20 1 21
12 1 14
84 2 12
23 1 54
51 2 72
23 1 20
27 1 19
5 2 34
? 1 github_java_program_data/31/513.java

20 1 21
69 1 48
48 2 61
25 1 16
3 1 5
25 2 30
19 1 32
15 1 11
45 1 3
45 1 1
3 5 1
25 1 17
38 2 37
1 2 5
48 1 21
33 1 26
13 2 1
61 1 21
30 1 73
16 2 17
30 1 22
26 2 27
1 2 18
15 2 70
50 2 23
3 2 25
3 2 4
43 2 51
54 1 30
50 1 61
5 2 1
30 1 78
3 7 1
34 1 3
44 1 18
17 2 16
5 2 42
26 1 21
69 1 75
41 2 48
43 1 21
15 2 12
3 2 38
17 1 11
43 2 48
3 4 1
39 1 3
23 1 53
1 2 38
1 1 5
52 1 30
27 1 21
53 1 52
20 2 22
21 1 34
70 1 69
13 1 3
34 1 1
21 1 1
23 1 56
9 2 8
50 1 41
22 2 73
19 1 5
41 1 21
22 1 19
52 1 23
1 2 33
11 1 43
44 1 9
23 1 22
14 1 43
30 1 20
21 1 5
44 1 10
70 2 20
45 1 23
21 1 29
19 1 34
8 2 10
14 1 1
19 1 29
45 1 9
10 2 3
3 2 41
21 1 3
30 1 56
43 1 14
12 1 11
41 1 11
3 1 38
75 1 19
13 1 1
15 2 54
61 1 19
19 1 3
44 2 45
39 1 23
3 2 23
19 1 1
30 1 53
1 2 25
2 2 39
23 1 73
3 2 43
29 1 1
3 2 37
5 2 3
2 1 1
51 2 52
50 1 43
23 1 15
1 2 43
54 1 50
48 2 52
51 2 61
53 2 12
18 1 17
15 2 73
3 2 5
23 1 21
70 1 23
51 1 21
12 2 15
18 1 16
21 1 32
34 1 33
48 1 19
12 2 20
53 1 48
11 1 41
69 1 51
56 1 21
10 2 1
23 1 54
69 1 43
33 1 27
43 1 11
1 1 3
3 2 33
16 1 11
15 1 14
14 1 10
19 2 21
23 1 45
43 1 19
44 1 3
30 1 15
23 1 70
37 1 19
21 1 42
20 2 56
23 1 44
20 1 19
19 1 42
12 2 53
44 1 8
72 1 23
3 1 1
72 1 30
13 2 3
29 1 3
1 1 37
58 1 19
11 1 10
28 1 27
69 1 41
70 1 30
56 6 45
1 2 37
23 1 12
73 1 72
5 2 32
41 1 19
19 1 23
50 1 48
1 2 28
54 2 20
4 2 29
44 1 13
30 1 12
41 1 14
5 2 34
9 2 13
17 1 14
22 1 21
73 1 51
26 1 19
40 1 39
48 2 75
44 1 30
45 1 30
19 1 4
14 1 41
54 2 56
27 2 26
30 1 54
69 2 30
53 1 51
45 1 13
37 1 21
37 2 38
56 1 19
23 1 58
48 2 72
4 2 42
54 2 15
54 1 23
3 2 18
1 1 4
25 2 23
34 2 5
14 1 3
50 1 51
4 2 3
8 2 13
54 1 69
1 2 41
8 2 3
39 1 8
51 2 75
23 1 19
4 2 1
70 1 50
44 1 1
75 1 21
14 1 13
51 1 19
11 1 1
27 1 19
11 1 3
16 1 14
1 5 3
56 6 44
28 1 26
1 2 4
73 1 48
30 1 70
45 2 44
21 2 19
22 2 70
1 7 3
21 1 4
45 1 25
4 2 32
11 1 13
10 1 3
40 1 2
3 1 37
3 2 28
38 1 19
1 1 38
3 1 4
18 2 30
53 2 22
29 2 5
38 1 21
10 1 1
12 1 14
1 4 3
51 2 72
23 1 20
29 1 28
? 1 github_java_program_data/31/524.java

69 1 43
39 1 30
13 2 1
3 1 5
50 1 61
69 1 75
3 2 5
53 1 48
41 1 11
1 2 5
48 1 21
33 1 26
61 1 21
3 2 28
32 2 5
50 2 23
3 2 4
43 2 51
14 2 11
54 1 30
19 1 32
5 2 1
54 2 22
70 1 50
34 1 3
44 1 18
42 2 5
41 2 48
43 1 21
5 2 4
1 4 3
10 2 3
43 2 48
22 1 21
8 2 3
1 1 5
27 1 21
53 1 52
20 2 22
21 1 34
70 1 69
13 1 3
34 1 1
21 1 1
9 2 8
50 1 41
1 2 43
41 1 21
22 1 19
52 1 23
1 2 33
3 2 30
11 1 43
44 1 9
23 1 22
14 1 43
19 1 1
21 1 5
44 1 10
70 2 20
21 1 29
19 1 34
14 1 1
19 1 29
21 1 3
30 1 44
43 1 14
12 1 11
1 2 115
4 2 5
3 1 38
75 1 19
13 1 1
61 1 19
19 1 3
30 1 22
3 4 1
30 1 20
3 5 1
3 2 43
29 1 1
3 2 37
5 2 3
2 1 1
22 2 54
50 2 30
50 1 43
23 1 15
3 2 33
54 1 50
48 2 52
51 2 61
53 2 12
69 2 23
20 2 12
70 2 22
30 1 70
70 1 23
51 1 21
12 2 15
4 2 42
21 1 32
34 1 33
48 1 19
12 2 20
2 2 6
32 2 4
3 7 1
6 1 1
69 1 48
42 2 4
33 1 27
43 1 11
1 1 3
16 1 11
15 1 14
14 1 10
44 1 3
8 2 10
23 1 70
37 1 19
21 1 42
5 2 42
20 2 70
20 1 19
19 1 42
10 2 1
3 1 1
13 2 3
29 1 3
12 2 54
1 1 37
13 1 115
28 1 27
69 1 41
6 2 39
1 2 37
23 1 12
5 2 32
41 1 19
39 1 3
1 7 3
1 2 28
54 2 20
4 2 29
41 1 14
5 2 34
23 1 53
26 1 19
10 1 3
41 2 51
40 1 39
48 2 75
19 1 4
18 2 23
14 1 41
28 1 26
69 2 30
37 1 21
37 2 38
22 2 20
1 1 38
18 1 16
3 2 18
1 1 4
14 1 3
22 2 53
11 2 14
4 2 3
40 1 6
54 1 69
1 2 41
39 1 8
44 1 23
4 2 1
70 2 15
38 1 21
75 1 21
15 2 20
51 1 19
11 1 1
11 1 3
10 1 1
1 5 3
50 1 51
1 2 4
11 1 41
44 1 8
22 2 70
21 1 4
4 2 32
11 1 13
19 1 5
40 1 2
3 1 37
38 1 19
26 1 21
3 1 4
23 1 20
43 1 19
29 1 28
20 1 21
12 1 14
23 1 54
3 2 41
27 1 19
? 1 github_java_program_data/31/533.java

39 1 30
48 2 61
25 1 16
3 1 5
19 1 32
69 1 75
3 2 5
3 5 1
25 1 17
13 1 1
1 2 5
48 1 21
33 1 26
13 2 1
23 1 73
16 2 17
3 2 38
30 1 22
26 2 27
1 2 18
38 1 21
63 2 77
3 2 25
3 2 4
14 2 11
54 1 30
50 1 61
65 1 3
54 2 22
31 1 23
3 7 1
34 1 3
44 1 18
17 2 16
26 1 21
15 1 11
14 1 8
41 2 48
43 1 21
2 1 1
5 2 4
8 2 1
1 4 3
10 2 3
32 2 4
3 4 1
7 2 6
23 1 53
8 2 3
64 1 63
52 1 30
27 1 21
53 1 52
20 2 22
21 1 34
19 1 34
13 1 3
1 1 5
21 1 1
23 1 56
64 2 30
50 1 41
1 2 43
19 1 5
41 1 21
20 2 53
22 1 19
1 2 33
11 1 43
58 1 21
23 1 22
14 1 43
19 1 1
21 1 5
45 1 23
21 1 29
7 1 3
51 2 75
8 2 10
14 1 1
19 1 29
45 1 9
24 1 18
21 1 3
30 1 44
64 1 77
12 1 11
34 1 1
6 2 7
66 1 3
41 1 11
3 1 38
45 1 3
45 1 65
15 2 54
61 1 19
19 1 3
2 2 6
5 2 42
6 1 3
30 1 45
30 1 20
7 1 1
30 1 73
3 2 43
29 1 1
3 2 37
11 1 8
5 2 3
28 1 26
50 2 30
23 1 15
24 1 8
54 1 50
48 2 52
51 2 61
1 5 3
53 2 12
18 1 17
69 2 23
1 7 3
4 2 1
70 1 23
51 1 21
12 2 15
18 1 16
21 1 32
34 1 33
53 1 48
45 1 10
11 1 41
69 1 51
1 2 38
77 1 1
6 1 1
70 1 69
1 2 25
33 1 27
31 1 25
1 1 3
3 2 33
16 1 11
15 1 14
31 2 44
14 1 10
15 2 12
24 2 31
51 2 52
24 1 23
44 1 3
30 1 15
37 1 19
21 1 42
63 1 3
15 2 22
30 1 31
20 1 19
19 1 42
44 1 8
72 1 23
3 1 1
11 1 9
29 1 3
1 1 37
11 1 10
28 1 27
69 1 41
10 2 1
12 2 24
1 2 37
23 1 12
14 1 9
73 1 72
5 2 32
31 1 9
73 2 15
50 1 48
1 2 28
45 1 25
4 2 29
44 1 13
30 1 12
41 1 14
4 2 34
9 2 13
17 1 14
20 2 15
22 1 21
73 2 70
73 1 51
26 1 19
11 2 14
12 2 22
9 2 10
41 2 51
40 1 39
44 1 30
19 1 4
18 2 23
14 1 41
27 2 26
1 2 41
1 2 64
13 2 3
53 1 51
45 1 13
37 1 21
30 1 24
37 2 38
22 2 20
66 2 8
40 1 7
48 2 72
4 2 42
3 2 18
1 1 4
25 2 23
14 1 3
50 1 51
4 2 3
8 2 13
40 1 6
3 2 41
65 2 9
39 1 8
58 6 44
53 2 56
5 2 1
44 1 1
75 1 21
14 1 13
5 2 29
51 1 19
11 1 1
27 1 19
11 1 3
10 1 1
24 1 3
6 2 39
5 2 34
30 1 58
41 1 19
1 2 4
73 1 48
30 1 70
15 2 53
45 2 44
31 1 1
39 1 64
39 1 1
21 1 4
44 1 66
4 2 32
11 1 13
10 1 3
40 1 2
3 1 37
3 2 28
38 1 19
1 1 38
3 1 4
18 2 30
44 2 45
43 1 19
9 2 1
20 1 21
12 1 14
23 1 54
51 2 72
23 1 20
29 1 28
? 1 github_java_program_data/31/555.java

39 1 28
70 1 69
48 2 61
13 2 1
3 1 5
9 2 3
3 1 38
19 1 32
69 1 75
75 1 19
3 2 5
3 5 1
13 1 1
1 2 5
42 2 5
48 1 21
33 1 26
61 1 21
23 1 73
30 1 22
21 1 1
32 2 5
67 1 8
15 2 70
38 1 21
50 2 23
3 2 4
43 2 51
10 1 9
50 1 61
5 2 1
54 2 22
28 2 23
70 1 50
45 1 18
26 1 21
15 1 11
41 2 48
43 1 21
3 2 38
8 2 1
45 1 8
43 2 48
3 4 1
28 1 26
1 2 38
1 1 5
52 1 30
27 1 21
53 1 52
20 2 22
21 1 34
19 1 34
13 1 3
34 1 1
20 1 19
9 2 8
50 1 41
19 1 5
41 1 21
22 1 19
1 2 33
3 2 30
11 1 43
44 1 9
23 1 22
14 1 43
21 1 5
45 1 23
21 1 29
51 2 75
8 2 10
14 1 1
19 1 29
45 1 9
58 6 45
10 2 3
3 2 41
21 1 3
30 1 56
18 2 23
43 1 14
12 1 11
41 1 11
64 1 3
45 1 3
40 1 7
61 1 19
19 1 3
44 1 25
39 1 23
30 1 45
19 1 1
30 1 53
7 1 1
3 2 43
29 1 1
3 2 37
5 2 3
2 1 1
20 2 70
50 2 30
50 1 43
23 1 15
1 2 43
54 1 50
51 2 61
69 2 23
67 1 3
30 1 70
70 1 23
51 1 21
12 2 15
18 1 16
21 1 32
34 1 33
12 2 20
2 2 6
48 1 19
20 2 54
45 1 10
12 2 22
69 1 51
3 7 1
23 1 54
69 1 43
1 2 25
33 1 27
43 1 11
6 2 7
1 1 3
3 2 33
16 1 11
15 1 14
14 1 10
15 2 12
51 2 52
30 1 15
23 1 70
37 1 19
21 1 42
34 2 5
23 1 44
22 2 54
19 1 42
12 2 53
10 2 1
3 1 1
72 1 30
13 2 3
29 1 3
1 1 37
29 1 33
11 1 10
28 1 27
5 2 4
69 1 41
70 1 30
25 2 30
13 1 8
23 1 12
44 1 65
73 1 72
5 2 32
41 1 19
50 1 48
1 2 28
54 2 20
4 2 29
44 1 13
30 1 12
4 2 32
41 1 14
4 2 34
9 2 13
20 2 15
22 1 21
73 1 51
26 1 19
41 2 51
48 2 75
44 1 30
19 1 4
14 1 41
30 1 54
69 2 30
53 1 51
29 2 4
22 2 58
37 1 21
22 2 20
4 2 42
1 2 37
54 1 23
3 2 18
1 1 4
65 1 1
14 1 3
50 1 51
4 2 3
40 1 67
40 1 6
54 1 69
5 2 39
1 2 41
65 2 9
8 2 3
4 2 1
44 1 1
75 1 21
14 1 13
69 1 48
51 1 19
11 1 1
34 1 3
11 1 3
20 1 21
21 1 39
1 5 3
34 1 28
30 1 58
7 2 67
1 2 4
11 1 41
6 1 1
67 1 30
22 2 70
70 2 12
39 1 64
1 7 3
21 1 4
10 1 8
11 1 13
10 1 3
40 1 2
3 1 37
3 2 28
38 1 19
1 1 38
3 1 4
53 2 22
29 2 5
43 1 19
29 1 28
10 1 1
64 2 28
12 1 14
1 4 3
51 2 72
23 1 20
27 1 19
5 2 34
? 1 github_java_program_data/31/77.java

69 1 43
70 1 69
48 2 61
13 2 1
43 1 11
1 1 3
19 1 32
16 1 11
69 1 75
14 1 10
15 2 12
13 1 1
1 2 5
44 1 3
30 1 15
23 1 70
37 1 19
21 1 42
23 1 44
5 2 1
19 1 42
1 2 28
1 1 37
13 2 3
3 1 1
12 2 15
3 2 4
43 2 51
70 1 30
50 1 61
1 2 37
4 2 1
38 2 37
11 1 1
1 5 3
44 1 18
39 1 3
50 1 48
42 2 5
15 1 11
30 1 12
43 1 21
2 1 1
3 2 38
10 2 3
43 2 48
3 4 1
22 1 21
1 2 38
1 1 5
26 1 19
8 2 3
20 2 22
13 1 3
40 1 39
21 1 1
50 2 23
44 1 30
9 2 8
3 5 1
19 1 4
19 1 5
41 1 21
30 1 54
18 2 30
69 2 30
11 1 43
44 1 9
37 1 21
23 1 22
1 2 41
21 1 5
44 1 10
48 1 21
21 1 29
4 2 42
8 2 10
54 1 23
3 2 18
1 1 4
14 1 3
21 1 3
4 2 3
43 1 14
3 2 41
3 1 38
51 2 75
39 1 8
15 2 54
61 1 19
19 1 3
32 2 4
75 1 21
39 1 23
51 1 19
3 2 23
19 1 1
5 2 3
11 1 3
10 1 1
2 2 39
3 2 43
29 1 1
28 1 26
41 1 19
1 2 4
11 1 41
44 1 8
1 2 43
54 1 50
14 1 41
21 1 4
11 1 13
3 2 5
40 1 2
3 1 37
38 1 19
1 1 38
18 1 16
21 1 32
38 1 21
20 1 21
12 1 14
69 1 51
1 4 3
23 1 20
29 1 28
50 1 43
? 1 github_java_program_data/31/82.java

20 1 21
69 1 48
34 1 3
39 1 30
48 2 61
25 1 16
3 1 5
9 2 3
25 2 30
50 1 61
3 2 43
15 1 11
87 1 26
17 1 11
54 2 12
3 5 1
25 1 17
45 1 65
1 2 5
42 2 5
48 1 21
1 7 3
33 1 26
13 2 1
61 1 21
30 1 73
45 1 18
30 1 22
26 2 27
32 2 5
67 1 8
12 2 70
38 1 21
23 1 74
19 1 97
50 2 23
3 2 4
8 2 1
50 1 75
10 1 9
43 2 51
54 1 30
2 2 67
19 1 32
4 2 1
54 2 22
70 1 50
11 1 1
12 2 54
44 1 18
17 2 16
26 1 21
69 1 75
14 1 8
41 2 48
43 1 21
24 1 30
3 2 38
97 1 51
53 2 20
45 1 1
43 2 48
1 2 49
23 1 53
70 2 54
29 2 4
1 1 5
52 1 30
27 1 21
53 1 52
20 2 22
21 1 34
19 1 34
13 1 3
34 1 1
20 1 19
23 1 56
9 2 8
50 1 41
1 2 43
19 1 5
41 1 21
3 4 1
22 1 19
52 1 23
1 2 33
11 1 43
44 1 9
23 1 22
14 1 43
30 1 20
21 1 5
70 2 20
45 1 23
21 1 29
51 2 75
8 2 10
110 1 72
19 1 29
45 1 9
10 2 3
3 2 41
21 1 3
30 1 71
39 1 9
43 1 14
12 1 11
41 1 11
3 1 38
21 1 1
13 1 1
15 2 54
61 1 19
19 1 3
16 1 14
5 2 42
30 1 45
72 1 19
19 1 1
30 1 53
1 2 25
64 1 63
29 1 1
110 1 48
16 2 17
5 2 3
76 1 19
51 2 52
50 1 43
23 1 15
24 1 8
54 1 50
48 2 52
51 2 61
44 2 39
18 1 17
72 2 76
69 2 23
3 2 5
30 1 70
70 1 23
51 1 21
12 2 15
18 1 16
21 1 32
34 1 33
1 2 23
12 2 20
3 2 37
2 1 3
53 1 48
45 1 10
50 2 30
69 1 51
1 2 38
1 2 18
23 1 54
69 1 43
72 2 57
42 2 4
27 2 26
33 1 27
43 1 11
1 1 3
12 2 44
3 2 33
16 1 11
15 1 14
14 1 10
110 1 76
15 2 12
43 1 19
30 1 15
23 1 70
24 1 25
21 1 42
34 2 5
20 2 56
23 1 44
19 1 42
10 2 1
1 1 37
11 1 9
29 1 3
73 1 52
3 1 1
24 2 45
11 1 10
28 1 27
5 2 4
69 1 41
73 2 15
70 1 30
75 1 19
12 2 24
1 2 37
23 1 12
3 7 1
1 5 3
41 1 19
39 1 3
97 1 57
50 1 48
1 2 28
4 2 29
44 1 13
21 1 110
30 1 12
8 2 9
41 1 14
4 2 34
9 2 13
17 1 14
64 2 30
63 1 1
73 1 51
26 1 19
9 2 10
41 2 51
53 2 15
3 2 64
48 2 75
67 1 23
19 1 4
18 2 23
14 1 41
23 1 60
30 1 54
13 2 3
69 2 30
53 1 51
37 1 21
30 1 24
23 1 39
56 1 19
72 1 21
22 2 20
97 1 72
14 1 1
48 2 72
4 2 42
54 2 15
54 1 23
1 1 4
65 1 1
14 1 3
24 1 1
50 1 51
4 2 3
22 1 21
54 1 69
1 2 41
65 2 9
39 1 8
57 1 21
44 1 23
5 2 1
44 1 1
75 1 21
14 1 13
51 1 19
27 1 19
11 1 3
48 1 19
5 2 34
56 6 44
28 1 26
18 2 87
1 2 4
15 2 70
11 1 41
44 1 8
3 2 28
67 1 1
40 1 67
39 1 64
49 1 21
21 1 4
14 1 49
4 2 32
11 1 13
10 1 3
40 1 2
3 1 37
60 1 19
44 1 87
38 1 19
1 1 38
3 1 4
11 1 8
5 2 29
10 1 1
87 2 23
12 1 14
1 4 3
51 2 72
23 1 20
29 1 28
? 1 github_java_program_data/31/86.java

20 1 21
39 1 30
64 1 98
25 1 16
3 1 5
9 2 3
25 2 30
40 1 7
19 1 32
3 2 43
15 1 11
87 1 26
17 1 11
80 1 77
3 5 1
25 1 17
13 1 1
1 2 5
48 1 21
51 2 23
25 2 87
33 1 26
13 2 1
23 1 73
16 2 17
30 1 22
26 2 27
67 1 8
15 2 55
3 1 33
19 1 97
50 2 23
3 2 25
3 2 4
65 2 8
22 2 73
10 1 9
67 1 9
65 1 3
110 1 57
13 1 9
34 1 3
12 2 54
44 1 18
17 2 16
5 2 42
26 1 21
88 2 23
14 1 8
44 1 1
43 1 21
15 2 12
9 2 1
55 2 22
1 7 3
8 2 1
45 1 1
3 4 1
7 2 6
63 1 1
26 1 3
1 2 38
1 1 5
52 1 30
27 1 21
53 1 52
20 2 22
21 1 34
19 1 34
13 1 3
34 1 1
20 1 19
23 1 56
9 2 8
50 1 41
1 2 43
19 1 5
41 1 21
67 1 64
76 1 21
22 1 19
110 1 51
1 2 33
57 1 30
11 1 43
44 1 9
58 1 21
23 1 22
14 1 43
30 1 20
21 1 5
44 1 10
45 1 23
21 1 29
7 1 3
64 2 23
8 2 10
110 1 72
45 2 39
19 1 29
45 1 9
58 6 45
10 2 3
1 2 25
4 2 1
21 1 3
30 1 56
30 1 44
88 1 27
39 1 80
66 1 3
30 1 55
3 1 38
45 1 3
45 1 65
66 1 1
34 2 5
19 1 3
80 2 23
39 1 23
96 2 77
6 1 3
30 1 45
4 2 3
19 1 1
30 1 53
7 1 1
64 1 63
29 1 1
22 2 12
11 1 8
5 2 3
2 2 6
23 1 15
3 2 33
54 1 50
48 2 52
3 1 28
87 2 30
63 2 98
18 1 17
96 1 3
3 2 5
88 1 26
51 1 21
66 2 8
18 1 16
21 1 32
34 1 33
48 1 19
12 2 20
1 2 49
2 1 3
53 1 48
45 1 10
67 1 1
56 1 21
1 2 18
19 1 110
44 1 8
4 2 5
27 2 26
33 1 27
6 2 7
1 1 3
12 2 44
5 2 29
16 1 11
15 1 14
14 1 10
77 1 3
29 2 4
44 1 3
30 1 15
39 1 9
21 1 42
63 1 3
23 1 44
19 1 42
12 2 53
10 2 1
72 1 23
11 1 9
29 1 3
72 1 21
3 1 1
29 1 33
11 1 10
28 1 27
53 2 15
45 1 30
52 2 76
97 1 48
6 2 39
1 2 37
26 1 1
23 1 12
5 2 34
73 1 72
1 5 3
41 1 19
39 1 3
39 1 1
1 2 28
45 1 25
4 2 29
44 1 13
72 2 57
30 1 12
8 2 9
23 1 45
41 1 14
4 2 34
11 1 13
9 2 13
97 1 76
17 1 14
64 2 30
23 1 53
80 1 96
73 1 51
26 1 19
9 2 10
45 1 8
18 2 88
40 1 39
3 2 64
30 1 39
44 1 30
67 1 23
10 1 1
19 1 4
18 2 23
14 1 41
1 1 28
30 1 54
1 2 64
13 2 3
49 1 19
45 1 13
22 2 58
1 2 41
56 1 19
73 2 58
22 2 20
12 2 15
14 1 1
23 1 58
52 1 21
54 1 23
3 2 18
1 1 4
65 1 1
14 1 3
30 1 58
3 1 37
8 2 13
22 1 21
40 1 6
88 2 30
98 1 3
65 2 9
8 2 3
39 1 8
57 1 21
34 2 4
44 1 23
18 2 30
5 2 1
3 2 41
21 1 1
14 1 13
15 2 20
73 1 57
11 1 1
11 1 3
27 1 1
44 1 88
34 1 28
56 6 44
28 1 26
18 2 87
39 2 67
1 2 4
45 1 88
11 1 41
6 1 1
45 2 44
25 2 88
97 1 52
39 1 64
1 2 80
21 1 4
44 1 66
4 2 32
12 1 11
10 1 3
40 1 2
14 1 49
3 2 28
44 1 87
3 1 4
23 1 20
55 1 51
44 2 45
43 1 19
29 1 28
16 1 14
87 2 23
12 1 14
55 1 23
30 1 67
1 4 3
51 2 72
27 1 3
27 1 19
45 1 87
? 1 github_java_program_data/31/93.java

