3 2 28
3 1 1
69 1 51
53 1 52
70 1 69
14 1 10
3 2 33
30 1 53
22 1 21
15 2 12
40 1 39
43 1 14
12 1 11
13 2 1
3 2 49
25 1 17
15 2 20
51 1 19
11 1 3
14 1 49
30 1 56
23 1 21
44 1 10
20 1 19
69 1 41
41 2 48
33 1 26
49 1 19
20 2 53
43 2 51
28 1 26
54 1 50
8 2 3
13 2 3
15 1 14
13 1 3
12 1 14
11 1 13
48 2 61
33 1 27
40 1 6
3 2 25
41 2 51
70 1 23
14 1 1
54 1 69
45 1 13
2 2 6
23 1 70
1 1 4
73 1 48
11 1 10
30 1 20
18 2 30
44 1 9
50 1 48
25 1 16
39 1 8
1 4 3
3 2 23
30 1 70
23 1 44
40 1 2
22 2 54
42 2 4
26 1 21
22 2 73
73 1 72
39 1 3
19 1 1
12 2 15
25 2 30
70 2 22
21 1 29
44 1 3
23 1 19
30 1 12
1 2 38
73 1 51
6 1 1
5 2 3
14 1 41
3 2 4
1 2 37
17 1 11
10 1 1
22 1 19
4 2 1
1 2 28
16 2 17
18 1 17
12 2 53
51 2 61
45 2 44
22 2 56
1 2 43
1 2 41
44 1 18
44 1 30
18 2 23
56 1 19
21 1 34
44 1 23
34 1 33
2 1 1
69 1 75
20 2 58
8 2 13
19 1 42
1 2 5
3 2 18
5 2 32
1 1 37
38 1 19
29 2 5
5 2 1
26 2 27
23 1 22
48 2 52
17 1 14
61 1 21
1 2 4
34 1 3
48 2 72
13 1 1
1 1 38
50 2 23
48 1 19
10 2 3
69 2 30
1 5 3
21 1 5
53 1 48
23 1 12
1 1 3
54 1 30
4 2 3
51 2 75
75 1 19
19 1 4
27 1 19
41 1 19
41 1 14
50 1 43
41 1 21
37 1 21
56 6 45
38 1 21
51 2 72
23 1 58
9 2 8
43 1 19
1 1 5
19 1 3
53 2 70
3 1 37
50 1 61
14 2 11
21 2 19
5 2 42
3 2 43
29 1 28
45 1 30
3 1 38
3 2 37
17 2 16
23 1 20
45 1 8
30 1 22
10 2 1
44 2 45
3 2 38
4 2 42
18 1 16
19 1 23
29 1 3
19 2 21
19 1 32
3 4 1
39 1 23
4 2 29
50 1 41
37 1 19
19 1 5
19 1 29
61 1 19
11 1 43
52 1 23
54 2 20
16 1 11
14 1 43
70 1 50
27 2 26
10 1 3
72 1 30
1 7 3
23 1 73
23 1 45
5 2 4
73 2 12
30 1 73
29 1 1
70 2 54
30 1 15
58 1 21
23 1 54
15 1 11
12 2 20
69 2 23
69 1 43
41 1 11
69 1 61
14 1 13
45 1 25
11 1 1
21 1 4
3 2 41
34 1 1
51 1 21
21 1 3
9 2 10
1 2 33
6 2 39
20 2 70
4 2 32
11 1 41
14 1 3
21 1 1
50 2 30
23 1 15
43 1 21
3 7 1
3 2 5
20 1 21
45 1 3
21 1 42
44 1 8
21 1 32
3 5 1
5 2 34
8 2 10
? 1 github_java_program_data/37/136.java

3 2 28
3 1 1
69 1 51
5 2 1
26 2 27
14 1 10
23 1 22
17 1 14
38 1 19
22 1 21
1 2 4
4 2 3
40 1 39
8 2 10
13 1 1
1 1 38
13 2 1
1 2 33
10 2 3
25 1 17
1 5 3
21 1 5
15 2 20
23 1 12
1 1 3
39 1 1
11 1 3
19 2 21
75 1 19
44 1 10
19 1 4
1 2 43
41 1 19
13 1 3
10 2 1
33 1 26
41 1 21
70 2 20
38 1 21
1 2 41
54 2 22
43 2 51
50 1 41
9 2 8
13 2 3
30 1 15
43 1 19
1 1 5
15 1 14
30 1 54
3 1 37
11 1 13
48 2 61
4 2 42
21 2 19
33 1 27
3 2 43
3 2 5
44 2 45
29 1 28
4 2 34
3 2 37
54 1 23
45 1 3
43 1 11
26 1 21
3 1 38
1 4 3
54 1 69
1 2 5
23 1 70
3 2 25
1 1 4
20 1 19
17 2 16
23 1 20
11 1 10
30 1 20
30 1 22
50 1 61
50 1 48
25 1 16
28 1 26
18 1 16
1 2 37
29 1 3
19 1 32
3 4 1
3 7 1
18 2 30
1 2 30
15 2 54
1 1 37
37 1 19
19 1 5
19 1 29
61 1 19
11 1 43
41 2 48
16 1 11
45 1 23
14 1 43
19 1 1
51 2 75
70 1 50
44 1 9
12 2 15
3 2 38
1 2 38
21 1 29
23 1 19
30 1 12
12 2 22
28 1 27
69 2 23
70 1 30
39 1 30
29 1 1
5 2 3
14 1 41
19 1 3
1 2 18
3 2 4
15 1 11
44 1 1
45 1 8
21 1 42
69 1 43
45 1 9
10 1 1
41 1 11
14 1 13
4 2 1
12 1 14
44 1 18
25 2 23
21 1 23
11 1 1
21 1 4
3 2 41
34 1 1
51 1 21
21 1 3
39 1 8
45 1 10
10 1 3
30 1 45
27 1 19
11 1 41
14 1 3
45 1 25
23 1 21
44 1 30
21 1 1
50 2 30
43 1 21
1 2 28
21 1 34
20 1 21
8 2 1
14 1 1
34 1 33
69 1 75
44 1 8
30 1 44
19 1 42
5 2 42
3 5 1
3 1 5
22 2 70
48 1 21
? 1 github_java_program_data/37/14.java

3 2 28
3 1 1
69 1 51
70 1 69
14 1 10
3 2 33
53 1 51
22 1 21
15 2 12
40 1 39
43 1 14
13 2 1
25 1 17
51 1 19
25 2 23
70 2 56
11 1 3
20 2 22
23 1 22
28 1 27
69 1 41
41 2 48
33 1 26
43 2 51
3 2 37
54 1 50
8 2 3
13 2 3
5 2 29
15 1 14
13 1 3
12 1 14
54 1 23
23 1 53
58 6 44
33 1 27
53 1 52
4 2 34
41 2 51
70 1 23
14 1 1
3 2 30
19 1 34
54 1 69
45 1 13
23 1 70
1 1 4
20 1 19
12 2 70
11 1 10
3 2 18
48 2 75
44 1 9
30 1 54
25 1 16
39 1 8
1 4 3
30 1 70
40 1 2
15 2 54
19 1 1
26 1 21
56 6 44
73 1 72
39 1 3
22 1 19
70 1 30
12 2 15
3 2 38
21 1 29
5 2 32
45 1 1
70 2 58
1 2 38
1 2 25
73 1 51
5 2 3
14 1 41
53 2 12
3 2 4
1 2 37
17 1 11
10 1 1
4 2 1
1 2 28
50 1 48
30 1 21
18 1 17
54 2 58
26 1 19
4 2 42
1 2 43
1 2 41
44 1 18
18 1 16
69 1 48
2 2 39
18 2 23
56 1 19
21 1 34
3 2 41
39 1 30
44 1 23
34 1 33
23 1 54
69 1 75
30 1 44
9 2 10
1 2 5
52 1 30
1 1 37
38 1 19
5 2 1
26 2 27
8 2 9
44 1 10
45 1 23
44 1 13
61 1 21
1 2 4
34 1 3
13 1 1
1 1 38
50 2 23
48 1 19
10 2 3
69 2 30
51 2 52
1 5 3
21 1 5
23 1 12
1 1 3
54 1 30
4 2 3
72 1 23
75 1 21
19 1 4
27 1 19
41 1 19
41 1 14
50 1 43
23 1 56
41 1 21
37 1 21
16 1 14
38 1 21
51 2 72
23 1 58
43 1 19
1 1 5
19 1 3
3 1 37
50 1 61
21 2 19
5 2 42
3 2 43
29 1 28
43 1 11
3 1 38
43 2 48
9 2 13
23 1 20
45 1 8
30 1 22
10 2 1
44 2 45
45 1 9
28 1 26
30 1 56
29 1 3
15 2 73
19 1 32
3 4 1
19 2 21
56 1 21
4 2 29
50 1 41
37 1 19
19 1 5
34 1 1
61 1 19
11 1 43
16 1 11
14 1 43
51 2 75
70 1 50
45 2 44
10 1 3
58 1 19
1 7 3
3 1 5
30 1 73
19 1 30
30 1 15
58 1 21
2 1 1
15 1 11
3 1 4
12 2 20
69 2 23
69 1 43
41 1 11
44 1 3
14 1 13
27 1 21
8 2 13
11 1 13
11 1 1
21 1 4
30 1 19
19 1 29
48 2 61
21 1 3
1 2 33
30 1 45
4 2 32
11 1 41
14 1 3
45 1 25
16 2 17
21 1 1
50 2 30
23 1 15
43 1 21
3 7 1
3 2 5
20 1 21
29 1 1
21 1 42
19 1 42
21 1 32
3 5 1
5 2 34
58 6 45
48 1 21
? 1 github_java_program_data/37/142.java

3 2 28
3 1 1
69 1 51
14 1 10
3 2 33
1 7 3
40 1 39
43 1 14
13 2 1
25 1 17
70 2 20
51 1 19
25 2 23
23 1 21
23 1 22
28 1 27
10 2 1
33 1 26
20 2 56
43 2 51
3 2 37
8 2 3
13 2 3
5 2 29
15 1 14
30 1 54
12 1 14
11 1 13
48 2 61
33 1 27
40 1 6
28 1 26
3 2 30
54 1 69
19 1 34
45 1 13
2 2 6
23 1 70
1 1 4
11 1 10
30 1 20
18 2 30
44 1 9
50 1 48
39 1 8
1 4 3
40 1 2
19 1 1
26 1 21
3 4 1
39 1 3
22 1 19
70 1 30
21 1 29
5 2 32
23 1 19
30 1 12
1 2 38
43 2 48
6 1 1
5 2 3
14 1 41
3 2 4
1 2 37
10 1 1
4 2 1
1 2 28
45 1 9
26 2 27
9 2 8
1 2 41
44 1 18
44 1 30
15 2 70
39 1 30
34 1 33
2 1 1
19 1 32
8 2 13
1 2 5
38 1 19
5 2 1
26 1 19
44 1 10
45 1 23
1 2 4
34 1 3
13 1 1
1 1 38
10 2 3
1 5 3
21 1 5
17 1 11
1 1 3
4 2 3
19 2 21
75 1 21
19 1 4
27 1 19
41 1 19
13 1 3
50 1 43
23 1 56
41 1 21
37 1 21
56 6 45
38 1 21
1 1 37
3 2 18
1 1 5
19 1 3
3 1 37
50 1 61
21 2 19
3 2 25
3 2 43
29 1 28
43 1 11
3 1 38
11 1 1
23 1 20
45 1 8
44 2 45
3 2 38
18 1 16
19 1 23
29 1 3
6 2 39
3 7 1
56 1 21
69 1 75
37 1 19
19 1 5
19 1 29
61 1 19
16 1 11
14 1 43
51 2 75
70 1 50
1 2 33
21 1 34
8 2 10
29 1 1
3 1 4
12 2 20
69 2 23
69 1 43
44 1 8
44 1 3
14 1 13
27 1 21
30 1 44
54 1 23
21 1 4
3 2 41
34 1 1
21 1 3
10 1 3
30 1 45
4 2 32
11 1 41
14 1 3
45 1 25
21 1 1
50 2 30
23 1 15
43 1 21
3 2 5
20 1 21
45 1 3
21 1 42
19 1 42
3 5 1
3 1 5
48 1 21
? 1 github_java_program_data/37/152.java

3 2 28
3 1 1
69 1 51
2 2 6
53 1 52
20 2 22
14 1 10
3 2 33
30 1 53
53 1 51
22 1 21
15 2 12
61 1 4
43 1 14
12 1 11
13 2 1
25 1 17
6 2 39
51 1 19
25 2 23
11 1 3
23 1 22
20 1 19
18 2 30
15 2 22
69 1 41
10 2 1
33 1 26
51 2 30
3 7 1
3 2 37
8 2 3
13 2 3
22 2 70
15 1 14
13 1 3
27 1 21
54 1 23
23 1 53
33 1 27
40 1 6
41 2 51
53 2 73
70 1 23
28 1 26
3 2 30
19 1 34
54 1 69
45 1 13
55 1 30
16 2 17
1 1 4
73 1 48
11 1 10
30 1 20
40 1 39
44 1 9
30 1 54
25 1 16
39 1 8
30 1 70
40 1 2
22 2 54
26 1 21
55 1 51
12 2 54
73 1 72
39 1 3
19 1 1
12 2 15
3 2 38
21 1 29
5 2 32
22 2 20
51 2 52
30 1 12
1 2 38
73 1 51
6 1 1
5 2 3
14 1 41
3 2 4
55 2 22
1 2 37
23 1 12
10 1 1
4 2 1
1 2 28
50 1 48
54 2 20
12 2 53
26 1 19
45 2 44
22 2 56
1 2 43
1 2 41
44 1 18
44 1 30
18 2 23
56 1 19
21 1 34
39 1 30
75 1 21
44 1 23
34 1 33
23 1 54
69 1 75
30 1 44
19 1 42
1 2 5
3 2 18
38 1 19
5 2 1
26 2 27
44 1 10
48 2 52
45 1 23
61 1 21
1 2 4
34 1 3
48 2 72
13 1 1
1 1 38
50 2 23
48 1 19
10 2 3
12 2 55
48 2 61
1 5 3
21 1 5
53 1 48
17 1 11
1 1 3
54 1 30
4 2 3
51 2 75
30 1 58
19 1 4
27 1 19
41 1 19
41 1 14
50 1 43
23 1 56
41 1 21
37 1 21
16 1 14
38 1 21
51 2 72
50 1 41
9 2 8
54 1 50
1 1 5
22 1 19
1 2 33
3 1 37
50 1 61
3 2 25
3 2 43
56 6 45
29 1 28
28 1 27
43 1 11
11 2 14
3 1 38
43 2 48
69 2 30
17 2 16
23 1 20
45 1 8
30 1 22
44 2 45
45 1 9
4 2 42
18 1 16
29 1 3
19 1 32
3 4 1
5 2 42
4 2 29
1 1 37
37 1 19
19 1 5
19 1 29
61 1 19
11 1 43
52 1 23
4 2 21
16 1 11
14 1 43
70 1 50
27 2 26
41 2 48
8 2 10
10 1 3
58 1 19
72 1 30
1 7 3
3 1 5
43 1 19
73 2 12
29 1 1
30 1 15
19 1 3
2 1 1
15 1 11
3 1 4
12 2 20
1 4 3
44 1 8
44 1 3
14 1 13
12 1 14
8 2 13
53 2 22
11 1 13
11 1 1
21 1 4
3 2 41
34 1 1
51 1 21
21 1 3
14 1 1
30 1 45
4 2 32
11 1 41
14 1 3
45 1 25
21 1 1
23 1 15
43 1 21
3 2 5
20 1 21
19 2 4
54 2 15
45 1 3
21 1 42
41 1 11
21 1 32
23 1 55
3 5 1
23 1 73
48 1 21
? 1 github_java_program_data/37/20.java

3 2 28
3 1 1
69 1 51
53 1 52
70 1 69
14 1 10
18 2 23
3 2 33
30 1 53
53 1 51
22 1 21
40 1 39
12 1 11
13 2 1
25 1 17
70 2 20
20 2 12
2 1 3
34 1 28
11 1 3
20 2 22
23 1 22
20 1 19
10 2 1
33 1 26
20 2 56
43 2 51
28 1 26
13 2 3
5 2 29
15 1 14
13 1 3
27 1 21
11 1 13
23 1 53
58 6 44
33 1 27
40 1 6
4 2 34
61 1 21
53 2 73
70 1 23
14 1 1
73 2 20
19 1 34
45 1 13
2 2 6
1 1 4
73 1 48
11 1 10
30 1 20
44 1 9
25 1 16
39 1 8
1 4 3
30 1 70
23 1 44
40 1 2
19 1 1
42 2 4
26 1 21
12 2 54
73 1 72
15 2 70
22 1 19
27 1 3
4 2 5
21 1 29
5 2 32
40 1 7
45 1 1
28 1 27
1 2 25
21 1 32
5 2 3
1 2 18
3 2 4
44 1 1
1 2 37
51 1 19
10 1 1
4 2 1
1 2 28
3 2 38
50 1 51
18 1 17
3 1 33
54 2 58
26 1 19
1 2 43
26 2 27
44 1 18
18 1 16
39 1 1
56 1 19
21 1 34
26 1 1
44 1 23
34 1 1
23 1 54
69 1 75
8 2 13
9 2 10
1 2 5
38 1 19
5 2 1
53 2 20
32 2 5
44 1 10
48 2 52
17 1 14
41 2 51
1 2 4
34 1 3
48 2 72
13 1 1
1 1 38
48 1 19
10 2 3
51 2 52
21 1 5
53 1 48
23 1 12
1 1 3
54 1 30
4 2 3
51 2 75
30 1 58
75 1 19
19 1 4
27 1 19
41 1 19
41 1 14
23 1 56
56 6 45
38 1 21
50 1 41
20 2 15
54 1 50
1 1 5
19 1 3
3 1 37
50 1 61
5 2 42
29 1 28
43 1 11
45 1 30
3 1 38
1 2 23
17 2 16
23 1 20
45 1 8
30 1 22
44 2 45
16 2 17
4 2 42
30 1 56
29 1 3
19 1 32
3 4 1
39 1 23
56 1 21
4 2 29
23 1 58
19 1 5
7 1 3
52 1 23
16 1 11
14 1 43
7 2 39
27 2 26
1 2 38
1 2 33
58 1 19
72 1 30
1 7 3
3 1 5
23 1 45
6 2 7
30 1 73
34 1 33
30 1 15
3 1 4
6 1 3
69 2 23
69 1 43
14 1 13
45 1 25
25 2 30
11 1 1
21 1 4
3 2 41
19 1 29
51 1 21
21 1 3
10 1 3
1 5 3
4 2 32
11 1 41
14 1 3
21 1 1
50 2 30
43 1 21
3 7 1
3 2 5
20 1 21
51 2 61
29 1 1
21 1 42
19 1 42
73 2 53
3 5 1
5 2 34
8 2 1
48 1 21
? 1 github_java_program_data/37/200.java

3 2 28
3 1 1
15 2 20
14 1 10
3 2 33
1 7 3
40 1 39
43 1 14
13 2 1
25 1 17
51 1 19
50 1 51
11 1 3
23 1 21
44 1 10
20 1 19
10 2 1
33 1 26
43 2 51
3 2 37
8 2 3
13 2 3
5 2 29
27 1 21
11 1 13
23 1 53
33 1 27
53 1 52
61 1 21
28 1 26
19 1 34
54 1 69
45 1 13
23 1 70
1 1 4
18 1 16
11 1 10
30 1 20
18 2 30
48 2 75
44 1 9
30 1 54
25 1 16
39 1 8
1 4 3
3 2 23
23 1 44
40 1 2
15 2 54
26 1 21
56 6 44
12 2 54
3 4 1
39 1 3
19 1 1
70 1 30
12 2 15
70 2 22
21 1 29
5 2 32
23 1 19
30 1 12
45 1 1
1 2 38
1 2 25
21 1 32
5 2 3
14 1 41
3 2 4
1 2 37
20 2 12
10 1 1
4 2 1
1 2 28
3 2 38
25 2 23
54 2 56
18 1 17
54 2 58
26 2 27
45 2 44
9 2 8
1 2 41
44 1 18
44 1 30
69 1 48
56 1 19
2 2 39
34 1 33
23 1 54
69 1 75
8 2 13
1 2 5
3 2 18
38 1 19
5 2 1
51 2 61
23 1 22
48 2 52
45 1 23
28 1 27
1 2 4
34 1 3
13 1 1
1 1 38
53 2 15
48 1 19
10 2 3
21 1 5
53 1 48
17 1 11
1 1 3
54 1 30
4 2 3
19 2 21
75 1 21
19 1 4
1 2 43
41 1 19
13 1 3
50 1 43
23 1 56
41 1 21
37 1 21
16 1 14
38 1 21
1 1 37
27 1 19
54 1 50
1 1 5
19 1 3
3 1 37
50 1 61
21 2 19
5 2 42
29 1 28
43 1 11
3 1 38
43 2 48
17 2 16
45 1 8
30 1 22
44 2 45
45 1 9
4 2 42
30 1 56
19 1 23
29 1 3
19 1 32
39 1 23
43 1 19
4 2 29
23 1 58
58 6 45
19 1 5
34 1 1
61 1 19
11 1 43
52 1 23
16 1 11
22 1 19
11 1 1
70 1 50
27 2 26
1 2 33
8 2 10
23 1 45
22 2 70
30 1 15
58 1 21
2 1 1
15 1 11
3 1 4
12 2 20
69 2 23
69 1 43
44 1 8
44 1 3
14 1 13
12 1 14
54 1 23
21 1 4
3 2 41
19 1 29
51 1 21
21 1 3
10 1 3
1 5 3
4 2 32
11 1 41
14 1 3
45 1 25
21 1 1
50 2 30
23 1 15
43 1 21
3 7 1
3 2 5
14 1 1
29 1 1
21 1 42
19 1 42
3 5 1
5 2 34
3 1 5
48 1 21
? 1 github_java_program_data/37/213.java

3 2 28
3 1 1
69 1 51
53 1 52
70 1 69
14 1 10
53 2 15
3 2 33
22 1 21
40 1 39
43 1 14
12 1 11
13 2 1
25 1 17
20 2 12
50 1 51
11 1 3
23 1 21
23 1 22
28 1 27
18 2 30
72 1 23
10 2 1
33 1 26
43 2 51
14 1 1
54 1 50
8 2 3
13 2 3
13 1 8
17 1 14
13 1 3
27 1 21
11 1 1
23 1 53
58 6 44
33 1 27
40 1 6
1 1 3
4 2 34
70 1 23
28 1 26
3 2 30
19 1 34
54 1 69
45 1 13
2 2 6
23 1 70
1 1 4
73 1 48
11 1 10
30 1 20
12 2 22
44 1 9
50 1 48
25 1 16
39 1 8
3 2 23
30 1 70
23 1 44
40 1 2
15 2 54
50 2 23
26 1 21
41 2 48
1 2 43
73 1 72
37 1 19
22 1 19
70 1 30
70 2 22
14 1 43
5 2 32
22 2 20
23 1 19
40 1 7
30 1 12
45 1 1
70 2 58
1 2 38
1 2 25
21 1 32
6 1 1
5 2 3
14 1 41
1 2 18
3 2 4
44 1 1
9 2 1
1 2 37
10 1 1
4 2 1
1 2 28
3 2 38
7 1 1
18 1 17
54 2 58
26 1 19
45 2 44
45 1 10
22 2 56
18 1 16
1 2 41
44 1 18
44 1 30
56 1 19
21 1 34
3 2 41
34 1 33
23 1 54
19 1 32
9 2 10
1 2 5
3 2 18
38 1 19
5 2 1
26 2 27
8 2 9
44 1 10
48 2 52
45 1 23
20 1 19
1 2 4
34 1 3
21 1 30
48 2 72
13 1 1
1 1 38
34 2 5
48 1 19
10 2 3
69 2 30
48 2 61
1 5 3
21 1 5
53 1 48
17 1 11
30 1 21
54 1 30
4 2 3
41 1 19
30 1 58
75 1 19
19 1 4
23 1 58
27 1 19
13 1 9
41 1 14
50 1 43
23 1 56
41 1 21
37 1 21
16 1 14
38 1 21
54 2 22
1 1 37
9 2 8
43 1 19
1 1 5
19 1 3
1 2 33
3 1 37
50 1 61
21 2 19
5 2 42
3 2 43
56 6 45
29 1 28
3 1 38
1 2 23
3 2 37
9 2 13
56 6 44
17 2 16
45 1 8
30 1 22
25 2 23
44 2 45
45 1 9
4 2 42
30 1 56
19 1 23
29 1 3
19 2 21
69 1 75
3 4 1
39 1 23
15 2 70
50 1 41
7 2 6
39 1 3
19 1 5
34 1 1
61 1 19
11 1 43
52 1 23
5 2 4
16 1 11
19 1 1
51 2 75
70 1 50
27 2 26
5 2 29
8 2 10
10 1 3
58 1 19
1 7 3
23 1 73
23 1 45
22 2 70
6 2 7
19 1 30
58 1 21
2 1 1
15 1 11
3 1 4
12 2 20
1 4 3
69 1 43
44 1 8
44 1 3
14 1 13
20 2 22
12 1 14
21 1 23
11 1 13
21 1 4
30 1 19
19 1 29
51 1 21
21 1 3
58 6 45
21 1 29
6 2 39
4 2 32
11 1 41
14 1 3
45 1 25
16 2 17
21 1 1
50 2 30
23 1 15
43 1 21
3 7 1
3 2 5
20 1 21
51 2 61
73 2 15
29 1 1
21 1 42
19 1 42
3 5 1
5 2 34
3 1 5
48 1 21
? 1 github_java_program_data/37/227.java

3 2 28
3 1 1
69 1 51
20 2 22
14 1 10
3 2 33
30 1 53
22 1 21
15 2 12
40 1 39
43 1 14
12 1 11
13 2 1
25 1 17
70 2 20
51 1 19
11 1 3
23 1 21
44 1 10
20 1 19
10 2 1
33 1 26
42 2 5
20 2 56
43 2 51
28 1 26
8 2 3
13 2 3
5 2 29
13 1 3
27 1 21
11 1 1
48 2 61
58 6 44
33 1 27
53 1 52
1 7 3
53 2 73
70 1 23
14 1 1
3 2 30
19 1 34
54 1 69
45 1 13
1 1 4
18 1 16
11 1 10
30 1 20
18 2 30
44 1 9
50 1 48
25 1 16
39 1 8
50 1 41
30 1 70
40 1 2
15 2 54
19 1 1
26 1 21
12 2 54
73 1 72
39 1 3
22 1 19
4 2 5
21 1 29
5 2 32
22 2 20
23 1 19
30 1 12
28 1 27
73 1 51
5 2 3
14 1 41
1 2 18
3 2 4
44 1 1
1 2 37
23 1 12
10 1 1
4 2 1
1 2 28
30 1 54
18 1 17
54 2 58
26 2 27
45 2 44
1 2 43
1 2 41
44 1 18
44 1 30
11 1 9
2 2 39
18 2 23
56 1 19
15 2 70
39 1 30
75 1 21
44 1 23
34 1 33
23 1 54
69 1 75
30 1 44
9 2 10
1 2 5
3 2 18
38 1 19
5 2 1
26 1 19
8 2 9
23 1 22
48 2 52
44 1 13
61 1 21
1 2 4
34 1 3
13 1 1
1 1 38
50 2 23
48 1 19
10 2 3
69 2 30
1 5 3
21 1 5
53 1 48
17 1 11
1 1 3
54 1 30
4 2 3
19 2 21
30 1 58
19 1 4
27 1 19
41 1 19
41 1 14
41 2 48
23 1 56
41 1 21
37 1 21
16 1 14
38 1 21
12 2 44
51 2 72
23 1 58
54 1 50
1 1 5
19 1 3
3 1 37
50 1 61
21 2 19
3 2 25
3 2 43
56 6 45
29 1 28
45 1 30
3 1 38
3 2 37
9 2 13
17 2 16
45 1 8
30 1 22
44 2 45
3 2 38
4 2 42
30 1 56
19 1 23
29 1 3
19 1 32
3 4 1
3 7 1
56 1 21
4 2 29
1 1 37
37 1 19
19 1 5
11 1 43
52 1 23
54 2 20
14 1 43
51 2 75
70 1 50
27 2 26
1 2 38
1 2 33
58 1 19
72 1 30
3 1 5
43 1 19
30 1 73
29 1 1
30 1 15
58 1 21
2 1 1
15 1 11
3 1 4
12 2 20
1 4 3
69 1 43
19 1 42
44 1 3
14 1 13
12 1 14
8 2 13
25 2 30
11 1 13
54 1 23
21 1 4
3 2 41
34 1 1
21 1 3
10 1 3
30 1 45
4 2 32
11 1 41
14 1 3
45 1 25
21 1 1
43 1 21
3 2 5
20 1 21
73 2 15
45 1 3
21 1 42
44 1 8
21 1 32
3 5 1
5 2 34
48 1 21
? 1 github_java_program_data/37/27.java

3 2 28
3 1 1
3 2 38
70 1 69
14 1 10
3 2 33
30 1 53
53 1 51
22 1 21
15 2 12
40 1 39
12 1 11
13 2 1
25 1 17
70 2 20
51 1 19
50 1 51
11 1 3
23 1 21
44 1 10
20 1 19
52 1 21
69 1 41
10 2 1
33 1 26
20 2 53
3 7 1
3 2 37
97 1 52
30 1 54
13 2 3
5 2 29
15 1 14
52 2 76
13 1 3
27 1 21
54 1 23
48 2 61
33 1 27
41 2 51
14 1 1
19 1 34
73 1 52
23 1 70
1 1 4
11 1 10
30 1 20
48 2 75
44 1 9
50 1 48
25 1 16
39 1 8
19 1 1
26 1 21
41 2 48
1 2 43
12 2 54
3 4 1
37 1 19
22 1 19
21 1 97
70 1 30
12 2 15
4 2 5
70 2 22
21 1 29
5 2 32
22 2 20
23 1 19
30 1 12
45 1 1
1 2 38
73 1 76
1 2 25
73 1 51
32 2 4
5 2 3
14 1 41
3 2 4
44 1 1
1 2 37
23 1 12
10 1 1
4 2 1
1 2 28
45 1 9
54 2 56
18 1 17
54 2 20
26 1 19
4 2 42
45 1 10
18 1 16
1 2 41
44 1 18
69 1 48
11 1 9
18 2 23
56 1 19
21 1 34
39 1 30
75 1 21
44 1 23
34 1 33
23 1 54
19 1 32
8 2 13
19 1 42
1 2 5
3 2 18
38 1 19
5 2 1
26 2 27
8 2 9
23 1 22
48 2 52
44 1 13
28 1 27
1 2 4
34 1 3
13 1 1
1 1 38
50 2 23
48 1 19
10 2 3
69 2 30
51 2 52
1 5 3
21 1 5
17 1 11
1 1 3
39 1 1
4 2 3
19 2 21
30 1 58
75 1 19
19 1 4
27 1 19
41 1 19
41 1 14
50 1 43
23 1 56
41 1 21
37 1 21
16 1 14
38 1 21
12 2 44
51 2 72
1 1 37
53 2 15
15 2 70
54 1 50
1 1 5
19 1 3
3 1 37
50 1 61
52 2 57
21 2 19
5 2 42
3 2 43
56 6 45
29 1 28
45 1 30
3 1 38
43 2 48
57 1 19
56 6 44
17 2 16
23 1 20
30 1 22
44 2 45
16 2 17
28 1 26
30 1 56
19 1 23
29 1 3
69 1 75
12 1 14
32 2 5
56 1 21
50 1 41
20 2 54
19 1 5
34 1 1
61 1 19
11 1 43
52 1 23
97 1 48
5 2 4
97 1 57
14 1 43
11 1 1
27 2 26
45 2 44
10 1 3
58 1 19
72 1 30
1 7 3
3 1 5
43 1 19
30 1 15
1 2 30
15 1 11
3 1 4
1 4 3
76 1 30
44 1 8
44 1 3
14 1 13
1 2 18
30 1 44
25 2 30
11 1 13
21 1 4
3 2 41
19 1 29
51 1 21
21 1 3
9 2 10
1 2 33
30 1 45
20 2 70
4 2 32
11 1 41
14 1 3
45 1 25
21 1 1
23 1 15
43 1 21
3 2 5
20 1 21
8 2 1
51 2 61
29 1 1
53 1 72
21 1 42
41 1 11
21 1 32
3 5 1
5 2 34
23 1 73
48 1 21
? 1 github_java_program_data/37/277.java

41 2 51
3 2 28
3 1 1
69 1 51
15 2 20
70 1 69
14 1 10
3 2 33
30 1 53
22 1 21
40 1 39
43 1 14
12 1 11
13 2 1
25 1 17
23 1 45
51 1 19
50 1 51
11 1 3
44 1 8
20 2 22
23 1 22
28 1 27
69 1 41
10 2 1
33 1 26
43 2 51
28 1 26
54 1 50
8 2 3
13 2 3
5 2 29
13 1 3
27 1 21
11 1 1
23 1 53
58 6 44
33 1 27
53 1 52
3 2 25
61 1 21
70 1 23
14 1 1
54 1 69
19 1 34
45 1 13
23 1 70
72 2 57
1 1 4
73 1 48
12 2 70
11 1 10
30 1 20
12 2 22
44 1 9
50 1 48
25 1 16
39 1 8
1 4 3
3 2 23
30 1 70
23 1 44
40 1 2
15 2 54
22 2 54
26 1 21
41 2 48
57 1 30
12 2 54
73 1 72
39 1 3
19 1 1
70 1 30
12 2 15
3 2 38
25 2 30
70 2 22
21 1 29
5 2 32
22 2 20
43 2 48
30 1 12
45 1 1
1 2 38
1 2 25
73 1 51
18 2 30
5 2 3
14 1 41
53 2 12
1 2 18
3 2 4
44 1 1
1 2 37
1 2 43
17 1 11
10 1 1
4 2 1
1 2 28
30 1 54
18 1 17
54 2 58
26 1 19
4 2 42
22 2 56
27 1 19
1 2 41
44 1 18
44 1 30
2 2 39
18 2 23
56 1 19
21 1 34
75 1 21
44 1 23
34 1 33
2 1 1
19 1 32
8 2 13
1 2 5
3 2 18
52 1 30
38 1 19
20 2 12
5 2 1
26 2 27
12 2 73
44 1 10
48 2 52
17 1 14
44 1 13
20 1 19
1 2 4
34 1 3
48 2 72
13 1 1
1 1 38
50 2 23
48 1 19
10 2 3
48 2 61
1 5 3
21 1 5
53 1 48
23 1 12
1 1 3
16 2 17
4 2 3
72 1 23
30 1 58
75 1 19
19 1 4
23 1 58
9 2 8
41 1 19
41 1 14
50 1 43
23 1 56
41 1 21
37 1 21
16 1 14
38 1 21
51 2 72
1 1 37
53 2 15
43 1 19
1 1 5
19 1 3
3 1 37
50 1 61
5 2 42
3 2 43
56 6 45
29 1 28
22 2 70
45 1 30
3 1 38
3 2 37
73 2 58
56 6 44
17 2 16
23 1 20
45 1 8
30 1 22
44 2 45
45 1 9
73 1 57
30 1 56
29 1 3
69 1 75
3 4 1
39 1 23
56 1 21
4 2 29
50 1 41
58 6 45
37 1 19
19 1 5
34 1 1
11 1 43
52 1 23
16 1 11
22 1 19
51 2 75
70 1 50
27 2 26
45 2 44
8 2 10
10 1 3
58 1 19
72 1 30
1 7 3
23 1 73
30 1 73
73 2 22
29 1 1
30 1 15
58 1 21
15 1 11
3 1 4
14 1 43
69 2 23
19 1 42
44 1 3
14 1 13
12 1 14
11 1 13
54 1 23
21 1 4
3 2 41
19 1 29
51 1 21
21 1 3
1 2 33
70 2 15
4 2 32
15 2 56
11 1 41
14 1 3
45 1 25
18 1 16
21 1 1
50 2 30
23 1 15
43 1 21
3 7 1
3 2 5
20 1 21
51 2 61
45 1 3
21 1 42
41 1 11
21 1 32
3 5 1
5 2 34
3 1 5
48 1 21
? 1 github_java_program_data/37/33.java

3 1 1
69 1 51
15 2 20
20 2 22
14 1 10
3 2 33
22 1 21
40 1 39
43 1 14
12 1 11
13 2 1
25 2 23
70 2 56
11 1 3
44 1 10
20 1 19
10 2 1
33 1 26
43 2 51
3 2 37
30 1 54
13 2 3
45 1 23
13 1 3
27 1 21
54 1 23
48 2 61
33 1 27
4 2 34
14 1 1
3 2 30
54 1 69
19 1 34
45 1 13
23 1 70
1 1 4
11 1 10
44 1 9
50 1 48
25 1 16
39 1 8
1 4 3
40 1 2
15 2 54
19 1 1
42 2 4
26 1 21
56 6 44
3 4 1
39 1 3
22 1 19
70 1 30
12 2 15
21 1 29
5 2 32
22 2 20
45 1 1
1 2 38
1 2 25
21 1 32
32 2 4
5 2 3
14 1 41
3 2 4
1 2 37
45 1 9
10 1 1
4 2 1
1 2 28
3 2 38
30 1 21
18 1 17
26 1 19
9 2 8
1 2 41
44 1 18
2 2 39
19 2 21
3 2 41
39 1 30
44 1 23
19 1 29
2 1 1
69 1 75
30 1 44
1 2 5
38 1 19
5 2 1
23 1 22
17 1 14
28 1 27
1 2 4
34 1 3
21 1 30
13 1 1
1 1 38
10 2 3
1 5 3
21 1 5
56 1 21
23 1 12
1 1 3
4 2 3
41 1 19
75 1 19
19 1 4
1 2 43
51 2 75
41 1 14
41 2 48
23 1 56
41 1 21
38 1 21
50 1 41
43 1 19
1 1 5
19 1 3
3 1 37
50 1 61
21 2 19
5 2 42
3 2 43
29 1 28
3 1 38
23 1 20
45 1 8
44 2 45
16 2 17
28 1 26
18 1 16
18 2 23
19 1 32
32 2 5
21 1 34
4 2 29
1 1 37
37 1 19
19 1 5
61 1 19
11 1 43
8 2 3
5 2 4
16 1 11
14 1 43
70 1 50
27 2 26
10 1 3
1 7 3
3 1 5
3 2 18
34 1 33
30 1 15
15 1 11
12 2 20
69 2 23
69 1 43
19 1 42
44 1 3
14 1 13
12 1 14
8 2 13
11 1 13
11 1 1
21 1 4
30 1 19
34 1 1
51 1 21
21 1 3
1 2 33
30 1 45
20 2 70
4 2 32
11 1 41
14 1 3
45 1 25
21 1 1
50 2 30
23 1 15
43 1 21
3 2 5
20 1 21
29 1 1
21 1 42
44 1 8
3 5 1
8 2 10
48 1 21
? 1 github_java_program_data/37/47.java

41 2 51
3 2 28
3 1 1
69 1 51
14 1 10
3 2 33
30 1 53
53 1 51
22 1 21
40 1 39
43 1 14
12 1 11
13 2 1
25 1 17
53 1 57
51 1 19
50 1 51
11 1 3
53 1 81
23 1 21
44 1 10
20 1 19
69 1 41
10 2 1
33 1 26
43 2 51
3 2 37
8 2 3
13 2 3
73 2 12
13 1 3
27 1 21
11 1 13
23 1 53
58 6 44
33 1 27
53 1 52
4 2 34
61 1 21
70 1 23
28 1 26
3 2 30
19 1 34
54 1 69
73 1 52
45 1 13
1 1 4
73 1 48
11 1 10
30 1 20
18 2 30
44 1 9
50 1 48
25 1 16
39 1 8
30 1 70
40 1 2
15 2 54
50 2 23
42 2 4
26 1 21
41 2 48
1 2 43
12 2 54
73 1 72
37 1 19
19 1 1
21 1 29
5 2 32
23 1 19
51 2 52
30 1 12
45 1 1
1 2 38
1 2 25
21 1 32
5 2 3
14 1 41
1 2 18
3 2 4
44 1 1
1 2 37
23 1 12
10 1 1
22 1 19
4 2 1
1 2 28
3 2 38
25 2 23
18 1 17
54 2 58
26 1 19
45 2 44
18 1 16
1 2 41
44 1 18
44 1 30
11 1 9
18 2 23
56 1 19
2 2 39
39 1 30
44 1 23
34 1 33
23 1 54
19 1 32
30 1 44
19 1 42
1 2 5
3 2 18
52 1 30
38 1 19
5 2 1
26 2 27
8 2 9
48 2 52
45 1 23
44 1 13
28 1 27
1 2 4
34 1 3
48 2 72
13 1 1
1 1 38
53 2 15
48 1 19
10 2 3
69 2 30
48 2 61
1 5 3
21 1 5
53 1 48
17 1 11
1 1 3
54 1 30
4 2 3
19 2 21
75 1 21
19 1 4
23 1 58
27 1 19
41 1 19
41 1 14
50 1 43
23 1 56
37 1 21
16 1 14
38 1 21
57 1 23
37 2 38
51 2 72
1 1 37
54 1 50
1 1 5
19 1 3
1 2 33
3 1 37
50 1 61
38 2 37
21 2 19
5 2 42
3 2 43
29 1 28
12 2 44
3 1 38
1 2 23
72 2 57
9 2 13
17 2 16
23 1 20
45 1 8
30 1 22
44 2 45
45 1 9
4 2 42
30 1 56
29 1 3
69 1 75
3 4 1
3 7 1
3 2 5
4 2 29
50 1 41
58 6 45
39 1 3
19 1 5
61 1 19
11 1 43
52 1 23
14 1 43
51 2 75
70 1 50
27 2 26
81 1 73
10 1 3
58 1 19
72 1 30
1 7 3
23 1 73
43 1 19
52 2 81
58 1 21
2 1 1
15 1 11
3 1 4
1 4 3
44 1 8
44 1 3
14 1 13
45 1 25
21 1 23
11 1 1
21 1 4
3 2 41
34 1 1
51 1 21
21 1 3
9 2 10
14 1 1
30 1 45
4 2 32
11 1 41
14 1 3
21 1 1
50 2 30
23 1 15
43 1 21
56 1 21
20 1 21
51 2 61
29 1 1
53 1 72
21 1 42
41 1 11
3 5 1
3 1 5
48 1 21
? 1 github_java_program_data/37/64.java

3 2 28
3 1 1
23 1 45
53 1 52
20 2 22
14 1 10
3 2 33
22 1 21
15 2 12
40 1 39
43 1 14
12 1 11
13 2 1
25 1 17
53 1 57
50 1 51
11 1 3
23 1 21
23 1 22
28 1 27
69 1 41
10 2 1
33 1 26
20 2 56
43 2 51
3 2 37
8 2 3
13 2 3
5 2 29
45 1 23
11 1 13
12 1 14
54 1 23
23 1 53
58 6 44
33 1 27
40 1 6
4 2 34
3 2 25
41 2 51
14 1 1
19 1 34
54 1 69
45 1 13
2 2 6
23 1 70
1 1 4
20 1 19
11 1 10
30 1 20
18 2 30
48 2 75
44 1 9
30 1 54
25 1 16
39 1 8
1 4 3
3 2 23
23 1 44
1 1 38
19 1 1
26 1 21
41 2 48
57 1 30
3 4 1
39 1 3
22 1 19
70 1 30
12 2 15
25 2 30
70 2 22
21 1 29
23 1 19
30 1 12
45 1 1
1 2 38
1 2 25
21 1 32
6 1 1
5 2 3
14 1 41
1 2 18
3 2 4
34 2 4
44 1 1
1 2 37
1 2 43
17 1 11
45 1 9
10 1 1
4 2 1
1 2 28
3 2 38
25 2 23
54 2 56
18 1 17
54 2 58
26 1 19
45 2 44
45 1 10
18 1 16
1 2 41
44 1 18
44 1 30
69 1 48
18 2 23
56 1 19
21 1 34
44 1 23
34 1 33
2 1 1
19 1 32
9 2 10
1 2 5
3 2 18
52 1 30
38 1 19
5 2 1
26 2 27
8 2 9
44 1 10
48 2 52
17 1 14
19 1 4
1 2 4
34 1 3
13 1 1
40 1 2
50 2 23
10 2 3
1 5 3
21 1 5
53 1 48
23 1 12
1 1 3
12 2 53
4 2 3
19 2 21
30 1 58
4 2 32
75 1 19
13 1 3
27 1 19
41 1 19
41 1 14
50 1 43
23 1 56
41 1 21
37 1 21
56 6 45
38 1 21
1 1 37
43 1 19
1 1 5
19 1 3
3 1 37
50 1 61
52 2 57
21 2 19
5 2 42
3 2 43
29 1 28
45 1 30
3 1 38
9 2 13
56 6 44
17 2 16
29 2 4
23 1 20
45 1 8
30 1 22
44 2 45
16 2 17
28 1 26
30 1 56
29 1 3
69 1 75
39 1 23
56 1 21
4 2 29
50 1 41
37 1 19
19 1 5
19 1 29
61 1 19
11 1 43
16 1 11
14 1 43
70 1 50
27 2 26
10 1 3
1 7 3
3 1 5
54 1 50
29 1 1
30 1 15
58 1 21
15 1 11
3 1 4
12 2 20
69 2 23
44 1 3
14 1 13
27 1 21
21 1 23
11 1 1
21 1 4
3 2 41
34 1 1
51 1 21
21 1 3
1 2 33
6 2 39
15 2 70
11 1 41
14 1 3
45 1 25
21 1 1
50 2 30
23 1 15
43 1 21
3 7 1
3 2 5
20 1 21
51 2 61
45 1 3
21 1 42
19 1 42
3 5 1
5 2 34
8 2 10
48 1 21
? 1 github_java_program_data/37/7.java

3 2 28
3 1 1
69 1 51
14 1 10
3 2 33
4 2 34
40 1 39
43 1 14
12 1 11
13 2 1
25 1 17
70 2 56
11 1 3
44 1 10
28 1 27
69 1 41
10 2 1
43 2 51
28 1 26
8 2 3
13 2 3
5 2 29
15 1 14
13 1 3
27 1 21
54 1 23
48 2 61
33 1 27
40 1 6
3 2 25
41 2 51
70 1 23
14 1 1
54 1 69
19 1 34
2 2 6
23 1 70
1 1 4
11 1 10
30 1 20
44 1 9
30 1 54
39 1 8
1 4 3
3 2 23
30 1 70
23 1 44
40 1 2
15 2 54
26 1 21
1 2 43
3 4 1
37 1 19
19 1 1
70 1 30
12 2 15
25 2 30
21 1 29
40 1 7
30 1 12
1 2 38
43 2 48
6 1 1
5 2 3
14 1 41
3 2 4
34 2 4
1 2 37
10 1 1
22 1 19
4 2 1
1 2 28
45 1 9
7 1 1
26 1 19
45 1 10
18 1 16
1 2 41
44 1 18
18 2 23
56 1 19
21 1 34
44 1 23
34 1 33
23 1 54
19 1 32
19 1 42
1 2 5
3 2 18
38 1 19
5 2 1
26 2 27
6 2 7
23 1 22
17 1 14
61 1 21
1 2 4
34 1 3
13 1 1
1 1 38
50 2 23
48 1 19
10 2 3
69 2 30
21 1 5
23 1 12
1 1 3
54 1 30
4 2 3
41 1 19
75 1 19
19 1 4
27 1 19
51 2 75
41 1 14
50 1 43
41 1 21
37 1 21
56 6 45
38 1 21
9 2 8
20 2 15
43 1 19
1 1 5
19 1 3
50 1 48
3 1 37
50 1 61
14 2 11
5 2 42
3 2 43
29 1 28
43 1 11
45 1 30
3 1 38
45 1 8
30 1 22
44 2 45
3 2 38
4 2 42
30 1 56
29 1 3
69 1 75
39 1 23
15 2 70
4 2 29
3 2 37
39 1 3
19 1 5
34 1 1
61 1 19
11 1 43
54 2 20
16 1 11
14 1 43
70 1 50
7 2 39
1 2 33
1 7 3
3 1 5
23 1 45
10 1 9
29 1 1
30 1 15
2 1 1
15 1 11
3 1 4
12 2 20
69 2 23
69 1 43
41 1 11
44 1 3
14 1 13
12 1 14
11 1 13
11 1 1
21 1 4
3 2 41
19 1 29
51 1 21
21 1 3
10 1 3
1 5 3
11 1 41
14 1 3
45 1 25
21 1 1
50 2 30
23 1 15
43 1 21
3 7 1
3 2 5
20 1 21
9 2 3
45 1 3
21 1 42
44 1 8
21 1 32
3 5 1
8 2 10
48 1 21
? 1 github_java_program_data/37/78.java

3 2 28
3 1 1
69 1 51
20 2 22
14 1 10
30 1 53
1 7 3
40 1 39
43 1 14
13 2 1
25 1 17
2 1 3
70 2 56
11 1 3
23 1 21
23 1 22
28 1 27
10 2 1
33 1 26
43 2 51
3 2 37
13 2 3
27 1 21
11 1 13
48 2 61
33 1 27
53 1 52
61 1 21
70 1 23
28 1 26
19 1 34
54 1 69
45 1 13
1 1 4
18 1 16
11 1 10
30 1 20
18 2 30
44 1 9
50 1 48
25 1 16
39 1 8
30 1 70
23 1 44
40 1 2
26 1 21
1 2 43
3 4 1
37 1 19
22 1 19
25 2 30
21 1 29
5 2 32
22 2 20
23 1 19
30 1 12
45 1 1
1 2 38
4 2 1
43 2 48
32 2 4
5 2 3
14 1 41
3 2 4
44 1 1
1 2 37
10 1 1
1 2 25
45 1 9
39 1 1
26 1 19
9 2 8
1 2 41
44 1 18
44 1 30
56 1 19
15 2 70
34 1 1
23 1 54
69 1 75
8 2 13
1 2 5
38 1 19
5 2 1
26 2 27
44 1 10
48 2 52
20 1 19
1 2 4
13 1 1
1 1 38
50 2 23
48 1 19
10 2 3
21 1 5
53 1 48
17 1 11
1 1 3
54 1 30
4 2 3
19 2 21
75 1 19
19 1 4
69 2 30
41 1 19
13 1 3
50 1 43
41 1 21
37 1 21
16 1 14
38 1 21
1 1 37
27 1 19
43 1 19
1 1 5
19 1 3
3 1 37
50 1 61
21 2 19
5 2 42
56 6 45
29 1 28
43 1 11
45 1 30
3 1 38
1 2 23
17 2 16
45 1 8
30 1 22
44 2 45
3 2 38
30 1 56
19 1 23
29 1 3
19 1 32
12 1 14
39 1 23
2 2 39
4 2 29
19 1 5
11 1 43
52 1 23
16 1 11
19 1 1
51 2 75
70 1 50
27 2 26
1 2 33
3 1 5
23 1 45
34 1 33
30 1 15
15 1 11
3 1 4
12 2 20
1 4 3
69 1 43
44 1 8
14 1 13
1 2 18
11 1 1
21 1 4
3 2 41
19 1 29
51 1 21
21 1 3
10 1 3
1 5 3
11 1 41
14 1 3
45 1 25
21 1 1
3 7 1
3 2 5
8 2 1
14 1 1
21 1 42
19 1 42
21 1 32
3 5 1
8 2 10
48 1 21
? 1 github_java_program_data/37/84.java

