49 1 21
12 1 14
69 1 41
24 1 18
17 1 11
12 2 22
11 1 1
16 1 14
53 2 20
70 1 30
19 1 42
55 2 15
11 1 3
50 1 75
4 2 34
12 2 15
51 2 52
43 1 21
27 1 19
44 1 25
30 1 15
48 1 21
72 1 23
19 1 4
3 1 5
22 1 21
3 2 28
54 1 69
52 2 57
11 1 68
53 1 51
11 1 41
23 1 73
15 1 14
51 2 72
54 1 50
30 1 107
5 2 34
33 1 26
15 2 54
28 1 27
23 1 70
27 2 26
39 1 3
30 1 73
10 2 1
34 1 28
11 1 13
43 1 14
21 1 1
56 1 21
18 2 30
3 2 33
70 1 50
48 2 61
24 1 1
73 1 51
58 1 19
57 1 23
30 1 22
30 1 20
48 1 19
3 2 41
3 4 1
12 2 73
3 2 43
14 1 10
5 2 1
44 1 9
3 2 4
34 1 1
21 1 42
23 1 15
25 1 16
107 1 51
8 2 13
29 1 3
29 2 4
26 1 21
69 2 30
2 2 6
50 2 30
29 1 28
21 1 34
43 1 11
1 2 25
34 2 5
1 1 5
14 1 43
23 1 22
12 2 24
18 1 16
1 2 49
5 2 29
34 1 33
44 2 45
19 1 32
15 2 12
76 1 23
27 1 21
30 1 12
6 1 1
53 1 57
41 1 11
26 1 19
4 2 32
55 1 23
30 1 56
5 2 3
20 2 22
7 1 1
30 1 55
21 1 29
52 1 23
34 2 4
50 1 61
54 1 23
70 1 69
3 1 4
8 2 3
43 2 48
25 1 17
20 2 56
15 1 11
40 1 7
29 1 33
41 1 19
23 1 54
15 2 73
56 6 44
9 2 13
33 1 27
19 1 3
69 1 43
1 2 43
19 1 29
54 2 70
1 1 3
45 1 18
45 1 8
53 1 52
14 1 3
3 2 23
50 2 23
21 1 3
1 1 28
40 1 2
16 1 11
20 1 21
19 1 34
30 1 53
23 1 12
12 2 54
107 2 15
2 1 1
23 1 20
23 1 24
4 2 42
34 1 3
40 1 6
25 2 23
14 1 1
73 1 72
26 2 27
21 1 32
21 1 4
22 2 20
10 1 1
11 1 49
12 2 53
13 1 3
1 2 33
43 1 19
5 2 42
6 2 39
1 4 3
28 1 26
1 2 5
3 5 1
4 2 29
13 1 1
23 1 58
45 1 30
72 1 30
1 1 4
75 1 19
45 1 1
1 5 3
48 2 23
12 1 11
19 1 1
15 2 53
9 2 10
21 1 5
55 1 48
23 1 56
3 7 1
1 7 3
52 2 76
73 1 48
52 1 30
19 1 5
15 2 55
1 2 68
54 1 30
61 1 19
10 1 3
107 1 30
39 1 23
53 1 76
24 1 23
20 1 19
1 2 28
41 1 21
50 1 43
8 2 1
4 2 3
3 2 5
14 1 41
11 1 43
40 1 39
24 2 44
10 2 3
1 2 18
7 2 6
48 2 72
3 1 1
30 2 51
1 2 41
39 1 8
23 1 45
22 1 19
4 2 1
44 1 13
54 2 12
24 1 8
11 1 9
23 1 44
50 1 48
48 2 75
54 2 56
16 2 17
44 1 23
13 2 3
29 1 1
13 2 1
18 2 23
51 1 19
45 1 13
44 1 1
6 2 7
1 2 4
12 2 107
51 1 21
3 2 49
68 1 19
11 1 10
? 1 github_java_program_data/6/146.java

19 1 34
51 1 21
70 2 79
23 1 53
3 7 1
51 2 61
41 1 14
7 1 3
17 1 11
3 2 25
12 2 55
16 1 14
69 2 23
70 1 30
38 1 19
48 2 52
55 2 20
11 1 3
30 1 45
45 1 23
30 1 58
12 2 15
3 1 28
24 1 18
43 1 21
39 1 30
39 1 3
44 1 25
27 2 26
58 1 21
30 1 15
48 1 21
72 1 23
19 1 4
3 1 5
6 2 39
22 1 21
3 2 28
1 5 3
3 1 33
52 2 57
22 2 71
53 1 51
11 1 41
1 2 18
3 2 37
15 1 14
51 2 72
54 1 50
12 2 70
5 2 34
14 1 9
33 1 26
15 2 54
28 1 27
15 2 53
23 1 70
30 1 44
27 1 19
30 1 73
10 2 1
70 2 58
51 2 52
11 1 13
43 1 14
45 1 8
21 1 1
13 1 8
69 1 61
48 2 61
24 1 1
73 1 51
41 2 48
30 1 22
13 2 3
48 1 19
40 1 39
3 2 41
3 4 1
12 2 73
14 1 1
5 2 1
4 2 5
37 1 21
19 1 42
44 1 9
3 2 4
22 2 15
30 1 70
10 1 3
25 1 16
3 2 5
61 1 21
29 1 3
29 2 4
26 1 21
69 2 30
50 2 30
29 1 28
21 1 34
11 1 1
23 1 71
1 1 5
14 1 43
48 2 30
23 1 22
12 2 24
18 1 16
3 1 38
26 1 1
44 2 45
19 1 32
15 2 12
30 1 20
1 1 28
30 1 12
6 1 1
1 1 33
53 1 57
26 1 19
55 1 23
30 1 56
5 2 3
20 2 22
7 1 1
30 1 55
4 2 42
34 2 4
50 1 61
54 1 23
70 1 69
26 1 3
3 1 4
30 1 24
3 1 37
5 2 32
25 1 17
15 1 11
40 1 7
58 6 45
51 1 19
1 1 37
9 2 13
33 1 27
37 1 19
69 1 43
1 2 43
19 1 29
3 2 30
1 1 3
45 1 18
10 1 8
53 1 52
14 1 3
14 1 13
50 2 23
69 1 51
34 1 33
27 1 21
40 1 2
23 1 79
20 1 21
27 1 3
19 1 3
2 2 6
23 1 20
7 2 6
34 1 3
40 1 6
25 2 23
3 1 1
73 1 72
10 2 3
21 1 32
21 1 4
21 1 3
10 1 1
70 1 23
56 1 19
1 2 33
18 1 17
27 1 1
5 2 42
1 2 37
5 2 4
42 2 4
28 1 26
20 2 70
1 2 5
3 5 1
4 2 29
13 1 1
17 2 16
3 2 43
1 1 4
34 1 1
45 1 1
79 1 48
5 2 29
48 2 23
38 1 21
12 1 11
19 1 1
57 1 30
53 1 48
9 2 10
21 1 5
54 2 20
14 1 49
55 1 48
44 1 3
8 2 3
1 7 3
3 2 33
23 1 54
52 1 30
1 2 38
19 1 5
54 1 30
61 1 19
23 1 15
24 2 44
49 1 19
43 1 19
21 1 29
20 1 19
1 4 3
1 2 28
41 1 21
24 1 23
8 2 1
4 2 3
4 2 1
14 1 41
50 1 41
11 1 43
14 1 10
1 1 38
26 2 27
79 1 30
4 2 34
1 2 41
75 1 21
21 1 42
8 2 13
43 2 51
22 2 20
44 1 13
24 1 8
51 2 75
11 1 9
50 1 48
32 2 4
2 1 3
15 2 20
16 2 17
44 1 23
1 2 4
29 1 1
13 2 1
18 2 23
69 1 75
41 1 19
45 1 13
22 2 54
6 2 7
39 1 8
13 1 3
22 1 19
3 2 49
11 1 10
3 2 38
? 1 github_java_program_data/6/191.java

49 1 21
12 1 14
23 1 53
69 1 41
24 1 18
3 2 28
1 2 30
43 1 19
70 1 30
38 1 19
22 1 19
11 1 3
4 2 34
12 2 15
1 2 28
43 1 21
39 1 30
44 1 25
30 1 15
48 1 21
72 1 23
37 1 19
19 1 4
3 1 5
6 2 39
15 2 12
1 5 3
23 1 22
52 2 57
11 1 68
53 1 51
23 1 73
3 2 37
15 1 14
51 2 72
54 1 50
5 2 34
28 1 27
23 1 70
30 1 44
27 1 19
30 1 73
10 2 1
51 2 52
11 1 13
43 1 14
37 1 21
21 1 1
56 1 21
14 1 8
17 1 14
24 1 1
73 1 51
30 1 22
48 1 19
3 4 1
20 2 53
14 1 10
5 2 1
4 2 5
19 1 42
44 1 9
3 2 4
48 2 52
23 1 15
25 1 16
3 2 5
29 1 3
30 1 54
26 1 21
69 2 30
50 2 30
29 1 28
21 1 34
11 1 1
1 2 25
34 2 5
1 1 5
14 1 43
40 1 7
18 1 16
3 1 38
34 1 33
19 1 32
30 1 20
27 1 21
30 1 12
1 1 38
53 1 57
41 1 11
26 1 19
4 2 32
1 1 37
22 2 12
5 2 3
20 2 22
7 1 1
6 1 3
54 1 23
3 2 33
44 1 10
15 2 70
3 1 4
30 1 24
3 1 37
1 2 18
41 1 19
20 2 73
23 1 54
56 6 44
33 1 27
30 1 53
1 2 43
19 1 29
1 1 3
53 1 52
14 1 3
14 1 13
50 2 23
21 1 3
57 1 23
40 1 2
37 2 38
16 1 11
20 1 21
19 1 34
19 1 3
23 1 12
12 2 54
2 2 6
2 1 1
23 1 20
19 1 1
40 1 6
25 2 23
14 1 1
73 1 72
21 1 32
21 1 4
22 2 20
10 1 1
11 1 49
73 2 70
13 1 3
1 2 33
18 1 17
5 2 42
1 2 37
5 2 4
1 4 3
28 1 26
1 2 5
3 5 1
4 2 29
13 1 1
3 2 43
1 1 4
34 1 1
5 2 29
38 1 21
12 1 11
70 1 69
70 2 56
53 1 48
9 2 10
21 1 5
14 1 49
23 1 56
3 7 1
1 7 3
73 1 48
52 1 30
1 2 38
19 1 5
15 2 24
54 1 30
24 1 23
10 1 3
24 2 44
54 2 15
21 1 29
20 1 19
50 1 43
8 2 1
4 2 3
4 2 1
14 1 41
50 1 41
40 1 39
10 2 3
23 1 78
7 2 6
48 2 72
3 1 1
39 1 1
3 2 68
1 2 41
39 1 8
8 2 13
24 1 8
34 1 3
11 1 9
16 2 17
44 1 23
13 2 3
29 1 1
13 2 1
18 2 23
12 2 73
44 1 1
6 2 7
1 2 4
51 1 21
3 2 49
68 1 19
11 1 10
3 2 38
? 1 github_java_program_data/6/242.java

19 1 34
12 1 14
23 1 53
24 1 18
3 2 28
3 2 25
43 1 11
18 1 17
69 2 23
19 1 42
11 1 3
45 1 23
30 1 58
12 2 15
1 2 28
43 1 21
27 1 19
44 1 25
58 1 21
30 1 15
48 1 21
72 1 23
19 1 4
3 1 5
22 1 21
54 1 69
56 1 19
52 2 57
53 1 51
11 1 41
23 1 73
15 1 14
51 2 72
54 1 50
12 2 70
5 2 34
33 1 26
15 2 54
28 1 27
39 1 3
3 5 1
10 2 1
70 2 58
51 2 52
11 1 13
43 1 14
21 1 1
56 1 21
14 1 8
18 2 30
3 2 33
70 1 50
48 2 61
17 1 14
24 1 1
73 1 51
58 1 19
11 2 14
30 1 22
54 2 56
48 1 19
3 2 23
3 2 41
3 2 43
14 1 10
5 2 1
3 2 4
75 1 19
30 1 70
21 1 42
10 1 3
25 1 16
3 2 5
61 1 21
45 2 44
29 1 3
30 1 54
26 1 21
73 1 76
29 1 28
21 1 34
11 1 1
45 1 10
34 2 5
1 1 5
14 1 43
22 2 73
45 1 3
42 2 5
18 1 16
5 2 29
21 1 3
44 2 45
19 1 32
15 2 12
30 1 20
3 4 1
30 1 12
53 1 57
41 1 11
26 1 19
4 2 32
29 2 4
30 1 56
5 2 3
20 2 22
50 2 23
21 1 29
52 1 23
34 2 4
50 1 61
54 1 23
70 1 69
44 1 10
69 1 48
3 1 4
8 2 3
43 2 48
25 1 17
23 1 22
5 2 32
44 1 8
15 1 11
58 6 45
51 1 19
20 2 73
75 1 21
14 2 11
56 6 44
9 2 13
33 1 27
69 1 43
1 2 43
19 1 29
1 1 3
45 1 18
53 1 52
14 1 3
3 2 18
14 1 13
32 2 5
1 2 25
34 1 33
27 1 21
40 1 2
16 1 11
20 1 21
23 1 12
19 1 3
58 6 44
23 1 56
12 2 54
20 2 54
2 1 1
23 1 20
23 1 24
4 2 42
22 2 70
34 1 3
14 1 1
73 1 72
21 1 32
21 1 4
22 2 20
10 1 1
70 1 23
13 1 3
1 2 33
43 1 19
5 2 42
51 1 21
42 2 4
28 1 26
20 2 70
1 2 5
34 1 1
4 2 29
13 1 1
23 1 58
45 1 30
72 1 30
1 1 4
76 1 30
45 1 1
24 1 9
1 5 3
8 2 10
12 1 11
19 1 1
57 1 30
9 2 10
21 1 5
29 2 5
9 2 1
44 1 3
3 7 1
1 7 3
2 2 39
41 2 48
52 1 30
19 1 5
15 2 24
61 1 19
23 1 15
24 2 44
39 1 23
24 1 23
20 1 19
45 1 9
1 4 3
41 1 21
50 1 43
4 2 3
4 2 1
14 1 41
50 1 41
11 1 43
40 1 39
10 2 3
1 2 18
3 1 1
4 2 34
1 2 41
39 1 8
23 1 45
8 2 13
25 2 30
44 1 13
54 2 12
44 1 30
11 1 9
23 1 44
50 1 48
32 2 4
72 2 76
48 2 75
16 2 17
13 2 3
29 1 1
13 2 1
18 2 23
69 1 75
41 1 19
45 1 13
56 6 45
44 1 1
1 2 4
22 1 19
11 1 10
54 2 20
? 1 github_java_program_data/6/26.java

19 1 34
51 1 21
3 7 1
12 1 14
7 1 3
17 1 11
3 2 25
43 1 11
16 1 14
70 1 30
38 1 19
48 2 52
11 1 3
30 1 45
45 1 23
4 2 34
12 2 15
3 1 28
24 1 18
39 1 30
27 1 19
44 1 25
27 2 26
30 1 15
48 1 21
72 1 23
20 2 55
19 1 4
3 1 5
6 2 39
22 1 21
3 2 28
1 5 3
56 1 19
49 1 19
11 1 41
79 2 56
1 2 18
3 2 37
15 1 14
51 2 72
54 1 50
5 2 34
14 1 9
33 1 26
28 1 27
23 1 70
30 1 44
39 1 3
3 5 1
30 1 73
10 2 1
34 1 28
11 1 13
43 1 14
37 1 21
21 1 1
13 1 8
3 2 33
48 2 61
17 1 14
13 1 3
24 1 1
73 1 51
44 1 8
30 1 22
48 1 19
3 2 41
3 4 1
20 2 54
14 1 1
5 2 1
19 1 42
3 2 4
15 2 79
22 2 15
10 1 3
25 1 16
3 2 5
61 1 21
79 1 48
26 1 21
69 2 30
2 2 6
29 1 28
21 1 34
11 1 1
45 1 10
34 2 5
1 1 5
14 1 43
48 2 30
23 1 22
42 2 5
18 1 16
3 1 38
26 1 1
44 2 45
19 1 32
15 2 12
30 1 20
27 1 21
30 1 12
30 1 53
1 1 33
54 2 22
26 1 19
16 1 11
1 1 37
12 2 22
5 2 3
20 2 22
7 1 1
23 1 79
4 2 42
50 1 61
54 1 23
6 1 1
26 1 3
44 1 10
15 2 70
3 1 4
8 2 3
43 2 48
3 1 37
25 1 17
15 1 11
40 1 7
29 1 33
51 1 19
9 2 13
33 1 27
37 1 19
69 1 43
1 2 43
19 1 29
3 2 30
1 1 3
45 1 18
10 1 8
53 1 52
14 1 3
14 1 13
50 2 23
34 1 33
1 1 28
40 1 2
55 1 51
20 1 21
23 1 12
27 1 3
19 1 3
23 1 56
53 2 73
23 1 20
34 1 3
40 1 6
25 2 23
3 1 1
73 1 72
10 2 3
21 1 32
21 1 4
21 1 3
10 1 1
11 1 49
12 2 53
55 1 30
70 1 69
1 2 33
18 1 17
4 2 32
5 2 42
1 2 37
5 2 4
1 4 3
28 1 26
1 2 5
14 1 10
4 2 29
13 1 1
17 2 16
3 2 43
1 1 4
34 1 1
45 1 1
24 1 9
5 2 29
8 2 10
38 1 21
12 1 11
19 1 1
53 1 48
9 2 10
21 1 5
9 2 1
44 1 3
30 1 24
1 7 3
51 2 30
23 1 54
52 1 30
1 2 38
19 1 5
4 2 5
21 1 29
23 1 15
24 2 44
43 1 19
24 1 23
20 1 19
45 1 9
1 2 28
41 1 21
50 1 43
8 2 1
4 2 3
4 2 1
14 1 41
40 1 39
1 1 38
26 2 27
79 1 30
1 2 41
39 1 8
21 1 42
29 1 3
22 2 20
12 2 24
7 2 6
11 1 9
50 1 48
2 1 3
15 2 20
16 2 17
44 1 23
13 2 3
29 1 1
13 2 1
18 2 23
41 1 19
56 6 45
6 2 7
1 2 4
22 1 19
23 1 55
3 2 49
11 1 10
3 2 38
? 1 github_java_program_data/6/276.java

49 1 21
19 1 34
23 1 53
69 1 41
24 1 18
7 1 3
17 1 11
11 1 1
16 1 14
69 2 23
4 2 3
70 1 30
19 1 42
48 2 52
11 1 3
41 2 51
30 1 58
12 2 15
1 2 28
41 1 14
43 1 21
44 1 25
58 1 21
30 1 15
48 1 21
72 1 23
19 1 4
3 1 5
22 1 21
3 2 28
54 1 69
56 1 19
52 2 57
53 1 51
11 1 41
23 1 73
3 2 37
15 1 14
51 2 72
13 2 3
54 1 50
12 2 70
5 2 34
33 1 26
15 2 54
23 1 70
27 1 19
30 1 73
10 2 1
51 2 52
11 1 13
43 1 14
37 1 21
21 1 1
14 1 8
18 2 30
69 1 61
70 1 50
48 2 61
24 1 1
73 1 51
41 2 48
30 1 22
30 1 20
48 1 19
15 2 22
3 2 41
3 4 1
3 2 43
14 1 10
11 1 49
4 2 5
70 2 15
38 1 19
44 1 9
3 2 4
12 1 14
75 1 19
30 1 70
23 1 45
23 1 15
25 1 16
3 2 5
61 1 21
8 2 13
30 1 95
30 1 54
26 1 21
69 2 30
73 1 76
50 2 30
29 1 28
21 1 34
43 1 11
1 2 25
1 1 5
14 1 43
45 1 3
12 2 24
18 1 16
3 1 38
34 1 33
44 2 45
19 1 32
76 1 23
57 1 23
30 1 12
30 1 53
29 2 4
1 1 33
53 1 57
41 1 11
26 1 19
1 1 37
5 2 3
20 2 22
7 1 1
21 1 29
52 1 23
34 2 4
50 1 61
54 1 23
70 1 69
26 1 3
69 1 48
3 1 4
3 7 1
43 2 48
3 1 37
23 1 22
43 2 51
5 2 32
1 2 18
15 1 11
40 1 7
58 6 45
41 1 19
23 1 54
56 6 44
9 2 13
33 1 27
37 1 19
69 1 43
1 2 43
19 1 29
3 2 30
1 1 3
45 1 18
73 2 22
45 1 8
53 1 52
14 1 3
3 2 18
14 1 13
50 2 23
69 1 51
21 1 3
1 1 28
40 1 2
4 2 32
20 1 21
27 1 3
7 2 39
19 1 3
6 1 3
23 1 12
12 2 54
2 2 6
2 1 1
23 1 20
23 1 24
4 2 42
19 1 1
40 1 6
25 2 23
67 1 3
14 1 1
73 1 72
10 2 3
21 1 32
21 1 4
22 2 20
10 1 1
70 1 23
5 2 1
13 1 3
1 2 33
18 1 17
5 2 42
1 2 37
5 2 4
1 4 3
28 1 26
50 1 51
1 2 5
3 5 1
4 2 29
13 1 1
15 2 12
45 1 30
1 2 23
72 1 30
1 1 4
34 1 1
67 1 30
1 5 3
5 2 29
38 1 21
12 1 11
6 1 1
51 2 61
53 1 48
9 2 10
21 1 5
29 2 5
14 1 49
23 1 56
1 7 3
3 2 33
73 1 48
52 1 30
1 2 38
19 1 5
39 2 67
1 2 68
54 1 30
24 1 23
10 1 3
24 2 44
49 1 19
43 1 19
61 1 19
20 1 19
73 2 53
41 1 21
50 1 43
8 2 1
53 2 20
4 2 1
14 1 41
50 1 41
11 1 43
40 1 39
1 1 38
23 1 78
7 2 6
48 2 72
3 1 1
4 2 34
39 1 1
39 1 23
1 2 41
75 1 21
21 1 42
22 1 19
29 1 3
40 1 67
44 1 13
54 2 12
24 1 8
34 1 3
51 2 75
11 1 9
23 1 44
50 1 48
72 2 76
48 2 75
54 2 56
16 2 17
44 1 23
14 1 68
29 1 1
13 2 1
18 2 23
69 1 75
54 2 58
22 2 53
51 1 19
45 1 13
44 1 1
6 2 7
39 1 8
1 2 4
51 1 21
3 2 49
68 1 19
11 1 10
3 2 38
? 1 github_java_program_data/6/295.java

19 1 34
30 1 70
23 1 53
29 2 4
69 1 41
41 1 14
43 2 51
17 1 11
5 2 1
43 1 11
12 2 55
16 1 1
69 2 23
53 2 20
70 1 30
38 1 19
48 2 52
11 1 3
50 1 75
45 1 23
68 1 21
12 2 15
3 1 28
43 1 21
39 1 3
63 1 3
27 2 26
30 1 15
48 1 21
72 1 23
37 1 19
19 1 4
3 1 5
22 1 21
44 1 8
54 1 69
3 1 33
42 2 4
12 2 24
1 2 63
49 1 19
11 1 41
1 2 18
3 2 37
15 1 14
3 2 68
13 2 3
54 1 50
5 2 34
33 1 26
28 1 27
23 1 70
100 1 19
99 2 56
27 1 19
3 5 1
30 1 73
10 2 1
34 1 28
22 2 15
56 6 45
3 2 43
70 2 22
11 1 13
43 1 14
37 1 21
21 1 1
56 1 21
14 1 8
18 2 30
99 1 21
70 1 50
48 2 61
17 1 14
54 2 22
24 1 1
73 1 51
58 1 19
14 1 3
30 1 22
30 1 20
48 1 19
40 1 39
3 2 23
3 2 41
3 4 1
12 2 73
3 1 18
14 1 1
11 1 49
4 2 5
19 1 42
44 1 9
3 2 4
12 1 14
79 2 58
29 2 5
23 1 45
10 1 3
3 2 33
25 1 16
52 1 23
45 2 44
29 1 3
30 1 54
26 1 21
69 2 30
73 1 52
73 1 76
50 2 30
29 1 28
21 1 34
11 1 1
45 1 10
34 2 5
1 1 5
14 1 43
48 2 30
45 1 3
42 2 5
18 1 16
3 1 38
26 1 1
76 1 23
44 2 45
19 1 32
15 2 12
23 1 99
1 1 28
30 1 12
30 1 53
6 1 1
1 1 33
51 2 52
23 1 12
30 1 55
41 1 11
8 2 10
26 1 19
4 2 32
1 1 37
34 1 33
20 2 22
5 2 3
30 1 79
7 1 1
53 1 57
7 2 39
6 1 3
34 2 4
30 1 58
54 1 23
70 1 69
34 2 42
26 1 3
44 1 10
99 2 12
3 1 4
8 2 3
43 2 48
3 1 37
25 2 30
23 1 22
5 2 32
25 1 17
24 2 44
15 1 11
40 1 7
29 1 33
51 1 19
100 2 58
57 1 23
9 2 13
33 1 27
16 1 5
69 1 43
1 2 43
19 1 29
1 1 3
44 1 18
45 1 8
53 1 52
16 1 63
3 2 18
14 1 13
72 2 57
32 2 5
50 2 23
69 1 51
21 1 3
27 1 21
40 1 2
16 1 11
20 1 21
45 1 25
27 1 3
19 1 3
30 1 100
23 1 56
12 2 54
99 2 15
2 2 6
20 2 15
2 1 1
1 4 3
23 1 20
23 1 24
4 2 42
34 1 3
40 1 6
25 2 23
15 2 79
3 1 1
73 1 72
10 2 3
21 1 32
21 1 4
22 2 20
10 1 1
70 1 23
30 1 99
16 1 14
55 1 30
13 1 3
99 2 100
1 2 33
18 1 17
27 1 1
5 2 42
1 2 37
9 2 8
5 2 4
3 2 25
28 1 26
20 2 70
1 2 5
79 1 51
4 2 29
13 1 1
17 2 16
1 2 25
72 1 30
1 1 4
34 1 1
45 1 1
58 6 44
3 2 28
1 5 3
5 2 29
63 2 5
38 1 21
12 1 11
19 1 1
50 1 61
15 2 53
9 2 10
21 1 5
55 1 48
44 1 3
3 7 1
1 7 3
24 1 25
23 1 54
52 1 30
1 2 38
19 1 5
99 1 19
54 1 30
61 1 19
23 1 15
24 1 30
53 1 51
43 1 19
21 1 29
20 1 19
73 2 53
1 2 28
41 1 21
50 1 43
8 2 1
4 2 3
3 2 5
14 1 41
39 1 8
11 1 43
14 1 10
53 1 72
1 1 38
23 1 78
26 2 27
48 2 72
4 2 34
79 1 23
39 1 23
1 2 41
75 1 21
21 1 42
8 2 13
4 2 1
44 1 13
24 1 8
51 2 72
73 1 48
44 1 30
11 1 9
23 1 44
50 1 48
32 2 4
72 2 76
100 2 99
48 2 75
55 2 20
12 2 22
14 1 68
29 1 1
13 2 1
51 2 23
69 1 75
23 1 100
22 2 53
41 1 19
45 1 13
7 2 6
22 2 54
44 1 1
6 2 7
1 2 4
51 2 75
22 1 19
3 2 49
100 1 21
11 1 10
3 2 38
70 2 58
? 1 github_java_program_data/6/330.java

19 1 34
12 1 14
23 1 53
69 1 41
41 1 14
17 1 11
18 1 17
69 2 23
20 2 53
38 1 19
48 2 52
11 1 3
41 2 51
30 1 58
12 2 15
1 2 28
43 1 21
87 1 26
30 1 15
48 1 21
23 1 15
19 1 4
3 1 5
22 1 21
3 2 28
1 5 3
56 1 19
49 1 19
11 1 41
60 1 21
23 1 73
3 2 37
15 1 14
51 2 72
54 1 50
12 2 70
33 1 26
15 2 54
28 1 27
27 2 26
27 1 19
30 1 73
10 2 1
34 1 28
26 1 1
51 2 52
11 1 13
43 1 14
37 1 21
21 1 1
48 2 61
17 1 14
73 1 51
44 1 8
58 6 45
30 1 22
48 1 19
3 2 41
3 4 1
3 2 43
14 1 10
5 2 1
19 1 42
3 2 4
30 1 70
10 1 3
25 1 16
3 2 5
61 1 21
70 2 73
30 1 54
13 2 3
30 1 71
1 1 5
14 1 43
23 1 22
18 1 16
3 1 38
34 1 33
44 2 45
19 1 32
30 1 20
57 1 23
30 1 12
30 1 53
1 1 38
41 1 11
30 1 60
26 1 19
4 2 32
87 2 30
1 1 37
22 2 12
5 2 3
20 2 22
50 2 23
52 1 23
50 1 61
54 1 23
70 1 69
26 1 3
44 1 10
3 7 1
43 2 48
3 1 37
25 1 17
1 2 18
15 1 11
29 1 33
41 1 19
56 6 44
44 1 87
33 1 27
37 1 19
1 2 43
19 1 29
1 1 3
44 1 18
53 1 52
14 1 3
14 1 13
72 2 57
1 2 25
69 1 51
21 1 3
1 1 28
16 1 11
20 1 21
45 1 25
27 1 3
19 1 3
23 1 12
58 1 21
23 1 20
15 2 73
19 1 1
14 1 1
73 1 72
26 2 27
21 1 32
3 1 28
21 1 4
22 2 20
10 1 1
70 1 23
11 1 49
16 1 14
12 2 53
13 1 3
1 2 33
43 1 19
27 1 1
5 2 42
1 2 37
1 4 3
28 1 26
1 2 5
3 5 1
4 2 29
13 1 1
17 2 16
45 1 30
72 1 30
1 1 4
34 1 1
45 1 1
5 2 29
8 2 10
38 1 21
12 1 11
53 1 48
9 2 13
21 1 5
54 2 20
23 1 56
1 7 3
73 1 48
52 1 30
1 2 38
19 1 5
40 1 44
21 1 29
4 2 5
53 1 51
18 2 87
20 1 19
45 1 9
41 1 21
50 1 43
4 2 3
4 2 1
14 1 41
50 1 41
11 1 43
10 2 3
40 1 45
48 2 72
3 1 1
4 2 34
1 2 41
75 1 21
21 1 42
25 2 30
34 1 3
51 2 75
44 1 30
50 1 48
73 1 57
16 2 17
26 1 21
29 1 1
13 2 1
69 1 75
54 2 58
51 1 19
45 1 13
44 1 1
1 2 4
22 1 19
3 2 49
11 1 10
3 2 38
? 1 github_java_program_data/6/336.java

19 1 34
12 1 14
23 1 53
24 1 18
43 2 51
3 2 28
3 2 25
1 2 30
11 1 1
43 1 19
70 1 30
38 1 19
11 1 3
30 1 45
45 1 23
12 2 15
15 2 24
43 1 21
39 1 30
30 1 15
48 1 21
72 1 23
19 1 4
3 1 5
22 1 21
1 5 3
23 1 22
53 1 51
11 1 41
3 2 37
15 1 14
54 1 50
23 1 70
30 1 44
30 1 73
10 2 1
13 1 1
43 1 14
37 1 21
21 1 1
56 1 21
48 2 61
17 1 14
44 1 8
41 2 48
30 1 22
48 1 19
11 1 13
3 2 41
14 1 1
5 2 1
4 2 5
19 1 42
3 2 4
54 2 20
10 1 3
3 2 5
61 1 21
8 2 13
45 2 44
29 1 3
30 1 54
13 2 3
69 2 30
50 2 30
29 1 28
43 1 11
45 1 10
51 2 52
14 1 43
45 1 3
18 1 16
24 1 3
3 1 38
34 1 33
44 2 45
19 1 32
15 2 12
30 1 20
3 4 1
30 1 12
1 1 38
41 1 11
1 1 37
30 1 56
5 2 3
20 2 22
50 2 23
4 2 42
50 1 61
54 1 23
70 1 69
44 1 10
3 1 4
30 1 24
43 2 48
3 1 37
5 2 32
58 1 19
8 2 1
58 6 45
41 1 19
56 6 44
44 1 25
37 1 19
69 1 43
1 2 43
19 1 29
1 1 3
45 1 18
53 1 52
14 1 3
3 2 18
14 1 13
1 2 25
69 1 51
21 1 3
16 1 11
20 1 21
19 1 3
23 1 12
23 1 20
19 1 1
25 2 23
3 1 1
73 1 72
21 1 32
21 1 4
22 2 20
10 1 1
13 1 3
1 2 33
18 1 17
5 2 42
1 2 37
1 4 3
1 2 5
3 5 1
4 2 29
23 1 54
23 1 58
1 1 4
34 1 1
24 1 9
8 2 10
38 1 21
12 1 11
9 2 10
21 1 5
44 1 3
3 7 1
1 7 3
73 1 48
52 1 30
1 2 38
19 1 5
54 1 30
24 1 23
4 2 1
24 2 44
61 1 19
20 1 19
45 1 9
38 2 37
41 1 21
50 1 43
9 2 3
4 2 3
14 1 41
50 1 41
11 1 43
40 1 39
10 2 3
48 2 72
39 1 1
1 2 41
75 1 21
21 1 42
22 1 19
25 2 30
44 1 13
51 2 75
44 1 30
50 1 48
32 2 4
16 2 17
44 1 23
12 2 70
13 2 1
18 2 23
69 1 75
51 1 19
44 1 1
39 1 8
1 2 4
51 1 21
11 1 10
3 2 38
? 1 github_java_program_data/6/397.java

51 1 21
19 1 34
12 1 14
43 2 51
3 2 28
11 1 1
18 1 17
69 2 23
70 1 30
19 1 42
48 2 52
11 1 3
45 1 23
4 2 34
12 2 15
1 2 28
43 1 21
27 1 19
34 1 33
30 1 15
48 1 21
72 1 23
19 1 4
3 1 5
22 1 21
54 1 69
23 1 22
11 1 41
51 2 61
15 1 14
20 2 70
54 1 50
5 2 34
33 1 26
15 2 54
28 1 27
23 1 70
27 2 26
39 1 3
3 5 1
30 1 73
10 2 1
22 2 15
11 1 13
43 1 14
21 1 1
18 2 30
70 1 50
48 2 61
17 1 14
3 2 33
44 1 8
30 1 22
48 1 19
15 2 22
3 2 23
3 2 41
3 4 1
20 2 15
14 1 1
5 2 1
44 1 9
3 2 4
75 1 19
30 1 70
21 1 42
23 1 15
3 2 5
61 1 21
45 2 44
29 1 3
30 1 54
13 2 3
69 2 30
50 2 30
29 1 28
21 1 34
43 1 11
3 1 28
14 1 43
22 2 73
3 1 33
42 2 5
18 1 16
5 2 29
26 1 1
44 2 45
19 1 32
30 1 20
27 1 21
30 1 12
1 1 33
26 1 19
4 2 32
29 2 4
12 2 22
5 2 3
20 2 22
50 2 23
12 1 11
34 2 4
50 1 61
54 1 23
26 1 3
44 1 10
69 1 48
3 1 4
8 2 3
43 2 48
3 1 37
5 2 32
15 1 11
51 1 19
14 2 11
33 1 27
19 1 3
69 1 43
1 2 43
19 1 29
1 1 3
44 1 18
45 1 8
53 1 52
14 1 3
3 2 18
14 1 13
1 2 25
69 1 51
21 1 3
1 1 28
40 1 2
16 1 11
20 1 21
45 1 25
27 1 3
30 1 53
23 1 12
2 1 1
23 1 20
4 2 42
19 1 1
40 1 6
9 2 8
3 1 1
73 1 72
26 2 27
21 1 32
21 1 4
22 2 20
10 1 1
70 1 23
13 1 3
1 2 33
20 2 12
43 1 19
27 1 1
5 2 42
1 2 37
6 2 39
42 2 4
28 1 26
50 1 51
1 2 5
14 1 10
4 2 29
13 1 1
15 2 12
3 2 43
1 1 4
34 1 1
45 1 1
1 5 3
8 2 10
52 1 23
6 1 1
53 1 48
21 1 5
54 2 20
25 2 23
44 1 3
3 7 1
1 7 3
73 1 48
19 1 5
54 1 30
21 1 29
10 1 3
39 1 23
61 1 19
20 1 19
45 1 9
1 4 3
1 1 5
41 1 21
50 1 43
4 2 3
4 2 1
14 1 41
11 1 43
40 1 39
10 2 3
48 2 72
1 2 41
39 1 8
23 1 45
8 2 13
34 1 3
51 2 75
44 1 30
23 1 44
50 1 48
48 2 75
15 2 20
16 2 17
2 2 6
26 1 21
29 1 1
13 2 1
69 1 75
22 2 53
41 1 19
45 1 13
1 2 4
22 1 19
11 1 10
? 1 github_java_program_data/6/423.java

19 1 34
51 1 21
23 1 60
64 2 23
23 1 53
69 1 41
41 1 14
7 1 3
50 1 43
17 1 11
3 2 25
12 2 22
16 1 14
69 2 23
6 2 7
70 1 30
19 1 42
48 2 52
11 1 3
3 2 64
45 1 23
30 1 58
12 2 15
3 1 28
1 2 43
43 1 21
27 1 19
43 2 51
58 1 21
30 1 15
48 1 21
72 1 23
19 1 4
3 1 5
22 1 21
3 2 28
54 1 69
56 1 19
11 1 13
53 1 51
11 1 41
10 2 1
23 1 73
27 1 63
15 1 14
51 2 72
54 1 50
12 2 70
5 2 34
14 1 9
33 1 26
15 2 54
28 1 27
23 1 70
27 2 26
39 1 3
30 1 73
60 1 21
34 1 28
16 1 3
73 2 58
23 1 62
40 1 44
3 2 43
70 2 22
13 1 1
3 1 18
45 1 8
21 1 1
56 1 21
18 2 30
70 1 50
17 1 14
54 2 22
3 2 33
73 1 51
58 1 19
41 2 48
30 1 22
76 1 23
48 1 19
77 1 1
49 1 21
3 4 1
43 1 14
14 1 1
5 2 1
4 2 5
3 1 33
44 1 9
3 2 4
12 1 14
22 2 15
29 2 5
53 2 60
21 1 42
23 1 15
58 6 45
25 1 16
3 2 5
110 1 30
45 2 44
29 1 3
10 2 3
30 1 54
26 1 21
19 1 97
73 1 52
50 2 30
29 1 28
21 1 34
11 1 1
3 2 63
45 1 10
34 2 5
1 1 5
14 1 43
45 1 3
1 1 33
18 1 16
24 1 3
5 2 29
26 1 1
44 2 45
19 1 32
15 2 12
30 1 20
27 1 21
44 1 13
64 1 77
63 1 1
51 2 52
30 1 60
26 1 19
4 2 32
29 2 4
30 1 56
5 2 3
20 2 22
25 2 30
7 2 39
52 1 23
34 2 4
50 1 61
54 1 23
26 1 3
44 1 10
69 1 48
3 1 4
8 2 3
25 1 17
23 1 22
44 1 3
15 2 58
5 2 32
56 6 45
1 2 18
11 1 8
15 1 11
40 1 7
29 1 33
51 1 19
23 1 54
10 1 9
39 2 45
56 6 44
9 2 10
33 1 27
19 1 3
19 1 110
19 1 29
1 1 3
44 1 18
10 1 8
53 1 52
14 1 3
3 2 18
48 2 75
14 1 13
72 2 57
1 2 25
34 1 33
1 1 28
40 1 2
16 1 11
20 1 21
3 2 41
45 1 25
27 1 3
30 1 53
58 6 44
6 1 3
23 1 12
2 2 6
15 2 24
8 2 10
23 1 20
23 1 24
4 2 42
34 1 3
18 1 17
9 2 8
3 1 1
73 1 72
26 2 27
21 1 32
21 1 4
22 2 20
97 1 30
18 2 23
39 1 64
51 2 61
12 2 53
13 1 3
1 2 33
43 1 19
27 1 1
1 2 49
5 2 42
12 2 20
5 2 4
1 4 3
28 1 26
50 1 51
1 2 5
3 5 1
4 2 29
97 1 51
23 1 58
45 1 30
72 1 30
1 1 4
34 1 1
45 1 1
1 5 3
60 1 19
21 1 3
12 1 11
19 1 1
57 1 30
53 1 48
40 1 6
21 1 5
30 1 12
14 1 49
25 2 23
23 1 56
3 7 1
1 7 3
17 2 16
24 1 25
73 1 48
52 1 30
19 1 5
17 1 1
54 1 30
61 1 19
10 1 3
24 2 44
39 1 23
53 1 76
21 1 29
110 1 51
20 1 19
73 2 53
1 2 28
41 1 21
24 1 23
4 2 3
30 1 62
14 1 41
11 1 43
14 1 10
53 1 72
9 2 13
40 1 45
48 2 72
15 2 56
4 2 34
48 2 76
1 2 41
23 1 45
8 2 13
4 2 1
10 1 1
24 1 8
40 1 39
44 1 30
23 1 44
15 2 73
32 2 4
2 1 3
53 2 58
73 1 57
15 2 20
16 2 17
44 1 23
13 2 3
29 1 1
13 2 1
62 1 19
69 1 75
41 1 19
45 1 13
44 1 1
53 2 56
51 2 30
1 2 4
22 1 19
22 2 56
11 1 10
? 1 github_java_program_data/6/424.java

51 1 21
12 1 14
23 1 60
90 1 89
23 1 53
3 7 1
69 1 41
41 1 14
7 1 3
17 1 11
3 2 25
43 1 11
16 1 14
69 2 23
53 2 20
70 1 30
38 1 19
83 1 18
30 1 21
90 1 23
11 1 3
41 2 51
68 1 21
12 2 15
1 2 28
51 2 61
43 1 21
22 2 70
44 1 25
87 1 26
48 1 21
72 1 23
19 1 4
3 1 5
6 2 39
22 1 21
3 2 28
54 1 69
23 1 22
52 2 57
11 1 68
49 1 19
11 1 41
83 1 23
23 1 73
3 2 37
15 1 14
51 2 72
54 1 50
12 2 70
5 2 34
33 1 26
15 2 54
28 1 27
23 1 70
27 2 26
27 1 19
73 2 58
30 1 73
60 1 21
34 1 28
26 1 1
89 1 30
23 2 89
51 2 52
70 2 22
11 1 13
43 1 14
37 1 21
21 1 1
56 1 21
18 2 30
69 1 61
70 1 50
48 2 61
17 1 14
54 2 22
3 2 33
73 1 51
44 1 8
41 2 48
30 1 22
48 1 19
3 2 41
19 2 21
20 2 54
14 1 10
11 1 49
4 2 5
19 1 42
44 1 9
3 2 4
34 1 1
30 1 70
48 2 52
23 1 45
23 1 15
58 6 45
25 1 16
30 1 84
61 1 21
70 2 73
45 2 44
29 1 3
19 1 30
26 1 21
73 1 76
50 2 30
29 1 28
21 1 34
11 1 1
1 2 25
1 1 5
14 1 43
45 1 3
42 2 5
18 1 16
3 1 38
34 1 33
44 2 45
19 1 32
15 2 12
30 1 20
1 1 28
30 1 12
30 1 53
1 1 33
53 1 57
41 1 11
26 1 19
23 1 90
1 1 37
22 2 12
5 2 3
20 2 22
12 2 53
52 1 23
50 1 61
9 2 13
54 1 23
70 1 69
26 1 3
44 1 10
69 1 48
15 2 70
3 1 4
8 2 3
43 2 48
3 1 37
25 2 30
44 1 3
5 2 32
84 1 83
15 1 11
40 1 7
29 1 33
41 1 19
25 1 17
23 1 54
56 6 44
44 1 87
33 1 27
37 1 19
69 1 43
1 2 43
19 1 29
1 1 3
44 1 18
10 1 8
53 1 52
14 1 3
3 2 18
14 1 13
32 2 5
58 1 19
69 1 51
21 1 3
27 1 21
37 2 38
16 1 11
20 1 21
19 1 34
45 1 25
27 1 3
19 1 3
6 1 3
23 1 12
22 2 90
20 2 15
3 4 1
23 1 20
4 2 42
34 1 3
40 1 6
25 2 23
14 1 1
73 1 72
10 2 3
21 1 32
21 1 4
22 2 20
10 1 1
70 1 23
30 2 83
30 1 58
89 1 18
13 1 3
1 2 33
18 1 17
4 2 32
5 2 42
12 2 20
1 2 37
5 2 4
1 4 3
28 1 26
50 1 51
1 2 5
3 5 1
13 1 1
13 1 9
17 2 16
45 1 30
1 2 23
3 2 43
1 1 4
76 1 30
45 1 1
29 2 5
52 1 30
1 5 3
5 2 29
38 1 21
12 1 11
19 1 1
57 1 30
53 1 48
9 2 10
21 1 5
54 2 20
87 2 23
23 1 56
3 1 33
1 7 3
10 2 1
13 2 1
73 1 48
3 1 1
1 2 38
19 1 5
54 1 30
61 1 19
10 1 3
53 1 51
43 1 19
21 1 29
18 2 87
20 1 19
45 1 9
38 2 37
41 1 21
50 1 43
8 2 1
4 2 3
3 2 5
14 1 41
50 1 41
11 1 43
40 1 39
1 1 38
26 2 27
48 2 72
15 2 56
4 2 34
39 1 1
3 2 68
39 1 23
1 2 41
75 1 21
21 1 42
8 2 13
43 2 51
4 2 1
44 1 13
7 2 6
5 2 1
23 1 44
50 1 48
32 2 4
72 2 76
48 2 75
15 2 20
84 1 30
16 2 17
44 1 23
13 2 3
29 1 1
30 1 19
18 2 23
69 1 75
70 2 20
75 1 19
51 1 19
45 1 13
22 2 54
44 1 1
6 2 7
39 1 8
1 2 4
9 2 3
51 2 75
22 1 19
3 2 49
11 1 10
3 2 38
20 2 60
20 2 70
? 1 github_java_program_data/6/429.java

19 1 34
51 1 21
23 1 53
3 7 1
69 1 41
41 1 14
70 1 69
16 1 1
70 1 30
19 1 42
11 1 3
30 1 45
45 1 23
30 1 58
12 2 15
1 2 28
43 1 21
39 1 30
27 1 19
30 1 15
48 1 21
72 1 23
40 1 39
3 1 5
22 1 21
3 2 28
54 1 69
23 1 22
12 2 24
11 1 68
49 1 19
11 1 41
70 2 54
15 1 14
3 2 30
54 1 50
5 2 34
33 1 26
15 2 54
28 1 27
23 1 70
30 1 44
39 1 3
30 1 73
10 2 1
34 1 28
51 2 52
27 2 26
43 1 14
21 1 1
56 1 21
14 1 8
18 2 30
69 1 61
70 1 50
48 2 61
17 1 14
24 1 1
58 1 19
41 2 48
30 1 22
48 1 19
3 4 1
3 1 18
14 1 1
5 2 1
44 1 9
3 2 4
12 1 14
34 1 1
30 1 70
10 1 3
3 2 33
25 1 16
3 2 5
61 1 21
29 1 3
29 2 4
26 1 21
69 2 30
50 2 30
29 1 28
21 1 34
11 1 1
1 2 25
34 2 5
1 1 5
14 1 43
3 1 33
54 2 22
18 1 16
5 2 29
26 1 1
44 2 45
19 1 32
15 2 12
30 1 20
27 1 21
30 1 12
1 1 33
55 2 22
30 1 55
41 1 11
26 1 19
55 1 51
55 1 23
5 2 3
20 2 22
7 1 1
7 2 39
52 1 23
34 2 4
4 2 34
54 1 23
6 1 1
26 1 3
69 1 48
15 2 70
3 1 4
30 1 24
43 2 48
25 1 17
20 2 56
56 6 45
15 1 11
40 1 7
29 1 33
51 1 19
23 1 54
9 2 13
33 1 27
19 1 3
69 1 43
1 2 43
19 1 29
54 2 70
1 1 3
44 1 18
45 1 8
53 1 52
14 1 3
3 2 18
4 2 32
14 1 13
50 2 23
34 1 33
1 1 28
40 1 2
16 1 11
20 1 21
45 1 25
27 1 3
30 1 53
58 6 44
23 1 12
2 1 1
23 1 20
4 2 42
34 1 3
40 1 6
25 2 23
3 1 1
73 1 72
26 2 27
21 1 32
3 1 28
21 1 4
22 2 20
10 1 1
70 1 23
13 1 3
1 2 33
19 1 4
18 1 17
27 1 1
5 2 42
1 4 3
28 1 26
1 2 5
3 5 1
4 2 29
13 1 1
17 2 16
3 2 43
1 1 4
75 1 19
45 1 1
1 5 3
21 1 3
12 1 11
19 1 1
70 2 56
22 2 15
9 2 10
21 1 5
29 2 5
14 1 49
23 1 56
8 2 3
1 7 3
24 1 25
73 1 48
52 1 30
19 1 5
15 2 55
1 2 68
54 1 30
21 1 29
23 1 15
24 2 44
53 1 51
43 1 19
24 1 23
20 1 19
41 1 21
8 2 1
4 2 3
4 2 1
14 1 41
50 1 41
11 1 43
14 1 10
10 2 3
1 2 18
7 2 6
48 2 72
1 2 41
39 1 8
21 1 42
8 2 13
44 1 13
24 1 8
44 1 30
11 1 9
48 2 75
2 2 6
13 2 3
29 1 1
13 2 1
51 2 23
69 1 75
22 2 53
41 1 19
45 1 13
44 1 1
6 2 7
1 2 4
22 1 19
3 2 49
68 1 19
11 1 10
? 1 github_java_program_data/6/517.java

19 1 34
12 1 14
23 1 53
3 7 1
69 1 41
24 1 18
70 1 69
70 1 30
19 1 42
11 1 3
3 2 64
4 2 34
12 2 15
1 2 28
43 1 21
39 1 30
27 1 19
44 1 25
30 1 15
48 1 21
72 1 23
19 1 4
3 1 5
22 1 21
3 2 28
1 5 3
23 1 22
30 1 78
53 1 51
11 1 41
23 1 73
3 2 37
65 1 1
54 1 50
5 2 34
33 1 26
15 2 54
28 1 27
23 1 70
30 1 44
39 1 3
10 2 1
51 2 52
11 1 13
43 1 14
37 1 21
21 1 1
56 1 21
48 2 61
3 2 33
44 1 8
30 1 22
48 1 19
15 2 22
49 1 21
3 4 1
12 2 73
72 1 30
14 1 10
5 2 1
38 1 19
3 2 4
29 2 5
72 2 57
10 1 3
3 2 5
61 1 21
29 1 3
30 1 54
13 2 3
69 2 30
29 1 28
21 1 34
11 1 1
1 2 25
34 2 5
1 1 5
14 1 43
3 1 33
63 1 1
18 1 16
24 1 3
3 1 38
21 1 3
30 1 20
1 1 28
30 1 12
29 2 4
1 1 38
55 2 22
30 1 55
41 1 11
26 1 19
55 1 51
55 1 23
22 2 12
5 2 3
20 2 22
7 1 1
7 2 39
6 1 3
34 2 4
50 1 61
54 1 23
6 1 1
26 1 3
14 1 68
3 1 4
30 1 24
43 2 48
3 1 37
5 2 32
15 1 11
40 1 7
51 1 19
65 2 8
1 1 37
23 1 54
10 1 9
56 6 44
33 1 27
37 1 19
1 2 43
19 1 29
1 1 3
27 2 26
53 1 52
14 1 3
3 2 18
64 1 63
73 2 53
34 1 33
27 1 21
40 1 2
16 1 11
20 1 21
3 2 41
53 2 12
19 1 3
23 1 12
2 2 6
73 2 56
2 1 1
23 1 20
15 2 73
34 1 3
40 1 6
29 1 1
14 1 1
73 1 72
26 2 27
21 1 32
21 1 4
22 2 20
10 1 1
51 2 23
39 1 64
13 1 3
1 2 33
20 2 12
43 1 19
4 2 32
5 2 42
1 2 37
5 2 4
1 4 3
28 1 26
20 2 70
1 2 5
3 5 1
4 2 29
13 1 1
15 2 12
3 2 43
1 1 4
34 1 1
24 1 9
5 2 29
38 1 21
12 1 11
19 1 1
57 1 30
21 1 5
25 2 23
23 1 56
8 2 3
1 7 3
73 1 48
52 1 30
1 2 38
19 1 5
15 2 55
1 2 68
4 2 5
24 1 23
23 1 15
24 2 44
54 2 15
21 1 29
20 1 19
44 1 65
41 1 21
50 1 43
4 2 3
4 2 1
14 1 41
39 1 8
11 1 43
40 1 39
10 2 3
7 2 6
48 2 72
3 1 1
1 2 41
15 1 14
21 1 42
8 2 13
50 2 23
44 1 13
64 2 30
50 1 48
73 1 57
44 1 23
26 1 21
11 1 49
13 2 1
18 2 23
41 1 19
44 1 1
6 2 7
9 2 3
1 2 4
22 1 19
3 2 49
68 1 19
11 1 10
3 2 38
? 1 github_java_program_data/6/543.java

19 1 34
12 1 14
23 1 53
69 1 41
41 1 14
3 2 28
43 1 19
69 2 23
70 1 30
19 1 42
48 2 52
11 1 3
30 1 45
64 1 77
45 1 23
68 1 21
12 2 15
1 1 5
43 1 21
39 1 30
45 1 65
44 1 25
30 1 15
34 1 3
72 1 23
19 1 4
3 1 5
22 1 21
54 1 69
23 1 22
49 1 19
11 1 41
10 2 1
15 1 14
51 2 72
53 2 22
54 1 50
12 2 70
5 2 34
33 1 26
15 2 54
28 1 27
66 2 9
23 1 70
30 1 44
27 1 19
3 5 1
30 1 73
44 1 18
11 1 13
45 1 8
21 1 1
56 1 21
13 1 8
69 1 61
70 1 50
48 2 61
17 1 14
54 2 22
3 2 33
73 1 51
58 1 19
41 2 48
54 2 56
48 1 19
77 1 1
20 2 15
14 1 1
11 1 49
44 1 9
3 2 4
10 1 3
58 6 45
3 2 5
61 1 21
8 2 13
29 1 3
13 2 3
50 2 30
29 1 28
21 1 34
11 1 1
1 2 25
34 2 5
3 1 28
14 1 43
45 1 3
42 2 5
18 1 16
80 2 33
5 2 29
26 1 1
44 2 45
19 1 32
15 2 12
30 1 20
3 4 1
65 2 9
30 1 12
1 1 33
41 1 11
30 1 60
26 1 19
1 2 4
30 1 56
5 2 3
7 1 1
65 1 3
4 2 42
4 2 34
26 2 27
44 1 66
26 1 3
14 1 68
69 1 48
1 2 28
8 2 3
25 2 30
44 1 3
15 1 11
40 1 7
6 2 67
41 1 19
65 2 8
10 1 9
56 6 44
33 1 27
1 2 43
19 1 29
67 1 64
80 1 1
1 1 3
45 1 18
10 1 8
53 1 52
14 1 3
3 2 18
32 2 5
50 2 23
67 1 3
34 1 33
27 1 21
40 1 2
16 1 11
20 1 21
27 1 3
19 1 3
4 2 39
23 1 12
2 2 6
2 1 1
23 1 20
19 1 1
40 1 6
3 1 1
73 1 72
54 1 23
21 1 32
21 1 4
22 2 20
10 1 1
5 2 1
13 1 3
39 1 33
1 2 33
18 1 17
27 1 1
5 2 4
1 4 3
28 1 26
1 2 5
44 1 10
13 1 1
13 1 9
23 1 58
3 2 43
1 1 4
34 1 1
66 1 3
67 1 30
1 5 3
60 1 19
21 1 3
12 1 11
6 1 1
21 1 39
53 1 48
9 2 10
21 1 5
3 1 4
9 2 1
23 1 56
23 1 54
52 1 30
19 1 5
4 2 5
21 1 29
23 1 15
67 1 8
20 1 19
44 1 65
41 1 21
8 2 1
4 2 3
4 2 1
14 1 41
50 1 41
11 1 43
14 1 10
10 2 3
7 2 6
3 2 68
1 2 41
65 1 1
21 1 42
22 1 19
40 1 67
3 2 64
44 1 30
64 2 30
15 2 73
16 2 17
44 1 23
26 1 21
29 1 1
13 2 1
18 2 23
29 2 4
45 1 13
22 2 54
44 1 1
6 2 7
9 2 3
39 1 80
51 1 21
3 2 49
33 2 30
? 1 github_java_program_data/6/553.java

19 1 34
12 1 14
23 1 60
41 2 48
3 7 1
69 1 41
24 1 18
17 1 11
3 2 25
12 2 31
18 1 17
53 2 20
19 1 42
48 2 52
39 2 15
11 1 3
30 1 45
3 2 64
45 1 23
4 2 34
12 2 15
1 1 5
41 1 14
43 1 21
39 1 30
45 1 65
34 1 33
27 2 26
30 1 15
48 1 21
19 1 4
3 1 5
22 1 21
3 2 28
54 1 69
23 1 22
53 1 51
11 1 41
31 1 3
1 2 18
3 2 37
15 1 14
3 2 30
13 2 1
5 2 34
14 1 9
33 1 26
28 1 27
15 2 53
23 1 70
30 1 44
27 1 19
39 1 3
41 2 51
30 1 73
60 1 21
69 1 51
51 2 52
77 1 1
37 1 21
21 1 1
13 1 8
18 2 30
70 1 50
48 2 61
24 1 1
44 1 8
11 2 14
30 1 22
13 2 3
48 1 19
11 1 13
3 2 41
3 2 43
14 1 10
5 2 1
31 1 9
38 1 19
3 2 4
34 1 1
23 1 15
3 2 5
61 1 21
8 2 13
67 1 30
30 1 12
69 2 30
50 2 30
29 1 28
21 1 34
11 1 1
3 1 28
14 1 43
45 1 3
12 2 24
18 1 16
3 1 38
26 1 1
44 2 45
19 1 32
15 2 12
30 1 20
3 4 1
65 2 9
64 1 77
30 1 53
1 1 33
41 1 11
26 1 19
31 2 44
1 1 37
5 2 3
20 2 22
50 2 23
21 1 29
52 1 23
50 1 61
26 2 27
3 2 33
4 2 5
3 1 4
30 1 24
3 1 37
5 2 32
25 1 17
11 1 8
15 1 11
51 1 19
23 1 54
14 2 11
9 2 13
33 1 27
37 1 19
1 2 43
19 1 29
67 1 64
1 1 3
44 1 18
53 1 52
14 1 3
14 1 13
73 2 53
67 1 3
21 1 3
27 1 21
40 1 2
20 1 21
70 2 54
45 1 25
29 1 3
19 1 3
30 1 39
31 1 25
2 1 1
23 1 20
4 2 42
22 2 70
19 1 1
31 1 23
25 2 23
14 1 1
73 1 72
10 2 3
21 1 32
21 1 4
22 2 20
10 1 1
70 1 23
13 1 3
1 2 33
39 1 9
16 1 14
1 2 37
1 4 3
28 1 26
50 1 51
1 2 5
3 5 1
4 2 29
13 1 1
17 2 16
72 1 30
1 1 4
75 1 19
24 1 9
1 5 3
5 2 29
8 2 10
38 1 21
12 1 11
56 1 19
51 2 61
53 1 48
21 1 5
9 2 1
23 1 56
8 2 3
1 7 3
10 2 1
73 1 48
3 1 1
1 2 38
19 1 5
54 1 30
61 1 19
10 1 3
43 1 19
67 1 8
24 1 23
20 1 19
45 1 9
1 2 28
41 1 21
30 1 31
4 2 3
4 2 1
14 1 41
50 1 41
11 1 43
1 1 38
23 1 78
48 2 72
1 2 41
65 1 1
22 1 19
30 1 95
40 1 67
44 1 13
34 1 3
51 2 75
44 1 30
64 2 30
50 1 48
15 2 20
54 2 56
16 2 17
26 1 21
29 1 1
54 1 50
18 2 23
69 1 75
15 2 73
45 1 13
56 6 45
44 1 1
9 2 3
1 2 4
51 1 21
11 1 10
3 2 38
2 2 67
? 1 github_java_program_data/6/572.java

19 1 34
12 1 14
90 1 89
83 1 18
22 2 84
41 1 14
7 1 3
3 2 28
30 2 89
12 2 55
43 1 19
84 2 56
7 2 6
19 1 42
14 2 11
30 1 84
55 2 20
11 1 3
73 2 20
4 2 34
12 2 15
1 2 28
43 1 21
30 1 15
48 1 21
19 1 4
3 1 5
6 2 39
22 1 21
1 5 3
56 1 19
3 2 25
53 1 51
11 1 41
83 1 23
83 1 30
3 2 37
15 1 14
54 1 50
5 2 34
33 1 26
28 1 27
27 2 26
27 1 19
30 1 73
10 2 1
53 2 73
51 2 52
11 1 13
37 1 21
21 1 1
18 2 30
17 1 14
54 2 22
3 2 33
44 1 8
30 1 22
30 1 20
48 1 19
15 2 22
9 2 8
3 2 41
3 4 1
3 2 43
14 1 10
5 2 1
4 2 5
38 1 19
44 1 9
3 2 4
22 2 15
21 1 42
23 1 15
25 1 16
3 2 5
29 1 3
29 2 4
26 1 21
73 1 76
50 2 30
29 1 28
21 1 34
11 1 1
45 1 10
34 2 5
1 1 5
14 1 43
45 1 3
42 2 5
18 1 16
1 2 49
3 1 38
34 1 33
44 2 45
19 1 32
76 1 23
57 1 23
30 1 12
30 1 53
1 1 38
89 1 23
30 1 55
48 2 23
26 1 19
53 2 90
1 1 37
30 1 56
90 1 30
20 2 22
25 2 30
52 1 23
26 2 27
84 1 23
44 1 10
3 1 4
3 7 1
3 1 37
23 1 22
5 2 32
25 1 17
15 1 11
40 1 7
51 1 19
55 1 23
23 2 83
33 1 27
37 1 19
1 2 43
19 1 29
1 1 3
44 1 18
5 2 3
45 1 8
53 1 52
14 1 3
14 1 13
72 2 57
21 1 3
27 1 21
37 2 38
16 1 11
20 1 21
45 1 25
19 1 3
6 1 3
20 2 54
23 1 20
15 2 73
4 2 42
19 1 1
40 1 6
25 2 23
14 1 1
73 1 72
21 1 32
1 7 3
21 1 4
22 2 20
10 1 1
83 1 25
89 1 18
13 1 3
1 2 33
16 1 14
4 2 32
20 2 84
5 2 42
12 2 20
1 2 37
51 1 21
5 2 4
1 4 3
28 1 26
1 2 5
3 5 1
4 2 29
13 1 1
15 2 12
45 1 30
1 2 23
72 1 30
1 1 4
34 1 1
5 2 29
8 2 10
38 1 21
12 1 11
84 1 83
15 2 53
21 1 5
30 1 90
14 1 49
55 1 48
84 2 20
17 2 16
23 1 54
3 1 1
1 2 38
19 1 5
90 2 20
54 1 30
21 1 29
10 1 3
49 1 19
39 1 23
23 1 44
20 1 19
45 1 9
38 2 37
41 1 21
8 2 1
4 2 3
4 2 1
14 1 41
50 1 41
11 1 43
40 1 39
10 2 3
1 2 18
48 2 72
39 1 1
1 2 41
39 1 8
23 1 45
34 1 3
73 1 48
44 1 30
30 2 83
32 2 4
72 2 76
73 1 57
84 1 30
16 2 17
12 2 22
13 2 3
29 1 1
13 2 1
18 2 23
23 1 84
22 2 53
41 1 19
56 6 45
44 1 1
6 2 7
1 2 4
22 1 19
11 1 10
3 2 38
? 1 github_java_program_data/6/64.java

19 1 34
3 4 1
33 1 27
37 1 19
69 1 43
28 1 27
19 1 29
48 1 19
43 1 11
44 1 18
70 1 30
38 1 19
29 2 38
11 1 3
21 1 3
27 1 21
40 1 2
37 2 38
16 1 11
20 1 21
1 2 37
1 1 5
3 2 38
19 1 3
43 1 21
16 2 17
43 2 51
30 1 15
48 1 21
2 1 1
3 1 5
23 1 20
3 2 28
1 5 3
19 1 1
40 1 6
29 2 37
14 1 10
11 1 41
10 2 1
1 4 3
1 2 18
21 1 4
15 1 14
5 2 1
54 1 50
5 2 34
13 1 3
33 1 26
15 2 54
19 1 4
18 1 17
23 1 70
1 1 3
27 1 19
6 2 39
1 2 43
28 1 26
1 2 5
3 5 1
13 1 1
11 1 13
43 1 14
37 1 21
21 1 1
18 2 30
3 2 4
21 1 37
48 2 61
8 2 10
38 1 21
12 1 11
70 1 69
44 1 8
13 2 3
21 1 5
1 2 23
3 2 41
9 2 8
14 1 1
1 7 3
1 2 41
13 2 1
1 1 4
3 2 33
44 1 9
3 1 1
1 2 38
19 1 5
39 1 1
10 1 3
61 1 19
4 2 1
61 1 21
39 1 23
29 1 3
21 1 29
30 1 54
26 1 21
69 2 30
1 2 28
29 1 28
41 1 21
50 1 43
11 1 1
4 2 3
3 2 5
34 2 37
14 1 41
14 1 43
40 1 39
69 1 51
1 1 38
18 1 16
3 1 38
34 1 33
3 2 37
19 1 32
5 2 29
19 1 37
75 1 21
21 1 42
30 1 12
34 1 3
51 2 75
44 1 30
26 1 19
23 1 44
44 1 1
1 1 37
17 1 14
5 2 3
26 2 27
50 2 23
6 1 3
2 2 6
50 1 61
29 1 1
54 1 23
69 1 75
41 1 19
44 1 10
51 1 19
3 1 4
3 7 1
43 2 48
3 1 37
39 1 8
1 2 4
12 2 15
8 2 1
19 1 38
50 1 48
? 1 github_java_program_data/6/70.java

