53 1 52
5 2 32
3 2 25
67 1 3
26 1 19
28 1 26
30 1 24
3 1 28
8 2 3
1 2 5
84 1 83
30 1 58
14 1 8
44 1 23
72 1 30
23 1 22
23 1 20
33 1 26
11 1 3
24 2 44
52 1 23
3 2 41
4 2 34
72 2 81
43 1 21
20 2 53
21 1 5
11 1 43
15 2 39
34 2 5
29 1 33
6 1 1
1 1 4
73 1 76
21 1 29
89 1 30
53 1 76
9 2 8
64 1 1
17 2 16
73 2 58
44 1 10
90 2 56
27 1 19
12 1 14
12 2 53
18 1 17
81 2 76
29 1 28
44 1 3
80 1 1
48 1 21
84 2 58
19 1 34
30 1 39
3 1 4
15 1 14
24 1 25
42 2 5
17 1 14
23 1 73
13 1 1
58 1 21
45 1 9
45 1 23
56 1 19
20 1 21
21 1 1
110 1 51
27 1 21
56 6 45
1 2 4
14 1 43
4 2 3
11 1 1
4 2 29
22 2 20
3 1 5
19 1 3
1 2 33
23 1 31
6 2 67
3 1 18
20 2 22
18 2 23
34 1 28
30 1 53
31 1 3
76 1 23
45 1 25
84 1 30
21 1 3
20 2 56
14 1 3
73 2 53
73 1 52
51 2 72
73 1 82
3 2 80
5 2 1
67 1 30
56 1 21
39 1 8
60 1 21
19 1 1
63 1 1
45 1 3
53 1 72
43 1 19
58 1 19
1 1 5
14 1 1
17 1 1
2 2 6
45 2 44
1 2 18
10 1 1
81 2 82
3 2 64
53 1 57
31 1 18
15 2 12
3 2 43
30 2 83
3 7 1
51 1 21
13 2 3
44 2 45
9 2 10
16 2 17
12 2 73
20 2 73
5 2 34
19 1 32
52 2 57
9 2 13
15 2 24
30 1 73
110 1 57
5 2 42
23 1 15
19 1 5
5 2 4
1 1 28
1 2 25
3 1 33
15 2 53
27 1 80
9 2 3
28 1 27
23 1 24
5 2 110
64 1 3
27 1 3
22 1 21
72 2 76
44 1 18
11 1 10
16 1 11
18 1 16
34 2 4
26 1 1
44 1 25
72 1 21
30 1 84
3 2 23
3 2 5
39 2 24
48 2 72
17 1 11
57 1 19
27 1 1
72 2 57
39 1 23
44 1 1
16 1 64
23 1 12
1 2 41
23 1 53
51 2 52
27 2 26
2 1 1
20 1 19
30 1 15
48 1 19
1 7 3
3 1 25
97 1 57
26 2 27
52 1 30
57 1 21
39 1 3
1 1 18
11 1 9
4 2 42
3 4 1
11 1 41
19 1 4
1 5 3
3 2 4
97 1 52
34 1 3
83 1 23
44 1 13
23 1 90
16 1 14
45 1 13
53 2 15
40 1 2
23 2 89
83 1 18
51 1 19
25 1 16
27 1 64
3 2 33
73 1 51
11 1 13
26 1 3
53 1 51
3 1 1
4 2 5
15 2 73
41 1 21
22 2 73
1 2 28
110 1 72
21 1 34
73 1 48
58 6 44
44 1 8
12 2 15
1 4 3
53 1 48
23 1 58
24 1 30
24 1 9
21 1 4
32 2 5
25 1 17
34 1 33
97 1 48
21 1 32
3 2 18
22 2 60
45 1 30
67 1 8
34 1 1
39 1 9
29 2 5
29 1 1
24 1 23
90 1 89
30 1 44
19 1 29
14 1 10
76 1 30
82 1 53
73 1 72
14 1 41
30 1 20
30 1 45
19 1 42
58 6 45
15 1 11
13 2 1
52 2 76
23 1 56
56 6 44
19 1 97
30 1 62
4 2 32
10 1 3
52 1 19
29 1 3
3 2 28
45 1 1
3 2 30
21 1 110
24 2 31
12 2 20
40 1 67
1 1 33
29 2 4
1 2 43
73 2 22
17 1 63
1 1 3
14 1 13
30 1 22
45 1 10
81 1 53
8 2 13
25 2 30
1 2 64
40 1 6
73 2 56
33 1 27
73 2 20
1 2 63
53 2 73
31 1 30
90 1 23
52 2 81
4 2 1
21 1 42
89 1 18
73 1 57
22 1 19
10 2 1
52 2 82
30 1 12
82 1 73
73 2 12
12 1 11
8 2 10
22 2 53
62 1 19
24 1 1
5 2 3
22 2 62
13 1 3
22 2 56
57 1 30
30 1 56
5 2 29
53 1 82
82 2 76
26 1 21
16 1 1
10 2 3
73 1 81
25 2 23
24 1 3
3 5 1
53 2 20
15 2 20
22 2 58
41 1 19
23 1 60
18 2 30
48 2 52
72 1 23
? 1 github_java_program_data/5/103.java

44 2 12
24 1 18
5 2 32
3 2 25
51 2 52
55 1 23
8 2 25
44 1 65
23 1 79
26 1 19
27 2 26
2 1 1
56 6 44
81 1 73
28 1 26
48 1 19
30 1 24
3 1 25
97 1 57
3 1 28
82 2 81
80 1 3
52 1 30
57 1 21
1 1 18
30 1 58
44 1 23
72 1 30
3 2 23
23 1 22
23 1 20
33 1 26
8 2 9
39 1 8
4 2 42
52 1 23
3 4 1
15 1 11
11 1 41
4 2 34
67 1 3
11 1 10
72 2 81
30 1 22
43 1 21
25 2 10
3 2 4
21 1 5
97 1 52
56 1 19
34 1 3
65 1 1
34 2 5
29 1 33
44 1 13
26 1 1
3 2 80
73 1 76
48 2 30
27 1 1
21 1 29
23 1 24
45 1 13
26 1 64
1 2 37
9 2 8
64 1 1
30 1 55
96 1 3
96 1 1
44 1 18
5 2 42
73 2 79
51 1 19
1 4 3
79 1 30
23 1 44
25 1 16
44 1 10
76 1 21
3 2 33
73 1 51
16 1 96
27 1 19
11 1 13
12 1 14
26 1 3
53 1 51
23 1 56
22 1 19
8 2 18
3 2 96
18 1 17
81 2 76
29 1 28
41 1 21
3 2 64
22 2 73
1 2 28
8 2 3
80 1 1
48 1 21
15 2 44
26 2 27
34 2 4
19 1 34
23 1 39
21 1 34
27 1 21
15 1 14
73 1 48
58 6 44
24 1 25
24 1 3
12 2 15
17 1 14
53 1 48
23 1 73
13 1 1
58 1 21
8 2 13
23 1 58
3 2 43
44 1 3
21 1 4
51 2 72
20 1 21
25 1 17
34 1 33
97 1 48
21 1 1
110 1 51
21 1 32
3 1 4
56 6 45
3 2 18
1 2 4
97 1 72
4 2 3
45 1 30
67 1 8
11 1 1
34 1 1
39 1 9
22 2 20
29 2 5
25 2 13
29 1 1
23 1 45
19 1 3
24 1 23
5 2 34
53 2 55
1 2 33
57 1 23
19 1 29
79 1 48
53 1 52
3 1 18
19 1 110
55 1 48
17 1 63
34 1 28
30 1 53
11 1 3
76 1 30
82 1 53
73 1 72
76 1 23
30 1 15
1 1 5
45 1 25
1 2 96
30 1 20
21 1 3
19 1 42
20 2 56
58 6 45
14 1 3
48 2 23
3 2 63
20 2 53
73 1 52
19 1 4
2 2 67
16 1 63
52 2 76
17 1 3
40 1 2
16 1 3
1 1 25
56 1 21
3 1 1
3 1 5
13 2 1
63 1 1
81 2 57
19 1 97
53 1 72
4 2 32
58 1 19
10 1 3
33 1 27
63 1 3
29 1 3
31 1 25
52 1 19
14 1 1
17 1 1
67 1 23
26 1 80
12 2 20
45 1 1
3 2 28
10 1 1
30 1 31
30 1 44
110 1 52
24 2 31
45 2 44
15 2 12
40 1 67
12 2 45
10 2 3
1 1 33
26 1 21
45 1 3
14 1 10
31 1 30
3 7 1
51 1 21
48 2 72
31 1 1
14 1 13
13 2 3
1 1 4
44 2 45
9 2 10
20 2 22
16 2 17
1 1 3
3 1 37
23 1 53
45 1 10
81 1 53
24 2 45
18 2 23
45 1 9
1 5 3
25 2 30
1 2 64
19 1 32
72 1 19
55 1 51
52 2 57
1 2 80
9 2 13
19 1 1
30 1 73
53 2 22
1 2 63
51 2 23
1 2 25
3 1 33
39 1 30
53 1 81
23 1 15
19 1 5
3 5 1
1 1 28
1 2 18
79 2 58
27 1 64
21 1 42
72 2 82
11 1 43
18 1 16
10 2 1
17 2 16
30 1 12
28 1 27
20 1 19
8 2 1
64 1 3
18 2 13
12 1 11
27 1 3
22 1 21
17 1 96
8 2 10
4 2 29
1 2 30
24 1 1
24 1 8
5 2 3
31 2 12
16 1 11
13 1 3
22 2 56
30 1 56
53 1 57
5 2 29
53 1 82
4 2 1
1 2 5
44 1 25
55 2 58
39 1 1
1 7 3
45 1 8
29 2 4
16 1 64
16 1 1
14 1 9
3 2 5
110 1 76
1 2 41
39 2 24
73 1 81
72 2 76
17 1 11
25 2 23
5 2 1
44 1 8
16 1 14
72 2 57
65 2 9
15 2 20
45 1 18
22 2 58
44 1 1
57 1 30
44 1 9
18 2 30
16 1 80
48 2 52
14 1 41
72 1 23
23 1 12
? 1 github_java_program_data/5/11.java

53 1 52
5 2 32
1 2 5
28 1 27
26 1 19
27 2 26
1 2 23
28 1 26
48 1 19
1 7 3
3 5 1
26 2 27
52 1 30
12 2 15
20 1 21
30 1 58
69 1 48
44 1 23
72 1 30
23 1 22
23 1 20
33 1 26
8 2 9
11 1 3
4 2 42
52 1 23
3 4 1
15 1 11
3 2 43
4 2 34
72 2 81
13 2 1
43 1 21
3 2 4
21 1 5
97 1 52
72 2 76
34 1 3
17 2 16
34 2 5
12 2 22
44 1 13
1 1 4
73 1 76
97 1 51
21 1 29
45 1 13
32 2 5
9 2 8
30 1 15
51 1 19
41 2 51
50 1 61
5 2 1
25 1 16
44 1 10
76 1 21
51 2 61
3 2 33
73 1 51
27 1 19
56 1 21
12 1 14
5 2 3
53 1 51
40 1 39
23 1 56
1 2 3
30 1 70
4 2 5
18 1 17
29 1 28
22 2 73
73 2 53
54 1 23
56 6 44
48 1 21
15 2 44
34 2 4
19 1 34
20 2 73
21 1 34
5 2 21
27 1 21
15 1 14
30 1 54
73 1 48
58 6 44
44 1 8
51 2 30
17 1 14
53 1 48
23 1 73
13 1 1
19 2 5
58 1 21
8 2 13
23 1 58
45 1 23
56 1 19
21 1 4
51 2 72
45 1 3
25 1 17
34 1 33
21 1 1
57 1 30
55 1 30
21 1 32
14 1 3
3 1 4
56 6 45
1 2 4
51 2 52
14 1 43
45 1 30
4 2 3
11 1 1
69 1 75
15 2 22
4 2 29
22 2 20
29 2 5
3 1 5
23 1 45
19 1 3
33 1 27
3 2 25
1 2 33
57 1 23
50 1 51
19 1 29
14 1 10
18 1 16
20 2 22
18 2 23
30 1 53
50 2 23
76 1 30
13 2 3
82 1 53
73 1 72
75 1 21
34 1 1
76 1 23
14 1 41
45 1 25
30 1 20
21 1 3
19 1 42
20 2 56
58 6 45
22 1 21
1 5 3
20 2 53
73 1 52
19 1 4
52 2 76
73 1 82
22 2 54
23 1 44
11 1 13
3 1 1
29 1 1
70 1 69
19 1 97
53 1 72
4 2 32
58 1 19
14 1 1
1 1 5
82 2 76
52 1 19
10 1 3
29 1 3
3 2 28
54 1 50
12 2 20
45 1 1
23 1 55
10 1 1
81 2 82
53 1 57
70 1 23
45 2 44
15 2 12
10 2 3
26 1 21
3 7 1
51 1 21
1 1 3
14 1 13
1 2 28
30 1 22
44 2 45
9 2 10
48 2 72
16 2 17
3 1 37
39 1 8
45 1 10
81 1 53
43 2 48
45 1 9
61 1 21
25 2 23
25 2 30
5 2 34
19 1 32
5 2 4
55 1 51
52 2 57
9 2 13
19 1 1
73 2 20
53 2 22
1 2 25
5 2 42
53 1 81
23 1 15
19 1 5
52 2 81
30 1 73
1 2 18
21 1 42
73 1 57
22 1 19
10 2 1
52 2 82
50 1 41
23 1 53
20 1 19
8 2 1
61 1 19
12 1 11
8 2 10
1 2 37
44 1 18
11 1 10
53 2 56
16 1 11
13 1 3
22 2 56
41 1 19
30 1 56
61 1 5
5 2 29
53 1 82
4 2 1
48 2 75
39 1 1
1 4 3
81 2 57
29 2 4
3 2 5
45 1 8
1 2 41
3 2 1
73 1 81
17 1 11
69 1 43
54 2 70
82 1 73
72 2 57
44 1 30
39 1 23
22 2 58
44 1 1
97 1 76
69 2 23
44 1 9
18 2 30
48 2 52
30 1 12
72 1 23
23 1 12
? 1 github_java_program_data/5/113.java

6 2 39
1 2 5
26 1 19
27 2 26
2 1 1
28 1 26
83 1 25
1 2 41
84 1 83
7 2 6
20 1 21
84 2 22
44 1 23
11 1 8
23 1 20
33 1 26
11 1 3
6 2 7
3 2 41
11 1 41
4 2 34
13 2 1
43 1 21
3 2 4
21 1 5
12 2 44
23 2 83
30 1 45
34 1 3
34 2 5
3 2 37
44 1 13
30 1 22
16 1 14
21 1 29
45 1 13
7 1 3
9 2 8
30 1 15
23 1 84
3 4 1
3 2 33
27 1 19
40 1 39
89 2 83
18 1 17
29 1 28
41 1 21
1 2 28
84 1 23
26 2 27
19 1 34
30 1 19
21 1 34
27 1 21
15 1 14
4 2 1
44 1 8
12 2 15
1 4 3
13 1 1
8 2 13
3 2 43
21 1 4
83 2 89
25 1 17
34 1 33
21 1 1
21 1 32
3 1 4
1 2 4
14 1 43
45 1 30
4 2 3
11 1 1
34 1 1
4 2 29
22 2 20
29 2 5
3 1 5
19 1 3
33 1 27
1 2 33
30 1 44
19 1 29
14 1 10
20 2 22
18 2 23
89 1 23
23 1 22
15 2 22
45 1 25
1 2 18
40 1 7
21 1 3
19 1 42
14 1 3
19 1 4
40 1 2
5 2 1
11 1 13
3 1 1
29 1 1
43 1 19
14 1 1
1 1 5
10 1 3
29 1 3
3 2 28
2 2 6
12 2 20
21 1 46
45 1 1
10 1 1
40 1 6
45 2 44
15 2 12
3 2 5
26 1 21
1 2 43
1 1 3
14 1 13
13 2 3
1 1 4
44 2 45
16 2 17
46 1 30
39 1 8
11 1 9
45 1 9
1 5 3
25 2 30
5 2 34
19 1 32
44 1 9
19 1 1
3 1 33
39 1 30
22 2 15
23 1 15
19 1 5
1 1 28
1 2 25
21 1 42
89 1 18
1 1 37
18 1 16
10 2 1
46 1 25
30 1 12
28 1 27
20 1 19
8 2 1
12 1 11
22 1 21
8 2 10
1 2 30
44 1 18
11 1 10
5 2 3
13 1 3
22 1 19
83 1 30
34 2 4
5 2 29
84 1 89
39 1 1
6 1 3
29 2 4
10 2 3
45 1 8
17 1 11
30 1 20
27 1 1
3 5 1
44 1 1
41 1 19
20 2 15
23 1 12
? 1 github_java_program_data/5/129.java

53 1 52
5 2 32
1 2 5
28 1 27
26 1 19
27 2 26
1 2 23
28 1 26
48 1 19
1 7 3
3 5 1
26 2 27
52 1 30
12 2 15
20 1 21
30 1 58
69 1 48
44 1 23
72 1 30
23 1 22
23 1 20
33 1 26
8 2 9
11 1 3
4 2 42
52 1 23
3 4 1
15 1 11
3 2 43
4 2 34
72 2 81
13 2 1
43 1 21
3 2 4
21 1 5
97 1 52
72 2 76
34 1 3
17 2 16
34 2 5
12 2 22
44 1 13
1 1 4
73 1 76
97 1 51
21 1 29
45 1 13
32 2 5
9 2 8
30 1 15
51 1 19
41 2 51
50 1 61
5 2 1
25 1 16
44 1 10
76 1 21
51 2 61
3 2 33
73 1 51
27 1 19
56 1 21
12 1 14
5 2 3
53 1 51
40 1 39
23 1 56
1 2 3
30 1 70
4 2 5
18 1 17
29 1 28
22 2 73
73 2 53
54 1 23
56 6 44
48 1 21
15 2 44
34 2 4
19 1 34
20 2 73
21 1 34
5 2 21
27 1 21
15 1 14
30 1 54
73 1 48
58 6 44
44 1 8
51 2 30
17 1 14
53 1 48
23 1 73
13 1 1
19 2 5
58 1 21
8 2 13
23 1 58
45 1 23
56 1 19
21 1 4
51 2 72
45 1 3
25 1 17
34 1 33
21 1 1
57 1 30
55 1 30
21 1 32
14 1 3
3 1 4
56 6 45
1 2 4
51 2 52
14 1 43
45 1 30
4 2 3
11 1 1
69 1 75
15 2 22
4 2 29
22 2 20
29 2 5
3 1 5
23 1 45
19 1 3
33 1 27
3 2 25
1 2 33
57 1 23
50 1 51
19 1 29
14 1 10
18 1 16
20 2 22
18 2 23
30 1 53
50 2 23
76 1 30
13 2 3
82 1 53
73 1 72
75 1 21
34 1 1
76 1 23
14 1 41
45 1 25
30 1 20
21 1 3
19 1 42
20 2 56
58 6 45
22 1 21
1 5 3
20 2 53
73 1 52
19 1 4
52 2 76
73 1 82
22 2 54
23 1 44
11 1 13
3 1 1
29 1 1
70 1 69
19 1 97
53 1 72
4 2 32
58 1 19
14 1 1
1 1 5
82 2 76
52 1 19
10 1 3
29 1 3
3 2 28
54 1 50
12 2 20
45 1 1
23 1 55
10 1 1
81 2 82
53 1 57
70 1 23
45 2 44
15 2 12
10 2 3
26 1 21
3 7 1
51 1 21
1 1 3
14 1 13
1 2 28
30 1 22
44 2 45
9 2 10
48 2 72
16 2 17
3 1 37
39 1 8
45 1 10
81 1 53
43 2 48
45 1 9
61 1 21
25 2 23
25 2 30
5 2 34
19 1 32
5 2 4
55 1 51
52 2 57
9 2 13
19 1 1
73 2 20
53 2 22
1 2 25
5 2 42
53 1 81
23 1 15
19 1 5
52 2 81
30 1 73
1 2 18
21 1 42
73 1 57
22 1 19
10 2 1
52 2 82
50 1 41
23 1 53
20 1 19
8 2 1
61 1 19
12 1 11
8 2 10
1 2 37
44 1 18
11 1 10
53 2 56
16 1 11
13 1 3
22 2 56
41 1 19
30 1 56
61 1 5
5 2 29
53 1 82
4 2 1
48 2 75
39 1 1
1 4 3
81 2 57
29 2 4
3 2 5
45 1 8
1 2 41
3 2 1
73 1 81
17 1 11
69 1 43
54 2 70
82 1 73
72 2 57
44 1 30
39 1 23
22 2 58
44 1 1
97 1 76
69 2 23
44 1 9
18 2 30
48 2 52
30 1 12
72 1 23
23 1 12
? 1 github_java_program_data/5/140.java

39 1 64
53 1 52
5 2 32
3 2 25
2 2 39
44 1 65
26 1 19
27 2 26
2 1 1
28 1 26
23 1 53
3 5 1
3 1 28
1 2 5
52 1 30
14 1 3
30 1 58
44 1 23
72 1 30
23 1 22
1 1 3
33 1 26
11 1 3
4 2 42
52 1 23
3 2 41
11 1 41
4 2 34
13 2 1
43 1 21
3 2 4
21 1 5
12 2 44
11 1 43
34 1 3
65 1 1
34 2 5
29 1 33
44 1 13
1 1 4
73 1 76
22 2 53
16 1 14
21 1 29
45 1 13
53 2 15
53 2 73
30 1 15
51 1 19
23 1 20
45 1 66
23 1 44
25 1 16
44 1 10
3 4 1
3 2 33
73 1 51
27 1 19
56 1 21
12 1 14
26 1 3
40 1 39
3 1 1
64 2 23
4 2 5
18 1 17
29 1 28
41 1 21
44 1 3
1 2 28
48 1 21
3 2 43
19 1 34
28 1 27
21 1 34
66 1 1
15 1 14
4 2 1
44 1 8
12 2 15
17 1 14
53 1 48
23 1 73
13 1 1
58 1 21
45 1 9
45 1 23
56 1 19
21 1 4
51 2 72
20 1 21
25 1 17
34 1 33
21 1 1
21 1 32
27 1 21
56 6 45
3 2 18
1 2 4
15 2 53
14 1 43
45 1 30
4 2 3
11 1 1
43 1 19
4 2 29
22 2 20
29 2 5
29 1 1
23 1 45
19 1 3
33 1 27
65 2 8
1 2 33
19 1 29
14 1 10
3 1 18
20 2 22
18 2 23
34 1 28
30 1 53
73 1 72
34 1 1
76 1 23
14 1 41
45 1 25
1 2 18
1 2 64
30 1 20
21 1 3
19 1 42
20 2 56
58 6 45
15 1 11
73 2 53
19 1 4
73 2 56
40 1 2
1 1 25
11 1 13
23 1 56
3 1 5
56 6 44
4 2 32
58 1 19
14 1 1
1 1 5
63 1 3
29 1 3
10 1 3
17 1 1
3 2 28
45 2 44
45 1 1
10 1 1
20 2 58
15 2 22
26 2 27
15 2 12
3 2 5
1 1 33
26 1 21
1 2 43
73 2 22
3 7 1
51 1 21
53 2 56
17 1 63
14 1 13
13 2 3
30 1 22
44 2 45
9 2 10
16 2 17
39 1 8
45 1 10
11 1 9
12 2 73
8 2 13
1 5 3
25 2 30
5 2 34
19 1 32
3 1 4
9 2 13
19 1 1
1 1 28
53 2 22
1 2 63
5 2 42
23 1 15
19 1 5
5 2 4
30 1 73
1 2 25
3 1 33
21 1 42
77 1 3
73 1 57
18 1 16
10 2 1
30 1 12
64 1 77
20 1 19
8 2 1
12 1 11
27 1 3
22 1 21
66 2 9
8 2 10
44 1 18
11 1 10
5 2 3
16 1 11
13 1 3
22 2 56
57 1 30
22 1 19
34 2 4
5 2 29
26 1 1
39 1 1
29 2 4
16 1 1
42 2 4
10 2 3
1 2 41
72 2 76
17 1 11
25 2 23
5 2 1
42 2 5
27 1 1
72 2 57
44 1 30
39 1 23
44 1 1
41 1 19
18 2 30
48 2 52
1 4 3
72 1 23
23 1 12
? 1 github_java_program_data/5/142.java

24 1 18
5 2 32
3 2 25
53 1 52
67 1 3
26 1 19
28 1 26
30 1 24
3 1 28
8 2 3
53 2 55
30 1 58
69 1 48
44 1 23
72 1 30
23 1 22
23 1 20
33 1 26
55 1 23
8 2 9
11 1 3
24 2 44
52 1 23
3 2 41
4 2 34
72 2 81
30 1 22
43 1 21
21 1 5
11 1 43
34 2 5
29 1 33
70 1 30
73 1 76
21 1 29
53 1 76
9 2 8
17 2 16
55 2 58
23 1 70
73 2 79
73 2 58
79 1 30
50 1 61
44 1 10
61 1 19
27 1 19
12 1 14
18 1 17
29 1 28
81 1 53
48 1 21
45 2 39
19 1 34
44 2 15
3 1 4
15 1 14
24 1 25
24 1 3
17 1 14
43 1 14
23 1 73
13 1 1
58 1 21
45 1 9
45 1 23
56 1 19
48 2 30
20 1 21
32 2 4
21 1 1
110 1 51
27 1 21
56 6 45
1 2 4
15 2 45
4 2 3
11 1 1
4 2 29
22 2 20
3 1 5
19 1 3
1 2 33
57 1 23
18 1 16
54 1 30
79 1 48
20 2 22
18 2 23
34 1 28
30 1 53
15 2 22
21 1 3
20 2 56
14 1 3
73 2 53
73 1 52
51 2 72
73 1 82
40 1 2
5 2 1
67 1 30
56 1 21
39 1 8
63 1 1
45 1 3
53 1 72
43 1 19
58 1 19
1 1 5
23 1 15
14 1 1
17 1 1
21 1 110
12 2 20
1 2 18
10 1 1
81 2 82
30 1 31
53 1 57
31 1 18
15 2 12
31 1 1
26 1 21
3 7 1
51 1 21
13 2 3
50 1 43
44 2 45
9 2 10
16 2 17
12 2 73
5 2 34
19 1 32
14 1 9
52 2 57
9 2 13
30 1 73
5 2 42
39 1 30
24 1 23
12 2 44
19 1 5
5 2 4
1 1 28
1 2 25
3 1 33
30 1 45
48 2 61
28 1 27
20 1 19
8 2 1
64 1 3
27 1 3
22 1 21
72 2 76
44 1 18
11 1 10
16 1 11
3 2 37
50 2 30
34 2 4
1 2 5
26 1 1
44 1 25
48 2 75
30 1 85
42 2 4
3 2 5
45 1 8
48 2 72
17 1 11
54 2 70
27 1 1
72 2 57
45 1 18
44 1 1
30 1 60
13 1 8
16 1 64
13 1 9
23 1 12
39 2 12
1 2 41
23 1 79
51 2 52
27 2 26
2 1 1
30 1 15
48 1 19
1 7 3
3 1 25
97 1 57
26 2 27
52 1 30
57 1 21
39 1 3
1 1 18
76 1 19
11 1 9
11 1 8
4 2 42
3 4 1
11 1 41
70 2 73
19 1 4
1 5 3
3 2 4
97 1 52
34 1 3
17 1 63
12 2 22
44 1 13
22 2 53
16 1 14
53 2 58
45 1 13
50 1 48
30 1 55
24 1 1
51 1 19
9 2 1
53 2 12
25 1 16
3 2 33
73 1 51
11 1 13
53 2 54
26 1 3
53 1 51
3 1 1
4 2 5
41 1 21
22 2 73
1 2 28
56 6 44
21 1 34
72 2 82
73 1 48
58 6 44
44 1 8
12 2 15
1 4 3
53 1 48
43 1 11
23 1 58
44 1 3
24 1 9
21 1 4
32 2 5
25 1 17
34 1 33
97 1 48
21 1 32
3 2 18
45 1 30
67 1 8
23 1 54
34 1 1
39 1 9
29 2 5
29 1 1
33 1 27
30 1 44
19 1 29
14 1 10
55 1 48
31 2 24
76 1 30
82 1 53
73 1 72
75 1 21
14 1 41
30 1 20
19 1 42
58 6 45
15 1 11
48 2 23
13 2 1
2 2 67
52 2 76
23 1 56
70 1 69
19 1 97
30 1 62
4 2 32
10 1 3
52 1 19
29 1 3
3 2 28
54 1 50
69 2 30
45 1 1
3 2 30
20 2 58
60 1 19
110 1 52
45 2 44
40 1 67
1 1 33
29 2 4
1 2 43
73 2 22
69 1 75
1 1 3
14 1 13
1 1 4
52 1 21
45 1 10
15 2 73
43 2 48
8 2 13
61 1 21
69 1 43
25 2 30
1 2 64
55 1 51
19 1 1
1 2 63
3 2 43
31 1 30
52 2 81
4 2 1
79 2 58
21 1 42
1 1 37
73 1 57
22 1 19
10 2 1
30 1 12
23 1 53
81 1 73
73 2 12
12 1 11
8 2 10
62 1 19
75 1 19
51 2 23
5 2 3
13 1 3
30 1 39
57 1 30
30 1 56
5 2 29
82 2 76
20 2 54
44 1 9
81 2 57
16 1 1
5 2 97
10 2 3
110 1 76
73 1 81
25 2 23
10 1 9
3 5 1
44 1 30
22 2 58
53 2 56
41 1 19
24 2 12
18 2 30
48 2 52
72 1 23
? 1 github_java_program_data/5/145.java

6 2 39
1 2 5
26 1 19
27 2 26
2 1 1
28 1 26
83 1 25
1 2 41
84 1 83
7 2 6
20 1 21
84 2 22
44 1 23
11 1 8
23 1 20
33 1 26
11 1 3
6 2 7
3 2 41
11 1 41
4 2 34
13 2 1
43 1 21
3 2 4
21 1 5
12 2 44
23 2 83
30 1 45
34 1 3
34 2 5
3 2 37
44 1 13
30 1 22
16 1 14
21 1 29
45 1 13
7 1 3
9 2 8
30 1 15
23 1 84
3 4 1
3 2 33
27 1 19
40 1 39
89 2 83
18 1 17
29 1 28
41 1 21
1 2 28
84 1 23
26 2 27
19 1 34
30 1 19
21 1 34
27 1 21
15 1 14
4 2 1
44 1 8
12 2 15
1 4 3
13 1 1
8 2 13
3 2 43
21 1 4
83 2 89
25 1 17
34 1 33
21 1 1
21 1 32
3 1 4
1 2 4
14 1 43
45 1 30
4 2 3
11 1 1
34 1 1
4 2 29
22 2 20
29 2 5
3 1 5
19 1 3
33 1 27
1 2 33
30 1 44
19 1 29
14 1 10
20 2 22
18 2 23
89 1 23
23 1 22
15 2 22
45 1 25
1 2 18
40 1 7
21 1 3
19 1 42
14 1 3
19 1 4
40 1 2
5 2 1
11 1 13
3 1 1
29 1 1
43 1 19
14 1 1
1 1 5
10 1 3
29 1 3
3 2 28
2 2 6
12 2 20
21 1 46
45 1 1
10 1 1
40 1 6
45 2 44
15 2 12
3 2 5
26 1 21
1 2 43
1 1 3
14 1 13
13 2 3
1 1 4
44 2 45
16 2 17
46 1 30
39 1 8
11 1 9
45 1 9
1 5 3
25 2 30
5 2 34
19 1 32
44 1 9
19 1 1
3 1 33
39 1 30
22 2 15
23 1 15
19 1 5
1 1 28
1 2 25
21 1 42
89 1 18
1 1 37
18 1 16
10 2 1
46 1 25
30 1 12
28 1 27
20 1 19
8 2 1
12 1 11
22 1 21
8 2 10
1 2 30
44 1 18
11 1 10
5 2 3
13 1 3
22 1 19
83 1 30
34 2 4
5 2 29
84 1 89
39 1 1
6 1 3
29 2 4
10 2 3
45 1 8
17 1 11
30 1 20
27 1 1
3 5 1
44 1 1
41 1 19
20 2 15
23 1 12
? 1 github_java_program_data/5/156.java

6 2 39
1 2 5
26 1 19
27 2 26
2 1 1
28 1 26
83 1 25
1 2 41
84 1 83
7 2 6
20 1 21
84 2 22
44 1 23
11 1 8
23 1 20
33 1 26
11 1 3
6 2 7
3 2 41
11 1 41
4 2 34
13 2 1
43 1 21
3 2 4
21 1 5
12 2 44
23 2 83
30 1 45
34 1 3
34 2 5
3 2 37
44 1 13
30 1 22
16 1 14
21 1 29
45 1 13
7 1 3
9 2 8
30 1 15
23 1 84
3 4 1
3 2 33
27 1 19
40 1 39
89 2 83
18 1 17
29 1 28
41 1 21
1 2 28
84 1 23
26 2 27
19 1 34
30 1 19
21 1 34
27 1 21
15 1 14
4 2 1
44 1 8
12 2 15
1 4 3
13 1 1
8 2 13
3 2 43
21 1 4
83 2 89
25 1 17
34 1 33
21 1 1
21 1 32
3 1 4
1 2 4
14 1 43
45 1 30
4 2 3
11 1 1
34 1 1
4 2 29
22 2 20
29 2 5
3 1 5
19 1 3
33 1 27
1 2 33
30 1 44
19 1 29
14 1 10
20 2 22
18 2 23
89 1 23
23 1 22
15 2 22
45 1 25
1 2 18
40 1 7
21 1 3
19 1 42
14 1 3
19 1 4
40 1 2
5 2 1
11 1 13
3 1 1
29 1 1
43 1 19
14 1 1
1 1 5
10 1 3
29 1 3
3 2 28
2 2 6
12 2 20
21 1 46
45 1 1
10 1 1
40 1 6
45 2 44
15 2 12
3 2 5
26 1 21
1 2 43
1 1 3
14 1 13
13 2 3
1 1 4
44 2 45
16 2 17
46 1 30
39 1 8
11 1 9
45 1 9
1 5 3
25 2 30
5 2 34
19 1 32
44 1 9
19 1 1
3 1 33
39 1 30
22 2 15
23 1 15
19 1 5
1 1 28
1 2 25
21 1 42
89 1 18
1 1 37
18 1 16
10 2 1
46 1 25
30 1 12
28 1 27
20 1 19
8 2 1
12 1 11
22 1 21
8 2 10
1 2 30
44 1 18
11 1 10
5 2 3
13 1 3
22 1 19
83 1 30
34 2 4
5 2 29
84 1 89
39 1 1
6 1 3
29 2 4
10 2 3
45 1 8
17 1 11
30 1 20
27 1 1
3 5 1
44 1 1
41 1 19
20 2 15
23 1 12
? 1 github_java_program_data/5/183.java

53 1 52
5 2 32
1 2 5
28 1 27
26 1 19
27 2 26
1 2 23
28 1 26
48 1 19
1 7 3
3 5 1
26 2 27
52 1 30
12 2 15
20 1 21
30 1 58
69 1 48
44 1 23
72 1 30
23 1 22
23 1 20
33 1 26
8 2 9
11 1 3
4 2 42
52 1 23
3 4 1
15 1 11
3 2 43
4 2 34
72 2 81
13 2 1
43 1 21
3 2 4
21 1 5
97 1 52
72 2 76
34 1 3
17 2 16
34 2 5
12 2 22
44 1 13
1 1 4
73 1 76
97 1 51
21 1 29
45 1 13
32 2 5
9 2 8
30 1 15
51 1 19
41 2 51
50 1 61
5 2 1
25 1 16
44 1 10
76 1 21
51 2 61
3 2 33
73 1 51
27 1 19
56 1 21
12 1 14
5 2 3
53 1 51
40 1 39
23 1 56
1 2 3
30 1 70
4 2 5
18 1 17
29 1 28
22 2 73
73 2 53
54 1 23
56 6 44
48 1 21
15 2 44
34 2 4
19 1 34
20 2 73
21 1 34
5 2 21
27 1 21
15 1 14
30 1 54
73 1 48
58 6 44
44 1 8
51 2 30
17 1 14
53 1 48
23 1 73
13 1 1
19 2 5
58 1 21
8 2 13
23 1 58
45 1 23
56 1 19
21 1 4
51 2 72
45 1 3
25 1 17
34 1 33
21 1 1
57 1 30
55 1 30
21 1 32
14 1 3
3 1 4
56 6 45
1 2 4
51 2 52
14 1 43
45 1 30
4 2 3
11 1 1
69 1 75
15 2 22
4 2 29
22 2 20
29 2 5
3 1 5
23 1 45
19 1 3
33 1 27
3 2 25
1 2 33
57 1 23
50 1 51
19 1 29
14 1 10
18 1 16
20 2 22
18 2 23
30 1 53
50 2 23
76 1 30
13 2 3
82 1 53
73 1 72
75 1 21
34 1 1
76 1 23
14 1 41
45 1 25
30 1 20
21 1 3
19 1 42
20 2 56
58 6 45
22 1 21
1 5 3
20 2 53
73 1 52
19 1 4
52 2 76
73 1 82
22 2 54
23 1 44
11 1 13
3 1 1
29 1 1
70 1 69
19 1 97
53 1 72
4 2 32
58 1 19
14 1 1
1 1 5
82 2 76
52 1 19
10 1 3
29 1 3
3 2 28
54 1 50
12 2 20
45 1 1
23 1 55
10 1 1
81 2 82
53 1 57
70 1 23
45 2 44
15 2 12
10 2 3
26 1 21
3 7 1
51 1 21
1 1 3
14 1 13
1 2 28
30 1 22
44 2 45
9 2 10
48 2 72
16 2 17
3 1 37
39 1 8
45 1 10
81 1 53
43 2 48
45 1 9
61 1 21
25 2 23
25 2 30
5 2 34
19 1 32
5 2 4
55 1 51
52 2 57
9 2 13
19 1 1
73 2 20
53 2 22
1 2 25
5 2 42
53 1 81
23 1 15
19 1 5
52 2 81
30 1 73
1 2 18
21 1 42
73 1 57
22 1 19
10 2 1
52 2 82
50 1 41
23 1 53
20 1 19
8 2 1
61 1 19
12 1 11
8 2 10
1 2 37
44 1 18
11 1 10
53 2 56
16 1 11
13 1 3
22 2 56
41 1 19
30 1 56
61 1 5
5 2 29
53 1 82
4 2 1
48 2 75
39 1 1
1 4 3
81 2 57
29 2 4
3 2 5
45 1 8
1 2 41
3 2 1
73 1 81
17 1 11
69 1 43
54 2 70
82 1 73
72 2 57
44 1 30
39 1 23
22 2 58
44 1 1
97 1 76
69 2 23
44 1 9
18 2 30
48 2 52
30 1 12
72 1 23
23 1 12
? 1 github_java_program_data/5/194.java

6 2 39
1 2 5
26 1 19
27 2 26
2 1 1
28 1 26
83 1 25
1 2 41
84 1 83
7 2 6
20 1 21
84 2 22
44 1 23
11 1 8
23 1 20
33 1 26
11 1 3
6 2 7
3 2 41
11 1 41
4 2 34
13 2 1
43 1 21
3 2 4
21 1 5
12 2 44
23 2 83
30 1 45
34 1 3
34 2 5
3 2 37
44 1 13
30 1 22
16 1 14
21 1 29
45 1 13
7 1 3
9 2 8
30 1 15
23 1 84
3 4 1
3 2 33
27 1 19
40 1 39
89 2 83
18 1 17
29 1 28
41 1 21
1 2 28
84 1 23
26 2 27
19 1 34
30 1 19
21 1 34
27 1 21
15 1 14
4 2 1
44 1 8
12 2 15
1 4 3
13 1 1
8 2 13
3 2 43
21 1 4
83 2 89
25 1 17
34 1 33
21 1 1
21 1 32
3 1 4
1 2 4
14 1 43
45 1 30
4 2 3
11 1 1
34 1 1
4 2 29
22 2 20
29 2 5
3 1 5
19 1 3
33 1 27
1 2 33
30 1 44
19 1 29
14 1 10
20 2 22
18 2 23
89 1 23
23 1 22
15 2 22
45 1 25
1 2 18
40 1 7
21 1 3
19 1 42
14 1 3
19 1 4
40 1 2
5 2 1
11 1 13
3 1 1
29 1 1
43 1 19
14 1 1
1 1 5
10 1 3
29 1 3
3 2 28
2 2 6
12 2 20
21 1 46
45 1 1
10 1 1
40 1 6
45 2 44
15 2 12
3 2 5
26 1 21
1 2 43
1 1 3
14 1 13
13 2 3
1 1 4
44 2 45
16 2 17
46 1 30
39 1 8
11 1 9
45 1 9
1 5 3
25 2 30
5 2 34
19 1 32
44 1 9
19 1 1
3 1 33
39 1 30
22 2 15
23 1 15
19 1 5
1 1 28
1 2 25
21 1 42
89 1 18
1 1 37
18 1 16
10 2 1
46 1 25
30 1 12
28 1 27
20 1 19
8 2 1
12 1 11
22 1 21
8 2 10
1 2 30
44 1 18
11 1 10
5 2 3
13 1 3
22 1 19
83 1 30
34 2 4
5 2 29
84 1 89
39 1 1
6 1 3
29 2 4
10 2 3
45 1 8
17 1 11
30 1 20
27 1 1
3 5 1
44 1 1
41 1 19
20 2 15
23 1 12
? 1 github_java_program_data/5/20.java

6 2 39
1 2 5
26 1 19
27 2 26
2 1 1
28 1 26
83 1 25
1 2 41
84 1 83
7 2 6
20 1 21
84 2 22
44 1 23
11 1 8
23 1 20
33 1 26
11 1 3
6 2 7
3 2 41
11 1 41
4 2 34
13 2 1
43 1 21
3 2 4
21 1 5
12 2 44
23 2 83
30 1 45
34 1 3
34 2 5
3 2 37
44 1 13
30 1 22
16 1 14
21 1 29
45 1 13
7 1 3
9 2 8
30 1 15
23 1 84
3 4 1
3 2 33
27 1 19
40 1 39
89 2 83
18 1 17
29 1 28
41 1 21
1 2 28
84 1 23
26 2 27
19 1 34
30 1 19
21 1 34
27 1 21
15 1 14
4 2 1
44 1 8
12 2 15
1 4 3
13 1 1
8 2 13
3 2 43
21 1 4
83 2 89
25 1 17
34 1 33
21 1 1
21 1 32
3 1 4
1 2 4
14 1 43
45 1 30
4 2 3
11 1 1
34 1 1
4 2 29
22 2 20
29 2 5
3 1 5
19 1 3
33 1 27
1 2 33
30 1 44
19 1 29
14 1 10
20 2 22
18 2 23
89 1 23
23 1 22
15 2 22
45 1 25
1 2 18
40 1 7
21 1 3
19 1 42
14 1 3
19 1 4
40 1 2
5 2 1
11 1 13
3 1 1
29 1 1
43 1 19
14 1 1
1 1 5
10 1 3
29 1 3
3 2 28
2 2 6
12 2 20
21 1 46
45 1 1
10 1 1
40 1 6
45 2 44
15 2 12
3 2 5
26 1 21
1 2 43
1 1 3
14 1 13
13 2 3
1 1 4
44 2 45
16 2 17
46 1 30
39 1 8
11 1 9
45 1 9
1 5 3
25 2 30
5 2 34
19 1 32
44 1 9
19 1 1
3 1 33
39 1 30
22 2 15
23 1 15
19 1 5
1 1 28
1 2 25
21 1 42
89 1 18
1 1 37
18 1 16
10 2 1
46 1 25
30 1 12
28 1 27
20 1 19
8 2 1
12 1 11
22 1 21
8 2 10
1 2 30
44 1 18
11 1 10
5 2 3
13 1 3
22 1 19
83 1 30
34 2 4
5 2 29
84 1 89
39 1 1
6 1 3
29 2 4
10 2 3
45 1 8
17 1 11
30 1 20
27 1 1
3 5 1
44 1 1
41 1 19
20 2 15
23 1 12
? 1 github_java_program_data/5/210.java

39 1 64
53 1 52
5 2 32
1 2 41
51 2 52
55 1 23
28 1 27
26 1 19
27 2 26
2 1 1
12 2 55
81 1 73
28 1 26
48 1 19
1 7 3
3 5 1
83 1 25
26 2 27
52 1 30
84 1 83
57 1 21
39 1 3
20 1 21
30 1 58
76 1 19
14 1 8
44 1 23
72 1 30
11 1 8
1 1 3
38 1 19
3 2 38
11 1 3
21 2 19
4 2 42
52 1 23
3 2 41
15 1 11
11 1 41
4 2 34
1 1 38
3 2 25
13 2 1
43 1 21
21 1 97
3 2 4
21 1 5
12 2 44
23 2 83
45 1 88
34 1 3
17 2 16
34 2 5
6 1 1
44 1 13
30 1 22
7 2 6
73 1 76
97 1 51
88 1 27
16 1 14
21 1 29
53 2 58
45 1 13
9 2 10
53 1 76
9 2 8
30 1 55
30 1 15
88 1 26
55 2 58
23 1 84
51 1 19
25 1 16
44 1 10
37 1 19
3 4 1
3 2 33
73 1 51
27 1 19
11 1 13
12 1 14
53 1 51
40 1 39
23 1 56
21 1 23
6 2 39
18 1 17
29 1 28
41 1 21
3 2 64
81 1 53
1 2 28
8 2 3
84 1 23
48 1 21
3 2 43
52 2 81
19 1 34
5 2 42
21 1 34
3 1 4
15 1 14
76 1 21
73 1 48
58 6 44
44 1 8
12 2 15
17 1 14
64 2 30
53 1 48
23 1 73
20 2 22
13 1 1
58 1 21
8 2 13
23 1 58
45 1 23
56 1 19
21 1 4
4 2 32
51 2 72
19 1 97
25 1 17
34 1 33
97 1 48
32 2 4
21 1 1
110 1 51
21 1 32
14 1 3
27 1 21
56 6 45
3 2 18
1 2 4
97 1 72
14 1 43
45 1 30
4 2 3
110 1 48
11 1 1
34 1 1
4 2 29
22 2 20
6 2 7
3 1 5
19 1 3
33 1 27
3 1 38
38 1 21
57 1 23
18 1 16
19 1 29
14 1 10
4 2 97
87 2 23
19 1 110
18 2 23
30 1 53
87 1 26
12 2 53
73 1 72
23 1 22
21 1 3
76 1 23
14 1 41
45 1 25
37 1 21
30 1 20
33 1 26
30 1 45
19 1 42
20 2 56
58 6 45
22 1 21
25 2 88
20 2 53
73 1 52
19 1 4
40 1 2
5 2 1
56 1 21
3 1 1
29 1 1
56 6 44
45 1 3
53 1 72
43 1 19
58 1 19
10 1 3
1 1 5
82 2 76
29 1 3
20 2 58
52 1 19
14 1 1
7 1 1
3 2 28
23 1 21
45 2 44
45 1 1
10 1 1
81 2 82
21 1 110
60 1 19
30 1 44
110 1 52
2 2 6
15 2 12
97 2 4
10 2 3
26 1 21
1 2 43
73 2 22
3 7 1
51 1 21
53 2 56
23 1 20
14 1 13
13 2 3
1 1 4
44 2 45
52 1 21
44 1 87
16 2 17
3 1 37
39 1 8
45 1 10
11 1 9
12 2 73
45 1 9
1 5 3
25 2 23
25 2 30
5 2 34
40 1 6
19 1 32
72 1 19
88 2 30
55 1 51
52 2 57
73 2 56
9 2 13
19 1 1
73 2 20
53 2 22
53 2 73
51 2 23
110 1 57
1 2 18
39 1 30
53 1 81
23 1 15
19 1 5
5 2 4
30 1 73
1 2 25
97 1 76
42 2 5
21 1 42
1 2 33
1 1 37
73 1 57
22 1 19
10 2 1
9 2 3
30 1 12
23 1 53
20 1 19
3 2 37
12 1 11
8 2 10
77 1 1
1 2 38
1 2 37
44 1 18
11 1 10
11 1 43
5 2 3
16 1 11
13 1 3
12 2 22
22 2 56
41 1 19
30 1 56
83 1 30
53 1 57
5 2 29
53 1 82
4 2 1
1 2 5
44 1 25
72 1 21
44 1 9
72 2 57
64 1 77
18 2 87
22 2 53
3 2 5
45 1 8
44 1 3
48 2 72
72 2 76
17 1 11
40 1 7
10 1 9
82 1 73
23 1 19
57 1 19
44 1 30
53 2 20
15 2 20
45 1 18
44 1 1
57 1 30
23 1 60
18 2 30
15 2 84
48 2 52
1 4 3
72 1 23
23 1 12
? 1 github_java_program_data/5/234.java

6 2 39
1 2 5
26 1 19
27 2 26
2 1 1
28 1 26
83 1 25
1 2 41
84 1 83
7 2 6
20 1 21
84 2 22
44 1 23
11 1 8
23 1 20
33 1 26
11 1 3
6 2 7
3 2 41
11 1 41
4 2 34
13 2 1
43 1 21
3 2 4
21 1 5
12 2 44
23 2 83
30 1 45
34 1 3
34 2 5
3 2 37
44 1 13
30 1 22
16 1 14
21 1 29
45 1 13
7 1 3
9 2 8
30 1 15
23 1 84
3 4 1
3 2 33
27 1 19
40 1 39
89 2 83
18 1 17
29 1 28
41 1 21
1 2 28
84 1 23
26 2 27
19 1 34
30 1 19
21 1 34
27 1 21
15 1 14
4 2 1
44 1 8
12 2 15
1 4 3
13 1 1
8 2 13
3 2 43
21 1 4
83 2 89
25 1 17
34 1 33
21 1 1
21 1 32
3 1 4
1 2 4
14 1 43
45 1 30
4 2 3
11 1 1
34 1 1
4 2 29
22 2 20
29 2 5
3 1 5
19 1 3
33 1 27
1 2 33
30 1 44
19 1 29
14 1 10
20 2 22
18 2 23
89 1 23
23 1 22
15 2 22
45 1 25
1 2 18
40 1 7
21 1 3
19 1 42
14 1 3
19 1 4
40 1 2
5 2 1
11 1 13
3 1 1
29 1 1
43 1 19
14 1 1
1 1 5
10 1 3
29 1 3
3 2 28
2 2 6
12 2 20
21 1 46
45 1 1
10 1 1
40 1 6
45 2 44
15 2 12
3 2 5
26 1 21
1 2 43
1 1 3
14 1 13
13 2 3
1 1 4
44 2 45
16 2 17
46 1 30
39 1 8
11 1 9
45 1 9
1 5 3
25 2 30
5 2 34
19 1 32
44 1 9
19 1 1
3 1 33
39 1 30
22 2 15
23 1 15
19 1 5
1 1 28
1 2 25
21 1 42
89 1 18
1 1 37
18 1 16
10 2 1
46 1 25
30 1 12
28 1 27
20 1 19
8 2 1
12 1 11
22 1 21
8 2 10
1 2 30
44 1 18
11 1 10
5 2 3
13 1 3
22 1 19
83 1 30
34 2 4
5 2 29
84 1 89
39 1 1
6 1 3
29 2 4
10 2 3
45 1 8
17 1 11
30 1 20
27 1 1
3 5 1
44 1 1
41 1 19
20 2 15
23 1 12
? 1 github_java_program_data/5/237.java

39 1 64
53 1 52
5 2 32
1 2 5
2 2 39
28 1 27
26 1 19
27 2 26
2 1 1
12 2 55
20 1 19
30 1 15
48 1 19
1 7 3
97 1 57
3 1 28
8 2 3
26 2 27
52 1 30
57 1 21
39 1 3
22 1 21
30 1 58
44 1 23
72 1 30
23 1 22
23 1 20
33 1 26
8 2 9
4 2 97
11 1 3
4 2 42
52 1 23
3 2 41
15 1 11
11 1 41
4 2 34
97 2 5
3 5 1
72 2 81
13 2 1
43 1 21
21 1 97
3 2 4
53 1 51
21 1 5
97 1 52
11 1 43
34 1 3
51 2 52
34 2 5
29 1 33
12 2 22
44 1 13
1 1 4
97 1 51
48 2 30
16 1 14
21 1 29
45 1 13
53 1 76
53 2 73
19 1 110
55 2 58
5 2 42
51 1 19
5 2 1
25 1 16
44 1 10
76 1 21
3 4 1
3 2 33
73 1 51
27 1 19
11 1 13
12 1 14
26 1 3
27 1 5
40 1 39
23 1 56
64 2 23
15 2 73
4 2 5
18 1 17
81 2 76
29 1 28
3 2 64
44 1 3
1 2 28
48 1 21
15 2 53
52 2 81
110 1 72
21 1 34
3 1 4
15 1 14
73 1 48
58 6 44
44 1 8
17 1 14
30 1 56
53 1 48
23 1 73
26 1 42
13 1 1
27 1 4
58 1 21
8 2 13
23 1 58
45 1 23
56 1 19
21 1 4
32 2 5
20 1 21
25 1 17
34 1 33
97 1 48
32 2 4
21 1 1
110 1 51
55 1 30
21 1 32
27 1 21
56 6 45
3 2 18
1 2 4
97 1 72
14 1 43
45 1 30
4 2 3
110 1 48
11 1 1
34 1 1
4 2 29
22 2 20
29 2 5
29 1 1
23 1 45
19 1 3
33 1 27
3 2 25
1 2 33
19 1 29
14 1 10
26 1 4
20 2 22
55 1 48
18 2 23
34 1 28
30 1 53
76 1 30
82 1 53
73 1 72
21 1 3
76 1 23
14 1 41
45 1 25
30 1 20
26 1 5
53 2 12
19 1 42
58 6 45
14 1 3
73 2 53
73 1 52
19 1 4
52 2 76
73 1 82
40 1 2
23 1 44
56 1 21
3 1 1
3 1 5
56 6 44
63 1 1
19 1 97
53 1 72
4 2 32
58 1 19
14 1 1
1 1 5
52 1 19
10 1 3
29 1 3
3 2 28
21 1 110
12 2 20
45 1 1
23 1 55
10 1 1
20 2 58
110 1 52
45 2 44
15 2 12
64 1 63
10 2 3
1 1 33
26 1 21
1 2 43
45 1 3
73 2 22
8 2 10
3 7 1
51 1 21
53 2 56
1 1 3
14 1 13
13 2 3
30 1 22
44 2 45
9 2 10
48 2 72
3 1 37
39 1 8
45 1 10
11 1 9
45 1 9
1 5 3
82 2 57
1 2 32
25 2 30
5 2 34
19 1 32
72 1 19
5 2 4
52 2 57
73 2 56
9 2 13
19 1 1
110 2 5
1 2 25
110 1 57
1 2 18
22 2 15
53 1 81
23 1 15
12 2 44
19 1 5
72 2 57
30 1 73
19 1 34
21 1 42
73 1 57
22 1 19
10 2 1
17 2 16
52 2 82
30 1 12
23 1 53
81 1 73
12 1 11
72 2 76
1 2 37
44 1 18
11 1 10
5 2 3
16 1 11
13 1 3
22 2 56
41 1 19
18 1 16
4 2 110
34 2 4
5 2 29
4 2 1
51 2 72
26 1 1
72 1 21
44 1 9
29 2 4
42 2 4
3 2 5
110 1 76
1 2 41
28 1 26
17 1 11
25 2 23
42 2 5
27 1 1
57 1 19
44 1 30
53 2 20
15 2 20
39 1 23
22 2 58
44 1 1
57 1 30
27 1 32
20 2 15
18 2 30
48 2 52
1 4 3
72 1 23
23 1 12
? 1 github_java_program_data/5/247.java

53 1 52
5 2 32
1 2 5
28 1 27
26 1 19
27 2 26
1 2 23
28 1 26
48 1 19
1 7 3
3 5 1
26 2 27
52 1 30
12 2 15
20 1 21
30 1 58
69 1 48
44 1 23
72 1 30
23 1 22
23 1 20
33 1 26
8 2 9
11 1 3
4 2 42
52 1 23
3 4 1
15 1 11
3 2 43
4 2 34
72 2 81
13 2 1
43 1 21
3 2 4
21 1 5
97 1 52
72 2 76
34 1 3
17 2 16
34 2 5
12 2 22
44 1 13
1 1 4
73 1 76
97 1 51
21 1 29
45 1 13
32 2 5
9 2 8
30 1 15
51 1 19
41 2 51
50 1 61
5 2 1
25 1 16
44 1 10
76 1 21
51 2 61
3 2 33
73 1 51
27 1 19
56 1 21
12 1 14
5 2 3
53 1 51
40 1 39
23 1 56
1 2 3
30 1 70
4 2 5
18 1 17
29 1 28
22 2 73
73 2 53
54 1 23
56 6 44
48 1 21
15 2 44
34 2 4
19 1 34
20 2 73
21 1 34
5 2 21
27 1 21
15 1 14
30 1 54
73 1 48
58 6 44
44 1 8
51 2 30
17 1 14
53 1 48
23 1 73
13 1 1
19 2 5
58 1 21
8 2 13
23 1 58
45 1 23
56 1 19
21 1 4
51 2 72
45 1 3
25 1 17
34 1 33
21 1 1
57 1 30
55 1 30
21 1 32
14 1 3
3 1 4
56 6 45
1 2 4
51 2 52
14 1 43
45 1 30
4 2 3
11 1 1
69 1 75
15 2 22
4 2 29
22 2 20
29 2 5
3 1 5
23 1 45
19 1 3
33 1 27
3 2 25
1 2 33
57 1 23
50 1 51
19 1 29
14 1 10
18 1 16
20 2 22
18 2 23
30 1 53
50 2 23
76 1 30
13 2 3
82 1 53
73 1 72
75 1 21
34 1 1
76 1 23
14 1 41
45 1 25
30 1 20
21 1 3
19 1 42
20 2 56
58 6 45
22 1 21
1 5 3
20 2 53
73 1 52
19 1 4
52 2 76
73 1 82
22 2 54
23 1 44
11 1 13
3 1 1
29 1 1
70 1 69
19 1 97
53 1 72
4 2 32
58 1 19
14 1 1
1 1 5
82 2 76
52 1 19
10 1 3
29 1 3
3 2 28
54 1 50
12 2 20
45 1 1
23 1 55
10 1 1
81 2 82
53 1 57
70 1 23
45 2 44
15 2 12
10 2 3
26 1 21
3 7 1
51 1 21
1 1 3
14 1 13
1 2 28
30 1 22
44 2 45
9 2 10
48 2 72
16 2 17
3 1 37
39 1 8
45 1 10
81 1 53
43 2 48
45 1 9
61 1 21
25 2 23
25 2 30
5 2 34
19 1 32
5 2 4
55 1 51
52 2 57
9 2 13
19 1 1
73 2 20
53 2 22
1 2 25
5 2 42
53 1 81
23 1 15
19 1 5
52 2 81
30 1 73
1 2 18
21 1 42
73 1 57
22 1 19
10 2 1
52 2 82
50 1 41
23 1 53
20 1 19
8 2 1
61 1 19
12 1 11
8 2 10
1 2 37
44 1 18
11 1 10
53 2 56
16 1 11
13 1 3
22 2 56
41 1 19
30 1 56
61 1 5
5 2 29
53 1 82
4 2 1
48 2 75
39 1 1
1 4 3
81 2 57
29 2 4
3 2 5
45 1 8
1 2 41
3 2 1
73 1 81
17 1 11
69 1 43
54 2 70
82 1 73
72 2 57
44 1 30
39 1 23
22 2 58
44 1 1
97 1 76
69 2 23
44 1 9
18 2 30
48 2 52
30 1 12
72 1 23
23 1 12
? 1 github_java_program_data/5/248.java

39 1 64
53 1 52
5 2 32
1 2 41
28 1 27
26 1 19
27 2 26
3 5 1
23 1 24
28 1 26
48 1 19
1 7 3
97 1 57
3 1 28
8 2 3
3 2 25
52 1 30
57 1 21
39 1 3
20 1 21
14 1 8
44 1 23
72 1 30
11 1 8
1 1 3
33 1 26
11 1 3
24 2 44
4 2 42
52 1 23
3 2 41
15 1 11
11 1 41
4 2 34
13 2 1
43 1 21
3 2 4
21 1 5
97 1 52
44 1 3
34 1 3
17 2 16
34 2 5
29 1 33
44 1 13
30 1 22
16 1 14
21 1 29
45 1 13
20 1 19
53 1 76
9 2 8
30 1 15
96 1 1
5 2 42
51 1 19
1 4 3
5 2 1
25 1 16
44 1 10
3 4 1
3 2 33
73 1 51
27 1 19
56 1 21
26 1 3
53 1 51
40 1 39
23 1 56
64 2 23
22 1 19
4 2 5
18 1 17
29 1 28
3 2 64
1 2 28
48 1 21
26 2 27
19 1 34
21 1 34
3 1 4
15 1 14
73 1 48
58 6 44
24 1 25
24 1 3
12 2 15
17 1 14
53 1 48
13 1 1
58 1 21
8 2 13
23 1 58
45 1 23
56 1 19
24 1 9
21 1 4
4 2 32
32 2 5
45 1 3
25 1 17
34 1 33
97 1 48
32 2 4
21 1 1
21 1 32
27 1 21
56 6 45
3 2 18
1 2 4
51 2 52
15 2 53
4 2 3
45 1 30
11 1 1
34 1 1
4 2 29
22 2 20
29 2 5
3 1 5
23 1 45
19 1 3
24 1 23
1 2 33
57 1 23
19 1 29
14 1 10
3 1 18
20 2 22
18 2 23
34 1 28
30 1 53
76 1 30
73 1 72
23 1 22
15 2 22
1 1 5
45 1 25
30 1 20
21 1 3
19 1 42
58 6 45
14 1 3
52 2 57
73 1 52
19 1 4
16 1 63
16 1 3
23 1 44
11 1 13
3 1 1
29 1 1
56 6 44
15 2 24
63 1 1
19 1 97
53 1 72
43 1 19
58 1 19
10 1 3
33 1 27
52 1 19
14 1 1
29 1 3
3 2 28
12 2 20
45 1 1
10 1 1
20 2 58
60 1 19
45 2 44
3 2 43
10 2 3
1 1 33
26 1 21
1 2 43
3 7 1
51 1 21
23 1 20
14 1 13
13 2 3
1 1 4
44 2 45
9 2 10
44 1 87
39 1 8
45 1 10
11 1 9
45 1 9
1 5 3
25 2 30
5 2 34
19 1 32
5 2 4
3 2 63
73 2 56
9 2 13
19 1 1
1 1 28
53 2 22
1 2 25
3 1 33
53 1 81
23 1 15
19 1 5
52 2 81
30 1 73
1 2 18
42 2 5
21 1 42
87 2 30
73 1 57
18 1 16
10 2 1
64 1 96
9 2 3
23 1 53
81 1 73
12 1 11
27 1 3
22 1 21
8 2 10
44 1 18
11 1 10
11 1 43
5 2 3
13 1 3
22 2 56
41 1 19
51 2 72
30 1 56
34 2 4
5 2 29
4 2 1
1 2 5
26 1 1
87 1 27
29 2 4
18 2 87
42 2 4
3 2 5
48 2 72
72 2 76
17 1 11
25 2 23
10 1 9
44 1 8
27 1 1
72 2 57
44 1 30
39 1 23
22 2 58
44 1 1
30 1 60
18 2 30
48 2 52
14 1 41
72 1 23
23 1 12
? 1 github_java_program_data/5/260.java

6 2 39
1 2 5
26 1 19
27 2 26
2 1 1
28 1 26
83 1 25
1 2 41
84 1 83
7 2 6
20 1 21
84 2 22
44 1 23
11 1 8
23 1 20
33 1 26
11 1 3
6 2 7
3 2 41
11 1 41
4 2 34
13 2 1
43 1 21
3 2 4
21 1 5
12 2 44
23 2 83
30 1 45
34 1 3
34 2 5
3 2 37
44 1 13
30 1 22
16 1 14
21 1 29
45 1 13
7 1 3
9 2 8
30 1 15
23 1 84
3 4 1
3 2 33
27 1 19
40 1 39
89 2 83
18 1 17
29 1 28
41 1 21
1 2 28
84 1 23
26 2 27
19 1 34
30 1 19
21 1 34
27 1 21
15 1 14
4 2 1
44 1 8
12 2 15
1 4 3
13 1 1
8 2 13
3 2 43
21 1 4
83 2 89
25 1 17
34 1 33
21 1 1
21 1 32
3 1 4
1 2 4
14 1 43
45 1 30
4 2 3
11 1 1
34 1 1
4 2 29
22 2 20
29 2 5
3 1 5
19 1 3
33 1 27
1 2 33
30 1 44
19 1 29
14 1 10
20 2 22
18 2 23
89 1 23
23 1 22
15 2 22
45 1 25
1 2 18
40 1 7
21 1 3
19 1 42
14 1 3
19 1 4
40 1 2
5 2 1
11 1 13
3 1 1
29 1 1
43 1 19
14 1 1
1 1 5
10 1 3
29 1 3
3 2 28
2 2 6
12 2 20
21 1 46
45 1 1
10 1 1
40 1 6
45 2 44
15 2 12
3 2 5
26 1 21
1 2 43
1 1 3
14 1 13
13 2 3
1 1 4
44 2 45
16 2 17
46 1 30
39 1 8
11 1 9
45 1 9
1 5 3
25 2 30
5 2 34
19 1 32
44 1 9
19 1 1
3 1 33
39 1 30
22 2 15
23 1 15
19 1 5
1 1 28
1 2 25
21 1 42
89 1 18
1 1 37
18 1 16
10 2 1
46 1 25
30 1 12
28 1 27
20 1 19
8 2 1
12 1 11
22 1 21
8 2 10
1 2 30
44 1 18
11 1 10
5 2 3
13 1 3
22 1 19
83 1 30
34 2 4
5 2 29
84 1 89
39 1 1
6 1 3
29 2 4
10 2 3
45 1 8
17 1 11
30 1 20
27 1 1
3 5 1
44 1 1
41 1 19
20 2 15
23 1 12
? 1 github_java_program_data/5/264.java

53 1 52
5 2 32
1 2 5
28 1 27
26 1 19
27 2 26
1 2 23
28 1 26
48 1 19
1 7 3
3 5 1
26 2 27
52 1 30
12 2 15
20 1 21
30 1 58
69 1 48
44 1 23
72 1 30
23 1 22
23 1 20
33 1 26
8 2 9
11 1 3
4 2 42
52 1 23
3 4 1
15 1 11
3 2 43
4 2 34
72 2 81
13 2 1
43 1 21
3 2 4
21 1 5
97 1 52
72 2 76
34 1 3
17 2 16
34 2 5
12 2 22
44 1 13
1 1 4
73 1 76
97 1 51
21 1 29
45 1 13
32 2 5
9 2 8
30 1 15
51 1 19
41 2 51
50 1 61
5 2 1
25 1 16
44 1 10
76 1 21
51 2 61
3 2 33
73 1 51
27 1 19
56 1 21
12 1 14
5 2 3
53 1 51
40 1 39
23 1 56
1 2 3
30 1 70
4 2 5
18 1 17
29 1 28
22 2 73
73 2 53
54 1 23
56 6 44
48 1 21
15 2 44
34 2 4
19 1 34
20 2 73
21 1 34
5 2 21
27 1 21
15 1 14
30 1 54
73 1 48
58 6 44
44 1 8
51 2 30
17 1 14
53 1 48
23 1 73
13 1 1
19 2 5
58 1 21
8 2 13
23 1 58
45 1 23
56 1 19
21 1 4
51 2 72
45 1 3
25 1 17
34 1 33
21 1 1
57 1 30
55 1 30
21 1 32
14 1 3
3 1 4
56 6 45
1 2 4
51 2 52
14 1 43
45 1 30
4 2 3
11 1 1
69 1 75
15 2 22
4 2 29
22 2 20
29 2 5
3 1 5
23 1 45
19 1 3
33 1 27
3 2 25
1 2 33
57 1 23
50 1 51
19 1 29
14 1 10
18 1 16
20 2 22
18 2 23
30 1 53
50 2 23
76 1 30
13 2 3
82 1 53
73 1 72
75 1 21
34 1 1
76 1 23
14 1 41
45 1 25
30 1 20
21 1 3
19 1 42
20 2 56
58 6 45
22 1 21
1 5 3
20 2 53
73 1 52
19 1 4
52 2 76
73 1 82
22 2 54
23 1 44
11 1 13
3 1 1
29 1 1
70 1 69
19 1 97
53 1 72
4 2 32
58 1 19
14 1 1
1 1 5
82 2 76
52 1 19
10 1 3
29 1 3
3 2 28
54 1 50
12 2 20
45 1 1
23 1 55
10 1 1
81 2 82
53 1 57
70 1 23
45 2 44
15 2 12
10 2 3
26 1 21
3 7 1
51 1 21
1 1 3
14 1 13
1 2 28
30 1 22
44 2 45
9 2 10
48 2 72
16 2 17
3 1 37
39 1 8
45 1 10
81 1 53
43 2 48
45 1 9
61 1 21
25 2 23
25 2 30
5 2 34
19 1 32
5 2 4
55 1 51
52 2 57
9 2 13
19 1 1
73 2 20
53 2 22
1 2 25
5 2 42
53 1 81
23 1 15
19 1 5
52 2 81
30 1 73
1 2 18
21 1 42
73 1 57
22 1 19
10 2 1
52 2 82
50 1 41
23 1 53
20 1 19
8 2 1
61 1 19
12 1 11
8 2 10
1 2 37
44 1 18
11 1 10
53 2 56
16 1 11
13 1 3
22 2 56
41 1 19
30 1 56
61 1 5
5 2 29
53 1 82
4 2 1
48 2 75
39 1 1
1 4 3
81 2 57
29 2 4
3 2 5
45 1 8
1 2 41
3 2 1
73 1 81
17 1 11
69 1 43
54 2 70
82 1 73
72 2 57
44 1 30
39 1 23
22 2 58
44 1 1
97 1 76
69 2 23
44 1 9
18 2 30
48 2 52
30 1 12
72 1 23
23 1 12
? 1 github_java_program_data/5/275.java

6 2 39
1 2 5
26 1 19
27 2 26
2 1 1
28 1 26
83 1 25
1 2 41
84 1 83
7 2 6
20 1 21
84 2 22
44 1 23
11 1 8
23 1 20
33 1 26
11 1 3
6 2 7
3 2 41
11 1 41
4 2 34
13 2 1
43 1 21
3 2 4
21 1 5
12 2 44
23 2 83
30 1 45
34 1 3
34 2 5
3 2 37
44 1 13
30 1 22
16 1 14
21 1 29
45 1 13
7 1 3
9 2 8
30 1 15
23 1 84
3 4 1
3 2 33
27 1 19
40 1 39
89 2 83
18 1 17
29 1 28
41 1 21
1 2 28
84 1 23
26 2 27
19 1 34
30 1 19
21 1 34
27 1 21
15 1 14
4 2 1
44 1 8
12 2 15
1 4 3
13 1 1
8 2 13
3 2 43
21 1 4
83 2 89
25 1 17
34 1 33
21 1 1
21 1 32
3 1 4
1 2 4
14 1 43
45 1 30
4 2 3
11 1 1
34 1 1
4 2 29
22 2 20
29 2 5
3 1 5
19 1 3
33 1 27
1 2 33
30 1 44
19 1 29
14 1 10
20 2 22
18 2 23
89 1 23
23 1 22
15 2 22
45 1 25
1 2 18
40 1 7
21 1 3
19 1 42
14 1 3
19 1 4
40 1 2
5 2 1
11 1 13
3 1 1
29 1 1
43 1 19
14 1 1
1 1 5
10 1 3
29 1 3
3 2 28
2 2 6
12 2 20
21 1 46
45 1 1
10 1 1
40 1 6
45 2 44
15 2 12
3 2 5
26 1 21
1 2 43
1 1 3
14 1 13
13 2 3
1 1 4
44 2 45
16 2 17
46 1 30
39 1 8
11 1 9
45 1 9
1 5 3
25 2 30
5 2 34
19 1 32
44 1 9
19 1 1
3 1 33
39 1 30
22 2 15
23 1 15
19 1 5
1 1 28
1 2 25
21 1 42
89 1 18
1 1 37
18 1 16
10 2 1
46 1 25
30 1 12
28 1 27
20 1 19
8 2 1
12 1 11
22 1 21
8 2 10
1 2 30
44 1 18
11 1 10
5 2 3
13 1 3
22 1 19
83 1 30
34 2 4
5 2 29
84 1 89
39 1 1
6 1 3
29 2 4
10 2 3
45 1 8
17 1 11
30 1 20
27 1 1
3 5 1
44 1 1
41 1 19
20 2 15
23 1 12
? 1 github_java_program_data/5/291.java

6 2 39
1 2 5
26 1 19
27 2 26
2 1 1
28 1 26
83 1 25
1 2 41
84 1 83
7 2 6
20 1 21
84 2 22
44 1 23
11 1 8
23 1 20
33 1 26
11 1 3
6 2 7
3 2 41
11 1 41
4 2 34
13 2 1
43 1 21
3 2 4
21 1 5
12 2 44
23 2 83
30 1 45
34 1 3
34 2 5
3 2 37
44 1 13
30 1 22
16 1 14
21 1 29
45 1 13
7 1 3
9 2 8
30 1 15
23 1 84
3 4 1
3 2 33
27 1 19
40 1 39
89 2 83
18 1 17
29 1 28
41 1 21
1 2 28
84 1 23
26 2 27
19 1 34
30 1 19
21 1 34
27 1 21
15 1 14
4 2 1
44 1 8
12 2 15
1 4 3
13 1 1
8 2 13
3 2 43
21 1 4
83 2 89
25 1 17
34 1 33
21 1 1
21 1 32
3 1 4
1 2 4
14 1 43
45 1 30
4 2 3
11 1 1
34 1 1
4 2 29
22 2 20
29 2 5
3 1 5
19 1 3
33 1 27
1 2 33
30 1 44
19 1 29
14 1 10
20 2 22
18 2 23
89 1 23
23 1 22
15 2 22
45 1 25
1 2 18
40 1 7
21 1 3
19 1 42
14 1 3
19 1 4
40 1 2
5 2 1
11 1 13
3 1 1
29 1 1
43 1 19
14 1 1
1 1 5
10 1 3
29 1 3
3 2 28
2 2 6
12 2 20
21 1 46
45 1 1
10 1 1
40 1 6
45 2 44
15 2 12
3 2 5
26 1 21
1 2 43
1 1 3
14 1 13
13 2 3
1 1 4
44 2 45
16 2 17
46 1 30
39 1 8
11 1 9
45 1 9
1 5 3
25 2 30
5 2 34
19 1 32
44 1 9
19 1 1
3 1 33
39 1 30
22 2 15
23 1 15
19 1 5
1 1 28
1 2 25
21 1 42
89 1 18
1 1 37
18 1 16
10 2 1
46 1 25
30 1 12
28 1 27
20 1 19
8 2 1
12 1 11
22 1 21
8 2 10
1 2 30
44 1 18
11 1 10
5 2 3
13 1 3
22 1 19
83 1 30
34 2 4
5 2 29
84 1 89
39 1 1
6 1 3
29 2 4
10 2 3
45 1 8
17 1 11
30 1 20
27 1 1
3 5 1
44 1 1
41 1 19
20 2 15
23 1 12
? 1 github_java_program_data/5/318.java

53 1 52
5 2 32
1 2 5
28 1 27
26 1 19
27 2 26
1 2 23
28 1 26
48 1 19
1 7 3
3 5 1
26 2 27
52 1 30
12 2 15
20 1 21
30 1 58
69 1 48
44 1 23
72 1 30
23 1 22
23 1 20
33 1 26
8 2 9
11 1 3
4 2 42
52 1 23
3 4 1
15 1 11
3 2 43
4 2 34
72 2 81
13 2 1
43 1 21
3 2 4
21 1 5
97 1 52
72 2 76
34 1 3
17 2 16
34 2 5
12 2 22
44 1 13
1 1 4
73 1 76
97 1 51
21 1 29
45 1 13
32 2 5
9 2 8
30 1 15
51 1 19
41 2 51
50 1 61
5 2 1
25 1 16
44 1 10
76 1 21
51 2 61
3 2 33
73 1 51
27 1 19
56 1 21
12 1 14
5 2 3
53 1 51
40 1 39
23 1 56
1 2 3
30 1 70
4 2 5
18 1 17
29 1 28
22 2 73
73 2 53
54 1 23
56 6 44
48 1 21
15 2 44
34 2 4
19 1 34
20 2 73
21 1 34
5 2 21
27 1 21
15 1 14
30 1 54
73 1 48
58 6 44
44 1 8
51 2 30
17 1 14
53 1 48
23 1 73
13 1 1
19 2 5
58 1 21
8 2 13
23 1 58
45 1 23
56 1 19
21 1 4
51 2 72
45 1 3
25 1 17
34 1 33
21 1 1
57 1 30
55 1 30
21 1 32
14 1 3
3 1 4
56 6 45
1 2 4
51 2 52
14 1 43
45 1 30
4 2 3
11 1 1
69 1 75
15 2 22
4 2 29
22 2 20
29 2 5
3 1 5
23 1 45
19 1 3
33 1 27
3 2 25
1 2 33
57 1 23
50 1 51
19 1 29
14 1 10
18 1 16
20 2 22
18 2 23
30 1 53
50 2 23
76 1 30
13 2 3
82 1 53
73 1 72
75 1 21
34 1 1
76 1 23
14 1 41
45 1 25
30 1 20
21 1 3
19 1 42
20 2 56
58 6 45
22 1 21
1 5 3
20 2 53
73 1 52
19 1 4
52 2 76
73 1 82
22 2 54
23 1 44
11 1 13
3 1 1
29 1 1
70 1 69
19 1 97
53 1 72
4 2 32
58 1 19
14 1 1
1 1 5
82 2 76
52 1 19
10 1 3
29 1 3
3 2 28
54 1 50
12 2 20
45 1 1
23 1 55
10 1 1
81 2 82
53 1 57
70 1 23
45 2 44
15 2 12
10 2 3
26 1 21
3 7 1
51 1 21
1 1 3
14 1 13
1 2 28
30 1 22
44 2 45
9 2 10
48 2 72
16 2 17
3 1 37
39 1 8
45 1 10
81 1 53
43 2 48
45 1 9
61 1 21
25 2 23
25 2 30
5 2 34
19 1 32
5 2 4
55 1 51
52 2 57
9 2 13
19 1 1
73 2 20
53 2 22
1 2 25
5 2 42
53 1 81
23 1 15
19 1 5
52 2 81
30 1 73
1 2 18
21 1 42
73 1 57
22 1 19
10 2 1
52 2 82
50 1 41
23 1 53
20 1 19
8 2 1
61 1 19
12 1 11
8 2 10
1 2 37
44 1 18
11 1 10
53 2 56
16 1 11
13 1 3
22 2 56
41 1 19
30 1 56
61 1 5
5 2 29
53 1 82
4 2 1
48 2 75
39 1 1
1 4 3
81 2 57
29 2 4
3 2 5
45 1 8
1 2 41
3 2 1
73 1 81
17 1 11
69 1 43
54 2 70
82 1 73
72 2 57
44 1 30
39 1 23
22 2 58
44 1 1
97 1 76
69 2 23
44 1 9
18 2 30
48 2 52
30 1 12
72 1 23
23 1 12
? 1 github_java_program_data/5/32.java

6 2 39
24 1 18
5 2 32
1 2 5
53 1 52
23 1 53
26 1 19
27 2 26
2 1 1
23 1 24
28 1 26
48 1 19
97 1 57
3 1 28
8 2 3
3 2 25
52 1 30
57 1 21
39 1 3
15 1 11
30 1 58
1 2 33
72 1 30
11 1 8
23 1 20
33 1 26
8 2 9
11 1 3
24 2 44
4 2 42
52 1 23
3 2 41
11 1 41
4 2 34
72 2 81
51 2 72
43 1 21
3 2 4
21 1 5
97 1 52
11 1 43
34 1 3
34 2 5
29 1 33
6 1 1
44 1 13
1 1 4
73 1 76
16 1 14
21 1 29
45 1 13
20 1 19
53 1 76
9 2 8
30 1 15
5 2 42
51 1 19
9 2 1
41 2 51
50 1 61
5 2 1
25 1 16
44 1 10
3 4 1
51 2 61
3 2 33
73 1 51
27 1 19
56 1 21
12 1 14
32 2 4
53 1 51
40 1 39
3 1 1
15 2 73
18 1 17
81 2 76
29 1 28
41 1 21
81 1 53
54 1 23
48 1 21
3 2 43
19 1 34
21 1 34
56 1 19
15 1 14
30 1 54
73 1 48
58 6 44
42 2 5
1 4 3
53 1 48
26 1 42
13 1 1
58 1 21
23 1 58
45 1 23
44 1 3
24 1 9
21 1 4
4 2 32
32 2 5
20 1 21
25 1 17
34 1 33
97 1 48
45 1 18
21 1 1
21 1 32
27 1 21
56 6 45
3 2 18
1 2 4
14 1 43
45 1 30
4 2 3
11 1 1
34 1 1
54 2 22
4 2 29
22 2 20
29 2 5
3 1 5
23 1 45
19 1 3
24 1 23
57 1 23
50 1 51
19 1 29
14 1 10
26 1 4
18 1 16
20 2 22
18 2 23
34 1 28
30 1 53
50 2 23
76 1 30
82 1 53
73 1 72
23 1 22
21 1 3
76 1 23
1 1 5
30 1 20
26 1 5
19 1 42
20 2 56
1 7 3
14 1 3
12 2 24
73 1 52
19 1 4
73 2 56
73 1 82
40 1 2
23 1 44
11 1 13
23 1 56
29 1 1
56 6 44
19 1 97
53 1 72
43 1 19
58 1 19
14 1 1
14 1 41
52 1 19
10 1 3
29 1 3
3 2 28
54 1 50
2 2 6
12 2 20
20 2 12
45 1 1
10 1 1
81 2 82
40 1 6
15 2 22
26 2 27
45 2 44
15 2 12
3 2 5
26 1 21
1 2 43
45 1 3
33 1 27
51 1 21
1 1 3
14 1 13
13 2 3
30 1 22
44 2 45
16 2 17
3 1 37
39 1 8
45 1 10
11 1 9
12 2 73
45 1 9
1 5 3
25 2 30
5 2 34
20 2 58
19 1 32
52 2 57
3 1 4
9 2 13
19 1 1
73 2 20
53 2 22
1 2 18
22 2 15
23 1 15
19 1 5
5 2 4
30 1 73
1 2 25
82 2 81
21 1 42
72 2 82
73 1 57
22 1 19
10 2 1
50 1 41
28 1 27
81 1 73
3 2 23
12 1 11
22 1 21
8 2 10
1 2 37
24 1 1
11 1 10
5 2 3
3 7 1
13 1 3
12 2 22
30 1 56
34 2 4
5 2 29
4 2 1
26 1 1
44 1 25
44 1 9
29 2 4
42 2 4
10 2 3
45 1 8
1 2 41
73 1 81
72 2 76
17 1 11
41 1 11
13 2 1
3 5 1
44 1 30
39 1 23
22 2 58
44 1 1
41 1 19
18 2 30
1 2 28
48 2 52
30 1 12
72 1 23
23 1 12
? 1 github_java_program_data/5/326.java

53 1 52
5 2 32
1 2 5
28 1 27
26 1 19
27 2 26
1 2 23
28 1 26
48 1 19
1 7 3
3 5 1
26 2 27
52 1 30
12 2 15
20 1 21
30 1 58
69 1 48
44 1 23
72 1 30
23 1 22
23 1 20
33 1 26
8 2 9
11 1 3
4 2 42
52 1 23
3 4 1
15 1 11
3 2 43
4 2 34
72 2 81
13 2 1
43 1 21
3 2 4
21 1 5
97 1 52
72 2 76
34 1 3
17 2 16
34 2 5
12 2 22
44 1 13
1 1 4
73 1 76
97 1 51
21 1 29
45 1 13
32 2 5
9 2 8
30 1 15
51 1 19
41 2 51
50 1 61
5 2 1
25 1 16
44 1 10
76 1 21
51 2 61
3 2 33
73 1 51
27 1 19
56 1 21
12 1 14
5 2 3
53 1 51
40 1 39
23 1 56
1 2 3
30 1 70
4 2 5
18 1 17
29 1 28
22 2 73
73 2 53
54 1 23
56 6 44
48 1 21
15 2 44
34 2 4
19 1 34
20 2 73
21 1 34
5 2 21
27 1 21
15 1 14
30 1 54
73 1 48
58 6 44
44 1 8
51 2 30
17 1 14
53 1 48
23 1 73
13 1 1
19 2 5
58 1 21
8 2 13
23 1 58
45 1 23
56 1 19
21 1 4
51 2 72
45 1 3
25 1 17
34 1 33
21 1 1
57 1 30
55 1 30
21 1 32
14 1 3
3 1 4
56 6 45
1 2 4
51 2 52
14 1 43
45 1 30
4 2 3
11 1 1
69 1 75
15 2 22
4 2 29
22 2 20
29 2 5
3 1 5
23 1 45
19 1 3
33 1 27
3 2 25
1 2 33
57 1 23
50 1 51
19 1 29
14 1 10
18 1 16
20 2 22
18 2 23
30 1 53
50 2 23
76 1 30
13 2 3
82 1 53
73 1 72
75 1 21
34 1 1
76 1 23
14 1 41
45 1 25
30 1 20
21 1 3
19 1 42
20 2 56
58 6 45
22 1 21
1 5 3
20 2 53
73 1 52
19 1 4
52 2 76
73 1 82
22 2 54
23 1 44
11 1 13
3 1 1
29 1 1
70 1 69
19 1 97
53 1 72
4 2 32
58 1 19
14 1 1
1 1 5
82 2 76
52 1 19
10 1 3
29 1 3
3 2 28
54 1 50
12 2 20
45 1 1
23 1 55
10 1 1
81 2 82
53 1 57
70 1 23
45 2 44
15 2 12
10 2 3
26 1 21
3 7 1
51 1 21
1 1 3
14 1 13
1 2 28
30 1 22
44 2 45
9 2 10
48 2 72
16 2 17
3 1 37
39 1 8
45 1 10
81 1 53
43 2 48
45 1 9
61 1 21
25 2 23
25 2 30
5 2 34
19 1 32
5 2 4
55 1 51
52 2 57
9 2 13
19 1 1
73 2 20
53 2 22
1 2 25
5 2 42
53 1 81
23 1 15
19 1 5
52 2 81
30 1 73
1 2 18
21 1 42
73 1 57
22 1 19
10 2 1
52 2 82
50 1 41
23 1 53
20 1 19
8 2 1
61 1 19
12 1 11
8 2 10
1 2 37
44 1 18
11 1 10
53 2 56
16 1 11
13 1 3
22 2 56
41 1 19
30 1 56
61 1 5
5 2 29
53 1 82
4 2 1
48 2 75
39 1 1
1 4 3
81 2 57
29 2 4
3 2 5
45 1 8
1 2 41
3 2 1
73 1 81
17 1 11
69 1 43
54 2 70
82 1 73
72 2 57
44 1 30
39 1 23
22 2 58
44 1 1
97 1 76
69 2 23
44 1 9
18 2 30
48 2 52
30 1 12
72 1 23
23 1 12
? 1 github_java_program_data/5/329.java

6 2 39
1 2 5
26 1 19
27 2 26
2 1 1
28 1 26
83 1 25
1 2 41
84 1 83
7 2 6
20 1 21
84 2 22
44 1 23
11 1 8
23 1 20
33 1 26
11 1 3
6 2 7
3 2 41
11 1 41
4 2 34
13 2 1
43 1 21
3 2 4
21 1 5
12 2 44
23 2 83
30 1 45
34 1 3
34 2 5
3 2 37
44 1 13
30 1 22
16 1 14
21 1 29
45 1 13
7 1 3
9 2 8
30 1 15
23 1 84
3 4 1
3 2 33
27 1 19
40 1 39
89 2 83
18 1 17
29 1 28
41 1 21
1 2 28
84 1 23
26 2 27
19 1 34
30 1 19
21 1 34
27 1 21
15 1 14
4 2 1
44 1 8
12 2 15
1 4 3
13 1 1
8 2 13
3 2 43
21 1 4
83 2 89
25 1 17
34 1 33
21 1 1
21 1 32
3 1 4
1 2 4
14 1 43
45 1 30
4 2 3
11 1 1
34 1 1
4 2 29
22 2 20
29 2 5
3 1 5
19 1 3
33 1 27
1 2 33
30 1 44
19 1 29
14 1 10
20 2 22
18 2 23
89 1 23
23 1 22
15 2 22
45 1 25
1 2 18
40 1 7
21 1 3
19 1 42
14 1 3
19 1 4
40 1 2
5 2 1
11 1 13
3 1 1
29 1 1
43 1 19
14 1 1
1 1 5
10 1 3
29 1 3
3 2 28
2 2 6
12 2 20
21 1 46
45 1 1
10 1 1
40 1 6
45 2 44
15 2 12
3 2 5
26 1 21
1 2 43
1 1 3
14 1 13
13 2 3
1 1 4
44 2 45
16 2 17
46 1 30
39 1 8
11 1 9
45 1 9
1 5 3
25 2 30
5 2 34
19 1 32
44 1 9
19 1 1
3 1 33
39 1 30
22 2 15
23 1 15
19 1 5
1 1 28
1 2 25
21 1 42
89 1 18
1 1 37
18 1 16
10 2 1
46 1 25
30 1 12
28 1 27
20 1 19
8 2 1
12 1 11
22 1 21
8 2 10
1 2 30
44 1 18
11 1 10
5 2 3
13 1 3
22 1 19
83 1 30
34 2 4
5 2 29
84 1 89
39 1 1
6 1 3
29 2 4
10 2 3
45 1 8
17 1 11
30 1 20
27 1 1
3 5 1
44 1 1
41 1 19
20 2 15
23 1 12
? 1 github_java_program_data/5/345.java

53 1 52
5 2 32
1 2 5
28 1 27
26 1 19
27 2 26
1 2 23
28 1 26
48 1 19
1 7 3
3 5 1
26 2 27
52 1 30
12 2 15
20 1 21
30 1 58
69 1 48
44 1 23
72 1 30
23 1 22
23 1 20
33 1 26
8 2 9
11 1 3
4 2 42
52 1 23
3 4 1
15 1 11
3 2 43
4 2 34
72 2 81
13 2 1
43 1 21
3 2 4
21 1 5
97 1 52
72 2 76
34 1 3
17 2 16
34 2 5
12 2 22
44 1 13
1 1 4
73 1 76
97 1 51
21 1 29
45 1 13
32 2 5
9 2 8
30 1 15
51 1 19
41 2 51
50 1 61
5 2 1
25 1 16
44 1 10
76 1 21
51 2 61
3 2 33
73 1 51
27 1 19
56 1 21
12 1 14
5 2 3
53 1 51
40 1 39
23 1 56
1 2 3
30 1 70
4 2 5
18 1 17
29 1 28
22 2 73
73 2 53
54 1 23
56 6 44
48 1 21
15 2 44
34 2 4
19 1 34
20 2 73
21 1 34
5 2 21
27 1 21
15 1 14
30 1 54
73 1 48
58 6 44
44 1 8
51 2 30
17 1 14
53 1 48
23 1 73
13 1 1
19 2 5
58 1 21
8 2 13
23 1 58
45 1 23
56 1 19
21 1 4
51 2 72
45 1 3
25 1 17
34 1 33
21 1 1
57 1 30
55 1 30
21 1 32
14 1 3
3 1 4
56 6 45
1 2 4
51 2 52
14 1 43
45 1 30
4 2 3
11 1 1
69 1 75
15 2 22
4 2 29
22 2 20
29 2 5
3 1 5
23 1 45
19 1 3
33 1 27
3 2 25
1 2 33
57 1 23
50 1 51
19 1 29
14 1 10
18 1 16
20 2 22
18 2 23
30 1 53
50 2 23
76 1 30
13 2 3
82 1 53
73 1 72
75 1 21
34 1 1
76 1 23
14 1 41
45 1 25
30 1 20
21 1 3
19 1 42
20 2 56
58 6 45
22 1 21
1 5 3
20 2 53
73 1 52
19 1 4
52 2 76
73 1 82
22 2 54
23 1 44
11 1 13
3 1 1
29 1 1
70 1 69
19 1 97
53 1 72
4 2 32
58 1 19
14 1 1
1 1 5
82 2 76
52 1 19
10 1 3
29 1 3
3 2 28
54 1 50
12 2 20
45 1 1
23 1 55
10 1 1
81 2 82
53 1 57
70 1 23
45 2 44
15 2 12
10 2 3
26 1 21
3 7 1
51 1 21
1 1 3
14 1 13
1 2 28
30 1 22
44 2 45
9 2 10
48 2 72
16 2 17
3 1 37
39 1 8
45 1 10
81 1 53
43 2 48
45 1 9
61 1 21
25 2 23
25 2 30
5 2 34
19 1 32
5 2 4
55 1 51
52 2 57
9 2 13
19 1 1
73 2 20
53 2 22
1 2 25
5 2 42
53 1 81
23 1 15
19 1 5
52 2 81
30 1 73
1 2 18
21 1 42
73 1 57
22 1 19
10 2 1
52 2 82
50 1 41
23 1 53
20 1 19
8 2 1
61 1 19
12 1 11
8 2 10
1 2 37
44 1 18
11 1 10
53 2 56
16 1 11
13 1 3
22 2 56
41 1 19
30 1 56
61 1 5
5 2 29
53 1 82
4 2 1
48 2 75
39 1 1
1 4 3
81 2 57
29 2 4
3 2 5
45 1 8
1 2 41
3 2 1
73 1 81
17 1 11
69 1 43
54 2 70
82 1 73
72 2 57
44 1 30
39 1 23
22 2 58
44 1 1
97 1 76
69 2 23
44 1 9
18 2 30
48 2 52
30 1 12
72 1 23
23 1 12
? 1 github_java_program_data/5/356.java

53 1 52
23 1 14
3 2 25
21 1 110
55 1 23
82 1 73
23 1 79
26 1 19
27 2 26
2 1 1
23 1 24
28 1 26
48 1 19
30 1 24
3 1 25
3 1 28
8 2 3
26 2 27
52 1 30
1 1 18
30 1 58
76 1 19
17 2 16
44 1 23
72 1 30
23 1 22
31 1 1
33 1 26
39 1 8
24 2 44
4 2 42
52 1 23
3 2 41
15 1 11
11 1 41
4 2 34
86 1 8
72 2 81
30 1 22
1 5 3
19 1 97
21 1 5
97 1 52
24 1 30
34 1 3
1 2 23
58 6 44
34 2 5
24 1 8
6 1 1
44 1 13
26 1 1
73 1 76
97 1 51
62 1 21
27 1 1
21 1 29
39 2 12
53 2 58
45 1 13
53 2 15
104 1 51
101 2 22
9 2 8
30 1 55
30 1 15
34 2 4
5 2 42
51 1 19
86 1 23
23 1 20
79 1 30
110 1 76
5 2 1
25 1 16
44 1 10
76 1 21
3 4 1
3 2 33
73 1 51
27 1 19
11 1 13
12 1 14
26 1 3
53 1 51
23 1 56
22 1 19
18 1 17
29 1 28
15 2 73
1 2 28
56 6 44
48 1 21
52 2 57
15 2 53
4 2 1
19 1 34
23 1 39
28 1 27
21 1 34
27 1 21
15 1 14
97 1 76
86 1 9
74 2 101
24 1 25
24 1 3
104 1 23
17 1 14
53 1 48
23 1 73
20 2 22
13 1 1
58 1 21
23 1 58
45 1 23
44 1 3
24 1 9
21 1 4
23 1 86
32 2 5
20 1 21
25 1 17
34 1 33
32 2 4
21 1 1
110 1 51
21 1 32
3 1 4
56 6 45
3 2 18
1 2 4
51 2 52
14 1 43
45 1 30
67 1 8
29 1 33
11 1 1
34 1 1
39 1 9
22 2 20
29 2 5
29 1 1
23 1 45
19 1 3
24 1 23
5 2 34
1 2 33
57 1 23
23 1 71
23 1 102
4 2 97
31 1 23
17 1 63
34 1 28
30 1 53
11 1 3
76 1 30
12 2 73
73 1 72
6 2 67
2 2 6
14 2 11
15 2 22
1 1 5
45 1 25
1 2 18
12 2 24
30 1 20
21 1 3
53 2 12
19 1 42
20 2 56
5 2 32
58 6 45
14 1 3
10 2 3
71 2 102
11 2 14
73 1 52
19 1 4
52 2 76
73 1 82
40 1 2
16 1 3
23 1 44
56 1 21
3 1 1
60 1 21
3 1 5
22 2 71
15 2 24
73 2 56
63 1 1
101 1 21
45 1 3
30 1 62
53 1 72
4 2 32
43 1 19
58 1 19
14 1 1
33 1 27
17 1 1
20 2 58
52 1 19
10 1 3
29 1 3
67 1 23
56 1 19
45 2 44
45 1 1
102 1 21
13 2 3
10 1 1
30 1 31
110 1 52
24 2 31
31 1 18
15 2 12
40 1 67
19 1 29
1 1 33
26 1 21
1 2 43
14 1 10
3 7 1
51 1 21
48 2 72
1 1 3
86 2 39
14 1 13
23 1 74
1 1 4
44 2 45
52 1 21
3 2 28
16 2 17
67 1 3
45 1 10
81 1 53
79 1 48
86 1 1
18 2 23
4 2 3
8 2 13
25 2 23
25 2 30
1 2 64
40 1 6
19 1 32
55 1 51
3 2 4
23 1 11
9 2 13
19 1 1
30 1 73
73 2 20
1 2 63
51 2 23
1 2 25
3 1 33
39 1 30
31 1 8
19 1 5
52 2 81
1 1 28
23 1 101
82 2 81
21 1 42
48 2 30
72 2 82
73 1 57
102 2 20
18 1 16
10 2 1
9 2 3
52 2 82
30 1 12
23 1 53
20 1 19
8 2 1
30 1 104
64 1 3
3 2 23
12 1 11
27 1 3
22 1 21
20 2 74
8 2 10
4 2 29
1 2 30
44 1 18
11 1 10
11 1 43
5 2 3
16 1 11
13 1 3
12 2 22
22 2 56
57 1 30
30 1 56
9 2 10
53 1 57
5 2 29
53 1 82
73 1 48
1 2 5
39 1 1
1 4 3
1 7 3
81 2 57
29 2 4
73 2 15
16 1 1
42 2 4
14 1 9
3 2 5
45 1 8
1 2 41
73 1 81
51 2 72
17 1 11
12 2 15
13 2 1
42 2 5
16 1 14
3 5 1
44 1 30
22 2 58
44 1 1
41 1 19
23 1 60
44 1 9
18 2 30
16 1 64
48 2 52
14 1 41
72 1 23
23 1 12
? 1 github_java_program_data/5/371.java

6 2 39
1 2 5
26 1 19
27 2 26
2 1 1
28 1 26
83 1 25
1 2 41
84 1 83
7 2 6
20 1 21
84 2 22
44 1 23
11 1 8
23 1 20
33 1 26
11 1 3
6 2 7
3 2 41
11 1 41
4 2 34
13 2 1
43 1 21
3 2 4
21 1 5
12 2 44
23 2 83
30 1 45
34 1 3
34 2 5
3 2 37
44 1 13
30 1 22
16 1 14
21 1 29
45 1 13
7 1 3
9 2 8
30 1 15
23 1 84
3 4 1
3 2 33
27 1 19
40 1 39
89 2 83
18 1 17
29 1 28
41 1 21
1 2 28
84 1 23
26 2 27
19 1 34
30 1 19
21 1 34
27 1 21
15 1 14
4 2 1
44 1 8
12 2 15
1 4 3
13 1 1
8 2 13
3 2 43
21 1 4
83 2 89
25 1 17
34 1 33
21 1 1
21 1 32
3 1 4
1 2 4
14 1 43
45 1 30
4 2 3
11 1 1
34 1 1
4 2 29
22 2 20
29 2 5
3 1 5
19 1 3
33 1 27
1 2 33
30 1 44
19 1 29
14 1 10
20 2 22
18 2 23
89 1 23
23 1 22
15 2 22
45 1 25
1 2 18
40 1 7
21 1 3
19 1 42
14 1 3
19 1 4
40 1 2
5 2 1
11 1 13
3 1 1
29 1 1
43 1 19
14 1 1
1 1 5
10 1 3
29 1 3
3 2 28
2 2 6
12 2 20
21 1 46
45 1 1
10 1 1
40 1 6
45 2 44
15 2 12
3 2 5
26 1 21
1 2 43
1 1 3
14 1 13
13 2 3
1 1 4
44 2 45
16 2 17
46 1 30
39 1 8
11 1 9
45 1 9
1 5 3
25 2 30
5 2 34
19 1 32
44 1 9
19 1 1
3 1 33
39 1 30
22 2 15
23 1 15
19 1 5
1 1 28
1 2 25
21 1 42
89 1 18
1 1 37
18 1 16
10 2 1
46 1 25
30 1 12
28 1 27
20 1 19
8 2 1
12 1 11
22 1 21
8 2 10
1 2 30
44 1 18
11 1 10
5 2 3
13 1 3
22 1 19
83 1 30
34 2 4
5 2 29
84 1 89
39 1 1
6 1 3
29 2 4
10 2 3
45 1 8
17 1 11
30 1 20
27 1 1
3 5 1
44 1 1
41 1 19
20 2 15
23 1 12
? 1 github_java_program_data/5/372.java

39 1 64
53 1 52
5 2 32
1 2 5
2 2 39
44 1 65
26 1 19
27 2 26
3 5 1
20 1 19
28 1 26
48 1 19
12 2 104
1 7 3
3 1 25
3 1 28
8 2 3
26 2 27
52 1 30
39 1 3
20 1 21
30 1 58
56 2 103
44 1 23
72 1 30
23 1 22
17 1 63
33 1 26
11 1 3
4 2 42
52 1 23
3 2 41
15 1 11
11 1 41
4 2 34
72 2 81
51 2 72
43 1 21
3 2 4
21 1 5
12 2 44
44 1 3
34 1 3
65 1 1
34 2 5
29 1 33
44 1 13
1 1 4
16 1 14
21 1 29
53 2 58
45 1 13
53 2 15
66 1 3
53 1 76
103 2 58
30 1 15
56 2 102
5 2 42
51 1 19
73 2 58
23 1 20
5 2 1
25 1 16
44 1 10
3 4 1
104 1 48
73 1 51
27 1 19
11 1 13
12 1 14
26 1 3
53 1 51
40 1 39
23 1 56
64 2 23
18 1 17
81 2 76
29 1 28
41 1 21
65 1 3
15 2 73
1 2 28
48 1 21
15 2 53
4 2 1
19 1 34
28 1 27
21 1 34
66 1 1
15 1 14
73 1 48
58 6 44
44 1 8
104 1 23
17 1 14
30 1 56
53 1 48
23 1 73
23 1 103
13 1 1
58 1 21
8 2 13
23 1 58
45 1 23
56 1 19
21 1 4
3 2 33
1 1 18
25 1 17
34 1 33
21 1 1
57 1 30
21 1 32
27 1 21
56 6 45
3 2 18
1 2 4
51 2 52
3 2 43
14 1 43
45 1 30
4 2 3
11 1 1
34 1 1
4 2 29
22 2 20
29 2 5
29 1 1
23 1 45
19 1 3
33 1 27
3 2 25
65 2 8
82 2 81
19 1 29
23 1 102
20 2 22
18 2 23
34 1 28
30 1 53
23 1 53
82 1 53
73 1 72
76 1 23
14 1 41
45 1 25
1 2 18
30 1 20
21 1 3
19 1 42
58 6 45
14 1 3
48 2 23
73 1 52
19 1 4
73 2 56
17 1 3
40 1 2
16 1 3
23 1 44
56 1 21
3 1 1
3 1 5
56 6 44
63 1 1
101 1 21
45 1 3
53 1 72
4 2 32
43 1 19
58 1 19
14 1 1
1 1 5
10 1 3
29 1 3
3 2 28
12 2 20
20 2 12
45 1 1
102 1 21
10 1 1
22 2 12
20 2 58
15 2 22
45 2 44
66 2 8
10 2 3
1 1 33
26 1 21
1 2 43
14 1 10
51 1 21
53 2 56
1 1 3
14 1 13
13 2 3
30 1 22
44 2 45
9 2 10
48 2 72
16 2 17
39 1 8
45 1 10
11 1 9
58 2 101
45 1 9
102 2 58
1 5 3
25 2 30
5 2 34
19 1 32
3 2 63
3 1 4
9 2 13
19 1 1
1 1 28
73 2 20
53 2 22
53 2 73
1 2 25
3 1 33
53 1 81
23 1 15
19 1 5
5 2 4
30 1 73
23 1 101
42 2 5
21 1 42
1 2 33
72 2 82
73 1 57
22 1 19
10 2 1
17 2 16
52 2 82
30 1 12
3 2 64
64 1 77
81 1 73
30 1 104
101 2 56
73 2 12
12 1 11
27 1 3
22 1 21
8 2 10
77 1 1
44 1 18
11 1 10
11 1 43
5 2 3
16 1 11
13 1 3
22 2 56
44 1 66
18 1 16
34 2 4
5 2 29
53 1 82
2 1 3
26 1 1
81 2 57
29 2 4
3 2 5
1 2 41
73 1 81
17 1 11
25 2 23
13 2 1
82 1 73
27 1 1
72 2 57
44 1 30
53 2 20
15 2 20
39 1 23
73 2 22
44 1 1
41 1 19
12 2 15
18 2 30
48 2 52
1 4 3
72 1 23
23 1 12
? 1 github_java_program_data/5/384.java

6 2 39
1 2 5
26 1 19
27 2 26
2 1 1
28 1 26
83 1 25
1 2 41
84 1 83
7 2 6
20 1 21
84 2 22
44 1 23
11 1 8
23 1 20
33 1 26
11 1 3
6 2 7
3 2 41
11 1 41
4 2 34
13 2 1
43 1 21
3 2 4
21 1 5
12 2 44
23 2 83
30 1 45
34 1 3
34 2 5
3 2 37
44 1 13
30 1 22
16 1 14
21 1 29
45 1 13
7 1 3
9 2 8
30 1 15
23 1 84
3 4 1
3 2 33
27 1 19
40 1 39
89 2 83
18 1 17
29 1 28
41 1 21
1 2 28
84 1 23
26 2 27
19 1 34
30 1 19
21 1 34
27 1 21
15 1 14
4 2 1
44 1 8
12 2 15
1 4 3
13 1 1
8 2 13
3 2 43
21 1 4
83 2 89
25 1 17
34 1 33
21 1 1
21 1 32
3 1 4
1 2 4
14 1 43
45 1 30
4 2 3
11 1 1
34 1 1
4 2 29
22 2 20
29 2 5
3 1 5
19 1 3
33 1 27
1 2 33
30 1 44
19 1 29
14 1 10
20 2 22
18 2 23
89 1 23
23 1 22
15 2 22
45 1 25
1 2 18
40 1 7
21 1 3
19 1 42
14 1 3
19 1 4
40 1 2
5 2 1
11 1 13
3 1 1
29 1 1
43 1 19
14 1 1
1 1 5
10 1 3
29 1 3
3 2 28
2 2 6
12 2 20
21 1 46
45 1 1
10 1 1
40 1 6
45 2 44
15 2 12
3 2 5
26 1 21
1 2 43
1 1 3
14 1 13
13 2 3
1 1 4
44 2 45
16 2 17
46 1 30
39 1 8
11 1 9
45 1 9
1 5 3
25 2 30
5 2 34
19 1 32
44 1 9
19 1 1
3 1 33
39 1 30
22 2 15
23 1 15
19 1 5
1 1 28
1 2 25
21 1 42
89 1 18
1 1 37
18 1 16
10 2 1
46 1 25
30 1 12
28 1 27
20 1 19
8 2 1
12 1 11
22 1 21
8 2 10
1 2 30
44 1 18
11 1 10
5 2 3
13 1 3
22 1 19
83 1 30
34 2 4
5 2 29
84 1 89
39 1 1
6 1 3
29 2 4
10 2 3
45 1 8
17 1 11
30 1 20
27 1 1
3 5 1
44 1 1
41 1 19
20 2 15
23 1 12
? 1 github_java_program_data/5/399.java

53 1 52
5 2 32
1 2 5
28 1 27
26 1 19
27 2 26
1 2 23
28 1 26
48 1 19
1 7 3
3 5 1
26 2 27
52 1 30
12 2 15
20 1 21
30 1 58
69 1 48
44 1 23
72 1 30
23 1 22
23 1 20
33 1 26
8 2 9
11 1 3
4 2 42
52 1 23
3 4 1
15 1 11
3 2 43
4 2 34
72 2 81
13 2 1
43 1 21
3 2 4
21 1 5
97 1 52
72 2 76
34 1 3
17 2 16
34 2 5
12 2 22
44 1 13
1 1 4
73 1 76
97 1 51
21 1 29
45 1 13
32 2 5
9 2 8
30 1 15
51 1 19
41 2 51
50 1 61
5 2 1
25 1 16
44 1 10
76 1 21
51 2 61
3 2 33
73 1 51
27 1 19
56 1 21
12 1 14
5 2 3
53 1 51
40 1 39
23 1 56
1 2 3
30 1 70
4 2 5
18 1 17
29 1 28
22 2 73
73 2 53
54 1 23
56 6 44
48 1 21
15 2 44
34 2 4
19 1 34
20 2 73
21 1 34
5 2 21
27 1 21
15 1 14
30 1 54
73 1 48
58 6 44
44 1 8
51 2 30
17 1 14
53 1 48
23 1 73
13 1 1
19 2 5
58 1 21
8 2 13
23 1 58
45 1 23
56 1 19
21 1 4
51 2 72
45 1 3
25 1 17
34 1 33
21 1 1
57 1 30
55 1 30
21 1 32
14 1 3
3 1 4
56 6 45
1 2 4
51 2 52
14 1 43
45 1 30
4 2 3
11 1 1
69 1 75
15 2 22
4 2 29
22 2 20
29 2 5
3 1 5
23 1 45
19 1 3
33 1 27
3 2 25
1 2 33
57 1 23
50 1 51
19 1 29
14 1 10
18 1 16
20 2 22
18 2 23
30 1 53
50 2 23
76 1 30
13 2 3
82 1 53
73 1 72
75 1 21
34 1 1
76 1 23
14 1 41
45 1 25
30 1 20
21 1 3
19 1 42
20 2 56
58 6 45
22 1 21
1 5 3
20 2 53
73 1 52
19 1 4
52 2 76
73 1 82
22 2 54
23 1 44
11 1 13
3 1 1
29 1 1
70 1 69
19 1 97
53 1 72
4 2 32
58 1 19
14 1 1
1 1 5
82 2 76
52 1 19
10 1 3
29 1 3
3 2 28
54 1 50
12 2 20
45 1 1
23 1 55
10 1 1
81 2 82
53 1 57
70 1 23
45 2 44
15 2 12
10 2 3
26 1 21
3 7 1
51 1 21
1 1 3
14 1 13
1 2 28
30 1 22
44 2 45
9 2 10
48 2 72
16 2 17
3 1 37
39 1 8
45 1 10
81 1 53
43 2 48
45 1 9
61 1 21
25 2 23
25 2 30
5 2 34
19 1 32
5 2 4
55 1 51
52 2 57
9 2 13
19 1 1
73 2 20
53 2 22
1 2 25
5 2 42
53 1 81
23 1 15
19 1 5
52 2 81
30 1 73
1 2 18
21 1 42
73 1 57
22 1 19
10 2 1
52 2 82
50 1 41
23 1 53
20 1 19
8 2 1
61 1 19
12 1 11
8 2 10
1 2 37
44 1 18
11 1 10
53 2 56
16 1 11
13 1 3
22 2 56
41 1 19
30 1 56
61 1 5
5 2 29
53 1 82
4 2 1
48 2 75
39 1 1
1 4 3
81 2 57
29 2 4
3 2 5
45 1 8
1 2 41
3 2 1
73 1 81
17 1 11
69 1 43
54 2 70
82 1 73
72 2 57
44 1 30
39 1 23
22 2 58
44 1 1
97 1 76
69 2 23
44 1 9
18 2 30
48 2 52
30 1 12
72 1 23
23 1 12
? 1 github_java_program_data/5/410.java

6 2 39
53 1 52
5 2 32
1 2 5
70 2 20
8 2 25
23 1 53
26 1 19
27 2 26
2 1 1
28 1 26
48 1 19
69 1 41
3 1 28
8 2 3
26 2 27
52 1 30
14 1 68
25 2 10
39 1 3
20 1 21
30 1 58
69 1 48
44 1 23
72 1 30
3 2 23
23 1 22
1 1 3
33 1 26
11 1 3
6 2 7
4 2 42
52 1 23
3 2 41
11 1 41
4 2 34
1 1 4
43 1 21
3 2 4
21 1 5
11 1 43
34 1 3
17 2 16
34 2 5
29 1 33
6 1 1
44 1 13
30 1 22
7 2 6
73 1 76
8 2 18
27 1 1
21 1 29
45 1 13
53 2 15
9 2 8
53 2 73
96 1 3
23 1 70
51 1 19
41 2 51
23 1 20
5 2 1
25 1 16
44 1 10
3 4 1
51 2 61
3 2 33
73 1 51
16 1 96
27 1 19
56 1 21
12 1 14
26 1 3
53 1 51
40 1 39
23 1 56
30 1 70
40 1 7
63 1 3
29 1 28
41 1 21
54 1 23
56 6 44
48 1 21
3 2 43
34 2 4
19 1 34
5 2 42
41 1 14
21 1 34
3 1 4
15 1 14
54 1 69
73 1 48
18 2 13
44 1 8
54 2 56
12 2 15
1 4 3
43 1 14
53 1 48
23 1 73
5 2 29
13 1 1
8 2 13
45 1 23
44 1 3
21 1 4
4 2 32
51 2 72
68 1 19
25 1 17
34 1 33
21 1 1
21 1 32
27 1 21
56 6 45
3 2 18
1 2 4
51 2 52
14 1 43
50 1 75
4 2 3
23 1 54
11 1 1
34 1 1
54 2 22
4 2 29
22 2 20
11 1 49
3 1 5
23 1 45
19 1 3
33 1 27
3 2 25
1 2 33
18 1 16
54 1 30
14 1 10
22 2 78
20 2 22
18 2 23
34 1 28
69 1 51
50 2 23
76 1 30
73 1 72
75 1 21
21 1 3
18 2 10
14 1 41
45 1 25
1 2 96
30 1 20
69 1 61
19 1 42
3 2 49
14 1 3
20 2 53
19 1 4
29 2 5
16 1 63
1 2 68
22 2 54
40 1 2
23 1 44
11 1 13
3 1 1
29 1 1
70 1 69
30 1 78
45 1 3
15 2 54
43 1 19
58 1 19
14 1 1
49 1 19
1 1 5
51 2 75
7 1 1
10 1 3
29 1 3
3 2 28
54 1 50
2 2 6
12 2 20
69 2 30
1 2 18
10 1 1
40 1 6
70 1 23
45 2 44
15 2 12
50 1 51
19 1 29
1 1 33
26 1 21
1 2 43
45 1 8
51 1 21
50 1 43
17 1 63
14 1 13
13 2 3
70 1 30
44 2 45
16 2 17
39 1 8
45 1 10
45 1 9
1 5 3
25 2 23
5 2 34
19 1 32
3 2 5
52 2 57
73 2 56
19 1 1
73 2 20
53 2 22
1 2 63
3 1 33
22 2 15
23 1 15
19 1 5
3 5 1
1 1 28
21 1 42
41 2 48
73 1 57
22 1 19
10 2 1
48 2 61
50 1 41
28 1 27
20 1 19
61 1 19
12 1 11
27 1 3
22 1 21
30 1 56
44 1 18
11 1 10
5 2 3
16 1 11
13 1 3
12 2 22
41 1 19
30 1 54
39 1 23
53 1 57
17 1 1
4 2 1
26 1 1
44 1 25
44 1 9
16 1 1
42 2 4
10 2 3
70 1 50
1 2 41
48 2 72
72 2 76
17 1 11
41 1 11
13 2 1
16 1 14
72 2 57
44 1 30
45 1 18
44 1 1
57 1 30
18 2 30
1 2 28
48 2 52
72 1 23
23 1 12
? 1 github_java_program_data/5/413.java

53 1 52
5 2 32
1 2 5
28 1 27
26 1 19
27 2 26
1 2 23
28 1 26
48 1 19
1 7 3
3 5 1
26 2 27
52 1 30
12 2 15
20 1 21
30 1 58
69 1 48
44 1 23
72 1 30
23 1 22
23 1 20
33 1 26
8 2 9
11 1 3
4 2 42
52 1 23
3 4 1
15 1 11
3 2 43
4 2 34
72 2 81
13 2 1
43 1 21
3 2 4
21 1 5
97 1 52
72 2 76
34 1 3
17 2 16
34 2 5
12 2 22
44 1 13
1 1 4
73 1 76
97 1 51
21 1 29
45 1 13
32 2 5
9 2 8
30 1 15
51 1 19
41 2 51
50 1 61
5 2 1
25 1 16
44 1 10
76 1 21
51 2 61
3 2 33
73 1 51
27 1 19
56 1 21
12 1 14
5 2 3
53 1 51
40 1 39
23 1 56
1 2 3
30 1 70
4 2 5
18 1 17
29 1 28
22 2 73
73 2 53
54 1 23
56 6 44
48 1 21
15 2 44
34 2 4
19 1 34
20 2 73
21 1 34
5 2 21
27 1 21
15 1 14
30 1 54
73 1 48
58 6 44
44 1 8
51 2 30
17 1 14
53 1 48
23 1 73
13 1 1
19 2 5
58 1 21
8 2 13
23 1 58
45 1 23
56 1 19
21 1 4
51 2 72
45 1 3
25 1 17
34 1 33
21 1 1
57 1 30
55 1 30
21 1 32
14 1 3
3 1 4
56 6 45
1 2 4
51 2 52
14 1 43
45 1 30
4 2 3
11 1 1
69 1 75
15 2 22
4 2 29
22 2 20
29 2 5
3 1 5
23 1 45
19 1 3
33 1 27
3 2 25
1 2 33
57 1 23
50 1 51
19 1 29
14 1 10
18 1 16
20 2 22
18 2 23
30 1 53
50 2 23
76 1 30
13 2 3
82 1 53
73 1 72
75 1 21
34 1 1
76 1 23
14 1 41
45 1 25
30 1 20
21 1 3
19 1 42
20 2 56
58 6 45
22 1 21
1 5 3
20 2 53
73 1 52
19 1 4
52 2 76
73 1 82
22 2 54
23 1 44
11 1 13
3 1 1
29 1 1
70 1 69
19 1 97
53 1 72
4 2 32
58 1 19
14 1 1
1 1 5
82 2 76
52 1 19
10 1 3
29 1 3
3 2 28
54 1 50
12 2 20
45 1 1
23 1 55
10 1 1
81 2 82
53 1 57
70 1 23
45 2 44
15 2 12
10 2 3
26 1 21
3 7 1
51 1 21
1 1 3
14 1 13
1 2 28
30 1 22
44 2 45
9 2 10
48 2 72
16 2 17
3 1 37
39 1 8
45 1 10
81 1 53
43 2 48
45 1 9
61 1 21
25 2 23
25 2 30
5 2 34
19 1 32
5 2 4
55 1 51
52 2 57
9 2 13
19 1 1
73 2 20
53 2 22
1 2 25
5 2 42
53 1 81
23 1 15
19 1 5
52 2 81
30 1 73
1 2 18
21 1 42
73 1 57
22 1 19
10 2 1
52 2 82
50 1 41
23 1 53
20 1 19
8 2 1
61 1 19
12 1 11
8 2 10
1 2 37
44 1 18
11 1 10
53 2 56
16 1 11
13 1 3
22 2 56
41 1 19
30 1 56
61 1 5
5 2 29
53 1 82
4 2 1
48 2 75
39 1 1
1 4 3
81 2 57
29 2 4
3 2 5
45 1 8
1 2 41
3 2 1
73 1 81
17 1 11
69 1 43
54 2 70
82 1 73
72 2 57
44 1 30
39 1 23
22 2 58
44 1 1
97 1 76
69 2 23
44 1 9
18 2 30
48 2 52
30 1 12
72 1 23
23 1 12
? 1 github_java_program_data/5/437.java

6 2 39
1 2 5
26 1 19
27 2 26
2 1 1
28 1 26
83 1 25
1 2 41
84 1 83
7 2 6
20 1 21
84 2 22
44 1 23
11 1 8
23 1 20
33 1 26
11 1 3
6 2 7
3 2 41
11 1 41
4 2 34
13 2 1
43 1 21
3 2 4
21 1 5
12 2 44
23 2 83
30 1 45
34 1 3
34 2 5
3 2 37
44 1 13
30 1 22
16 1 14
21 1 29
45 1 13
7 1 3
9 2 8
30 1 15
23 1 84
3 4 1
3 2 33
27 1 19
40 1 39
89 2 83
18 1 17
29 1 28
41 1 21
1 2 28
84 1 23
26 2 27
19 1 34
30 1 19
21 1 34
27 1 21
15 1 14
4 2 1
44 1 8
12 2 15
1 4 3
13 1 1
8 2 13
3 2 43
21 1 4
83 2 89
25 1 17
34 1 33
21 1 1
21 1 32
3 1 4
1 2 4
14 1 43
45 1 30
4 2 3
11 1 1
34 1 1
4 2 29
22 2 20
29 2 5
3 1 5
19 1 3
33 1 27
1 2 33
30 1 44
19 1 29
14 1 10
20 2 22
18 2 23
89 1 23
23 1 22
15 2 22
45 1 25
1 2 18
40 1 7
21 1 3
19 1 42
14 1 3
19 1 4
40 1 2
5 2 1
11 1 13
3 1 1
29 1 1
43 1 19
14 1 1
1 1 5
10 1 3
29 1 3
3 2 28
2 2 6
12 2 20
21 1 46
45 1 1
10 1 1
40 1 6
45 2 44
15 2 12
3 2 5
26 1 21
1 2 43
1 1 3
14 1 13
13 2 3
1 1 4
44 2 45
16 2 17
46 1 30
39 1 8
11 1 9
45 1 9
1 5 3
25 2 30
5 2 34
19 1 32
44 1 9
19 1 1
3 1 33
39 1 30
22 2 15
23 1 15
19 1 5
1 1 28
1 2 25
21 1 42
89 1 18
1 1 37
18 1 16
10 2 1
46 1 25
30 1 12
28 1 27
20 1 19
8 2 1
12 1 11
22 1 21
8 2 10
1 2 30
44 1 18
11 1 10
5 2 3
13 1 3
22 1 19
83 1 30
34 2 4
5 2 29
84 1 89
39 1 1
6 1 3
29 2 4
10 2 3
45 1 8
17 1 11
30 1 20
27 1 1
3 5 1
44 1 1
41 1 19
20 2 15
23 1 12
? 1 github_java_program_data/5/453.java

53 1 52
5 2 32
1 2 5
28 1 27
26 1 19
27 2 26
1 2 23
28 1 26
48 1 19
1 7 3
3 5 1
26 2 27
52 1 30
12 2 15
20 1 21
30 1 58
69 1 48
44 1 23
72 1 30
23 1 22
23 1 20
33 1 26
8 2 9
11 1 3
4 2 42
52 1 23
3 4 1
15 1 11
3 2 43
4 2 34
72 2 81
13 2 1
43 1 21
3 2 4
21 1 5
97 1 52
72 2 76
34 1 3
17 2 16
34 2 5
12 2 22
44 1 13
1 1 4
73 1 76
97 1 51
21 1 29
45 1 13
32 2 5
9 2 8
30 1 15
51 1 19
41 2 51
50 1 61
5 2 1
25 1 16
44 1 10
76 1 21
51 2 61
3 2 33
73 1 51
27 1 19
56 1 21
12 1 14
5 2 3
53 1 51
40 1 39
23 1 56
1 2 3
30 1 70
4 2 5
18 1 17
29 1 28
22 2 73
73 2 53
54 1 23
56 6 44
48 1 21
15 2 44
34 2 4
19 1 34
20 2 73
21 1 34
5 2 21
27 1 21
15 1 14
30 1 54
73 1 48
58 6 44
44 1 8
51 2 30
17 1 14
53 1 48
23 1 73
13 1 1
19 2 5
58 1 21
8 2 13
23 1 58
45 1 23
56 1 19
21 1 4
51 2 72
45 1 3
25 1 17
34 1 33
21 1 1
57 1 30
55 1 30
21 1 32
14 1 3
3 1 4
56 6 45
1 2 4
51 2 52
14 1 43
45 1 30
4 2 3
11 1 1
69 1 75
15 2 22
4 2 29
22 2 20
29 2 5
3 1 5
23 1 45
19 1 3
33 1 27
3 2 25
1 2 33
57 1 23
50 1 51
19 1 29
14 1 10
18 1 16
20 2 22
18 2 23
30 1 53
50 2 23
76 1 30
13 2 3
82 1 53
73 1 72
75 1 21
34 1 1
76 1 23
14 1 41
45 1 25
30 1 20
21 1 3
19 1 42
20 2 56
58 6 45
22 1 21
1 5 3
20 2 53
73 1 52
19 1 4
52 2 76
73 1 82
22 2 54
23 1 44
11 1 13
3 1 1
29 1 1
70 1 69
19 1 97
53 1 72
4 2 32
58 1 19
14 1 1
1 1 5
82 2 76
52 1 19
10 1 3
29 1 3
3 2 28
54 1 50
12 2 20
45 1 1
23 1 55
10 1 1
81 2 82
53 1 57
70 1 23
45 2 44
15 2 12
10 2 3
26 1 21
3 7 1
51 1 21
1 1 3
14 1 13
1 2 28
30 1 22
44 2 45
9 2 10
48 2 72
16 2 17
3 1 37
39 1 8
45 1 10
81 1 53
43 2 48
45 1 9
61 1 21
25 2 23
25 2 30
5 2 34
19 1 32
5 2 4
55 1 51
52 2 57
9 2 13
19 1 1
73 2 20
53 2 22
1 2 25
5 2 42
53 1 81
23 1 15
19 1 5
52 2 81
30 1 73
1 2 18
21 1 42
73 1 57
22 1 19
10 2 1
52 2 82
50 1 41
23 1 53
20 1 19
8 2 1
61 1 19
12 1 11
8 2 10
1 2 37
44 1 18
11 1 10
53 2 56
16 1 11
13 1 3
22 2 56
41 1 19
30 1 56
61 1 5
5 2 29
53 1 82
4 2 1
48 2 75
39 1 1
1 4 3
81 2 57
29 2 4
3 2 5
45 1 8
1 2 41
3 2 1
73 1 81
17 1 11
69 1 43
54 2 70
82 1 73
72 2 57
44 1 30
39 1 23
22 2 58
44 1 1
97 1 76
69 2 23
44 1 9
18 2 30
48 2 52
30 1 12
72 1 23
23 1 12
? 1 github_java_program_data/5/464.java

6 2 39
1 2 5
26 1 19
27 2 26
2 1 1
28 1 26
83 1 25
1 2 41
84 1 83
7 2 6
20 1 21
84 2 22
44 1 23
11 1 8
23 1 20
33 1 26
11 1 3
6 2 7
3 2 41
11 1 41
4 2 34
13 2 1
43 1 21
3 2 4
21 1 5
12 2 44
23 2 83
30 1 45
34 1 3
34 2 5
3 2 37
44 1 13
30 1 22
16 1 14
21 1 29
45 1 13
7 1 3
9 2 8
30 1 15
23 1 84
3 4 1
3 2 33
27 1 19
40 1 39
89 2 83
18 1 17
29 1 28
41 1 21
1 2 28
84 1 23
26 2 27
19 1 34
30 1 19
21 1 34
27 1 21
15 1 14
4 2 1
44 1 8
12 2 15
1 4 3
13 1 1
8 2 13
3 2 43
21 1 4
83 2 89
25 1 17
34 1 33
21 1 1
21 1 32
3 1 4
1 2 4
14 1 43
45 1 30
4 2 3
11 1 1
34 1 1
4 2 29
22 2 20
29 2 5
3 1 5
19 1 3
33 1 27
1 2 33
30 1 44
19 1 29
14 1 10
20 2 22
18 2 23
89 1 23
23 1 22
15 2 22
45 1 25
1 2 18
40 1 7
21 1 3
19 1 42
14 1 3
19 1 4
40 1 2
5 2 1
11 1 13
3 1 1
29 1 1
43 1 19
14 1 1
1 1 5
10 1 3
29 1 3
3 2 28
2 2 6
12 2 20
21 1 46
45 1 1
10 1 1
40 1 6
45 2 44
15 2 12
3 2 5
26 1 21
1 2 43
1 1 3
14 1 13
13 2 3
1 1 4
44 2 45
16 2 17
46 1 30
39 1 8
11 1 9
45 1 9
1 5 3
25 2 30
5 2 34
19 1 32
44 1 9
19 1 1
3 1 33
39 1 30
22 2 15
23 1 15
19 1 5
1 1 28
1 2 25
21 1 42
89 1 18
1 1 37
18 1 16
10 2 1
46 1 25
30 1 12
28 1 27
20 1 19
8 2 1
12 1 11
22 1 21
8 2 10
1 2 30
44 1 18
11 1 10
5 2 3
13 1 3
22 1 19
83 1 30
34 2 4
5 2 29
84 1 89
39 1 1
6 1 3
29 2 4
10 2 3
45 1 8
17 1 11
30 1 20
27 1 1
3 5 1
44 1 1
41 1 19
20 2 15
23 1 12
? 1 github_java_program_data/5/48.java

53 1 52
5 2 32
1 2 5
28 1 27
26 1 19
27 2 26
1 2 23
28 1 26
48 1 19
1 7 3
3 5 1
26 2 27
52 1 30
12 2 15
20 1 21
30 1 58
69 1 48
44 1 23
72 1 30
23 1 22
23 1 20
33 1 26
8 2 9
11 1 3
4 2 42
52 1 23
3 4 1
15 1 11
3 2 43
4 2 34
72 2 81
13 2 1
43 1 21
3 2 4
21 1 5
97 1 52
72 2 76
34 1 3
17 2 16
34 2 5
12 2 22
44 1 13
1 1 4
73 1 76
97 1 51
21 1 29
45 1 13
32 2 5
9 2 8
30 1 15
51 1 19
41 2 51
50 1 61
5 2 1
25 1 16
44 1 10
76 1 21
51 2 61
3 2 33
73 1 51
27 1 19
56 1 21
12 1 14
5 2 3
53 1 51
40 1 39
23 1 56
1 2 3
30 1 70
4 2 5
18 1 17
29 1 28
22 2 73
73 2 53
54 1 23
56 6 44
48 1 21
15 2 44
34 2 4
19 1 34
20 2 73
21 1 34
5 2 21
27 1 21
15 1 14
30 1 54
73 1 48
58 6 44
44 1 8
51 2 30
17 1 14
53 1 48
23 1 73
13 1 1
19 2 5
58 1 21
8 2 13
23 1 58
45 1 23
56 1 19
21 1 4
51 2 72
45 1 3
25 1 17
34 1 33
21 1 1
57 1 30
55 1 30
21 1 32
14 1 3
3 1 4
56 6 45
1 2 4
51 2 52
14 1 43
45 1 30
4 2 3
11 1 1
69 1 75
15 2 22
4 2 29
22 2 20
29 2 5
3 1 5
23 1 45
19 1 3
33 1 27
3 2 25
1 2 33
57 1 23
50 1 51
19 1 29
14 1 10
18 1 16
20 2 22
18 2 23
30 1 53
50 2 23
76 1 30
13 2 3
82 1 53
73 1 72
75 1 21
34 1 1
76 1 23
14 1 41
45 1 25
30 1 20
21 1 3
19 1 42
20 2 56
58 6 45
22 1 21
1 5 3
20 2 53
73 1 52
19 1 4
52 2 76
73 1 82
22 2 54
23 1 44
11 1 13
3 1 1
29 1 1
70 1 69
19 1 97
53 1 72
4 2 32
58 1 19
14 1 1
1 1 5
82 2 76
52 1 19
10 1 3
29 1 3
3 2 28
54 1 50
12 2 20
45 1 1
23 1 55
10 1 1
81 2 82
53 1 57
70 1 23
45 2 44
15 2 12
10 2 3
26 1 21
3 7 1
51 1 21
1 1 3
14 1 13
1 2 28
30 1 22
44 2 45
9 2 10
48 2 72
16 2 17
3 1 37
39 1 8
45 1 10
81 1 53
43 2 48
45 1 9
61 1 21
25 2 23
25 2 30
5 2 34
19 1 32
5 2 4
55 1 51
52 2 57
9 2 13
19 1 1
73 2 20
53 2 22
1 2 25
5 2 42
53 1 81
23 1 15
19 1 5
52 2 81
30 1 73
1 2 18
21 1 42
73 1 57
22 1 19
10 2 1
52 2 82
50 1 41
23 1 53
20 1 19
8 2 1
61 1 19
12 1 11
8 2 10
1 2 37
44 1 18
11 1 10
53 2 56
16 1 11
13 1 3
22 2 56
41 1 19
30 1 56
61 1 5
5 2 29
53 1 82
4 2 1
48 2 75
39 1 1
1 4 3
81 2 57
29 2 4
3 2 5
45 1 8
1 2 41
3 2 1
73 1 81
17 1 11
69 1 43
54 2 70
82 1 73
72 2 57
44 1 30
39 1 23
22 2 58
44 1 1
97 1 76
69 2 23
44 1 9
18 2 30
48 2 52
30 1 12
72 1 23
23 1 12
? 1 github_java_program_data/5/491.java

53 1 52
5 2 32
1 2 5
28 1 27
26 1 19
27 2 26
1 2 23
28 1 26
48 1 19
1 7 3
3 5 1
26 2 27
52 1 30
12 2 15
20 1 21
30 1 58
69 1 48
44 1 23
72 1 30
23 1 22
23 1 20
33 1 26
8 2 9
11 1 3
4 2 42
52 1 23
3 4 1
15 1 11
3 2 43
4 2 34
72 2 81
13 2 1
43 1 21
3 2 4
21 1 5
97 1 52
72 2 76
34 1 3
17 2 16
34 2 5
12 2 22
44 1 13
1 1 4
73 1 76
97 1 51
21 1 29
45 1 13
32 2 5
9 2 8
30 1 15
51 1 19
41 2 51
50 1 61
5 2 1
25 1 16
44 1 10
76 1 21
51 2 61
3 2 33
73 1 51
27 1 19
56 1 21
12 1 14
5 2 3
53 1 51
40 1 39
23 1 56
1 2 3
30 1 70
4 2 5
18 1 17
29 1 28
22 2 73
73 2 53
54 1 23
56 6 44
48 1 21
15 2 44
34 2 4
19 1 34
20 2 73
21 1 34
5 2 21
27 1 21
15 1 14
30 1 54
73 1 48
58 6 44
44 1 8
51 2 30
17 1 14
53 1 48
23 1 73
13 1 1
19 2 5
58 1 21
8 2 13
23 1 58
45 1 23
56 1 19
21 1 4
51 2 72
45 1 3
25 1 17
34 1 33
21 1 1
57 1 30
55 1 30
21 1 32
14 1 3
3 1 4
56 6 45
1 2 4
51 2 52
14 1 43
45 1 30
4 2 3
11 1 1
69 1 75
15 2 22
4 2 29
22 2 20
29 2 5
3 1 5
23 1 45
19 1 3
33 1 27
3 2 25
1 2 33
57 1 23
50 1 51
19 1 29
14 1 10
18 1 16
20 2 22
18 2 23
30 1 53
50 2 23
76 1 30
13 2 3
82 1 53
73 1 72
75 1 21
34 1 1
76 1 23
14 1 41
45 1 25
30 1 20
21 1 3
19 1 42
20 2 56
58 6 45
22 1 21
1 5 3
20 2 53
73 1 52
19 1 4
52 2 76
73 1 82
22 2 54
23 1 44
11 1 13
3 1 1
29 1 1
70 1 69
19 1 97
53 1 72
4 2 32
58 1 19
14 1 1
1 1 5
82 2 76
52 1 19
10 1 3
29 1 3
3 2 28
54 1 50
12 2 20
45 1 1
23 1 55
10 1 1
81 2 82
53 1 57
70 1 23
45 2 44
15 2 12
10 2 3
26 1 21
3 7 1
51 1 21
1 1 3
14 1 13
1 2 28
30 1 22
44 2 45
9 2 10
48 2 72
16 2 17
3 1 37
39 1 8
45 1 10
81 1 53
43 2 48
45 1 9
61 1 21
25 2 23
25 2 30
5 2 34
19 1 32
5 2 4
55 1 51
52 2 57
9 2 13
19 1 1
73 2 20
53 2 22
1 2 25
5 2 42
53 1 81
23 1 15
19 1 5
52 2 81
30 1 73
1 2 18
21 1 42
73 1 57
22 1 19
10 2 1
52 2 82
50 1 41
23 1 53
20 1 19
8 2 1
61 1 19
12 1 11
8 2 10
1 2 37
44 1 18
11 1 10
53 2 56
16 1 11
13 1 3
22 2 56
41 1 19
30 1 56
61 1 5
5 2 29
53 1 82
4 2 1
48 2 75
39 1 1
1 4 3
81 2 57
29 2 4
3 2 5
45 1 8
1 2 41
3 2 1
73 1 81
17 1 11
69 1 43
54 2 70
82 1 73
72 2 57
44 1 30
39 1 23
22 2 58
44 1 1
97 1 76
69 2 23
44 1 9
18 2 30
48 2 52
30 1 12
72 1 23
23 1 12
? 1 github_java_program_data/5/5.java

53 1 52
5 2 32
1 2 5
2 2 39
28 1 27
26 1 19
27 2 26
2 1 1
20 1 19
28 1 26
48 1 19
1 7 3
8 2 3
26 2 27
52 1 30
39 1 3
20 1 21
30 1 58
14 1 8
44 1 23
72 1 30
23 1 22
23 1 20
33 1 26
11 1 3
4 2 42
52 1 23
3 2 41
3 2 43
4 2 34
51 2 72
1 5 3
3 2 4
21 1 5
56 1 19
34 1 3
17 2 16
34 2 5
12 2 22
44 1 13
30 1 22
73 1 76
22 2 53
16 1 14
21 1 29
45 1 13
9 2 8
30 1 15
51 1 19
5 2 1
25 1 16
44 1 10
3 4 1
3 2 33
73 1 51
27 1 19
56 1 21
53 1 51
40 1 39
3 1 1
22 1 19
4 2 5
18 1 17
29 1 28
1 2 28
48 1 21
15 2 44
19 1 34
21 1 34
27 1 21
15 1 14
73 1 48
58 6 44
12 2 15
17 1 14
53 1 48
23 1 73
13 1 1
58 1 21
8 2 13
23 1 58
44 1 3
21 1 4
25 1 17
34 1 33
21 1 1
21 1 32
3 1 4
56 6 45
3 2 18
1 2 4
4 2 3
45 1 30
11 1 1
4 2 32
4 2 29
22 2 20
29 2 5
3 1 5
23 1 45
19 1 3
33 1 27
3 2 25
1 2 33
19 1 29
14 1 10
20 2 22
18 2 23
30 1 53
76 1 30
73 1 72
34 1 1
76 1 23
1 1 5
45 1 25
30 1 20
21 1 3
19 1 42
20 2 56
58 6 45
14 1 3
20 2 53
73 1 52
19 1 4
52 2 76
40 1 2
23 1 44
11 1 13
23 1 56
29 1 1
56 6 44
45 1 3
53 1 72
43 1 19
58 1 19
10 1 3
14 1 41
14 1 1
29 1 3
3 2 28
45 2 44
1 2 18
10 1 1
20 2 58
53 1 57
15 2 22
15 2 12
3 2 5
29 2 4
8 2 10
3 7 1
51 1 21
1 1 3
14 1 13
13 2 3
1 1 4
44 2 45
9 2 10
3 1 37
39 1 8
45 1 10
11 1 9
45 1 9
25 2 30
5 2 34
19 1 32
52 2 57
73 2 56
19 1 1
5 2 42
53 1 81
23 1 15
19 1 5
52 2 81
30 1 73
21 1 42
73 1 57
18 1 16
10 2 1
30 1 12
23 1 53
81 1 73
3 2 23
12 1 11
22 1 21
72 2 76
1 2 37
44 1 18
11 1 10
11 1 43
5 2 3
16 1 11
13 1 3
22 2 56
41 1 19
30 1 56
34 2 4
5 2 29
4 2 1
26 1 21
10 2 3
45 1 8
17 1 11
3 5 1
13 2 1
72 2 57
53 2 20
39 1 23
22 2 58
44 1 1
57 1 30
48 2 52
1 4 3
72 1 23
23 1 12
? 1 github_java_program_data/5/50.java

6 2 39
1 2 5
26 1 19
27 2 26
2 1 1
28 1 26
83 1 25
1 2 41
84 1 83
7 2 6
20 1 21
84 2 22
44 1 23
11 1 8
23 1 20
33 1 26
11 1 3
6 2 7
3 2 41
11 1 41
4 2 34
13 2 1
43 1 21
3 2 4
21 1 5
12 2 44
23 2 83
30 1 45
34 1 3
34 2 5
3 2 37
44 1 13
30 1 22
16 1 14
21 1 29
45 1 13
7 1 3
9 2 8
30 1 15
23 1 84
3 4 1
3 2 33
27 1 19
40 1 39
89 2 83
18 1 17
29 1 28
41 1 21
1 2 28
84 1 23
26 2 27
19 1 34
30 1 19
21 1 34
27 1 21
15 1 14
4 2 1
44 1 8
12 2 15
1 4 3
13 1 1
8 2 13
3 2 43
21 1 4
83 2 89
25 1 17
34 1 33
21 1 1
21 1 32
3 1 4
1 2 4
14 1 43
45 1 30
4 2 3
11 1 1
34 1 1
4 2 29
22 2 20
29 2 5
3 1 5
19 1 3
33 1 27
1 2 33
30 1 44
19 1 29
14 1 10
20 2 22
18 2 23
89 1 23
23 1 22
15 2 22
45 1 25
1 2 18
40 1 7
21 1 3
19 1 42
14 1 3
19 1 4
40 1 2
5 2 1
11 1 13
3 1 1
29 1 1
43 1 19
14 1 1
1 1 5
10 1 3
29 1 3
3 2 28
2 2 6
12 2 20
21 1 46
45 1 1
10 1 1
40 1 6
45 2 44
15 2 12
3 2 5
26 1 21
1 2 43
1 1 3
14 1 13
13 2 3
1 1 4
44 2 45
16 2 17
46 1 30
39 1 8
11 1 9
45 1 9
1 5 3
25 2 30
5 2 34
19 1 32
44 1 9
19 1 1
3 1 33
39 1 30
22 2 15
23 1 15
19 1 5
1 1 28
1 2 25
21 1 42
89 1 18
1 1 37
18 1 16
10 2 1
46 1 25
30 1 12
28 1 27
20 1 19
8 2 1
12 1 11
22 1 21
8 2 10
1 2 30
44 1 18
11 1 10
5 2 3
13 1 3
22 1 19
83 1 30
34 2 4
5 2 29
84 1 89
39 1 1
6 1 3
29 2 4
10 2 3
45 1 8
17 1 11
30 1 20
27 1 1
3 5 1
44 1 1
41 1 19
20 2 15
23 1 12
? 1 github_java_program_data/5/507.java

53 1 52
5 2 32
1 2 5
24 1 18
28 1 27
26 1 19
27 2 26
1 2 23
81 1 73
28 1 26
48 1 19
1 7 3
82 1 73
8 2 3
3 2 25
52 1 30
57 1 21
39 1 3
20 1 21
30 1 58
23 1 85
44 1 23
72 1 30
23 1 22
23 1 20
33 1 26
11 1 3
79 1 23
6 2 7
4 2 42
52 1 23
3 2 41
11 1 41
4 2 34
3 5 1
72 2 81
13 2 1
1 5 3
3 2 4
21 1 5
97 1 52
44 1 3
34 1 3
17 2 16
34 2 5
6 1 1
44 1 13
30 1 22
73 1 76
97 1 51
48 2 30
16 1 14
21 1 29
23 1 24
45 1 13
7 1 3
53 1 76
9 2 8
45 2 39
19 1 110
44 1 18
5 2 42
51 1 19
9 2 1
16 2 17
5 2 1
25 1 16
44 1 10
76 1 21
3 4 1
3 2 33
73 1 51
27 1 19
11 1 13
12 1 14
34 2 4
53 1 51
23 1 56
4 2 5
18 1 17
81 2 76
29 1 28
41 1 21
22 2 73
11 1 9
1 2 28
48 1 21
26 2 27
4 2 1
110 1 72
23 1 39
55 2 56
21 1 34
56 1 19
15 1 14
97 1 76
73 1 48
58 6 44
44 1 8
12 2 15
17 1 14
31 2 44
53 1 48
23 1 73
13 1 1
58 1 21
8 2 13
23 1 58
45 1 23
24 1 30
24 1 9
21 1 4
4 2 32
32 2 5
45 1 3
25 1 17
34 1 33
97 1 48
21 1 1
20 2 53
55 1 30
21 1 32
14 1 3
27 1 21
56 6 45
3 2 18
1 2 4
51 2 52
14 1 43
45 1 30
67 1 8
110 1 48
11 1 1
34 1 1
4 2 29
22 2 20
29 2 5
29 1 1
23 1 45
19 1 3
33 1 27
82 2 57
1 2 33
57 1 23
18 1 16
19 1 29
14 1 10
31 1 23
55 1 48
18 2 23
30 1 53
31 2 24
76 1 30
13 2 3
31 1 3
73 1 72
76 1 23
1 1 5
45 1 25
30 1 20
21 1 3
39 2 31
19 1 42
20 2 56
58 6 45
15 1 11
11 2 14
73 1 52
19 1 4
52 2 76
40 1 2
23 1 44
56 1 21
3 1 1
3 1 5
56 6 44
15 2 24
73 2 55
19 1 97
53 1 72
43 1 19
58 1 19
10 1 3
79 1 51
31 1 25
52 1 19
14 1 1
29 1 3
67 1 23
2 2 6
45 2 44
45 1 1
3 2 28
23 1 55
10 1 1
81 2 82
40 1 6
15 2 22
24 2 31
15 2 12
23 1 31
40 1 67
10 2 3
26 1 21
1 2 43
3 7 1
51 1 21
53 2 56
31 1 1
7 2 67
14 1 13
67 1 1
1 1 4
44 2 45
9 2 10
20 2 22
31 1 8
1 1 3
45 1 10
81 1 53
4 2 3
45 1 9
25 2 23
25 2 30
5 2 34
20 2 58
19 1 32
72 1 19
45 2 12
55 1 51
52 2 57
3 1 4
9 2 13
19 1 1
53 2 22
51 2 23
1 2 25
110 1 57
1 2 18
31 1 30
53 1 81
23 1 15
12 2 44
19 1 5
52 2 81
30 1 73
19 1 34
21 1 42
30 1 79
73 1 57
22 1 19
10 2 1
9 2 3
30 1 12
23 1 53
20 1 19
8 2 1
3 2 37
3 2 23
12 1 11
22 1 21
1 1 37
8 2 10
24 1 1
11 1 10
5 2 3
53 2 79
16 1 11
13 1 3
12 2 22
22 2 56
30 1 56
53 1 57
5 2 29
53 1 82
2 1 3
51 2 72
15 2 56
44 1 9
1 4 3
29 2 4
3 2 5
45 1 8
1 2 41
48 2 72
72 2 76
17 1 11
40 1 7
24 1 3
72 2 57
44 1 30
39 1 23
22 2 58
44 1 1
57 1 30
51 2 30
18 2 30
79 2 56
48 2 52
14 1 41
72 1 23
23 1 12
? 1 github_java_program_data/5/522.java

44 2 12
24 1 18
5 2 32
1 2 5
53 1 52
28 1 27
26 1 19
27 2 26
1 2 80
23 1 24
28 1 26
48 1 19
1 7 3
82 1 73
3 1 28
80 1 3
52 1 30
57 1 21
39 1 3
20 1 21
4 2 29
44 1 23
72 1 30
23 1 22
23 1 20
33 1 26
8 2 9
11 1 3
24 2 44
4 2 42
52 1 23
3 4 1
15 1 11
11 1 41
4 2 34
11 1 10
1 1 4
43 1 21
25 2 10
3 2 4
21 1 5
11 1 43
34 1 3
65 1 1
34 2 5
29 1 33
44 1 13
26 1 1
73 1 76
97 1 51
16 1 14
21 1 29
45 1 13
26 1 64
3 5 1
9 2 8
64 1 1
19 1 110
96 1 1
34 2 4
5 2 42
51 1 19
1 4 3
12 2 39
23 1 44
25 1 16
44 1 10
76 1 21
3 2 33
73 1 51
27 1 19
56 1 21
12 1 14
26 1 3
53 1 51
23 1 56
22 1 19
18 1 17
29 1 28
41 1 21
22 2 73
44 1 3
1 2 28
56 6 44
26 1 80
48 1 21
26 2 27
4 2 1
19 1 34
23 1 39
21 1 34
27 1 21
15 1 14
97 1 76
73 1 48
24 1 3
12 2 15
17 1 14
30 1 56
53 1 48
23 1 73
13 1 1
8 2 13
23 1 58
45 1 23
56 1 19
24 1 9
21 1 4
51 2 72
45 1 3
25 1 17
34 1 33
21 1 1
21 1 32
14 1 3
3 1 4
56 6 45
3 2 18
1 2 4
97 1 72
4 2 3
45 1 30
67 1 8
110 1 48
39 1 23
11 1 1
34 1 1
39 1 9
22 2 20
29 2 5
25 2 13
29 1 1
23 1 45
19 1 3
33 1 27
1 2 64
3 2 25
1 2 33
57 1 23
23 1 31
19 1 29
14 1 10
3 1 18
17 2 16
17 1 63
34 1 28
30 1 53
31 2 24
73 1 72
76 1 23
30 1 15
1 1 5
45 1 25
1 2 96
30 1 20
21 1 3
19 1 42
20 2 56
58 6 45
22 1 21
52 2 57
1 5 3
73 1 52
19 1 4
2 2 67
52 2 76
17 1 3
40 1 2
16 1 3
1 1 25
11 1 13
3 1 1
3 1 5
13 2 1
63 1 1
19 1 97
53 1 72
4 2 32
58 1 19
14 1 1
24 1 23
63 1 3
9 2 25
17 1 1
31 1 25
52 1 19
10 1 3
29 1 3
67 1 23
12 2 20
45 1 1
3 2 28
13 2 3
10 1 1
81 2 82
3 2 64
110 1 52
15 2 22
45 2 44
65 2 8
31 1 1
40 1 67
3 2 43
10 2 3
1 1 33
26 1 21
3 7 1
51 1 21
1 1 3
14 1 13
67 1 1
30 1 22
44 2 45
9 2 10
20 2 22
16 2 17
39 2 44
3 1 37
39 1 8
45 1 10
81 1 53
24 2 45
18 2 23
45 1 9
20 2 73
25 2 23
25 2 30
5 2 34
19 1 32
72 1 19
3 2 63
9 2 13
19 1 1
30 1 73
53 2 22
1 2 63
1 2 25
110 1 57
3 1 33
31 1 30
1 2 23
53 1 81
23 1 15
19 1 5
52 2 81
1 1 28
1 2 18
42 2 5
21 1 42
14 1 9
10 2 1
15 2 12
45 1 65
9 2 3
30 1 12
23 1 53
20 1 19
8 2 1
64 1 3
3 2 23
12 1 11
27 1 3
17 1 96
8 2 10
1 2 37
44 1 18
27 1 64
5 2 3
16 1 11
13 1 3
22 2 56
41 1 19
18 1 16
53 1 57
5 2 29
53 1 82
2 1 3
44 1 25
45 2 15
44 1 9
29 2 4
16 1 1
3 2 5
45 1 8
1 2 41
72 2 76
17 1 11
82 2 57
5 2 1
44 1 8
27 1 1
72 2 57
44 1 30
15 2 20
45 1 18
22 2 58
44 1 1
57 1 30
18 2 30
16 1 64
48 2 52
14 1 41
72 1 23
23 1 12
? 1 github_java_program_data/5/524.java

6 2 39
1 2 5
26 1 19
27 2 26
2 1 1
28 1 26
83 1 25
1 2 41
84 1 83
7 2 6
20 1 21
84 2 22
44 1 23
11 1 8
23 1 20
33 1 26
11 1 3
6 2 7
3 2 41
11 1 41
4 2 34
13 2 1
43 1 21
3 2 4
21 1 5
12 2 44
23 2 83
30 1 45
34 1 3
34 2 5
3 2 37
44 1 13
30 1 22
16 1 14
21 1 29
45 1 13
7 1 3
9 2 8
30 1 15
23 1 84
3 4 1
3 2 33
27 1 19
40 1 39
89 2 83
18 1 17
29 1 28
41 1 21
1 2 28
84 1 23
26 2 27
19 1 34
30 1 19
21 1 34
27 1 21
15 1 14
4 2 1
44 1 8
12 2 15
1 4 3
13 1 1
8 2 13
3 2 43
21 1 4
83 2 89
25 1 17
34 1 33
21 1 1
21 1 32
3 1 4
1 2 4
14 1 43
45 1 30
4 2 3
11 1 1
34 1 1
4 2 29
22 2 20
29 2 5
3 1 5
19 1 3
33 1 27
1 2 33
30 1 44
19 1 29
14 1 10
20 2 22
18 2 23
89 1 23
23 1 22
15 2 22
45 1 25
1 2 18
40 1 7
21 1 3
19 1 42
14 1 3
19 1 4
40 1 2
5 2 1
11 1 13
3 1 1
29 1 1
43 1 19
14 1 1
1 1 5
10 1 3
29 1 3
3 2 28
2 2 6
12 2 20
21 1 46
45 1 1
10 1 1
40 1 6
45 2 44
15 2 12
3 2 5
26 1 21
1 2 43
1 1 3
14 1 13
13 2 3
1 1 4
44 2 45
16 2 17
46 1 30
39 1 8
11 1 9
45 1 9
1 5 3
25 2 30
5 2 34
19 1 32
44 1 9
19 1 1
3 1 33
39 1 30
22 2 15
23 1 15
19 1 5
1 1 28
1 2 25
21 1 42
89 1 18
1 1 37
18 1 16
10 2 1
46 1 25
30 1 12
28 1 27
20 1 19
8 2 1
12 1 11
22 1 21
8 2 10
1 2 30
44 1 18
11 1 10
5 2 3
13 1 3
22 1 19
83 1 30
34 2 4
5 2 29
84 1 89
39 1 1
6 1 3
29 2 4
10 2 3
45 1 8
17 1 11
30 1 20
27 1 1
3 5 1
44 1 1
41 1 19
20 2 15
23 1 12
? 1 github_java_program_data/5/534.java

53 1 52
1 2 23
3 2 25
55 1 23
67 1 3
26 1 19
5 2 32
28 1 26
30 1 24
3 1 28
8 2 3
53 2 55
84 1 83
30 1 58
44 1 23
72 1 30
23 1 22
23 1 20
33 1 26
8 2 9
39 1 8
24 2 44
52 1 23
3 2 41
4 2 34
72 2 81
1 1 4
43 1 21
21 1 5
44 1 3
34 2 5
29 1 33
6 1 1
26 1 1
73 1 76
21 1 29
53 1 76
17 2 16
87 2 23
73 2 79
73 2 58
79 1 30
44 1 10
76 1 21
27 1 19
12 1 14
12 2 53
18 1 17
29 1 28
73 2 53
30 1 84
48 1 21
19 1 34
30 1 39
3 1 4
15 1 14
24 1 25
24 1 3
17 1 14
23 1 73
13 1 1
58 1 21
45 1 23
56 1 19
48 2 30
20 1 21
32 2 4
21 1 1
110 1 51
27 1 21
56 6 45
1 2 4
14 1 43
4 2 3
110 1 48
11 1 1
4 2 29
22 2 20
3 1 5
19 1 3
1 2 33
57 1 23
23 1 31
79 1 48
6 2 67
19 1 110
18 2 23
34 1 28
30 1 53
2 2 6
76 1 23
45 1 25
84 1 30
21 1 3
20 2 56
14 1 3
11 2 14
73 1 52
51 2 72
73 1 82
40 1 2
16 1 3
5 2 1
67 1 30
56 1 21
11 1 3
60 1 21
19 1 1
63 1 1
45 1 3
53 1 72
43 1 19
58 1 19
1 1 5
10 1 3
17 1 1
21 1 110
12 2 20
1 2 18
10 1 1
81 2 82
40 1 6
53 1 57
31 1 18
15 2 12
3 2 43
30 2 83
3 7 1
51 1 21
13 2 3
44 2 45
9 2 10
20 2 22
16 2 17
1 1 3
14 2 11
12 2 73
20 2 73
5 2 34
19 1 32
72 1 19
52 2 57
9 2 13
15 2 24
30 1 73
11 1 13
110 1 57
5 2 42
22 2 15
53 1 81
23 1 15
19 1 5
5 2 4
1 1 28
1 2 25
3 1 33
15 2 53
28 1 27
23 1 24
5 2 110
64 1 3
27 1 3
22 1 21
72 2 76
44 1 18
11 1 10
15 2 22
16 1 11
22 1 19
34 2 4
1 2 5
87 1 27
72 1 21
39 1 1
18 2 87
42 2 4
22 2 53
3 2 5
45 1 8
48 2 72
17 1 11
3 5 1
27 1 1
72 2 57
39 1 23
44 1 1
30 1 60
16 1 64
79 2 56
1 2 41
82 1 73
23 1 79
45 1 13
27 2 26
2 1 1
20 1 19
30 1 15
48 1 19
1 7 3
3 1 25
97 1 57
83 1 25
26 2 27
52 1 30
57 1 21
1 1 18
76 1 19
11 1 8
4 2 42
3 4 1
11 1 41
19 1 4
1 5 3
21 1 97
3 2 4
97 1 52
34 1 3
81 1 53
83 1 23
24 1 8
39 2 12
44 1 13
97 1 51
16 1 14
53 2 58
51 2 52
30 1 55
51 1 19
9 2 1
25 1 16
45 1 87
3 2 33
73 1 51
31 1 9
26 1 3
53 1 51
23 1 56
4 2 5
41 1 21
22 2 73
1 2 28
110 1 72
55 2 56
21 1 34
97 1 76
73 1 48
58 6 44
12 2 15
1 4 3
53 1 48
23 1 58
24 1 30
21 1 4
32 2 5
25 1 17
34 1 33
97 1 48
21 1 32
3 2 18
97 1 72
45 1 30
34 1 1
39 1 9
29 2 5
29 1 1
24 1 23
30 1 44
44 1 25
19 1 29
14 1 10
55 1 48
76 1 30
82 1 53
73 1 72
14 1 41
30 1 20
30 1 45
19 1 42
58 6 45
15 1 11
48 2 23
13 2 1
52 2 76
3 1 1
56 6 44
19 1 97
4 2 32
14 1 1
52 1 19
29 1 3
3 2 28
20 2 12
45 1 1
3 2 30
20 2 58
110 1 52
24 2 31
45 2 44
40 1 67
1 1 33
29 2 4
1 2 43
73 2 22
17 1 63
31 1 1
14 1 13
30 1 22
52 1 21
45 1 10
15 2 73
8 2 13
25 2 23
25 2 30
1 2 64
73 2 56
33 1 27
53 2 22
1 2 63
53 2 73
31 1 30
45 1 18
52 2 81
4 2 1
21 1 42
73 1 57
18 1 16
10 2 1
30 1 12
23 1 53
81 1 73
12 1 11
8 2 10
11 1 43
5 2 3
13 1 3
22 2 56
41 1 19
30 1 56
5 2 29
53 1 82
82 2 76
44 1 9
26 1 21
16 1 1
14 1 9
10 2 3
110 1 76
73 1 81
82 2 57
42 2 5
57 1 19
44 1 30
22 2 58
53 2 56
57 1 30
18 2 30
23 1 12
48 2 52
72 1 23
? 1 github_java_program_data/5/55.java

6 2 39
1 2 5
26 1 19
27 2 26
2 1 1
28 1 26
83 1 25
1 2 41
84 1 83
7 2 6
20 1 21
84 2 22
44 1 23
11 1 8
23 1 20
33 1 26
11 1 3
6 2 7
3 2 41
11 1 41
4 2 34
13 2 1
43 1 21
3 2 4
21 1 5
12 2 44
23 2 83
30 1 45
34 1 3
34 2 5
3 2 37
44 1 13
30 1 22
16 1 14
21 1 29
45 1 13
7 1 3
9 2 8
30 1 15
23 1 84
3 4 1
3 2 33
27 1 19
40 1 39
89 2 83
18 1 17
29 1 28
41 1 21
1 2 28
84 1 23
26 2 27
19 1 34
30 1 19
21 1 34
27 1 21
15 1 14
4 2 1
44 1 8
12 2 15
1 4 3
13 1 1
8 2 13
3 2 43
21 1 4
83 2 89
25 1 17
34 1 33
21 1 1
21 1 32
3 1 4
1 2 4
14 1 43
45 1 30
4 2 3
11 1 1
34 1 1
4 2 29
22 2 20
29 2 5
3 1 5
19 1 3
33 1 27
1 2 33
30 1 44
19 1 29
14 1 10
20 2 22
18 2 23
89 1 23
23 1 22
15 2 22
45 1 25
1 2 18
40 1 7
21 1 3
19 1 42
14 1 3
19 1 4
40 1 2
5 2 1
11 1 13
3 1 1
29 1 1
43 1 19
14 1 1
1 1 5
10 1 3
29 1 3
3 2 28
2 2 6
12 2 20
21 1 46
45 1 1
10 1 1
40 1 6
45 2 44
15 2 12
3 2 5
26 1 21
1 2 43
1 1 3
14 1 13
13 2 3
1 1 4
44 2 45
16 2 17
46 1 30
39 1 8
11 1 9
45 1 9
1 5 3
25 2 30
5 2 34
19 1 32
44 1 9
19 1 1
3 1 33
39 1 30
22 2 15
23 1 15
19 1 5
1 1 28
1 2 25
21 1 42
89 1 18
1 1 37
18 1 16
10 2 1
46 1 25
30 1 12
28 1 27
20 1 19
8 2 1
12 1 11
22 1 21
8 2 10
1 2 30
44 1 18
11 1 10
5 2 3
13 1 3
22 1 19
83 1 30
34 2 4
5 2 29
84 1 89
39 1 1
6 1 3
29 2 4
10 2 3
45 1 8
17 1 11
30 1 20
27 1 1
3 5 1
44 1 1
41 1 19
20 2 15
23 1 12
? 1 github_java_program_data/5/75.java

53 1 52
5 2 32
1 2 5
28 1 27
26 1 19
27 2 26
1 2 23
28 1 26
48 1 19
1 7 3
3 5 1
26 2 27
52 1 30
12 2 15
20 1 21
30 1 58
69 1 48
44 1 23
72 1 30
23 1 22
23 1 20
33 1 26
8 2 9
11 1 3
4 2 42
52 1 23
3 4 1
15 1 11
3 2 43
4 2 34
72 2 81
13 2 1
43 1 21
3 2 4
21 1 5
97 1 52
72 2 76
34 1 3
17 2 16
34 2 5
12 2 22
44 1 13
1 1 4
73 1 76
97 1 51
21 1 29
45 1 13
32 2 5
9 2 8
30 1 15
51 1 19
41 2 51
50 1 61
5 2 1
25 1 16
44 1 10
76 1 21
51 2 61
3 2 33
73 1 51
27 1 19
56 1 21
12 1 14
5 2 3
53 1 51
40 1 39
23 1 56
1 2 3
30 1 70
4 2 5
18 1 17
29 1 28
22 2 73
73 2 53
54 1 23
56 6 44
48 1 21
15 2 44
34 2 4
19 1 34
20 2 73
21 1 34
5 2 21
27 1 21
15 1 14
30 1 54
73 1 48
58 6 44
44 1 8
51 2 30
17 1 14
53 1 48
23 1 73
13 1 1
19 2 5
58 1 21
8 2 13
23 1 58
45 1 23
56 1 19
21 1 4
51 2 72
45 1 3
25 1 17
34 1 33
21 1 1
57 1 30
55 1 30
21 1 32
14 1 3
3 1 4
56 6 45
1 2 4
51 2 52
14 1 43
45 1 30
4 2 3
11 1 1
69 1 75
15 2 22
4 2 29
22 2 20
29 2 5
3 1 5
23 1 45
19 1 3
33 1 27
3 2 25
1 2 33
57 1 23
50 1 51
19 1 29
14 1 10
18 1 16
20 2 22
18 2 23
30 1 53
50 2 23
76 1 30
13 2 3
82 1 53
73 1 72
75 1 21
34 1 1
76 1 23
14 1 41
45 1 25
30 1 20
21 1 3
19 1 42
20 2 56
58 6 45
22 1 21
1 5 3
20 2 53
73 1 52
19 1 4
52 2 76
73 1 82
22 2 54
23 1 44
11 1 13
3 1 1
29 1 1
70 1 69
19 1 97
53 1 72
4 2 32
58 1 19
14 1 1
1 1 5
82 2 76
52 1 19
10 1 3
29 1 3
3 2 28
54 1 50
12 2 20
45 1 1
23 1 55
10 1 1
81 2 82
53 1 57
70 1 23
45 2 44
15 2 12
10 2 3
26 1 21
3 7 1
51 1 21
1 1 3
14 1 13
1 2 28
30 1 22
44 2 45
9 2 10
48 2 72
16 2 17
3 1 37
39 1 8
45 1 10
81 1 53
43 2 48
45 1 9
61 1 21
25 2 23
25 2 30
5 2 34
19 1 32
5 2 4
55 1 51
52 2 57
9 2 13
19 1 1
73 2 20
53 2 22
1 2 25
5 2 42
53 1 81
23 1 15
19 1 5
52 2 81
30 1 73
1 2 18
21 1 42
73 1 57
22 1 19
10 2 1
52 2 82
50 1 41
23 1 53
20 1 19
8 2 1
61 1 19
12 1 11
8 2 10
1 2 37
44 1 18
11 1 10
53 2 56
16 1 11
13 1 3
22 2 56
41 1 19
30 1 56
61 1 5
5 2 29
53 1 82
4 2 1
48 2 75
39 1 1
1 4 3
81 2 57
29 2 4
3 2 5
45 1 8
1 2 41
3 2 1
73 1 81
17 1 11
69 1 43
54 2 70
82 1 73
72 2 57
44 1 30
39 1 23
22 2 58
44 1 1
97 1 76
69 2 23
44 1 9
18 2 30
48 2 52
30 1 12
72 1 23
23 1 12
? 1 github_java_program_data/5/86.java

