52 2 57
34 2 4
14 1 10
3 7 1
1 2 4
3 2 33
4 2 3
39 1 23
8 2 10
23 1 53
50 2 30
28 1 26
3 2 37
29 1 1
45 1 30
25 1 17
34 1 33
18 1 16
52 1 23
26 1 21
9 2 8
3 2 38
10 1 3
15 2 22
50 1 43
21 1 32
41 1 21
20 2 15
69 1 75
72 1 23
13 2 1
3 2 28
3 5 1
20 2 12
45 1 3
23 1 44
40 1 6
19 1 4
22 1 21
26 2 27
11 1 1
22 2 15
15 2 12
32 2 4
44 2 45
48 2 23
22 2 54
39 1 3
14 1 3
23 1 15
15 1 14
19 1 32
13 1 3
2 2 6
1 1 3
7 2 39
54 1 23
79 2 58
79 1 48
11 1 43
69 1 43
19 1 46
5 2 32
75 1 21
30 1 58
3 4 1
11 1 13
23 1 45
20 2 58
43 1 21
1 1 37
3 2 41
23 1 73
45 1 9
34 2 5
33 1 26
9 2 10
41 1 19
58 6 44
32 2 5
10 2 3
42 2 5
17 1 14
14 1 1
20 2 73
38 1 19
48 2 75
69 2 30
4 2 42
50 1 51
23 1 20
53 2 22
26 1 19
15 2 55
13 1 1
51 2 23
25 2 30
33 1 27
1 5 3
30 1 54
3 1 37
43 1 19
14 1 41
3 1 4
21 1 47
43 2 48
30 1 79
29 1 3
43 1 14
72 1 30
1 2 41
10 1 1
44 1 18
47 1 25
15 2 54
19 1 42
3 2 43
21 1 3
61 1 21
30 1 22
1 1 5
20 1 19
51 2 61
47 1 23
15 2 20
44 1 8
15 1 11
12 2 15
15 2 45
7 1 1
29 1 28
54 1 30
4 2 5
54 1 50
22 2 12
29 2 4
56 1 21
1 2 5
3 2 23
56 6 45
3 1 1
38 1 21
30 1 53
18 2 30
19 1 1
73 1 72
14 1 9
21 1 42
48 1 21
45 1 8
53 1 52
45 2 44
69 1 48
44 2 12
12 2 79
58 1 21
39 1 8
1 4 3
19 1 5
5 2 42
48 1 19
37 1 19
46 1 18
30 1 20
58 6 45
5 2 34
53 1 57
16 1 14
21 1 29
3 1 5
48 2 72
21 1 5
51 2 52
61 1 19
46 1 23
14 1 13
23 1 54
12 2 20
2 1 3
1 2 38
23 1 70
34 1 3
55 1 51
18 2 23
51 1 19
28 1 27
44 1 13
13 2 3
1 2 25
12 2 22
1 1 38
3 2 5
11 2 14
11 1 8
44 1 9
5 2 4
30 1 56
22 2 70
21 1 1
23 1 12
44 1 30
27 1 19
55 2 56
22 2 20
21 1 34
3 2 4
70 1 69
73 1 48
40 1 2
54 2 22
23 1 56
50 2 23
45 1 10
20 2 22
79 1 23
3 2 18
22 1 19
55 1 23
53 1 51
4 2 32
29 2 5
19 1 3
3 2 25
40 1 7
1 1 4
8 2 13
5 2 3
19 1 29
42 2 4
11 1 41
5 2 29
1 2 28
11 1 3
20 1 21
4 2 34
11 1 10
44 1 10
48 2 61
51 1 21
1 2 33
17 1 11
3 1 38
25 2 23
6 2 7
37 1 21
30 1 73
22 2 56
34 1 1
50 1 61
12 1 11
12 1 14
5 2 1
1 2 37
30 1 15
10 2 1
23 1 22
30 1 12
16 1 11
30 1 55
43 2 51
44 1 3
45 1 1
1 7 3
14 1 43
57 1 30
1 2 43
21 1 4
45 1 25
70 1 30
8 2 3
19 1 34
27 1 21
4 2 1
40 1 39
6 1 3
50 1 48
? 1 github_java_program_data/26/113.java

51 1 21
3 7 1
1 2 4
3 2 33
53 1 48
41 1 11
23 1 53
50 2 30
28 1 26
3 2 37
29 1 1
25 1 17
34 1 33
3 2 4
54 1 69
10 1 3
15 2 22
50 1 43
21 1 32
1 2 18
41 1 21
6 2 39
69 1 75
8 2 10
13 2 1
3 2 28
3 5 1
12 2 22
87 1 26
19 1 4
22 1 21
11 1 1
44 1 87
15 2 12
44 2 45
87 2 23
52 1 30
14 1 3
23 1 15
15 1 14
19 1 32
69 1 51
1 1 3
69 2 23
54 1 23
11 1 43
69 1 43
5 2 32
75 1 21
18 2 87
11 1 13
43 1 21
1 1 37
54 2 15
3 2 41
43 1 11
10 2 3
30 1 44
18 1 16
41 1 19
13 2 3
17 1 14
14 1 1
70 1 50
39 1 30
38 1 19
21 1 3
23 1 20
26 1 19
13 1 1
33 1 27
1 5 3
30 1 22
3 1 37
43 1 19
14 1 41
3 1 4
29 1 3
9 2 10
1 2 41
10 1 1
44 1 18
50 1 41
19 1 42
14 1 13
69 2 30
5 2 3
30 1 54
1 1 5
6 1 3
30 1 45
44 1 8
39 1 1
23 1 22
29 1 28
54 1 50
50 2 23
43 1 14
3 1 1
38 1 21
1 2 5
11 1 3
21 1 42
12 1 11
45 1 8
51 2 75
15 1 11
3 4 1
12 2 54
4 2 3
1 4 3
19 1 5
5 2 42
48 1 19
37 1 19
40 1 6
30 1 20
21 1 29
3 1 5
21 1 5
61 1 19
43 2 48
19 1 1
23 1 54
1 2 38
44 1 23
23 1 70
34 1 3
7 1 3
51 1 19
28 1 27
1 2 25
22 2 70
45 1 23
1 1 38
3 2 5
44 1 9
20 1 19
21 1 1
23 1 12
27 1 19
4 2 29
22 2 20
21 1 34
70 1 69
44 1 1
45 1 10
4 2 42
13 1 3
4 2 32
19 1 3
7 2 6
40 1 7
1 1 4
19 1 29
11 1 41
48 2 61
1 2 28
20 1 21
4 2 34
11 1 10
70 1 30
75 1 19
14 1 10
1 2 33
3 1 38
25 2 23
6 2 7
37 1 21
34 1 1
50 1 61
48 1 21
12 1 14
5 2 1
1 2 37
3 2 43
10 2 1
12 2 15
53 1 52
30 1 12
16 1 11
43 2 51
45 1 1
48 2 52
1 7 3
8 2 9
14 1 43
1 2 43
21 1 4
1 2 30
45 1 25
41 2 48
44 1 10
27 1 21
4 2 1
40 1 39
50 1 48
? 1 github_java_program_data/26/116.java

3 7 1
1 2 4
3 2 33
4 2 3
53 1 48
16 2 17
70 1 23
44 2 45
28 1 26
3 2 37
29 1 1
25 1 17
34 1 33
18 1 16
52 1 23
26 1 21
54 1 69
10 1 3
19 1 42
21 1 32
1 2 18
41 1 21
6 2 39
69 1 75
23 1 19
13 2 1
50 2 23
9 2 8
19 1 4
22 1 21
26 2 27
11 1 1
45 2 44
32 2 4
29 1 3
14 1 3
23 1 15
15 1 14
19 1 32
8 2 10
1 1 3
3 2 28
8 2 13
69 1 43
5 2 32
75 1 21
19 1 5
12 2 53
70 1 50
43 1 21
1 1 37
3 2 41
43 1 11
10 2 3
30 1 44
3 2 4
41 1 19
13 2 3
69 1 51
14 1 1
11 1 13
39 1 30
38 1 19
69 2 30
23 1 20
26 1 19
13 1 1
25 2 30
33 1 27
1 5 3
3 2 38
3 1 37
14 1 41
3 1 4
13 1 3
43 1 14
1 2 41
10 1 1
44 1 18
50 1 43
14 1 13
21 1 3
5 2 3
30 1 22
1 1 5
6 1 3
30 1 45
15 2 20
44 1 8
39 1 1
29 1 28
54 1 30
17 2 16
1 2 5
3 1 1
38 1 21
30 1 53
18 2 30
11 1 3
21 1 42
12 1 11
30 1 15
51 2 75
15 1 11
3 4 1
18 1 17
39 1 8
21 1 29
45 1 30
37 1 19
40 1 6
30 1 20
16 1 14
33 1 26
3 1 5
21 1 5
45 1 9
61 1 19
43 2 48
19 1 1
23 1 54
12 2 20
1 2 38
51 1 19
45 1 8
34 1 3
18 2 23
44 1 23
1 2 25
1 1 38
3 2 5
44 1 9
15 2 70
20 1 19
21 1 1
44 1 30
8 2 1
27 1 19
4 2 29
1 1 4
21 1 34
21 2 19
44 1 1
20 2 22
4 2 42
3 2 18
30 1 70
14 1 43
22 1 19
19 1 23
19 1 3
27 2 26
22 2 20
19 1 29
42 2 4
11 1 41
1 2 33
48 2 61
1 2 28
23 1 21
20 1 21
4 2 34
11 1 10
44 1 10
14 1 10
45 1 13
17 1 11
3 1 38
37 1 21
34 1 1
50 1 61
48 1 21
12 1 14
5 2 1
1 2 37
3 2 43
10 2 1
23 1 22
53 1 52
30 1 12
16 1 11
43 2 51
44 1 3
45 1 1
48 2 52
1 7 3
44 1 13
19 2 21
21 1 4
1 2 30
45 1 25
4 2 1
40 1 39
50 1 48
4 2 32
? 1 github_java_program_data/26/120.java

52 2 57
34 2 4
14 1 10
3 7 1
1 2 4
3 2 33
4 2 3
39 1 23
8 2 10
23 1 53
50 2 30
28 1 26
3 2 37
29 1 1
45 1 30
25 1 17
34 1 33
18 1 16
52 1 23
26 1 21
9 2 8
3 2 38
10 1 3
15 2 22
50 1 43
21 1 32
41 1 21
20 2 15
69 1 75
72 1 23
13 2 1
3 2 28
3 5 1
20 2 12
45 1 3
23 1 44
40 1 6
19 1 4
22 1 21
26 2 27
11 1 1
22 2 15
15 2 12
32 2 4
44 2 45
48 2 23
22 2 54
39 1 3
14 1 3
23 1 15
15 1 14
19 1 32
13 1 3
2 2 6
1 1 3
7 2 39
54 1 23
79 2 58
79 1 48
11 1 43
69 1 43
19 1 46
5 2 32
75 1 21
30 1 58
3 4 1
11 1 13
23 1 45
20 2 58
43 1 21
1 1 37
3 2 41
23 1 73
45 1 9
34 2 5
33 1 26
9 2 10
41 1 19
58 6 44
32 2 5
10 2 3
42 2 5
17 1 14
14 1 1
20 2 73
38 1 19
48 2 75
69 2 30
4 2 42
50 1 51
23 1 20
53 2 22
26 1 19
15 2 55
13 1 1
51 2 23
25 2 30
33 1 27
1 5 3
30 1 54
3 1 37
43 1 19
14 1 41
3 1 4
21 1 47
43 2 48
30 1 79
29 1 3
43 1 14
72 1 30
1 2 41
10 1 1
44 1 18
47 1 25
15 2 54
19 1 42
3 2 43
21 1 3
61 1 21
30 1 22
1 1 5
20 1 19
51 2 61
47 1 23
15 2 20
44 1 8
15 1 11
12 2 15
15 2 45
7 1 1
29 1 28
54 1 30
4 2 5
54 1 50
22 2 12
29 2 4
56 1 21
1 2 5
3 2 23
56 6 45
3 1 1
38 1 21
30 1 53
18 2 30
19 1 1
73 1 72
14 1 9
21 1 42
48 1 21
45 1 8
53 1 52
45 2 44
69 1 48
44 2 12
12 2 79
58 1 21
39 1 8
1 4 3
19 1 5
5 2 42
48 1 19
37 1 19
46 1 18
30 1 20
58 6 45
5 2 34
53 1 57
16 1 14
21 1 29
3 1 5
48 2 72
21 1 5
51 2 52
61 1 19
46 1 23
14 1 13
23 1 54
12 2 20
2 1 3
1 2 38
23 1 70
34 1 3
55 1 51
18 2 23
51 1 19
28 1 27
44 1 13
13 2 3
1 2 25
12 2 22
1 1 38
3 2 5
11 2 14
11 1 8
44 1 9
5 2 4
30 1 56
22 2 70
21 1 1
23 1 12
44 1 30
27 1 19
55 2 56
22 2 20
21 1 34
3 2 4
70 1 69
73 1 48
40 1 2
54 2 22
23 1 56
50 2 23
45 1 10
20 2 22
79 1 23
3 2 18
22 1 19
55 1 23
53 1 51
4 2 32
29 2 5
19 1 3
3 2 25
40 1 7
1 1 4
8 2 13
5 2 3
19 1 29
42 2 4
11 1 41
5 2 29
1 2 28
11 1 3
20 1 21
4 2 34
11 1 10
44 1 10
48 2 61
51 1 21
1 2 33
17 1 11
3 1 38
25 2 23
6 2 7
37 1 21
30 1 73
22 2 56
34 1 1
50 1 61
12 1 11
12 1 14
5 2 1
1 2 37
30 1 15
10 2 1
23 1 22
30 1 12
16 1 11
30 1 55
43 2 51
44 1 3
45 1 1
1 7 3
14 1 43
57 1 30
1 2 43
21 1 4
45 1 25
70 1 30
8 2 3
19 1 34
27 1 21
4 2 1
40 1 39
6 1 3
50 1 48
? 1 github_java_program_data/26/142.java

14 1 10
3 7 1
1 2 4
3 2 33
4 2 3
53 1 48
70 1 23
44 2 45
1 4 3
28 1 26
3 2 37
29 1 1
45 1 30
25 1 17
34 1 33
18 1 16
52 1 23
26 1 21
3 2 38
54 1 69
10 1 3
50 1 43
21 1 32
1 2 18
12 2 70
41 1 21
69 1 75
8 2 10
41 2 51
13 2 1
54 1 23
3 5 1
9 2 8
19 1 4
22 1 21
11 1 1
15 2 12
32 2 4
13 1 3
15 1 14
19 1 32
69 1 51
1 1 3
7 2 39
3 2 28
11 1 43
5 2 32
8 2 13
70 1 50
23 1 45
43 1 21
1 1 37
3 2 41
69 1 41
43 1 11
10 2 3
3 2 4
41 1 19
32 2 5
27 1 19
11 1 13
38 1 19
21 1 3
5 2 29
50 1 51
61 1 21
26 1 19
48 2 52
25 2 30
33 1 27
1 5 3
30 1 22
39 1 23
43 1 19
14 1 13
3 1 4
29 1 3
10 1 1
44 1 18
50 1 41
19 1 42
69 2 30
5 2 3
30 1 54
1 1 5
6 1 3
51 2 61
15 2 20
44 1 8
39 1 1
12 2 15
14 1 3
29 1 28
54 1 30
54 1 50
50 2 23
3 1 1
38 1 21
30 1 53
18 2 30
1 2 5
11 1 3
54 2 20
21 1 42
12 1 11
30 1 15
51 2 75
15 1 11
3 4 1
41 2 48
39 1 8
21 1 29
34 1 3
41 1 11
5 2 42
48 1 19
37 1 19
40 1 6
30 1 20
33 1 26
3 1 5
21 1 5
45 1 9
19 1 1
23 1 54
1 2 38
45 1 8
19 1 5
7 1 3
51 1 19
1 2 25
13 2 3
1 1 38
3 2 5
44 1 9
23 1 20
20 1 19
21 1 1
44 1 30
8 2 1
1 1 4
21 1 34
23 1 44
3 1 37
14 1 41
44 1 1
20 2 22
4 2 42
30 1 70
22 1 19
1 2 23
19 1 3
70 2 22
41 1 14
40 1 7
22 2 20
19 1 29
11 1 41
1 2 33
48 2 61
1 2 28
20 1 21
4 2 34
11 1 10
44 1 10
75 1 19
51 1 21
45 1 13
17 1 11
3 1 38
6 2 7
37 1 21
34 1 1
50 1 61
48 1 21
12 1 14
5 2 1
1 2 37
3 2 43
10 2 1
23 1 22
53 1 52
30 1 12
16 1 11
43 2 51
45 1 1
13 1 1
1 7 3
14 1 43
20 2 54
1 2 43
21 1 4
45 1 25
19 1 34
27 1 21
4 2 1
40 1 39
50 1 48
? 1 github_java_program_data/26/153.java

52 2 57
34 2 4
14 1 10
3 7 1
1 2 4
3 2 33
4 2 3
39 1 23
8 2 10
23 1 53
50 2 30
28 1 26
3 2 37
29 1 1
45 1 30
25 1 17
34 1 33
18 1 16
52 1 23
26 1 21
9 2 8
3 2 38
10 1 3
15 2 22
50 1 43
21 1 32
41 1 21
20 2 15
69 1 75
72 1 23
13 2 1
3 2 28
3 5 1
20 2 12
45 1 3
23 1 44
40 1 6
19 1 4
22 1 21
26 2 27
11 1 1
22 2 15
15 2 12
32 2 4
44 2 45
48 2 23
22 2 54
39 1 3
14 1 3
23 1 15
15 1 14
19 1 32
13 1 3
2 2 6
1 1 3
7 2 39
54 1 23
79 2 58
79 1 48
11 1 43
69 1 43
19 1 46
5 2 32
75 1 21
30 1 58
3 4 1
11 1 13
23 1 45
20 2 58
43 1 21
1 1 37
3 2 41
23 1 73
45 1 9
34 2 5
33 1 26
9 2 10
41 1 19
58 6 44
32 2 5
10 2 3
42 2 5
17 1 14
14 1 1
20 2 73
38 1 19
48 2 75
69 2 30
4 2 42
50 1 51
23 1 20
53 2 22
26 1 19
15 2 55
13 1 1
51 2 23
25 2 30
33 1 27
1 5 3
30 1 54
3 1 37
43 1 19
14 1 41
3 1 4
21 1 47
43 2 48
30 1 79
29 1 3
43 1 14
72 1 30
1 2 41
10 1 1
44 1 18
47 1 25
15 2 54
19 1 42
3 2 43
21 1 3
61 1 21
30 1 22
1 1 5
20 1 19
51 2 61
47 1 23
15 2 20
44 1 8
15 1 11
12 2 15
15 2 45
7 1 1
29 1 28
54 1 30
4 2 5
54 1 50
22 2 12
29 2 4
56 1 21
1 2 5
3 2 23
56 6 45
3 1 1
38 1 21
30 1 53
18 2 30
19 1 1
73 1 72
14 1 9
21 1 42
48 1 21
45 1 8
53 1 52
45 2 44
69 1 48
44 2 12
12 2 79
58 1 21
39 1 8
1 4 3
19 1 5
5 2 42
48 1 19
37 1 19
46 1 18
30 1 20
58 6 45
5 2 34
53 1 57
16 1 14
21 1 29
3 1 5
48 2 72
21 1 5
51 2 52
61 1 19
46 1 23
14 1 13
23 1 54
12 2 20
2 1 3
1 2 38
23 1 70
34 1 3
55 1 51
18 2 23
51 1 19
28 1 27
44 1 13
13 2 3
1 2 25
12 2 22
1 1 38
3 2 5
11 2 14
11 1 8
44 1 9
5 2 4
30 1 56
22 2 70
21 1 1
23 1 12
44 1 30
27 1 19
55 2 56
22 2 20
21 1 34
3 2 4
70 1 69
73 1 48
40 1 2
54 2 22
23 1 56
50 2 23
45 1 10
20 2 22
79 1 23
3 2 18
22 1 19
55 1 23
53 1 51
4 2 32
29 2 5
19 1 3
3 2 25
40 1 7
1 1 4
8 2 13
5 2 3
19 1 29
42 2 4
11 1 41
5 2 29
1 2 28
11 1 3
20 1 21
4 2 34
11 1 10
44 1 10
48 2 61
51 1 21
1 2 33
17 1 11
3 1 38
25 2 23
6 2 7
37 1 21
30 1 73
22 2 56
34 1 1
50 1 61
12 1 11
12 1 14
5 2 1
1 2 37
30 1 15
10 2 1
23 1 22
30 1 12
16 1 11
30 1 55
43 2 51
44 1 3
45 1 1
1 7 3
14 1 43
57 1 30
1 2 43
21 1 4
45 1 25
70 1 30
8 2 3
19 1 34
27 1 21
4 2 1
40 1 39
6 1 3
50 1 48
? 1 github_java_program_data/26/171.java

51 1 21
3 7 1
1 2 4
3 2 33
4 2 3
1 2 33
16 2 17
70 1 23
23 1 53
28 1 26
3 2 37
29 1 1
45 1 30
25 1 17
34 1 33
3 2 4
26 1 21
54 1 69
10 1 3
19 1 42
21 1 32
1 2 18
41 1 21
6 2 39
69 1 75
18 1 16
9 2 8
13 2 1
3 2 28
3 5 1
45 1 3
19 1 4
22 1 21
26 2 27
11 1 1
45 2 44
15 2 12
44 2 45
52 1 30
13 1 3
23 1 15
15 1 14
19 1 32
69 1 51
2 2 6
1 1 3
54 1 23
11 1 43
69 1 43
5 2 32
75 1 21
70 1 50
43 1 21
1 1 37
54 2 15
3 2 41
43 1 11
10 2 3
30 1 44
33 1 26
41 1 19
13 2 3
42 2 5
17 1 14
27 1 19
11 1 13
25 1 16
39 1 30
38 1 19
69 2 30
51 2 52
5 2 3
26 1 19
13 1 1
25 2 30
33 1 27
1 5 3
3 2 38
3 1 37
43 1 19
14 1 41
3 1 4
29 1 3
43 1 14
1 2 41
10 1 1
44 1 18
50 1 41
50 1 43
14 1 13
21 1 3
61 1 21
30 1 22
1 1 5
6 1 3
30 1 45
44 1 8
39 1 1
12 2 15
14 1 3
29 1 28
54 1 30
54 1 50
17 2 16
50 2 23
3 1 1
38 1 21
1 2 5
11 1 3
21 1 42
48 1 21
51 2 75
15 1 11
3 4 1
41 2 48
18 1 17
39 1 8
1 4 3
34 1 3
41 1 11
48 1 19
37 1 19
40 1 6
30 1 20
16 1 14
21 1 29
3 1 5
21 1 5
45 1 9
61 1 19
43 2 48
19 1 1
23 1 54
12 2 20
2 1 3
1 2 38
51 1 19
19 1 5
18 2 23
44 1 23
28 1 27
1 1 38
3 2 5
44 1 9
23 1 20
20 1 19
21 1 1
23 1 12
8 2 1
14 1 1
4 2 29
1 1 4
21 1 34
40 1 2
54 2 22
44 1 1
20 2 22
4 2 42
3 2 18
30 1 70
22 1 19
53 1 51
4 2 32
8 2 10
19 1 3
3 2 25
27 2 26
22 2 20
42 2 4
11 1 41
48 2 61
1 2 28
20 1 21
11 1 10
44 1 10
14 1 10
45 1 13
17 1 11
3 1 38
37 1 21
9 2 13
34 1 1
50 1 61
15 2 54
12 1 14
5 2 1
1 2 37
3 2 43
10 2 1
23 1 22
53 1 52
30 1 12
16 1 11
43 2 51
44 1 3
1 7 3
14 1 43
1 2 43
21 1 4
1 2 30
45 1 25
12 2 54
19 1 34
4 2 1
40 1 39
50 1 48
? 1 github_java_program_data/26/186.java

34 2 4
51 1 21
3 7 1
1 2 4
3 2 33
101 2 73
53 1 48
70 1 23
23 1 53
1 4 3
28 1 26
3 2 37
29 1 1
45 1 18
25 1 17
23 1 73
18 1 16
52 1 23
26 1 21
9 2 8
10 2 3
54 1 69
10 1 3
73 1 57
19 1 42
21 1 32
1 2 18
52 2 76
41 1 21
3 1 4
69 1 75
8 2 10
107 1 48
72 1 23
13 2 1
50 2 23
3 5 1
45 1 3
3 2 38
19 1 4
22 1 21
11 1 1
45 2 44
15 2 12
32 2 4
44 2 45
48 2 23
52 1 30
14 1 3
23 1 15
15 1 14
19 1 32
69 1 51
1 1 3
54 1 23
8 2 13
51 2 61
69 1 43
5 2 32
75 1 21
34 1 3
11 1 13
1 2 33
6 2 39
43 1 21
1 1 37
22 2 104
3 2 41
43 1 11
45 1 9
30 1 44
21 1 29
9 2 10
41 1 19
24 1 23
13 2 3
23 1 102
34 1 33
44 1 25
27 1 19
70 1 50
39 1 30
20 2 73
38 1 19
23 1 74
69 2 30
50 1 51
5 2 3
71 2 102
23 1 58
13 1 1
73 2 71
25 2 30
33 1 27
1 5 3
30 1 22
3 1 37
20 2 53
14 1 41
30 1 104
56 1 19
104 2 22
107 1 30
29 1 3
43 1 14
72 1 30
1 2 41
10 1 1
50 1 43
21 1 3
23 1 20
30 1 54
1 1 5
20 1 19
30 1 45
24 1 1
12 2 107
30 1 53
39 1 1
12 2 15
29 1 28
54 1 30
4 2 5
54 1 50
12 2 45
56 1 21
43 2 48
1 2 5
3 1 1
38 1 21
44 1 8
18 2 30
19 1 1
11 1 3
102 2 20
14 1 9
21 1 42
12 1 11
30 1 15
53 1 52
15 1 11
3 4 1
53 2 58
44 2 12
58 1 21
4 2 3
30 2 48
45 1 30
5 2 42
48 1 19
37 1 19
40 1 6
30 1 20
58 6 45
5 2 34
16 1 14
33 1 26
3 1 5
21 1 5
58 1 19
61 1 19
30 1 24
14 1 13
23 1 54
1 2 38
51 1 19
45 1 8
19 1 5
14 2 11
18 2 23
44 1 23
28 1 27
1 2 25
45 1 23
1 1 38
24 2 44
3 2 5
11 1 8
101 1 19
5 2 4
102 1 21
15 2 70
17 1 11
23 1 107
30 1 56
21 1 1
23 1 12
44 1 30
14 1 1
4 2 29
104 1 48
22 2 20
21 1 34
3 2 4
73 2 58
44 1 1
45 1 10
20 2 22
4 2 42
3 2 18
30 1 70
22 1 19
1 2 30
74 2 101
13 1 3
4 2 32
29 2 5
19 1 3
101 2 20
44 1 9
3 2 25
1 1 4
19 1 29
11 1 41
58 6 44
104 1 23
48 2 61
53 2 74
23 1 71
101 1 21
20 1 21
4 2 34
11 1 10
44 1 10
5 2 29
14 1 10
45 1 13
53 1 76
3 1 38
23 1 101
25 2 23
37 1 21
73 1 72
10 2 1
9 2 13
76 1 30
34 1 1
50 1 61
48 1 21
1 2 28
12 1 14
72 2 57
5 2 1
1 2 37
3 2 43
26 1 19
23 1 22
51 2 75
30 1 12
16 1 11
43 2 51
44 1 3
45 1 1
48 2 52
1 7 3
8 2 9
14 1 43
57 1 30
21 1 4
51 2 72
3 2 28
12 2 24
24 1 18
19 1 34
27 1 21
4 2 1
40 1 39
73 1 51
6 1 3
50 1 48
? 1 github_java_program_data/26/19.java

18 1 17
58 1 21
1 4 3
34 1 3
1 2 4
3 2 33
39 1 8
48 1 19
3 1 37
40 1 6
30 1 20
23 1 53
72 2 81
28 1 26
53 1 57
34 1 33
33 1 26
3 1 5
26 1 21
21 1 5
3 1 38
10 1 3
65 2 8
19 1 1
21 1 32
1 2 18
41 1 21
44 1 23
19 1 5
3 5 1
18 2 23
51 1 19
28 1 27
37 1 19
12 2 22
1 1 38
3 2 5
19 1 4
26 2 27
44 1 9
56 1 21
21 1 1
23 1 12
29 1 3
8 2 1
19 1 32
3 4 1
2 2 6
1 1 3
81 1 73
3 2 28
3 2 4
3 2 30
73 1 48
40 1 2
5 2 32
22 2 20
81 2 57
23 1 56
44 1 1
11 1 13
20 2 22
4 2 42
6 2 39
53 1 72
9 2 1
1 1 37
22 1 19
3 2 41
53 1 51
65 1 1
10 2 3
30 1 44
3 1 1
18 1 16
27 2 26
1 2 37
58 6 44
13 2 3
52 1 23
17 1 14
27 1 19
1 1 4
39 1 30
19 1 29
4 2 3
38 1 19
21 1 3
73 1 52
53 1 81
23 1 58
39 1 65
13 1 1
6 1 3
33 1 27
1 5 3
14 1 10
2 1 1
14 1 41
3 1 4
16 2 17
37 1 21
10 2 1
14 1 3
9 2 10
72 1 30
10 1 1
44 1 18
8 2 3
19 1 42
12 1 14
53 1 48
23 1 20
5 2 1
3 2 38
1 1 5
20 1 19
3 7 1
26 1 19
23 1 22
16 1 11
39 1 3
29 1 28
48 2 52
1 7 3
10 1 9
57 1 30
17 2 16
21 1 4
53 2 58
19 1 3
38 1 21
1 2 5
11 1 3
44 1 10
5 2 42
21 1 42
48 1 21
19 1 34
27 1 21
53 1 52
4 2 1
40 1 39
13 1 8
51 2 72
4 2 32
? 1 github_java_program_data/26/199.java

52 2 57
34 2 4
14 1 10
3 7 1
1 2 4
3 2 33
4 2 3
39 1 23
8 2 10
23 1 53
50 2 30
28 1 26
3 2 37
29 1 1
45 1 30
25 1 17
34 1 33
18 1 16
52 1 23
26 1 21
9 2 8
3 2 38
10 1 3
15 2 22
50 1 43
21 1 32
41 1 21
20 2 15
69 1 75
72 1 23
13 2 1
3 2 28
3 5 1
20 2 12
45 1 3
23 1 44
40 1 6
19 1 4
22 1 21
26 2 27
11 1 1
22 2 15
15 2 12
32 2 4
44 2 45
48 2 23
22 2 54
39 1 3
14 1 3
23 1 15
15 1 14
19 1 32
13 1 3
2 2 6
1 1 3
7 2 39
54 1 23
79 2 58
79 1 48
11 1 43
69 1 43
19 1 46
5 2 32
75 1 21
30 1 58
3 4 1
11 1 13
23 1 45
20 2 58
43 1 21
1 1 37
3 2 41
23 1 73
45 1 9
34 2 5
33 1 26
9 2 10
41 1 19
58 6 44
32 2 5
10 2 3
42 2 5
17 1 14
14 1 1
20 2 73
38 1 19
48 2 75
69 2 30
4 2 42
50 1 51
23 1 20
53 2 22
26 1 19
15 2 55
13 1 1
51 2 23
25 2 30
33 1 27
1 5 3
30 1 54
3 1 37
43 1 19
14 1 41
3 1 4
21 1 47
43 2 48
30 1 79
29 1 3
43 1 14
72 1 30
1 2 41
10 1 1
44 1 18
47 1 25
15 2 54
19 1 42
3 2 43
21 1 3
61 1 21
30 1 22
1 1 5
20 1 19
51 2 61
47 1 23
15 2 20
44 1 8
15 1 11
12 2 15
15 2 45
7 1 1
29 1 28
54 1 30
4 2 5
54 1 50
22 2 12
29 2 4
56 1 21
1 2 5
3 2 23
56 6 45
3 1 1
38 1 21
30 1 53
18 2 30
19 1 1
73 1 72
14 1 9
21 1 42
48 1 21
45 1 8
53 1 52
45 2 44
69 1 48
44 2 12
12 2 79
58 1 21
39 1 8
1 4 3
19 1 5
5 2 42
48 1 19
37 1 19
46 1 18
30 1 20
58 6 45
5 2 34
53 1 57
16 1 14
21 1 29
3 1 5
48 2 72
21 1 5
51 2 52
61 1 19
46 1 23
14 1 13
23 1 54
12 2 20
2 1 3
1 2 38
23 1 70
34 1 3
55 1 51
18 2 23
51 1 19
28 1 27
44 1 13
13 2 3
1 2 25
12 2 22
1 1 38
3 2 5
11 2 14
11 1 8
44 1 9
5 2 4
30 1 56
22 2 70
21 1 1
23 1 12
44 1 30
27 1 19
55 2 56
22 2 20
21 1 34
3 2 4
70 1 69
73 1 48
40 1 2
54 2 22
23 1 56
50 2 23
45 1 10
20 2 22
79 1 23
3 2 18
22 1 19
55 1 23
53 1 51
4 2 32
29 2 5
19 1 3
3 2 25
40 1 7
1 1 4
8 2 13
5 2 3
19 1 29
42 2 4
11 1 41
5 2 29
1 2 28
11 1 3
20 1 21
4 2 34
11 1 10
44 1 10
48 2 61
51 1 21
1 2 33
17 1 11
3 1 38
25 2 23
6 2 7
37 1 21
30 1 73
22 2 56
34 1 1
50 1 61
12 1 11
12 1 14
5 2 1
1 2 37
30 1 15
10 2 1
23 1 22
30 1 12
16 1 11
30 1 55
43 2 51
44 1 3
45 1 1
1 7 3
14 1 43
57 1 30
1 2 43
21 1 4
45 1 25
70 1 30
8 2 3
19 1 34
27 1 21
4 2 1
40 1 39
6 1 3
50 1 48
? 1 github_java_program_data/26/200.java

51 1 21
3 7 1
1 2 4
3 2 33
4 2 3
53 1 48
70 1 23
44 2 45
50 2 30
28 1 26
3 2 37
29 1 1
45 1 30
25 1 17
34 1 33
3 2 4
52 1 23
26 1 21
3 2 38
54 1 69
33 1 27
19 1 42
21 1 32
1 2 18
41 1 21
6 2 39
69 1 75
18 1 16
23 1 19
41 2 51
13 2 1
3 5 1
3 2 25
45 1 3
23 1 44
19 1 4
22 1 21
11 1 1
13 1 3
19 1 32
41 1 11
1 1 3
69 2 23
3 2 28
11 1 43
69 1 43
5 2 32
75 1 21
3 4 1
70 1 50
23 1 45
43 1 21
1 1 37
3 2 41
69 1 41
43 1 11
10 2 3
33 1 26
9 2 10
41 1 19
13 2 3
69 1 51
17 1 14
14 1 1
11 1 13
38 1 19
48 2 75
21 1 3
50 1 51
23 1 20
26 1 19
48 2 52
25 2 30
10 1 3
1 5 3
30 1 22
39 1 23
43 1 19
14 1 13
3 1 4
29 1 3
43 1 14
1 2 41
10 1 1
44 1 18
20 2 70
50 1 41
50 1 43
69 2 30
5 2 3
30 1 54
1 1 5
6 1 3
51 2 61
30 1 53
39 1 1
12 2 15
14 1 3
29 1 28
54 1 30
54 1 50
50 2 23
3 1 1
38 1 21
14 1 41
18 2 30
1 2 5
11 1 3
54 2 20
21 1 42
12 1 11
30 1 15
51 2 75
15 1 11
69 1 48
41 2 48
39 1 8
1 4 3
19 1 5
5 2 42
48 1 19
37 1 19
40 1 6
30 1 20
21 1 29
3 1 5
21 1 5
45 1 9
61 1 19
43 2 48
19 1 1
23 1 54
12 2 20
1 2 38
45 1 8
34 1 3
51 1 19
28 1 27
21 1 23
1 1 38
3 2 5
44 1 9
5 2 4
15 2 70
20 1 19
21 1 1
44 1 30
8 2 1
27 1 19
1 1 4
21 1 34
70 1 69
21 2 19
3 1 37
54 2 22
44 1 1
45 1 10
20 2 22
4 2 42
30 1 70
22 1 19
1 2 23
19 1 3
11 1 41
22 2 20
19 1 29
41 1 14
48 2 61
1 2 28
23 1 21
20 1 21
11 1 10
44 1 10
14 1 10
1 2 33
3 1 38
37 1 21
34 1 1
50 1 61
48 1 21
12 1 14
5 2 1
1 2 37
3 2 43
10 2 1
23 1 22
53 1 52
30 1 12
16 1 11
43 2 51
13 1 1
1 7 3
8 2 9
14 1 43
19 2 21
20 2 54
1 2 43
21 1 4
45 1 25
19 1 34
27 1 21
4 2 1
40 1 39
50 1 48
? 1 github_java_program_data/26/225.java

52 2 57
34 2 4
14 1 10
3 7 1
1 2 4
3 2 33
4 2 3
39 1 23
8 2 10
23 1 53
50 2 30
28 1 26
3 2 37
29 1 1
45 1 30
25 1 17
34 1 33
18 1 16
52 1 23
26 1 21
9 2 8
3 2 38
10 1 3
15 2 22
50 1 43
21 1 32
41 1 21
20 2 15
69 1 75
72 1 23
13 2 1
3 2 28
3 5 1
20 2 12
45 1 3
23 1 44
40 1 6
19 1 4
22 1 21
26 2 27
11 1 1
22 2 15
15 2 12
32 2 4
44 2 45
48 2 23
22 2 54
39 1 3
14 1 3
23 1 15
15 1 14
19 1 32
13 1 3
2 2 6
1 1 3
7 2 39
54 1 23
79 2 58
79 1 48
11 1 43
69 1 43
19 1 46
5 2 32
75 1 21
30 1 58
3 4 1
11 1 13
23 1 45
20 2 58
43 1 21
1 1 37
3 2 41
23 1 73
45 1 9
34 2 5
33 1 26
9 2 10
41 1 19
58 6 44
32 2 5
10 2 3
42 2 5
17 1 14
14 1 1
20 2 73
38 1 19
48 2 75
69 2 30
4 2 42
50 1 51
23 1 20
53 2 22
26 1 19
15 2 55
13 1 1
51 2 23
25 2 30
33 1 27
1 5 3
30 1 54
3 1 37
43 1 19
14 1 41
3 1 4
21 1 47
43 2 48
30 1 79
29 1 3
43 1 14
72 1 30
1 2 41
10 1 1
44 1 18
47 1 25
15 2 54
19 1 42
3 2 43
21 1 3
61 1 21
30 1 22
1 1 5
20 1 19
51 2 61
47 1 23
15 2 20
44 1 8
15 1 11
12 2 15
15 2 45
7 1 1
29 1 28
54 1 30
4 2 5
54 1 50
22 2 12
29 2 4
56 1 21
1 2 5
3 2 23
56 6 45
3 1 1
38 1 21
30 1 53
18 2 30
19 1 1
73 1 72
14 1 9
21 1 42
48 1 21
45 1 8
53 1 52
45 2 44
69 1 48
44 2 12
12 2 79
58 1 21
39 1 8
1 4 3
19 1 5
5 2 42
48 1 19
37 1 19
46 1 18
30 1 20
58 6 45
5 2 34
53 1 57
16 1 14
21 1 29
3 1 5
48 2 72
21 1 5
51 2 52
61 1 19
46 1 23
14 1 13
23 1 54
12 2 20
2 1 3
1 2 38
23 1 70
34 1 3
55 1 51
18 2 23
51 1 19
28 1 27
44 1 13
13 2 3
1 2 25
12 2 22
1 1 38
3 2 5
11 2 14
11 1 8
44 1 9
5 2 4
30 1 56
22 2 70
21 1 1
23 1 12
44 1 30
27 1 19
55 2 56
22 2 20
21 1 34
3 2 4
70 1 69
73 1 48
40 1 2
54 2 22
23 1 56
50 2 23
45 1 10
20 2 22
79 1 23
3 2 18
22 1 19
55 1 23
53 1 51
4 2 32
29 2 5
19 1 3
3 2 25
40 1 7
1 1 4
8 2 13
5 2 3
19 1 29
42 2 4
11 1 41
5 2 29
1 2 28
11 1 3
20 1 21
4 2 34
11 1 10
44 1 10
48 2 61
51 1 21
1 2 33
17 1 11
3 1 38
25 2 23
6 2 7
37 1 21
30 1 73
22 2 56
34 1 1
50 1 61
12 1 11
12 1 14
5 2 1
1 2 37
30 1 15
10 2 1
23 1 22
30 1 12
16 1 11
30 1 55
43 2 51
44 1 3
45 1 1
1 7 3
14 1 43
57 1 30
1 2 43
21 1 4
45 1 25
70 1 30
8 2 3
19 1 34
27 1 21
4 2 1
40 1 39
6 1 3
50 1 48
? 1 github_java_program_data/26/229.java

52 2 57
34 2 4
14 1 10
3 7 1
1 2 4
3 2 33
4 2 3
39 1 23
8 2 10
23 1 53
50 2 30
28 1 26
3 2 37
29 1 1
45 1 30
25 1 17
34 1 33
18 1 16
52 1 23
26 1 21
9 2 8
3 2 38
10 1 3
15 2 22
50 1 43
21 1 32
41 1 21
20 2 15
69 1 75
72 1 23
13 2 1
3 2 28
3 5 1
20 2 12
45 1 3
23 1 44
40 1 6
19 1 4
22 1 21
26 2 27
11 1 1
22 2 15
15 2 12
32 2 4
44 2 45
48 2 23
22 2 54
39 1 3
14 1 3
23 1 15
15 1 14
19 1 32
13 1 3
2 2 6
1 1 3
7 2 39
54 1 23
79 2 58
79 1 48
11 1 43
69 1 43
19 1 46
5 2 32
75 1 21
30 1 58
3 4 1
11 1 13
23 1 45
20 2 58
43 1 21
1 1 37
3 2 41
23 1 73
45 1 9
34 2 5
33 1 26
9 2 10
41 1 19
58 6 44
32 2 5
10 2 3
42 2 5
17 1 14
14 1 1
20 2 73
38 1 19
48 2 75
69 2 30
4 2 42
50 1 51
23 1 20
53 2 22
26 1 19
15 2 55
13 1 1
51 2 23
25 2 30
33 1 27
1 5 3
30 1 54
3 1 37
43 1 19
14 1 41
3 1 4
21 1 47
43 2 48
30 1 79
29 1 3
43 1 14
72 1 30
1 2 41
10 1 1
44 1 18
47 1 25
15 2 54
19 1 42
3 2 43
21 1 3
61 1 21
30 1 22
1 1 5
20 1 19
51 2 61
47 1 23
15 2 20
44 1 8
15 1 11
12 2 15
15 2 45
7 1 1
29 1 28
54 1 30
4 2 5
54 1 50
22 2 12
29 2 4
56 1 21
1 2 5
3 2 23
56 6 45
3 1 1
38 1 21
30 1 53
18 2 30
19 1 1
73 1 72
14 1 9
21 1 42
48 1 21
45 1 8
53 1 52
45 2 44
69 1 48
44 2 12
12 2 79
58 1 21
39 1 8
1 4 3
19 1 5
5 2 42
48 1 19
37 1 19
46 1 18
30 1 20
58 6 45
5 2 34
53 1 57
16 1 14
21 1 29
3 1 5
48 2 72
21 1 5
51 2 52
61 1 19
46 1 23
14 1 13
23 1 54
12 2 20
2 1 3
1 2 38
23 1 70
34 1 3
55 1 51
18 2 23
51 1 19
28 1 27
44 1 13
13 2 3
1 2 25
12 2 22
1 1 38
3 2 5
11 2 14
11 1 8
44 1 9
5 2 4
30 1 56
22 2 70
21 1 1
23 1 12
44 1 30
27 1 19
55 2 56
22 2 20
21 1 34
3 2 4
70 1 69
73 1 48
40 1 2
54 2 22
23 1 56
50 2 23
45 1 10
20 2 22
79 1 23
3 2 18
22 1 19
55 1 23
53 1 51
4 2 32
29 2 5
19 1 3
3 2 25
40 1 7
1 1 4
8 2 13
5 2 3
19 1 29
42 2 4
11 1 41
5 2 29
1 2 28
11 1 3
20 1 21
4 2 34
11 1 10
44 1 10
48 2 61
51 1 21
1 2 33
17 1 11
3 1 38
25 2 23
6 2 7
37 1 21
30 1 73
22 2 56
34 1 1
50 1 61
12 1 11
12 1 14
5 2 1
1 2 37
30 1 15
10 2 1
23 1 22
30 1 12
16 1 11
30 1 55
43 2 51
44 1 3
45 1 1
1 7 3
14 1 43
57 1 30
1 2 43
21 1 4
45 1 25
70 1 30
8 2 3
19 1 34
27 1 21
4 2 1
40 1 39
6 1 3
50 1 48
? 1 github_java_program_data/26/258.java

52 2 57
34 2 4
14 1 10
3 7 1
1 2 4
3 2 33
4 2 3
39 1 23
8 2 10
23 1 53
50 2 30
28 1 26
3 2 37
29 1 1
45 1 30
25 1 17
34 1 33
18 1 16
52 1 23
26 1 21
9 2 8
3 2 38
10 1 3
15 2 22
50 1 43
21 1 32
41 1 21
20 2 15
69 1 75
72 1 23
13 2 1
3 2 28
3 5 1
20 2 12
45 1 3
23 1 44
40 1 6
19 1 4
22 1 21
26 2 27
11 1 1
22 2 15
15 2 12
32 2 4
44 2 45
48 2 23
22 2 54
39 1 3
14 1 3
23 1 15
15 1 14
19 1 32
13 1 3
2 2 6
1 1 3
7 2 39
54 1 23
79 2 58
79 1 48
11 1 43
69 1 43
19 1 46
5 2 32
75 1 21
30 1 58
3 4 1
11 1 13
23 1 45
20 2 58
43 1 21
1 1 37
3 2 41
23 1 73
45 1 9
34 2 5
33 1 26
9 2 10
41 1 19
58 6 44
32 2 5
10 2 3
42 2 5
17 1 14
14 1 1
20 2 73
38 1 19
48 2 75
69 2 30
4 2 42
50 1 51
23 1 20
53 2 22
26 1 19
15 2 55
13 1 1
51 2 23
25 2 30
33 1 27
1 5 3
30 1 54
3 1 37
43 1 19
14 1 41
3 1 4
21 1 47
43 2 48
30 1 79
29 1 3
43 1 14
72 1 30
1 2 41
10 1 1
44 1 18
47 1 25
15 2 54
19 1 42
3 2 43
21 1 3
61 1 21
30 1 22
1 1 5
20 1 19
51 2 61
47 1 23
15 2 20
44 1 8
15 1 11
12 2 15
15 2 45
7 1 1
29 1 28
54 1 30
4 2 5
54 1 50
22 2 12
29 2 4
56 1 21
1 2 5
3 2 23
56 6 45
3 1 1
38 1 21
30 1 53
18 2 30
19 1 1
73 1 72
14 1 9
21 1 42
48 1 21
45 1 8
53 1 52
45 2 44
69 1 48
44 2 12
12 2 79
58 1 21
39 1 8
1 4 3
19 1 5
5 2 42
48 1 19
37 1 19
46 1 18
30 1 20
58 6 45
5 2 34
53 1 57
16 1 14
21 1 29
3 1 5
48 2 72
21 1 5
51 2 52
61 1 19
46 1 23
14 1 13
23 1 54
12 2 20
2 1 3
1 2 38
23 1 70
34 1 3
55 1 51
18 2 23
51 1 19
28 1 27
44 1 13
13 2 3
1 2 25
12 2 22
1 1 38
3 2 5
11 2 14
11 1 8
44 1 9
5 2 4
30 1 56
22 2 70
21 1 1
23 1 12
44 1 30
27 1 19
55 2 56
22 2 20
21 1 34
3 2 4
70 1 69
73 1 48
40 1 2
54 2 22
23 1 56
50 2 23
45 1 10
20 2 22
79 1 23
3 2 18
22 1 19
55 1 23
53 1 51
4 2 32
29 2 5
19 1 3
3 2 25
40 1 7
1 1 4
8 2 13
5 2 3
19 1 29
42 2 4
11 1 41
5 2 29
1 2 28
11 1 3
20 1 21
4 2 34
11 1 10
44 1 10
48 2 61
51 1 21
1 2 33
17 1 11
3 1 38
25 2 23
6 2 7
37 1 21
30 1 73
22 2 56
34 1 1
50 1 61
12 1 11
12 1 14
5 2 1
1 2 37
30 1 15
10 2 1
23 1 22
30 1 12
16 1 11
30 1 55
43 2 51
44 1 3
45 1 1
1 7 3
14 1 43
57 1 30
1 2 43
21 1 4
45 1 25
70 1 30
8 2 3
19 1 34
27 1 21
4 2 1
40 1 39
6 1 3
50 1 48
? 1 github_java_program_data/26/26.java

52 2 57
34 2 4
14 1 10
3 7 1
1 2 4
3 2 33
4 2 3
39 1 23
8 2 10
23 1 53
50 2 30
28 1 26
3 2 37
29 1 1
45 1 30
25 1 17
34 1 33
18 1 16
52 1 23
26 1 21
9 2 8
3 2 38
10 1 3
15 2 22
50 1 43
21 1 32
41 1 21
20 2 15
69 1 75
72 1 23
13 2 1
3 2 28
3 5 1
20 2 12
45 1 3
23 1 44
40 1 6
19 1 4
22 1 21
26 2 27
11 1 1
22 2 15
15 2 12
32 2 4
44 2 45
48 2 23
22 2 54
39 1 3
14 1 3
23 1 15
15 1 14
19 1 32
13 1 3
2 2 6
1 1 3
7 2 39
54 1 23
79 2 58
79 1 48
11 1 43
69 1 43
19 1 46
5 2 32
75 1 21
30 1 58
3 4 1
11 1 13
23 1 45
20 2 58
43 1 21
1 1 37
3 2 41
23 1 73
45 1 9
34 2 5
33 1 26
9 2 10
41 1 19
58 6 44
32 2 5
10 2 3
42 2 5
17 1 14
14 1 1
20 2 73
38 1 19
48 2 75
69 2 30
4 2 42
50 1 51
23 1 20
53 2 22
26 1 19
15 2 55
13 1 1
51 2 23
25 2 30
33 1 27
1 5 3
30 1 54
3 1 37
43 1 19
14 1 41
3 1 4
21 1 47
43 2 48
30 1 79
29 1 3
43 1 14
72 1 30
1 2 41
10 1 1
44 1 18
47 1 25
15 2 54
19 1 42
3 2 43
21 1 3
61 1 21
30 1 22
1 1 5
20 1 19
51 2 61
47 1 23
15 2 20
44 1 8
15 1 11
12 2 15
15 2 45
7 1 1
29 1 28
54 1 30
4 2 5
54 1 50
22 2 12
29 2 4
56 1 21
1 2 5
3 2 23
56 6 45
3 1 1
38 1 21
30 1 53
18 2 30
19 1 1
73 1 72
14 1 9
21 1 42
48 1 21
45 1 8
53 1 52
45 2 44
69 1 48
44 2 12
12 2 79
58 1 21
39 1 8
1 4 3
19 1 5
5 2 42
48 1 19
37 1 19
46 1 18
30 1 20
58 6 45
5 2 34
53 1 57
16 1 14
21 1 29
3 1 5
48 2 72
21 1 5
51 2 52
61 1 19
46 1 23
14 1 13
23 1 54
12 2 20
2 1 3
1 2 38
23 1 70
34 1 3
55 1 51
18 2 23
51 1 19
28 1 27
44 1 13
13 2 3
1 2 25
12 2 22
1 1 38
3 2 5
11 2 14
11 1 8
44 1 9
5 2 4
30 1 56
22 2 70
21 1 1
23 1 12
44 1 30
27 1 19
55 2 56
22 2 20
21 1 34
3 2 4
70 1 69
73 1 48
40 1 2
54 2 22
23 1 56
50 2 23
45 1 10
20 2 22
79 1 23
3 2 18
22 1 19
55 1 23
53 1 51
4 2 32
29 2 5
19 1 3
3 2 25
40 1 7
1 1 4
8 2 13
5 2 3
19 1 29
42 2 4
11 1 41
5 2 29
1 2 28
11 1 3
20 1 21
4 2 34
11 1 10
44 1 10
48 2 61
51 1 21
1 2 33
17 1 11
3 1 38
25 2 23
6 2 7
37 1 21
30 1 73
22 2 56
34 1 1
50 1 61
12 1 11
12 1 14
5 2 1
1 2 37
30 1 15
10 2 1
23 1 22
30 1 12
16 1 11
30 1 55
43 2 51
44 1 3
45 1 1
1 7 3
14 1 43
57 1 30
1 2 43
21 1 4
45 1 25
70 1 30
8 2 3
19 1 34
27 1 21
4 2 1
40 1 39
6 1 3
50 1 48
? 1 github_java_program_data/26/287.java

3 7 1
1 2 4
3 2 33
4 2 3
53 1 48
41 1 11
44 2 45
50 2 30
28 1 26
3 2 37
34 1 33
3 2 4
26 1 21
10 2 3
54 1 69
33 1 27
19 1 42
21 1 32
6 2 39
69 1 75
23 1 19
41 2 51
13 2 1
3 2 28
3 5 1
19 1 4
22 1 21
11 1 1
30 1 21
23 1 53
29 1 3
52 1 30
14 1 3
19 1 32
69 1 51
1 1 3
69 2 23
54 1 23
30 1 22
11 1 43
75 1 21
70 1 50
43 1 21
1 1 37
69 1 41
45 1 9
30 1 44
41 1 19
13 2 3
14 1 1
11 1 13
25 1 16
39 1 30
44 1 65
38 1 19
23 1 20
26 1 19
13 1 1
10 1 3
1 5 3
30 1 54
3 1 37
43 1 19
3 1 4
13 1 3
9 2 10
1 2 41
10 1 1
44 1 18
50 1 41
19 1 1
21 1 3
5 2 3
3 2 38
1 1 5
20 1 19
23 1 70
30 1 45
15 2 20
15 1 11
29 1 28
7 1 3
21 2 19
1 2 5
3 1 1
38 1 21
11 1 3
21 1 42
12 1 11
30 1 15
51 2 75
39 1 1
3 4 1
41 2 48
39 1 8
1 4 3
19 1 5
5 2 42
48 1 19
37 1 19
40 1 6
30 1 20
16 1 14
33 1 26
3 1 5
21 1 5
61 1 19
14 1 13
12 2 20
1 2 38
44 1 23
45 1 8
34 1 3
18 2 23
51 1 19
28 1 27
1 2 25
45 1 23
1 1 38
3 2 5
44 1 9
2 1 1
21 1 1
23 1 12
8 2 1
21 1 34
21 1 30
40 1 2
2 2 6
45 1 10
20 2 22
4 2 42
65 1 3
3 2 18
19 1 23
19 1 3
7 2 6
11 1 41
40 1 7
1 1 4
19 1 29
41 1 14
48 2 61
23 1 21
20 1 21
11 1 10
44 1 10
1 2 33
30 1 19
25 2 23
6 2 7
37 1 21
34 1 1
50 1 61
48 1 21
65 2 9
5 2 1
1 2 37
3 2 43
10 2 1
23 1 22
53 1 52
44 1 3
45 1 1
48 2 52
1 7 3
8 2 9
14 1 43
19 2 21
1 2 43
21 1 4
1 2 30
45 1 25
70 1 30
19 1 34
27 1 21
4 2 1
40 1 39
50 1 48
6 1 3
4 2 32
? 1 github_java_program_data/26/304.java

51 1 21
1 2 4
3 2 33
4 2 3
1 2 33
3 4 1
23 1 53
22 2 55
28 1 26
3 2 37
29 1 1
45 1 18
1 1 4
34 1 33
18 1 16
26 1 21
3 2 38
54 1 69
10 1 3
50 1 43
21 1 32
1 2 18
11 1 13
41 1 21
20 2 15
69 1 75
13 2 1
3 2 28
3 5 1
9 2 8
12 2 22
19 1 4
22 1 21
11 1 1
45 2 44
15 2 12
44 2 45
48 2 23
55 1 48
52 1 30
50 2 30
13 1 3
23 1 15
19 1 32
8 2 10
1 1 3
69 2 23
54 1 23
79 1 48
11 1 43
69 1 43
5 2 32
75 1 21
70 1 50
6 2 39
43 1 21
1 1 37
3 2 41
43 1 11
10 2 3
30 1 44
33 1 26
41 1 19
13 2 3
42 2 5
44 1 25
14 1 1
24 1 30
39 1 30
38 1 19
48 2 75
51 2 52
50 1 51
23 1 20
55 2 20
26 1 19
13 1 1
25 2 30
33 1 27
1 5 3
30 1 22
3 1 37
43 1 19
14 1 41
3 1 4
43 2 48
29 1 3
43 1 14
1 2 41
10 1 1
44 1 18
19 1 42
21 1 3
5 2 3
30 1 54
1 1 5
6 1 3
51 2 61
30 1 45
44 1 8
39 1 1
12 2 24
15 2 53
29 1 28
17 2 16
1 2 5
44 2 15
3 1 1
38 1 21
18 2 30
19 1 1
11 1 3
21 1 42
48 1 21
30 1 15
53 1 52
15 1 11
69 1 48
24 1 25
18 1 17
39 1 8
1 4 3
34 1 3
5 2 42
48 1 19
37 1 19
40 1 6
30 1 20
5 2 34
16 1 14
21 1 29
3 1 5
21 1 5
45 1 9
61 1 19
30 1 24
14 1 13
12 2 20
1 2 38
44 1 23
23 1 70
19 1 5
18 2 23
51 1 19
28 1 27
1 2 25
32 2 5
45 1 23
1 1 38
3 2 5
44 1 9
20 1 19
79 2 22
21 1 1
23 1 12
8 2 1
27 1 19
4 2 29
14 1 3
21 1 34
3 2 4
44 1 1
20 2 22
4 2 42
79 1 30
14 1 43
22 1 19
55 1 23
53 1 51
24 1 3
19 1 3
11 1 41
27 2 26
22 2 20
8 2 13
19 1 29
3 2 25
45 1 30
20 2 79
1 2 28
20 1 21
4 2 34
11 1 10
44 1 10
14 1 10
45 1 13
17 1 11
3 1 38
25 2 23
37 1 21
9 2 13
34 1 1
50 1 61
12 1 14
5 2 1
1 2 37
3 7 1
10 2 1
23 1 22
30 1 12
16 1 11
30 1 55
43 2 51
45 1 1
1 7 3
44 1 13
1 2 43
21 1 4
1 2 30
48 2 30
70 1 30
24 2 45
19 1 34
27 1 21
4 2 1
40 1 39
23 1 79
4 2 32
? 1 github_java_program_data/26/318.java

3 7 1
1 2 4
3 2 33
4 2 3
53 1 48
8 2 10
23 1 53
50 2 30
28 1 26
3 2 37
29 1 1
25 1 17
34 1 33
3 2 4
26 1 21
3 2 38
54 1 69
33 1 27
19 1 42
21 1 32
1 2 18
3 1 4
69 1 75
23 1 19
11 1 49
13 2 1
3 2 28
3 5 1
9 2 8
19 1 4
22 1 21
11 1 1
44 2 45
52 1 30
14 1 3
15 1 14
4 2 32
41 1 11
1 1 3
69 2 23
54 1 23
8 2 13
11 1 43
75 1 21
11 1 13
43 1 21
1 1 37
3 2 68
14 1 68
69 1 41
43 1 11
10 2 3
30 1 44
18 1 16
41 1 19
13 2 3
69 1 51
27 1 19
70 1 50
39 1 30
38 1 19
21 1 3
23 1 20
10 2 1
13 1 1
10 1 3
1 5 3
30 1 22
3 1 37
43 1 19
14 1 41
56 1 19
29 1 3
68 1 21
1 2 41
10 1 1
44 1 18
20 2 70
50 1 41
50 1 43
3 2 43
69 2 30
5 2 3
30 1 54
1 1 5
20 1 19
15 2 20
44 1 8
39 1 1
29 1 28
54 1 30
54 1 50
70 2 56
1 2 5
3 2 23
56 6 45
3 1 1
38 1 21
19 1 1
11 1 3
21 1 42
48 1 21
23 1 70
53 1 52
3 4 1
12 2 54
39 1 8
1 4 3
19 1 5
3 1 38
5 2 42
48 1 19
37 1 19
30 1 20
21 1 29
3 1 5
21 1 5
45 1 9
61 1 19
14 1 13
23 1 54
1 2 38
44 1 23
45 1 8
34 1 3
18 2 23
51 1 19
28 1 27
1 2 25
21 1 23
45 1 23
1 1 38
3 2 5
44 1 9
21 1 1
23 1 12
49 1 21
8 2 1
14 1 1
1 1 4
21 1 34
70 1 69
21 2 19
54 2 22
23 1 56
44 1 1
20 2 22
3 2 49
22 1 19
13 1 3
19 1 3
22 2 20
19 1 29
41 1 14
1 2 33
48 2 61
1 2 28
23 1 21
20 1 21
4 2 34
11 1 10
70 1 30
14 1 10
45 1 13
17 1 11
33 1 26
25 2 23
37 1 21
34 1 1
50 1 61
41 2 51
12 1 14
5 2 1
1 2 37
30 1 15
30 1 45
23 1 22
51 2 75
16 1 11
45 1 1
48 2 52
1 7 3
14 1 43
19 2 21
1 2 43
21 1 4
1 2 30
45 1 25
41 2 48
44 1 10
19 1 34
4 2 1
40 1 39
50 1 48
19 1 32
? 1 github_java_program_data/26/32.java

52 2 57
34 2 4
14 1 10
3 7 1
1 2 4
3 2 33
4 2 3
39 1 23
8 2 10
23 1 53
50 2 30
28 1 26
3 2 37
29 1 1
45 1 30
25 1 17
34 1 33
18 1 16
52 1 23
26 1 21
9 2 8
3 2 38
10 1 3
15 2 22
50 1 43
21 1 32
41 1 21
20 2 15
69 1 75
72 1 23
13 2 1
3 2 28
3 5 1
20 2 12
45 1 3
23 1 44
40 1 6
19 1 4
22 1 21
26 2 27
11 1 1
22 2 15
15 2 12
32 2 4
44 2 45
48 2 23
22 2 54
39 1 3
14 1 3
23 1 15
15 1 14
19 1 32
13 1 3
2 2 6
1 1 3
7 2 39
54 1 23
79 2 58
79 1 48
11 1 43
69 1 43
19 1 46
5 2 32
75 1 21
30 1 58
3 4 1
11 1 13
23 1 45
20 2 58
43 1 21
1 1 37
3 2 41
23 1 73
45 1 9
34 2 5
33 1 26
9 2 10
41 1 19
58 6 44
32 2 5
10 2 3
42 2 5
17 1 14
14 1 1
20 2 73
38 1 19
48 2 75
69 2 30
4 2 42
50 1 51
23 1 20
53 2 22
26 1 19
15 2 55
13 1 1
51 2 23
25 2 30
33 1 27
1 5 3
30 1 54
3 1 37
43 1 19
14 1 41
3 1 4
21 1 47
43 2 48
30 1 79
29 1 3
43 1 14
72 1 30
1 2 41
10 1 1
44 1 18
47 1 25
15 2 54
19 1 42
3 2 43
21 1 3
61 1 21
30 1 22
1 1 5
20 1 19
51 2 61
47 1 23
15 2 20
44 1 8
15 1 11
12 2 15
15 2 45
7 1 1
29 1 28
54 1 30
4 2 5
54 1 50
22 2 12
29 2 4
56 1 21
1 2 5
3 2 23
56 6 45
3 1 1
38 1 21
30 1 53
18 2 30
19 1 1
73 1 72
14 1 9
21 1 42
48 1 21
45 1 8
53 1 52
45 2 44
69 1 48
44 2 12
12 2 79
58 1 21
39 1 8
1 4 3
19 1 5
5 2 42
48 1 19
37 1 19
46 1 18
30 1 20
58 6 45
5 2 34
53 1 57
16 1 14
21 1 29
3 1 5
48 2 72
21 1 5
51 2 52
61 1 19
46 1 23
14 1 13
23 1 54
12 2 20
2 1 3
1 2 38
23 1 70
34 1 3
55 1 51
18 2 23
51 1 19
28 1 27
44 1 13
13 2 3
1 2 25
12 2 22
1 1 38
3 2 5
11 2 14
11 1 8
44 1 9
5 2 4
30 1 56
22 2 70
21 1 1
23 1 12
44 1 30
27 1 19
55 2 56
22 2 20
21 1 34
3 2 4
70 1 69
73 1 48
40 1 2
54 2 22
23 1 56
50 2 23
45 1 10
20 2 22
79 1 23
3 2 18
22 1 19
55 1 23
53 1 51
4 2 32
29 2 5
19 1 3
3 2 25
40 1 7
1 1 4
8 2 13
5 2 3
19 1 29
42 2 4
11 1 41
5 2 29
1 2 28
11 1 3
20 1 21
4 2 34
11 1 10
44 1 10
48 2 61
51 1 21
1 2 33
17 1 11
3 1 38
25 2 23
6 2 7
37 1 21
30 1 73
22 2 56
34 1 1
50 1 61
12 1 11
12 1 14
5 2 1
1 2 37
30 1 15
10 2 1
23 1 22
30 1 12
16 1 11
30 1 55
43 2 51
44 1 3
45 1 1
1 7 3
14 1 43
57 1 30
1 2 43
21 1 4
45 1 25
70 1 30
8 2 3
19 1 34
27 1 21
4 2 1
40 1 39
6 1 3
50 1 48
? 1 github_java_program_data/26/345.java

52 2 57
34 2 4
14 1 10
3 7 1
1 2 4
3 2 33
4 2 3
39 1 23
8 2 10
23 1 53
50 2 30
28 1 26
3 2 37
29 1 1
45 1 30
25 1 17
34 1 33
18 1 16
52 1 23
26 1 21
9 2 8
3 2 38
10 1 3
15 2 22
50 1 43
21 1 32
41 1 21
20 2 15
69 1 75
72 1 23
13 2 1
3 2 28
3 5 1
20 2 12
45 1 3
23 1 44
40 1 6
19 1 4
22 1 21
26 2 27
11 1 1
22 2 15
15 2 12
32 2 4
44 2 45
48 2 23
22 2 54
39 1 3
14 1 3
23 1 15
15 1 14
19 1 32
13 1 3
2 2 6
1 1 3
7 2 39
54 1 23
79 2 58
79 1 48
11 1 43
69 1 43
19 1 46
5 2 32
75 1 21
30 1 58
3 4 1
11 1 13
23 1 45
20 2 58
43 1 21
1 1 37
3 2 41
23 1 73
45 1 9
34 2 5
33 1 26
9 2 10
41 1 19
58 6 44
32 2 5
10 2 3
42 2 5
17 1 14
14 1 1
20 2 73
38 1 19
48 2 75
69 2 30
4 2 42
50 1 51
23 1 20
53 2 22
26 1 19
15 2 55
13 1 1
51 2 23
25 2 30
33 1 27
1 5 3
30 1 54
3 1 37
43 1 19
14 1 41
3 1 4
21 1 47
43 2 48
30 1 79
29 1 3
43 1 14
72 1 30
1 2 41
10 1 1
44 1 18
47 1 25
15 2 54
19 1 42
3 2 43
21 1 3
61 1 21
30 1 22
1 1 5
20 1 19
51 2 61
47 1 23
15 2 20
44 1 8
15 1 11
12 2 15
15 2 45
7 1 1
29 1 28
54 1 30
4 2 5
54 1 50
22 2 12
29 2 4
56 1 21
1 2 5
3 2 23
56 6 45
3 1 1
38 1 21
30 1 53
18 2 30
19 1 1
73 1 72
14 1 9
21 1 42
48 1 21
45 1 8
53 1 52
45 2 44
69 1 48
44 2 12
12 2 79
58 1 21
39 1 8
1 4 3
19 1 5
5 2 42
48 1 19
37 1 19
46 1 18
30 1 20
58 6 45
5 2 34
53 1 57
16 1 14
21 1 29
3 1 5
48 2 72
21 1 5
51 2 52
61 1 19
46 1 23
14 1 13
23 1 54
12 2 20
2 1 3
1 2 38
23 1 70
34 1 3
55 1 51
18 2 23
51 1 19
28 1 27
44 1 13
13 2 3
1 2 25
12 2 22
1 1 38
3 2 5
11 2 14
11 1 8
44 1 9
5 2 4
30 1 56
22 2 70
21 1 1
23 1 12
44 1 30
27 1 19
55 2 56
22 2 20
21 1 34
3 2 4
70 1 69
73 1 48
40 1 2
54 2 22
23 1 56
50 2 23
45 1 10
20 2 22
79 1 23
3 2 18
22 1 19
55 1 23
53 1 51
4 2 32
29 2 5
19 1 3
3 2 25
40 1 7
1 1 4
8 2 13
5 2 3
19 1 29
42 2 4
11 1 41
5 2 29
1 2 28
11 1 3
20 1 21
4 2 34
11 1 10
44 1 10
48 2 61
51 1 21
1 2 33
17 1 11
3 1 38
25 2 23
6 2 7
37 1 21
30 1 73
22 2 56
34 1 1
50 1 61
12 1 11
12 1 14
5 2 1
1 2 37
30 1 15
10 2 1
23 1 22
30 1 12
16 1 11
30 1 55
43 2 51
44 1 3
45 1 1
1 7 3
14 1 43
57 1 30
1 2 43
21 1 4
45 1 25
70 1 30
8 2 3
19 1 34
27 1 21
4 2 1
40 1 39
6 1 3
50 1 48
? 1 github_java_program_data/26/374.java

52 2 57
34 2 4
14 1 10
3 7 1
1 2 4
3 2 33
4 2 3
39 1 23
8 2 10
23 1 53
50 2 30
28 1 26
3 2 37
29 1 1
45 1 30
25 1 17
34 1 33
18 1 16
52 1 23
26 1 21
9 2 8
3 2 38
10 1 3
15 2 22
50 1 43
21 1 32
41 1 21
20 2 15
69 1 75
72 1 23
13 2 1
3 2 28
3 5 1
20 2 12
45 1 3
23 1 44
40 1 6
19 1 4
22 1 21
26 2 27
11 1 1
22 2 15
15 2 12
32 2 4
44 2 45
48 2 23
22 2 54
39 1 3
14 1 3
23 1 15
15 1 14
19 1 32
13 1 3
2 2 6
1 1 3
7 2 39
54 1 23
79 2 58
79 1 48
11 1 43
69 1 43
19 1 46
5 2 32
75 1 21
30 1 58
3 4 1
11 1 13
23 1 45
20 2 58
43 1 21
1 1 37
3 2 41
23 1 73
45 1 9
34 2 5
33 1 26
9 2 10
41 1 19
58 6 44
32 2 5
10 2 3
42 2 5
17 1 14
14 1 1
20 2 73
38 1 19
48 2 75
69 2 30
4 2 42
50 1 51
23 1 20
53 2 22
26 1 19
15 2 55
13 1 1
51 2 23
25 2 30
33 1 27
1 5 3
30 1 54
3 1 37
43 1 19
14 1 41
3 1 4
21 1 47
43 2 48
30 1 79
29 1 3
43 1 14
72 1 30
1 2 41
10 1 1
44 1 18
47 1 25
15 2 54
19 1 42
3 2 43
21 1 3
61 1 21
30 1 22
1 1 5
20 1 19
51 2 61
47 1 23
15 2 20
44 1 8
15 1 11
12 2 15
15 2 45
7 1 1
29 1 28
54 1 30
4 2 5
54 1 50
22 2 12
29 2 4
56 1 21
1 2 5
3 2 23
56 6 45
3 1 1
38 1 21
30 1 53
18 2 30
19 1 1
73 1 72
14 1 9
21 1 42
48 1 21
45 1 8
53 1 52
45 2 44
69 1 48
44 2 12
12 2 79
58 1 21
39 1 8
1 4 3
19 1 5
5 2 42
48 1 19
37 1 19
46 1 18
30 1 20
58 6 45
5 2 34
53 1 57
16 1 14
21 1 29
3 1 5
48 2 72
21 1 5
51 2 52
61 1 19
46 1 23
14 1 13
23 1 54
12 2 20
2 1 3
1 2 38
23 1 70
34 1 3
55 1 51
18 2 23
51 1 19
28 1 27
44 1 13
13 2 3
1 2 25
12 2 22
1 1 38
3 2 5
11 2 14
11 1 8
44 1 9
5 2 4
30 1 56
22 2 70
21 1 1
23 1 12
44 1 30
27 1 19
55 2 56
22 2 20
21 1 34
3 2 4
70 1 69
73 1 48
40 1 2
54 2 22
23 1 56
50 2 23
45 1 10
20 2 22
79 1 23
3 2 18
22 1 19
55 1 23
53 1 51
4 2 32
29 2 5
19 1 3
3 2 25
40 1 7
1 1 4
8 2 13
5 2 3
19 1 29
42 2 4
11 1 41
5 2 29
1 2 28
11 1 3
20 1 21
4 2 34
11 1 10
44 1 10
48 2 61
51 1 21
1 2 33
17 1 11
3 1 38
25 2 23
6 2 7
37 1 21
30 1 73
22 2 56
34 1 1
50 1 61
12 1 11
12 1 14
5 2 1
1 2 37
30 1 15
10 2 1
23 1 22
30 1 12
16 1 11
30 1 55
43 2 51
44 1 3
45 1 1
1 7 3
14 1 43
57 1 30
1 2 43
21 1 4
45 1 25
70 1 30
8 2 3
19 1 34
27 1 21
4 2 1
40 1 39
6 1 3
50 1 48
? 1 github_java_program_data/26/403.java

52 2 57
34 2 4
14 1 10
3 7 1
1 2 4
3 2 33
4 2 3
39 1 23
8 2 10
23 1 53
50 2 30
28 1 26
3 2 37
29 1 1
45 1 30
25 1 17
34 1 33
18 1 16
52 1 23
26 1 21
9 2 8
3 2 38
10 1 3
15 2 22
50 1 43
21 1 32
41 1 21
20 2 15
69 1 75
72 1 23
13 2 1
3 2 28
3 5 1
20 2 12
45 1 3
23 1 44
40 1 6
19 1 4
22 1 21
26 2 27
11 1 1
22 2 15
15 2 12
32 2 4
44 2 45
48 2 23
22 2 54
39 1 3
14 1 3
23 1 15
15 1 14
19 1 32
13 1 3
2 2 6
1 1 3
7 2 39
54 1 23
79 2 58
79 1 48
11 1 43
69 1 43
19 1 46
5 2 32
75 1 21
30 1 58
3 4 1
11 1 13
23 1 45
20 2 58
43 1 21
1 1 37
3 2 41
23 1 73
45 1 9
34 2 5
33 1 26
9 2 10
41 1 19
58 6 44
32 2 5
10 2 3
42 2 5
17 1 14
14 1 1
20 2 73
38 1 19
48 2 75
69 2 30
4 2 42
50 1 51
23 1 20
53 2 22
26 1 19
15 2 55
13 1 1
51 2 23
25 2 30
33 1 27
1 5 3
30 1 54
3 1 37
43 1 19
14 1 41
3 1 4
21 1 47
43 2 48
30 1 79
29 1 3
43 1 14
72 1 30
1 2 41
10 1 1
44 1 18
47 1 25
15 2 54
19 1 42
3 2 43
21 1 3
61 1 21
30 1 22
1 1 5
20 1 19
51 2 61
47 1 23
15 2 20
44 1 8
15 1 11
12 2 15
15 2 45
7 1 1
29 1 28
54 1 30
4 2 5
54 1 50
22 2 12
29 2 4
56 1 21
1 2 5
3 2 23
56 6 45
3 1 1
38 1 21
30 1 53
18 2 30
19 1 1
73 1 72
14 1 9
21 1 42
48 1 21
45 1 8
53 1 52
45 2 44
69 1 48
44 2 12
12 2 79
58 1 21
39 1 8
1 4 3
19 1 5
5 2 42
48 1 19
37 1 19
46 1 18
30 1 20
58 6 45
5 2 34
53 1 57
16 1 14
21 1 29
3 1 5
48 2 72
21 1 5
51 2 52
61 1 19
46 1 23
14 1 13
23 1 54
12 2 20
2 1 3
1 2 38
23 1 70
34 1 3
55 1 51
18 2 23
51 1 19
28 1 27
44 1 13
13 2 3
1 2 25
12 2 22
1 1 38
3 2 5
11 2 14
11 1 8
44 1 9
5 2 4
30 1 56
22 2 70
21 1 1
23 1 12
44 1 30
27 1 19
55 2 56
22 2 20
21 1 34
3 2 4
70 1 69
73 1 48
40 1 2
54 2 22
23 1 56
50 2 23
45 1 10
20 2 22
79 1 23
3 2 18
22 1 19
55 1 23
53 1 51
4 2 32
29 2 5
19 1 3
3 2 25
40 1 7
1 1 4
8 2 13
5 2 3
19 1 29
42 2 4
11 1 41
5 2 29
1 2 28
11 1 3
20 1 21
4 2 34
11 1 10
44 1 10
48 2 61
51 1 21
1 2 33
17 1 11
3 1 38
25 2 23
6 2 7
37 1 21
30 1 73
22 2 56
34 1 1
50 1 61
12 1 11
12 1 14
5 2 1
1 2 37
30 1 15
10 2 1
23 1 22
30 1 12
16 1 11
30 1 55
43 2 51
44 1 3
45 1 1
1 7 3
14 1 43
57 1 30
1 2 43
21 1 4
45 1 25
70 1 30
8 2 3
19 1 34
27 1 21
4 2 1
40 1 39
6 1 3
50 1 48
? 1 github_java_program_data/26/432.java

1 2 4
4 2 3
53 1 48
70 1 23
44 2 45
28 1 26
3 2 37
29 1 1
25 1 17
34 1 33
18 1 16
52 1 23
26 1 21
54 1 69
10 1 3
15 2 22
19 1 42
21 1 32
12 2 70
41 1 21
3 1 4
69 1 75
23 1 19
13 2 1
3 5 1
45 1 3
19 1 4
22 1 21
11 1 1
39 1 3
13 1 3
39 1 23
15 1 14
19 1 32
69 1 51
1 1 3
3 2 28
69 1 43
5 2 32
75 1 21
70 1 50
23 1 45
1 1 37
3 2 41
43 1 11
10 2 3
3 2 4
41 1 19
13 2 3
14 1 1
11 1 13
38 1 19
21 1 3
23 1 20
26 1 19
48 2 52
25 2 30
33 1 27
1 5 3
3 2 38
3 1 37
14 1 41
6 2 39
29 1 3
9 2 10
1 2 41
10 1 1
44 1 18
50 1 43
69 2 30
5 2 3
30 1 22
1 1 5
20 1 19
30 1 53
14 1 3
29 1 28
54 1 30
50 2 23
3 2 23
43 1 14
3 1 1
38 1 21
18 2 30
19 1 1
21 1 42
48 1 21
30 1 15
51 2 75
3 4 1
39 1 8
1 4 3
45 1 30
5 2 42
48 1 19
37 1 19
40 1 6
30 1 20
21 1 29
3 1 5
21 1 5
45 1 9
61 1 19
43 2 48
14 1 13
23 1 54
1 2 38
45 1 8
19 1 5
51 1 19
1 1 38
3 2 5
44 1 9
2 1 1
21 1 1
44 1 30
1 1 4
23 1 44
21 2 19
40 1 2
2 2 6
1 2 5
20 2 22
4 2 42
3 2 18
30 1 70
22 1 19
19 1 23
19 1 3
11 1 41
22 2 20
6 1 1
19 1 29
42 2 4
3 2 25
1 2 33
48 2 61
1 2 28
23 1 21
20 1 21
11 1 10
44 1 10
14 1 10
45 1 13
17 1 11
3 1 38
37 1 21
9 2 13
34 1 1
50 1 61
12 1 14
5 2 1
1 2 37
3 7 1
10 2 1
23 1 22
53 1 52
30 1 12
16 1 11
43 2 51
44 1 3
13 1 1
1 7 3
8 2 9
19 2 21
21 1 4
45 1 25
8 2 3
19 1 34
27 1 21
4 2 1
40 1 39
50 1 48
? 1 github_java_program_data/26/446.java

51 1 21
3 7 1
1 2 4
3 2 33
4 2 3
53 1 48
1 4 3
3 4 1
23 1 53
50 2 30
1 2 96
28 1 26
3 2 37
29 1 1
45 1 18
25 1 17
34 1 33
18 1 16
26 1 21
3 2 38
54 1 69
10 1 3
15 2 22
50 1 43
21 1 32
1 2 18
1 1 28
41 1 21
6 2 39
69 1 75
5 2 42
13 2 1
3 2 28
17 1 1
3 1 33
3 2 25
45 1 3
1 1 25
19 1 4
22 1 21
11 1 1
15 2 12
55 1 30
44 2 45
67 1 30
52 1 30
22 2 55
29 1 3
23 1 15
15 1 14
19 1 32
9 2 10
1 1 3
69 2 23
54 1 23
8 2 13
23 1 55
69 1 43
67 1 1
5 2 32
75 1 21
17 1 96
34 1 3
70 1 50
23 1 45
43 1 21
1 1 37
27 1 3
3 2 41
43 1 11
10 2 3
30 1 44
3 2 4
41 1 19
24 1 23
13 2 3
1 1 18
44 1 25
27 1 19
11 1 13
25 1 16
38 1 19
48 2 75
15 2 24
50 1 51
23 1 20
55 2 20
26 1 19
13 1 1
25 2 30
33 1 27
1 5 3
30 1 22
3 1 37
43 1 19
14 1 41
3 1 4
51 2 61
14 1 3
43 1 14
72 1 30
1 2 41
10 1 1
50 1 41
19 1 42
21 1 3
5 2 3
30 1 54
1 1 5
20 1 19
23 1 70
1 7 3
24 1 1
39 1 23
44 1 8
39 1 1
12 2 15
23 1 73
29 1 28
4 2 5
54 1 50
3 1 18
17 2 16
1 2 5
19 1 3
38 1 21
18 2 30
19 1 1
73 1 72
21 1 42
12 1 11
3 1 25
40 1 67
53 1 52
45 2 44
69 1 48
41 2 48
18 1 17
23 1 24
21 1 29
45 1 30
17 1 63
48 1 19
37 1 19
40 1 6
30 1 20
5 2 34
33 1 26
3 1 5
21 1 5
61 1 19
43 2 48
14 1 13
12 2 20
1 2 38
45 1 8
19 1 5
3 5 1
55 1 51
18 2 23
44 1 23
28 1 27
1 2 25
16 1 1
45 1 23
1 1 38
24 2 44
3 2 5
44 1 13
2 1 1
21 1 1
23 1 12
17 1 14
14 1 1
21 1 34
23 1 44
40 1 2
2 2 6
44 1 1
20 2 22
4 2 42
3 2 18
50 2 23
22 1 19
1 2 30
13 1 3
1 2 23
4 2 32
63 1 3
29 2 5
3 1 1
44 1 9
11 1 41
27 2 26
1 1 4
6 1 1
19 1 29
41 1 14
1 2 33
5 2 29
1 2 28
11 1 3
20 1 21
11 1 10
70 1 30
48 2 61
14 1 10
45 1 13
17 1 11
3 1 38
25 2 23
96 1 3
37 1 21
9 2 13
34 1 1
51 2 30
50 1 61
48 1 21
12 1 14
5 2 1
1 2 63
1 2 37
3 2 43
39 2 67
10 2 1
23 1 22
30 1 12
16 1 11
43 2 51
44 1 3
48 2 52
44 1 30
8 2 9
14 1 43
1 2 43
21 1 4
51 2 72
44 1 10
24 1 18
19 1 34
27 1 21
4 2 1
40 1 39
73 1 51
50 1 48
? 1 github_java_program_data/26/459.java

14 1 10
1 2 4
3 2 33
53 1 48
70 1 23
50 2 30
28 1 26
3 2 37
29 1 1
34 1 33
18 1 16
52 1 23
26 1 21
54 1 69
10 1 3
50 1 43
21 1 32
1 2 18
41 1 21
6 2 39
69 1 75
41 2 51
13 2 1
3 2 28
3 5 1
23 1 44
19 1 4
22 1 21
11 1 1
22 2 54
14 1 3
4 2 32
41 1 11
1 1 3
69 2 23
54 1 23
11 1 43
69 1 43
5 2 32
75 1 21
3 4 1
11 1 13
43 1 21
1 1 37
3 2 41
69 1 41
43 1 11
10 2 3
33 1 26
9 2 10
41 1 19
13 2 3
69 1 51
14 1 1
70 1 50
38 1 19
21 1 3
50 1 51
23 1 20
26 1 19
48 2 52
33 1 27
1 5 3
30 1 54
39 1 23
43 1 19
14 1 41
3 1 4
29 1 3
43 1 14
54 2 70
1 2 41
10 1 1
44 1 18
50 1 41
19 1 42
69 2 30
5 2 3
30 1 22
1 1 5
20 1 19
15 2 20
44 1 8
39 1 1
12 2 15
29 1 28
54 1 30
54 1 50
50 2 23
3 1 1
38 1 21
30 1 53
18 2 30
1 2 5
11 1 3
21 1 42
48 1 21
30 1 15
51 2 75
15 1 11
69 1 48
41 2 48
4 2 3
1 4 3
34 1 3
5 2 42
48 1 19
37 1 19
40 1 6
30 1 20
21 1 29
3 1 5
21 1 5
61 1 19
43 2 48
19 1 1
12 2 20
1 2 38
51 2 61
19 1 5
51 1 19
1 1 38
3 2 5
44 1 9
21 1 1
23 1 12
44 1 30
19 1 32
27 1 19
4 2 29
21 1 34
3 2 4
70 1 69
3 1 37
44 1 1
20 2 22
4 2 42
30 1 70
22 1 19
13 1 3
1 2 23
19 1 3
70 2 22
11 1 41
1 1 4
19 1 29
41 1 14
1 2 33
5 2 29
1 2 28
20 1 21
70 1 30
48 2 61
51 1 21
48 2 75
3 1 38
37 1 21
34 1 1
50 1 61
12 1 14
5 2 1
1 2 37
3 7 1
10 2 1
23 1 22
53 1 52
30 1 12
16 1 11
43 2 51
13 1 1
1 7 3
8 2 9
14 1 43
20 2 54
1 2 43
21 1 4
44 1 10
19 1 34
75 1 19
4 2 1
40 1 39
6 1 3
50 1 48
? 1 github_java_program_data/26/465.java

51 1 21
1 2 4
3 2 33
4 2 3
3 7 1
70 1 23
23 1 53
28 1 26
3 2 37
29 1 1
34 1 33
18 1 16
26 1 21
54 1 69
10 1 3
50 1 43
21 1 32
41 1 21
3 1 4
69 1 75
13 2 1
3 2 28
3 5 1
9 2 8
19 1 4
22 1 21
11 1 1
15 2 12
32 2 4
52 1 30
14 1 3
23 1 15
4 2 32
8 2 10
1 1 3
54 1 23
3 2 30
11 1 43
69 1 43
75 1 21
70 1 50
43 1 21
1 1 37
3 2 41
43 1 11
10 2 3
30 1 44
3 2 4
41 1 19
13 2 3
69 1 51
27 1 19
11 1 13
39 1 30
38 1 19
21 1 3
23 1 20
26 1 19
13 1 1
33 1 27
1 5 3
30 1 22
3 1 37
43 1 19
14 1 41
6 2 39
29 1 3
43 1 14
1 2 41
10 1 1
44 1 18
19 1 42
69 2 30
5 2 3
3 2 38
1 1 5
6 1 3
44 1 8
15 1 11
23 1 22
29 1 28
54 1 30
4 2 5
54 1 50
50 2 23
3 1 1
38 1 21
11 1 3
54 2 20
21 1 42
48 1 21
51 2 75
3 4 1
39 1 8
1 4 3
19 1 5
5 2 42
37 1 19
40 1 6
30 1 20
21 1 29
3 1 5
21 1 5
51 2 52
61 1 19
43 2 48
19 1 1
23 1 54
51 1 19
34 1 3
7 1 3
18 2 23
44 1 23
32 2 5
12 2 22
1 1 38
3 2 5
44 1 9
5 2 4
20 1 19
21 1 1
23 1 12
14 1 1
1 1 4
21 1 34
12 1 11
1 2 5
20 2 22
4 2 42
3 2 18
30 1 70
22 1 19
13 1 3
53 1 51
19 1 3
7 2 6
40 1 7
22 2 20
6 1 1
19 1 29
11 1 41
48 2 61
1 2 28
20 1 21
44 1 10
5 2 29
14 1 10
1 2 33
3 1 38
6 2 7
37 1 21
34 1 1
50 1 61
15 2 54
12 1 14
5 2 1
1 2 37
10 2 1
12 2 15
53 1 52
30 1 12
16 1 11
39 1 3
43 2 51
44 1 3
1 7 3
1 2 43
21 1 4
8 2 3
19 1 34
4 2 1
40 1 39
50 1 48
19 1 32
? 1 github_java_program_data/26/471.java

52 2 57
34 2 4
14 1 10
3 7 1
1 2 4
3 2 33
4 2 3
39 1 23
8 2 10
23 1 53
50 2 30
28 1 26
3 2 37
29 1 1
45 1 30
25 1 17
34 1 33
18 1 16
52 1 23
26 1 21
9 2 8
3 2 38
10 1 3
15 2 22
50 1 43
21 1 32
41 1 21
20 2 15
69 1 75
72 1 23
13 2 1
3 2 28
3 5 1
20 2 12
45 1 3
23 1 44
40 1 6
19 1 4
22 1 21
26 2 27
11 1 1
22 2 15
15 2 12
32 2 4
44 2 45
48 2 23
22 2 54
39 1 3
14 1 3
23 1 15
15 1 14
19 1 32
13 1 3
2 2 6
1 1 3
7 2 39
54 1 23
79 2 58
79 1 48
11 1 43
69 1 43
19 1 46
5 2 32
75 1 21
30 1 58
3 4 1
11 1 13
23 1 45
20 2 58
43 1 21
1 1 37
3 2 41
23 1 73
45 1 9
34 2 5
33 1 26
9 2 10
41 1 19
58 6 44
32 2 5
10 2 3
42 2 5
17 1 14
14 1 1
20 2 73
38 1 19
48 2 75
69 2 30
4 2 42
50 1 51
23 1 20
53 2 22
26 1 19
15 2 55
13 1 1
51 2 23
25 2 30
33 1 27
1 5 3
30 1 54
3 1 37
43 1 19
14 1 41
3 1 4
21 1 47
43 2 48
30 1 79
29 1 3
43 1 14
72 1 30
1 2 41
10 1 1
44 1 18
47 1 25
15 2 54
19 1 42
3 2 43
21 1 3
61 1 21
30 1 22
1 1 5
20 1 19
51 2 61
47 1 23
15 2 20
44 1 8
15 1 11
12 2 15
15 2 45
7 1 1
29 1 28
54 1 30
4 2 5
54 1 50
22 2 12
29 2 4
56 1 21
1 2 5
3 2 23
56 6 45
3 1 1
38 1 21
30 1 53
18 2 30
19 1 1
73 1 72
14 1 9
21 1 42
48 1 21
45 1 8
53 1 52
45 2 44
69 1 48
44 2 12
12 2 79
58 1 21
39 1 8
1 4 3
19 1 5
5 2 42
48 1 19
37 1 19
46 1 18
30 1 20
58 6 45
5 2 34
53 1 57
16 1 14
21 1 29
3 1 5
48 2 72
21 1 5
51 2 52
61 1 19
46 1 23
14 1 13
23 1 54
12 2 20
2 1 3
1 2 38
23 1 70
34 1 3
55 1 51
18 2 23
51 1 19
28 1 27
44 1 13
13 2 3
1 2 25
12 2 22
1 1 38
3 2 5
11 2 14
11 1 8
44 1 9
5 2 4
30 1 56
22 2 70
21 1 1
23 1 12
44 1 30
27 1 19
55 2 56
22 2 20
21 1 34
3 2 4
70 1 69
73 1 48
40 1 2
54 2 22
23 1 56
50 2 23
45 1 10
20 2 22
79 1 23
3 2 18
22 1 19
55 1 23
53 1 51
4 2 32
29 2 5
19 1 3
3 2 25
40 1 7
1 1 4
8 2 13
5 2 3
19 1 29
42 2 4
11 1 41
5 2 29
1 2 28
11 1 3
20 1 21
4 2 34
11 1 10
44 1 10
48 2 61
51 1 21
1 2 33
17 1 11
3 1 38
25 2 23
6 2 7
37 1 21
30 1 73
22 2 56
34 1 1
50 1 61
12 1 11
12 1 14
5 2 1
1 2 37
30 1 15
10 2 1
23 1 22
30 1 12
16 1 11
30 1 55
43 2 51
44 1 3
45 1 1
1 7 3
14 1 43
57 1 30
1 2 43
21 1 4
45 1 25
70 1 30
8 2 3
19 1 34
27 1 21
4 2 1
40 1 39
6 1 3
50 1 48
? 1 github_java_program_data/26/490.java

61 1 21
1 2 4
3 2 33
4 2 3
53 1 48
8 2 10
44 2 45
50 2 30
28 1 26
25 1 17
34 1 33
3 2 4
52 1 23
26 1 21
54 1 69
33 1 27
1 1 3
19 1 42
21 1 32
12 2 70
41 1 21
69 1 75
41 2 51
13 2 1
3 5 1
3 2 25
9 2 8
19 1 4
22 1 21
11 1 1
30 1 21
14 1 3
23 1 15
15 1 14
4 2 32
70 2 54
69 1 51
41 1 11
7 2 39
3 2 28
11 1 43
5 2 32
11 1 13
10 1 1
43 1 21
1 1 37
69 1 41
43 1 11
10 2 3
30 1 44
18 1 16
41 1 19
32 2 5
17 1 14
14 1 1
70 1 50
39 1 30
38 1 19
21 1 3
50 1 51
23 1 20
26 1 19
48 2 52
10 1 3
1 5 3
3 1 37
43 1 19
14 1 13
3 1 4
29 1 3
9 2 10
1 2 41
15 2 20
44 1 18
50 1 41
50 1 43
69 2 30
5 2 3
3 2 38
1 1 5
20 1 19
30 1 45
44 1 8
39 1 1
29 1 28
54 1 30
54 1 50
22 2 12
50 2 23
3 1 1
38 1 21
30 1 53
11 1 3
21 1 42
12 1 11
23 1 70
51 2 75
3 4 1
41 2 48
39 1 8
1 4 3
34 1 3
48 1 19
37 1 19
40 1 6
30 1 20
19 1 30
21 1 29
3 1 5
21 1 5
45 1 9
19 1 1
23 1 54
1 2 38
44 1 23
51 2 61
19 1 5
7 1 3
18 2 23
51 1 19
1 2 64
13 2 3
45 1 23
3 2 5
44 1 9
45 1 3
21 1 1
23 1 12
8 2 1
19 1 32
27 1 19
21 1 34
45 1 65
21 2 19
1 2 5
45 1 10
20 2 22
4 2 42
65 1 3
3 2 18
22 1 19
64 1 63
13 1 3
63 1 3
19 1 3
11 1 41
40 1 7
1 1 4
19 1 29
41 1 14
64 2 30
48 2 61
20 1 21
11 1 10
44 1 10
75 1 19
51 1 21
3 7 1
30 1 19
3 1 38
25 2 23
6 2 7
37 1 21
50 1 61
48 1 21
65 2 9
5 2 1
1 2 37
3 2 43
10 2 1
23 1 22
70 1 23
53 1 52
16 1 11
43 2 51
44 1 3
13 1 1
1 7 3
14 1 43
19 2 21
39 1 64
1 2 43
21 1 4
45 1 25
4 2 1
40 1 39
6 1 3
50 1 48
? 1 github_java_program_data/26/498.java

51 1 21
3 7 1
1 2 4
3 2 33
4 2 3
53 1 48
69 1 51
44 2 45
50 2 30
3 2 37
29 1 1
25 1 17
34 1 33
18 1 16
52 1 23
26 1 21
9 2 8
10 2 3
54 1 69
10 1 3
19 1 42
21 1 32
12 2 70
41 1 21
3 1 4
69 1 75
72 1 23
13 2 1
30 1 54
3 5 1
44 1 3
45 1 3
19 1 4
22 1 21
11 1 1
30 1 21
11 1 41
15 2 12
14 1 3
23 1 15
15 1 14
4 2 32
8 2 10
1 1 3
3 2 28
11 1 43
5 2 32
8 2 13
70 1 50
23 1 45
6 2 39
43 1 21
1 1 37
3 2 25
3 2 41
69 1 41
45 1 9
21 1 29
41 1 19
13 2 3
17 1 14
14 1 1
11 1 13
38 1 19
69 2 30
61 1 21
26 1 19
13 1 1
1 5 3
30 1 22
3 1 37
43 1 19
14 1 41
56 1 19
29 1 3
1 2 41
10 1 1
44 1 18
50 1 41
14 1 13
21 1 3
5 2 3
3 2 38
1 1 5
20 1 19
30 1 74
15 2 20
39 1 23
44 1 8
39 1 1
12 2 15
29 1 28
54 1 30
21 2 19
70 2 56
1 2 5
3 1 1
38 1 21
30 1 53
18 2 30
11 1 3
56 6 44
21 1 42
12 1 11
23 1 70
51 2 75
15 1 11
3 4 1
41 2 48
39 1 8
1 4 3
34 1 3
41 1 11
5 2 42
48 1 19
37 1 19
40 1 6
30 1 20
19 1 30
5 2 34
16 1 14
33 1 26
3 1 5
21 1 5
19 1 1
1 2 38
45 1 8
19 1 5
18 2 23
44 1 23
28 1 27
45 1 23
1 1 38
3 2 5
11 1 8
44 1 9
23 1 20
21 1 1
23 1 12
44 1 30
8 2 1
27 1 19
4 2 29
21 1 34
3 2 4
23 1 44
73 2 74
45 2 44
23 1 56
45 1 10
20 2 22
4 2 42
3 2 18
20 2 53
14 1 43
22 1 19
13 1 3
1 2 23
19 1 3
22 2 15
1 1 4
19 1 29
41 1 14
48 2 61
23 1 71
73 1 72
20 1 21
11 1 10
70 1 30
75 1 19
14 1 10
1 2 33
30 1 19
3 1 38
25 2 23
37 1 21
30 1 73
54 2 73
34 1 1
50 1 61
41 2 51
1 2 28
12 1 14
5 2 1
1 2 37
3 2 43
10 2 1
23 1 22
53 1 52
16 1 11
11 1 9
48 2 52
1 7 3
44 1 13
19 2 21
1 2 43
21 1 4
51 2 72
45 1 25
12 2 44
44 1 10
19 1 34
27 1 21
4 2 1
40 1 39
50 1 48
73 1 51
6 1 3
19 1 32
? 1 github_java_program_data/26/510.java

52 2 57
34 2 4
14 1 10
3 7 1
1 2 4
3 2 33
4 2 3
39 1 23
8 2 10
23 1 53
50 2 30
28 1 26
3 2 37
29 1 1
45 1 30
25 1 17
34 1 33
18 1 16
52 1 23
26 1 21
9 2 8
3 2 38
10 1 3
15 2 22
50 1 43
21 1 32
41 1 21
20 2 15
69 1 75
72 1 23
13 2 1
3 2 28
3 5 1
20 2 12
45 1 3
23 1 44
40 1 6
19 1 4
22 1 21
26 2 27
11 1 1
22 2 15
15 2 12
32 2 4
44 2 45
48 2 23
22 2 54
39 1 3
14 1 3
23 1 15
15 1 14
19 1 32
13 1 3
2 2 6
1 1 3
7 2 39
54 1 23
79 2 58
79 1 48
11 1 43
69 1 43
19 1 46
5 2 32
75 1 21
30 1 58
3 4 1
11 1 13
23 1 45
20 2 58
43 1 21
1 1 37
3 2 41
23 1 73
45 1 9
34 2 5
33 1 26
9 2 10
41 1 19
58 6 44
32 2 5
10 2 3
42 2 5
17 1 14
14 1 1
20 2 73
38 1 19
48 2 75
69 2 30
4 2 42
50 1 51
23 1 20
53 2 22
26 1 19
15 2 55
13 1 1
51 2 23
25 2 30
33 1 27
1 5 3
30 1 54
3 1 37
43 1 19
14 1 41
3 1 4
21 1 47
43 2 48
30 1 79
29 1 3
43 1 14
72 1 30
1 2 41
10 1 1
44 1 18
47 1 25
15 2 54
19 1 42
3 2 43
21 1 3
61 1 21
30 1 22
1 1 5
20 1 19
51 2 61
47 1 23
15 2 20
44 1 8
15 1 11
12 2 15
15 2 45
7 1 1
29 1 28
54 1 30
4 2 5
54 1 50
22 2 12
29 2 4
56 1 21
1 2 5
3 2 23
56 6 45
3 1 1
38 1 21
30 1 53
18 2 30
19 1 1
73 1 72
14 1 9
21 1 42
48 1 21
45 1 8
53 1 52
45 2 44
69 1 48
44 2 12
12 2 79
58 1 21
39 1 8
1 4 3
19 1 5
5 2 42
48 1 19
37 1 19
46 1 18
30 1 20
58 6 45
5 2 34
53 1 57
16 1 14
21 1 29
3 1 5
48 2 72
21 1 5
51 2 52
61 1 19
46 1 23
14 1 13
23 1 54
12 2 20
2 1 3
1 2 38
23 1 70
34 1 3
55 1 51
18 2 23
51 1 19
28 1 27
44 1 13
13 2 3
1 2 25
12 2 22
1 1 38
3 2 5
11 2 14
11 1 8
44 1 9
5 2 4
30 1 56
22 2 70
21 1 1
23 1 12
44 1 30
27 1 19
55 2 56
22 2 20
21 1 34
3 2 4
70 1 69
73 1 48
40 1 2
54 2 22
23 1 56
50 2 23
45 1 10
20 2 22
79 1 23
3 2 18
22 1 19
55 1 23
53 1 51
4 2 32
29 2 5
19 1 3
3 2 25
40 1 7
1 1 4
8 2 13
5 2 3
19 1 29
42 2 4
11 1 41
5 2 29
1 2 28
11 1 3
20 1 21
4 2 34
11 1 10
44 1 10
48 2 61
51 1 21
1 2 33
17 1 11
3 1 38
25 2 23
6 2 7
37 1 21
30 1 73
22 2 56
34 1 1
50 1 61
12 1 11
12 1 14
5 2 1
1 2 37
30 1 15
10 2 1
23 1 22
30 1 12
16 1 11
30 1 55
43 2 51
44 1 3
45 1 1
1 7 3
14 1 43
57 1 30
1 2 43
21 1 4
45 1 25
70 1 30
8 2 3
19 1 34
27 1 21
4 2 1
40 1 39
6 1 3
50 1 48
? 1 github_java_program_data/26/519.java

61 1 21
51 1 21
3 7 1
1 2 4
3 2 33
4 2 3
1 2 33
8 2 10
23 1 53
28 1 26
3 2 37
29 1 1
34 1 33
3 2 4
26 1 21
54 1 69
33 1 27
50 1 43
21 1 32
1 2 18
41 1 21
20 2 15
69 1 75
18 1 16
13 2 1
3 5 1
9 2 8
70 1 69
19 1 4
22 1 21
11 1 1
70 1 23
15 2 12
52 1 30
14 1 3
15 1 14
19 1 32
41 1 11
1 1 3
69 2 23
54 1 23
30 1 22
11 1 43
69 1 43
75 1 21
3 4 1
70 1 50
6 2 39
43 1 21
1 1 37
54 2 15
3 2 41
43 1 11
10 2 3
33 1 26
41 1 19
13 2 3
69 1 51
27 1 19
11 1 13
38 1 19
21 1 3
23 1 20
26 1 19
13 1 1
10 1 3
1 5 3
30 1 54
39 1 23
43 1 19
14 1 41
3 1 4
13 1 3
43 1 14
1 2 41
10 1 1
44 1 18
50 1 41
69 2 30
5 2 3
3 2 38
1 1 5
6 1 3
44 1 8
39 1 1
29 1 28
54 1 30
54 1 50
50 2 23
3 1 1
38 1 21
18 2 30
1 2 5
11 1 3
21 1 42
15 2 54
30 1 15
51 2 75
15 1 11
69 1 48
41 2 48
39 1 8
1 4 3
19 1 5
48 1 19
37 1 19
40 1 6
30 1 20
21 1 29
3 1 5
21 1 5
51 2 52
61 1 19
43 2 48
19 1 1
12 2 20
1 2 38
34 1 3
51 1 19
28 1 27
22 2 70
12 2 22
1 1 38
3 2 5
44 1 9
20 1 19
21 1 1
44 1 30
8 2 1
14 1 1
4 2 29
1 1 4
21 1 34
23 1 44
3 1 37
54 2 22
44 1 1
20 2 22
30 1 70
22 1 19
53 1 51
19 1 3
22 2 20
19 1 29
11 1 41
48 2 61
1 2 28
20 1 21
4 2 34
44 1 10
14 1 10
48 2 75
3 1 38
37 1 21
1 2 23
34 1 1
50 1 61
48 1 21
12 1 14
5 2 1
1 2 37
3 2 43
10 2 1
23 1 22
53 1 52
30 1 12
16 1 11
43 2 51
1 7 3
14 1 43
20 2 54
1 2 43
21 1 4
19 1 34
27 1 21
4 2 1
40 1 39
50 1 48
4 2 32
? 1 github_java_program_data/26/537.java

14 1 10
1 2 4
3 2 33
4 2 3
39 1 23
1 4 3
70 1 23
44 2 45
50 2 30
28 1 26
3 2 37
29 1 1
45 1 30
25 1 17
34 1 33
3 2 4
52 1 23
26 1 21
9 2 8
10 2 3
54 1 69
33 1 27
50 1 43
21 1 32
41 1 21
69 1 75
23 1 19
11 1 49
1 2 68
30 1 54
3 5 1
11 2 14
53 1 48
23 1 44
19 1 4
22 1 21
26 2 27
11 1 1
29 1 3
22 2 54
39 1 3
14 1 3
15 1 14
4 2 32
8 2 10
1 1 3
69 2 23
3 2 28
5 2 32
8 2 13
70 1 50
23 1 45
43 1 21
1 1 37
14 1 68
3 2 41
69 1 41
43 1 11
45 1 9
18 1 16
41 1 19
13 2 3
69 1 51
14 1 1
11 1 13
25 1 16
38 1 19
69 2 30
61 1 21
26 1 19
13 1 1
25 2 30
10 1 3
1 5 3
30 1 22
3 1 37
14 1 41
3 1 4
13 1 3
10 1 1
44 1 18
19 1 42
21 1 3
5 2 3
3 2 38
1 1 5
20 1 19
44 1 8
15 1 11
29 1 28
54 1 30
2 2 39
54 1 50
17 2 16
1 2 5
3 2 23
3 1 1
38 1 21
30 1 53
18 2 30
19 1 1
11 1 3
54 2 20
30 1 12
21 1 42
48 1 21
30 1 15
53 1 52
3 4 1
39 1 8
21 1 29
34 1 3
5 2 42
48 1 19
37 1 19
30 1 20
13 2 1
16 1 14
33 1 26
3 1 5
21 1 5
43 2 48
14 1 13
23 1 54
12 2 20
1 2 38
45 1 8
19 1 5
14 2 11
28 1 27
1 2 25
22 2 70
21 1 23
1 1 38
3 2 5
44 1 9
23 1 20
2 1 1
15 2 70
21 1 1
44 1 30
19 1 32
27 1 19
22 2 20
21 1 34
70 1 69
21 2 19
40 1 2
50 2 23
20 2 22
4 2 42
3 2 18
30 1 70
3 2 49
22 1 19
19 1 3
1 1 4
19 1 29
41 1 14
1 2 33
48 2 61
1 2 28
23 1 21
20 1 21
11 1 10
44 1 10
75 1 19
51 1 21
45 1 13
68 1 19
17 1 11
3 1 38
37 1 21
34 1 1
50 1 61
41 2 51
12 1 14
5 2 1
1 2 37
3 7 1
10 2 1
23 1 22
51 2 75
49 1 19
16 1 11
44 1 3
45 1 1
48 2 52
1 7 3
19 2 21
20 2 54
21 1 4
45 1 25
8 2 3
19 1 34
27 1 21
4 2 1
40 1 39
50 1 48
? 1 github_java_program_data/26/543.java

52 2 57
34 2 4
14 1 10
3 7 1
1 2 4
3 2 33
4 2 3
39 1 23
8 2 10
23 1 53
50 2 30
28 1 26
3 2 37
29 1 1
45 1 30
25 1 17
34 1 33
18 1 16
52 1 23
26 1 21
9 2 8
3 2 38
10 1 3
15 2 22
50 1 43
21 1 32
41 1 21
20 2 15
69 1 75
72 1 23
13 2 1
3 2 28
3 5 1
20 2 12
45 1 3
23 1 44
40 1 6
19 1 4
22 1 21
26 2 27
11 1 1
22 2 15
15 2 12
32 2 4
44 2 45
48 2 23
22 2 54
39 1 3
14 1 3
23 1 15
15 1 14
19 1 32
13 1 3
2 2 6
1 1 3
7 2 39
54 1 23
79 2 58
79 1 48
11 1 43
69 1 43
19 1 46
5 2 32
75 1 21
30 1 58
3 4 1
11 1 13
23 1 45
20 2 58
43 1 21
1 1 37
3 2 41
23 1 73
45 1 9
34 2 5
33 1 26
9 2 10
41 1 19
58 6 44
32 2 5
10 2 3
42 2 5
17 1 14
14 1 1
20 2 73
38 1 19
48 2 75
69 2 30
4 2 42
50 1 51
23 1 20
53 2 22
26 1 19
15 2 55
13 1 1
51 2 23
25 2 30
33 1 27
1 5 3
30 1 54
3 1 37
43 1 19
14 1 41
3 1 4
21 1 47
43 2 48
30 1 79
29 1 3
43 1 14
72 1 30
1 2 41
10 1 1
44 1 18
47 1 25
15 2 54
19 1 42
3 2 43
21 1 3
61 1 21
30 1 22
1 1 5
20 1 19
51 2 61
47 1 23
15 2 20
44 1 8
15 1 11
12 2 15
15 2 45
7 1 1
29 1 28
54 1 30
4 2 5
54 1 50
22 2 12
29 2 4
56 1 21
1 2 5
3 2 23
56 6 45
3 1 1
38 1 21
30 1 53
18 2 30
19 1 1
73 1 72
14 1 9
21 1 42
48 1 21
45 1 8
53 1 52
45 2 44
69 1 48
44 2 12
12 2 79
58 1 21
39 1 8
1 4 3
19 1 5
5 2 42
48 1 19
37 1 19
46 1 18
30 1 20
58 6 45
5 2 34
53 1 57
16 1 14
21 1 29
3 1 5
48 2 72
21 1 5
51 2 52
61 1 19
46 1 23
14 1 13
23 1 54
12 2 20
2 1 3
1 2 38
23 1 70
34 1 3
55 1 51
18 2 23
51 1 19
28 1 27
44 1 13
13 2 3
1 2 25
12 2 22
1 1 38
3 2 5
11 2 14
11 1 8
44 1 9
5 2 4
30 1 56
22 2 70
21 1 1
23 1 12
44 1 30
27 1 19
55 2 56
22 2 20
21 1 34
3 2 4
70 1 69
73 1 48
40 1 2
54 2 22
23 1 56
50 2 23
45 1 10
20 2 22
79 1 23
3 2 18
22 1 19
55 1 23
53 1 51
4 2 32
29 2 5
19 1 3
3 2 25
40 1 7
1 1 4
8 2 13
5 2 3
19 1 29
42 2 4
11 1 41
5 2 29
1 2 28
11 1 3
20 1 21
4 2 34
11 1 10
44 1 10
48 2 61
51 1 21
1 2 33
17 1 11
3 1 38
25 2 23
6 2 7
37 1 21
30 1 73
22 2 56
34 1 1
50 1 61
12 1 11
12 1 14
5 2 1
1 2 37
30 1 15
10 2 1
23 1 22
30 1 12
16 1 11
30 1 55
43 2 51
44 1 3
45 1 1
1 7 3
14 1 43
57 1 30
1 2 43
21 1 4
45 1 25
70 1 30
8 2 3
19 1 34
27 1 21
4 2 1
40 1 39
6 1 3
50 1 48
? 1 github_java_program_data/26/55.java

52 2 57
34 2 4
14 1 10
3 7 1
1 2 4
3 2 33
4 2 3
39 1 23
8 2 10
23 1 53
50 2 30
28 1 26
3 2 37
29 1 1
45 1 30
25 1 17
34 1 33
18 1 16
52 1 23
26 1 21
9 2 8
3 2 38
10 1 3
15 2 22
50 1 43
21 1 32
41 1 21
20 2 15
69 1 75
72 1 23
13 2 1
3 2 28
3 5 1
20 2 12
45 1 3
23 1 44
40 1 6
19 1 4
22 1 21
26 2 27
11 1 1
22 2 15
15 2 12
32 2 4
44 2 45
48 2 23
22 2 54
39 1 3
14 1 3
23 1 15
15 1 14
19 1 32
13 1 3
2 2 6
1 1 3
7 2 39
54 1 23
79 2 58
79 1 48
11 1 43
69 1 43
19 1 46
5 2 32
75 1 21
30 1 58
3 4 1
11 1 13
23 1 45
20 2 58
43 1 21
1 1 37
3 2 41
23 1 73
45 1 9
34 2 5
33 1 26
9 2 10
41 1 19
58 6 44
32 2 5
10 2 3
42 2 5
17 1 14
14 1 1
20 2 73
38 1 19
48 2 75
69 2 30
4 2 42
50 1 51
23 1 20
53 2 22
26 1 19
15 2 55
13 1 1
51 2 23
25 2 30
33 1 27
1 5 3
30 1 54
3 1 37
43 1 19
14 1 41
3 1 4
21 1 47
43 2 48
30 1 79
29 1 3
43 1 14
72 1 30
1 2 41
10 1 1
44 1 18
47 1 25
15 2 54
19 1 42
3 2 43
21 1 3
61 1 21
30 1 22
1 1 5
20 1 19
51 2 61
47 1 23
15 2 20
44 1 8
15 1 11
12 2 15
15 2 45
7 1 1
29 1 28
54 1 30
4 2 5
54 1 50
22 2 12
29 2 4
56 1 21
1 2 5
3 2 23
56 6 45
3 1 1
38 1 21
30 1 53
18 2 30
19 1 1
73 1 72
14 1 9
21 1 42
48 1 21
45 1 8
53 1 52
45 2 44
69 1 48
44 2 12
12 2 79
58 1 21
39 1 8
1 4 3
19 1 5
5 2 42
48 1 19
37 1 19
46 1 18
30 1 20
58 6 45
5 2 34
53 1 57
16 1 14
21 1 29
3 1 5
48 2 72
21 1 5
51 2 52
61 1 19
46 1 23
14 1 13
23 1 54
12 2 20
2 1 3
1 2 38
23 1 70
34 1 3
55 1 51
18 2 23
51 1 19
28 1 27
44 1 13
13 2 3
1 2 25
12 2 22
1 1 38
3 2 5
11 2 14
11 1 8
44 1 9
5 2 4
30 1 56
22 2 70
21 1 1
23 1 12
44 1 30
27 1 19
55 2 56
22 2 20
21 1 34
3 2 4
70 1 69
73 1 48
40 1 2
54 2 22
23 1 56
50 2 23
45 1 10
20 2 22
79 1 23
3 2 18
22 1 19
55 1 23
53 1 51
4 2 32
29 2 5
19 1 3
3 2 25
40 1 7
1 1 4
8 2 13
5 2 3
19 1 29
42 2 4
11 1 41
5 2 29
1 2 28
11 1 3
20 1 21
4 2 34
11 1 10
44 1 10
48 2 61
51 1 21
1 2 33
17 1 11
3 1 38
25 2 23
6 2 7
37 1 21
30 1 73
22 2 56
34 1 1
50 1 61
12 1 11
12 1 14
5 2 1
1 2 37
30 1 15
10 2 1
23 1 22
30 1 12
16 1 11
30 1 55
43 2 51
44 1 3
45 1 1
1 7 3
14 1 43
57 1 30
1 2 43
21 1 4
45 1 25
70 1 30
8 2 3
19 1 34
27 1 21
4 2 1
40 1 39
6 1 3
50 1 48
? 1 github_java_program_data/26/577.java

14 1 10
3 7 1
1 2 4
3 2 33
4 2 3
53 1 48
70 1 23
44 2 45
1 4 3
28 1 26
3 2 37
29 1 1
25 1 17
34 1 33
3 2 4
52 1 23
26 1 21
9 2 8
54 1 69
10 1 3
45 1 8
15 2 22
19 1 42
21 1 32
1 2 18
12 2 70
41 1 21
69 1 75
8 2 10
23 1 19
41 2 51
13 2 1
30 1 54
3 2 28
3 5 1
3 2 25
45 1 3
19 1 4
22 1 21
11 1 1
39 1 3
14 1 3
23 1 15
15 1 14
19 1 32
69 1 51
1 1 3
54 1 23
11 1 43
5 2 32
8 2 13
34 1 3
70 1 50
23 1 45
43 1 21
1 1 37
3 2 41
69 1 41
43 1 11
10 2 3
18 1 16
41 1 19
13 2 3
17 1 14
14 1 1
11 1 13
38 1 19
21 1 3
50 1 51
61 1 21
26 1 19
48 2 52
25 2 30
1 5 3
30 1 22
2 1 1
43 1 19
14 1 13
3 1 4
29 1 3
9 2 10
1 2 41
10 1 1
44 1 18
50 1 41
50 1 43
69 2 30
5 2 3
3 2 38
1 1 5
20 1 19
15 2 20
39 1 23
44 1 8
15 1 11
12 2 15
29 1 28
54 1 30
2 2 39
54 1 50
50 2 23
3 2 23
3 1 1
38 1 21
30 1 53
18 2 30
1 2 5
11 1 3
21 1 42
12 1 11
30 1 15
51 2 75
45 2 44
3 4 1
41 2 48
39 1 8
21 1 29
45 1 30
41 1 11
5 2 42
48 1 19
37 1 19
30 1 20
16 1 14
33 1 26
3 1 5
21 1 5
19 1 1
23 1 54
1 2 38
51 2 61
19 1 5
51 1 19
28 1 27
21 1 23
1 1 38
3 2 5
44 1 9
23 1 20
21 1 1
44 1 30
27 1 19
22 2 20
21 1 34
23 1 44
21 2 19
40 1 2
3 1 37
14 1 41
44 1 1
45 1 10
20 2 22
4 2 42
3 2 18
30 1 70
14 1 43
22 1 19
13 1 3
19 1 3
41 1 14
1 1 4
19 1 29
11 1 41
48 2 61
1 2 28
23 1 21
20 1 21
4 2 34
11 1 10
44 1 10
75 1 19
51 1 21
1 2 33
3 1 38
37 1 21
34 1 1
50 1 61
48 1 21
12 1 14
5 2 1
1 2 37
3 2 43
10 2 1
23 1 22
53 1 52
30 1 12
16 1 11
43 2 51
44 1 3
13 1 1
1 7 3
44 1 13
19 2 21
1 2 43
21 1 4
45 1 25
8 2 3
4 2 1
40 1 39
50 1 48
4 2 32
? 1 github_java_program_data/26/603.java

52 2 57
34 2 4
14 1 10
3 7 1
1 2 4
3 2 33
4 2 3
39 1 23
8 2 10
23 1 53
50 2 30
28 1 26
3 2 37
29 1 1
45 1 30
25 1 17
34 1 33
18 1 16
52 1 23
26 1 21
9 2 8
3 2 38
10 1 3
15 2 22
50 1 43
21 1 32
41 1 21
20 2 15
69 1 75
72 1 23
13 2 1
3 2 28
3 5 1
20 2 12
45 1 3
23 1 44
40 1 6
19 1 4
22 1 21
26 2 27
11 1 1
22 2 15
15 2 12
32 2 4
44 2 45
48 2 23
22 2 54
39 1 3
14 1 3
23 1 15
15 1 14
19 1 32
13 1 3
2 2 6
1 1 3
7 2 39
54 1 23
79 2 58
79 1 48
11 1 43
69 1 43
19 1 46
5 2 32
75 1 21
30 1 58
3 4 1
11 1 13
23 1 45
20 2 58
43 1 21
1 1 37
3 2 41
23 1 73
45 1 9
34 2 5
33 1 26
9 2 10
41 1 19
58 6 44
32 2 5
10 2 3
42 2 5
17 1 14
14 1 1
20 2 73
38 1 19
48 2 75
69 2 30
4 2 42
50 1 51
23 1 20
53 2 22
26 1 19
15 2 55
13 1 1
51 2 23
25 2 30
33 1 27
1 5 3
30 1 54
3 1 37
43 1 19
14 1 41
3 1 4
21 1 47
43 2 48
30 1 79
29 1 3
43 1 14
72 1 30
1 2 41
10 1 1
44 1 18
47 1 25
15 2 54
19 1 42
3 2 43
21 1 3
61 1 21
30 1 22
1 1 5
20 1 19
51 2 61
47 1 23
15 2 20
44 1 8
15 1 11
12 2 15
15 2 45
7 1 1
29 1 28
54 1 30
4 2 5
54 1 50
22 2 12
29 2 4
56 1 21
1 2 5
3 2 23
56 6 45
3 1 1
38 1 21
30 1 53
18 2 30
19 1 1
73 1 72
14 1 9
21 1 42
48 1 21
45 1 8
53 1 52
45 2 44
69 1 48
44 2 12
12 2 79
58 1 21
39 1 8
1 4 3
19 1 5
5 2 42
48 1 19
37 1 19
46 1 18
30 1 20
58 6 45
5 2 34
53 1 57
16 1 14
21 1 29
3 1 5
48 2 72
21 1 5
51 2 52
61 1 19
46 1 23
14 1 13
23 1 54
12 2 20
2 1 3
1 2 38
23 1 70
34 1 3
55 1 51
18 2 23
51 1 19
28 1 27
44 1 13
13 2 3
1 2 25
12 2 22
1 1 38
3 2 5
11 2 14
11 1 8
44 1 9
5 2 4
30 1 56
22 2 70
21 1 1
23 1 12
44 1 30
27 1 19
55 2 56
22 2 20
21 1 34
3 2 4
70 1 69
73 1 48
40 1 2
54 2 22
23 1 56
50 2 23
45 1 10
20 2 22
79 1 23
3 2 18
22 1 19
55 1 23
53 1 51
4 2 32
29 2 5
19 1 3
3 2 25
40 1 7
1 1 4
8 2 13
5 2 3
19 1 29
42 2 4
11 1 41
5 2 29
1 2 28
11 1 3
20 1 21
4 2 34
11 1 10
44 1 10
48 2 61
51 1 21
1 2 33
17 1 11
3 1 38
25 2 23
6 2 7
37 1 21
30 1 73
22 2 56
34 1 1
50 1 61
12 1 11
12 1 14
5 2 1
1 2 37
30 1 15
10 2 1
23 1 22
30 1 12
16 1 11
30 1 55
43 2 51
44 1 3
45 1 1
1 7 3
14 1 43
57 1 30
1 2 43
21 1 4
45 1 25
70 1 30
8 2 3
19 1 34
27 1 21
4 2 1
40 1 39
6 1 3
50 1 48
? 1 github_java_program_data/26/606.java

52 2 57
34 2 4
14 1 10
3 7 1
1 2 4
3 2 33
4 2 3
39 1 23
8 2 10
23 1 53
50 2 30
28 1 26
3 2 37
29 1 1
45 1 30
25 1 17
34 1 33
18 1 16
52 1 23
26 1 21
9 2 8
3 2 38
10 1 3
15 2 22
50 1 43
21 1 32
41 1 21
20 2 15
69 1 75
72 1 23
13 2 1
3 2 28
3 5 1
20 2 12
45 1 3
23 1 44
40 1 6
19 1 4
22 1 21
26 2 27
11 1 1
22 2 15
15 2 12
32 2 4
44 2 45
48 2 23
22 2 54
39 1 3
14 1 3
23 1 15
15 1 14
19 1 32
13 1 3
2 2 6
1 1 3
7 2 39
54 1 23
79 2 58
79 1 48
11 1 43
69 1 43
19 1 46
5 2 32
75 1 21
30 1 58
3 4 1
11 1 13
23 1 45
20 2 58
43 1 21
1 1 37
3 2 41
23 1 73
45 1 9
34 2 5
33 1 26
9 2 10
41 1 19
58 6 44
32 2 5
10 2 3
42 2 5
17 1 14
14 1 1
20 2 73
38 1 19
48 2 75
69 2 30
4 2 42
50 1 51
23 1 20
53 2 22
26 1 19
15 2 55
13 1 1
51 2 23
25 2 30
33 1 27
1 5 3
30 1 54
3 1 37
43 1 19
14 1 41
3 1 4
21 1 47
43 2 48
30 1 79
29 1 3
43 1 14
72 1 30
1 2 41
10 1 1
44 1 18
47 1 25
15 2 54
19 1 42
3 2 43
21 1 3
61 1 21
30 1 22
1 1 5
20 1 19
51 2 61
47 1 23
15 2 20
44 1 8
15 1 11
12 2 15
15 2 45
7 1 1
29 1 28
54 1 30
4 2 5
54 1 50
22 2 12
29 2 4
56 1 21
1 2 5
3 2 23
56 6 45
3 1 1
38 1 21
30 1 53
18 2 30
19 1 1
73 1 72
14 1 9
21 1 42
48 1 21
45 1 8
53 1 52
45 2 44
69 1 48
44 2 12
12 2 79
58 1 21
39 1 8
1 4 3
19 1 5
5 2 42
48 1 19
37 1 19
46 1 18
30 1 20
58 6 45
5 2 34
53 1 57
16 1 14
21 1 29
3 1 5
48 2 72
21 1 5
51 2 52
61 1 19
46 1 23
14 1 13
23 1 54
12 2 20
2 1 3
1 2 38
23 1 70
34 1 3
55 1 51
18 2 23
51 1 19
28 1 27
44 1 13
13 2 3
1 2 25
12 2 22
1 1 38
3 2 5
11 2 14
11 1 8
44 1 9
5 2 4
30 1 56
22 2 70
21 1 1
23 1 12
44 1 30
27 1 19
55 2 56
22 2 20
21 1 34
3 2 4
70 1 69
73 1 48
40 1 2
54 2 22
23 1 56
50 2 23
45 1 10
20 2 22
79 1 23
3 2 18
22 1 19
55 1 23
53 1 51
4 2 32
29 2 5
19 1 3
3 2 25
40 1 7
1 1 4
8 2 13
5 2 3
19 1 29
42 2 4
11 1 41
5 2 29
1 2 28
11 1 3
20 1 21
4 2 34
11 1 10
44 1 10
48 2 61
51 1 21
1 2 33
17 1 11
3 1 38
25 2 23
6 2 7
37 1 21
30 1 73
22 2 56
34 1 1
50 1 61
12 1 11
12 1 14
5 2 1
1 2 37
30 1 15
10 2 1
23 1 22
30 1 12
16 1 11
30 1 55
43 2 51
44 1 3
45 1 1
1 7 3
14 1 43
57 1 30
1 2 43
21 1 4
45 1 25
70 1 30
8 2 3
19 1 34
27 1 21
4 2 1
40 1 39
6 1 3
50 1 48
? 1 github_java_program_data/26/84.java

