2 1 1
3 1 2
5 1 3
5 1 2
36 1 5
4 1 36
4 1 1
11 1 1
9 1 1
6 1 2
6 1 11
6 1 9
16 1 6
16 1 1
25 1 6
25 1 1
19 1 25
23 1 19
24 1 16
24 1 23
33 1 24
26 1 19
24 1 33
24 1 26
19 1 24
19 1 1
21 1 3
21 1 2
21 1 4
21 1 19
28 1 1
7 1 6
7 1 1
2 1 2
2 1 7
15 1 6
5 1 15
8 1 5
8 1 28
8 1 1
10 1 6
12 1 10
12 1 1
13 1 2
13 1 12
6 1 13
14 1 6
14 1 1
29 1 12
6 1 29
15 1 1
17 1 6
18 1 15
18 1 16
18 1 17
18 1 1
19 1 14
20 1 18
20 1 19
19 1 8
19 1 20
22 1 21
3 2 2
36 2 1
2 2 11
11 2 9
9 2 11
11 2 2
6 2 1
16 2 23
23 2 33
33 2 33
33 2 26
24 2 1
2 2 4
4 2 19
2 2 7
2 2 15
5 2 5
5 2 28
28 2 5
5 2 1
10 2 10
10 2 1
2 2 12
29 2 11
11 2 11
11 2 13
15 2 16
16 2 17
17 2 1
14 2 14
14 2 1
18 2 19
13 2 11
8 2 8
8 2 14
14 2 20
20 2 20
20 2 14
14 2 25
25 2 1
21 2 21
2 4 2
1 4 2
2 4 1
1 4 1
2 5 2
1 5 2
? 1 b'ProgramData/83/1.cpp'

2 1 1
3 1 2
4 1 1
5 1 3
5 1 2
9 1 1
6 1 9
7 1 6
7 1 1
2 1 2
2 1 7
19 1 6
19 1 1
6 1 19
15 1 6
5 1 15
8 1 5
8 1 1
10 1 6
11 1 1
6 1 11
6 1 2
12 1 10
12 1 1
13 1 2
13 1 12
6 1 13
14 1 6
14 1 1
15 1 5
15 1 1
16 1 6
16 1 1
17 1 6
18 1 15
18 1 16
18 1 17
18 1 1
19 1 14
20 1 18
20 1 19
38 1 1
23 1 19
24 1 16
24 1 23
19 1 24
19 1 38
25 1 6
25 1 1
19 1 8
19 1 20
19 1 25
21 1 3
21 1 2
21 1 4
21 1 19
22 1 21
3 2 2
6 2 1
2 2 7
2 2 15
5 2 5
5 2 1
11 2 2
10 2 10
10 2 1
2 2 12
2 2 11
15 2 16
16 2 17
17 2 1
14 2 14
14 2 1
18 2 19
9 2 11
11 2 9
16 2 23
24 2 38
38 2 24
38 2 1
8 2 8
8 2 14
14 2 20
20 2 38
38 2 20
38 2 14
14 2 25
25 2 1
2 2 4
4 2 19
1 4 1
2 4 1
1 4 2
2 4 2
1 5 2
2 5 2
? 1 b'ProgramData/83/1027.cpp'

2 1 1
3 1 2
4 1 1
5 1 3
5 1 2
8 1 5
8 1 1
9 1 1
6 1 9
15 1 6
5 1 15
7 1 6
7 1 1
2 1 2
2 1 7
10 1 6
11 1 1
6 1 11
6 1 2
12 1 10
12 1 1
13 1 2
13 1 12
6 1 13
14 1 6
14 1 1
15 1 1
16 1 6
16 1 1
17 1 6
18 1 15
18 1 16
18 1 17
18 1 1
19 1 14
19 1 1
20 1 18
20 1 19
32 1 1
19 1 32
23 1 19
24 1 16
24 1 23
19 1 24
25 1 6
25 1 1
19 1 8
19 1 20
19 1 25
21 1 3
21 1 2
21 1 4
21 1 19
22 1 21
3 2 2
5 2 5
5 2 1
2 2 15
6 2 1
2 2 7
11 2 2
10 2 10
10 2 1
2 2 12
2 2 11
11 2 9
15 2 16
16 2 17
17 2 1
14 2 14
14 2 1
18 2 19
9 2 11
14 2 32
32 2 1
16 2 23
11 2 11
24 2 24
24 2 1
8 2 8
8 2 14
14 2 20
20 2 20
20 2 14
14 2 25
25 2 1
2 2 4
4 2 19
2 4 2
1 4 2
1 4 1
2 4 1
2 5 2
1 5 2
? 1 b'ProgramData/83/1070.cpp'

2 1 1
3 1 2
4 1 1
9 1 1
6 1 9
7 1 6
7 1 1
2 1 2
2 1 7
5 1 3
5 1 2
8 1 5
8 1 1
15 1 6
5 1 15
10 1 6
11 1 1
6 1 11
6 1 2
12 1 10
12 1 1
13 1 2
13 1 12
6 1 13
14 1 6
14 1 1
15 1 1
16 1 6
16 1 1
17 1 6
18 1 15
18 1 16
18 1 17
18 1 1
19 1 14
19 1 1
20 1 18
20 1 19
23 1 19
24 1 16
24 1 23
33 1 24
26 1 19
24 1 33
24 1 26
19 1 24
25 1 6
25 1 1
19 1 8
19 1 20
19 1 25
21 1 3
21 1 2
21 1 4
21 1 19
22 1 21
6 2 1
2 2 7
3 2 2
5 2 5
5 2 1
2 2 15
11 2 2
10 2 10
10 2 1
2 2 12
2 2 11
11 2 9
15 2 16
16 2 17
17 2 1
14 2 14
14 2 1
18 2 19
9 2 11
16 2 23
23 2 33
33 2 33
33 2 26
14 2 24
24 2 14
11 2 11
8 2 8
8 2 14
14 2 20
20 2 20
20 2 14
14 2 25
25 2 1
2 2 4
4 2 19
2 4 2
1 4 2
1 4 1
2 4 1
2 5 2
1 5 2
? 1 b'ProgramData/83/1074.cpp'

2 1 1
3 1 2
4 1 1
9 1 1
6 1 9
7 1 6
7 1 1
2 1 2
2 1 7
19 1 6
19 1 1
6 1 19
15 1 6
5 1 3
5 1 2
5 1 15
8 1 5
8 1 1
11 1 1
6 1 2
6 1 11
15 1 1
16 1 6
16 1 1
17 1 6
18 1 15
18 1 16
18 1 17
18 1 1
14 1 6
14 1 1
19 1 14
20 1 18
20 1 19
10 1 6
12 1 10
12 1 1
13 1 2
13 1 12
6 1 13
19 1 8
19 1 20
21 1 3
21 1 2
21 1 4
21 1 19
22 1 21
6 2 1
2 2 7
3 2 2
2 2 15
5 2 5
5 2 1
2 2 11
11 2 9
15 2 16
16 2 17
17 2 1
18 2 19
11 2 2
10 2 10
10 2 1
2 2 12
14 2 14
14 2 1
8 2 8
8 2 20
20 2 20
20 2 14
14 2 20
2 2 4
4 2 19
2 4 2
1 4 2
1 4 1
2 4 1
2 5 2
1 5 2
? 1 b'ProgramData/83/1087.cpp'

2 1 1
3 1 2
4 1 1
5 1 3
5 1 2
9 1 1
6 1 9
15 1 6
5 1 15
8 1 5
8 1 1
10 1 6
11 1 1
6 1 11
6 1 2
12 1 10
12 1 1
13 1 2
13 1 12
6 1 13
14 1 6
14 1 1
7 1 6
7 1 1
2 1 2
2 1 7
15 1 1
16 1 6
16 1 1
17 1 6
18 1 15
18 1 16
18 1 17
18 1 1
19 1 14
19 1 1
20 1 18
20 1 19
23 1 19
24 1 16
24 1 23
19 1 24
19 1 8
19 1 20
21 1 3
21 1 2
21 1 4
21 1 19
22 1 21
3 2 2
2 2 15
5 2 5
5 2 1
11 2 2
10 2 10
10 2 1
2 2 12
6 2 1
2 2 7
2 2 11
11 2 9
15 2 16
16 2 17
17 2 1
14 2 14
14 2 1
18 2 19
9 2 11
16 2 23
14 2 24
24 2 24
24 2 1
8 2 8
8 2 14
14 2 8
8 2 20
20 2 20
20 2 14
2 2 4
4 2 19
2 4 1
1 4 2
2 4 2
1 4 1
1 5 2
2 5 2
? 1 b'ProgramData/83/1073.cpp'

2 1 1
3 1 2
4 1 1
5 1 3
5 1 2
9 1 1
6 1 9
7 1 6
7 1 1
2 1 2
2 1 7
15 1 6
5 1 15
8 1 5
8 1 1
10 1 6
11 1 1
6 1 11
6 1 2
12 1 10
12 1 1
13 1 2
13 1 12
6 1 13
14 1 6
14 1 1
15 1 1
16 1 6
16 1 1
17 1 6
18 1 15
18 1 16
18 1 17
18 1 1
19 1 14
19 1 1
20 1 18
20 1 19
23 1 19
24 1 16
24 1 23
19 1 24
19 1 8
19 1 20
21 1 3
21 1 2
21 1 4
21 1 19
22 1 21
3 2 2
6 2 1
2 2 7
2 2 15
5 2 5
5 2 1
11 2 2
10 2 10
10 2 1
2 2 12
2 2 11
11 2 9
15 2 16
16 2 17
17 2 1
14 2 1
18 2 19
9 2 11
16 2 23
24 2 24
24 2 1
14 2 14
8 2 8
8 2 14
14 2 20
20 2 20
20 2 14
2 2 4
4 2 19
1 4 2
2 4 1
1 4 1
2 4 2
2 5 2
1 5 2
? 1 b'ProgramData/83/1095.cpp'

2 1 1
3 1 2
5 1 3
5 1 2
8 1 5
8 1 1
10 1 1
12 1 10
12 1 1
39 1 2
39 1 12
11 1 1
9 1 1
6 1 2
6 1 11
6 1 9
16 1 6
16 1 1
14 1 6
14 1 1
19 1 14
23 1 19
24 1 16
24 1 23
33 1 24
24 1 33
19 1 24
19 1 1
4 1 1
10 1 6
13 1 2
13 1 12
6 1 13
7 1 6
7 1 1
2 1 2
2 1 7
15 1 6
15 1 1
17 1 6
18 1 15
18 1 16
18 1 17
18 1 1
20 1 18
20 1 19
5 1 15
25 1 6
25 1 1
19 1 8
19 1 20
19 1 25
21 1 3
21 1 2
21 1 4
21 1 19
22 1 8
22 1 39
22 1 19
22 1 21
3 2 2
5 2 1
10 2 10
10 2 1
2 2 12
2 2 11
11 2 9
9 2 11
11 2 2
6 2 1
16 2 23
23 2 33
33 2 33
24 2 1
2 2 7
5 2 5
15 2 16
16 2 17
17 2 1
14 2 1
18 2 19
2 2 15
14 2 14
8 2 14
14 2 8
8 2 20
20 2 14
14 2 20
8 2 8
14 2 25
25 2 1
2 2 4
4 2 19
8 2 39
39 2 19
19 2 21
2 4 2
1 4 2
2 4 1
1 4 1
2 5 2
1 5 2
? 1 b'ProgramData/83/11.cpp'

2 1 1
3 1 2
4 1 1
5 1 3
5 1 2
9 1 1
6 1 9
15 1 6
5 1 15
8 1 5
8 1 1
10 1 6
11 1 1
6 1 11
6 1 2
12 1 10
12 1 1
13 1 2
13 1 12
6 1 13
14 1 6
14 1 1
7 1 6
7 1 1
2 1 2
2 1 7
15 1 1
16 1 6
16 1 1
17 1 6
18 1 15
18 1 16
18 1 17
18 1 1
19 1 14
19 1 1
20 1 18
20 1 19
23 1 19
24 1 16
24 1 23
33 1 24
26 1 19
24 1 33
24 1 26
19 1 24
25 1 6
25 1 1
19 1 8
19 1 20
19 1 25
21 1 3
21 1 2
21 1 4
21 1 19
22 1 21
3 2 2
2 2 15
5 2 5
5 2 1
11 2 2
10 2 10
10 2 1
2 2 12
6 2 1
2 2 7
2 2 11
11 2 9
15 2 16
16 2 17
17 2 1
14 2 14
14 2 1
18 2 19
9 2 11
16 2 23
23 2 33
33 2 33
33 2 26
24 2 14
8 2 14
14 2 8
8 2 8
8 2 20
20 2 20
20 2 14
14 2 25
25 2 1
2 2 4
4 2 19
2 4 2
1 4 2
2 4 1
1 4 1
2 5 2
1 5 2
? 1 b'ProgramData/83/1103.cpp'

2 1 1
3 1 2
4 1 1
5 1 3
5 1 2
9 1 1
6 1 9
7 1 6
7 1 1
2 1 2
2 1 7
15 1 6
5 1 15
8 1 5
8 1 1
10 1 6
11 1 1
6 1 11
6 1 2
12 1 10
12 1 1
13 1 2
13 1 12
6 1 13
14 1 6
14 1 1
15 1 1
16 1 6
16 1 1
17 1 6
18 1 15
18 1 16
18 1 17
18 1 1
19 1 14
19 1 1
20 1 18
20 1 19
23 1 19
24 1 16
24 1 23
33 1 24
26 1 19
24 1 33
24 1 26
19 1 24
19 1 8
19 1 20
21 1 3
21 1 2
21 1 4
21 1 19
22 1 21
3 2 2
6 2 1
2 2 7
2 2 15
5 2 5
5 2 1
11 2 2
10 2 10
10 2 1
2 2 12
2 2 11
11 2 9
15 2 16
16 2 17
17 2 1
14 2 14
14 2 1
18 2 19
9 2 11
16 2 23
23 2 33
33 2 33
33 2 26
14 2 24
24 2 1
11 2 11
8 2 8
8 2 14
14 2 20
20 2 20
20 2 14
2 2 4
4 2 19
2 4 2
1 4 2
1 4 1
2 4 1
2 5 2
1 5 2
? 1 b'ProgramData/83/1111.cpp'

2 1 1
3 1 2
4 1 1
5 1 3
5 1 2
28 1 1
8 1 5
8 1 28
8 1 1
3 1 28
9 1 1
6 1 9
15 1 6
5 1 15
10 1 6
11 1 1
6 1 11
6 1 2
12 1 10
12 1 1
13 1 2
13 1 12
6 1 13
14 1 6
14 1 1
29 1 12
6 1 29
15 1 11
15 1 1
16 1 6
16 1 1
17 1 6
18 1 15
18 1 16
18 1 17
18 1 1
19 1 14
19 1 1
20 1 18
20 1 19
23 1 19
24 1 16
24 1 23
33 1 24
24 1 33
19 1 24
25 1 1
19 1 8
19 1 20
19 1 25
21 1 3
21 1 2
21 1 4
21 1 19
22 1 21
3 2 2
5 2 5
5 2 28
28 2 5
5 2 1
2 2 28
2 2 15
11 2 2
10 2 10
10 2 1
2 2 12
6 2 1
29 2 11
2 2 11
11 2 11
11 2 13
11 2 9
6 2 11
11 2 6
15 2 16
16 2 17
17 2 1
14 2 14
14 2 1
18 2 19
9 2 11
16 2 23
23 2 33
33 2 33
14 2 24
24 2 1
8 2 8
8 2 14
14 2 20
20 2 20
20 2 14
14 2 25
25 2 1
2 2 4
4 2 19
1 4 2
1 4 1
2 4 1
2 4 2
2 5 2
1 5 2
? 1 b'ProgramData/83/1109.cpp'

2 1 1
3 1 2
4 1 1
5 1 3
5 1 2
8 1 5
8 1 1
9 1 1
6 1 9
10 1 6
11 1 1
6 1 11
6 1 2
12 1 10
12 1 1
13 1 2
13 1 12
6 1 13
14 1 6
14 1 1
7 1 6
7 1 1
2 1 2
2 1 7
15 1 6
5 1 15
15 1 1
16 1 6
16 1 1
17 1 6
18 1 15
18 1 16
18 1 17
18 1 1
19 1 14
19 1 1
20 1 18
20 1 19
23 1 19
24 1 16
24 1 23
33 1 24
24 1 33
19 1 24
25 1 6
25 1 1
19 1 8
19 1 20
19 1 25
21 1 3
21 1 2
21 1 4
21 1 19
22 1 21
3 2 2
5 2 1
11 2 2
10 2 10
10 2 1
2 2 12
6 2 1
2 2 7
5 2 5
2 2 15
2 2 11
11 2 9
15 2 16
16 2 17
17 2 1
14 2 14
14 2 1
18 2 19
9 2 11
16 2 23
23 2 33
33 2 33
14 2 24
24 2 14
11 2 13
8 2 14
14 2 8
8 2 8
8 2 20
20 2 20
20 2 14
14 2 25
25 2 1
2 2 4
4 2 19
2 4 2
2 5 2
? 1 b'ProgramData/83/1135.cpp'

2 1 1
3 1 2
4 1 1
9 1 1
6 1 9
7 1 6
7 1 1
2 1 2
2 1 7
5 1 3
5 1 2
8 1 5
8 1 1
15 1 6
5 1 15
10 1 6
11 1 1
6 1 11
6 1 2
12 1 10
12 1 1
13 1 2
13 1 12
6 1 13
14 1 6
14 1 1
15 1 1
16 1 6
16 1 1
17 1 6
18 1 15
18 1 16
18 1 17
18 1 1
19 1 14
20 1 18
20 1 19
23 1 19
24 1 16
24 1 23
19 1 24
19 1 1
19 1 8
19 1 20
21 1 3
21 1 2
21 1 4
21 1 19
22 1 21
6 2 1
2 2 7
3 2 2
5 2 1
2 2 15
5 2 5
11 2 2
10 2 10
10 2 1
2 2 12
2 2 11
11 2 9
15 2 16
16 2 17
17 2 1
18 2 19
9 2 11
16 2 23
14 2 24
24 2 24
24 2 1
11 2 11
14 2 14
14 2 1
8 2 8
8 2 14
14 2 20
20 2 20
20 2 14
2 2 4
4 2 19
1 4 2
2 4 1
1 4 1
2 4 2
2 5 2
1 5 2
? 1 b'ProgramData/83/1119.cpp'

2 1 1
3 1 2
4 1 1
5 1 3
5 1 2
9 1 1
6 1 9
7 1 6
7 1 1
2 1 2
2 1 7
15 1 6
5 1 15
8 1 5
8 1 1
10 1 6
11 1 1
6 1 11
6 1 2
12 1 10
12 1 1
13 1 2
13 1 12
6 1 13
14 1 6
14 1 1
15 1 1
16 1 6
16 1 1
17 1 6
18 1 15
18 1 16
18 1 17
18 1 1
19 1 14
19 1 1
20 1 18
20 1 19
23 1 19
24 1 16
24 1 23
19 1 24
25 1 6
25 1 1
19 1 8
19 1 20
19 1 25
21 1 3
21 1 2
21 1 4
21 1 19
22 1 21
3 2 2
6 2 1
2 2 7
2 2 15
5 2 5
5 2 1
11 2 2
10 2 10
10 2 1
2 2 12
2 2 11
11 2 9
15 2 16
16 2 17
17 2 1
14 2 14
14 2 1
18 2 19
9 2 11
11 2 11
16 2 23
24 2 24
24 2 14
8 2 8
8 2 14
14 2 20
20 2 20
20 2 14
14 2 25
25 2 1
2 2 4
4 2 19
1 4 2
2 4 1
2 4 2
1 4 1
2 5 2
1 5 2
? 1 b'ProgramData/83/1166.cpp'

2 1 1
3 1 2
4 1 1
5 1 3
5 1 2
28 1 1
9 1 1
6 1 9
15 1 6
5 1 15
8 1 5
8 1 28
8 1 1
3 1 28
10 1 6
11 1 1
6 1 11
6 1 2
12 1 10
12 1 1
13 1 2
13 1 12
6 1 13
14 1 6
14 1 1
29 1 12
6 1 29
15 1 1
16 1 6
16 1 1
17 1 6
18 1 15
18 1 16
18 1 17
18 1 1
19 1 14
20 1 18
20 1 19
7 1 6
7 1 1
2 1 2
2 1 7
23 1 19
24 1 16
24 1 23
19 1 24
19 1 1
19 1 8
19 1 20
21 1 3
21 1 2
21 1 4
21 1 19
22 1 21
3 2 2
2 2 15
5 2 28
28 2 5
5 2 5
5 2 1
2 2 28
11 2 2
10 2 10
10 2 1
2 2 12
6 2 1
29 2 11
2 2 11
11 2 11
11 2 13
11 2 9
15 2 16
16 2 17
17 2 1
18 2 19
2 2 7
16 2 23
9 2 11
24 2 24
24 2 1
14 2 14
14 2 1
8 2 8
8 2 14
14 2 20
20 2 20
20 2 14
2 2 4
4 2 19
2 4 2
1 4 2
1 4 1
2 4 1
2 5 2
1 5 2
? 1 b'ProgramData/83/1186.cpp'

2 1 1
3 1 2
4 1 1
5 1 3
5 1 2
9 1 1
6 1 9
15 1 6
5 1 15
8 1 5
8 1 1
10 1 6
11 1 1
6 1 11
6 1 2
12 1 10
12 1 1
13 1 2
13 1 12
6 1 13
14 1 6
14 1 1
7 1 6
7 1 1
2 1 2
2 1 7
15 1 1
16 1 6
16 1 1
17 1 6
18 1 15
18 1 16
18 1 17
18 1 1
19 1 14
19 1 1
20 1 18
20 1 19
23 1 19
24 1 16
24 1 23
19 1 24
25 1 6
25 1 1
19 1 8
19 1 20
19 1 25
21 1 3
21 1 2
21 1 4
21 1 19
22 1 21
3 2 2
2 2 15
5 2 5
5 2 1
11 2 2
10 2 10
10 2 1
2 2 12
6 2 1
2 2 7
2 2 11
11 2 9
15 2 16
16 2 17
17 2 1
14 2 14
14 2 1
18 2 19
16 2 23
9 2 11
14 2 24
24 2 24
24 2 1
8 2 8
8 2 14
14 2 8
8 2 20
20 2 20
20 2 14
14 2 25
25 2 1
2 2 4
4 2 19
2 4 2
1 4 2
2 4 1
1 4 1
2 5 2
1 5 2
? 1 b'ProgramData/83/1147.cpp'

2 1 1
3 1 2
4 1 1
5 1 3
5 1 2
9 1 1
6 1 9
15 1 6
5 1 15
7 1 6
7 1 1
2 1 2
2 1 7
8 1 5
8 1 1
10 1 6
11 1 1
6 1 11
6 1 2
12 1 10
12 1 1
13 1 2
13 1 12
6 1 13
14 1 6
14 1 1
15 1 1
16 1 6
16 1 1
17 1 6
18 1 15
18 1 16
18 1 17
18 1 1
19 1 14
19 1 1
20 1 18
20 1 19
23 1 19
24 1 16
24 1 23
33 1 24
26 1 19
24 1 33
24 1 26
19 1 24
19 1 8
19 1 20
21 1 3
21 1 2
21 1 4
21 1 19
22 1 21
3 2 2
2 2 15
6 2 1
2 2 7
5 2 5
5 2 1
11 2 2
10 2 10
10 2 1
2 2 12
2 2 11
11 2 9
15 2 16
16 2 17
17 2 1
14 2 14
14 2 1
18 2 19
16 2 23
23 2 33
33 2 33
33 2 26
14 2 24
24 2 14
8 2 8
8 2 14
14 2 20
20 2 20
20 2 14
2 2 4
4 2 19
1 4 2
1 4 1
2 4 1
2 5 2
1 5 2
? 1 b'ProgramData/83/1159.cpp'

2 1 1
3 1 2
4 1 1
9 1 1
6 1 9
7 1 6
7 1 1
2 1 2
2 1 7
5 1 3
5 1 2
15 1 6
5 1 15
8 1 5
8 1 1
10 1 6
11 1 1
6 1 11
6 1 2
12 1 10
12 1 1
13 1 2
13 1 12
6 1 13
14 1 6
14 1 1
15 1 1
16 1 6
16 1 1
17 1 6
18 1 15
18 1 16
18 1 17
18 1 1
19 1 14
20 1 18
20 1 19
23 1 19
24 1 16
24 1 23
19 1 24
19 1 1
19 1 8
19 1 20
21 1 3
21 1 2
21 1 4
21 1 19
22 1 21
6 2 1
2 2 7
3 2 2
2 2 15
5 2 5
5 2 1
11 2 2
10 2 10
10 2 1
2 2 12
2 2 11
11 2 9
15 2 16
16 2 17
17 2 1
18 2 19
9 2 11
16 2 23
24 2 24
24 2 1
14 2 14
14 2 1
8 2 8
8 2 14
14 2 20
20 2 20
20 2 14
2 2 4
4 2 19
1 4 2
2 4 1
2 4 2
1 4 1
2 5 2
1 5 2
? 1 b'ProgramData/83/1224.cpp'

2 1 1
3 1 2
5 1 3
5 1 2
36 1 5
4 1 36
4 1 1
8 1 5
8 1 1
11 1 1
9 1 1
6 1 2
6 1 11
6 1 9
16 1 6
16 1 1
14 1 6
14 1 1
19 1 14
23 1 19
24 1 16
24 1 23
19 1 24
19 1 1
26 1 19
24 1 26
25 1 6
25 1 1
19 1 8
19 1 25
21 1 3
21 1 2
21 1 4
21 1 19
15 1 6
5 1 15
7 1 6
7 1 1
2 1 2
2 1 7
10 1 6
12 1 10
12 1 1
13 1 2
13 1 12
6 1 13
15 1 1
17 1 6
18 1 15
18 1 16
18 1 17
18 1 1
20 1 18
20 1 19
19 1 20
22 1 21
3 2 2
36 2 1
5 2 1
2 2 11
11 2 9
9 2 11
11 2 2
6 2 1
16 2 23
24 2 1
23 2 26
8 2 24
24 2 25
25 2 1
2 2 4
4 2 19
2 2 15
5 2 5
2 2 7
10 2 10
10 2 1
2 2 12
15 2 16
16 2 17
17 2 1
14 2 14
14 2 1
18 2 19
11 2 13
8 2 8
8 2 14
14 2 20
20 2 20
20 2 14
21 2 21
2 4 2
1 4 2
2 4 1
1 4 1
2 5 2
1 5 2
? 1 b'ProgramData/83/1181.cpp'

2 1 1
3 1 2
4 1 1
9 1 1
6 1 9
7 1 6
7 1 1
2 1 2
2 1 7
5 1 3
5 1 2
8 1 5
8 1 1
15 1 6
5 1 15
10 1 6
11 1 1
6 1 11
6 1 2
12 1 10
12 1 1
13 1 2
13 1 12
6 1 13
14 1 6
14 1 1
15 1 1
16 1 6
16 1 1
17 1 6
18 1 15
18 1 16
18 1 17
18 1 1
19 1 14
19 1 1
20 1 18
20 1 19
23 1 19
24 1 16
24 1 23
19 1 24
19 1 8
19 1 20
21 1 3
21 1 2
21 1 4
21 1 19
22 1 21
6 2 1
2 2 7
3 2 2
5 2 5
5 2 1
2 2 15
11 2 2
10 2 10
10 2 1
2 2 12
2 2 11
11 2 9
15 2 16
16 2 17
17 2 1
14 2 1
18 2 19
9 2 11
16 2 23
24 2 24
24 2 1
8 2 8
8 2 14
14 2 20
20 2 20
20 2 14
2 2 4
4 2 19
2 4 2
1 4 2
2 4 1
1 4 1
2 5 2
1 5 2
? 1 b'ProgramData/83/1228.cpp'

2 1 1
3 1 2
4 1 1
9 1 1
6 1 9
7 1 6
7 1 1
2 1 2
2 1 7
5 1 3
5 1 2
8 1 5
8 1 1
11 1 1
6 1 2
6 1 11
14 1 6
14 1 1
10 1 6
12 1 10
12 1 1
13 1 2
13 1 12
6 1 13
15 1 6
15 1 1
16 1 6
16 1 1
17 1 6
18 1 15
18 1 16
18 1 17
18 1 1
19 1 14
19 1 1
20 1 18
20 1 19
23 1 19
24 1 16
24 1 23
33 1 24
26 1 19
24 1 33
24 1 26
19 1 24
19 1 8
19 1 20
21 1 3
21 1 2
21 1 4
21 1 19
22 1 21
6 2 1
2 2 7
7 2 7
3 2 2
5 2 5
5 2 1
2 2 11
11 2 9
11 2 2
10 2 10
10 2 1
2 2 12
15 2 16
16 2 17
17 2 1
14 2 1
18 2 19
16 2 23
23 2 33
33 2 33
33 2 26
24 2 1
14 2 14
8 2 14
14 2 8
14 2 20
20 2 14
20 2 20
2 2 4
4 2 19
2 4 2
1 4 2
1 4 1
2 4 1
2 5 2
1 5 2
1 5 1
2 5 1
? 1 b'ProgramData/83/1250.cpp'

2 1 1
3 1 2
4 1 1
5 1 3
5 1 2
9 1 1
6 1 9
7 1 6
7 1 1
2 1 2
2 1 7
15 1 6
5 1 15
8 1 5
8 1 1
10 1 6
11 1 1
6 1 11
6 1 2
12 1 10
12 1 1
13 1 2
13 1 12
6 1 13
14 1 6
14 1 1
15 1 1
16 1 6
16 1 1
17 1 6
18 1 15
18 1 16
18 1 17
18 1 1
19 1 14
19 1 1
20 1 18
20 1 19
23 1 19
24 1 16
24 1 23
33 1 24
26 1 19
24 1 33
24 1 26
19 1 24
19 1 8
19 1 20
21 1 3
21 1 2
21 1 4
21 1 19
22 1 21
3 2 2
6 2 1
2 2 7
2 2 15
5 2 5
5 2 1
11 2 2
10 2 10
10 2 1
2 2 12
2 2 11
11 2 9
15 2 16
16 2 17
17 2 1
14 2 1
18 2 19
16 2 23
23 2 33
33 2 33
33 2 26
14 2 24
24 2 14
14 2 14
8 2 8
8 2 14
14 2 20
20 2 20
20 2 14
2 2 4
4 2 19
1 4 2
1 4 1
2 4 1
2 4 2
2 5 2
1 5 2
? 1 b'ProgramData/83/1251.cpp'

2 1 1
3 1 2
4 1 1
5 1 3
5 1 2
8 1 5
8 1 1
11 1 1
9 1 1
6 1 2
6 1 11
6 1 9
14 1 6
14 1 1
10 1 6
12 1 10
12 1 1
13 1 2
13 1 12
6 1 13
7 1 6
7 1 1
2 1 2
2 1 7
15 1 6
15 1 1
16 1 6
16 1 1
17 1 6
18 1 15
18 1 16
18 1 17
18 1 1
19 1 14
19 1 1
20 1 18
20 1 19
23 1 19
24 1 16
24 1 23
33 1 24
26 1 19
24 1 33
24 1 26
19 1 24
19 1 8
19 1 20
21 1 3
21 1 2
21 1 4
21 1 19
22 1 21
3 2 2
5 2 5
5 2 1
2 2 11
11 2 9
6 2 1
11 2 2
10 2 10
10 2 1
2 2 12
2 2 7
7 2 7
15 2 16
16 2 17
17 2 1
14 2 14
14 2 1
18 2 19
9 2 11
16 2 23
23 2 33
33 2 33
33 2 26
14 2 24
24 2 14
8 2 8
8 2 14
14 2 8
8 2 20
20 2 20
20 2 14
2 2 4
4 2 19
2 4 2
1 4 2
1 4 1
2 4 1
2 5 2
1 5 2
1 5 1
? 1 b'ProgramData/83/1276.cpp'

2 1 1
3 1 2
4 1 1
5 1 3
5 1 2
9 1 1
6 1 9
15 1 6
5 1 15
8 1 5
8 1 1
7 1 6
7 1 1
2 1 2
2 1 7
10 1 6
11 1 1
6 1 11
6 1 2
12 1 10
12 1 1
13 1 2
13 1 12
6 1 13
14 1 6
14 1 1
15 1 1
16 1 6
16 1 1
17 1 6
18 1 15
18 1 16
18 1 17
18 1 1
19 1 14
20 1 18
20 1 19
23 1 19
24 1 16
24 1 23
33 1 24
26 1 19
24 1 33
24 1 26
19 1 24
19 1 1
19 1 8
19 1 20
21 1 3
21 1 2
21 1 4
21 1 19
22 1 21
3 2 2
2 2 15
5 2 5
5 2 1
6 2 1
2 2 7
7 2 7
11 2 2
10 2 10
10 2 1
2 2 12
2 2 11
11 2 9
15 2 16
16 2 17
17 2 1
11 2 11
18 2 19
16 2 23
23 2 33
33 2 33
33 2 26
14 2 24
24 2 1
14 2 14
14 2 1
8 2 8
8 2 14
14 2 20
20 2 20
20 2 14
2 2 4
4 2 19
1 4 2
1 4 1
2 4 1
2 4 2
2 5 2
1 5 2
? 1 b'ProgramData/83/1277.cpp'

2 1 1
4 1 1
3 1 2
5 1 3
5 1 2
8 1 5
8 1 1
9 1 1
6 1 9
7 1 6
7 1 1
2 1 2
2 1 7
15 1 6
5 1 15
11 1 1
6 1 2
6 1 11
14 1 6
14 1 1
10 1 6
12 1 10
12 1 1
13 1 2
13 1 12
6 1 13
15 1 1
16 1 6
16 1 1
17 1 6
18 1 15
18 1 16
18 1 17
18 1 1
19 1 14
19 1 1
20 1 18
20 1 19
32 1 1
19 1 32
23 1 19
24 1 16
24 1 23
19 1 24
19 1 8
19 1 20
21 1 2
21 1 4
21 1 19
22 1 21
3 2 2
5 2 5
5 2 1
6 2 1
2 2 7
2 2 15
2 2 11
11 2 9
11 2 2
10 2 10
10 2 1
2 2 12
15 2 16
16 2 17
17 2 1
14 2 14
14 2 1
18 2 19
9 2 11
14 2 32
32 2 1
16 2 23
14 2 24
24 2 24
24 2 1
8 2 8
8 2 14
14 2 20
20 2 20
20 2 14
2 2 4
4 2 19
1 4 1
2 4 1
2 4 2
1 4 2
1 5 2
2 5 2
? 1 b'ProgramData/83/1229.cpp'

2 1 1
3 1 2
4 1 1
5 1 3
5 1 2
8 1 5
8 1 1
9 1 1
6 1 9
15 1 6
5 1 15
7 1 6
7 1 1
2 1 2
2 1 7
10 1 6
11 1 1
6 1 11
6 1 2
12 1 10
12 1 1
13 1 2
13 1 12
6 1 13
14 1 6
14 1 1
15 1 1
16 1 6
16 1 1
17 1 6
18 1 15
18 1 16
18 1 17
18 1 1
19 1 14
19 1 1
20 1 18
20 1 19
19 1 20
23 1 19
24 1 16
24 1 23
33 1 24
26 1 19
24 1 33
24 1 26
19 1 24
19 1 8
21 1 3
21 1 2
21 1 4
21 1 19
22 1 21
3 2 2
5 2 5
5 2 1
2 2 15
6 2 1
2 2 7
7 2 7
11 2 2
10 2 10
10 2 1
2 2 12
2 2 11
11 2 9
15 2 16
16 2 17
17 2 1
14 2 1
18 2 19
16 2 23
23 2 33
33 2 33
33 2 26
24 2 1
14 2 14
8 2 8
8 2 14
14 2 20
20 2 20
20 2 14
2 2 4
4 2 19
1 4 1
2 4 1
2 4 2
1 4 2
1 5 2
2 5 2
? 1 b'ProgramData/83/1289.cpp'

2 1 1
4 1 1
3 1 2
9 1 1
6 1 9
15 1 6
5 1 3
5 1 2
5 1 15
8 1 5
8 1 1
7 1 6
7 1 1
2 1 2
2 1 7
10 1 6
11 1 1
6 1 11
6 1 2
12 1 10
12 1 1
13 1 2
13 1 12
6 1 13
14 1 6
14 1 1
15 1 1
16 1 6
16 1 1
17 1 6
18 1 15
18 1 16
18 1 17
18 1 1
19 1 14
19 1 1
20 1 18
20 1 19
23 1 19
24 1 16
24 1 23
33 1 24
26 1 19
24 1 33
24 1 26
19 1 24
19 1 8
19 1 20
21 1 2
21 1 4
21 1 19
22 1 21
3 2 2
2 2 15
5 2 5
5 2 1
6 2 1
2 2 7
7 2 7
11 2 2
10 2 10
10 2 1
2 2 12
2 2 11
11 2 9
15 2 16
16 2 17
17 2 1
14 2 14
14 2 1
18 2 19
16 2 23
23 2 33
33 2 33
33 2 26
14 2 24
24 2 14
8 2 8
8 2 14
14 2 20
20 2 20
20 2 14
2 2 4
4 2 19
1 4 2
2 4 1
2 4 2
2 5 2
1 5 2
? 1 b'ProgramData/83/1278.cpp'

2 1 1
4 1 1
3 1 2
9 1 1
6 1 9
7 1 6
7 1 1
2 1 2
2 1 7
5 1 3
5 1 2
8 1 5
8 1 1
10 1 6
11 1 1
6 1 11
6 1 2
12 1 10
12 1 1
13 1 2
13 1 12
6 1 13
14 1 6
14 1 1
15 1 6
15 1 1
16 1 6
16 1 1
17 1 6
18 1 15
18 1 16
18 1 17
18 1 1
19 1 14
20 1 18
20 1 19
19 1 20
23 1 19
24 1 16
24 1 23
19 1 24
19 1 1
19 1 8
21 1 2
21 1 4
21 1 19
22 1 21
6 2 1
2 2 7
7 2 7
3 2 2
5 2 5
5 2 1
11 2 2
10 2 10
10 2 1
2 2 12
2 2 11
11 2 9
15 2 16
16 2 17
17 2 1
18 2 19
9 2 11
16 2 23
24 2 24
24 2 14
14 2 14
14 2 1
8 2 8
8 2 14
14 2 20
20 2 14
2 2 4
4 2 19
2 4 1
2 4 2
1 4 2
1 4 1
1 5 2
2 5 2
1 5 1
? 1 b'ProgramData/83/1303.cpp'

2 1 1
3 1 2
4 1 1
9 1 1
6 1 9
7 1 6
7 1 1
2 1 2
2 1 7
5 1 3
5 1 2
8 1 5
8 1 1
15 1 6
5 1 15
10 1 6
11 1 1
6 1 11
6 1 2
12 1 10
12 1 1
13 1 2
13 1 12
6 1 13
14 1 6
14 1 1
15 1 1
16 1 6
16 1 1
17 1 6
18 1 15
18 1 16
18 1 17
18 1 1
19 1 14
20 1 18
20 1 19
23 1 19
24 1 16
24 1 23
33 1 24
26 1 19
24 1 33
24 1 26
19 1 24
19 1 1
19 1 8
19 1 20
21 1 3
21 1 2
21 1 4
21 1 19
22 1 21
6 2 1
2 2 7
3 2 2
5 2 5
5 2 1
2 2 15
11 2 2
10 2 10
10 2 1
2 2 12
2 2 11
11 2 9
15 2 16
16 2 17
17 2 1
18 2 19
16 2 23
23 2 33
33 2 33
33 2 26
24 2 1
11 2 11
14 2 14
14 2 1
8 2 8
8 2 14
14 2 20
20 2 20
20 2 14
2 2 4
4 2 19
2 4 2
1 4 2
1 4 1
2 4 1
2 5 2
1 5 2
? 1 b'ProgramData/83/1330.cpp'

2 1 1
3 1 2
4 1 1
5 1 3
5 1 2
8 1 5
8 1 1
9 1 1
6 1 9
10 1 6
11 1 1
6 1 11
6 1 2
12 1 10
12 1 1
13 1 2
13 1 12
6 1 13
14 1 6
14 1 1
7 1 6
7 1 1
2 1 2
2 1 7
15 1 6
15 1 1
16 1 6
16 1 1
17 1 6
18 1 15
18 1 16
18 1 17
18 1 1
19 1 14
19 1 1
20 1 18
20 1 19
23 1 19
24 1 16
24 1 23
19 1 24
25 1 6
25 1 1
19 1 8
19 1 20
19 1 25
21 1 3
21 1 2
21 1 4
21 1 19
22 1 21
3 2 2
5 2 5
5 2 1
11 2 2
10 2 10
10 2 1
2 2 12
6 2 1
2 2 7
2 2 11
11 2 9
15 2 16
16 2 17
17 2 1
14 2 14
14 2 1
18 2 19
9 2 11
16 2 23
14 2 24
24 2 24
24 2 14
8 2 8
8 2 14
14 2 8
14 2 20
20 2 20
20 2 14
14 2 25
25 2 1
2 2 4
4 2 19
2 4 2
1 4 2
1 4 1
2 4 1
2 5 2
1 5 2
? 1 b'ProgramData/83/1340.cpp'

2 1 1
3 1 2
5 1 3
5 1 2
36 1 5
4 1 36
4 1 1
11 1 1
9 1 1
6 1 2
6 1 11
6 1 9
16 1 6
16 1 1
25 1 6
25 1 1
19 1 25
19 1 1
23 1 19
24 1 16
24 1 23
19 1 24
21 1 3
21 1 2
21 1 4
21 1 19
28 1 1
3 1 28
15 1 6
5 1 15
8 1 5
8 1 28
8 1 1
10 1 6
12 1 10
12 1 1
13 1 2
13 1 12
6 1 13
14 1 6
14 1 1
29 1 12
6 1 29
15 1 1
17 1 6
18 1 15
18 1 16
18 1 17
18 1 1
7 1 6
7 1 1
2 1 2
2 1 7
19 1 14
20 1 18
20 1 19
19 1 8
19 1 20
22 1 21
3 2 2
36 2 1
2 2 11
11 2 9
9 2 11
11 2 2
6 2 1
25 2 1
16 2 23
24 2 24
24 2 1
2 2 4
4 2 19
2 2 28
2 2 15
5 2 28
28 2 5
5 2 5
5 2 1
10 2 10
10 2 1
2 2 12
29 2 11
11 2 11
11 2 13
15 2 16
16 2 17
17 2 1
2 2 7
14 2 14
14 2 1
18 2 19
8 2 8
8 2 14
14 2 20
20 2 20
20 2 14
14 2 25
21 2 21
2 4 2
1 4 1
2 4 1
1 4 2
2 5 2
1 5 2
? 1 b'ProgramData/83/128.cpp'

2 1 1
3 1 2
4 1 1
5 1 3
5 1 2
9 1 1
6 1 9
15 1 6
5 1 15
8 1 5
8 1 1
10 1 6
11 1 1
6 1 11
6 1 2
12 1 10
12 1 1
13 1 2
13 1 12
6 1 13
14 1 6
14 1 1
7 1 6
7 1 1
2 1 2
2 1 7
15 1 1
16 1 6
16 1 1
17 1 6
18 1 15
18 1 16
18 1 17
18 1 1
19 1 14
19 1 1
20 1 18
20 1 19
23 1 19
24 1 16
24 1 23
33 1 24
26 1 19
24 1 33
24 1 26
19 1 24
19 1 8
19 1 20
21 1 3
21 1 2
21 1 4
21 1 19
22 1 21
3 2 2
2 2 15
5 2 5
5 2 1
11 2 2
10 2 10
10 2 1
2 2 12
6 2 1
2 2 7
2 2 11
11 2 9
15 2 16
16 2 17
17 2 1
14 2 14
14 2 1
18 2 19
16 2 23
23 2 33
33 2 33
33 2 26
14 2 24
24 2 1
8 2 14
14 2 8
8 2 8
8 2 20
20 2 20
20 2 14
2 2 4
4 2 19
2 4 1
2 4 2
1 4 2
1 4 1
1 5 2
2 5 2
? 1 b'ProgramData/83/1338.cpp'

2 1 1
3 1 2
4 1 1
5 1 3
5 1 2
8 1 5
8 1 1
9 1 1
6 1 9
7 1 6
7 1 1
2 1 2
2 1 7
15 1 6
5 1 15
10 1 6
11 1 1
6 1 11
6 1 2
12 1 10
12 1 1
13 1 2
13 1 12
6 1 13
14 1 6
14 1 1
15 1 1
16 1 6
16 1 1
17 1 6
18 1 15
18 1 16
18 1 17
18 1 1
19 1 14
19 1 1
20 1 18
20 1 19
23 1 19
24 1 16
24 1 23
33 1 24
26 1 19
24 1 33
24 1 26
19 1 24
25 1 6
25 1 1
19 1 8
19 1 27
19 1 20
19 1 25
21 1 3
21 1 2
21 1 4
21 1 19
22 1 21
3 2 2
5 2 5
5 2 1
6 2 1
2 2 7
2 2 15
11 2 2
10 2 10
10 2 1
2 2 12
2 2 11
11 2 9
15 2 16
16 2 17
17 2 1
14 2 14
14 2 1
18 2 19
16 2 23
23 2 33
33 2 33
33 2 26
14 2 24
24 2 14
8 2 8
8 2 27
27 2 8
8 2 14
14 2 20
20 2 20
20 2 14
14 2 25
25 2 1
2 2 4
4 2 19
2 4 2
2 5 2
? 1 b'ProgramData/83/137.cpp'

2 1 1
3 1 2
4 1 1
9 1 1
6 1 9
7 1 6
7 1 1
2 1 2
2 1 7
5 1 3
5 1 2
8 1 5
8 1 1
15 1 6
5 1 15
10 1 6
11 1 1
6 1 11
6 1 2
12 1 10
12 1 1
13 1 2
13 1 12
6 1 13
14 1 6
14 1 1
15 1 1
16 1 6
16 1 1
17 1 6
18 1 15
18 1 16
18 1 17
18 1 1
19 1 14
20 1 18
20 1 19
23 1 19
24 1 16
24 1 23
33 1 24
26 1 19
24 1 33
24 1 26
19 1 24
19 1 1
19 1 8
19 1 20
21 1 3
21 1 2
21 1 4
21 1 19
22 1 21
6 2 1
2 2 7
3 2 2
5 2 5
5 2 1
2 2 15
11 2 2
10 2 10
10 2 1
2 2 12
2 2 11
11 2 9
15 2 16
16 2 17
17 2 1
18 2 19
16 2 23
23 2 33
33 2 33
33 2 26
24 2 1
14 2 14
14 2 1
11 2 11
8 2 8
8 2 14
14 2 20
20 2 20
20 2 14
2 2 4
4 2 19
2 4 1
1 4 2
2 4 2
1 4 1
1 5 2
2 5 2
? 1 b'ProgramData/83/1375.cpp'

2 1 1
3 1 2
4 1 1
5 1 3
5 1 2
8 1 5
8 1 1
9 1 1
6 1 9
10 1 6
11 1 1
6 1 11
6 1 2
12 1 10
12 1 1
13 1 2
13 1 12
6 1 13
14 1 6
14 1 1
7 1 6
7 1 1
2 1 2
2 1 7
15 1 6
5 1 15
15 1 1
16 1 6
16 1 1
17 1 6
18 1 15
18 1 16
18 1 17
18 1 1
19 1 14
20 1 18
20 1 19
23 1 19
24 1 16
24 1 23
33 1 24
26 1 19
24 1 33
24 1 26
19 1 24
19 1 1
19 1 8
19 1 20
21 1 3
21 1 2
21 1 4
21 1 19
22 1 21
3 2 2
5 2 1
11 2 2
10 2 10
10 2 1
2 2 12
6 2 1
2 2 7
2 2 15
5 2 5
2 2 11
11 2 9
15 2 16
16 2 17
17 2 1
18 2 19
9 2 11
16 2 23
23 2 33
33 2 33
33 2 26
24 2 1
8 2 14
14 2 8
8 2 8
8 2 20
20 2 20
20 2 14
14 2 14
14 2 1
2 2 4
4 2 19
2 4 2
1 4 2
2 4 1
1 4 1
2 5 2
1 5 2
? 1 b'ProgramData/83/1381.cpp'

2 1 1
3 1 2
4 1 1
5 1 3
5 1 2
9 1 1
6 1 9
15 1 6
5 1 15
7 1 6
7 1 1
2 1 2
2 1 7
19 1 6
19 1 1
6 1 19
8 1 5
8 1 1
10 1 6
11 1 1
6 1 11
6 1 2
12 1 10
12 1 1
13 1 2
13 1 12
6 1 13
14 1 6
14 1 1
15 1 1
16 1 6
16 1 1
17 1 6
18 1 15
18 1 16
18 1 17
18 1 1
19 1 14
20 1 18
20 1 19
23 1 19
24 1 16
24 1 23
19 1 24
19 1 8
19 1 20
21 1 3
21 1 2
21 1 4
21 1 19
22 1 21
3 2 2
2 2 15
6 2 1
2 2 7
5 2 5
5 2 1
11 2 2
10 2 10
10 2 1
2 2 12
2 2 11
11 2 9
15 2 16
16 2 17
17 2 1
14 2 1
18 2 19
16 2 23
9 2 11
14 2 24
24 2 24
24 2 1
14 2 14
8 2 8
8 2 14
14 2 20
20 2 20
20 2 14
2 2 4
4 2 19
1 4 2
2 4 1
2 4 2
1 4 1
2 5 2
1 5 2
? 1 b'ProgramData/83/1345.cpp'

2 1 1
3 1 2
4 1 1
5 1 3
5 1 2
8 1 5
8 1 1
9 1 1
6 1 9
7 1 6
7 1 1
2 1 2
2 1 7
10 1 6
11 1 1
6 1 11
6 1 2
12 1 10
12 1 1
13 1 2
13 1 12
6 1 13
14 1 6
14 1 1
15 1 6
15 1 1
16 1 6
16 1 1
17 1 6
18 1 15
18 1 16
18 1 17
18 1 1
19 1 14
19 1 1
20 1 18
20 1 19
23 1 19
24 1 16
24 1 23
33 1 24
24 1 33
19 1 24
19 1 8
19 1 20
21 1 3
21 1 2
21 1 4
21 1 19
22 1 21
3 2 2
5 2 5
5 2 1
6 2 1
2 2 7
11 2 2
10 2 10
10 2 1
2 2 12
2 2 11
11 2 9
15 2 16
16 2 17
17 2 1
14 2 14
14 2 1
18 2 19
9 2 11
16 2 23
23 2 33
33 2 33
14 2 24
24 2 14
8 2 8
8 2 14
14 2 20
20 2 14
2 2 4
4 2 19
1 4 2
2 4 1
2 4 2
1 4 1
2 5 2
1 5 2
? 1 b'ProgramData/83/1403.cpp'

2 1 1
3 1 2
4 1 1
5 1 3
5 1 2
9 1 1
6 1 9
15 1 6
5 1 15
7 1 6
7 1 1
2 1 2
2 1 7
8 1 5
8 1 1
10 1 6
11 1 1
6 1 11
6 1 2
12 1 10
12 1 1
13 1 2
13 1 12
6 1 13
14 1 6
14 1 1
16 1 6
16 1 1
19 1 14
19 1 1
31 1 16
31 1 19
23 1 19
24 1 16
24 1 23
33 1 24
26 1 19
24 1 33
24 1 26
19 1 24
19 1 8
19 1 31
21 1 3
21 1 2
21 1 4
21 1 19
22 1 21
3 2 2
2 2 15
6 2 1
2 2 7
5 2 5
5 2 1
11 2 2
10 2 10
10 2 1
2 2 12
2 2 11
14 2 14
14 2 1
16 2 19
11 2 9
16 2 23
23 2 33
33 2 33
33 2 26
14 2 24
24 2 14
11 2 11
8 2 8
8 2 14
14 2 31
31 2 31
31 2 14
2 2 4
4 2 19
2 4 2
1 4 2
2 4 1
1 4 1
2 5 2
1 5 2
? 1 b'ProgramData/83/1409.cpp'

2 1 1
3 1 2
4 1 1
5 1 3
5 1 2
9 1 1
6 1 9
7 1 6
7 1 1
2 1 2
2 1 7
15 1 6
5 1 15
8 1 5
8 1 1
10 1 6
11 1 1
6 1 11
6 1 2
12 1 10
12 1 1
13 1 2
13 1 12
6 1 13
14 1 6
14 1 1
15 1 1
16 1 6
16 1 1
17 1 6
18 1 15
18 1 16
18 1 17
18 1 1
19 1 14
19 1 1
20 1 18
20 1 19
23 1 19
24 1 16
24 1 23
33 1 24
26 1 19
24 1 33
24 1 26
19 1 24
25 1 6
25 1 1
19 1 8
19 1 20
19 1 25
21 1 3
21 1 2
21 1 4
21 1 19
22 1 21
3 2 2
6 2 1
2 2 7
2 2 15
5 2 5
5 2 1
11 2 2
10 2 10
10 2 1
2 2 12
2 2 11
11 2 9
15 2 16
16 2 17
17 2 1
14 2 14
14 2 1
18 2 19
9 2 11
16 2 23
23 2 33
33 2 33
33 2 26
14 2 24
24 2 14
8 2 8
8 2 14
14 2 20
20 2 20
20 2 14
14 2 25
25 2 1
2 2 4
4 2 19
2 4 2
2 5 2
? 1 b'ProgramData/83/139.cpp'

2 1 1
3 1 2
5 1 3
5 1 2
36 1 5
4 1 36
4 1 1
8 1 5
8 1 1
11 1 1
9 1 1
6 1 2
6 1 11
6 1 9
16 1 6
16 1 1
25 1 6
25 1 1
19 1 25
23 1 19
24 1 16
24 1 23
33 1 24
26 1 19
24 1 33
24 1 26
19 1 8
19 1 24
19 1 1
21 1 3
21 1 2
21 1 4
21 1 19
7 1 6
7 1 1
2 1 2
2 1 7
15 1 6
5 1 15
10 1 6
12 1 10
12 1 1
13 1 2
13 1 12
6 1 13
14 1 6
14 1 1
15 1 1
17 1 6
18 1 15
18 1 16
18 1 17
18 1 1
19 1 14
20 1 18
20 1 19
19 1 20
22 1 21
3 2 2
36 2 1
5 2 1
2 2 11
11 2 9
9 2 11
11 2 2
6 2 1
16 2 23
23 2 33
33 2 33
33 2 26
8 2 24
24 2 1
2 2 4
4 2 19
2 2 7
5 2 5
2 2 15
10 2 10
10 2 1
2 2 12
15 2 16
16 2 17
17 2 1
14 2 14
14 2 1
18 2 19
11 2 13
13 2 11
8 2 8
8 2 14
14 2 20
20 2 20
20 2 14
14 2 25
25 2 1
21 2 21
1 4 2
2 4 1
2 4 2
2 5 2
1 5 2
? 1 b'ProgramData/83/140.cpp'

2 1 1
3 1 2
4 1 1
5 1 3
5 1 2
8 1 5
8 1 1
9 1 1
6 1 9
10 1 6
11 1 1
6 1 11
6 1 2
12 1 10
12 1 1
13 1 2
13 1 12
6 1 13
14 1 6
14 1 1
15 1 6
5 1 15
7 1 6
7 1 1
2 1 2
2 1 7
16 1 6
16 1 1
19 1 14
19 1 1
31 1 16
31 1 19
23 1 19
24 1 16
24 1 23
33 1 24
26 1 19
24 1 33
24 1 26
19 1 24
25 1 6
25 1 1
19 1 8
19 1 31
19 1 25
21 1 3
21 1 2
21 1 4
21 1 19
22 1 21
3 2 2
5 2 1
11 2 2
10 2 10
10 2 1
2 2 12
6 2 1
2 2 15
2 2 7
2 2 11
14 2 14
14 2 1
16 2 19
11 2 9
16 2 23
23 2 33
33 2 33
33 2 26
14 2 24
24 2 14
8 2 14
14 2 8
8 2 8
8 2 31
31 2 8
31 2 14
14 2 25
25 2 1
2 2 4
4 2 19
2 4 1
2 4 2
1 4 2
1 4 1
1 5 2
2 5 2
? 1 b'ProgramData/83/1437.cpp'

2 1 1
3 1 2
4 1 1
5 1 3
5 1 2
9 1 1
6 1 9
7 1 6
7 1 1
2 1 2
2 1 7
8 1 5
8 1 1
10 1 6
11 1 1
6 1 11
6 1 2
12 1 10
12 1 1
13 1 2
13 1 12
6 1 13
14 1 6
14 1 1
15 1 6
15 1 1
16 1 6
16 1 1
17 1 6
18 1 15
18 1 16
18 1 17
18 1 1
19 1 14
20 1 18
20 1 19
23 1 19
24 1 16
24 1 23
33 1 24
26 1 19
24 1 33
24 1 26
19 1 24
19 1 1
31 1 16
31 1 19
19 1 8
19 1 20
19 1 31
21 1 3
21 1 2
21 1 4
21 1 19
22 1 21
3 2 2
6 2 1
2 2 7
5 2 5
5 2 1
11 2 2
10 2 10
10 2 1
2 2 12
2 2 11
11 2 9
15 2 16
16 2 17
17 2 1
18 2 19
9 2 11
16 2 23
23 2 33
33 2 33
33 2 26
11 2 11
24 2 14
14 2 14
14 2 1
16 2 19
8 2 8
8 2 14
14 2 20
20 2 20
20 2 14
14 2 31
31 2 14
2 2 4
4 2 19
1 4 2
2 4 1
2 4 2
1 4 1
2 5 2
1 5 2
? 1 b'ProgramData/83/1417.cpp'

2 1 1
3 1 2
4 1 1
5 1 3
5 1 2
9 1 1
6 1 9
15 1 6
5 1 15
8 1 5
8 1 1
7 1 6
7 1 1
2 1 2
2 1 7
10 1 6
11 1 1
6 1 11
6 1 2
12 1 10
12 1 1
13 1 2
13 1 12
6 1 13
14 1 6
14 1 1
15 1 5
15 1 1
16 1 6
16 1 1
17 1 6
18 1 15
18 1 16
18 1 17
18 1 1
19 1 14
19 1 1
20 1 18
20 1 19
23 1 19
24 1 16
24 1 23
33 1 24
24 1 33
19 1 24
31 1 16
31 1 19
25 1 6
25 1 1
19 1 8
19 1 20
19 1 31
19 1 25
21 1 3
21 1 2
21 1 4
21 1 19
22 1 21
3 2 2
2 2 15
5 2 5
5 2 1
6 2 1
2 2 7
11 2 2
10 2 10
10 2 1
2 2 12
2 2 11
15 2 16
16 2 17
17 2 1
14 2 14
14 2 1
18 2 19
11 2 9
16 2 23
23 2 33
33 2 33
14 2 24
24 2 14
16 2 19
9 2 11
8 2 8
8 2 14
14 2 20
20 2 31
31 2 14
14 2 25
25 2 1
2 2 4
4 2 19
1 4 2
2 4 1
2 4 2
2 5 2
1 5 2
? 1 b'ProgramData/83/1468.cpp'

2 1 1
3 1 2
5 1 3
5 1 2
36 1 5
4 1 36
4 1 1
45 1 3
45 1 2
45 1 4
45 1 1
8 1 5
8 1 1
9 1 1
6 1 9
15 1 6
5 1 15
7 1 6
7 1 1
2 1 2
2 1 7
10 1 6
11 1 1
6 1 11
6 1 2
12 1 10
12 1 1
13 1 2
13 1 12
6 1 13
14 1 6
14 1 1
15 1 1
16 1 6
16 1 1
17 1 6
18 1 15
18 1 16
18 1 17
18 1 1
19 1 14
19 1 1
20 1 18
20 1 19
25 1 6
25 1 1
19 1 8
19 1 20
19 1 25
21 1 3
21 1 2
21 1 4
21 1 19
23 1 19
24 1 16
24 1 23
33 1 24
26 1 19
24 1 33
24 1 26
19 1 24
22 1 45
22 1 21
3 2 2
36 2 1
2 2 4
4 2 1
5 2 5
5 2 1
2 2 15
6 2 1
2 2 7
11 2 2
10 2 10
10 2 1
2 2 12
2 2 11
11 2 9
15 2 16
16 2 17
17 2 1
14 2 1
18 2 19
11 2 13
13 2 11
14 2 14
8 2 8
8 2 14
14 2 20
20 2 20
20 2 14
14 2 25
25 2 1
4 2 19
16 2 23
23 2 33
33 2 33
33 2 26
24 2 1
45 2 21
21 2 21
2 4 2
1 4 2
2 4 1
1 4 1
2 5 2
1 5 2
? 1 b'ProgramData/83/1475.cpp'

2 1 1
3 1 2
4 1 1
5 1 3
5 1 2
9 1 1
6 1 9
7 1 6
7 1 1
2 1 2
2 1 7
15 1 6
5 1 15
8 1 5
8 1 1
10 1 6
11 1 1
6 1 11
6 1 2
12 1 10
12 1 1
13 1 2
13 1 12
6 1 13
14 1 6
14 1 1
15 1 1
16 1 6
16 1 1
17 1 6
18 1 15
18 1 16
18 1 17
18 1 1
19 1 14
19 1 1
20 1 18
20 1 19
23 1 19
24 1 16
24 1 23
33 1 24
24 1 33
19 1 24
19 1 8
19 1 20
21 1 3
21 1 2
21 1 4
21 1 19
22 1 27
22 1 21
3 2 2
6 2 1
2 2 7
2 2 15
5 2 5
5 2 1
11 2 2
10 2 10
10 2 1
2 2 12
2 2 11
11 2 9
15 2 16
16 2 17
17 2 1
14 2 1
18 2 19
9 2 11
16 2 23
23 2 33
33 2 33
14 2 24
24 2 1
8 2 8
8 2 14
14 2 20
20 2 20
20 2 14
14 2 14
2 2 4
4 2 19
27 2 21
1 4 2
2 4 1
2 4 2
1 4 1
2 5 2
1 5 2
? 1 b'ProgramData/83/1447.cpp'

2 1 1
3 1 2
4 1 1
9 1 1
6 1 9
7 1 6
7 1 1
2 1 2
2 1 7
5 1 3
5 1 2
15 1 6
5 1 15
8 1 5
8 1 1
10 1 6
11 1 1
6 1 11
6 1 2
12 1 10
12 1 1
13 1 2
13 1 12
6 1 13
14 1 6
14 1 1
15 1 1
16 1 6
16 1 1
17 1 6
18 1 15
18 1 16
18 1 17
18 1 1
19 1 14
20 1 18
20 1 19
23 1 19
24 1 16
24 1 23
33 1 24
26 1 19
24 1 33
24 1 26
19 1 24
19 1 1
19 1 8
19 1 20
21 1 3
21 1 2
21 1 4
21 1 19
22 1 21
6 2 1
2 2 7
3 2 2
2 2 15
5 2 5
5 2 1
11 2 2
10 2 10
10 2 1
2 2 12
2 2 11
11 2 9
15 2 16
16 2 17
17 2 1
18 2 19
9 2 11
16 2 23
23 2 33
33 2 33
33 2 26
24 2 14
14 2 14
14 2 1
11 2 11
8 2 8
8 2 14
14 2 20
20 2 14
20 2 20
2 2 4
4 2 19
1 4 2
2 4 1
2 4 2
1 4 1
2 5 2
1 5 2
? 1 b'ProgramData/83/1507.cpp'

2 1 1
3 1 2
4 1 1
5 1 3
5 1 2
8 1 5
8 1 1
9 1 1
6 1 9
7 1 6
7 1 1
2 1 2
2 1 7
19 1 6
19 1 1
6 1 19
15 1 6
5 1 15
11 1 1
6 1 2
6 1 11
14 1 6
14 1 1
10 1 6
12 1 10
12 1 1
13 1 2
13 1 12
6 1 13
15 1 1
16 1 6
16 1 1
17 1 6
18 1 15
18 1 16
18 1 17
18 1 1
19 1 14
20 1 18
20 1 19
23 1 19
24 1 16
24 1 23
33 1 24
26 1 19
24 1 33
24 1 26
19 1 24
25 1 6
25 1 1
19 1 8
19 1 20
19 1 25
21 1 3
21 1 2
21 1 4
21 1 19
22 1 21
3 2 2
5 2 5
5 2 1
6 2 1
2 2 7
6 2 6
2 2 15
2 2 11
11 2 9
11 2 2
10 2 10
10 2 1
2 2 12
15 2 16
16 2 17
17 2 1
18 2 19
9 2 11
16 2 23
23 2 33
33 2 33
33 2 26
24 2 1
14 2 14
14 2 1
8 2 8
8 2 14
14 2 20
20 2 20
20 2 14
14 2 25
25 2 1
2 2 4
4 2 19
2 4 2
1 4 2
1 4 1
2 4 1
2 5 2
1 5 2
? 1 b'ProgramData/83/1530.cpp'

2 1 1
3 1 2
4 1 1
9 1 1
6 1 9
7 1 6
7 1 1
2 1 2
2 1 7
5 1 3
5 1 2
8 1 5
8 1 1
11 1 1
6 1 2
6 1 11
14 1 6
14 1 1
10 1 6
12 1 10
12 1 1
13 1 2
13 1 12
6 1 13
15 1 6
15 1 1
16 1 6
16 1 1
17 1 6
18 1 15
18 1 16
18 1 17
18 1 1
19 1 14
20 1 18
20 1 19
23 1 19
24 1 16
24 1 23
33 1 24
26 1 19
24 1 33
24 1 26
19 1 24
19 1 1
19 1 8
19 1 20
21 1 3
21 1 2
21 1 4
21 1 19
22 1 21
6 2 1
2 2 7
3 2 2
5 2 1
5 2 5
2 2 11
11 2 9
11 2 2
10 2 10
10 2 1
2 2 12
15 2 16
16 2 17
17 2 1
18 2 19
16 2 23
23 2 33
33 2 33
33 2 26
24 2 1
14 2 14
14 2 1
11 2 13
8 2 8
8 2 14
14 2 20
20 2 20
20 2 14
2 2 4
4 2 19
2 4 1
2 4 2
1 4 2
1 4 1
1 5 2
2 5 2
? 1 b'ProgramData/83/1522.cpp'

2 1 1
3 1 2
4 1 1
9 1 1
6 1 9
7 1 6
7 1 1
2 1 2
2 1 7
5 1 3
5 1 2
15 1 6
5 1 15
8 1 5
8 1 1
10 1 6
11 1 1
6 1 11
6 1 2
12 1 10
12 1 1
13 1 2
13 1 12
6 1 13
14 1 6
14 1 1
15 1 1
16 1 6
16 1 1
17 1 6
18 1 15
18 1 16
18 1 17
18 1 1
19 1 14
19 1 1
20 1 18
20 1 19
23 1 19
24 1 16
24 1 23
33 1 24
26 1 19
24 1 33
24 1 26
19 1 24
19 1 8
19 1 20
21 1 3
21 1 2
21 1 4
21 1 19
22 1 21
6 2 1
2 2 7
3 2 2
2 2 15
5 2 5
5 2 1
11 2 2
10 2 10
10 2 1
2 2 12
2 2 11
11 2 9
15 2 16
16 2 17
17 2 1
14 2 14
14 2 1
18 2 19
9 2 11
16 2 23
23 2 33
33 2 33
33 2 26
14 2 24
24 2 14
8 2 8
8 2 14
14 2 20
20 2 20
20 2 14
2 2 4
4 2 19
2 4 2
1 4 2
2 4 1
1 4 1
2 5 2
1 5 2
? 1 b'ProgramData/83/155.cpp'

2 1 1
3 1 2
4 1 1
5 1 3
5 1 2
9 1 1
6 1 9
7 1 6
7 1 1
2 1 2
2 1 7
8 1 5
8 1 1
10 1 6
11 1 1
6 1 11
6 1 2
12 1 10
12 1 1
13 1 2
13 1 12
6 1 13
14 1 6
14 1 1
15 1 6
15 1 1
16 1 6
16 1 1
17 1 6
18 1 15
18 1 16
18 1 17
18 1 1
19 1 14
20 1 18
20 1 19
23 1 19
24 1 16
24 1 23
19 1 24
19 1 1
19 1 8
19 1 20
21 1 3
21 1 2
21 1 4
21 1 19
22 1 21
3 2 2
6 2 1
2 2 7
5 2 5
5 2 1
11 2 2
10 2 10
10 2 1
2 2 12
2 2 11
11 2 9
15 2 16
16 2 17
17 2 1
18 2 19
16 2 23
9 2 11
11 2 11
24 2 24
24 2 14
14 2 14
14 2 1
8 2 8
8 2 14
14 2 20
20 2 20
20 2 14
2 2 4
4 2 19
2 4 2
1 4 2
2 4 1
1 4 1
2 5 2
1 5 2
? 1 b'ProgramData/83/1561.cpp'

2 1 1
3 1 2
9 1 1
6 1 9
7 1 6
7 1 1
2 1 2
2 1 7
5 1 3
5 1 2
8 1 5
8 1 1
4 1 1
11 1 1
6 1 2
6 1 11
14 1 6
14 1 1
10 1 6
12 1 10
12 1 1
13 1 2
13 1 12
6 1 13
15 1 6
15 1 1
16 1 6
16 1 1
17 1 6
18 1 15
18 1 16
18 1 17
18 1 1
19 1 14
19 1 1
20 1 18
20 1 19
42 1 6
42 1 1
30 1 1
43 1 1
19 1 42
19 1 30
19 1 43
44 1 16
44 1 19
19 1 44
25 1 6
25 1 1
19 1 8
19 1 20
19 1 25
21 1 3
21 1 2
21 1 4
21 1 19
22 1 8
22 1 21
6 2 1
2 2 7
3 2 2
5 2 1
5 2 5
2 2 11
11 2 9
11 2 2
10 2 10
10 2 1
2 2 12
15 2 16
16 2 17
17 2 1
14 2 14
14 2 1
18 2 19
42 2 14
14 2 30
30 2 42
30 2 43
43 2 14
30 2 1
16 2 19
14 2 44
44 2 14
8 2 8
8 2 14
14 2 20
20 2 20
20 2 14
14 2 25
25 2 1
2 2 4
4 2 19
8 2 21
2 4 2
1 4 2
2 4 1
2 5 2
1 5 2
? 1 b'ProgramData/83/1533.cpp'

2 1 1
3 1 2
4 1 1
5 1 3
5 1 2
9 1 1
6 1 9
7 1 6
7 1 1
2 1 2
2 1 7
8 1 5
8 1 1
10 1 6
11 1 1
6 1 11
6 1 2
12 1 10
12 1 1
13 1 2
13 1 12
6 1 13
14 1 6
14 1 1
15 1 6
15 1 1
16 1 6
16 1 1
17 1 6
18 1 15
18 1 16
18 1 17
18 1 1
19 1 14
19 1 1
20 1 18
20 1 19
23 1 19
24 1 16
24 1 23
33 1 24
26 1 19
24 1 33
24 1 26
19 1 24
19 1 8
19 1 20
21 1 3
21 1 2
21 1 4
21 1 19
22 1 21
3 2 2
6 2 1
2 2 7
5 2 5
5 2 1
11 2 2
10 2 10
10 2 1
2 2 12
2 2 11
11 2 9
11 2 11
9 2 11
15 2 16
16 2 17
17 2 1
14 2 14
14 2 1
18 2 19
16 2 23
23 2 33
33 2 33
33 2 26
14 2 24
24 2 14
8 2 8
8 2 14
14 2 20
20 2 20
20 2 14
2 2 4
4 2 19
2 4 2
1 4 2
1 4 1
2 4 1
2 5 2
1 5 2
? 1 b'ProgramData/83/1564.cpp'

2 1 1
3 1 2
4 1 1
5 1 3
5 1 2
8 1 5
8 1 1
9 1 1
6 1 9
7 1 6
7 1 1
2 1 2
2 1 7
15 1 6
5 1 15
10 1 6
11 1 1
6 1 11
6 1 2
12 1 10
12 1 1
13 1 2
13 1 12
6 1 13
14 1 6
14 1 1
15 1 1
16 1 6
16 1 1
17 1 6
18 1 15
18 1 16
18 1 17
18 1 1
19 1 14
19 1 1
20 1 18
20 1 19
23 1 19
24 1 16
24 1 23
33 1 24
26 1 19
24 1 33
24 1 26
19 1 24
19 1 8
19 1 20
21 1 3
21 1 2
21 1 4
21 1 19
22 1 21
3 2 2
5 2 5
5 2 1
6 2 1
2 2 7
2 2 15
11 2 2
10 2 10
10 2 1
2 2 12
2 2 11
11 2 9
15 2 16
16 2 17
17 2 1
14 2 14
14 2 1
18 2 19
16 2 23
23 2 33
33 2 33
33 2 26
14 2 24
24 2 14
8 2 8
8 2 14
14 2 20
20 2 20
20 2 14
2 2 4
4 2 19
1 4 1
2 4 1
2 4 2
1 4 2
1 5 2
2 5 2
? 1 b'ProgramData/83/1578.cpp'

2 1 1
3 1 2
4 1 1
5 1 3
5 1 2
9 1 1
6 1 9
7 1 6
7 1 1
2 1 2
2 1 7
8 1 5
8 1 1
10 1 6
11 1 1
6 1 11
6 1 2
12 1 10
12 1 1
13 1 2
13 1 12
6 1 13
14 1 6
14 1 1
15 1 6
15 1 1
16 1 6
16 1 1
17 1 6
18 1 15
18 1 16
18 1 17
18 1 1
19 1 14
19 1 1
20 1 18
20 1 19
23 1 19
24 1 16
24 1 23
33 1 24
24 1 33
19 1 24
19 1 8
19 1 20
21 1 3
21 1 2
21 1 4
21 1 19
22 1 21
3 2 2
6 2 1
2 2 7
5 2 5
5 2 1
11 2 2
10 2 10
10 2 1
2 2 12
2 2 11
11 2 9
15 2 16
16 2 17
17 2 1
14 2 14
14 2 1
18 2 19
9 2 11
16 2 23
23 2 33
33 2 33
24 2 1
11 2 11
8 2 8
8 2 14
14 2 20
20 2 20
20 2 14
2 2 4
4 2 19
2 4 2
1 4 2
2 4 1
1 4 1
2 5 2
1 5 2
? 1 b'ProgramData/83/1563.cpp'

2 1 1
3 1 2
4 1 1
5 1 3
5 1 2
9 1 1
6 1 9
7 1 6
7 1 1
2 1 2
2 1 7
15 1 6
5 1 15
8 1 5
8 1 1
10 1 6
11 1 1
6 1 11
6 1 2
12 1 10
12 1 1
13 1 2
13 1 12
6 1 13
14 1 6
14 1 1
15 1 1
16 1 6
16 1 1
17 1 6
18 1 15
18 1 16
18 1 17
18 1 1
19 1 14
19 1 1
20 1 18
20 1 19
23 1 19
24 1 16
24 1 23
33 1 24
26 1 19
24 1 33
24 1 26
19 1 24
19 1 8
19 1 20
21 1 3
21 1 2
21 1 4
21 1 19
22 1 21
3 2 2
6 2 1
2 2 7
7 2 7
2 2 15
5 2 5
5 2 1
11 2 2
10 2 10
10 2 1
2 2 12
2 2 11
11 2 9
15 2 16
16 2 17
17 2 1
14 2 1
18 2 19
9 2 11
16 2 23
23 2 33
33 2 33
33 2 26
24 2 14
14 2 14
11 2 11
8 2 8
8 2 14
14 2 20
20 2 20
20 2 14
2 2 4
4 2 19
2 4 2
1 4 2
1 4 1
2 4 1
2 5 2
1 5 2
? 1 b'ProgramData/83/1589.cpp'

2 1 1
3 1 2
4 1 1
5 1 3
5 1 2
8 1 5
8 1 1
9 1 1
6 1 9
15 1 6
5 1 15
7 1 6
7 1 1
2 1 2
2 1 7
10 1 6
11 1 1
6 1 11
6 1 2
12 1 10
12 1 1
13 1 2
13 1 12
6 1 13
14 1 6
14 1 1
15 1 1
16 1 6
16 1 1
17 1 6
18 1 15
18 1 16
18 1 17
18 1 1
19 1 14
20 1 18
20 1 19
19 1 1
23 1 19
24 1 16
24 1 23
33 1 24
24 1 33
19 1 24
25 1 6
25 1 1
19 1 8
19 1 20
19 1 25
21 1 3
21 1 2
21 1 4
21 1 19
22 1 21
3 2 2
5 2 5
5 2 1
2 2 15
6 2 1
2 2 7
11 2 2
10 2 10
10 2 1
2 2 12
2 2 11
11 2 9
15 2 16
16 2 17
17 2 1
18 2 19
9 2 11
11 2 11
14 2 1
16 2 23
23 2 33
33 2 33
24 2 14
14 2 14
8 2 8
8 2 14
14 2 20
20 2 20
20 2 14
14 2 25
25 2 1
2 2 4
4 2 19
2 4 2
1 4 2
1 4 1
2 4 1
2 5 2
1 5 2
? 1 b'ProgramData/83/1621.cpp'

2 1 1
3 1 2
4 1 1
5 1 3
5 1 2
9 1 1
6 1 9
7 1 6
7 1 1
2 1 2
2 1 7
8 1 5
8 1 1
15 1 6
5 1 15
10 1 6
11 1 1
6 1 11
6 1 2
12 1 10
12 1 1
13 1 2
13 1 12
6 1 13
14 1 6
14 1 1
15 1 1
16 1 6
16 1 1
17 1 6
18 1 15
18 1 16
18 1 17
18 1 1
19 1 14
19 1 1
20 1 18
20 1 19
23 1 19
24 1 16
24 1 23
33 1 24
26 1 19
24 1 33
24 1 26
19 1 24
25 1 6
25 1 1
19 1 8
19 1 20
19 1 25
21 1 3
21 1 2
21 1 4
21 1 19
22 1 21
3 2 2
6 2 1
2 2 7
5 2 5
5 2 1
2 2 15
11 2 2
10 2 10
10 2 1
2 2 12
2 2 11
11 2 9
15 2 16
16 2 17
17 2 1
14 2 14
14 2 1
18 2 19
16 2 23
23 2 33
33 2 33
33 2 26
14 2 24
24 2 14
8 2 8
8 2 14
14 2 20
20 2 20
20 2 14
14 2 25
25 2 1
2 2 4
4 2 19
2 4 1
2 4 2
1 4 2
1 4 1
1 5 2
2 5 2
? 1 b'ProgramData/83/1658.cpp'

2 1 1
3 1 2
4 1 1
5 1 3
5 1 2
9 1 1
6 1 9
7 1 6
7 1 1
2 1 2
2 1 7
8 1 5
8 1 1
11 1 1
6 1 2
6 1 11
14 1 6
14 1 11
14 1 1
10 1 6
12 1 10
12 1 1
13 1 2
13 1 12
6 1 13
15 1 6
15 1 1
16 1 6
16 1 1
17 1 6
18 1 15
18 1 16
18 1 17
18 1 1
19 1 14
19 1 1
20 1 18
20 1 19
23 1 19
24 1 16
24 1 23
33 1 24
26 1 19
24 1 33
24 1 26
19 1 24
25 1 6
25 1 1
19 1 8
19 1 20
19 1 25
21 1 3
21 1 2
21 1 4
21 1 19
22 1 21
3 2 2
6 2 1
2 2 7
5 2 5
5 2 1
2 2 11
11 2 9
6 2 11
11 2 6
11 2 2
10 2 10
10 2 1
2 2 12
15 2 16
16 2 17
17 2 1
14 2 14
14 2 1
18 2 19
9 2 11
16 2 23
23 2 33
33 2 33
33 2 26
11 2 11
14 2 24
24 2 14
8 2 8
8 2 14
14 2 20
20 2 20
20 2 14
14 2 25
25 2 1
2 2 4
4 2 19
2 4 2
1 4 2
1 4 1
2 4 1
2 5 2
1 5 2
? 1 b'ProgramData/83/1646.cpp'

2 1 1
3 1 2
4 1 1
28 1 1
3 1 28
5 1 3
5 1 2
8 1 5
8 1 1
9 1 1
6 1 9
15 1 6
5 1 15
10 1 6
11 1 1
6 1 11
6 1 2
12 1 10
12 1 1
13 1 2
13 1 12
6 1 13
14 1 6
14 1 1
29 1 12
6 1 29
15 1 1
16 1 6
16 1 1
17 1 6
18 1 15
18 1 16
18 1 17
18 1 1
19 1 14
19 1 1
20 1 18
20 1 19
23 1 19
24 1 16
24 1 23
33 1 24
26 1 19
24 1 33
24 1 26
19 1 24
25 1 6
25 1 1
19 1 8
19 1 20
19 1 25
21 1 3
21 1 2
21 1 4
21 1 19
22 1 21
2 2 28
3 2 2
5 2 1
2 2 15
5 2 5
11 2 2
10 2 10
10 2 1
2 2 12
6 2 1
29 2 11
2 2 11
11 2 11
11 2 13
11 2 9
15 2 16
16 2 17
17 2 1
14 2 14
14 2 1
18 2 19
9 2 11
16 2 23
23 2 33
33 2 33
33 2 26
24 2 1
8 2 8
8 2 14
14 2 20
20 2 20
20 2 14
14 2 25
25 2 1
2 2 4
4 2 19
1 4 1
2 4 1
2 4 2
1 4 2
1 5 2
2 5 2
1 5 1
? 1 b'ProgramData/83/1624.cpp'

2 1 1
3 1 2
4 1 1
5 1 3
5 1 2
9 1 1
6 1 9
7 1 6
7 1 1
2 1 2
2 1 7
8 1 5
8 1 1
15 1 6
5 1 15
10 1 6
11 1 1
6 1 11
6 1 2
12 1 10
12 1 1
13 1 2
13 1 12
6 1 13
14 1 6
14 1 1
15 1 1
16 1 6
16 1 1
17 1 6
18 1 15
18 1 16
18 1 17
18 1 1
19 1 14
19 1 1
20 1 18
20 1 19
42 1 6
42 1 1
30 1 1
19 1 30
19 1 42
19 1 19
44 1 16
44 1 19
19 1 44
25 1 6
25 1 1
19 1 8
19 1 20
19 1 25
21 1 3
21 1 2
21 1 4
21 1 19
22 1 21
3 2 2
6 2 1
2 2 7
5 2 5
5 2 1
2 2 15
11 2 2
10 2 10
10 2 1
2 2 12
2 2 11
11 2 9
15 2 16
16 2 17
17 2 1
14 2 1
18 2 19
14 2 30
30 2 1
42 2 42
42 2 19
19 2 42
19 2 1
16 2 19
14 2 44
44 2 1
8 2 8
8 2 14
14 2 20
20 2 20
20 2 14
14 2 14
14 2 25
25 2 1
2 2 4
4 2 19
2 4 2
1 4 2
1 4 1
2 4 1
2 5 2
1 5 2
? 1 b'ProgramData/83/1696.cpp'

2 1 1
3 1 2
4 1 1
5 1 3
5 1 2
8 1 5
8 1 1
9 1 1
6 1 9
10 1 6
11 1 1
6 1 11
6 1 2
12 1 10
12 1 1
13 1 2
13 1 12
6 1 13
14 1 6
14 1 1
7 1 6
7 1 1
2 1 2
2 1 7
15 1 6
5 1 15
15 1 1
16 1 6
16 1 1
17 1 6
18 1 15
18 1 16
18 1 17
18 1 1
19 1 14
19 1 1
20 1 18
20 1 19
23 1 19
24 1 16
24 1 23
33 1 24
26 1 19
24 1 33
24 1 26
19 1 24
25 1 6
25 1 1
19 1 8
19 1 20
19 1 25
21 1 3
21 1 2
21 1 4
21 1 19
22 1 21
3 2 2
5 2 5
5 2 1
11 2 2
10 2 10
10 2 1
2 2 12
6 2 1
2 2 7
2 2 15
2 2 11
11 2 9
15 2 16
16 2 17
17 2 1
14 2 14
14 2 1
18 2 19
9 2 11
16 2 23
23 2 33
33 2 33
33 2 26
14 2 24
24 2 1
8 2 14
14 2 8
8 2 8
8 2 20
20 2 20
20 2 14
14 2 25
25 2 1
2 2 4
4 2 19
2 4 2
1 4 2
2 4 1
1 4 1
2 5 2
1 5 2
? 1 b'ProgramData/83/1715.cpp'

2 1 1
3 1 2
4 1 1
5 1 3
5 1 2
9 1 1
6 1 9
7 1 6
7 1 1
2 1 2
2 1 7
8 1 5
8 1 1
15 1 6
5 1 15
10 1 6
11 1 1
6 1 11
6 1 2
12 1 10
12 1 1
13 1 2
13 1 12
6 1 13
14 1 6
14 1 1
15 1 1
16 1 6
16 1 1
17 1 6
18 1 15
18 1 16
18 1 17
18 1 1
19 1 14
19 1 1
20 1 18
20 1 19
23 1 19
24 1 16
24 1 23
19 1 24
19 1 8
19 1 20
21 1 3
21 1 2
21 1 4
21 1 19
22 1 21
3 2 2
6 2 1
2 2 7
5 2 5
5 2 1
2 2 15
11 2 2
10 2 10
10 2 1
2 2 12
2 2 11
11 2 9
15 2 16
16 2 17
17 2 1
14 2 14
14 2 1
18 2 19
9 2 11
16 2 23
14 2 24
24 2 24
24 2 14
11 2 13
8 2 8
8 2 14
14 2 20
20 2 20
20 2 14
2 2 4
4 2 19
2 4 2
1 4 2
2 4 1
1 4 1
2 5 2
1 5 2
? 1 b'ProgramData/83/170.cpp'

2 1 1
3 1 2
4 1 1
9 1 1
6 1 9
7 1 6
7 1 1
2 1 2
2 1 7
5 1 3
5 1 2
8 1 5
8 1 1
15 1 6
5 1 15
10 1 6
11 1 1
6 1 11
6 1 2
12 1 10
12 1 1
13 1 2
13 1 12
6 1 13
14 1 6
14 1 1
15 1 5
15 1 1
16 1 6
16 1 1
17 1 6
18 1 15
18 1 16
18 1 17
18 1 1
19 1 14
19 1 1
20 1 18
20 1 19
23 1 19
24 1 16
24 1 23
19 1 24
25 1 6
25 1 1
19 1 8
19 1 20
19 1 25
21 1 3
21 1 2
21 1 4
21 1 19
22 1 21
6 2 1
2 2 7
7 2 7
3 2 2
5 2 1
2 2 15
11 2 2
10 2 10
10 2 1
2 2 12
2 2 11
15 2 16
16 2 17
17 2 1
14 2 14
14 2 1
18 2 19
11 2 9
9 2 11
16 2 23
14 2 24
24 2 24
24 2 1
8 2 8
8 2 14
14 2 20
20 2 8
14 2 25
25 2 1
2 2 4
4 2 19
2 4 1
1 4 2
1 4 1
2 4 2
1 5 2
2 5 2
? 1 b'ProgramData/83/1757.cpp'

2 1 1
3 1 2
4 1 1
5 1 3
5 1 2
9 1 1
6 1 9
15 1 6
5 1 15
8 1 5
8 1 1
10 1 6
11 1 1
6 1 11
6 1 2
12 1 10
12 1 1
13 1 2
13 1 12
6 1 13
14 1 6
14 1 1
7 1 6
7 1 1
2 1 2
2 1 7
15 1 1
16 1 6
16 1 1
17 1 6
18 1 15
18 1 16
18 1 17
18 1 1
19 1 14
19 1 1
20 1 18
20 1 19
19 1 20
23 1 19
24 1 16
24 1 23
33 1 24
24 1 33
19 1 24
25 1 6
25 1 1
19 1 8
19 1 25
21 1 3
21 1 2
21 1 4
21 1 19
22 1 21
3 2 2
2 2 15
5 2 5
5 2 1
11 2 2
10 2 10
10 2 1
2 2 12
6 2 1
2 2 7
7 2 7
2 2 11
11 2 9
15 2 16
16 2 17
17 2 1
14 2 1
18 2 19
20 2 1
9 2 11
16 2 23
23 2 33
33 2 33
24 2 14
14 2 14
8 2 14
14 2 8
8 2 8
8 2 20
20 2 20
20 2 14
14 2 25
25 2 1
2 2 4
4 2 19
2 4 2
1 4 2
1 4 1
2 4 1
2 5 2
1 5 2
? 1 b'ProgramData/83/1747.cpp'

2 1 1
3 1 2
5 1 3
5 1 2
36 1 5
4 1 36
4 1 1
9 1 1
11 1 1
6 1 9
6 1 11
6 1 2
16 1 6
16 1 1
25 1 6
25 1 1
19 1 25
19 1 1
23 1 19
24 1 16
24 1 23
26 1 19
24 1 26
19 1 24
21 1 3
21 1 2
21 1 4
21 1 19
8 1 5
8 1 1
15 1 6
5 1 15
7 1 6
7 1 1
2 1 2
2 1 7
10 1 6
12 1 10
12 1 1
13 1 2
13 1 12
6 1 13
14 1 6
14 1 1
19 1 14
31 1 16
31 1 19
19 1 8
19 1 31
22 1 21
3 2 2
36 2 1
9 2 11
11 2 2
2 2 11
11 2 9
6 2 1
25 2 1
16 2 23
23 2 26
24 2 24
24 2 1
2 2 4
4 2 19
5 2 1
2 2 15
5 2 5
2 2 7
10 2 10
10 2 1
2 2 12
14 2 14
14 2 1
16 2 19
11 2 11
11 2 13
13 2 11
8 2 8
8 2 14
14 2 8
8 2 31
31 2 14
14 2 31
21 2 21
1 4 2
2 4 1
2 4 2
1 4 1
2 5 2
1 5 2
? 1 b'ProgramData/83/1799.cpp'

2 1 1
3 1 2
4 1 1
5 1 3
5 1 2
8 1 5
8 1 1
9 1 1
6 1 9
7 1 6
7 1 1
2 1 2
2 1 7
15 1 6
5 1 15
10 1 6
11 1 1
6 1 11
6 1 2
12 1 10
12 1 1
13 1 2
13 1 12
6 1 13
14 1 6
14 1 1
15 1 1
16 1 6
16 1 1
17 1 6
18 1 15
18 1 16
18 1 17
18 1 1
19 1 14
19 1 1
20 1 18
20 1 19
23 1 19
24 1 16
24 1 23
19 1 24
25 1 6
25 1 1
19 1 8
19 1 20
19 1 25
21 1 3
21 1 2
21 1 4
21 1 19
22 1 21
3 2 2
5 2 5
5 2 1
6 2 1
2 2 7
2 2 15
11 2 2
10 2 10
10 2 1
2 2 12
2 2 11
11 2 9
15 2 16
16 2 17
17 2 1
14 2 1
18 2 19
9 2 11
16 2 23
14 2 24
24 2 24
24 2 14
14 2 14
8 2 8
8 2 14
14 2 20
20 2 20
20 2 14
14 2 25
25 2 1
2 2 4
4 2 19
1 4 2
2 4 1
2 4 2
1 4 1
2 5 2
1 5 2
? 1 b'ProgramData/83/1810.cpp'

2 1 1
3 1 2
4 1 1
5 1 3
5 1 2
9 1 1
6 1 9
7 1 6
7 1 1
2 1 2
2 1 7
15 1 6
5 1 15
8 1 5
8 1 1
10 1 6
11 1 1
6 1 11
6 1 2
12 1 10
12 1 1
13 1 2
13 1 12
6 1 13
14 1 6
14 1 1
15 1 1
16 1 6
16 1 1
17 1 6
18 1 15
18 1 16
18 1 17
18 1 1
19 1 14
19 1 1
20 1 18
20 1 19
23 1 19
24 1 16
24 1 23
33 1 24
24 1 33
19 1 24
25 1 6
25 1 1
19 1 8
19 1 20
19 1 25
21 1 3
21 1 2
21 1 4
21 1 19
22 1 21
3 2 2
6 2 1
2 2 7
2 2 15
5 2 5
5 2 1
11 2 2
10 2 10
10 2 1
2 2 12
2 2 11
11 2 9
15 2 16
16 2 17
17 2 1
11 2 11
14 2 14
14 2 1
18 2 19
9 2 11
16 2 23
23 2 33
33 2 33
14 2 24
24 2 1
8 2 8
8 2 14
14 2 20
20 2 20
20 2 14
14 2 25
25 2 1
2 2 4
4 2 19
1 4 2
2 4 1
2 4 2
1 4 1
2 5 2
1 5 2
? 1 b'ProgramData/83/1918.cpp'

2 1 1
3 1 2
4 1 1
9 1 1
6 1 9
7 1 6
7 1 1
2 1 2
2 1 7
5 1 3
5 1 2
8 1 5
8 1 1
10 1 6
11 1 1
6 1 11
6 1 2
12 1 10
12 1 1
13 1 2
13 1 12
6 1 13
14 1 6
14 1 1
15 1 6
15 1 1
16 1 6
16 1 1
17 1 6
18 1 15
18 1 16
18 1 17
18 1 1
19 1 14
19 1 1
20 1 18
20 1 19
23 1 19
24 1 16
24 1 23
33 1 24
24 1 33
19 1 24
25 1 6
25 1 1
19 1 8
19 1 20
19 1 25
21 1 3
21 1 2
21 1 4
21 1 19
22 1 21
6 2 1
2 2 7
3 2 2
5 2 1
5 2 5
11 2 2
10 2 10
10 2 1
2 2 12
2 2 11
11 2 9
15 2 16
16 2 17
17 2 1
14 2 14
14 2 1
18 2 19
9 2 11
11 2 11
16 2 23
23 2 33
33 2 33
24 2 14
8 2 8
8 2 14
14 2 20
20 2 20
20 2 8
14 2 25
25 2 1
2 2 4
4 2 19
1 4 1
2 4 1
2 4 2
1 4 2
1 5 2
2 5 2
? 1 b'ProgramData/83/1922.cpp'

2 1 1
3 1 2
4 1 1
5 1 3
5 1 2
8 1 5
8 1 1
9 1 1
6 1 9
7 1 6
7 1 1
2 1 2
2 1 7
10 1 6
11 1 1
6 1 11
6 1 2
12 1 10
12 1 1
13 1 2
13 1 12
6 1 13
14 1 6
14 1 1
16 1 6
16 1 1
42 1 6
42 1 1
30 1 1
19 1 42
19 1 14
19 1 30
19 1 1
44 1 16
44 1 19
15 1 6
15 1 1
17 1 6
18 1 15
18 1 16
18 1 17
18 1 1
23 1 19
24 1 16
24 1 23
33 1 24
26 1 19
24 1 33
24 1 26
19 1 24
20 1 18
20 1 19
19 1 8
19 1 44
19 1 20
21 1 3
21 1 2
21 1 4
21 1 19
22 1 21
3 2 2
5 2 5
5 2 1
6 2 1
2 2 7
11 2 2
10 2 10
10 2 1
2 2 12
2 2 11
11 2 9
42 2 14
14 2 14
14 2 30
30 2 42
30 2 1
16 2 19
15 2 16
16 2 17
17 2 1
9 2 11
16 2 23
23 2 33
33 2 33
33 2 26
14 2 24
24 2 14
14 2 1
18 2 19
8 2 8
8 2 14
14 2 44
44 2 20
20 2 14
2 2 4
4 2 19
1 4 2
1 4 1
2 4 1
2 4 2
2 5 2
1 5 2
2 5 1
1 5 1
? 1 b'ProgramData/83/189.cpp'

2 1 1
3 1 2
5 1 3
5 1 2
36 1 5
28 1 1
3 1 28
7 1 1
2 1 2
2 1 7
4 1 36
4 1 1
8 1 5
8 1 1
9 1 1
6 1 9
7 1 6
15 1 6
5 1 15
10 1 6
11 1 1
6 1 11
6 1 2
12 1 10
12 1 1
13 1 2
13 1 12
6 1 13
14 1 6
14 1 1
15 1 1
16 1 6
16 1 1
17 1 6
18 1 15
18 1 16
18 1 17
18 1 1
19 1 14
19 1 1
20 1 18
20 1 19
23 1 19
24 1 16
24 1 23
19 1 24
25 1 6
25 1 1
19 1 8
19 1 20
19 1 25
21 1 3
21 1 2
21 1 4
21 1 19
22 1 21
3 2 2
2 2 28
2 2 7
36 2 36
36 2 1
5 2 5
5 2 1
6 2 1
2 2 15
11 2 2
10 2 10
10 2 1
2 2 12
2 2 11
11 2 9
15 2 16
16 2 17
17 2 1
14 2 14
14 2 1
18 2 19
9 2 11
16 2 23
14 2 24
24 2 24
24 2 1
8 2 8
8 2 14
14 2 20
20 2 20
20 2 14
14 2 25
25 2 1
2 2 4
4 2 19
1 4 2
1 4 1
2 4 1
2 4 2
2 5 2
1 5 2
? 1 b'ProgramData/83/1935.cpp'

2 1 1
3 1 2
4 1 1
9 1 1
6 1 9
7 1 6
7 1 1
2 1 2
2 1 7
5 1 3
5 1 2
15 1 6
5 1 15
8 1 5
8 1 1
10 1 6
11 1 1
6 1 11
6 1 2
12 1 10
12 1 1
13 1 2
13 1 12
6 1 13
14 1 6
14 1 1
15 1 1
16 1 6
16 1 1
17 1 6
18 1 15
18 1 16
18 1 17
18 1 1
19 1 14
19 1 1
20 1 18
20 1 19
19 1 6
6 1 19
31 1 16
31 1 19
19 1 31
25 1 6
25 1 1
19 1 8
19 1 20
19 1 25
21 1 3
21 1 2
21 1 4
21 1 19
22 1 21
6 2 1
2 2 7
3 2 2
2 2 15
5 2 5
5 2 1
11 2 2
10 2 10
10 2 1
2 2 12
2 2 11
11 2 9
15 2 16
16 2 17
17 2 1
14 2 14
14 2 1
18 2 19
6 2 6
16 2 19
14 2 31
31 2 14
8 2 8
8 2 14
14 2 20
20 2 20
20 2 8
8 2 20
20 2 14
14 2 25
25 2 1
2 2 4
4 2 19
2 4 1
2 4 2
1 4 2
1 4 1
1 5 2
2 5 2
? 1 b'ProgramData/83/2046.cpp'

2 1 1
3 1 2
4 1 1
9 1 1
6 1 9
7 1 6
7 1 1
2 1 2
2 1 7
5 1 3
5 1 2
15 1 6
5 1 15
8 1 5
8 1 1
10 1 6
11 1 1
6 1 11
6 1 2
12 1 10
12 1 1
13 1 2
13 1 12
6 1 13
14 1 6
14 1 1
15 1 5
15 1 1
16 1 6
16 1 1
17 1 6
18 1 15
18 1 16
18 1 17
18 1 1
19 1 14
19 1 1
20 1 18
20 1 19
23 1 19
24 1 16
24 1 23
33 1 24
26 1 19
24 1 33
24 1 26
19 1 24
25 1 6
25 1 1
19 1 8
19 1 20
19 1 25
21 1 3
21 1 2
21 1 4
21 1 19
22 1 21
6 2 1
2 2 7
3 2 2
2 2 15
5 2 5
5 2 1
11 2 2
10 2 10
10 2 1
2 2 12
2 2 11
15 2 16
16 2 17
17 2 1
14 2 14
14 2 1
18 2 19
11 2 9
9 2 11
16 2 23
23 2 33
33 2 33
33 2 26
14 2 24
24 2 1
11 2 11
11 2 13
8 2 8
8 2 14
14 2 20
20 2 20
20 2 14
14 2 25
25 2 1
2 2 4
4 2 19
2 4 2
1 4 2
1 4 1
2 4 1
2 5 2
1 5 2
? 1 b'ProgramData/83/1999.cpp'

2 1 1
3 1 2
4 1 1
5 1 3
5 1 2
9 1 1
6 1 9
15 1 6
5 1 15
8 1 5
8 1 1
7 1 6
7 1 1
2 1 2
2 1 7
10 1 6
11 1 1
6 1 11
6 1 2
12 1 10
12 1 1
13 1 2
13 1 12
6 1 13
14 1 6
14 1 1
15 1 1
16 1 6
16 1 1
17 1 6
18 1 15
18 1 16
18 1 17
18 1 1
19 1 14
19 1 1
20 1 18
20 1 19
23 1 19
24 1 16
24 1 23
33 1 24
24 1 33
19 1 24
25 1 6
25 1 1
19 1 8
19 1 20
19 1 25
21 1 3
21 1 2
21 1 4
21 1 19
22 1 21
3 2 2
2 2 15
5 2 5
5 2 1
6 2 1
2 2 7
11 2 2
10 2 10
10 2 1
2 2 12
2 2 11
11 2 9
15 2 16
16 2 17
17 2 1
14 2 1
18 2 19
16 2 23
23 2 33
33 2 33
24 2 14
8 2 8
8 2 14
14 2 20
20 2 20
20 2 14
14 2 14
14 2 25
25 2 1
2 2 4
4 2 19
2 4 1
2 4 2
1 4 2
1 4 1
1 5 2
2 5 2
? 1 b'ProgramData/83/2099.cpp'

2 1 1
3 1 2
4 1 1
5 1 3
5 1 2
8 1 5
8 1 1
9 1 1
6 1 9
10 1 6
11 1 1
6 1 11
6 1 2
12 1 10
12 1 1
13 1 2
13 1 12
6 1 13
14 1 6
14 1 1
7 1 6
7 1 1
2 1 2
2 1 7
15 1 6
5 1 15
15 1 1
16 1 6
16 1 1
17 1 6
18 1 15
18 1 16
18 1 17
18 1 1
19 1 14
19 1 1
20 1 18
20 1 19
23 1 19
24 1 16
24 1 23
19 1 24
25 1 6
25 1 1
19 1 8
19 1 20
19 1 25
21 1 3
21 1 2
21 1 4
21 1 19
22 1 21
3 2 2
5 2 1
11 2 2
10 2 10
10 2 1
2 2 12
6 2 1
2 2 7
2 2 15
5 2 5
2 2 11
11 2 9
15 2 16
16 2 17
17 2 1
11 2 11
14 2 1
18 2 19
9 2 11
16 2 23
24 2 24
24 2 1
8 2 14
14 2 8
8 2 8
8 2 20
20 2 20
20 2 14
14 2 14
14 2 25
25 2 1
2 2 4
4 2 19
2 4 2
1 4 2
2 4 1
1 4 1
2 5 2
1 5 2
? 1 b'ProgramData/83/2141.cpp'

2 1 1
3 1 2
4 1 1
9 1 1
6 1 9
7 1 6
7 1 1
2 1 2
2 1 7
5 1 3
5 1 2
8 1 5
8 1 1
15 1 6
5 1 15
10 1 6
11 1 1
6 1 11
6 1 2
12 1 10
12 1 1
13 1 2
13 1 12
6 1 13
14 1 6
14 1 1
15 1 1
16 1 6
16 1 1
17 1 6
18 1 15
18 1 16
18 1 17
18 1 1
19 1 14
19 1 1
20 1 18
20 1 19
23 1 19
24 1 16
24 1 23
33 1 24
26 1 19
24 1 33
24 1 26
19 1 24
25 1 6
25 1 1
19 1 8
19 1 20
19 1 25
21 1 3
21 1 2
21 1 4
21 1 19
22 1 21
6 2 1
2 2 7
3 2 2
5 2 5
5 2 1
2 2 15
11 2 2
10 2 10
10 2 1
2 2 12
2 2 11
11 2 9
15 2 16
16 2 17
17 2 1
11 2 11
14 2 14
14 2 1
18 2 19
9 2 11
16 2 23
23 2 33
33 2 33
33 2 26
24 2 14
8 2 8
8 2 14
14 2 20
20 2 20
20 2 14
14 2 25
25 2 1
2 2 4
4 2 19
1 4 1
2 4 1
1 4 2
2 4 2
1 5 2
2 5 2
? 1 b'ProgramData/83/2127.cpp'

2 1 1
3 1 2
4 1 1
9 1 1
6 1 9
7 1 6
7 1 1
2 1 2
2 1 7
5 1 3
5 1 2
8 1 5
8 1 1
15 1 6
5 1 15
10 1 6
11 1 1
6 1 11
6 1 2
12 1 10
12 1 1
13 1 2
13 1 12
6 1 13
14 1 6
14 1 1
15 1 1
16 1 6
16 1 1
17 1 6
18 1 15
18 1 16
18 1 17
18 1 1
19 1 14
19 1 1
20 1 18
20 1 19
23 1 19
24 1 16
24 1 23
33 1 24
26 1 19
24 1 33
24 1 26
19 1 24
25 1 6
25 1 1
19 1 8
19 1 20
19 1 25
21 1 3
21 1 2
21 1 4
21 1 19
22 1 21
6 2 1
2 2 7
3 2 2
5 2 1
5 2 5
2 2 15
11 2 2
10 2 10
10 2 1
2 2 12
2 2 11
11 2 9
15 2 16
16 2 17
17 2 1
11 2 11
14 2 1
18 2 19
9 2 11
16 2 23
23 2 33
33 2 33
33 2 26
24 2 1
8 2 8
8 2 14
14 2 20
20 2 20
20 2 14
14 2 14
14 2 25
25 2 1
2 2 4
4 2 19
2 4 2
1 4 2
2 4 1
1 4 1
2 5 2
1 5 2
? 1 b'ProgramData/83/2151.cpp'

2 1 1
3 1 2
4 1 1
5 1 3
5 1 2
8 1 5
8 1 1
9 1 1
6 1 9
7 1 6
7 1 1
2 1 2
2 1 7
10 1 6
11 1 1
6 1 11
6 1 2
12 1 10
12 1 1
13 1 2
13 1 12
6 1 13
14 1 6
14 1 1
15 1 6
15 1 1
16 1 6
16 1 1
17 1 6
18 1 15
18 1 16
18 1 17
18 1 1
19 1 14
20 1 18
20 1 19
5 1 12
5 1 15
19 1 1
19 1 8
19 1 20
21 1 3
21 1 2
21 1 4
21 1 19
36 1 5
4 1 36
23 1 19
24 1 16
24 1 23
33 1 24
26 1 19
24 1 33
24 1 26
25 1 6
25 1 1
19 1 24
19 1 25
22 1 21
3 2 2
5 2 5
5 2 1
6 2 1
2 2 7
11 2 2
10 2 10
10 2 1
2 2 12
2 2 11
11 2 9
15 2 16
16 2 17
17 2 1
18 2 19
2 2 2
11 2 13
2 2 15
14 2 14
14 2 1
8 2 8
8 2 14
14 2 20
20 2 20
20 2 8
8 2 20
2 2 4
4 2 19
36 2 36
36 2 1
9 2 11
16 2 23
23 2 33
33 2 33
33 2 26
8 2 24
24 2 25
25 2 1
21 2 21
2 4 2
1 4 2
1 4 1
2 4 1
2 5 2
1 5 2
? 1 b'ProgramData/83/215.cpp'

2 1 1
3 1 2
4 1 1
9 1 1
6 1 9
7 1 6
7 1 1
2 1 2
2 1 7
5 1 3
5 1 2
8 1 5
8 1 1
10 1 6
11 1 1
6 1 11
6 1 2
12 1 10
12 1 1
13 1 2
13 1 12
6 1 13
14 1 6
14 1 1
15 1 6
15 1 1
16 1 6
16 1 1
17 1 6
18 1 15
18 1 16
18 1 17
18 1 1
19 1 14
20 1 18
20 1 19
23 1 19
24 1 16
24 1 23
33 1 24
26 1 19
24 1 33
24 1 26
19 1 24
19 1 1
19 1 8
19 1 20
21 1 3
21 1 2
21 1 4
21 1 19
22 1 21
6 2 1
2 2 7
3 2 2
5 2 1
5 2 5
11 2 2
10 2 10
10 2 1
2 2 12
2 2 11
11 2 9
15 2 16
16 2 17
17 2 1
18 2 19
9 2 11
16 2 23
23 2 33
33 2 33
33 2 26
14 2 24
24 2 1
14 2 14
14 2 1
8 2 8
8 2 14
14 2 20
20 2 20
20 2 14
2 2 4
4 2 19
2 4 1
2 4 2
1 4 2
1 4 1
1 5 2
2 5 2
? 1 b'ProgramData/83/217.cpp'

2 1 1
3 1 2
4 1 1
5 1 3
5 1 2
8 1 5
8 1 1
9 1 1
6 1 9
7 1 6
7 1 1
2 1 2
2 1 7
10 1 6
11 1 1
6 1 11
6 1 2
12 1 10
12 1 1
13 1 2
13 1 12
6 1 13
14 1 6
14 1 1
15 1 6
15 1 1
16 1 6
16 1 1
17 1 6
18 1 15
18 1 16
18 1 17
18 1 1
19 1 14
19 1 1
20 1 18
20 1 19
19 1 20
5 1 15
15 1 5
23 1 19
24 1 16
24 1 23
33 1 24
26 1 19
24 1 33
24 1 26
19 1 24
25 1 6
25 1 1
19 1 8
19 1 25
21 1 3
21 1 2
21 1 4
21 1 19
22 1 21
3 2 2
5 2 5
5 2 1
6 2 1
2 2 7
7 2 7
11 2 2
10 2 10
10 2 1
2 2 12
2 2 11
11 2 9
15 2 16
16 2 17
17 2 1
14 2 1
18 2 19
20 2 1
2 2 15
9 2 11
16 2 23
23 2 33
33 2 33
33 2 26
24 2 14
8 2 8
8 2 14
14 2 20
20 2 8
8 2 20
14 2 14
14 2 25
25 2 1
2 2 4
4 2 19
1 4 2
2 4 1
1 4 1
2 4 2
2 5 2
1 5 2
? 1 b'ProgramData/83/2173.cpp'

2 1 1
3 1 2
4 1 1
5 1 3
5 1 2
9 1 1
6 1 9
7 1 6
7 1 1
2 1 2
2 1 7
15 1 6
5 1 15
8 1 5
8 1 1
10 1 6
11 1 1
6 1 11
6 1 2
12 1 10
12 1 1
13 1 2
13 1 12
6 1 13
14 1 6
14 1 1
15 1 1
16 1 6
16 1 1
17 1 6
18 1 15
18 1 16
18 1 17
18 1 1
19 1 14
19 1 1
20 1 18
20 1 19
23 1 19
24 1 16
24 1 23
33 1 24
26 1 19
24 1 33
24 1 26
19 1 24
19 1 8
19 1 20
21 1 3
21 1 2
21 1 4
21 1 19
22 1 21
3 2 2
6 2 1
2 2 7
2 2 15
5 2 5
5 2 1
11 2 2
10 2 10
10 2 1
2 2 12
2 2 11
11 2 9
15 2 16
16 2 17
17 2 1
14 2 1
18 2 19
9 2 11
16 2 23
23 2 33
33 2 33
33 2 26
11 2 11
24 2 14
14 2 14
8 2 8
8 2 14
14 2 20
20 2 20
20 2 14
2 2 4
4 2 19
2 4 2
1 4 2
2 4 1
1 4 1
2 5 2
1 5 2
? 1 b'ProgramData/83/2196.cpp'

2 1 1
3 1 2
4 1 1
5 1 3
5 1 2
9 1 1
6 1 9
7 1 6
7 1 1
2 1 2
2 1 7
8 1 5
8 1 1
15 1 6
5 1 15
10 1 6
11 1 1
6 1 11
6 1 2
12 1 10
12 1 1
13 1 2
13 1 12
6 1 13
14 1 6
14 1 1
15 1 1
16 1 6
16 1 1
17 1 6
18 1 15
18 1 16
18 1 17
18 1 1
19 1 14
19 1 1
20 1 18
20 1 19
19 1 20
23 1 19
24 1 16
24 1 23
33 1 24
24 1 33
19 1 24
19 1 8
21 1 3
21 1 2
21 1 4
21 1 19
22 1 21
3 2 2
6 2 1
2 2 7
7 2 7
5 2 5
5 2 1
2 2 15
11 2 2
10 2 10
10 2 1
2 2 12
2 2 11
11 2 9
15 2 16
16 2 17
17 2 1
14 2 1
18 2 19
20 2 1
9 2 11
16 2 23
23 2 33
33 2 33
24 2 14
8 2 8
8 2 14
14 2 20
20 2 20
20 2 14
14 2 14
2 2 4
4 2 19
1 4 2
2 4 1
2 4 2
1 4 1
2 5 2
1 5 2
? 1 b'ProgramData/83/2212.cpp'

2 1 1
3 1 2
4 1 1
5 1 3
5 1 2
8 1 5
8 1 1
9 1 1
6 1 9
15 1 6
5 1 15
28 1 1
3 1 28
8 1 28
10 1 6
11 1 1
6 1 11
6 1 2
12 1 10
12 1 1
13 1 2
13 1 12
6 1 13
14 1 6
14 1 1
29 1 12
6 1 29
15 1 1
16 1 6
16 1 1
17 1 6
18 1 15
18 1 16
18 1 17
18 1 1
19 1 14
19 1 1
20 1 18
20 1 19
23 1 19
24 1 16
24 1 23
19 1 24
19 1 8
19 1 20
21 1 3
21 1 2
21 1 4
21 1 19
22 1 21
3 2 2
5 2 5
5 2 1
2 2 15
2 2 28
5 2 28
28 2 5
11 2 2
10 2 10
10 2 1
2 2 12
6 2 1
2 2 11
11 2 29
11 2 11
11 2 13
11 2 9
15 2 16
16 2 17
17 2 1
14 2 14
14 2 1
18 2 19
9 2 11
16 2 23
14 2 24
24 2 24
24 2 1
8 2 8
8 2 14
14 2 20
20 2 20
20 2 14
2 2 4
4 2 19
1 4 1
2 4 1
1 4 2
2 4 2
1 5 2
2 5 2
? 1 b'ProgramData/83/2185.cpp'

2 1 1
3 1 2
4 1 1
5 1 3
5 1 2
9 1 1
6 1 9
7 1 6
7 1 1
2 1 2
2 1 7
15 1 6
5 1 15
8 1 5
8 1 1
10 1 6
11 1 1
6 1 11
6 1 2
12 1 10
12 1 1
13 1 2
13 1 12
6 1 13
14 1 6
14 1 1
15 1 1
16 1 6
16 1 1
17 1 6
18 1 15
18 1 16
18 1 17
18 1 1
19 1 14
19 1 1
20 1 18
20 1 19
23 1 19
24 1 16
24 1 23
19 1 24
25 1 6
25 1 1
19 1 8
19 1 20
19 1 25
21 1 3
21 1 2
21 1 4
21 1 19
22 1 21
3 2 2
6 2 1
2 2 7
2 2 15
5 2 5
5 2 1
11 2 2
10 2 10
10 2 1
2 2 12
2 2 11
11 2 9
15 2 16
16 2 17
17 2 1
14 2 1
18 2 19
9 2 11
11 2 11
16 2 23
24 2 24
24 2 1
8 2 8
8 2 14
14 2 20
20 2 20
20 2 14
14 2 14
14 2 25
25 2 1
2 2 4
4 2 19
2 4 1
2 4 2
1 4 2
1 4 1
1 5 2
2 5 2
? 1 b'ProgramData/83/2221.cpp'

2 1 1
3 1 2
4 1 1
5 1 3
5 1 2
9 1 1
6 1 9
7 1 6
7 1 1
2 1 2
2 1 7
15 1 6
5 1 15
8 1 5
8 1 1
10 1 6
11 1 1
6 1 11
6 1 2
12 1 10
12 1 1
13 1 2
13 1 12
6 1 13
14 1 6
14 1 1
15 1 1
16 1 6
16 1 1
17 1 6
18 1 15
18 1 16
18 1 17
18 1 1
19 1 14
19 1 1
20 1 18
20 1 19
23 1 19
24 1 16
24 1 23
19 1 24
25 1 6
25 1 1
19 1 8
19 1 20
19 1 25
21 1 3
21 1 2
21 1 4
21 1 19
22 1 21
3 2 2
6 2 1
2 2 7
2 2 15
5 2 5
5 2 1
11 2 2
10 2 10
10 2 1
2 2 12
2 2 11
11 2 9
15 2 16
16 2 17
17 2 1
14 2 1
18 2 19
9 2 11
16 2 23
14 2 24
24 2 24
24 2 14
14 2 14
8 2 8
8 2 14
14 2 20
20 2 20
20 2 14
14 2 25
25 2 1
2 2 4
4 2 19
1 4 2
2 4 1
2 4 2
1 4 1
2 5 2
1 5 2
? 1 b'ProgramData/83/2243.cpp'

2 1 1
3 1 2
4 1 1
5 1 3
5 1 2
9 1 1
6 1 9
15 1 6
5 1 15
8 1 5
8 1 1
7 1 6
7 1 1
2 1 2
2 1 7
10 1 6
11 1 1
6 1 11
6 1 2
12 1 10
12 1 1
13 1 2
13 1 12
6 1 13
14 1 6
14 1 1
15 1 1
16 1 6
16 1 1
17 1 6
18 1 15
18 1 16
18 1 17
18 1 1
19 1 14
19 1 1
20 1 18
20 1 19
19 1 20
23 1 19
24 1 16
24 1 23
33 1 24
26 1 19
24 1 33
24 1 26
19 1 24
25 1 6
25 1 1
19 1 8
19 1 25
21 1 3
21 1 2
21 1 4
21 1 19
22 1 21
3 2 2
2 2 15
5 2 5
5 2 1
6 2 1
2 2 7
7 2 7
11 2 2
10 2 10
10 2 1
2 2 12
2 2 11
11 2 9
15 2 16
16 2 17
17 2 1
14 2 1
18 2 19
20 2 1
9 2 11
16 2 23
23 2 33
33 2 33
33 2 26
24 2 1
11 2 11
8 2 8
8 2 14
14 2 20
20 2 20
20 2 14
14 2 14
14 2 25
25 2 1
2 2 4
4 2 19
1 4 2
1 4 1
2 4 1
2 4 2
2 5 2
1 5 2
? 1 b'ProgramData/83/2262.cpp'

2 1 1
3 1 2
4 1 1
6 1 2
10 1 6
12 1 10
12 1 1
5 1 3
5 1 2
5 1 12
8 1 5
8 1 1
9 1 1
6 1 9
15 1 6
5 1 15
7 1 6
7 1 1
2 1 2
2 1 7
19 1 6
19 1 1
6 1 19
11 1 1
6 1 11
13 1 2
13 1 12
6 1 13
14 1 6
14 1 1
15 1 1
16 1 6
16 1 1
17 1 6
18 1 15
18 1 16
18 1 17
18 1 1
19 1 14
20 1 18
20 1 19
19 1 8
19 1 20
21 1 3
21 1 2
21 1 4
21 1 19
36 1 5
4 1 36
23 1 19
24 1 16
24 1 23
25 1 6
25 1 1
19 1 24
19 1 25
22 1 21
10 2 1
3 2 2
2 2 12
5 2 1
2 2 15
6 2 1
2 2 7
5 2 5
11 2 2
10 2 10
2 2 11
11 2 9
15 2 16
16 2 17
17 2 1
14 2 14
14 2 1
18 2 19
11 2 13
8 2 8
8 2 14
14 2 20
20 2 20
20 2 14
2 2 4
4 2 19
36 2 1
16 2 23
9 2 11
8 2 24
24 2 24
24 2 25
25 2 1
21 2 21
2 4 2
1 4 1
2 4 1
1 4 2
2 5 2
1 5 2
? 1 b'ProgramData/83/2268.cpp'

2 1 1
3 1 2
4 1 1
5 1 3
5 1 2
9 1 1
6 1 9
15 1 6
5 1 15
8 1 5
8 1 1
7 1 6
7 1 1
2 1 2
2 1 7
10 1 6
11 1 1
6 1 11
6 1 2
12 1 10
12 1 1
13 1 2
13 1 12
6 1 13
14 1 6
14 1 1
15 1 1
16 1 6
16 1 1
17 1 6
18 1 15
18 1 16
18 1 17
18 1 1
19 1 14
20 1 18
20 1 19
23 1 19
24 1 16
24 1 23
33 1 24
26 1 19
24 1 33
24 1 26
19 1 24
19 1 1
19 1 8
19 1 20
21 1 3
21 1 2
21 1 4
21 1 19
22 1 21
3 2 2
2 2 15
5 2 5
5 2 1
6 2 1
2 2 7
11 2 2
10 2 10
10 2 1
2 2 12
2 2 11
11 2 9
15 2 16
16 2 17
17 2 1
18 2 19
16 2 23
23 2 33
33 2 33
33 2 26
24 2 14
14 2 14
14 2 1
8 2 8
8 2 14
14 2 20
20 2 20
20 2 14
2 2 4
4 2 19
1 4 1
2 4 1
1 4 2
2 4 2
1 5 2
2 5 2
? 1 b'ProgramData/83/229.cpp'

2 1 1
3 1 2
4 1 1
5 1 3
5 1 2
8 1 5
8 1 1
9 1 1
6 1 9
15 1 6
5 1 15
7 1 6
7 1 1
2 1 2
2 1 7
11 1 1
6 1 2
6 1 11
14 1 6
14 1 1
15 1 1
16 1 6
16 1 1
17 1 6
18 1 15
18 1 16
18 1 17
18 1 1
19 1 14
19 1 1
20 1 18
20 1 19
23 1 19
24 1 16
24 1 23
33 1 24
26 1 19
24 1 33
24 1 26
19 1 24
10 1 6
12 1 10
12 1 1
13 1 2
13 1 12
6 1 13
25 1 6
25 1 1
19 1 8
19 1 20
19 1 25
21 1 3
21 1 2
21 1 4
21 1 19
22 1 21
3 2 2
5 2 1
2 2 15
6 2 1
2 2 7
5 2 5
2 2 11
11 2 2
11 2 9
15 2 16
16 2 17
17 2 1
14 2 1
18 2 19
16 2 23
23 2 33
33 2 33
33 2 26
14 2 24
24 2 14
14 2 14
10 2 1
2 2 12
11 2 13
13 2 11
8 2 8
8 2 14
14 2 8
8 2 20
20 2 8
14 2 25
25 2 1
2 2 4
4 2 19
2 4 2
1 4 2
2 4 1
2 5 2
1 5 2
? 1 b'ProgramData/83/2311.cpp'

2 1 1
3 1 2
4 1 1
5 1 3
5 1 2
9 1 1
6 1 9
7 1 6
7 1 1
2 1 2
2 1 7
8 1 5
8 1 1
15 1 6
5 1 15
10 1 6
11 1 1
6 1 11
6 1 2
12 1 10
12 1 1
13 1 2
13 1 12
6 1 13
14 1 6
14 1 1
15 1 1
16 1 6
16 1 1
17 1 6
18 1 15
18 1 16
18 1 17
18 1 1
19 1 14
20 1 18
20 1 19
23 1 19
24 1 16
24 1 23
33 1 24
24 1 33
19 1 24
19 1 1
19 1 8
19 1 20
21 1 3
21 1 2
21 1 4
21 1 19
22 1 21
3 2 2
6 2 1
2 2 7
5 2 5
5 2 1
2 2 15
11 2 2
10 2 10
10 2 1
2 2 12
2 2 11
11 2 9
15 2 16
16 2 17
17 2 1
18 2 19
9 2 11
16 2 23
23 2 33
33 2 33
24 2 14
14 2 14
14 2 1
8 2 8
8 2 14
14 2 20
20 2 20
20 2 14
2 2 4
4 2 19
1 4 2
2 4 1
2 4 2
1 4 1
2 5 2
1 5 2
? 1 b'ProgramData/83/2337.cpp'

2 1 1
3 1 2
4 1 1
5 1 3
5 1 2
9 1 1
6 1 9
15 1 6
5 1 15
8 1 5
8 1 1
7 1 6
7 1 1
2 1 2
2 1 7
10 1 6
11 1 1
6 1 11
6 1 2
12 1 10
12 1 1
13 1 2
13 1 12
6 1 13
14 1 6
14 1 1
15 1 1
16 1 6
16 1 1
17 1 6
18 1 15
18 1 16
18 1 17
18 1 1
19 1 14
19 1 1
20 1 18
20 1 19
23 1 19
24 1 16
24 1 23
33 1 24
24 1 33
19 1 24
19 1 8
19 1 20
21 1 3
21 1 2
21 1 4
21 1 19
22 1 21
3 2 2
2 2 15
5 2 5
5 2 1
6 2 1
2 2 7
11 2 2
10 2 10
10 2 1
2 2 12
2 2 11
11 2 9
15 2 16
16 2 17
17 2 1
14 2 14
14 2 1
18 2 19
16 2 23
23 2 33
33 2 33
14 2 24
24 2 1
8 2 8
8 2 14
14 2 20
20 2 20
20 2 14
2 2 4
4 2 19
2 4 2
1 4 2
1 4 1
2 4 1
2 5 2
1 5 2
? 1 b'ProgramData/83/2320.cpp'

2 1 1
3 1 2
4 1 1
9 1 1
6 1 9
15 1 6
5 1 3
5 1 2
5 1 15
7 1 6
7 1 1
2 1 2
2 1 7
19 1 6
19 1 1
6 1 19
8 1 5
8 1 1
10 1 6
11 1 1
6 1 11
6 1 2
12 1 10
12 1 1
13 1 2
13 1 12
6 1 13
14 1 6
14 1 1
15 1 1
16 1 6
16 1 1
17 1 6
18 1 15
18 1 16
18 1 17
18 1 1
19 1 14
20 1 18
20 1 19
23 1 19
24 1 16
24 1 23
19 1 24
25 1 6
25 1 1
19 1 8
19 1 20
19 1 25
21 1 3
21 1 2
21 1 4
21 1 19
22 1 21
3 2 2
2 2 15
6 2 1
2 2 7
5 2 5
5 2 1
11 2 2
10 2 10
10 2 1
2 2 12
2 2 11
11 2 9
15 2 16
16 2 17
17 2 1
14 2 1
18 2 19
9 2 11
16 2 23
24 2 24
24 2 14
14 2 14
8 2 8
8 2 14
14 2 20
20 2 14
20 2 20
14 2 25
25 2 1
2 2 4
4 2 19
2 4 2
1 4 2
2 4 1
1 4 1
2 5 2
1 5 2
? 1 b'ProgramData/83/2343.cpp'

2 1 1
3 1 2
4 1 1
5 1 3
5 1 2
9 1 1
6 1 9
7 1 6
7 1 1
2 1 2
2 1 7
8 1 5
8 1 1
10 1 6
11 1 1
6 1 11
6 1 2
12 1 10
12 1 1
13 1 2
13 1 12
6 1 13
14 1 6
14 1 1
15 1 6
15 1 1
16 1 6
16 1 1
17 1 6
18 1 15
18 1 16
18 1 17
18 1 1
19 1 14
20 1 18
20 1 19
15 1 11
23 1 19
24 1 16
24 1 23
33 1 24
26 1 19
24 1 33
24 1 26
19 1 24
19 1 1
19 1 8
19 1 20
21 1 3
21 1 2
21 1 4
21 1 19
22 1 21
3 2 2
6 2 1
2 2 7
7 2 7
5 2 5
5 2 1
11 2 2
10 2 10
10 2 1
2 2 12
2 2 11
11 2 9
15 2 16
16 2 17
17 2 1
18 2 19
6 2 11
11 2 6
16 2 23
23 2 33
33 2 33
33 2 26
24 2 14
14 2 14
14 2 1
8 2 8
8 2 14
14 2 20
20 2 20
20 2 14
2 2 4
4 2 19
1 4 2
2 4 1
1 4 1
2 4 2
2 5 2
1 5 2
2 5 1
1 5 1
? 1 b'ProgramData/83/2371.cpp'

2 1 1
4 1 1
3 1 2
9 1 1
6 1 9
7 1 6
7 1 1
2 1 2
2 1 7
5 1 3
5 1 2
8 1 5
8 1 1
15 1 6
5 1 15
10 1 6
11 1 1
6 1 11
6 1 2
12 1 10
12 1 1
13 1 2
13 1 12
6 1 13
14 1 6
14 1 1
15 1 1
16 1 6
16 1 1
17 1 6
18 1 15
18 1 16
18 1 17
18 1 1
19 1 14
20 1 18
20 1 19
19 1 20
23 1 19
24 1 16
24 1 23
33 1 24
26 1 19
24 1 33
24 1 26
19 1 24
19 1 1
19 1 8
21 1 2
21 1 4
21 1 19
22 1 21
6 2 1
2 2 7
3 2 2
5 2 1
7 2 7
2 2 15
5 2 5
11 2 2
10 2 10
10 2 1
2 2 12
2 2 11
11 2 9
15 2 16
16 2 17
17 2 1
18 2 19
16 2 23
23 2 33
33 2 33
33 2 26
24 2 1
11 2 11
8 2 8
8 2 14
14 2 20
20 2 20
20 2 14
14 2 14
14 2 1
2 2 4
4 2 19
2 4 2
1 4 2
1 4 1
2 4 1
2 5 2
1 5 2
? 1 b'ProgramData/83/2383.cpp'

2 1 1
3 1 2
4 1 1
9 1 1
6 1 9
7 1 6
7 1 1
2 1 2
2 1 7
5 1 3
5 1 2
15 1 6
5 1 15
8 1 5
8 1 1
10 1 6
11 1 1
6 1 11
6 1 2
12 1 10
12 1 1
13 1 2
13 1 12
6 1 13
14 1 6
14 1 1
15 1 1
16 1 6
16 1 1
17 1 6
18 1 15
18 1 16
18 1 17
18 1 1
19 1 14
19 1 1
20 1 18
20 1 19
23 1 19
24 1 16
24 1 23
33 1 24
26 1 19
24 1 33
24 1 26
19 1 24
19 1 8
19 1 20
21 1 3
21 1 2
21 1 4
21 1 19
22 1 21
6 2 1
2 2 7
3 2 2
2 2 15
5 2 5
5 2 1
11 2 2
10 2 10
10 2 1
2 2 12
2 2 11
11 2 9
11 2 11
9 2 11
15 2 16
16 2 17
17 2 1
14 2 1
18 2 19
16 2 23
23 2 33
33 2 33
33 2 26
24 2 1
8 2 8
8 2 14
14 2 20
20 2 20
20 2 14
14 2 14
2 2 4
4 2 19
2 4 2
1 4 2
1 4 1
2 4 1
2 5 2
1 5 2
? 1 b'ProgramData/83/2384.cpp'

2 1 1
3 1 2
4 1 1
5 1 3
5 1 2
9 1 1
6 1 9
7 1 6
7 1 1
2 1 2
2 1 7
8 1 5
8 1 1
15 1 6
5 1 15
10 1 6
11 1 1
6 1 11
6 1 2
12 1 10
12 1 1
13 1 2
13 1 12
6 1 13
14 1 6
14 1 1
15 1 1
16 1 6
16 1 1
17 1 6
18 1 15
18 1 16
18 1 17
18 1 1
19 1 14
19 1 1
20 1 18
20 1 19
23 1 19
24 1 16
24 1 23
33 1 24
26 1 19
24 1 33
24 1 26
19 1 24
19 1 8
19 1 20
21 1 3
21 1 2
21 1 4
21 1 19
22 1 21
3 2 2
6 2 1
2 2 7
5 2 5
5 2 1
2 2 15
11 2 2
10 2 10
10 2 1
2 2 12
2 2 11
11 2 9
15 2 16
16 2 17
17 2 1
14 2 14
14 2 1
18 2 19
9 2 11
11 2 11
16 2 23
23 2 33
33 2 33
33 2 26
24 2 1
8 2 8
8 2 14
14 2 20
20 2 20
20 2 14
2 2 4
4 2 19
2 4 1
2 4 2
1 4 2
1 4 1
1 5 2
2 5 2
? 1 b'ProgramData/83/238.cpp'

2 1 1
3 1 2
4 1 1
5 1 3
5 1 2
9 1 1
6 1 9
7 1 6
7 1 1
2 1 2
2 1 7
15 1 6
5 1 15
8 1 5
8 1 1
10 1 6
11 1 1
6 1 11
6 1 2
12 1 10
12 1 1
13 1 2
13 1 12
6 1 13
14 1 6
14 1 1
15 1 5
15 1 1
16 1 6
16 1 1
17 1 6
18 1 15
18 1 16
18 1 17
18 1 1
19 1 14
19 1 1
20 1 18
20 1 19
23 1 19
26 1 19
24 1 16
24 1 23
24 1 26
19 1 24
25 1 6
25 1 1
19 1 8
19 1 20
19 1 25
21 1 3
21 1 2
21 1 4
21 1 19
22 1 21
3 2 2
6 2 1
2 2 7
2 2 15
5 2 5
5 2 1
11 2 2
10 2 10
10 2 1
2 2 12
2 2 11
15 2 16
16 2 17
17 2 1
14 2 14
14 2 1
18 2 19
9 2 11
11 2 9
16 2 23
23 2 26
24 2 1
14 2 24
8 2 8
8 2 14
14 2 20
20 2 20
20 2 14
14 2 25
25 2 1
2 2 4
4 2 19
2 4 1
2 4 2
1 4 2
1 4 1
1 5 2
2 5 2
? 1 b'ProgramData/83/2423.cpp'

2 1 1
3 1 2
4 1 1
5 1 3
5 1 2
9 1 1
6 1 9
15 1 6
5 1 15
8 1 5
8 1 1
10 1 6
11 1 1
6 1 11
6 1 2
12 1 10
12 1 1
13 1 2
13 1 12
6 1 13
14 1 6
14 1 1
7 1 6
7 1 1
2 1 2
2 1 7
15 1 1
16 1 6
16 1 1
17 1 6
18 1 15
18 1 16
18 1 17
18 1 1
19 1 14
19 1 1
20 1 18
20 1 19
23 1 19
24 1 16
24 1 23
19 1 24
25 1 6
25 1 1
19 1 8
19 1 20
19 1 25
21 1 3
21 1 2
21 1 4
21 1 19
22 1 21
3 2 2
2 2 15
5 2 5
5 2 1
11 2 2
10 2 10
10 2 1
2 2 12
6 2 1
2 2 7
2 2 11
11 2 9
15 2 16
16 2 17
17 2 1
14 2 14
14 2 1
18 2 19
9 2 11
16 2 23
14 2 24
24 2 24
24 2 1
8 2 8
8 2 14
14 2 8
8 2 20
20 2 20
20 2 14
14 2 25
25 2 1
2 2 4
4 2 19
2 4 2
1 4 2
2 4 1
1 4 1
2 5 2
1 5 2
? 1 b'ProgramData/83/2405.cpp'

2 1 1
3 1 2
4 1 1
9 1 1
6 1 9
7 1 6
7 1 1
2 1 2
2 1 7
5 1 3
5 1 2
15 1 6
5 1 15
8 1 5
8 1 1
10 1 6
11 1 1
6 1 11
6 1 2
12 1 10
12 1 1
13 1 2
13 1 12
6 1 13
14 1 6
14 1 1
15 1 1
16 1 6
16 1 1
17 1 6
18 1 15
18 1 16
18 1 17
18 1 1
19 1 14
19 1 1
20 1 18
20 1 19
23 1 19
24 1 16
24 1 23
33 1 24
24 1 33
19 1 24
19 1 8
19 1 20
21 1 3
21 1 2
21 1 4
21 1 19
22 1 21
6 2 1
2 2 7
3 2 2
2 2 15
5 2 5
5 2 1
11 2 2
10 2 10
10 2 1
2 2 12
2 2 11
11 2 9
15 2 16
16 2 17
17 2 1
14 2 1
18 2 19
9 2 11
16 2 23
23 2 33
33 2 33
24 2 1
14 2 14
8 2 8
8 2 14
14 2 20
20 2 14
20 2 20
2 2 4
4 2 19
2 4 1
2 4 2
1 4 2
1 4 1
1 5 2
2 5 2
? 1 b'ProgramData/83/2437.cpp'

2 1 1
3 1 2
4 1 1
5 1 3
5 1 2
8 1 5
8 1 1
9 1 1
6 1 9
15 1 6
5 1 15
7 1 6
7 1 1
2 1 2
2 1 7
10 1 6
11 1 1
6 1 11
6 1 2
12 1 10
12 1 1
13 1 2
13 1 12
6 1 13
14 1 6
14 1 1
15 1 1
16 1 6
16 1 1
17 1 6
18 1 15
18 1 16
18 1 17
18 1 1
19 1 14
19 1 1
20 1 18
20 1 19
23 1 19
24 1 16
24 1 23
19 1 24
25 1 6
25 1 1
19 1 8
19 1 20
19 1 25
21 1 3
21 1 2
21 1 4
21 1 19
22 1 21
3 2 2
5 2 5
5 2 1
2 2 15
6 2 1
2 2 7
11 2 2
10 2 10
10 2 1
2 2 12
2 2 11
11 2 9
15 2 16
16 2 17
17 2 1
14 2 14
14 2 1
18 2 19
9 2 11
16 2 23
14 2 24
24 2 24
24 2 14
8 2 8
8 2 14
14 2 20
20 2 20
20 2 14
14 2 25
25 2 1
2 2 4
4 2 19
2 4 2
1 4 2
1 4 1
2 4 1
2 5 2
1 5 2
? 1 b'ProgramData/83/2452.cpp'

2 1 1
3 1 2
4 1 1
5 1 3
5 1 2
9 1 1
6 1 9
7 1 6
7 1 1
2 1 2
2 1 7
15 1 6
5 1 15
8 1 5
8 1 1
10 1 6
11 1 1
6 1 11
6 1 2
12 1 10
12 1 1
13 1 2
13 1 12
6 1 13
14 1 6
14 1 1
15 1 1
16 1 6
16 1 1
17 1 6
18 1 15
18 1 16
18 1 17
18 1 1
19 1 14
20 1 18
20 1 19
23 1 19
24 1 16
24 1 23
33 1 24
26 1 19
24 1 33
24 1 26
19 1 24
19 1 1
25 1 6
25 1 1
19 1 8
19 1 20
19 1 25
21 1 3
21 1 2
21 1 4
21 1 19
22 1 21
3 2 2
6 2 1
2 2 7
2 2 15
5 2 5
5 2 1
11 2 2
10 2 10
10 2 1
2 2 12
2 2 11
11 2 9
15 2 16
16 2 17
17 2 1
18 2 19
9 2 11
16 2 23
23 2 33
33 2 33
33 2 26
24 2 14
14 2 14
14 2 1
8 2 8
8 2 14
14 2 20
20 2 20
20 2 14
14 2 25
25 2 1
2 2 4
4 2 19
2 4 2
1 4 2
2 4 1
1 4 1
2 5 2
1 5 2
? 1 b'ProgramData/83/2467.cpp'

2 1 1
3 1 2
4 1 1
5 1 3
5 1 2
9 1 1
6 1 9
7 1 6
7 1 1
2 1 2
2 1 7
15 1 6
5 1 15
8 1 5
8 1 1
10 1 6
11 1 1
6 1 11
6 1 2
12 1 10
12 1 1
13 1 2
13 1 12
6 1 13
14 1 6
14 1 1
15 1 1
16 1 6
16 1 1
17 1 6
18 1 15
18 1 16
18 1 17
18 1 1
19 1 14
19 1 1
20 1 18
20 1 19
23 1 19
24 1 16
24 1 23
33 1 24
26 1 19
24 1 33
24 1 26
19 1 24
25 1 6
25 1 1
19 1 8
19 1 20
19 1 25
21 1 3
21 1 2
21 1 4
21 1 19
22 1 21
3 2 2
6 2 1
2 2 7
2 2 15
5 2 5
5 2 1
11 2 2
10 2 10
10 2 1
2 2 12
2 2 11
11 2 9
15 2 16
16 2 17
17 2 1
14 2 14
14 2 1
18 2 19
16 2 23
23 2 33
33 2 33
33 2 26
14 2 24
24 2 1
8 2 8
8 2 14
14 2 20
20 2 20
20 2 14
14 2 25
25 2 1
2 2 4
4 2 19
1 4 2
2 4 1
2 4 2
1 4 1
2 5 2
1 5 2
? 1 b'ProgramData/83/2478.cpp'

2 1 1
3 1 2
4 1 1
5 1 3
5 1 2
9 1 1
6 1 9
7 1 6
7 1 1
2 1 2
2 1 7
15 1 6
5 1 15
8 1 5
8 1 1
10 1 6
11 1 1
6 1 11
6 1 2
12 1 10
12 1 1
13 1 2
13 1 12
6 1 13
14 1 6
14 1 1
15 1 1
16 1 6
16 1 1
17 1 6
18 1 15
18 1 16
18 1 17
18 1 1
19 1 14
19 1 1
20 1 18
20 1 19
23 1 19
24 1 16
24 1 23
33 1 24
26 1 19
24 1 33
24 1 26
19 1 24
19 1 8
19 1 20
21 1 3
21 1 2
21 1 4
21 1 19
22 1 21
3 2 2
6 2 1
2 2 7
2 2 15
5 2 5
5 2 1
11 2 2
10 2 10
10 2 1
2 2 12
2 2 11
11 2 9
15 2 16
16 2 17
17 2 1
14 2 14
14 2 1
18 2 19
16 2 23
23 2 33
33 2 33
33 2 26
14 2 24
24 2 14
11 2 11
8 2 8
8 2 14
14 2 20
20 2 20
20 2 14
2 2 4
4 2 19
2 4 1
2 4 2
1 4 2
1 4 1
1 5 2
2 5 2
? 1 b'ProgramData/83/2480.cpp'

2 1 1
3 1 2
4 1 1
5 1 3
5 1 2
9 1 1
6 1 9
7 1 6
7 1 1
2 1 2
2 1 7
15 1 6
5 1 15
8 1 5
8 1 1
11 1 1
6 1 2
6 1 11
14 1 6
14 1 1
15 1 1
16 1 6
16 1 1
17 1 6
18 1 15
18 1 16
18 1 17
18 1 1
19 1 14
20 1 18
20 1 19
23 1 19
24 1 16
24 1 23
33 1 24
26 1 19
24 1 33
24 1 26
19 1 24
19 1 1
10 1 6
12 1 10
12 1 1
13 1 2
13 1 12
6 1 13
25 1 6
25 1 1
19 1 8
19 1 20
19 1 25
21 1 3
21 1 2
21 1 4
21 1 19
22 1 21
3 2 2
6 2 1
2 2 7
2 2 15
5 2 5
5 2 1
2 2 11
11 2 2
11 2 9
15 2 16
16 2 17
17 2 1
18 2 19
9 2 11
16 2 23
23 2 33
33 2 33
33 2 26
24 2 14
14 2 14
14 2 1
10 2 1
2 2 12
11 2 13
13 2 11
8 2 8
8 2 14
14 2 20
20 2 20
20 2 14
14 2 25
25 2 1
2 2 4
4 2 19
2 4 2
2 5 2
? 1 b'ProgramData/83/2506.cpp'

2 1 1
3 1 2
4 1 1
9 1 1
6 1 9
7 1 6
7 1 1
2 1 2
2 1 7
5 1 3
5 1 2
8 1 5
8 1 1
11 1 1
6 1 2
6 1 11
14 1 6
14 1 1
10 1 6
12 1 10
12 1 1
13 1 2
13 1 12
6 1 13
15 1 6
15 1 1
16 1 6
16 1 1
17 1 6
18 1 15
18 1 16
18 1 17
18 1 1
19 1 14
19 1 1
20 1 18
20 1 19
23 1 19
24 1 16
24 1 23
33 1 24
26 1 19
24 1 33
24 1 26
19 1 24
25 1 6
25 1 1
19 1 8
19 1 20
19 1 25
21 1 3
21 1 2
21 1 4
21 1 19
22 1 21
6 2 1
2 2 7
3 2 2
5 2 5
5 2 1
2 2 11
11 2 9
11 2 2
10 2 10
10 2 1
2 2 12
15 2 16
16 2 17
17 2 1
14 2 14
14 2 1
18 2 19
9 2 11
16 2 23
23 2 33
33 2 33
33 2 26
14 2 24
24 2 1
8 2 8
8 2 14
14 2 20
20 2 20
20 2 14
14 2 25
25 2 1
2 2 4
4 2 19
1 4 1
2 4 1
1 4 2
2 4 2
1 5 2
2 5 2
? 1 b'ProgramData/83/2551.cpp'

2 1 1
3 1 2
4 1 1
5 1 3
5 1 2
9 1 1
6 1 9
15 1 6
5 1 15
8 1 5
8 1 1
7 1 6
7 1 1
2 1 2
2 1 7
10 1 6
11 1 1
6 1 11
6 1 2
12 1 10
12 1 1
13 1 2
13 1 12
6 1 13
14 1 6
14 1 1
15 1 1
16 1 6
16 1 1
17 1 6
18 1 15
18 1 16
18 1 17
18 1 1
19 1 14
19 1 1
20 1 18
20 1 19
23 1 19
24 1 16
24 1 23
19 1 24
25 1 6
25 1 1
19 1 8
19 1 20
19 1 25
21 1 3
21 1 2
21 1 4
21 1 19
22 1 21
3 2 2
2 2 15
5 2 5
5 2 1
6 2 1
2 2 7
11 2 2
10 2 10
10 2 1
2 2 12
2 2 11
11 2 9
15 2 16
16 2 17
17 2 1
14 2 1
18 2 19
9 2 11
11 2 11
16 2 23
24 2 24
24 2 14
14 2 14
8 2 8
8 2 14
14 2 20
20 2 20
20 2 14
14 2 25
25 2 1
2 2 4
4 2 19
1 4 2
2 4 1
2 4 2
1 4 1
2 5 2
1 5 2
? 1 b'ProgramData/83/2601.cpp'

2 1 1
3 1 2
4 1 1
5 1 3
5 1 2
9 1 1
6 1 9
7 1 6
7 1 1
2 1 2
2 1 7
8 1 5
8 1 1
10 1 6
11 1 1
6 1 11
6 1 2
12 1 10
12 1 1
13 1 2
13 1 12
6 1 13
14 1 6
14 1 1
15 1 6
15 1 1
16 1 6
16 1 1
17 1 6
18 1 15
18 1 16
18 1 17
18 1 1
19 1 14
19 1 1
20 1 18
20 1 19
23 1 19
24 1 16
24 1 23
33 1 24
24 1 33
19 1 24
25 1 6
25 1 1
19 1 8
19 1 20
19 1 25
21 1 3
21 1 2
21 1 4
21 1 19
22 1 21
3 2 2
6 2 1
2 2 7
5 2 5
5 2 1
11 2 2
10 2 10
10 2 1
2 2 12
2 2 11
11 2 9
15 2 16
16 2 17
17 2 1
14 2 14
14 2 1
18 2 19
16 2 23
23 2 33
33 2 33
11 2 11
14 2 24
24 2 14
9 2 11
8 2 8
8 2 14
14 2 20
20 2 20
20 2 14
14 2 25
25 2 1
2 2 4
4 2 19
2 4 2
1 4 2
2 4 1
1 4 1
2 5 2
1 5 2
? 1 b'ProgramData/83/2613.cpp'

2 1 1
3 1 2
5 1 3
5 1 2
36 1 5
4 1 36
4 1 1
11 1 1
9 1 1
6 1 2
6 1 11
6 1 9
16 1 6
16 1 1
25 1 6
25 1 1
19 1 25
23 1 19
24 1 16
24 1 23
33 1 24
26 1 19
24 1 33
24 1 26
19 1 24
19 1 1
21 1 3
21 1 2
21 1 4
21 1 19
7 1 6
7 1 1
2 1 2
2 1 7
15 1 6
5 1 15
8 1 5
8 1 1
10 1 6
12 1 10
12 1 1
13 1 2
13 1 12
6 1 13
14 1 6
14 1 1
15 1 1
17 1 6
18 1 15
18 1 16
18 1 17
18 1 1
19 1 14
20 1 18
20 1 19
19 1 8
19 1 20
22 1 21
3 2 2
36 2 1
2 2 11
11 2 9
9 2 11
11 2 2
6 2 1
16 2 23
23 2 33
33 2 33
33 2 26
24 2 1
2 2 4
4 2 19
2 2 7
2 2 15
5 2 5
5 2 1
10 2 10
10 2 1
2 2 12
15 2 16
16 2 17
17 2 1
18 2 19
11 2 11
11 2 13
13 2 11
14 2 14
14 2 1
8 2 8
8 2 14
14 2 20
20 2 20
20 2 14
14 2 25
25 2 1
21 2 21
2 4 2
2 4 1
1 4 2
1 4 1
2 5 2
1 5 2
? 1 b'ProgramData/83/2684.cpp'

2 1 1
3 1 2
4 1 1
9 1 1
6 1 9
15 1 6
5 1 3
5 1 2
5 1 15
8 1 5
8 1 1
7 1 6
7 1 1
2 1 2
2 1 7
19 1 6
19 1 1
6 1 19
10 1 6
11 1 1
6 1 11
6 1 2
12 1 10
12 1 1
13 1 2
13 1 12
6 1 13
14 1 6
14 1 1
15 1 1
16 1 6
16 1 1
17 1 6
18 1 15
18 1 16
18 1 17
18 1 1
19 1 14
20 1 18
20 1 19
23 1 19
24 1 16
24 1 23
19 1 24
19 1 8
19 1 20
21 1 3
21 1 2
21 1 4
21 1 19
22 1 21
3 2 2
2 2 15
5 2 5
5 2 1
6 2 1
2 2 7
11 2 2
10 2 10
10 2 1
2 2 12
2 2 11
15 2 16
16 2 17
17 2 1
18 2 19
11 2 9
16 2 23
9 2 11
24 2 24
24 2 1
8 2 8
8 2 14
14 2 20
20 2 20
20 2 14
14 2 14
14 2 1
2 2 4
4 2 19
1 4 2
2 4 1
2 4 2
1 4 1
2 5 2
1 5 2
? 1 b'ProgramData/83/2664.cpp'

2 1 1
3 1 2
4 1 1
5 1 3
5 1 2
8 1 5
8 1 1
9 1 1
6 1 9
7 1 6
7 1 1
2 1 2
2 1 7
10 1 6
11 1 1
6 1 11
6 1 2
12 1 10
12 1 1
13 1 2
13 1 12
6 1 13
14 1 6
14 1 1
15 1 6
15 1 11
15 1 1
16 1 6
16 1 1
17 1 6
18 1 15
18 1 16
18 1 17
18 1 1
19 1 14
19 1 1
20 1 18
20 1 19
23 1 19
24 1 16
24 1 23
33 1 24
26 1 19
24 1 33
24 1 26
19 1 24
25 1 6
25 1 1
19 1 8
19 1 20
19 1 25
21 1 3
21 1 2
21 1 4
21 1 19
22 1 21
3 2 2
5 2 5
5 2 1
6 2 1
2 2 7
11 2 2
10 2 10
10 2 1
2 2 12
2 2 11
11 2 9
6 2 11
11 2 6
15 2 16
16 2 17
17 2 1
14 2 14
14 2 1
18 2 19
9 2 11
16 2 23
23 2 33
33 2 33
33 2 26
24 2 14
8 2 8
8 2 14
14 2 20
20 2 20
20 2 14
14 2 25
25 2 1
2 2 4
4 2 19
2 4 1
1 4 2
2 4 2
1 4 1
1 5 2
2 5 2
? 1 b'ProgramData/83/2687.cpp'

2 1 1
3 1 2
4 1 1
9 1 1
6 1 9
7 1 6
7 1 1
2 1 2
2 1 7
5 1 3
5 1 2
8 1 5
8 1 1
15 1 6
5 1 15
10 1 6
11 1 1
6 1 11
6 1 2
12 1 10
12 1 1
13 1 2
13 1 12
6 1 13
14 1 6
14 1 1
15 1 5
15 1 1
16 1 6
16 1 1
17 1 6
18 1 15
18 1 16
18 1 17
18 1 1
19 1 14
19 1 1
20 1 18
20 1 19
23 1 19
24 1 16
24 1 23
19 1 24
25 1 6
25 1 1
19 1 8
19 1 20
19 1 25
21 1 3
21 1 2
21 1 4
21 1 19
22 1 21
6 2 1
2 2 7
3 2 2
5 2 5
5 2 1
2 2 15
11 2 2
10 2 10
10 2 1
2 2 12
2 2 11
15 2 16
16 2 17
17 2 1
14 2 14
14 2 1
18 2 19
11 2 9
9 2 11
16 2 23
14 2 24
24 2 24
24 2 14
8 2 8
8 2 14
14 2 20
20 2 20
20 2 14
14 2 25
25 2 1
2 2 4
4 2 19
1 4 2
2 4 1
2 4 2
1 4 1
2 5 2
1 5 2
? 1 b'ProgramData/83/2696.cpp'

2 1 1
3 1 2
4 1 1
5 1 3
5 1 2
9 1 1
6 1 9
15 1 6
5 1 15
7 1 6
7 1 1
2 1 2
2 1 7
8 1 5
8 1 1
10 1 6
11 1 1
6 1 11
6 1 2
12 1 10
12 1 1
13 1 2
13 1 12
6 1 13
14 1 6
14 1 1
15 1 1
16 1 6
16 1 1
17 1 6
18 1 15
18 1 16
18 1 17
18 1 1
19 1 14
19 1 1
20 1 18
20 1 19
23 1 19
24 1 16
24 1 23
19 1 24
19 1 8
19 1 20
21 1 3
21 1 2
21 1 4
21 1 19
22 1 21
3 2 2
2 2 15
6 2 1
2 2 7
5 2 5
5 2 1
11 2 2
10 2 10
10 2 1
2 2 12
2 2 11
11 2 9
15 2 16
16 2 17
17 2 1
14 2 14
14 2 1
18 2 19
9 2 11
16 2 23
14 2 24
24 2 24
24 2 1
8 2 8
8 2 14
14 2 20
20 2 20
20 2 14
2 2 4
4 2 19
2 4 2
1 4 2
2 4 1
1 4 1
2 5 2
1 5 2
? 1 b'ProgramData/83/2708.cpp'

2 1 1
3 1 2
4 1 1
5 1 3
5 1 2
8 1 5
8 1 1
9 1 1
6 1 9
7 1 6
7 1 1
2 1 2
2 1 7
15 1 6
5 1 15
10 1 6
11 1 1
6 1 11
6 1 2
12 1 10
12 1 1
13 1 2
13 1 12
6 1 13
14 1 6
14 1 1
15 1 1
16 1 6
16 1 1
17 1 6
18 1 15
18 1 16
18 1 17
18 1 1
19 1 14
19 1 1
20 1 18
20 1 19
23 1 19
24 1 16
24 1 23
33 1 24
26 1 19
24 1 33
24 1 26
19 1 24
19 1 8
19 1 20
21 1 3
21 1 2
21 1 4
21 1 19
22 1 21
3 2 2
5 2 5
5 2 1
6 2 1
2 2 7
2 2 15
11 2 2
10 2 10
10 2 1
2 2 12
2 2 11
11 2 9
15 2 16
16 2 17
17 2 1
14 2 1
18 2 19
9 2 11
16 2 23
23 2 33
33 2 33
33 2 26
24 2 1
8 2 8
8 2 14
14 2 20
20 2 20
20 2 14
2 2 4
4 2 19
1 4 1
2 4 1
1 4 2
2 4 2
1 5 2
2 5 2
? 1 b'ProgramData/83/2720.cpp'

2 1 1
3 1 2
5 1 3
5 1 2
36 1 5
4 1 36
4 1 1
11 1 1
9 1 1
6 1 2
6 1 11
6 1 9
16 1 6
16 1 1
25 1 6
25 1 1
19 1 25
23 1 19
24 1 16
24 1 23
19 1 24
19 1 1
21 1 3
21 1 2
21 1 4
21 1 19
8 1 5
8 1 1
7 1 6
7 1 1
2 1 2
2 1 7
10 1 6
12 1 10
12 1 1
13 1 2
13 1 12
6 1 13
14 1 6
14 1 1
15 1 6
15 1 1
17 1 6
18 1 15
18 1 16
18 1 17
18 1 1
19 1 14
20 1 18
20 1 19
19 1 8
19 1 20
22 1 21
3 2 2
36 2 1
2 2 11
11 2 9
9 2 11
11 2 2
6 2 1
16 2 23
24 2 24
24 2 25
25 2 1
2 2 4
4 2 19
5 2 5
5 2 1
2 2 7
10 2 10
10 2 1
2 2 12
15 2 16
16 2 17
17 2 1
14 2 14
14 2 1
18 2 19
11 2 13
13 2 11
8 2 8
8 2 14
14 2 20
20 2 20
20 2 14
14 2 25
21 2 21
2 4 2
1 4 2
2 4 1
1 4 1
2 5 2
1 5 2
? 1 b'ProgramData/83/2749.cpp'

2 1 1
3 1 2
5 1 3
36 1 5
4 1 36
4 1 1
5 1 2
9 1 1
6 1 9
7 1 6
7 1 1
2 1 2
2 1 7
15 1 6
5 1 15
8 1 5
8 1 1
10 1 6
11 1 1
6 1 11
6 1 2
12 1 10
12 1 1
13 1 2
13 1 12
6 1 13
14 1 6
14 1 1
15 1 1
16 1 6
16 1 1
17 1 6
18 1 15
18 1 16
18 1 17
18 1 1
19 1 14
20 1 18
20 1 19
16 1 11
23 1 19
24 1 16
24 1 23
19 1 24
19 1 1
19 1 8
19 1 20
21 1 3
21 1 2
21 1 4
21 1 19
22 1 21
36 2 1
3 2 2
6 2 1
2 2 7
2 2 15
5 2 5
5 2 1
11 2 2
10 2 10
10 2 1
2 2 12
2 2 11
11 2 9
15 2 16
16 2 17
17 2 1
18 2 19
9 2 11
6 2 11
11 2 6
16 2 23
24 2 24
24 2 1
11 2 11
8 2 8
8 2 14
14 2 20
20 2 20
20 2 14
14 2 14
14 2 1
2 2 4
4 2 19
1 4 2
1 4 1
2 4 1
2 4 2
2 5 2
1 5 2
1 5 1
? 1 b'ProgramData/83/271.cpp'

2 1 1
3 1 2
4 1 1
5 1 3
5 1 2
8 1 5
8 1 1
46 1 8
19 1 46
19 1 1
47 1 2
47 1 19
47 1 1
2 1 2
9 1 1
6 1 9
7 1 6
7 1 1
2 1 7
19 1 6
6 1 19
15 1 6
5 1 15
10 1 6
11 1 1
6 1 11
6 1 2
12 1 10
12 1 1
13 1 2
13 1 12
6 1 13
14 1 6
14 1 1
15 1 1
16 1 6
16 1 1
17 1 6
18 1 15
18 1 16
18 1 17
18 1 1
19 1 14
20 1 18
20 1 19
23 1 19
24 1 16
24 1 23
19 1 24
19 1 47
19 1 8
19 1 20
21 1 3
21 1 2
21 1 4
21 1 19
22 1 21
3 2 2
5 2 1
8 2 8
46 2 1
2 2 19
19 2 1
2 2 2
6 2 1
2 2 7
6 2 6
2 2 15
5 2 5
11 2 2
10 2 10
10 2 1
2 2 12
2 2 11
11 2 9
15 2 16
16 2 17
17 2 1
14 2 14
14 2 1
18 2 19
16 2 23
9 2 11
24 2 24
24 2 14
47 2 8
8 2 14
14 2 20
20 2 20
20 2 14
2 2 4
4 2 19
2 4 2
1 4 2
2 4 1
1 4 1
2 5 2
1 5 2
? 1 b'ProgramData/83/2766.cpp'

2 1 1
3 1 2
4 1 1
9 1 1
6 1 9
7 1 6
7 1 1
2 1 2
2 1 7
5 1 3
5 1 2
8 1 5
8 1 1
11 1 1
6 1 2
6 1 11
14 1 6
14 1 1
10 1 6
12 1 10
12 1 1
13 1 2
13 1 12
6 1 13
15 1 6
15 1 1
16 1 6
16 1 1
17 1 6
18 1 15
18 1 16
18 1 17
18 1 1
19 1 14
19 1 1
20 1 18
20 1 19
23 1 19
24 1 16
24 1 23
19 1 24
19 1 8
19 1 20
21 1 3
21 1 2
21 1 4
21 1 19
22 1 21
6 2 1
2 2 7
3 2 2
5 2 5
5 2 1
2 2 11
11 2 9
11 2 2
10 2 10
10 2 1
2 2 12
15 2 16
16 2 17
17 2 1
14 2 14
14 2 1
18 2 19
9 2 11
16 2 23
14 2 24
24 2 24
24 2 1
8 2 8
8 2 14
14 2 20
20 2 20
20 2 14
2 2 4
4 2 19
1 4 1
2 4 1
2 4 2
1 4 2
1 5 2
2 5 2
? 1 b'ProgramData/83/2771.cpp'

2 1 1
3 1 2
4 1 1
5 1 3
5 1 2
9 1 1
6 1 9
7 1 6
7 1 1
2 1 2
2 1 7
8 1 5
8 1 1
15 1 6
5 1 15
10 1 6
11 1 1
6 1 11
6 1 2
12 1 10
12 1 1
13 1 2
13 1 12
6 1 13
14 1 6
14 1 1
15 1 1
16 1 6
16 1 1
17 1 6
18 1 15
18 1 16
18 1 17
18 1 1
19 1 14
19 1 1
20 1 18
20 1 19
23 1 19
24 1 16
24 1 23
19 1 24
19 1 8
19 1 20
21 1 3
21 1 2
21 1 4
21 1 19
22 1 21
3 2 2
6 2 1
2 2 7
5 2 5
5 2 1
2 2 15
11 2 2
10 2 10
10 2 1
2 2 12
2 2 11
11 2 9
15 2 16
16 2 17
17 2 1
14 2 14
14 2 1
18 2 19
16 2 23
9 2 11
24 2 24
24 2 14
8 2 8
8 2 14
14 2 20
20 2 20
20 2 14
2 2 4
4 2 19
2 4 2
1 4 2
1 4 1
2 4 1
2 5 2
1 5 2
? 1 b'ProgramData/83/2792.cpp'

2 1 1
3 1 2
4 1 1
5 1 3
5 1 2
8 1 5
8 1 1
9 1 1
6 1 9
15 1 6
5 1 15
46 1 8
46 1 1
19 1 46
19 1 1
7 1 6
7 1 1
2 1 2
2 1 7
47 1 2
47 1 19
47 1 5
47 1 1
10 1 6
11 1 1
6 1 11
6 1 2
12 1 10
12 1 1
13 1 2
13 1 12
6 1 13
14 1 6
14 1 1
15 1 1
16 1 6
16 1 1
17 1 6
18 1 15
18 1 16
18 1 17
18 1 1
19 1 14
20 1 18
20 1 19
42 1 6
42 1 1
30 1 1
43 1 1
19 1 42
19 1 30
19 1 43
44 1 16
44 1 19
19 1 44
19 1 8
19 1 47
19 1 20
21 1 3
21 1 2
21 1 4
21 1 19
22 1 21
3 2 2
5 2 1
2 2 15
5 2 5
8 2 8
8 2 1
46 2 1
6 2 1
2 2 7
2 2 19
19 2 5
11 2 2
10 2 10
10 2 1
2 2 12
2 2 11
11 2 9
15 2 16
16 2 17
17 2 1
14 2 1
18 2 19
42 2 42
42 2 14
14 2 30
30 2 42
30 2 43
43 2 14
30 2 1
16 2 19
44 2 1
14 2 14
8 2 47
47 2 14
14 2 20
20 2 20
20 2 14
2 2 4
4 2 19
2 4 2
1 4 2
1 4 1
2 4 1
2 5 2
2 5 1
1 5 1
1 5 2
? 1 b'ProgramData/83/2785.cpp'

2 1 1
3 1 2
4 1 1
5 1 3
5 1 2
8 1 5
8 1 1
9 1 1
6 1 9
15 1 6
5 1 15
7 1 6
7 1 1
2 1 2
2 1 7
10 1 6
11 1 1
6 1 11
6 1 2
12 1 10
12 1 1
13 1 2
13 1 12
6 1 13
14 1 6
14 1 1
15 1 1
16 1 6
16 1 1
17 1 6
18 1 15
18 1 16
18 1 17
18 1 1
19 1 14
19 1 1
20 1 18
20 1 19
23 1 19
24 1 16
24 1 23
33 1 24
24 1 33
19 1 24
19 1 8
19 1 20
21 1 3
21 1 2
21 1 4
21 1 19
22 1 21
3 2 2
5 2 5
5 2 1
2 2 15
6 2 1
2 2 7
11 2 2
10 2 10
10 2 1
2 2 12
2 2 11
11 2 9
15 2 16
16 2 17
17 2 1
14 2 1
18 2 19
9 2 11
11 2 11
16 2 23
23 2 33
33 2 33
24 2 1
14 2 14
8 2 8
8 2 14
14 2 20
20 2 20
20 2 14
2 2 4
4 2 19
2 4 2
1 4 2
1 4 1
2 4 1
2 5 2
1 5 2
? 1 b'ProgramData/83/2775.cpp'

2 1 1
3 1 2
4 1 1
5 1 3
5 1 2
8 1 5
8 1 1
9 1 1
6 1 9
7 1 6
7 1 1
2 1 2
2 1 7
15 1 6
5 1 15
10 1 6
11 1 1
6 1 11
6 1 2
12 1 10
12 1 1
13 1 2
13 1 12
6 1 13
14 1 6
14 1 1
15 1 1
16 1 6
16 1 1
17 1 6
18 1 15
18 1 16
18 1 17
18 1 1
19 1 14
19 1 1
20 1 18
20 1 19
23 1 19
24 1 16
24 1 23
19 1 24
25 1 6
25 1 1
19 1 8
19 1 20
19 1 25
21 1 3
21 1 2
21 1 4
21 1 19
22 1 21
3 2 2
5 2 5
5 2 1
6 2 1
2 2 7
2 2 15
11 2 2
10 2 10
10 2 1
2 2 12
2 2 11
11 2 9
15 2 16
16 2 17
17 2 1
11 2 11
14 2 14
14 2 1
18 2 19
9 2 11
16 2 23
14 2 24
24 2 24
24 2 1
11 2 13
8 2 8
8 2 14
14 2 20
20 2 20
20 2 14
14 2 25
25 2 1
2 2 4
4 2 19
1 4 1
2 4 1
1 4 2
2 4 2
1 5 2
2 5 2
? 1 b'ProgramData/83/2814.cpp'

2 1 1
3 1 2
4 1 1
5 1 3
5 1 2
9 1 1
6 1 9
7 1 6
7 1 1
2 1 2
2 1 7
15 1 6
5 1 15
8 1 5
8 1 1
10 1 6
11 1 1
6 1 11
6 1 2
12 1 10
12 1 1
13 1 2
13 1 12
6 1 13
14 1 6
14 1 1
15 1 5
15 1 1
16 1 6
16 1 1
17 1 6
18 1 15
18 1 16
18 1 17
18 1 1
19 1 14
19 1 1
20 1 18
20 1 19
23 1 19
24 1 16
24 1 23
19 1 24
25 1 6
25 1 1
19 1 8
19 1 20
19 1 25
21 1 3
21 1 2
21 1 4
21 1 19
22 1 21
3 2 2
6 2 1
2 2 7
2 2 15
5 2 5
5 2 1
11 2 2
10 2 10
10 2 1
2 2 12
2 2 11
15 2 16
16 2 17
17 2 1
14 2 1
18 2 19
11 2 9
9 2 11
16 2 23
14 2 24
24 2 24
24 2 14
8 2 8
8 2 14
14 2 20
20 2 20
20 2 14
14 2 25
25 2 1
2 2 4
4 2 19
2 4 1
2 4 2
1 4 2
1 4 1
1 5 2
2 5 2
? 1 b'ProgramData/83/2825.cpp'

2 1 1
3 1 2
4 1 1
6 1 2
10 1 6
12 1 10
12 1 1
5 1 3
5 1 2
5 1 12
8 1 5
8 1 1
9 1 1
6 1 9
7 1 6
7 1 1
2 1 2
2 1 7
15 1 6
5 1 15
11 1 1
6 1 11
13 1 2
13 1 12
6 1 13
14 1 6
14 1 1
15 1 1
16 1 6
16 1 1
17 1 6
18 1 15
18 1 16
18 1 17
18 1 1
19 1 14
20 1 18
20 1 19
19 1 1
19 1 8
19 1 20
21 1 3
21 1 2
21 1 4
21 1 19
36 1 5
4 1 36
23 1 19
24 1 16
24 1 23
33 1 24
26 1 19
24 1 33
24 1 26
25 1 6
25 1 1
19 1 24
19 1 25
22 1 21
2 2 2
10 2 1
3 2 2
2 2 12
5 2 1
6 2 1
2 2 7
5 2 5
2 2 15
11 2 2
10 2 10
2 2 11
11 2 9
15 2 16
16 2 17
17 2 1
18 2 19
11 2 11
11 2 13
13 2 11
14 2 14
14 2 1
8 2 8
8 2 14
14 2 20
20 2 20
20 2 14
2 2 4
4 2 19
36 2 1
9 2 11
16 2 23
23 2 33
33 2 33
33 2 26
8 2 24
24 2 25
25 2 1
21 2 21
2 4 2
1 4 2
1 4 1
2 4 1
2 5 2
1 5 2
? 1 b'ProgramData/83/285.cpp'

2 1 1
3 1 2
4 1 1
5 1 3
5 1 2
9 1 1
6 1 9
7 1 6
7 1 1
2 1 2
2 1 7
8 1 5
8 1 1
10 1 6
11 1 1
6 1 11
6 1 2
12 1 10
12 1 1
13 1 2
13 1 12
6 1 13
14 1 6
14 1 1
15 1 6
15 1 1
16 1 6
16 1 1
17 1 6
18 1 15
18 1 16
18 1 17
18 1 1
19 1 14
19 1 1
20 1 18
20 1 19
23 1 19
24 1 16
24 1 23
19 1 24
25 1 6
25 1 1
19 1 8
19 1 20
19 1 25
21 1 3
21 1 2
21 1 4
21 1 19
22 1 21
3 2 2
6 2 1
2 2 7
5 2 5
5 2 1
11 2 2
10 2 10
10 2 1
2 2 12
2 2 11
11 2 9
15 2 16
16 2 17
17 2 1
14 2 1
18 2 19
9 2 11
16 2 23
24 2 24
24 2 14
14 2 14
8 2 8
8 2 14
14 2 20
20 2 20
20 2 14
14 2 25
25 2 1
2 2 4
4 2 19
2 4 1
2 4 2
1 4 2
1 4 1
1 5 2
2 5 2
? 1 b'ProgramData/83/2850.cpp'

2 1 1
3 1 2
5 1 3
5 1 2
36 1 5
4 1 36
4 1 1
11 1 1
9 1 1
6 1 2
6 1 11
6 1 9
16 1 6
16 1 1
25 1 6
25 1 1
19 1 25
23 1 19
24 1 16
24 1 23
33 1 24
26 1 19
24 1 33
24 1 26
19 1 24
19 1 1
21 1 3
21 1 2
21 1 4
21 1 19
8 1 5
8 1 1
10 1 6
12 1 10
12 1 1
13 1 2
13 1 12
6 1 13
14 1 6
14 1 1
7 1 6
7 1 1
2 1 2
2 1 7
15 1 6
5 1 15
15 1 1
17 1 6
18 1 15
18 1 16
18 1 17
18 1 1
19 1 14
20 1 18
20 1 19
19 1 8
19 1 20
22 1 21
3 2 2
36 2 1
2 2 11
11 2 9
9 2 11
11 2 2
6 2 1
16 2 23
23 2 33
33 2 33
33 2 26
24 2 1
2 2 4
4 2 19
5 2 1
10 2 10
10 2 1
2 2 12
2 2 7
2 2 15
5 2 5
15 2 16
16 2 17
17 2 1
14 2 14
14 2 1
18 2 19
11 2 11
11 2 13
13 2 11
8 2 14
14 2 8
8 2 8
8 2 20
20 2 8
20 2 14
21 2 21
2 4 2
2 4 1
1 4 2
1 4 1
2 5 2
1 5 2
? 1 b'ProgramData/83/288.cpp'

2 1 1
3 1 2
4 1 1
5 1 3
5 1 2
9 1 1
6 1 9
7 1 6
7 1 1
2 1 2
2 1 7
8 1 5
8 1 1
15 1 6
5 1 15
10 1 6
11 1 1
6 1 11
6 1 2
12 1 10
12 1 1
13 1 2
13 1 12
6 1 13
14 1 6
14 1 1
15 1 1
16 1 6
16 1 1
17 1 6
18 1 15
18 1 16
18 1 17
18 1 1
19 1 14
19 1 1
20 1 18
20 1 19
32 1 1
19 1 32
23 1 19
24 1 16
24 1 23
19 1 24
25 1 6
25 1 1
19 1 8
19 1 20
19 1 25
21 1 3
21 1 2
21 1 4
21 1 19
22 1 21
3 2 2
6 2 1
2 2 7
5 2 5
5 2 1
2 2 15
11 2 2
10 2 10
10 2 1
2 2 12
2 2 11
11 2 9
15 2 16
16 2 17
17 2 1
14 2 14
14 2 1
18 2 19
9 2 11
14 2 32
32 2 1
16 2 23
14 2 24
24 2 24
24 2 1
8 2 8
8 2 14
14 2 20
20 2 20
20 2 14
14 2 25
25 2 1
2 2 4
4 2 19
2 4 2
1 4 2
1 4 1
2 4 1
2 5 2
1 5 2
? 1 b'ProgramData/83/2933.cpp'

2 1 1
3 1 2
4 1 1
5 1 3
5 1 2
8 1 5
8 1 1
9 1 1
6 1 9
10 1 6
11 1 1
6 1 11
6 1 2
12 1 10
12 1 1
13 1 2
13 1 12
6 1 13
14 1 6
14 1 1
7 1 6
7 1 1
2 1 2
2 1 7
15 1 6
5 1 15
15 1 1
16 1 6
16 1 1
17 1 6
18 1 15
18 1 16
18 1 17
18 1 1
19 1 14
19 1 1
20 1 18
20 1 19
23 1 19
24 1 16
24 1 23
33 1 24
26 1 19
24 1 33
24 1 26
19 1 24
25 1 6
25 1 1
19 1 8
19 1 20
19 1 25
21 1 3
21 1 2
21 1 4
21 1 19
22 1 21
3 2 2
5 2 1
11 2 2
10 2 10
10 2 1
2 2 12
6 2 1
2 2 7
2 2 15
5 2 5
2 2 11
11 2 9
15 2 16
16 2 17
17 2 1
14 2 14
14 2 1
18 2 19
9 2 11
16 2 23
23 2 33
33 2 33
33 2 26
14 2 24
24 2 1
11 2 11
8 2 14
14 2 8
8 2 8
8 2 20
20 2 20
20 2 8
20 2 14
14 2 25
25 2 1
2 2 4
4 2 19
1 4 2
1 4 1
2 4 1
2 4 2
2 5 2
1 5 2
? 1 b'ProgramData/83/2936.cpp'

2 1 1
3 1 2
28 1 1
3 1 28
5 1 3
5 1 2
36 1 5
4 1 36
4 1 1
8 1 5
8 1 1
11 1 1
9 1 1
6 1 11
6 1 2
6 1 9
16 1 6
16 1 1
14 1 6
14 1 1
19 1 14
23 1 19
24 1 16
24 1 23
33 1 24
26 1 19
24 1 33
24 1 26
25 1 6
25 1 1
19 1 8
19 1 24
19 1 25
19 1 1
21 1 3
21 1 2
21 1 4
21 1 19
15 1 6
5 1 15
7 1 6
7 1 1
2 1 2
2 1 7
8 1 28
10 1 6
12 1 10
12 1 1
13 1 2
13 1 12
6 1 13
15 1 1
17 1 6
18 1 15
18 1 16
18 1 17
18 1 1
20 1 18
20 1 19
19 1 20
22 1 21
2 2 28
3 2 2
36 2 1
5 2 1
11 2 2
2 2 11
11 2 9
9 2 11
11 2 11
6 2 1
16 2 23
23 2 33
33 2 33
33 2 26
8 2 24
24 2 25
25 2 1
2 2 4
4 2 19
2 2 15
2 2 7
5 2 5
5 2 28
28 2 5
10 2 10
10 2 1
2 2 12
15 2 16
16 2 17
17 2 1
18 2 19
11 2 13
13 2 11
14 2 14
14 2 1
8 2 8
8 2 14
14 2 20
20 2 20
20 2 14
21 2 21
2 4 2
1 4 2
2 4 1
1 4 1
2 5 2
1 5 2
1 5 1
2 5 1
? 1 b'ProgramData/83/293.cpp'

2 1 1
3 1 2
5 1 3
5 1 2
36 1 5
4 1 36
4 1 1
11 1 1
9 1 1
6 1 2
6 1 11
6 1 9
16 1 6
16 1 1
25 1 6
25 1 1
19 1 25
19 1 1
23 1 19
24 1 16
24 1 23
33 1 24
26 1 19
24 1 33
24 1 26
19 1 24
21 1 3
21 1 2
21 1 4
21 1 19
7 1 6
7 1 1
2 1 2
2 1 7
15 1 6
5 1 15
8 1 5
8 1 1
10 1 6
12 1 10
12 1 1
13 1 2
13 1 12
6 1 13
14 1 6
14 1 1
15 1 1
17 1 6
18 1 15
18 1 16
18 1 17
18 1 1
19 1 14
20 1 18
20 1 19
19 1 8
19 1 20
22 1 21
3 2 2
36 2 1
2 2 11
11 2 9
9 2 11
11 2 2
6 2 1
25 2 1
16 2 23
23 2 33
33 2 33
33 2 26
24 2 1
2 2 4
4 2 19
2 2 7
2 2 15
5 2 5
5 2 1
10 2 10
10 2 1
2 2 12
15 2 16
16 2 17
17 2 1
14 2 14
14 2 1
18 2 19
11 2 11
11 2 13
13 2 11
8 2 8
8 2 14
14 2 20
20 2 20
20 2 8
14 2 25
21 2 21
2 4 2
1 4 2
2 4 1
2 5 2
1 5 2
? 1 b'ProgramData/83/2975.cpp'

2 1 1
3 1 2
5 1 3
5 1 2
8 1 5
8 1 1
46 1 8
46 1 1
19 1 46
19 1 1
9 1 1
6 1 9
7 1 6
7 1 1
2 1 2
2 1 7
47 1 2
47 1 19
47 1 5
47 1 1
36 1 5
4 1 36
4 1 1
11 1 1
6 1 2
6 1 11
16 1 6
16 1 1
25 1 6
25 1 1
19 1 25
23 1 19
24 1 16
24 1 23
33 1 24
24 1 33
19 1 24
21 1 3
21 1 2
21 1 4
21 1 19
10 1 6
12 1 10
12 1 1
13 1 2
13 1 12
6 1 13
14 1 6
14 1 1
15 1 6
15 1 1
17 1 6
18 1 15
18 1 16
18 1 17
18 1 1
19 1 14
20 1 18
20 1 19
19 1 20
31 1 16
31 1 19
19 1 8
19 1 31
22 1 27
22 1 47
22 1 21
3 2 2
5 2 5
5 2 1
8 2 1
46 2 1
6 2 1
2 2 7
2 2 19
19 2 5
36 2 1
2 2 11
11 2 9
9 2 11
11 2 2
16 2 23
23 2 33
33 2 33
24 2 25
25 2 1
2 2 4
4 2 19
10 2 10
10 2 1
2 2 12
13 2 11
15 2 16
16 2 17
17 2 1
18 2 19
11 2 13
14 2 14
14 2 1
14 2 20
20 2 20
20 2 14
16 2 19
8 2 8
8 2 31
31 2 25
27 2 47
47 2 21
21 2 21
2 4 2
2 4 1
1 4 2
1 4 1
2 5 2
1 5 2
2 5 1
1 5 1
? 1 b'ProgramData/83/2982.cpp'

2 1 1
3 1 2
5 1 3
5 1 2
9 1 1
6 1 9
7 1 6
7 1 1
2 1 2
2 1 7
8 1 5
8 1 1
36 1 5
4 1 36
4 1 1
11 1 1
6 1 2
6 1 11
16 1 6
16 1 1
25 1 6
25 1 1
19 1 25
23 1 19
24 1 16
24 1 23
19 1 24
19 1 1
21 1 3
21 1 2
21 1 4
21 1 19
10 1 6
12 1 10
12 1 1
13 1 2
13 1 12
6 1 13
15 1 6
5 1 15
15 1 5
15 1 1
17 1 6
18 1 15
18 1 16
18 1 17
18 1 1
14 1 6
14 1 1
19 1 14
20 1 18
20 1 19
19 1 8
19 1 20
31 1 16
31 1 19
19 1 31
22 1 8
22 1 21
3 2 2
6 2 1
2 2 7
5 2 5
5 2 1
36 2 1
2 2 11
11 2 9
16 2 23
24 2 24
24 2 25
25 2 1
2 2 4
4 2 19
11 2 2
10 2 10
10 2 1
2 2 12
13 2 11
2 2 15
15 2 16
16 2 17
17 2 1
14 2 14
14 2 1
18 2 19
11 2 13
8 2 14
8 2 8
8 2 20
20 2 20
20 2 14
16 2 19
31 2 25
8 2 21
21 2 21
2 4 2
1 4 2
1 4 1
2 4 1
2 5 2
1 5 2
? 1 b'ProgramData/83/2983.cpp'

2 1 1
3 1 2
5 1 3
5 1 2
36 1 5
4 1 36
4 1 1
11 1 1
9 1 1
6 1 2
6 1 11
6 1 9
16 1 6
16 1 1
25 1 6
25 1 1
19 1 25
23 1 19
24 1 16
24 1 23
19 1 24
19 1 1
21 1 3
21 1 2
21 1 4
21 1 19
7 1 6
7 1 1
2 1 2
2 1 7
8 1 5
8 1 1
14 1 6
14 1 1
15 1 6
15 1 1
17 1 6
18 1 15
18 1 16
18 1 17
18 1 1
19 1 14
20 1 18
20 1 19
15 1 11
10 1 6
12 1 10
12 1 1
13 1 2
13 1 12
6 1 13
19 1 8
19 1 20
22 1 21
3 2 2
36 2 1
2 2 11
11 2 9
9 2 11
11 2 2
6 2 1
16 2 23
24 2 24
24 2 1
2 2 4
4 2 19
2 2 7
5 2 5
5 2 1
15 2 16
16 2 17
17 2 1
18 2 19
6 2 11
11 2 6
10 2 1
2 2 12
11 2 13
13 2 11
10 2 10
8 2 8
8 2 14
14 2 20
20 2 20
20 2 14
14 2 1
21 2 21
2 4 2
1 4 2
2 4 1
1 4 1
2 5 2
1 5 2
? 1 b'ProgramData/83/3018.cpp'

2 1 1
3 1 2
5 1 3
5 1 2
36 1 5
4 1 36
4 1 1
11 1 1
9 1 1
6 1 2
6 1 11
6 1 9
16 1 6
16 1 1
25 1 6
25 1 1
19 1 25
23 1 19
24 1 16
24 1 23
33 1 24
24 1 33
19 1 24
19 1 1
21 1 3
21 1 2
21 1 4
21 1 19
8 1 5
8 1 1
15 1 6
5 1 15
7 1 6
7 1 1
2 1 2
2 1 7
10 1 6
12 1 10
12 1 1
13 1 2
13 1 12
6 1 13
14 1 6
14 1 1
15 1 1
17 1 6
18 1 15
18 1 16
18 1 17
18 1 1
19 1 14
20 1 18
20 1 19
19 1 8
19 1 20
22 1 21
3 2 2
36 2 1
2 2 11
11 2 9
9 2 11
11 2 2
6 2 1
16 2 23
23 2 33
33 2 33
24 2 25
25 2 1
2 2 4
4 2 19
5 2 1
2 2 15
5 2 5
2 2 7
10 2 10
10 2 1
2 2 12
15 2 16
16 2 17
17 2 1
14 2 14
14 2 1
18 2 19
11 2 13
13 2 11
11 2 11
8 2 8
8 2 14
14 2 8
8 2 20
20 2 20
20 2 14
14 2 25
21 2 21
2 4 2
1 4 2
2 4 1
2 5 2
1 5 2
? 1 b'ProgramData/83/3028.cpp'

2 1 1
3 1 2
5 1 3
5 1 2
36 1 5
4 1 36
4 1 1
11 1 1
9 1 1
6 1 2
6 1 11
6 1 9
16 1 6
16 1 1
25 1 6
25 1 1
19 1 25
23 1 19
24 1 16
24 1 23
33 1 24
26 1 19
24 1 33
24 1 26
19 1 24
19 1 1
21 1 3
21 1 2
21 1 4
21 1 19
15 1 6
5 1 15
8 1 5
8 1 1
28 1 1
3 1 28
8 1 28
10 1 6
12 1 10
12 1 1
13 1 2
13 1 12
6 1 13
14 1 6
14 1 1
29 1 12
6 1 29
15 1 1
17 1 6
18 1 15
18 1 16
18 1 17
18 1 1
7 1 6
7 1 1
2 1 2
2 1 7
19 1 14
20 1 18
20 1 19
19 1 8
19 1 20
22 1 21
3 2 2
36 2 1
2 2 11
11 2 9
9 2 11
11 2 2
6 2 1
16 2 23
23 2 33
33 2 33
33 2 26
24 2 1
2 2 4
4 2 19
2 2 15
5 2 5
5 2 1
2 2 28
5 2 28
28 2 5
10 2 10
10 2 1
2 2 12
29 2 11
11 2 11
11 2 13
15 2 16
16 2 17
17 2 1
2 2 7
14 2 1
18 2 19
14 2 14
8 2 8
8 2 14
14 2 20
20 2 20
20 2 14
21 2 21
2 4 2
1 4 2
2 4 1
1 4 1
2 5 2
1 5 2
? 1 b'ProgramData/83/3058.cpp'

2 1 1
3 1 2
5 1 3
5 1 2
36 1 5
4 1 36
4 1 1
11 1 1
9 1 1
6 1 2
6 1 11
6 1 9
16 1 6
16 1 1
25 1 6
25 1 1
19 1 25
23 1 19
24 1 16
24 1 23
19 1 24
19 1 1
21 1 3
21 1 2
21 1 4
21 1 19
7 1 6
7 1 1
2 1 2
2 1 7
8 1 5
8 1 1
14 1 6
14 1 1
15 1 6
5 1 15
15 1 5
15 1 1
17 1 6
18 1 15
18 1 16
18 1 17
18 1 1
19 1 14
20 1 18
20 1 19
10 1 6
12 1 10
12 1 1
13 1 2
13 1 12
6 1 13
2 1 11
19 1 8
19 1 20
22 1 21
3 2 2
36 2 1
2 2 11
11 2 9
9 2 11
11 2 2
6 2 1
16 2 23
24 2 24
24 2 1
2 2 4
4 2 19
2 2 7
5 2 5
5 2 1
2 2 15
15 2 16
16 2 17
17 2 1
14 2 14
14 2 1
18 2 19
10 2 1
2 2 12
11 2 13
13 2 11
8 2 14
14 2 8
8 2 20
20 2 8
20 2 14
21 2 21
2 4 2
2 4 1
1 4 2
1 4 1
2 5 2
1 5 2
? 1 b'ProgramData/83/3059.cpp'

2 1 1
3 1 2
4 1 1
5 1 3
5 1 2
8 1 5
8 1 1
9 1 1
6 1 9
7 1 6
7 1 1
2 1 2
2 1 7
19 1 6
19 1 1
6 1 19
15 1 6
5 1 15
10 1 6
11 1 1
6 1 11
6 1 2
12 1 10
12 1 1
13 1 2
13 1 12
6 1 13
16 1 6
16 1 1
15 1 1
17 1 6
18 1 15
18 1 16
18 1 17
18 1 1
14 1 6
14 1 1
19 1 14
20 1 18
20 1 19
23 1 19
24 1 16
24 1 23
33 1 24
26 1 19
24 1 33
24 1 26
19 1 24
19 1 8
19 1 20
31 1 16
31 1 19
25 1 6
25 1 1
19 1 31
19 1 25
21 1 3
21 1 2
21 1 4
21 1 19
22 1 21
3 2 2
5 2 5
5 2 1
6 2 1
2 2 7
2 2 15
6 2 6
11 2 2
10 2 10
10 2 1
2 2 12
13 2 11
2 2 11
11 2 9
15 2 16
16 2 17
17 2 1
14 2 14
14 2 1
18 2 19
9 2 11
16 2 23
23 2 33
33 2 33
33 2 26
24 2 1
8 2 8
8 2 20
20 2 20
20 2 14
16 2 19
8 2 31
31 2 25
25 2 1
2 2 4
4 2 19
1 4 2
2 4 1
2 4 2
1 4 1
2 5 2
1 5 2
? 1 b'ProgramData/83/3075.cpp'

2 1 1
3 1 2
4 1 1
9 1 1
6 1 9
7 1 6
7 1 1
2 1 2
2 1 7
5 1 3
5 1 2
8 1 5
8 1 1
11 1 1
6 1 2
6 1 11
14 1 6
14 1 1
10 1 6
12 1 10
12 1 1
13 1 2
13 1 12
6 1 13
15 1 6
15 1 1
16 1 6
16 1 1
17 1 6
18 1 15
18 1 16
18 1 17
18 1 1
19 1 14
20 1 18
20 1 19
23 1 19
24 1 16
24 1 23
19 1 24
19 1 1
19 1 8
19 1 20
21 1 3
21 1 2
21 1 4
21 1 19
22 1 21
6 2 1
2 2 7
3 2 2
5 2 5
5 2 1
2 2 11
11 2 9
11 2 2
10 2 10
10 2 1
2 2 12
15 2 16
16 2 17
17 2 1
18 2 19
16 2 23
9 2 11
24 2 24
24 2 1
14 2 14
14 2 1
8 2 8
8 2 14
14 2 20
20 2 20
20 2 14
2 2 4
4 2 19
2 4 2
1 4 2
1 4 1
2 4 1
2 5 2
1 5 2
? 1 b'ProgramData/83/310.cpp'

2 1 1
3 1 2
4 1 1
5 1 3
5 1 2
8 1 5
8 1 1
11 1 1
6 1 2
6 1 11
14 1 6
14 1 1
9 1 1
6 1 9
15 1 6
5 1 15
7 1 6
7 1 1
2 1 2
2 1 7
15 1 1
16 1 6
16 1 1
17 1 6
18 1 15
18 1 16
18 1 17
18 1 1
19 1 14
19 1 1
20 1 18
20 1 19
23 1 19
23 1 27
24 1 16
24 1 23
33 1 24
24 1 33
19 1 8
19 1 24
10 1 6
12 1 10
12 1 1
13 1 2
13 1 12
6 1 13
25 1 6
25 1 1
19 1 27
19 1 20
19 1 25
21 1 3
21 1 2
21 1 4
21 1 19
22 1 21
3 2 2
5 2 5
5 2 1
2 2 11
11 2 2
6 2 1
2 2 15
2 2 7
11 2 9
15 2 16
16 2 17
17 2 1
14 2 14
14 2 1
18 2 19
9 2 11
27 2 19
16 2 23
23 2 33
33 2 33
14 2 8
8 2 24
24 2 14
10 2 10
10 2 1
2 2 12
8 2 14
8 2 8
8 2 27
27 2 20
20 2 20
20 2 8
14 2 25
25 2 1
2 2 4
4 2 19
2 4 2
1 4 2
2 4 1
1 4 1
2 5 2
1 5 2
? 1 b'ProgramData/83/3111.cpp'

2 1 1
3 1 2
4 1 1
9 1 1
6 1 9
15 1 6
5 1 3
5 1 2
5 1 15
7 1 6
7 1 1
2 1 2
2 1 7
8 1 5
8 1 1
11 1 1
6 1 2
6 1 11
14 1 6
14 1 1
15 1 1
16 1 6
16 1 1
17 1 6
18 1 15
18 1 16
18 1 17
18 1 1
19 1 14
19 1 1
20 1 18
20 1 19
23 1 19
24 1 16
24 1 23
33 1 24
26 1 19
24 1 33
24 1 26
19 1 24
2 1 11
10 1 6
12 1 10
12 1 1
13 1 2
13 1 12
6 1 13
25 1 6
25 1 1
19 1 8
19 1 20
19 1 25
21 1 3
21 1 2
21 1 4
21 1 19
22 1 21
3 2 2
2 2 15
6 2 1
2 2 7
5 2 5
5 2 1
2 2 11
11 2 2
11 2 9
15 2 16
16 2 17
17 2 1
14 2 14
14 2 1
18 2 19
16 2 23
23 2 33
33 2 33
33 2 26
14 2 24
24 2 14
10 2 1
2 2 12
8 2 8
8 2 14
14 2 20
20 2 20
20 2 14
14 2 25
25 2 1
2 2 4
4 2 19
2 4 2
1 4 2
1 4 1
2 4 1
2 5 2
1 5 2
? 1 b'ProgramData/83/3117.cpp'

2 1 1
3 1 2
4 1 1
5 1 3
5 1 2
8 1 5
8 1 1
9 1 1
6 1 9
7 1 6
7 1 1
2 1 2
2 1 7
10 1 6
11 1 1
6 1 11
6 1 2
12 1 10
12 1 1
13 1 2
13 1 12
6 1 13
14 1 6
14 1 1
16 1 6
16 1 1
19 1 14
19 1 1
31 1 16
31 1 19
23 1 19
24 1 16
24 1 23
33 1 24
26 1 19
24 1 33
24 1 26
19 1 24
25 1 6
25 1 1
19 1 8
19 1 31
19 1 25
21 1 3
21 1 2
21 1 4
21 1 19
22 1 21
3 2 2
5 2 5
5 2 1
6 2 1
2 2 7
11 2 2
10 2 10
10 2 1
2 2 12
2 2 11
11 2 9
14 2 14
14 2 1
16 2 19
9 2 11
16 2 23
23 2 33
33 2 33
33 2 26
24 2 14
11 2 11
8 2 8
8 2 14
14 2 31
31 2 14
14 2 25
25 2 1
2 2 4
4 2 19
2 4 2
1 4 2
2 4 1
2 5 2
1 5 2
? 1 b'ProgramData/83/3160.cpp'

