2 1 1
3 1 2
4 1 1
5 1 3
5 1 2
9 1 1
6 1 9
15 1 6
5 1 15
8 1 5
8 1 1
10 1 6
11 1 1
6 1 11
6 1 2
12 1 10
12 1 1
13 1 2
13 1 12
6 1 13
14 1 6
14 1 1
16 1 6
16 1 1
19 1 14
19 1 1
23 1 19
24 1 16
24 1 23
33 1 24
24 1 33
19 1 24
31 1 16
31 1 19
25 1 6
25 1 1
19 1 8
19 1 31
19 1 25
21 1 3
21 1 2
21 1 4
21 1 19
22 1 21
3 2 2
2 2 15
5 2 5
5 2 1
11 2 2
10 2 10
10 2 1
2 2 12
6 2 1
2 2 11
14 2 14
14 2 1
16 2 23
23 2 33
14 2 24
24 2 14
16 2 19
8 2 14
24 2 31
31 2 14
14 2 25
25 2 1
2 2 4
4 2 19
2 4 1
2 4 2
1 4 2
1 4 1
1 5 2
2 5 2
? 1 b'ProgramData/84/1018.cpp'

2 1 1
3 1 2
4 1 1
5 1 3
5 1 2
8 1 5
8 1 1
9 1 1
6 1 9
10 1 6
11 1 1
6 1 11
6 1 2
12 1 10
12 1 1
13 1 2
13 1 12
6 1 13
14 1 6
14 1 1
16 1 6
16 1 1
19 1 14
19 1 1
23 1 19
24 1 16
24 1 23
19 1 24
31 1 16
31 1 19
25 1 6
25 1 1
19 1 8
19 1 31
19 1 25
21 1 3
21 1 2
21 1 4
21 1 19
22 1 21
3 2 2
5 2 5
5 2 1
11 2 2
10 2 10
10 2 1
2 2 12
6 2 1
2 2 11
11 2 9
14 2 14
14 2 1
16 2 23
14 2 24
24 2 24
24 2 14
16 2 19
8 2 14
14 2 31
31 2 14
14 2 25
25 2 1
2 2 4
4 2 19
1 4 1
2 4 1
1 4 2
2 4 2
1 5 2
2 5 2
? 1 b'ProgramData/84/1020.cpp'

2 1 1
3 1 2
4 1 1
5 1 3
5 1 2
9 1 1
6 1 9
7 1 6
7 1 1
2 1 2
2 1 7
8 1 5
8 1 1
10 1 6
11 1 1
6 1 11
6 1 2
12 1 10
12 1 1
13 1 2
13 1 12
6 1 13
14 1 6
14 1 1
15 1 6
15 1 1
16 1 6
16 1 1
17 1 6
18 1 15
18 1 16
18 1 17
18 1 1
19 1 14
19 1 1
20 1 18
20 1 19
23 1 19
24 1 16
24 1 23
19 1 24
19 1 8
19 1 20
21 1 3
21 1 2
21 1 4
21 1 19
22 1 21
3 2 2
6 2 1
2 2 7
5 2 5
5 2 1
11 2 2
10 2 10
10 2 1
2 2 12
2 2 11
11 2 9
15 2 16
16 2 17
17 2 1
14 2 1
18 2 19
14 2 14
16 2 23
24 2 1
8 2 14
14 2 20
20 2 14
2 2 4
4 2 19
1 4 1
2 4 1
2 4 2
1 4 2
1 5 2
2 5 2
? 1 b'ProgramData/84/104.cpp'

2 1 1
3 1 2
4 1 1
5 1 3
5 1 2
8 1 5
8 1 1
9 1 1
6 1 9
10 1 6
11 1 1
6 1 11
6 1 2
12 1 10
12 1 1
13 1 2
13 1 12
6 1 13
14 1 6
14 1 1
16 1 6
16 1 1
14 1 11
19 1 14
19 1 1
23 1 19
24 1 16
24 1 23
33 1 24
24 1 33
19 1 24
26 1 19
24 1 26
31 1 16
31 1 19
25 1 6
25 1 1
19 1 8
19 1 31
19 1 25
21 1 3
21 1 2
21 1 4
21 1 19
22 1 21
3 2 2
5 2 5
5 2 1
11 2 2
10 2 10
10 2 1
2 2 12
6 2 1
2 2 11
11 2 9
6 2 11
11 2 6
14 2 1
11 2 11
16 2 23
23 2 33
24 2 1
23 2 26
14 2 24
24 2 14
16 2 19
8 2 14
14 2 14
14 2 31
31 2 14
14 2 25
25 2 1
2 2 4
4 2 19
1 4 1
2 4 1
1 4 2
2 4 2
1 5 2
2 5 2
? 1 b'ProgramData/84/1040.cpp'

2 1 1
3 1 2
4 1 1
9 1 1
6 1 9
7 1 6
7 1 1
2 1 2
2 1 7
5 1 3
5 1 2
8 1 5
8 1 1
11 1 1
6 1 2
6 1 11
14 1 6
14 1 1
10 1 6
12 1 10
12 1 1
13 1 2
13 1 12
6 1 13
15 1 6
15 1 1
16 1 6
16 1 1
17 1 6
18 1 15
18 1 16
18 1 17
18 1 1
19 1 14
19 1 1
20 1 18
20 1 19
23 1 19
26 1 19
24 1 16
24 1 23
24 1 26
33 1 24
24 1 33
19 1 24
25 1 6
25 1 1
19 1 8
19 1 20
19 1 25
21 1 3
21 1 2
21 1 4
21 1 19
22 1 21
6 2 1
2 2 7
3 2 2
5 2 1
5 2 5
2 2 11
11 2 2
11 2 9
10 2 10
10 2 1
2 2 12
15 2 16
16 2 17
17 2 1
14 2 1
18 2 19
14 2 14
16 2 23
23 2 26
23 2 33
24 2 1
8 2 8
8 2 14
14 2 20
20 2 24
24 2 20
20 2 14
14 2 25
25 2 1
2 2 4
4 2 19
1 4 1
2 4 1
1 4 2
2 4 2
1 5 2
2 5 2
? 1 b'ProgramData/84/1049.cpp'

2 1 1
3 1 2
4 1 1
5 1 3
5 1 2
9 1 1
6 1 9
7 1 6
7 1 1
2 1 2
2 1 7
8 1 5
8 1 1
10 1 6
11 1 1
6 1 11
6 1 2
12 1 10
12 1 1
13 1 2
13 1 12
6 1 13
14 1 6
14 1 1
15 1 6
15 1 1
16 1 6
16 1 1
17 1 6
18 1 15
18 1 16
18 1 17
18 1 1
19 1 14
20 1 18
20 1 19
19 1 1
23 1 19
24 1 16
24 1 23
19 1 24
19 1 20
19 1 8
21 1 3
21 1 2
21 1 4
21 1 19
22 1 21
3 2 2
6 2 1
2 2 7
5 2 5
5 2 1
11 2 2
10 2 10
10 2 1
2 2 12
2 2 11
11 2 9
15 2 16
16 2 17
17 2 1
18 2 19
14 2 14
14 2 1
16 2 23
24 2 1
20 2 1
8 2 14
14 2 20
20 2 20
20 2 14
2 2 4
4 2 19
1 4 1
2 4 1
2 4 2
1 4 2
1 5 2
2 5 2
? 1 b'ProgramData/84/106.cpp'

2 1 1
3 1 2
4 1 1
5 1 3
5 1 2
8 1 5
8 1 1
9 1 1
6 1 9
10 1 6
11 1 1
6 1 11
6 1 2
12 1 10
12 1 1
13 1 2
13 1 12
6 1 13
14 1 6
14 1 1
16 1 6
16 1 1
19 1 14
19 1 1
23 1 19
24 1 16
24 1 23
33 1 24
26 1 19
24 1 33
24 1 26
19 1 24
31 1 16
31 1 19
25 1 6
25 1 1
19 1 8
19 1 31
19 1 25
21 1 3
21 1 2
21 1 4
21 1 19
22 1 21
3 2 2
5 2 5
5 2 1
11 2 2
10 2 10
10 2 1
2 2 12
6 2 1
2 2 11
11 2 9
14 2 14
14 2 1
11 2 11
16 2 23
23 2 33
33 2 26
14 2 24
24 2 1
16 2 19
8 2 14
14 2 31
31 2 14
14 2 25
25 2 1
2 2 4
4 2 19
1 4 2
2 4 1
2 4 2
1 4 1
2 5 2
1 5 2
? 1 b'ProgramData/84/1074.cpp'

2 1 1
3 1 2
4 1 1
5 1 3
5 1 2
8 1 5
8 1 1
9 1 1
6 1 9
10 1 6
11 1 1
6 1 11
6 1 2
12 1 10
12 1 1
13 1 2
13 1 12
6 1 13
14 1 6
14 1 1
15 1 6
15 1 1
16 1 6
16 1 1
17 1 6
18 1 15
18 1 16
18 1 17
18 1 1
19 1 14
19 1 1
23 1 19
24 1 16
24 1 23
19 1 24
20 1 18
20 1 19
25 1 6
25 1 1
19 1 8
19 1 20
19 1 25
21 1 3
21 1 2
21 1 4
21 1 19
22 1 21
3 2 2
5 2 1
11 2 2
10 2 10
10 2 1
2 2 12
6 2 1
5 2 5
2 2 11
11 2 9
15 2 16
16 2 17
17 2 1
14 2 14
14 2 1
16 2 23
14 2 24
24 2 24
24 2 1
18 2 19
8 2 14
14 2 8
14 2 20
20 2 14
14 2 25
25 2 1
2 2 4
4 2 19
1 4 1
2 4 1
1 4 2
2 4 2
1 5 2
2 5 2
? 1 b'ProgramData/84/1076.cpp'

2 1 1
3 1 2
4 1 1
5 1 3
5 1 2
9 1 1
6 1 9
15 1 6
5 1 15
8 1 5
8 1 1
10 1 6
11 1 1
6 1 11
6 1 2
12 1 10
12 1 1
13 1 2
13 1 12
6 1 13
14 1 6
14 1 1
16 1 6
16 1 1
14 1 11
19 1 14
23 1 19
24 1 16
24 1 23
33 1 24
24 1 33
19 1 24
19 1 1
31 1 16
31 1 19
19 1 8
19 1 31
21 1 3
21 1 2
21 1 4
21 1 19
22 1 21
3 2 2
2 2 15
5 2 5
5 2 1
11 2 2
10 2 10
10 2 1
2 2 12
6 2 1
2 2 11
6 2 11
11 2 6
16 2 23
23 2 33
14 2 24
24 2 14
14 2 1
16 2 19
8 2 8
8 2 14
14 2 31
31 2 14
2 2 4
4 2 19
1 4 1
2 4 1
2 4 2
1 4 2
1 5 2
2 5 2
? 1 b'ProgramData/84/1095.cpp'

2 1 1
3 1 2
4 1 1
5 1 3
5 1 2
8 1 5
8 1 1
9 1 1
6 1 9
10 1 6
11 1 1
6 1 11
6 1 2
12 1 10
12 1 1
13 1 2
13 1 12
6 1 13
14 1 6
14 1 1
16 1 6
16 1 1
19 1 14
19 1 1
23 1 19
24 1 16
24 1 23
15 1 6
15 1 1
17 1 6
18 1 15
18 1 16
18 1 17
18 1 1
38 1 1
19 1 38
33 1 24
26 1 19
24 1 33
24 1 26
19 1 24
20 1 18
20 1 19
25 1 6
25 1 1
19 1 8
19 1 20
19 1 25
21 1 3
21 1 2
21 1 4
21 1 19
22 1 21
3 2 2
5 2 5
5 2 1
11 2 2
10 2 10
10 2 1
2 2 12
6 2 1
2 2 11
14 2 14
14 2 1
16 2 23
11 2 9
15 2 16
16 2 17
17 2 1
23 2 33
33 2 26
14 2 24
24 2 1
18 2 19
8 2 14
24 2 20
20 2 14
14 2 25
25 2 1
2 2 4
4 2 19
2 4 2
1 4 2
2 4 1
1 4 1
2 5 2
1 5 2
? 1 b'ProgramData/84/1100.cpp'

2 1 1
3 1 2
4 1 1
5 1 3
5 1 2
8 1 5
8 1 1
9 1 1
6 1 9
10 1 6
11 1 1
6 1 11
6 1 2
12 1 10
12 1 1
13 1 2
13 1 12
6 1 13
14 1 6
14 1 1
15 1 6
15 1 1
16 1 6
16 1 1
17 1 6
18 1 15
18 1 16
18 1 17
18 1 1
19 1 14
19 1 1
23 1 19
24 1 16
24 1 23
19 1 24
20 1 18
20 1 19
19 1 8
19 1 20
21 1 3
21 1 2
21 1 4
21 1 19
22 1 21
3 2 2
5 2 5
5 2 1
11 2 2
10 2 10
10 2 1
2 2 12
6 2 1
2 2 11
11 2 9
15 2 16
16 2 17
17 2 1
14 2 1
16 2 23
14 2 14
14 2 24
24 2 24
24 2 1
18 2 19
8 2 14
14 2 20
20 2 14
2 2 4
4 2 19
2 4 2
1 4 2
2 4 1
1 4 1
2 5 2
1 5 2
? 1 b'ProgramData/84/1119.cpp'

2 1 1
3 1 2
5 1 3
36 1 5
4 1 36
4 1 1
9 1 1
6 1 9
7 1 6
7 1 1
2 1 2
2 1 7
5 1 2
8 1 5
8 1 1
15 1 6
5 1 15
10 1 6
11 1 1
6 1 11
6 1 2
12 1 10
12 1 1
13 1 2
13 1 12
6 1 13
14 1 6
14 1 1
16 1 6
16 1 1
19 1 14
19 1 1
31 1 16
31 1 19
14 1 11
23 1 19
24 1 16
24 1 23
33 1 24
24 1 33
19 1 24
25 1 6
25 1 1
19 1 8
19 1 31
19 1 25
21 1 3
21 1 2
21 1 4
21 1 19
22 1 21
36 2 1
6 2 1
2 2 7
3 2 2
5 2 1
2 2 15
5 2 5
11 2 2
10 2 10
10 2 1
2 2 12
2 2 11
14 2 14
14 2 1
16 2 19
11 2 9
6 2 11
11 2 6
16 2 23
23 2 33
24 2 14
8 2 8
8 2 14
14 2 31
31 2 14
14 2 25
25 2 1
2 2 4
4 2 19
2 4 2
1 4 2
1 4 1
2 4 1
2 5 2
1 5 2
? 1 b'ProgramData/84/1070.cpp'

2 1 1
3 1 2
4 1 1
5 1 3
5 1 2
9 1 1
6 1 9
15 1 6
5 1 15
8 1 5
8 1 1
10 1 6
11 1 1
6 1 11
6 1 2
12 1 10
12 1 1
13 1 2
13 1 12
6 1 13
14 1 6
14 1 1
16 1 6
16 1 1
19 1 14
19 1 1
23 1 19
24 1 16
24 1 23
33 1 24
26 1 19
24 1 33
24 1 26
19 1 8
19 1 24
37 1 19
37 1 16
37 1 1
19 1 37
21 1 3
21 1 2
21 1 4
21 1 19
22 1 21
3 2 2
2 2 15
5 2 5
5 2 1
11 2 2
10 2 10
10 2 1
2 2 12
6 2 1
2 2 11
11 2 9
14 2 14
14 2 1
16 2 23
23 2 33
33 2 26
8 2 14
14 2 24
24 2 14
19 2 16
16 2 1
14 2 37
37 2 14
2 2 4
4 2 19
2 4 2
1 4 2
2 4 1
2 5 2
1 5 2
? 1 b'ProgramData/84/1123.cpp'

2 1 1
3 1 2
4 1 1
9 1 1
6 1 9
15 1 6
5 1 3
5 1 2
5 1 15
8 1 5
8 1 1
10 1 6
11 1 1
6 1 11
6 1 2
12 1 10
12 1 1
13 1 2
13 1 12
6 1 13
14 1 6
14 1 1
16 1 6
16 1 1
19 1 14
19 1 1
23 1 19
24 1 16
24 1 23
33 1 24
24 1 33
19 1 24
31 1 16
31 1 19
19 1 8
19 1 31
21 1 3
21 1 2
21 1 4
21 1 19
22 1 21
3 2 2
2 2 15
5 2 5
5 2 1
11 2 2
10 2 10
10 2 1
2 2 12
6 2 1
2 2 11
14 2 14
14 2 1
16 2 23
23 2 33
14 2 24
24 2 14
16 2 19
8 2 14
24 2 31
31 2 14
2 2 4
4 2 19
1 4 2
1 4 1
2 4 1
2 4 2
2 5 1
1 5 1
2 5 2
? 1 b'ProgramData/84/1125.cpp'

2 1 1
3 1 2
4 1 1
9 1 1
6 1 9
7 1 6
7 1 1
2 1 2
2 1 7
19 1 6
19 1 1
6 1 19
15 1 6
5 1 3
5 1 2
5 1 15
8 1 5
8 1 1
10 1 6
11 1 1
6 1 11
6 1 2
12 1 10
12 1 1
13 1 2
13 1 12
6 1 13
14 1 6
14 1 1
15 1 1
16 1 6
16 1 1
17 1 6
18 1 15
18 1 16
18 1 17
18 1 1
19 1 14
20 1 18
20 1 19
23 1 19
24 1 16
24 1 23
19 1 24
19 1 8
19 1 20
21 1 3
21 1 2
21 1 4
21 1 19
22 1 21
6 2 1
2 2 7
3 2 2
2 2 15
5 2 5
5 2 1
11 2 2
10 2 10
10 2 1
2 2 12
2 2 11
11 2 9
15 2 16
16 2 17
17 2 1
18 2 19
14 2 14
14 2 1
16 2 23
24 2 1
8 2 14
14 2 20
20 2 20
20 2 14
2 2 4
4 2 19
1 4 1
2 4 1
2 4 2
1 4 2
1 5 2
2 5 2
? 1 b'ProgramData/84/114.cpp'

2 1 1
3 1 2
4 1 1
5 1 3
5 1 2
8 1 5
8 1 1
9 1 1
6 1 9
10 1 6
11 1 1
6 1 11
6 1 2
12 1 10
12 1 1
13 1 2
13 1 12
6 1 13
14 1 6
14 1 1
16 1 6
16 1 1
19 1 14
19 1 1
23 1 19
24 1 16
24 1 23
19 1 24
31 1 16
31 1 19
25 1 6
25 1 1
19 1 8
19 1 31
19 1 25
21 1 3
21 1 2
21 1 4
21 1 19
22 1 21
3 2 2
5 2 5
5 2 1
11 2 2
10 2 10
10 2 1
2 2 12
6 2 1
2 2 11
11 2 9
14 2 14
14 2 1
16 2 23
11 2 11
14 2 24
24 2 24
24 2 14
16 2 19
8 2 14
14 2 31
31 2 14
14 2 25
25 2 1
2 2 4
4 2 19
2 4 2
1 4 2
1 4 1
2 4 1
2 5 2
1 5 2
? 1 b'ProgramData/84/1146.cpp'

2 1 1
3 1 2
4 1 1
5 1 3
5 1 2
9 1 1
6 1 9
15 1 6
5 1 15
8 1 5
8 1 1
10 1 6
11 1 1
6 1 11
6 1 2
12 1 10
12 1 1
13 1 2
13 1 12
6 1 13
14 1 6
14 1 1
14 1 11
15 1 1
16 1 6
16 1 1
17 1 6
18 1 15
18 1 16
18 1 17
18 1 1
19 1 14
19 1 1
23 1 19
24 1 16
24 1 23
19 1 24
26 1 19
24 1 26
20 1 18
20 1 19
25 1 6
25 1 1
19 1 8
19 1 20
19 1 25
21 1 3
21 1 2
21 1 4
21 1 19
22 1 21
3 2 2
2 2 15
5 2 5
5 2 1
11 2 2
10 2 10
10 2 1
2 2 12
6 2 1
2 2 11
6 2 11
11 2 6
11 2 9
15 2 16
16 2 17
17 2 1
14 2 1
16 2 23
24 2 1
23 2 26
14 2 24
18 2 19
8 2 14
14 2 14
14 2 20
20 2 14
14 2 25
25 2 1
2 2 4
4 2 19
2 4 2
1 4 2
1 4 1
2 4 1
2 5 2
1 5 2
? 1 b'ProgramData/84/1170.cpp'

2 1 1
3 1 2
4 1 1
9 1 1
6 1 9
15 1 6
5 1 3
5 1 2
5 1 15
8 1 5
8 1 1
10 1 6
11 1 1
6 1 11
6 1 2
12 1 10
12 1 1
13 1 2
13 1 12
6 1 13
14 1 6
14 1 1
16 1 6
16 1 1
19 1 14
19 1 1
23 1 19
2 1 2
2 1 12
24 1 16
24 1 23
33 1 24
24 1 33
19 1 24
26 1 19
24 1 26
31 1 16
31 1 19
25 1 6
25 1 1
19 1 8
19 1 31
19 1 25
21 1 3
21 1 2
21 1 4
21 1 19
22 1 21
3 2 2
2 2 15
5 2 5
5 2 1
11 2 2
10 2 10
10 2 1
2 2 12
6 2 1
2 2 11
11 2 9
14 2 1
14 2 14
2 2 2
16 2 23
23 2 33
24 2 1
23 2 26
14 2 24
24 2 14
16 2 19
8 2 8
8 2 14
14 2 31
31 2 14
14 2 25
25 2 1
2 2 4
4 2 19
2 4 2
1 4 2
2 4 1
2 5 2
1 5 2
? 1 b'ProgramData/84/1184.cpp'

2 1 1
3 1 2
4 1 1
5 1 3
5 1 2
8 1 5
8 1 1
9 1 1
6 1 9
15 1 6
5 1 15
10 1 6
11 1 1
6 1 11
6 1 2
12 1 10
12 1 1
13 1 2
13 1 12
6 1 13
14 1 6
14 1 1
16 1 6
16 1 1
19 1 14
19 1 1
23 1 19
24 1 16
24 1 23
19 1 24
26 1 19
24 1 26
31 1 16
31 1 19
25 1 6
25 1 1
19 1 8
19 1 31
19 1 25
21 1 3
21 1 2
21 1 4
21 1 19
22 1 21
3 2 2
5 2 5
5 2 1
2 2 15
11 2 2
10 2 10
10 2 1
2 2 12
6 2 1
2 2 11
14 2 14
14 2 1
16 2 23
24 2 1
23 2 26
14 2 24
24 2 14
16 2 19
8 2 8
8 2 14
14 2 31
31 2 14
14 2 25
25 2 1
2 2 4
4 2 19
2 4 2
1 4 2
2 4 1
1 4 1
2 5 2
1 5 2
? 1 b'ProgramData/84/1229.cpp'

2 1 1
3 1 2
4 1 1
5 1 3
5 1 2
8 1 5
8 1 1
9 1 1
6 1 9
15 1 6
5 1 15
10 1 6
11 1 1
6 1 11
6 1 2
12 1 10
12 1 1
13 1 2
13 1 12
6 1 13
14 1 6
14 1 1
16 1 6
16 1 1
14 1 11
19 1 14
19 1 1
23 1 19
24 1 16
24 1 23
2 1 2
2 1 12
19 1 24
31 1 16
31 1 19
25 1 6
25 1 1
19 1 8
19 1 31
19 1 25
21 1 3
21 1 2
21 1 4
21 1 19
22 1 21
3 2 2
5 2 5
5 2 1
2 2 15
11 2 2
10 2 10
10 2 1
2 2 12
6 2 1
2 2 11
11 2 9
6 2 11
11 2 6
14 2 1
16 2 23
2 2 2
14 2 24
24 2 24
24 2 14
16 2 19
8 2 8
8 2 14
14 2 14
14 2 31
31 2 14
14 2 25
25 2 1
2 2 4
4 2 19
1 4 2
1 4 1
2 4 1
2 4 2
2 5 2
1 5 2
? 1 b'ProgramData/84/1231.cpp'

2 1 1
3 1 2
4 1 1
5 1 3
5 1 2
8 1 5
8 1 1
9 1 1
6 1 9
10 1 6
11 1 1
6 1 11
6 1 2
12 1 10
12 1 1
13 1 2
13 1 12
6 1 13
14 1 6
14 1 1
16 1 6
16 1 1
19 1 14
19 1 1
23 1 19
26 1 19
24 1 16
24 1 23
24 1 26
19 1 24
31 1 16
31 1 19
19 1 31
25 1 6
25 1 1
19 1 8
19 1 25
21 1 3
21 1 2
21 1 4
21 1 19
22 1 21
3 2 2
5 2 5
5 2 1
11 2 2
10 2 10
10 2 1
2 2 12
6 2 1
2 2 11
11 2 9
14 2 14
14 2 1
16 2 23
23 2 26
14 2 24
24 2 1
11 2 11
9 2 11
16 2 19
24 2 14
14 2 31
31 2 14
8 2 14
14 2 25
25 2 1
2 2 4
4 2 19
2 4 2
1 4 2
2 4 1
1 4 1
2 5 2
1 5 2
? 1 b'ProgramData/84/1252.cpp'

2 1 1
3 1 2
4 1 1
5 1 3
5 1 2
8 1 5
8 1 1
9 1 1
6 1 9
10 1 6
11 1 1
6 1 11
6 1 2
12 1 10
12 1 1
13 1 2
13 1 12
6 1 13
14 1 6
14 1 1
16 1 6
16 1 1
19 1 14
19 1 1
23 1 19
24 1 16
24 1 23
33 1 24
24 1 33
19 1 24
31 1 16
31 1 19
25 1 6
25 1 1
19 1 8
19 1 31
19 1 25
21 1 3
21 1 2
21 1 4
21 1 19
22 1 21
3 2 2
5 2 5
5 2 1
11 2 2
10 2 10
10 2 1
2 2 12
6 2 1
2 2 11
11 2 9
14 2 14
14 2 1
16 2 23
23 2 33
14 2 24
24 2 1
16 2 19
8 2 14
24 2 31
31 2 14
14 2 25
25 2 1
2 2 4
4 2 19
2 4 1
1 4 2
2 4 2
1 5 2
2 5 2
? 1 b'ProgramData/84/1269.cpp'

2 1 1
3 1 2
4 1 1
5 1 3
5 1 2
8 1 5
8 1 1
9 1 1
6 1 9
10 1 6
11 1 1
6 1 11
6 1 2
12 1 10
12 1 1
13 1 2
13 1 12
6 1 13
14 1 6
14 1 1
16 1 6
16 1 1
14 1 11
19 1 14
19 1 1
23 1 19
26 1 19
24 1 16
24 1 23
24 1 26
2 1 2
2 1 12
33 1 24
24 1 33
19 1 24
31 1 16
31 1 19
25 1 6
25 1 1
19 1 8
19 1 31
19 1 25
21 1 3
21 1 2
21 1 4
21 1 19
22 1 21
3 2 2
5 2 5
5 2 1
11 2 2
10 2 10
10 2 1
2 2 12
6 2 1
2 2 11
11 2 9
6 2 11
11 2 6
14 2 1
16 2 23
23 2 26
2 2 2
23 2 33
33 2 33
14 2 24
24 2 14
16 2 19
8 2 14
14 2 14
24 2 31
31 2 14
14 2 25
25 2 1
2 2 4
4 2 19
2 4 1
1 4 2
1 4 1
2 4 2
1 5 2
2 5 2
? 1 b'ProgramData/84/1268.cpp'

2 1 1
3 1 2
4 1 1
5 1 3
5 1 2
8 1 5
8 1 1
11 1 1
9 1 1
6 1 2
6 1 11
6 1 9
14 1 6
14 1 1
10 1 6
12 1 10
12 1 1
13 1 2
13 1 12
6 1 13
16 1 6
16 1 1
19 1 14
19 1 1
23 1 19
24 1 16
24 1 23
33 1 24
24 1 33
19 1 24
31 1 16
31 1 19
19 1 31
25 1 6
25 1 1
19 1 8
19 1 25
21 1 3
21 1 2
21 1 4
21 1 19
22 1 21
3 2 2
5 2 5
5 2 1
2 2 11
11 2 9
6 2 1
11 2 2
10 2 10
10 2 1
2 2 12
9 2 11
14 2 14
14 2 1
16 2 23
23 2 33
33 2 33
14 2 24
24 2 14
16 2 19
31 2 14
8 2 14
24 2 25
25 2 1
2 2 4
4 2 19
2 4 2
1 4 2
2 4 1
1 4 1
2 5 2
1 5 2
? 1 b'ProgramData/84/1271.cpp'

2 1 1
3 1 2
4 1 1
5 1 3
5 1 2
8 1 5
8 1 1
9 1 1
6 1 9
7 1 6
7 1 1
2 1 2
2 1 7
10 1 6
11 1 1
6 1 11
6 1 2
12 1 10
12 1 1
13 1 2
13 1 12
6 1 13
14 1 6
14 1 1
15 1 6
15 1 1
16 1 6
16 1 1
17 1 6
18 1 15
18 1 16
18 1 17
18 1 1
19 1 14
19 1 1
20 1 18
20 1 19
23 1 19
24 1 16
24 1 23
33 1 24
24 1 33
19 1 24
25 1 6
25 1 1
19 1 8
19 1 20
19 1 25
21 1 3
21 1 2
21 1 4
21 1 19
22 1 21
3 2 2
5 2 5
5 2 1
6 2 1
2 2 7
11 2 2
10 2 10
10 2 1
2 2 12
2 2 11
11 2 9
15 2 16
16 2 17
17 2 1
14 2 1
18 2 19
14 2 14
16 2 23
23 2 33
24 2 1
8 2 8
8 2 14
14 2 20
20 2 14
14 2 25
25 2 1
2 2 4
4 2 19
2 4 1
1 4 2
2 4 2
1 4 1
1 5 2
2 5 2
? 1 b'ProgramData/84/1297.cpp'

2 1 1
3 1 2
4 1 1
9 1 1
6 1 9
7 1 6
7 1 1
2 1 2
2 1 7
19 1 6
19 1 1
6 1 19
15 1 6
5 1 3
5 1 2
5 1 15
8 1 5
8 1 1
10 1 6
11 1 1
6 1 11
6 1 2
12 1 10
12 1 1
13 1 2
13 1 12
6 1 13
14 1 6
14 1 1
15 1 5
15 1 1
16 1 6
16 1 1
17 1 6
18 1 15
18 1 16
18 1 17
18 1 1
19 1 14
20 1 18
20 1 19
23 1 6
26 1 6
34 1 16
34 1 23
34 1 26
6 1 34
25 1 6
25 1 1
19 1 8
19 1 20
19 1 25
21 1 3
21 1 2
21 1 4
21 1 19
22 1 21
6 2 1
2 2 7
3 2 2
2 2 15
5 2 1
11 2 2
10 2 10
10 2 1
2 2 12
2 2 11
15 2 16
16 2 17
17 2 1
14 2 1
18 2 19
11 2 9
16 2 23
23 2 26
11 2 34
8 2 8
8 2 14
14 2 20
20 2 8
8 2 20
20 2 14
14 2 14
14 2 25
25 2 1
2 2 4
4 2 19
1 4 1
2 4 1
1 4 2
2 4 2
1 5 2
2 5 2
? 1 b'ProgramData/84/1302.cpp'

2 1 1
3 1 2
4 1 1
5 1 3
5 1 2
8 1 5
8 1 1
9 1 1
6 1 9
10 1 6
11 1 1
6 1 11
6 1 2
12 1 10
12 1 1
13 1 2
13 1 12
6 1 13
14 1 6
14 1 1
16 1 6
16 1 1
19 1 14
19 1 1
23 1 19
24 1 16
24 1 23
15 1 6
15 1 1
17 1 6
18 1 15
18 1 16
18 1 17
18 1 1
33 1 24
24 1 33
19 1 24
20 1 18
20 1 19
25 1 6
25 1 1
19 1 8
19 1 20
19 1 25
21 1 3
21 1 2
21 1 4
21 1 19
22 1 21
3 2 2
5 2 5
5 2 1
11 2 2
10 2 10
10 2 1
2 2 12
6 2 1
2 2 11
14 2 14
14 2 1
16 2 23
11 2 9
15 2 16
16 2 17
17 2 1
23 2 33
14 2 24
24 2 1
18 2 19
8 2 14
24 2 20
20 2 14
24 2 14
14 2 25
25 2 1
2 2 4
4 2 19
2 4 2
1 4 2
2 4 1
1 4 1
2 5 2
1 5 2
? 1 b'ProgramData/84/1293.cpp'

2 1 1
3 1 2
4 1 1
9 1 1
6 1 9
7 1 6
7 1 1
2 1 2
2 1 7
5 1 3
5 1 2
8 1 5
8 1 1
10 1 6
11 1 1
6 1 11
6 1 2
12 1 10
12 1 1
13 1 2
13 1 12
6 1 13
14 1 6
14 1 1
15 1 6
15 1 1
16 1 6
16 1 1
17 1 6
18 1 15
18 1 16
18 1 17
18 1 1
19 1 14
20 1 18
20 1 19
19 1 1
23 1 19
24 1 16
24 1 23
19 1 24
19 1 20
19 1 8
21 1 3
21 1 2
21 1 4
21 1 19
22 1 21
6 2 1
2 2 7
3 2 2
5 2 1
5 2 5
11 2 2
10 2 10
10 2 1
2 2 12
2 2 11
11 2 9
15 2 16
16 2 17
17 2 1
18 2 19
9 2 11
14 2 14
14 2 1
16 2 23
8 2 8
8 2 14
14 2 20
20 2 20
20 2 1
2 2 4
4 2 19
1 4 1
2 4 1
2 4 2
1 4 2
1 5 2
2 5 2
? 1 b'ProgramData/84/131.cpp'

2 1 1
3 1 2
4 1 1
5 1 3
5 1 2
9 1 1
6 1 9
15 1 6
5 1 15
8 1 5
8 1 1
7 1 6
7 1 1
2 1 2
2 1 7
10 1 6
11 1 1
6 1 11
6 1 2
12 1 10
12 1 1
13 1 2
13 1 12
6 1 13
14 1 6
14 1 1
15 1 1
16 1 6
16 1 1
17 1 6
18 1 15
18 1 16
18 1 17
18 1 1
19 1 14
19 1 1
23 1 19
24 1 16
24 1 23
19 1 24
20 1 18
20 1 19
25 1 6
25 1 1
19 1 8
19 1 20
19 1 25
21 1 3
21 1 2
21 1 4
21 1 19
22 1 21
3 2 2
2 2 15
5 2 5
5 2 1
6 2 1
2 2 7
11 2 2
10 2 10
10 2 1
2 2 12
2 2 11
11 2 9
15 2 16
16 2 17
17 2 1
14 2 1
16 2 23
14 2 24
24 2 1
18 2 19
8 2 8
8 2 14
14 2 20
20 2 20
20 2 14
14 2 25
25 2 1
2 2 4
4 2 19
2 4 1
2 4 2
1 4 2
1 4 1
1 5 2
2 5 2
? 1 b'ProgramData/84/1332.cpp'

2 1 1
3 1 2
4 1 1
5 1 3
5 1 2
8 1 5
8 1 1
9 1 1
6 1 9
10 1 6
11 1 1
6 1 11
6 1 2
12 1 10
12 1 1
13 1 2
13 1 12
6 1 13
14 1 6
14 1 1
15 1 6
15 1 1
16 1 6
16 1 1
17 1 6
18 1 15
18 1 16
18 1 17
18 1 1
19 1 14
23 1 19
26 1 19
24 1 16
24 1 23
24 1 26
19 1 24
19 1 1
20 1 18
20 1 19
19 1 8
19 1 20
21 1 3
21 1 2
21 1 4
21 1 19
22 1 21
3 2 2
5 2 5
5 2 1
11 2 2
10 2 10
10 2 1
2 2 12
6 2 1
2 2 11
11 2 9
15 2 16
16 2 17
17 2 1
16 2 23
23 2 26
14 2 24
24 2 1
24 2 14
14 2 14
14 2 1
18 2 19
8 2 14
14 2 20
20 2 14
2 2 4
4 2 19
1 4 2
2 4 1
2 4 2
1 4 1
2 5 2
1 5 2
? 1 b'ProgramData/84/134.cpp'

2 1 1
3 1 2
4 1 1
5 1 3
5 1 2
8 1 5
8 1 1
9 1 1
6 1 9
10 1 6
11 1 1
6 1 11
6 1 2
12 1 10
12 1 1
13 1 2
13 1 12
6 1 13
14 1 6
14 1 1
16 1 6
16 1 1
15 1 6
15 1 1
17 1 6
18 1 15
18 1 16
18 1 17
18 1 1
19 1 14
19 1 1
23 1 19
26 1 19
24 1 16
24 1 23
24 1 26
19 1 24
32 1 1
19 1 32
20 1 18
20 1 19
19 1 20
25 1 6
25 1 1
19 1 8
19 1 25
21 1 3
21 1 2
21 1 4
21 1 19
22 1 21
3 2 2
5 2 5
5 2 1
11 2 2
10 2 10
10 2 1
2 2 12
6 2 1
2 2 11
11 2 9
15 2 16
16 2 17
17 2 1
14 2 1
16 2 23
23 2 26
24 2 1
32 2 1
14 2 24
18 2 19
20 2 24
8 2 8
8 2 14
24 2 25
25 2 1
2 2 4
4 2 19
2 4 2
1 4 2
1 4 1
2 4 1
2 5 2
1 5 2
? 1 b'ProgramData/84/1344.cpp'

2 1 1
3 1 2
4 1 1
5 1 3
5 1 2
8 1 5
8 1 1
9 1 1
6 1 9
10 1 6
11 1 1
6 1 11
6 1 2
12 1 10
12 1 1
13 1 2
13 1 12
6 1 13
14 1 6
14 1 1
15 1 6
15 1 1
16 1 6
16 1 1
17 1 6
18 1 15
18 1 16
18 1 17
18 1 1
19 1 14
19 1 1
23 1 19
24 1 16
24 1 23
33 1 24
24 1 33
19 1 24
20 1 18
20 1 19
25 1 6
25 1 1
19 1 8
19 1 20
19 1 25
21 1 3
21 1 2
21 1 4
21 1 19
22 1 21
3 2 2
5 2 1
11 2 2
10 2 10
10 2 1
2 2 12
6 2 1
5 2 5
2 2 11
11 2 9
15 2 16
16 2 17
17 2 1
14 2 14
14 2 1
16 2 23
23 2 33
33 2 33
14 2 24
24 2 1
18 2 19
8 2 14
14 2 8
8 2 20
20 2 14
14 2 25
25 2 1
2 2 4
4 2 19
1 4 2
2 4 1
2 4 2
2 5 2
1 5 2
? 1 b'ProgramData/84/1353.cpp'

2 1 1
3 1 2
4 1 1
5 1 3
5 1 2
8 1 5
8 1 1
9 1 1
6 1 9
10 1 6
11 1 1
6 1 11
6 1 2
12 1 10
12 1 1
13 1 2
13 1 12
6 1 13
14 1 6
14 1 1
7 1 6
7 1 1
2 1 2
2 1 7
15 1 6
15 1 1
16 1 6
16 1 1
17 1 6
18 1 15
18 1 16
18 1 17
18 1 1
19 1 14
19 1 1
23 1 19
24 1 16
24 1 23
33 1 24
24 1 33
19 1 24
20 1 18
20 1 19
25 1 6
25 1 1
19 1 8
19 1 27
19 1 20
19 1 25
21 1 3
21 1 2
21 1 4
21 1 19
22 1 21
3 2 2
5 2 5
5 2 1
11 2 2
10 2 10
10 2 1
2 2 12
6 2 1
2 2 7
2 2 11
11 2 9
15 2 16
16 2 17
17 2 1
14 2 14
14 2 1
16 2 23
23 2 33
14 2 24
24 2 1
18 2 19
8 2 27
27 2 14
14 2 8
8 2 20
20 2 14
14 2 25
25 2 1
2 2 4
4 2 19
2 4 1
1 4 2
2 4 2
1 5 2
2 5 2
? 1 b'ProgramData/84/139.cpp'

2 1 1
3 1 2
4 1 1
5 1 3
5 1 2
8 1 5
8 1 1
9 1 1
6 1 9
10 1 6
11 1 1
6 1 11
6 1 2
12 1 10
12 1 1
13 1 2
13 1 12
6 1 13
14 1 6
14 1 1
16 1 6
16 1 1
19 1 14
19 1 1
23 1 19
24 1 16
24 1 23
33 1 24
24 1 33
2 1 2
2 1 12
19 1 24
31 1 16
31 1 19
25 1 6
25 1 1
19 1 8
19 1 31
19 1 25
21 1 3
21 1 2
21 1 4
21 1 19
22 1 21
3 2 2
5 2 5
5 2 1
11 2 2
10 2 10
10 2 1
2 2 12
6 2 1
2 2 11
14 2 14
14 2 1
16 2 23
23 2 33
33 2 33
11 2 9
2 2 2
14 2 24
24 2 14
16 2 19
8 2 14
14 2 31
31 2 14
14 2 25
25 2 1
2 2 4
4 2 19
2 4 2
1 4 2
2 4 1
1 4 1
2 5 2
1 5 2
? 1 b'ProgramData/84/1370.cpp'

2 1 1
3 1 2
4 1 1
5 1 3
5 1 2
9 1 1
6 1 9
7 1 6
7 1 1
2 1 2
2 1 7
8 1 5
8 1 1
10 1 6
11 1 1
6 1 11
6 1 2
12 1 10
12 1 1
13 1 2
13 1 12
6 1 13
14 1 6
14 1 1
15 1 6
15 1 1
16 1 6
16 1 1
17 1 6
18 1 15
18 1 16
18 1 17
18 1 1
19 1 14
19 1 1
20 1 18
20 1 19
5 1 15
31 1 16
31 1 19
19 1 31
25 1 6
25 1 1
19 1 8
19 1 20
19 1 25
21 1 3
21 1 2
21 1 4
21 1 19
22 1 21
3 2 2
6 2 1
2 2 7
5 2 5
5 2 1
11 2 2
10 2 10
10 2 1
2 2 12
2 2 11
11 2 9
15 2 16
16 2 17
17 2 1
14 2 1
18 2 19
2 2 15
16 2 19
31 2 1
8 2 14
14 2 20
20 2 8
8 2 20
20 2 20
20 2 14
14 2 25
25 2 1
2 2 4
4 2 19
2 4 2
1 4 2
1 4 1
2 4 1
2 5 2
1 5 2
? 1 b'ProgramData/84/1409.cpp'

2 1 1
3 1 2
4 1 1
5 1 3
5 1 2
8 1 5
8 1 1
9 1 1
6 1 9
10 1 6
11 1 1
6 1 11
6 1 2
12 1 10
12 1 1
13 1 2
13 1 12
6 1 13
14 1 6
14 1 1
15 1 6
15 1 1
16 1 6
16 1 1
17 1 6
18 1 15
18 1 16
18 1 17
18 1 1
19 1 14
23 1 19
24 1 16
24 1 23
19 1 24
19 1 1
2 1 2
2 1 12
33 1 24
24 1 33
20 1 18
20 1 19
25 1 6
25 1 1
19 1 8
19 1 20
19 1 25
21 1 3
21 1 2
21 1 4
21 1 19
22 1 21
3 2 2
5 2 5
5 2 1
11 2 2
10 2 10
10 2 1
2 2 12
6 2 1
2 2 11
11 2 9
15 2 16
16 2 17
17 2 1
16 2 23
14 2 14
14 2 24
24 2 1
2 2 2
23 2 33
24 2 24
18 2 19
8 2 14
14 2 20
20 2 14
14 2 25
25 2 1
2 2 4
4 2 19
1 4 2
1 4 1
2 4 1
2 4 2
2 5 2
1 5 2
? 1 b'ProgramData/84/1411.cpp'

2 1 1
3 1 2
4 1 1
9 1 1
6 1 9
7 1 6
7 1 1
2 1 2
2 1 7
5 1 3
5 1 2
8 1 5
8 1 1
10 1 6
11 1 1
6 1 11
6 1 2
12 1 10
12 1 1
13 1 2
13 1 12
6 1 13
14 1 6
14 1 1
15 1 6
15 1 1
16 1 6
16 1 1
17 1 6
18 1 15
18 1 16
18 1 17
18 1 1
19 1 14
19 1 1
20 1 18
20 1 19
23 1 19
24 1 16
24 1 23
19 1 24
19 1 20
25 1 6
25 1 1
19 1 8
19 1 25
21 1 3
21 1 2
21 1 4
21 1 19
22 1 21
6 2 1
2 2 7
3 2 2
5 2 5
5 2 1
11 2 2
10 2 10
10 2 1
2 2 12
2 2 11
11 2 9
15 2 16
16 2 17
17 2 1
14 2 1
18 2 19
14 2 14
16 2 23
24 2 1
20 2 1
8 2 14
14 2 20
20 2 20
20 2 14
14 2 25
25 2 1
2 2 4
4 2 19
2 4 1
1 4 2
1 4 1
2 4 2
1 5 2
2 5 2
? 1 b'ProgramData/84/1417.cpp'

2 1 1
3 1 2
4 1 1
5 1 3
5 1 2
9 1 1
6 1 9
15 1 6
5 1 15
8 1 5
8 1 1
10 1 6
11 1 1
6 1 11
6 1 2
12 1 10
12 1 1
13 1 2
13 1 12
6 1 13
14 1 6
14 1 1
7 1 6
7 1 1
2 1 2
2 1 7
16 1 6
16 1 1
19 1 14
19 1 1
23 1 19
24 1 16
24 1 23
19 1 24
26 1 19
24 1 26
31 1 16
31 1 19
25 1 6
25 1 1
19 1 8
19 1 27
19 1 31
19 1 25
21 1 3
21 1 2
21 1 4
21 1 19
22 1 21
3 2 2
2 2 15
5 2 5
5 2 1
11 2 2
10 2 10
10 2 1
2 2 12
6 2 1
2 2 7
2 2 11
11 2 9
14 2 14
14 2 1
16 2 23
24 2 24
24 2 1
23 2 26
14 2 24
24 2 14
16 2 19
8 2 14
14 2 8
8 2 27
27 2 31
31 2 14
14 2 25
25 2 1
2 2 4
4 2 19
2 4 2
1 4 2
1 4 1
2 4 1
2 5 2
1 5 2
? 1 b'ProgramData/84/1421.cpp'

2 1 1
3 1 2
4 1 1
5 1 3
5 1 2
8 1 5
8 1 1
11 1 1
9 1 1
6 1 2
6 1 11
6 1 9
14 1 6
14 1 1
10 1 6
12 1 10
12 1 1
13 1 2
13 1 12
6 1 13
16 1 6
16 1 1
19 1 14
19 1 1
23 1 19
24 1 16
24 1 23
19 1 24
33 1 24
24 1 33
31 1 16
31 1 19
25 1 6
25 1 1
19 1 8
19 1 31
19 1 25
21 1 3
21 1 2
21 1 4
21 1 19
22 1 21
3 2 2
5 2 5
5 2 1
2 2 11
11 2 9
6 2 1
11 2 2
10 2 10
10 2 1
2 2 12
14 2 14
14 2 1
16 2 23
14 2 24
24 2 1
23 2 33
24 2 24
24 2 14
16 2 19
8 2 14
14 2 31
31 2 14
14 2 25
25 2 1
2 2 4
4 2 19
1 4 2
2 4 1
2 4 2
1 4 1
2 5 2
1 5 2
? 1 b'ProgramData/84/1426.cpp'

2 1 1
3 1 2
5 1 3
5 1 2
36 1 5
28 1 1
3 1 28
7 1 1
2 1 2
2 1 7
4 1 36
4 1 1
8 1 5
8 1 1
9 1 1
6 1 9
15 1 6
5 1 15
10 1 6
11 1 1
6 1 11
6 1 2
12 1 10
12 1 1
13 1 2
13 1 12
6 1 13
14 1 6
14 1 1
16 1 6
16 1 1
19 1 14
19 1 1
23 1 19
24 1 16
24 1 23
2 1 12
19 1 24
31 1 16
31 1 19
25 1 6
25 1 1
19 1 8
19 1 31
19 1 25
21 1 3
21 1 2
21 1 4
21 1 19
22 1 21
3 2 2
2 2 28
2 2 7
36 2 36
36 2 1
5 2 1
2 2 15
5 2 5
11 2 2
10 2 10
10 2 1
2 2 12
6 2 1
2 2 11
14 2 14
14 2 1
16 2 23
2 2 2
14 2 24
24 2 24
24 2 14
16 2 19
8 2 8
8 2 14
14 2 31
31 2 14
14 2 25
25 2 1
2 2 4
4 2 19
2 4 2
1 4 2
2 4 1
2 5 2
1 5 2
? 1 b'ProgramData/84/1438.cpp'

2 1 1
3 1 2
4 1 1
5 1 3
5 1 2
9 1 1
6 1 9
7 1 6
7 1 1
2 1 2
2 1 7
8 1 5
8 1 1
10 1 6
11 1 1
6 1 11
6 1 2
12 1 10
12 1 1
13 1 2
13 1 12
6 1 13
14 1 6
14 1 1
15 1 6
15 1 1
16 1 6
16 1 1
17 1 6
18 1 15
18 1 16
18 1 17
18 1 1
19 1 14
19 1 1
20 1 18
20 1 19
19 1 8
23 1 19
24 1 16
24 1 23
19 1 24
25 1 6
25 1 1
19 1 20
19 1 25
21 1 3
21 1 2
21 1 4
21 1 19
22 1 21
3 2 2
6 2 1
2 2 7
5 2 5
5 2 1
11 2 2
10 2 10
10 2 1
2 2 12
2 2 11
11 2 9
15 2 16
16 2 17
17 2 1
14 2 1
18 2 19
8 2 14
14 2 14
16 2 23
24 2 1
14 2 20
20 2 20
20 2 14
14 2 25
25 2 1
2 2 4
4 2 19
1 4 1
2 4 1
2 4 2
1 4 2
1 5 2
2 5 2
? 1 b'ProgramData/84/1458.cpp'

2 1 1
3 1 2
4 1 1
5 1 3
5 1 2
8 1 5
8 1 1
9 1 1
6 1 9
10 1 6
11 1 1
6 1 11
6 1 2
12 1 10
12 1 1
13 1 2
13 1 12
6 1 13
14 1 6
14 1 1
16 1 6
16 1 1
19 1 14
19 1 1
23 1 19
24 1 16
24 1 23
2 1 2
2 1 12
19 1 24
26 1 19
24 1 26
31 1 16
31 1 19
25 1 6
25 1 1
19 1 8
19 1 31
19 1 25
21 1 3
21 1 2
21 1 4
21 1 19
22 1 21
3 2 2
5 2 5
5 2 1
11 2 2
10 2 10
10 2 1
2 2 12
6 2 1
2 2 11
11 2 9
14 2 14
14 2 1
16 2 23
2 2 2
24 2 24
24 2 1
23 2 26
14 2 24
24 2 14
16 2 19
8 2 14
14 2 31
31 2 14
14 2 25
25 2 1
2 2 4
4 2 19
2 4 2
1 4 2
1 4 1
2 4 1
2 5 2
1 5 2
? 1 b'ProgramData/84/1473.cpp'

2 1 1
3 1 2
4 1 1
5 1 3
5 1 2
8 1 5
8 1 1
9 1 1
6 1 9
15 1 6
5 1 15
10 1 6
11 1 1
6 1 11
6 1 2
12 1 10
12 1 1
13 1 2
13 1 12
6 1 13
14 1 6
14 1 1
16 1 6
16 1 1
19 1 14
19 1 1
23 1 19
24 1 16
24 1 23
26 1 19
24 1 26
19 1 24
31 1 16
31 1 19
25 1 6
25 1 1
19 1 8
19 1 31
19 1 25
21 1 3
21 1 2
21 1 4
21 1 19
22 1 21
3 2 2
5 2 5
5 2 1
2 2 15
11 2 2
10 2 10
10 2 1
2 2 12
6 2 1
2 2 11
11 2 9
14 2 1
16 2 23
14 2 14
23 2 26
24 2 1
11 2 11
24 2 24
14 2 24
24 2 14
16 2 19
8 2 8
8 2 14
14 2 31
31 2 14
14 2 25
25 2 1
2 2 4
4 2 19
1 4 2
1 4 1
2 4 1
2 4 2
2 5 2
1 5 2
? 1 b'ProgramData/84/1491.cpp'

2 1 1
3 1 2
4 1 1
5 1 3
5 1 2
8 1 5
8 1 1
9 1 1
6 1 9
7 1 6
7 1 1
2 1 2
2 1 7
10 1 6
11 1 1
6 1 11
6 1 2
12 1 10
12 1 1
13 1 2
13 1 12
6 1 13
14 1 6
14 1 1
15 1 6
15 1 1
16 1 6
16 1 1
17 1 6
18 1 15
18 1 16
18 1 17
18 1 1
19 1 14
19 1 1
20 1 18
20 1 19
23 1 19
24 1 16
24 1 23
19 1 24
26 1 19
24 1 26
25 1 6
25 1 1
19 1 8
19 1 20
19 1 25
21 1 3
21 1 2
21 1 4
21 1 19
22 1 21
3 2 2
5 2 5
5 2 1
6 2 1
2 2 7
11 2 2
10 2 10
10 2 1
2 2 12
2 2 11
11 2 9
15 2 16
16 2 17
17 2 1
11 2 11
14 2 1
18 2 19
14 2 14
16 2 23
24 2 1
23 2 26
8 2 8
8 2 14
14 2 20
20 2 20
20 2 14
14 2 25
25 2 1
2 2 4
4 2 19
2 4 1
1 4 2
1 4 1
2 4 2
1 5 2
2 5 2
? 1 b'ProgramData/84/1501.cpp'

2 1 1
3 1 2
4 1 1
5 1 3
5 1 2
8 1 5
8 1 1
9 1 1
6 1 9
10 1 6
11 1 1
6 1 11
6 1 2
12 1 10
12 1 1
13 1 2
13 1 12
6 1 13
14 1 6
14 1 1
28 1 1
3 1 28
29 1 12
6 1 29
15 1 6
5 1 15
15 1 1
16 1 6
16 1 1
17 1 6
18 1 15
18 1 16
18 1 17
18 1 1
7 1 6
7 1 1
2 1 2
2 1 7
19 1 14
19 1 1
20 1 18
20 1 19
23 1 19
24 1 16
24 1 23
19 1 24
19 1 20
25 1 6
25 1 1
19 1 8
19 1 25
21 1 3
21 1 2
21 1 4
21 1 19
22 1 21
3 2 2
5 2 5
5 2 1
11 2 2
10 2 10
10 2 1
2 2 12
6 2 1
2 2 28
29 2 11
2 2 11
11 2 11
11 2 13
2 2 15
11 2 9
15 2 16
16 2 17
17 2 1
2 2 7
14 2 1
18 2 19
14 2 14
16 2 23
24 2 1
20 2 1
8 2 14
14 2 8
8 2 20
20 2 20
20 2 14
14 2 25
25 2 1
2 2 4
4 2 19
1 4 1
2 4 1
2 4 2
1 4 2
1 5 2
2 5 1
1 5 1
2 5 2
? 1 b'ProgramData/84/1519.cpp'

2 1 1
3 1 2
4 1 1
5 1 3
5 1 2
9 1 1
6 1 9
7 1 6
7 1 1
2 1 2
2 1 7
8 1 5
8 1 1
10 1 6
11 1 1
6 1 11
6 1 2
12 1 10
12 1 1
13 1 2
13 1 12
6 1 13
14 1 6
14 1 1
15 1 6
15 1 1
16 1 6
16 1 1
17 1 6
18 1 15
18 1 16
18 1 17
18 1 1
19 1 14
19 1 1
20 1 18
20 1 19
23 1 19
24 1 16
24 1 23
19 1 24
32 1 1
19 1 32
33 1 24
24 1 33
25 1 6
25 1 1
19 1 8
19 1 20
19 1 25
21 1 3
21 1 2
21 1 4
21 1 19
22 1 21
3 2 2
6 2 1
2 2 7
5 2 5
5 2 1
11 2 2
10 2 10
10 2 1
2 2 12
2 2 11
11 2 9
15 2 16
16 2 17
17 2 1
14 2 1
18 2 19
14 2 14
16 2 23
24 2 1
23 2 33
8 2 14
14 2 20
20 2 14
20 2 20
14 2 25
25 2 1
2 2 4
4 2 19
1 4 1
2 4 1
1 4 2
2 4 2
1 5 2
2 5 2
? 1 b'ProgramData/84/153.cpp'

2 1 1
3 1 2
4 1 1
5 1 3
5 1 2
8 1 5
8 1 1
11 1 1
9 1 1
6 1 2
6 1 11
6 1 9
14 1 6
14 1 1
10 1 6
12 1 10
12 1 1
13 1 2
13 1 12
6 1 13
15 1 6
15 1 1
16 1 6
16 1 1
17 1 6
18 1 15
18 1 16
18 1 17
18 1 1
19 1 14
19 1 1
23 1 19
24 1 16
24 1 23
33 1 24
24 1 33
19 1 24
20 1 18
20 1 19
25 1 6
25 1 1
19 1 8
19 1 20
19 1 25
21 1 3
21 1 2
21 1 4
21 1 19
22 1 21
3 2 2
5 2 5
5 2 1
2 2 11
11 2 2
11 2 9
6 2 1
10 2 10
10 2 1
2 2 12
15 2 16
16 2 17
17 2 1
14 2 14
14 2 1
11 2 11
16 2 23
23 2 33
14 2 24
24 2 1
18 2 19
8 2 14
14 2 20
20 2 14
14 2 25
25 2 1
2 2 4
4 2 19
2 4 1
2 4 2
1 4 2
1 4 1
1 5 2
2 5 2
? 1 b'ProgramData/84/1535.cpp'

2 1 1
3 1 2
4 1 1
5 1 3
5 1 2
8 1 5
8 1 1
9 1 1
6 1 9
10 1 6
11 1 1
6 1 11
6 1 2
12 1 10
12 1 1
13 1 2
13 1 12
6 1 13
14 1 6
14 1 1
16 1 6
16 1 1
30 1 1
19 1 14
19 1 30
19 1 1
23 1 19
24 1 16
24 1 23
19 1 24
31 1 16
31 1 19
19 1 31
25 1 6
25 1 1
19 1 8
19 1 25
21 1 3
21 1 2
21 1 4
21 1 19
22 1 21
3 2 2
5 2 5
5 2 1
11 2 2
10 2 10
10 2 1
2 2 12
6 2 1
2 2 11
11 2 9
11 2 11
9 2 11
14 2 14
14 2 30
30 2 1
16 2 23
24 2 24
24 2 1
16 2 19
14 2 31
31 2 14
14 2 1
8 2 14
14 2 24
24 2 14
14 2 25
25 2 1
2 2 4
4 2 19
2 4 1
2 4 2
1 4 2
1 4 1
1 5 2
2 5 2
? 1 b'ProgramData/84/1537.cpp'

2 1 1
3 1 2
4 1 1
5 1 3
5 1 2
8 1 5
8 1 1
9 1 1
6 1 9
10 1 6
11 1 1
6 1 11
6 1 2
12 1 10
12 1 1
13 1 2
13 1 12
6 1 13
14 1 6
14 1 1
7 1 6
7 1 1
2 1 2
2 1 7
15 1 6
15 1 1
16 1 6
16 1 1
17 1 6
18 1 15
18 1 16
18 1 17
18 1 1
19 1 14
20 1 18
20 1 19
19 1 1
23 1 19
24 1 16
24 1 23
33 1 24
24 1 33
19 1 24
19 1 8
19 1 20
21 1 3
21 1 2
21 1 4
21 1 19
22 1 21
3 2 2
5 2 5
5 2 1
11 2 2
10 2 10
10 2 1
2 2 12
6 2 1
2 2 7
2 2 11
11 2 9
15 2 16
16 2 17
17 2 1
18 2 19
14 2 14
14 2 1
16 2 23
23 2 33
24 2 1
8 2 14
14 2 8
8 2 20
20 2 14
14 2 20
2 2 4
4 2 19
1 4 2
2 4 1
2 4 2
1 4 1
2 5 2
1 5 2
? 1 b'ProgramData/84/152.cpp'

2 1 1
3 1 2
4 1 1
5 1 3
5 1 2
8 1 5
8 1 1
9 1 1
6 1 9
10 1 6
11 1 1
6 1 11
6 1 2
12 1 10
12 1 1
13 1 2
13 1 12
6 1 13
14 1 6
14 1 1
7 1 6
7 1 1
2 1 2
2 1 7
15 1 6
15 1 1
16 1 6
16 1 1
17 1 6
18 1 15
18 1 16
18 1 17
18 1 1
19 1 14
19 1 1
20 1 18
20 1 19
23 1 19
26 1 19
24 1 16
24 1 23
24 1 26
19 1 24
25 1 6
25 1 1
19 1 8
19 1 20
19 1 25
21 1 3
21 1 2
21 1 4
21 1 19
22 1 21
3 2 2
5 2 5
5 2 1
11 2 2
10 2 10
10 2 1
2 2 12
6 2 1
2 2 7
2 2 11
11 2 9
15 2 16
16 2 17
17 2 1
11 2 11
14 2 1
18 2 19
14 2 14
16 2 23
23 2 26
24 2 1
8 2 14
14 2 8
8 2 20
20 2 24
24 2 20
20 2 14
14 2 25
25 2 1
2 2 4
4 2 19
2 4 2
1 4 2
1 4 1
2 4 1
2 5 2
1 5 2
? 1 b'ProgramData/84/1556.cpp'

2 1 1
3 1 2
4 1 1
5 1 3
5 1 2
8 1 5
8 1 1
9 1 1
6 1 9
10 1 6
11 1 1
6 1 11
6 1 2
12 1 10
12 1 1
13 1 2
13 1 12
6 1 13
14 1 6
14 1 1
15 1 6
15 1 1
16 1 6
16 1 1
17 1 6
18 1 15
18 1 16
18 1 17
18 1 1
19 1 14
19 1 1
23 1 19
24 1 16
24 1 23
33 1 24
26 1 19
24 1 33
24 1 26
19 1 24
20 1 18
20 1 19
25 1 6
25 1 1
19 1 8
19 1 20
19 1 25
21 1 3
21 1 2
21 1 4
21 1 19
22 1 21
3 2 2
5 2 5
5 2 1
11 2 2
10 2 10
10 2 1
2 2 12
6 2 1
2 2 11
11 2 9
15 2 16
16 2 17
17 2 1
14 2 1
16 2 23
23 2 33
33 2 26
14 2 14
33 2 33
24 2 24
24 2 1
18 2 19
8 2 14
14 2 8
8 2 20
20 2 14
14 2 25
25 2 1
2 2 4
4 2 19
2 4 1
2 4 2
1 5 2
2 5 2
? 1 b'ProgramData/84/1563.cpp'

2 1 1
3 1 2
4 1 1
9 1 1
6 1 9
15 1 6
5 1 3
5 1 2
5 1 15
6 1 2
7 1 6
7 1 1
2 1 2
2 1 7
8 1 5
8 1 1
10 1 6
11 1 1
6 1 11
12 1 10
12 1 1
13 1 2
13 1 12
6 1 13
14 1 6
14 1 1
16 1 6
16 1 1
19 1 14
19 1 1
31 1 16
31 1 19
23 1 19
24 1 16
24 1 23
19 1 24
25 1 6
25 1 1
19 1 8
19 1 31
19 1 25
21 1 3
21 1 2
21 1 4
21 1 19
22 1 21
3 2 2
2 2 15
6 2 1
2 2 7
5 2 5
5 2 1
11 2 2
10 2 10
10 2 1
2 2 12
2 2 11
11 2 9
14 2 14
14 2 1
16 2 19
16 2 23
24 2 14
8 2 14
14 2 31
31 2 14
14 2 25
25 2 1
2 2 4
4 2 19
2 4 2
1 4 2
2 4 1
2 5 2
1 5 2
? 1 b'ProgramData/84/1569.cpp'

2 1 1
4 1 1
3 1 2
5 1 3
5 1 2
8 1 5
8 1 1
9 1 1
6 1 9
10 1 6
11 1 1
6 1 11
6 1 2
12 1 10
12 1 1
13 1 2
13 1 12
6 1 13
14 1 6
14 1 1
28 1 1
3 1 28
29 1 12
6 1 29
15 1 6
5 1 15
15 1 1
16 1 6
16 1 1
17 1 6
18 1 15
18 1 16
18 1 17
18 1 1
7 1 6
7 1 1
2 1 2
2 1 7
19 1 14
20 1 18
20 1 19
19 1 1
23 1 19
24 1 16
24 1 23
19 1 24
19 1 20
19 1 8
21 1 2
21 1 4
21 1 19
22 1 21
3 2 2
5 2 5
5 2 1
11 2 2
10 2 10
10 2 1
2 2 12
6 2 1
2 2 28
2 2 11
11 2 29
11 2 11
11 2 13
2 2 15
11 2 9
15 2 16
16 2 17
17 2 1
2 2 7
18 2 19
9 2 11
14 2 14
14 2 1
16 2 23
24 2 1
8 2 14
14 2 8
8 2 20
20 2 20
20 2 14
2 2 4
4 2 19
2 4 2
1 4 2
2 4 1
1 4 1
2 5 2
1 5 2
? 1 b'ProgramData/84/1631.cpp'

2 1 1
3 1 2
4 1 1
5 1 3
5 1 2
9 1 1
6 1 9
15 1 6
5 1 15
8 1 5
8 1 1
10 1 6
11 1 1
6 1 11
6 1 2
12 1 10
12 1 1
13 1 2
13 1 12
6 1 13
14 1 6
14 1 1
16 1 6
16 1 1
19 1 14
19 1 1
23 1 19
24 1 16
24 1 23
19 1 24
31 1 16
31 1 19
25 1 6
25 1 1
19 1 8
19 1 31
19 1 25
21 1 3
21 1 2
21 1 4
21 1 19
22 1 21
3 2 2
2 2 15
5 2 5
5 2 1
11 2 2
10 2 10
10 2 1
2 2 12
6 2 1
2 2 11
14 2 14
14 2 1
16 2 23
24 2 1
14 2 24
24 2 24
24 2 14
16 2 19
8 2 14
14 2 31
31 2 24
14 2 25
25 2 1
2 2 4
4 2 19
1 4 2
2 4 1
2 4 2
2 5 2
1 5 2
? 1 b'ProgramData/84/1633.cpp'

2 1 1
3 1 2
35 1 1
28 1 1
3 1 35
3 1 28
5 1 3
5 1 2
36 1 5
4 1 36
4 1 1
11 1 1
6 1 11
6 1 2
25 1 6
25 1 1
19 1 25
19 1 1
21 1 3
21 1 2
21 1 4
21 1 19
8 1 5
8 1 1
14 1 6
14 1 1
9 1 1
6 1 9
7 1 6
7 1 1
2 1 2
2 1 7
15 1 6
5 1 15
15 1 5
15 1 1
16 1 6
16 1 1
17 1 6
18 1 15
18 1 16
18 1 17
18 1 1
19 1 14
20 1 18
20 1 19
10 1 6
12 1 10
12 1 1
29 1 12
6 1 29
13 1 2
13 1 12
6 1 13
19 1 8
19 1 20
22 1 21
35 2 2
2 2 28
3 2 2
36 2 36
36 2 1
11 2 11
11 2 2
2 2 11
6 2 1
25 2 1
2 2 4
4 2 19
5 2 1
2 2 7
2 2 15
15 2 16
16 2 17
17 2 1
18 2 19
10 2 1
10 2 10
2 2 12
11 2 9
8 2 14
14 2 8
8 2 20
20 2 14
14 2 20
20 2 25
21 2 21
2 4 1
1 4 2
2 4 2
1 4 1
1 5 2
2 5 2
? 1 b'ProgramData/84/1656.cpp'

2 1 1
3 1 2
4 1 1
9 1 1
6 1 9
15 1 6
5 1 3
5 1 2
5 1 15
8 1 5
8 1 1
10 1 6
11 1 1
6 1 11
6 1 2
12 1 10
12 1 1
13 1 2
13 1 12
6 1 13
14 1 6
14 1 1
16 1 6
16 1 1
19 1 14
23 1 19
24 1 16
24 1 23
19 1 24
19 1 1
26 1 19
24 1 26
31 1 16
31 1 19
25 1 6
25 1 1
19 1 8
19 1 31
19 1 25
21 1 3
21 1 2
21 1 4
21 1 19
22 1 21
3 2 2
2 2 15
5 2 5
5 2 1
11 2 2
10 2 10
10 2 1
2 2 12
6 2 1
2 2 11
16 2 23
24 2 1
23 2 26
14 2 24
24 2 14
14 2 1
16 2 19
14 2 14
8 2 14
14 2 31
31 2 24
14 2 25
25 2 1
2 2 4
4 2 19
2 4 1
1 4 2
2 4 2
1 5 2
2 5 2
? 1 b'ProgramData/84/1670.cpp'

2 1 1
3 1 2
4 1 1
5 1 3
5 1 2
8 1 5
8 1 1
9 1 1
6 1 9
10 1 6
11 1 1
6 1 11
6 1 2
12 1 10
12 1 1
13 1 2
13 1 12
6 1 13
14 1 6
14 1 1
15 1 6
15 1 1
16 1 6
16 1 1
17 1 6
18 1 15
18 1 16
18 1 17
18 1 1
19 1 14
19 1 1
23 1 19
24 1 16
24 1 23
19 1 24
26 1 19
24 1 26
20 1 18
20 1 19
25 1 6
25 1 1
19 1 8
19 1 20
19 1 25
21 1 3
21 1 2
21 1 4
21 1 19
22 1 21
3 2 2
5 2 5
5 2 1
11 2 2
10 2 10
10 2 1
2 2 12
6 2 1
2 2 11
11 2 9
15 2 16
16 2 17
17 2 1
14 2 14
14 2 1
16 2 23
14 2 24
24 2 1
23 2 26
18 2 19
8 2 14
14 2 20
20 2 24
24 2 14
14 2 25
25 2 1
2 2 4
4 2 19
2 4 2
1 4 2
1 4 1
2 4 1
2 5 2
1 5 2
2 5 1
1 5 1
? 1 b'ProgramData/84/1671.cpp'

2 1 1
3 1 2
4 1 1
5 1 3
5 1 2
8 1 5
8 1 1
9 1 1
6 1 9
10 1 6
11 1 1
6 1 11
6 1 2
12 1 10
12 1 1
13 1 2
13 1 12
6 1 13
14 1 6
14 1 1
16 1 6
16 1 1
14 1 11
19 1 14
23 1 19
26 1 19
24 1 16
24 1 23
24 1 26
15 1 6
15 1 1
17 1 6
18 1 15
18 1 16
18 1 17
18 1 1
33 1 24
24 1 33
19 1 24
19 1 1
20 1 18
20 1 19
19 1 8
19 1 20
21 1 3
21 1 2
21 1 4
21 1 19
22 1 21
3 2 2
5 2 5
5 2 1
11 2 2
10 2 10
10 2 1
2 2 12
6 2 1
2 2 11
6 2 11
11 2 6
16 2 23
23 2 26
11 2 9
15 2 16
16 2 17
17 2 1
23 2 33
14 2 24
24 2 1
18 2 19
8 2 14
24 2 20
20 2 14
14 2 14
14 2 1
2 2 4
4 2 19
2 4 2
1 4 2
1 4 1
2 4 1
2 5 2
1 5 2
? 1 b'ProgramData/84/1679.cpp'

