16 1 9
3 1 1
10 2 1
9 2 10
27 1 30
19 1 1
9 2 8
1 2 39
19 1 18
8 2 9
51 1 42
39 1 12
16 2 11
1 5 3
8 2 15
39 1 51
1 1 3
15 2 3
1 2 4
42 1 50
23 1 22
11 1 10
3 2 39
63 1 3
22 1 1
16 1 15
4 2 1
54 1 8
25 1 45
46 1 45
15 1 1
9 2 1
53 1 39
3 2 46
30 1 22
50 6 51
55 1 63
11 1 8
12 2 54
8 2 1
51 1 10
19 1 28
11 1 3
53 2 51
19 1 4
1 1 4
51 1 1
2 2 18
3 1 2
24 2 45
15 1 3
51 1 15
3 2 2
25 2 39
16 1 10
51 2 53
9 2 15
20 1 19
51 1 46
10 1 9
45 1 16
18 2 4
50 1 19
19 1 2
3 2 23
51 1 3
10 1 3
3 1 25
52 6 53
63 1 8
17 2 12
52 1 19
46 2 42
53 1 8
54 1 1
28 1 27
11 1 1
51 1 9
3 2 4
53 1 10
63 1 39
16 1 8
17 1 16
15 2 1
39 1 17
3 2 20
12 1 16
46 1 24
39 1 52
12 2 17
1 2 25
10 2 3
54 1 39
25 1 24
8 2 10
16 1 1
4 2 3
1 2 2
39 1 53
28 1 3
16 1 23
54 2 51
8 2 3
17 1 11
19 1 3
22 1 21
11 1 15
39 1 54
3 2 27
12 1 11
3 4 1
16 1 3
45 1 1
24 1 11
1 2 46
53 1 25
11 1 20
11 1 9
2 2 1
24 1 3
53 1 1
15 1 8
10 1 1
? 1 github_java_program_data/15/119.java

16 1 9
3 1 1
1 5 3
4 2 18
3 2 39
26 2 29
19 1 1
9 2 8
1 2 39
3 7 1
51 1 42
39 1 12
1 4 3
55 1 5
8 2 15
22 1 1
39 1 51
1 1 3
15 2 3
4 2 21
2 2 3
1 2 4
22 1 4
11 1 10
39 1 11
1 7 3
63 1 3
51 1 46
16 1 15
4 2 1
39 1 44
29 1 22
17 2 44
46 1 45
1 2 2
55 1 6
55 1 63
11 1 8
51 1 8
22 1 2
6 2 63
51 1 10
44 1 25
11 1 3
44 1 1
39 1 16
1 1 4
25 2 42
108 1 1
42 1 29
51 1 1
3 1 2
6 1 1
15 1 3
1 1 13
42 1 26
39 1 108
10 2 1
29 2 26
11 2 16
5 1 1
54 2 12
1 2 46
45 1 11
19 1 2
54 1 9
26 1 19
12 2 51
10 1 3
9 2 3
19 1 4
108 2 54
63 1 8
17 2 12
46 2 42
3 1 4
19 1 18
54 1 3
11 1 1
51 1 9
108 1 39
63 1 39
16 1 8
17 1 16
15 2 1
39 1 17
3 2 13
12 1 16
5 2 6
3 2 4
1 2 25
10 2 3
54 1 39
25 1 24
44 1 42
39 1 54
4 2 3
15 1 1
8 2 10
12 2 17
8 2 3
1 1 2
22 1 3
19 1 3
22 1 21
11 1 15
16 1 1
3 2 2
16 1 3
24 1 11
2 2 1
9 2 15
12 1 11
10 1 1
? 1 github_java_program_data/15/138.java

16 1 9
53 2 75
3 1 1
104 1 33
1 4 3
39 1 72
58 1 57
26 2 110
42 1 58
27 1 30
1 2 27
3 2 2
20 1 22
53 1 8
52 1 22
50 6 53
42 1 12
51 1 42
33 2 57
28 1 27
85 2 69
55 1 54
54 1 3
1 5 3
75 1 42
57 1 39
1 1 3
11 1 1
4 2 18
31 1 30
75 1 8
63 2 53
12 2 58
58 1 86
23 1 22
53 2 51
17 2 12
63 1 3
48 1 47
53 1 15
16 1 15
4 2 1
12 2 48
54 1 8
25 1 45
29 2 50
29 1 22
26 2 29
12 2 17
54 1 65
16 1 20
1 2 31
55 1 6
47 2 86
30 1 22
44 2 51
19 1 1
51 1 10
11 1 23
8 2 1
86 2 67
32 2 4
58 1 56
11 1 8
11 1 3
36 2 47
50 1 22
7 2 54
3 2 31
2 2 18
24 2 45
39 1 69
15 1 3
51 1 15
21 2 2
25 2 39
15 2 1
39 1 103
42 1 53
109 1 36
44 1 9
9 2 15
28 2 4
20 1 19
57 1 42
33 1 19
12 2 53
1 1 4
33 2 47
110 1 19
65 2 39
30 2 41
45 1 11
3 1 2
3 2 23
3 5 1
51 1 39
29 1 19
26 1 19
22 1 18
10 1 3
28 1 1
3 7 1
46 2 39
52 6 53
63 1 8
100 1 22
36 2 39
48 2 29
19 1 18
54 1 1
39 1 50
39 1 52
3 2 42
41 1 22
50 2 69
51 1 9
65 1 64
36 2 57
52 6 51
2 2 28
17 1 16
42 1 100
39 1 85
39 1 63
3 2 20
12 1 16
46 1 24
39 1 12
42 1 17
68 1 42
1 2 23
67 2 86
25 1 24
54 1 39
36 1 22
4 2 3
63 1 82
2 2 1
58 1 36
51 1 25
39 1 110
67 2 56
53 1 9
17 1 11
16 1 10
64 1 3
22 1 21
11 1 15
42 1 48
42 1 26
3 4 1
16 1 3
45 2 24
29 2 52
26 2 50
53 1 25
48 1 57
22 1 32
48 2 58
19 1 32
32 1 1
12 1 11
50 6 51
4 2 32
75 2 44
8 2 10
27 1 41
42 1 104
3 2 82
9 2 10
4 2 2
25 2 42
8 2 15
9 2 8
7 1 3
48 1 33
26 2 85
42 1 52
81 1 1
33 2 39
75 1 9
23 1 19
47 1 42
1 2 2
24 1 16
39 1 51
1 2 20
10 1 8
56 1 39
1 2 4
42 1 50
22 1 4
86 1 48
26 1 22
1 7 3
109 1 39
22 1 1
65 1 81
4 2 21
54 2 63
3 2 25
39 1 44
55 1 7
104 1 39
46 1 45
54 1 42
15 1 1
71 1 22
51 2 54
53 1 39
3 2 46
2 2 21
95 1 1
4 2 28
58 2 52
6 2 7
51 1 8
42 1 109
69 2 29
22 1 2
33 1 22
63 1 42
44 1 39
29 2 26
19 1 28
10 1 1
82 1 95
19 1 4
31 1 41
48 1 56
51 1 1
48 1 68
19 1 2
29 2 48
44 1 46
41 2 30
52 2 103
58 1 33
69 1 19
47 2 56
51 2 53
103 2 26
53 1 46
10 2 1
53 1 3
18 2 4
51 1 46
10 1 9
45 1 16
71 1 19
47 2 68
58 1 47
50 1 19
58 1 67
26 2 48
39 1 26
11 1 10
51 2 12
51 1 3
58 2 26
75 1 25
32 2 2
10 2 3
30 1 19
29 2 72
32 1 31
39 1 29
39 1 53
15 2 3
44 1 3
52 1 19
42 1 75
46 2 42
39 1 58
3 1 4
42 1 44
82 2 42
2 2 32
11 1 20
75 2 53
53 1 10
75 1 39
47 2 67
42 1 29
75 1 3
36 1 19
39 1 17
39 1 54
1 2 46
42 1 51
19 1 21
39 1 71
47 1 39
3 2 4
1 2 25
72 2 71
75 1 46
28 1 3
17 2 29
16 1 23
16 1 1
28 2 2
44 1 1
41 1 19
64 2 81
9 2 1
71 2 26
8 2 3
17 2 58
1 2 65
1 1 2
9 2 3
19 1 3
26 2 12
44 1 25
3 2 27
53 1 1
32 1 3
44 2 53
24 1 11
17 2 44
39 1 48
67 1 58
53 1 42
104 2 58
2 2 3
6 1 3
22 1 3
48 1 36
67 1 48
58 2 48
22 1 28
? 1 github_java_program_data/15/163.java

16 1 9
3 1 1
1 5 3
4 2 18
3 2 39
26 2 29
19 1 1
9 2 8
1 2 39
3 7 1
51 1 42
39 1 12
1 4 3
55 1 5
8 2 15
22 1 1
39 1 51
1 1 3
15 2 3
4 2 21
2 2 3
1 2 4
22 1 4
11 1 10
39 1 11
1 7 3
63 1 3
51 1 46
16 1 15
4 2 1
39 1 44
29 1 22
17 2 44
46 1 45
1 2 2
55 1 6
55 1 63
11 1 8
51 1 8
22 1 2
6 2 63
51 1 10
44 1 25
11 1 3
44 1 1
39 1 16
1 1 4
25 2 42
108 1 1
42 1 29
51 1 1
3 1 2
6 1 1
15 1 3
1 1 13
42 1 26
39 1 108
10 2 1
29 2 26
11 2 16
5 1 1
54 2 12
1 2 46
45 1 11
19 1 2
54 1 9
26 1 19
12 2 51
10 1 3
9 2 3
19 1 4
108 2 54
63 1 8
17 2 12
46 2 42
3 1 4
19 1 18
54 1 3
11 1 1
51 1 9
108 1 39
63 1 39
16 1 8
17 1 16
15 2 1
39 1 17
3 2 13
12 1 16
5 2 6
3 2 4
1 2 25
10 2 3
54 1 39
25 1 24
44 1 42
39 1 54
4 2 3
15 1 1
8 2 10
12 2 17
8 2 3
1 1 2
22 1 3
19 1 3
22 1 21
11 1 15
16 1 1
3 2 2
16 1 3
24 1 11
2 2 1
9 2 15
12 1 11
10 1 1
? 1 github_java_program_data/15/168.java

16 1 9
3 1 1
1 5 3
4 2 18
3 2 39
26 2 29
19 1 1
9 2 8
1 2 39
3 7 1
51 1 42
39 1 12
1 4 3
55 1 5
8 2 15
22 1 1
39 1 51
1 1 3
15 2 3
4 2 21
2 2 3
1 2 4
22 1 4
11 1 10
39 1 11
1 7 3
63 1 3
51 1 46
16 1 15
4 2 1
39 1 44
29 1 22
17 2 44
46 1 45
1 2 2
55 1 6
55 1 63
11 1 8
51 1 8
22 1 2
6 2 63
51 1 10
44 1 25
11 1 3
44 1 1
39 1 16
1 1 4
25 2 42
108 1 1
42 1 29
51 1 1
3 1 2
6 1 1
15 1 3
1 1 13
42 1 26
39 1 108
10 2 1
29 2 26
11 2 16
5 1 1
54 2 12
1 2 46
45 1 11
19 1 2
54 1 9
26 1 19
12 2 51
10 1 3
9 2 3
19 1 4
108 2 54
63 1 8
17 2 12
46 2 42
3 1 4
19 1 18
54 1 3
11 1 1
51 1 9
108 1 39
63 1 39
16 1 8
17 1 16
15 2 1
39 1 17
3 2 13
12 1 16
5 2 6
3 2 4
1 2 25
10 2 3
54 1 39
25 1 24
44 1 42
39 1 54
4 2 3
15 1 1
8 2 10
12 2 17
8 2 3
1 1 2
22 1 3
19 1 3
22 1 21
11 1 15
16 1 1
3 2 2
16 1 3
24 1 11
2 2 1
9 2 15
12 1 11
10 1 1
? 1 github_java_program_data/15/18.java

16 1 9
3 1 1
1 5 3
4 2 18
3 2 39
26 2 29
19 1 1
9 2 8
1 2 39
3 7 1
51 1 42
39 1 12
1 4 3
55 1 5
8 2 15
22 1 1
39 1 51
1 1 3
15 2 3
4 2 21
2 2 3
1 2 4
22 1 4
11 1 10
39 1 11
1 7 3
63 1 3
51 1 46
16 1 15
4 2 1
39 1 44
29 1 22
17 2 44
46 1 45
1 2 2
55 1 6
55 1 63
11 1 8
51 1 8
22 1 2
6 2 63
51 1 10
44 1 25
11 1 3
44 1 1
39 1 16
1 1 4
25 2 42
108 1 1
42 1 29
51 1 1
3 1 2
6 1 1
15 1 3
1 1 13
42 1 26
39 1 108
10 2 1
29 2 26
11 2 16
5 1 1
54 2 12
1 2 46
45 1 11
19 1 2
54 1 9
26 1 19
12 2 51
10 1 3
9 2 3
19 1 4
108 2 54
63 1 8
17 2 12
46 2 42
3 1 4
19 1 18
54 1 3
11 1 1
51 1 9
108 1 39
63 1 39
16 1 8
17 1 16
15 2 1
39 1 17
3 2 13
12 1 16
5 2 6
3 2 4
1 2 25
10 2 3
54 1 39
25 1 24
44 1 42
39 1 54
4 2 3
15 1 1
8 2 10
12 2 17
8 2 3
1 1 2
22 1 3
19 1 3
22 1 21
11 1 15
16 1 1
3 2 2
16 1 3
24 1 11
2 2 1
9 2 15
12 1 11
10 1 1
? 1 github_java_program_data/15/198.java

16 1 9
3 1 1
1 5 3
4 2 18
3 2 39
26 2 29
19 1 1
9 2 8
1 2 39
3 7 1
51 1 42
39 1 12
1 4 3
55 1 5
8 2 15
22 1 1
39 1 51
1 1 3
15 2 3
4 2 21
2 2 3
1 2 4
22 1 4
11 1 10
39 1 11
1 7 3
63 1 3
51 1 46
16 1 15
4 2 1
39 1 44
29 1 22
17 2 44
46 1 45
1 2 2
55 1 6
55 1 63
11 1 8
51 1 8
22 1 2
6 2 63
51 1 10
44 1 25
11 1 3
44 1 1
39 1 16
1 1 4
25 2 42
108 1 1
42 1 29
51 1 1
3 1 2
6 1 1
15 1 3
1 1 13
42 1 26
39 1 108
10 2 1
29 2 26
11 2 16
5 1 1
54 2 12
1 2 46
45 1 11
19 1 2
54 1 9
26 1 19
12 2 51
10 1 3
9 2 3
19 1 4
108 2 54
63 1 8
17 2 12
46 2 42
3 1 4
19 1 18
54 1 3
11 1 1
51 1 9
108 1 39
63 1 39
16 1 8
17 1 16
15 2 1
39 1 17
3 2 13
12 1 16
5 2 6
3 2 4
1 2 25
10 2 3
54 1 39
25 1 24
44 1 42
39 1 54
4 2 3
15 1 1
8 2 10
12 2 17
8 2 3
1 1 2
22 1 3
19 1 3
22 1 21
11 1 15
16 1 1
3 2 2
16 1 3
24 1 11
2 2 1
9 2 15
12 1 11
10 1 1
? 1 github_java_program_data/15/228.java

16 1 9
3 1 1
10 2 1
9 2 10
27 1 30
19 1 1
9 2 8
1 2 39
19 1 18
8 2 9
51 1 42
39 1 12
16 2 11
1 5 3
8 2 15
39 1 51
1 1 3
15 2 3
1 2 4
42 1 50
23 1 22
11 1 10
3 2 39
63 1 3
22 1 1
16 1 15
4 2 1
54 1 8
25 1 45
46 1 45
15 1 1
9 2 1
53 1 39
3 2 46
30 1 22
50 6 51
55 1 63
11 1 8
12 2 54
8 2 1
51 1 10
19 1 28
11 1 3
53 2 51
19 1 4
1 1 4
51 1 1
2 2 18
3 1 2
24 2 45
15 1 3
51 1 15
3 2 2
25 2 39
16 1 10
51 2 53
9 2 15
20 1 19
51 1 46
10 1 9
45 1 16
18 2 4
50 1 19
19 1 2
3 2 23
51 1 3
10 1 3
3 1 25
52 6 53
63 1 8
17 2 12
52 1 19
46 2 42
53 1 8
54 1 1
28 1 27
11 1 1
51 1 9
3 2 4
53 1 10
63 1 39
16 1 8
17 1 16
15 2 1
39 1 17
3 2 20
12 1 16
46 1 24
39 1 52
12 2 17
1 2 25
10 2 3
54 1 39
25 1 24
8 2 10
16 1 1
4 2 3
1 2 2
39 1 53
28 1 3
16 1 23
54 2 51
8 2 3
17 1 11
19 1 3
22 1 21
11 1 15
39 1 54
3 2 27
12 1 11
3 4 1
16 1 3
45 1 1
24 1 11
1 2 46
53 1 25
11 1 20
11 1 9
2 2 1
24 1 3
53 1 1
15 1 8
10 1 1
? 1 github_java_program_data/15/239.java

16 1 9
3 1 1
10 2 1
9 2 10
27 1 30
19 1 1
9 2 8
1 2 39
19 1 18
8 2 9
51 1 42
39 1 12
16 2 11
1 5 3
8 2 15
39 1 51
1 1 3
15 2 3
1 2 4
42 1 50
23 1 22
11 1 10
3 2 39
63 1 3
22 1 1
16 1 15
4 2 1
54 1 8
25 1 45
46 1 45
15 1 1
9 2 1
53 1 39
3 2 46
30 1 22
50 6 51
55 1 63
11 1 8
12 2 54
8 2 1
51 1 10
19 1 28
11 1 3
53 2 51
19 1 4
1 1 4
51 1 1
2 2 18
3 1 2
24 2 45
15 1 3
51 1 15
3 2 2
25 2 39
16 1 10
51 2 53
9 2 15
20 1 19
51 1 46
10 1 9
45 1 16
18 2 4
50 1 19
19 1 2
3 2 23
51 1 3
10 1 3
3 1 25
52 6 53
63 1 8
17 2 12
52 1 19
46 2 42
53 1 8
54 1 1
28 1 27
11 1 1
51 1 9
3 2 4
53 1 10
63 1 39
16 1 8
17 1 16
15 2 1
39 1 17
3 2 20
12 1 16
46 1 24
39 1 52
12 2 17
1 2 25
10 2 3
54 1 39
25 1 24
8 2 10
16 1 1
4 2 3
1 2 2
39 1 53
28 1 3
16 1 23
54 2 51
8 2 3
17 1 11
19 1 3
22 1 21
11 1 15
39 1 54
3 2 27
12 1 11
3 4 1
16 1 3
45 1 1
24 1 11
1 2 46
53 1 25
11 1 20
11 1 9
2 2 1
24 1 3
53 1 1
15 1 8
10 1 1
? 1 github_java_program_data/15/269.java

16 1 9
3 1 1
1 5 3
4 2 18
3 2 39
26 2 29
19 1 1
9 2 8
1 2 39
3 7 1
51 1 42
39 1 12
1 4 3
55 1 5
8 2 15
22 1 1
39 1 51
1 1 3
15 2 3
4 2 21
2 2 3
1 2 4
22 1 4
11 1 10
39 1 11
1 7 3
63 1 3
51 1 46
16 1 15
4 2 1
39 1 44
29 1 22
17 2 44
46 1 45
1 2 2
55 1 6
55 1 63
11 1 8
51 1 8
22 1 2
6 2 63
51 1 10
44 1 25
11 1 3
44 1 1
39 1 16
1 1 4
25 2 42
108 1 1
42 1 29
51 1 1
3 1 2
6 1 1
15 1 3
1 1 13
42 1 26
39 1 108
10 2 1
29 2 26
11 2 16
5 1 1
54 2 12
1 2 46
45 1 11
19 1 2
54 1 9
26 1 19
12 2 51
10 1 3
9 2 3
19 1 4
108 2 54
63 1 8
17 2 12
46 2 42
3 1 4
19 1 18
54 1 3
11 1 1
51 1 9
108 1 39
63 1 39
16 1 8
17 1 16
15 2 1
39 1 17
3 2 13
12 1 16
5 2 6
3 2 4
1 2 25
10 2 3
54 1 39
25 1 24
44 1 42
39 1 54
4 2 3
15 1 1
8 2 10
12 2 17
8 2 3
1 1 2
22 1 3
19 1 3
22 1 21
11 1 15
16 1 1
3 2 2
16 1 3
24 1 11
2 2 1
9 2 15
12 1 11
10 1 1
? 1 github_java_program_data/15/288.java

16 1 9
3 1 1
10 2 1
9 2 10
27 1 30
19 1 1
9 2 8
1 2 39
19 1 18
8 2 9
51 1 42
39 1 12
16 2 11
1 5 3
8 2 15
39 1 51
1 1 3
15 2 3
1 2 4
42 1 50
23 1 22
11 1 10
3 2 39
63 1 3
22 1 1
16 1 15
4 2 1
54 1 8
25 1 45
46 1 45
15 1 1
9 2 1
53 1 39
3 2 46
30 1 22
50 6 51
55 1 63
11 1 8
12 2 54
8 2 1
51 1 10
19 1 28
11 1 3
53 2 51
19 1 4
1 1 4
51 1 1
2 2 18
3 1 2
24 2 45
15 1 3
51 1 15
3 2 2
25 2 39
16 1 10
51 2 53
9 2 15
20 1 19
51 1 46
10 1 9
45 1 16
18 2 4
50 1 19
19 1 2
3 2 23
51 1 3
10 1 3
3 1 25
52 6 53
63 1 8
17 2 12
52 1 19
46 2 42
53 1 8
54 1 1
28 1 27
11 1 1
51 1 9
3 2 4
53 1 10
63 1 39
16 1 8
17 1 16
15 2 1
39 1 17
3 2 20
12 1 16
46 1 24
39 1 52
12 2 17
1 2 25
10 2 3
54 1 39
25 1 24
8 2 10
16 1 1
4 2 3
1 2 2
39 1 53
28 1 3
16 1 23
54 2 51
8 2 3
17 1 11
19 1 3
22 1 21
11 1 15
39 1 54
3 2 27
12 1 11
3 4 1
16 1 3
45 1 1
24 1 11
1 2 46
53 1 25
11 1 20
11 1 9
2 2 1
24 1 3
53 1 1
15 1 8
10 1 1
? 1 github_java_program_data/15/299.java

16 1 9
3 1 1
1 5 3
4 2 18
3 2 39
26 2 29
19 1 1
9 2 8
1 2 39
3 7 1
51 1 42
39 1 12
1 4 3
55 1 5
8 2 15
22 1 1
39 1 51
1 1 3
15 2 3
4 2 21
2 2 3
1 2 4
22 1 4
11 1 10
39 1 11
1 7 3
63 1 3
51 1 46
16 1 15
4 2 1
39 1 44
29 1 22
17 2 44
46 1 45
1 2 2
55 1 6
55 1 63
11 1 8
51 1 8
22 1 2
6 2 63
51 1 10
44 1 25
11 1 3
44 1 1
39 1 16
1 1 4
25 2 42
108 1 1
42 1 29
51 1 1
3 1 2
6 1 1
15 1 3
1 1 13
42 1 26
39 1 108
10 2 1
29 2 26
11 2 16
5 1 1
54 2 12
1 2 46
45 1 11
19 1 2
54 1 9
26 1 19
12 2 51
10 1 3
9 2 3
19 1 4
108 2 54
63 1 8
17 2 12
46 2 42
3 1 4
19 1 18
54 1 3
11 1 1
51 1 9
108 1 39
63 1 39
16 1 8
17 1 16
15 2 1
39 1 17
3 2 13
12 1 16
5 2 6
3 2 4
1 2 25
10 2 3
54 1 39
25 1 24
44 1 42
39 1 54
4 2 3
15 1 1
8 2 10
12 2 17
8 2 3
1 1 2
22 1 3
19 1 3
22 1 21
11 1 15
16 1 1
3 2 2
16 1 3
24 1 11
2 2 1
9 2 15
12 1 11
10 1 1
? 1 github_java_program_data/15/318.java

16 1 9
3 1 1
10 2 1
9 2 10
27 1 30
19 1 1
9 2 8
1 2 39
19 1 18
8 2 9
51 1 42
39 1 12
16 2 11
1 5 3
8 2 15
39 1 51
1 1 3
15 2 3
1 2 4
42 1 50
23 1 22
11 1 10
3 2 39
63 1 3
22 1 1
16 1 15
4 2 1
54 1 8
25 1 45
46 1 45
15 1 1
9 2 1
53 1 39
3 2 46
30 1 22
50 6 51
55 1 63
11 1 8
12 2 54
8 2 1
51 1 10
19 1 28
11 1 3
53 2 51
19 1 4
1 1 4
51 1 1
2 2 18
3 1 2
24 2 45
15 1 3
51 1 15
3 2 2
25 2 39
16 1 10
51 2 53
9 2 15
20 1 19
51 1 46
10 1 9
45 1 16
18 2 4
50 1 19
19 1 2
3 2 23
51 1 3
10 1 3
3 1 25
52 6 53
63 1 8
17 2 12
52 1 19
46 2 42
53 1 8
54 1 1
28 1 27
11 1 1
51 1 9
3 2 4
53 1 10
63 1 39
16 1 8
17 1 16
15 2 1
39 1 17
3 2 20
12 1 16
46 1 24
39 1 52
12 2 17
1 2 25
10 2 3
54 1 39
25 1 24
8 2 10
16 1 1
4 2 3
1 2 2
39 1 53
28 1 3
16 1 23
54 2 51
8 2 3
17 1 11
19 1 3
22 1 21
11 1 15
39 1 54
3 2 27
12 1 11
3 4 1
16 1 3
45 1 1
24 1 11
1 2 46
53 1 25
11 1 20
11 1 9
2 2 1
24 1 3
53 1 1
15 1 8
10 1 1
? 1 github_java_program_data/15/329.java

12 2 54
3 1 1
4 2 18
1 4 3
17 2 58
58 1 57
45 1 64
42 1 44
27 1 30
55 1 63
20 1 22
52 1 22
3 7 1
42 1 12
51 1 42
24 1 3
33 2 57
39 1 12
58 2 50
1 1 27
1 5 3
8 2 15
57 1 39
1 1 3
11 1 1
8 2 1
2 2 3
12 2 58
58 1 86
23 1 22
53 2 51
48 2 50
17 2 12
86 1 58
48 1 47
53 1 15
16 1 15
4 2 1
12 2 48
54 1 8
25 1 45
29 1 22
58 2 17
12 2 17
1 1 31
1 2 2
16 1 20
1 2 31
55 1 6
47 2 86
30 1 22
50 6 51
19 1 1
53 1 9
3 1 31
42 1 17
11 1 23
48 2 17
86 2 67
32 2 4
58 1 56
100 2 12
51 1 10
1 2 27
11 1 3
47 2 67
50 1 22
3 2 23
28 1 27
49 1 33
58 2 29
3 2 64
2 2 18
24 2 45
15 1 3
51 1 15
1 1 46
15 2 1
29 2 52
33 1 22
42 1 53
19 1 21
44 1 9
9 2 15
28 2 4
20 1 19
57 1 42
33 1 19
1 1 4
33 2 47
110 1 19
45 1 11
3 1 2
3 2 42
86 2 56
51 1 39
1 2 42
29 1 19
26 1 19
3 2 31
22 1 18
10 1 3
28 1 1
1 2 25
52 6 53
63 1 8
22 1 28
12 2 26
19 1 18
8 2 9
39 1 50
54 1 3
41 1 22
12 2 49
51 1 9
49 2 52
3 2 13
18 2 2
52 6 51
2 2 28
17 1 16
42 1 100
4 2 28
3 2 20
12 1 16
46 1 24
1 1 13
39 1 52
10 2 3
64 1 1
67 2 86
25 1 24
36 1 22
4 2 3
30 1 3
17 2 29
2 2 1
48 2 52
39 1 110
3 2 25
17 1 11
22 1 21
11 1 15
42 1 48
42 1 26
28 1 31
16 1 3
100 2 26
26 2 50
53 1 25
48 1 57
22 1 32
33 2 42
48 2 58
19 1 32
32 1 1
12 1 11
15 1 8
4 2 32
8 2 10
27 1 41
9 2 10
9 2 8
42 1 110
48 1 33
42 1 52
100 1 19
23 1 19
47 1 42
24 1 16
42 1 54
1 2 20
10 1 8
56 1 39
6 2 63
1 2 4
42 1 50
22 1 4
86 1 48
26 1 22
1 7 3
58 1 33
22 1 1
4 2 21
39 1 49
2 2 32
63 1 1
17 2 44
46 1 45
54 1 42
15 1 1
1 1 25
53 1 39
29 2 50
45 1 3
30 2 41
19 1 3
51 1 8
31 1 30
22 1 2
58 1 67
63 1 42
44 1 39
29 2 26
19 1 28
30 1 1
36 2 47
25 2 39
19 1 4
31 1 41
25 2 42
51 1 1
11 1 10
3 2 2
41 2 30
16 1 10
3 4 1
51 2 53
3 5 1
10 2 1
53 1 3
18 2 4
51 1 46
10 1 9
45 1 16
58 1 47
50 1 19
39 1 26
19 1 2
51 1 3
32 2 2
30 1 19
32 1 31
39 1 29
15 2 3
52 1 19
26 2 29
46 2 42
67 1 48
3 1 4
3 1 27
42 1 58
110 2 100
11 1 20
41 1 3
53 1 10
17 2 26
110 2 17
16 1 8
42 1 29
36 1 19
39 1 17
46 2 39
1 2 46
42 1 51
17 2 48
47 1 39
3 2 4
41 1 1
1 2 23
58 1 36
28 1 3
49 1 42
16 1 23
16 1 1
3 2 46
28 2 2
44 1 1
41 1 19
32 1 27
9 2 1
54 2 51
8 2 3
1 1 2
9 2 3
15 1 9
44 1 25
58 2 52
3 2 27
48 1 36
26 2 17
32 1 3
50 6 53
24 1 11
100 2 110
39 1 48
45 2 24
11 1 9
53 1 42
2 2 21
36 2 57
6 1 3
22 1 3
53 1 1
39 1 58
58 2 48
10 1 1
? 1 github_java_program_data/15/339.java

16 1 9
3 1 1
10 2 1
9 2 10
27 1 30
19 1 1
9 2 8
1 2 39
19 1 18
8 2 9
51 1 42
39 1 12
16 2 11
1 5 3
8 2 15
39 1 51
1 1 3
15 2 3
1 2 4
42 1 50
23 1 22
11 1 10
3 2 39
63 1 3
22 1 1
16 1 15
4 2 1
54 1 8
25 1 45
46 1 45
15 1 1
9 2 1
53 1 39
3 2 46
30 1 22
50 6 51
55 1 63
11 1 8
12 2 54
8 2 1
51 1 10
19 1 28
11 1 3
53 2 51
19 1 4
1 1 4
51 1 1
2 2 18
3 1 2
24 2 45
15 1 3
51 1 15
3 2 2
25 2 39
16 1 10
51 2 53
9 2 15
20 1 19
51 1 46
10 1 9
45 1 16
18 2 4
50 1 19
19 1 2
3 2 23
51 1 3
10 1 3
3 1 25
52 6 53
63 1 8
17 2 12
52 1 19
46 2 42
53 1 8
54 1 1
28 1 27
11 1 1
51 1 9
3 2 4
53 1 10
63 1 39
16 1 8
17 1 16
15 2 1
39 1 17
3 2 20
12 1 16
46 1 24
39 1 52
12 2 17
1 2 25
10 2 3
54 1 39
25 1 24
8 2 10
16 1 1
4 2 3
1 2 2
39 1 53
28 1 3
16 1 23
54 2 51
8 2 3
17 1 11
19 1 3
22 1 21
11 1 15
39 1 54
3 2 27
12 1 11
3 4 1
16 1 3
45 1 1
24 1 11
1 2 46
53 1 25
11 1 20
11 1 9
2 2 1
24 1 3
53 1 1
15 1 8
10 1 1
? 1 github_java_program_data/15/359.java

16 1 9
3 1 1
1 5 3
4 2 18
3 2 39
26 2 29
19 1 1
9 2 8
1 2 39
3 7 1
51 1 42
39 1 12
1 4 3
55 1 5
8 2 15
22 1 1
39 1 51
1 1 3
15 2 3
4 2 21
2 2 3
1 2 4
22 1 4
11 1 10
39 1 11
1 7 3
63 1 3
51 1 46
16 1 15
4 2 1
39 1 44
29 1 22
17 2 44
46 1 45
1 2 2
55 1 6
55 1 63
11 1 8
51 1 8
22 1 2
6 2 63
51 1 10
44 1 25
11 1 3
44 1 1
39 1 16
1 1 4
25 2 42
108 1 1
42 1 29
51 1 1
3 1 2
6 1 1
15 1 3
1 1 13
42 1 26
39 1 108
10 2 1
29 2 26
11 2 16
5 1 1
54 2 12
1 2 46
45 1 11
19 1 2
54 1 9
26 1 19
12 2 51
10 1 3
9 2 3
19 1 4
108 2 54
63 1 8
17 2 12
46 2 42
3 1 4
19 1 18
54 1 3
11 1 1
51 1 9
108 1 39
63 1 39
16 1 8
17 1 16
15 2 1
39 1 17
3 2 13
12 1 16
5 2 6
3 2 4
1 2 25
10 2 3
54 1 39
25 1 24
44 1 42
39 1 54
4 2 3
15 1 1
8 2 10
12 2 17
8 2 3
1 1 2
22 1 3
19 1 3
22 1 21
11 1 15
16 1 1
3 2 2
16 1 3
24 1 11
2 2 1
9 2 15
12 1 11
10 1 1
? 1 github_java_program_data/15/378.java

16 1 9
3 1 1
1 5 3
4 2 18
3 2 39
26 2 29
19 1 1
9 2 8
1 2 39
3 7 1
51 1 42
39 1 12
1 4 3
55 1 5
8 2 15
22 1 1
39 1 51
1 1 3
15 2 3
4 2 21
2 2 3
1 2 4
22 1 4
11 1 10
39 1 11
1 7 3
63 1 3
51 1 46
16 1 15
4 2 1
39 1 44
29 1 22
17 2 44
46 1 45
1 2 2
55 1 6
55 1 63
11 1 8
51 1 8
22 1 2
6 2 63
51 1 10
44 1 25
11 1 3
44 1 1
39 1 16
1 1 4
25 2 42
108 1 1
42 1 29
51 1 1
3 1 2
6 1 1
15 1 3
1 1 13
42 1 26
39 1 108
10 2 1
29 2 26
11 2 16
5 1 1
54 2 12
1 2 46
45 1 11
19 1 2
54 1 9
26 1 19
12 2 51
10 1 3
9 2 3
19 1 4
108 2 54
63 1 8
17 2 12
46 2 42
3 1 4
19 1 18
54 1 3
11 1 1
51 1 9
108 1 39
63 1 39
16 1 8
17 1 16
15 2 1
39 1 17
3 2 13
12 1 16
5 2 6
3 2 4
1 2 25
10 2 3
54 1 39
25 1 24
44 1 42
39 1 54
4 2 3
15 1 1
8 2 10
12 2 17
8 2 3
1 1 2
22 1 3
19 1 3
22 1 21
11 1 15
16 1 1
3 2 2
16 1 3
24 1 11
2 2 1
9 2 15
12 1 11
10 1 1
? 1 github_java_program_data/15/408.java

16 1 9
3 1 1
4 2 18
1 4 3
17 2 58
58 1 57
45 1 64
42 1 44
27 1 30
55 1 63
62 2 52
20 1 22
53 1 8
52 1 22
3 7 1
42 1 12
51 1 42
33 2 57
39 1 12
58 2 50
16 2 11
62 1 42
55 1 5
26 2 52
8 2 15
57 1 39
26 2 58
1 1 3
41 1 22
48 2 52
2 2 3
12 2 58
58 1 86
23 1 22
53 2 51
48 2 50
86 1 58
48 1 47
53 1 15
16 1 15
4 2 1
12 2 48
54 1 8
25 1 45
29 1 22
42 1 83
1 2 2
16 1 20
1 2 31
36 2 42
55 1 6
30 1 22
50 6 51
19 1 1
51 1 10
11 1 23
8 2 1
57 2 86
32 2 4
58 1 56
63 1 39
11 1 8
12 2 44
11 1 3
47 2 67
58 1 68
50 1 22
3 2 31
2 2 18
24 2 45
6 1 1
15 1 3
51 1 15
21 2 2
25 2 39
30 2 41
36 2 47
19 1 21
4 2 2
9 2 15
28 2 4
20 1 19
57 1 42
33 1 19
1 1 4
33 2 47
3 1 46
45 1 11
3 1 2
3 2 23
3 5 1
51 1 39
1 2 42
29 1 19
26 1 19
86 2 68
22 1 18
10 1 3
28 1 1
83 1 22
3 1 25
52 6 53
63 1 8
5 2 6
39 1 83
57 2 67
19 1 18
54 1 1
28 1 27
42 1 17
11 1 1
51 1 9
58 2 17
36 2 57
57 2 68
39 1 50
2 2 28
17 1 16
39 1 62
15 2 1
3 2 20
12 1 16
46 1 24
49 1 36
39 1 52
48 1 86
1 2 23
25 1 24
36 1 22
4 2 3
17 2 29
2 2 1
58 1 36
67 2 56
3 2 25
17 1 11
64 1 3
22 1 21
11 1 15
42 1 48
42 1 26
3 4 1
16 1 3
26 2 50
53 1 25
84 1 19
11 1 20
22 1 32
48 2 26
48 2 58
19 1 32
32 1 1
12 1 11
15 1 8
1 5 3
21 2 4
8 2 10
27 1 41
9 2 10
25 2 42
9 2 8
12 2 17
63 1 3
48 1 33
42 1 52
67 2 68
23 1 19
47 1 42
5 1 1
47 2 56
24 1 16
39 1 51
15 2 3
24 1 1
56 1 39
6 2 63
1 2 4
42 1 50
46 2 39
22 1 4
86 1 48
26 1 22
1 7 3
58 1 33
22 1 1
42 1 84
4 2 21
8 2 9
39 1 49
2 2 32
67 2 86
46 1 45
54 1 42
15 1 1
53 1 39
3 2 46
2 2 21
4 2 28
3 2 39
12 2 54
31 1 30
22 1 2
33 1 22
44 1 39
29 2 26
44 1 25
10 1 1
19 1 4
31 1 41
39 1 26
51 1 1
48 1 68
11 1 10
3 2 2
41 2 30
16 1 10
49 2 50
51 2 53
62 1 33
1 2 20
10 2 1
53 1 3
17 2 49
18 2 4
51 1 46
10 1 9
45 1 16
58 1 47
50 1 19
58 1 67
12 2 29
26 2 48
48 1 56
19 1 2
51 1 3
58 2 26
32 2 2
30 1 19
32 1 31
39 1 29
39 1 53
17 2 12
52 1 19
26 2 29
46 2 42
39 1 58
3 1 4
42 1 58
52 6 51
10 2 3
48 1 57
1 2 27
83 1 19
53 1 10
45 2 24
16 1 8
42 1 29
36 1 19
39 1 17
39 1 54
1 2 46
33 2 42
84 1 22
47 1 39
3 2 4
1 2 25
68 1 42
28 1 3
49 1 42
16 1 23
16 1 1
2 2 4
28 2 2
44 1 1
41 1 19
4 2 32
9 2 1
54 2 51
8 2 3
1 1 2
39 1 84
19 1 3
19 1 28
68 1 39
3 2 27
48 1 36
32 1 3
50 6 53
24 1 11
57 2 56
39 1 48
67 1 58
11 1 9
53 1 42
45 1 1
1 2 64
22 1 3
53 1 1
67 1 48
58 2 48
22 1 28
? 1 github_java_program_data/15/412.java

16 1 9
3 1 1
1 5 3
4 2 18
3 2 39
26 2 29
19 1 1
9 2 8
1 2 39
3 7 1
51 1 42
39 1 12
1 4 3
55 1 5
8 2 15
22 1 1
39 1 51
1 1 3
15 2 3
4 2 21
2 2 3
1 2 4
22 1 4
11 1 10
39 1 11
1 7 3
63 1 3
51 1 46
16 1 15
4 2 1
39 1 44
29 1 22
17 2 44
46 1 45
1 2 2
55 1 6
55 1 63
11 1 8
51 1 8
22 1 2
6 2 63
51 1 10
44 1 25
11 1 3
44 1 1
39 1 16
1 1 4
25 2 42
108 1 1
42 1 29
51 1 1
3 1 2
6 1 1
15 1 3
1 1 13
42 1 26
39 1 108
10 2 1
29 2 26
11 2 16
5 1 1
54 2 12
1 2 46
45 1 11
19 1 2
54 1 9
26 1 19
12 2 51
10 1 3
9 2 3
19 1 4
108 2 54
63 1 8
17 2 12
46 2 42
3 1 4
19 1 18
54 1 3
11 1 1
51 1 9
108 1 39
63 1 39
16 1 8
17 1 16
15 2 1
39 1 17
3 2 13
12 1 16
5 2 6
3 2 4
1 2 25
10 2 3
54 1 39
25 1 24
44 1 42
39 1 54
4 2 3
15 1 1
8 2 10
12 2 17
8 2 3
1 1 2
22 1 3
19 1 3
22 1 21
11 1 15
16 1 1
3 2 2
16 1 3
24 1 11
2 2 1
9 2 15
12 1 11
10 1 1
? 1 github_java_program_data/15/438.java

3 1 1
4 2 18
1 4 3
17 2 58
58 1 57
12 2 50
45 1 64
27 1 30
1 2 27
20 1 22
52 1 22
3 7 1
42 1 12
51 1 42
24 1 3
39 1 12
55 1 54
1 1 27
55 1 5
26 2 52
75 1 42
57 1 39
1 1 3
11 1 1
2 2 3
12 2 58
23 1 22
53 2 51
17 2 12
48 1 47
53 1 15
16 1 15
4 2 1
54 1 8
25 1 45
29 1 22
12 2 17
1 1 31
1 2 2
16 1 20
1 2 31
55 1 6
30 1 22
50 6 51
19 1 1
51 1 10
3 1 31
11 1 23
8 2 1
32 2 4
58 1 56
53 1 9
12 2 44
11 1 3
36 1 22
58 1 68
1 1 4
17 1 16
2 2 18
24 2 45
6 1 1
15 1 3
51 1 15
1 1 46
30 2 41
29 2 52
19 1 21
44 1 9
24 1 65
28 2 4
20 1 19
57 1 42
33 1 19
31 1 41
33 2 47
45 1 1
45 1 11
3 1 2
3 2 23
3 5 1
51 1 39
29 1 19
26 1 19
39 1 75
22 1 18
10 1 3
28 1 1
83 1 22
52 6 53
4 2 32
100 1 22
22 1 28
39 1 83
48 2 12
12 2 49
19 1 18
54 1 1
28 1 27
39 1 52
41 1 22
12 2 48
3 2 4
36 2 57
57 2 68
39 1 50
2 2 28
49 1 33
42 1 100
3 2 20
12 1 16
46 1 24
75 1 1
42 1 17
75 1 46
64 1 1
75 2 51
25 1 24
54 1 39
28 1 31
4 2 3
30 1 3
2 2 1
51 1 25
39 1 110
67 2 56
3 2 25
17 1 11
22 1 21
11 1 15
42 1 48
42 1 26
3 4 1
16 1 3
26 2 50
33 2 57
48 1 57
36 1 19
48 2 26
48 2 58
19 1 32
110 1 22
32 1 1
9 2 15
12 1 11
1 5 3
21 2 4
8 2 10
27 1 41
49 2 52
9 2 10
4 2 2
25 2 42
8 2 15
1 2 39
48 1 33
42 1 52
2 2 32
23 1 19
47 1 42
5 1 1
47 2 56
56 1 42
24 1 16
39 1 51
15 2 3
24 1 1
56 1 39
1 2 4
42 1 50
22 1 4
48 2 52
26 1 22
1 7 3
22 1 1
15 2 1
4 2 21
39 1 49
39 1 44
44 2 75
46 1 45
15 1 1
50 1 19
53 1 39
3 2 46
2 2 21
4 2 28
58 2 29
110 2 26
51 1 8
31 1 30
22 1 2
33 1 22
44 1 39
29 2 26
19 1 28
30 1 1
36 2 47
5 2 6
25 2 39
19 1 4
65 1 3
39 1 26
51 1 1
11 1 10
3 2 2
41 2 30
16 1 10
51 2 53
53 1 46
1 2 20
10 2 1
53 1 3
18 2 4
1 2 25
45 1 16
3 2 31
58 1 47
1 1 25
58 1 67
48 1 56
19 1 2
51 1 3
32 2 2
30 1 19
6 2 54
32 1 31
39 1 29
39 1 53
100 2 29
52 1 19
26 2 29
46 2 42
39 1 58
3 1 4
3 1 27
42 1 58
52 6 51
10 2 3
11 1 20
41 1 3
53 1 10
58 2 12
47 2 67
42 1 29
22 1 32
39 1 17
46 2 39
1 2 46
1 2 23
33 2 42
17 2 48
47 1 39
3 2 27
41 1 1
58 1 36
28 1 3
49 1 42
16 1 23
16 1 1
28 2 2
44 1 1
41 1 19
32 1 27
9 2 1
1 2 65
1 1 2
19 1 3
44 1 25
68 1 39
42 1 72
53 1 1
26 2 17
32 1 3
50 6 53
24 1 11
39 1 48
45 2 24
53 1 42
1 2 64
22 1 3
48 1 36
67 1 48
58 2 48
10 1 1
? 1 github_java_program_data/15/440.java

33 2 42
16 1 9
3 1 1
63 2 75
4 2 18
3 2 39
58 1 57
42 1 44
27 1 30
11 1 8
20 1 22
53 1 8
59 1 41
52 1 22
73 1 56
50 6 53
42 1 12
5 1 3
33 2 57
39 1 12
55 1 54
62 1 42
29 2 50
55 1 5
26 2 52
75 1 42
22 1 1
57 1 39
1 7 3
1 1 3
11 1 1
2 2 3
57 1 22
58 1 86
23 1 22
53 2 51
63 1 3
22 1 2
53 1 15
16 1 15
4 2 1
53 1 61
54 1 8
58 1 67
29 1 22
68 1 42
42 1 83
1 2 2
16 1 20
1 2 31
55 1 6
47 1 22
30 1 22
50 6 51
19 1 1
53 1 9
11 1 23
8 2 1
48 2 26
32 2 4
58 1 56
63 1 39
51 1 10
1 2 27
11 1 3
47 2 67
36 2 47
50 1 22
7 2 54
49 1 33
2 2 18
6 1 1
15 1 3
51 1 15
26 2 48
25 2 39
30 2 41
58 2 29
22 1 73
39 1 84
9 2 15
28 2 4
20 1 19
57 1 42
33 1 19
1 1 4
33 2 47
75 2 51
35 1 34
61 2 42
61 2 39
73 1 57
3 1 2
3 2 42
86 2 56
51 1 39
54 1 9
29 1 19
26 1 19
3 2 31
74 1 33
22 1 18
10 1 3
28 1 1
83 1 22
3 7 1
4 2 73
63 1 8
5 2 6
26 2 40
51 1 42
35 1 20
19 1 18
40 1 35
28 1 27
54 1 3
41 1 22
97 1 42
51 1 9
49 2 52
57 2 68
39 1 50
2 2 28
17 1 16
39 1 62
15 2 1
17 2 97
3 2 20
12 1 16
46 1 24
75 1 1
42 1 17
75 1 46
1 2 23
54 1 1
35 1 36
67 2 86
25 1 24
53 2 12
36 1 22
4 2 3
48 2 17
17 2 29
51 1 59
1 4 3
73 1 47
2 2 1
51 1 25
3 2 25
17 1 11
29 2 49
22 1 21
11 1 15
42 1 48
42 1 26
25 1 45
16 1 3
49 1 39
22 1 74
26 2 50
53 1 25
84 1 19
48 1 57
62 2 50
36 1 19
68 1 22
19 1 32
32 1 1
74 1 56
12 1 11
11 1 9
1 5 3
42 1 53
8 2 10
27 1 41
54 2 63
17 2 51
26 2 29
25 2 42
8 2 15
19 1 73
9 2 8
7 1 3
63 1 9
48 1 33
42 1 52
17 2 49
2 2 32
33 2 39
59 2 42
75 1 9
23 1 19
47 1 42
47 2 56
56 1 42
24 1 16
39 1 51
42 1 54
15 2 3
10 1 8
4 2 21
25 2 59
1 2 4
22 1 4
86 1 48
26 1 22
4 2 74
58 1 33
73 1 68
51 1 46
42 1 84
39 1 17
8 2 9
2 2 4
57 1 19
55 1 7
17 2 44
46 1 45
54 1 42
15 1 1
3 1 13
53 1 39
3 2 46
36 2 57
4 2 28
56 1 19
51 1 8
31 1 30
74 1 57
62 1 33
33 1 22
44 1 39
29 2 26
19 1 28
10 1 1
12 2 62
19 1 4
31 1 41
48 1 56
36 2 34
51 1 1
9 2 10
48 1 68
11 1 10
20 2 36
58 2 26
29 2 48
3 2 2
3 2 23
1 2 13
16 1 10
3 4 1
51 2 53
3 5 1
53 1 46
10 2 1
53 1 3
46 2 61
48 1 47
10 1 9
45 1 16
1 2 42
58 1 47
50 1 19
49 2 58
6 2 7
12 2 29
42 1 40
39 1 26
19 1 2
51 1 3
73 1 36
15 1 9
32 2 2
30 1 19
97 2 12
32 1 31
39 1 29
39 1 53
17 2 12
52 1 19
42 1 75
46 2 42
39 1 58
3 1 4
18 2 2
42 1 58
40 1 39
52 6 51
61 1 41
10 2 3
11 1 20
53 1 10
45 2 24
58 2 12
16 1 8
42 1 29
35 2 39
22 1 32
19 1 21
46 2 39
1 2 46
42 1 51
42 1 97
84 1 22
47 1 39
3 2 4
1 2 25
58 1 36
28 1 3
49 1 42
16 1 23
16 1 1
28 2 2
29 2 58
44 1 1
41 1 19
4 2 32
9 2 1
42 1 49
12 2 17
8 2 3
1 1 2
19 1 3
44 1 25
68 1 39
3 2 27
48 1 36
32 1 3
42 1 63
24 1 11
57 2 56
39 1 48
67 1 58
15 1 8
53 1 42
39 1 83
52 6 53
22 1 3
53 1 1
22 1 28
? 1 github_java_program_data/15/455.java

16 1 9
3 1 1
1 5 3
4 2 18
3 2 39
26 2 29
19 1 1
9 2 8
1 2 39
3 7 1
51 1 42
39 1 12
1 4 3
55 1 5
8 2 15
22 1 1
39 1 51
1 1 3
15 2 3
4 2 21
2 2 3
1 2 4
22 1 4
11 1 10
39 1 11
1 7 3
63 1 3
51 1 46
16 1 15
4 2 1
39 1 44
29 1 22
17 2 44
46 1 45
1 2 2
55 1 6
55 1 63
11 1 8
51 1 8
22 1 2
6 2 63
51 1 10
44 1 25
11 1 3
44 1 1
39 1 16
1 1 4
25 2 42
108 1 1
42 1 29
51 1 1
3 1 2
6 1 1
15 1 3
1 1 13
42 1 26
39 1 108
10 2 1
29 2 26
11 2 16
5 1 1
54 2 12
1 2 46
45 1 11
19 1 2
54 1 9
26 1 19
12 2 51
10 1 3
9 2 3
19 1 4
108 2 54
63 1 8
17 2 12
46 2 42
3 1 4
19 1 18
54 1 3
11 1 1
51 1 9
108 1 39
63 1 39
16 1 8
17 1 16
15 2 1
39 1 17
3 2 13
12 1 16
5 2 6
3 2 4
1 2 25
10 2 3
54 1 39
25 1 24
44 1 42
39 1 54
4 2 3
15 1 1
8 2 10
12 2 17
8 2 3
1 1 2
22 1 3
19 1 3
22 1 21
11 1 15
16 1 1
3 2 2
16 1 3
24 1 11
2 2 1
9 2 15
12 1 11
10 1 1
? 1 github_java_program_data/15/468.java

16 1 9
3 1 1
1 5 3
4 2 18
3 2 39
26 2 29
19 1 1
9 2 8
1 2 39
3 7 1
51 1 42
39 1 12
1 4 3
55 1 5
8 2 15
22 1 1
39 1 51
1 1 3
15 2 3
4 2 21
2 2 3
1 2 4
22 1 4
11 1 10
39 1 11
1 7 3
63 1 3
51 1 46
16 1 15
4 2 1
39 1 44
29 1 22
17 2 44
46 1 45
1 2 2
55 1 6
55 1 63
11 1 8
51 1 8
22 1 2
6 2 63
51 1 10
44 1 25
11 1 3
44 1 1
39 1 16
1 1 4
25 2 42
108 1 1
42 1 29
51 1 1
3 1 2
6 1 1
15 1 3
1 1 13
42 1 26
39 1 108
10 2 1
29 2 26
11 2 16
5 1 1
54 2 12
1 2 46
45 1 11
19 1 2
54 1 9
26 1 19
12 2 51
10 1 3
9 2 3
19 1 4
108 2 54
63 1 8
17 2 12
46 2 42
3 1 4
19 1 18
54 1 3
11 1 1
51 1 9
108 1 39
63 1 39
16 1 8
17 1 16
15 2 1
39 1 17
3 2 13
12 1 16
5 2 6
3 2 4
1 2 25
10 2 3
54 1 39
25 1 24
44 1 42
39 1 54
4 2 3
15 1 1
8 2 10
12 2 17
8 2 3
1 1 2
22 1 3
19 1 3
22 1 21
11 1 15
16 1 1
3 2 2
16 1 3
24 1 11
2 2 1
9 2 15
12 1 11
10 1 1
? 1 github_java_program_data/15/48.java

16 1 9
3 1 1
1 5 3
4 2 18
3 2 39
26 2 29
19 1 1
9 2 8
1 2 39
3 7 1
51 1 42
39 1 12
1 4 3
55 1 5
8 2 15
22 1 1
39 1 51
1 1 3
15 2 3
4 2 21
2 2 3
1 2 4
22 1 4
11 1 10
39 1 11
1 7 3
63 1 3
51 1 46
16 1 15
4 2 1
39 1 44
29 1 22
17 2 44
46 1 45
1 2 2
55 1 6
55 1 63
11 1 8
51 1 8
22 1 2
6 2 63
51 1 10
44 1 25
11 1 3
44 1 1
39 1 16
1 1 4
25 2 42
108 1 1
42 1 29
51 1 1
3 1 2
6 1 1
15 1 3
1 1 13
42 1 26
39 1 108
10 2 1
29 2 26
11 2 16
5 1 1
54 2 12
1 2 46
45 1 11
19 1 2
54 1 9
26 1 19
12 2 51
10 1 3
9 2 3
19 1 4
108 2 54
63 1 8
17 2 12
46 2 42
3 1 4
19 1 18
54 1 3
11 1 1
51 1 9
108 1 39
63 1 39
16 1 8
17 1 16
15 2 1
39 1 17
3 2 13
12 1 16
5 2 6
3 2 4
1 2 25
10 2 3
54 1 39
25 1 24
44 1 42
39 1 54
4 2 3
15 1 1
8 2 10
12 2 17
8 2 3
1 1 2
22 1 3
19 1 3
22 1 21
11 1 15
16 1 1
3 2 2
16 1 3
24 1 11
2 2 1
9 2 15
12 1 11
10 1 1
? 1 github_java_program_data/15/498.java

16 1 9
3 1 1
1 5 3
4 2 18
3 2 39
26 2 29
19 1 1
9 2 8
1 2 39
3 7 1
51 1 42
39 1 12
1 4 3
55 1 5
8 2 15
22 1 1
39 1 51
1 1 3
15 2 3
4 2 21
2 2 3
1 2 4
22 1 4
11 1 10
39 1 11
1 7 3
63 1 3
51 1 46
16 1 15
4 2 1
39 1 44
29 1 22
17 2 44
46 1 45
1 2 2
55 1 6
55 1 63
11 1 8
51 1 8
22 1 2
6 2 63
51 1 10
44 1 25
11 1 3
44 1 1
39 1 16
1 1 4
25 2 42
108 1 1
42 1 29
51 1 1
3 1 2
6 1 1
15 1 3
1 1 13
42 1 26
39 1 108
10 2 1
29 2 26
11 2 16
5 1 1
54 2 12
1 2 46
45 1 11
19 1 2
54 1 9
26 1 19
12 2 51
10 1 3
9 2 3
19 1 4
108 2 54
63 1 8
17 2 12
46 2 42
3 1 4
19 1 18
54 1 3
11 1 1
51 1 9
108 1 39
63 1 39
16 1 8
17 1 16
15 2 1
39 1 17
3 2 13
12 1 16
5 2 6
3 2 4
1 2 25
10 2 3
54 1 39
25 1 24
44 1 42
39 1 54
4 2 3
15 1 1
8 2 10
12 2 17
8 2 3
1 1 2
22 1 3
19 1 3
22 1 21
11 1 15
16 1 1
3 2 2
16 1 3
24 1 11
2 2 1
9 2 15
12 1 11
10 1 1
? 1 github_java_program_data/15/528.java

16 1 9
3 1 1
10 2 1
9 2 10
27 1 30
19 1 1
9 2 8
1 2 39
19 1 18
8 2 9
51 1 42
39 1 12
16 2 11
1 5 3
8 2 15
39 1 51
1 1 3
15 2 3
1 2 4
42 1 50
23 1 22
11 1 10
3 2 39
63 1 3
22 1 1
16 1 15
4 2 1
54 1 8
25 1 45
46 1 45
15 1 1
9 2 1
53 1 39
3 2 46
30 1 22
50 6 51
55 1 63
11 1 8
12 2 54
8 2 1
51 1 10
19 1 28
11 1 3
53 2 51
19 1 4
1 1 4
51 1 1
2 2 18
3 1 2
24 2 45
15 1 3
51 1 15
3 2 2
25 2 39
16 1 10
51 2 53
9 2 15
20 1 19
51 1 46
10 1 9
45 1 16
18 2 4
50 1 19
19 1 2
3 2 23
51 1 3
10 1 3
3 1 25
52 6 53
63 1 8
17 2 12
52 1 19
46 2 42
53 1 8
54 1 1
28 1 27
11 1 1
51 1 9
3 2 4
53 1 10
63 1 39
16 1 8
17 1 16
15 2 1
39 1 17
3 2 20
12 1 16
46 1 24
39 1 52
12 2 17
1 2 25
10 2 3
54 1 39
25 1 24
8 2 10
16 1 1
4 2 3
1 2 2
39 1 53
28 1 3
16 1 23
54 2 51
8 2 3
17 1 11
19 1 3
22 1 21
11 1 15
39 1 54
3 2 27
12 1 11
3 4 1
16 1 3
45 1 1
24 1 11
1 2 46
53 1 25
11 1 20
11 1 9
2 2 1
24 1 3
53 1 1
15 1 8
10 1 1
? 1 github_java_program_data/15/539.java

16 1 9
3 1 1
10 2 1
9 2 10
27 1 30
19 1 1
9 2 8
1 2 39
19 1 18
8 2 9
51 1 42
39 1 12
16 2 11
1 5 3
8 2 15
39 1 51
1 1 3
15 2 3
1 2 4
42 1 50
23 1 22
11 1 10
3 2 39
63 1 3
22 1 1
16 1 15
4 2 1
54 1 8
25 1 45
46 1 45
15 1 1
9 2 1
53 1 39
3 2 46
30 1 22
50 6 51
55 1 63
11 1 8
12 2 54
8 2 1
51 1 10
19 1 28
11 1 3
53 2 51
19 1 4
1 1 4
51 1 1
2 2 18
3 1 2
24 2 45
15 1 3
51 1 15
3 2 2
25 2 39
16 1 10
51 2 53
9 2 15
20 1 19
51 1 46
10 1 9
45 1 16
18 2 4
50 1 19
19 1 2
3 2 23
51 1 3
10 1 3
3 1 25
52 6 53
63 1 8
17 2 12
52 1 19
46 2 42
53 1 8
54 1 1
28 1 27
11 1 1
51 1 9
3 2 4
53 1 10
63 1 39
16 1 8
17 1 16
15 2 1
39 1 17
3 2 20
12 1 16
46 1 24
39 1 52
12 2 17
1 2 25
10 2 3
54 1 39
25 1 24
8 2 10
16 1 1
4 2 3
1 2 2
39 1 53
28 1 3
16 1 23
54 2 51
8 2 3
17 1 11
19 1 3
22 1 21
11 1 15
39 1 54
3 2 27
12 1 11
3 4 1
16 1 3
45 1 1
24 1 11
1 2 46
53 1 25
11 1 20
11 1 9
2 2 1
24 1 3
53 1 1
15 1 8
10 1 1
? 1 github_java_program_data/15/569.java

16 1 9
3 1 1
1 5 3
4 2 18
3 2 39
26 2 29
19 1 1
9 2 8
1 2 39
3 7 1
51 1 42
39 1 12
1 4 3
55 1 5
8 2 15
22 1 1
39 1 51
1 1 3
15 2 3
4 2 21
2 2 3
1 2 4
22 1 4
11 1 10
39 1 11
1 7 3
63 1 3
51 1 46
16 1 15
4 2 1
39 1 44
29 1 22
17 2 44
46 1 45
1 2 2
55 1 6
55 1 63
11 1 8
51 1 8
22 1 2
6 2 63
51 1 10
44 1 25
11 1 3
44 1 1
39 1 16
1 1 4
25 2 42
108 1 1
42 1 29
51 1 1
3 1 2
6 1 1
15 1 3
1 1 13
42 1 26
39 1 108
10 2 1
29 2 26
11 2 16
5 1 1
54 2 12
1 2 46
45 1 11
19 1 2
54 1 9
26 1 19
12 2 51
10 1 3
9 2 3
19 1 4
108 2 54
63 1 8
17 2 12
46 2 42
3 1 4
19 1 18
54 1 3
11 1 1
51 1 9
108 1 39
63 1 39
16 1 8
17 1 16
15 2 1
39 1 17
3 2 13
12 1 16
5 2 6
3 2 4
1 2 25
10 2 3
54 1 39
25 1 24
44 1 42
39 1 54
4 2 3
15 1 1
8 2 10
12 2 17
8 2 3
1 1 2
22 1 3
19 1 3
22 1 21
11 1 15
16 1 1
3 2 2
16 1 3
24 1 11
2 2 1
9 2 15
12 1 11
10 1 1
? 1 github_java_program_data/15/588.java

51 2 44
3 1 1
3 1 27
1 4 3
17 2 58
58 1 57
45 1 64
27 1 30
1 2 27
20 1 22
53 1 8
52 1 22
3 7 1
42 1 12
51 1 42
24 1 3
39 1 12
58 2 50
55 1 54
1 1 27
26 2 52
8 2 15
1 1 3
41 1 22
2 2 3
12 2 58
23 1 22
53 2 51
86 1 58
48 1 47
53 1 15
16 1 15
4 2 1
12 2 48
54 1 8
25 1 45
29 2 50
29 1 22
12 2 17
1 1 31
1 2 2
16 1 20
1 2 31
22 1 32
30 1 22
50 6 51
19 1 1
82 2 39
3 1 31
11 1 23
8 2 1
17 2 26
58 1 56
51 1 10
11 1 3
58 1 68
50 1 22
28 1 27
39 1 75
2 2 18
24 2 45
15 1 3
51 1 15
21 2 2
1 1 46
30 2 41
29 2 52
36 2 47
22 1 73
57 1 22
4 2 2
24 1 65
28 2 4
20 1 19
57 1 42
33 1 19
1 1 4
33 2 47
32 2 4
45 1 11
3 1 2
3 2 23
86 2 56
51 1 39
29 1 19
26 1 19
3 2 31
22 1 18
10 1 3
28 1 1
1 2 25
3 1 25
52 6 53
4 2 32
57 2 67
48 2 29
19 1 18
54 1 1
39 1 50
29 2 48
11 1 1
51 1 9
3 2 4
36 2 57
57 2 68
2 2 28
17 1 16
15 2 1
3 2 20
12 1 16
46 1 24
42 1 17
48 1 86
1 2 23
25 1 24
44 1 42
44 1 8
36 1 22
4 2 3
30 1 3
54 1 39
2 2 1
58 1 36
51 1 25
67 2 56
3 2 25
17 1 11
64 1 3
22 1 21
11 1 15
42 1 48
42 1 26
28 1 31
16 1 3
26 2 50
33 2 57
48 1 67
11 1 20
36 1 19
19 1 32
32 1 1
9 2 15
12 1 11
65 1 1
1 5 3
27 1 41
26 2 29
25 2 42
3 2 2
48 1 33
42 1 52
2 2 32
75 1 9
23 1 19
47 1 42
21 2 4
47 2 56
56 1 42
24 1 16
39 1 51
15 2 3
54 1 82
56 1 39
1 2 4
22 1 4
82 1 95
26 1 22
1 7 3
58 1 33
22 1 1
4 2 21
2 2 4
39 1 44
44 2 75
46 1 45
3 2 64
15 1 1
3 2 46
45 1 3
4 2 28
58 2 29
31 1 30
22 1 2
33 1 22
12 2 26
47 2 86
29 2 26
30 1 1
10 1 1
25 2 39
19 1 4
31 1 41
39 1 26
51 1 1
9 2 10
48 1 68
11 1 10
44 1 46
41 2 30
16 1 10
3 4 1
51 2 53
3 5 1
73 1 68
1 2 20
10 2 1
53 1 3
18 2 4
1 2 82
75 2 53
45 1 16
47 2 68
58 1 47
50 1 19
12 2 29
68 1 19
48 1 56
19 1 2
73 1 57
51 1 3
73 1 36
26 2 48
75 1 25
32 2 2
30 1 19
32 1 31
39 1 29
39 1 53
17 2 12
44 1 3
52 1 19
46 2 42
39 1 58
3 1 4
53 1 46
42 1 58
12 2 51
10 2 3
48 1 57
41 1 3
45 2 24
42 1 29
75 1 3
95 1 3
39 1 17
1 2 46
3 2 65
19 1 21
17 2 48
47 1 39
3 2 27
41 1 1
68 1 42
28 1 3
17 2 29
16 1 23
16 1 1
28 2 2
41 1 19
32 1 27
8 2 3
1 1 2
9 2 3
19 1 3
19 1 28
68 1 39
48 1 36
32 1 3
24 1 11
57 2 56
39 1 48
75 1 39
53 1 42
2 2 21
22 1 3
53 1 1
67 1 48
22 1 28
? 1 github_java_program_data/15/595.java

16 1 9
3 1 1
10 2 1
9 2 10
27 1 30
19 1 1
9 2 8
1 2 39
19 1 18
8 2 9
51 1 42
39 1 12
16 2 11
1 5 3
8 2 15
39 1 51
1 1 3
15 2 3
1 2 4
42 1 50
23 1 22
11 1 10
3 2 39
63 1 3
22 1 1
16 1 15
4 2 1
54 1 8
25 1 45
46 1 45
15 1 1
9 2 1
53 1 39
3 2 46
30 1 22
50 6 51
55 1 63
11 1 8
12 2 54
8 2 1
51 1 10
19 1 28
11 1 3
53 2 51
19 1 4
1 1 4
51 1 1
2 2 18
3 1 2
24 2 45
15 1 3
51 1 15
3 2 2
25 2 39
16 1 10
51 2 53
9 2 15
20 1 19
51 1 46
10 1 9
45 1 16
18 2 4
50 1 19
19 1 2
3 2 23
51 1 3
10 1 3
3 1 25
52 6 53
63 1 8
17 2 12
52 1 19
46 2 42
53 1 8
54 1 1
28 1 27
11 1 1
51 1 9
3 2 4
53 1 10
63 1 39
16 1 8
17 1 16
15 2 1
39 1 17
3 2 20
12 1 16
46 1 24
39 1 52
12 2 17
1 2 25
10 2 3
54 1 39
25 1 24
8 2 10
16 1 1
4 2 3
1 2 2
39 1 53
28 1 3
16 1 23
54 2 51
8 2 3
17 1 11
19 1 3
22 1 21
11 1 15
39 1 54
3 2 27
12 1 11
3 4 1
16 1 3
45 1 1
24 1 11
1 2 46
53 1 25
11 1 20
11 1 9
2 2 1
24 1 3
53 1 1
15 1 8
10 1 1
? 1 github_java_program_data/15/599.java

16 1 9
3 1 1
4 2 18
1 4 3
58 1 57
23 1 16
27 1 30
55 1 63
20 1 22
19 1 18
52 1 22
50 6 53
42 1 12
51 1 42
33 2 57
42 1 40
55 1 54
1 1 27
53 1 78
26 2 52
8 2 15
57 1 39
1 1 3
11 1 1
2 2 3
12 2 58
58 1 86
23 1 22
53 2 51
52 6 51
17 2 12
86 1 58
48 1 47
53 1 15
16 1 15
4 2 1
12 2 48
54 1 8
33 1 22
29 1 22
12 2 17
1 2 2
16 1 20
1 2 31
55 1 6
30 1 22
50 6 51
19 1 1
11 1 8
11 1 23
8 2 1
42 1 48
51 1 10
1 2 27
11 1 3
47 2 67
2 2 32
58 1 68
50 1 22
28 1 27
17 1 16
2 2 1
2 2 18
1 2 39
15 1 3
1 1 13
25 2 39
19 1 21
9 2 15
28 2 4
20 1 19
57 1 42
33 1 19
1 1 4
33 2 47
35 1 34
54 2 63
45 1 11
3 1 2
3 2 23
7 2 54
51 1 39
17 2 40
29 1 19
26 1 19
3 2 31
86 2 68
22 1 18
10 1 3
28 1 1
35 2 39
3 7 1
52 6 53
4 2 32
22 1 28
53 1 8
54 1 1
39 1 50
42 1 17
41 1 22
51 1 9
58 2 17
63 1 39
2 2 28
49 1 33
15 2 1
3 2 13
12 1 16
46 1 24
51 1 15
39 1 12
39 1 52
48 1 86
1 2 23
67 2 86
25 1 24
54 1 39
28 1 31
4 2 3
44 1 42
51 1 25
3 2 25
17 1 11
22 1 21
11 1 15
36 1 22
42 1 26
25 1 45
16 1 3
49 1 39
26 2 50
53 1 25
48 1 67
48 1 57
22 1 32
48 2 58
19 1 32
32 1 1
12 1 11
11 1 9
1 5 3
8 2 10
27 1 41
49 2 52
9 2 10
25 2 42
9 2 8
7 1 3
44 2 53
63 1 3
12 2 44
48 1 33
42 1 52
81 1 1
33 2 39
35 1 33
23 1 19
47 1 42
47 2 56
24 1 16
39 1 51
78 2 8
1 2 20
56 1 39
1 2 4
42 1 50
22 1 4
86 1 48
26 1 22
1 7 3
58 1 33
22 1 1
65 1 81
4 2 21
8 2 9
34 1 22
39 1 44
55 1 7
46 1 45
48 2 52
15 1 1
65 2 39
53 1 39
3 2 46
2 2 21
4 2 28
58 2 52
6 2 7
51 1 8
31 1 30
22 1 2
40 1 35
47 2 86
29 2 26
36 2 47
19 1 4
31 1 41
39 1 26
51 1 1
11 1 10
44 1 46
41 2 30
16 1 10
3 4 1
51 2 53
3 5 1
53 1 46
10 2 1
53 1 3
78 1 3
10 1 9
45 1 16
58 1 47
50 1 19
58 1 67
12 2 29
48 1 56
19 1 2
51 1 3
30 1 19
32 1 31
39 1 29
39 1 53
15 2 3
44 1 3
26 2 29
46 2 42
67 1 48
3 1 4
42 1 58
40 1 39
12 2 51
10 2 3
11 1 20
41 1 3
40 2 12
53 1 10
45 2 24
16 1 8
42 1 29
36 1 19
39 1 17
46 2 39
32 2 4
3 2 65
17 2 48
47 1 39
3 2 4
1 2 25
58 1 36
28 1 3
17 2 29
16 1 23
35 1 23
16 1 1
28 2 2
41 1 19
32 1 27
42 1 49
8 2 3
1 1 2
9 2 3
19 1 3
19 1 28
68 1 39
3 2 27
3 2 2
23 2 33
32 1 3
63 1 65
24 1 11
39 1 48
33 2 34
15 1 8
53 1 42
3 2 20
36 2 57
6 1 3
22 1 3
48 1 36
39 1 58
58 2 48
10 1 1
? 1 github_java_program_data/15/611.java

16 1 9
3 1 1
1 5 3
4 2 18
3 2 39
26 2 29
19 1 1
9 2 8
1 2 39
3 7 1
51 1 42
39 1 12
1 4 3
55 1 5
8 2 15
22 1 1
39 1 51
1 1 3
15 2 3
4 2 21
2 2 3
1 2 4
22 1 4
11 1 10
39 1 11
1 7 3
63 1 3
51 1 46
16 1 15
4 2 1
39 1 44
29 1 22
17 2 44
46 1 45
1 2 2
55 1 6
55 1 63
11 1 8
51 1 8
22 1 2
6 2 63
51 1 10
44 1 25
11 1 3
44 1 1
39 1 16
1 1 4
25 2 42
108 1 1
42 1 29
51 1 1
3 1 2
6 1 1
15 1 3
1 1 13
42 1 26
39 1 108
10 2 1
29 2 26
11 2 16
5 1 1
54 2 12
1 2 46
45 1 11
19 1 2
54 1 9
26 1 19
12 2 51
10 1 3
9 2 3
19 1 4
108 2 54
63 1 8
17 2 12
46 2 42
3 1 4
19 1 18
54 1 3
11 1 1
51 1 9
108 1 39
63 1 39
16 1 8
17 1 16
15 2 1
39 1 17
3 2 13
12 1 16
5 2 6
3 2 4
1 2 25
10 2 3
54 1 39
25 1 24
44 1 42
39 1 54
4 2 3
15 1 1
8 2 10
12 2 17
8 2 3
1 1 2
22 1 3
19 1 3
22 1 21
11 1 15
16 1 1
3 2 2
16 1 3
24 1 11
2 2 1
9 2 15
12 1 11
10 1 1
? 1 github_java_program_data/15/618.java

16 1 9
3 1 1
1 5 3
4 2 18
3 2 39
26 2 29
19 1 1
9 2 8
1 2 39
3 7 1
51 1 42
39 1 12
1 4 3
55 1 5
8 2 15
22 1 1
39 1 51
1 1 3
15 2 3
4 2 21
2 2 3
1 2 4
22 1 4
11 1 10
39 1 11
1 7 3
63 1 3
51 1 46
16 1 15
4 2 1
39 1 44
29 1 22
17 2 44
46 1 45
1 2 2
55 1 6
55 1 63
11 1 8
51 1 8
22 1 2
6 2 63
51 1 10
44 1 25
11 1 3
44 1 1
39 1 16
1 1 4
25 2 42
108 1 1
42 1 29
51 1 1
3 1 2
6 1 1
15 1 3
1 1 13
42 1 26
39 1 108
10 2 1
29 2 26
11 2 16
5 1 1
54 2 12
1 2 46
45 1 11
19 1 2
54 1 9
26 1 19
12 2 51
10 1 3
9 2 3
19 1 4
108 2 54
63 1 8
17 2 12
46 2 42
3 1 4
19 1 18
54 1 3
11 1 1
51 1 9
108 1 39
63 1 39
16 1 8
17 1 16
15 2 1
39 1 17
3 2 13
12 1 16
5 2 6
3 2 4
1 2 25
10 2 3
54 1 39
25 1 24
44 1 42
39 1 54
4 2 3
15 1 1
8 2 10
12 2 17
8 2 3
1 1 2
22 1 3
19 1 3
22 1 21
11 1 15
16 1 1
3 2 2
16 1 3
24 1 11
2 2 1
9 2 15
12 1 11
10 1 1
? 1 github_java_program_data/15/78.java

3 1 1
4 2 18
1 4 3
50 6 51
58 1 57
27 1 30
1 2 27
53 1 8
52 1 22
42 1 12
51 1 42
33 2 57
39 1 12
58 2 50
55 1 54
58 2 52
26 2 52
8 2 15
57 1 39
1 1 3
11 1 1
2 2 3
12 2 58
58 1 86
53 2 51
48 2 50
48 1 47
53 1 15
16 1 15
4 2 1
54 1 8
25 1 45
29 2 50
29 1 22
1 2 2
48 2 12
1 2 31
47 2 86
30 1 22
44 2 51
19 1 1
8 2 1
51 1 10
12 2 44
11 1 3
58 1 68
1 1 4
28 1 27
3 2 31
2 2 18
24 2 45
15 1 3
51 1 15
25 2 39
30 2 41
36 2 47
9 2 15
28 2 4
20 1 19
57 1 42
33 1 19
50 1 22
33 2 47
1 2 46
45 1 11
3 1 2
3 5 1
29 1 19
26 1 19
86 2 68
22 1 18
10 1 3
28 1 1
52 6 53
4 2 32
57 2 67
19 1 18
54 1 1
39 1 50
39 1 52
41 1 22
51 1 9
58 2 17
57 2 68
52 6 51
2 2 28
53 1 1
15 2 1
3 2 20
12 1 16
46 1 24
42 1 17
10 2 3
1 2 23
25 1 24
54 1 39
36 1 22
4 2 3
2 2 1
3 2 25
17 1 11
22 1 21
11 1 15
42 1 48
3 4 1
10 2 1
53 1 25
48 1 67
11 1 20
22 1 32
48 2 58
19 1 32
32 1 1
12 1 11
11 1 9
1 5 3
27 1 41
9 2 10
25 2 42
16 1 23
1 2 39
48 1 33
42 1 52
23 1 19
47 1 42
21 2 4
47 2 56
56 1 42
24 1 16
39 1 51
15 2 3
4 2 21
1 2 4
42 1 50
22 1 4
86 1 48
18 2 4
1 7 3
58 1 33
51 1 46
39 1 44
46 1 45
15 1 1
53 1 39
3 2 46
36 2 57
4 2 28
31 1 30
22 1 2
33 1 22
44 1 39
44 1 25
10 1 1
19 1 4
31 1 41
48 1 56
51 1 1
11 1 10
41 2 30
16 1 10
51 2 53
44 1 8
22 1 1
58 1 47
50 1 19
39 1 26
19 1 2
51 1 3
32 2 2
30 1 19
32 1 31
39 1 29
39 1 53
44 1 3
52 1 19
46 2 42
3 1 4
42 1 58
2 2 32
48 1 57
53 1 10
45 2 24
42 1 29
36 1 19
19 1 21
32 2 4
17 2 48
47 1 39
3 2 4
1 2 25
58 1 36
28 1 3
8 2 10
16 1 1
28 2 2
41 1 19
8 2 3
1 1 2
19 1 3
19 1 28
68 1 39
3 2 27
3 2 2
32 1 3
50 6 53
39 1 48
67 1 58
53 1 42
2 2 21
22 1 3
48 1 36
58 2 48
22 1 28
? 1 github_java_program_data/15/8.java

