11 1 3
3 4 1
17 1 11
1 2 39
45 1 11
58 1 56
42 1 52
58 1 36
28 1 3
1 5 3
53 2 51
31 1 30
12 1 11
26 1 22
16 1 10
45 1 16
22 1 32
53 1 1
1 1 3
51 1 42
11 1 23
22 1 21
14 1 19
51 1 39
42 1 29
33 2 47
31 1 41
36 1 22
22 1 28
50 1 19
32 1 31
12 2 29
19 1 32
4 2 18
15 1 1
58 1 57
22 1 1
51 1 3
11 1 1
51 1 1
39 1 51
3 5 1
39 1 17
22 1 18
1 4 3
25 2 42
24 1 11
29 1 19
22 1 3
52 1 19
4 2 21
1 1 14
36 1 19
3 2 31
3 2 20
47 1 42
1 2 31
16 1 15
25 2 39
25 1 45
19 1 21
11 1 20
22 1 4
20 1 19
11 1 15
1 2 25
48 1 33
54 1 39
1 2 27
10 1 1
33 1 22
32 1 1
19 1 28
33 1 19
51 1 8
48 2 58
20 1 22
19 1 2
10 2 1
4 2 1
53 1 8
15 2 3
13 1 19
26 2 50
16 1 3
17 2 58
19 1 18
2 2 1
32 1 3
56 1 42
46 2 39
3 7 1
58 2 50
1 2 46
3 2 14
9 2 8
22 1 2
24 2 45
39 1 26
48 1 47
54 1 1
54 1 8
41 2 30
53 1 46
51 1 9
53 1 9
15 1 3
50 1 22
30 1 22
28 1 27
3 2 4
1 1 2
57 1 39
46 1 24
1 1 13
42 1 12
3 1 1
39 1 48
29 2 26
3 2 27
57 2 56
26 1 19
3 2 2
53 1 39
2 2 21
23 1 19
3 2 25
19 1 4
24 1 16
50 6 51
10 1 3
55 1 54
41 1 22
27 1 30
8 2 1
30 1 19
8 2 15
10 2 3
13 1 22
39 1 58
1 7 3
19 1 1
8 2 10
42 1 26
29 1 22
57 1 42
39 1 50
58 2 48
1 2 4
2 2 3
53 1 10
30 2 41
11 1 10
36 2 57
1 2 23
1 2 2
39 1 53
45 2 24
15 2 1
3 1 14
19 1 3
25 1 24
1 2 13
46 1 45
51 1 25
52 6 53
14 1 22
3 1 13
51 1 10
52 1 22
51 2 53
28 1 1
16 1 1
4 2 3
51 1 15
3 2 13
27 1 41
41 1 19
? 1 github_java_program_data/7/117.java

26 2 62
11 1 3
39 2 76
49 1 42
36 2 47
36 2 42
17 2 49
17 1 11
45 1 11
76 1 46
15 1 1
42 1 52
58 1 36
28 1 3
39 1 83
53 2 51
31 1 30
77 1 39
12 1 11
26 1 22
16 1 10
45 1 16
48 2 17
22 1 32
53 1 1
1 1 3
11 1 23
22 1 21
59 2 39
14 1 19
30 2 41
51 1 39
42 1 29
33 2 47
12 2 17
31 1 41
36 1 22
22 1 28
42 1 49
42 1 17
32 1 31
12 2 29
19 1 32
1 1 4
4 2 18
39 1 62
3 2 27
1 2 23
51 1 3
53 1 25
11 1 1
58 2 12
39 1 29
51 1 1
58 1 57
3 5 1
39 1 17
1 1 14
52 6 51
1 4 3
25 2 42
24 1 11
29 1 19
22 1 3
22 1 18
36 1 19
39 1 49
3 2 20
47 1 42
62 1 39
100 2 62
46 1 45
53 1 42
1 2 31
16 1 15
25 2 39
48 1 36
1 5 3
25 1 24
19 1 21
62 2 52
11 1 20
39 1 100
22 1 4
20 1 19
11 1 15
1 2 25
39 1 52
48 1 33
62 2 26
1 2 14
77 2 48
76 1 42
4 2 2
1 2 27
29 2 50
10 1 1
33 1 22
32 1 1
42 1 58
47 1 39
25 2 59
21 2 4
33 1 19
51 1 8
48 2 58
20 1 22
19 1 28
19 1 2
10 2 1
4 2 1
83 1 19
3 2 31
15 2 3
13 1 19
53 1 8
16 1 3
3 1 2
19 1 18
2 2 1
32 1 3
12 2 77
10 1 3
49 1 33
53 1 9
1 2 46
3 2 14
9 2 8
51 1 59
50 1 22
22 1 2
12 2 58
2 2 28
24 2 45
1 2 20
39 1 26
48 1 47
54 1 1
54 1 8
41 2 30
16 1 23
4 2 28
51 1 9
3 1 4
3 2 4
26 2 29
59 1 30
33 2 39
30 1 22
28 1 27
46 2 42
15 1 3
1 1 2
8 2 15
54 1 42
29 2 17
48 2 26
49 2 52
49 2 48
57 1 39
46 1 24
77 1 76
42 1 84
1 1 13
26 2 12
84 1 19
16 1 20
3 1 1
39 1 48
29 2 26
28 1 1
3 2 23
23 1 22
39 1 77
26 1 19
3 2 2
53 1 39
2 2 21
23 1 19
3 2 25
19 1 4
53 1 3
24 1 16
52 6 53
46 2 39
39 1 58
17 1 16
33 2 42
12 2 62
55 1 54
41 1 22
42 1 62
83 1 22
27 1 30
8 2 1
17 2 12
30 1 19
1 2 42
2 2 32
10 2 3
13 1 22
62 1 33
1 7 3
19 1 1
8 2 10
17 2 26
42 1 26
29 1 22
3 4 1
57 1 42
39 1 50
1 2 4
2 2 3
58 2 29
53 1 10
62 1 42
11 1 10
36 2 57
22 1 1
1 2 2
52 1 19
45 2 24
15 2 1
3 1 14
19 1 3
42 1 51
1 2 13
12 1 16
3 7 1
51 1 25
2 2 18
100 1 22
42 1 53
14 1 22
3 1 13
51 1 10
52 1 22
51 2 53
39 1 12
62 1 36
16 1 1
4 2 32
62 2 49
49 1 39
4 2 3
51 1 15
3 2 13
42 1 50
27 1 41
51 1 46
3 2 46
12 2 49
41 1 19
? 1 github_java_program_data/7/145.java

11 1 3
1 1 4
36 2 47
36 2 42
17 1 11
45 1 11
41 1 1
42 1 52
58 1 36
28 1 3
1 5 3
53 2 51
31 1 30
12 1 11
26 1 22
16 1 10
45 1 16
22 1 32
1 1 3
11 1 23
22 1 21
62 1 42
51 1 39
42 1 62
30 1 19
12 2 17
31 1 41
36 1 22
22 1 28
7 2 54
50 1 19
42 1 49
32 1 31
49 1 36
19 1 32
49 1 42
4 2 18
39 1 62
1 1 31
22 1 1
51 1 3
3 2 27
11 1 1
58 2 12
39 1 29
51 1 1
58 1 57
3 5 1
39 1 17
22 1 18
1 4 3
62 2 58
24 1 11
29 1 19
22 1 3
4 2 21
5 1 1
36 1 19
39 1 49
3 2 20
3 1 2
62 1 39
53 1 15
1 2 31
16 1 15
25 2 39
48 1 36
25 1 24
19 1 21
25 1 45
11 1 20
42 1 53
22 1 4
7 1 1
20 1 19
11 1 15
12 2 49
48 1 33
49 2 58
12 1 16
32 2 4
4 2 2
1 2 27
10 1 1
33 1 22
32 1 1
19 1 28
47 1 39
21 2 4
58 1 33
33 1 19
51 1 8
20 1 22
19 1 2
10 2 1
4 2 1
3 2 31
53 1 8
16 1 3
47 1 42
19 1 18
2 2 1
32 1 3
10 1 3
55 1 5
53 1 9
8 2 10
33 2 57
9 2 8
50 1 22
22 1 2
8 2 3
49 1 39
24 2 45
55 1 6
2 2 21
39 1 26
48 1 47
49 1 33
1 2 2
54 1 8
41 2 30
53 1 46
4 2 28
55 1 7
3 2 42
33 2 47
51 1 9
41 1 22
49 2 62
3 2 4
30 1 3
33 2 39
30 1 22
30 1 1
16 1 23
62 2 48
15 1 3
1 1 2
54 1 42
3 1 27
49 2 48
57 1 39
5 2 6
1 1 27
46 1 24
3 1 31
54 1 3
16 1 20
3 1 1
39 1 48
28 1 1
23 1 22
3 2 2
10 2 3
53 1 39
41 1 3
17 2 62
23 1 19
3 2 25
19 1 4
53 1 3
24 1 16
50 6 51
46 2 39
39 1 58
17 1 16
33 2 42
50 6 53
55 1 54
3 1 4
42 1 29
27 1 30
48 2 50
17 2 12
15 2 3
8 2 15
36 2 39
62 1 33
19 1 1
6 2 7
42 1 26
29 1 22
3 4 1
57 1 42
15 1 1
58 2 48
1 2 4
2 2 3
6 1 1
30 2 41
11 1 10
36 2 57
1 2 23
52 1 19
45 2 24
15 2 1
19 1 3
42 1 51
46 1 45
58 2 17
51 1 25
2 2 18
28 1 27
27 1 41
51 1 10
52 1 22
51 2 53
39 1 12
62 1 36
16 1 1
2 2 32
62 2 49
4 2 3
39 1 50
42 1 48
28 2 2
3 2 46
1 2 25
41 1 19
? 1 github_java_program_data/7/15.java

11 1 3
36 2 42
17 2 49
17 1 11
4 2 18
45 1 11
39 1 62
58 1 56
15 2 1
28 1 3
1 5 3
53 2 51
31 1 30
12 1 11
42 1 22
26 1 22
16 1 10
45 1 16
5 1 1
9 2 15
22 1 32
1 1 3
11 1 23
22 1 21
42 1 19
14 1 19
62 1 42
51 1 39
42 1 29
30 1 19
12 2 17
31 1 41
36 1 22
22 1 28
42 1 49
42 1 17
32 1 31
49 1 36
19 1 32
1 1 4
42 1 12
15 1 1
58 1 57
22 1 1
3 2 27
11 1 1
39 1 29
51 1 1
39 1 51
57 2 56
3 5 1
39 1 17
1 1 14
22 1 42
1 4 3
24 1 11
29 1 19
22 1 3
33 2 57
36 1 19
39 1 49
3 2 20
3 1 2
62 1 39
46 1 45
53 1 42
53 1 15
33 1 19
1 2 31
16 1 15
25 2 39
25 1 45
19 1 21
22 1 4
20 1 19
11 1 15
1 2 25
48 1 33
49 2 58
62 2 26
1 2 14
3 2 39
54 1 39
1 2 27
10 1 1
33 1 22
32 1 1
42 1 58
3 7 1
19 1 28
58 1 33
20 1 22
19 1 2
10 2 1
4 2 1
3 2 31
13 1 19
50 6 53
53 1 8
16 1 3
22 2 19
47 1 42
19 1 18
2 2 1
32 1 3
10 1 3
55 1 5
53 1 9
3 2 14
33 2 47
56 1 39
49 1 39
24 2 45
1 2 20
39 1 26
48 1 47
1 2 2
54 1 8
53 1 46
46 1 24
22 1 18
19 2 22
3 2 42
51 1 9
41 1 22
49 2 62
15 1 3
26 2 29
33 2 39
30 1 22
28 1 27
46 2 42
3 2 4
1 1 2
8 2 9
16 2 11
15 2 3
1 1 13
54 1 3
16 1 20
3 1 1
29 2 26
28 1 1
3 2 23
23 1 22
26 1 19
3 2 2
10 2 3
2 2 21
23 1 19
19 1 4
53 1 3
24 1 16
8 2 3
17 1 16
49 1 33
12 2 62
55 1 54
3 1 4
42 1 62
27 1 30
22 1 2
8 2 15
36 2 39
17 2 29
13 1 22
1 7 3
19 1 1
17 2 26
42 1 26
29 1 22
3 4 1
57 1 42
51 1 15
1 2 4
2 2 3
58 2 29
29 2 12
30 2 41
11 1 10
1 2 23
39 1 53
3 1 14
19 1 3
25 1 24
1 2 13
12 1 16
48 2 12
51 1 25
2 2 18
14 1 22
3 1 13
12 2 51
5 2 54
51 2 53
39 1 12
62 1 36
16 1 1
2 2 32
4 2 3
42 1 48
3 2 13
42 1 50
27 1 41
3 2 46
41 1 19
? 1 github_java_program_data/7/160.java

11 1 3
3 4 1
17 1 11
1 2 39
45 1 11
58 1 56
42 1 52
58 1 36
28 1 3
1 5 3
53 2 51
31 1 30
12 1 11
26 1 22
16 1 10
45 1 16
22 1 32
53 1 1
1 1 3
51 1 42
11 1 23
22 1 21
14 1 19
51 1 39
42 1 29
33 2 47
31 1 41
36 1 22
22 1 28
50 1 19
32 1 31
12 2 29
19 1 32
4 2 18
15 1 1
58 1 57
22 1 1
51 1 3
11 1 1
51 1 1
39 1 51
3 5 1
39 1 17
22 1 18
1 4 3
25 2 42
24 1 11
29 1 19
22 1 3
52 1 19
4 2 21
1 1 14
36 1 19
3 2 31
3 2 20
47 1 42
1 2 31
16 1 15
25 2 39
25 1 45
19 1 21
11 1 20
22 1 4
20 1 19
11 1 15
1 2 25
48 1 33
54 1 39
1 2 27
10 1 1
33 1 22
32 1 1
19 1 28
33 1 19
51 1 8
48 2 58
20 1 22
19 1 2
10 2 1
4 2 1
53 1 8
15 2 3
13 1 19
26 2 50
16 1 3
17 2 58
19 1 18
2 2 1
32 1 3
56 1 42
46 2 39
3 7 1
58 2 50
1 2 46
3 2 14
9 2 8
22 1 2
24 2 45
39 1 26
48 1 47
54 1 1
54 1 8
41 2 30
53 1 46
51 1 9
53 1 9
15 1 3
50 1 22
30 1 22
28 1 27
3 2 4
1 1 2
57 1 39
46 1 24
1 1 13
42 1 12
3 1 1
39 1 48
29 2 26
3 2 27
57 2 56
26 1 19
3 2 2
53 1 39
2 2 21
23 1 19
3 2 25
19 1 4
24 1 16
50 6 51
10 1 3
55 1 54
41 1 22
27 1 30
8 2 1
30 1 19
8 2 15
10 2 3
13 1 22
39 1 58
1 7 3
19 1 1
8 2 10
42 1 26
29 1 22
57 1 42
39 1 50
58 2 48
1 2 4
2 2 3
53 1 10
30 2 41
11 1 10
36 2 57
1 2 23
1 2 2
39 1 53
45 2 24
15 2 1
3 1 14
19 1 3
25 1 24
1 2 13
46 1 45
51 1 25
52 6 53
14 1 22
3 1 13
51 1 10
52 1 22
51 2 53
28 1 1
16 1 1
4 2 3
51 1 15
3 2 13
27 1 41
41 1 19
? 1 github_java_program_data/7/177.java

11 1 3
3 4 1
17 1 11
15 2 1
28 1 3
1 5 3
31 1 30
12 1 11
42 1 22
26 1 22
16 1 10
45 1 16
4 2 28
1 1 3
11 1 23
22 1 21
42 1 19
14 1 19
51 1 39
30 1 19
12 2 17
31 1 41
22 1 28
39 1 29
47 2 56
32 1 31
12 2 29
19 1 32
1 1 4
15 1 1
22 1 1
11 1 1
7 2 54
51 1 1
3 5 1
39 1 17
22 1 18
22 1 42
1 4 3
24 1 11
29 1 19
22 1 3
18 2 2
1 1 14
3 2 31
3 1 2
1 2 31
16 1 15
25 1 24
19 1 21
6 1 3
42 1 53
22 1 4
12 1 16
11 1 15
1 2 25
48 1 33
1 2 14
1 2 27
10 1 1
33 1 22
32 1 1
47 1 39
4 2 21
32 2 2
25 2 59
21 2 4
19 1 28
51 1 8
20 1 22
51 1 9
10 2 1
4 2 1
15 2 3
53 1 8
16 1 3
22 2 19
18 2 4
19 1 18
2 2 1
32 1 3
56 1 42
10 1 3
53 1 9
3 2 14
9 2 8
51 1 59
2 2 28
24 2 45
1 2 20
55 1 6
39 1 26
48 1 47
46 2 61
54 1 1
54 1 8
41 2 30
53 1 46
22 1 32
55 1 7
19 2 22
33 2 47
13 1 19
3 1 4
3 2 4
26 2 29
59 1 30
30 1 22
28 1 27
48 1 56
15 1 3
1 1 2
54 1 42
6 2 7
7 1 3
46 1 24
4 2 32
1 1 13
16 1 20
3 1 1
39 1 48
29 2 26
3 2 27
3 2 23
23 1 22
26 1 19
3 2 2
53 1 39
59 2 39
2 2 21
53 1 61
53 1 3
61 1 30
55 1 54
41 1 22
27 1 30
8 2 1
22 1 2
1 2 42
10 2 3
61 2 39
19 1 1
8 2 10
17 2 26
42 1 26
29 1 22
1 2 4
2 2 3
29 2 12
53 1 10
11 1 10
1 2 23
1 2 2
45 2 24
3 1 14
19 1 3
42 1 51
1 2 13
11 1 20
39 1 12
46 1 45
51 1 25
2 2 18
3 1 13
51 1 10
51 2 53
28 1 1
16 1 1
2 2 32
4 2 3
3 2 13
27 1 41
3 2 46
41 1 19
? 1 github_java_program_data/7/197.java

11 1 3
3 4 1
17 1 11
1 2 39
45 1 11
58 1 56
42 1 52
58 1 36
28 1 3
1 5 3
53 2 51
31 1 30
12 1 11
26 1 22
16 1 10
45 1 16
22 1 32
53 1 1
1 1 3
51 1 42
11 1 23
22 1 21
14 1 19
51 1 39
42 1 29
33 2 47
31 1 41
36 1 22
22 1 28
50 1 19
32 1 31
12 2 29
19 1 32
4 2 18
15 1 1
58 1 57
22 1 1
51 1 3
11 1 1
51 1 1
39 1 51
3 5 1
39 1 17
22 1 18
1 4 3
25 2 42
24 1 11
29 1 19
22 1 3
52 1 19
4 2 21
1 1 14
36 1 19
3 2 31
3 2 20
47 1 42
1 2 31
16 1 15
25 2 39
25 1 45
19 1 21
11 1 20
22 1 4
20 1 19
11 1 15
1 2 25
48 1 33
54 1 39
1 2 27
10 1 1
33 1 22
32 1 1
19 1 28
33 1 19
51 1 8
48 2 58
20 1 22
19 1 2
10 2 1
4 2 1
53 1 8
15 2 3
13 1 19
26 2 50
16 1 3
17 2 58
19 1 18
2 2 1
32 1 3
56 1 42
46 2 39
3 7 1
58 2 50
1 2 46
3 2 14
9 2 8
22 1 2
24 2 45
39 1 26
48 1 47
54 1 1
54 1 8
41 2 30
53 1 46
51 1 9
53 1 9
15 1 3
50 1 22
30 1 22
28 1 27
3 2 4
1 1 2
57 1 39
46 1 24
1 1 13
42 1 12
3 1 1
39 1 48
29 2 26
3 2 27
57 2 56
26 1 19
3 2 2
53 1 39
2 2 21
23 1 19
3 2 25
19 1 4
24 1 16
50 6 51
10 1 3
55 1 54
41 1 22
27 1 30
8 2 1
30 1 19
8 2 15
10 2 3
13 1 22
39 1 58
1 7 3
19 1 1
8 2 10
42 1 26
29 1 22
57 1 42
39 1 50
58 2 48
1 2 4
2 2 3
53 1 10
30 2 41
11 1 10
36 2 57
1 2 23
1 2 2
39 1 53
45 2 24
15 2 1
3 1 14
19 1 3
25 1 24
1 2 13
46 1 45
51 1 25
52 6 53
14 1 22
3 1 13
51 1 10
52 1 22
51 2 53
28 1 1
16 1 1
4 2 3
51 1 15
3 2 13
27 1 41
41 1 19
? 1 github_java_program_data/7/207.java

11 1 3
1 1 13
36 2 47
36 2 42
17 1 11
4 2 18
45 1 11
15 2 1
28 1 3
1 5 3
53 2 51
31 1 30
12 1 11
1 2 14
26 1 22
16 1 10
45 1 16
5 1 1
22 1 32
53 1 1
1 1 3
51 1 42
11 1 23
22 1 21
14 1 19
62 1 42
42 1 29
30 1 19
41 1 22
12 2 17
31 1 41
36 1 22
22 1 28
29 2 26
42 1 49
42 1 17
62 1 36
49 1 36
19 1 32
1 1 4
42 1 12
15 1 1
12 2 51
53 1 46
1 2 23
11 1 1
39 1 29
58 1 57
3 5 1
39 1 17
1 1 14
1 4 3
39 1 40
24 1 11
29 1 19
22 1 3
4 2 21
22 1 18
36 1 19
39 1 49
3 2 20
3 1 2
33 1 19
1 2 31
16 1 15
25 1 45
25 1 24
19 1 21
25 2 42
11 1 20
42 1 53
22 1 4
20 1 19
11 1 15
1 2 25
48 1 33
12 1 16
4 2 2
51 1 1
10 1 1
33 1 22
32 1 1
42 1 58
47 1 39
3 7 1
51 1 8
19 1 28
58 1 33
48 2 58
20 1 22
19 1 2
10 2 1
4 2 1
3 2 31
15 2 3
53 1 8
16 1 3
22 2 19
18 2 4
11 1 66
66 1 22
19 1 18
2 2 1
32 1 3
10 1 3
55 1 5
53 1 9
1 2 46
3 2 14
33 2 47
19 1 39
49 1 39
1 2 20
35 1 23
55 1 6
39 1 26
48 1 47
1 2 2
54 1 8
28 1 27
4 2 28
19 2 22
3 2 42
13 1 19
39 1 19
49 2 62
3 2 4
26 2 29
33 2 39
30 1 22
16 1 23
15 1 3
1 1 2
54 1 42
49 2 48
57 1 39
5 2 6
33 2 57
46 1 24
62 2 58
39 1 22
54 1 3
16 1 20
29 2 40
3 1 1
39 1 48
40 1 42
3 2 27
23 1 22
48 2 26
26 1 19
3 2 2
53 1 39
35 2 42
23 1 19
40 1 35
19 1 4
53 1 3
24 1 16
46 2 39
8 2 3
17 1 16
49 1 33
50 6 53
55 1 54
3 1 4
42 1 62
27 1 30
17 2 12
22 1 2
8 2 15
10 2 3
17 2 29
13 1 22
39 1 58
1 7 3
19 1 1
8 2 10
49 1 42
11 1 9
42 1 26
6 2 54
29 1 22
23 1 11
3 4 1
57 1 42
39 1 50
26 2 17
1 2 4
2 2 3
6 1 1
53 1 10
30 2 41
11 1 10
9 2 8
22 1 1
1 2 66
45 2 24
48 1 36
3 1 14
19 1 3
42 1 51
1 2 13
46 1 45
51 1 25
2 2 18
14 1 22
3 1 13
51 1 10
51 2 53
2 2 4
39 1 12
32 1 31
16 1 1
4 2 3
51 1 15
42 1 48
3 2 13
9 2 10
27 1 41
3 2 46
12 2 49
41 1 19
? 1 github_java_program_data/7/21.java

11 1 3
3 4 1
17 1 11
1 2 39
45 1 11
58 1 56
42 1 52
58 1 36
28 1 3
1 5 3
53 2 51
31 1 30
12 1 11
26 1 22
16 1 10
45 1 16
22 1 32
53 1 1
1 1 3
51 1 42
11 1 23
22 1 21
14 1 19
51 1 39
42 1 29
33 2 47
31 1 41
36 1 22
22 1 28
50 1 19
32 1 31
12 2 29
19 1 32
4 2 18
15 1 1
58 1 57
22 1 1
51 1 3
11 1 1
51 1 1
39 1 51
3 5 1
39 1 17
22 1 18
1 4 3
25 2 42
24 1 11
29 1 19
22 1 3
52 1 19
4 2 21
1 1 14
36 1 19
3 2 31
3 2 20
47 1 42
1 2 31
16 1 15
25 2 39
25 1 45
19 1 21
11 1 20
22 1 4
20 1 19
11 1 15
1 2 25
48 1 33
54 1 39
1 2 27
10 1 1
33 1 22
32 1 1
19 1 28
33 1 19
51 1 8
48 2 58
20 1 22
19 1 2
10 2 1
4 2 1
53 1 8
15 2 3
13 1 19
26 2 50
16 1 3
17 2 58
19 1 18
2 2 1
32 1 3
56 1 42
46 2 39
3 7 1
58 2 50
1 2 46
3 2 14
9 2 8
22 1 2
24 2 45
39 1 26
48 1 47
54 1 1
54 1 8
41 2 30
53 1 46
51 1 9
53 1 9
15 1 3
50 1 22
30 1 22
28 1 27
3 2 4
1 1 2
57 1 39
46 1 24
1 1 13
42 1 12
3 1 1
39 1 48
29 2 26
3 2 27
57 2 56
26 1 19
3 2 2
53 1 39
2 2 21
23 1 19
3 2 25
19 1 4
24 1 16
50 6 51
10 1 3
55 1 54
41 1 22
27 1 30
8 2 1
30 1 19
8 2 15
10 2 3
13 1 22
39 1 58
1 7 3
19 1 1
8 2 10
42 1 26
29 1 22
57 1 42
39 1 50
58 2 48
1 2 4
2 2 3
53 1 10
30 2 41
11 1 10
36 2 57
1 2 23
1 2 2
39 1 53
45 2 24
15 2 1
3 1 14
19 1 3
25 1 24
1 2 13
46 1 45
51 1 25
52 6 53
14 1 22
3 1 13
51 1 10
52 1 22
51 2 53
28 1 1
16 1 1
4 2 3
51 1 15
3 2 13
27 1 41
41 1 19
? 1 github_java_program_data/7/237.java

26 2 62
11 1 3
39 2 76
49 1 42
36 2 47
36 2 42
17 2 49
17 1 11
45 1 11
76 1 46
15 1 1
42 1 52
58 1 36
28 1 3
39 1 83
53 2 51
31 1 30
77 1 39
12 1 11
26 1 22
16 1 10
45 1 16
48 2 17
22 1 32
53 1 1
1 1 3
11 1 23
22 1 21
59 2 39
14 1 19
30 2 41
51 1 39
42 1 29
33 2 47
12 2 17
31 1 41
36 1 22
22 1 28
42 1 49
42 1 17
32 1 31
12 2 29
19 1 32
1 1 4
4 2 18
39 1 62
3 2 27
1 2 23
51 1 3
53 1 25
11 1 1
58 2 12
39 1 29
51 1 1
58 1 57
3 5 1
39 1 17
1 1 14
52 6 51
1 4 3
25 2 42
24 1 11
29 1 19
22 1 3
22 1 18
36 1 19
39 1 49
3 2 20
47 1 42
62 1 39
100 2 62
46 1 45
53 1 42
1 2 31
16 1 15
25 2 39
48 1 36
1 5 3
25 1 24
19 1 21
62 2 52
11 1 20
39 1 100
22 1 4
20 1 19
11 1 15
1 2 25
39 1 52
48 1 33
62 2 26
1 2 14
77 2 48
76 1 42
4 2 2
1 2 27
29 2 50
10 1 1
33 1 22
32 1 1
42 1 58
47 1 39
25 2 59
21 2 4
33 1 19
51 1 8
48 2 58
20 1 22
19 1 28
19 1 2
10 2 1
4 2 1
83 1 19
3 2 31
15 2 3
13 1 19
53 1 8
16 1 3
3 1 2
19 1 18
2 2 1
32 1 3
12 2 77
10 1 3
49 1 33
53 1 9
1 2 46
3 2 14
9 2 8
51 1 59
50 1 22
22 1 2
12 2 58
2 2 28
24 2 45
1 2 20
39 1 26
48 1 47
54 1 1
54 1 8
41 2 30
16 1 23
4 2 28
51 1 9
3 1 4
3 2 4
26 2 29
59 1 30
33 2 39
30 1 22
28 1 27
46 2 42
15 1 3
1 1 2
8 2 15
54 1 42
29 2 17
48 2 26
49 2 52
49 2 48
57 1 39
46 1 24
77 1 76
42 1 84
1 1 13
26 2 12
84 1 19
16 1 20
3 1 1
39 1 48
29 2 26
28 1 1
3 2 23
23 1 22
39 1 77
26 1 19
3 2 2
53 1 39
2 2 21
23 1 19
3 2 25
19 1 4
53 1 3
24 1 16
52 6 53
46 2 39
39 1 58
17 1 16
33 2 42
12 2 62
55 1 54
41 1 22
42 1 62
83 1 22
27 1 30
8 2 1
17 2 12
30 1 19
1 2 42
2 2 32
10 2 3
13 1 22
62 1 33
1 7 3
19 1 1
8 2 10
17 2 26
42 1 26
29 1 22
3 4 1
57 1 42
39 1 50
1 2 4
2 2 3
58 2 29
53 1 10
62 1 42
11 1 10
36 2 57
22 1 1
1 2 2
52 1 19
45 2 24
15 2 1
3 1 14
19 1 3
42 1 51
1 2 13
12 1 16
3 7 1
51 1 25
2 2 18
100 1 22
42 1 53
14 1 22
3 1 13
51 1 10
52 1 22
51 2 53
39 1 12
62 1 36
16 1 1
4 2 32
62 2 49
49 1 39
4 2 3
51 1 15
3 2 13
42 1 50
27 1 41
51 1 46
3 2 46
12 2 49
41 1 19
? 1 github_java_program_data/7/25.java

26 2 62
11 1 3
39 2 76
49 1 42
36 2 47
36 2 42
17 2 49
17 1 11
45 1 11
76 1 46
15 1 1
42 1 52
58 1 36
28 1 3
39 1 83
53 2 51
31 1 30
77 1 39
12 1 11
26 1 22
16 1 10
45 1 16
48 2 17
22 1 32
53 1 1
1 1 3
11 1 23
22 1 21
59 2 39
14 1 19
30 2 41
51 1 39
42 1 29
33 2 47
12 2 17
31 1 41
36 1 22
22 1 28
42 1 49
42 1 17
32 1 31
12 2 29
19 1 32
1 1 4
4 2 18
39 1 62
3 2 27
1 2 23
51 1 3
53 1 25
11 1 1
58 2 12
39 1 29
51 1 1
58 1 57
3 5 1
39 1 17
1 1 14
52 6 51
1 4 3
25 2 42
24 1 11
29 1 19
22 1 3
22 1 18
36 1 19
39 1 49
3 2 20
47 1 42
62 1 39
100 2 62
46 1 45
53 1 42
1 2 31
16 1 15
25 2 39
48 1 36
1 5 3
25 1 24
19 1 21
62 2 52
11 1 20
39 1 100
22 1 4
20 1 19
11 1 15
1 2 25
39 1 52
48 1 33
62 2 26
1 2 14
77 2 48
76 1 42
4 2 2
1 2 27
29 2 50
10 1 1
33 1 22
32 1 1
42 1 58
47 1 39
25 2 59
21 2 4
33 1 19
51 1 8
48 2 58
20 1 22
19 1 28
19 1 2
10 2 1
4 2 1
83 1 19
3 2 31
15 2 3
13 1 19
53 1 8
16 1 3
3 1 2
19 1 18
2 2 1
32 1 3
12 2 77
10 1 3
49 1 33
53 1 9
1 2 46
3 2 14
9 2 8
51 1 59
50 1 22
22 1 2
12 2 58
2 2 28
24 2 45
1 2 20
39 1 26
48 1 47
54 1 1
54 1 8
41 2 30
16 1 23
4 2 28
51 1 9
3 1 4
3 2 4
26 2 29
59 1 30
33 2 39
30 1 22
28 1 27
46 2 42
15 1 3
1 1 2
8 2 15
54 1 42
29 2 17
48 2 26
49 2 52
49 2 48
57 1 39
46 1 24
77 1 76
42 1 84
1 1 13
26 2 12
84 1 19
16 1 20
3 1 1
39 1 48
29 2 26
28 1 1
3 2 23
23 1 22
39 1 77
26 1 19
3 2 2
53 1 39
2 2 21
23 1 19
3 2 25
19 1 4
53 1 3
24 1 16
52 6 53
46 2 39
39 1 58
17 1 16
33 2 42
12 2 62
55 1 54
41 1 22
42 1 62
83 1 22
27 1 30
8 2 1
17 2 12
30 1 19
1 2 42
2 2 32
10 2 3
13 1 22
62 1 33
1 7 3
19 1 1
8 2 10
17 2 26
42 1 26
29 1 22
3 4 1
57 1 42
39 1 50
1 2 4
2 2 3
58 2 29
53 1 10
62 1 42
11 1 10
36 2 57
22 1 1
1 2 2
52 1 19
45 2 24
15 2 1
3 1 14
19 1 3
42 1 51
1 2 13
12 1 16
3 7 1
51 1 25
2 2 18
100 1 22
42 1 53
14 1 22
3 1 13
51 1 10
52 1 22
51 2 53
39 1 12
62 1 36
16 1 1
4 2 32
62 2 49
49 1 39
4 2 3
51 1 15
3 2 13
42 1 50
27 1 41
51 1 46
3 2 46
12 2 49
41 1 19
? 1 github_java_program_data/7/265.java

11 1 3
3 4 1
17 1 11
1 2 39
45 1 11
58 1 56
42 1 52
58 1 36
28 1 3
1 5 3
53 2 51
31 1 30
12 1 11
26 1 22
16 1 10
45 1 16
22 1 32
53 1 1
1 1 3
51 1 42
11 1 23
22 1 21
14 1 19
51 1 39
42 1 29
33 2 47
31 1 41
36 1 22
22 1 28
50 1 19
32 1 31
12 2 29
19 1 32
4 2 18
15 1 1
58 1 57
22 1 1
51 1 3
11 1 1
51 1 1
39 1 51
3 5 1
39 1 17
22 1 18
1 4 3
25 2 42
24 1 11
29 1 19
22 1 3
52 1 19
4 2 21
1 1 14
36 1 19
3 2 31
3 2 20
47 1 42
1 2 31
16 1 15
25 2 39
25 1 45
19 1 21
11 1 20
22 1 4
20 1 19
11 1 15
1 2 25
48 1 33
54 1 39
1 2 27
10 1 1
33 1 22
32 1 1
19 1 28
33 1 19
51 1 8
48 2 58
20 1 22
19 1 2
10 2 1
4 2 1
53 1 8
15 2 3
13 1 19
26 2 50
16 1 3
17 2 58
19 1 18
2 2 1
32 1 3
56 1 42
46 2 39
3 7 1
58 2 50
1 2 46
3 2 14
9 2 8
22 1 2
24 2 45
39 1 26
48 1 47
54 1 1
54 1 8
41 2 30
53 1 46
51 1 9
53 1 9
15 1 3
50 1 22
30 1 22
28 1 27
3 2 4
1 1 2
57 1 39
46 1 24
1 1 13
42 1 12
3 1 1
39 1 48
29 2 26
3 2 27
57 2 56
26 1 19
3 2 2
53 1 39
2 2 21
23 1 19
3 2 25
19 1 4
24 1 16
50 6 51
10 1 3
55 1 54
41 1 22
27 1 30
8 2 1
30 1 19
8 2 15
10 2 3
13 1 22
39 1 58
1 7 3
19 1 1
8 2 10
42 1 26
29 1 22
57 1 42
39 1 50
58 2 48
1 2 4
2 2 3
53 1 10
30 2 41
11 1 10
36 2 57
1 2 23
1 2 2
39 1 53
45 2 24
15 2 1
3 1 14
19 1 3
25 1 24
1 2 13
46 1 45
51 1 25
52 6 53
14 1 22
3 1 13
51 1 10
52 1 22
51 2 53
28 1 1
16 1 1
4 2 3
51 1 15
3 2 13
27 1 41
41 1 19
? 1 github_java_program_data/7/267.java

11 1 3
43 2 50
36 2 47
3 4 1
48 1 33
17 1 11
45 1 11
41 1 1
58 1 56
15 2 1
58 1 36
28 1 3
1 5 3
58 1 67
31 1 30
12 1 11
28 1 1
26 1 22
16 1 20
11 2 16
16 1 10
4 2 28
53 1 1
1 1 3
11 1 23
23 2 33
22 1 21
35 2 39
40 1 35
2 2 21
51 1 39
42 1 29
30 1 19
12 2 17
31 1 41
36 1 22
22 1 28
37 1 19
29 2 26
32 1 31
40 2 43
19 1 32
1 1 4
4 2 18
15 1 1
35 1 33
1 1 31
38 1 20
11 1 1
58 2 12
39 1 29
1 2 27
58 1 57
3 5 1
39 1 17
22 1 18
1 4 3
39 1 40
24 1 11
29 1 19
22 1 3
16 1 23
33 2 57
36 1 19
3 2 31
3 2 20
3 1 2
20 1 16
1 2 23
36 2 37
53 1 15
26 2 43
12 2 43
3 2 2
16 1 15
25 2 39
48 1 36
43 1 42
53 1 39
32 1 27
6 1 3
42 1 53
22 1 4
37 1 22
20 1 19
34 1 19
20 1 11
67 1 48
12 1 16
38 1 33
51 1 1
10 1 1
33 1 22
32 1 1
19 1 28
47 1 39
32 2 2
43 2 26
33 1 19
51 1 8
48 2 58
20 1 22
19 1 2
10 2 1
4 2 1
53 1 8
16 1 3
34 1 22
47 1 42
19 1 18
2 2 1
32 1 3
56 1 42
10 1 3
38 1 23
53 1 9
43 2 40
1 2 46
8 2 10
28 1 31
12 2 40
9 2 8
29 2 43
20 2 36
2 2 28
1 2 20
35 1 23
55 1 6
39 1 26
48 1 47
7 2 54
54 1 1
54 1 8
41 2 30
48 1 57
53 1 46
35 1 20
22 1 32
55 1 7
51 1 9
3 1 4
3 2 4
30 1 3
30 1 22
30 1 1
28 1 27
15 1 3
1 1 2
54 1 42
47 2 67
3 1 27
43 1 38
35 1 34
16 2 11
57 1 39
38 2 42
28 2 4
67 2 56
1 1 27
7 1 3
15 2 3
4 2 32
1 1 13
3 1 31
38 1 36
39 1 43
29 2 40
3 1 1
39 1 48
40 1 42
3 2 27
3 2 23
23 1 22
26 1 19
1 2 31
23 1 16
23 1 11
41 1 3
35 2 42
23 1 19
33 2 37
19 1 4
46 2 39
19 1 21
17 1 16
50 6 53
55 1 54
41 1 22
27 1 30
8 2 1
17 2 12
22 1 2
1 2 42
8 2 15
10 2 3
17 2 40
39 1 58
19 1 1
6 2 7
42 1 26
29 1 22
39 1 50
1 2 4
58 1 47
2 2 3
40 1 39
11 1 10
36 2 57
22 1 1
1 2 2
19 1 3
42 1 51
33 2 34
11 1 20
39 1 12
46 1 45
51 1 25
2 2 18
28 2 2
51 1 10
51 2 53
38 1 37
16 1 1
20 2 33
25 1 24
4 2 3
40 2 29
3 2 13
40 2 48
11 1 15
27 1 41
1 2 25
41 1 19
? 1 github_java_program_data/7/282.java

11 1 3
49 1 42
36 2 42
17 1 11
15 2 1
19 1 28
1 5 3
31 1 30
26 1 22
16 1 10
45 1 16
5 1 1
48 2 17
4 2 28
1 1 3
22 1 21
54 1 8
40 1 35
62 1 42
51 1 39
42 1 29
33 2 47
12 2 17
31 1 41
36 1 22
22 1 28
42 1 49
32 1 31
49 1 36
1 1 4
4 2 18
15 1 1
53 1 39
62 2 58
51 1 3
11 1 1
39 1 29
58 1 57
3 5 1
39 1 17
22 1 18
1 4 3
39 1 40
24 1 11
26 2 40
29 1 19
22 1 3
1 1 14
36 1 19
39 1 49
3 2 20
47 1 42
46 1 45
1 2 31
16 1 15
25 2 39
25 1 24
19 1 21
3 2 66
11 1 20
42 1 53
22 1 4
20 1 19
11 1 15
12 2 49
48 1 33
9 2 3
1 2 14
27 1 41
4 2 2
1 2 27
12 1 16
33 1 22
3 2 25
32 1 1
42 1 58
3 7 1
51 1 8
33 1 19
58 1 33
20 1 22
15 1 8
19 1 2
10 2 1
4 2 1
66 1 19
3 2 31
15 2 3
13 1 19
16 1 3
22 2 19
39 1 19
11 1 66
19 1 18
2 2 1
32 1 3
10 1 3
55 1 5
53 1 9
8 2 10
9 2 8
22 1 2
49 1 39
24 2 45
1 2 20
35 1 23
39 1 26
48 1 47
1 2 2
22 1 39
41 2 30
53 1 46
22 1 32
19 2 22
3 2 42
51 1 9
41 1 22
49 2 62
3 2 4
26 2 29
33 2 39
30 1 22
16 1 23
15 1 3
1 1 2
54 1 42
57 1 39
33 2 57
46 1 24
1 7 3
39 1 22
54 1 3
16 1 20
3 1 1
39 1 48
40 1 42
28 1 1
3 2 23
26 1 19
3 2 2
23 1 11
2 2 21
35 2 42
23 1 19
14 1 19
19 1 4
53 1 3
46 2 39
8 2 3
49 1 33
50 6 53
55 1 54
3 1 4
42 1 62
27 1 30
17 2 12
30 1 19
10 1 9
10 2 3
13 1 22
49 2 26
19 1 1
17 2 26
10 1 1
29 1 22
3 4 1
1 2 4
2 2 3
53 1 10
30 2 41
11 1 10
22 1 1
45 2 24
3 1 14
19 1 3
42 1 51
1 2 13
4 2 3
51 1 25
2 2 18
28 1 27
12 2 26
14 1 22
3 1 13
51 1 10
5 2 54
51 2 53
2 2 4
39 1 12
62 1 36
16 1 1
2 2 32
3 2 13
9 2 10
42 1 50
28 2 2
3 2 46
41 1 19
? 1 github_java_program_data/7/284.java

11 1 3
3 4 1
17 1 11
1 2 39
45 1 11
58 1 56
42 1 52
58 1 36
28 1 3
1 5 3
53 2 51
31 1 30
12 1 11
26 1 22
16 1 10
45 1 16
22 1 32
53 1 1
1 1 3
51 1 42
11 1 23
22 1 21
14 1 19
51 1 39
42 1 29
33 2 47
31 1 41
36 1 22
22 1 28
50 1 19
32 1 31
12 2 29
19 1 32
4 2 18
15 1 1
58 1 57
22 1 1
51 1 3
11 1 1
51 1 1
39 1 51
3 5 1
39 1 17
22 1 18
1 4 3
25 2 42
24 1 11
29 1 19
22 1 3
52 1 19
4 2 21
1 1 14
36 1 19
3 2 31
3 2 20
47 1 42
1 2 31
16 1 15
25 2 39
25 1 45
19 1 21
11 1 20
22 1 4
20 1 19
11 1 15
1 2 25
48 1 33
54 1 39
1 2 27
10 1 1
33 1 22
32 1 1
19 1 28
33 1 19
51 1 8
48 2 58
20 1 22
19 1 2
10 2 1
4 2 1
53 1 8
15 2 3
13 1 19
26 2 50
16 1 3
17 2 58
19 1 18
2 2 1
32 1 3
56 1 42
46 2 39
3 7 1
58 2 50
1 2 46
3 2 14
9 2 8
22 1 2
24 2 45
39 1 26
48 1 47
54 1 1
54 1 8
41 2 30
53 1 46
51 1 9
53 1 9
15 1 3
50 1 22
30 1 22
28 1 27
3 2 4
1 1 2
57 1 39
46 1 24
1 1 13
42 1 12
3 1 1
39 1 48
29 2 26
3 2 27
57 2 56
26 1 19
3 2 2
53 1 39
2 2 21
23 1 19
3 2 25
19 1 4
24 1 16
50 6 51
10 1 3
55 1 54
41 1 22
27 1 30
8 2 1
30 1 19
8 2 15
10 2 3
13 1 22
39 1 58
1 7 3
19 1 1
8 2 10
42 1 26
29 1 22
57 1 42
39 1 50
58 2 48
1 2 4
2 2 3
53 1 10
30 2 41
11 1 10
36 2 57
1 2 23
1 2 2
39 1 53
45 2 24
15 2 1
3 1 14
19 1 3
25 1 24
1 2 13
46 1 45
51 1 25
52 6 53
14 1 22
3 1 13
51 1 10
52 1 22
51 2 53
28 1 1
16 1 1
4 2 3
51 1 15
3 2 13
27 1 41
41 1 19
? 1 github_java_program_data/7/297.java

26 2 62
11 1 3
39 2 76
49 1 42
36 2 47
36 2 42
17 2 49
17 1 11
45 1 11
76 1 46
15 1 1
42 1 52
58 1 36
28 1 3
39 1 83
53 2 51
31 1 30
77 1 39
12 1 11
26 1 22
16 1 10
45 1 16
48 2 17
22 1 32
53 1 1
1 1 3
11 1 23
22 1 21
59 2 39
14 1 19
30 2 41
51 1 39
42 1 29
33 2 47
12 2 17
31 1 41
36 1 22
22 1 28
42 1 49
42 1 17
32 1 31
12 2 29
19 1 32
1 1 4
4 2 18
39 1 62
3 2 27
1 2 23
51 1 3
53 1 25
11 1 1
58 2 12
39 1 29
51 1 1
58 1 57
3 5 1
39 1 17
1 1 14
52 6 51
1 4 3
25 2 42
24 1 11
29 1 19
22 1 3
22 1 18
36 1 19
39 1 49
3 2 20
47 1 42
62 1 39
100 2 62
46 1 45
53 1 42
1 2 31
16 1 15
25 2 39
48 1 36
1 5 3
25 1 24
19 1 21
62 2 52
11 1 20
39 1 100
22 1 4
20 1 19
11 1 15
1 2 25
39 1 52
48 1 33
62 2 26
1 2 14
77 2 48
76 1 42
4 2 2
1 2 27
29 2 50
10 1 1
33 1 22
32 1 1
42 1 58
47 1 39
25 2 59
21 2 4
33 1 19
51 1 8
48 2 58
20 1 22
19 1 28
19 1 2
10 2 1
4 2 1
83 1 19
3 2 31
15 2 3
13 1 19
53 1 8
16 1 3
3 1 2
19 1 18
2 2 1
32 1 3
12 2 77
10 1 3
49 1 33
53 1 9
1 2 46
3 2 14
9 2 8
51 1 59
50 1 22
22 1 2
12 2 58
2 2 28
24 2 45
1 2 20
39 1 26
48 1 47
54 1 1
54 1 8
41 2 30
16 1 23
4 2 28
51 1 9
3 1 4
3 2 4
26 2 29
59 1 30
33 2 39
30 1 22
28 1 27
46 2 42
15 1 3
1 1 2
8 2 15
54 1 42
29 2 17
48 2 26
49 2 52
49 2 48
57 1 39
46 1 24
77 1 76
42 1 84
1 1 13
26 2 12
84 1 19
16 1 20
3 1 1
39 1 48
29 2 26
28 1 1
3 2 23
23 1 22
39 1 77
26 1 19
3 2 2
53 1 39
2 2 21
23 1 19
3 2 25
19 1 4
53 1 3
24 1 16
52 6 53
46 2 39
39 1 58
17 1 16
33 2 42
12 2 62
55 1 54
41 1 22
42 1 62
83 1 22
27 1 30
8 2 1
17 2 12
30 1 19
1 2 42
2 2 32
10 2 3
13 1 22
62 1 33
1 7 3
19 1 1
8 2 10
17 2 26
42 1 26
29 1 22
3 4 1
57 1 42
39 1 50
1 2 4
2 2 3
58 2 29
53 1 10
62 1 42
11 1 10
36 2 57
22 1 1
1 2 2
52 1 19
45 2 24
15 2 1
3 1 14
19 1 3
42 1 51
1 2 13
12 1 16
3 7 1
51 1 25
2 2 18
100 1 22
42 1 53
14 1 22
3 1 13
51 1 10
52 1 22
51 2 53
39 1 12
62 1 36
16 1 1
4 2 32
62 2 49
49 1 39
4 2 3
51 1 15
3 2 13
42 1 50
27 1 41
51 1 46
3 2 46
12 2 49
41 1 19
? 1 github_java_program_data/7/325.java

26 2 62
11 1 3
39 2 76
49 1 42
36 2 47
36 2 42
17 2 49
17 1 11
45 1 11
76 1 46
15 1 1
42 1 52
58 1 36
28 1 3
39 1 83
53 2 51
31 1 30
77 1 39
12 1 11
26 1 22
16 1 10
45 1 16
48 2 17
22 1 32
53 1 1
1 1 3
11 1 23
22 1 21
59 2 39
14 1 19
30 2 41
51 1 39
42 1 29
33 2 47
12 2 17
31 1 41
36 1 22
22 1 28
42 1 49
42 1 17
32 1 31
12 2 29
19 1 32
1 1 4
4 2 18
39 1 62
3 2 27
1 2 23
51 1 3
53 1 25
11 1 1
58 2 12
39 1 29
51 1 1
58 1 57
3 5 1
39 1 17
1 1 14
52 6 51
1 4 3
25 2 42
24 1 11
29 1 19
22 1 3
22 1 18
36 1 19
39 1 49
3 2 20
47 1 42
62 1 39
100 2 62
46 1 45
53 1 42
1 2 31
16 1 15
25 2 39
48 1 36
1 5 3
25 1 24
19 1 21
62 2 52
11 1 20
39 1 100
22 1 4
20 1 19
11 1 15
1 2 25
39 1 52
48 1 33
62 2 26
1 2 14
77 2 48
76 1 42
4 2 2
1 2 27
29 2 50
10 1 1
33 1 22
32 1 1
42 1 58
47 1 39
25 2 59
21 2 4
33 1 19
51 1 8
48 2 58
20 1 22
19 1 28
19 1 2
10 2 1
4 2 1
83 1 19
3 2 31
15 2 3
13 1 19
53 1 8
16 1 3
3 1 2
19 1 18
2 2 1
32 1 3
12 2 77
10 1 3
49 1 33
53 1 9
1 2 46
3 2 14
9 2 8
51 1 59
50 1 22
22 1 2
12 2 58
2 2 28
24 2 45
1 2 20
39 1 26
48 1 47
54 1 1
54 1 8
41 2 30
16 1 23
4 2 28
51 1 9
3 1 4
3 2 4
26 2 29
59 1 30
33 2 39
30 1 22
28 1 27
46 2 42
15 1 3
1 1 2
8 2 15
54 1 42
29 2 17
48 2 26
49 2 52
49 2 48
57 1 39
46 1 24
77 1 76
42 1 84
1 1 13
26 2 12
84 1 19
16 1 20
3 1 1
39 1 48
29 2 26
28 1 1
3 2 23
23 1 22
39 1 77
26 1 19
3 2 2
53 1 39
2 2 21
23 1 19
3 2 25
19 1 4
53 1 3
24 1 16
52 6 53
46 2 39
39 1 58
17 1 16
33 2 42
12 2 62
55 1 54
41 1 22
42 1 62
83 1 22
27 1 30
8 2 1
17 2 12
30 1 19
1 2 42
2 2 32
10 2 3
13 1 22
62 1 33
1 7 3
19 1 1
8 2 10
17 2 26
42 1 26
29 1 22
3 4 1
57 1 42
39 1 50
1 2 4
2 2 3
58 2 29
53 1 10
62 1 42
11 1 10
36 2 57
22 1 1
1 2 2
52 1 19
45 2 24
15 2 1
3 1 14
19 1 3
42 1 51
1 2 13
12 1 16
3 7 1
51 1 25
2 2 18
100 1 22
42 1 53
14 1 22
3 1 13
51 1 10
52 1 22
51 2 53
39 1 12
62 1 36
16 1 1
4 2 32
62 2 49
49 1 39
4 2 3
51 1 15
3 2 13
42 1 50
27 1 41
51 1 46
3 2 46
12 2 49
41 1 19
? 1 github_java_program_data/7/355.java

11 1 3
3 4 1
17 1 11
1 2 39
45 1 11
58 1 56
42 1 52
58 1 36
28 1 3
1 5 3
53 2 51
31 1 30
12 1 11
26 1 22
16 1 10
45 1 16
22 1 32
53 1 1
1 1 3
51 1 42
11 1 23
22 1 21
14 1 19
51 1 39
42 1 29
33 2 47
31 1 41
36 1 22
22 1 28
50 1 19
32 1 31
12 2 29
19 1 32
4 2 18
15 1 1
58 1 57
22 1 1
51 1 3
11 1 1
51 1 1
39 1 51
3 5 1
39 1 17
22 1 18
1 4 3
25 2 42
24 1 11
29 1 19
22 1 3
52 1 19
4 2 21
1 1 14
36 1 19
3 2 31
3 2 20
47 1 42
1 2 31
16 1 15
25 2 39
25 1 45
19 1 21
11 1 20
22 1 4
20 1 19
11 1 15
1 2 25
48 1 33
54 1 39
1 2 27
10 1 1
33 1 22
32 1 1
19 1 28
33 1 19
51 1 8
48 2 58
20 1 22
19 1 2
10 2 1
4 2 1
53 1 8
15 2 3
13 1 19
26 2 50
16 1 3
17 2 58
19 1 18
2 2 1
32 1 3
56 1 42
46 2 39
3 7 1
58 2 50
1 2 46
3 2 14
9 2 8
22 1 2
24 2 45
39 1 26
48 1 47
54 1 1
54 1 8
41 2 30
53 1 46
51 1 9
53 1 9
15 1 3
50 1 22
30 1 22
28 1 27
3 2 4
1 1 2
57 1 39
46 1 24
1 1 13
42 1 12
3 1 1
39 1 48
29 2 26
3 2 27
57 2 56
26 1 19
3 2 2
53 1 39
2 2 21
23 1 19
3 2 25
19 1 4
24 1 16
50 6 51
10 1 3
55 1 54
41 1 22
27 1 30
8 2 1
30 1 19
8 2 15
10 2 3
13 1 22
39 1 58
1 7 3
19 1 1
8 2 10
42 1 26
29 1 22
57 1 42
39 1 50
58 2 48
1 2 4
2 2 3
53 1 10
30 2 41
11 1 10
36 2 57
1 2 23
1 2 2
39 1 53
45 2 24
15 2 1
3 1 14
19 1 3
25 1 24
1 2 13
46 1 45
51 1 25
52 6 53
14 1 22
3 1 13
51 1 10
52 1 22
51 2 53
28 1 1
16 1 1
4 2 3
51 1 15
3 2 13
27 1 41
41 1 19
? 1 github_java_program_data/7/357.java

26 2 62
11 1 3
39 2 76
49 1 42
36 2 47
36 2 42
17 2 49
17 1 11
45 1 11
76 1 46
15 1 1
42 1 52
58 1 36
28 1 3
39 1 83
53 2 51
31 1 30
77 1 39
12 1 11
26 1 22
16 1 10
45 1 16
48 2 17
22 1 32
53 1 1
1 1 3
11 1 23
22 1 21
59 2 39
14 1 19
30 2 41
51 1 39
42 1 29
33 2 47
12 2 17
31 1 41
36 1 22
22 1 28
42 1 49
42 1 17
32 1 31
12 2 29
19 1 32
1 1 4
4 2 18
39 1 62
3 2 27
1 2 23
51 1 3
53 1 25
11 1 1
58 2 12
39 1 29
51 1 1
58 1 57
3 5 1
39 1 17
1 1 14
52 6 51
1 4 3
25 2 42
24 1 11
29 1 19
22 1 3
22 1 18
36 1 19
39 1 49
3 2 20
47 1 42
62 1 39
100 2 62
46 1 45
53 1 42
1 2 31
16 1 15
25 2 39
48 1 36
1 5 3
25 1 24
19 1 21
62 2 52
11 1 20
39 1 100
22 1 4
20 1 19
11 1 15
1 2 25
39 1 52
48 1 33
62 2 26
1 2 14
77 2 48
76 1 42
4 2 2
1 2 27
29 2 50
10 1 1
33 1 22
32 1 1
42 1 58
47 1 39
25 2 59
21 2 4
33 1 19
51 1 8
48 2 58
20 1 22
19 1 28
19 1 2
10 2 1
4 2 1
83 1 19
3 2 31
15 2 3
13 1 19
53 1 8
16 1 3
3 1 2
19 1 18
2 2 1
32 1 3
12 2 77
10 1 3
49 1 33
53 1 9
1 2 46
3 2 14
9 2 8
51 1 59
50 1 22
22 1 2
12 2 58
2 2 28
24 2 45
1 2 20
39 1 26
48 1 47
54 1 1
54 1 8
41 2 30
16 1 23
4 2 28
51 1 9
3 1 4
3 2 4
26 2 29
59 1 30
33 2 39
30 1 22
28 1 27
46 2 42
15 1 3
1 1 2
8 2 15
54 1 42
29 2 17
48 2 26
49 2 52
49 2 48
57 1 39
46 1 24
77 1 76
42 1 84
1 1 13
26 2 12
84 1 19
16 1 20
3 1 1
39 1 48
29 2 26
28 1 1
3 2 23
23 1 22
39 1 77
26 1 19
3 2 2
53 1 39
2 2 21
23 1 19
3 2 25
19 1 4
53 1 3
24 1 16
52 6 53
46 2 39
39 1 58
17 1 16
33 2 42
12 2 62
55 1 54
41 1 22
42 1 62
83 1 22
27 1 30
8 2 1
17 2 12
30 1 19
1 2 42
2 2 32
10 2 3
13 1 22
62 1 33
1 7 3
19 1 1
8 2 10
17 2 26
42 1 26
29 1 22
3 4 1
57 1 42
39 1 50
1 2 4
2 2 3
58 2 29
53 1 10
62 1 42
11 1 10
36 2 57
22 1 1
1 2 2
52 1 19
45 2 24
15 2 1
3 1 14
19 1 3
42 1 51
1 2 13
12 1 16
3 7 1
51 1 25
2 2 18
100 1 22
42 1 53
14 1 22
3 1 13
51 1 10
52 1 22
51 2 53
39 1 12
62 1 36
16 1 1
4 2 32
62 2 49
49 1 39
4 2 3
51 1 15
3 2 13
42 1 50
27 1 41
51 1 46
3 2 46
12 2 49
41 1 19
? 1 github_java_program_data/7/385.java

11 1 3
3 4 1
17 1 11
1 2 39
45 1 11
58 1 56
42 1 52
58 1 36
28 1 3
1 5 3
53 2 51
31 1 30
12 1 11
26 1 22
16 1 10
45 1 16
22 1 32
53 1 1
1 1 3
51 1 42
11 1 23
22 1 21
14 1 19
51 1 39
42 1 29
33 2 47
31 1 41
36 1 22
22 1 28
50 1 19
32 1 31
12 2 29
19 1 32
4 2 18
15 1 1
58 1 57
22 1 1
51 1 3
11 1 1
51 1 1
39 1 51
3 5 1
39 1 17
22 1 18
1 4 3
25 2 42
24 1 11
29 1 19
22 1 3
52 1 19
4 2 21
1 1 14
36 1 19
3 2 31
3 2 20
47 1 42
1 2 31
16 1 15
25 2 39
25 1 45
19 1 21
11 1 20
22 1 4
20 1 19
11 1 15
1 2 25
48 1 33
54 1 39
1 2 27
10 1 1
33 1 22
32 1 1
19 1 28
33 1 19
51 1 8
48 2 58
20 1 22
19 1 2
10 2 1
4 2 1
53 1 8
15 2 3
13 1 19
26 2 50
16 1 3
17 2 58
19 1 18
2 2 1
32 1 3
56 1 42
46 2 39
3 7 1
58 2 50
1 2 46
3 2 14
9 2 8
22 1 2
24 2 45
39 1 26
48 1 47
54 1 1
54 1 8
41 2 30
53 1 46
51 1 9
53 1 9
15 1 3
50 1 22
30 1 22
28 1 27
3 2 4
1 1 2
57 1 39
46 1 24
1 1 13
42 1 12
3 1 1
39 1 48
29 2 26
3 2 27
57 2 56
26 1 19
3 2 2
53 1 39
2 2 21
23 1 19
3 2 25
19 1 4
24 1 16
50 6 51
10 1 3
55 1 54
41 1 22
27 1 30
8 2 1
30 1 19
8 2 15
10 2 3
13 1 22
39 1 58
1 7 3
19 1 1
8 2 10
42 1 26
29 1 22
57 1 42
39 1 50
58 2 48
1 2 4
2 2 3
53 1 10
30 2 41
11 1 10
36 2 57
1 2 23
1 2 2
39 1 53
45 2 24
15 2 1
3 1 14
19 1 3
25 1 24
1 2 13
46 1 45
51 1 25
52 6 53
14 1 22
3 1 13
51 1 10
52 1 22
51 2 53
28 1 1
16 1 1
4 2 3
51 1 15
3 2 13
27 1 41
41 1 19
? 1 github_java_program_data/7/387.java

11 1 3
43 2 50
36 2 47
3 4 1
67 1 48
17 1 11
4 2 18
45 1 11
53 1 15
58 1 56
15 2 1
58 1 36
28 1 3
1 5 3
58 1 67
31 1 30
12 1 11
28 1 1
1 2 14
26 1 22
39 1 43
11 2 16
4 2 28
16 1 10
45 1 16
22 1 32
53 1 1
1 1 3
51 1 42
1 2 2
23 2 33
22 1 21
35 2 39
14 1 19
2 2 21
51 1 39
42 1 29
30 1 19
1 2 39
12 2 17
31 1 41
36 1 22
22 1 28
4 2 2
37 1 19
43 2 12
42 1 17
32 1 31
12 2 29
42 1 43
19 1 32
1 1 4
42 1 12
15 1 1
35 1 33
29 2 48
53 1 46
38 1 20
51 1 3
3 2 27
11 1 1
39 1 29
1 2 27
58 1 57
3 5 1
42 1 58
39 1 17
22 1 18
1 4 3
25 2 42
24 1 11
26 2 40
29 1 19
22 1 3
39 1 53
4 2 21
1 1 14
36 1 19
3 2 31
3 2 20
47 1 42
47 2 56
20 1 16
1 2 23
36 2 37
53 1 42
26 2 43
1 2 31
16 1 15
25 2 39
25 1 45
8 2 10
43 1 42
19 1 21
53 2 51
11 1 20
22 1 4
37 1 22
20 1 19
11 1 15
1 2 25
48 1 33
12 1 16
54 1 39
42 1 40
38 1 33
51 1 1
10 1 1
33 1 22
3 2 25
32 1 1
33 1 19
47 1 39
3 7 1
58 1 33
19 1 28
51 1 8
20 1 22
40 2 50
51 1 9
10 2 1
4 2 1
15 2 3
53 1 8
16 1 3
34 1 22
3 1 2
19 1 18
2 2 1
32 1 3
56 1 42
10 1 3
38 1 23
53 1 9
1 2 46
3 2 14
19 1 2
9 2 8
20 2 36
2 2 28
24 2 45
1 2 20
35 1 23
39 1 26
48 1 47
54 1 1
54 1 8
41 2 30
48 1 57
35 1 20
23 2 36
33 2 47
13 1 19
3 1 4
3 2 4
26 2 29
50 1 22
30 1 22
16 1 23
46 2 42
15 1 3
1 1 2
36 2 34
47 2 67
29 2 58
43 1 38
39 1 51
35 1 34
16 2 11
57 1 39
38 2 42
30 2 41
33 2 57
46 1 24
4 2 32
1 1 13
17 2 43
16 1 20
26 2 48
29 2 40
3 1 1
39 1 48
29 2 26
38 1 37
3 2 23
23 1 22
26 1 19
3 2 2
23 1 16
23 1 11
16 1 1
23 1 19
40 1 35
33 2 37
19 1 4
24 1 16
50 6 51
17 1 16
55 1 5
50 6 53
55 1 54
41 1 22
43 2 29
27 1 30
8 2 1
35 1 36
22 1 2
8 2 15
10 2 3
17 2 40
13 1 22
39 1 58
1 7 3
19 1 1
29 2 17
17 2 26
42 1 26
29 1 22
40 2 26
57 1 42
39 1 50
1 2 4
58 1 47
2 2 3
40 1 39
11 1 10
36 2 57
22 1 1
52 1 19
45 2 24
48 1 36
3 1 14
19 1 3
25 1 24
33 2 34
1 2 13
46 1 45
48 2 12
42 1 52
51 1 25
2 2 18
28 1 27
12 2 26
14 1 22
3 1 13
5 1 3
51 1 10
5 2 54
51 2 53
2 2 4
39 1 12
38 1 36
20 2 33
4 2 3
40 2 29
42 1 48
3 2 13
34 1 19
42 1 50
27 1 41
41 1 19
? 1 github_java_program_data/7/39.java

26 2 62
11 1 3
39 2 76
49 1 42
36 2 47
36 2 42
17 2 49
17 1 11
45 1 11
76 1 46
15 1 1
42 1 52
58 1 36
28 1 3
39 1 83
53 2 51
31 1 30
77 1 39
12 1 11
26 1 22
16 1 10
45 1 16
48 2 17
22 1 32
53 1 1
1 1 3
11 1 23
22 1 21
59 2 39
14 1 19
30 2 41
51 1 39
42 1 29
33 2 47
12 2 17
31 1 41
36 1 22
22 1 28
42 1 49
42 1 17
32 1 31
12 2 29
19 1 32
1 1 4
4 2 18
39 1 62
3 2 27
1 2 23
51 1 3
53 1 25
11 1 1
58 2 12
39 1 29
51 1 1
58 1 57
3 5 1
39 1 17
1 1 14
52 6 51
1 4 3
25 2 42
24 1 11
29 1 19
22 1 3
22 1 18
36 1 19
39 1 49
3 2 20
47 1 42
62 1 39
100 2 62
46 1 45
53 1 42
1 2 31
16 1 15
25 2 39
48 1 36
1 5 3
25 1 24
19 1 21
62 2 52
11 1 20
39 1 100
22 1 4
20 1 19
11 1 15
1 2 25
39 1 52
48 1 33
62 2 26
1 2 14
77 2 48
76 1 42
4 2 2
1 2 27
29 2 50
10 1 1
33 1 22
32 1 1
42 1 58
47 1 39
25 2 59
21 2 4
33 1 19
51 1 8
48 2 58
20 1 22
19 1 28
19 1 2
10 2 1
4 2 1
83 1 19
3 2 31
15 2 3
13 1 19
53 1 8
16 1 3
3 1 2
19 1 18
2 2 1
32 1 3
12 2 77
10 1 3
49 1 33
53 1 9
1 2 46
3 2 14
9 2 8
51 1 59
50 1 22
22 1 2
12 2 58
2 2 28
24 2 45
1 2 20
39 1 26
48 1 47
54 1 1
54 1 8
41 2 30
16 1 23
4 2 28
51 1 9
3 1 4
3 2 4
26 2 29
59 1 30
33 2 39
30 1 22
28 1 27
46 2 42
15 1 3
1 1 2
8 2 15
54 1 42
29 2 17
48 2 26
49 2 52
49 2 48
57 1 39
46 1 24
77 1 76
42 1 84
1 1 13
26 2 12
84 1 19
16 1 20
3 1 1
39 1 48
29 2 26
28 1 1
3 2 23
23 1 22
39 1 77
26 1 19
3 2 2
53 1 39
2 2 21
23 1 19
3 2 25
19 1 4
53 1 3
24 1 16
52 6 53
46 2 39
39 1 58
17 1 16
33 2 42
12 2 62
55 1 54
41 1 22
42 1 62
83 1 22
27 1 30
8 2 1
17 2 12
30 1 19
1 2 42
2 2 32
10 2 3
13 1 22
62 1 33
1 7 3
19 1 1
8 2 10
17 2 26
42 1 26
29 1 22
3 4 1
57 1 42
39 1 50
1 2 4
2 2 3
58 2 29
53 1 10
62 1 42
11 1 10
36 2 57
22 1 1
1 2 2
52 1 19
45 2 24
15 2 1
3 1 14
19 1 3
42 1 51
1 2 13
12 1 16
3 7 1
51 1 25
2 2 18
100 1 22
42 1 53
14 1 22
3 1 13
51 1 10
52 1 22
51 2 53
39 1 12
62 1 36
16 1 1
4 2 32
62 2 49
49 1 39
4 2 3
51 1 15
3 2 13
42 1 50
27 1 41
51 1 46
3 2 46
12 2 49
41 1 19
? 1 github_java_program_data/7/415.java

11 1 3
36 2 47
3 4 1
17 1 11
45 1 11
53 1 15
15 2 1
28 1 3
1 5 3
53 2 51
31 1 30
12 1 11
42 1 22
26 1 22
16 1 10
45 1 16
22 1 32
53 1 1
1 1 3
11 1 23
22 1 21
42 1 19
14 1 19
51 1 39
42 1 29
30 1 19
31 1 41
36 1 22
22 1 28
29 2 26
42 1 17
32 1 31
12 2 29
19 1 32
1 1 4
4 2 18
15 1 1
35 1 33
23 2 33
22 1 1
51 1 3
3 2 27
11 1 1
39 1 29
1 2 27
58 1 57
3 5 1
39 1 17
22 1 18
1 4 3
39 1 40
6 1 3
29 1 19
22 1 3
51 1 8
16 1 23
4 2 21
1 1 14
3 2 20
3 1 2
46 1 45
1 2 31
16 1 15
25 2 39
25 1 45
19 1 42
25 1 24
19 1 21
24 1 11
42 1 53
22 1 4
20 1 19
11 1 15
1 2 25
1 2 14
51 1 1
10 1 1
3 2 25
32 1 1
33 1 19
47 1 39
58 1 33
19 1 28
40 2 12
20 1 22
51 1 9
10 2 1
4 2 1
53 1 8
26 2 50
3 1 4
16 1 3
22 2 19
19 1 18
2 2 1
10 1 3
3 7 1
53 1 9
1 2 46
8 2 10
19 1 2
9 2 8
22 1 2
12 2 40
24 2 45
1 2 20
35 1 23
55 1 6
39 1 26
48 1 47
54 1 1
54 1 8
41 2 30
53 1 46
19 2 22
13 1 19
34 1 22
3 2 4
26 2 29
50 1 22
30 1 22
28 1 27
15 1 3
1 1 2
54 1 42
35 1 34
16 2 11
33 2 57
46 1 24
1 1 13
16 1 20
3 1 1
6 2 54
40 1 42
39 1 12
3 2 23
23 1 22
26 1 19
3 2 2
23 1 16
53 1 39
2 2 21
35 2 42
23 1 19
40 1 35
19 1 4
24 1 16
50 6 51
46 2 39
17 1 16
55 1 54
41 1 22
27 1 30
8 2 1
15 2 3
1 2 42
8 2 15
10 2 3
17 2 29
13 1 22
39 1 58
1 7 3
19 1 1
3 2 14
42 1 26
29 1 22
57 1 42
39 1 50
26 2 17
1 2 4
2 2 3
30 2 41
11 1 10
1 2 23
1 2 2
45 2 24
48 1 36
3 1 14
19 1 3
42 1 51
33 2 34
1 2 13
11 1 20
12 1 16
51 1 25
2 2 18
14 1 22
3 1 13
51 1 10
51 2 53
28 1 1
16 1 1
4 2 3
42 1 48
3 2 13
27 1 41
41 1 19
? 1 github_java_program_data/7/418.java

26 2 62
11 1 3
39 2 76
49 1 42
36 2 47
36 2 42
17 2 49
17 1 11
45 1 11
76 1 46
15 1 1
42 1 52
58 1 36
28 1 3
39 1 83
53 2 51
31 1 30
77 1 39
12 1 11
26 1 22
16 1 10
45 1 16
48 2 17
22 1 32
53 1 1
1 1 3
11 1 23
22 1 21
59 2 39
14 1 19
30 2 41
51 1 39
42 1 29
33 2 47
12 2 17
31 1 41
36 1 22
22 1 28
42 1 49
42 1 17
32 1 31
12 2 29
19 1 32
1 1 4
4 2 18
39 1 62
3 2 27
1 2 23
51 1 3
53 1 25
11 1 1
58 2 12
39 1 29
51 1 1
58 1 57
3 5 1
39 1 17
1 1 14
52 6 51
1 4 3
25 2 42
24 1 11
29 1 19
22 1 3
22 1 18
36 1 19
39 1 49
3 2 20
47 1 42
62 1 39
100 2 62
46 1 45
53 1 42
1 2 31
16 1 15
25 2 39
48 1 36
1 5 3
25 1 24
19 1 21
62 2 52
11 1 20
39 1 100
22 1 4
20 1 19
11 1 15
1 2 25
39 1 52
48 1 33
62 2 26
1 2 14
77 2 48
76 1 42
4 2 2
1 2 27
29 2 50
10 1 1
33 1 22
32 1 1
42 1 58
47 1 39
25 2 59
21 2 4
33 1 19
51 1 8
48 2 58
20 1 22
19 1 28
19 1 2
10 2 1
4 2 1
83 1 19
3 2 31
15 2 3
13 1 19
53 1 8
16 1 3
3 1 2
19 1 18
2 2 1
32 1 3
12 2 77
10 1 3
49 1 33
53 1 9
1 2 46
3 2 14
9 2 8
51 1 59
50 1 22
22 1 2
12 2 58
2 2 28
24 2 45
1 2 20
39 1 26
48 1 47
54 1 1
54 1 8
41 2 30
16 1 23
4 2 28
51 1 9
3 1 4
3 2 4
26 2 29
59 1 30
33 2 39
30 1 22
28 1 27
46 2 42
15 1 3
1 1 2
8 2 15
54 1 42
29 2 17
48 2 26
49 2 52
49 2 48
57 1 39
46 1 24
77 1 76
42 1 84
1 1 13
26 2 12
84 1 19
16 1 20
3 1 1
39 1 48
29 2 26
28 1 1
3 2 23
23 1 22
39 1 77
26 1 19
3 2 2
53 1 39
2 2 21
23 1 19
3 2 25
19 1 4
53 1 3
24 1 16
52 6 53
46 2 39
39 1 58
17 1 16
33 2 42
12 2 62
55 1 54
41 1 22
42 1 62
83 1 22
27 1 30
8 2 1
17 2 12
30 1 19
1 2 42
2 2 32
10 2 3
13 1 22
62 1 33
1 7 3
19 1 1
8 2 10
17 2 26
42 1 26
29 1 22
3 4 1
57 1 42
39 1 50
1 2 4
2 2 3
58 2 29
53 1 10
62 1 42
11 1 10
36 2 57
22 1 1
1 2 2
52 1 19
45 2 24
15 2 1
3 1 14
19 1 3
42 1 51
1 2 13
12 1 16
3 7 1
51 1 25
2 2 18
100 1 22
42 1 53
14 1 22
3 1 13
51 1 10
52 1 22
51 2 53
39 1 12
62 1 36
16 1 1
4 2 32
62 2 49
49 1 39
4 2 3
51 1 15
3 2 13
42 1 50
27 1 41
51 1 46
3 2 46
12 2 49
41 1 19
? 1 github_java_program_data/7/445.java

39 1 44
11 1 3
1 1 4
44 2 53
3 4 1
17 1 11
45 1 11
53 1 15
15 2 1
1 1 14
31 1 30
12 1 11
48 1 47
26 1 22
16 1 10
53 1 1
11 2 16
11 1 23
54 1 8
14 1 19
32 1 3
51 1 39
42 1 29
30 1 19
31 1 41
36 1 22
22 1 28
50 1 19
42 1 49
42 1 17
32 1 31
12 2 29
49 1 36
19 1 32
49 1 42
42 1 12
39 1 62
58 1 57
1 2 23
11 1 1
51 1 1
39 1 51
3 5 1
22 1 18
1 4 3
25 2 42
29 1 19
22 1 3
4 2 21
5 1 1
36 1 19
39 1 49
3 1 2
62 1 39
53 1 42
16 1 15
25 2 39
25 1 45
19 1 21
11 1 20
22 1 4
20 1 19
11 1 15
1 2 25
39 1 52
48 1 33
9 2 3
44 1 42
1 2 14
3 2 39
54 1 39
1 2 27
10 1 1
33 1 19
47 1 39
3 7 1
33 2 57
58 1 33
20 1 22
12 2 44
10 2 1
4 2 1
3 2 31
13 1 19
53 1 8
19 1 18
2 2 1
5 2 54
52 6 53
10 1 3
55 1 5
3 2 14
19 1 2
33 2 47
49 1 39
1 2 20
39 1 26
44 1 9
49 1 33
1 2 2
44 1 46
51 1 9
49 2 62
3 2 4
26 2 29
28 1 1
30 1 22
28 1 27
46 2 42
15 1 3
1 1 2
44 1 3
51 2 12
46 1 24
1 1 13
54 1 3
16 1 20
3 1 1
29 2 26
53 1 25
3 2 23
26 1 19
3 2 2
36 2 39
23 1 19
19 1 4
24 1 16
50 6 51
8 2 3
17 1 16
33 2 42
55 1 54
41 1 22
27 1 30
22 1 2
8 2 15
10 2 3
17 2 29
13 1 22
39 1 58
1 7 3
19 1 1
42 1 26
29 1 22
57 1 42
39 1 50
1 2 4
2 2 3
11 1 8
30 2 41
11 1 10
49 2 17
62 2 58
17 2 48
39 1 53
45 2 24
3 1 14
19 1 3
25 1 24
1 2 13
4 2 3
48 2 49
51 1 25
2 2 18
14 1 22
3 1 13
51 1 10
22 1 1
1 1 3
39 1 12
62 1 36
16 1 1
42 1 48
3 2 13
9 2 10
27 1 41
3 2 46
41 1 19
? 1 github_java_program_data/7/463.java

48 2 62
11 1 3
49 1 42
36 2 47
36 2 42
17 1 11
4 2 18
45 1 11
53 1 15
15 2 1
58 1 36
28 1 3
1 5 3
53 2 51
31 1 30
12 1 11
26 1 22
16 1 20
11 2 16
16 1 10
45 1 16
5 1 1
22 1 32
53 1 1
1 1 3
51 1 42
11 1 23
22 1 21
35 2 39
40 1 35
2 2 21
51 1 39
42 1 29
30 1 19
12 2 17
31 1 41
36 1 22
22 1 28
37 1 19
42 1 49
32 1 31
12 2 29
49 1 36
19 1 32
1 1 4
42 1 12
15 1 1
35 1 33
53 1 46
38 1 20
51 1 3
11 1 1
39 1 29
1 2 27
58 1 57
3 5 1
39 1 17
1 1 14
1 4 3
25 2 42
24 1 11
29 1 19
22 1 3
9 2 8
4 2 21
22 1 18
36 1 19
39 1 49
47 1 42
62 1 39
1 2 23
46 1 45
36 2 37
26 2 43
1 2 31
16 1 15
25 2 39
48 1 36
25 1 24
19 1 21
20 2 36
25 1 45
42 1 53
22 1 4
20 1 19
11 1 15
1 2 25
48 1 33
49 2 58
1 2 14
42 1 40
51 1 1
10 1 1
33 1 22
49 2 29
32 1 1
42 1 58
47 1 39
18 2 2
3 7 1
21 2 4
58 1 33
33 1 19
51 1 8
19 1 28
19 1 2
12 2 40
4 2 1
3 2 31
13 1 19
53 1 8
16 1 3
18 2 4
3 1 2
19 1 18
2 2 1
32 1 3
38 1 37
10 1 3
49 1 33
1 2 46
3 2 14
33 2 47
22 1 2
10 2 1
2 2 28
24 2 45
1 2 20
55 1 6
39 1 26
48 1 47
1 2 2
54 1 8
41 2 30
16 1 23
33 2 42
35 1 20
4 2 28
3 2 42
51 1 9
3 1 4
3 2 4
26 2 29
28 1 1
33 2 39
30 1 22
28 1 27
15 1 3
1 1 2
54 1 42
14 1 19
43 1 38
35 1 34
16 2 11
57 1 39
38 2 42
30 2 41
33 2 57
46 1 24
62 2 58
1 1 13
54 1 3
39 1 43
3 1 1
39 1 48
29 2 26
3 2 27
3 2 23
26 1 19
3 2 2
53 1 39
16 1 1
43 1 42
23 1 19
3 2 25
19 1 4
24 1 16
46 2 39
8 2 3
17 1 16
55 1 5
50 6 53
55 1 54
41 1 22
42 1 62
43 2 29
27 1 30
17 2 12
15 2 3
8 2 15
10 2 3
17 2 29
13 1 22
62 1 33
1 7 3
19 1 1
8 2 10
42 1 26
6 2 54
29 1 22
5 2 6
3 4 1
57 1 42
39 1 50
58 2 48
1 2 4
2 2 3
6 1 1
40 1 39
11 1 10
36 2 57
22 1 1
45 2 24
26 2 48
3 1 14
19 1 3
42 1 51
33 2 34
1 2 13
12 1 16
48 2 29
51 1 25
2 2 18
14 1 22
3 1 13
51 1 10
26 2 49
51 2 53
2 2 4
39 1 12
38 1 36
20 2 33
4 2 3
42 1 48
3 2 13
9 2 10
34 1 19
27 1 41
41 1 19
? 1 github_java_program_data/7/474.java

11 1 3
3 4 1
17 1 11
1 2 39
45 1 11
58 1 56
42 1 52
58 1 36
28 1 3
1 5 3
53 2 51
31 1 30
12 1 11
26 1 22
16 1 10
45 1 16
22 1 32
53 1 1
1 1 3
51 1 42
11 1 23
22 1 21
14 1 19
51 1 39
42 1 29
33 2 47
31 1 41
36 1 22
22 1 28
50 1 19
32 1 31
12 2 29
19 1 32
4 2 18
15 1 1
58 1 57
22 1 1
51 1 3
11 1 1
51 1 1
39 1 51
3 5 1
39 1 17
22 1 18
1 4 3
25 2 42
24 1 11
29 1 19
22 1 3
52 1 19
4 2 21
1 1 14
36 1 19
3 2 31
3 2 20
47 1 42
1 2 31
16 1 15
25 2 39
25 1 45
19 1 21
11 1 20
22 1 4
20 1 19
11 1 15
1 2 25
48 1 33
54 1 39
1 2 27
10 1 1
33 1 22
32 1 1
19 1 28
33 1 19
51 1 8
48 2 58
20 1 22
19 1 2
10 2 1
4 2 1
53 1 8
15 2 3
13 1 19
26 2 50
16 1 3
17 2 58
19 1 18
2 2 1
32 1 3
56 1 42
46 2 39
3 7 1
58 2 50
1 2 46
3 2 14
9 2 8
22 1 2
24 2 45
39 1 26
48 1 47
54 1 1
54 1 8
41 2 30
53 1 46
51 1 9
53 1 9
15 1 3
50 1 22
30 1 22
28 1 27
3 2 4
1 1 2
57 1 39
46 1 24
1 1 13
42 1 12
3 1 1
39 1 48
29 2 26
3 2 27
57 2 56
26 1 19
3 2 2
53 1 39
2 2 21
23 1 19
3 2 25
19 1 4
24 1 16
50 6 51
10 1 3
55 1 54
41 1 22
27 1 30
8 2 1
30 1 19
8 2 15
10 2 3
13 1 22
39 1 58
1 7 3
19 1 1
8 2 10
42 1 26
29 1 22
57 1 42
39 1 50
58 2 48
1 2 4
2 2 3
53 1 10
30 2 41
11 1 10
36 2 57
1 2 23
1 2 2
39 1 53
45 2 24
15 2 1
3 1 14
19 1 3
25 1 24
1 2 13
46 1 45
51 1 25
52 6 53
14 1 22
3 1 13
51 1 10
52 1 22
51 2 53
28 1 1
16 1 1
4 2 3
51 1 15
3 2 13
27 1 41
41 1 19
? 1 github_java_program_data/7/477.java

11 1 3
36 2 47
3 4 1
4 2 18
45 1 11
39 1 72
58 1 56
42 1 52
58 1 36
28 1 3
1 5 3
53 2 51
31 1 30
12 1 11
28 1 1
26 1 22
16 1 10
45 1 16
22 1 32
53 1 1
1 1 3
11 1 23
22 1 21
26 2 72
14 1 19
32 1 3
51 1 39
42 1 29
30 1 19
49 2 50
12 2 17
31 1 41
36 1 22
22 1 28
37 1 19
29 2 26
50 1 19
42 1 49
42 1 17
32 1 31
42 1 43
19 1 32
42 1 12
15 1 1
35 1 33
48 1 57
38 1 20
51 1 3
11 1 1
38 2 39
39 1 29
58 1 57
3 2 23
3 5 1
39 1 17
22 1 18
1 4 3
39 1 40
6 1 3
29 1 19
22 1 3
16 1 23
4 2 21
1 1 14
36 1 19
3 2 31
47 1 42
20 1 16
1 2 23
1 2 39
36 2 37
53 1 42
53 1 15
33 1 19
1 2 31
16 1 15
25 2 39
48 1 68
19 1 21
26 2 52
24 1 11
22 1 4
20 1 19
11 1 15
20 1 11
48 1 33
1 2 14
54 1 39
27 1 41
43 1 39
68 1 42
1 2 27
10 1 1
33 1 22
3 2 25
32 1 1
42 1 58
57 2 56
19 1 28
51 1 8
39 1 85
48 2 58
20 1 22
19 1 2
10 2 1
4 2 1
15 2 3
13 1 19
53 1 8
16 1 3
34 1 22
3 1 2
19 1 18
2 2 1
39 1 53
52 6 53
10 1 3
3 7 1
53 1 9
1 2 46
8 2 10
29 2 85
9 2 8
56 1 39
20 2 36
49 1 39
24 2 45
1 2 20
55 1 6
2 2 21
39 1 26
48 1 47
54 1 1
54 1 8
41 2 30
53 1 46
35 1 20
33 2 47
51 1 9
41 1 22
3 2 4
26 2 29
50 1 22
30 1 22
28 1 27
46 2 42
15 1 3
43 1 38
39 1 51
35 1 34
57 1 39
33 2 57
46 1 24
4 2 32
1 1 13
3 1 1
39 1 48
40 1 42
3 2 27
42 1 85
23 1 22
26 1 19
3 2 2
36 2 39
16 1 1
35 2 42
23 1 19
40 1 35
19 1 4
53 1 3
24 1 16
50 6 51
17 1 16
50 6 53
55 1 54
3 1 4
47 2 68
27 1 30
8 2 1
17 2 12
22 1 2
8 2 15
10 2 3
17 2 29
13 1 22
39 1 58
1 7 3
19 1 1
29 2 72
3 2 14
42 1 26
6 2 54
29 1 22
12 2 48
39 1 50
58 2 48
42 1 72
1 2 4
58 1 47
2 2 3
53 1 10
30 2 41
11 1 10
36 2 57
22 1 1
1 2 2
52 1 19
45 2 24
15 2 1
3 1 14
19 1 3
25 1 24
33 2 34
1 2 13
11 1 20
39 1 12
46 1 45
48 2 12
51 1 25
2 2 18
14 1 22
3 1 13
51 1 10
52 1 22
51 2 53
38 1 37
38 1 36
20 2 33
4 2 3
51 1 15
42 1 48
3 2 13
42 1 50
49 1 36
3 2 46
12 2 49
41 1 19
? 1 github_java_program_data/7/503.java

11 1 3
3 4 1
17 1 11
1 2 39
45 1 11
58 1 56
42 1 52
58 1 36
28 1 3
1 5 3
53 2 51
31 1 30
12 1 11
26 1 22
16 1 10
45 1 16
22 1 32
53 1 1
1 1 3
51 1 42
11 1 23
22 1 21
14 1 19
51 1 39
42 1 29
33 2 47
31 1 41
36 1 22
22 1 28
50 1 19
32 1 31
12 2 29
19 1 32
4 2 18
15 1 1
58 1 57
22 1 1
51 1 3
11 1 1
51 1 1
39 1 51
3 5 1
39 1 17
22 1 18
1 4 3
25 2 42
24 1 11
29 1 19
22 1 3
52 1 19
4 2 21
1 1 14
36 1 19
3 2 31
3 2 20
47 1 42
1 2 31
16 1 15
25 2 39
25 1 45
19 1 21
11 1 20
22 1 4
20 1 19
11 1 15
1 2 25
48 1 33
54 1 39
1 2 27
10 1 1
33 1 22
32 1 1
19 1 28
33 1 19
51 1 8
48 2 58
20 1 22
19 1 2
10 2 1
4 2 1
53 1 8
15 2 3
13 1 19
26 2 50
16 1 3
17 2 58
19 1 18
2 2 1
32 1 3
56 1 42
46 2 39
3 7 1
58 2 50
1 2 46
3 2 14
9 2 8
22 1 2
24 2 45
39 1 26
48 1 47
54 1 1
54 1 8
41 2 30
53 1 46
51 1 9
53 1 9
15 1 3
50 1 22
30 1 22
28 1 27
3 2 4
1 1 2
57 1 39
46 1 24
1 1 13
42 1 12
3 1 1
39 1 48
29 2 26
3 2 27
57 2 56
26 1 19
3 2 2
53 1 39
2 2 21
23 1 19
3 2 25
19 1 4
24 1 16
50 6 51
10 1 3
55 1 54
41 1 22
27 1 30
8 2 1
30 1 19
8 2 15
10 2 3
13 1 22
39 1 58
1 7 3
19 1 1
8 2 10
42 1 26
29 1 22
57 1 42
39 1 50
58 2 48
1 2 4
2 2 3
53 1 10
30 2 41
11 1 10
36 2 57
1 2 23
1 2 2
39 1 53
45 2 24
15 2 1
3 1 14
19 1 3
25 1 24
1 2 13
46 1 45
51 1 25
52 6 53
14 1 22
3 1 13
51 1 10
52 1 22
51 2 53
28 1 1
16 1 1
4 2 3
51 1 15
3 2 13
27 1 41
41 1 19
? 1 github_java_program_data/7/507.java

11 1 3
36 2 47
36 2 42
17 1 11
45 1 11
53 1 15
15 2 1
19 1 28
28 1 3
1 5 3
53 2 51
31 1 30
12 1 11
26 1 22
16 1 10
45 1 16
5 1 1
9 2 15
22 1 32
11 2 16
51 1 42
50 6 51
22 1 21
14 1 19
62 1 42
42 1 29
30 1 19
31 1 41
36 1 22
22 1 28
42 1 49
42 1 17
32 1 31
49 1 36
49 1 42
15 1 1
58 1 57
53 1 46
22 1 1
11 1 1
39 1 29
51 1 1
39 1 51
3 5 1
39 1 17
1 1 14
1 4 3
25 2 42
24 1 11
29 1 19
22 1 3
4 2 21
33 2 57
36 1 19
39 1 49
3 2 20
3 1 2
1 2 23
1 2 31
16 1 15
25 1 45
19 1 21
11 1 20
22 1 4
20 1 19
11 1 15
1 2 25
48 1 33
1 2 14
3 2 39
54 1 39
4 2 2
1 2 27
10 1 1
33 1 22
32 1 1
42 1 58
47 1 39
3 7 1
51 1 8
33 1 19
58 1 33
48 2 58
20 1 22
19 1 2
10 2 1
4 2 1
15 2 3
16 1 3
18 2 4
19 1 18
2 2 1
5 2 54
10 1 3
55 1 5
53 1 9
3 2 14
33 2 47
49 1 39
1 2 20
39 1 26
48 1 47
1 2 2
54 1 8
16 1 23
22 1 18
13 1 19
49 2 62
3 2 4
26 2 29
28 1 1
33 2 39
30 1 22
28 1 27
15 1 3
1 1 2
49 2 48
57 1 39
46 1 24
1 1 13
54 1 3
3 1 1
39 1 48
29 2 26
3 2 27
3 2 23
23 1 22
48 2 26
26 1 19
3 2 2
53 1 39
23 1 19
19 1 4
53 1 3
24 1 16
46 2 39
8 2 3
17 1 16
49 1 33
55 1 54
41 1 22
42 1 62
27 1 30
17 2 12
22 1 2
8 2 15
10 2 3
17 2 29
13 1 22
39 1 58
1 7 3
19 1 1
11 1 9
42 1 26
29 1 22
3 4 1
57 1 42
39 1 50
1 2 4
2 2 3
30 2 41
11 1 10
62 2 58
39 1 53
45 2 24
48 1 36
3 1 14
19 1 3
25 1 24
1 2 13
46 1 45
51 1 25
2 2 18
14 1 22
3 1 13
12 2 51
51 2 53
2 2 4
1 1 3
39 1 12
62 1 36
16 1 1
4 2 3
51 1 15
42 1 48
3 2 13
9 2 10
27 1 41
3 2 46
12 2 49
41 1 19
? 1 github_java_program_data/7/511.java

26 2 62
11 1 3
39 2 76
49 1 42
36 2 47
36 2 42
17 2 49
17 1 11
45 1 11
76 1 46
15 1 1
42 1 52
58 1 36
28 1 3
39 1 83
53 2 51
31 1 30
77 1 39
12 1 11
26 1 22
16 1 10
45 1 16
48 2 17
22 1 32
53 1 1
1 1 3
11 1 23
22 1 21
59 2 39
14 1 19
30 2 41
51 1 39
42 1 29
33 2 47
12 2 17
31 1 41
36 1 22
22 1 28
42 1 49
42 1 17
32 1 31
12 2 29
19 1 32
1 1 4
4 2 18
39 1 62
3 2 27
1 2 23
51 1 3
53 1 25
11 1 1
58 2 12
39 1 29
51 1 1
58 1 57
3 5 1
39 1 17
1 1 14
52 6 51
1 4 3
25 2 42
24 1 11
29 1 19
22 1 3
22 1 18
36 1 19
39 1 49
3 2 20
47 1 42
62 1 39
100 2 62
46 1 45
53 1 42
1 2 31
16 1 15
25 2 39
48 1 36
1 5 3
25 1 24
19 1 21
62 2 52
11 1 20
39 1 100
22 1 4
20 1 19
11 1 15
1 2 25
39 1 52
48 1 33
62 2 26
1 2 14
77 2 48
76 1 42
4 2 2
1 2 27
29 2 50
10 1 1
33 1 22
32 1 1
42 1 58
47 1 39
25 2 59
21 2 4
33 1 19
51 1 8
48 2 58
20 1 22
19 1 28
19 1 2
10 2 1
4 2 1
83 1 19
3 2 31
15 2 3
13 1 19
53 1 8
16 1 3
3 1 2
19 1 18
2 2 1
32 1 3
12 2 77
10 1 3
49 1 33
53 1 9
1 2 46
3 2 14
9 2 8
51 1 59
50 1 22
22 1 2
12 2 58
2 2 28
24 2 45
1 2 20
39 1 26
48 1 47
54 1 1
54 1 8
41 2 30
16 1 23
4 2 28
51 1 9
3 1 4
3 2 4
26 2 29
59 1 30
33 2 39
30 1 22
28 1 27
46 2 42
15 1 3
1 1 2
8 2 15
54 1 42
29 2 17
48 2 26
49 2 52
49 2 48
57 1 39
46 1 24
77 1 76
42 1 84
1 1 13
26 2 12
84 1 19
16 1 20
3 1 1
39 1 48
29 2 26
28 1 1
3 2 23
23 1 22
39 1 77
26 1 19
3 2 2
53 1 39
2 2 21
23 1 19
3 2 25
19 1 4
53 1 3
24 1 16
52 6 53
46 2 39
39 1 58
17 1 16
33 2 42
12 2 62
55 1 54
41 1 22
42 1 62
83 1 22
27 1 30
8 2 1
17 2 12
30 1 19
1 2 42
2 2 32
10 2 3
13 1 22
62 1 33
1 7 3
19 1 1
8 2 10
17 2 26
42 1 26
29 1 22
3 4 1
57 1 42
39 1 50
1 2 4
2 2 3
58 2 29
53 1 10
62 1 42
11 1 10
36 2 57
22 1 1
1 2 2
52 1 19
45 2 24
15 2 1
3 1 14
19 1 3
42 1 51
1 2 13
12 1 16
3 7 1
51 1 25
2 2 18
100 1 22
42 1 53
14 1 22
3 1 13
51 1 10
52 1 22
51 2 53
39 1 12
62 1 36
16 1 1
4 2 32
62 2 49
49 1 39
4 2 3
51 1 15
3 2 13
42 1 50
27 1 41
51 1 46
3 2 46
12 2 49
41 1 19
? 1 github_java_program_data/7/535.java

11 1 3
3 4 1
17 1 11
1 2 39
45 1 11
58 1 56
42 1 52
58 1 36
28 1 3
1 5 3
53 2 51
31 1 30
12 1 11
26 1 22
16 1 10
45 1 16
22 1 32
53 1 1
1 1 3
51 1 42
11 1 23
22 1 21
14 1 19
51 1 39
42 1 29
33 2 47
31 1 41
36 1 22
22 1 28
50 1 19
32 1 31
12 2 29
19 1 32
4 2 18
15 1 1
58 1 57
22 1 1
51 1 3
11 1 1
51 1 1
39 1 51
3 5 1
39 1 17
22 1 18
1 4 3
25 2 42
24 1 11
29 1 19
22 1 3
52 1 19
4 2 21
1 1 14
36 1 19
3 2 31
3 2 20
47 1 42
1 2 31
16 1 15
25 2 39
25 1 45
19 1 21
11 1 20
22 1 4
20 1 19
11 1 15
1 2 25
48 1 33
54 1 39
1 2 27
10 1 1
33 1 22
32 1 1
19 1 28
33 1 19
51 1 8
48 2 58
20 1 22
19 1 2
10 2 1
4 2 1
53 1 8
15 2 3
13 1 19
26 2 50
16 1 3
17 2 58
19 1 18
2 2 1
32 1 3
56 1 42
46 2 39
3 7 1
58 2 50
1 2 46
3 2 14
9 2 8
22 1 2
24 2 45
39 1 26
48 1 47
54 1 1
54 1 8
41 2 30
53 1 46
51 1 9
53 1 9
15 1 3
50 1 22
30 1 22
28 1 27
3 2 4
1 1 2
57 1 39
46 1 24
1 1 13
42 1 12
3 1 1
39 1 48
29 2 26
3 2 27
57 2 56
26 1 19
3 2 2
53 1 39
2 2 21
23 1 19
3 2 25
19 1 4
24 1 16
50 6 51
10 1 3
55 1 54
41 1 22
27 1 30
8 2 1
30 1 19
8 2 15
10 2 3
13 1 22
39 1 58
1 7 3
19 1 1
8 2 10
42 1 26
29 1 22
57 1 42
39 1 50
58 2 48
1 2 4
2 2 3
53 1 10
30 2 41
11 1 10
36 2 57
1 2 23
1 2 2
39 1 53
45 2 24
15 2 1
3 1 14
19 1 3
25 1 24
1 2 13
46 1 45
51 1 25
52 6 53
14 1 22
3 1 13
51 1 10
52 1 22
51 2 53
28 1 1
16 1 1
4 2 3
51 1 15
3 2 13
27 1 41
41 1 19
? 1 github_java_program_data/7/537.java

26 2 62
11 1 3
39 2 76
49 1 42
36 2 47
36 2 42
17 2 49
17 1 11
45 1 11
76 1 46
15 1 1
42 1 52
58 1 36
28 1 3
39 1 83
53 2 51
31 1 30
77 1 39
12 1 11
26 1 22
16 1 10
45 1 16
48 2 17
22 1 32
53 1 1
1 1 3
11 1 23
22 1 21
59 2 39
14 1 19
30 2 41
51 1 39
42 1 29
33 2 47
12 2 17
31 1 41
36 1 22
22 1 28
42 1 49
42 1 17
32 1 31
12 2 29
19 1 32
1 1 4
4 2 18
39 1 62
3 2 27
1 2 23
51 1 3
53 1 25
11 1 1
58 2 12
39 1 29
51 1 1
58 1 57
3 5 1
39 1 17
1 1 14
52 6 51
1 4 3
25 2 42
24 1 11
29 1 19
22 1 3
22 1 18
36 1 19
39 1 49
3 2 20
47 1 42
62 1 39
100 2 62
46 1 45
53 1 42
1 2 31
16 1 15
25 2 39
48 1 36
1 5 3
25 1 24
19 1 21
62 2 52
11 1 20
39 1 100
22 1 4
20 1 19
11 1 15
1 2 25
39 1 52
48 1 33
62 2 26
1 2 14
77 2 48
76 1 42
4 2 2
1 2 27
29 2 50
10 1 1
33 1 22
32 1 1
42 1 58
47 1 39
25 2 59
21 2 4
33 1 19
51 1 8
48 2 58
20 1 22
19 1 28
19 1 2
10 2 1
4 2 1
83 1 19
3 2 31
15 2 3
13 1 19
53 1 8
16 1 3
3 1 2
19 1 18
2 2 1
32 1 3
12 2 77
10 1 3
49 1 33
53 1 9
1 2 46
3 2 14
9 2 8
51 1 59
50 1 22
22 1 2
12 2 58
2 2 28
24 2 45
1 2 20
39 1 26
48 1 47
54 1 1
54 1 8
41 2 30
16 1 23
4 2 28
51 1 9
3 1 4
3 2 4
26 2 29
59 1 30
33 2 39
30 1 22
28 1 27
46 2 42
15 1 3
1 1 2
8 2 15
54 1 42
29 2 17
48 2 26
49 2 52
49 2 48
57 1 39
46 1 24
77 1 76
42 1 84
1 1 13
26 2 12
84 1 19
16 1 20
3 1 1
39 1 48
29 2 26
28 1 1
3 2 23
23 1 22
39 1 77
26 1 19
3 2 2
53 1 39
2 2 21
23 1 19
3 2 25
19 1 4
53 1 3
24 1 16
52 6 53
46 2 39
39 1 58
17 1 16
33 2 42
12 2 62
55 1 54
41 1 22
42 1 62
83 1 22
27 1 30
8 2 1
17 2 12
30 1 19
1 2 42
2 2 32
10 2 3
13 1 22
62 1 33
1 7 3
19 1 1
8 2 10
17 2 26
42 1 26
29 1 22
3 4 1
57 1 42
39 1 50
1 2 4
2 2 3
58 2 29
53 1 10
62 1 42
11 1 10
36 2 57
22 1 1
1 2 2
52 1 19
45 2 24
15 2 1
3 1 14
19 1 3
42 1 51
1 2 13
12 1 16
3 7 1
51 1 25
2 2 18
100 1 22
42 1 53
14 1 22
3 1 13
51 1 10
52 1 22
51 2 53
39 1 12
62 1 36
16 1 1
4 2 32
62 2 49
49 1 39
4 2 3
51 1 15
3 2 13
42 1 50
27 1 41
51 1 46
3 2 46
12 2 49
41 1 19
? 1 github_java_program_data/7/55.java

26 2 62
11 1 3
39 2 76
49 1 42
36 2 47
36 2 42
17 2 49
17 1 11
45 1 11
76 1 46
15 1 1
42 1 52
58 1 36
28 1 3
39 1 83
53 2 51
31 1 30
77 1 39
12 1 11
26 1 22
16 1 10
45 1 16
48 2 17
22 1 32
53 1 1
1 1 3
11 1 23
22 1 21
59 2 39
14 1 19
30 2 41
51 1 39
42 1 29
33 2 47
12 2 17
31 1 41
36 1 22
22 1 28
42 1 49
42 1 17
32 1 31
12 2 29
19 1 32
1 1 4
4 2 18
39 1 62
3 2 27
1 2 23
51 1 3
53 1 25
11 1 1
58 2 12
39 1 29
51 1 1
58 1 57
3 5 1
39 1 17
1 1 14
52 6 51
1 4 3
25 2 42
24 1 11
29 1 19
22 1 3
22 1 18
36 1 19
39 1 49
3 2 20
47 1 42
62 1 39
100 2 62
46 1 45
53 1 42
1 2 31
16 1 15
25 2 39
48 1 36
1 5 3
25 1 24
19 1 21
62 2 52
11 1 20
39 1 100
22 1 4
20 1 19
11 1 15
1 2 25
39 1 52
48 1 33
62 2 26
1 2 14
77 2 48
76 1 42
4 2 2
1 2 27
29 2 50
10 1 1
33 1 22
32 1 1
42 1 58
47 1 39
25 2 59
21 2 4
33 1 19
51 1 8
48 2 58
20 1 22
19 1 28
19 1 2
10 2 1
4 2 1
83 1 19
3 2 31
15 2 3
13 1 19
53 1 8
16 1 3
3 1 2
19 1 18
2 2 1
32 1 3
12 2 77
10 1 3
49 1 33
53 1 9
1 2 46
3 2 14
9 2 8
51 1 59
50 1 22
22 1 2
12 2 58
2 2 28
24 2 45
1 2 20
39 1 26
48 1 47
54 1 1
54 1 8
41 2 30
16 1 23
4 2 28
51 1 9
3 1 4
3 2 4
26 2 29
59 1 30
33 2 39
30 1 22
28 1 27
46 2 42
15 1 3
1 1 2
8 2 15
54 1 42
29 2 17
48 2 26
49 2 52
49 2 48
57 1 39
46 1 24
77 1 76
42 1 84
1 1 13
26 2 12
84 1 19
16 1 20
3 1 1
39 1 48
29 2 26
28 1 1
3 2 23
23 1 22
39 1 77
26 1 19
3 2 2
53 1 39
2 2 21
23 1 19
3 2 25
19 1 4
53 1 3
24 1 16
52 6 53
46 2 39
39 1 58
17 1 16
33 2 42
12 2 62
55 1 54
41 1 22
42 1 62
83 1 22
27 1 30
8 2 1
17 2 12
30 1 19
1 2 42
2 2 32
10 2 3
13 1 22
62 1 33
1 7 3
19 1 1
8 2 10
17 2 26
42 1 26
29 1 22
3 4 1
57 1 42
39 1 50
1 2 4
2 2 3
58 2 29
53 1 10
62 1 42
11 1 10
36 2 57
22 1 1
1 2 2
52 1 19
45 2 24
15 2 1
3 1 14
19 1 3
42 1 51
1 2 13
12 1 16
3 7 1
51 1 25
2 2 18
100 1 22
42 1 53
14 1 22
3 1 13
51 1 10
52 1 22
51 2 53
39 1 12
62 1 36
16 1 1
4 2 32
62 2 49
49 1 39
4 2 3
51 1 15
3 2 13
42 1 50
27 1 41
51 1 46
3 2 46
12 2 49
41 1 19
? 1 github_java_program_data/7/565.java

11 1 3
3 4 1
17 1 11
1 2 39
45 1 11
58 1 56
42 1 52
58 1 36
28 1 3
1 5 3
53 2 51
31 1 30
12 1 11
26 1 22
16 1 10
45 1 16
22 1 32
53 1 1
1 1 3
51 1 42
11 1 23
22 1 21
14 1 19
51 1 39
42 1 29
33 2 47
31 1 41
36 1 22
22 1 28
50 1 19
32 1 31
12 2 29
19 1 32
4 2 18
15 1 1
58 1 57
22 1 1
51 1 3
11 1 1
51 1 1
39 1 51
3 5 1
39 1 17
22 1 18
1 4 3
25 2 42
24 1 11
29 1 19
22 1 3
52 1 19
4 2 21
1 1 14
36 1 19
3 2 31
3 2 20
47 1 42
1 2 31
16 1 15
25 2 39
25 1 45
19 1 21
11 1 20
22 1 4
20 1 19
11 1 15
1 2 25
48 1 33
54 1 39
1 2 27
10 1 1
33 1 22
32 1 1
19 1 28
33 1 19
51 1 8
48 2 58
20 1 22
19 1 2
10 2 1
4 2 1
53 1 8
15 2 3
13 1 19
26 2 50
16 1 3
17 2 58
19 1 18
2 2 1
32 1 3
56 1 42
46 2 39
3 7 1
58 2 50
1 2 46
3 2 14
9 2 8
22 1 2
24 2 45
39 1 26
48 1 47
54 1 1
54 1 8
41 2 30
53 1 46
51 1 9
53 1 9
15 1 3
50 1 22
30 1 22
28 1 27
3 2 4
1 1 2
57 1 39
46 1 24
1 1 13
42 1 12
3 1 1
39 1 48
29 2 26
3 2 27
57 2 56
26 1 19
3 2 2
53 1 39
2 2 21
23 1 19
3 2 25
19 1 4
24 1 16
50 6 51
10 1 3
55 1 54
41 1 22
27 1 30
8 2 1
30 1 19
8 2 15
10 2 3
13 1 22
39 1 58
1 7 3
19 1 1
8 2 10
42 1 26
29 1 22
57 1 42
39 1 50
58 2 48
1 2 4
2 2 3
53 1 10
30 2 41
11 1 10
36 2 57
1 2 23
1 2 2
39 1 53
45 2 24
15 2 1
3 1 14
19 1 3
25 1 24
1 2 13
46 1 45
51 1 25
52 6 53
14 1 22
3 1 13
51 1 10
52 1 22
51 2 53
28 1 1
16 1 1
4 2 3
51 1 15
3 2 13
27 1 41
41 1 19
? 1 github_java_program_data/7/57.java

26 2 62
11 1 3
39 2 76
49 1 42
36 2 47
36 2 42
17 2 49
17 1 11
45 1 11
76 1 46
15 1 1
42 1 52
58 1 36
28 1 3
39 1 83
53 2 51
31 1 30
77 1 39
12 1 11
26 1 22
16 1 10
45 1 16
48 2 17
22 1 32
53 1 1
1 1 3
11 1 23
22 1 21
59 2 39
14 1 19
30 2 41
51 1 39
42 1 29
33 2 47
12 2 17
31 1 41
36 1 22
22 1 28
42 1 49
42 1 17
32 1 31
12 2 29
19 1 32
1 1 4
4 2 18
39 1 62
3 2 27
1 2 23
51 1 3
53 1 25
11 1 1
58 2 12
39 1 29
51 1 1
58 1 57
3 5 1
39 1 17
1 1 14
52 6 51
1 4 3
25 2 42
24 1 11
29 1 19
22 1 3
22 1 18
36 1 19
39 1 49
3 2 20
47 1 42
62 1 39
100 2 62
46 1 45
53 1 42
1 2 31
16 1 15
25 2 39
48 1 36
1 5 3
25 1 24
19 1 21
62 2 52
11 1 20
39 1 100
22 1 4
20 1 19
11 1 15
1 2 25
39 1 52
48 1 33
62 2 26
1 2 14
77 2 48
76 1 42
4 2 2
1 2 27
29 2 50
10 1 1
33 1 22
32 1 1
42 1 58
47 1 39
25 2 59
21 2 4
33 1 19
51 1 8
48 2 58
20 1 22
19 1 28
19 1 2
10 2 1
4 2 1
83 1 19
3 2 31
15 2 3
13 1 19
53 1 8
16 1 3
3 1 2
19 1 18
2 2 1
32 1 3
12 2 77
10 1 3
49 1 33
53 1 9
1 2 46
3 2 14
9 2 8
51 1 59
50 1 22
22 1 2
12 2 58
2 2 28
24 2 45
1 2 20
39 1 26
48 1 47
54 1 1
54 1 8
41 2 30
16 1 23
4 2 28
51 1 9
3 1 4
3 2 4
26 2 29
59 1 30
33 2 39
30 1 22
28 1 27
46 2 42
15 1 3
1 1 2
8 2 15
54 1 42
29 2 17
48 2 26
49 2 52
49 2 48
57 1 39
46 1 24
77 1 76
42 1 84
1 1 13
26 2 12
84 1 19
16 1 20
3 1 1
39 1 48
29 2 26
28 1 1
3 2 23
23 1 22
39 1 77
26 1 19
3 2 2
53 1 39
2 2 21
23 1 19
3 2 25
19 1 4
53 1 3
24 1 16
52 6 53
46 2 39
39 1 58
17 1 16
33 2 42
12 2 62
55 1 54
41 1 22
42 1 62
83 1 22
27 1 30
8 2 1
17 2 12
30 1 19
1 2 42
2 2 32
10 2 3
13 1 22
62 1 33
1 7 3
19 1 1
8 2 10
17 2 26
42 1 26
29 1 22
3 4 1
57 1 42
39 1 50
1 2 4
2 2 3
58 2 29
53 1 10
62 1 42
11 1 10
36 2 57
22 1 1
1 2 2
52 1 19
45 2 24
15 2 1
3 1 14
19 1 3
42 1 51
1 2 13
12 1 16
3 7 1
51 1 25
2 2 18
100 1 22
42 1 53
14 1 22
3 1 13
51 1 10
52 1 22
51 2 53
39 1 12
62 1 36
16 1 1
4 2 32
62 2 49
49 1 39
4 2 3
51 1 15
3 2 13
42 1 50
27 1 41
51 1 46
3 2 46
12 2 49
41 1 19
? 1 github_java_program_data/7/595.java

11 1 3
49 1 42
36 2 47
36 2 42
17 1 11
15 1 1
15 2 1
58 1 36
28 1 3
1 5 3
31 1 30
12 1 11
96 2 58
26 1 22
16 1 10
45 1 16
22 1 32
53 1 1
11 2 16
11 1 23
22 1 21
14 1 19
62 1 42
51 1 39
42 1 62
30 1 19
12 2 17
31 1 41
36 1 22
22 1 28
42 1 49
42 1 17
62 1 36
39 1 96
19 1 32
1 1 4
42 1 12
39 1 62
58 1 57
15 1 3
51 1 3
11 1 1
39 1 29
39 1 51
3 5 1
39 1 17
1 1 14
1 4 3
62 2 58
24 1 11
29 1 19
22 1 3
4 2 21
5 1 1
36 1 19
39 1 49
3 2 20
47 1 42
62 1 39
53 1 42
33 1 19
1 2 31
16 1 15
25 2 39
25 1 45
96 1 42
11 1 20
22 1 4
20 1 19
12 1 16
11 1 15
48 1 33
1 2 14
3 2 39
54 1 39
4 2 2
1 2 27
10 1 1
33 1 22
32 1 1
42 1 58
47 1 39
3 7 1
58 1 33
19 1 28
51 1 8
48 2 58
20 1 22
51 1 9
10 2 1
4 2 1
3 2 31
15 2 3
53 1 8
16 1 3
19 1 18
2 2 1
32 1 3
10 1 3
55 1 5
53 1 9
1 2 46
3 2 14
19 1 2
9 2 8
22 1 2
49 1 39
24 2 45
1 2 20
17 2 96
39 1 26
48 1 47
112 1 36
1 2 2
54 1 8
41 2 30
53 1 46
112 2 48
33 2 42
42 1 112
13 1 19
49 2 62
1 1 3
26 2 29
33 2 39
30 1 22
28 1 27
46 2 42
62 2 48
3 2 4
1 1 2
39 2 36
16 2 11
57 1 39
33 2 57
46 1 24
1 1 13
54 1 3
16 1 20
3 1 1
39 1 48
29 2 26
3 2 27
3 2 23
23 1 22
17 2 112
26 1 19
3 2 2
36 2 39
23 1 19
3 2 25
19 1 4
8 2 3
17 1 16
49 1 33
55 1 54
41 1 22
42 1 29
27 1 30
33 2 47
10 2 3
13 1 22
39 1 58
1 7 3
19 1 1
8 2 10
42 1 26
29 1 22
3 4 1
57 1 42
58 2 48
1 2 4
112 1 39
2 2 3
53 1 10
30 2 41
11 1 10
36 2 57
1 2 23
39 1 53
45 2 24
48 1 36
3 1 14
19 1 3
25 1 24
42 2 36
1 2 13
39 1 12
46 1 45
51 1 25
2 2 18
96 1 36
14 1 22
3 1 13
51 1 10
22 1 1
5 2 54
51 2 53
2 2 4
28 1 1
32 1 31
16 1 1
4 2 3
42 1 48
3 2 13
27 1 41
41 1 19
? 1 github_java_program_data/7/60.java

21 2 2
11 1 3
1 1 13
36 2 42
17 1 11
4 2 18
45 1 11
53 1 15
15 2 1
19 1 28
28 1 3
1 5 3
53 2 51
31 1 30
12 1 11
16 1 10
45 1 16
9 2 15
22 1 32
53 1 1
1 1 3
51 1 42
11 1 23
22 1 21
1 2 66
14 1 19
30 2 41
42 1 29
30 1 19
12 2 17
31 1 41
36 1 22
22 1 28
29 2 26
42 1 49
42 1 17
32 1 31
49 1 36
19 1 32
1 1 4
42 1 12
15 1 1
22 1 1
3 2 27
11 1 1
39 1 29
51 1 1
58 1 57
3 2 23
3 5 1
39 1 17
1 1 14
1 4 3
39 1 40
6 1 3
29 1 19
22 1 3
16 1 23
4 2 21
22 1 18
36 1 19
39 1 49
3 2 20
3 1 2
46 1 45
3 2 2
16 1 15
25 1 45
25 1 24
19 1 21
25 2 42
24 1 11
42 1 53
22 1 4
20 1 19
11 1 15
1 2 25
39 1 52
48 1 33
1 2 14
3 2 39
4 2 2
1 2 27
10 1 1
33 1 22
32 1 1
42 1 58
47 1 39
51 1 8
33 1 19
58 1 33
20 1 22
19 1 2
10 2 1
4 2 1
66 1 19
3 2 31
49 2 52
53 1 8
16 1 3
22 2 19
11 1 66
19 1 18
2 2 1
32 1 3
10 1 3
49 1 33
53 1 9
1 2 46
8 2 10
33 2 47
22 1 2
49 1 39
24 2 45
35 1 23
55 1 6
39 1 26
48 1 47
54 1 1
22 1 39
41 2 30
53 1 46
4 2 28
19 2 22
13 1 19
39 1 19
49 2 62
3 2 4
26 2 29
33 2 39
30 1 22
28 1 27
15 1 3
1 1 2
54 1 42
57 1 39
33 2 57
46 1 24
4 2 3
39 1 22
16 1 20
29 2 40
3 1 1
6 2 54
40 1 42
28 1 1
3 1 4
23 1 22
26 1 19
1 2 31
53 1 39
2 2 21
35 2 42
23 1 19
40 1 35
19 1 4
53 1 3
24 1 16
52 6 53
46 2 39
17 1 16
3 7 1
55 1 54
41 1 22
42 1 62
27 1 30
17 2 12
15 2 3
1 2 42
8 2 15
10 2 3
17 2 29
13 1 22
1 7 3
19 1 1
3 2 14
49 1 42
42 1 26
29 1 22
23 1 11
3 4 1
39 1 50
1 2 4
2 2 3
53 1 10
62 1 42
11 1 10
9 2 8
1 2 23
1 2 2
45 2 24
3 1 14
19 1 3
42 1 51
1 2 13
11 1 20
12 1 16
48 2 12
51 1 25
2 2 18
12 2 26
14 1 22
3 1 13
51 1 10
52 1 22
51 2 53
39 1 12
62 1 36
16 1 1
62 2 58
51 1 15
42 1 48
3 2 13
27 1 41
3 2 46
12 2 49
41 1 19
? 1 github_java_program_data/7/603.java

26 2 62
11 1 3
39 2 76
49 1 42
36 2 47
36 2 42
17 2 49
17 1 11
45 1 11
76 1 46
15 1 1
42 1 52
58 1 36
28 1 3
39 1 83
53 2 51
31 1 30
77 1 39
12 1 11
26 1 22
16 1 10
45 1 16
48 2 17
22 1 32
53 1 1
1 1 3
11 1 23
22 1 21
59 2 39
14 1 19
30 2 41
51 1 39
42 1 29
33 2 47
12 2 17
31 1 41
36 1 22
22 1 28
42 1 49
42 1 17
32 1 31
12 2 29
19 1 32
1 1 4
4 2 18
39 1 62
3 2 27
1 2 23
51 1 3
53 1 25
11 1 1
58 2 12
39 1 29
51 1 1
58 1 57
3 5 1
39 1 17
1 1 14
52 6 51
1 4 3
25 2 42
24 1 11
29 1 19
22 1 3
22 1 18
36 1 19
39 1 49
3 2 20
47 1 42
62 1 39
100 2 62
46 1 45
53 1 42
1 2 31
16 1 15
25 2 39
48 1 36
1 5 3
25 1 24
19 1 21
62 2 52
11 1 20
39 1 100
22 1 4
20 1 19
11 1 15
1 2 25
39 1 52
48 1 33
62 2 26
1 2 14
77 2 48
76 1 42
4 2 2
1 2 27
29 2 50
10 1 1
33 1 22
32 1 1
42 1 58
47 1 39
25 2 59
21 2 4
33 1 19
51 1 8
48 2 58
20 1 22
19 1 28
19 1 2
10 2 1
4 2 1
83 1 19
3 2 31
15 2 3
13 1 19
53 1 8
16 1 3
3 1 2
19 1 18
2 2 1
32 1 3
12 2 77
10 1 3
49 1 33
53 1 9
1 2 46
3 2 14
9 2 8
51 1 59
50 1 22
22 1 2
12 2 58
2 2 28
24 2 45
1 2 20
39 1 26
48 1 47
54 1 1
54 1 8
41 2 30
16 1 23
4 2 28
51 1 9
3 1 4
3 2 4
26 2 29
59 1 30
33 2 39
30 1 22
28 1 27
46 2 42
15 1 3
1 1 2
8 2 15
54 1 42
29 2 17
48 2 26
49 2 52
49 2 48
57 1 39
46 1 24
77 1 76
42 1 84
1 1 13
26 2 12
84 1 19
16 1 20
3 1 1
39 1 48
29 2 26
28 1 1
3 2 23
23 1 22
39 1 77
26 1 19
3 2 2
53 1 39
2 2 21
23 1 19
3 2 25
19 1 4
53 1 3
24 1 16
52 6 53
46 2 39
39 1 58
17 1 16
33 2 42
12 2 62
55 1 54
41 1 22
42 1 62
83 1 22
27 1 30
8 2 1
17 2 12
30 1 19
1 2 42
2 2 32
10 2 3
13 1 22
62 1 33
1 7 3
19 1 1
8 2 10
17 2 26
42 1 26
29 1 22
3 4 1
57 1 42
39 1 50
1 2 4
2 2 3
58 2 29
53 1 10
62 1 42
11 1 10
36 2 57
22 1 1
1 2 2
52 1 19
45 2 24
15 2 1
3 1 14
19 1 3
42 1 51
1 2 13
12 1 16
3 7 1
51 1 25
2 2 18
100 1 22
42 1 53
14 1 22
3 1 13
51 1 10
52 1 22
51 2 53
39 1 12
62 1 36
16 1 1
4 2 32
62 2 49
49 1 39
4 2 3
51 1 15
3 2 13
42 1 50
27 1 41
51 1 46
3 2 46
12 2 49
41 1 19
? 1 github_java_program_data/7/625.java

11 1 3
3 4 1
17 1 11
1 2 39
45 1 11
58 1 56
42 1 52
58 1 36
28 1 3
1 5 3
53 2 51
31 1 30
12 1 11
26 1 22
16 1 10
45 1 16
22 1 32
53 1 1
1 1 3
51 1 42
11 1 23
22 1 21
14 1 19
51 1 39
42 1 29
33 2 47
31 1 41
36 1 22
22 1 28
50 1 19
32 1 31
12 2 29
19 1 32
4 2 18
15 1 1
58 1 57
22 1 1
51 1 3
11 1 1
51 1 1
39 1 51
3 5 1
39 1 17
22 1 18
1 4 3
25 2 42
24 1 11
29 1 19
22 1 3
52 1 19
4 2 21
1 1 14
36 1 19
3 2 31
3 2 20
47 1 42
1 2 31
16 1 15
25 2 39
25 1 45
19 1 21
11 1 20
22 1 4
20 1 19
11 1 15
1 2 25
48 1 33
54 1 39
1 2 27
10 1 1
33 1 22
32 1 1
19 1 28
33 1 19
51 1 8
48 2 58
20 1 22
19 1 2
10 2 1
4 2 1
53 1 8
15 2 3
13 1 19
26 2 50
16 1 3
17 2 58
19 1 18
2 2 1
32 1 3
56 1 42
46 2 39
3 7 1
58 2 50
1 2 46
3 2 14
9 2 8
22 1 2
24 2 45
39 1 26
48 1 47
54 1 1
54 1 8
41 2 30
53 1 46
51 1 9
53 1 9
15 1 3
50 1 22
30 1 22
28 1 27
3 2 4
1 1 2
57 1 39
46 1 24
1 1 13
42 1 12
3 1 1
39 1 48
29 2 26
3 2 27
57 2 56
26 1 19
3 2 2
53 1 39
2 2 21
23 1 19
3 2 25
19 1 4
24 1 16
50 6 51
10 1 3
55 1 54
41 1 22
27 1 30
8 2 1
30 1 19
8 2 15
10 2 3
13 1 22
39 1 58
1 7 3
19 1 1
8 2 10
42 1 26
29 1 22
57 1 42
39 1 50
58 2 48
1 2 4
2 2 3
53 1 10
30 2 41
11 1 10
36 2 57
1 2 23
1 2 2
39 1 53
45 2 24
15 2 1
3 1 14
19 1 3
25 1 24
1 2 13
46 1 45
51 1 25
52 6 53
14 1 22
3 1 13
51 1 10
52 1 22
51 2 53
28 1 1
16 1 1
4 2 3
51 1 15
3 2 13
27 1 41
41 1 19
? 1 github_java_program_data/7/627.java

11 1 3
49 1 42
36 2 47
36 2 42
17 2 49
17 1 11
4 2 18
45 1 11
15 2 1
58 1 36
28 1 3
1 5 3
53 2 51
31 1 30
12 1 11
42 1 22
1 2 14
26 1 22
16 1 10
45 1 16
22 1 32
1 1 3
11 1 23
22 1 21
42 1 19
14 1 19
62 1 42
51 1 39
42 1 29
33 2 47
12 2 17
31 1 41
22 1 28
42 1 49
32 1 31
5 2 54
12 2 29
49 1 36
19 1 32
1 1 4
42 1 12
15 1 1
35 1 33
51 1 3
11 1 1
39 1 29
1 2 27
39 1 51
3 5 1
39 1 17
22 1 18
22 1 42
1 4 3
24 1 11
29 1 19
22 1 3
16 1 23
4 2 21
5 1 1
36 1 19
39 1 49
3 2 20
3 1 2
20 1 16
58 1 57
53 1 42
1 2 31
16 1 15
25 2 39
25 1 45
19 1 21
3 2 39
11 1 20
22 1 4
20 1 19
11 1 15
1 2 25
39 1 52
48 1 33
12 1 16
49 2 17
54 1 39
42 1 40
51 1 1
10 1 1
33 1 22
3 2 25
32 1 1
19 1 28
47 1 39
26 2 52
3 7 1
33 1 19
51 1 8
39 1 85
20 1 22
19 1 2
10 2 1
4 2 1
3 2 31
15 2 3
13 1 19
53 1 8
16 1 3
22 2 19
47 1 42
19 1 18
2 2 1
32 1 3
10 1 3
49 1 33
53 1 9
3 2 14
9 2 8
8 2 3
49 1 39
24 2 45
1 2 20
39 1 26
48 1 47
1 2 2
54 1 8
41 2 30
53 1 46
33 2 42
35 1 20
19 2 22
51 1 9
49 2 62
3 2 4
33 2 39
30 1 22
28 1 27
46 2 42
62 2 48
15 1 3
1 1 2
30 1 19
35 1 34
30 2 41
46 1 24
1 1 13
54 1 3
16 1 20
29 2 40
3 1 1
39 1 48
29 2 26
3 2 27
3 2 23
23 1 22
1 1 14
26 1 19
3 2 2
53 1 39
35 2 39
2 2 21
23 1 19
40 1 35
19 1 4
53 1 3
24 1 16
46 2 39
39 1 58
55 1 5
50 6 53
55 1 54
41 1 22
42 1 62
27 1 30
17 2 12
22 1 2
8 2 15
10 2 3
17 2 29
13 1 22
62 1 33
1 7 3
19 1 1
8 2 10
42 1 26
29 1 22
3 4 1
57 1 42
51 1 15
42 1 72
1 2 4
2 2 3
53 1 10
40 1 39
11 1 10
36 2 57
22 1 1
39 1 53
45 2 24
48 1 36
3 1 14
19 1 3
25 1 24
33 2 34
1 2 13
39 1 12
46 1 45
48 2 12
51 1 25
14 1 22
3 1 13
51 1 10
52 1 22
51 2 53
28 1 1
16 1 1
52 6 51
20 2 33
4 2 3
42 1 48
3 2 13
34 1 19
42 1 50
27 1 41
3 2 46
41 1 19
? 1 github_java_program_data/7/71.java

21 2 2
11 1 3
36 2 47
3 4 1
17 1 11
42 1 12
45 1 11
53 1 15
42 1 52
28 1 3
1 5 3
53 2 51
31 1 30
12 1 11
42 1 22
26 1 22
39 1 43
16 1 10
45 1 16
5 1 1
22 1 32
53 1 1
1 1 3
11 1 23
22 1 21
42 1 19
14 1 19
2 2 21
51 1 39
42 1 29
30 1 19
41 1 22
12 2 17
31 1 41
36 1 22
22 1 28
37 1 19
29 2 26
50 1 19
32 1 31
12 2 29
19 1 32
1 1 4
4 2 18
15 1 1
35 1 33
23 2 33
1 2 23
51 1 3
3 2 27
11 1 1
39 1 29
58 1 57
3 5 1
39 1 17
22 1 18
1 4 3
39 1 40
24 1 11
29 1 19
22 1 3
16 1 23
18 2 2
1 1 14
3 2 31
3 2 20
47 1 42
46 1 45
36 2 37
1 2 31
16 1 15
25 2 39
25 1 45
19 1 42
43 1 42
19 1 21
11 1 20
42 1 53
22 1 4
20 1 19
11 1 15
48 1 33
1 2 14
32 2 4
1 2 27
10 1 1
3 2 25
32 1 1
33 1 19
47 1 39
4 2 21
43 2 26
51 1 8
19 1 28
58 1 33
20 1 22
19 1 2
10 2 1
4 2 1
13 1 19
53 1 8
17 2 29
16 1 3
22 2 19
18 2 4
3 1 2
19 1 18
2 2 1
32 1 3
38 1 37
10 1 3
38 1 23
53 1 9
1 2 46
3 2 14
9 2 8
22 1 2
24 2 45
1 2 20
35 1 23
39 1 26
48 1 47
1 2 2
54 1 8
41 2 30
53 1 46
23 2 36
19 2 22
3 2 42
33 2 47
51 1 9
34 1 22
3 2 4
26 2 29
50 1 22
30 1 22
28 1 27
15 1 3
1 1 2
54 1 42
43 1 38
35 1 34
38 2 42
48 1 36
33 2 57
46 1 24
1 1 13
26 2 12
54 1 3
17 2 43
16 1 20
3 1 1
39 1 48
40 1 42
26 2 50
39 1 12
3 2 23
23 1 22
26 1 19
3 2 2
10 2 3
53 1 39
16 1 1
35 2 42
40 2 17
23 1 19
40 1 35
19 1 4
53 1 3
24 1 16
50 6 51
46 2 39
8 2 3
17 1 16
55 1 5
50 6 53
55 1 54
3 1 4
27 1 30
48 2 50
17 2 12
15 2 3
8 2 15
23 1 16
17 2 40
13 1 22
39 1 58
1 7 3
19 1 1
8 2 10
42 1 26
29 1 22
12 2 48
23 1 11
57 1 42
39 1 50
1 2 4
2 2 3
53 1 10
30 2 41
11 1 10
22 1 1
52 1 19
45 2 24
15 2 1
3 1 14
19 1 3
42 1 51
33 2 34
1 2 13
12 1 16
3 7 1
51 1 25
2 2 18
14 1 22
3 1 13
51 1 10
5 2 54
51 2 53
28 1 1
38 1 36
25 1 24
4 2 3
51 1 15
42 1 48
3 2 13
27 1 41
3 2 46
41 1 19
? 1 github_java_program_data/7/78.java

11 1 3
3 4 1
17 1 11
1 2 39
45 1 11
58 1 56
42 1 52
58 1 36
28 1 3
1 5 3
53 2 51
31 1 30
12 1 11
26 1 22
16 1 10
45 1 16
22 1 32
53 1 1
1 1 3
51 1 42
11 1 23
22 1 21
14 1 19
51 1 39
42 1 29
33 2 47
31 1 41
36 1 22
22 1 28
50 1 19
32 1 31
12 2 29
19 1 32
4 2 18
15 1 1
58 1 57
22 1 1
51 1 3
11 1 1
51 1 1
39 1 51
3 5 1
39 1 17
22 1 18
1 4 3
25 2 42
24 1 11
29 1 19
22 1 3
52 1 19
4 2 21
1 1 14
36 1 19
3 2 31
3 2 20
47 1 42
1 2 31
16 1 15
25 2 39
25 1 45
19 1 21
11 1 20
22 1 4
20 1 19
11 1 15
1 2 25
48 1 33
54 1 39
1 2 27
10 1 1
33 1 22
32 1 1
19 1 28
33 1 19
51 1 8
48 2 58
20 1 22
19 1 2
10 2 1
4 2 1
53 1 8
15 2 3
13 1 19
26 2 50
16 1 3
17 2 58
19 1 18
2 2 1
32 1 3
56 1 42
46 2 39
3 7 1
58 2 50
1 2 46
3 2 14
9 2 8
22 1 2
24 2 45
39 1 26
48 1 47
54 1 1
54 1 8
41 2 30
53 1 46
51 1 9
53 1 9
15 1 3
50 1 22
30 1 22
28 1 27
3 2 4
1 1 2
57 1 39
46 1 24
1 1 13
42 1 12
3 1 1
39 1 48
29 2 26
3 2 27
57 2 56
26 1 19
3 2 2
53 1 39
2 2 21
23 1 19
3 2 25
19 1 4
24 1 16
50 6 51
10 1 3
55 1 54
41 1 22
27 1 30
8 2 1
30 1 19
8 2 15
10 2 3
13 1 22
39 1 58
1 7 3
19 1 1
8 2 10
42 1 26
29 1 22
57 1 42
39 1 50
58 2 48
1 2 4
2 2 3
53 1 10
30 2 41
11 1 10
36 2 57
1 2 23
1 2 2
39 1 53
45 2 24
15 2 1
3 1 14
19 1 3
25 1 24
1 2 13
46 1 45
51 1 25
52 6 53
14 1 22
3 1 13
51 1 10
52 1 22
51 2 53
28 1 1
16 1 1
4 2 3
51 1 15
3 2 13
27 1 41
41 1 19
? 1 github_java_program_data/7/87.java

