4 2 2
4 2 1
20 2 36
11 1 23
11 1 1
47 2 56
16 1 20
45 1 3
2 2 3
3 2 13
19 1 1
39 1 12
4 2 3
15 2 1
51 1 25
16 1 23
17 2 111
3 1 1
1 2 39
22 1 4
29 2 26
12 2 51
40 2 12
10 2 1
22 1 21
3 1 13
33 2 39
3 1 4
3 7 1
17 2 12
12 2 17
15 2 3
9 2 15
51 1 1
39 1 51
2 2 1
30 2 41
1 2 14
35 1 20
58 1 33
1 2 13
22 1 2
54 1 1
16 1 8
1 2 46
111 1 1
40 1 42
46 1 45
3 2 20
51 1 39
3 2 31
46 1 24
20 1 16
45 2 24
29 1 22
26 1 19
20 1 19
17 1 11
48 1 56
34 1 19
32 1 31
14 1 19
10 1 1
11 1 3
39 1 40
32 1 3
16 1 10
10 2 3
55 1 54
1 7 3
111 1 46
54 1 39
8 2 15
25 2 1
42 1 29
22 1 1
29 1 19
10 1 3
51 2 53
3 5 1
1 1 3
39 1 48
58 1 57
19 1 28
15 1 1
1 1 13
39 1 49
53 1 42
1 1 2
36 1 22
15 1 3
30 1 19
26 2 40
3 2 46
1 2 4
13 1 19
3 4 1
3 2 14
48 2 26
19 1 3
19 1 4
26 2 29
36 2 34
53 1 3
1 2 2
19 1 18
24 1 16
25 1 24
26 1 22
14 1 22
16 1 15
22 1 32
40 1 35
51 1 8
53 1 15
48 1 36
3 1 14
2 2 4
46 2 42
22 1 3
20 1 22
11 1 20
16 1 1
35 2 42
1 5 3
33 1 22
49 2 62
27 1 41
56 1 42
1 2 20
11 1 9
4 2 21
1 2 27
23 1 19
53 1 46
111 1 25
62 1 33
22 1 18
54 1 8
16 1 3
33 2 57
42 1 58
48 1 47
24 2 45
49 1 33
9 2 10
33 1 19
36 2 47
39 1 26
4 2 18
39 1 53
25 1 45
35 1 36
12 1 11
57 1 39
111 2 26
3 2 2
2 2 18
13 1 22
12 2 49
45 1 11
17 1 16
39 1 29
19 1 2
41 1 19
41 1 22
1 2 25
39 1 17
1 1 14
51 1 15
11 1 10
35 1 34
30 1 22
28 1 27
36 1 19
1 4 3
49 1 39
62 1 42
25 2 39
8 2 1
28 1 1
31 1 30
27 1 30
53 1 9
2 2 21
47 1 39
39 1 62
3 2 23
31 1 41
42 1 26
3 2 4
33 2 42
39 1 111
? 1 github_java_program_data/17/110.java

39 1 29
4 2 1
20 2 36
11 1 23
11 1 1
47 2 56
16 1 20
2 2 3
3 2 13
19 1 1
39 1 12
4 2 3
11 1 3
51 1 25
16 1 23
22 1 28
38 1 23
42 1 12
3 1 1
22 2 19
1 2 39
3 2 27
1 4 3
22 1 4
51 1 10
10 2 1
22 1 21
3 1 13
33 2 34
33 2 39
3 1 4
28 1 3
3 7 1
17 2 12
12 2 17
15 2 3
17 2 40
51 1 1
39 1 51
2 2 1
11 2 16
30 2 41
1 2 14
35 1 20
41 2 30
58 1 33
1 2 13
22 1 2
54 1 1
42 1 40
32 1 1
1 2 46
36 2 37
1 2 27
46 1 45
53 1 10
3 2 31
46 1 24
20 1 16
45 2 24
29 1 22
23 1 16
20 1 19
17 1 11
48 1 56
34 1 19
12 1 16
32 1 31
35 1 23
36 2 39
14 1 19
43 2 12
23 1 22
15 2 1
32 1 3
3 1 2
16 1 10
10 2 3
39 1 48
19 2 22
1 7 3
37 1 19
54 1 39
8 2 15
29 2 26
42 1 29
22 1 1
38 1 36
24 1 11
29 1 19
1 2 23
10 1 3
51 2 53
3 5 1
12 2 26
1 1 3
55 1 54
58 1 57
42 1 17
19 1 28
42 1 43
15 1 1
1 1 13
23 1 11
38 2 42
53 1 42
1 1 2
26 2 29
36 1 22
30 1 19
1 2 4
19 1 21
13 1 19
3 2 14
4 2 18
19 1 3
45 1 16
19 1 4
41 1 19
36 2 34
1 2 2
19 1 18
24 1 16
12 2 29
26 1 22
14 1 22
40 1 39
35 1 33
16 1 15
22 1 32
40 1 35
51 1 8
40 2 43
43 1 42
48 1 36
3 1 14
2 2 4
46 2 42
62 1 42
20 1 22
11 1 20
16 1 1
1 5 3
39 1 22
33 1 22
49 2 62
27 1 41
56 1 42
1 2 20
57 1 39
11 1 15
51 1 42
15 1 3
23 1 19
53 1 46
40 2 29
23 2 36
62 1 33
22 1 18
25 1 24
19 1 2
16 1 3
33 2 57
2 2 21
48 1 47
21 2 4
29 2 17
42 1 62
24 2 45
25 2 42
17 2 26
23 2 33
49 1 33
33 1 19
36 2 47
39 1 26
48 2 26
17 2 49
39 1 53
25 1 45
35 1 36
12 1 11
19 1 32
53 1 8
3 2 2
53 1 15
35 2 39
2 2 18
13 1 22
45 1 11
17 1 16
1 1 4
39 1 19
22 1 39
53 1 1
43 1 38
49 1 36
9 2 8
41 1 22
1 2 25
3 2 20
62 2 49
26 1 19
51 1 15
11 1 10
35 1 34
30 1 22
28 1 27
10 1 1
36 1 19
3 4 1
49 1 39
4 2 32
27 1 30
42 1 49
28 1 1
31 1 30
38 1 37
1 1 14
53 1 9
42 1 58
47 1 39
53 2 51
3 2 23
31 1 41
1 2 31
22 1 3
42 1 26
3 2 4
33 2 42
? 1 github_java_program_data/17/116.java

4 2 2
4 2 1
20 2 36
11 1 23
11 1 1
47 2 56
16 1 20
45 1 3
2 2 3
3 2 13
19 1 1
39 1 12
4 2 3
15 2 1
51 1 25
16 1 23
17 2 111
3 1 1
1 2 39
22 1 4
29 2 26
12 2 51
40 2 12
10 2 1
22 1 21
3 1 13
33 2 39
3 1 4
3 7 1
17 2 12
12 2 17
15 2 3
9 2 15
51 1 1
39 1 51
2 2 1
30 2 41
1 2 14
35 1 20
58 1 33
1 2 13
22 1 2
54 1 1
16 1 8
1 2 46
111 1 1
40 1 42
46 1 45
3 2 20
51 1 39
3 2 31
46 1 24
20 1 16
45 2 24
29 1 22
26 1 19
20 1 19
17 1 11
48 1 56
34 1 19
32 1 31
14 1 19
10 1 1
11 1 3
39 1 40
32 1 3
16 1 10
10 2 3
55 1 54
1 7 3
111 1 46
54 1 39
8 2 15
25 2 1
42 1 29
22 1 1
29 1 19
10 1 3
51 2 53
3 5 1
1 1 3
39 1 48
58 1 57
19 1 28
15 1 1
1 1 13
39 1 49
53 1 42
1 1 2
36 1 22
15 1 3
30 1 19
26 2 40
3 2 46
1 2 4
13 1 19
3 4 1
3 2 14
48 2 26
19 1 3
19 1 4
26 2 29
36 2 34
53 1 3
1 2 2
19 1 18
24 1 16
25 1 24
26 1 22
14 1 22
16 1 15
22 1 32
40 1 35
51 1 8
53 1 15
48 1 36
3 1 14
2 2 4
46 2 42
22 1 3
20 1 22
11 1 20
16 1 1
35 2 42
1 5 3
33 1 22
49 2 62
27 1 41
56 1 42
1 2 20
11 1 9
4 2 21
1 2 27
23 1 19
53 1 46
111 1 25
62 1 33
22 1 18
54 1 8
16 1 3
33 2 57
42 1 58
48 1 47
24 2 45
49 1 33
9 2 10
33 1 19
36 2 47
39 1 26
4 2 18
39 1 53
25 1 45
35 1 36
12 1 11
57 1 39
111 2 26
3 2 2
2 2 18
13 1 22
12 2 49
45 1 11
17 1 16
39 1 29
19 1 2
41 1 19
41 1 22
1 2 25
39 1 17
1 1 14
51 1 15
11 1 10
35 1 34
30 1 22
28 1 27
36 1 19
1 4 3
49 1 39
62 1 42
25 2 39
8 2 1
28 1 1
31 1 30
27 1 30
53 1 9
2 2 21
47 1 39
39 1 62
3 2 23
31 1 41
42 1 26
3 2 4
33 2 42
39 1 111
? 1 github_java_program_data/17/140.java

39 1 29
4 2 1
20 2 36
45 1 11
11 1 23
11 1 1
9 2 1
16 1 20
50 6 51
2 2 3
3 2 13
19 1 1
39 1 12
4 2 3
11 1 3
44 1 9
2 2 18
16 1 23
2 2 1
22 1 28
55 1 6
42 1 12
3 1 1
8 2 15
1 2 39
3 2 27
52 1 22
22 1 4
50 1 22
51 1 10
40 2 52
10 2 1
37 1 22
3 1 13
33 2 34
33 2 39
3 1 4
28 1 3
3 7 1
44 1 25
12 2 17
15 2 3
17 2 29
9 2 15
17 2 40
51 1 1
39 1 51
19 1 39
30 2 41
1 2 14
35 1 20
41 2 30
58 1 33
1 2 13
22 1 2
54 1 1
42 1 40
32 1 1
53 1 39
15 2 1
16 1 15
3 2 20
53 1 10
3 2 31
46 1 24
20 1 16
45 2 24
29 1 22
57 1 42
26 1 19
20 1 19
17 1 11
8 2 10
12 1 16
32 1 31
17 2 26
14 1 19
44 2 51
10 1 1
20 1 22
8 2 1
32 1 3
3 1 2
16 1 10
10 2 3
39 1 48
19 2 22
54 1 39
22 2 19
29 2 26
42 1 29
22 1 1
38 1 36
24 1 11
29 1 19
1 2 23
10 1 3
51 2 53
3 5 1
1 1 3
55 1 54
58 1 57
42 1 17
19 1 28
42 1 43
20 2 33
15 1 1
52 6 53
1 1 13
39 1 44
53 1 42
1 1 2
44 1 39
36 1 22
34 1 22
30 1 19
3 2 46
1 2 4
19 1 21
13 1 19
3 2 14
4 2 18
19 1 3
38 2 39
19 1 4
41 1 19
4 2 28
53 1 3
1 2 2
19 1 18
24 1 16
36 2 37
53 2 51
26 1 22
14 1 22
40 1 39
35 1 33
46 1 45
22 1 32
40 1 35
51 1 8
53 1 15
48 1 36
3 1 14
17 2 43
2 2 4
58 2 48
42 1 52
1 7 3
22 1 3
1 2 46
26 2 29
11 1 20
16 1 1
42 1 50
1 5 3
39 1 22
25 1 24
27 1 41
1 2 20
53 1 8
11 1 15
4 2 21
51 1 42
19 1 2
23 1 19
6 2 54
22 1 18
54 1 8
44 1 1
16 1 3
33 2 57
2 2 21
48 1 47
21 2 4
42 1 48
24 2 45
25 2 42
22 1 21
49 1 33
9 2 10
33 1 19
36 2 47
39 1 26
1 4 3
3 2 25
39 1 53
17 2 12
12 1 11
19 1 32
3 2 2
12 2 44
35 2 39
47 1 42
13 1 22
12 2 49
38 1 20
17 1 16
1 1 4
39 1 19
33 1 22
53 1 1
43 1 38
4 2 2
15 1 3
9 2 8
41 1 22
1 2 25
39 1 17
51 1 3
43 2 50
1 1 14
53 1 25
11 1 10
35 1 34
30 1 22
51 1 46
28 1 27
23 1 22
36 1 19
3 4 1
49 1 39
25 2 39
42 1 49
46 2 42
31 1 30
38 1 37
27 1 30
53 1 9
42 1 58
47 1 39
43 1 39
3 2 23
31 1 41
1 2 31
42 1 26
3 2 4
6 1 3
? 1 github_java_program_data/17/150.java

33 2 47
4 2 1
11 1 23
11 1 1
55 1 6
16 1 20
2 2 3
3 2 13
19 1 1
5 1 1
39 1 12
4 2 3
20 1 22
2 2 18
51 1 25
16 1 23
19 1 39
22 1 28
38 1 23
54 1 3
39 1 29
22 1 42
3 1 1
22 1 39
3 5 1
3 2 27
57 2 56
22 1 4
10 2 1
22 1 21
3 1 13
33 2 39
49 1 42
3 1 4
55 1 5
28 1 3
58 1 36
48 1 33
12 2 17
15 2 3
17 2 40
18 2 2
2 2 1
11 2 16
30 2 41
1 2 14
1 2 31
58 1 33
1 2 13
22 1 2
41 2 30
32 1 1
53 1 39
12 2 26
6 1 1
56 1 39
16 1 15
42 1 51
53 1 10
51 1 39
8 2 3
3 2 31
36 2 42
45 2 24
29 1 22
57 1 42
23 1 16
20 1 19
42 1 19
34 1 19
12 1 16
32 1 31
39 1 58
35 1 23
14 1 19
10 1 1
15 2 1
39 1 40
32 1 3
58 1 56
42 1 22
16 1 10
10 2 3
55 1 54
19 2 22
37 1 19
42 1 53
22 2 19
29 2 26
42 1 29
22 1 1
24 1 11
29 1 19
16 2 11
1 2 23
10 1 3
51 2 53
38 1 33
1 1 3
39 1 48
58 1 57
19 1 28
15 1 1
1 1 13
23 1 11
5 2 6
39 1 49
38 2 42
1 1 2
26 2 29
36 1 22
15 1 3
30 1 19
3 2 46
1 2 4
19 1 21
13 1 19
19 1 42
3 2 14
48 2 26
19 1 3
45 1 16
8 2 10
19 1 4
41 1 19
9 2 8
2 2 4
53 1 3
27 1 30
19 1 18
26 1 22
14 1 22
40 1 39
46 1 45
22 1 32
40 1 35
51 1 8
43 1 42
48 1 36
3 1 14
11 1 3
33 2 37
51 1 9
1 7 3
22 1 3
43 2 26
11 1 20
16 1 1
42 1 50
39 1 43
39 1 22
25 1 24
62 1 39
49 1 33
1 2 20
53 1 8
11 1 15
4 2 21
19 1 2
23 1 19
1 5 3
53 1 46
2 2 28
22 1 18
54 1 8
16 1 3
33 2 57
48 1 47
40 2 43
42 1 62
17 2 48
36 2 57
1 2 27
24 2 45
23 2 33
27 1 41
46 2 39
49 2 48
33 1 19
36 2 47
39 1 26
1 4 3
3 2 25
3 2 42
62 1 33
25 1 45
35 1 36
17 2 12
12 1 11
19 1 32
1 2 2
3 2 2
36 2 34
3 2 20
35 2 39
47 1 42
13 1 22
12 2 49
17 1 16
1 1 4
39 1 19
33 1 22
51 1 10
43 1 38
49 1 36
23 2 36
41 1 22
54 1 42
39 1 17
51 1 3
6 2 54
26 1 19
3 7 1
11 1 10
35 1 34
30 1 22
28 1 27
23 1 22
36 1 19
3 4 1
49 1 39
25 2 39
42 1 49
28 1 1
31 1 30
38 1 37
26 2 12
1 1 14
53 1 9
3 1 2
42 1 58
21 2 2
17 1 11
53 2 51
3 2 23
31 1 41
42 1 26
3 2 4
48 2 58
? 1 github_java_program_data/17/161.java

4 2 2
4 2 1
20 2 36
11 1 23
11 1 1
47 2 56
16 1 20
45 1 3
2 2 3
3 2 13
19 1 1
39 1 12
4 2 3
15 2 1
51 1 25
16 1 23
17 2 111
3 1 1
1 2 39
22 1 4
29 2 26
12 2 51
40 2 12
10 2 1
22 1 21
3 1 13
33 2 39
3 1 4
3 7 1
17 2 12
12 2 17
15 2 3
9 2 15
51 1 1
39 1 51
2 2 1
30 2 41
1 2 14
35 1 20
58 1 33
1 2 13
22 1 2
54 1 1
16 1 8
1 2 46
111 1 1
40 1 42
46 1 45
3 2 20
51 1 39
3 2 31
46 1 24
20 1 16
45 2 24
29 1 22
26 1 19
20 1 19
17 1 11
48 1 56
34 1 19
32 1 31
14 1 19
10 1 1
11 1 3
39 1 40
32 1 3
16 1 10
10 2 3
55 1 54
1 7 3
111 1 46
54 1 39
8 2 15
25 2 1
42 1 29
22 1 1
29 1 19
10 1 3
51 2 53
3 5 1
1 1 3
39 1 48
58 1 57
19 1 28
15 1 1
1 1 13
39 1 49
53 1 42
1 1 2
36 1 22
15 1 3
30 1 19
26 2 40
3 2 46
1 2 4
13 1 19
3 4 1
3 2 14
48 2 26
19 1 3
19 1 4
26 2 29
36 2 34
53 1 3
1 2 2
19 1 18
24 1 16
25 1 24
26 1 22
14 1 22
16 1 15
22 1 32
40 1 35
51 1 8
53 1 15
48 1 36
3 1 14
2 2 4
46 2 42
22 1 3
20 1 22
11 1 20
16 1 1
35 2 42
1 5 3
33 1 22
49 2 62
27 1 41
56 1 42
1 2 20
11 1 9
4 2 21
1 2 27
23 1 19
53 1 46
111 1 25
62 1 33
22 1 18
54 1 8
16 1 3
33 2 57
42 1 58
48 1 47
24 2 45
49 1 33
9 2 10
33 1 19
36 2 47
39 1 26
4 2 18
39 1 53
25 1 45
35 1 36
12 1 11
57 1 39
111 2 26
3 2 2
2 2 18
13 1 22
12 2 49
45 1 11
17 1 16
39 1 29
19 1 2
41 1 19
41 1 22
1 2 25
39 1 17
1 1 14
51 1 15
11 1 10
35 1 34
30 1 22
28 1 27
36 1 19
1 4 3
49 1 39
62 1 42
25 2 39
8 2 1
28 1 1
31 1 30
27 1 30
53 1 9
2 2 21
47 1 39
39 1 62
3 2 23
31 1 41
42 1 26
3 2 4
33 2 42
39 1 111
? 1 github_java_program_data/17/170.java

4 2 2
4 2 1
20 2 36
11 1 23
11 1 1
47 2 56
16 1 20
45 1 3
2 2 3
3 2 13
19 1 1
39 1 12
4 2 3
15 2 1
51 1 25
16 1 23
17 2 111
3 1 1
1 2 39
22 1 4
29 2 26
12 2 51
40 2 12
10 2 1
22 1 21
3 1 13
33 2 39
3 1 4
3 7 1
17 2 12
12 2 17
15 2 3
9 2 15
51 1 1
39 1 51
2 2 1
30 2 41
1 2 14
35 1 20
58 1 33
1 2 13
22 1 2
54 1 1
16 1 8
1 2 46
111 1 1
40 1 42
46 1 45
3 2 20
51 1 39
3 2 31
46 1 24
20 1 16
45 2 24
29 1 22
26 1 19
20 1 19
17 1 11
48 1 56
34 1 19
32 1 31
14 1 19
10 1 1
11 1 3
39 1 40
32 1 3
16 1 10
10 2 3
55 1 54
1 7 3
111 1 46
54 1 39
8 2 15
25 2 1
42 1 29
22 1 1
29 1 19
10 1 3
51 2 53
3 5 1
1 1 3
39 1 48
58 1 57
19 1 28
15 1 1
1 1 13
39 1 49
53 1 42
1 1 2
36 1 22
15 1 3
30 1 19
26 2 40
3 2 46
1 2 4
13 1 19
3 4 1
3 2 14
48 2 26
19 1 3
19 1 4
26 2 29
36 2 34
53 1 3
1 2 2
19 1 18
24 1 16
25 1 24
26 1 22
14 1 22
16 1 15
22 1 32
40 1 35
51 1 8
53 1 15
48 1 36
3 1 14
2 2 4
46 2 42
22 1 3
20 1 22
11 1 20
16 1 1
35 2 42
1 5 3
33 1 22
49 2 62
27 1 41
56 1 42
1 2 20
11 1 9
4 2 21
1 2 27
23 1 19
53 1 46
111 1 25
62 1 33
22 1 18
54 1 8
16 1 3
33 2 57
42 1 58
48 1 47
24 2 45
49 1 33
9 2 10
33 1 19
36 2 47
39 1 26
4 2 18
39 1 53
25 1 45
35 1 36
12 1 11
57 1 39
111 2 26
3 2 2
2 2 18
13 1 22
12 2 49
45 1 11
17 1 16
39 1 29
19 1 2
41 1 19
41 1 22
1 2 25
39 1 17
1 1 14
51 1 15
11 1 10
35 1 34
30 1 22
28 1 27
36 1 19
1 4 3
49 1 39
62 1 42
25 2 39
8 2 1
28 1 1
31 1 30
27 1 30
53 1 9
2 2 21
47 1 39
39 1 62
3 2 23
31 1 41
42 1 26
3 2 4
33 2 42
39 1 111
? 1 github_java_program_data/17/20.java

4 2 2
4 2 1
20 2 36
11 1 23
11 1 1
47 2 56
16 1 20
45 1 3
2 2 3
3 2 13
19 1 1
39 1 12
4 2 3
15 2 1
51 1 25
16 1 23
17 2 111
3 1 1
1 2 39
22 1 4
29 2 26
12 2 51
40 2 12
10 2 1
22 1 21
3 1 13
33 2 39
3 1 4
3 7 1
17 2 12
12 2 17
15 2 3
9 2 15
51 1 1
39 1 51
2 2 1
30 2 41
1 2 14
35 1 20
58 1 33
1 2 13
22 1 2
54 1 1
16 1 8
1 2 46
111 1 1
40 1 42
46 1 45
3 2 20
51 1 39
3 2 31
46 1 24
20 1 16
45 2 24
29 1 22
26 1 19
20 1 19
17 1 11
48 1 56
34 1 19
32 1 31
14 1 19
10 1 1
11 1 3
39 1 40
32 1 3
16 1 10
10 2 3
55 1 54
1 7 3
111 1 46
54 1 39
8 2 15
25 2 1
42 1 29
22 1 1
29 1 19
10 1 3
51 2 53
3 5 1
1 1 3
39 1 48
58 1 57
19 1 28
15 1 1
1 1 13
39 1 49
53 1 42
1 1 2
36 1 22
15 1 3
30 1 19
26 2 40
3 2 46
1 2 4
13 1 19
3 4 1
3 2 14
48 2 26
19 1 3
19 1 4
26 2 29
36 2 34
53 1 3
1 2 2
19 1 18
24 1 16
25 1 24
26 1 22
14 1 22
16 1 15
22 1 32
40 1 35
51 1 8
53 1 15
48 1 36
3 1 14
2 2 4
46 2 42
22 1 3
20 1 22
11 1 20
16 1 1
35 2 42
1 5 3
33 1 22
49 2 62
27 1 41
56 1 42
1 2 20
11 1 9
4 2 21
1 2 27
23 1 19
53 1 46
111 1 25
62 1 33
22 1 18
54 1 8
16 1 3
33 2 57
42 1 58
48 1 47
24 2 45
49 1 33
9 2 10
33 1 19
36 2 47
39 1 26
4 2 18
39 1 53
25 1 45
35 1 36
12 1 11
57 1 39
111 2 26
3 2 2
2 2 18
13 1 22
12 2 49
45 1 11
17 1 16
39 1 29
19 1 2
41 1 19
41 1 22
1 2 25
39 1 17
1 1 14
51 1 15
11 1 10
35 1 34
30 1 22
28 1 27
36 1 19
1 4 3
49 1 39
62 1 42
25 2 39
8 2 1
28 1 1
31 1 30
27 1 30
53 1 9
2 2 21
47 1 39
39 1 62
3 2 23
31 1 41
42 1 26
3 2 4
33 2 42
39 1 111
? 1 github_java_program_data/17/200.java

39 1 29
4 2 1
20 2 36
45 1 11
11 1 23
11 1 1
9 2 1
16 1 20
50 6 51
2 2 3
3 2 13
19 1 1
39 1 12
4 2 3
11 1 3
44 1 9
2 2 18
16 1 23
2 2 1
22 1 28
55 1 6
42 1 12
3 1 1
8 2 15
1 2 39
3 2 27
52 1 22
22 1 4
50 1 22
51 1 10
40 2 52
10 2 1
37 1 22
3 1 13
33 2 34
33 2 39
3 1 4
28 1 3
3 7 1
44 1 25
12 2 17
15 2 3
17 2 29
9 2 15
17 2 40
51 1 1
39 1 51
19 1 39
30 2 41
1 2 14
35 1 20
41 2 30
58 1 33
1 2 13
22 1 2
54 1 1
42 1 40
32 1 1
53 1 39
15 2 1
16 1 15
3 2 20
53 1 10
3 2 31
46 1 24
20 1 16
45 2 24
29 1 22
57 1 42
26 1 19
20 1 19
17 1 11
8 2 10
12 1 16
32 1 31
17 2 26
14 1 19
44 2 51
10 1 1
20 1 22
8 2 1
32 1 3
3 1 2
16 1 10
10 2 3
39 1 48
19 2 22
54 1 39
22 2 19
29 2 26
42 1 29
22 1 1
38 1 36
24 1 11
29 1 19
1 2 23
10 1 3
51 2 53
3 5 1
1 1 3
55 1 54
58 1 57
42 1 17
19 1 28
42 1 43
20 2 33
15 1 1
52 6 53
1 1 13
39 1 44
53 1 42
1 1 2
44 1 39
36 1 22
34 1 22
30 1 19
3 2 46
1 2 4
19 1 21
13 1 19
3 2 14
4 2 18
19 1 3
38 2 39
19 1 4
41 1 19
4 2 28
53 1 3
1 2 2
19 1 18
24 1 16
36 2 37
53 2 51
26 1 22
14 1 22
40 1 39
35 1 33
46 1 45
22 1 32
40 1 35
51 1 8
53 1 15
48 1 36
3 1 14
17 2 43
2 2 4
58 2 48
42 1 52
1 7 3
22 1 3
1 2 46
26 2 29
11 1 20
16 1 1
42 1 50
1 5 3
39 1 22
25 1 24
27 1 41
1 2 20
53 1 8
11 1 15
4 2 21
51 1 42
19 1 2
23 1 19
6 2 54
22 1 18
54 1 8
44 1 1
16 1 3
33 2 57
2 2 21
48 1 47
21 2 4
42 1 48
24 2 45
25 2 42
22 1 21
49 1 33
9 2 10
33 1 19
36 2 47
39 1 26
1 4 3
3 2 25
39 1 53
17 2 12
12 1 11
19 1 32
3 2 2
12 2 44
35 2 39
47 1 42
13 1 22
12 2 49
38 1 20
17 1 16
1 1 4
39 1 19
33 1 22
53 1 1
43 1 38
4 2 2
15 1 3
9 2 8
41 1 22
1 2 25
39 1 17
51 1 3
43 2 50
1 1 14
53 1 25
11 1 10
35 1 34
30 1 22
51 1 46
28 1 27
23 1 22
36 1 19
3 4 1
49 1 39
25 2 39
42 1 49
46 2 42
31 1 30
38 1 37
27 1 30
53 1 9
42 1 58
47 1 39
43 1 39
3 2 23
31 1 41
1 2 31
42 1 26
3 2 4
6 1 3
? 1 github_java_program_data/17/210.java

4 2 1
12 2 58
18 2 4
11 1 1
47 2 56
2 2 3
51 1 1
19 1 1
39 1 12
4 2 3
15 2 1
51 1 25
16 1 23
22 1 28
55 1 6
68 1 39
3 1 1
32 2 4
3 5 1
3 2 27
57 2 56
22 1 4
10 2 1
22 1 21
33 2 39
49 1 42
41 1 1
3 1 4
28 1 3
28 1 31
12 2 17
15 2 3
50 6 51
18 2 2
2 2 1
30 2 41
1 2 42
28 2 4
41 2 30
58 1 33
54 1 1
22 1 2
58 2 50
32 1 1
1 2 27
39 1 17
51 1 39
3 2 31
42 1 49
29 1 22
57 1 42
20 1 19
48 1 56
32 1 31
39 1 58
6 2 54
36 2 39
47 1 42
10 1 1
20 1 22
8 2 1
32 1 3
58 1 56
16 1 10
30 1 3
39 1 48
22 1 1
47 2 68
24 1 11
29 1 19
6 1 3
10 1 3
42 1 51
1 1 3
55 1 54
58 1 57
19 1 28
49 2 58
15 1 1
39 1 49
3 1 31
1 1 2
36 1 19
30 1 19
1 2 4
19 1 21
3 4 1
4 2 18
19 1 3
45 1 16
19 1 4
26 2 29
4 2 28
1 2 2
32 1 27
19 1 18
28 2 2
26 1 22
22 1 32
48 1 36
42 1 29
11 1 3
41 1 3
51 1 9
22 1 3
11 1 20
16 1 1
1 5 3
25 1 24
62 1 39
27 1 41
56 1 42
1 2 20
57 1 39
11 1 15
4 2 21
15 1 3
12 2 48
50 1 19
2 2 28
22 1 18
33 1 22
1 1 27
16 1 3
33 2 57
48 1 47
42 1 48
42 1 62
24 2 45
49 1 33
9 2 10
33 1 19
36 2 47
39 1 26
54 1 8
25 1 45
12 1 11
19 1 32
39 1 50
3 2 2
30 1 1
3 1 27
2 2 18
12 2 49
17 1 16
1 1 4
39 1 29
48 1 68
51 1 10
32 2 2
19 1 2
41 1 19
41 1 22
1 2 25
3 2 20
26 1 19
62 1 36
30 1 22
28 1 27
23 1 22
17 2 12
1 4 3
49 1 39
25 2 39
54 1 42
28 1 1
31 1 30
1 2 31
58 2 17
27 1 30
3 1 2
2 2 21
47 1 39
3 2 23
31 1 41
42 1 26
3 2 4
10 2 3
33 2 42
? 1 github_java_program_data/17/227.java

39 1 29
4 2 1
20 2 36
45 1 11
11 1 23
11 1 1
9 2 1
16 1 20
50 6 51
2 2 3
3 2 13
19 1 1
39 1 12
4 2 3
11 1 3
44 1 9
2 2 18
16 1 23
2 2 1
22 1 28
55 1 6
42 1 12
3 1 1
8 2 15
1 2 39
3 2 27
52 1 22
22 1 4
50 1 22
51 1 10
40 2 52
10 2 1
37 1 22
3 1 13
33 2 34
33 2 39
3 1 4
28 1 3
3 7 1
44 1 25
12 2 17
15 2 3
17 2 29
9 2 15
17 2 40
51 1 1
39 1 51
19 1 39
30 2 41
1 2 14
35 1 20
41 2 30
58 1 33
1 2 13
22 1 2
54 1 1
42 1 40
32 1 1
53 1 39
15 2 1
16 1 15
3 2 20
53 1 10
3 2 31
46 1 24
20 1 16
45 2 24
29 1 22
57 1 42
26 1 19
20 1 19
17 1 11
8 2 10
12 1 16
32 1 31
17 2 26
14 1 19
44 2 51
10 1 1
20 1 22
8 2 1
32 1 3
3 1 2
16 1 10
10 2 3
39 1 48
19 2 22
54 1 39
22 2 19
29 2 26
42 1 29
22 1 1
38 1 36
24 1 11
29 1 19
1 2 23
10 1 3
51 2 53
3 5 1
1 1 3
55 1 54
58 1 57
42 1 17
19 1 28
42 1 43
20 2 33
15 1 1
52 6 53
1 1 13
39 1 44
53 1 42
1 1 2
44 1 39
36 1 22
34 1 22
30 1 19
3 2 46
1 2 4
19 1 21
13 1 19
3 2 14
4 2 18
19 1 3
38 2 39
19 1 4
41 1 19
4 2 28
53 1 3
1 2 2
19 1 18
24 1 16
36 2 37
53 2 51
26 1 22
14 1 22
40 1 39
35 1 33
46 1 45
22 1 32
40 1 35
51 1 8
53 1 15
48 1 36
3 1 14
17 2 43
2 2 4
58 2 48
42 1 52
1 7 3
22 1 3
1 2 46
26 2 29
11 1 20
16 1 1
42 1 50
1 5 3
39 1 22
25 1 24
27 1 41
1 2 20
53 1 8
11 1 15
4 2 21
51 1 42
19 1 2
23 1 19
6 2 54
22 1 18
54 1 8
44 1 1
16 1 3
33 2 57
2 2 21
48 1 47
21 2 4
42 1 48
24 2 45
25 2 42
22 1 21
49 1 33
9 2 10
33 1 19
36 2 47
39 1 26
1 4 3
3 2 25
39 1 53
17 2 12
12 1 11
19 1 32
3 2 2
12 2 44
35 2 39
47 1 42
13 1 22
12 2 49
38 1 20
17 1 16
1 1 4
39 1 19
33 1 22
53 1 1
43 1 38
4 2 2
15 1 3
9 2 8
41 1 22
1 2 25
39 1 17
51 1 3
43 2 50
1 1 14
53 1 25
11 1 10
35 1 34
30 1 22
51 1 46
28 1 27
23 1 22
36 1 19
3 4 1
49 1 39
25 2 39
42 1 49
46 2 42
31 1 30
38 1 37
27 1 30
53 1 9
42 1 58
47 1 39
43 1 39
3 2 23
31 1 41
1 2 31
42 1 26
3 2 4
6 1 3
? 1 github_java_program_data/17/240.java

39 1 29
4 2 1
11 1 23
11 1 1
47 2 56
16 1 20
2 2 3
3 2 13
19 1 1
5 1 1
39 1 12
33 2 47
4 2 3
20 1 22
51 1 25
16 1 23
22 1 28
38 1 23
54 1 3
42 1 12
3 1 1
18 2 4
22 2 19
3 5 1
3 2 27
1 4 3
3 2 2
22 1 4
3 2 39
10 2 1
54 1 8
22 1 21
3 1 13
33 2 34
33 2 39
16 1 3
55 1 5
28 1 3
3 7 1
58 1 33
12 2 17
15 2 3
17 2 29
40 2 26
68 1 42
39 1 51
2 2 1
11 2 16
30 2 41
1 2 14
1 2 31
48 1 33
1 2 13
22 1 2
41 2 30
42 1 40
32 1 1
1 7 3
36 2 37
1 2 27
46 1 45
53 1 10
5 2 54
8 2 3
3 2 31
46 1 24
45 2 24
29 1 22
10 1 9
23 1 16
20 1 19
17 1 11
48 1 56
34 1 19
12 1 16
32 1 31
35 1 23
36 2 39
3 1 4
14 1 19
10 1 1
11 1 3
32 1 3
3 1 2
16 1 10
10 2 3
39 1 48
19 2 22
37 1 19
54 1 39
8 2 15
29 2 26
42 1 29
22 1 1
38 1 36
24 1 11
29 1 19
1 2 23
10 1 3
51 2 53
2 2 4
1 1 3
55 1 54
58 1 57
12 2 26
42 1 17
19 1 28
42 1 43
15 1 1
47 2 68
1 1 13
23 1 11
38 2 42
53 1 42
1 1 2
26 2 29
36 1 22
34 1 22
15 1 3
26 2 40
3 2 46
1 2 4
19 1 21
13 1 19
8 2 9
3 2 14
4 2 18
48 2 29
19 1 3
45 1 16
8 2 10
19 1 4
41 1 19
36 2 34
53 1 3
1 2 2
4 2 32
19 1 18
9 2 3
24 1 16
12 2 29
26 1 22
14 1 22
40 1 39
35 1 33
16 1 15
22 1 32
40 1 35
51 1 8
43 1 42
48 1 36
3 1 14
49 2 26
15 2 1
51 1 9
46 2 42
22 1 3
29 2 12
11 1 20
16 1 1
1 5 3
39 1 22
25 1 24
49 2 62
27 1 41
56 1 42
1 2 20
57 1 39
11 1 15
4 2 21
51 1 42
19 1 2
53 1 46
40 2 29
23 2 36
22 1 18
33 1 22
30 1 19
33 2 57
2 2 21
48 1 47
21 2 4
42 1 62
43 2 29
24 2 45
25 2 42
17 2 26
23 2 33
49 1 33
9 2 10
33 1 19
36 2 47
39 1 26
17 2 49
3 2 25
39 1 53
25 1 45
35 1 36
17 2 12
12 1 11
19 1 32
53 1 8
62 1 33
62 2 49
35 2 39
2 2 18
13 1 22
29 2 43
45 1 11
17 1 16
1 1 4
39 1 19
22 1 39
48 1 68
51 1 10
43 1 38
4 2 2
49 1 36
9 2 8
41 1 22
3 2 20
51 1 3
26 1 19
51 1 15
11 1 10
35 1 34
30 1 22
28 1 27
23 1 22
36 1 19
3 4 1
49 1 39
62 1 42
27 1 30
42 1 49
28 1 1
26 2 17
31 1 30
38 1 37
26 2 12
1 1 14
53 1 9
42 1 58
21 2 2
47 1 39
53 2 51
3 2 23
31 1 41
42 1 26
3 2 4
33 2 42
? 1 github_java_program_data/17/253.java

33 2 47
4 2 1
20 2 36
38 1 20
11 1 23
11 1 1
16 1 20
2 2 3
3 2 13
19 1 1
5 1 1
39 1 12
75 1 42
4 2 3
11 1 3
44 1 9
51 1 25
16 1 23
22 1 28
54 1 3
68 1 39
3 1 1
3 5 1
3 2 27
20 2 33
22 1 4
57 2 67
10 2 1
22 1 21
3 1 13
49 1 42
30 1 19
55 1 5
28 1 3
58 1 36
44 1 25
12 2 17
15 2 3
36 2 47
9 2 15
50 6 51
51 1 1
2 2 1
30 2 41
1 2 14
35 1 20
41 2 30
48 1 33
1 2 13
22 1 2
1 2 46
51 1 78
42 1 51
48 2 17
51 1 39
8 2 3
3 2 31
46 1 24
20 1 16
45 2 24
29 1 22
42 1 44
57 1 42
1 1 14
20 1 19
51 1 15
34 1 19
53 1 39
32 1 31
39 1 58
24 2 45
1 7 3
3 1 4
14 1 19
10 1 1
53 1 15
39 1 40
32 1 3
58 1 56
16 1 10
48 1 57
55 1 54
56 1 39
37 1 19
42 1 53
29 2 26
3 1 14
22 1 1
24 1 11
29 1 19
16 2 11
1 2 23
10 1 3
51 2 53
38 1 33
28 1 27
1 1 3
39 1 48
58 1 57
15 1 1
1 1 13
39 1 49
38 2 42
43 2 29
44 1 39
36 1 22
15 1 3
36 2 57
3 2 46
1 2 4
19 1 21
13 1 19
8 2 9
9 2 10
3 2 14
20 1 11
19 1 3
45 1 16
19 1 4
41 1 19
36 2 34
58 1 33
42 1 50
27 1 30
26 2 50
19 1 18
24 1 16
26 1 22
14 1 22
40 1 39
16 1 15
22 1 32
40 1 35
51 1 8
43 1 42
48 1 36
42 1 29
15 2 1
58 2 48
33 2 37
42 1 52
51 1 9
36 2 42
28 1 1
22 1 3
20 1 22
26 2 29
11 1 20
16 1 1
78 1 1
75 1 1
3 2 65
39 1 43
25 1 24
1 2 20
53 1 8
11 1 15
4 2 21
19 1 2
23 1 19
1 5 3
53 1 46
12 2 48
22 1 18
12 1 16
33 1 22
16 1 3
33 2 57
58 1 47
48 1 47
40 2 43
42 1 48
39 1 50
1 2 27
44 1 3
46 2 39
33 1 19
9 2 3
39 1 26
3 4 1
1 4 3
3 2 25
78 2 9
54 1 8
25 1 45
35 1 36
75 1 8
5 2 54
65 1 64
57 1 39
3 2 2
75 1 46
3 2 20
35 2 39
47 1 42
13 1 22
75 2 51
12 2 49
45 1 11
17 1 16
1 1 4
39 1 29
48 1 68
51 1 10
43 1 38
49 1 36
64 1 1
29 2 58
1 2 25
39 1 17
48 1 67
26 1 19
3 7 1
11 1 10
35 1 34
30 1 22
53 1 3
23 1 22
17 2 12
67 2 68
2 2 18
25 2 39
8 2 1
54 1 42
54 1 65
46 2 42
12 2 40
31 1 30
38 1 37
1 2 2
53 1 9
3 1 2
65 2 42
17 1 11
53 2 51
42 1 75
3 2 23
44 2 75
31 1 41
57 2 56
42 1 26
3 2 4
10 2 3
67 1 48
? 1 github_java_program_data/17/264.java

39 1 29
4 2 1
20 2 36
45 1 11
11 1 23
11 1 1
9 2 1
16 1 20
50 6 51
2 2 3
3 2 13
19 1 1
39 1 12
4 2 3
11 1 3
44 1 9
2 2 18
16 1 23
2 2 1
22 1 28
55 1 6
42 1 12
3 1 1
8 2 15
1 2 39
3 2 27
52 1 22
22 1 4
50 1 22
51 1 10
40 2 52
10 2 1
37 1 22
3 1 13
33 2 34
33 2 39
3 1 4
28 1 3
3 7 1
44 1 25
12 2 17
15 2 3
17 2 29
9 2 15
17 2 40
51 1 1
39 1 51
19 1 39
30 2 41
1 2 14
35 1 20
41 2 30
58 1 33
1 2 13
22 1 2
54 1 1
42 1 40
32 1 1
53 1 39
15 2 1
16 1 15
3 2 20
53 1 10
3 2 31
46 1 24
20 1 16
45 2 24
29 1 22
57 1 42
26 1 19
20 1 19
17 1 11
8 2 10
12 1 16
32 1 31
17 2 26
14 1 19
44 2 51
10 1 1
20 1 22
8 2 1
32 1 3
3 1 2
16 1 10
10 2 3
39 1 48
19 2 22
54 1 39
22 2 19
29 2 26
42 1 29
22 1 1
38 1 36
24 1 11
29 1 19
1 2 23
10 1 3
51 2 53
3 5 1
1 1 3
55 1 54
58 1 57
42 1 17
19 1 28
42 1 43
20 2 33
15 1 1
52 6 53
1 1 13
39 1 44
53 1 42
1 1 2
44 1 39
36 1 22
34 1 22
30 1 19
3 2 46
1 2 4
19 1 21
13 1 19
3 2 14
4 2 18
19 1 3
38 2 39
19 1 4
41 1 19
4 2 28
53 1 3
1 2 2
19 1 18
24 1 16
36 2 37
53 2 51
26 1 22
14 1 22
40 1 39
35 1 33
46 1 45
22 1 32
40 1 35
51 1 8
53 1 15
48 1 36
3 1 14
17 2 43
2 2 4
58 2 48
42 1 52
1 7 3
22 1 3
1 2 46
26 2 29
11 1 20
16 1 1
42 1 50
1 5 3
39 1 22
25 1 24
27 1 41
1 2 20
53 1 8
11 1 15
4 2 21
51 1 42
19 1 2
23 1 19
6 2 54
22 1 18
54 1 8
44 1 1
16 1 3
33 2 57
2 2 21
48 1 47
21 2 4
42 1 48
24 2 45
25 2 42
22 1 21
49 1 33
9 2 10
33 1 19
36 2 47
39 1 26
1 4 3
3 2 25
39 1 53
17 2 12
12 1 11
19 1 32
3 2 2
12 2 44
35 2 39
47 1 42
13 1 22
12 2 49
38 1 20
17 1 16
1 1 4
39 1 19
33 1 22
53 1 1
43 1 38
4 2 2
15 1 3
9 2 8
41 1 22
1 2 25
39 1 17
51 1 3
43 2 50
1 1 14
53 1 25
11 1 10
35 1 34
30 1 22
51 1 46
28 1 27
23 1 22
36 1 19
3 4 1
49 1 39
25 2 39
42 1 49
46 2 42
31 1 30
38 1 37
27 1 30
53 1 9
42 1 58
47 1 39
43 1 39
3 2 23
31 1 41
1 2 31
42 1 26
3 2 4
6 1 3
? 1 github_java_program_data/17/270.java

19 1 32
4 2 1
20 2 36
11 1 23
11 1 1
16 1 20
2 2 3
3 2 13
19 1 1
39 1 12
33 2 47
8 2 1
4 2 3
11 1 3
51 1 25
16 1 23
22 1 28
55 1 6
3 1 1
32 2 4
3 5 1
3 2 27
52 1 22
3 2 2
22 1 4
50 1 22
51 1 10
10 2 1
22 1 21
28 2 4
49 1 42
41 1 1
3 1 4
29 2 102
28 1 3
58 1 36
28 1 31
12 2 17
15 2 3
17 2 29
50 6 51
51 1 1
2 2 1
2 2 32
30 2 41
1 2 42
35 1 20
1 2 31
48 1 33
40 2 50
22 1 2
54 1 1
41 2 30
32 1 1
53 1 39
40 1 42
56 1 39
16 1 15
42 1 51
53 1 10
48 2 17
51 1 39
3 2 31
46 1 24
45 2 24
29 1 22
57 1 42
67 1 58
20 1 19
36 2 34
8 2 10
12 1 16
32 1 31
24 2 45
47 1 42
23 1 22
20 1 22
39 1 52
32 1 3
58 1 56
16 1 10
10 2 3
55 1 54
42 1 53
8 2 15
29 2 26
22 1 1
24 1 11
29 1 19
1 2 23
10 1 3
51 2 53
1 1 3
30 1 3
58 1 57
19 1 28
15 1 1
52 6 53
1 1 13
39 1 49
3 1 31
1 1 2
34 1 22
26 2 52
30 1 19
1 2 4
19 1 21
20 1 11
19 1 3
45 1 16
19 1 4
26 2 29
9 2 8
58 1 33
42 1 50
1 2 2
32 1 27
19 1 18
26 1 22
17 2 49
15 2 1
46 1 45
22 1 32
40 1 35
51 1 8
53 1 15
48 1 36
42 1 29
12 2 26
41 1 3
51 1 9
1 7 3
39 1 48
22 1 3
1 2 46
11 1 20
16 1 1
35 2 42
1 1 31
1 5 3
25 1 24
4 2 28
27 1 41
53 1 8
11 1 15
4 2 21
15 1 3
23 1 19
53 1 46
2 2 28
22 1 18
29 2 101
33 1 22
1 1 27
16 1 3
58 1 47
48 1 47
42 1 48
36 2 57
1 2 27
57 2 67
49 1 33
46 2 39
33 1 19
6 2 54
39 1 26
4 2 18
1 4 3
3 2 25
54 1 8
25 1 45
35 1 36
17 2 12
12 1 11
42 1 101
39 1 50
3 2 20
3 2 23
30 1 1
3 1 27
49 2 52
45 1 11
17 1 16
1 1 4
39 1 29
39 1 102
53 1 1
19 1 2
41 1 19
41 1 22
1 2 25
39 1 17
51 1 3
48 1 67
26 1 19
3 7 1
11 1 10
35 1 34
30 1 22
28 1 27
10 1 1
36 1 19
3 4 1
4 2 32
25 2 39
39 1 40
54 1 42
28 1 1
12 2 40
31 1 30
27 1 30
53 1 9
3 1 2
42 1 58
47 1 39
53 2 51
6 1 3
31 1 41
57 2 56
42 1 26
3 2 4
48 2 58
48 1 57
33 2 42
? 1 github_java_program_data/17/288.java

4 2 2
4 2 1
20 2 36
11 1 23
11 1 1
47 2 56
16 1 20
45 1 3
2 2 3
3 2 13
19 1 1
39 1 12
4 2 3
15 2 1
51 1 25
16 1 23
17 2 111
3 1 1
1 2 39
22 1 4
29 2 26
12 2 51
40 2 12
10 2 1
22 1 21
3 1 13
33 2 39
3 1 4
3 7 1
17 2 12
12 2 17
15 2 3
9 2 15
51 1 1
39 1 51
2 2 1
30 2 41
1 2 14
35 1 20
58 1 33
1 2 13
22 1 2
54 1 1
16 1 8
1 2 46
111 1 1
40 1 42
46 1 45
3 2 20
51 1 39
3 2 31
46 1 24
20 1 16
45 2 24
29 1 22
26 1 19
20 1 19
17 1 11
48 1 56
34 1 19
32 1 31
14 1 19
10 1 1
11 1 3
39 1 40
32 1 3
16 1 10
10 2 3
55 1 54
1 7 3
111 1 46
54 1 39
8 2 15
25 2 1
42 1 29
22 1 1
29 1 19
10 1 3
51 2 53
3 5 1
1 1 3
39 1 48
58 1 57
19 1 28
15 1 1
1 1 13
39 1 49
53 1 42
1 1 2
36 1 22
15 1 3
30 1 19
26 2 40
3 2 46
1 2 4
13 1 19
3 4 1
3 2 14
48 2 26
19 1 3
19 1 4
26 2 29
36 2 34
53 1 3
1 2 2
19 1 18
24 1 16
25 1 24
26 1 22
14 1 22
16 1 15
22 1 32
40 1 35
51 1 8
53 1 15
48 1 36
3 1 14
2 2 4
46 2 42
22 1 3
20 1 22
11 1 20
16 1 1
35 2 42
1 5 3
33 1 22
49 2 62
27 1 41
56 1 42
1 2 20
11 1 9
4 2 21
1 2 27
23 1 19
53 1 46
111 1 25
62 1 33
22 1 18
54 1 8
16 1 3
33 2 57
42 1 58
48 1 47
24 2 45
49 1 33
9 2 10
33 1 19
36 2 47
39 1 26
4 2 18
39 1 53
25 1 45
35 1 36
12 1 11
57 1 39
111 2 26
3 2 2
2 2 18
13 1 22
12 2 49
45 1 11
17 1 16
39 1 29
19 1 2
41 1 19
41 1 22
1 2 25
39 1 17
1 1 14
51 1 15
11 1 10
35 1 34
30 1 22
28 1 27
36 1 19
1 4 3
49 1 39
62 1 42
25 2 39
8 2 1
28 1 1
31 1 30
27 1 30
53 1 9
2 2 21
47 1 39
39 1 62
3 2 23
31 1 41
42 1 26
3 2 4
33 2 42
39 1 111
? 1 github_java_program_data/17/290.java

39 1 29
4 2 1
20 2 36
45 1 11
11 1 23
11 1 1
9 2 1
16 1 20
50 6 51
2 2 3
3 2 13
19 1 1
39 1 12
4 2 3
11 1 3
44 1 9
2 2 18
16 1 23
2 2 1
22 1 28
55 1 6
42 1 12
3 1 1
8 2 15
1 2 39
3 2 27
52 1 22
22 1 4
50 1 22
51 1 10
40 2 52
10 2 1
37 1 22
3 1 13
33 2 34
33 2 39
3 1 4
28 1 3
3 7 1
44 1 25
12 2 17
15 2 3
17 2 29
9 2 15
17 2 40
51 1 1
39 1 51
19 1 39
30 2 41
1 2 14
35 1 20
41 2 30
58 1 33
1 2 13
22 1 2
54 1 1
42 1 40
32 1 1
53 1 39
15 2 1
16 1 15
3 2 20
53 1 10
3 2 31
46 1 24
20 1 16
45 2 24
29 1 22
57 1 42
26 1 19
20 1 19
17 1 11
8 2 10
12 1 16
32 1 31
17 2 26
14 1 19
44 2 51
10 1 1
20 1 22
8 2 1
32 1 3
3 1 2
16 1 10
10 2 3
39 1 48
19 2 22
54 1 39
22 2 19
29 2 26
42 1 29
22 1 1
38 1 36
24 1 11
29 1 19
1 2 23
10 1 3
51 2 53
3 5 1
1 1 3
55 1 54
58 1 57
42 1 17
19 1 28
42 1 43
20 2 33
15 1 1
52 6 53
1 1 13
39 1 44
53 1 42
1 1 2
44 1 39
36 1 22
34 1 22
30 1 19
3 2 46
1 2 4
19 1 21
13 1 19
3 2 14
4 2 18
19 1 3
38 2 39
19 1 4
41 1 19
4 2 28
53 1 3
1 2 2
19 1 18
24 1 16
36 2 37
53 2 51
26 1 22
14 1 22
40 1 39
35 1 33
46 1 45
22 1 32
40 1 35
51 1 8
53 1 15
48 1 36
3 1 14
17 2 43
2 2 4
58 2 48
42 1 52
1 7 3
22 1 3
1 2 46
26 2 29
11 1 20
16 1 1
42 1 50
1 5 3
39 1 22
25 1 24
27 1 41
1 2 20
53 1 8
11 1 15
4 2 21
51 1 42
19 1 2
23 1 19
6 2 54
22 1 18
54 1 8
44 1 1
16 1 3
33 2 57
2 2 21
48 1 47
21 2 4
42 1 48
24 2 45
25 2 42
22 1 21
49 1 33
9 2 10
33 1 19
36 2 47
39 1 26
1 4 3
3 2 25
39 1 53
17 2 12
12 1 11
19 1 32
3 2 2
12 2 44
35 2 39
47 1 42
13 1 22
12 2 49
38 1 20
17 1 16
1 1 4
39 1 19
33 1 22
53 1 1
43 1 38
4 2 2
15 1 3
9 2 8
41 1 22
1 2 25
39 1 17
51 1 3
43 2 50
1 1 14
53 1 25
11 1 10
35 1 34
30 1 22
51 1 46
28 1 27
23 1 22
36 1 19
3 4 1
49 1 39
25 2 39
42 1 49
46 2 42
31 1 30
38 1 37
27 1 30
53 1 9
42 1 58
47 1 39
43 1 39
3 2 23
31 1 41
1 2 31
42 1 26
3 2 4
6 1 3
? 1 github_java_program_data/17/300.java

33 2 47
4 2 1
11 1 23
11 1 1
16 1 20
2 2 3
3 2 13
19 1 1
5 1 1
4 2 3
20 1 22
51 1 25
16 1 23
22 1 28
38 1 23
54 1 3
42 1 12
3 1 1
22 1 39
3 5 1
3 2 27
57 2 56
22 1 4
51 1 10
10 2 1
37 1 22
33 2 39
3 1 4
55 1 5
28 1 3
3 7 1
48 1 33
12 2 17
43 1 39
5 2 54
17 2 40
39 1 51
2 2 1
11 2 16
30 2 41
1 2 14
41 2 30
58 1 33
1 2 13
22 1 2
42 1 40
32 1 1
1 2 46
62 1 42
40 1 42
35 2 39
16 1 15
36 2 42
53 1 10
48 2 17
8 2 3
3 2 31
46 1 24
45 2 24
29 1 22
3 2 39
23 1 16
20 1 19
17 1 11
34 1 19
12 1 16
32 1 31
39 1 58
35 1 23
36 2 39
14 1 19
23 1 22
15 2 1
32 1 3
58 1 56
16 1 10
10 2 3
19 2 22
1 7 3
54 1 39
22 2 19
29 2 26
3 1 13
22 1 1
24 1 11
29 1 19
16 2 11
1 2 23
10 1 3
51 2 53
38 1 33
1 1 3
55 1 54
58 1 57
42 1 17
19 1 28
42 1 43
15 1 1
1 1 13
23 1 11
1 2 31
53 1 42
1 1 2
43 2 26
36 1 22
34 1 22
15 1 3
30 1 19
1 2 4
19 1 21
13 1 19
3 4 1
3 2 14
4 2 18
19 1 3
38 2 39
45 1 16
58 2 29
19 1 4
41 1 19
36 2 34
1 2 2
4 2 32
19 1 18
1 1 14
8 2 15
53 2 51
26 1 22
14 1 22
40 1 39
46 1 45
22 1 32
40 1 35
53 1 15
1 2 27
3 1 14
11 1 3
33 2 37
46 2 42
22 1 3
26 2 29
11 1 20
16 1 1
35 2 42
1 5 3
39 1 22
25 1 24
49 2 62
27 1 41
56 1 42
1 2 20
57 1 39
11 1 15
51 1 42
19 1 2
23 1 19
53 1 46
40 2 29
12 2 48
42 1 29
22 1 18
54 1 8
16 1 3
33 2 57
48 1 47
40 2 43
42 1 48
42 1 62
24 2 45
25 2 42
22 1 21
23 2 33
49 1 33
33 1 19
39 1 26
17 2 49
3 2 25
39 1 53
35 1 36
17 2 12
12 1 11
19 1 32
39 1 50
53 1 8
3 2 2
62 2 49
17 2 26
13 1 22
45 1 11
17 1 16
1 1 4
39 1 19
33 1 22
53 1 1
43 1 38
49 1 36
9 2 8
41 1 22
3 2 20
51 1 3
26 1 19
62 1 36
11 1 10
35 1 34
30 1 22
28 1 27
10 1 1
36 1 19
1 4 3
49 1 39
39 1 29
27 1 30
42 1 49
28 1 1
31 1 30
38 1 37
23 2 36
53 1 9
3 1 2
2 2 21
47 1 39
15 2 3
3 2 23
31 1 41
42 1 26
3 2 4
? 1 github_java_program_data/17/314.java

39 1 29
4 2 1
20 2 36
45 1 11
11 1 23
11 1 1
9 2 1
16 1 20
50 6 51
2 2 3
3 2 13
19 1 1
39 1 12
4 2 3
11 1 3
44 1 9
2 2 18
16 1 23
2 2 1
22 1 28
55 1 6
42 1 12
3 1 1
8 2 15
1 2 39
3 2 27
52 1 22
22 1 4
50 1 22
51 1 10
40 2 52
10 2 1
37 1 22
3 1 13
33 2 34
33 2 39
3 1 4
28 1 3
3 7 1
44 1 25
12 2 17
15 2 3
17 2 29
9 2 15
17 2 40
51 1 1
39 1 51
19 1 39
30 2 41
1 2 14
35 1 20
41 2 30
58 1 33
1 2 13
22 1 2
54 1 1
42 1 40
32 1 1
53 1 39
15 2 1
16 1 15
3 2 20
53 1 10
3 2 31
46 1 24
20 1 16
45 2 24
29 1 22
57 1 42
26 1 19
20 1 19
17 1 11
8 2 10
12 1 16
32 1 31
17 2 26
14 1 19
44 2 51
10 1 1
20 1 22
8 2 1
32 1 3
3 1 2
16 1 10
10 2 3
39 1 48
19 2 22
54 1 39
22 2 19
29 2 26
42 1 29
22 1 1
38 1 36
24 1 11
29 1 19
1 2 23
10 1 3
51 2 53
3 5 1
1 1 3
55 1 54
58 1 57
42 1 17
19 1 28
42 1 43
20 2 33
15 1 1
52 6 53
1 1 13
39 1 44
53 1 42
1 1 2
44 1 39
36 1 22
34 1 22
30 1 19
3 2 46
1 2 4
19 1 21
13 1 19
3 2 14
4 2 18
19 1 3
38 2 39
19 1 4
41 1 19
4 2 28
53 1 3
1 2 2
19 1 18
24 1 16
36 2 37
53 2 51
26 1 22
14 1 22
40 1 39
35 1 33
46 1 45
22 1 32
40 1 35
51 1 8
53 1 15
48 1 36
3 1 14
17 2 43
2 2 4
58 2 48
42 1 52
1 7 3
22 1 3
1 2 46
26 2 29
11 1 20
16 1 1
42 1 50
1 5 3
39 1 22
25 1 24
27 1 41
1 2 20
53 1 8
11 1 15
4 2 21
51 1 42
19 1 2
23 1 19
6 2 54
22 1 18
54 1 8
44 1 1
16 1 3
33 2 57
2 2 21
48 1 47
21 2 4
42 1 48
24 2 45
25 2 42
22 1 21
49 1 33
9 2 10
33 1 19
36 2 47
39 1 26
1 4 3
3 2 25
39 1 53
17 2 12
12 1 11
19 1 32
3 2 2
12 2 44
35 2 39
47 1 42
13 1 22
12 2 49
38 1 20
17 1 16
1 1 4
39 1 19
33 1 22
53 1 1
43 1 38
4 2 2
15 1 3
9 2 8
41 1 22
1 2 25
39 1 17
51 1 3
43 2 50
1 1 14
53 1 25
11 1 10
35 1 34
30 1 22
51 1 46
28 1 27
23 1 22
36 1 19
3 4 1
49 1 39
25 2 39
42 1 49
46 2 42
31 1 30
38 1 37
27 1 30
53 1 9
42 1 58
47 1 39
43 1 39
3 2 23
31 1 41
1 2 31
42 1 26
3 2 4
6 1 3
? 1 github_java_program_data/17/330.java

4 2 2
4 2 1
20 2 36
11 1 23
11 1 1
47 2 56
16 1 20
45 1 3
2 2 3
3 2 13
19 1 1
39 1 12
4 2 3
15 2 1
51 1 25
16 1 23
17 2 111
3 1 1
1 2 39
22 1 4
29 2 26
12 2 51
40 2 12
10 2 1
22 1 21
3 1 13
33 2 39
3 1 4
3 7 1
17 2 12
12 2 17
15 2 3
9 2 15
51 1 1
39 1 51
2 2 1
30 2 41
1 2 14
35 1 20
58 1 33
1 2 13
22 1 2
54 1 1
16 1 8
1 2 46
111 1 1
40 1 42
46 1 45
3 2 20
51 1 39
3 2 31
46 1 24
20 1 16
45 2 24
29 1 22
26 1 19
20 1 19
17 1 11
48 1 56
34 1 19
32 1 31
14 1 19
10 1 1
11 1 3
39 1 40
32 1 3
16 1 10
10 2 3
55 1 54
1 7 3
111 1 46
54 1 39
8 2 15
25 2 1
42 1 29
22 1 1
29 1 19
10 1 3
51 2 53
3 5 1
1 1 3
39 1 48
58 1 57
19 1 28
15 1 1
1 1 13
39 1 49
53 1 42
1 1 2
36 1 22
15 1 3
30 1 19
26 2 40
3 2 46
1 2 4
13 1 19
3 4 1
3 2 14
48 2 26
19 1 3
19 1 4
26 2 29
36 2 34
53 1 3
1 2 2
19 1 18
24 1 16
25 1 24
26 1 22
14 1 22
16 1 15
22 1 32
40 1 35
51 1 8
53 1 15
48 1 36
3 1 14
2 2 4
46 2 42
22 1 3
20 1 22
11 1 20
16 1 1
35 2 42
1 5 3
33 1 22
49 2 62
27 1 41
56 1 42
1 2 20
11 1 9
4 2 21
1 2 27
23 1 19
53 1 46
111 1 25
62 1 33
22 1 18
54 1 8
16 1 3
33 2 57
42 1 58
48 1 47
24 2 45
49 1 33
9 2 10
33 1 19
36 2 47
39 1 26
4 2 18
39 1 53
25 1 45
35 1 36
12 1 11
57 1 39
111 2 26
3 2 2
2 2 18
13 1 22
12 2 49
45 1 11
17 1 16
39 1 29
19 1 2
41 1 19
41 1 22
1 2 25
39 1 17
1 1 14
51 1 15
11 1 10
35 1 34
30 1 22
28 1 27
36 1 19
1 4 3
49 1 39
62 1 42
25 2 39
8 2 1
28 1 1
31 1 30
27 1 30
53 1 9
2 2 21
47 1 39
39 1 62
3 2 23
31 1 41
42 1 26
3 2 4
33 2 42
39 1 111
? 1 github_java_program_data/17/350.java

39 1 29
4 2 1
20 2 36
45 1 11
11 1 23
11 1 1
9 2 1
16 1 20
50 6 51
2 2 3
3 2 13
19 1 1
39 1 12
4 2 3
11 1 3
44 1 9
2 2 18
16 1 23
2 2 1
22 1 28
55 1 6
42 1 12
3 1 1
8 2 15
1 2 39
3 2 27
52 1 22
22 1 4
50 1 22
51 1 10
40 2 52
10 2 1
37 1 22
3 1 13
33 2 34
33 2 39
3 1 4
28 1 3
3 7 1
44 1 25
12 2 17
15 2 3
17 2 29
9 2 15
17 2 40
51 1 1
39 1 51
19 1 39
30 2 41
1 2 14
35 1 20
41 2 30
58 1 33
1 2 13
22 1 2
54 1 1
42 1 40
32 1 1
53 1 39
15 2 1
16 1 15
3 2 20
53 1 10
3 2 31
46 1 24
20 1 16
45 2 24
29 1 22
57 1 42
26 1 19
20 1 19
17 1 11
8 2 10
12 1 16
32 1 31
17 2 26
14 1 19
44 2 51
10 1 1
20 1 22
8 2 1
32 1 3
3 1 2
16 1 10
10 2 3
39 1 48
19 2 22
54 1 39
22 2 19
29 2 26
42 1 29
22 1 1
38 1 36
24 1 11
29 1 19
1 2 23
10 1 3
51 2 53
3 5 1
1 1 3
55 1 54
58 1 57
42 1 17
19 1 28
42 1 43
20 2 33
15 1 1
52 6 53
1 1 13
39 1 44
53 1 42
1 1 2
44 1 39
36 1 22
34 1 22
30 1 19
3 2 46
1 2 4
19 1 21
13 1 19
3 2 14
4 2 18
19 1 3
38 2 39
19 1 4
41 1 19
4 2 28
53 1 3
1 2 2
19 1 18
24 1 16
36 2 37
53 2 51
26 1 22
14 1 22
40 1 39
35 1 33
46 1 45
22 1 32
40 1 35
51 1 8
53 1 15
48 1 36
3 1 14
17 2 43
2 2 4
58 2 48
42 1 52
1 7 3
22 1 3
1 2 46
26 2 29
11 1 20
16 1 1
42 1 50
1 5 3
39 1 22
25 1 24
27 1 41
1 2 20
53 1 8
11 1 15
4 2 21
51 1 42
19 1 2
23 1 19
6 2 54
22 1 18
54 1 8
44 1 1
16 1 3
33 2 57
2 2 21
48 1 47
21 2 4
42 1 48
24 2 45
25 2 42
22 1 21
49 1 33
9 2 10
33 1 19
36 2 47
39 1 26
1 4 3
3 2 25
39 1 53
17 2 12
12 1 11
19 1 32
3 2 2
12 2 44
35 2 39
47 1 42
13 1 22
12 2 49
38 1 20
17 1 16
1 1 4
39 1 19
33 1 22
53 1 1
43 1 38
4 2 2
15 1 3
9 2 8
41 1 22
1 2 25
39 1 17
51 1 3
43 2 50
1 1 14
53 1 25
11 1 10
35 1 34
30 1 22
51 1 46
28 1 27
23 1 22
36 1 19
3 4 1
49 1 39
25 2 39
42 1 49
46 2 42
31 1 30
38 1 37
27 1 30
53 1 9
42 1 58
47 1 39
43 1 39
3 2 23
31 1 41
1 2 31
42 1 26
3 2 4
6 1 3
? 1 github_java_program_data/17/360.java

4 2 2
4 2 1
11 1 23
11 1 1
16 1 20
2 2 3
3 2 13
19 1 1
39 1 12
11 1 8
4 2 3
11 1 3
51 1 25
62 2 49
42 1 12
68 1 39
3 1 1
1 2 39
3 2 27
57 2 56
22 1 4
53 1 1
12 2 51
10 2 1
22 1 21
3 1 13
33 2 34
33 2 39
49 1 42
16 1 3
28 1 3
3 7 1
15 2 3
39 1 51
2 2 1
11 2 16
30 2 41
1 2 14
35 1 20
41 2 30
58 1 33
1 2 13
22 1 2
54 1 1
42 1 40
53 1 39
1 2 27
16 1 15
36 2 42
53 1 10
51 1 39
3 2 31
46 1 24
45 2 24
29 1 22
1 1 14
20 1 19
17 1 11
34 1 19
12 1 16
32 1 31
39 1 58
17 2 26
14 1 19
10 1 1
15 2 1
8 2 1
32 1 3
58 1 56
16 1 10
57 1 39
39 1 48
54 1 39
8 2 15
29 2 26
42 1 29
22 1 1
47 2 68
24 1 11
29 1 19
16 2 11
1 2 23
10 1 3
51 2 53
1 1 3
55 1 54
58 1 57
42 1 17
19 1 28
15 1 1
20 2 33
1 1 13
15 1 3
1 2 4
19 1 21
13 1 19
3 4 1
3 2 14
4 2 18
48 2 29
19 1 3
45 1 16
8 2 10
19 1 4
26 2 29
9 2 8
49 2 62
1 2 2
19 1 18
24 1 16
25 1 24
26 1 22
14 1 22
40 1 39
35 1 33
46 1 45
22 1 32
40 1 35
51 1 8
3 5 1
48 1 36
3 1 14
12 2 26
51 1 9
1 7 3
22 1 3
1 2 46
20 1 22
11 1 20
16 1 1
1 5 3
33 1 22
62 1 39
27 1 41
56 1 42
1 2 20
11 1 9
11 1 15
4 2 21
51 1 42
19 1 2
23 1 19
53 1 46
62 1 33
22 1 18
54 1 8
30 1 19
33 2 57
49 2 40
48 1 47
42 1 48
42 1 62
24 2 45
25 2 42
49 1 33
46 2 39
33 1 19
36 2 47
39 1 26
3 2 25
39 1 53
25 1 45
12 1 11
19 1 32
53 1 8
3 2 2
35 2 39
47 1 42
13 1 22
12 2 49
17 1 16
39 1 29
48 1 68
51 1 10
49 1 36
41 1 19
41 1 22
39 1 17
51 1 3
26 1 19
51 1 15
11 1 10
35 1 34
30 1 22
28 1 27
36 1 19
1 4 3
25 2 39
42 1 49
28 1 1
31 1 30
27 1 30
53 1 9
3 1 2
2 2 21
53 2 51
3 2 23
31 1 41
42 1 26
3 2 4
10 2 3
33 2 42
? 1 github_java_program_data/17/364.java

39 1 29
4 2 1
20 2 36
45 1 11
11 1 23
11 1 1
9 2 1
16 1 20
50 6 51
2 2 3
3 2 13
19 1 1
39 1 12
4 2 3
11 1 3
44 1 9
2 2 18
16 1 23
2 2 1
22 1 28
55 1 6
42 1 12
3 1 1
8 2 15
1 2 39
3 2 27
52 1 22
22 1 4
50 1 22
51 1 10
40 2 52
10 2 1
37 1 22
3 1 13
33 2 34
33 2 39
3 1 4
28 1 3
3 7 1
44 1 25
12 2 17
15 2 3
17 2 29
9 2 15
17 2 40
51 1 1
39 1 51
19 1 39
30 2 41
1 2 14
35 1 20
41 2 30
58 1 33
1 2 13
22 1 2
54 1 1
42 1 40
32 1 1
53 1 39
15 2 1
16 1 15
3 2 20
53 1 10
3 2 31
46 1 24
20 1 16
45 2 24
29 1 22
57 1 42
26 1 19
20 1 19
17 1 11
8 2 10
12 1 16
32 1 31
17 2 26
14 1 19
44 2 51
10 1 1
20 1 22
8 2 1
32 1 3
3 1 2
16 1 10
10 2 3
39 1 48
19 2 22
54 1 39
22 2 19
29 2 26
42 1 29
22 1 1
38 1 36
24 1 11
29 1 19
1 2 23
10 1 3
51 2 53
3 5 1
1 1 3
55 1 54
58 1 57
42 1 17
19 1 28
42 1 43
20 2 33
15 1 1
52 6 53
1 1 13
39 1 44
53 1 42
1 1 2
44 1 39
36 1 22
34 1 22
30 1 19
3 2 46
1 2 4
19 1 21
13 1 19
3 2 14
4 2 18
19 1 3
38 2 39
19 1 4
41 1 19
4 2 28
53 1 3
1 2 2
19 1 18
24 1 16
36 2 37
53 2 51
26 1 22
14 1 22
40 1 39
35 1 33
46 1 45
22 1 32
40 1 35
51 1 8
53 1 15
48 1 36
3 1 14
17 2 43
2 2 4
58 2 48
42 1 52
1 7 3
22 1 3
1 2 46
26 2 29
11 1 20
16 1 1
42 1 50
1 5 3
39 1 22
25 1 24
27 1 41
1 2 20
53 1 8
11 1 15
4 2 21
51 1 42
19 1 2
23 1 19
6 2 54
22 1 18
54 1 8
44 1 1
16 1 3
33 2 57
2 2 21
48 1 47
21 2 4
42 1 48
24 2 45
25 2 42
22 1 21
49 1 33
9 2 10
33 1 19
36 2 47
39 1 26
1 4 3
3 2 25
39 1 53
17 2 12
12 1 11
19 1 32
3 2 2
12 2 44
35 2 39
47 1 42
13 1 22
12 2 49
38 1 20
17 1 16
1 1 4
39 1 19
33 1 22
53 1 1
43 1 38
4 2 2
15 1 3
9 2 8
41 1 22
1 2 25
39 1 17
51 1 3
43 2 50
1 1 14
53 1 25
11 1 10
35 1 34
30 1 22
51 1 46
28 1 27
23 1 22
36 1 19
3 4 1
49 1 39
25 2 39
42 1 49
46 2 42
31 1 30
38 1 37
27 1 30
53 1 9
42 1 58
47 1 39
43 1 39
3 2 23
31 1 41
1 2 31
42 1 26
3 2 4
6 1 3
? 1 github_java_program_data/17/390.java

33 2 47
4 2 1
20 2 36
45 1 11
11 1 23
11 1 1
16 1 20
2 2 3
3 2 13
19 1 1
5 1 1
39 1 12
4 2 3
15 2 1
51 1 25
16 1 23
22 1 28
38 1 23
54 1 3
42 1 12
3 1 1
18 2 4
11 2 16
3 2 27
20 2 33
22 1 4
12 2 51
10 2 1
37 1 22
43 2 29
26 1 19
3 1 4
55 1 5
28 1 3
58 1 36
48 1 33
12 2 17
15 2 3
5 2 54
51 1 1
11 1 8
2 2 1
2 2 32
30 2 41
1 2 14
35 1 20
1 2 31
58 1 33
1 2 13
22 1 2
41 2 30
42 1 40
32 1 1
40 1 42
56 1 39
16 1 15
42 1 51
48 2 17
51 1 39
8 2 3
1 7 3
46 1 24
20 1 16
45 2 24
29 1 22
57 1 42
23 1 16
20 1 19
17 1 11
34 1 19
12 1 16
32 1 31
35 1 23
14 1 19
10 1 1
11 1 3
39 1 40
58 1 56
16 1 10
10 2 3
55 1 54
37 1 19
42 1 53
29 2 26
3 1 13
22 1 1
17 2 40
29 1 19
16 2 11
1 2 23
10 1 3
51 2 53
3 5 1
38 1 33
1 1 3
39 1 48
58 1 57
42 1 17
19 1 28
42 1 43
15 1 1
1 1 13
23 1 11
53 1 42
36 1 22
34 1 22
15 1 3
30 1 19
3 2 46
1 2 4
47 1 42
19 1 21
13 1 19
3 2 14
20 1 11
19 1 3
38 2 39
8 2 10
19 1 4
26 2 29
9 2 8
36 2 34
53 1 3
1 2 2
19 1 18
24 1 16
12 2 29
53 2 51
26 1 22
14 1 22
46 1 45
22 1 32
40 1 35
53 1 15
3 1 14
2 2 4
33 2 37
46 2 42
22 1 3
20 1 22
11 1 20
16 1 1
35 2 42
39 1 43
25 1 24
4 2 28
27 1 41
1 2 20
11 1 9
11 1 15
4 2 21
19 1 2
23 1 19
1 5 3
53 1 46
40 2 29
42 1 29
23 2 36
22 1 18
33 1 22
16 1 3
33 2 57
42 1 58
48 1 47
42 1 48
36 2 57
24 2 45
22 1 21
23 2 33
33 1 19
39 1 26
4 2 18
1 4 3
3 2 25
3 2 42
54 1 8
25 1 45
35 1 36
17 2 12
12 1 11
19 1 32
39 1 50
57 1 39
3 2 2
3 2 20
29 2 40
2 2 18
13 1 22
29 2 43
38 1 20
17 1 16
39 1 29
51 1 10
43 1 38
4 2 2
1 2 27
41 1 19
41 1 22
1 2 25
39 1 17
51 1 3
1 1 14
51 1 15
3 7 1
11 1 10
35 1 34
30 1 22
28 1 27
23 1 22
36 1 19
3 4 1
25 2 39
54 1 42
28 1 1
12 2 40
31 1 30
38 1 37
27 1 30
3 1 2
2 2 21
18 2 2
47 1 39
43 1 39
3 2 23
31 1 41
57 2 56
42 1 26
3 2 4
48 2 58
? 1 github_java_program_data/17/395.java

33 2 47
81 1 3
11 1 1
4 2 1
16 1 20
52 1 19
2 2 3
3 2 13
19 1 1
5 1 1
39 1 12
4 2 3
20 1 22
51 1 25
16 1 23
5 2 6
22 1 28
55 1 6
68 1 39
3 1 1
3 5 1
3 2 27
57 2 56
22 1 4
10 2 1
22 1 21
3 1 13
3 1 4
55 1 5
28 1 3
48 2 12
48 1 33
12 2 17
15 2 3
17 2 40
39 1 51
2 2 1
30 2 41
1 2 14
41 2 30
58 1 33
1 2 13
22 1 2
54 1 1
53 1 39
36 2 37
16 1 15
3 2 20
53 1 10
51 1 39
3 2 31
46 1 24
45 2 24
29 1 22
23 1 16
20 1 19
34 1 19
32 1 31
39 1 58
35 1 23
14 1 19
23 1 22
15 2 1
39 1 40
32 1 3
58 1 56
1 2 65
10 2 3
39 1 48
37 1 19
54 1 39
29 2 26
42 1 29
22 1 1
38 1 36
24 1 11
29 1 19
1 2 23
10 1 3
51 2 53
1 1 3
55 1 54
58 1 57
15 1 1
47 2 68
1 1 13
23 1 11
38 2 42
36 1 22
38 1 23
3 2 46
1 2 4
11 1 3
13 1 19
3 4 1
46 2 39
3 2 14
4 2 18
19 1 3
45 1 16
8 2 10
19 1 4
41 1 19
36 2 34
53 1 3
1 2 2
19 1 18
12 2 29
25 1 24
26 1 22
14 1 22
40 1 39
46 1 45
22 1 32
40 1 35
43 1 42
48 1 36
3 1 14
2 2 4
42 1 52
52 6 51
51 1 9
1 7 3
22 1 3
11 1 20
16 1 1
42 1 50
39 1 43
1 1 14
33 1 22
27 1 41
56 1 42
1 2 20
57 1 39
11 1 15
51 1 42
15 1 3
23 1 19
1 5 3
53 1 46
22 1 18
65 1 81
54 1 8
19 1 21
16 1 3
33 2 57
48 1 47
40 2 43
42 1 48
24 2 45
25 2 42
9 2 10
33 1 19
36 2 47
39 1 26
30 1 19
3 2 25
39 1 53
35 1 36
12 1 11
53 1 8
3 2 2
35 2 39
47 1 42
13 1 22
17 1 16
39 1 29
65 2 39
48 1 68
51 1 10
43 1 38
19 1 2
41 1 22
39 1 17
51 1 3
6 2 54
26 1 19
3 7 1
11 1 10
35 1 34
30 1 22
28 1 27
10 1 1
17 2 12
1 4 3
25 2 39
27 1 30
8 2 1
54 1 65
26 2 17
31 1 30
38 1 37
23 2 36
3 1 2
2 2 21
53 2 51
3 2 23
31 1 41
42 1 26
3 2 4
6 1 3
? 1 github_java_program_data/17/419.java

33 2 47
4 2 1
11 1 23
11 1 1
9 2 1
16 1 20
2 2 3
3 2 13
19 1 1
5 1 1
39 1 12
4 2 3
15 2 1
44 1 9
18 2 4
38 1 33
22 1 28
38 1 23
54 1 3
42 1 12
3 1 1
3 5 1
22 1 4
51 1 10
10 2 1
22 1 21
3 1 13
33 2 34
3 1 4
55 1 5
58 1 36
44 1 25
15 2 3
5 2 54
51 1 1
2 2 1
30 2 41
1 2 14
41 2 30
48 1 33
1 2 13
22 1 2
42 1 40
32 1 1
53 1 39
40 1 42
56 1 39
16 1 15
42 1 51
53 1 10
8 2 3
3 2 31
46 1 24
45 2 24
29 1 22
42 1 44
57 1 42
23 1 16
20 1 19
17 1 11
48 1 56
1 2 46
32 1 31
39 1 58
35 1 23
86 1 58
47 1 42
44 2 51
10 1 1
11 1 3
32 1 3
3 1 2
16 1 10
48 1 57
39 1 48
42 1 53
29 2 26
42 1 29
22 1 1
24 1 11
29 1 19
16 2 11
1 2 23
10 1 3
51 2 53
2 2 4
1 1 3
55 1 54
58 1 57
42 1 17
42 1 43
15 1 1
52 6 53
1 1 13
23 1 11
1 2 31
44 1 39
36 1 22
34 1 22
67 2 86
15 1 3
30 1 19
1 2 4
19 1 21
13 1 19
8 2 9
3 2 14
4 2 18
19 1 3
38 2 39
45 1 16
19 1 4
41 1 19
53 1 3
27 1 30
19 1 18
24 1 16
86 2 56
53 2 51
26 1 22
14 1 22
35 1 33
46 1 45
22 1 32
40 1 35
51 1 8
1 7 3
48 1 36
3 1 14
12 2 26
33 2 37
42 1 52
51 1 9
28 1 1
22 1 3
20 1 22
26 2 29
11 1 20
16 1 1
35 2 42
1 5 3
1 1 14
25 1 24
27 1 41
1 2 20
53 1 8
11 1 15
4 2 21
51 1 42
19 1 2
23 1 19
47 2 67
17 2 26
22 1 18
12 1 16
33 1 22
44 1 1
16 1 3
58 2 12
33 2 57
58 1 47
48 1 47
40 2 43
42 1 48
36 2 57
24 2 45
37 1 22
23 2 33
48 1 86
29 2 52
9 2 10
33 1 19
36 2 47
39 1 26
3 4 1
3 2 25
3 2 42
54 1 8
25 1 45
17 2 12
12 1 11
19 1 32
39 1 50
57 1 39
3 2 2
3 2 20
14 1 19
13 1 22
45 1 11
48 2 58
39 1 29
53 1 1
43 1 38
4 2 2
1 2 27
41 1 22
1 2 25
39 1 17
48 1 67
26 1 19
53 1 25
3 7 1
11 1 10
35 1 34
30 1 22
51 1 46
28 1 27
36 1 19
1 4 3
2 2 18
25 2 39
54 1 42
46 2 42
12 2 40
31 1 30
38 1 37
1 2 2
53 1 9
2 2 21
47 1 39
43 1 39
31 1 41
42 1 26
3 2 4
10 2 3
67 1 48
? 1 github_java_program_data/17/42.java

4 2 2
4 2 1
20 2 36
11 1 23
11 1 1
47 2 56
16 1 20
45 1 3
2 2 3
3 2 13
19 1 1
39 1 12
4 2 3
15 2 1
51 1 25
16 1 23
17 2 111
3 1 1
1 2 39
22 1 4
29 2 26
12 2 51
40 2 12
10 2 1
22 1 21
3 1 13
33 2 39
3 1 4
3 7 1
17 2 12
12 2 17
15 2 3
9 2 15
51 1 1
39 1 51
2 2 1
30 2 41
1 2 14
35 1 20
58 1 33
1 2 13
22 1 2
54 1 1
16 1 8
1 2 46
111 1 1
40 1 42
46 1 45
3 2 20
51 1 39
3 2 31
46 1 24
20 1 16
45 2 24
29 1 22
26 1 19
20 1 19
17 1 11
48 1 56
34 1 19
32 1 31
14 1 19
10 1 1
11 1 3
39 1 40
32 1 3
16 1 10
10 2 3
55 1 54
1 7 3
111 1 46
54 1 39
8 2 15
25 2 1
42 1 29
22 1 1
29 1 19
10 1 3
51 2 53
3 5 1
1 1 3
39 1 48
58 1 57
19 1 28
15 1 1
1 1 13
39 1 49
53 1 42
1 1 2
36 1 22
15 1 3
30 1 19
26 2 40
3 2 46
1 2 4
13 1 19
3 4 1
3 2 14
48 2 26
19 1 3
19 1 4
26 2 29
36 2 34
53 1 3
1 2 2
19 1 18
24 1 16
25 1 24
26 1 22
14 1 22
16 1 15
22 1 32
40 1 35
51 1 8
53 1 15
48 1 36
3 1 14
2 2 4
46 2 42
22 1 3
20 1 22
11 1 20
16 1 1
35 2 42
1 5 3
33 1 22
49 2 62
27 1 41
56 1 42
1 2 20
11 1 9
4 2 21
1 2 27
23 1 19
53 1 46
111 1 25
62 1 33
22 1 18
54 1 8
16 1 3
33 2 57
42 1 58
48 1 47
24 2 45
49 1 33
9 2 10
33 1 19
36 2 47
39 1 26
4 2 18
39 1 53
25 1 45
35 1 36
12 1 11
57 1 39
111 2 26
3 2 2
2 2 18
13 1 22
12 2 49
45 1 11
17 1 16
39 1 29
19 1 2
41 1 19
41 1 22
1 2 25
39 1 17
1 1 14
51 1 15
11 1 10
35 1 34
30 1 22
28 1 27
36 1 19
1 4 3
49 1 39
62 1 42
25 2 39
8 2 1
28 1 1
31 1 30
27 1 30
53 1 9
2 2 21
47 1 39
39 1 62
3 2 23
31 1 41
42 1 26
3 2 4
33 2 42
39 1 111
? 1 github_java_program_data/17/440.java

39 1 29
4 2 1
20 2 36
45 1 11
11 1 23
11 1 1
9 2 1
16 1 20
50 6 51
2 2 3
3 2 13
19 1 1
39 1 12
4 2 3
11 1 3
44 1 9
2 2 18
16 1 23
2 2 1
22 1 28
55 1 6
42 1 12
3 1 1
8 2 15
1 2 39
3 2 27
52 1 22
22 1 4
50 1 22
51 1 10
40 2 52
10 2 1
37 1 22
3 1 13
33 2 34
33 2 39
3 1 4
28 1 3
3 7 1
44 1 25
12 2 17
15 2 3
17 2 29
9 2 15
17 2 40
51 1 1
39 1 51
19 1 39
30 2 41
1 2 14
35 1 20
41 2 30
58 1 33
1 2 13
22 1 2
54 1 1
42 1 40
32 1 1
53 1 39
15 2 1
16 1 15
3 2 20
53 1 10
3 2 31
46 1 24
20 1 16
45 2 24
29 1 22
57 1 42
26 1 19
20 1 19
17 1 11
8 2 10
12 1 16
32 1 31
17 2 26
14 1 19
44 2 51
10 1 1
20 1 22
8 2 1
32 1 3
3 1 2
16 1 10
10 2 3
39 1 48
19 2 22
54 1 39
22 2 19
29 2 26
42 1 29
22 1 1
38 1 36
24 1 11
29 1 19
1 2 23
10 1 3
51 2 53
3 5 1
1 1 3
55 1 54
58 1 57
42 1 17
19 1 28
42 1 43
20 2 33
15 1 1
52 6 53
1 1 13
39 1 44
53 1 42
1 1 2
44 1 39
36 1 22
34 1 22
30 1 19
3 2 46
1 2 4
19 1 21
13 1 19
3 2 14
4 2 18
19 1 3
38 2 39
19 1 4
41 1 19
4 2 28
53 1 3
1 2 2
19 1 18
24 1 16
36 2 37
53 2 51
26 1 22
14 1 22
40 1 39
35 1 33
46 1 45
22 1 32
40 1 35
51 1 8
53 1 15
48 1 36
3 1 14
17 2 43
2 2 4
58 2 48
42 1 52
1 7 3
22 1 3
1 2 46
26 2 29
11 1 20
16 1 1
42 1 50
1 5 3
39 1 22
25 1 24
27 1 41
1 2 20
53 1 8
11 1 15
4 2 21
51 1 42
19 1 2
23 1 19
6 2 54
22 1 18
54 1 8
44 1 1
16 1 3
33 2 57
2 2 21
48 1 47
21 2 4
42 1 48
24 2 45
25 2 42
22 1 21
49 1 33
9 2 10
33 1 19
36 2 47
39 1 26
1 4 3
3 2 25
39 1 53
17 2 12
12 1 11
19 1 32
3 2 2
12 2 44
35 2 39
47 1 42
13 1 22
12 2 49
38 1 20
17 1 16
1 1 4
39 1 19
33 1 22
53 1 1
43 1 38
4 2 2
15 1 3
9 2 8
41 1 22
1 2 25
39 1 17
51 1 3
43 2 50
1 1 14
53 1 25
11 1 10
35 1 34
30 1 22
51 1 46
28 1 27
23 1 22
36 1 19
3 4 1
49 1 39
25 2 39
42 1 49
46 2 42
31 1 30
38 1 37
27 1 30
53 1 9
42 1 58
47 1 39
43 1 39
3 2 23
31 1 41
1 2 31
42 1 26
3 2 4
6 1 3
? 1 github_java_program_data/17/450.java

39 1 29
4 2 1
20 2 36
45 1 11
11 1 23
11 1 1
9 2 1
16 1 20
50 6 51
2 2 3
3 2 13
19 1 1
39 1 12
4 2 3
11 1 3
44 1 9
2 2 18
16 1 23
2 2 1
22 1 28
55 1 6
42 1 12
3 1 1
8 2 15
1 2 39
3 2 27
52 1 22
22 1 4
50 1 22
51 1 10
40 2 52
10 2 1
37 1 22
3 1 13
33 2 34
33 2 39
3 1 4
28 1 3
3 7 1
44 1 25
12 2 17
15 2 3
17 2 29
9 2 15
17 2 40
51 1 1
39 1 51
19 1 39
30 2 41
1 2 14
35 1 20
41 2 30
58 1 33
1 2 13
22 1 2
54 1 1
42 1 40
32 1 1
53 1 39
15 2 1
16 1 15
3 2 20
53 1 10
3 2 31
46 1 24
20 1 16
45 2 24
29 1 22
57 1 42
26 1 19
20 1 19
17 1 11
8 2 10
12 1 16
32 1 31
17 2 26
14 1 19
44 2 51
10 1 1
20 1 22
8 2 1
32 1 3
3 1 2
16 1 10
10 2 3
39 1 48
19 2 22
54 1 39
22 2 19
29 2 26
42 1 29
22 1 1
38 1 36
24 1 11
29 1 19
1 2 23
10 1 3
51 2 53
3 5 1
1 1 3
55 1 54
58 1 57
42 1 17
19 1 28
42 1 43
20 2 33
15 1 1
52 6 53
1 1 13
39 1 44
53 1 42
1 1 2
44 1 39
36 1 22
34 1 22
30 1 19
3 2 46
1 2 4
19 1 21
13 1 19
3 2 14
4 2 18
19 1 3
38 2 39
19 1 4
41 1 19
4 2 28
53 1 3
1 2 2
19 1 18
24 1 16
36 2 37
53 2 51
26 1 22
14 1 22
40 1 39
35 1 33
46 1 45
22 1 32
40 1 35
51 1 8
53 1 15
48 1 36
3 1 14
17 2 43
2 2 4
58 2 48
42 1 52
1 7 3
22 1 3
1 2 46
26 2 29
11 1 20
16 1 1
42 1 50
1 5 3
39 1 22
25 1 24
27 1 41
1 2 20
53 1 8
11 1 15
4 2 21
51 1 42
19 1 2
23 1 19
6 2 54
22 1 18
54 1 8
44 1 1
16 1 3
33 2 57
2 2 21
48 1 47
21 2 4
42 1 48
24 2 45
25 2 42
22 1 21
49 1 33
9 2 10
33 1 19
36 2 47
39 1 26
1 4 3
3 2 25
39 1 53
17 2 12
12 1 11
19 1 32
3 2 2
12 2 44
35 2 39
47 1 42
13 1 22
12 2 49
38 1 20
17 1 16
1 1 4
39 1 19
33 1 22
53 1 1
43 1 38
4 2 2
15 1 3
9 2 8
41 1 22
1 2 25
39 1 17
51 1 3
43 2 50
1 1 14
53 1 25
11 1 10
35 1 34
30 1 22
51 1 46
28 1 27
23 1 22
36 1 19
3 4 1
49 1 39
25 2 39
42 1 49
46 2 42
31 1 30
38 1 37
27 1 30
53 1 9
42 1 58
47 1 39
43 1 39
3 2 23
31 1 41
1 2 31
42 1 26
3 2 4
6 1 3
? 1 github_java_program_data/17/480.java

4 2 2
4 2 1
20 2 36
11 1 23
11 1 1
47 2 56
16 1 20
45 1 3
2 2 3
3 2 13
19 1 1
39 1 12
4 2 3
15 2 1
51 1 25
16 1 23
17 2 111
3 1 1
1 2 39
22 1 4
29 2 26
12 2 51
40 2 12
10 2 1
22 1 21
3 1 13
33 2 39
3 1 4
3 7 1
17 2 12
12 2 17
15 2 3
9 2 15
51 1 1
39 1 51
2 2 1
30 2 41
1 2 14
35 1 20
58 1 33
1 2 13
22 1 2
54 1 1
16 1 8
1 2 46
111 1 1
40 1 42
46 1 45
3 2 20
51 1 39
3 2 31
46 1 24
20 1 16
45 2 24
29 1 22
26 1 19
20 1 19
17 1 11
48 1 56
34 1 19
32 1 31
14 1 19
10 1 1
11 1 3
39 1 40
32 1 3
16 1 10
10 2 3
55 1 54
1 7 3
111 1 46
54 1 39
8 2 15
25 2 1
42 1 29
22 1 1
29 1 19
10 1 3
51 2 53
3 5 1
1 1 3
39 1 48
58 1 57
19 1 28
15 1 1
1 1 13
39 1 49
53 1 42
1 1 2
36 1 22
15 1 3
30 1 19
26 2 40
3 2 46
1 2 4
13 1 19
3 4 1
3 2 14
48 2 26
19 1 3
19 1 4
26 2 29
36 2 34
53 1 3
1 2 2
19 1 18
24 1 16
25 1 24
26 1 22
14 1 22
16 1 15
22 1 32
40 1 35
51 1 8
53 1 15
48 1 36
3 1 14
2 2 4
46 2 42
22 1 3
20 1 22
11 1 20
16 1 1
35 2 42
1 5 3
33 1 22
49 2 62
27 1 41
56 1 42
1 2 20
11 1 9
4 2 21
1 2 27
23 1 19
53 1 46
111 1 25
62 1 33
22 1 18
54 1 8
16 1 3
33 2 57
42 1 58
48 1 47
24 2 45
49 1 33
9 2 10
33 1 19
36 2 47
39 1 26
4 2 18
39 1 53
25 1 45
35 1 36
12 1 11
57 1 39
111 2 26
3 2 2
2 2 18
13 1 22
12 2 49
45 1 11
17 1 16
39 1 29
19 1 2
41 1 19
41 1 22
1 2 25
39 1 17
1 1 14
51 1 15
11 1 10
35 1 34
30 1 22
28 1 27
36 1 19
1 4 3
49 1 39
62 1 42
25 2 39
8 2 1
28 1 1
31 1 30
27 1 30
53 1 9
2 2 21
47 1 39
39 1 62
3 2 23
31 1 41
42 1 26
3 2 4
33 2 42
39 1 111
? 1 github_java_program_data/17/50.java

39 1 29
4 2 1
20 2 36
45 1 11
11 1 23
11 1 1
9 2 1
16 1 20
50 6 51
2 2 3
3 2 13
19 1 1
39 1 12
4 2 3
11 1 3
44 1 9
2 2 18
16 1 23
2 2 1
22 1 28
55 1 6
42 1 12
3 1 1
8 2 15
1 2 39
3 2 27
52 1 22
22 1 4
50 1 22
51 1 10
40 2 52
10 2 1
37 1 22
3 1 13
33 2 34
33 2 39
3 1 4
28 1 3
3 7 1
44 1 25
12 2 17
15 2 3
17 2 29
9 2 15
17 2 40
51 1 1
39 1 51
19 1 39
30 2 41
1 2 14
35 1 20
41 2 30
58 1 33
1 2 13
22 1 2
54 1 1
42 1 40
32 1 1
53 1 39
15 2 1
16 1 15
3 2 20
53 1 10
3 2 31
46 1 24
20 1 16
45 2 24
29 1 22
57 1 42
26 1 19
20 1 19
17 1 11
8 2 10
12 1 16
32 1 31
17 2 26
14 1 19
44 2 51
10 1 1
20 1 22
8 2 1
32 1 3
3 1 2
16 1 10
10 2 3
39 1 48
19 2 22
54 1 39
22 2 19
29 2 26
42 1 29
22 1 1
38 1 36
24 1 11
29 1 19
1 2 23
10 1 3
51 2 53
3 5 1
1 1 3
55 1 54
58 1 57
42 1 17
19 1 28
42 1 43
20 2 33
15 1 1
52 6 53
1 1 13
39 1 44
53 1 42
1 1 2
44 1 39
36 1 22
34 1 22
30 1 19
3 2 46
1 2 4
19 1 21
13 1 19
3 2 14
4 2 18
19 1 3
38 2 39
19 1 4
41 1 19
4 2 28
53 1 3
1 2 2
19 1 18
24 1 16
36 2 37
53 2 51
26 1 22
14 1 22
40 1 39
35 1 33
46 1 45
22 1 32
40 1 35
51 1 8
53 1 15
48 1 36
3 1 14
17 2 43
2 2 4
58 2 48
42 1 52
1 7 3
22 1 3
1 2 46
26 2 29
11 1 20
16 1 1
42 1 50
1 5 3
39 1 22
25 1 24
27 1 41
1 2 20
53 1 8
11 1 15
4 2 21
51 1 42
19 1 2
23 1 19
6 2 54
22 1 18
54 1 8
44 1 1
16 1 3
33 2 57
2 2 21
48 1 47
21 2 4
42 1 48
24 2 45
25 2 42
22 1 21
49 1 33
9 2 10
33 1 19
36 2 47
39 1 26
1 4 3
3 2 25
39 1 53
17 2 12
12 1 11
19 1 32
3 2 2
12 2 44
35 2 39
47 1 42
13 1 22
12 2 49
38 1 20
17 1 16
1 1 4
39 1 19
33 1 22
53 1 1
43 1 38
4 2 2
15 1 3
9 2 8
41 1 22
1 2 25
39 1 17
51 1 3
43 2 50
1 1 14
53 1 25
11 1 10
35 1 34
30 1 22
51 1 46
28 1 27
23 1 22
36 1 19
3 4 1
49 1 39
25 2 39
42 1 49
46 2 42
31 1 30
38 1 37
27 1 30
53 1 9
42 1 58
47 1 39
43 1 39
3 2 23
31 1 41
1 2 31
42 1 26
3 2 4
6 1 3
? 1 github_java_program_data/17/510.java

4 2 2
4 2 1
20 2 36
11 1 23
11 1 1
47 2 56
16 1 20
45 1 3
2 2 3
3 2 13
19 1 1
39 1 12
4 2 3
15 2 1
51 1 25
16 1 23
17 2 111
3 1 1
1 2 39
22 1 4
29 2 26
12 2 51
40 2 12
10 2 1
22 1 21
3 1 13
33 2 39
3 1 4
3 7 1
17 2 12
12 2 17
15 2 3
9 2 15
51 1 1
39 1 51
2 2 1
30 2 41
1 2 14
35 1 20
58 1 33
1 2 13
22 1 2
54 1 1
16 1 8
1 2 46
111 1 1
40 1 42
46 1 45
3 2 20
51 1 39
3 2 31
46 1 24
20 1 16
45 2 24
29 1 22
26 1 19
20 1 19
17 1 11
48 1 56
34 1 19
32 1 31
14 1 19
10 1 1
11 1 3
39 1 40
32 1 3
16 1 10
10 2 3
55 1 54
1 7 3
111 1 46
54 1 39
8 2 15
25 2 1
42 1 29
22 1 1
29 1 19
10 1 3
51 2 53
3 5 1
1 1 3
39 1 48
58 1 57
19 1 28
15 1 1
1 1 13
39 1 49
53 1 42
1 1 2
36 1 22
15 1 3
30 1 19
26 2 40
3 2 46
1 2 4
13 1 19
3 4 1
3 2 14
48 2 26
19 1 3
19 1 4
26 2 29
36 2 34
53 1 3
1 2 2
19 1 18
24 1 16
25 1 24
26 1 22
14 1 22
16 1 15
22 1 32
40 1 35
51 1 8
53 1 15
48 1 36
3 1 14
2 2 4
46 2 42
22 1 3
20 1 22
11 1 20
16 1 1
35 2 42
1 5 3
33 1 22
49 2 62
27 1 41
56 1 42
1 2 20
11 1 9
4 2 21
1 2 27
23 1 19
53 1 46
111 1 25
62 1 33
22 1 18
54 1 8
16 1 3
33 2 57
42 1 58
48 1 47
24 2 45
49 1 33
9 2 10
33 1 19
36 2 47
39 1 26
4 2 18
39 1 53
25 1 45
35 1 36
12 1 11
57 1 39
111 2 26
3 2 2
2 2 18
13 1 22
12 2 49
45 1 11
17 1 16
39 1 29
19 1 2
41 1 19
41 1 22
1 2 25
39 1 17
1 1 14
51 1 15
11 1 10
35 1 34
30 1 22
28 1 27
36 1 19
1 4 3
49 1 39
62 1 42
25 2 39
8 2 1
28 1 1
31 1 30
27 1 30
53 1 9
2 2 21
47 1 39
39 1 62
3 2 23
31 1 41
42 1 26
3 2 4
33 2 42
39 1 111
? 1 github_java_program_data/17/530.java

33 2 47
4 2 1
11 1 23
11 1 1
16 1 20
2 2 3
3 2 13
19 1 1
39 1 12
4 2 3
15 2 1
51 1 25
16 1 23
2 2 1
22 1 28
55 1 6
42 1 12
3 1 1
48 2 52
3 5 1
3 2 27
52 1 22
22 1 4
50 1 22
10 2 1
22 1 21
33 2 39
30 1 19
28 1 3
3 7 1
48 1 33
12 2 17
15 2 3
50 6 51
51 1 1
19 1 39
30 2 41
1 2 14
41 2 30
58 1 33
1 2 13
22 1 2
54 1 1
46 1 45
42 1 51
53 1 10
51 1 39
3 2 31
46 1 24
1 2 42
45 2 24
29 1 22
1 1 14
20 1 19
17 1 11
12 1 16
32 1 31
39 1 58
17 2 26
36 2 39
3 1 4
14 1 19
23 1 22
11 1 3
8 2 1
32 1 3
3 1 2
39 1 19
16 1 10
10 2 3
55 1 54
19 2 22
42 1 53
22 2 19
29 2 26
3 1 13
22 1 1
24 1 11
29 1 19
36 2 42
10 1 3
51 2 53
1 1 3
8 2 10
58 1 57
42 1 17
19 1 28
15 1 1
52 6 53
1 1 13
39 1 49
53 1 42
1 1 2
36 1 22
15 1 3
3 2 46
1 2 4
13 1 19
3 2 14
4 2 18
19 1 3
45 1 16
19 1 4
41 1 19
9 2 8
53 1 3
1 2 2
19 1 18
24 1 16
12 2 29
26 1 22
14 1 22
16 1 15
22 1 32
51 1 8
1 7 3
1 2 27
42 1 29
2 2 4
42 1 52
51 1 9
46 2 42
22 1 3
20 1 22
11 1 20
16 1 1
26 2 50
1 5 3
39 1 22
25 1 24
49 2 62
27 1 41
56 1 42
1 2 20
53 1 8
11 1 15
4 2 21
51 1 42
19 1 2
23 1 19
53 1 46
50 1 19
22 1 18
33 1 22
16 1 3
33 2 57
62 2 50
48 1 47
42 1 48
24 2 45
25 2 42
49 1 33
33 1 19
6 2 54
39 1 26
1 4 3
3 2 25
54 1 8
25 1 45
12 1 11
19 1 32
39 1 50
57 1 39
3 2 2
8 2 15
13 1 22
12 2 49
45 1 11
17 1 16
1 1 4
39 1 29
62 2 49
51 1 10
49 1 36
41 1 22
1 2 25
39 1 17
51 1 3
26 1 19
51 1 15
62 1 36
11 1 10
30 1 22
28 1 27
10 1 1
17 2 12
3 4 1
49 1 39
62 1 42
25 2 39
54 1 42
28 1 1
31 1 30
27 1 30
53 1 9
58 1 56
2 2 21
47 1 39
53 2 51
39 1 62
3 2 23
31 1 41
57 2 56
42 1 26
3 2 4
6 1 3
? 1 github_java_program_data/17/543.java

33 2 47
4 2 1
20 2 36
38 1 20
11 1 23
11 1 1
16 1 20
50 6 51
2 2 3
3 2 13
19 1 1
39 1 12
8 2 1
4 2 3
20 1 22
2 2 18
51 1 25
16 1 23
2 2 1
22 1 28
55 1 6
39 1 29
22 2 19
3 1 1
32 2 4
11 2 16
3 2 27
52 1 22
22 1 4
51 1 10
10 2 1
37 1 22
33 2 34
33 2 39
3 1 4
28 1 3
3 7 1
48 1 33
12 2 17
15 2 3
10 2 3
51 1 1
39 1 51
19 1 39
2 2 32
1 2 14
35 1 20
1 2 31
58 1 33
1 2 13
22 1 2
54 1 1
41 2 30
17 2 62
62 2 50
32 1 1
53 1 39
15 2 1
40 1 42
3 2 20
53 1 10
36 2 57
51 1 39
3 2 31
46 1 24
20 1 16
45 2 24
29 1 22
57 1 42
67 1 58
23 1 16
20 1 19
42 1 19
48 1 56
34 1 19
12 1 16
17 1 11
35 1 23
62 2 49
14 1 19
46 2 39
10 1 1
53 1 15
39 1 52
32 1 3
3 1 2
42 1 22
16 1 10
48 1 57
55 1 54
19 2 22
1 7 3
37 1 19
54 1 39
8 2 15
29 2 26
3 1 13
22 1 1
38 1 36
24 1 11
29 1 19
16 2 11
1 2 23
10 1 3
51 2 53
38 1 33
28 1 27
1 1 3
39 1 48
19 1 28
15 1 1
20 2 33
52 6 53
1 1 13
23 1 11
38 2 42
1 1 2
36 1 22
34 1 22
38 1 23
3 2 46
1 2 4
19 1 21
13 1 19
19 1 42
17 2 40
3 2 14
20 1 11
19 1 3
45 1 16
8 2 10
19 1 4
41 1 19
4 2 28
36 2 34
42 1 50
1 2 2
42 1 29
19 1 18
24 1 16
36 2 37
25 1 24
26 1 22
14 1 22
40 1 39
35 1 33
16 1 15
22 1 32
40 1 35
51 1 8
43 1 42
48 1 36
3 1 14
11 1 3
33 2 37
51 1 9
36 2 42
67 2 56
22 1 3
1 2 39
1 2 46
11 1 20
16 1 1
35 2 42
39 1 43
39 1 22
33 1 22
49 2 62
27 1 41
56 1 42
1 2 20
53 1 8
11 1 15
4 2 21
51 1 42
19 1 2
23 1 19
1 5 3
53 1 46
40 2 29
12 2 48
50 1 19
2 2 28
22 1 18
54 1 8
16 1 3
58 1 47
48 1 47
40 2 43
48 2 17
42 1 62
32 1 31
1 2 27
25 2 42
22 1 21
23 2 33
49 1 33
9 2 10
33 1 19
6 2 54
39 1 26
3 4 1
57 2 67
30 1 19
3 2 25
39 1 53
25 1 45
35 1 36
17 2 12
12 1 11
19 1 32
39 1 50
3 2 2
35 2 39
47 1 42
13 1 22
29 2 43
45 1 11
17 1 16
1 1 4
39 1 19
53 1 1
43 1 38
15 1 3
23 2 36
41 1 22
1 2 25
39 1 17
51 1 3
48 1 67
26 1 19
51 1 15
62 1 36
11 1 10
35 1 34
3 5 1
53 1 3
23 1 22
36 1 19
1 4 3
49 1 39
9 2 8
62 1 42
25 2 39
27 1 30
39 1 40
42 1 49
28 1 1
12 2 40
31 1 30
38 1 37
1 1 14
47 1 39
53 2 51
39 1 62
3 2 23
31 1 41
42 1 26
3 2 4
43 2 52
6 1 3
? 1 github_java_program_data/17/548.java

39 1 29
4 2 1
20 2 36
45 1 11
11 1 23
11 1 1
9 2 1
16 1 20
50 6 51
2 2 3
3 2 13
19 1 1
39 1 12
4 2 3
11 1 3
44 1 9
2 2 18
16 1 23
2 2 1
22 1 28
55 1 6
42 1 12
3 1 1
8 2 15
1 2 39
3 2 27
52 1 22
22 1 4
50 1 22
51 1 10
40 2 52
10 2 1
37 1 22
3 1 13
33 2 34
33 2 39
3 1 4
28 1 3
3 7 1
44 1 25
12 2 17
15 2 3
17 2 29
9 2 15
17 2 40
51 1 1
39 1 51
19 1 39
30 2 41
1 2 14
35 1 20
41 2 30
58 1 33
1 2 13
22 1 2
54 1 1
42 1 40
32 1 1
53 1 39
15 2 1
16 1 15
3 2 20
53 1 10
3 2 31
46 1 24
20 1 16
45 2 24
29 1 22
57 1 42
26 1 19
20 1 19
17 1 11
8 2 10
12 1 16
32 1 31
17 2 26
14 1 19
44 2 51
10 1 1
20 1 22
8 2 1
32 1 3
3 1 2
16 1 10
10 2 3
39 1 48
19 2 22
54 1 39
22 2 19
29 2 26
42 1 29
22 1 1
38 1 36
24 1 11
29 1 19
1 2 23
10 1 3
51 2 53
3 5 1
1 1 3
55 1 54
58 1 57
42 1 17
19 1 28
42 1 43
20 2 33
15 1 1
52 6 53
1 1 13
39 1 44
53 1 42
1 1 2
44 1 39
36 1 22
34 1 22
30 1 19
3 2 46
1 2 4
19 1 21
13 1 19
3 2 14
4 2 18
19 1 3
38 2 39
19 1 4
41 1 19
4 2 28
53 1 3
1 2 2
19 1 18
24 1 16
36 2 37
53 2 51
26 1 22
14 1 22
40 1 39
35 1 33
46 1 45
22 1 32
40 1 35
51 1 8
53 1 15
48 1 36
3 1 14
17 2 43
2 2 4
58 2 48
42 1 52
1 7 3
22 1 3
1 2 46
26 2 29
11 1 20
16 1 1
42 1 50
1 5 3
39 1 22
25 1 24
27 1 41
1 2 20
53 1 8
11 1 15
4 2 21
51 1 42
19 1 2
23 1 19
6 2 54
22 1 18
54 1 8
44 1 1
16 1 3
33 2 57
2 2 21
48 1 47
21 2 4
42 1 48
24 2 45
25 2 42
22 1 21
49 1 33
9 2 10
33 1 19
36 2 47
39 1 26
1 4 3
3 2 25
39 1 53
17 2 12
12 1 11
19 1 32
3 2 2
12 2 44
35 2 39
47 1 42
13 1 22
12 2 49
38 1 20
17 1 16
1 1 4
39 1 19
33 1 22
53 1 1
43 1 38
4 2 2
15 1 3
9 2 8
41 1 22
1 2 25
39 1 17
51 1 3
43 2 50
1 1 14
53 1 25
11 1 10
35 1 34
30 1 22
51 1 46
28 1 27
23 1 22
36 1 19
3 4 1
49 1 39
25 2 39
42 1 49
46 2 42
31 1 30
38 1 37
27 1 30
53 1 9
42 1 58
47 1 39
43 1 39
3 2 23
31 1 41
1 2 31
42 1 26
3 2 4
6 1 3
? 1 github_java_program_data/17/570.java

4 2 2
4 2 1
20 2 36
45 1 11
11 1 23
11 1 1
7 1 3
16 1 20
58 1 68
2 2 3
3 2 13
19 1 1
33 2 47
17 2 51
4 2 3
11 1 3
2 2 18
51 1 25
16 1 23
22 1 28
38 1 23
42 1 12
68 1 39
3 1 1
18 2 4
3 5 1
3 2 27
20 2 33
22 1 4
51 1 10
10 2 1
22 1 21
43 2 29
26 1 19
3 1 4
28 1 3
57 2 68
58 1 36
48 1 33
12 2 17
43 1 39
10 2 3
51 1 1
11 1 8
2 2 1
11 2 16
30 2 41
1 2 14
35 1 20
1 2 31
58 1 33
1 2 13
22 1 2
54 1 1
41 2 30
43 1 42
42 1 40
32 1 1
16 1 8
53 1 39
12 2 26
40 1 42
1 2 27
46 1 45
42 1 51
53 1 10
51 1 39
3 2 31
1 2 66
46 1 24
20 1 16
1 2 42
45 2 24
29 1 22
57 1 42
67 1 58
23 1 16
46 2 42
20 1 19
51 1 15
48 1 56
8 2 10
12 1 16
32 1 31
35 1 23
36 2 39
14 1 19
43 2 12
66 1 19
10 1 1
20 1 22
39 1 40
32 1 3
3 1 2
16 1 10
48 1 57
39 1 48
1 7 3
42 1 53
8 2 15
29 2 26
3 1 13
22 1 1
24 1 11
29 1 19
16 2 11
1 2 23
10 1 3
51 2 53
38 1 33
7 2 6
1 1 3
55 1 54
58 1 57
49 2 58
42 1 17
19 1 28
42 1 43
15 1 1
1 1 13
23 1 11
38 2 42
53 1 42
1 1 2
26 2 29
36 1 22
34 1 22
15 1 3
30 1 19
26 2 40
3 2 46
1 2 4
19 1 21
13 1 19
3 4 1
17 2 40
3 2 14
20 1 11
19 1 3
38 2 39
45 1 16
19 1 4
41 1 19
9 2 8
2 2 4
53 1 3
27 1 30
19 1 18
24 1 16
2 2 21
53 2 51
26 1 22
14 1 22
40 1 39
16 1 15
22 1 32
40 1 35
51 1 8
53 1 15
54 1 42
42 1 29
15 2 1
33 2 37
51 1 9
67 2 56
22 1 3
1 2 46
11 1 20
16 1 1
35 2 42
6 2 7
39 1 43
25 1 24
4 2 28
27 1 41
56 1 42
1 2 20
11 1 9
11 1 15
4 2 21
51 1 42
19 1 2
23 1 19
1 5 3
53 1 46
16 1 66
6 2 54
23 2 36
22 1 18
33 1 22
16 1 3
33 2 57
58 1 47
48 1 47
40 2 43
29 2 17
24 2 45
25 2 42
17 2 26
23 2 33
46 2 39
33 1 19
36 2 47
39 1 26
57 2 67
1 4 3
3 2 25
54 1 8
25 1 45
35 1 36
17 2 12
12 1 11
19 1 32
53 1 8
3 2 2
16 1 9
35 2 39
47 1 42
13 1 22
17 1 11
12 2 49
38 1 20
17 1 16
1 1 4
39 1 29
53 1 1
43 1 38
49 1 36
36 2 34
41 1 22
55 1 7
1 2 25
3 2 20
51 1 3
48 1 67
1 1 14
3 1 14
3 7 1
11 1 10
35 1 34
30 1 22
28 1 27
23 1 22
36 1 19
3 2 4
49 1 39
4 2 32
25 2 39
8 2 1
42 1 49
28 1 1
31 1 30
38 1 37
1 2 2
53 1 9
42 1 58
47 1 39
15 2 3
3 2 23
31 1 41
42 1 26
57 1 39
55 1 6
6 1 3
? 1 github_java_program_data/17/580.java

39 1 29
4 2 1
20 2 36
45 1 11
11 1 23
11 1 1
9 2 1
16 1 20
50 6 51
2 2 3
3 2 13
19 1 1
39 1 12
4 2 3
11 1 3
44 1 9
2 2 18
16 1 23
2 2 1
22 1 28
55 1 6
42 1 12
3 1 1
8 2 15
1 2 39
3 2 27
52 1 22
22 1 4
50 1 22
51 1 10
40 2 52
10 2 1
37 1 22
3 1 13
33 2 34
33 2 39
3 1 4
28 1 3
3 7 1
44 1 25
12 2 17
15 2 3
17 2 29
9 2 15
17 2 40
51 1 1
39 1 51
19 1 39
30 2 41
1 2 14
35 1 20
41 2 30
58 1 33
1 2 13
22 1 2
54 1 1
42 1 40
32 1 1
53 1 39
15 2 1
16 1 15
3 2 20
53 1 10
3 2 31
46 1 24
20 1 16
45 2 24
29 1 22
57 1 42
26 1 19
20 1 19
17 1 11
8 2 10
12 1 16
32 1 31
17 2 26
14 1 19
44 2 51
10 1 1
20 1 22
8 2 1
32 1 3
3 1 2
16 1 10
10 2 3
39 1 48
19 2 22
54 1 39
22 2 19
29 2 26
42 1 29
22 1 1
38 1 36
24 1 11
29 1 19
1 2 23
10 1 3
51 2 53
3 5 1
1 1 3
55 1 54
58 1 57
42 1 17
19 1 28
42 1 43
20 2 33
15 1 1
52 6 53
1 1 13
39 1 44
53 1 42
1 1 2
44 1 39
36 1 22
34 1 22
30 1 19
3 2 46
1 2 4
19 1 21
13 1 19
3 2 14
4 2 18
19 1 3
38 2 39
19 1 4
41 1 19
4 2 28
53 1 3
1 2 2
19 1 18
24 1 16
36 2 37
53 2 51
26 1 22
14 1 22
40 1 39
35 1 33
46 1 45
22 1 32
40 1 35
51 1 8
53 1 15
48 1 36
3 1 14
17 2 43
2 2 4
58 2 48
42 1 52
1 7 3
22 1 3
1 2 46
26 2 29
11 1 20
16 1 1
42 1 50
1 5 3
39 1 22
25 1 24
27 1 41
1 2 20
53 1 8
11 1 15
4 2 21
51 1 42
19 1 2
23 1 19
6 2 54
22 1 18
54 1 8
44 1 1
16 1 3
33 2 57
2 2 21
48 1 47
21 2 4
42 1 48
24 2 45
25 2 42
22 1 21
49 1 33
9 2 10
33 1 19
36 2 47
39 1 26
1 4 3
3 2 25
39 1 53
17 2 12
12 1 11
19 1 32
3 2 2
12 2 44
35 2 39
47 1 42
13 1 22
12 2 49
38 1 20
17 1 16
1 1 4
39 1 19
33 1 22
53 1 1
43 1 38
4 2 2
15 1 3
9 2 8
41 1 22
1 2 25
39 1 17
51 1 3
43 2 50
1 1 14
53 1 25
11 1 10
35 1 34
30 1 22
51 1 46
28 1 27
23 1 22
36 1 19
3 4 1
49 1 39
25 2 39
42 1 49
46 2 42
31 1 30
38 1 37
27 1 30
53 1 9
42 1 58
47 1 39
43 1 39
3 2 23
31 1 41
1 2 31
42 1 26
3 2 4
6 1 3
? 1 github_java_program_data/17/60.java

39 1 29
4 2 1
20 2 36
45 1 11
11 1 23
11 1 1
9 2 1
16 1 20
50 6 51
2 2 3
3 2 13
19 1 1
39 1 12
4 2 3
11 1 3
44 1 9
2 2 18
16 1 23
2 2 1
22 1 28
55 1 6
42 1 12
3 1 1
8 2 15
1 2 39
3 2 27
52 1 22
22 1 4
50 1 22
51 1 10
40 2 52
10 2 1
37 1 22
3 1 13
33 2 34
33 2 39
3 1 4
28 1 3
3 7 1
44 1 25
12 2 17
15 2 3
17 2 29
9 2 15
17 2 40
51 1 1
39 1 51
19 1 39
30 2 41
1 2 14
35 1 20
41 2 30
58 1 33
1 2 13
22 1 2
54 1 1
42 1 40
32 1 1
53 1 39
15 2 1
16 1 15
3 2 20
53 1 10
3 2 31
46 1 24
20 1 16
45 2 24
29 1 22
57 1 42
26 1 19
20 1 19
17 1 11
8 2 10
12 1 16
32 1 31
17 2 26
14 1 19
44 2 51
10 1 1
20 1 22
8 2 1
32 1 3
3 1 2
16 1 10
10 2 3
39 1 48
19 2 22
54 1 39
22 2 19
29 2 26
42 1 29
22 1 1
38 1 36
24 1 11
29 1 19
1 2 23
10 1 3
51 2 53
3 5 1
1 1 3
55 1 54
58 1 57
42 1 17
19 1 28
42 1 43
20 2 33
15 1 1
52 6 53
1 1 13
39 1 44
53 1 42
1 1 2
44 1 39
36 1 22
34 1 22
30 1 19
3 2 46
1 2 4
19 1 21
13 1 19
3 2 14
4 2 18
19 1 3
38 2 39
19 1 4
41 1 19
4 2 28
53 1 3
1 2 2
19 1 18
24 1 16
36 2 37
53 2 51
26 1 22
14 1 22
40 1 39
35 1 33
46 1 45
22 1 32
40 1 35
51 1 8
53 1 15
48 1 36
3 1 14
17 2 43
2 2 4
58 2 48
42 1 52
1 7 3
22 1 3
1 2 46
26 2 29
11 1 20
16 1 1
42 1 50
1 5 3
39 1 22
25 1 24
27 1 41
1 2 20
53 1 8
11 1 15
4 2 21
51 1 42
19 1 2
23 1 19
6 2 54
22 1 18
54 1 8
44 1 1
16 1 3
33 2 57
2 2 21
48 1 47
21 2 4
42 1 48
24 2 45
25 2 42
22 1 21
49 1 33
9 2 10
33 1 19
36 2 47
39 1 26
1 4 3
3 2 25
39 1 53
17 2 12
12 1 11
19 1 32
3 2 2
12 2 44
35 2 39
47 1 42
13 1 22
12 2 49
38 1 20
17 1 16
1 1 4
39 1 19
33 1 22
53 1 1
43 1 38
4 2 2
15 1 3
9 2 8
41 1 22
1 2 25
39 1 17
51 1 3
43 2 50
1 1 14
53 1 25
11 1 10
35 1 34
30 1 22
51 1 46
28 1 27
23 1 22
36 1 19
3 4 1
49 1 39
25 2 39
42 1 49
46 2 42
31 1 30
38 1 37
27 1 30
53 1 9
42 1 58
47 1 39
43 1 39
3 2 23
31 1 41
1 2 31
42 1 26
3 2 4
6 1 3
? 1 github_java_program_data/17/600.java

4 2 2
4 2 1
20 2 36
11 1 23
11 1 1
47 2 56
16 1 20
45 1 3
2 2 3
3 2 13
19 1 1
39 1 12
4 2 3
15 2 1
51 1 25
16 1 23
17 2 111
3 1 1
1 2 39
22 1 4
29 2 26
12 2 51
40 2 12
10 2 1
22 1 21
3 1 13
33 2 39
3 1 4
3 7 1
17 2 12
12 2 17
15 2 3
9 2 15
51 1 1
39 1 51
2 2 1
30 2 41
1 2 14
35 1 20
58 1 33
1 2 13
22 1 2
54 1 1
16 1 8
1 2 46
111 1 1
40 1 42
46 1 45
3 2 20
51 1 39
3 2 31
46 1 24
20 1 16
45 2 24
29 1 22
26 1 19
20 1 19
17 1 11
48 1 56
34 1 19
32 1 31
14 1 19
10 1 1
11 1 3
39 1 40
32 1 3
16 1 10
10 2 3
55 1 54
1 7 3
111 1 46
54 1 39
8 2 15
25 2 1
42 1 29
22 1 1
29 1 19
10 1 3
51 2 53
3 5 1
1 1 3
39 1 48
58 1 57
19 1 28
15 1 1
1 1 13
39 1 49
53 1 42
1 1 2
36 1 22
15 1 3
30 1 19
26 2 40
3 2 46
1 2 4
13 1 19
3 4 1
3 2 14
48 2 26
19 1 3
19 1 4
26 2 29
36 2 34
53 1 3
1 2 2
19 1 18
24 1 16
25 1 24
26 1 22
14 1 22
16 1 15
22 1 32
40 1 35
51 1 8
53 1 15
48 1 36
3 1 14
2 2 4
46 2 42
22 1 3
20 1 22
11 1 20
16 1 1
35 2 42
1 5 3
33 1 22
49 2 62
27 1 41
56 1 42
1 2 20
11 1 9
4 2 21
1 2 27
23 1 19
53 1 46
111 1 25
62 1 33
22 1 18
54 1 8
16 1 3
33 2 57
42 1 58
48 1 47
24 2 45
49 1 33
9 2 10
33 1 19
36 2 47
39 1 26
4 2 18
39 1 53
25 1 45
35 1 36
12 1 11
57 1 39
111 2 26
3 2 2
2 2 18
13 1 22
12 2 49
45 1 11
17 1 16
39 1 29
19 1 2
41 1 19
41 1 22
1 2 25
39 1 17
1 1 14
51 1 15
11 1 10
35 1 34
30 1 22
28 1 27
36 1 19
1 4 3
49 1 39
62 1 42
25 2 39
8 2 1
28 1 1
31 1 30
27 1 30
53 1 9
2 2 21
47 1 39
39 1 62
3 2 23
31 1 41
42 1 26
3 2 4
33 2 42
39 1 111
? 1 github_java_program_data/17/620.java

33 2 47
4 2 1
20 2 36
45 1 11
11 1 23
11 1 1
7 1 3
16 1 20
52 1 19
2 2 3
39 1 29
19 1 1
8 2 1
4 2 3
20 1 22
51 1 25
16 1 23
2 2 1
22 1 28
38 1 23
42 1 12
22 2 19
68 1 39
22 1 42
3 1 1
32 2 4
1 2 39
3 2 27
52 1 22
1 4 3
22 1 4
50 1 22
10 2 1
54 1 8
37 1 22
28 2 4
41 1 1
3 1 4
28 1 3
17 2 52
58 1 36
28 1 31
12 2 17
43 1 39
17 2 29
10 2 3
51 1 1
39 1 51
19 1 39
2 2 32
58 2 26
1 2 14
35 1 20
1 2 31
48 1 33
1 2 13
54 1 1
22 1 2
3 2 13
42 1 40
32 1 1
1 7 3
1 2 25
40 1 42
16 1 15
53 1 10
51 1 39
3 2 31
41 2 30
46 1 24
20 1 16
45 2 24
29 1 22
26 1 19
20 1 19
42 1 19
34 1 19
12 1 16
32 1 31
39 1 58
35 1 23
36 2 39
50 6 53
14 1 19
23 1 22
53 1 15
39 1 52
32 1 3
58 1 56
42 1 22
16 1 10
30 1 3
8 2 10
19 2 22
37 1 19
54 1 39
8 2 15
29 2 26
3 1 13
22 1 1
38 1 36
24 1 11
29 1 19
1 2 23
10 1 3
51 2 53
3 5 1
38 1 33
28 1 27
1 1 3
55 1 54
58 1 57
42 1 17
19 1 28
42 1 43
15 1 1
47 2 68
1 1 13
33 2 37
3 1 31
53 1 42
1 1 2
43 2 26
36 1 22
34 1 22
15 1 3
30 1 19
3 2 46
1 2 4
19 1 2
19 1 21
13 1 19
3 2 14
4 2 18
19 1 3
38 2 39
45 1 16
19 1 4
41 1 19
4 2 28
58 1 33
42 1 50
27 1 30
48 2 50
32 1 27
42 1 29
38 2 42
19 1 18
36 2 37
26 1 22
14 1 22
15 2 1
35 1 33
46 1 45
22 1 32
40 1 35
51 1 8
43 1 42
48 1 36
3 1 14
11 1 3
41 1 3
42 1 52
52 6 51
51 1 9
46 2 42
22 1 3
11 1 20
16 1 1
35 2 42
6 2 7
1 1 31
39 1 43
39 1 22
25 1 24
27 1 41
56 1 42
1 2 20
57 1 39
11 1 15
4 2 21
51 1 42
17 1 11
23 1 19
1 5 3
53 1 46
50 1 19
2 2 28
22 1 18
33 1 22
1 1 27
16 1 3
33 2 57
2 2 21
48 1 47
40 2 43
29 2 17
42 1 48
36 2 57
1 2 27
25 2 42
22 1 21
23 2 33
49 2 48
33 1 19
36 2 47
39 1 26
17 2 49
33 2 34
3 2 25
3 2 42
39 1 53
25 1 45
35 1 36
17 2 12
53 2 51
19 1 32
39 1 50
53 1 8
3 2 2
30 1 1
3 1 27
3 7 1
20 2 33
13 1 22
38 1 20
26 2 29
1 1 4
39 1 19
48 1 68
51 1 10
43 1 38
32 2 2
49 1 36
36 2 34
41 1 22
55 1 7
9 2 8
3 2 20
51 1 3
1 1 14
51 1 15
48 2 12
11 1 10
35 1 34
30 1 22
7 2 54
53 1 3
10 1 1
36 1 19
3 4 1
49 1 39
4 2 32
25 2 39
39 1 40
42 1 49
28 1 1
12 2 40
31 1 30
38 1 37
1 2 2
53 1 9
3 1 2
42 1 58
47 1 39
15 2 3
3 2 23
31 1 41
57 2 56
42 1 26
3 2 4
55 1 6
4 2 2
6 1 3
? 1 github_java_program_data/17/622.java

4 2 2
4 2 1
20 2 36
11 1 23
11 1 1
47 2 56
16 1 20
45 1 3
2 2 3
3 2 13
19 1 1
39 1 12
4 2 3
15 2 1
51 1 25
16 1 23
17 2 111
3 1 1
1 2 39
22 1 4
29 2 26
12 2 51
40 2 12
10 2 1
22 1 21
3 1 13
33 2 39
3 1 4
3 7 1
17 2 12
12 2 17
15 2 3
9 2 15
51 1 1
39 1 51
2 2 1
30 2 41
1 2 14
35 1 20
58 1 33
1 2 13
22 1 2
54 1 1
16 1 8
1 2 46
111 1 1
40 1 42
46 1 45
3 2 20
51 1 39
3 2 31
46 1 24
20 1 16
45 2 24
29 1 22
26 1 19
20 1 19
17 1 11
48 1 56
34 1 19
32 1 31
14 1 19
10 1 1
11 1 3
39 1 40
32 1 3
16 1 10
10 2 3
55 1 54
1 7 3
111 1 46
54 1 39
8 2 15
25 2 1
42 1 29
22 1 1
29 1 19
10 1 3
51 2 53
3 5 1
1 1 3
39 1 48
58 1 57
19 1 28
15 1 1
1 1 13
39 1 49
53 1 42
1 1 2
36 1 22
15 1 3
30 1 19
26 2 40
3 2 46
1 2 4
13 1 19
3 4 1
3 2 14
48 2 26
19 1 3
19 1 4
26 2 29
36 2 34
53 1 3
1 2 2
19 1 18
24 1 16
25 1 24
26 1 22
14 1 22
16 1 15
22 1 32
40 1 35
51 1 8
53 1 15
48 1 36
3 1 14
2 2 4
46 2 42
22 1 3
20 1 22
11 1 20
16 1 1
35 2 42
1 5 3
33 1 22
49 2 62
27 1 41
56 1 42
1 2 20
11 1 9
4 2 21
1 2 27
23 1 19
53 1 46
111 1 25
62 1 33
22 1 18
54 1 8
16 1 3
33 2 57
42 1 58
48 1 47
24 2 45
49 1 33
9 2 10
33 1 19
36 2 47
39 1 26
4 2 18
39 1 53
25 1 45
35 1 36
12 1 11
57 1 39
111 2 26
3 2 2
2 2 18
13 1 22
12 2 49
45 1 11
17 1 16
39 1 29
19 1 2
41 1 19
41 1 22
1 2 25
39 1 17
1 1 14
51 1 15
11 1 10
35 1 34
30 1 22
28 1 27
36 1 19
1 4 3
49 1 39
62 1 42
25 2 39
8 2 1
28 1 1
31 1 30
27 1 30
53 1 9
2 2 21
47 1 39
39 1 62
3 2 23
31 1 41
42 1 26
3 2 4
33 2 42
39 1 111
? 1 github_java_program_data/17/80.java

39 1 29
4 2 1
20 2 36
45 1 11
11 1 23
11 1 1
9 2 1
16 1 20
50 6 51
2 2 3
3 2 13
19 1 1
39 1 12
4 2 3
11 1 3
44 1 9
2 2 18
16 1 23
2 2 1
22 1 28
55 1 6
42 1 12
3 1 1
8 2 15
1 2 39
3 2 27
52 1 22
22 1 4
50 1 22
51 1 10
40 2 52
10 2 1
37 1 22
3 1 13
33 2 34
33 2 39
3 1 4
28 1 3
3 7 1
44 1 25
12 2 17
15 2 3
17 2 29
9 2 15
17 2 40
51 1 1
39 1 51
19 1 39
30 2 41
1 2 14
35 1 20
41 2 30
58 1 33
1 2 13
22 1 2
54 1 1
42 1 40
32 1 1
53 1 39
15 2 1
16 1 15
3 2 20
53 1 10
3 2 31
46 1 24
20 1 16
45 2 24
29 1 22
57 1 42
26 1 19
20 1 19
17 1 11
8 2 10
12 1 16
32 1 31
17 2 26
14 1 19
44 2 51
10 1 1
20 1 22
8 2 1
32 1 3
3 1 2
16 1 10
10 2 3
39 1 48
19 2 22
54 1 39
22 2 19
29 2 26
42 1 29
22 1 1
38 1 36
24 1 11
29 1 19
1 2 23
10 1 3
51 2 53
3 5 1
1 1 3
55 1 54
58 1 57
42 1 17
19 1 28
42 1 43
20 2 33
15 1 1
52 6 53
1 1 13
39 1 44
53 1 42
1 1 2
44 1 39
36 1 22
34 1 22
30 1 19
3 2 46
1 2 4
19 1 21
13 1 19
3 2 14
4 2 18
19 1 3
38 2 39
19 1 4
41 1 19
4 2 28
53 1 3
1 2 2
19 1 18
24 1 16
36 2 37
53 2 51
26 1 22
14 1 22
40 1 39
35 1 33
46 1 45
22 1 32
40 1 35
51 1 8
53 1 15
48 1 36
3 1 14
17 2 43
2 2 4
58 2 48
42 1 52
1 7 3
22 1 3
1 2 46
26 2 29
11 1 20
16 1 1
42 1 50
1 5 3
39 1 22
25 1 24
27 1 41
1 2 20
53 1 8
11 1 15
4 2 21
51 1 42
19 1 2
23 1 19
6 2 54
22 1 18
54 1 8
44 1 1
16 1 3
33 2 57
2 2 21
48 1 47
21 2 4
42 1 48
24 2 45
25 2 42
22 1 21
49 1 33
9 2 10
33 1 19
36 2 47
39 1 26
1 4 3
3 2 25
39 1 53
17 2 12
12 1 11
19 1 32
3 2 2
12 2 44
35 2 39
47 1 42
13 1 22
12 2 49
38 1 20
17 1 16
1 1 4
39 1 19
33 1 22
53 1 1
43 1 38
4 2 2
15 1 3
9 2 8
41 1 22
1 2 25
39 1 17
51 1 3
43 2 50
1 1 14
53 1 25
11 1 10
35 1 34
30 1 22
51 1 46
28 1 27
23 1 22
36 1 19
3 4 1
49 1 39
25 2 39
42 1 49
46 2 42
31 1 30
38 1 37
27 1 30
53 1 9
42 1 58
47 1 39
43 1 39
3 2 23
31 1 41
1 2 31
42 1 26
3 2 4
6 1 3
? 1 github_java_program_data/17/90.java

