57 1 42
53 1 1
1 1 31
58 2 48
2 2 4
3 2 64
78 1 3
91 1 15
21 2 4
30 1 22
19 1 28
51 1 42
32 1 3
3 1 4
19 1 18
30 2 41
3 1 1
3 2 46
17 2 12
27 1 30
64 1 1
42 1 50
42 1 58
39 1 90
45 1 11
4 2 3
78 1 1
2 2 32
3 1 31
11 1 9
51 1 25
90 1 46
22 1 1
3 2 25
41 1 19
83 1 22
8 2 3
54 1 39
30 1 1
24 1 16
3 2 2
8 2 1
91 1 1
22 1 18
45 1 16
51 1 3
53 1 42
51 1 39
3 7 1
14 1 22
19 1 3
46 1 45
4 2 1
2 2 3
3 4 1
41 1 22
1 2 13
50 1 22
1 1 2
33 1 22
54 1 3
44 1 42
92 1 39
58 1 57
16 1 8
90 1 1
42 1 52
80 1 1
3 1 13
25 1 45
3 2 14
3 2 13
1 2 39
16 1 1
45 1 3
41 2 30
9 2 15
24 1 11
46 1 24
51 1 9
3 2 31
46 2 39
46 2 42
9 2 10
63 1 3
2 2 18
4 2 21
48 1 33
58 1 36
18 2 4
42 1 54
32 1 1
10 1 1
11 1 1
1 1 27
3 2 4
51 1 15
52 6 53
3 2 65
1 2 25
11 1 10
15 1 3
51 1 1
12 2 44
22 1 2
54 1 65
42 1 12
11 1 8
9 2 1
92 2 54
11 1 3
29 2 26
15 1 9
17 1 16
44 1 8
14 1 19
1 4 3
53 1 15
44 1 46
53 1 39
28 1 1
45 2 24
47 1 39
55 1 63
39 1 53
19 1 2
78 2 8
3 1 46
22 1 3
8 2 10
39 1 17
51 1 80
28 1 27
45 1 1
29 1 19
1 2 27
22 1 4
42 1 84
80 2 9
29 1 22
12 2 92
10 2 3
30 1 19
24 1 3
41 1 3
3 5 1
41 1 1
10 1 93
81 1 1
16 1 10
2 2 28
10 1 3
44 1 1
51 2 53
22 1 21
1 2 14
48 2 29
26 2 29
39 1 52
1 1 14
91 1 25
84 1 19
1 5 3
31 1 41
11 1 15
33 2 47
39 1 50
53 1 46
30 1 3
90 1 15
19 1 4
3 2 42
1 1 4
19 1 1
44 1 78
54 1 9
42 1 29
3 1 14
53 2 51
19 1 21
52 1 22
36 2 57
42 1 26
3 2 27
16 1 3
53 1 3
32 1 27
1 2 31
3 1 27
48 2 50
1 1 3
53 1 10
1 2 2
39 1 44
15 2 3
22 1 32
25 2 42
42 1 92
92 1 1
1 2 4
1 1 25
12 1 11
42 1 48
26 1 19
39 1 12
4 2 2
45 1 64
16 1 15
8 2 15
90 2 91
3 1 25
80 1 3
9 2 3
36 1 19
28 1 3
39 1 91
1 7 3
3 2 93
53 1 78
92 1 8
39 1 51
10 2 1
39 1 83
15 2 1
63 1 8
10 1 9
28 1 31
1 2 46
91 1 10
63 1 42
52 1 19
1 1 13
48 1 47
50 6 51
13 1 19
25 1 24
44 2 51
65 1 81
91 2 90
65 2 39
27 1 41
2 2 1
15 1 1
25 2 39
3 1 2
78 1 31
53 1 8
? 1 github_java_program_data/11/104.java

48 1 68
44 1 39
33 1 19
53 1 1
3 2 27
31 1 30
3 2 65
55 1 5
30 1 22
51 1 42
67 1 48
19 1 18
51 1 8
3 1 1
55 1 54
1 2 20
11 1 23
39 1 58
27 1 30
64 1 1
42 1 50
42 1 58
19 1 4
4 2 3
1 1 31
47 2 67
3 1 31
11 1 9
1 2 4
1 1 25
22 1 1
3 2 25
41 1 19
42 1 17
47 1 42
30 1 1
4 2 21
3 2 2
22 1 18
57 1 39
45 1 16
51 1 3
53 2 51
53 1 42
51 1 39
19 1 3
46 1 45
58 1 56
2 2 3
28 1 1
3 4 1
41 1 22
3 2 64
1 1 2
33 1 22
65 2 42
54 1 3
10 1 8
51 1 46
58 1 57
32 2 2
80 1 1
11 1 1
54 1 8
32 2 4
16 1 1
45 1 3
42 1 26
3 2 23
24 1 11
48 2 26
51 1 78
51 1 9
46 2 39
46 2 42
9 2 10
24 1 3
2 2 18
51 1 10
48 1 33
58 1 36
50 1 19
32 1 1
8 2 9
10 1 1
25 1 45
1 1 27
3 2 4
1 2 23
51 1 15
52 6 53
17 2 26
32 1 27
11 1 10
15 1 3
51 1 1
22 1 2
54 1 65
42 1 12
1 2 27
39 1 26
11 1 3
28 2 4
11 1 15
22 1 28
44 1 8
1 4 3
53 1 15
53 1 9
28 2 2
53 1 39
4 2 1
26 2 58
19 1 2
22 1 3
78 2 9
32 1 31
58 1 47
28 1 27
44 1 3
29 1 19
11 1 8
22 1 4
28 1 31
3 2 46
5 2 54
29 1 22
16 1 20
10 2 3
17 2 12
30 1 19
41 1 3
16 1 9
3 5 1
41 1 1
81 1 1
16 1 10
5 1 3
10 1 3
51 2 53
22 1 21
58 1 67
26 2 48
39 1 52
36 2 57
1 2 31
1 5 3
31 1 41
33 2 47
8 2 10
42 1 44
30 1 3
57 2 56
53 1 80
4 2 28
1 1 4
19 1 1
19 1 28
3 1 4
44 1 25
42 1 29
54 1 42
3 1 27
47 2 68
19 1 21
52 1 22
67 2 56
78 1 1
16 1 3
53 1 3
1 2 25
48 1 57
1 1 3
53 1 10
1 2 2
53 1 25
2 2 21
15 2 3
22 1 32
48 1 36
25 2 42
80 2 8
68 1 39
42 1 53
12 1 11
42 1 48
26 1 19
26 1 22
9 2 15
45 1 64
16 1 15
2 2 32
36 1 19
19 1 32
28 1 3
1 7 3
20 1 19
8 2 3
4 2 18
58 1 33
3 2 31
10 2 1
23 1 22
15 2 1
32 1 3
52 6 51
3 1 46
1 2 46
17 1 16
48 1 47
50 6 51
56 1 42
36 1 22
25 1 24
12 2 17
46 1 24
42 1 51
44 2 51
65 1 81
39 1 29
58 2 26
27 1 41
17 2 44
2 2 1
15 1 1
25 2 39
3 1 2
53 1 8
? 1 github_java_program_data/11/122.java

48 1 68
57 1 42
1 1 4
33 1 19
53 1 1
65 1 94
3 2 27
2 2 4
56 1 22
68 1 42
12 2 26
40 1 39
19 1 18
51 1 8
58 2 52
1 2 20
17 2 12
3 2 25
16 2 11
33 2 39
19 1 4
55 1 7
4 2 3
65 2 39
11 1 9
51 1 25
16 1 20
22 1 1
41 1 19
39 1 75
3 1 14
3 2 2
57 1 19
51 1 39
29 2 62
52 1 22
57 2 67
4 2 1
2 2 3
49 2 52
41 1 22
1 2 13
54 1 3
39 1 53
58 1 57
39 1 63
3 1 13
25 1 45
28 1 27
54 2 92
1 2 39
1 2 65
16 1 1
45 2 24
42 1 26
46 1 24
51 1 9
9 2 10
51 1 10
2 2 32
32 1 1
53 1 3
11 1 1
3 2 4
17 2 26
3 2 13
15 1 3
50 6 51
22 1 2
92 2 63
39 1 17
1 2 27
39 1 92
11 1 3
82 1 3
11 1 15
16 1 23
35 1 33
63 1 31
39 1 48
53 1 15
53 1 9
48 1 67
32 1 3
19 1 2
1 2 23
3 2 65
33 2 42
32 1 31
58 1 47
4 2 22
82 2 31
44 1 3
8 2 3
3 2 46
62 1 42
41 1 3
16 1 9
22 1 32
27 1 30
39 1 54
51 2 53
1 2 14
31 2 42
1 1 14
9 2 8
92 1 42
31 1 41
75 1 9
33 2 47
36 2 47
26 2 50
30 1 3
57 2 56
26 2 62
44 1 39
4 2 21
63 1 82
54 1 9
75 2 53
54 1 42
92 1 3
19 1 21
26 2 17
41 2 30
7 1 3
51 2 54
1 2 25
17 2 40
48 1 57
42 1 48
22 1 3
1 2 2
53 1 25
73 1 57
1 2 4
12 1 11
14 1 19
26 1 19
39 1 12
26 1 22
9 2 15
8 2 15
16 1 15
50 6 53
73 1 33
9 2 3
36 1 19
35 1 34
28 1 3
20 1 19
4 2 18
58 1 33
10 2 1
15 2 1
53 1 39
7 2 6
36 2 42
52 6 51
23 2 33
24 2 45
47 1 39
63 1 1
36 1 22
6 1 1
25 1 24
3 2 20
42 1 51
44 2 51
65 1 81
44 2 75
39 1 29
1 2 46
27 1 41
11 1 20
3 1 2
53 1 8
1 1 31
31 1 30
13 1 22
55 1 5
75 1 1
30 1 22
51 1 42
57 2 68
19 2 4
39 1 62
3 1 1
55 1 54
11 1 23
1 7 3
20 1 22
42 1 50
42 1 58
45 1 11
42 1 17
22 1 4
24 1 16
8 2 1
22 1 18
57 1 39
45 1 16
51 1 3
40 2 48
53 1 42
3 2 31
35 1 23
42 1 62
3 7 1
14 1 22
19 1 3
46 1 45
2 2 63
3 4 1
2 2 18
5 1 1
50 1 22
62 1 33
1 1 2
33 1 22
65 2 42
67 1 58
51 1 46
12 1 16
32 2 2
16 1 8
42 1 52
22 1 21
39 1 50
3 2 14
49 1 42
62 1 36
54 1 8
54 1 39
42 1 40
5 2 6
49 2 29
24 1 11
62 1 39
46 2 39
46 2 42
42 1 75
48 1 33
58 1 36
50 1 19
8 2 9
10 1 1
1 1 27
52 6 53
51 1 15
30 2 41
11 1 10
40 1 35
29 2 49
51 1 1
12 2 44
54 1 65
35 2 39
11 1 8
9 2 1
28 2 4
62 2 48
17 1 16
44 1 8
75 1 25
1 4 3
44 1 46
28 1 1
1 1 13
13 1 19
33 2 34
75 1 39
29 1 19
47 1 42
63 1 65
29 1 22
48 1 47
23 1 4
10 2 3
30 1 19
3 5 1
49 1 36
81 1 1
16 1 10
2 2 28
10 1 3
44 1 1
8 2 10
4 2 32
32 1 27
73 1 56
39 1 52
36 2 57
1 2 31
17 2 29
26 2 29
53 1 46
42 1 44
4 2 28
3 2 42
19 1 1
19 1 28
3 1 4
44 1 25
42 1 29
7 2 54
26 2 58
53 2 51
39 1 26
19 1 73
16 1 3
58 2 12
17 2 51
18 2 2
94 1 3
12 2 75
32 2 4
39 1 44
2 2 21
33 2 57
48 1 36
25 2 42
1 5 3
22 1 28
42 1 53
1 1 3
15 2 3
4 2 2
6 2 7
63 1 9
17 1 11
19 1 32
29 2 26
58 2 50
39 1 49
92 1 8
39 1 51
19 1 63
23 1 22
34 1 22
12 2 62
3 2 23
62 2 29
10 1 9
28 1 31
55 1 6
63 1 42
52 1 19
54 1 1
42 1 12
23 1 19
12 2 17
12 2 49
53 1 10
17 2 44
2 2 1
15 1 1
25 2 39
? 1 github_java_program_data/11/127.java

57 1 42
44 1 39
33 1 19
53 1 1
3 2 27
12 2 48
2 2 4
48 2 12
21 2 4
12 2 26
29 2 52
40 1 39
19 1 18
11 1 66
51 1 8
17 2 62
1 2 20
17 2 12
27 1 30
18 2 4
19 1 4
55 1 7
4 2 3
64 1 3
36 2 37
42 1 29
51 1 25
1 1 25
22 1 1
41 1 19
30 1 1
3 2 2
51 1 39
57 2 67
4 2 1
2 2 3
29 2 58
41 1 22
50 6 51
28 2 2
44 1 42
11 1 15
58 1 57
19 1 74
10 1 1
12 2 43
25 1 45
38 1 36
1 2 39
16 1 1
45 2 24
42 1 26
48 2 26
46 1 24
41 1 2
51 1 9
9 2 10
17 2 58
51 1 10
2 2 32
3 5 1
38 2 42
32 1 1
58 2 12
11 1 1
3 2 13
3 2 4
17 2 26
3 2 79
15 1 3
40 2 29
11 1 79
44 1 9
22 1 2
40 2 52
42 1 12
1 2 27
67 1 48
8 2 9
11 1 3
56 1 19
29 2 26
20 1 11
48 1 56
74 1 68
35 1 33
39 1 48
53 1 15
53 1 9
48 1 67
53 1 39
19 1 2
86 1 58
53 1 10
33 2 42
32 1 31
39 1 17
44 1 3
49 1 33
8 2 3
45 1 95
3 2 46
6 2 54
39 1 26
57 1 22
38 1 37
41 1 3
41 1 1
22 1 32
3 2 25
20 2 36
51 2 53
48 2 29
75 1 46
26 2 48
9 2 8
67 2 56
31 1 41
75 1 9
33 2 47
36 2 47
30 1 3
1 1 4
4 2 21
54 1 9
54 1 42
39 1 40
40 1 42
19 1 21
52 1 22
48 2 58
41 2 30
41 1 4
1 2 42
12 2 40
1 2 25
17 2 40
48 1 57
42 1 48
22 1 3
1 2 2
53 1 25
1 4 3
1 2 4
16 1 20
12 1 11
26 1 19
39 1 12
26 1 22
9 2 15
48 2 50
16 1 15
45 1 64
50 6 53
3 1 25
34 1 19
6 1 1
9 2 3
36 1 19
35 1 34
28 1 3
35 1 20
29 2 50
20 1 19
4 2 18
49 2 58
58 1 33
48 1 86
10 2 1
6 2 7
15 2 1
32 1 3
43 1 39
52 6 51
3 1 46
9 2 1
24 2 45
47 1 39
63 1 39
12 2 58
48 1 47
36 1 22
25 1 24
3 2 20
42 1 51
44 2 75
39 1 29
1 2 46
27 1 41
11 1 20
3 1 2
8 2 15
1 2 23
1 1 31
31 1 30
66 1 22
29 2 12
55 1 5
75 1 1
30 1 22
51 1 42
57 2 68
39 1 62
63 2 53
3 1 1
55 1 54
11 1 23
1 7 3
20 1 22
42 1 50
42 1 58
45 1 11
47 2 86
3 1 31
42 1 17
22 1 4
75 2 51
24 1 16
36 2 34
8 2 1
22 1 18
57 1 39
45 1 16
51 1 3
53 1 42
39 1 58
7 1 1
51 2 63
3 7 1
19 1 3
46 1 45
35 2 39
3 4 1
2 2 18
5 1 1
50 1 22
1 1 2
33 1 22
1 1 46
51 1 46
12 1 16
32 2 2
16 1 8
42 1 52
22 1 21
39 1 50
75 1 42
35 1 36
49 1 42
62 1 36
54 1 8
42 1 40
26 2 49
63 1 8
24 1 11
62 1 39
7 2 6
46 2 39
46 2 42
42 1 75
12 2 54
48 1 33
58 1 36
50 1 19
42 1 54
26 2 58
73 1 36
22 1 73
1 1 27
52 6 53
79 1 19
51 1 15
30 2 41
11 1 10
40 1 35
51 1 1
12 2 44
58 1 47
1 2 66
28 2 4
62 2 48
24 1 1
17 1 16
49 1 39
26 2 52
44 1 46
28 1 1
1 1 13
40 2 26
33 2 34
1 2 64
39 1 43
28 1 27
45 1 1
29 1 19
37 1 19
47 1 42
49 1 36
95 1 3
29 1 22
38 1 20
63 1 1
10 2 3
30 1 19
5 2 6
42 1 63
68 1 22
44 1 8
16 1 10
2 2 28
43 1 38
10 1 3
8 2 10
4 2 32
26 2 29
39 1 52
36 2 57
1 2 31
17 2 29
3 2 21
73 1 56
42 1 49
47 1 19
53 1 46
42 1 44
35 2 42
4 2 28
20 1 16
74 1 33
19 1 1
19 1 28
3 1 4
20 2 33
44 1 25
11 1 9
3 1 27
53 2 51
74 1 57
12 2 29
43 1 42
16 1 3
53 1 3
32 1 27
18 2 2
16 1 23
32 2 4
39 1 44
2 2 21
33 2 57
48 1 36
25 2 42
1 5 3
22 1 28
42 1 53
1 1 3
15 2 3
4 2 2
58 2 48
63 1 9
17 1 11
54 2 53
19 1 32
58 2 50
39 1 49
3 2 31
23 1 22
17 2 48
36 2 39
3 2 23
47 2 56
28 1 31
55 1 6
38 2 39
73 1 47
52 1 19
1 2 95
21 2 2
56 1 42
54 1 1
23 1 19
12 2 17
42 1 43
12 2 49
58 2 26
53 1 8
2 2 1
15 1 1
25 2 39
? 1 github_java_program_data/11/130.java

48 1 68
57 1 42
1 1 4
33 1 19
53 1 1
3 2 27
31 1 30
58 2 12
2 2 4
48 2 12
55 1 5
75 1 1
42 1 75
30 1 22
51 1 42
19 1 18
51 1 8
3 1 1
55 1 54
1 2 20
3 2 46
17 2 12
27 1 30
42 1 50
42 1 58
19 1 4
45 1 11
4 2 3
29 2 17
11 1 9
51 1 25
16 1 20
22 1 1
2 2 32
41 1 19
42 1 17
83 1 22
47 1 42
75 2 51
1 2 46
24 1 16
3 2 2
8 2 1
22 1 18
57 1 39
45 1 16
51 1 3
53 2 51
53 1 42
51 1 39
3 7 1
19 1 3
46 1 45
58 1 56
2 2 3
3 4 1
41 1 22
2 2 18
39 1 83
1 1 2
33 1 22
28 2 2
58 1 57
12 1 16
42 1 52
8 2 10
58 2 29
39 1 50
11 1 1
75 1 42
54 1 8
32 2 4
16 1 1
41 2 30
3 2 23
24 1 11
48 2 26
46 1 24
12 2 26
3 2 31
46 2 39
46 2 42
9 2 10
12 2 48
51 1 10
48 1 33
58 1 36
50 1 19
32 1 1
50 1 22
10 1 1
25 1 45
3 2 13
3 2 4
1 2 23
51 1 15
52 6 53
30 2 41
11 1 10
15 1 3
51 1 1
12 2 44
22 1 2
17 2 52
42 1 12
1 2 27
39 1 26
11 1 3
29 2 26
11 1 15
22 1 28
16 1 10
1 4 3
53 1 15
53 1 9
20 1 22
32 1 3
4 2 1
1 1 13
19 1 2
22 1 3
32 1 31
39 1 17
28 1 27
44 1 3
29 1 19
22 1 4
11 1 23
5 2 54
29 1 22
10 2 3
30 1 19
3 5 1
56 1 42
44 1 8
3 2 25
2 2 28
5 1 3
10 1 3
51 2 53
22 1 21
75 1 46
26 2 29
39 1 52
9 2 8
36 2 57
1 2 31
1 5 3
31 1 41
21 2 4
75 1 9
33 2 47
53 1 46
42 1 44
57 2 56
4 2 28
44 1 39
19 1 1
19 1 28
3 1 4
44 1 25
42 1 29
54 1 42
26 2 58
47 2 68
19 1 21
52 1 22
48 2 58
12 2 29
42 1 26
1 2 42
16 1 3
53 1 3
1 2 25
16 1 23
17 2 50
1 1 3
53 1 10
1 2 2
2 2 21
26 1 19
22 1 32
25 2 42
4 2 21
58 2 17
1 2 4
68 1 39
42 1 53
12 1 11
42 1 48
15 2 3
39 1 12
26 1 22
9 2 15
8 2 15
16 1 15
50 6 53
17 1 11
36 1 19
19 1 32
28 1 3
1 7 3
20 1 19
8 2 3
4 2 18
39 1 58
10 2 1
23 1 22
15 2 1
53 1 39
52 6 51
28 1 1
9 2 1
24 2 45
47 1 39
17 1 16
52 1 19
48 1 47
50 6 51
54 1 1
11 1 20
36 1 22
25 1 24
23 1 19
12 2 17
3 2 20
42 1 51
44 2 75
39 1 29
27 1 41
2 2 1
15 1 1
25 2 39
3 1 2
53 1 8
? 1 github_java_program_data/11/137.java

57 1 42
53 1 1
1 1 31
58 2 48
2 2 4
3 2 64
78 1 3
91 1 15
21 2 4
30 1 22
19 1 28
51 1 42
32 1 3
3 1 4
19 1 18
30 2 41
3 1 1
3 2 46
17 2 12
27 1 30
64 1 1
42 1 50
42 1 58
39 1 90
45 1 11
4 2 3
78 1 1
2 2 32
3 1 31
11 1 9
51 1 25
90 1 46
22 1 1
3 2 25
41 1 19
83 1 22
8 2 3
54 1 39
30 1 1
24 1 16
3 2 2
8 2 1
91 1 1
22 1 18
45 1 16
51 1 3
53 1 42
51 1 39
3 7 1
14 1 22
19 1 3
46 1 45
4 2 1
2 2 3
3 4 1
41 1 22
1 2 13
50 1 22
1 1 2
33 1 22
54 1 3
44 1 42
92 1 39
58 1 57
16 1 8
90 1 1
42 1 52
80 1 1
3 1 13
25 1 45
3 2 14
3 2 13
1 2 39
16 1 1
45 1 3
41 2 30
9 2 15
24 1 11
46 1 24
51 1 9
3 2 31
46 2 39
46 2 42
9 2 10
63 1 3
2 2 18
4 2 21
48 1 33
58 1 36
18 2 4
42 1 54
32 1 1
10 1 1
11 1 1
1 1 27
3 2 4
51 1 15
52 6 53
3 2 65
1 2 25
11 1 10
15 1 3
51 1 1
12 2 44
22 1 2
54 1 65
42 1 12
11 1 8
9 2 1
92 2 54
11 1 3
29 2 26
15 1 9
17 1 16
44 1 8
14 1 19
1 4 3
53 1 15
44 1 46
53 1 39
28 1 1
45 2 24
47 1 39
55 1 63
39 1 53
19 1 2
78 2 8
3 1 46
22 1 3
8 2 10
39 1 17
51 1 80
28 1 27
45 1 1
29 1 19
1 2 27
22 1 4
42 1 84
80 2 9
29 1 22
12 2 92
10 2 3
30 1 19
24 1 3
41 1 3
3 5 1
41 1 1
10 1 93
81 1 1
16 1 10
2 2 28
10 1 3
44 1 1
51 2 53
22 1 21
1 2 14
48 2 29
26 2 29
39 1 52
1 1 14
91 1 25
84 1 19
1 5 3
31 1 41
11 1 15
33 2 47
39 1 50
53 1 46
30 1 3
90 1 15
19 1 4
3 2 42
1 1 4
19 1 1
44 1 78
54 1 9
42 1 29
3 1 14
53 2 51
19 1 21
52 1 22
36 2 57
42 1 26
3 2 27
16 1 3
53 1 3
32 1 27
1 2 31
3 1 27
48 2 50
1 1 3
53 1 10
1 2 2
39 1 44
15 2 3
22 1 32
25 2 42
42 1 92
92 1 1
1 2 4
1 1 25
12 1 11
42 1 48
26 1 19
39 1 12
4 2 2
45 1 64
16 1 15
8 2 15
90 2 91
3 1 25
80 1 3
9 2 3
36 1 19
28 1 3
39 1 91
1 7 3
3 2 93
53 1 78
92 1 8
39 1 51
10 2 1
39 1 83
15 2 1
63 1 8
10 1 9
28 1 31
1 2 46
91 1 10
63 1 42
52 1 19
1 1 13
48 1 47
50 6 51
13 1 19
25 1 24
44 2 51
65 1 81
91 2 90
65 2 39
27 1 41
2 2 1
15 1 1
25 2 39
3 1 2
78 1 31
53 1 8
? 1 github_java_program_data/11/14.java

48 1 68
44 1 39
33 1 19
53 1 1
3 2 27
31 1 30
3 2 65
55 1 5
30 1 22
51 1 42
67 1 48
19 1 18
51 1 8
3 1 1
55 1 54
1 2 20
11 1 23
39 1 58
27 1 30
64 1 1
42 1 50
42 1 58
19 1 4
4 2 3
1 1 31
47 2 67
3 1 31
11 1 9
1 2 4
1 1 25
22 1 1
3 2 25
41 1 19
42 1 17
47 1 42
30 1 1
4 2 21
3 2 2
22 1 18
57 1 39
45 1 16
51 1 3
53 2 51
53 1 42
51 1 39
19 1 3
46 1 45
58 1 56
2 2 3
28 1 1
3 4 1
41 1 22
3 2 64
1 1 2
33 1 22
65 2 42
54 1 3
10 1 8
51 1 46
58 1 57
32 2 2
80 1 1
11 1 1
54 1 8
32 2 4
16 1 1
45 1 3
42 1 26
3 2 23
24 1 11
48 2 26
51 1 78
51 1 9
46 2 39
46 2 42
9 2 10
24 1 3
2 2 18
51 1 10
48 1 33
58 1 36
50 1 19
32 1 1
8 2 9
10 1 1
25 1 45
1 1 27
3 2 4
1 2 23
51 1 15
52 6 53
17 2 26
32 1 27
11 1 10
15 1 3
51 1 1
22 1 2
54 1 65
42 1 12
1 2 27
39 1 26
11 1 3
28 2 4
11 1 15
22 1 28
44 1 8
1 4 3
53 1 15
53 1 9
28 2 2
53 1 39
4 2 1
26 2 58
19 1 2
22 1 3
78 2 9
32 1 31
58 1 47
28 1 27
44 1 3
29 1 19
11 1 8
22 1 4
28 1 31
3 2 46
5 2 54
29 1 22
16 1 20
10 2 3
17 2 12
30 1 19
41 1 3
16 1 9
3 5 1
41 1 1
81 1 1
16 1 10
5 1 3
10 1 3
51 2 53
22 1 21
58 1 67
26 2 48
39 1 52
36 2 57
1 2 31
1 5 3
31 1 41
33 2 47
8 2 10
42 1 44
30 1 3
57 2 56
53 1 80
4 2 28
1 1 4
19 1 1
19 1 28
3 1 4
44 1 25
42 1 29
54 1 42
3 1 27
47 2 68
19 1 21
52 1 22
67 2 56
78 1 1
16 1 3
53 1 3
1 2 25
48 1 57
1 1 3
53 1 10
1 2 2
53 1 25
2 2 21
15 2 3
22 1 32
48 1 36
25 2 42
80 2 8
68 1 39
42 1 53
12 1 11
42 1 48
26 1 19
26 1 22
9 2 15
45 1 64
16 1 15
2 2 32
36 1 19
19 1 32
28 1 3
1 7 3
20 1 19
8 2 3
4 2 18
58 1 33
3 2 31
10 2 1
23 1 22
15 2 1
32 1 3
52 6 51
3 1 46
1 2 46
17 1 16
48 1 47
50 6 51
56 1 42
36 1 22
25 1 24
12 2 17
46 1 24
42 1 51
44 2 51
65 1 81
39 1 29
58 2 26
27 1 41
17 2 44
2 2 1
15 1 1
25 2 39
3 1 2
53 1 8
? 1 github_java_program_data/11/152.java

57 1 42
53 1 1
1 1 31
58 2 48
2 2 4
3 2 64
78 1 3
91 1 15
21 2 4
30 1 22
19 1 28
51 1 42
32 1 3
3 1 4
19 1 18
30 2 41
3 1 1
3 2 46
17 2 12
27 1 30
64 1 1
42 1 50
42 1 58
39 1 90
45 1 11
4 2 3
78 1 1
2 2 32
3 1 31
11 1 9
51 1 25
90 1 46
22 1 1
3 2 25
41 1 19
83 1 22
8 2 3
54 1 39
30 1 1
24 1 16
3 2 2
8 2 1
91 1 1
22 1 18
45 1 16
51 1 3
53 1 42
51 1 39
3 7 1
14 1 22
19 1 3
46 1 45
4 2 1
2 2 3
3 4 1
41 1 22
1 2 13
50 1 22
1 1 2
33 1 22
54 1 3
44 1 42
92 1 39
58 1 57
16 1 8
90 1 1
42 1 52
80 1 1
3 1 13
25 1 45
3 2 14
3 2 13
1 2 39
16 1 1
45 1 3
41 2 30
9 2 15
24 1 11
46 1 24
51 1 9
3 2 31
46 2 39
46 2 42
9 2 10
63 1 3
2 2 18
4 2 21
48 1 33
58 1 36
18 2 4
42 1 54
32 1 1
10 1 1
11 1 1
1 1 27
3 2 4
51 1 15
52 6 53
3 2 65
1 2 25
11 1 10
15 1 3
51 1 1
12 2 44
22 1 2
54 1 65
42 1 12
11 1 8
9 2 1
92 2 54
11 1 3
29 2 26
15 1 9
17 1 16
44 1 8
14 1 19
1 4 3
53 1 15
44 1 46
53 1 39
28 1 1
45 2 24
47 1 39
55 1 63
39 1 53
19 1 2
78 2 8
3 1 46
22 1 3
8 2 10
39 1 17
51 1 80
28 1 27
45 1 1
29 1 19
1 2 27
22 1 4
42 1 84
80 2 9
29 1 22
12 2 92
10 2 3
30 1 19
24 1 3
41 1 3
3 5 1
41 1 1
10 1 93
81 1 1
16 1 10
2 2 28
10 1 3
44 1 1
51 2 53
22 1 21
1 2 14
48 2 29
26 2 29
39 1 52
1 1 14
91 1 25
84 1 19
1 5 3
31 1 41
11 1 15
33 2 47
39 1 50
53 1 46
30 1 3
90 1 15
19 1 4
3 2 42
1 1 4
19 1 1
44 1 78
54 1 9
42 1 29
3 1 14
53 2 51
19 1 21
52 1 22
36 2 57
42 1 26
3 2 27
16 1 3
53 1 3
32 1 27
1 2 31
3 1 27
48 2 50
1 1 3
53 1 10
1 2 2
39 1 44
15 2 3
22 1 32
25 2 42
42 1 92
92 1 1
1 2 4
1 1 25
12 1 11
42 1 48
26 1 19
39 1 12
4 2 2
45 1 64
16 1 15
8 2 15
90 2 91
3 1 25
80 1 3
9 2 3
36 1 19
28 1 3
39 1 91
1 7 3
3 2 93
53 1 78
92 1 8
39 1 51
10 2 1
39 1 83
15 2 1
63 1 8
10 1 9
28 1 31
1 2 46
91 1 10
63 1 42
52 1 19
1 1 13
48 1 47
50 6 51
13 1 19
25 1 24
44 2 51
65 1 81
91 2 90
65 2 39
27 1 41
2 2 1
15 1 1
25 2 39
3 1 2
78 1 31
53 1 8
? 1 github_java_program_data/11/164.java

48 1 68
57 1 42
20 1 16
33 1 19
53 1 1
3 2 27
31 1 30
13 1 22
2 2 4
75 1 39
29 2 58
1 2 13
58 2 29
68 1 42
63 1 42
30 1 22
19 2 22
51 1 42
57 2 68
54 1 9
39 1 62
19 1 18
30 2 41
51 1 8
3 1 1
3 2 2
11 1 23
19 1 39
17 2 12
27 1 30
42 1 50
33 2 39
42 1 58
19 1 4
45 1 11
4 2 3
40 2 29
36 2 37
47 2 67
3 1 31
11 1 9
51 1 25
16 1 20
22 1 1
3 2 25
41 1 19
42 1 17
47 1 42
39 1 75
1 2 46
24 1 16
39 1 51
75 1 8
22 1 18
57 1 39
45 1 16
51 1 3
9 2 1
6 2 63
39 1 53
1 2 42
39 1 22
53 1 42
51 1 39
26 2 17
14 1 22
19 1 3
46 1 45
58 1 56
2 2 3
29 2 48
10 2 1
35 2 39
19 1 42
41 1 22
2 2 18
39 1 26
50 1 22
1 1 2
33 1 22
3 2 14
17 2 26
50 6 53
28 2 2
44 1 42
58 1 57
12 1 16
32 2 2
16 1 8
42 1 52
22 1 21
3 1 13
25 1 45
38 1 36
49 1 42
62 1 36
54 1 8
42 1 40
26 2 49
16 1 1
45 2 24
3 5 1
41 2 30
1 2 27
63 1 8
49 2 29
24 1 11
75 1 3
46 1 24
41 1 2
12 2 26
3 2 31
46 2 39
46 2 42
42 1 22
9 2 10
12 2 48
17 2 58
51 1 10
48 1 33
18 2 4
58 1 36
50 1 19
53 2 51
42 1 54
32 1 1
29 2 26
10 1 1
11 1 1
3 2 13
3 2 4
1 2 23
51 1 15
75 1 25
52 6 53
4 2 1
63 1 1
15 1 3
11 1 10
48 1 56
51 1 1
44 1 9
22 1 2
39 1 17
49 1 33
8 2 1
67 1 48
40 1 35
11 1 3
28 2 4
6 1 3
20 1 11
11 1 15
62 2 26
22 1 28
35 1 33
14 1 19
39 1 48
1 4 3
53 1 15
53 1 9
20 1 22
53 1 39
28 1 1
1 1 13
13 1 19
51 1 46
19 1 2
33 2 34
39 1 43
22 1 3
33 2 42
32 1 31
58 1 47
39 1 19
28 1 27
29 1 19
11 1 8
22 1 4
3 2 46
1 2 25
29 1 22
38 1 20
62 1 42
26 2 50
10 2 3
30 1 19
38 1 37
2 2 32
41 1 3
16 1 9
4 2 2
54 1 1
41 1 1
33 2 57
16 1 10
2 2 28
43 1 38
10 1 3
44 1 1
51 2 53
8 2 10
4 2 32
1 2 14
42 1 19
58 1 67
3 4 1
39 1 52
1 1 14
9 2 8
67 2 56
1 2 31
25 1 24
1 5 3
31 1 41
21 2 4
26 2 29
42 1 49
37 1 22
33 2 47
39 1 50
53 1 46
42 1 44
38 2 42
4 2 28
3 2 42
1 1 4
3 2 32
19 1 1
19 1 28
3 1 4
20 2 33
44 1 25
49 1 39
42 1 29
3 1 14
39 1 40
47 2 68
19 1 21
52 1 22
1 2 39
3 2 23
36 2 57
12 2 29
43 2 29
42 1 26
32 2 4
41 1 4
51 2 54
43 1 42
16 1 3
53 1 3
32 1 27
18 2 2
16 1 23
48 1 57
1 1 3
53 1 10
1 2 2
53 1 25
2 2 21
15 2 3
22 1 32
48 1 36
25 2 42
4 2 21
1 2 4
29 2 40
68 1 39
3 7 1
42 1 53
12 1 11
42 1 48
26 1 19
39 1 12
26 1 22
9 2 15
8 2 15
16 1 15
1 7 3
40 1 39
17 2 75
58 1 68
56 1 39
34 1 19
36 1 19
19 1 32
28 1 3
55 1 63
35 1 20
29 2 50
20 1 19
8 2 3
4 2 18
49 2 58
58 1 33
39 1 58
40 2 26
54 1 39
23 1 22
50 6 51
15 2 1
29 2 43
75 2 53
32 1 3
47 2 56
36 2 42
52 6 51
28 1 31
17 1 11
55 1 6
24 2 45
47 1 39
17 1 16
52 1 19
12 2 44
48 1 47
21 2 2
56 1 42
25 2 39
36 1 22
42 1 12
23 1 19
12 2 17
3 2 20
42 1 51
48 2 26
44 2 51
39 1 29
20 2 36
27 1 41
22 2 19
2 2 1
15 1 1
17 2 49
11 1 20
3 1 2
35 1 34
36 2 47
? 1 github_java_program_data/11/179.java

48 1 68
57 1 42
1 1 4
33 1 19
53 1 1
3 2 27
12 2 48
2 2 4
78 1 3
30 1 4
23 2 36
68 1 42
21 2 4
12 2 26
29 2 52
40 1 39
19 1 18
51 1 8
17 2 62
1 2 20
17 2 12
27 1 30
18 2 4
19 1 4
55 1 7
4 2 3
29 2 17
36 2 37
11 1 9
51 1 25
16 1 20
22 1 1
41 1 19
30 1 1
3 2 2
53 2 51
51 1 39
52 1 22
3 7 1
58 1 56
2 2 3
49 2 52
41 1 22
50 6 51
44 2 53
54 1 3
28 2 2
39 1 53
58 1 57
43 1 38
25 1 45
38 1 36
23 1 11
16 1 1
45 2 24
42 1 26
54 2 12
96 1 36
46 1 24
51 1 9
65 1 3
9 2 10
17 2 58
51 1 10
2 2 32
38 2 42
32 1 1
53 1 3
11 1 1
3 2 4
17 2 26
17 2 51
15 1 3
11 1 10
48 1 56
22 1 2
39 1 17
1 2 27
39 1 26
11 1 3
9 2 8
20 1 11
11 1 15
35 1 33
39 1 48
53 1 15
53 1 9
38 1 23
48 1 67
53 1 39
19 1 2
86 1 58
1 2 23
78 2 9
33 2 42
32 1 31
58 1 47
51 1 80
8 2 3
3 2 46
6 2 54
62 1 42
22 1 73
57 1 22
30 1 2
41 1 3
16 1 9
22 1 32
3 2 25
20 2 36
51 2 53
48 2 29
26 2 48
29 2 26
67 2 56
31 1 41
58 2 50
36 2 47
39 2 36
30 1 3
57 2 56
73 2 4
44 1 39
42 1 96
4 2 21
54 1 9
40 1 42
19 1 21
26 2 17
7 2 6
41 2 30
1 2 42
1 2 25
48 1 57
1 1 3
22 1 3
1 2 2
53 1 25
73 1 57
1 4 3
58 2 17
80 2 8
68 1 39
12 1 11
26 1 19
39 1 12
26 1 22
9 2 15
8 2 15
16 1 15
50 6 53
58 1 68
56 1 39
73 1 33
9 2 3
36 1 19
35 1 34
28 1 3
35 1 20
29 2 50
20 1 19
4 2 18
58 1 33
48 1 86
10 2 1
15 2 1
29 2 43
32 1 3
43 1 39
52 6 51
28 1 1
80 1 3
23 2 33
24 2 45
47 1 39
63 1 39
12 2 58
48 1 47
36 1 22
6 1 1
25 1 24
3 2 20
42 1 51
48 2 17
39 1 29
1 2 46
23 1 16
27 1 41
11 1 20
3 1 2
53 1 8
96 1 39
51 2 12
65 2 27
1 1 31
31 1 30
27 2 39
29 2 12
55 1 5
15 1 8
30 1 22
51 1 42
39 1 62
3 1 1
55 1 54
11 1 23
1 7 3
20 1 22
42 1 50
42 1 58
45 1 11
47 2 86
78 1 1
36 2 39
3 1 31
26 2 40
42 1 17
22 1 4
24 1 16
8 2 1
22 1 18
57 1 39
45 1 16
51 1 3
53 1 42
39 1 58
35 1 23
7 1 1
19 1 3
46 1 45
2 2 63
3 4 1
2 2 18
5 1 1
50 1 22
62 1 33
1 1 2
33 1 22
67 1 58
51 1 46
12 1 16
32 2 2
16 1 8
42 1 52
22 1 21
39 1 50
54 1 8
42 1 40
2 2 73
5 2 6
24 1 11
42 1 29
1 2 4
62 2 52
10 1 9
46 2 39
46 2 42
56 1 42
38 1 37
12 2 54
47 2 67
48 1 33
58 1 36
50 1 19
42 1 54
8 2 9
10 1 1
1 1 27
52 6 53
51 1 15
4 2 1
30 2 41
26 2 12
40 2 29
40 1 35
51 1 1
35 2 39
11 1 8
28 2 4
6 1 3
17 1 16
49 1 39
26 2 52
10 1 8
44 1 46
63 1 27
33 2 34
39 1 43
28 1 27
29 1 19
47 1 42
63 1 65
29 1 22
38 1 20
10 2 3
30 1 19
3 5 1
49 1 36
44 1 8
16 1 10
2 2 28
10 1 3
22 1 63
44 1 1
8 2 10
4 2 32
73 1 56
39 1 52
36 2 57
1 2 31
17 2 29
26 2 29
42 1 49
23 1 19
53 1 46
42 1 44
35 2 42
4 2 28
3 2 42
19 1 1
19 1 28
3 1 4
20 2 33
54 1 42
47 2 68
12 2 29
43 1 42
16 1 3
58 2 12
32 1 27
18 2 2
16 1 23
32 2 4
2 2 21
33 2 57
48 1 36
25 2 42
1 5 3
29 2 40
22 1 28
42 1 53
42 1 48
15 2 3
4 2 2
6 2 7
17 1 11
19 1 32
33 2 47
53 1 78
3 2 31
86 2 68
23 1 22
34 1 22
17 2 48
56 1 19
3 2 23
47 2 56
28 1 31
55 1 6
15 1 1
1 2 18
52 1 19
37 1 19
21 2 2
54 1 1
42 1 12
39 1 40
12 2 17
30 1 21
42 1 43
12 2 49
53 1 10
58 2 26
17 2 44
2 2 1
38 2 39
25 2 39
39 1 72
? 1 github_java_program_data/11/181.java

48 1 68
57 1 42
17 2 50
33 1 19
53 1 1
33 2 37
46 2 39
3 2 27
31 1 30
13 1 22
48 2 12
4 2 19
55 1 5
23 2 36
68 1 42
21 2 4
30 1 22
29 2 52
51 1 42
57 2 68
40 1 39
19 1 18
51 1 8
3 1 1
3 2 2
55 1 54
1 2 20
11 1 23
17 2 12
58 1 47
27 1 30
49 2 48
42 1 50
33 2 39
42 1 58
19 1 4
45 1 11
4 2 3
29 2 17
36 2 37
17 2 49
42 1 29
51 1 25
16 1 20
22 1 1
2 2 32
41 1 19
42 1 17
47 1 42
54 1 39
4 2 18
1 2 46
24 1 16
39 1 51
8 2 1
22 1 18
57 1 39
45 1 16
9 2 1
17 2 51
53 2 51
40 2 48
53 1 42
51 1 39
35 1 23
51 2 63
26 2 17
14 1 22
19 1 3
46 1 45
58 1 56
2 2 3
29 2 58
12 2 26
35 2 39
3 4 1
41 1 22
2 2 18
50 1 22
1 1 2
33 1 22
3 2 14
17 2 26
12 2 50
39 1 53
58 1 57
12 1 16
16 1 8
39 1 63
43 1 38
22 1 21
1 4 3
12 2 43
3 1 13
11 1 1
38 1 36
49 1 42
62 1 36
54 1 8
42 1 40
16 1 1
12 2 52
41 2 30
1 2 27
3 2 23
24 1 11
40 2 29
62 1 39
46 1 24
51 1 9
12 2 40
43 2 58
46 2 42
9 2 10
33 2 42
17 2 58
51 1 10
48 1 33
18 2 4
58 1 36
50 1 19
3 5 1
38 2 42
32 1 1
58 2 12
8 2 9
10 1 1
25 1 45
30 2 41
3 2 4
1 2 23
51 1 15
52 6 53
4 2 1
3 2 13
11 1 10
40 1 35
48 1 56
51 1 1
22 1 2
53 1 39
39 1 17
49 1 33
39 1 26
23 2 33
11 1 3
29 2 26
11 1 15
22 1 28
35 1 33
39 1 48
26 2 52
53 1 15
53 1 9
20 1 22
1 1 3
28 1 1
45 2 24
1 1 13
13 1 19
19 1 2
58 2 52
63 2 53
63 1 39
22 1 3
17 2 53
20 2 36
32 1 31
42 1 12
1 2 2
28 1 27
29 1 19
34 1 4
22 1 4
51 2 54
3 2 46
5 2 54
29 1 22
38 1 20
63 1 1
26 2 50
22 2 4
10 2 3
51 2 53
30 1 19
38 1 37
16 1 9
12 2 62
56 1 42
33 2 57
16 1 10
2 2 28
5 1 3
10 1 3
39 1 54
39 1 62
8 2 10
4 2 32
1 2 14
48 2 29
26 2 29
26 2 48
39 1 52
1 1 14
36 2 34
9 2 8
36 2 57
1 2 31
17 2 29
31 1 41
42 1 49
23 1 19
33 2 47
39 1 50
53 1 46
57 2 56
4 2 28
1 1 4
19 1 1
19 1 28
3 1 4
20 2 33
34 1 19
49 1 39
11 1 9
3 1 14
47 2 68
19 1 21
52 1 22
1 2 39
48 2 58
12 2 29
43 2 29
42 1 26
15 1 3
43 1 42
16 1 3
53 1 3
1 2 25
17 2 40
16 1 23
35 1 36
48 1 57
14 1 19
53 1 10
38 1 23
2 2 21
15 2 3
22 1 32
48 1 36
25 2 42
4 2 21
49 2 26
1 2 4
68 1 39
3 7 1
12 1 11
42 1 48
26 1 19
39 1 12
26 1 22
9 2 15
8 2 15
16 1 15
50 6 53
29 2 50
63 1 9
58 1 68
56 1 39
36 1 19
54 2 53
19 1 32
28 1 3
1 7 3
35 1 20
58 2 50
20 1 19
36 2 47
39 1 49
58 1 33
39 1 58
10 2 1
23 1 22
50 6 51
34 1 22
17 2 48
15 2 1
36 2 39
32 1 3
62 2 29
47 2 56
52 6 51
42 1 52
17 1 11
3 2 31
1 2 13
24 2 45
47 1 39
17 1 16
52 1 19
37 1 19
12 2 58
48 1 47
21 2 2
54 1 1
1 5 3
25 2 39
36 1 22
25 1 24
39 1 40
12 2 17
3 2 20
42 1 43
39 1 29
33 2 34
12 2 49
23 1 16
27 1 41
2 2 1
15 1 1
11 1 20
3 1 2
35 1 34
53 1 8
38 1 33
? 1 github_java_program_data/11/183.java

48 1 68
57 1 42
44 1 39
33 1 19
53 1 1
3 2 27
31 1 30
13 1 22
2 2 4
29 2 58
1 2 13
23 2 36
68 1 42
63 1 42
30 1 22
57 2 68
3 1 4
67 1 48
19 1 18
30 2 41
3 1 1
1 2 20
11 1 23
17 2 12
27 1 30
44 2 54
42 1 50
42 1 58
19 1 4
45 1 11
4 2 3
40 2 29
36 2 37
2 2 32
11 1 9
1 2 4
16 1 20
22 1 1
3 2 25
41 1 19
42 1 17
47 1 42
1 2 46
24 1 16
3 2 2
8 2 1
47 2 67
22 1 18
23 1 16
45 1 16
47 2 68
40 2 48
53 1 42
51 1 39
35 1 23
3 7 1
14 1 22
19 1 3
46 1 45
58 1 56
2 2 3
35 2 39
36 2 47
41 1 22
2 2 18
55 1 63
1 1 2
33 1 22
3 2 14
43 2 26
28 2 2
51 1 46
58 1 57
12 1 16
23 1 19
43 1 38
22 1 21
3 1 13
25 1 45
38 1 36
49 1 42
23 1 11
32 2 4
16 1 1
45 2 24
41 2 30
1 2 27
63 1 8
24 1 11
42 1 29
46 1 24
3 4 1
51 1 9
12 2 26
3 2 31
46 2 39
1 2 42
21 2 4
12 2 48
4 2 21
48 1 33
17 2 26
58 1 36
50 1 19
53 2 51
42 1 54
32 1 1
10 1 1
11 1 1
3 2 13
3 2 4
1 2 23
51 1 15
4 2 1
63 1 1
11 1 10
40 1 35
48 1 56
51 1 1
22 1 2
58 1 47
49 1 33
39 1 62
23 2 33
11 1 3
28 2 4
9 2 8
11 1 15
62 2 26
17 1 16
35 1 33
14 1 19
39 1 48
1 4 3
53 1 15
20 1 22
53 1 39
28 1 1
1 1 13
13 1 19
19 1 2
33 2 34
39 1 43
53 1 10
33 2 42
32 1 31
39 1 17
1 2 2
28 1 27
44 1 3
29 1 19
11 1 8
22 1 4
29 1 22
62 1 42
10 2 3
30 1 19
38 1 37
16 1 9
3 5 1
33 2 57
44 1 8
16 1 10
2 2 28
10 1 3
51 2 53
8 2 10
1 2 14
48 2 29
58 1 67
26 2 48
39 1 52
1 1 14
36 2 34
29 2 26
67 2 56
18 2 4
25 1 24
1 5 3
31 1 41
26 2 29
42 1 49
37 1 22
33 2 47
39 1 50
42 1 44
57 2 56
35 2 42
38 2 42
4 2 28
1 1 4
19 1 1
19 1 28
54 1 9
44 1 25
54 1 42
1 2 31
3 1 14
40 1 42
19 1 21
39 1 26
3 2 23
36 2 57
62 1 36
42 1 26
15 1 3
43 1 42
16 1 3
53 1 3
1 2 25
18 2 2
16 1 23
35 1 36
48 1 57
1 1 3
22 1 3
38 1 23
53 1 25
2 2 21
15 2 3
22 1 32
48 1 36
25 2 42
49 2 26
52 6 53
29 2 40
22 1 28
42 1 53
12 1 11
42 1 48
26 1 19
39 1 12
26 1 22
9 2 15
8 2 15
16 1 15
40 1 39
58 1 68
56 1 39
34 1 19
54 2 51
36 1 19
19 1 32
28 1 3
1 7 3
20 1 19
8 2 3
4 2 18
49 2 58
58 1 33
39 1 58
10 2 1
23 1 22
34 1 22
15 2 1
29 2 43
32 1 3
43 1 39
36 2 42
17 1 11
9 2 1
38 2 39
24 2 45
47 1 39
52 1 19
37 1 19
12 2 58
48 1 47
50 6 51
54 1 1
25 2 39
36 1 22
42 1 12
39 1 40
12 2 17
3 2 20
42 1 51
42 1 43
39 1 29
57 1 39
27 1 41
17 2 44
2 2 1
15 1 1
17 2 49
11 1 20
3 1 2
35 1 34
53 1 8
? 1 github_java_program_data/11/189.java

57 1 42
1 4 3
33 1 19
53 1 1
3 2 27
31 1 30
2 2 4
30 1 22
29 2 52
51 1 42
57 2 68
19 1 18
51 1 8
3 1 1
55 1 54
1 2 20
11 1 23
1 7 3
27 1 30
42 1 50
42 1 58
19 1 4
45 1 11
4 2 3
77 1 87
17 2 49
42 1 29
51 1 25
16 1 20
22 1 1
2 2 32
41 1 19
42 1 17
42 1 77
24 1 16
3 2 2
8 2 1
22 1 18
51 1 3
53 1 42
51 1 39
3 7 1
19 1 3
46 1 45
4 2 1
2 2 3
49 2 52
41 1 22
2 2 18
47 2 56
1 1 2
33 1 22
65 2 42
51 1 46
58 1 57
12 1 16
32 2 2
16 1 8
8 2 10
11 1 1
49 1 42
54 1 8
1 2 65
16 1 1
77 1 39
3 2 25
3 2 23
89 1 76
24 1 11
42 2 87
46 1 24
3 4 1
51 1 9
12 2 26
3 2 31
46 2 39
46 2 42
56 1 42
9 2 10
17 2 58
51 1 10
48 1 33
50 1 19
3 5 1
89 1 42
32 1 1
8 2 9
10 1 1
25 1 45
3 2 4
51 1 15
76 1 39
52 6 53
17 2 26
11 1 10
15 1 3
48 1 56
51 1 1
44 1 9
22 1 2
54 1 65
39 1 17
1 2 27
39 1 26
11 1 3
28 2 4
6 1 3
11 1 15
22 1 28
76 1 25
87 1 39
53 1 15
53 1 9
20 1 22
53 1 39
28 1 1
44 1 42
19 1 2
1 2 23
32 1 31
42 1 12
28 1 27
44 1 3
29 1 19
11 1 8
22 1 4
77 1 42
29 1 22
12 2 77
10 2 3
30 1 19
18 2 4
4 2 2
49 1 36
98 1 46
16 1 10
2 2 28
10 1 3
51 2 53
22 1 21
4 2 32
26 2 29
26 2 48
39 1 52
9 2 8
77 1 98
1 2 31
1 5 3
31 1 41
97 1 39
33 2 47
36 2 47
53 1 46
42 1 44
42 1 97
39 2 98
33 2 57
4 2 28
1 1 4
19 1 1
19 1 28
3 1 4
55 1 7
98 1 42
11 1 9
54 1 42
53 2 51
19 1 21
52 1 22
12 2 29
42 1 26
7 1 3
16 1 3
1 2 25
16 1 23
12 2 97
1 1 3
22 1 3
1 2 2
53 1 25
15 2 3
22 1 32
48 1 36
25 2 42
4 2 21
1 2 4
68 1 39
42 1 53
12 1 11
42 1 48
26 1 19
39 1 12
26 1 22
9 2 15
8 2 15
16 1 15
39 1 77
7 2 54
6 2 7
58 1 68
44 1 25
9 2 3
36 1 19
19 1 32
28 1 3
29 2 26
97 2 17
20 1 19
4 2 18
39 1 49
58 1 33
55 1 6
10 2 1
23 1 22
17 2 48
15 2 1
81 1 3
32 1 3
7 2 6
10 1 9
36 2 42
52 6 51
17 1 11
9 2 1
47 1 39
17 1 16
39 1 48
48 1 47
54 1 1
25 2 39
36 1 22
25 1 24
23 1 19
12 2 17
3 2 20
42 1 51
42 2 76
44 2 51
65 1 81
39 1 29
1 2 46
42 1 89
27 1 41
17 2 44
2 2 1
15 1 1
11 1 20
3 1 2
53 1 8
? 1 github_java_program_data/11/191.java

57 1 42
53 1 1
1 1 31
58 2 48
2 2 4
3 2 64
78 1 3
91 1 15
21 2 4
30 1 22
19 1 28
51 1 42
32 1 3
3 1 4
19 1 18
30 2 41
3 1 1
3 2 46
17 2 12
27 1 30
64 1 1
42 1 50
42 1 58
39 1 90
45 1 11
4 2 3
78 1 1
2 2 32
3 1 31
11 1 9
51 1 25
90 1 46
22 1 1
3 2 25
41 1 19
83 1 22
8 2 3
54 1 39
30 1 1
24 1 16
3 2 2
8 2 1
91 1 1
22 1 18
45 1 16
51 1 3
53 1 42
51 1 39
3 7 1
14 1 22
19 1 3
46 1 45
4 2 1
2 2 3
3 4 1
41 1 22
1 2 13
50 1 22
1 1 2
33 1 22
54 1 3
44 1 42
92 1 39
58 1 57
16 1 8
90 1 1
42 1 52
80 1 1
3 1 13
25 1 45
3 2 14
3 2 13
1 2 39
16 1 1
45 1 3
41 2 30
9 2 15
24 1 11
46 1 24
51 1 9
3 2 31
46 2 39
46 2 42
9 2 10
63 1 3
2 2 18
4 2 21
48 1 33
58 1 36
18 2 4
42 1 54
32 1 1
10 1 1
11 1 1
1 1 27
3 2 4
51 1 15
52 6 53
3 2 65
1 2 25
11 1 10
15 1 3
51 1 1
12 2 44
22 1 2
54 1 65
42 1 12
11 1 8
9 2 1
92 2 54
11 1 3
29 2 26
15 1 9
17 1 16
44 1 8
14 1 19
1 4 3
53 1 15
44 1 46
53 1 39
28 1 1
45 2 24
47 1 39
55 1 63
39 1 53
19 1 2
78 2 8
3 1 46
22 1 3
8 2 10
39 1 17
51 1 80
28 1 27
45 1 1
29 1 19
1 2 27
22 1 4
42 1 84
80 2 9
29 1 22
12 2 92
10 2 3
30 1 19
24 1 3
41 1 3
3 5 1
41 1 1
10 1 93
81 1 1
16 1 10
2 2 28
10 1 3
44 1 1
51 2 53
22 1 21
1 2 14
48 2 29
26 2 29
39 1 52
1 1 14
91 1 25
84 1 19
1 5 3
31 1 41
11 1 15
33 2 47
39 1 50
53 1 46
30 1 3
90 1 15
19 1 4
3 2 42
1 1 4
19 1 1
44 1 78
54 1 9
42 1 29
3 1 14
53 2 51
19 1 21
52 1 22
36 2 57
42 1 26
3 2 27
16 1 3
53 1 3
32 1 27
1 2 31
3 1 27
48 2 50
1 1 3
53 1 10
1 2 2
39 1 44
15 2 3
22 1 32
25 2 42
42 1 92
92 1 1
1 2 4
1 1 25
12 1 11
42 1 48
26 1 19
39 1 12
4 2 2
45 1 64
16 1 15
8 2 15
90 2 91
3 1 25
80 1 3
9 2 3
36 1 19
28 1 3
39 1 91
1 7 3
3 2 93
53 1 78
92 1 8
39 1 51
10 2 1
39 1 83
15 2 1
63 1 8
10 1 9
28 1 31
1 2 46
91 1 10
63 1 42
52 1 19
1 1 13
48 1 47
50 6 51
13 1 19
25 1 24
44 2 51
65 1 81
91 2 90
65 2 39
27 1 41
2 2 1
15 1 1
25 2 39
3 1 2
78 1 31
53 1 8
? 1 github_java_program_data/11/194.java

48 1 68
44 1 39
33 1 19
53 1 1
3 2 27
31 1 30
3 2 65
55 1 5
30 1 22
51 1 42
67 1 48
19 1 18
51 1 8
3 1 1
55 1 54
1 2 20
11 1 23
39 1 58
27 1 30
64 1 1
42 1 50
42 1 58
19 1 4
4 2 3
1 1 31
47 2 67
3 1 31
11 1 9
1 2 4
1 1 25
22 1 1
3 2 25
41 1 19
42 1 17
47 1 42
30 1 1
4 2 21
3 2 2
22 1 18
57 1 39
45 1 16
51 1 3
53 2 51
53 1 42
51 1 39
19 1 3
46 1 45
58 1 56
2 2 3
28 1 1
3 4 1
41 1 22
3 2 64
1 1 2
33 1 22
65 2 42
54 1 3
10 1 8
51 1 46
58 1 57
32 2 2
80 1 1
11 1 1
54 1 8
32 2 4
16 1 1
45 1 3
42 1 26
3 2 23
24 1 11
48 2 26
51 1 78
51 1 9
46 2 39
46 2 42
9 2 10
24 1 3
2 2 18
51 1 10
48 1 33
58 1 36
50 1 19
32 1 1
8 2 9
10 1 1
25 1 45
1 1 27
3 2 4
1 2 23
51 1 15
52 6 53
17 2 26
32 1 27
11 1 10
15 1 3
51 1 1
22 1 2
54 1 65
42 1 12
1 2 27
39 1 26
11 1 3
28 2 4
11 1 15
22 1 28
44 1 8
1 4 3
53 1 15
53 1 9
28 2 2
53 1 39
4 2 1
26 2 58
19 1 2
22 1 3
78 2 9
32 1 31
58 1 47
28 1 27
44 1 3
29 1 19
11 1 8
22 1 4
28 1 31
3 2 46
5 2 54
29 1 22
16 1 20
10 2 3
17 2 12
30 1 19
41 1 3
16 1 9
3 5 1
41 1 1
81 1 1
16 1 10
5 1 3
10 1 3
51 2 53
22 1 21
58 1 67
26 2 48
39 1 52
36 2 57
1 2 31
1 5 3
31 1 41
33 2 47
8 2 10
42 1 44
30 1 3
57 2 56
53 1 80
4 2 28
1 1 4
19 1 1
19 1 28
3 1 4
44 1 25
42 1 29
54 1 42
3 1 27
47 2 68
19 1 21
52 1 22
67 2 56
78 1 1
16 1 3
53 1 3
1 2 25
48 1 57
1 1 3
53 1 10
1 2 2
53 1 25
2 2 21
15 2 3
22 1 32
48 1 36
25 2 42
80 2 8
68 1 39
42 1 53
12 1 11
42 1 48
26 1 19
26 1 22
9 2 15
45 1 64
16 1 15
2 2 32
36 1 19
19 1 32
28 1 3
1 7 3
20 1 19
8 2 3
4 2 18
58 1 33
3 2 31
10 2 1
23 1 22
15 2 1
32 1 3
52 6 51
3 1 46
1 2 46
17 1 16
48 1 47
50 6 51
56 1 42
36 1 22
25 1 24
12 2 17
46 1 24
42 1 51
44 2 51
65 1 81
39 1 29
58 2 26
27 1 41
17 2 44
2 2 1
15 1 1
25 2 39
3 1 2
53 1 8
? 1 github_java_program_data/11/212.java

57 1 42
53 1 1
1 1 31
58 2 48
2 2 4
3 2 64
78 1 3
91 1 15
21 2 4
30 1 22
19 1 28
51 1 42
32 1 3
3 1 4
19 1 18
30 2 41
3 1 1
3 2 46
17 2 12
27 1 30
64 1 1
42 1 50
42 1 58
39 1 90
45 1 11
4 2 3
78 1 1
2 2 32
3 1 31
11 1 9
51 1 25
90 1 46
22 1 1
3 2 25
41 1 19
83 1 22
8 2 3
54 1 39
30 1 1
24 1 16
3 2 2
8 2 1
91 1 1
22 1 18
45 1 16
51 1 3
53 1 42
51 1 39
3 7 1
14 1 22
19 1 3
46 1 45
4 2 1
2 2 3
3 4 1
41 1 22
1 2 13
50 1 22
1 1 2
33 1 22
54 1 3
44 1 42
92 1 39
58 1 57
16 1 8
90 1 1
42 1 52
80 1 1
3 1 13
25 1 45
3 2 14
3 2 13
1 2 39
16 1 1
45 1 3
41 2 30
9 2 15
24 1 11
46 1 24
51 1 9
3 2 31
46 2 39
46 2 42
9 2 10
63 1 3
2 2 18
4 2 21
48 1 33
58 1 36
18 2 4
42 1 54
32 1 1
10 1 1
11 1 1
1 1 27
3 2 4
51 1 15
52 6 53
3 2 65
1 2 25
11 1 10
15 1 3
51 1 1
12 2 44
22 1 2
54 1 65
42 1 12
11 1 8
9 2 1
92 2 54
11 1 3
29 2 26
15 1 9
17 1 16
44 1 8
14 1 19
1 4 3
53 1 15
44 1 46
53 1 39
28 1 1
45 2 24
47 1 39
55 1 63
39 1 53
19 1 2
78 2 8
3 1 46
22 1 3
8 2 10
39 1 17
51 1 80
28 1 27
45 1 1
29 1 19
1 2 27
22 1 4
42 1 84
80 2 9
29 1 22
12 2 92
10 2 3
30 1 19
24 1 3
41 1 3
3 5 1
41 1 1
10 1 93
81 1 1
16 1 10
2 2 28
10 1 3
44 1 1
51 2 53
22 1 21
1 2 14
48 2 29
26 2 29
39 1 52
1 1 14
91 1 25
84 1 19
1 5 3
31 1 41
11 1 15
33 2 47
39 1 50
53 1 46
30 1 3
90 1 15
19 1 4
3 2 42
1 1 4
19 1 1
44 1 78
54 1 9
42 1 29
3 1 14
53 2 51
19 1 21
52 1 22
36 2 57
42 1 26
3 2 27
16 1 3
53 1 3
32 1 27
1 2 31
3 1 27
48 2 50
1 1 3
53 1 10
1 2 2
39 1 44
15 2 3
22 1 32
25 2 42
42 1 92
92 1 1
1 2 4
1 1 25
12 1 11
42 1 48
26 1 19
39 1 12
4 2 2
45 1 64
16 1 15
8 2 15
90 2 91
3 1 25
80 1 3
9 2 3
36 1 19
28 1 3
39 1 91
1 7 3
3 2 93
53 1 78
92 1 8
39 1 51
10 2 1
39 1 83
15 2 1
63 1 8
10 1 9
28 1 31
1 2 46
91 1 10
63 1 42
52 1 19
1 1 13
48 1 47
50 6 51
13 1 19
25 1 24
44 2 51
65 1 81
91 2 90
65 2 39
27 1 41
2 2 1
15 1 1
25 2 39
3 1 2
78 1 31
53 1 8
? 1 github_java_program_data/11/224.java

48 1 68
44 1 39
33 1 19
53 1 1
3 2 27
31 1 30
3 2 65
55 1 5
30 1 22
51 1 42
67 1 48
19 1 18
51 1 8
3 1 1
55 1 54
1 2 20
11 1 23
39 1 58
27 1 30
64 1 1
42 1 50
42 1 58
19 1 4
4 2 3
1 1 31
47 2 67
3 1 31
11 1 9
1 2 4
1 1 25
22 1 1
3 2 25
41 1 19
42 1 17
47 1 42
30 1 1
4 2 21
3 2 2
22 1 18
57 1 39
45 1 16
51 1 3
53 2 51
53 1 42
51 1 39
19 1 3
46 1 45
58 1 56
2 2 3
28 1 1
3 4 1
41 1 22
3 2 64
1 1 2
33 1 22
65 2 42
54 1 3
10 1 8
51 1 46
58 1 57
32 2 2
80 1 1
11 1 1
54 1 8
32 2 4
16 1 1
45 1 3
42 1 26
3 2 23
24 1 11
48 2 26
51 1 78
51 1 9
46 2 39
46 2 42
9 2 10
24 1 3
2 2 18
51 1 10
48 1 33
58 1 36
50 1 19
32 1 1
8 2 9
10 1 1
25 1 45
1 1 27
3 2 4
1 2 23
51 1 15
52 6 53
17 2 26
32 1 27
11 1 10
15 1 3
51 1 1
22 1 2
54 1 65
42 1 12
1 2 27
39 1 26
11 1 3
28 2 4
11 1 15
22 1 28
44 1 8
1 4 3
53 1 15
53 1 9
28 2 2
53 1 39
4 2 1
26 2 58
19 1 2
22 1 3
78 2 9
32 1 31
58 1 47
28 1 27
44 1 3
29 1 19
11 1 8
22 1 4
28 1 31
3 2 46
5 2 54
29 1 22
16 1 20
10 2 3
17 2 12
30 1 19
41 1 3
16 1 9
3 5 1
41 1 1
81 1 1
16 1 10
5 1 3
10 1 3
51 2 53
22 1 21
58 1 67
26 2 48
39 1 52
36 2 57
1 2 31
1 5 3
31 1 41
33 2 47
8 2 10
42 1 44
30 1 3
57 2 56
53 1 80
4 2 28
1 1 4
19 1 1
19 1 28
3 1 4
44 1 25
42 1 29
54 1 42
3 1 27
47 2 68
19 1 21
52 1 22
67 2 56
78 1 1
16 1 3
53 1 3
1 2 25
48 1 57
1 1 3
53 1 10
1 2 2
53 1 25
2 2 21
15 2 3
22 1 32
48 1 36
25 2 42
80 2 8
68 1 39
42 1 53
12 1 11
42 1 48
26 1 19
26 1 22
9 2 15
45 1 64
16 1 15
2 2 32
36 1 19
19 1 32
28 1 3
1 7 3
20 1 19
8 2 3
4 2 18
58 1 33
3 2 31
10 2 1
23 1 22
15 2 1
32 1 3
52 6 51
3 1 46
1 2 46
17 1 16
48 1 47
50 6 51
56 1 42
36 1 22
25 1 24
12 2 17
46 1 24
42 1 51
44 2 51
65 1 81
39 1 29
58 2 26
27 1 41
17 2 44
2 2 1
15 1 1
25 2 39
3 1 2
53 1 8
? 1 github_java_program_data/11/242.java

57 1 42
53 1 1
1 1 31
58 2 48
2 2 4
3 2 64
78 1 3
91 1 15
21 2 4
30 1 22
19 1 28
51 1 42
32 1 3
3 1 4
19 1 18
30 2 41
3 1 1
3 2 46
17 2 12
27 1 30
64 1 1
42 1 50
42 1 58
39 1 90
45 1 11
4 2 3
78 1 1
2 2 32
3 1 31
11 1 9
51 1 25
90 1 46
22 1 1
3 2 25
41 1 19
83 1 22
8 2 3
54 1 39
30 1 1
24 1 16
3 2 2
8 2 1
91 1 1
22 1 18
45 1 16
51 1 3
53 1 42
51 1 39
3 7 1
14 1 22
19 1 3
46 1 45
4 2 1
2 2 3
3 4 1
41 1 22
1 2 13
50 1 22
1 1 2
33 1 22
54 1 3
44 1 42
92 1 39
58 1 57
16 1 8
90 1 1
42 1 52
80 1 1
3 1 13
25 1 45
3 2 14
3 2 13
1 2 39
16 1 1
45 1 3
41 2 30
9 2 15
24 1 11
46 1 24
51 1 9
3 2 31
46 2 39
46 2 42
9 2 10
63 1 3
2 2 18
4 2 21
48 1 33
58 1 36
18 2 4
42 1 54
32 1 1
10 1 1
11 1 1
1 1 27
3 2 4
51 1 15
52 6 53
3 2 65
1 2 25
11 1 10
15 1 3
51 1 1
12 2 44
22 1 2
54 1 65
42 1 12
11 1 8
9 2 1
92 2 54
11 1 3
29 2 26
15 1 9
17 1 16
44 1 8
14 1 19
1 4 3
53 1 15
44 1 46
53 1 39
28 1 1
45 2 24
47 1 39
55 1 63
39 1 53
19 1 2
78 2 8
3 1 46
22 1 3
8 2 10
39 1 17
51 1 80
28 1 27
45 1 1
29 1 19
1 2 27
22 1 4
42 1 84
80 2 9
29 1 22
12 2 92
10 2 3
30 1 19
24 1 3
41 1 3
3 5 1
41 1 1
10 1 93
81 1 1
16 1 10
2 2 28
10 1 3
44 1 1
51 2 53
22 1 21
1 2 14
48 2 29
26 2 29
39 1 52
1 1 14
91 1 25
84 1 19
1 5 3
31 1 41
11 1 15
33 2 47
39 1 50
53 1 46
30 1 3
90 1 15
19 1 4
3 2 42
1 1 4
19 1 1
44 1 78
54 1 9
42 1 29
3 1 14
53 2 51
19 1 21
52 1 22
36 2 57
42 1 26
3 2 27
16 1 3
53 1 3
32 1 27
1 2 31
3 1 27
48 2 50
1 1 3
53 1 10
1 2 2
39 1 44
15 2 3
22 1 32
25 2 42
42 1 92
92 1 1
1 2 4
1 1 25
12 1 11
42 1 48
26 1 19
39 1 12
4 2 2
45 1 64
16 1 15
8 2 15
90 2 91
3 1 25
80 1 3
9 2 3
36 1 19
28 1 3
39 1 91
1 7 3
3 2 93
53 1 78
92 1 8
39 1 51
10 2 1
39 1 83
15 2 1
63 1 8
10 1 9
28 1 31
1 2 46
91 1 10
63 1 42
52 1 19
1 1 13
48 1 47
50 6 51
13 1 19
25 1 24
44 2 51
65 1 81
91 2 90
65 2 39
27 1 41
2 2 1
15 1 1
25 2 39
3 1 2
78 1 31
53 1 8
? 1 github_java_program_data/11/254.java

1 1 4
53 1 1
33 2 37
3 2 27
31 1 30
13 1 22
2 2 4
1 2 13
73 2 2
75 1 1
30 1 22
29 2 52
32 1 3
3 1 4
19 1 18
3 1 1
1 2 20
17 2 12
27 1 30
34 1 19
19 1 4
47 1 22
55 1 7
4 2 3
11 1 9
1 2 4
22 1 1
3 2 25
41 1 19
42 1 17
8 2 3
54 1 39
1 2 46
24 1 16
3 2 2
75 1 8
22 1 18
45 1 16
51 1 39
35 1 23
3 7 1
14 1 22
19 1 3
46 1 45
4 2 1
2 2 3
19 1 32
36 2 47
41 1 22
2 2 18
1 1 2
33 1 22
54 1 3
28 2 2
51 1 46
12 1 16
43 1 38
22 1 21
25 2 61
61 1 41
13 1 19
3 1 13
75 1 42
3 2 14
23 1 11
29 2 43
32 2 4
16 1 1
59 2 39
3 2 23
24 1 11
23 2 33
3 4 1
51 1 9
46 2 42
9 2 10
39 1 75
43 2 26
2 2 32
50 1 19
42 1 54
32 1 1
73 1 36
22 1 73
11 1 1
3 2 4
1 2 23
51 1 15
17 2 26
3 2 13
11 1 10
15 1 3
51 1 1
22 1 2
42 1 12
1 2 27
8 2 1
39 1 26
40 1 35
11 1 3
6 1 3
11 1 15
17 1 16
35 1 33
1 4 3
20 1 22
53 1 39
28 1 1
1 1 13
55 1 63
40 2 26
19 1 2
33 2 34
39 1 43
22 1 3
32 1 31
39 1 17
1 2 2
28 1 27
44 1 3
29 1 19
22 1 4
29 1 22
10 2 3
30 1 19
38 1 37
53 2 54
3 5 1
44 1 8
16 1 10
2 2 28
10 1 3
61 2 39
51 2 53
8 2 10
4 2 32
1 2 14
75 1 46
73 1 56
39 1 52
1 1 14
10 1 1
29 2 26
1 2 31
1 5 3
31 1 41
26 2 29
53 1 61
23 1 19
39 1 50
3 2 39
42 1 44
35 2 42
38 2 42
4 2 28
44 1 39
19 1 1
19 1 28
54 1 9
44 1 25
42 1 29
3 1 14
40 1 42
19 1 21
46 2 59
17 2 75
42 1 26
7 1 3
1 2 42
43 1 42
16 1 3
1 2 25
18 2 2
16 1 23
14 1 19
53 1 10
38 1 23
53 1 25
2 2 21
26 1 19
22 1 32
52 6 53
29 2 40
22 1 28
42 1 53
12 1 11
1 1 3
15 2 3
39 1 12
26 1 22
9 2 15
16 1 15
6 2 7
17 1 11
9 2 3
36 1 19
51 1 59
28 1 3
1 7 3
29 2 50
20 1 19
4 2 18
3 2 31
10 2 1
23 1 22
50 6 51
15 2 1
56 1 19
63 1 8
7 2 6
47 2 56
59 1 30
55 1 6
73 1 47
63 1 42
52 1 19
37 1 19
63 1 1
21 2 2
25 2 39
7 2 63
25 1 24
39 1 40
4 2 73
12 2 17
3 2 20
42 1 51
44 2 51
39 1 29
27 1 41
17 2 44
2 2 1
15 1 1
11 1 20
3 1 2
35 1 34
53 1 8
38 1 33
? 1 github_java_program_data/11/28.java

57 1 42
53 1 1
1 1 31
58 2 48
2 2 4
3 2 64
78 1 3
91 1 15
21 2 4
30 1 22
19 1 28
51 1 42
32 1 3
3 1 4
19 1 18
30 2 41
3 1 1
3 2 46
17 2 12
27 1 30
64 1 1
42 1 50
42 1 58
39 1 90
45 1 11
4 2 3
78 1 1
2 2 32
3 1 31
11 1 9
51 1 25
90 1 46
22 1 1
3 2 25
41 1 19
83 1 22
8 2 3
54 1 39
30 1 1
24 1 16
3 2 2
8 2 1
91 1 1
22 1 18
45 1 16
51 1 3
53 1 42
51 1 39
3 7 1
14 1 22
19 1 3
46 1 45
4 2 1
2 2 3
3 4 1
41 1 22
1 2 13
50 1 22
1 1 2
33 1 22
54 1 3
44 1 42
92 1 39
58 1 57
16 1 8
90 1 1
42 1 52
80 1 1
3 1 13
25 1 45
3 2 14
3 2 13
1 2 39
16 1 1
45 1 3
41 2 30
9 2 15
24 1 11
46 1 24
51 1 9
3 2 31
46 2 39
46 2 42
9 2 10
63 1 3
2 2 18
4 2 21
48 1 33
58 1 36
18 2 4
42 1 54
32 1 1
10 1 1
11 1 1
1 1 27
3 2 4
51 1 15
52 6 53
3 2 65
1 2 25
11 1 10
15 1 3
51 1 1
12 2 44
22 1 2
54 1 65
42 1 12
11 1 8
9 2 1
92 2 54
11 1 3
29 2 26
15 1 9
17 1 16
44 1 8
14 1 19
1 4 3
53 1 15
44 1 46
53 1 39
28 1 1
45 2 24
47 1 39
55 1 63
39 1 53
19 1 2
78 2 8
3 1 46
22 1 3
8 2 10
39 1 17
51 1 80
28 1 27
45 1 1
29 1 19
1 2 27
22 1 4
42 1 84
80 2 9
29 1 22
12 2 92
10 2 3
30 1 19
24 1 3
41 1 3
3 5 1
41 1 1
10 1 93
81 1 1
16 1 10
2 2 28
10 1 3
44 1 1
51 2 53
22 1 21
1 2 14
48 2 29
26 2 29
39 1 52
1 1 14
91 1 25
84 1 19
1 5 3
31 1 41
11 1 15
33 2 47
39 1 50
53 1 46
30 1 3
90 1 15
19 1 4
3 2 42
1 1 4
19 1 1
44 1 78
54 1 9
42 1 29
3 1 14
53 2 51
19 1 21
52 1 22
36 2 57
42 1 26
3 2 27
16 1 3
53 1 3
32 1 27
1 2 31
3 1 27
48 2 50
1 1 3
53 1 10
1 2 2
39 1 44
15 2 3
22 1 32
25 2 42
42 1 92
92 1 1
1 2 4
1 1 25
12 1 11
42 1 48
26 1 19
39 1 12
4 2 2
45 1 64
16 1 15
8 2 15
90 2 91
3 1 25
80 1 3
9 2 3
36 1 19
28 1 3
39 1 91
1 7 3
3 2 93
53 1 78
92 1 8
39 1 51
10 2 1
39 1 83
15 2 1
63 1 8
10 1 9
28 1 31
1 2 46
91 1 10
63 1 42
52 1 19
1 1 13
48 1 47
50 6 51
13 1 19
25 1 24
44 2 51
65 1 81
91 2 90
65 2 39
27 1 41
2 2 1
15 1 1
25 2 39
3 1 2
78 1 31
53 1 8
? 1 github_java_program_data/11/284.java

57 1 42
53 1 1
1 1 31
58 2 48
2 2 4
3 2 64
78 1 3
91 1 15
21 2 4
30 1 22
19 1 28
51 1 42
32 1 3
3 1 4
19 1 18
30 2 41
3 1 1
3 2 46
17 2 12
27 1 30
64 1 1
42 1 50
42 1 58
39 1 90
45 1 11
4 2 3
78 1 1
2 2 32
3 1 31
11 1 9
51 1 25
90 1 46
22 1 1
3 2 25
41 1 19
83 1 22
8 2 3
54 1 39
30 1 1
24 1 16
3 2 2
8 2 1
91 1 1
22 1 18
45 1 16
51 1 3
53 1 42
51 1 39
3 7 1
14 1 22
19 1 3
46 1 45
4 2 1
2 2 3
3 4 1
41 1 22
1 2 13
50 1 22
1 1 2
33 1 22
54 1 3
44 1 42
92 1 39
58 1 57
16 1 8
90 1 1
42 1 52
80 1 1
3 1 13
25 1 45
3 2 14
3 2 13
1 2 39
16 1 1
45 1 3
41 2 30
9 2 15
24 1 11
46 1 24
51 1 9
3 2 31
46 2 39
46 2 42
9 2 10
63 1 3
2 2 18
4 2 21
48 1 33
58 1 36
18 2 4
42 1 54
32 1 1
10 1 1
11 1 1
1 1 27
3 2 4
51 1 15
52 6 53
3 2 65
1 2 25
11 1 10
15 1 3
51 1 1
12 2 44
22 1 2
54 1 65
42 1 12
11 1 8
9 2 1
92 2 54
11 1 3
29 2 26
15 1 9
17 1 16
44 1 8
14 1 19
1 4 3
53 1 15
44 1 46
53 1 39
28 1 1
45 2 24
47 1 39
55 1 63
39 1 53
19 1 2
78 2 8
3 1 46
22 1 3
8 2 10
39 1 17
51 1 80
28 1 27
45 1 1
29 1 19
1 2 27
22 1 4
42 1 84
80 2 9
29 1 22
12 2 92
10 2 3
30 1 19
24 1 3
41 1 3
3 5 1
41 1 1
10 1 93
81 1 1
16 1 10
2 2 28
10 1 3
44 1 1
51 2 53
22 1 21
1 2 14
48 2 29
26 2 29
39 1 52
1 1 14
91 1 25
84 1 19
1 5 3
31 1 41
11 1 15
33 2 47
39 1 50
53 1 46
30 1 3
90 1 15
19 1 4
3 2 42
1 1 4
19 1 1
44 1 78
54 1 9
42 1 29
3 1 14
53 2 51
19 1 21
52 1 22
36 2 57
42 1 26
3 2 27
16 1 3
53 1 3
32 1 27
1 2 31
3 1 27
48 2 50
1 1 3
53 1 10
1 2 2
39 1 44
15 2 3
22 1 32
25 2 42
42 1 92
92 1 1
1 2 4
1 1 25
12 1 11
42 1 48
26 1 19
39 1 12
4 2 2
45 1 64
16 1 15
8 2 15
90 2 91
3 1 25
80 1 3
9 2 3
36 1 19
28 1 3
39 1 91
1 7 3
3 2 93
53 1 78
92 1 8
39 1 51
10 2 1
39 1 83
15 2 1
63 1 8
10 1 9
28 1 31
1 2 46
91 1 10
63 1 42
52 1 19
1 1 13
48 1 47
50 6 51
13 1 19
25 1 24
44 2 51
65 1 81
91 2 90
65 2 39
27 1 41
2 2 1
15 1 1
25 2 39
3 1 2
78 1 31
53 1 8
? 1 github_java_program_data/11/314.java

48 1 68
44 1 39
33 1 19
53 1 1
3 2 27
31 1 30
3 2 65
55 1 5
30 1 22
51 1 42
67 1 48
19 1 18
51 1 8
3 1 1
55 1 54
1 2 20
11 1 23
39 1 58
27 1 30
64 1 1
42 1 50
42 1 58
19 1 4
4 2 3
1 1 31
47 2 67
3 1 31
11 1 9
1 2 4
1 1 25
22 1 1
3 2 25
41 1 19
42 1 17
47 1 42
30 1 1
4 2 21
3 2 2
22 1 18
57 1 39
45 1 16
51 1 3
53 2 51
53 1 42
51 1 39
19 1 3
46 1 45
58 1 56
2 2 3
28 1 1
3 4 1
41 1 22
3 2 64
1 1 2
33 1 22
65 2 42
54 1 3
10 1 8
51 1 46
58 1 57
32 2 2
80 1 1
11 1 1
54 1 8
32 2 4
16 1 1
45 1 3
42 1 26
3 2 23
24 1 11
48 2 26
51 1 78
51 1 9
46 2 39
46 2 42
9 2 10
24 1 3
2 2 18
51 1 10
48 1 33
58 1 36
50 1 19
32 1 1
8 2 9
10 1 1
25 1 45
1 1 27
3 2 4
1 2 23
51 1 15
52 6 53
17 2 26
32 1 27
11 1 10
15 1 3
51 1 1
22 1 2
54 1 65
42 1 12
1 2 27
39 1 26
11 1 3
28 2 4
11 1 15
22 1 28
44 1 8
1 4 3
53 1 15
53 1 9
28 2 2
53 1 39
4 2 1
26 2 58
19 1 2
22 1 3
78 2 9
32 1 31
58 1 47
28 1 27
44 1 3
29 1 19
11 1 8
22 1 4
28 1 31
3 2 46
5 2 54
29 1 22
16 1 20
10 2 3
17 2 12
30 1 19
41 1 3
16 1 9
3 5 1
41 1 1
81 1 1
16 1 10
5 1 3
10 1 3
51 2 53
22 1 21
58 1 67
26 2 48
39 1 52
36 2 57
1 2 31
1 5 3
31 1 41
33 2 47
8 2 10
42 1 44
30 1 3
57 2 56
53 1 80
4 2 28
1 1 4
19 1 1
19 1 28
3 1 4
44 1 25
42 1 29
54 1 42
3 1 27
47 2 68
19 1 21
52 1 22
67 2 56
78 1 1
16 1 3
53 1 3
1 2 25
48 1 57
1 1 3
53 1 10
1 2 2
53 1 25
2 2 21
15 2 3
22 1 32
48 1 36
25 2 42
80 2 8
68 1 39
42 1 53
12 1 11
42 1 48
26 1 19
26 1 22
9 2 15
45 1 64
16 1 15
2 2 32
36 1 19
19 1 32
28 1 3
1 7 3
20 1 19
8 2 3
4 2 18
58 1 33
3 2 31
10 2 1
23 1 22
15 2 1
32 1 3
52 6 51
3 1 46
1 2 46
17 1 16
48 1 47
50 6 51
56 1 42
36 1 22
25 1 24
12 2 17
46 1 24
42 1 51
44 2 51
65 1 81
39 1 29
58 2 26
27 1 41
17 2 44
2 2 1
15 1 1
25 2 39
3 1 2
53 1 8
? 1 github_java_program_data/11/32.java

57 1 42
53 1 1
1 1 31
58 2 48
2 2 4
3 2 64
78 1 3
91 1 15
21 2 4
30 1 22
19 1 28
51 1 42
32 1 3
3 1 4
19 1 18
30 2 41
3 1 1
3 2 46
17 2 12
27 1 30
64 1 1
42 1 50
42 1 58
39 1 90
45 1 11
4 2 3
78 1 1
2 2 32
3 1 31
11 1 9
51 1 25
90 1 46
22 1 1
3 2 25
41 1 19
83 1 22
8 2 3
54 1 39
30 1 1
24 1 16
3 2 2
8 2 1
91 1 1
22 1 18
45 1 16
51 1 3
53 1 42
51 1 39
3 7 1
14 1 22
19 1 3
46 1 45
4 2 1
2 2 3
3 4 1
41 1 22
1 2 13
50 1 22
1 1 2
33 1 22
54 1 3
44 1 42
92 1 39
58 1 57
16 1 8
90 1 1
42 1 52
80 1 1
3 1 13
25 1 45
3 2 14
3 2 13
1 2 39
16 1 1
45 1 3
41 2 30
9 2 15
24 1 11
46 1 24
51 1 9
3 2 31
46 2 39
46 2 42
9 2 10
63 1 3
2 2 18
4 2 21
48 1 33
58 1 36
18 2 4
42 1 54
32 1 1
10 1 1
11 1 1
1 1 27
3 2 4
51 1 15
52 6 53
3 2 65
1 2 25
11 1 10
15 1 3
51 1 1
12 2 44
22 1 2
54 1 65
42 1 12
11 1 8
9 2 1
92 2 54
11 1 3
29 2 26
15 1 9
17 1 16
44 1 8
14 1 19
1 4 3
53 1 15
44 1 46
53 1 39
28 1 1
45 2 24
47 1 39
55 1 63
39 1 53
19 1 2
78 2 8
3 1 46
22 1 3
8 2 10
39 1 17
51 1 80
28 1 27
45 1 1
29 1 19
1 2 27
22 1 4
42 1 84
80 2 9
29 1 22
12 2 92
10 2 3
30 1 19
24 1 3
41 1 3
3 5 1
41 1 1
10 1 93
81 1 1
16 1 10
2 2 28
10 1 3
44 1 1
51 2 53
22 1 21
1 2 14
48 2 29
26 2 29
39 1 52
1 1 14
91 1 25
84 1 19
1 5 3
31 1 41
11 1 15
33 2 47
39 1 50
53 1 46
30 1 3
90 1 15
19 1 4
3 2 42
1 1 4
19 1 1
44 1 78
54 1 9
42 1 29
3 1 14
53 2 51
19 1 21
52 1 22
36 2 57
42 1 26
3 2 27
16 1 3
53 1 3
32 1 27
1 2 31
3 1 27
48 2 50
1 1 3
53 1 10
1 2 2
39 1 44
15 2 3
22 1 32
25 2 42
42 1 92
92 1 1
1 2 4
1 1 25
12 1 11
42 1 48
26 1 19
39 1 12
4 2 2
45 1 64
16 1 15
8 2 15
90 2 91
3 1 25
80 1 3
9 2 3
36 1 19
28 1 3
39 1 91
1 7 3
3 2 93
53 1 78
92 1 8
39 1 51
10 2 1
39 1 83
15 2 1
63 1 8
10 1 9
28 1 31
1 2 46
91 1 10
63 1 42
52 1 19
1 1 13
48 1 47
50 6 51
13 1 19
25 1 24
44 2 51
65 1 81
91 2 90
65 2 39
27 1 41
2 2 1
15 1 1
25 2 39
3 1 2
78 1 31
53 1 8
? 1 github_java_program_data/11/344.java

48 1 68
44 1 39
33 1 19
53 1 1
3 2 27
31 1 30
3 2 65
55 1 5
30 1 22
51 1 42
67 1 48
19 1 18
51 1 8
3 1 1
55 1 54
1 2 20
11 1 23
39 1 58
27 1 30
64 1 1
42 1 50
42 1 58
19 1 4
4 2 3
1 1 31
47 2 67
3 1 31
11 1 9
1 2 4
1 1 25
22 1 1
3 2 25
41 1 19
42 1 17
47 1 42
30 1 1
4 2 21
3 2 2
22 1 18
57 1 39
45 1 16
51 1 3
53 2 51
53 1 42
51 1 39
19 1 3
46 1 45
58 1 56
2 2 3
28 1 1
3 4 1
41 1 22
3 2 64
1 1 2
33 1 22
65 2 42
54 1 3
10 1 8
51 1 46
58 1 57
32 2 2
80 1 1
11 1 1
54 1 8
32 2 4
16 1 1
45 1 3
42 1 26
3 2 23
24 1 11
48 2 26
51 1 78
51 1 9
46 2 39
46 2 42
9 2 10
24 1 3
2 2 18
51 1 10
48 1 33
58 1 36
50 1 19
32 1 1
8 2 9
10 1 1
25 1 45
1 1 27
3 2 4
1 2 23
51 1 15
52 6 53
17 2 26
32 1 27
11 1 10
15 1 3
51 1 1
22 1 2
54 1 65
42 1 12
1 2 27
39 1 26
11 1 3
28 2 4
11 1 15
22 1 28
44 1 8
1 4 3
53 1 15
53 1 9
28 2 2
53 1 39
4 2 1
26 2 58
19 1 2
22 1 3
78 2 9
32 1 31
58 1 47
28 1 27
44 1 3
29 1 19
11 1 8
22 1 4
28 1 31
3 2 46
5 2 54
29 1 22
16 1 20
10 2 3
17 2 12
30 1 19
41 1 3
16 1 9
3 5 1
41 1 1
81 1 1
16 1 10
5 1 3
10 1 3
51 2 53
22 1 21
58 1 67
26 2 48
39 1 52
36 2 57
1 2 31
1 5 3
31 1 41
33 2 47
8 2 10
42 1 44
30 1 3
57 2 56
53 1 80
4 2 28
1 1 4
19 1 1
19 1 28
3 1 4
44 1 25
42 1 29
54 1 42
3 1 27
47 2 68
19 1 21
52 1 22
67 2 56
78 1 1
16 1 3
53 1 3
1 2 25
48 1 57
1 1 3
53 1 10
1 2 2
53 1 25
2 2 21
15 2 3
22 1 32
48 1 36
25 2 42
80 2 8
68 1 39
42 1 53
12 1 11
42 1 48
26 1 19
26 1 22
9 2 15
45 1 64
16 1 15
2 2 32
36 1 19
19 1 32
28 1 3
1 7 3
20 1 19
8 2 3
4 2 18
58 1 33
3 2 31
10 2 1
23 1 22
15 2 1
32 1 3
52 6 51
3 1 46
1 2 46
17 1 16
48 1 47
50 6 51
56 1 42
36 1 22
25 1 24
12 2 17
46 1 24
42 1 51
44 2 51
65 1 81
39 1 29
58 2 26
27 1 41
17 2 44
2 2 1
15 1 1
25 2 39
3 1 2
53 1 8
? 1 github_java_program_data/11/362.java

48 1 68
44 1 39
33 1 19
53 1 1
3 2 27
31 1 30
3 2 65
55 1 5
30 1 22
51 1 42
67 1 48
19 1 18
51 1 8
3 1 1
55 1 54
1 2 20
11 1 23
39 1 58
27 1 30
64 1 1
42 1 50
42 1 58
19 1 4
4 2 3
1 1 31
47 2 67
3 1 31
11 1 9
1 2 4
1 1 25
22 1 1
3 2 25
41 1 19
42 1 17
47 1 42
30 1 1
4 2 21
3 2 2
22 1 18
57 1 39
45 1 16
51 1 3
53 2 51
53 1 42
51 1 39
19 1 3
46 1 45
58 1 56
2 2 3
28 1 1
3 4 1
41 1 22
3 2 64
1 1 2
33 1 22
65 2 42
54 1 3
10 1 8
51 1 46
58 1 57
32 2 2
80 1 1
11 1 1
54 1 8
32 2 4
16 1 1
45 1 3
42 1 26
3 2 23
24 1 11
48 2 26
51 1 78
51 1 9
46 2 39
46 2 42
9 2 10
24 1 3
2 2 18
51 1 10
48 1 33
58 1 36
50 1 19
32 1 1
8 2 9
10 1 1
25 1 45
1 1 27
3 2 4
1 2 23
51 1 15
52 6 53
17 2 26
32 1 27
11 1 10
15 1 3
51 1 1
22 1 2
54 1 65
42 1 12
1 2 27
39 1 26
11 1 3
28 2 4
11 1 15
22 1 28
44 1 8
1 4 3
53 1 15
53 1 9
28 2 2
53 1 39
4 2 1
26 2 58
19 1 2
22 1 3
78 2 9
32 1 31
58 1 47
28 1 27
44 1 3
29 1 19
11 1 8
22 1 4
28 1 31
3 2 46
5 2 54
29 1 22
16 1 20
10 2 3
17 2 12
30 1 19
41 1 3
16 1 9
3 5 1
41 1 1
81 1 1
16 1 10
5 1 3
10 1 3
51 2 53
22 1 21
58 1 67
26 2 48
39 1 52
36 2 57
1 2 31
1 5 3
31 1 41
33 2 47
8 2 10
42 1 44
30 1 3
57 2 56
53 1 80
4 2 28
1 1 4
19 1 1
19 1 28
3 1 4
44 1 25
42 1 29
54 1 42
3 1 27
47 2 68
19 1 21
52 1 22
67 2 56
78 1 1
16 1 3
53 1 3
1 2 25
48 1 57
1 1 3
53 1 10
1 2 2
53 1 25
2 2 21
15 2 3
22 1 32
48 1 36
25 2 42
80 2 8
68 1 39
42 1 53
12 1 11
42 1 48
26 1 19
26 1 22
9 2 15
45 1 64
16 1 15
2 2 32
36 1 19
19 1 32
28 1 3
1 7 3
20 1 19
8 2 3
4 2 18
58 1 33
3 2 31
10 2 1
23 1 22
15 2 1
32 1 3
52 6 51
3 1 46
1 2 46
17 1 16
48 1 47
50 6 51
56 1 42
36 1 22
25 1 24
12 2 17
46 1 24
42 1 51
44 2 51
65 1 81
39 1 29
58 2 26
27 1 41
17 2 44
2 2 1
15 1 1
25 2 39
3 1 2
53 1 8
? 1 github_java_program_data/11/392.java

57 1 42
53 1 1
1 1 31
58 2 48
2 2 4
3 2 64
78 1 3
91 1 15
21 2 4
30 1 22
19 1 28
51 1 42
32 1 3
3 1 4
19 1 18
30 2 41
3 1 1
3 2 46
17 2 12
27 1 30
64 1 1
42 1 50
42 1 58
39 1 90
45 1 11
4 2 3
78 1 1
2 2 32
3 1 31
11 1 9
51 1 25
90 1 46
22 1 1
3 2 25
41 1 19
83 1 22
8 2 3
54 1 39
30 1 1
24 1 16
3 2 2
8 2 1
91 1 1
22 1 18
45 1 16
51 1 3
53 1 42
51 1 39
3 7 1
14 1 22
19 1 3
46 1 45
4 2 1
2 2 3
3 4 1
41 1 22
1 2 13
50 1 22
1 1 2
33 1 22
54 1 3
44 1 42
92 1 39
58 1 57
16 1 8
90 1 1
42 1 52
80 1 1
3 1 13
25 1 45
3 2 14
3 2 13
1 2 39
16 1 1
45 1 3
41 2 30
9 2 15
24 1 11
46 1 24
51 1 9
3 2 31
46 2 39
46 2 42
9 2 10
63 1 3
2 2 18
4 2 21
48 1 33
58 1 36
18 2 4
42 1 54
32 1 1
10 1 1
11 1 1
1 1 27
3 2 4
51 1 15
52 6 53
3 2 65
1 2 25
11 1 10
15 1 3
51 1 1
12 2 44
22 1 2
54 1 65
42 1 12
11 1 8
9 2 1
92 2 54
11 1 3
29 2 26
15 1 9
17 1 16
44 1 8
14 1 19
1 4 3
53 1 15
44 1 46
53 1 39
28 1 1
45 2 24
47 1 39
55 1 63
39 1 53
19 1 2
78 2 8
3 1 46
22 1 3
8 2 10
39 1 17
51 1 80
28 1 27
45 1 1
29 1 19
1 2 27
22 1 4
42 1 84
80 2 9
29 1 22
12 2 92
10 2 3
30 1 19
24 1 3
41 1 3
3 5 1
41 1 1
10 1 93
81 1 1
16 1 10
2 2 28
10 1 3
44 1 1
51 2 53
22 1 21
1 2 14
48 2 29
26 2 29
39 1 52
1 1 14
91 1 25
84 1 19
1 5 3
31 1 41
11 1 15
33 2 47
39 1 50
53 1 46
30 1 3
90 1 15
19 1 4
3 2 42
1 1 4
19 1 1
44 1 78
54 1 9
42 1 29
3 1 14
53 2 51
19 1 21
52 1 22
36 2 57
42 1 26
3 2 27
16 1 3
53 1 3
32 1 27
1 2 31
3 1 27
48 2 50
1 1 3
53 1 10
1 2 2
39 1 44
15 2 3
22 1 32
25 2 42
42 1 92
92 1 1
1 2 4
1 1 25
12 1 11
42 1 48
26 1 19
39 1 12
4 2 2
45 1 64
16 1 15
8 2 15
90 2 91
3 1 25
80 1 3
9 2 3
36 1 19
28 1 3
39 1 91
1 7 3
3 2 93
53 1 78
92 1 8
39 1 51
10 2 1
39 1 83
15 2 1
63 1 8
10 1 9
28 1 31
1 2 46
91 1 10
63 1 42
52 1 19
1 1 13
48 1 47
50 6 51
13 1 19
25 1 24
44 2 51
65 1 81
91 2 90
65 2 39
27 1 41
2 2 1
15 1 1
25 2 39
3 1 2
78 1 31
53 1 8
? 1 github_java_program_data/11/404.java

48 1 68
57 1 42
20 1 16
33 1 19
53 1 1
33 2 37
1 1 31
31 1 30
13 1 22
2 2 4
29 2 58
3 2 64
75 1 1
23 2 36
68 1 42
9 2 10
30 1 22
51 1 42
57 2 68
3 1 4
40 1 39
19 1 18
51 1 8
3 1 1
3 2 2
55 1 54
1 2 20
11 1 23
17 2 12
58 1 47
27 1 30
64 1 1
42 1 50
42 1 58
19 1 4
45 1 11
4 2 3
40 2 29
3 2 27
2 2 32
54 1 42
1 2 4
1 1 25
22 1 1
3 2 25
41 1 19
42 1 17
42 1 85
47 1 42
54 1 39
47 1 39
30 1 1
24 1 16
39 1 51
75 1 8
22 1 18
57 1 39
45 1 16
51 1 3
20 2 36
53 1 42
51 1 39
35 1 23
3 7 1
14 1 22
19 1 3
46 1 45
4 2 1
2 2 3
35 2 39
36 2 47
41 1 22
1 2 13
50 1 22
47 2 56
1 1 2
33 1 22
3 2 14
54 1 3
28 2 2
51 1 46
58 1 57
12 1 16
32 2 2
16 1 8
39 1 63
43 1 38
22 1 21
58 2 29
3 1 13
25 1 45
28 1 27
38 1 36
1 2 39
23 1 11
54 1 8
42 1 40
16 1 1
45 1 3
41 2 30
3 2 23
24 1 11
42 1 29
23 2 33
46 1 24
3 4 1
12 2 26
3 2 31
46 2 39
46 2 42
42 1 75
63 1 3
17 2 58
2 2 18
51 1 10
48 1 33
18 2 4
58 1 36
50 1 19
3 5 1
32 1 1
8 2 9
10 1 1
11 1 1
3 2 13
3 2 4
1 2 23
51 1 15
52 6 53
17 2 26
30 2 41
11 1 10
15 1 3
48 1 56
51 1 1
44 1 9
22 1 2
53 1 39
39 1 17
11 1 8
8 2 1
39 1 26
40 1 35
11 1 3
9 2 8
20 1 11
11 1 15
17 1 16
35 1 33
14 1 19
39 1 48
1 4 3
53 1 15
53 1 9
48 2 52
43 2 50
20 1 22
32 1 3
28 1 1
45 2 24
1 1 13
13 1 19
39 1 53
19 1 2
33 2 34
22 1 3
12 2 75
32 1 31
24 1 3
1 2 2
75 1 39
44 1 3
29 1 19
1 2 27
22 1 4
3 2 46
29 1 22
38 1 20
2 2 21
10 2 3
51 2 53
30 1 19
38 1 37
17 2 54
41 1 3
16 1 9
4 2 2
54 1 1
41 1 1
33 2 57
44 1 8
16 1 10
54 2 63
2 2 28
42 1 52
10 1 3
39 1 54
44 1 1
42 1 72
8 2 10
4 2 32
1 2 14
75 1 46
26 2 29
26 2 48
39 1 52
1 1 14
36 2 34
29 2 26
36 2 57
1 2 31
25 1 24
17 2 29
31 1 41
21 2 4
23 1 19
33 2 47
39 1 50
42 1 44
30 1 3
57 2 56
35 2 42
4 2 28
3 2 42
44 1 39
19 1 1
19 1 28
54 1 9
20 2 33
44 1 25
11 1 9
3 1 14
40 1 42
19 1 21
52 1 22
12 2 29
42 1 26
32 2 4
16 1 3
53 1 3
1 2 25
53 2 51
16 1 23
35 1 36
48 1 57
48 2 50
1 1 3
53 1 10
38 1 23
39 1 44
53 1 25
1 1 4
15 2 3
22 1 32
48 1 36
25 2 42
4 2 21
58 2 17
36 2 37
22 1 28
16 1 20
12 1 11
42 1 48
26 1 19
39 1 12
26 1 22
9 2 15
45 1 64
16 1 15
8 2 15
63 1 9
17 1 11
56 1 39
34 1 19
9 2 3
36 1 19
19 1 32
28 1 3
1 7 3
35 1 20
20 1 19
8 2 3
4 2 18
58 1 33
39 1 58
10 2 1
23 1 22
50 6 51
34 1 22
17 2 48
15 2 1
29 2 43
3 1 27
63 1 8
43 1 39
10 1 9
58 1 68
1 2 46
38 2 39
24 2 45
63 1 42
29 2 85
52 1 19
37 1 19
12 2 58
48 1 47
21 2 2
56 1 42
1 5 3
25 2 39
36 1 22
42 1 12
39 1 40
12 2 17
3 2 20
63 2 44
58 2 40
44 2 51
42 1 43
39 1 29
1 1 46
23 1 16
27 1 41
17 2 44
2 2 1
15 1 1
11 1 20
3 1 2
58 2 26
35 1 34
53 1 8
38 1 33
? 1 github_java_program_data/11/425.java

57 1 42
53 1 1
1 1 31
58 2 48
2 2 4
3 2 64
78 1 3
91 1 15
21 2 4
30 1 22
19 1 28
51 1 42
32 1 3
3 1 4
19 1 18
30 2 41
3 1 1
3 2 46
17 2 12
27 1 30
64 1 1
42 1 50
42 1 58
39 1 90
45 1 11
4 2 3
78 1 1
2 2 32
3 1 31
11 1 9
51 1 25
90 1 46
22 1 1
3 2 25
41 1 19
83 1 22
8 2 3
54 1 39
30 1 1
24 1 16
3 2 2
8 2 1
91 1 1
22 1 18
45 1 16
51 1 3
53 1 42
51 1 39
3 7 1
14 1 22
19 1 3
46 1 45
4 2 1
2 2 3
3 4 1
41 1 22
1 2 13
50 1 22
1 1 2
33 1 22
54 1 3
44 1 42
92 1 39
58 1 57
16 1 8
90 1 1
42 1 52
80 1 1
3 1 13
25 1 45
3 2 14
3 2 13
1 2 39
16 1 1
45 1 3
41 2 30
9 2 15
24 1 11
46 1 24
51 1 9
3 2 31
46 2 39
46 2 42
9 2 10
63 1 3
2 2 18
4 2 21
48 1 33
58 1 36
18 2 4
42 1 54
32 1 1
10 1 1
11 1 1
1 1 27
3 2 4
51 1 15
52 6 53
3 2 65
1 2 25
11 1 10
15 1 3
51 1 1
12 2 44
22 1 2
54 1 65
42 1 12
11 1 8
9 2 1
92 2 54
11 1 3
29 2 26
15 1 9
17 1 16
44 1 8
14 1 19
1 4 3
53 1 15
44 1 46
53 1 39
28 1 1
45 2 24
47 1 39
55 1 63
39 1 53
19 1 2
78 2 8
3 1 46
22 1 3
8 2 10
39 1 17
51 1 80
28 1 27
45 1 1
29 1 19
1 2 27
22 1 4
42 1 84
80 2 9
29 1 22
12 2 92
10 2 3
30 1 19
24 1 3
41 1 3
3 5 1
41 1 1
10 1 93
81 1 1
16 1 10
2 2 28
10 1 3
44 1 1
51 2 53
22 1 21
1 2 14
48 2 29
26 2 29
39 1 52
1 1 14
91 1 25
84 1 19
1 5 3
31 1 41
11 1 15
33 2 47
39 1 50
53 1 46
30 1 3
90 1 15
19 1 4
3 2 42
1 1 4
19 1 1
44 1 78
54 1 9
42 1 29
3 1 14
53 2 51
19 1 21
52 1 22
36 2 57
42 1 26
3 2 27
16 1 3
53 1 3
32 1 27
1 2 31
3 1 27
48 2 50
1 1 3
53 1 10
1 2 2
39 1 44
15 2 3
22 1 32
25 2 42
42 1 92
92 1 1
1 2 4
1 1 25
12 1 11
42 1 48
26 1 19
39 1 12
4 2 2
45 1 64
16 1 15
8 2 15
90 2 91
3 1 25
80 1 3
9 2 3
36 1 19
28 1 3
39 1 91
1 7 3
3 2 93
53 1 78
92 1 8
39 1 51
10 2 1
39 1 83
15 2 1
63 1 8
10 1 9
28 1 31
1 2 46
91 1 10
63 1 42
52 1 19
1 1 13
48 1 47
50 6 51
13 1 19
25 1 24
44 2 51
65 1 81
91 2 90
65 2 39
27 1 41
2 2 1
15 1 1
25 2 39
3 1 2
78 1 31
53 1 8
? 1 github_java_program_data/11/434.java

48 1 68
44 1 39
33 1 19
53 1 1
3 2 27
31 1 30
3 2 65
55 1 5
30 1 22
51 1 42
67 1 48
19 1 18
51 1 8
3 1 1
55 1 54
1 2 20
11 1 23
39 1 58
27 1 30
64 1 1
42 1 50
42 1 58
19 1 4
4 2 3
1 1 31
47 2 67
3 1 31
11 1 9
1 2 4
1 1 25
22 1 1
3 2 25
41 1 19
42 1 17
47 1 42
30 1 1
4 2 21
3 2 2
22 1 18
57 1 39
45 1 16
51 1 3
53 2 51
53 1 42
51 1 39
19 1 3
46 1 45
58 1 56
2 2 3
28 1 1
3 4 1
41 1 22
3 2 64
1 1 2
33 1 22
65 2 42
54 1 3
10 1 8
51 1 46
58 1 57
32 2 2
80 1 1
11 1 1
54 1 8
32 2 4
16 1 1
45 1 3
42 1 26
3 2 23
24 1 11
48 2 26
51 1 78
51 1 9
46 2 39
46 2 42
9 2 10
24 1 3
2 2 18
51 1 10
48 1 33
58 1 36
50 1 19
32 1 1
8 2 9
10 1 1
25 1 45
1 1 27
3 2 4
1 2 23
51 1 15
52 6 53
17 2 26
32 1 27
11 1 10
15 1 3
51 1 1
22 1 2
54 1 65
42 1 12
1 2 27
39 1 26
11 1 3
28 2 4
11 1 15
22 1 28
44 1 8
1 4 3
53 1 15
53 1 9
28 2 2
53 1 39
4 2 1
26 2 58
19 1 2
22 1 3
78 2 9
32 1 31
58 1 47
28 1 27
44 1 3
29 1 19
11 1 8
22 1 4
28 1 31
3 2 46
5 2 54
29 1 22
16 1 20
10 2 3
17 2 12
30 1 19
41 1 3
16 1 9
3 5 1
41 1 1
81 1 1
16 1 10
5 1 3
10 1 3
51 2 53
22 1 21
58 1 67
26 2 48
39 1 52
36 2 57
1 2 31
1 5 3
31 1 41
33 2 47
8 2 10
42 1 44
30 1 3
57 2 56
53 1 80
4 2 28
1 1 4
19 1 1
19 1 28
3 1 4
44 1 25
42 1 29
54 1 42
3 1 27
47 2 68
19 1 21
52 1 22
67 2 56
78 1 1
16 1 3
53 1 3
1 2 25
48 1 57
1 1 3
53 1 10
1 2 2
53 1 25
2 2 21
15 2 3
22 1 32
48 1 36
25 2 42
80 2 8
68 1 39
42 1 53
12 1 11
42 1 48
26 1 19
26 1 22
9 2 15
45 1 64
16 1 15
2 2 32
36 1 19
19 1 32
28 1 3
1 7 3
20 1 19
8 2 3
4 2 18
58 1 33
3 2 31
10 2 1
23 1 22
15 2 1
32 1 3
52 6 51
3 1 46
1 2 46
17 1 16
48 1 47
50 6 51
56 1 42
36 1 22
25 1 24
12 2 17
46 1 24
42 1 51
44 2 51
65 1 81
39 1 29
58 2 26
27 1 41
17 2 44
2 2 1
15 1 1
25 2 39
3 1 2
53 1 8
? 1 github_java_program_data/11/452.java

57 1 42
53 1 1
1 1 31
58 2 48
2 2 4
3 2 64
78 1 3
91 1 15
21 2 4
30 1 22
19 1 28
51 1 42
32 1 3
3 1 4
19 1 18
30 2 41
3 1 1
3 2 46
17 2 12
27 1 30
64 1 1
42 1 50
42 1 58
39 1 90
45 1 11
4 2 3
78 1 1
2 2 32
3 1 31
11 1 9
51 1 25
90 1 46
22 1 1
3 2 25
41 1 19
83 1 22
8 2 3
54 1 39
30 1 1
24 1 16
3 2 2
8 2 1
91 1 1
22 1 18
45 1 16
51 1 3
53 1 42
51 1 39
3 7 1
14 1 22
19 1 3
46 1 45
4 2 1
2 2 3
3 4 1
41 1 22
1 2 13
50 1 22
1 1 2
33 1 22
54 1 3
44 1 42
92 1 39
58 1 57
16 1 8
90 1 1
42 1 52
80 1 1
3 1 13
25 1 45
3 2 14
3 2 13
1 2 39
16 1 1
45 1 3
41 2 30
9 2 15
24 1 11
46 1 24
51 1 9
3 2 31
46 2 39
46 2 42
9 2 10
63 1 3
2 2 18
4 2 21
48 1 33
58 1 36
18 2 4
42 1 54
32 1 1
10 1 1
11 1 1
1 1 27
3 2 4
51 1 15
52 6 53
3 2 65
1 2 25
11 1 10
15 1 3
51 1 1
12 2 44
22 1 2
54 1 65
42 1 12
11 1 8
9 2 1
92 2 54
11 1 3
29 2 26
15 1 9
17 1 16
44 1 8
14 1 19
1 4 3
53 1 15
44 1 46
53 1 39
28 1 1
45 2 24
47 1 39
55 1 63
39 1 53
19 1 2
78 2 8
3 1 46
22 1 3
8 2 10
39 1 17
51 1 80
28 1 27
45 1 1
29 1 19
1 2 27
22 1 4
42 1 84
80 2 9
29 1 22
12 2 92
10 2 3
30 1 19
24 1 3
41 1 3
3 5 1
41 1 1
10 1 93
81 1 1
16 1 10
2 2 28
10 1 3
44 1 1
51 2 53
22 1 21
1 2 14
48 2 29
26 2 29
39 1 52
1 1 14
91 1 25
84 1 19
1 5 3
31 1 41
11 1 15
33 2 47
39 1 50
53 1 46
30 1 3
90 1 15
19 1 4
3 2 42
1 1 4
19 1 1
44 1 78
54 1 9
42 1 29
3 1 14
53 2 51
19 1 21
52 1 22
36 2 57
42 1 26
3 2 27
16 1 3
53 1 3
32 1 27
1 2 31
3 1 27
48 2 50
1 1 3
53 1 10
1 2 2
39 1 44
15 2 3
22 1 32
25 2 42
42 1 92
92 1 1
1 2 4
1 1 25
12 1 11
42 1 48
26 1 19
39 1 12
4 2 2
45 1 64
16 1 15
8 2 15
90 2 91
3 1 25
80 1 3
9 2 3
36 1 19
28 1 3
39 1 91
1 7 3
3 2 93
53 1 78
92 1 8
39 1 51
10 2 1
39 1 83
15 2 1
63 1 8
10 1 9
28 1 31
1 2 46
91 1 10
63 1 42
52 1 19
1 1 13
48 1 47
50 6 51
13 1 19
25 1 24
44 2 51
65 1 81
91 2 90
65 2 39
27 1 41
2 2 1
15 1 1
25 2 39
3 1 2
78 1 31
53 1 8
? 1 github_java_program_data/11/464.java

57 1 42
53 1 1
1 1 31
58 2 48
2 2 4
3 2 64
78 1 3
91 1 15
21 2 4
30 1 22
19 1 28
51 1 42
32 1 3
3 1 4
19 1 18
30 2 41
3 1 1
3 2 46
17 2 12
27 1 30
64 1 1
42 1 50
42 1 58
39 1 90
45 1 11
4 2 3
78 1 1
2 2 32
3 1 31
11 1 9
51 1 25
90 1 46
22 1 1
3 2 25
41 1 19
83 1 22
8 2 3
54 1 39
30 1 1
24 1 16
3 2 2
8 2 1
91 1 1
22 1 18
45 1 16
51 1 3
53 1 42
51 1 39
3 7 1
14 1 22
19 1 3
46 1 45
4 2 1
2 2 3
3 4 1
41 1 22
1 2 13
50 1 22
1 1 2
33 1 22
54 1 3
44 1 42
92 1 39
58 1 57
16 1 8
90 1 1
42 1 52
80 1 1
3 1 13
25 1 45
3 2 14
3 2 13
1 2 39
16 1 1
45 1 3
41 2 30
9 2 15
24 1 11
46 1 24
51 1 9
3 2 31
46 2 39
46 2 42
9 2 10
63 1 3
2 2 18
4 2 21
48 1 33
58 1 36
18 2 4
42 1 54
32 1 1
10 1 1
11 1 1
1 1 27
3 2 4
51 1 15
52 6 53
3 2 65
1 2 25
11 1 10
15 1 3
51 1 1
12 2 44
22 1 2
54 1 65
42 1 12
11 1 8
9 2 1
92 2 54
11 1 3
29 2 26
15 1 9
17 1 16
44 1 8
14 1 19
1 4 3
53 1 15
44 1 46
53 1 39
28 1 1
45 2 24
47 1 39
55 1 63
39 1 53
19 1 2
78 2 8
3 1 46
22 1 3
8 2 10
39 1 17
51 1 80
28 1 27
45 1 1
29 1 19
1 2 27
22 1 4
42 1 84
80 2 9
29 1 22
12 2 92
10 2 3
30 1 19
24 1 3
41 1 3
3 5 1
41 1 1
10 1 93
81 1 1
16 1 10
2 2 28
10 1 3
44 1 1
51 2 53
22 1 21
1 2 14
48 2 29
26 2 29
39 1 52
1 1 14
91 1 25
84 1 19
1 5 3
31 1 41
11 1 15
33 2 47
39 1 50
53 1 46
30 1 3
90 1 15
19 1 4
3 2 42
1 1 4
19 1 1
44 1 78
54 1 9
42 1 29
3 1 14
53 2 51
19 1 21
52 1 22
36 2 57
42 1 26
3 2 27
16 1 3
53 1 3
32 1 27
1 2 31
3 1 27
48 2 50
1 1 3
53 1 10
1 2 2
39 1 44
15 2 3
22 1 32
25 2 42
42 1 92
92 1 1
1 2 4
1 1 25
12 1 11
42 1 48
26 1 19
39 1 12
4 2 2
45 1 64
16 1 15
8 2 15
90 2 91
3 1 25
80 1 3
9 2 3
36 1 19
28 1 3
39 1 91
1 7 3
3 2 93
53 1 78
92 1 8
39 1 51
10 2 1
39 1 83
15 2 1
63 1 8
10 1 9
28 1 31
1 2 46
91 1 10
63 1 42
52 1 19
1 1 13
48 1 47
50 6 51
13 1 19
25 1 24
44 2 51
65 1 81
91 2 90
65 2 39
27 1 41
2 2 1
15 1 1
25 2 39
3 1 2
78 1 31
53 1 8
? 1 github_java_program_data/11/494.java

48 1 68
57 1 42
33 1 19
39 1 85
33 2 37
3 2 27
12 2 48
2 2 4
48 2 12
23 2 36
68 1 42
12 2 26
29 2 52
55 1 63
40 1 39
19 1 18
51 1 8
53 1 1
1 2 20
17 2 12
58 1 47
3 2 25
18 2 4
33 2 39
19 1 4
55 1 7
4 2 3
29 2 17
36 2 37
42 1 29
1 2 4
16 1 20
22 1 1
41 1 19
54 1 39
1 2 46
3 2 2
17 2 51
53 2 51
51 1 39
52 1 22
57 2 67
58 1 56
2 2 3
41 1 22
1 2 13
39 1 53
58 1 57
43 1 38
12 2 43
3 1 13
11 1 1
38 1 36
1 2 39
23 1 11
16 1 1
45 2 24
42 1 26
7 1 3
46 1 24
51 1 9
43 2 58
9 2 10
63 1 3
17 2 58
51 1 10
2 2 32
38 2 42
32 1 1
25 1 45
3 2 4
17 2 26
3 2 13
15 1 3
40 2 29
48 1 56
22 1 2
39 1 17
1 2 27
39 1 26
11 1 3
29 2 26
20 1 11
11 1 15
35 1 33
39 1 48
53 1 15
48 1 67
32 1 3
19 1 2
86 2 67
1 2 23
32 1 31
42 1 12
38 1 23
44 1 3
49 1 33
8 2 3
3 2 46
38 1 37
40 2 58
41 1 3
16 1 9
22 1 32
27 1 30
20 2 36
51 2 53
1 2 14
58 1 67
26 2 48
1 1 14
9 2 8
67 2 56
63 2 54
17 2 43
31 1 41
37 1 22
33 2 47
36 2 47
26 2 50
30 1 3
57 2 56
1 1 4
4 2 21
54 1 9
3 1 14
40 1 42
19 1 21
26 2 17
48 2 58
41 2 30
26 2 72
26 2 43
12 2 40
1 2 25
17 2 40
12 1 11
48 1 57
42 1 48
53 1 10
1 2 2
53 1 25
1 4 3
58 2 17
49 2 26
52 6 53
68 1 39
43 2 48
3 2 39
14 1 19
26 1 19
39 1 12
26 1 22
9 2 15
8 2 15
16 1 15
48 2 50
50 6 53
58 1 68
56 1 39
34 1 19
36 1 19
35 1 34
28 1 3
35 1 20
29 2 50
20 1 19
4 2 18
58 1 33
40 2 26
48 1 86
10 2 1
15 2 1
29 2 43
53 1 39
43 1 39
28 1 1
39 1 58
23 2 33
24 2 45
47 1 39
63 1 39
12 2 58
48 1 47
36 1 22
25 1 24
3 2 20
39 1 29
23 1 16
27 1 41
11 1 20
3 1 2
53 1 8
38 1 33
1 1 31
31 1 30
13 1 22
29 2 58
55 1 5
58 2 29
30 1 22
51 1 42
57 2 68
67 1 48
3 1 1
55 1 54
11 1 23
1 7 3
20 1 22
42 1 50
42 1 58
45 1 11
47 2 86
17 2 49
42 1 17
42 1 85
22 1 4
24 1 16
36 2 34
22 1 18
57 1 39
45 1 16
51 1 3
40 2 48
39 1 51
35 1 23
3 7 1
14 1 22
19 1 3
46 1 45
43 2 50
3 4 1
2 2 18
50 1 22
1 1 2
33 1 22
67 1 58
51 1 46
12 1 16
32 2 2
16 1 8
42 1 52
22 1 21
39 1 50
3 2 14
42 1 40
5 2 6
24 1 11
46 2 39
46 2 42
43 2 26
48 1 33
58 1 36
50 1 19
8 2 9
10 1 1
1 1 27
51 1 15
30 2 41
26 2 12
11 1 10
40 1 35
51 1 1
12 2 44
35 2 39
11 1 8
9 2 1
6 1 3
17 1 16
49 1 39
26 2 52
4 2 1
1 1 13
13 1 19
44 1 42
33 2 34
39 1 43
28 1 27
29 1 19
47 1 42
29 1 22
38 1 20
10 2 3
30 1 19
3 5 1
56 1 42
44 1 8
16 1 10
54 2 63
2 2 28
5 1 3
10 1 3
86 1 48
8 2 10
4 2 32
26 2 29
39 1 52
36 2 57
1 2 31
17 2 29
50 6 51
39 1 40
35 2 42
22 1 3
4 2 28
20 1 16
19 1 1
19 1 28
3 1 4
20 2 33
44 1 25
11 1 9
7 2 54
26 2 58
47 2 68
12 2 29
43 1 42
16 1 3
53 1 3
32 1 27
18 2 2
16 1 23
35 1 36
32 2 4
39 1 44
2 2 21
33 2 57
48 1 36
25 2 42
1 5 3
29 2 40
22 1 28
1 1 3
15 2 3
4 2 2
6 2 7
17 1 11
19 1 32
39 1 49
3 2 31
23 1 22
34 1 22
17 2 48
3 2 23
47 2 56
28 1 31
55 1 6
15 1 1
29 2 85
52 1 19
37 1 19
21 2 2
54 1 1
23 1 19
12 2 17
42 1 43
58 2 26
2 2 1
38 2 39
25 2 39
39 1 72
? 1 github_java_program_data/11/502.java

57 1 42
53 1 1
1 1 31
58 2 48
2 2 4
3 2 64
78 1 3
91 1 15
21 2 4
30 1 22
19 1 28
51 1 42
32 1 3
3 1 4
19 1 18
30 2 41
3 1 1
3 2 46
17 2 12
27 1 30
64 1 1
42 1 50
42 1 58
39 1 90
45 1 11
4 2 3
78 1 1
2 2 32
3 1 31
11 1 9
51 1 25
90 1 46
22 1 1
3 2 25
41 1 19
83 1 22
8 2 3
54 1 39
30 1 1
24 1 16
3 2 2
8 2 1
91 1 1
22 1 18
45 1 16
51 1 3
53 1 42
51 1 39
3 7 1
14 1 22
19 1 3
46 1 45
4 2 1
2 2 3
3 4 1
41 1 22
1 2 13
50 1 22
1 1 2
33 1 22
54 1 3
44 1 42
92 1 39
58 1 57
16 1 8
90 1 1
42 1 52
80 1 1
3 1 13
25 1 45
3 2 14
3 2 13
1 2 39
16 1 1
45 1 3
41 2 30
9 2 15
24 1 11
46 1 24
51 1 9
3 2 31
46 2 39
46 2 42
9 2 10
63 1 3
2 2 18
4 2 21
48 1 33
58 1 36
18 2 4
42 1 54
32 1 1
10 1 1
11 1 1
1 1 27
3 2 4
51 1 15
52 6 53
3 2 65
1 2 25
11 1 10
15 1 3
51 1 1
12 2 44
22 1 2
54 1 65
42 1 12
11 1 8
9 2 1
92 2 54
11 1 3
29 2 26
15 1 9
17 1 16
44 1 8
14 1 19
1 4 3
53 1 15
44 1 46
53 1 39
28 1 1
45 2 24
47 1 39
55 1 63
39 1 53
19 1 2
78 2 8
3 1 46
22 1 3
8 2 10
39 1 17
51 1 80
28 1 27
45 1 1
29 1 19
1 2 27
22 1 4
42 1 84
80 2 9
29 1 22
12 2 92
10 2 3
30 1 19
24 1 3
41 1 3
3 5 1
41 1 1
10 1 93
81 1 1
16 1 10
2 2 28
10 1 3
44 1 1
51 2 53
22 1 21
1 2 14
48 2 29
26 2 29
39 1 52
1 1 14
91 1 25
84 1 19
1 5 3
31 1 41
11 1 15
33 2 47
39 1 50
53 1 46
30 1 3
90 1 15
19 1 4
3 2 42
1 1 4
19 1 1
44 1 78
54 1 9
42 1 29
3 1 14
53 2 51
19 1 21
52 1 22
36 2 57
42 1 26
3 2 27
16 1 3
53 1 3
32 1 27
1 2 31
3 1 27
48 2 50
1 1 3
53 1 10
1 2 2
39 1 44
15 2 3
22 1 32
25 2 42
42 1 92
92 1 1
1 2 4
1 1 25
12 1 11
42 1 48
26 1 19
39 1 12
4 2 2
45 1 64
16 1 15
8 2 15
90 2 91
3 1 25
80 1 3
9 2 3
36 1 19
28 1 3
39 1 91
1 7 3
3 2 93
53 1 78
92 1 8
39 1 51
10 2 1
39 1 83
15 2 1
63 1 8
10 1 9
28 1 31
1 2 46
91 1 10
63 1 42
52 1 19
1 1 13
48 1 47
50 6 51
13 1 19
25 1 24
44 2 51
65 1 81
91 2 90
65 2 39
27 1 41
2 2 1
15 1 1
25 2 39
3 1 2
78 1 31
53 1 8
? 1 github_java_program_data/11/524.java

48 1 68
44 1 39
33 1 19
53 1 1
3 2 27
31 1 30
3 2 65
55 1 5
30 1 22
51 1 42
67 1 48
19 1 18
51 1 8
3 1 1
55 1 54
1 2 20
11 1 23
39 1 58
27 1 30
64 1 1
42 1 50
42 1 58
19 1 4
4 2 3
1 1 31
47 2 67
3 1 31
11 1 9
1 2 4
1 1 25
22 1 1
3 2 25
41 1 19
42 1 17
47 1 42
30 1 1
4 2 21
3 2 2
22 1 18
57 1 39
45 1 16
51 1 3
53 2 51
53 1 42
51 1 39
19 1 3
46 1 45
58 1 56
2 2 3
28 1 1
3 4 1
41 1 22
3 2 64
1 1 2
33 1 22
65 2 42
54 1 3
10 1 8
51 1 46
58 1 57
32 2 2
80 1 1
11 1 1
54 1 8
32 2 4
16 1 1
45 1 3
42 1 26
3 2 23
24 1 11
48 2 26
51 1 78
51 1 9
46 2 39
46 2 42
9 2 10
24 1 3
2 2 18
51 1 10
48 1 33
58 1 36
50 1 19
32 1 1
8 2 9
10 1 1
25 1 45
1 1 27
3 2 4
1 2 23
51 1 15
52 6 53
17 2 26
32 1 27
11 1 10
15 1 3
51 1 1
22 1 2
54 1 65
42 1 12
1 2 27
39 1 26
11 1 3
28 2 4
11 1 15
22 1 28
44 1 8
1 4 3
53 1 15
53 1 9
28 2 2
53 1 39
4 2 1
26 2 58
19 1 2
22 1 3
78 2 9
32 1 31
58 1 47
28 1 27
44 1 3
29 1 19
11 1 8
22 1 4
28 1 31
3 2 46
5 2 54
29 1 22
16 1 20
10 2 3
17 2 12
30 1 19
41 1 3
16 1 9
3 5 1
41 1 1
81 1 1
16 1 10
5 1 3
10 1 3
51 2 53
22 1 21
58 1 67
26 2 48
39 1 52
36 2 57
1 2 31
1 5 3
31 1 41
33 2 47
8 2 10
42 1 44
30 1 3
57 2 56
53 1 80
4 2 28
1 1 4
19 1 1
19 1 28
3 1 4
44 1 25
42 1 29
54 1 42
3 1 27
47 2 68
19 1 21
52 1 22
67 2 56
78 1 1
16 1 3
53 1 3
1 2 25
48 1 57
1 1 3
53 1 10
1 2 2
53 1 25
2 2 21
15 2 3
22 1 32
48 1 36
25 2 42
80 2 8
68 1 39
42 1 53
12 1 11
42 1 48
26 1 19
26 1 22
9 2 15
45 1 64
16 1 15
2 2 32
36 1 19
19 1 32
28 1 3
1 7 3
20 1 19
8 2 3
4 2 18
58 1 33
3 2 31
10 2 1
23 1 22
15 2 1
32 1 3
52 6 51
3 1 46
1 2 46
17 1 16
48 1 47
50 6 51
56 1 42
36 1 22
25 1 24
12 2 17
46 1 24
42 1 51
44 2 51
65 1 81
39 1 29
58 2 26
27 1 41
17 2 44
2 2 1
15 1 1
25 2 39
3 1 2
53 1 8
? 1 github_java_program_data/11/542.java

57 1 42
53 1 1
1 1 31
58 2 48
2 2 4
3 2 64
78 1 3
91 1 15
21 2 4
30 1 22
19 1 28
51 1 42
32 1 3
3 1 4
19 1 18
30 2 41
3 1 1
3 2 46
17 2 12
27 1 30
64 1 1
42 1 50
42 1 58
39 1 90
45 1 11
4 2 3
78 1 1
2 2 32
3 1 31
11 1 9
51 1 25
90 1 46
22 1 1
3 2 25
41 1 19
83 1 22
8 2 3
54 1 39
30 1 1
24 1 16
3 2 2
8 2 1
91 1 1
22 1 18
45 1 16
51 1 3
53 1 42
51 1 39
3 7 1
14 1 22
19 1 3
46 1 45
4 2 1
2 2 3
3 4 1
41 1 22
1 2 13
50 1 22
1 1 2
33 1 22
54 1 3
44 1 42
92 1 39
58 1 57
16 1 8
90 1 1
42 1 52
80 1 1
3 1 13
25 1 45
3 2 14
3 2 13
1 2 39
16 1 1
45 1 3
41 2 30
9 2 15
24 1 11
46 1 24
51 1 9
3 2 31
46 2 39
46 2 42
9 2 10
63 1 3
2 2 18
4 2 21
48 1 33
58 1 36
18 2 4
42 1 54
32 1 1
10 1 1
11 1 1
1 1 27
3 2 4
51 1 15
52 6 53
3 2 65
1 2 25
11 1 10
15 1 3
51 1 1
12 2 44
22 1 2
54 1 65
42 1 12
11 1 8
9 2 1
92 2 54
11 1 3
29 2 26
15 1 9
17 1 16
44 1 8
14 1 19
1 4 3
53 1 15
44 1 46
53 1 39
28 1 1
45 2 24
47 1 39
55 1 63
39 1 53
19 1 2
78 2 8
3 1 46
22 1 3
8 2 10
39 1 17
51 1 80
28 1 27
45 1 1
29 1 19
1 2 27
22 1 4
42 1 84
80 2 9
29 1 22
12 2 92
10 2 3
30 1 19
24 1 3
41 1 3
3 5 1
41 1 1
10 1 93
81 1 1
16 1 10
2 2 28
10 1 3
44 1 1
51 2 53
22 1 21
1 2 14
48 2 29
26 2 29
39 1 52
1 1 14
91 1 25
84 1 19
1 5 3
31 1 41
11 1 15
33 2 47
39 1 50
53 1 46
30 1 3
90 1 15
19 1 4
3 2 42
1 1 4
19 1 1
44 1 78
54 1 9
42 1 29
3 1 14
53 2 51
19 1 21
52 1 22
36 2 57
42 1 26
3 2 27
16 1 3
53 1 3
32 1 27
1 2 31
3 1 27
48 2 50
1 1 3
53 1 10
1 2 2
39 1 44
15 2 3
22 1 32
25 2 42
42 1 92
92 1 1
1 2 4
1 1 25
12 1 11
42 1 48
26 1 19
39 1 12
4 2 2
45 1 64
16 1 15
8 2 15
90 2 91
3 1 25
80 1 3
9 2 3
36 1 19
28 1 3
39 1 91
1 7 3
3 2 93
53 1 78
92 1 8
39 1 51
10 2 1
39 1 83
15 2 1
63 1 8
10 1 9
28 1 31
1 2 46
91 1 10
63 1 42
52 1 19
1 1 13
48 1 47
50 6 51
13 1 19
25 1 24
44 2 51
65 1 81
91 2 90
65 2 39
27 1 41
2 2 1
15 1 1
25 2 39
3 1 2
78 1 31
53 1 8
? 1 github_java_program_data/11/554.java

48 1 68
44 1 39
33 1 19
53 1 1
3 2 27
31 1 30
3 2 65
55 1 5
30 1 22
51 1 42
67 1 48
19 1 18
51 1 8
3 1 1
55 1 54
1 2 20
11 1 23
39 1 58
27 1 30
64 1 1
42 1 50
42 1 58
19 1 4
4 2 3
1 1 31
47 2 67
3 1 31
11 1 9
1 2 4
1 1 25
22 1 1
3 2 25
41 1 19
42 1 17
47 1 42
30 1 1
4 2 21
3 2 2
22 1 18
57 1 39
45 1 16
51 1 3
53 2 51
53 1 42
51 1 39
19 1 3
46 1 45
58 1 56
2 2 3
28 1 1
3 4 1
41 1 22
3 2 64
1 1 2
33 1 22
65 2 42
54 1 3
10 1 8
51 1 46
58 1 57
32 2 2
80 1 1
11 1 1
54 1 8
32 2 4
16 1 1
45 1 3
42 1 26
3 2 23
24 1 11
48 2 26
51 1 78
51 1 9
46 2 39
46 2 42
9 2 10
24 1 3
2 2 18
51 1 10
48 1 33
58 1 36
50 1 19
32 1 1
8 2 9
10 1 1
25 1 45
1 1 27
3 2 4
1 2 23
51 1 15
52 6 53
17 2 26
32 1 27
11 1 10
15 1 3
51 1 1
22 1 2
54 1 65
42 1 12
1 2 27
39 1 26
11 1 3
28 2 4
11 1 15
22 1 28
44 1 8
1 4 3
53 1 15
53 1 9
28 2 2
53 1 39
4 2 1
26 2 58
19 1 2
22 1 3
78 2 9
32 1 31
58 1 47
28 1 27
44 1 3
29 1 19
11 1 8
22 1 4
28 1 31
3 2 46
5 2 54
29 1 22
16 1 20
10 2 3
17 2 12
30 1 19
41 1 3
16 1 9
3 5 1
41 1 1
81 1 1
16 1 10
5 1 3
10 1 3
51 2 53
22 1 21
58 1 67
26 2 48
39 1 52
36 2 57
1 2 31
1 5 3
31 1 41
33 2 47
8 2 10
42 1 44
30 1 3
57 2 56
53 1 80
4 2 28
1 1 4
19 1 1
19 1 28
3 1 4
44 1 25
42 1 29
54 1 42
3 1 27
47 2 68
19 1 21
52 1 22
67 2 56
78 1 1
16 1 3
53 1 3
1 2 25
48 1 57
1 1 3
53 1 10
1 2 2
53 1 25
2 2 21
15 2 3
22 1 32
48 1 36
25 2 42
80 2 8
68 1 39
42 1 53
12 1 11
42 1 48
26 1 19
26 1 22
9 2 15
45 1 64
16 1 15
2 2 32
36 1 19
19 1 32
28 1 3
1 7 3
20 1 19
8 2 3
4 2 18
58 1 33
3 2 31
10 2 1
23 1 22
15 2 1
32 1 3
52 6 51
3 1 46
1 2 46
17 1 16
48 1 47
50 6 51
56 1 42
36 1 22
25 1 24
12 2 17
46 1 24
42 1 51
44 2 51
65 1 81
39 1 29
58 2 26
27 1 41
17 2 44
2 2 1
15 1 1
25 2 39
3 1 2
53 1 8
? 1 github_java_program_data/11/572.java

57 1 42
1 1 4
33 1 19
53 1 1
3 2 27
31 1 30
2 2 4
75 1 1
21 2 4
30 1 22
51 1 42
55 1 63
19 1 18
51 1 8
3 1 1
55 1 54
1 2 20
11 1 23
39 1 58
28 1 27
16 2 11
42 1 50
42 1 58
19 1 4
45 1 11
4 2 3
51 1 10
54 1 42
51 1 25
16 1 20
22 1 1
2 2 32
41 1 19
42 1 17
47 1 42
75 2 51
1 2 46
24 1 16
3 2 2
22 1 18
57 1 39
45 1 16
61 2 39
53 2 51
53 1 42
51 1 39
3 7 1
19 1 3
46 1 45
58 1 56
2 2 3
3 4 1
41 1 22
2 2 18
50 1 22
1 1 2
33 1 22
58 1 57
12 1 16
22 1 21
25 1 45
3 2 13
49 1 42
16 1 1
41 2 30
59 2 39
3 2 23
24 1 11
46 1 24
51 1 9
46 2 42
42 1 75
63 1 3
4 2 21
48 1 33
58 1 36
12 2 75
32 1 1
8 2 9
10 1 1
11 1 1
30 2 41
3 2 4
1 2 23
51 1 15
51 1 61
12 2 48
15 1 3
11 1 10
48 1 56
51 1 1
22 1 2
58 1 47
1 2 27
39 1 26
11 1 3
29 2 26
11 1 15
22 1 28
39 1 48
1 4 3
53 1 9
27 1 30
20 1 22
32 1 3
4 2 1
47 1 39
19 1 2
22 1 3
33 2 42
32 1 31
39 1 17
75 1 39
29 1 19
49 1 33
22 1 4
75 1 59
29 1 22
10 2 3
17 2 12
30 1 19
18 2 4
3 5 1
54 1 1
33 2 57
16 1 10
54 2 63
2 2 28
10 1 3
44 1 1
51 2 53
25 2 42
4 2 32
25 2 61
75 1 46
26 2 29
6 1 3
36 2 57
1 2 31
25 1 24
1 5 3
31 1 41
33 2 47
36 2 47
53 1 46
42 1 44
57 2 56
4 2 28
3 2 42
44 1 39
19 1 1
19 1 28
3 1 4
44 1 25
42 1 29
29 2 48
47 2 68
19 1 21
46 2 59
42 1 26
1 2 42
1 2 25
18 2 2
16 1 23
48 1 57
42 1 48
53 1 10
1 2 2
6 2 54
2 2 21
15 2 3
22 1 32
48 1 36
61 1 30
1 2 4
68 1 39
42 1 53
12 1 11
1 1 3
26 1 19
39 1 12
26 1 22
4 2 2
56 1 39
50 6 53
58 2 48
58 1 68
16 1 15
36 1 19
19 1 32
28 1 3
9 2 10
1 7 3
58 2 50
20 1 19
8 2 3
4 2 18
39 1 49
58 1 33
55 1 6
10 2 1
23 1 22
15 2 1
63 1 8
47 2 56
28 1 1
17 1 11
59 1 30
3 2 31
24 2 45
63 1 42
17 1 16
1 1 13
12 2 58
48 1 47
56 1 42
11 1 20
36 1 22
42 1 12
23 1 19
12 2 17
3 2 20
42 1 51
39 1 29
27 1 41
17 2 44
2 2 1
15 1 1
17 2 49
25 2 39
3 1 2
? 1 github_java_program_data/11/591.java

48 1 68
57 1 42
1 1 4
33 1 19
53 1 1
33 2 37
3 2 27
12 2 48
2 2 4
48 2 12
56 1 22
23 2 36
68 1 42
21 2 4
12 2 26
29 2 52
55 1 63
40 1 39
19 1 18
51 1 8
17 2 62
58 2 52
1 2 20
39 1 58
62 2 52
16 2 11
34 1 19
33 2 39
19 1 4
55 1 7
4 2 3
29 2 17
36 2 37
43 2 26
65 2 39
11 1 9
51 1 25
16 1 20
22 1 1
41 1 19
54 1 39
1 2 46
3 2 2
75 1 8
6 2 63
57 1 19
51 1 39
36 2 39
26 2 17
3 7 1
58 1 56
2 2 3
29 2 58
49 2 52
41 1 22
1 2 13
44 2 53
28 2 2
39 1 53
58 1 57
23 1 19
39 1 63
43 1 38
58 2 29
3 1 13
11 1 1
38 1 36
1 2 39
23 1 11
16 1 1
45 2 24
42 1 26
48 2 26
46 1 24
51 1 9
1 2 42
9 2 10
63 1 3
17 2 58
51 1 10
2 2 32
3 5 1
38 2 42
32 1 1
58 2 12
25 1 45
3 2 4
17 2 26
3 2 13
15 1 3
50 6 51
48 1 56
44 1 9
22 1 2
39 1 17
1 2 27
39 1 26
8 2 9
11 1 3
9 2 8
20 1 11
11 1 15
74 1 68
35 1 33
39 1 48
53 1 15
53 1 9
53 1 39
19 1 2
86 2 67
86 1 58
1 2 23
3 2 65
33 2 42
32 1 31
35 2 39
38 1 23
44 1 3
49 1 33
8 2 3
3 2 46
16 1 66
62 1 42
22 1 73
17 2 12
57 1 22
38 1 37
16 1 9
12 2 62
33 2 57
27 1 30
74 2 2
25 2 59
20 2 36
39 1 54
39 1 62
1 2 14
48 2 29
75 1 46
58 1 67
26 2 48
1 1 14
29 2 26
67 2 56
63 2 54
18 2 4
17 2 43
31 1 41
53 1 59
4 2 74
37 1 22
33 2 47
36 2 47
83 1 19
62 2 50
57 2 56
44 1 39
42 1 48
4 2 21
43 2 12
54 1 9
54 1 42
3 1 14
40 1 42
19 1 21
52 1 22
17 2 75
48 2 58
39 1 84
41 2 30
26 2 72
26 2 43
12 2 40
1 2 25
17 2 40
53 2 51
67 2 68
48 1 57
38 1 34
53 1 10
1 2 2
53 1 25
73 1 57
49 2 50
49 2 62
58 2 17
1 2 4
68 1 39
12 1 11
14 1 19
26 1 19
39 1 12
26 1 22
9 2 15
8 2 15
16 1 15
48 2 50
50 6 53
58 1 68
56 1 39
73 1 33
9 2 3
36 1 19
35 1 34
28 1 3
35 1 20
29 2 50
20 1 19
4 2 18
58 1 33
10 2 1
38 2 39
6 2 7
15 2 1
29 2 43
32 1 3
43 1 39
36 2 42
52 6 51
28 1 1
9 2 1
24 2 45
47 1 39
63 1 39
12 2 58
48 1 47
2 2 74
36 1 22
6 1 1
25 1 24
3 2 20
42 1 51
44 2 51
65 1 81
48 2 17
39 1 29
23 1 16
27 1 41
11 1 20
3 1 2
53 1 8
38 1 33
1 4 3
31 1 30
13 1 22
66 1 22
29 2 12
55 1 5
75 1 1
15 1 8
30 1 22
51 1 42
57 2 68
67 1 48
3 1 1
11 1 23
1 7 3
20 1 22
42 1 50
42 1 58
3 2 66
45 1 11
42 1 83
17 2 49
3 2 25
42 1 17
22 1 4
75 2 51
24 1 16
36 2 34
8 2 1
22 1 18
57 1 39
45 1 16
51 1 3
53 1 42
3 2 31
35 1 23
7 1 1
42 1 62
14 1 22
19 1 3
46 1 45
43 2 50
12 2 29
59 1 41
3 4 1
2 2 18
5 1 1
50 1 22
62 1 33
1 1 2
33 1 22
84 1 22
10 1 8
51 1 46
12 1 16
32 2 2
16 1 8
42 1 52
22 1 21
39 1 50
75 1 42
3 2 14
49 1 42
62 1 36
54 1 8
42 1 40
59 2 39
3 2 23
49 2 29
24 1 11
62 1 39
7 2 6
47 2 56
46 2 39
46 2 42
56 1 42
42 1 75
47 2 67
48 1 33
58 1 86
58 1 36
50 1 19
73 1 36
10 1 1
52 6 53
51 1 15
30 2 41
26 2 12
11 1 10
40 1 35
62 2 49
51 1 1
58 1 47
11 1 8
23 2 33
28 2 4
62 2 26
17 1 16
49 1 39
49 2 17
26 2 52
57 2 86
44 1 46
48 2 52
4 2 1
1 1 13
13 1 19
40 2 26
33 2 34
39 1 43
28 1 27
29 1 19
47 1 42
63 1 65
29 1 22
38 1 20
10 2 3
51 2 53
30 1 19
53 2 54
5 2 6
49 1 36
74 2 4
68 1 22
81 1 1
16 1 10
54 2 63
2 2 28
35 1 37
10 1 3
44 1 1
8 2 10
4 2 32
26 2 29
39 1 52
36 2 57
1 2 31
17 2 29
12 2 43
73 1 56
42 1 49
39 1 40
53 1 46
42 1 44
35 2 42
22 1 3
4 2 28
3 2 42
20 1 16
74 1 33
19 1 1
19 1 28
3 1 4
20 2 33
44 1 25
42 1 29
26 2 58
47 2 68
19 1 73
74 1 57
19 1 74
43 2 29
43 1 42
16 1 3
53 1 3
18 2 2
16 1 23
35 1 36
32 2 4
39 1 44
2 2 21
22 1 32
48 1 36
25 2 42
1 5 3
29 2 40
22 1 28
42 1 53
1 1 3
15 2 3
4 2 2
58 2 48
63 1 9
17 1 11
19 1 32
58 2 50
58 2 26
39 1 49
39 1 51
26 2 50
23 1 22
34 1 22
17 2 48
56 1 19
63 1 8
62 2 29
10 1 9
55 1 6
15 1 1
73 1 47
63 1 42
52 1 19
37 1 19
21 2 2
54 1 1
42 1 12
47 1 19
12 2 17
42 1 43
12 2 49
44 1 8
17 2 44
2 2 1
11 2 16
29 2 48
25 2 39
39 1 72
? 1 github_java_program_data/11/597.java

57 1 42
53 1 1
1 1 31
58 2 48
2 2 4
3 2 64
78 1 3
91 1 15
21 2 4
30 1 22
19 1 28
51 1 42
32 1 3
3 1 4
19 1 18
30 2 41
3 1 1
3 2 46
17 2 12
27 1 30
64 1 1
42 1 50
42 1 58
39 1 90
45 1 11
4 2 3
78 1 1
2 2 32
3 1 31
11 1 9
51 1 25
90 1 46
22 1 1
3 2 25
41 1 19
83 1 22
8 2 3
54 1 39
30 1 1
24 1 16
3 2 2
8 2 1
91 1 1
22 1 18
45 1 16
51 1 3
53 1 42
51 1 39
3 7 1
14 1 22
19 1 3
46 1 45
4 2 1
2 2 3
3 4 1
41 1 22
1 2 13
50 1 22
1 1 2
33 1 22
54 1 3
44 1 42
92 1 39
58 1 57
16 1 8
90 1 1
42 1 52
80 1 1
3 1 13
25 1 45
3 2 14
3 2 13
1 2 39
16 1 1
45 1 3
41 2 30
9 2 15
24 1 11
46 1 24
51 1 9
3 2 31
46 2 39
46 2 42
9 2 10
63 1 3
2 2 18
4 2 21
48 1 33
58 1 36
18 2 4
42 1 54
32 1 1
10 1 1
11 1 1
1 1 27
3 2 4
51 1 15
52 6 53
3 2 65
1 2 25
11 1 10
15 1 3
51 1 1
12 2 44
22 1 2
54 1 65
42 1 12
11 1 8
9 2 1
92 2 54
11 1 3
29 2 26
15 1 9
17 1 16
44 1 8
14 1 19
1 4 3
53 1 15
44 1 46
53 1 39
28 1 1
45 2 24
47 1 39
55 1 63
39 1 53
19 1 2
78 2 8
3 1 46
22 1 3
8 2 10
39 1 17
51 1 80
28 1 27
45 1 1
29 1 19
1 2 27
22 1 4
42 1 84
80 2 9
29 1 22
12 2 92
10 2 3
30 1 19
24 1 3
41 1 3
3 5 1
41 1 1
10 1 93
81 1 1
16 1 10
2 2 28
10 1 3
44 1 1
51 2 53
22 1 21
1 2 14
48 2 29
26 2 29
39 1 52
1 1 14
91 1 25
84 1 19
1 5 3
31 1 41
11 1 15
33 2 47
39 1 50
53 1 46
30 1 3
90 1 15
19 1 4
3 2 42
1 1 4
19 1 1
44 1 78
54 1 9
42 1 29
3 1 14
53 2 51
19 1 21
52 1 22
36 2 57
42 1 26
3 2 27
16 1 3
53 1 3
32 1 27
1 2 31
3 1 27
48 2 50
1 1 3
53 1 10
1 2 2
39 1 44
15 2 3
22 1 32
25 2 42
42 1 92
92 1 1
1 2 4
1 1 25
12 1 11
42 1 48
26 1 19
39 1 12
4 2 2
45 1 64
16 1 15
8 2 15
90 2 91
3 1 25
80 1 3
9 2 3
36 1 19
28 1 3
39 1 91
1 7 3
3 2 93
53 1 78
92 1 8
39 1 51
10 2 1
39 1 83
15 2 1
63 1 8
10 1 9
28 1 31
1 2 46
91 1 10
63 1 42
52 1 19
1 1 13
48 1 47
50 6 51
13 1 19
25 1 24
44 2 51
65 1 81
91 2 90
65 2 39
27 1 41
2 2 1
15 1 1
25 2 39
3 1 2
78 1 31
53 1 8
? 1 github_java_program_data/11/614.java

48 1 68
44 1 39
33 1 19
53 1 1
3 2 27
31 1 30
3 2 65
55 1 5
30 1 22
51 1 42
67 1 48
19 1 18
51 1 8
3 1 1
55 1 54
1 2 20
11 1 23
39 1 58
27 1 30
64 1 1
42 1 50
42 1 58
19 1 4
4 2 3
1 1 31
47 2 67
3 1 31
11 1 9
1 2 4
1 1 25
22 1 1
3 2 25
41 1 19
42 1 17
47 1 42
30 1 1
4 2 21
3 2 2
22 1 18
57 1 39
45 1 16
51 1 3
53 2 51
53 1 42
51 1 39
19 1 3
46 1 45
58 1 56
2 2 3
28 1 1
3 4 1
41 1 22
3 2 64
1 1 2
33 1 22
65 2 42
54 1 3
10 1 8
51 1 46
58 1 57
32 2 2
80 1 1
11 1 1
54 1 8
32 2 4
16 1 1
45 1 3
42 1 26
3 2 23
24 1 11
48 2 26
51 1 78
51 1 9
46 2 39
46 2 42
9 2 10
24 1 3
2 2 18
51 1 10
48 1 33
58 1 36
50 1 19
32 1 1
8 2 9
10 1 1
25 1 45
1 1 27
3 2 4
1 2 23
51 1 15
52 6 53
17 2 26
32 1 27
11 1 10
15 1 3
51 1 1
22 1 2
54 1 65
42 1 12
1 2 27
39 1 26
11 1 3
28 2 4
11 1 15
22 1 28
44 1 8
1 4 3
53 1 15
53 1 9
28 2 2
53 1 39
4 2 1
26 2 58
19 1 2
22 1 3
78 2 9
32 1 31
58 1 47
28 1 27
44 1 3
29 1 19
11 1 8
22 1 4
28 1 31
3 2 46
5 2 54
29 1 22
16 1 20
10 2 3
17 2 12
30 1 19
41 1 3
16 1 9
3 5 1
41 1 1
81 1 1
16 1 10
5 1 3
10 1 3
51 2 53
22 1 21
58 1 67
26 2 48
39 1 52
36 2 57
1 2 31
1 5 3
31 1 41
33 2 47
8 2 10
42 1 44
30 1 3
57 2 56
53 1 80
4 2 28
1 1 4
19 1 1
19 1 28
3 1 4
44 1 25
42 1 29
54 1 42
3 1 27
47 2 68
19 1 21
52 1 22
67 2 56
78 1 1
16 1 3
53 1 3
1 2 25
48 1 57
1 1 3
53 1 10
1 2 2
53 1 25
2 2 21
15 2 3
22 1 32
48 1 36
25 2 42
80 2 8
68 1 39
42 1 53
12 1 11
42 1 48
26 1 19
26 1 22
9 2 15
45 1 64
16 1 15
2 2 32
36 1 19
19 1 32
28 1 3
1 7 3
20 1 19
8 2 3
4 2 18
58 1 33
3 2 31
10 2 1
23 1 22
15 2 1
32 1 3
52 6 51
3 1 46
1 2 46
17 1 16
48 1 47
50 6 51
56 1 42
36 1 22
25 1 24
12 2 17
46 1 24
42 1 51
44 2 51
65 1 81
39 1 29
58 2 26
27 1 41
17 2 44
2 2 1
15 1 1
25 2 39
3 1 2
53 1 8
? 1 github_java_program_data/11/62.java

48 1 68
44 1 39
33 1 19
53 1 1
3 2 27
31 1 30
3 2 65
55 1 5
30 1 22
51 1 42
67 1 48
19 1 18
51 1 8
3 1 1
55 1 54
1 2 20
11 1 23
39 1 58
27 1 30
64 1 1
42 1 50
42 1 58
19 1 4
4 2 3
1 1 31
47 2 67
3 1 31
11 1 9
1 2 4
1 1 25
22 1 1
3 2 25
41 1 19
42 1 17
47 1 42
30 1 1
4 2 21
3 2 2
22 1 18
57 1 39
45 1 16
51 1 3
53 2 51
53 1 42
51 1 39
19 1 3
46 1 45
58 1 56
2 2 3
28 1 1
3 4 1
41 1 22
3 2 64
1 1 2
33 1 22
65 2 42
54 1 3
10 1 8
51 1 46
58 1 57
32 2 2
80 1 1
11 1 1
54 1 8
32 2 4
16 1 1
45 1 3
42 1 26
3 2 23
24 1 11
48 2 26
51 1 78
51 1 9
46 2 39
46 2 42
9 2 10
24 1 3
2 2 18
51 1 10
48 1 33
58 1 36
50 1 19
32 1 1
8 2 9
10 1 1
25 1 45
1 1 27
3 2 4
1 2 23
51 1 15
52 6 53
17 2 26
32 1 27
11 1 10
15 1 3
51 1 1
22 1 2
54 1 65
42 1 12
1 2 27
39 1 26
11 1 3
28 2 4
11 1 15
22 1 28
44 1 8
1 4 3
53 1 15
53 1 9
28 2 2
53 1 39
4 2 1
26 2 58
19 1 2
22 1 3
78 2 9
32 1 31
58 1 47
28 1 27
44 1 3
29 1 19
11 1 8
22 1 4
28 1 31
3 2 46
5 2 54
29 1 22
16 1 20
10 2 3
17 2 12
30 1 19
41 1 3
16 1 9
3 5 1
41 1 1
81 1 1
16 1 10
5 1 3
10 1 3
51 2 53
22 1 21
58 1 67
26 2 48
39 1 52
36 2 57
1 2 31
1 5 3
31 1 41
33 2 47
8 2 10
42 1 44
30 1 3
57 2 56
53 1 80
4 2 28
1 1 4
19 1 1
19 1 28
3 1 4
44 1 25
42 1 29
54 1 42
3 1 27
47 2 68
19 1 21
52 1 22
67 2 56
78 1 1
16 1 3
53 1 3
1 2 25
48 1 57
1 1 3
53 1 10
1 2 2
53 1 25
2 2 21
15 2 3
22 1 32
48 1 36
25 2 42
80 2 8
68 1 39
42 1 53
12 1 11
42 1 48
26 1 19
26 1 22
9 2 15
45 1 64
16 1 15
2 2 32
36 1 19
19 1 32
28 1 3
1 7 3
20 1 19
8 2 3
4 2 18
58 1 33
3 2 31
10 2 1
23 1 22
15 2 1
32 1 3
52 6 51
3 1 46
1 2 46
17 1 16
48 1 47
50 6 51
56 1 42
36 1 22
25 1 24
12 2 17
46 1 24
42 1 51
44 2 51
65 1 81
39 1 29
58 2 26
27 1 41
17 2 44
2 2 1
15 1 1
25 2 39
3 1 2
53 1 8
? 1 github_java_program_data/11/92.java

