3 2 2
26 2 29
42 1 26
29 1 19
4 2 32
1 1 27
53 1 8
42 1 48
17 1 11
48 1 33
56 1 42
39 1 17
42 1 44
18 2 2
3 2 25
26 1 22
54 1 42
4 2 3
40 1 35
42 1 29
57 1 39
9 2 3
4 2 1
3 1 2
35 1 23
35 1 33
1 1 2
51 2 54
19 1 4
28 2 2
9 2 15
39 1 50
22 1 1
42 1 17
12 2 44
63 1 3
53 1 1
44 2 53
36 1 19
3 2 20
3 2 23
62 1 39
41 1 19
48 1 47
10 1 1
1 1 14
48 1 56
50 1 22
14 1 19
39 1 26
30 1 3
17 2 12
8 2 3
10 2 1
3 2 31
45 1 11
12 1 11
16 1 10
28 1 31
22 1 3
51 2 53
53 1 3
11 1 3
17 2 40
36 2 42
39 1 53
9 2 1
3 1 1
42 1 62
6 1 1
1 2 13
25 2 42
20 1 19
51 1 25
24 1 16
58 1 57
19 1 3
3 2 42
11 1 20
2 2 21
2 2 32
52 1 22
19 1 1
1 2 14
10 1 9
59 1 30
5 1 1
11 1 23
53 1 39
48 2 26
47 1 39
54 1 3
53 2 51
12 1 16
5 2 6
33 1 22
16 1 15
53 1 9
9 2 8
51 1 46
12 2 17
7 1 1
22 1 21
1 2 31
3 2 39
4 2 18
2 2 3
3 1 14
15 2 3
44 1 3
42 1 12
25 1 45
22 1 4
51 1 59
51 1 15
16 1 8
39 1 54
39 1 29
29 2 50
35 1 34
30 1 19
22 1 28
6 2 7
17 1 16
12 2 29
29 1 22
1 2 27
1 4 3
11 1 8
1 5 3
22 1 32
23 1 22
36 2 57
1 2 4
24 2 45
12 2 51
55 1 5
26 2 17
49 1 42
59 2 42
2 2 28
26 2 58
2 2 18
22 1 2
3 2 4
31 1 30
3 4 1
54 1 9
51 1 10
63 1 8
42 1 58
3 5 1
20 1 22
7 2 6
41 1 3
55 1 63
51 1 61
1 7 3
42 1 52
16 1 3
16 1 1
3 2 27
39 1 51
19 1 18
32 1 1
11 1 15
19 1 21
8 2 9
26 1 19
62 2 52
44 1 25
39 1 12
40 1 42
16 1 23
49 1 36
46 2 61
63 1 39
28 1 3
44 1 42
33 2 34
42 1 49
60 1 39
23 1 19
1 2 23
32 1 3
53 1 46
55 1 6
22 1 60
4 2 28
27 1 41
8 2 15
13 1 22
19 1 32
51 1 42
51 1 39
60 1 25
46 2 59
39 1 40
1 1 13
1 2 20
30 1 22
7 2 63
28 1 1
51 1 9
4 2 2
33 2 47
23 2 33
61 2 39
21 2 4
29 2 26
49 2 48
23 1 11
27 1 30
11 1 9
3 1 13
1 1 31
1 2 46
58 1 36
2 2 1
4 2 21
31 1 41
61 1 30
42 1 53
34 1 22
53 1 42
25 2 61
11 1 1
25 1 24
22 1 18
14 1 22
59 1 41
10 2 3
11 1 10
41 1 22
1 2 2
9 2 10
25 2 39
13 1 19
1 1 4
33 2 39
42 1 51
3 1 4
3 7 1
52 6 53
19 1 2
2 2 4
15 1 3
16 1 20
15 1 1
1 1 3
41 2 30
46 2 39
51 1 8
47 2 56
51 1 1
53 1 15
54 1 8
35 2 42
28 2 4
19 1 28
32 1 27
33 1 19
62 1 33
53 1 59
8 2 10
15 2 1
50 6 51
3 2 13
53 1 10
3 2 46
3 2 14
46 2 42
25 2 59
55 1 7
10 1 3
51 1 3
39 1 19
50 1 19
? 1 github_java_program_data/10/104.java

3 2 2
26 2 29
38 1 37
42 1 29
17 2 26
4 2 32
17 1 11
48 1 33
40 1 39
56 1 42
42 1 26
65 1 64
18 2 2
3 2 25
26 1 22
23 2 36
11 2 16
2 2 21
40 1 35
20 1 4
57 1 39
53 2 51
4 2 1
36 1 22
3 1 2
35 1 23
38 1 20
35 1 33
1 1 2
14 1 22
28 2 2
39 1 49
9 2 15
39 1 50
22 1 1
42 1 17
12 2 44
36 1 19
36 2 47
32 1 3
3 2 23
41 1 19
16 1 15
15 1 1
10 1 1
1 1 14
48 1 56
50 1 22
14 1 19
21 2 2
39 1 26
44 2 51
17 2 12
38 2 39
3 2 31
45 1 11
16 1 10
8 2 9
22 1 3
51 2 53
39 1 53
39 1 48
11 1 3
50 6 53
43 1 42
2 2 32
27 1 41
3 1 1
1 2 13
20 1 2
20 1 19
37 1 22
24 1 16
58 1 57
13 1 22
32 2 4
2 2 22
11 1 20
19 1 1
39 1 17
40 2 43
1 2 14
25 2 39
4 2 18
53 1 39
48 2 26
47 1 39
39 1 58
36 2 37
9 2 3
12 1 16
3 2 46
62 1 39
38 1 33
53 1 9
51 1 46
12 2 17
40 1 38
1 2 31
22 1 21
44 1 9
26 2 40
38 1 36
43 1 38
2 2 3
3 1 14
15 2 3
44 1 3
42 1 12
37 1 19
53 1 3
28 1 27
62 2 48
51 1 15
51 1 8
39 1 29
35 1 34
30 1 19
22 1 28
17 1 16
29 1 22
48 1 36
1 2 27
22 2 2
1 4 3
39 1 44
49 1 42
18 2 4
1 5 3
22 1 32
23 1 22
36 2 57
1 2 4
23 1 4
46 1 45
44 1 39
2 2 28
2 2 18
22 1 2
3 2 4
31 1 30
3 4 1
4 2 28
51 1 10
4 2 22
20 1 22
3 5 1
53 1 25
46 2 39
19 1 4
1 7 3
4 2 3
16 1 3
16 1 1
3 2 27
39 1 51
44 1 25
32 1 1
11 1 15
19 1 21
26 1 19
64 1 3
19 1 18
36 2 42
39 1 12
40 1 42
35 2 39
43 2 50
16 1 23
3 2 20
28 1 3
33 2 34
23 1 19
1 2 23
10 2 1
33 2 39
16 2 11
33 2 47
32 1 31
19 2 4
29 1 19
19 1 3
19 1 32
51 1 42
51 1 39
39 1 62
55 1 54
38 2 42
39 1 40
1 1 13
30 1 22
29 2 48
28 1 1
51 1 9
4 2 2
23 2 33
21 2 4
29 2 43
23 1 11
27 1 30
3 1 13
58 2 29
58 1 36
2 2 1
4 2 21
31 1 41
1 2 65
22 1 4
34 1 22
11 1 1
25 1 24
22 1 18
62 1 33
10 2 3
11 1 10
41 1 22
12 2 26
1 2 2
9 2 10
20 2 33
13 1 19
54 1 65
1 1 4
38 1 23
33 2 37
17 2 40
3 1 4
65 2 39
3 7 1
19 1 2
2 2 4
32 2 2
43 1 35
1 1 3
48 1 47
47 2 56
11 1 8
35 2 42
28 2 4
19 1 28
33 1 19
12 1 11
49 1 36
15 2 1
35 1 20
3 2 13
53 1 10
39 1 43
54 1 39
3 2 14
46 2 42
49 2 26
47 1 42
54 1 1
51 1 3
8 2 10
? 1 github_java_program_data/10/105.java

3 2 2
29 1 19
53 1 8
51 2 53
29 1 22
1 5 3
39 1 17
25 2 39
3 2 25
40 1 35
42 1 29
4 2 1
1 2 4
44 1 39
1 2 39
1 2 31
1 1 2
19 1 4
28 2 2
39 1 49
9 2 15
39 1 50
22 1 1
42 1 17
53 1 1
10 2 1
3 2 23
41 1 19
45 1 16
15 1 1
10 1 1
50 1 22
8 2 9
3 1 27
39 1 26
44 2 51
17 2 12
19 1 2
61 1 41
3 2 31
45 1 11
16 1 10
28 1 31
22 1 3
17 1 11
53 1 3
11 1 3
53 1 61
63 1 1
2 2 32
39 1 53
3 1 1
39 1 51
49 2 50
24 1 11
27 1 41
3 2 4
12 2 50
46 2 39
54 2 51
11 1 20
19 1 1
16 1 66
59 1 30
20 1 16
11 1 23
53 1 39
40 2 26
15 2 1
66 1 22
53 2 51
12 1 16
16 1 15
53 1 9
51 1 46
12 2 17
3 2 39
2 2 3
7 2 6
15 2 3
49 1 42
42 1 12
22 1 4
51 1 59
28 1 27
42 1 50
39 1 54
30 1 19
22 1 28
6 2 7
17 1 16
12 2 29
46 2 59
1 2 27
1 4 3
44 1 3
22 1 32
23 1 22
6 1 3
4 2 3
24 2 45
46 1 45
8 2 1
33 2 42
2 2 28
52 1 19
22 1 2
24 1 16
31 1 30
3 4 1
4 2 28
51 1 10
63 1 8
17 2 44
20 1 22
1 2 25
3 5 1
53 1 25
55 1 63
53 1 10
1 7 3
42 1 52
16 1 3
16 1 1
39 1 44
44 1 25
32 1 1
11 1 15
49 1 33
26 1 19
19 1 18
39 1 12
40 1 42
59 2 39
53 1 59
19 1 21
63 1 39
28 1 3
23 1 19
1 2 23
32 1 3
55 1 6
32 1 31
19 1 3
19 1 32
51 1 42
51 1 39
39 1 40
1 1 13
7 1 3
30 1 22
7 2 63
28 1 1
51 1 9
4 2 2
25 2 61
27 1 30
1 2 46
2 2 1
4 2 21
31 1 41
54 1 39
53 1 42
11 1 1
25 1 24
3 1 2
59 1 41
46 2 42
10 2 3
11 1 10
41 1 22
61 2 42
1 2 2
9 2 10
1 2 20
1 1 4
30 1 1
41 1 1
3 1 4
46 1 24
52 6 53
4 2 32
15 1 3
16 1 20
3 2 27
1 1 3
41 2 30
51 1 8
51 1 1
53 1 15
35 2 42
19 1 28
32 1 27
3 1 31
33 1 19
12 1 11
3 2 20
1 2 66
35 1 20
3 2 13
3 2 46
54 1 3
25 2 59
55 1 7
10 1 3
51 1 3
8 2 10
50 6 51
50 1 19
? 1 github_java_program_data/10/112.java

3 2 2
26 2 29
42 1 26
26 2 71
29 1 19
17 2 26
30 2 41
12 2 49
69 2 70
58 1 67
53 1 8
42 1 48
17 1 11
48 1 33
71 1 22
56 1 42
39 1 17
25 2 39
18 2 2
26 1 22
23 2 36
54 1 42
11 2 16
9 2 10
1 2 4
22 2 69
42 1 29
57 1 39
4 2 1
36 1 22
3 1 2
35 1 23
55 1 29
1 2 31
1 1 2
19 1 4
18 2 1
39 1 49
22 1 1
42 1 17
71 1 29
40 1 2
29 2 69
53 1 1
13 1 19
36 2 47
54 1 1
3 2 23
19 2 71
55 1 26
41 1 19
45 1 16
16 1 15
68 1 42
10 1 1
1 1 14
69 1 71
14 1 19
55 1 69
1 2 28
39 1 26
17 2 12
10 2 1
45 2 24
3 2 31
45 1 11
16 1 10
22 1 3
51 2 53
40 2 43
39 1 48
11 1 3
43 1 42
36 2 42
32 1 31
3 1 1
57 2 67
1 2 13
20 1 19
51 1 25
24 1 16
58 1 57
19 1 3
32 2 4
19 2 69
11 1 20
2 2 21
48 2 58
19 1 1
11 1 27
1 2 14
1 2 2
11 1 23
53 1 39
47 1 39
39 1 58
35 1 37
12 1 16
67 1 48
33 1 22
38 1 33
38 2 42
32 2 2
12 2 17
69 1 2
22 1 21
56 1 39
23 1 16
26 2 40
4 2 18
2 2 3
3 1 14
15 2 3
49 1 42
55 1 40
25 1 45
22 1 2
43 2 58
28 1 27
40 1 29
1 7 3
39 1 29
30 1 19
22 1 28
24 1 11
12 2 29
23 1 11
48 1 36
1 2 27
22 2 2
1 4 3
58 1 47
1 5 3
12 2 40
22 1 32
23 1 22
36 2 57
70 1 1
24 2 45
46 1 45
8 2 1
39 1 72
33 2 42
69 1 12
37 1 19
3 2 4
3 4 1
51 1 10
42 1 58
36 2 37
43 2 29
1 2 18
20 1 22
1 2 25
58 1 56
62 1 42
46 2 39
14 1 22
71 1 69
4 2 3
3 2 1
16 1 3
16 1 1
3 2 27
43 1 39
71 1 19
19 1 18
32 1 1
11 1 15
49 1 33
2 2 74
26 1 19
2 2 29
40 1 38
39 1 12
40 1 42
35 2 39
18 2 3
71 2 26
16 1 23
57 2 68
19 1 21
71 1 70
28 1 3
73 1 33
33 2 34
29 2 26
29 2 62
23 1 19
1 2 23
1 2 3
32 1 3
53 1 46
33 2 47
27 1 41
62 1 36
3 7 1
13 1 22
19 1 32
69 1 22
51 1 39
39 1 62
55 1 54
39 1 40
19 1 73
1 1 13
1 2 20
36 1 19
30 1 22
17 1 16
28 1 1
51 1 9
2 2 18
23 2 33
21 2 4
57 1 42
29 1 22
27 1 30
3 1 13
1 2 46
58 1 36
2 2 1
4 2 21
26 2 12
31 1 41
22 1 4
17 2 43
42 1 53
34 1 22
69 1 19
1 2 42
11 1 1
25 1 24
28 2 3
22 1 18
3 5 1
10 2 3
11 1 10
41 1 22
22 1 74
55 1 43
15 1 1
48 1 68
2 2 12
1 1 4
38 1 23
42 1 51
3 1 4
21 2 3
46 1 24
33 2 57
42 1 43
19 1 2
2 2 4
15 1 3
16 1 20
43 1 35
1 1 3
41 2 30
48 1 47
47 2 56
51 1 1
54 1 8
35 2 42
19 1 28
18 2 21
74 1 36
22 2 71
33 1 19
55 1 71
12 1 11
3 2 20
8 2 10
15 2 1
58 1 33
3 2 13
53 1 10
1 2 32
3 2 14
27 2 1
47 1 42
21 2 1
38 1 34
10 1 3
54 2 26
48 1 57
35 1 36
70 2 29
? 1 github_java_program_data/10/114.java

3 2 2
38 1 37
29 1 19
51 2 53
48 1 33
56 1 42
39 1 17
25 2 39
52 6 51
2 2 21
40 1 35
42 1 29
57 1 39
4 2 1
36 1 22
4 2 3
35 1 23
1 2 39
35 1 33
1 1 2
19 1 4
43 1 39
22 1 1
42 1 17
36 1 19
36 2 47
3 2 23
45 1 16
15 1 1
10 1 1
1 1 14
48 1 56
50 1 22
14 1 19
39 1 26
1 5 3
16 1 10
22 1 3
50 6 53
53 1 3
39 1 48
11 1 3
36 2 42
39 1 53
3 1 1
1 2 13
39 1 52
51 1 25
49 1 39
3 2 4
58 1 57
13 1 22
11 1 20
19 1 1
1 2 14
1 2 2
4 2 18
15 1 3
47 1 39
3 2 46
33 1 22
16 1 15
12 2 17
22 1 21
43 1 38
2 2 3
3 1 14
15 2 3
42 1 12
25 1 45
22 1 2
28 1 27
42 1 50
39 1 29
35 1 34
30 1 19
22 1 28
29 2 48
29 1 22
48 1 36
1 2 27
1 4 3
18 2 4
40 2 52
38 2 39
37 1 22
3 1 2
24 2 45
24 1 11
55 1 5
8 2 1
49 2 58
24 1 16
3 4 1
5 1 3
51 1 10
42 1 58
20 1 22
1 2 25
3 5 1
62 1 42
14 1 22
1 7 3
62 2 48
16 1 3
16 1 1
39 1 51
19 1 18
11 1 15
19 1 21
26 1 19
4 2 21
40 1 42
43 2 50
16 1 23
49 1 36
33 2 34
42 1 49
23 1 19
1 2 23
10 2 1
53 1 46
33 2 47
62 1 36
3 7 1
19 1 3
52 1 22
51 1 39
39 1 62
55 1 54
39 1 40
1 1 13
17 1 16
28 1 1
51 1 9
2 2 18
23 2 33
23 1 11
27 1 30
3 1 13
2 2 1
39 1 12
42 1 26
29 2 26
22 1 4
17 2 43
34 1 22
53 1 42
36 2 39
11 1 1
25 1 24
22 1 18
10 2 3
11 1 10
50 1 19
18 2 2
9 2 10
1 2 20
1 2 4
1 1 4
38 1 23
33 2 37
17 2 40
3 1 4
5 2 54
46 1 24
33 2 57
42 1 43
19 1 2
2 2 4
13 1 19
38 1 33
1 1 3
48 1 47
47 2 56
51 1 1
54 1 8
35 2 42
33 1 19
12 1 11
3 2 20
15 2 1
58 1 33
3 2 13
53 1 10
54 1 39
3 2 14
46 2 42
47 1 42
54 1 1
10 1 3
? 1 github_java_program_data/10/12.java

3 2 2
26 2 29
42 1 26
29 1 19
4 2 32
1 1 27
53 1 8
42 1 48
17 1 11
48 1 33
56 1 42
39 1 17
42 1 44
18 2 2
3 2 25
26 1 22
54 1 42
4 2 3
40 1 35
42 1 29
57 1 39
9 2 3
4 2 1
3 1 2
35 1 23
35 1 33
1 1 2
51 2 54
19 1 4
28 2 2
9 2 15
39 1 50
22 1 1
42 1 17
12 2 44
63 1 3
53 1 1
44 2 53
36 1 19
3 2 20
3 2 23
62 1 39
41 1 19
48 1 47
10 1 1
1 1 14
48 1 56
50 1 22
14 1 19
39 1 26
30 1 3
17 2 12
8 2 3
10 2 1
3 2 31
45 1 11
12 1 11
16 1 10
28 1 31
22 1 3
51 2 53
53 1 3
11 1 3
17 2 40
36 2 42
39 1 53
9 2 1
3 1 1
42 1 62
6 1 1
1 2 13
25 2 42
20 1 19
51 1 25
24 1 16
58 1 57
19 1 3
3 2 42
11 1 20
2 2 21
2 2 32
52 1 22
19 1 1
1 2 14
10 1 9
59 1 30
5 1 1
11 1 23
53 1 39
48 2 26
47 1 39
54 1 3
53 2 51
12 1 16
5 2 6
33 1 22
16 1 15
53 1 9
9 2 8
51 1 46
12 2 17
7 1 1
22 1 21
1 2 31
3 2 39
4 2 18
2 2 3
3 1 14
15 2 3
44 1 3
42 1 12
25 1 45
22 1 4
51 1 59
51 1 15
16 1 8
39 1 54
39 1 29
29 2 50
35 1 34
30 1 19
22 1 28
6 2 7
17 1 16
12 2 29
29 1 22
1 2 27
1 4 3
11 1 8
1 5 3
22 1 32
23 1 22
36 2 57
1 2 4
24 2 45
12 2 51
55 1 5
26 2 17
49 1 42
59 2 42
2 2 28
26 2 58
2 2 18
22 1 2
3 2 4
31 1 30
3 4 1
54 1 9
51 1 10
63 1 8
42 1 58
3 5 1
20 1 22
7 2 6
41 1 3
55 1 63
51 1 61
1 7 3
42 1 52
16 1 3
16 1 1
3 2 27
39 1 51
19 1 18
32 1 1
11 1 15
19 1 21
8 2 9
26 1 19
62 2 52
44 1 25
39 1 12
40 1 42
16 1 23
49 1 36
46 2 61
63 1 39
28 1 3
44 1 42
33 2 34
42 1 49
60 1 39
23 1 19
1 2 23
32 1 3
53 1 46
55 1 6
22 1 60
4 2 28
27 1 41
8 2 15
13 1 22
19 1 32
51 1 42
51 1 39
60 1 25
46 2 59
39 1 40
1 1 13
1 2 20
30 1 22
7 2 63
28 1 1
51 1 9
4 2 2
33 2 47
23 2 33
61 2 39
21 2 4
29 2 26
49 2 48
23 1 11
27 1 30
11 1 9
3 1 13
1 1 31
1 2 46
58 1 36
2 2 1
4 2 21
31 1 41
61 1 30
42 1 53
34 1 22
53 1 42
25 2 61
11 1 1
25 1 24
22 1 18
14 1 22
59 1 41
10 2 3
11 1 10
41 1 22
1 2 2
9 2 10
25 2 39
13 1 19
1 1 4
33 2 39
42 1 51
3 1 4
3 7 1
52 6 53
19 1 2
2 2 4
15 1 3
16 1 20
15 1 1
1 1 3
41 2 30
46 2 39
51 1 8
47 2 56
51 1 1
53 1 15
54 1 8
35 2 42
28 2 4
19 1 28
32 1 27
33 1 19
62 1 33
53 1 59
8 2 10
15 2 1
50 6 51
3 2 13
53 1 10
3 2 46
3 2 14
46 2 42
25 2 59
55 1 7
10 1 3
51 1 3
39 1 19
50 1 19
? 1 github_java_program_data/10/14.java

3 2 2
26 2 29
42 1 26
29 1 19
17 2 26
30 2 41
42 1 48
17 1 11
48 1 33
40 1 39
1 5 3
39 1 17
65 1 64
26 1 22
54 1 42
11 2 16
36 2 34
2 2 21
42 1 29
4 2 1
36 1 22
1 2 4
38 1 20
1 2 31
3 4 1
26 2 43
14 1 22
9 2 15
39 1 50
22 1 1
36 1 19
36 2 47
32 1 3
3 2 23
53 1 46
54 1 65
16 1 15
15 1 1
10 1 1
38 1 37
1 1 14
48 1 56
14 1 19
39 1 26
17 2 12
38 2 39
45 2 24
3 2 31
45 1 11
16 1 10
22 1 3
65 2 42
51 2 53
53 1 3
11 1 3
43 1 42
32 1 31
3 1 1
1 2 13
20 1 19
20 2 36
51 1 25
12 2 17
49 1 39
24 1 16
58 1 57
13 1 22
58 2 48
3 2 20
19 1 1
1 2 14
59 1 30
20 1 16
11 1 23
53 1 39
48 2 26
47 1 39
12 1 16
33 1 22
38 1 33
11 1 1
22 1 21
40 2 29
4 2 18
2 2 3
3 1 14
15 2 3
21 2 2
42 1 12
25 1 45
22 1 2
28 1 27
51 1 15
12 2 51
1 7 3
39 1 29
35 1 34
30 1 19
17 1 16
12 2 29
29 1 22
48 1 36
1 2 27
1 4 3
49 1 42
18 2 4
3 7 1
22 1 32
37 1 22
36 2 57
4 2 3
24 2 45
46 1 45
33 2 42
4 2 2
22 1 4
3 2 4
31 1 30
42 1 58
56 1 39
1 2 25
3 5 1
62 1 42
53 1 10
59 2 39
42 1 40
29 2 40
16 1 3
16 1 1
3 2 27
19 1 18
32 1 1
11 1 15
19 1 21
26 1 19
64 1 3
40 1 38
49 2 29
39 1 12
34 1 19
16 1 23
49 1 36
49 1 33
28 1 3
42 1 49
29 2 62
1 2 23
10 2 1
26 2 48
16 2 11
33 2 47
27 1 41
19 1 3
19 1 32
19 1 4
51 1 39
39 1 62
55 1 54
1 1 13
30 1 22
28 1 1
51 1 9
2 2 18
57 1 42
49 2 48
46 2 59
27 1 30
3 1 13
58 2 29
58 1 36
2 2 1
4 2 21
29 2 26
1 2 65
42 1 53
36 2 39
47 2 56
25 1 24
22 1 18
62 1 33
10 2 3
11 1 10
41 1 22
1 2 2
25 2 39
20 2 33
13 1 19
41 1 19
31 1 41
23 1 22
33 2 37
42 1 51
46 1 24
48 2 58
19 1 2
2 2 4
15 1 3
16 1 20
43 1 35
1 1 3
41 2 30
48 1 47
51 1 1
11 1 8
35 2 42
19 1 28
33 1 19
12 1 11
53 1 59
15 2 1
35 1 20
3 2 13
39 1 43
3 2 46
3 2 14
47 1 42
54 1 1
10 1 3
8 2 10
35 1 36
? 1 github_java_program_data/10/16.java

3 2 2
26 2 29
42 1 26
29 1 19
17 2 26
30 2 41
4 2 32
53 1 8
42 1 48
17 1 11
48 1 33
19 2 2
20 1 22
25 2 42
1 5 3
39 1 17
65 1 64
3 2 25
26 1 22
52 6 51
11 2 16
4 2 3
40 1 35
42 1 29
57 1 39
53 2 51
4 2 1
36 1 22
3 1 2
44 1 39
38 1 20
35 1 33
20 1 11
19 1 4
28 2 2
39 1 49
20 2 36
39 1 50
22 1 1
42 1 17
12 2 44
64 1 1
1 7 3
53 1 1
36 1 19
10 2 1
3 2 23
26 2 49
41 1 19
45 1 16
15 1 1
10 1 1
38 1 37
1 1 14
48 1 56
50 1 22
14 1 19
21 2 2
39 1 26
44 2 51
17 2 12
38 2 39
3 2 31
16 1 10
8 2 9
22 1 3
65 2 42
51 2 53
75 1 25
11 1 3
50 6 53
33 2 42
42 1 51
2 2 32
53 1 3
12 2 43
47 1 22
3 1 1
42 1 62
44 1 1
1 2 13
20 1 2
20 1 19
39 1 51
39 1 52
51 1 25
27 1 41
49 1 39
24 1 16
58 1 57
19 1 3
32 2 4
2 2 22
2 2 21
19 1 1
1 2 14
1 2 2
11 1 23
63 1 65
53 1 39
48 2 26
15 2 1
9 2 3
53 1 9
12 1 16
3 2 46
33 1 22
16 1 15
51 1 3
51 1 46
12 2 17
1 2 31
58 2 26
68 1 22
22 1 21
56 1 39
32 2 2
33 1 19
38 1 36
55 1 6
43 1 38
2 2 3
3 1 14
15 2 3
49 1 42
42 1 12
25 1 45
22 1 2
62 1 42
28 1 27
42 1 50
51 1 15
55 1 63
36 2 57
39 1 29
73 1 68
3 4 1
30 1 19
22 1 28
24 1 11
29 1 22
48 1 36
1 2 27
49 2 50
1 4 3
53 1 15
18 2 4
3 7 1
22 1 32
37 1 22
9 2 1
6 1 3
1 2 4
24 2 45
46 1 45
8 2 1
1 2 39
2 2 28
19 1 28
42 1 75
56 1 22
29 2 48
22 1 4
9 2 15
3 2 4
31 1 30
1 1 2
4 2 28
51 1 10
42 1 58
36 2 37
44 1 9
1 2 25
8 2 15
75 1 9
63 1 9
4 2 74
14 1 22
75 2 53
62 2 48
75 1 42
42 1 52
4 2 2
16 1 3
16 1 1
74 1 47
39 1 44
44 1 25
32 1 1
11 1 15
19 1 21
26 1 19
19 1 18
26 2 40
43 2 50
36 2 42
39 1 12
40 1 42
2 2 73
3 2 27
16 1 23
28 1 3
6 2 54
73 1 33
33 2 34
42 1 49
23 1 19
73 1 47
1 2 23
35 1 34
32 1 3
53 1 46
63 1 3
32 1 31
17 2 75
13 1 22
19 1 32
51 1 42
63 1 42
51 1 39
55 1 54
74 1 33
39 1 40
19 1 73
1 1 13
1 2 20
30 1 22
17 1 16
28 1 1
51 1 9
2 2 18
33 2 47
21 2 4
29 2 26
27 1 30
3 1 13
1 2 46
58 1 36
2 2 1
4 2 21
31 1 41
75 1 1
42 1 53
19 1 74
53 1 42
36 2 39
11 1 1
25 1 24
22 1 18
62 1 33
3 5 1
10 2 3
11 1 10
41 1 22
12 2 26
18 2 2
9 2 10
3 2 65
25 2 39
20 2 33
13 1 19
54 2 63
62 2 58
1 1 4
43 1 39
42 1 43
3 1 4
4 2 18
47 2 68
46 1 24
52 6 53
19 1 2
2 2 4
15 1 3
16 1 20
48 1 47
1 1 3
41 2 30
46 2 39
51 1 8
47 2 56
51 1 1
11 1 8
54 1 8
35 2 42
28 2 4
52 1 19
74 1 56
23 1 22
12 1 11
49 1 36
8 2 10
50 6 51
35 1 20
3 2 13
53 1 10
54 1 39
3 2 14
46 2 42
49 2 26
47 1 42
54 1 1
10 1 3
48 1 57
50 1 19
? 1 github_java_program_data/10/17.java

3 2 2
77 1 39
26 2 29
42 1 26
2 2 28
29 1 19
16 1 9
44 2 51
30 2 41
4 2 28
48 2 29
53 1 8
17 1 11
48 1 33
56 1 42
7 2 6
16 1 66
65 1 64
3 2 25
26 1 22
52 6 51
11 2 16
78 2 9
78 1 3
76 1 46
40 1 35
42 1 29
57 1 39
80 2 8
4 2 1
3 1 2
35 1 23
38 1 20
1 2 31
20 1 11
19 1 4
28 2 2
39 1 49
9 2 15
39 1 50
22 1 1
42 1 17
12 2 44
63 1 42
36 1 19
10 2 1
3 2 23
33 1 22
26 2 48
41 1 19
42 1 43
48 1 47
10 1 1
1 1 14
50 1 22
14 1 19
3 1 27
21 2 2
39 1 26
30 1 3
17 2 12
1 2 79
33 2 39
45 2 24
3 2 31
45 1 11
16 1 10
28 1 31
22 1 3
65 2 42
51 2 53
53 1 3
39 1 48
11 1 3
50 6 53
42 1 51
2 2 32
27 1 41
9 2 1
3 1 1
42 1 62
44 1 1
29 2 62
1 2 13
25 2 42
20 1 19
39 1 52
24 1 11
49 1 39
24 1 16
51 1 80
58 1 57
13 1 22
32 2 4
11 1 20
2 2 21
51 1 42
19 1 1
39 1 17
40 2 50
1 2 14
63 1 1
42 1 44
4 2 18
53 1 39
11 1 79
15 2 1
39 1 58
66 1 22
82 2 39
53 2 51
12 1 16
3 2 46
62 1 39
16 1 15
53 1 9
9 2 8
51 1 25
51 1 46
12 2 17
62 2 26
29 2 52
1 2 82
22 1 21
23 1 16
39 1 53
53 1 78
43 1 38
2 2 3
55 1 7
3 1 14
15 2 3
58 1 56
42 1 12
22 1 2
75 1 9
28 1 27
42 1 50
51 1 15
1 7 3
39 1 29
3 4 1
30 1 19
22 1 28
6 2 7
17 1 16
12 2 29
29 1 22
1 2 27
39 2 76
1 4 3
11 1 8
18 2 4
1 5 3
22 1 32
23 1 22
36 2 57
6 1 3
1 2 4
24 2 45
17 2 26
46 1 45
44 1 39
55 1 5
28 2 4
49 1 42
33 2 42
57 2 56
2 2 18
22 1 4
75 1 46
3 2 4
31 1 30
1 1 2
5 1 3
54 1 9
51 1 10
63 1 8
16 1 3
26 2 50
43 2 29
44 1 9
1 2 25
41 1 3
53 1 25
55 1 63
14 1 22
75 2 53
4 2 3
75 1 42
39 1 77
16 1 1
3 2 27
43 1 39
44 1 25
32 1 1
11 1 15
19 1 21
8 2 9
26 1 19
64 1 3
7 1 3
3 2 66
49 2 29
39 1 12
40 1 42
82 1 81
16 1 23
3 2 20
42 1 54
49 1 33
28 1 3
63 1 65
1 1 27
79 1 22
23 1 19
1 2 23
12 2 43
32 1 3
53 1 46
55 1 6
54 1 82
32 1 31
62 1 36
19 1 3
19 1 32
52 1 22
29 2 12
51 1 39
39 1 40
1 1 13
1 2 20
30 1 22
7 2 63
28 1 1
51 1 9
38 2 39
4 2 2
33 2 47
29 2 26
27 1 30
11 1 9
3 1 13
1 1 31
1 2 46
26 2 77
58 1 36
81 1 3
2 2 1
4 2 21
31 1 41
75 1 1
8 2 15
1 2 65
78 2 8
42 1 53
17 2 29
53 1 42
36 2 39
11 1 1
25 1 24
5 2 6
22 1 18
62 1 33
3 5 1
10 2 3
11 1 10
50 1 19
4 2 32
12 2 26
1 2 2
9 2 10
25 2 39
13 1 19
1 1 4
12 2 75
41 1 1
3 1 4
3 7 1
46 1 24
19 1 2
2 2 4
15 1 3
15 1 1
1 1 3
41 2 30
46 2 39
51 1 8
8 2 1
53 1 15
45 1 16
35 2 42
77 1 76
19 1 28
32 1 27
17 2 40
3 1 31
33 1 19
12 1 11
49 1 36
80 1 3
51 2 54
3 2 13
39 1 75
53 1 10
54 1 39
3 2 14
46 2 42
76 1 42
47 1 42
19 1 18
54 1 1
10 1 3
51 1 3
8 2 10
41 1 22
? 1 github_java_program_data/10/23.java

3 2 2
26 2 29
42 1 26
26 2 71
29 1 19
17 2 26
30 2 41
12 2 49
69 2 70
58 1 67
53 1 8
42 1 48
17 1 11
48 1 33
71 1 22
56 1 42
39 1 17
25 2 39
18 2 2
26 1 22
23 2 36
54 1 42
11 2 16
9 2 10
1 2 4
22 2 69
42 1 29
57 1 39
4 2 1
36 1 22
3 1 2
35 1 23
55 1 29
1 2 31
1 1 2
19 1 4
18 2 1
39 1 49
22 1 1
42 1 17
71 1 29
40 1 2
29 2 69
53 1 1
13 1 19
36 2 47
54 1 1
3 2 23
19 2 71
55 1 26
41 1 19
45 1 16
16 1 15
68 1 42
10 1 1
1 1 14
69 1 71
14 1 19
55 1 69
1 2 28
39 1 26
17 2 12
10 2 1
45 2 24
3 2 31
45 1 11
16 1 10
22 1 3
51 2 53
40 2 43
39 1 48
11 1 3
43 1 42
36 2 42
32 1 31
3 1 1
57 2 67
1 2 13
20 1 19
51 1 25
24 1 16
58 1 57
19 1 3
32 2 4
19 2 69
11 1 20
2 2 21
48 2 58
19 1 1
11 1 27
1 2 14
1 2 2
11 1 23
53 1 39
47 1 39
39 1 58
35 1 37
12 1 16
67 1 48
33 1 22
38 1 33
38 2 42
32 2 2
12 2 17
69 1 2
22 1 21
56 1 39
23 1 16
26 2 40
4 2 18
2 2 3
3 1 14
15 2 3
49 1 42
55 1 40
25 1 45
22 1 2
43 2 58
28 1 27
40 1 29
1 7 3
39 1 29
30 1 19
22 1 28
24 1 11
12 2 29
23 1 11
48 1 36
1 2 27
22 2 2
1 4 3
58 1 47
1 5 3
12 2 40
22 1 32
23 1 22
36 2 57
70 1 1
24 2 45
46 1 45
8 2 1
39 1 72
33 2 42
69 1 12
37 1 19
3 2 4
3 4 1
51 1 10
42 1 58
36 2 37
43 2 29
1 2 18
20 1 22
1 2 25
58 1 56
62 1 42
46 2 39
14 1 22
71 1 69
4 2 3
3 2 1
16 1 3
16 1 1
3 2 27
43 1 39
71 1 19
19 1 18
32 1 1
11 1 15
49 1 33
2 2 74
26 1 19
2 2 29
40 1 38
39 1 12
40 1 42
35 2 39
18 2 3
71 2 26
16 1 23
57 2 68
19 1 21
71 1 70
28 1 3
73 1 33
33 2 34
29 2 26
29 2 62
23 1 19
1 2 23
1 2 3
32 1 3
53 1 46
33 2 47
27 1 41
62 1 36
3 7 1
13 1 22
19 1 32
69 1 22
51 1 39
39 1 62
55 1 54
39 1 40
19 1 73
1 1 13
1 2 20
36 1 19
30 1 22
17 1 16
28 1 1
51 1 9
2 2 18
23 2 33
21 2 4
57 1 42
29 1 22
27 1 30
3 1 13
1 2 46
58 1 36
2 2 1
4 2 21
26 2 12
31 1 41
22 1 4
17 2 43
42 1 53
34 1 22
69 1 19
1 2 42
11 1 1
25 1 24
28 2 3
22 1 18
3 5 1
10 2 3
11 1 10
41 1 22
22 1 74
55 1 43
15 1 1
48 1 68
2 2 12
1 1 4
38 1 23
42 1 51
3 1 4
21 2 3
46 1 24
33 2 57
42 1 43
19 1 2
2 2 4
15 1 3
16 1 20
43 1 35
1 1 3
41 2 30
48 1 47
47 2 56
51 1 1
54 1 8
35 2 42
19 1 28
18 2 21
74 1 36
22 2 71
33 1 19
55 1 71
12 1 11
3 2 20
8 2 10
15 2 1
58 1 33
3 2 13
53 1 10
1 2 32
3 2 14
27 2 1
47 1 42
21 2 1
38 1 34
10 1 3
54 2 26
48 1 57
35 1 36
70 2 29
? 1 github_java_program_data/10/24.java

3 2 2
29 1 19
53 1 8
51 2 53
29 1 22
1 5 3
39 1 17
25 2 39
3 2 25
40 1 35
42 1 29
4 2 1
1 2 4
44 1 39
1 2 39
1 2 31
1 1 2
19 1 4
28 2 2
39 1 49
9 2 15
39 1 50
22 1 1
42 1 17
53 1 1
10 2 1
3 2 23
41 1 19
45 1 16
15 1 1
10 1 1
50 1 22
8 2 9
3 1 27
39 1 26
44 2 51
17 2 12
19 1 2
61 1 41
3 2 31
45 1 11
16 1 10
28 1 31
22 1 3
17 1 11
53 1 3
11 1 3
53 1 61
63 1 1
2 2 32
39 1 53
3 1 1
39 1 51
49 2 50
24 1 11
27 1 41
3 2 4
12 2 50
46 2 39
54 2 51
11 1 20
19 1 1
16 1 66
59 1 30
20 1 16
11 1 23
53 1 39
40 2 26
15 2 1
66 1 22
53 2 51
12 1 16
16 1 15
53 1 9
51 1 46
12 2 17
3 2 39
2 2 3
7 2 6
15 2 3
49 1 42
42 1 12
22 1 4
51 1 59
28 1 27
42 1 50
39 1 54
30 1 19
22 1 28
6 2 7
17 1 16
12 2 29
46 2 59
1 2 27
1 4 3
44 1 3
22 1 32
23 1 22
6 1 3
4 2 3
24 2 45
46 1 45
8 2 1
33 2 42
2 2 28
52 1 19
22 1 2
24 1 16
31 1 30
3 4 1
4 2 28
51 1 10
63 1 8
17 2 44
20 1 22
1 2 25
3 5 1
53 1 25
55 1 63
53 1 10
1 7 3
42 1 52
16 1 3
16 1 1
39 1 44
44 1 25
32 1 1
11 1 15
49 1 33
26 1 19
19 1 18
39 1 12
40 1 42
59 2 39
53 1 59
19 1 21
63 1 39
28 1 3
23 1 19
1 2 23
32 1 3
55 1 6
32 1 31
19 1 3
19 1 32
51 1 42
51 1 39
39 1 40
1 1 13
7 1 3
30 1 22
7 2 63
28 1 1
51 1 9
4 2 2
25 2 61
27 1 30
1 2 46
2 2 1
4 2 21
31 1 41
54 1 39
53 1 42
11 1 1
25 1 24
3 1 2
59 1 41
46 2 42
10 2 3
11 1 10
41 1 22
61 2 42
1 2 2
9 2 10
1 2 20
1 1 4
30 1 1
41 1 1
3 1 4
46 1 24
52 6 53
4 2 32
15 1 3
16 1 20
3 2 27
1 1 3
41 2 30
51 1 8
51 1 1
53 1 15
35 2 42
19 1 28
32 1 27
3 1 31
33 1 19
12 1 11
3 2 20
1 2 66
35 1 20
3 2 13
3 2 46
54 1 3
25 2 59
55 1 7
10 1 3
51 1 3
8 2 10
50 6 51
50 1 19
? 1 github_java_program_data/10/27.java

3 2 2
26 2 29
38 1 37
29 1 19
17 2 26
48 2 29
42 1 48
51 2 53
48 1 33
17 2 12
39 1 17
25 2 39
26 1 22
54 1 42
2 2 21
40 1 35
42 1 29
57 1 39
4 2 1
36 1 22
1 2 4
35 1 23
38 1 20
35 1 33
1 1 2
19 1 4
1 2 23
39 1 50
22 1 1
36 1 19
32 1 3
3 2 23
41 1 19
45 1 16
16 1 15
15 1 1
10 1 1
1 1 14
14 1 19
39 1 26
15 1 3
3 2 31
16 1 10
22 1 3
50 6 53
53 1 3
13 1 19
11 1 3
43 1 42
36 2 42
27 1 41
9 2 1
3 1 1
42 1 62
1 2 13
20 1 19
51 1 25
49 1 39
24 1 16
58 1 57
13 1 22
32 2 4
11 1 20
19 1 1
1 2 14
10 1 9
1 2 2
20 1 16
19 1 2
32 2 2
47 1 39
22 1 2
9 2 3
1 2 31
33 1 22
3 2 27
53 1 9
12 2 17
22 1 21
4 2 18
43 1 38
2 2 3
3 1 14
15 2 3
25 1 45
22 1 4
4 2 28
28 1 27
62 2 48
39 1 29
35 1 34
30 1 19
22 1 28
17 1 16
23 1 11
1 2 27
1 4 3
20 2 33
18 2 4
1 5 3
22 1 32
23 1 22
36 2 57
3 1 2
24 2 45
24 1 11
8 2 1
2 2 28
37 1 19
3 2 4
31 1 30
3 4 1
51 1 10
42 1 58
20 1 22
1 2 25
3 5 1
62 1 42
46 2 39
14 1 22
1 7 3
4 2 3
16 1 3
16 1 1
19 1 18
32 1 1
11 1 15
19 1 21
26 1 19
39 1 12
40 1 42
17 2 40
43 2 50
16 1 23
49 1 36
28 1 3
33 2 34
42 1 49
23 1 19
8 2 3
12 2 43
10 2 1
53 1 46
33 2 47
32 1 31
62 1 36
19 1 3
19 1 32
51 1 39
55 1 54
38 2 42
39 1 40
1 1 13
30 1 22
28 1 1
51 1 9
2 2 18
23 2 33
21 2 4
49 2 48
29 1 22
27 1 30
58 1 36
2 2 1
26 2 12
31 1 41
42 1 53
34 1 22
1 2 42
36 2 39
11 1 1
25 1 24
10 2 3
11 1 10
41 1 22
18 2 2
9 2 10
1 2 20
1 1 4
33 2 37
42 1 51
3 1 4
3 7 1
46 1 24
48 2 58
4 2 32
2 2 4
53 1 39
38 1 33
1 1 3
48 1 47
51 1 1
54 1 8
35 2 42
19 1 28
15 1 8
33 1 19
12 1 11
3 2 20
15 2 1
3 2 13
53 1 10
39 1 43
3 2 46
3 2 14
47 1 42
54 1 1
10 1 3
50 1 19
? 1 github_java_program_data/10/30.java

3 2 2
26 2 29
42 1 26
42 1 29
17 2 26
4 2 32
58 1 67
53 1 8
17 1 11
48 1 33
40 1 39
56 1 42
39 1 17
29 2 17
26 2 17
26 1 22
23 2 36
11 2 16
36 2 34
4 2 3
40 1 35
29 1 19
57 1 39
4 2 1
36 1 22
3 1 2
35 1 23
1 2 39
1 2 31
1 1 2
19 1 4
28 2 2
39 1 49
39 1 50
22 1 1
42 1 17
12 2 44
67 2 56
53 1 1
36 1 19
36 2 47
10 2 1
3 2 23
7 2 6
41 1 19
68 1 42
10 1 1
1 1 14
48 1 56
50 1 22
14 1 19
39 1 26
44 2 51
17 2 12
45 2 24
3 2 31
45 1 11
54 1 1
16 1 10
22 1 3
51 2 53
39 1 53
39 1 48
11 1 3
50 6 53
2 2 32
32 1 31
47 1 22
3 1 1
44 1 1
1 2 13
73 2 2
20 1 19
24 1 11
24 1 16
58 1 57
13 1 22
32 2 4
11 1 20
2 2 21
19 1 1
1 2 14
1 2 2
11 1 23
53 1 39
47 1 39
39 1 58
53 2 51
12 1 16
3 2 46
67 1 48
33 1 22
16 1 15
51 1 3
9 2 8
51 1 46
12 2 17
62 2 50
22 1 21
56 1 39
26 2 40
4 2 18
2 2 3
3 1 14
15 2 3
49 1 42
42 1 12
25 1 45
22 1 2
51 1 59
28 1 27
51 1 8
39 1 29
73 1 68
30 1 19
22 1 28
6 2 7
17 1 16
23 1 11
1 2 27
1 4 3
39 1 44
58 1 47
18 2 4
1 5 3
62 1 42
22 1 32
23 1 22
36 2 57
6 1 3
1 2 4
24 2 45
49 2 58
46 1 45
44 1 39
8 2 1
33 2 42
2 2 28
2 2 18
22 1 4
73 1 36
3 2 4
31 1 30
3 4 1
51 1 10
42 1 58
3 5 1
20 1 22
1 2 25
58 1 56
53 1 25
1 7 3
42 1 40
16 1 3
16 1 1
3 2 27
39 1 51
44 1 25
32 1 1
11 1 15
19 1 21
26 1 19
19 1 18
39 1 12
17 2 48
35 2 39
47 2 67
16 1 23
57 2 68
49 1 33
22 1 73
28 1 3
6 2 54
23 1 19
73 1 47
1 2 23
35 1 34
32 1 3
55 1 6
27 1 41
8 2 15
3 7 1
19 1 3
19 1 32
51 1 42
29 2 12
39 1 62
55 1 54
46 2 59
1 1 13
1 2 20
7 1 3
30 1 22
28 1 1
51 1 9
4 2 2
33 2 47
17 2 49
57 1 42
29 1 22
27 1 30
11 1 9
3 1 13
59 2 42
58 1 36
2 2 1
4 2 21
31 1 41
34 1 22
2 2 73
11 1 1
25 1 24
22 1 18
62 1 33
59 1 41
46 2 42
10 2 3
55 1 7
35 1 36
12 2 26
12 2 62
9 2 10
25 2 39
13 1 19
8 2 10
1 1 4
3 1 4
47 2 68
46 1 24
33 2 57
19 1 2
2 2 4
15 1 3
16 1 20
15 1 1
1 1 3
41 2 30
48 1 47
47 2 56
53 1 15
54 1 8
28 2 4
19 1 28
68 1 19
33 1 19
12 1 11
3 2 20
58 1 68
15 2 1
3 2 13
54 1 39
3 2 14
44 1 8
11 1 10
10 1 3
48 1 57
41 1 22
? 1 github_java_program_data/10/37.java

3 2 2
26 2 29
38 1 37
29 1 19
73 1 56
4 2 32
53 1 8
17 1 11
9 2 1
40 1 39
1 5 3
39 1 17
65 1 64
3 2 25
26 1 22
52 6 51
11 2 16
78 2 9
78 1 3
1 2 4
40 1 35
42 1 29
80 2 8
4 2 1
36 1 22
3 1 2
44 1 39
38 1 20
56 1 22
1 1 2
19 1 4
1 2 23
39 1 50
22 1 1
12 2 44
64 1 1
53 1 1
1 2 20
36 2 47
10 2 1
3 2 23
41 1 19
45 1 16
15 1 1
40 2 29
5 1 1
1 1 14
15 1 9
14 1 19
78 1 1
39 1 26
17 2 12
38 2 39
45 2 24
3 2 31
45 1 11
16 1 10
22 1 3
51 2 53
39 1 53
50 6 53
73 1 36
43 1 42
27 1 41
3 1 1
4 2 19
1 2 13
25 2 42
20 1 19
39 1 51
51 1 25
3 2 4
46 2 39
19 1 3
11 1 20
2 2 21
51 1 42
19 1 1
40 2 50
10 1 9
1 2 2
20 1 16
11 1 23
53 1 39
15 2 1
54 1 3
22 1 2
9 2 3
13 2 14
33 1 22
16 1 15
51 1 3
40 1 38
65 1 81
22 1 21
1 2 31
38 1 36
2 2 3
3 1 14
15 2 3
44 1 3
22 1 4
28 1 27
51 1 15
20 1 4
39 1 29
35 1 34
30 1 19
22 1 28
64 2 81
29 1 22
10 1 8
1 2 27
1 4 3
80 1 1
3 7 1
12 2 40
22 1 32
23 1 22
42 1 40
46 1 45
55 1 5
8 2 1
20 2 36
2 2 18
35 1 33
37 1 19
75 1 46
24 1 16
31 1 30
20 1 11
51 1 10
53 2 51
36 2 37
20 1 22
1 2 25
3 5 1
53 1 10
1 7 3
4 2 3
75 1 42
42 1 52
47 1 19
16 1 3
16 1 1
3 2 27
39 1 44
44 1 25
32 1 1
11 1 15
19 1 21
3 4 1
19 1 18
39 1 12
40 1 42
34 1 19
75 2 51
16 1 23
28 1 3
29 2 26
33 2 34
23 1 19
73 1 47
8 2 3
9 2 15
32 1 3
53 1 46
16 2 11
22 2 4
32 1 31
13 1 22
19 1 32
52 1 22
51 1 39
55 1 54
39 1 40
19 1 73
1 1 13
30 1 22
28 1 1
51 1 9
4 2 2
29 2 43
27 1 30
11 1 9
3 1 13
1 2 46
81 1 3
2 2 1
42 1 26
31 1 41
75 1 1
34 1 22
5 2 54
11 1 1
25 1 24
22 1 18
14 1 22
46 2 42
10 2 3
11 1 10
41 1 22
9 2 10
25 2 39
20 2 33
13 1 19
54 1 65
1 1 4
3 1 4
65 2 39
46 1 24
19 1 2
15 1 3
43 1 35
44 2 75
1 1 3
41 2 30
47 2 56
51 1 1
54 1 8
35 2 42
19 1 28
15 1 8
33 1 19
12 1 11
75 1 8
12 1 16
35 1 20
53 1 80
3 2 13
39 1 75
39 1 43
54 1 39
44 1 8
3 2 65
10 1 3
51 1 78
8 2 10
50 1 19
? 1 github_java_program_data/10/41.java

3 2 2
26 2 29
42 1 26
29 1 19
4 2 32
1 1 27
53 1 8
42 1 48
17 1 11
48 1 33
56 1 42
39 1 17
42 1 44
18 2 2
3 2 25
26 1 22
54 1 42
4 2 3
40 1 35
42 1 29
57 1 39
9 2 3
4 2 1
3 1 2
35 1 23
35 1 33
1 1 2
51 2 54
19 1 4
28 2 2
9 2 15
39 1 50
22 1 1
42 1 17
12 2 44
63 1 3
53 1 1
44 2 53
36 1 19
3 2 20
3 2 23
62 1 39
41 1 19
48 1 47
10 1 1
1 1 14
48 1 56
50 1 22
14 1 19
39 1 26
30 1 3
17 2 12
8 2 3
10 2 1
3 2 31
45 1 11
12 1 11
16 1 10
28 1 31
22 1 3
51 2 53
53 1 3
11 1 3
17 2 40
36 2 42
39 1 53
9 2 1
3 1 1
42 1 62
6 1 1
1 2 13
25 2 42
20 1 19
51 1 25
24 1 16
58 1 57
19 1 3
3 2 42
11 1 20
2 2 21
2 2 32
52 1 22
19 1 1
1 2 14
10 1 9
59 1 30
5 1 1
11 1 23
53 1 39
48 2 26
47 1 39
54 1 3
53 2 51
12 1 16
5 2 6
33 1 22
16 1 15
53 1 9
9 2 8
51 1 46
12 2 17
7 1 1
22 1 21
1 2 31
3 2 39
4 2 18
2 2 3
3 1 14
15 2 3
44 1 3
42 1 12
25 1 45
22 1 4
51 1 59
51 1 15
16 1 8
39 1 54
39 1 29
29 2 50
35 1 34
30 1 19
22 1 28
6 2 7
17 1 16
12 2 29
29 1 22
1 2 27
1 4 3
11 1 8
1 5 3
22 1 32
23 1 22
36 2 57
1 2 4
24 2 45
12 2 51
55 1 5
26 2 17
49 1 42
59 2 42
2 2 28
26 2 58
2 2 18
22 1 2
3 2 4
31 1 30
3 4 1
54 1 9
51 1 10
63 1 8
42 1 58
3 5 1
20 1 22
7 2 6
41 1 3
55 1 63
51 1 61
1 7 3
42 1 52
16 1 3
16 1 1
3 2 27
39 1 51
19 1 18
32 1 1
11 1 15
19 1 21
8 2 9
26 1 19
62 2 52
44 1 25
39 1 12
40 1 42
16 1 23
49 1 36
46 2 61
63 1 39
28 1 3
44 1 42
33 2 34
42 1 49
60 1 39
23 1 19
1 2 23
32 1 3
53 1 46
55 1 6
22 1 60
4 2 28
27 1 41
8 2 15
13 1 22
19 1 32
51 1 42
51 1 39
60 1 25
46 2 59
39 1 40
1 1 13
1 2 20
30 1 22
7 2 63
28 1 1
51 1 9
4 2 2
33 2 47
23 2 33
61 2 39
21 2 4
29 2 26
49 2 48
23 1 11
27 1 30
11 1 9
3 1 13
1 1 31
1 2 46
58 1 36
2 2 1
4 2 21
31 1 41
61 1 30
42 1 53
34 1 22
53 1 42
25 2 61
11 1 1
25 1 24
22 1 18
14 1 22
59 1 41
10 2 3
11 1 10
41 1 22
1 2 2
9 2 10
25 2 39
13 1 19
1 1 4
33 2 39
42 1 51
3 1 4
3 7 1
52 6 53
19 1 2
2 2 4
15 1 3
16 1 20
15 1 1
1 1 3
41 2 30
46 2 39
51 1 8
47 2 56
51 1 1
53 1 15
54 1 8
35 2 42
28 2 4
19 1 28
32 1 27
33 1 19
62 1 33
53 1 59
8 2 10
15 2 1
50 6 51
3 2 13
53 1 10
3 2 46
3 2 14
46 2 42
25 2 59
55 1 7
10 1 3
51 1 3
39 1 19
50 1 19
? 1 github_java_program_data/10/44.java

3 2 2
26 2 29
38 1 37
42 1 29
17 2 26
4 2 32
17 1 11
48 1 33
40 1 39
56 1 42
42 1 26
65 1 64
18 2 2
3 2 25
26 1 22
23 2 36
11 2 16
2 2 21
40 1 35
20 1 4
57 1 39
53 2 51
4 2 1
36 1 22
3 1 2
35 1 23
38 1 20
35 1 33
1 1 2
14 1 22
28 2 2
39 1 49
9 2 15
39 1 50
22 1 1
42 1 17
12 2 44
36 1 19
36 2 47
32 1 3
3 2 23
41 1 19
16 1 15
15 1 1
10 1 1
1 1 14
48 1 56
50 1 22
14 1 19
21 2 2
39 1 26
44 2 51
17 2 12
38 2 39
3 2 31
45 1 11
16 1 10
8 2 9
22 1 3
51 2 53
39 1 53
39 1 48
11 1 3
50 6 53
43 1 42
2 2 32
27 1 41
3 1 1
1 2 13
20 1 2
20 1 19
37 1 22
24 1 16
58 1 57
13 1 22
32 2 4
2 2 22
11 1 20
19 1 1
39 1 17
40 2 43
1 2 14
25 2 39
4 2 18
53 1 39
48 2 26
47 1 39
39 1 58
36 2 37
9 2 3
12 1 16
3 2 46
62 1 39
38 1 33
53 1 9
51 1 46
12 2 17
40 1 38
1 2 31
22 1 21
44 1 9
26 2 40
38 1 36
43 1 38
2 2 3
3 1 14
15 2 3
44 1 3
42 1 12
37 1 19
53 1 3
28 1 27
62 2 48
51 1 15
51 1 8
39 1 29
35 1 34
30 1 19
22 1 28
17 1 16
29 1 22
48 1 36
1 2 27
22 2 2
1 4 3
39 1 44
49 1 42
18 2 4
1 5 3
22 1 32
23 1 22
36 2 57
1 2 4
23 1 4
46 1 45
44 1 39
2 2 28
2 2 18
22 1 2
3 2 4
31 1 30
3 4 1
4 2 28
51 1 10
4 2 22
20 1 22
3 5 1
53 1 25
46 2 39
19 1 4
1 7 3
4 2 3
16 1 3
16 1 1
3 2 27
39 1 51
44 1 25
32 1 1
11 1 15
19 1 21
26 1 19
64 1 3
19 1 18
36 2 42
39 1 12
40 1 42
35 2 39
43 2 50
16 1 23
3 2 20
28 1 3
33 2 34
23 1 19
1 2 23
10 2 1
33 2 39
16 2 11
33 2 47
32 1 31
19 2 4
29 1 19
19 1 3
19 1 32
51 1 42
51 1 39
39 1 62
55 1 54
38 2 42
39 1 40
1 1 13
30 1 22
29 2 48
28 1 1
51 1 9
4 2 2
23 2 33
21 2 4
29 2 43
23 1 11
27 1 30
3 1 13
58 2 29
58 1 36
2 2 1
4 2 21
31 1 41
1 2 65
22 1 4
34 1 22
11 1 1
25 1 24
22 1 18
62 1 33
10 2 3
11 1 10
41 1 22
12 2 26
1 2 2
9 2 10
20 2 33
13 1 19
54 1 65
1 1 4
38 1 23
33 2 37
17 2 40
3 1 4
65 2 39
3 7 1
19 1 2
2 2 4
32 2 2
43 1 35
1 1 3
48 1 47
47 2 56
11 1 8
35 2 42
28 2 4
19 1 28
33 1 19
12 1 11
49 1 36
15 2 1
35 1 20
3 2 13
53 1 10
39 1 43
54 1 39
3 2 14
46 2 42
49 2 26
47 1 42
54 1 1
51 1 3
8 2 10
? 1 github_java_program_data/10/45.java

3 2 2
26 2 29
42 1 26
29 1 19
30 2 41
4 2 32
53 1 8
42 1 48
17 1 11
48 1 33
19 2 2
40 1 39
56 1 42
39 1 17
65 1 64
26 1 22
23 2 36
11 2 16
36 2 34
1 2 4
40 1 35
42 1 29
57 1 39
53 2 51
4 2 1
36 1 22
3 1 2
35 1 23
38 1 20
35 1 33
1 1 2
68 1 39
19 1 4
20 2 36
39 1 50
22 1 1
42 1 17
12 2 44
64 1 1
53 1 1
36 1 19
36 2 47
10 2 1
3 2 23
41 1 19
45 1 16
68 1 42
10 1 1
38 1 37
1 1 14
48 1 56
50 1 22
14 1 19
21 2 2
39 1 26
44 2 51
17 2 12
65 2 39
3 2 31
45 1 11
16 1 10
22 1 3
51 2 53
75 1 25
13 1 19
11 1 3
43 1 42
2 2 32
53 1 3
9 2 1
3 1 1
44 1 1
1 2 13
20 1 2
20 1 19
39 1 51
39 1 52
51 1 25
27 1 41
24 1 16
58 1 57
19 1 3
11 1 20
2 2 21
52 1 22
19 1 1
1 2 14
1 2 2
11 1 23
15 1 3
47 1 39
39 1 58
9 2 3
53 1 9
12 1 16
3 2 46
33 1 22
16 1 15
51 1 3
9 2 8
51 1 46
12 2 17
1 2 31
17 2 75
22 1 21
56 1 39
23 1 16
39 1 53
38 1 36
55 1 6
43 1 38
2 2 3
3 1 14
15 2 3
58 1 47
42 1 12
25 1 45
22 1 2
4 2 28
28 1 27
42 1 50
55 1 63
51 1 8
1 7 3
39 1 29
29 2 50
35 1 34
30 1 19
22 1 28
24 1 11
12 2 29
29 1 22
20 1 22
1 2 27
22 2 2
1 4 3
11 1 8
18 2 4
2 2 19
12 2 40
22 1 32
33 1 19
36 2 57
6 1 3
75 1 42
24 2 45
8 2 10
46 1 45
44 1 39
8 2 1
1 2 39
2 2 28
19 1 28
22 1 4
3 2 4
31 1 30
3 4 1
57 2 56
51 1 10
42 1 58
36 2 37
44 1 9
1 2 25
58 1 56
75 1 9
63 1 9
14 1 22
75 2 53
4 2 3
42 1 40
42 1 52
16 1 3
16 1 1
3 2 27
39 1 44
44 1 25
32 1 1
11 1 15
19 1 21
26 1 19
19 1 18
26 2 40
39 1 12
40 1 42
35 2 39
43 2 50
16 1 23
57 2 68
63 1 39
28 1 3
6 2 54
63 1 65
33 2 34
29 2 26
23 1 19
1 2 23
32 1 3
53 1 46
63 1 3
32 1 31
8 2 15
3 7 1
13 1 22
19 1 32
51 1 42
51 1 39
55 1 54
38 2 42
39 1 40
1 1 13
1 2 20
30 1 22
17 1 16
28 1 1
51 1 9
2 2 18
33 2 47
21 2 4
57 1 42
27 1 30
3 1 13
1 2 46
48 1 36
58 1 36
2 2 1
4 2 21
31 1 41
75 1 1
17 2 43
34 1 22
53 1 42
11 1 1
25 1 24
22 1 18
3 5 1
10 2 3
54 1 1
35 1 36
12 2 26
18 2 2
9 2 10
3 2 65
25 2 39
20 2 33
48 1 68
54 2 63
1 1 4
25 2 42
3 1 4
4 2 18
47 2 68
46 1 24
33 2 57
52 6 53
19 1 2
2 2 4
47 2 56
16 1 20
15 1 1
1 1 3
41 2 30
48 1 47
29 2 58
51 1 1
53 1 15
54 1 8
35 2 42
52 1 19
23 1 22
1 5 3
12 1 11
58 1 68
15 2 1
58 1 33
50 6 51
35 1 20
3 2 13
39 1 75
53 1 10
39 1 43
54 1 39
3 2 14
46 2 42
40 2 29
11 1 10
10 1 3
48 1 57
41 1 22
? 1 github_java_program_data/10/48.java

3 2 2
26 2 29
42 1 26
2 2 28
42 1 29
17 2 26
12 2 49
53 1 8
42 1 48
17 1 11
48 1 33
1 5 3
39 1 17
25 2 39
54 1 42
1 2 4
29 1 19
4 2 1
36 1 22
3 1 2
12 1 16
1 1 2
68 1 39
19 1 4
39 1 49
39 1 50
22 1 1
53 1 1
36 1 19
36 2 47
32 1 3
3 2 23
41 1 19
45 1 16
48 1 47
10 1 1
1 1 14
48 1 56
50 1 22
39 1 26
17 2 12
19 1 2
3 2 31
16 1 10
22 1 3
51 2 53
13 1 19
11 1 3
50 6 53
2 2 32
32 1 31
3 1 1
1 2 13
39 1 52
51 1 25
24 1 16
49 2 52
58 1 57
13 1 22
32 2 4
58 2 48
11 1 20
19 1 1
1 2 14
1 2 2
11 1 23
53 1 39
47 1 39
17 2 62
1 2 31
33 1 22
16 1 15
52 6 51
12 2 17
62 2 50
22 1 21
56 1 39
4 2 18
2 2 3
3 1 14
15 2 3
58 1 47
25 1 45
22 1 4
4 2 28
28 1 27
39 1 29
15 1 1
22 1 28
17 1 16
29 1 22
48 1 36
1 2 27
1 4 3
49 1 42
3 7 1
22 1 32
33 1 19
4 2 3
24 2 45
8 2 10
24 1 11
55 1 5
8 2 1
33 2 42
57 2 56
52 1 19
22 1 2
3 2 4
31 1 30
3 4 1
5 1 3
51 1 10
42 1 58
20 1 22
1 2 25
58 1 56
62 1 42
46 2 39
14 1 22
1 7 3
16 1 3
68 1 42
16 1 1
19 1 18
32 1 1
11 1 15
49 1 33
26 1 19
39 1 12
26 2 12
16 1 23
28 1 3
29 2 26
23 1 19
1 2 23
10 2 1
53 1 46
27 1 41
30 1 19
19 1 3
19 1 32
51 1 39
39 1 62
55 1 54
1 1 13
1 2 20
30 1 22
28 1 1
51 1 9
2 2 18
57 1 42
27 1 30
3 1 13
1 2 46
58 1 36
2 2 1
4 2 21
31 1 41
42 1 53
1 2 42
5 2 54
11 1 1
25 1 24
22 1 18
62 1 33
3 5 1
10 2 3
11 1 10
41 1 22
9 2 10
48 1 68
1 1 4
42 1 51
3 1 4
47 2 68
46 1 24
33 2 57
4 2 32
15 1 3
16 1 20
3 2 27
1 1 3
51 1 1
54 1 8
28 2 4
19 1 28
12 1 11
3 2 20
58 1 68
15 2 1
58 1 33
53 1 10
3 2 14
47 1 42
54 1 1
10 1 3
48 1 57
? 1 github_java_program_data/10/50.java

3 2 2
26 2 29
42 1 26
26 2 71
29 1 19
17 2 26
30 2 41
12 2 49
69 2 70
58 1 67
53 1 8
42 1 48
17 1 11
48 1 33
71 1 22
56 1 42
39 1 17
25 2 39
18 2 2
26 1 22
23 2 36
54 1 42
11 2 16
9 2 10
1 2 4
22 2 69
42 1 29
57 1 39
4 2 1
36 1 22
3 1 2
35 1 23
55 1 29
1 2 31
1 1 2
19 1 4
18 2 1
39 1 49
22 1 1
42 1 17
71 1 29
40 1 2
29 2 69
53 1 1
13 1 19
36 2 47
54 1 1
3 2 23
19 2 71
55 1 26
41 1 19
45 1 16
16 1 15
68 1 42
10 1 1
1 1 14
69 1 71
14 1 19
55 1 69
1 2 28
39 1 26
17 2 12
10 2 1
45 2 24
3 2 31
45 1 11
16 1 10
22 1 3
51 2 53
40 2 43
39 1 48
11 1 3
43 1 42
36 2 42
32 1 31
3 1 1
57 2 67
1 2 13
20 1 19
51 1 25
24 1 16
58 1 57
19 1 3
32 2 4
19 2 69
11 1 20
2 2 21
48 2 58
19 1 1
11 1 27
1 2 14
1 2 2
11 1 23
53 1 39
47 1 39
39 1 58
35 1 37
12 1 16
67 1 48
33 1 22
38 1 33
38 2 42
32 2 2
12 2 17
69 1 2
22 1 21
56 1 39
23 1 16
26 2 40
4 2 18
2 2 3
3 1 14
15 2 3
49 1 42
55 1 40
25 1 45
22 1 2
43 2 58
28 1 27
40 1 29
1 7 3
39 1 29
30 1 19
22 1 28
24 1 11
12 2 29
23 1 11
48 1 36
1 2 27
22 2 2
1 4 3
58 1 47
1 5 3
12 2 40
22 1 32
23 1 22
36 2 57
70 1 1
24 2 45
46 1 45
8 2 1
39 1 72
33 2 42
69 1 12
37 1 19
3 2 4
3 4 1
51 1 10
42 1 58
36 2 37
43 2 29
1 2 18
20 1 22
1 2 25
58 1 56
62 1 42
46 2 39
14 1 22
71 1 69
4 2 3
3 2 1
16 1 3
16 1 1
3 2 27
43 1 39
71 1 19
19 1 18
32 1 1
11 1 15
49 1 33
2 2 74
26 1 19
2 2 29
40 1 38
39 1 12
40 1 42
35 2 39
18 2 3
71 2 26
16 1 23
57 2 68
19 1 21
71 1 70
28 1 3
73 1 33
33 2 34
29 2 26
29 2 62
23 1 19
1 2 23
1 2 3
32 1 3
53 1 46
33 2 47
27 1 41
62 1 36
3 7 1
13 1 22
19 1 32
69 1 22
51 1 39
39 1 62
55 1 54
39 1 40
19 1 73
1 1 13
1 2 20
36 1 19
30 1 22
17 1 16
28 1 1
51 1 9
2 2 18
23 2 33
21 2 4
57 1 42
29 1 22
27 1 30
3 1 13
1 2 46
58 1 36
2 2 1
4 2 21
26 2 12
31 1 41
22 1 4
17 2 43
42 1 53
34 1 22
69 1 19
1 2 42
11 1 1
25 1 24
28 2 3
22 1 18
3 5 1
10 2 3
11 1 10
41 1 22
22 1 74
55 1 43
15 1 1
48 1 68
2 2 12
1 1 4
38 1 23
42 1 51
3 1 4
21 2 3
46 1 24
33 2 57
42 1 43
19 1 2
2 2 4
15 1 3
16 1 20
43 1 35
1 1 3
41 2 30
48 1 47
47 2 56
51 1 1
54 1 8
35 2 42
19 1 28
18 2 21
74 1 36
22 2 71
33 1 19
55 1 71
12 1 11
3 2 20
8 2 10
15 2 1
58 1 33
3 2 13
53 1 10
1 2 32
3 2 14
27 2 1
47 1 42
21 2 1
38 1 34
10 1 3
54 2 26
48 1 57
35 1 36
70 2 29
? 1 github_java_program_data/10/54.java

3 2 2
26 2 29
42 1 26
2 2 28
29 1 19
5 2 54
12 2 49
53 1 8
42 1 48
17 1 11
48 1 33
40 1 39
29 2 17
3 2 25
26 1 22
11 2 16
1 2 4
40 1 35
42 1 29
4 2 1
36 1 22
4 2 3
1 2 39
35 1 33
1 1 2
19 1 4
9 2 15
22 1 1
42 1 17
53 1 1
36 1 19
36 2 47
10 2 1
3 2 23
58 1 47
41 1 19
68 1 42
10 1 1
1 1 14
48 1 56
14 1 19
39 1 26
1 5 3
19 1 2
45 2 24
3 2 31
45 1 11
16 1 10
22 1 3
51 2 53
39 1 53
11 1 3
50 6 53
2 2 32
3 5 1
3 1 1
1 2 13
20 1 19
49 2 50
51 1 25
49 1 39
24 1 16
13 1 22
32 2 4
11 1 20
19 1 1
1 2 14
1 2 2
20 1 16
11 1 23
15 1 3
47 1 39
39 1 58
12 1 16
33 1 22
16 1 15
51 1 3
22 1 21
1 2 31
4 2 18
2 2 3
3 1 14
15 2 3
2 2 21
42 1 12
22 1 2
4 2 28
28 1 27
42 1 50
51 1 15
12 2 51
39 1 29
35 1 34
30 1 19
22 1 28
20 1 22
29 1 22
48 1 36
1 2 27
1 4 3
20 2 33
3 7 1
22 1 32
23 1 22
36 2 57
3 1 2
46 1 45
55 1 5
8 2 1
57 2 56
22 1 4
3 2 4
25 2 42
3 4 1
5 1 3
56 1 39
8 2 15
14 1 22
1 7 3
42 1 40
16 1 3
16 1 1
3 2 27
39 1 51
19 1 18
32 1 1
11 1 15
19 1 21
26 1 19
39 1 12
26 2 12
35 2 39
16 1 23
49 1 36
28 1 3
33 2 34
42 1 49
23 1 19
1 2 23
32 1 3
53 1 46
33 2 47
32 1 31
19 1 3
19 1 32
51 1 42
55 1 54
1 1 13
30 1 22
28 1 1
51 1 9
2 2 18
57 1 42
27 1 30
3 1 13
1 2 46
58 1 36
2 2 1
4 2 21
29 2 26
53 1 42
36 2 39
11 1 1
25 1 24
22 1 18
10 2 3
11 1 10
50 1 19
13 1 19
31 1 41
1 1 4
17 2 40
3 1 4
47 2 68
46 1 24
33 2 57
4 2 32
2 2 4
32 2 2
16 1 20
15 1 1
1 1 3
53 1 15
54 1 8
28 2 4
19 1 28
33 1 19
12 1 11
3 2 20
58 1 68
15 2 1
58 1 33
35 1 20
3 2 13
54 1 39
3 2 14
46 2 42
54 1 1
10 1 3
48 1 57
41 1 22
? 1 github_java_program_data/10/56.java

3 2 2
26 2 29
42 1 26
42 1 29
30 2 41
4 2 32
53 1 8
42 1 48
17 1 11
48 1 33
56 1 42
55 1 5
25 2 39
26 2 17
3 2 25
26 1 22
11 2 16
2 2 21
29 1 19
57 1 39
4 2 1
36 1 22
3 1 2
1 2 39
12 1 16
1 1 2
68 1 39
19 1 4
39 1 49
39 1 50
22 1 1
53 1 1
36 1 19
36 2 47
32 1 3
3 2 23
62 1 39
41 1 19
45 1 16
15 1 1
10 1 1
1 1 14
48 1 56
14 1 19
3 1 27
21 2 2
39 1 26
30 1 3
17 2 12
33 2 39
45 2 24
3 2 31
16 1 10
28 1 31
22 1 3
51 2 53
39 1 53
39 1 48
11 1 3
36 2 42
27 1 41
5 2 6
3 1 1
42 1 62
1 2 13
25 2 42
20 1 19
39 1 84
39 1 52
51 1 25
3 2 4
49 2 52
3 2 14
58 1 57
13 1 22
32 2 4
58 2 48
11 1 20
52 1 22
19 1 1
39 1 17
83 1 22
1 2 14
1 2 2
11 1 23
53 1 39
57 2 56
47 1 39
39 1 58
53 2 51
1 2 31
3 2 46
33 1 22
16 1 15
53 1 9
9 2 8
22 1 21
4 2 18
2 2 3
3 1 14
15 2 3
58 1 47
42 1 12
25 1 45
22 1 2
53 1 3
28 1 27
42 1 50
51 1 8
39 1 29
30 1 19
22 1 28
24 1 11
12 2 29
29 1 22
48 1 36
1 2 27
1 4 3
49 1 42
1 5 3
22 1 32
33 1 19
36 2 57
6 1 3
1 2 4
24 2 45
8 2 10
46 1 45
84 1 19
8 2 1
2 2 28
22 1 4
31 1 30
3 4 1
5 1 3
4 2 28
51 1 10
42 1 58
20 1 22
1 2 25
41 1 3
17 2 49
14 1 22
1 7 3
4 2 3
16 1 3
16 1 1
39 1 51
19 1 18
32 1 1
11 1 15
19 1 21
26 1 19
39 1 12
47 2 67
16 1 23
3 2 20
28 1 3
6 2 54
29 2 26
1 1 27
29 2 62
23 1 19
1 2 23
10 2 1
53 1 46
16 2 11
55 1 6
32 1 31
8 2 15
3 7 1
48 1 67
19 1 3
19 1 32
51 1 42
51 1 39
55 1 54
1 1 13
1 2 20
30 1 22
17 1 16
28 1 1
51 1 9
2 2 18
33 2 47
21 2 4
27 1 30
3 1 13
1 1 31
1 2 46
42 1 83
58 1 36
2 2 1
4 2 21
31 1 41
53 1 42
11 1 1
41 2 30
22 1 18
62 1 33
3 5 1
10 2 3
11 1 10
41 1 22
12 2 26
18 2 2
12 2 58
13 1 19
1 1 4
30 1 1
3 1 4
47 2 68
46 1 24
33 2 57
52 6 53
19 1 2
15 1 3
16 1 20
3 2 27
1 1 3
25 1 24
46 2 39
48 1 47
51 1 1
53 1 15
54 1 8
19 1 28
48 2 12
32 1 27
23 1 22
12 1 11
49 1 36
58 1 68
15 2 1
58 1 33
50 6 51
3 2 13
54 1 39
51 1 3
46 2 42
47 1 42
54 1 1
10 1 3
67 1 58
48 1 57
48 2 17
50 1 19
? 1 github_java_program_data/10/59.java

3 2 2
48 2 29
42 1 26
42 1 29
17 2 26
33 2 39
26 2 29
53 1 8
42 1 48
17 1 11
48 1 33
55 1 51
56 1 42
39 1 17
25 2 39
3 2 25
26 1 22
52 6 51
11 2 16
2 2 21
29 1 19
4 2 1
36 1 22
3 1 2
1 2 31
1 1 2
68 1 39
19 1 4
39 1 49
39 1 50
22 1 1
36 1 19
36 2 47
32 1 3
62 1 39
26 2 49
41 1 19
45 1 16
15 1 1
10 1 1
1 1 14
48 1 56
14 1 19
67 1 58
39 1 26
1 5 3
3 2 31
45 1 11
16 1 10
8 2 9
22 1 3
51 2 53
53 1 3
39 1 48
11 1 3
55 1 53
32 1 31
3 1 1
42 1 62
12 1 11
1 2 13
20 1 19
39 1 52
30 1 19
51 1 25
3 2 4
49 2 52
19 1 3
32 2 4
11 1 20
19 1 1
1 2 14
1 2 2
19 1 2
15 1 3
47 1 39
39 1 58
12 1 16
33 1 22
16 1 15
53 1 9
32 2 2
12 2 17
22 1 21
4 2 18
2 2 3
48 1 68
15 2 3
49 1 42
42 1 12
25 1 45
22 1 4
4 2 28
28 1 27
51 1 8
39 1 29
26 2 62
3 1 14
22 1 28
24 1 11
12 2 29
29 1 22
48 1 36
1 2 27
23 1 22
58 1 47
3 7 1
22 1 32
57 2 68
36 2 57
1 2 4
24 2 45
46 1 45
33 2 42
2 2 28
22 1 2
24 1 16
31 1 30
3 4 1
51 1 10
13 1 22
20 1 22
58 1 56
53 1 10
1 7 3
4 2 3
16 1 3
16 1 1
19 1 18
32 1 1
11 1 15
49 1 33
4 2 21
26 1 19
39 1 12
16 1 23
19 1 21
28 1 3
29 2 26
23 1 19
1 2 23
67 2 56
10 2 1
53 1 46
16 2 11
33 2 47
27 1 41
48 1 67
30 2 41
19 1 32
52 1 22
51 1 39
1 1 13
30 1 22
28 1 1
51 1 9
4 2 2
57 1 42
3 1 13
58 1 36
2 2 1
26 2 58
31 1 41
53 1 42
11 1 1
25 1 24
22 1 18
14 1 22
3 5 1
1 4 3
10 2 3
11 1 10
41 1 22
9 2 10
13 1 19
1 1 4
3 1 4
46 1 24
4 2 32
2 2 4
47 2 56
3 2 27
1 1 3
48 1 47
19 1 28
33 1 19
62 1 33
3 2 20
15 2 1
58 1 33
57 2 67
3 2 13
3 2 46
46 2 42
10 1 3
51 1 3
48 1 57
50 1 19
? 1 github_java_program_data/10/61.java

3 2 2
26 2 29
42 1 26
29 1 19
4 2 32
1 1 27
53 1 8
42 1 48
17 1 11
48 1 33
56 1 42
39 1 17
42 1 44
18 2 2
3 2 25
26 1 22
54 1 42
4 2 3
40 1 35
42 1 29
57 1 39
9 2 3
4 2 1
3 1 2
35 1 23
35 1 33
1 1 2
51 2 54
19 1 4
28 2 2
9 2 15
39 1 50
22 1 1
42 1 17
12 2 44
63 1 3
53 1 1
44 2 53
36 1 19
3 2 20
3 2 23
62 1 39
41 1 19
48 1 47
10 1 1
1 1 14
48 1 56
50 1 22
14 1 19
39 1 26
30 1 3
17 2 12
8 2 3
10 2 1
3 2 31
45 1 11
12 1 11
16 1 10
28 1 31
22 1 3
51 2 53
53 1 3
11 1 3
17 2 40
36 2 42
39 1 53
9 2 1
3 1 1
42 1 62
6 1 1
1 2 13
25 2 42
20 1 19
51 1 25
24 1 16
58 1 57
19 1 3
3 2 42
11 1 20
2 2 21
2 2 32
52 1 22
19 1 1
1 2 14
10 1 9
59 1 30
5 1 1
11 1 23
53 1 39
48 2 26
47 1 39
54 1 3
53 2 51
12 1 16
5 2 6
33 1 22
16 1 15
53 1 9
9 2 8
51 1 46
12 2 17
7 1 1
22 1 21
1 2 31
3 2 39
4 2 18
2 2 3
3 1 14
15 2 3
44 1 3
42 1 12
25 1 45
22 1 4
51 1 59
51 1 15
16 1 8
39 1 54
39 1 29
29 2 50
35 1 34
30 1 19
22 1 28
6 2 7
17 1 16
12 2 29
29 1 22
1 2 27
1 4 3
11 1 8
1 5 3
22 1 32
23 1 22
36 2 57
1 2 4
24 2 45
12 2 51
55 1 5
26 2 17
49 1 42
59 2 42
2 2 28
26 2 58
2 2 18
22 1 2
3 2 4
31 1 30
3 4 1
54 1 9
51 1 10
63 1 8
42 1 58
3 5 1
20 1 22
7 2 6
41 1 3
55 1 63
51 1 61
1 7 3
42 1 52
16 1 3
16 1 1
3 2 27
39 1 51
19 1 18
32 1 1
11 1 15
19 1 21
8 2 9
26 1 19
62 2 52
44 1 25
39 1 12
40 1 42
16 1 23
49 1 36
46 2 61
63 1 39
28 1 3
44 1 42
33 2 34
42 1 49
60 1 39
23 1 19
1 2 23
32 1 3
53 1 46
55 1 6
22 1 60
4 2 28
27 1 41
8 2 15
13 1 22
19 1 32
51 1 42
51 1 39
60 1 25
46 2 59
39 1 40
1 1 13
1 2 20
30 1 22
7 2 63
28 1 1
51 1 9
4 2 2
33 2 47
23 2 33
61 2 39
21 2 4
29 2 26
49 2 48
23 1 11
27 1 30
11 1 9
3 1 13
1 1 31
1 2 46
58 1 36
2 2 1
4 2 21
31 1 41
61 1 30
42 1 53
34 1 22
53 1 42
25 2 61
11 1 1
25 1 24
22 1 18
14 1 22
59 1 41
10 2 3
11 1 10
41 1 22
1 2 2
9 2 10
25 2 39
13 1 19
1 1 4
33 2 39
42 1 51
3 1 4
3 7 1
52 6 53
19 1 2
2 2 4
15 1 3
16 1 20
15 1 1
1 1 3
41 2 30
46 2 39
51 1 8
47 2 56
51 1 1
53 1 15
54 1 8
35 2 42
28 2 4
19 1 28
32 1 27
33 1 19
62 1 33
53 1 59
8 2 10
15 2 1
50 6 51
3 2 13
53 1 10
3 2 46
3 2 14
46 2 42
25 2 59
55 1 7
10 1 3
51 1 3
39 1 19
50 1 19
? 1 github_java_program_data/10/74.java

3 2 2
26 2 29
38 1 37
42 1 29
17 2 26
4 2 32
17 1 11
48 1 33
40 1 39
56 1 42
42 1 26
65 1 64
18 2 2
3 2 25
26 1 22
23 2 36
11 2 16
2 2 21
40 1 35
20 1 4
57 1 39
53 2 51
4 2 1
36 1 22
3 1 2
35 1 23
38 1 20
35 1 33
1 1 2
14 1 22
28 2 2
39 1 49
9 2 15
39 1 50
22 1 1
42 1 17
12 2 44
36 1 19
36 2 47
32 1 3
3 2 23
41 1 19
16 1 15
15 1 1
10 1 1
1 1 14
48 1 56
50 1 22
14 1 19
21 2 2
39 1 26
44 2 51
17 2 12
38 2 39
3 2 31
45 1 11
16 1 10
8 2 9
22 1 3
51 2 53
39 1 53
39 1 48
11 1 3
50 6 53
43 1 42
2 2 32
27 1 41
3 1 1
1 2 13
20 1 2
20 1 19
37 1 22
24 1 16
58 1 57
13 1 22
32 2 4
2 2 22
11 1 20
19 1 1
39 1 17
40 2 43
1 2 14
25 2 39
4 2 18
53 1 39
48 2 26
47 1 39
39 1 58
36 2 37
9 2 3
12 1 16
3 2 46
62 1 39
38 1 33
53 1 9
51 1 46
12 2 17
40 1 38
1 2 31
22 1 21
44 1 9
26 2 40
38 1 36
43 1 38
2 2 3
3 1 14
15 2 3
44 1 3
42 1 12
37 1 19
53 1 3
28 1 27
62 2 48
51 1 15
51 1 8
39 1 29
35 1 34
30 1 19
22 1 28
17 1 16
29 1 22
48 1 36
1 2 27
22 2 2
1 4 3
39 1 44
49 1 42
18 2 4
1 5 3
22 1 32
23 1 22
36 2 57
1 2 4
23 1 4
46 1 45
44 1 39
2 2 28
2 2 18
22 1 2
3 2 4
31 1 30
3 4 1
4 2 28
51 1 10
4 2 22
20 1 22
3 5 1
53 1 25
46 2 39
19 1 4
1 7 3
4 2 3
16 1 3
16 1 1
3 2 27
39 1 51
44 1 25
32 1 1
11 1 15
19 1 21
26 1 19
64 1 3
19 1 18
36 2 42
39 1 12
40 1 42
35 2 39
43 2 50
16 1 23
3 2 20
28 1 3
33 2 34
23 1 19
1 2 23
10 2 1
33 2 39
16 2 11
33 2 47
32 1 31
19 2 4
29 1 19
19 1 3
19 1 32
51 1 42
51 1 39
39 1 62
55 1 54
38 2 42
39 1 40
1 1 13
30 1 22
29 2 48
28 1 1
51 1 9
4 2 2
23 2 33
21 2 4
29 2 43
23 1 11
27 1 30
3 1 13
58 2 29
58 1 36
2 2 1
4 2 21
31 1 41
1 2 65
22 1 4
34 1 22
11 1 1
25 1 24
22 1 18
62 1 33
10 2 3
11 1 10
41 1 22
12 2 26
1 2 2
9 2 10
20 2 33
13 1 19
54 1 65
1 1 4
38 1 23
33 2 37
17 2 40
3 1 4
65 2 39
3 7 1
19 1 2
2 2 4
32 2 2
43 1 35
1 1 3
48 1 47
47 2 56
11 1 8
35 2 42
28 2 4
19 1 28
33 1 19
12 1 11
49 1 36
15 2 1
35 1 20
3 2 13
53 1 10
39 1 43
54 1 39
3 2 14
46 2 42
49 2 26
47 1 42
54 1 1
51 1 3
8 2 10
? 1 github_java_program_data/10/75.java

3 2 2
26 2 29
42 1 26
29 1 19
17 2 26
30 2 41
33 2 39
58 1 67
53 1 8
17 1 11
56 1 42
39 1 17
4 2 32
3 2 25
26 1 22
4 2 3
42 1 29
57 1 39
4 2 1
36 1 22
3 1 2
1 2 39
12 1 16
1 1 2
68 1 39
19 1 4
25 2 59
9 2 15
39 1 50
22 1 1
42 1 17
53 1 1
36 1 19
36 2 47
32 1 3
3 2 23
41 1 19
45 1 16
48 1 47
10 1 1
1 1 14
48 1 56
50 1 22
14 1 19
39 1 26
17 2 12
45 2 24
3 2 31
45 1 11
54 1 1
16 1 10
8 2 9
22 1 3
51 2 53
39 1 53
39 1 48
11 1 3
50 6 53
2 2 32
27 1 41
3 1 1
57 2 67
36 2 42
20 1 19
39 1 52
51 1 25
49 1 39
3 2 4
58 1 57
19 1 3
11 1 20
2 2 21
48 2 58
52 1 22
19 1 1
1 2 14
59 1 30
11 1 23
53 1 39
57 2 56
15 2 1
39 1 58
53 2 51
1 2 31
67 1 48
33 1 22
16 1 15
51 1 3
12 2 17
22 1 21
56 1 39
4 2 18
2 2 3
25 2 39
3 1 14
15 2 3
8 2 15
42 1 12
25 1 45
22 1 2
4 2 28
28 1 27
42 1 50
51 1 15
16 1 8
12 2 51
39 1 29
15 1 1
22 1 28
6 2 7
17 1 16
12 2 29
29 1 22
48 1 36
1 2 27
49 2 50
1 4 3
58 1 47
1 5 3
22 1 32
23 1 22
36 2 57
6 1 3
1 2 4
24 2 45
8 2 10
46 1 45
8 2 1
59 2 42
2 2 28
2 2 18
22 1 4
12 2 49
24 1 16
31 1 30
3 4 1
51 1 59
42 1 58
20 1 22
1 2 25
58 1 56
62 1 42
46 2 39
14 1 22
1 7 3
28 2 2
16 1 3
16 1 1
39 1 51
19 1 18
32 1 1
11 1 15
49 1 33
26 1 19
7 1 3
49 2 29
39 1 12
16 1 23
19 1 21
28 1 3
29 2 26
42 1 49
23 1 19
1 2 23
10 2 1
53 1 46
16 2 11
55 1 6
7 2 54
32 1 31
62 1 36
3 7 1
30 1 19
13 1 22
19 1 32
51 1 42
29 2 12
51 1 39
39 1 62
55 1 54
1 1 13
30 1 22
28 1 1
51 1 9
4 2 2
33 2 47
17 2 49
57 1 42
27 1 30
11 1 9
3 1 13
1 2 46
2 2 1
4 2 21
31 1 41
12 2 62
53 1 42
11 1 1
25 1 24
22 1 18
3 5 1
10 2 3
55 1 7
41 1 22
1 2 2
9 2 10
29 2 17
1 2 20
1 1 4
3 1 4
47 2 68
46 1 24
33 2 57
19 1 2
15 1 3
16 1 20
3 2 27
17 2 50
1 1 3
41 2 30
51 1 8
47 2 56
51 1 1
53 1 15
54 1 8
28 2 4
19 1 28
33 1 19
12 1 11
3 2 20
58 1 68
58 1 33
3 2 13
53 1 10
54 1 39
46 2 42
47 1 42
11 1 10
10 1 3
48 1 57
50 1 19
? 1 github_java_program_data/10/79.java

51 1 25
55 1 5
8 2 1
53 1 8
1 2 14
51 2 53
48 1 33
3 4 1
54 1 9
51 1 10
39 1 17
25 2 39
3 2 25
78 1 3
2 2 21
16 1 1
4 2 1
12 2 52
1 2 4
54 1 8
42 1 52
1 1 2
16 1 3
19 1 4
3 2 27
39 1 51
58 2 12
19 1 18
32 1 1
22 1 1
19 1 21
33 2 47
36 1 19
1 2 31
3 2 23
39 1 12
39 1 50
53 1 46
54 1 65
45 1 16
11 1 15
16 1 23
10 1 1
15 1 9
28 1 3
51 1 3
55 1 54
1 4 3
8 2 3
11 1 20
16 1 10
8 2 9
1 5 3
32 1 31
39 1 48
11 1 3
22 1 32
19 1 3
19 1 32
52 1 22
2 2 32
51 1 39
39 1 53
9 2 1
53 1 9
1 1 13
20 1 19
28 1 1
24 1 11
65 2 39
2 2 18
3 2 4
58 1 57
57 1 42
13 1 22
3 1 13
58 1 36
48 2 58
19 1 1
8 2 15
78 2 8
10 1 9
1 2 2
5 1 1
53 1 42
5 2 54
15 1 3
25 1 24
22 1 18
47 1 39
39 1 58
54 1 3
11 1 10
50 1 19
3 2 65
9 2 3
12 1 16
3 2 46
1 2 20
16 1 15
1 1 4
9 2 8
3 1 4
12 2 17
46 1 24
65 1 81
52 6 53
19 1 2
22 1 21
11 1 1
16 1 20
15 1 1
17 2 50
1 1 3
2 2 3
51 1 8
3 1 14
15 2 3
53 1 15
50 1 22
42 1 12
25 1 45
19 1 28
22 1 2
53 1 3
28 1 27
15 1 8
33 1 19
81 1 1
12 1 11
28 2 2
15 2 1
50 6 51
48 1 47
17 1 16
3 2 13
10 1 8
1 2 27
54 1 39
10 2 3
22 1 28
3 1 1
18 2 4
46 2 42
51 1 78
23 1 22
36 2 57
4 2 3
24 2 45
8 2 10
? 1 github_java_program_data/10/81.java

3 2 2
26 2 29
42 1 26
26 2 71
29 1 19
17 2 26
30 2 41
12 2 49
69 2 70
58 1 67
53 1 8
42 1 48
17 1 11
48 1 33
71 1 22
56 1 42
39 1 17
25 2 39
18 2 2
26 1 22
23 2 36
54 1 42
11 2 16
9 2 10
1 2 4
22 2 69
42 1 29
57 1 39
4 2 1
36 1 22
3 1 2
35 1 23
55 1 29
1 2 31
1 1 2
19 1 4
18 2 1
39 1 49
22 1 1
42 1 17
71 1 29
40 1 2
29 2 69
53 1 1
13 1 19
36 2 47
54 1 1
3 2 23
19 2 71
55 1 26
41 1 19
45 1 16
16 1 15
68 1 42
10 1 1
1 1 14
69 1 71
14 1 19
55 1 69
1 2 28
39 1 26
17 2 12
10 2 1
45 2 24
3 2 31
45 1 11
16 1 10
22 1 3
51 2 53
40 2 43
39 1 48
11 1 3
43 1 42
36 2 42
32 1 31
3 1 1
57 2 67
1 2 13
20 1 19
51 1 25
24 1 16
58 1 57
19 1 3
32 2 4
19 2 69
11 1 20
2 2 21
48 2 58
19 1 1
11 1 27
1 2 14
1 2 2
11 1 23
53 1 39
47 1 39
39 1 58
35 1 37
12 1 16
67 1 48
33 1 22
38 1 33
38 2 42
32 2 2
12 2 17
69 1 2
22 1 21
56 1 39
23 1 16
26 2 40
4 2 18
2 2 3
3 1 14
15 2 3
49 1 42
55 1 40
25 1 45
22 1 2
43 2 58
28 1 27
40 1 29
1 7 3
39 1 29
30 1 19
22 1 28
24 1 11
12 2 29
23 1 11
48 1 36
1 2 27
22 2 2
1 4 3
58 1 47
1 5 3
12 2 40
22 1 32
23 1 22
36 2 57
70 1 1
24 2 45
46 1 45
8 2 1
39 1 72
33 2 42
69 1 12
37 1 19
3 2 4
3 4 1
51 1 10
42 1 58
36 2 37
43 2 29
1 2 18
20 1 22
1 2 25
58 1 56
62 1 42
46 2 39
14 1 22
71 1 69
4 2 3
3 2 1
16 1 3
16 1 1
3 2 27
43 1 39
71 1 19
19 1 18
32 1 1
11 1 15
49 1 33
2 2 74
26 1 19
2 2 29
40 1 38
39 1 12
40 1 42
35 2 39
18 2 3
71 2 26
16 1 23
57 2 68
19 1 21
71 1 70
28 1 3
73 1 33
33 2 34
29 2 26
29 2 62
23 1 19
1 2 23
1 2 3
32 1 3
53 1 46
33 2 47
27 1 41
62 1 36
3 7 1
13 1 22
19 1 32
69 1 22
51 1 39
39 1 62
55 1 54
39 1 40
19 1 73
1 1 13
1 2 20
36 1 19
30 1 22
17 1 16
28 1 1
51 1 9
2 2 18
23 2 33
21 2 4
57 1 42
29 1 22
27 1 30
3 1 13
1 2 46
58 1 36
2 2 1
4 2 21
26 2 12
31 1 41
22 1 4
17 2 43
42 1 53
34 1 22
69 1 19
1 2 42
11 1 1
25 1 24
28 2 3
22 1 18
3 5 1
10 2 3
11 1 10
41 1 22
22 1 74
55 1 43
15 1 1
48 1 68
2 2 12
1 1 4
38 1 23
42 1 51
3 1 4
21 2 3
46 1 24
33 2 57
42 1 43
19 1 2
2 2 4
15 1 3
16 1 20
43 1 35
1 1 3
41 2 30
48 1 47
47 2 56
51 1 1
54 1 8
35 2 42
19 1 28
18 2 21
74 1 36
22 2 71
33 1 19
55 1 71
12 1 11
3 2 20
8 2 10
15 2 1
58 1 33
3 2 13
53 1 10
1 2 32
3 2 14
27 2 1
47 1 42
21 2 1
38 1 34
10 1 3
54 2 26
48 1 57
35 1 36
70 2 29
? 1 github_java_program_data/10/84.java

3 2 2
29 1 19
53 1 8
51 2 53
29 1 22
1 5 3
39 1 17
25 2 39
3 2 25
40 1 35
42 1 29
4 2 1
1 2 4
44 1 39
1 2 39
1 2 31
1 1 2
19 1 4
28 2 2
39 1 49
9 2 15
39 1 50
22 1 1
42 1 17
53 1 1
10 2 1
3 2 23
41 1 19
45 1 16
15 1 1
10 1 1
50 1 22
8 2 9
3 1 27
39 1 26
44 2 51
17 2 12
19 1 2
61 1 41
3 2 31
45 1 11
16 1 10
28 1 31
22 1 3
17 1 11
53 1 3
11 1 3
53 1 61
63 1 1
2 2 32
39 1 53
3 1 1
39 1 51
49 2 50
24 1 11
27 1 41
3 2 4
12 2 50
46 2 39
54 2 51
11 1 20
19 1 1
16 1 66
59 1 30
20 1 16
11 1 23
53 1 39
40 2 26
15 2 1
66 1 22
53 2 51
12 1 16
16 1 15
53 1 9
51 1 46
12 2 17
3 2 39
2 2 3
7 2 6
15 2 3
49 1 42
42 1 12
22 1 4
51 1 59
28 1 27
42 1 50
39 1 54
30 1 19
22 1 28
6 2 7
17 1 16
12 2 29
46 2 59
1 2 27
1 4 3
44 1 3
22 1 32
23 1 22
6 1 3
4 2 3
24 2 45
46 1 45
8 2 1
33 2 42
2 2 28
52 1 19
22 1 2
24 1 16
31 1 30
3 4 1
4 2 28
51 1 10
63 1 8
17 2 44
20 1 22
1 2 25
3 5 1
53 1 25
55 1 63
53 1 10
1 7 3
42 1 52
16 1 3
16 1 1
39 1 44
44 1 25
32 1 1
11 1 15
49 1 33
26 1 19
19 1 18
39 1 12
40 1 42
59 2 39
53 1 59
19 1 21
63 1 39
28 1 3
23 1 19
1 2 23
32 1 3
55 1 6
32 1 31
19 1 3
19 1 32
51 1 42
51 1 39
39 1 40
1 1 13
7 1 3
30 1 22
7 2 63
28 1 1
51 1 9
4 2 2
25 2 61
27 1 30
1 2 46
2 2 1
4 2 21
31 1 41
54 1 39
53 1 42
11 1 1
25 1 24
3 1 2
59 1 41
46 2 42
10 2 3
11 1 10
41 1 22
61 2 42
1 2 2
9 2 10
1 2 20
1 1 4
30 1 1
41 1 1
3 1 4
46 1 24
52 6 53
4 2 32
15 1 3
16 1 20
3 2 27
1 1 3
41 2 30
51 1 8
51 1 1
53 1 15
35 2 42
19 1 28
32 1 27
3 1 31
33 1 19
12 1 11
3 2 20
1 2 66
35 1 20
3 2 13
3 2 46
54 1 3
25 2 59
55 1 7
10 1 3
51 1 3
8 2 10
50 6 51
50 1 19
? 1 github_java_program_data/10/87.java

3 2 2
42 1 26
29 1 19
53 1 8
17 1 11
40 1 39
56 1 42
39 1 17
4 2 32
26 2 17
3 2 25
36 2 34
4 2 3
40 1 35
42 1 29
57 1 39
4 2 1
36 1 22
3 1 2
44 1 39
1 2 31
20 1 11
45 2 24
19 1 4
39 1 49
20 2 36
39 1 50
22 1 1
42 1 17
53 1 1
36 1 19
36 2 47
10 2 1
3 2 23
33 1 22
41 1 19
15 1 1
10 1 1
38 1 37
1 1 14
48 1 56
50 1 22
28 1 31
3 1 27
21 2 2
39 1 26
44 2 51
17 2 12
61 1 41
3 2 31
45 1 11
16 1 10
11 1 66
22 1 3
53 1 61
53 1 3
39 1 48
11 1 3
43 1 42
2 2 32
39 1 53
3 1 1
12 1 11
1 2 13
25 2 42
20 1 19
39 1 51
39 1 52
24 1 11
27 1 41
24 1 16
58 1 57
19 1 3
32 2 4
11 1 20
2 2 21
51 1 42
19 1 1
40 2 50
1 2 14
63 1 1
59 1 30
20 1 16
11 1 23
53 1 39
47 1 39
54 1 3
22 1 2
53 2 51
12 1 16
3 2 46
42 1 54
16 1 15
53 1 9
9 2 8
51 1 46
12 2 17
22 1 21
40 2 29
23 1 16
3 2 39
4 2 18
43 1 38
2 2 3
3 1 14
15 2 3
49 1 42
42 1 12
25 1 45
22 1 4
51 1 59
28 1 27
42 1 50
51 1 15
51 1 8
1 7 3
35 1 34
3 4 1
30 1 19
22 1 28
42 1 51
17 1 16
29 1 22
48 1 36
1 2 27
49 2 50
1 4 3
44 1 3
1 5 3
62 1 42
22 1 32
23 1 22
36 2 57
6 1 3
1 2 4
46 1 45
51 2 53
8 2 1
33 2 42
2 2 28
52 1 19
2 2 18
37 1 19
3 2 4
31 1 30
1 1 2
4 2 28
51 1 10
63 1 8
42 1 58
3 5 1
17 2 44
20 1 22
1 2 25
8 2 15
53 1 25
55 1 63
16 1 1
59 2 39
62 2 48
42 1 40
42 1 52
16 1 3
51 1 61
3 2 27
39 1 44
44 1 25
32 1 1
11 1 15
49 1 33
26 1 19
19 1 18
39 1 12
1 2 42
35 2 39
17 2 40
34 1 19
16 1 23
46 2 61
19 1 21
28 1 3
54 2 51
23 1 19
1 2 23
12 2 43
32 1 3
55 1 6
32 1 31
13 1 22
19 1 32
52 1 22
63 1 42
51 1 39
39 1 62
38 2 42
6 2 7
1 1 13
1 2 20
7 1 3
30 1 22
7 2 63
28 1 1
51 1 9
4 2 2
23 2 33
61 2 39
66 1 19
46 2 59
27 1 30
7 2 6
3 1 13
59 2 42
1 2 46
58 1 36
2 2 1
4 2 21
31 1 41
43 2 52
42 1 53
53 1 42
25 2 61
11 1 1
25 1 24
22 1 18
14 1 22
59 1 41
10 2 3
11 1 10
41 1 22
61 2 42
12 2 26
1 2 2
9 2 10
25 2 39
13 1 19
1 1 4
38 1 23
33 2 37
30 1 1
41 1 1
3 1 4
46 1 24
52 6 53
19 1 2
2 2 4
15 1 3
16 1 20
38 1 33
1 1 3
41 2 30
48 1 47
47 2 56
51 1 1
53 1 15
28 2 4
19 1 28
32 1 27
3 1 31
33 1 19
62 1 33
3 2 20
15 2 1
1 2 66
35 1 20
3 2 13
53 1 10
39 1 43
54 1 39
3 2 14
46 2 42
32 2 2
55 1 7
10 1 3
51 1 3
8 2 10
50 6 51
35 1 36
18 2 2
? 1 github_java_program_data/10/92.java

3 2 2
42 1 26
29 1 19
44 2 51
30 2 41
53 1 8
42 1 48
17 1 11
48 1 33
1 5 3
39 1 17
4 2 32
3 2 25
26 1 22
36 2 34
4 2 3
40 1 35
42 1 29
57 1 39
4 2 1
36 1 22
3 1 2
44 1 39
38 1 20
1 2 31
1 1 2
68 1 39
19 1 4
28 2 2
39 1 49
20 2 36
39 1 50
22 1 1
44 1 3
42 1 17
53 1 1
36 1 19
36 2 47
10 2 1
3 2 23
7 2 6
41 1 19
45 1 16
15 1 1
10 1 1
38 1 37
1 1 14
50 1 22
28 1 31
3 1 27
39 1 85
39 1 26
66 1 22
17 2 12
61 1 41
3 2 31
1 2 39
16 1 10
11 1 66
22 1 3
53 1 61
53 1 3
11 1 3
43 1 42
2 2 32
39 1 53
3 1 1
1 2 13
43 2 58
20 1 19
1 7 3
49 2 50
24 1 11
27 1 41
29 2 58
3 2 4
58 1 57
19 1 3
26 2 72
11 1 20
2 2 21
19 1 1
52 6 53
1 2 14
63 1 1
1 2 2
20 1 16
11 1 23
15 1 3
40 2 26
47 1 39
54 1 3
22 1 2
53 2 51
12 1 16
3 2 46
7 2 63
33 1 22
16 1 15
53 1 9
51 1 46
12 2 17
22 1 21
56 1 39
32 2 2
3 2 39
38 1 36
43 1 38
2 2 3
3 1 14
15 2 3
58 1 47
42 1 12
22 1 4
51 1 59
28 1 27
42 1 50
51 1 15
51 1 8
39 1 54
39 1 29
35 1 34
3 4 1
30 1 19
22 1 28
6 2 7
17 1 16
23 1 11
48 1 36
1 2 27
1 4 3
49 1 42
3 7 1
62 1 42
22 1 32
23 1 22
36 2 57
6 1 3
1 2 4
24 2 45
46 1 45
35 1 36
35 1 23
51 2 53
8 2 1
39 1 72
33 2 42
2 2 28
52 1 19
2 2 18
37 1 19
31 1 30
20 1 11
4 2 28
51 1 10
63 1 8
42 1 58
3 5 1
36 2 37
17 2 44
20 1 22
1 2 25
58 1 56
53 1 25
55 1 63
14 1 22
59 2 39
42 1 40
42 1 52
16 1 3
16 1 1
3 2 27
39 1 44
26 2 43
44 1 25
32 1 1
11 1 15
49 1 33
8 2 9
26 1 19
19 1 18
36 2 42
39 1 12
40 1 42
17 2 40
16 1 23
3 2 20
57 2 68
19 1 21
63 1 39
28 1 3
54 2 51
23 1 19
1 2 23
9 2 15
32 1 3
55 1 6
32 1 31
62 1 36
13 1 22
19 1 32
51 1 42
51 1 39
39 1 62
38 2 42
46 2 59
39 1 40
7 1 3
30 1 22
29 2 48
28 1 1
51 1 9
4 2 2
33 2 47
57 1 42
29 1 22
27 1 30
3 1 13
58 2 29
1 2 46
58 1 36
2 2 1
4 2 21
31 1 41
61 1 30
8 2 15
34 1 22
53 1 42
25 2 61
11 1 1
25 1 24
26 2 85
22 1 18
17 2 29
59 1 41
10 2 3
11 1 10
50 1 19
61 2 42
9 2 10
25 2 39
48 1 68
1 1 4
30 1 1
41 1 1
3 1 4
4 2 18
46 1 24
33 2 57
42 1 43
19 1 2
53 1 39
16 1 20
39 1 51
1 1 3
46 2 39
48 1 47
47 2 56
51 1 1
53 1 15
35 2 42
28 2 4
19 1 28
32 1 27
3 1 31
33 1 19
12 1 11
53 1 59
15 2 1
58 1 33
1 2 66
35 1 20
3 2 13
53 1 10
54 1 39
3 2 14
46 2 42
25 2 59
47 1 42
55 1 7
10 1 3
51 1 3
58 2 50
48 1 57
50 6 51
41 1 22
? 1 github_java_program_data/10/94.java

3 2 2
26 2 29
42 1 26
29 1 19
17 2 26
44 2 51
58 1 67
53 1 8
42 1 48
17 1 11
48 1 33
20 1 22
86 2 68
1 5 3
39 1 17
42 1 44
3 2 25
26 1 22
54 1 42
11 2 16
4 2 3
40 1 35
42 1 29
57 1 39
4 2 1
36 1 22
3 1 2
44 1 39
1 2 31
1 1 2
68 1 39
19 1 4
39 1 49
17 2 29
22 1 1
42 1 17
53 1 1
86 1 58
36 1 19
36 2 47
10 2 1
3 2 23
26 2 48
41 1 19
15 1 1
10 1 1
1 1 14
14 1 19
39 1 26
66 1 22
17 2 12
8 2 3
3 2 31
45 1 11
16 1 10
22 1 3
51 2 53
39 1 48
11 1 3
36 2 42
32 1 31
3 1 1
1 2 13
1 1 4
24 1 11
24 1 16
44 1 3
13 1 22
32 2 4
11 1 20
2 2 21
19 1 1
16 1 66
1 2 14
1 2 2
20 1 16
11 1 23
53 1 39
47 1 39
54 1 3
9 2 3
12 1 16
67 1 48
33 1 22
16 1 15
53 1 9
9 2 8
3 2 66
51 1 46
12 2 17
22 1 21
44 1 9
32 2 2
4 2 18
2 2 3
25 2 39
3 1 14
15 2 3
58 1 47
42 1 12
22 1 4
4 2 28
28 1 27
16 1 8
51 1 8
39 1 29
22 1 28
17 1 16
12 2 29
29 1 22
48 1 36
1 2 27
1 4 3
49 1 42
3 7 1
22 1 32
33 1 19
1 2 4
46 1 45
55 1 5
33 2 42
2 2 28
4 2 2
22 1 2
3 2 4
31 1 30
3 4 1
3 2 42
51 1 10
48 1 86
42 1 58
17 2 44
56 1 39
1 2 25
58 1 56
62 1 42
46 2 39
14 1 22
1 7 3
29 2 40
16 1 3
16 1 1
44 1 25
32 1 1
11 1 15
49 1 33
26 1 19
19 1 18
39 1 12
57 2 86
40 1 42
47 2 67
16 1 23
19 1 21
28 1 3
23 1 19
1 2 23
67 2 56
32 1 3
26 2 49
16 2 11
33 2 47
53 1 25
27 1 41
62 1 36
19 1 3
19 1 32
51 1 39
39 1 62
55 1 54
39 1 40
1 1 13
1 2 20
30 1 22
28 1 1
2 2 18
21 2 4
57 1 42
11 1 9
3 1 13
58 1 36
2 2 1
4 2 21
26 2 12
29 2 26
8 2 15
42 1 53
12 2 62
5 2 54
11 1 1
25 1 24
22 1 18
3 5 1
10 2 3
11 1 10
41 1 22
9 2 10
29 2 17
5 1 1
48 1 68
42 1 51
3 1 4
33 2 57
19 1 2
2 2 4
15 1 3
16 1 20
3 2 27
1 1 3
48 1 47
54 1 8
35 2 42
19 1 28
12 1 11
3 2 20
8 2 10
15 2 1
58 1 33
35 1 20
3 2 13
53 1 10
3 2 46
3 2 14
47 1 42
13 1 19
10 1 3
51 1 3
48 1 57
? 1 github_java_program_data/10/99.java

