3 1 14
37 1 22
3 4 1
15 1 3
51 1 1
12 1 16
36 1 22
2 2 28
16 1 10
11 1 1
8 2 9
38 1 33
3 2 20
2 2 18
22 1 3
11 1 20
3 1 13
48 2 29
12 1 11
3 1 1
3 2 4
43 1 38
54 1 39
49 2 26
12 2 26
19 1 21
1 1 2
11 1 23
19 1 2
12 2 17
1 2 4
22 1 18
1 1 4
15 1 1
44 1 42
42 1 62
11 2 16
10 1 1
32 1 31
44 1 25
62 1 39
38 2 39
25 2 42
23 2 33
28 1 3
44 1 1
10 2 3
22 1 32
39 1 51
34 1 19
3 2 46
51 1 25
51 1 8
40 1 39
1 4 3
39 1 26
54 1 1
32 1 1
33 1 22
15 2 1
14 1 19
51 1 15
42 1 48
16 1 23
22 1 2
17 2 62
1 5 3
36 2 47
9 2 15
75 1 3
3 2 13
1 2 25
3 7 1
4 2 2
36 1 19
39 1 29
42 1 17
17 2 44
23 1 19
1 2 2
40 1 35
1 1 14
22 1 4
1 2 31
25 1 24
17 1 16
43 1 39
30 1 19
2 2 1
45 1 16
25 1 45
1 2 39
4 2 21
3 2 27
35 2 39
55 1 54
1 7 3
28 1 27
1 2 14
29 2 26
14 1 22
41 1 19
36 2 39
3 2 2
39 1 49
29 1 19
35 1 23
49 1 33
75 1 46
13 1 19
4 2 3
19 1 1
27 1 30
17 2 29
23 1 22
20 1 19
47 1 39
42 1 29
22 1 21
3 5 1
12 2 49
51 1 42
39 1 44
1 2 23
42 1 43
29 2 40
13 1 22
20 1 22
26 1 19
48 1 36
22 1 1
11 1 10
11 1 3
19 1 3
12 2 43
38 1 37
26 2 29
15 2 3
75 1 42
46 2 42
44 2 75
16 1 1
42 1 26
2 2 3
4 2 1
16 1 20
39 1 75
38 1 20
49 1 42
19 1 4
28 2 4
35 1 33
42 1 12
29 1 22
33 1 19
1 2 20
11 1 15
16 1 3
24 1 11
20 2 33
42 1 40
75 2 51
1 2 13
39 1 12
33 2 34
2 2 32
27 1 41
2 2 4
1 1 3
17 1 11
2 2 21
19 1 32
10 2 1
16 1 15
35 1 34
22 1 28
51 1 9
62 1 36
3 2 23
19 1 18
39 1 17
48 1 47
33 2 37
10 1 3
4 2 28
33 2 42
? 1 github_java_program_data/13/102.java

3 1 14
37 1 22
3 4 1
15 1 3
51 1 1
12 1 16
36 1 22
2 2 28
16 1 10
11 1 1
8 2 9
38 1 33
3 2 20
2 2 18
22 1 3
11 1 20
3 1 13
48 2 29
12 1 11
3 1 1
3 2 4
43 1 38
54 1 39
49 2 26
12 2 26
19 1 21
1 1 2
11 1 23
19 1 2
12 2 17
1 2 4
22 1 18
1 1 4
15 1 1
44 1 42
42 1 62
11 2 16
10 1 1
32 1 31
44 1 25
62 1 39
38 2 39
25 2 42
23 2 33
28 1 3
44 1 1
10 2 3
22 1 32
39 1 51
34 1 19
3 2 46
51 1 25
51 1 8
40 1 39
1 4 3
39 1 26
54 1 1
32 1 1
33 1 22
15 2 1
14 1 19
51 1 15
42 1 48
16 1 23
22 1 2
17 2 62
1 5 3
36 2 47
9 2 15
75 1 3
3 2 13
1 2 25
3 7 1
4 2 2
36 1 19
39 1 29
42 1 17
17 2 44
23 1 19
1 2 2
40 1 35
1 1 14
22 1 4
1 2 31
25 1 24
17 1 16
43 1 39
30 1 19
2 2 1
45 1 16
25 1 45
1 2 39
4 2 21
3 2 27
35 2 39
55 1 54
1 7 3
28 1 27
1 2 14
29 2 26
14 1 22
41 1 19
36 2 39
3 2 2
39 1 49
29 1 19
35 1 23
49 1 33
75 1 46
13 1 19
4 2 3
19 1 1
27 1 30
17 2 29
23 1 22
20 1 19
47 1 39
42 1 29
22 1 21
3 5 1
12 2 49
51 1 42
39 1 44
1 2 23
42 1 43
29 2 40
13 1 22
20 1 22
26 1 19
48 1 36
22 1 1
11 1 10
11 1 3
19 1 3
12 2 43
38 1 37
26 2 29
15 2 3
75 1 42
46 2 42
44 2 75
16 1 1
42 1 26
2 2 3
4 2 1
16 1 20
39 1 75
38 1 20
49 1 42
19 1 4
28 2 4
35 1 33
42 1 12
29 1 22
33 1 19
1 2 20
11 1 15
16 1 3
24 1 11
20 2 33
42 1 40
75 2 51
1 2 13
39 1 12
33 2 34
2 2 32
27 1 41
2 2 4
1 1 3
17 1 11
2 2 21
19 1 32
10 2 1
16 1 15
35 1 34
22 1 28
51 1 9
62 1 36
3 2 23
19 1 18
39 1 17
48 1 47
33 2 37
10 1 3
4 2 28
33 2 42
? 1 github_java_program_data/13/11.java

3 1 14
37 1 22
3 4 1
15 1 3
51 1 1
12 1 16
36 1 22
2 2 28
16 1 10
11 1 1
8 2 9
38 1 33
3 2 20
2 2 18
22 1 3
11 1 20
3 1 13
48 2 29
12 1 11
3 1 1
3 2 4
43 1 38
54 1 39
49 2 26
12 2 26
19 1 21
1 1 2
11 1 23
19 1 2
12 2 17
1 2 4
22 1 18
1 1 4
15 1 1
44 1 42
42 1 62
11 2 16
10 1 1
32 1 31
44 1 25
62 1 39
38 2 39
25 2 42
23 2 33
28 1 3
44 1 1
10 2 3
22 1 32
39 1 51
34 1 19
3 2 46
51 1 25
51 1 8
40 1 39
1 4 3
39 1 26
54 1 1
32 1 1
33 1 22
15 2 1
14 1 19
51 1 15
42 1 48
16 1 23
22 1 2
17 2 62
1 5 3
36 2 47
9 2 15
75 1 3
3 2 13
1 2 25
3 7 1
4 2 2
36 1 19
39 1 29
42 1 17
17 2 44
23 1 19
1 2 2
40 1 35
1 1 14
22 1 4
1 2 31
25 1 24
17 1 16
43 1 39
30 1 19
2 2 1
45 1 16
25 1 45
1 2 39
4 2 21
3 2 27
35 2 39
55 1 54
1 7 3
28 1 27
1 2 14
29 2 26
14 1 22
41 1 19
36 2 39
3 2 2
39 1 49
29 1 19
35 1 23
49 1 33
75 1 46
13 1 19
4 2 3
19 1 1
27 1 30
17 2 29
23 1 22
20 1 19
47 1 39
42 1 29
22 1 21
3 5 1
12 2 49
51 1 42
39 1 44
1 2 23
42 1 43
29 2 40
13 1 22
20 1 22
26 1 19
48 1 36
22 1 1
11 1 10
11 1 3
19 1 3
12 2 43
38 1 37
26 2 29
15 2 3
75 1 42
46 2 42
44 2 75
16 1 1
42 1 26
2 2 3
4 2 1
16 1 20
39 1 75
38 1 20
49 1 42
19 1 4
28 2 4
35 1 33
42 1 12
29 1 22
33 1 19
1 2 20
11 1 15
16 1 3
24 1 11
20 2 33
42 1 40
75 2 51
1 2 13
39 1 12
33 2 34
2 2 32
27 1 41
2 2 4
1 1 3
17 1 11
2 2 21
19 1 32
10 2 1
16 1 15
35 1 34
22 1 28
51 1 9
62 1 36
3 2 23
19 1 18
39 1 17
48 1 47
33 2 37
10 1 3
4 2 28
33 2 42
? 1 github_java_program_data/13/12.java

1 1 13
22 1 4
80 2 9
3 1 14
25 1 24
3 4 1
15 1 3
43 1 39
54 1 1
51 1 1
51 1 80
53 1 39
2 2 1
45 1 16
51 1 25
1 2 4
53 1 46
16 1 10
3 2 27
15 2 3
11 1 1
39 1 40
15 2 1
23 1 11
40 1 38
10 2 1
3 2 20
29 2 26
1 1 14
3 2 13
28 1 27
4 2 18
33 1 22
11 1 20
53 1 10
48 1 33
14 1 22
4 2 21
12 1 11
41 1 19
42 1 43
36 2 37
3 1 1
3 2 4
35 1 23
24 2 45
23 2 33
55 1 6
10 2 3
8 2 1
54 1 39
38 2 42
13 1 19
4 2 3
19 1 1
46 1 24
30 2 41
19 1 21
20 1 19
1 2 65
47 1 39
22 1 21
3 5 1
2 2 18
51 1 42
19 1 2
37 1 22
3 1 2
22 1 18
5 1 1
50 1 19
15 1 1
13 1 22
51 1 10
29 1 22
53 1 8
10 1 1
20 1 22
26 1 19
23 2 36
78 2 9
39 1 53
3 2 2
3 1 4
25 2 42
22 1 1
11 1 10
28 1 3
23 1 16
27 1 30
19 1 3
38 1 37
10 1 3
50 6 51
39 1 51
34 1 19
65 2 39
38 1 23
1 5 3
41 2 30
8 2 10
30 1 22
19 1 28
80 1 3
4 2 1
26 1 22
51 2 53
16 1 20
1 4 3
12 2 29
51 1 78
81 1 3
3 2 14
1 2 2
33 2 34
42 1 50
35 1 33
46 1 45
53 1 1
22 1 3
54 1 65
14 1 19
11 1 15
42 1 48
16 1 3
35 2 39
33 1 19
46 2 39
45 2 24
1 2 13
39 1 12
55 1 54
1 7 3
51 1 15
6 2 54
19 1 4
53 2 51
22 1 2
27 1 41
1 2 46
33 2 47
5 2 6
1 1 3
55 1 5
2 2 21
78 1 1
39 1 26
9 2 15
1 2 20
40 1 42
1 2 25
3 7 1
16 1 15
36 1 19
39 1 29
24 1 11
3 2 25
51 1 9
19 1 18
54 1 8
48 1 47
11 1 3
51 1 3
6 1 3
9 2 10
38 1 36
43 1 35
35 1 34
65 1 81
? 1 github_java_program_data/13/125.java

3 1 14
37 1 22
3 4 1
15 1 3
51 1 1
12 1 16
36 1 22
2 2 28
16 1 10
11 1 1
8 2 9
38 1 33
3 2 20
2 2 18
22 1 3
11 1 20
3 1 13
48 2 29
12 1 11
3 1 1
3 2 4
43 1 38
54 1 39
49 2 26
12 2 26
19 1 21
1 1 2
11 1 23
19 1 2
12 2 17
1 2 4
22 1 18
1 1 4
15 1 1
44 1 42
42 1 62
11 2 16
10 1 1
32 1 31
44 1 25
62 1 39
38 2 39
25 2 42
23 2 33
28 1 3
44 1 1
10 2 3
22 1 32
39 1 51
34 1 19
3 2 46
51 1 25
51 1 8
40 1 39
1 4 3
39 1 26
54 1 1
32 1 1
33 1 22
15 2 1
14 1 19
51 1 15
42 1 48
16 1 23
22 1 2
17 2 62
1 5 3
36 2 47
9 2 15
75 1 3
3 2 13
1 2 25
3 7 1
4 2 2
36 1 19
39 1 29
42 1 17
17 2 44
23 1 19
1 2 2
40 1 35
1 1 14
22 1 4
1 2 31
25 1 24
17 1 16
43 1 39
30 1 19
2 2 1
45 1 16
25 1 45
1 2 39
4 2 21
3 2 27
35 2 39
55 1 54
1 7 3
28 1 27
1 2 14
29 2 26
14 1 22
41 1 19
36 2 39
3 2 2
39 1 49
29 1 19
35 1 23
49 1 33
75 1 46
13 1 19
4 2 3
19 1 1
27 1 30
17 2 29
23 1 22
20 1 19
47 1 39
42 1 29
22 1 21
3 5 1
12 2 49
51 1 42
39 1 44
1 2 23
42 1 43
29 2 40
13 1 22
20 1 22
26 1 19
48 1 36
22 1 1
11 1 10
11 1 3
19 1 3
12 2 43
38 1 37
26 2 29
15 2 3
75 1 42
46 2 42
44 2 75
16 1 1
42 1 26
2 2 3
4 2 1
16 1 20
39 1 75
38 1 20
49 1 42
19 1 4
28 2 4
35 1 33
42 1 12
29 1 22
33 1 19
1 2 20
11 1 15
16 1 3
24 1 11
20 2 33
42 1 40
75 2 51
1 2 13
39 1 12
33 2 34
2 2 32
27 1 41
2 2 4
1 1 3
17 1 11
2 2 21
19 1 32
10 2 1
16 1 15
35 1 34
22 1 28
51 1 9
62 1 36
3 2 23
19 1 18
39 1 17
48 1 47
33 2 37
10 1 3
4 2 28
33 2 42
? 1 github_java_program_data/13/132.java

3 1 14
37 1 22
3 4 1
15 1 3
51 1 1
12 1 16
36 1 22
2 2 28
16 1 10
11 1 1
8 2 9
38 1 33
3 2 20
2 2 18
22 1 3
11 1 20
3 1 13
48 2 29
12 1 11
3 1 1
3 2 4
43 1 38
54 1 39
49 2 26
12 2 26
19 1 21
1 1 2
11 1 23
19 1 2
12 2 17
1 2 4
22 1 18
1 1 4
15 1 1
44 1 42
42 1 62
11 2 16
10 1 1
32 1 31
44 1 25
62 1 39
38 2 39
25 2 42
23 2 33
28 1 3
44 1 1
10 2 3
22 1 32
39 1 51
34 1 19
3 2 46
51 1 25
51 1 8
40 1 39
1 4 3
39 1 26
54 1 1
32 1 1
33 1 22
15 2 1
14 1 19
51 1 15
42 1 48
16 1 23
22 1 2
17 2 62
1 5 3
36 2 47
9 2 15
75 1 3
3 2 13
1 2 25
3 7 1
4 2 2
36 1 19
39 1 29
42 1 17
17 2 44
23 1 19
1 2 2
40 1 35
1 1 14
22 1 4
1 2 31
25 1 24
17 1 16
43 1 39
30 1 19
2 2 1
45 1 16
25 1 45
1 2 39
4 2 21
3 2 27
35 2 39
55 1 54
1 7 3
28 1 27
1 2 14
29 2 26
14 1 22
41 1 19
36 2 39
3 2 2
39 1 49
29 1 19
35 1 23
49 1 33
75 1 46
13 1 19
4 2 3
19 1 1
27 1 30
17 2 29
23 1 22
20 1 19
47 1 39
42 1 29
22 1 21
3 5 1
12 2 49
51 1 42
39 1 44
1 2 23
42 1 43
29 2 40
13 1 22
20 1 22
26 1 19
48 1 36
22 1 1
11 1 10
11 1 3
19 1 3
12 2 43
38 1 37
26 2 29
15 2 3
75 1 42
46 2 42
44 2 75
16 1 1
42 1 26
2 2 3
4 2 1
16 1 20
39 1 75
38 1 20
49 1 42
19 1 4
28 2 4
35 1 33
42 1 12
29 1 22
33 1 19
1 2 20
11 1 15
16 1 3
24 1 11
20 2 33
42 1 40
75 2 51
1 2 13
39 1 12
33 2 34
2 2 32
27 1 41
2 2 4
1 1 3
17 1 11
2 2 21
19 1 32
10 2 1
16 1 15
35 1 34
22 1 28
51 1 9
62 1 36
3 2 23
19 1 18
39 1 17
48 1 47
33 2 37
10 1 3
4 2 28
33 2 42
? 1 github_java_program_data/13/161.java

3 1 14
37 1 22
3 4 1
15 1 3
51 1 1
12 1 16
36 1 22
2 2 28
16 1 10
11 1 1
8 2 9
38 1 33
3 2 20
2 2 18
22 1 3
11 1 20
3 1 13
48 2 29
12 1 11
3 1 1
3 2 4
43 1 38
54 1 39
49 2 26
12 2 26
19 1 21
1 1 2
11 1 23
19 1 2
12 2 17
1 2 4
22 1 18
1 1 4
15 1 1
44 1 42
42 1 62
11 2 16
10 1 1
32 1 31
44 1 25
62 1 39
38 2 39
25 2 42
23 2 33
28 1 3
44 1 1
10 2 3
22 1 32
39 1 51
34 1 19
3 2 46
51 1 25
51 1 8
40 1 39
1 4 3
39 1 26
54 1 1
32 1 1
33 1 22
15 2 1
14 1 19
51 1 15
42 1 48
16 1 23
22 1 2
17 2 62
1 5 3
36 2 47
9 2 15
75 1 3
3 2 13
1 2 25
3 7 1
4 2 2
36 1 19
39 1 29
42 1 17
17 2 44
23 1 19
1 2 2
40 1 35
1 1 14
22 1 4
1 2 31
25 1 24
17 1 16
43 1 39
30 1 19
2 2 1
45 1 16
25 1 45
1 2 39
4 2 21
3 2 27
35 2 39
55 1 54
1 7 3
28 1 27
1 2 14
29 2 26
14 1 22
41 1 19
36 2 39
3 2 2
39 1 49
29 1 19
35 1 23
49 1 33
75 1 46
13 1 19
4 2 3
19 1 1
27 1 30
17 2 29
23 1 22
20 1 19
47 1 39
42 1 29
22 1 21
3 5 1
12 2 49
51 1 42
39 1 44
1 2 23
42 1 43
29 2 40
13 1 22
20 1 22
26 1 19
48 1 36
22 1 1
11 1 10
11 1 3
19 1 3
12 2 43
38 1 37
26 2 29
15 2 3
75 1 42
46 2 42
44 2 75
16 1 1
42 1 26
2 2 3
4 2 1
16 1 20
39 1 75
38 1 20
49 1 42
19 1 4
28 2 4
35 1 33
42 1 12
29 1 22
33 1 19
1 2 20
11 1 15
16 1 3
24 1 11
20 2 33
42 1 40
75 2 51
1 2 13
39 1 12
33 2 34
2 2 32
27 1 41
2 2 4
1 1 3
17 1 11
2 2 21
19 1 32
10 2 1
16 1 15
35 1 34
22 1 28
51 1 9
62 1 36
3 2 23
19 1 18
39 1 17
48 1 47
33 2 37
10 1 3
4 2 28
33 2 42
? 1 github_java_program_data/13/191.java

3 1 14
37 1 22
3 4 1
15 1 3
51 1 1
12 1 16
36 1 22
2 2 28
16 1 10
11 1 1
8 2 9
38 1 33
3 2 20
2 2 18
22 1 3
11 1 20
3 1 13
48 2 29
12 1 11
3 1 1
3 2 4
43 1 38
54 1 39
49 2 26
12 2 26
19 1 21
1 1 2
11 1 23
19 1 2
12 2 17
1 2 4
22 1 18
1 1 4
15 1 1
44 1 42
42 1 62
11 2 16
10 1 1
32 1 31
44 1 25
62 1 39
38 2 39
25 2 42
23 2 33
28 1 3
44 1 1
10 2 3
22 1 32
39 1 51
34 1 19
3 2 46
51 1 25
51 1 8
40 1 39
1 4 3
39 1 26
54 1 1
32 1 1
33 1 22
15 2 1
14 1 19
51 1 15
42 1 48
16 1 23
22 1 2
17 2 62
1 5 3
36 2 47
9 2 15
75 1 3
3 2 13
1 2 25
3 7 1
4 2 2
36 1 19
39 1 29
42 1 17
17 2 44
23 1 19
1 2 2
40 1 35
1 1 14
22 1 4
1 2 31
25 1 24
17 1 16
43 1 39
30 1 19
2 2 1
45 1 16
25 1 45
1 2 39
4 2 21
3 2 27
35 2 39
55 1 54
1 7 3
28 1 27
1 2 14
29 2 26
14 1 22
41 1 19
36 2 39
3 2 2
39 1 49
29 1 19
35 1 23
49 1 33
75 1 46
13 1 19
4 2 3
19 1 1
27 1 30
17 2 29
23 1 22
20 1 19
47 1 39
42 1 29
22 1 21
3 5 1
12 2 49
51 1 42
39 1 44
1 2 23
42 1 43
29 2 40
13 1 22
20 1 22
26 1 19
48 1 36
22 1 1
11 1 10
11 1 3
19 1 3
12 2 43
38 1 37
26 2 29
15 2 3
75 1 42
46 2 42
44 2 75
16 1 1
42 1 26
2 2 3
4 2 1
16 1 20
39 1 75
38 1 20
49 1 42
19 1 4
28 2 4
35 1 33
42 1 12
29 1 22
33 1 19
1 2 20
11 1 15
16 1 3
24 1 11
20 2 33
42 1 40
75 2 51
1 2 13
39 1 12
33 2 34
2 2 32
27 1 41
2 2 4
1 1 3
17 1 11
2 2 21
19 1 32
10 2 1
16 1 15
35 1 34
22 1 28
51 1 9
62 1 36
3 2 23
19 1 18
39 1 17
48 1 47
33 2 37
10 1 3
4 2 28
33 2 42
? 1 github_java_program_data/13/192.java

3 1 14
37 1 22
3 4 1
15 1 3
51 1 1
12 1 16
36 1 22
2 2 28
16 1 10
11 1 1
8 2 9
38 1 33
3 2 20
2 2 18
22 1 3
11 1 20
3 1 13
48 2 29
12 1 11
3 1 1
3 2 4
43 1 38
54 1 39
49 2 26
12 2 26
19 1 21
1 1 2
11 1 23
19 1 2
12 2 17
1 2 4
22 1 18
1 1 4
15 1 1
44 1 42
42 1 62
11 2 16
10 1 1
32 1 31
44 1 25
62 1 39
38 2 39
25 2 42
23 2 33
28 1 3
44 1 1
10 2 3
22 1 32
39 1 51
34 1 19
3 2 46
51 1 25
51 1 8
40 1 39
1 4 3
39 1 26
54 1 1
32 1 1
33 1 22
15 2 1
14 1 19
51 1 15
42 1 48
16 1 23
22 1 2
17 2 62
1 5 3
36 2 47
9 2 15
75 1 3
3 2 13
1 2 25
3 7 1
4 2 2
36 1 19
39 1 29
42 1 17
17 2 44
23 1 19
1 2 2
40 1 35
1 1 14
22 1 4
1 2 31
25 1 24
17 1 16
43 1 39
30 1 19
2 2 1
45 1 16
25 1 45
1 2 39
4 2 21
3 2 27
35 2 39
55 1 54
1 7 3
28 1 27
1 2 14
29 2 26
14 1 22
41 1 19
36 2 39
3 2 2
39 1 49
29 1 19
35 1 23
49 1 33
75 1 46
13 1 19
4 2 3
19 1 1
27 1 30
17 2 29
23 1 22
20 1 19
47 1 39
42 1 29
22 1 21
3 5 1
12 2 49
51 1 42
39 1 44
1 2 23
42 1 43
29 2 40
13 1 22
20 1 22
26 1 19
48 1 36
22 1 1
11 1 10
11 1 3
19 1 3
12 2 43
38 1 37
26 2 29
15 2 3
75 1 42
46 2 42
44 2 75
16 1 1
42 1 26
2 2 3
4 2 1
16 1 20
39 1 75
38 1 20
49 1 42
19 1 4
28 2 4
35 1 33
42 1 12
29 1 22
33 1 19
1 2 20
11 1 15
16 1 3
24 1 11
20 2 33
42 1 40
75 2 51
1 2 13
39 1 12
33 2 34
2 2 32
27 1 41
2 2 4
1 1 3
17 1 11
2 2 21
19 1 32
10 2 1
16 1 15
35 1 34
22 1 28
51 1 9
62 1 36
3 2 23
19 1 18
39 1 17
48 1 47
33 2 37
10 1 3
4 2 28
33 2 42
? 1 github_java_program_data/13/222.java

1 1 13
32 1 27
3 1 14
78 1 3
3 4 1
44 1 9
15 1 3
51 1 1
16 1 8
20 2 36
53 2 51
16 1 10
11 1 1
54 1 8
28 1 31
29 1 22
3 2 20
11 1 9
46 2 39
65 2 42
4 2 18
38 1 36
11 1 20
3 1 13
10 1 93
12 1 11
42 1 53
3 1 1
3 2 4
55 1 6
39 1 50
8 2 15
39 1 43
41 1 1
46 1 24
53 1 25
19 1 21
1 1 2
1 2 27
7 1 3
11 1 23
19 1 2
12 2 17
48 1 33
3 1 2
22 1 18
29 2 12
1 1 4
15 1 1
6 2 54
22 1 32
10 1 1
44 1 25
17 2 44
38 2 39
3 1 4
36 1 22
3 2 13
36 2 37
44 1 1
51 1 46
28 1 1
6 2 7
80 1 3
26 1 22
40 1 39
1 4 3
47 1 42
39 1 26
3 2 14
54 1 1
29 2 17
44 2 51
32 1 1
33 1 22
41 2 30
14 1 19
2 2 32
16 1 23
39 1 48
33 1 19
53 1 80
30 1 1
9 2 1
54 1 65
22 1 2
25 2 42
43 1 42
2 2 4
1 2 25
3 7 1
29 1 19
5 1 3
39 1 29
54 1 42
42 1 17
40 1 38
23 1 19
35 2 42
6 1 3
9 2 10
1 2 2
35 1 34
20 1 11
1 1 14
22 1 4
12 2 26
31 1 30
1 2 31
25 1 24
8 2 1
17 1 16
30 1 19
25 2 39
78 2 8
50 1 22
2 2 1
45 1 16
50 6 51
4 2 21
3 2 27
55 1 54
1 7 3
3 1 27
32 1 3
51 2 53
17 2 12
53 1 42
5 2 6
1 2 14
22 1 28
14 1 22
20 1 16
3 2 2
53 1 10
51 1 39
10 2 3
44 1 39
4 2 2
24 1 16
4 2 3
53 1 3
34 1 22
27 1 30
23 1 22
20 1 19
15 2 1
42 1 29
22 1 21
3 5 1
41 1 19
1 5 3
42 1 51
1 2 23
7 2 6
64 1 3
33 2 47
13 1 22
53 1 9
20 1 22
26 1 19
35 1 20
2 2 3
22 1 1
11 1 10
42 1 44
11 1 3
19 1 3
12 2 43
38 1 37
26 2 29
15 2 3
1 2 46
65 1 64
30 1 22
42 1 26
55 1 5
4 2 1
38 1 20
19 1 18
51 1 78
19 1 4
41 1 22
80 2 9
35 1 33
31 1 41
42 1 12
46 1 45
22 1 3
11 1 15
16 1 3
4 2 32
37 1 19
42 1 40
1 2 13
39 1 12
33 2 34
51 1 15
16 1 1
51 1 8
27 1 41
43 2 50
20 2 33
1 1 3
13 1 19
2 2 21
78 1 1
19 1 32
10 2 1
1 2 65
16 1 15
19 1 1
30 1 3
1 2 4
24 1 11
3 2 25
29 2 26
3 2 23
55 1 7
39 1 17
48 1 47
1 2 93
10 1 3
30 2 41
43 1 35
19 1 28
? 1 github_java_program_data/13/249.java

3 1 14
37 1 22
3 4 1
15 1 3
51 1 1
12 1 16
36 1 22
2 2 28
16 1 10
11 1 1
8 2 9
38 1 33
3 2 20
2 2 18
22 1 3
11 1 20
3 1 13
48 2 29
12 1 11
3 1 1
3 2 4
43 1 38
54 1 39
49 2 26
12 2 26
19 1 21
1 1 2
11 1 23
19 1 2
12 2 17
1 2 4
22 1 18
1 1 4
15 1 1
44 1 42
42 1 62
11 2 16
10 1 1
32 1 31
44 1 25
62 1 39
38 2 39
25 2 42
23 2 33
28 1 3
44 1 1
10 2 3
22 1 32
39 1 51
34 1 19
3 2 46
51 1 25
51 1 8
40 1 39
1 4 3
39 1 26
54 1 1
32 1 1
33 1 22
15 2 1
14 1 19
51 1 15
42 1 48
16 1 23
22 1 2
17 2 62
1 5 3
36 2 47
9 2 15
75 1 3
3 2 13
1 2 25
3 7 1
4 2 2
36 1 19
39 1 29
42 1 17
17 2 44
23 1 19
1 2 2
40 1 35
1 1 14
22 1 4
1 2 31
25 1 24
17 1 16
43 1 39
30 1 19
2 2 1
45 1 16
25 1 45
1 2 39
4 2 21
3 2 27
35 2 39
55 1 54
1 7 3
28 1 27
1 2 14
29 2 26
14 1 22
41 1 19
36 2 39
3 2 2
39 1 49
29 1 19
35 1 23
49 1 33
75 1 46
13 1 19
4 2 3
19 1 1
27 1 30
17 2 29
23 1 22
20 1 19
47 1 39
42 1 29
22 1 21
3 5 1
12 2 49
51 1 42
39 1 44
1 2 23
42 1 43
29 2 40
13 1 22
20 1 22
26 1 19
48 1 36
22 1 1
11 1 10
11 1 3
19 1 3
12 2 43
38 1 37
26 2 29
15 2 3
75 1 42
46 2 42
44 2 75
16 1 1
42 1 26
2 2 3
4 2 1
16 1 20
39 1 75
38 1 20
49 1 42
19 1 4
28 2 4
35 1 33
42 1 12
29 1 22
33 1 19
1 2 20
11 1 15
16 1 3
24 1 11
20 2 33
42 1 40
75 2 51
1 2 13
39 1 12
33 2 34
2 2 32
27 1 41
2 2 4
1 1 3
17 1 11
2 2 21
19 1 32
10 2 1
16 1 15
35 1 34
22 1 28
51 1 9
62 1 36
3 2 23
19 1 18
39 1 17
48 1 47
33 2 37
10 1 3
4 2 28
33 2 42
? 1 github_java_program_data/13/252.java

1 1 13
32 1 27
3 1 14
3 4 1
15 1 3
40 2 29
47 2 56
51 1 1
12 1 16
36 1 22
53 1 46
16 1 10
11 1 1
39 1 40
28 1 31
23 1 11
29 1 22
10 2 1
3 2 20
39 1 62
2 2 18
39 1 72
43 2 26
4 2 18
38 1 36
11 1 20
3 1 13
22 1 28
62 2 52
3 1 1
58 1 33
3 2 4
1 2 4
39 1 50
24 1 16
42 1 49
41 1 1
46 1 24
30 2 41
22 1 42
36 2 34
1 2 27
11 1 23
19 1 2
12 2 17
48 1 33
3 1 2
22 1 18
62 1 42
1 1 4
15 1 1
51 1 10
22 1 32
53 1 8
10 1 1
32 1 31
39 1 53
38 2 39
11 1 15
22 2 19
3 1 4
36 2 47
3 2 13
28 1 3
33 2 57
36 2 37
10 2 3
28 1 1
39 1 51
34 1 19
3 2 46
11 2 16
8 2 10
3 2 39
25 1 45
39 1 58
20 1 22
16 1 1
40 1 39
45 1 11
17 2 49
1 2 13
47 1 42
12 2 29
58 1 36
39 1 26
42 1 58
42 1 22
3 2 14
42 1 50
39 1 22
32 1 1
33 1 22
15 2 1
14 1 19
42 1 48
1 4 3
16 1 23
48 2 58
30 1 1
16 2 11
53 2 51
42 1 19
22 1 2
17 2 62
43 2 50
23 2 33
1 2 25
36 2 57
53 1 15
36 1 19
39 1 29
3 2 25
48 1 36
48 1 47
52 1 22
23 1 19
41 2 30
3 7 1
21 2 4
35 2 42
51 1 3
19 2 22
40 1 42
40 1 35
1 1 14
22 1 4
12 2 26
51 2 53
31 1 30
1 2 31
29 2 43
25 1 24
17 1 16
43 1 39
30 1 19
25 2 39
6 2 54
13 1 19
53 1 39
2 2 1
45 1 16
51 1 25
26 2 29
4 2 21
29 1 19
3 2 27
39 1 19
56 1 39
55 1 54
1 7 3
17 2 26
5 2 6
32 1 3
54 1 3
29 2 26
53 1 42
28 1 27
1 2 14
42 1 17
14 1 22
9 2 8
41 1 3
42 1 43
3 2 2
53 1 10
39 1 49
51 1 39
35 1 23
49 1 33
48 1 56
4 2 2
17 1 11
4 2 3
19 1 1
27 1 30
33 2 37
23 1 22
20 1 19
2 2 28
42 1 29
22 1 21
3 5 1
41 1 19
1 5 3
57 1 42
55 1 6
1 2 23
5 1 1
50 1 19
33 2 47
13 1 22
53 1 9
58 2 48
49 1 39
26 1 19
23 2 36
19 1 28
8 2 15
58 1 57
2 2 3
22 1 1
11 1 10
23 1 16
11 1 3
19 1 3
39 1 52
38 1 37
22 1 39
15 2 3
1 2 46
46 2 42
1 1 27
26 1 22
57 1 39
30 1 22
42 1 26
55 1 5
4 2 1
3 2 31
16 1 20
49 1 42
38 1 23
8 2 3
41 1 22
31 1 41
42 1 12
46 1 45
53 1 1
22 1 3
1 2 20
43 1 38
16 1 3
33 2 39
4 2 32
37 1 19
42 1 40
54 1 39
52 6 51
1 1 2
39 1 12
24 2 45
35 1 36
51 1 8
27 1 41
2 2 4
1 1 3
39 1 48
2 2 21
26 2 12
19 1 4
19 1 32
3 1 27
1 2 2
33 2 42
16 1 15
53 1 3
30 1 3
35 1 34
6 1 1
24 1 11
46 2 39
51 1 9
62 1 36
3 2 23
36 2 42
19 1 18
54 1 8
39 1 17
33 1 19
35 2 39
38 1 33
10 1 3
50 6 53
1 1 31
3 1 31
19 1 21
? 1 github_java_program_data/13/255.java

29 2 17
3 1 14
3 4 1
15 1 3
12 1 16
36 1 22
20 2 36
16 1 10
11 1 1
54 1 8
40 1 38
3 2 20
59 1 30
4 2 18
38 1 36
11 1 20
3 1 13
22 1 28
3 1 1
3 2 4
43 1 38
54 1 39
12 2 26
37 1 19
19 1 21
1 1 2
1 2 27
2 2 18
19 1 2
1 2 4
3 1 2
22 1 18
1 1 4
15 1 1
51 1 10
22 1 32
10 1 1
32 1 31
6 2 7
38 2 39
3 1 4
36 2 47
3 2 13
28 1 3
36 2 37
10 2 3
28 1 1
51 1 59
39 1 51
55 1 5
1 5 3
3 2 39
16 1 1
40 1 39
1 4 3
47 1 42
39 1 26
3 2 14
32 1 1
33 1 22
15 2 1
14 1 19
7 2 54
35 2 39
33 1 19
22 1 2
51 1 42
23 2 33
3 7 1
29 1 19
38 2 42
39 1 29
3 2 25
48 1 36
51 1 3
1 2 2
35 1 34
1 1 14
22 1 4
31 1 30
1 2 31
25 1 24
43 1 39
30 1 19
21 2 2
13 1 19
2 2 1
51 1 25
4 2 21
3 2 27
9 2 8
55 1 54
1 7 3
10 2 1
5 2 6
32 1 3
54 1 3
17 2 12
29 2 26
59 2 42
28 1 27
1 2 14
42 1 17
14 1 22
26 2 43
41 1 19
42 1 43
3 2 2
35 1 23
36 1 19
17 1 11
4 2 3
19 1 1
34 1 22
48 1 47
33 2 37
23 1 22
20 1 19
7 1 1
42 1 29
22 1 21
3 5 1
1 1 13
55 1 6
18 2 4
5 1 1
13 1 22
26 1 19
19 1 28
22 1 1
11 1 3
19 1 3
38 1 37
25 2 59
26 2 29
15 2 3
26 1 22
30 1 22
40 2 26
42 1 26
2 2 3
4 2 1
3 2 31
38 1 20
19 1 18
19 1 4
8 2 3
41 1 22
35 1 33
31 1 41
42 1 12
29 1 22
22 1 3
11 1 15
16 1 3
20 2 33
40 2 17
42 1 40
1 2 13
33 2 34
12 2 40
2 2 32
51 1 8
27 1 41
2 2 4
1 1 3
39 1 48
2 2 21
19 1 32
8 2 10
40 1 42
40 1 35
6 1 1
24 1 11
51 1 9
55 1 7
27 1 30
38 1 33
10 1 3
43 1 35
4 2 28
? 1 github_java_program_data/13/274.java

3 1 14
37 1 22
3 4 1
15 1 3
51 1 1
12 1 16
36 1 22
2 2 28
16 1 10
11 1 1
8 2 9
38 1 33
3 2 20
2 2 18
22 1 3
11 1 20
3 1 13
48 2 29
12 1 11
3 1 1
3 2 4
43 1 38
54 1 39
49 2 26
12 2 26
19 1 21
1 1 2
11 1 23
19 1 2
12 2 17
1 2 4
22 1 18
1 1 4
15 1 1
44 1 42
42 1 62
11 2 16
10 1 1
32 1 31
44 1 25
62 1 39
38 2 39
25 2 42
23 2 33
28 1 3
44 1 1
10 2 3
22 1 32
39 1 51
34 1 19
3 2 46
51 1 25
51 1 8
40 1 39
1 4 3
39 1 26
54 1 1
32 1 1
33 1 22
15 2 1
14 1 19
51 1 15
42 1 48
16 1 23
22 1 2
17 2 62
1 5 3
36 2 47
9 2 15
75 1 3
3 2 13
1 2 25
3 7 1
4 2 2
36 1 19
39 1 29
42 1 17
17 2 44
23 1 19
1 2 2
40 1 35
1 1 14
22 1 4
1 2 31
25 1 24
17 1 16
43 1 39
30 1 19
2 2 1
45 1 16
25 1 45
1 2 39
4 2 21
3 2 27
35 2 39
55 1 54
1 7 3
28 1 27
1 2 14
29 2 26
14 1 22
41 1 19
36 2 39
3 2 2
39 1 49
29 1 19
35 1 23
49 1 33
75 1 46
13 1 19
4 2 3
19 1 1
27 1 30
17 2 29
23 1 22
20 1 19
47 1 39
42 1 29
22 1 21
3 5 1
12 2 49
51 1 42
39 1 44
1 2 23
42 1 43
29 2 40
13 1 22
20 1 22
26 1 19
48 1 36
22 1 1
11 1 10
11 1 3
19 1 3
12 2 43
38 1 37
26 2 29
15 2 3
75 1 42
46 2 42
44 2 75
16 1 1
42 1 26
2 2 3
4 2 1
16 1 20
39 1 75
38 1 20
49 1 42
19 1 4
28 2 4
35 1 33
42 1 12
29 1 22
33 1 19
1 2 20
11 1 15
16 1 3
24 1 11
20 2 33
42 1 40
75 2 51
1 2 13
39 1 12
33 2 34
2 2 32
27 1 41
2 2 4
1 1 3
17 1 11
2 2 21
19 1 32
10 2 1
16 1 15
35 1 34
22 1 28
51 1 9
62 1 36
3 2 23
19 1 18
39 1 17
48 1 47
33 2 37
10 1 3
4 2 28
33 2 42
? 1 github_java_program_data/13/281.java

3 1 14
37 1 22
3 4 1
15 1 3
51 1 1
12 1 16
36 1 22
2 2 28
16 1 10
11 1 1
8 2 9
38 1 33
3 2 20
2 2 18
22 1 3
11 1 20
3 1 13
48 2 29
12 1 11
3 1 1
3 2 4
43 1 38
54 1 39
49 2 26
12 2 26
19 1 21
1 1 2
11 1 23
19 1 2
12 2 17
1 2 4
22 1 18
1 1 4
15 1 1
44 1 42
42 1 62
11 2 16
10 1 1
32 1 31
44 1 25
62 1 39
38 2 39
25 2 42
23 2 33
28 1 3
44 1 1
10 2 3
22 1 32
39 1 51
34 1 19
3 2 46
51 1 25
51 1 8
40 1 39
1 4 3
39 1 26
54 1 1
32 1 1
33 1 22
15 2 1
14 1 19
51 1 15
42 1 48
16 1 23
22 1 2
17 2 62
1 5 3
36 2 47
9 2 15
75 1 3
3 2 13
1 2 25
3 7 1
4 2 2
36 1 19
39 1 29
42 1 17
17 2 44
23 1 19
1 2 2
40 1 35
1 1 14
22 1 4
1 2 31
25 1 24
17 1 16
43 1 39
30 1 19
2 2 1
45 1 16
25 1 45
1 2 39
4 2 21
3 2 27
35 2 39
55 1 54
1 7 3
28 1 27
1 2 14
29 2 26
14 1 22
41 1 19
36 2 39
3 2 2
39 1 49
29 1 19
35 1 23
49 1 33
75 1 46
13 1 19
4 2 3
19 1 1
27 1 30
17 2 29
23 1 22
20 1 19
47 1 39
42 1 29
22 1 21
3 5 1
12 2 49
51 1 42
39 1 44
1 2 23
42 1 43
29 2 40
13 1 22
20 1 22
26 1 19
48 1 36
22 1 1
11 1 10
11 1 3
19 1 3
12 2 43
38 1 37
26 2 29
15 2 3
75 1 42
46 2 42
44 2 75
16 1 1
42 1 26
2 2 3
4 2 1
16 1 20
39 1 75
38 1 20
49 1 42
19 1 4
28 2 4
35 1 33
42 1 12
29 1 22
33 1 19
1 2 20
11 1 15
16 1 3
24 1 11
20 2 33
42 1 40
75 2 51
1 2 13
39 1 12
33 2 34
2 2 32
27 1 41
2 2 4
1 1 3
17 1 11
2 2 21
19 1 32
10 2 1
16 1 15
35 1 34
22 1 28
51 1 9
62 1 36
3 2 23
19 1 18
39 1 17
48 1 47
33 2 37
10 1 3
4 2 28
33 2 42
? 1 github_java_program_data/13/311.java

3 1 14
37 1 22
3 4 1
15 1 3
51 1 1
12 1 16
36 1 22
2 2 28
16 1 10
11 1 1
8 2 9
38 1 33
3 2 20
2 2 18
22 1 3
11 1 20
3 1 13
48 2 29
12 1 11
3 1 1
3 2 4
43 1 38
54 1 39
49 2 26
12 2 26
19 1 21
1 1 2
11 1 23
19 1 2
12 2 17
1 2 4
22 1 18
1 1 4
15 1 1
44 1 42
42 1 62
11 2 16
10 1 1
32 1 31
44 1 25
62 1 39
38 2 39
25 2 42
23 2 33
28 1 3
44 1 1
10 2 3
22 1 32
39 1 51
34 1 19
3 2 46
51 1 25
51 1 8
40 1 39
1 4 3
39 1 26
54 1 1
32 1 1
33 1 22
15 2 1
14 1 19
51 1 15
42 1 48
16 1 23
22 1 2
17 2 62
1 5 3
36 2 47
9 2 15
75 1 3
3 2 13
1 2 25
3 7 1
4 2 2
36 1 19
39 1 29
42 1 17
17 2 44
23 1 19
1 2 2
40 1 35
1 1 14
22 1 4
1 2 31
25 1 24
17 1 16
43 1 39
30 1 19
2 2 1
45 1 16
25 1 45
1 2 39
4 2 21
3 2 27
35 2 39
55 1 54
1 7 3
28 1 27
1 2 14
29 2 26
14 1 22
41 1 19
36 2 39
3 2 2
39 1 49
29 1 19
35 1 23
49 1 33
75 1 46
13 1 19
4 2 3
19 1 1
27 1 30
17 2 29
23 1 22
20 1 19
47 1 39
42 1 29
22 1 21
3 5 1
12 2 49
51 1 42
39 1 44
1 2 23
42 1 43
29 2 40
13 1 22
20 1 22
26 1 19
48 1 36
22 1 1
11 1 10
11 1 3
19 1 3
12 2 43
38 1 37
26 2 29
15 2 3
75 1 42
46 2 42
44 2 75
16 1 1
42 1 26
2 2 3
4 2 1
16 1 20
39 1 75
38 1 20
49 1 42
19 1 4
28 2 4
35 1 33
42 1 12
29 1 22
33 1 19
1 2 20
11 1 15
16 1 3
24 1 11
20 2 33
42 1 40
75 2 51
1 2 13
39 1 12
33 2 34
2 2 32
27 1 41
2 2 4
1 1 3
17 1 11
2 2 21
19 1 32
10 2 1
16 1 15
35 1 34
22 1 28
51 1 9
62 1 36
3 2 23
19 1 18
39 1 17
48 1 47
33 2 37
10 1 3
4 2 28
33 2 42
? 1 github_java_program_data/13/312.java

3 1 14
3 4 1
25 2 61
15 1 3
48 1 33
12 1 16
36 1 22
20 2 36
53 1 46
16 1 10
11 1 1
54 1 8
40 1 38
59 1 30
11 1 23
65 2 42
38 1 36
3 1 13
41 2 30
42 1 53
3 1 1
3 2 4
55 1 6
39 1 50
8 2 15
39 1 43
54 1 65
20 2 33
19 1 21
1 2 27
7 1 3
2 2 18
19 1 2
61 2 39
3 1 2
22 1 18
15 1 1
51 1 10
54 1 42
10 1 1
32 1 31
6 2 7
38 2 39
22 2 19
3 1 4
3 2 13
36 2 37
10 2 3
28 1 1
55 1 5
53 1 78
16 1 1
40 1 39
1 4 3
47 1 42
46 2 59
3 2 14
54 1 1
39 1 22
33 1 22
15 2 1
14 1 19
7 2 54
16 1 23
33 1 19
9 2 3
53 2 51
22 1 2
10 1 9
43 1 42
3 7 1
29 1 19
5 1 3
39 1 29
3 2 25
23 1 19
78 2 9
51 1 3
6 1 3
19 2 22
1 2 2
35 1 34
20 1 11
1 1 14
22 1 4
31 1 30
25 1 24
8 2 1
30 1 19
25 2 39
13 1 19
59 2 42
2 2 1
51 1 25
50 6 51
39 1 19
55 1 54
1 7 3
8 2 10
5 2 6
32 1 3
51 2 53
53 1 42
28 1 27
1 2 14
42 1 17
14 1 22
9 2 8
20 1 16
3 2 2
53 1 10
51 1 39
61 1 41
1 2 46
17 1 11
19 1 1
34 1 22
48 1 47
23 1 22
20 1 19
42 1 29
22 1 21
3 5 1
41 1 19
1 5 3
53 1 59
42 1 51
1 2 23
64 1 3
50 1 19
33 2 47
13 1 22
53 1 9
80 1 3
26 1 19
35 1 20
22 1 1
10 2 1
11 1 3
19 1 3
12 2 43
38 1 37
51 1 80
26 2 29
15 2 3
51 1 61
65 1 64
30 1 22
42 1 26
2 2 3
4 2 1
3 2 31
16 1 20
38 1 20
19 1 18
19 1 4
41 1 22
35 1 33
31 1 41
53 1 1
22 1 3
1 2 20
11 1 15
16 1 3
19 1 39
37 1 19
42 1 40
1 2 13
39 1 12
33 2 34
51 1 15
51 1 8
27 1 41
43 2 50
9 2 10
1 1 3
39 1 48
2 2 21
78 1 1
19 1 32
17 2 26
1 2 65
35 2 42
24 1 11
51 1 9
3 2 23
55 1 7
27 1 30
1 1 2
10 1 3
30 2 41
43 1 35
19 1 28
80 2 8
15 1 8
? 1 github_java_program_data/13/326.java

3 1 14
37 1 22
3 4 1
15 1 3
51 1 1
12 1 16
36 1 22
2 2 28
16 1 10
11 1 1
8 2 9
38 1 33
3 2 20
2 2 18
22 1 3
11 1 20
3 1 13
48 2 29
12 1 11
3 1 1
3 2 4
43 1 38
54 1 39
49 2 26
12 2 26
19 1 21
1 1 2
11 1 23
19 1 2
12 2 17
1 2 4
22 1 18
1 1 4
15 1 1
44 1 42
42 1 62
11 2 16
10 1 1
32 1 31
44 1 25
62 1 39
38 2 39
25 2 42
23 2 33
28 1 3
44 1 1
10 2 3
22 1 32
39 1 51
34 1 19
3 2 46
51 1 25
51 1 8
40 1 39
1 4 3
39 1 26
54 1 1
32 1 1
33 1 22
15 2 1
14 1 19
51 1 15
42 1 48
16 1 23
22 1 2
17 2 62
1 5 3
36 2 47
9 2 15
75 1 3
3 2 13
1 2 25
3 7 1
4 2 2
36 1 19
39 1 29
42 1 17
17 2 44
23 1 19
1 2 2
40 1 35
1 1 14
22 1 4
1 2 31
25 1 24
17 1 16
43 1 39
30 1 19
2 2 1
45 1 16
25 1 45
1 2 39
4 2 21
3 2 27
35 2 39
55 1 54
1 7 3
28 1 27
1 2 14
29 2 26
14 1 22
41 1 19
36 2 39
3 2 2
39 1 49
29 1 19
35 1 23
49 1 33
75 1 46
13 1 19
4 2 3
19 1 1
27 1 30
17 2 29
23 1 22
20 1 19
47 1 39
42 1 29
22 1 21
3 5 1
12 2 49
51 1 42
39 1 44
1 2 23
42 1 43
29 2 40
13 1 22
20 1 22
26 1 19
48 1 36
22 1 1
11 1 10
11 1 3
19 1 3
12 2 43
38 1 37
26 2 29
15 2 3
75 1 42
46 2 42
44 2 75
16 1 1
42 1 26
2 2 3
4 2 1
16 1 20
39 1 75
38 1 20
49 1 42
19 1 4
28 2 4
35 1 33
42 1 12
29 1 22
33 1 19
1 2 20
11 1 15
16 1 3
24 1 11
20 2 33
42 1 40
75 2 51
1 2 13
39 1 12
33 2 34
2 2 32
27 1 41
2 2 4
1 1 3
17 1 11
2 2 21
19 1 32
10 2 1
16 1 15
35 1 34
22 1 28
51 1 9
62 1 36
3 2 23
19 1 18
39 1 17
48 1 47
33 2 37
10 1 3
4 2 28
33 2 42
? 1 github_java_program_data/13/341.java

1 1 13
3 1 14
63 1 3
3 4 1
15 1 3
47 2 56
17 2 53
51 1 1
12 1 16
36 1 22
53 1 46
16 1 10
11 1 1
54 1 8
46 1 45
29 2 49
46 2 39
4 2 18
12 2 29
3 1 13
48 2 29
22 1 28
42 1 53
3 1 1
26 2 49
3 2 4
1 2 4
39 1 50
24 1 16
42 1 49
5 2 54
49 2 26
19 1 21
1 2 27
2 2 18
19 1 2
12 2 17
48 1 33
3 1 2
22 1 18
1 1 4
15 1 1
51 1 10
22 1 32
10 1 1
32 1 31
62 1 39
3 1 4
25 2 42
3 2 13
28 1 3
10 2 3
28 1 1
42 1 62
29 2 62
8 2 10
62 1 33
51 1 8
42 1 52
33 2 39
47 1 42
39 1 26
3 2 14
42 1 50
32 1 1
33 1 22
15 2 1
14 1 19
51 1 15
42 1 48
1 4 3
22 1 2
1 5 3
9 2 15
1 2 25
3 7 1
29 1 19
39 1 29
3 2 25
42 1 17
62 2 52
52 1 22
21 2 4
51 1 3
9 2 10
1 2 2
42 1 29
1 1 14
22 1 4
51 2 53
31 1 30
1 2 31
25 1 24
17 1 16
8 2 15
30 1 19
25 2 39
13 1 19
53 1 39
2 2 1
45 1 16
51 1 25
4 2 21
3 2 27
56 1 39
55 1 54
1 7 3
63 1 42
32 1 3
54 1 3
17 2 12
53 1 42
28 1 27
1 2 14
29 2 26
14 1 22
9 2 8
41 1 19
36 2 39
3 2 2
53 1 10
39 1 49
51 1 39
29 2 48
48 1 56
55 1 63
1 2 46
17 1 11
4 2 3
19 1 1
48 1 47
12 1 11
2 2 28
4 2 32
22 1 21
3 5 1
51 1 42
42 1 51
29 2 50
18 2 4
5 1 1
50 1 19
33 2 47
13 1 22
53 1 9
29 2 52
49 1 39
26 1 19
19 1 28
22 1 1
11 1 10
11 1 3
19 1 3
39 1 52
26 2 29
15 2 3
46 2 42
52 1 19
16 1 1
49 2 50
30 1 22
42 1 26
2 2 3
4 2 1
3 2 31
3 2 42
49 1 42
54 1 42
19 1 4
28 2 4
8 2 3
41 1 22
53 1 15
31 1 41
42 1 12
29 1 22
53 1 1
22 1 3
17 2 26
11 1 15
16 1 3
26 1 22
52 6 51
1 2 13
39 1 12
2 2 32
53 2 51
27 1 41
2 2 4
1 1 3
55 1 5
2 2 21
19 1 32
10 2 1
49 1 36
16 1 15
24 1 11
51 1 9
36 2 42
19 1 18
27 1 30
54 2 63
1 1 2
10 1 3
50 6 53
? 1 github_java_program_data/13/352.java

3 1 14
37 1 22
3 4 1
15 1 3
51 1 1
12 1 16
36 1 22
2 2 28
16 1 10
11 1 1
8 2 9
38 1 33
3 2 20
2 2 18
22 1 3
11 1 20
3 1 13
48 2 29
12 1 11
3 1 1
3 2 4
43 1 38
54 1 39
49 2 26
12 2 26
19 1 21
1 1 2
11 1 23
19 1 2
12 2 17
1 2 4
22 1 18
1 1 4
15 1 1
44 1 42
42 1 62
11 2 16
10 1 1
32 1 31
44 1 25
62 1 39
38 2 39
25 2 42
23 2 33
28 1 3
44 1 1
10 2 3
22 1 32
39 1 51
34 1 19
3 2 46
51 1 25
51 1 8
40 1 39
1 4 3
39 1 26
54 1 1
32 1 1
33 1 22
15 2 1
14 1 19
51 1 15
42 1 48
16 1 23
22 1 2
17 2 62
1 5 3
36 2 47
9 2 15
75 1 3
3 2 13
1 2 25
3 7 1
4 2 2
36 1 19
39 1 29
42 1 17
17 2 44
23 1 19
1 2 2
40 1 35
1 1 14
22 1 4
1 2 31
25 1 24
17 1 16
43 1 39
30 1 19
2 2 1
45 1 16
25 1 45
1 2 39
4 2 21
3 2 27
35 2 39
55 1 54
1 7 3
28 1 27
1 2 14
29 2 26
14 1 22
41 1 19
36 2 39
3 2 2
39 1 49
29 1 19
35 1 23
49 1 33
75 1 46
13 1 19
4 2 3
19 1 1
27 1 30
17 2 29
23 1 22
20 1 19
47 1 39
42 1 29
22 1 21
3 5 1
12 2 49
51 1 42
39 1 44
1 2 23
42 1 43
29 2 40
13 1 22
20 1 22
26 1 19
48 1 36
22 1 1
11 1 10
11 1 3
19 1 3
12 2 43
38 1 37
26 2 29
15 2 3
75 1 42
46 2 42
44 2 75
16 1 1
42 1 26
2 2 3
4 2 1
16 1 20
39 1 75
38 1 20
49 1 42
19 1 4
28 2 4
35 1 33
42 1 12
29 1 22
33 1 19
1 2 20
11 1 15
16 1 3
24 1 11
20 2 33
42 1 40
75 2 51
1 2 13
39 1 12
33 2 34
2 2 32
27 1 41
2 2 4
1 1 3
17 1 11
2 2 21
19 1 32
10 2 1
16 1 15
35 1 34
22 1 28
51 1 9
62 1 36
3 2 23
19 1 18
39 1 17
48 1 47
33 2 37
10 1 3
4 2 28
33 2 42
? 1 github_java_program_data/13/371.java

3 1 14
37 1 22
3 4 1
15 1 3
51 1 1
12 1 16
36 1 22
2 2 28
16 1 10
11 1 1
8 2 9
38 1 33
3 2 20
2 2 18
22 1 3
11 1 20
3 1 13
48 2 29
12 1 11
3 1 1
3 2 4
43 1 38
54 1 39
49 2 26
12 2 26
19 1 21
1 1 2
11 1 23
19 1 2
12 2 17
1 2 4
22 1 18
1 1 4
15 1 1
44 1 42
42 1 62
11 2 16
10 1 1
32 1 31
44 1 25
62 1 39
38 2 39
25 2 42
23 2 33
28 1 3
44 1 1
10 2 3
22 1 32
39 1 51
34 1 19
3 2 46
51 1 25
51 1 8
40 1 39
1 4 3
39 1 26
54 1 1
32 1 1
33 1 22
15 2 1
14 1 19
51 1 15
42 1 48
16 1 23
22 1 2
17 2 62
1 5 3
36 2 47
9 2 15
75 1 3
3 2 13
1 2 25
3 7 1
4 2 2
36 1 19
39 1 29
42 1 17
17 2 44
23 1 19
1 2 2
40 1 35
1 1 14
22 1 4
1 2 31
25 1 24
17 1 16
43 1 39
30 1 19
2 2 1
45 1 16
25 1 45
1 2 39
4 2 21
3 2 27
35 2 39
55 1 54
1 7 3
28 1 27
1 2 14
29 2 26
14 1 22
41 1 19
36 2 39
3 2 2
39 1 49
29 1 19
35 1 23
49 1 33
75 1 46
13 1 19
4 2 3
19 1 1
27 1 30
17 2 29
23 1 22
20 1 19
47 1 39
42 1 29
22 1 21
3 5 1
12 2 49
51 1 42
39 1 44
1 2 23
42 1 43
29 2 40
13 1 22
20 1 22
26 1 19
48 1 36
22 1 1
11 1 10
11 1 3
19 1 3
12 2 43
38 1 37
26 2 29
15 2 3
75 1 42
46 2 42
44 2 75
16 1 1
42 1 26
2 2 3
4 2 1
16 1 20
39 1 75
38 1 20
49 1 42
19 1 4
28 2 4
35 1 33
42 1 12
29 1 22
33 1 19
1 2 20
11 1 15
16 1 3
24 1 11
20 2 33
42 1 40
75 2 51
1 2 13
39 1 12
33 2 34
2 2 32
27 1 41
2 2 4
1 1 3
17 1 11
2 2 21
19 1 32
10 2 1
16 1 15
35 1 34
22 1 28
51 1 9
62 1 36
3 2 23
19 1 18
39 1 17
48 1 47
33 2 37
10 1 3
4 2 28
33 2 42
? 1 github_java_program_data/13/401.java

3 1 14
37 1 22
3 4 1
15 1 3
51 1 1
12 1 16
36 1 22
2 2 28
16 1 10
11 1 1
8 2 9
38 1 33
3 2 20
2 2 18
22 1 3
11 1 20
3 1 13
48 2 29
12 1 11
3 1 1
3 2 4
43 1 38
54 1 39
49 2 26
12 2 26
19 1 21
1 1 2
11 1 23
19 1 2
12 2 17
1 2 4
22 1 18
1 1 4
15 1 1
44 1 42
42 1 62
11 2 16
10 1 1
32 1 31
44 1 25
62 1 39
38 2 39
25 2 42
23 2 33
28 1 3
44 1 1
10 2 3
22 1 32
39 1 51
34 1 19
3 2 46
51 1 25
51 1 8
40 1 39
1 4 3
39 1 26
54 1 1
32 1 1
33 1 22
15 2 1
14 1 19
51 1 15
42 1 48
16 1 23
22 1 2
17 2 62
1 5 3
36 2 47
9 2 15
75 1 3
3 2 13
1 2 25
3 7 1
4 2 2
36 1 19
39 1 29
42 1 17
17 2 44
23 1 19
1 2 2
40 1 35
1 1 14
22 1 4
1 2 31
25 1 24
17 1 16
43 1 39
30 1 19
2 2 1
45 1 16
25 1 45
1 2 39
4 2 21
3 2 27
35 2 39
55 1 54
1 7 3
28 1 27
1 2 14
29 2 26
14 1 22
41 1 19
36 2 39
3 2 2
39 1 49
29 1 19
35 1 23
49 1 33
75 1 46
13 1 19
4 2 3
19 1 1
27 1 30
17 2 29
23 1 22
20 1 19
47 1 39
42 1 29
22 1 21
3 5 1
12 2 49
51 1 42
39 1 44
1 2 23
42 1 43
29 2 40
13 1 22
20 1 22
26 1 19
48 1 36
22 1 1
11 1 10
11 1 3
19 1 3
12 2 43
38 1 37
26 2 29
15 2 3
75 1 42
46 2 42
44 2 75
16 1 1
42 1 26
2 2 3
4 2 1
16 1 20
39 1 75
38 1 20
49 1 42
19 1 4
28 2 4
35 1 33
42 1 12
29 1 22
33 1 19
1 2 20
11 1 15
16 1 3
24 1 11
20 2 33
42 1 40
75 2 51
1 2 13
39 1 12
33 2 34
2 2 32
27 1 41
2 2 4
1 1 3
17 1 11
2 2 21
19 1 32
10 2 1
16 1 15
35 1 34
22 1 28
51 1 9
62 1 36
3 2 23
19 1 18
39 1 17
48 1 47
33 2 37
10 1 3
4 2 28
33 2 42
? 1 github_java_program_data/13/402.java

3 1 14
37 1 22
3 4 1
15 1 3
51 1 1
12 1 16
36 1 22
2 2 28
16 1 10
11 1 1
8 2 9
38 1 33
3 2 20
2 2 18
22 1 3
11 1 20
3 1 13
48 2 29
12 1 11
3 1 1
3 2 4
43 1 38
54 1 39
49 2 26
12 2 26
19 1 21
1 1 2
11 1 23
19 1 2
12 2 17
1 2 4
22 1 18
1 1 4
15 1 1
44 1 42
42 1 62
11 2 16
10 1 1
32 1 31
44 1 25
62 1 39
38 2 39
25 2 42
23 2 33
28 1 3
44 1 1
10 2 3
22 1 32
39 1 51
34 1 19
3 2 46
51 1 25
51 1 8
40 1 39
1 4 3
39 1 26
54 1 1
32 1 1
33 1 22
15 2 1
14 1 19
51 1 15
42 1 48
16 1 23
22 1 2
17 2 62
1 5 3
36 2 47
9 2 15
75 1 3
3 2 13
1 2 25
3 7 1
4 2 2
36 1 19
39 1 29
42 1 17
17 2 44
23 1 19
1 2 2
40 1 35
1 1 14
22 1 4
1 2 31
25 1 24
17 1 16
43 1 39
30 1 19
2 2 1
45 1 16
25 1 45
1 2 39
4 2 21
3 2 27
35 2 39
55 1 54
1 7 3
28 1 27
1 2 14
29 2 26
14 1 22
41 1 19
36 2 39
3 2 2
39 1 49
29 1 19
35 1 23
49 1 33
75 1 46
13 1 19
4 2 3
19 1 1
27 1 30
17 2 29
23 1 22
20 1 19
47 1 39
42 1 29
22 1 21
3 5 1
12 2 49
51 1 42
39 1 44
1 2 23
42 1 43
29 2 40
13 1 22
20 1 22
26 1 19
48 1 36
22 1 1
11 1 10
11 1 3
19 1 3
12 2 43
38 1 37
26 2 29
15 2 3
75 1 42
46 2 42
44 2 75
16 1 1
42 1 26
2 2 3
4 2 1
16 1 20
39 1 75
38 1 20
49 1 42
19 1 4
28 2 4
35 1 33
42 1 12
29 1 22
33 1 19
1 2 20
11 1 15
16 1 3
24 1 11
20 2 33
42 1 40
75 2 51
1 2 13
39 1 12
33 2 34
2 2 32
27 1 41
2 2 4
1 1 3
17 1 11
2 2 21
19 1 32
10 2 1
16 1 15
35 1 34
22 1 28
51 1 9
62 1 36
3 2 23
19 1 18
39 1 17
48 1 47
33 2 37
10 1 3
4 2 28
33 2 42
? 1 github_java_program_data/13/42.java

1 1 13
3 1 14
3 4 1
15 1 3
40 2 29
51 1 1
12 1 16
36 1 22
2 2 28
20 2 36
53 1 46
16 1 10
11 1 1
39 1 40
40 1 38
3 2 20
11 1 23
4 2 18
38 1 36
11 1 20
3 1 13
48 1 33
12 1 11
3 1 1
46 2 42
54 1 39
5 2 54
12 2 26
37 1 19
19 1 21
36 2 34
1 2 27
2 2 18
19 1 2
1 2 4
3 1 2
22 1 18
1 1 4
15 1 1
51 1 10
22 1 32
10 1 1
32 1 31
54 1 8
16 1 23
22 2 19
3 1 4
25 2 42
3 2 13
28 1 3
36 2 37
10 2 3
28 1 1
39 1 51
34 1 19
8 2 10
26 1 22
40 1 39
1 4 3
39 1 26
54 1 1
39 1 22
32 1 1
33 1 22
15 2 1
14 1 19
42 1 48
35 2 39
53 2 51
22 1 2
1 5 3
1 2 25
3 7 1
29 1 19
5 1 3
38 2 42
39 1 29
23 1 19
19 2 22
1 2 2
40 1 35
22 1 3
20 1 11
1 1 14
22 1 4
19 1 3
1 2 31
25 1 24
8 2 1
17 1 16
43 1 39
30 1 19
13 1 19
2 2 1
45 1 16
51 1 25
22 1 39
4 2 21
3 2 27
39 1 19
55 1 54
1 7 3
17 2 26
51 2 53
17 2 12
29 2 26
53 1 42
28 1 27
1 2 14
42 1 17
14 1 22
9 2 8
41 1 19
42 1 43
3 2 2
53 1 10
1 2 46
17 1 11
4 2 3
19 1 1
34 1 22
48 1 47
23 1 22
20 1 19
47 1 39
42 1 29
22 1 21
3 5 1
20 1 16
51 1 42
24 1 11
1 2 23
33 2 47
13 1 22
29 1 22
20 1 22
26 1 19
35 1 20
22 1 1
11 1 10
11 1 3
39 1 53
12 2 43
38 1 37
26 2 29
15 2 3
3 2 4
16 1 1
42 1 26
2 2 3
4 2 1
16 1 20
38 1 20
19 1 4
35 1 33
31 1 41
42 1 12
46 1 45
53 1 1
33 1 19
11 1 15
16 1 3
20 2 33
42 1 40
1 2 13
33 2 34
12 2 40
35 1 36
51 1 8
1 2 39
1 1 3
55 1 5
2 2 21
19 1 32
10 2 1
40 1 42
16 1 15
35 1 34
22 1 28
51 1 9
3 2 23
19 1 18
39 1 17
27 1 30
1 1 2
10 1 3
43 1 35
? 1 github_java_program_data/13/423.java

3 1 14
37 1 22
3 4 1
15 1 3
51 1 1
12 1 16
36 1 22
2 2 28
16 1 10
11 1 1
8 2 9
38 1 33
3 2 20
2 2 18
22 1 3
11 1 20
3 1 13
48 2 29
12 1 11
3 1 1
3 2 4
43 1 38
54 1 39
49 2 26
12 2 26
19 1 21
1 1 2
11 1 23
19 1 2
12 2 17
1 2 4
22 1 18
1 1 4
15 1 1
44 1 42
42 1 62
11 2 16
10 1 1
32 1 31
44 1 25
62 1 39
38 2 39
25 2 42
23 2 33
28 1 3
44 1 1
10 2 3
22 1 32
39 1 51
34 1 19
3 2 46
51 1 25
51 1 8
40 1 39
1 4 3
39 1 26
54 1 1
32 1 1
33 1 22
15 2 1
14 1 19
51 1 15
42 1 48
16 1 23
22 1 2
17 2 62
1 5 3
36 2 47
9 2 15
75 1 3
3 2 13
1 2 25
3 7 1
4 2 2
36 1 19
39 1 29
42 1 17
17 2 44
23 1 19
1 2 2
40 1 35
1 1 14
22 1 4
1 2 31
25 1 24
17 1 16
43 1 39
30 1 19
2 2 1
45 1 16
25 1 45
1 2 39
4 2 21
3 2 27
35 2 39
55 1 54
1 7 3
28 1 27
1 2 14
29 2 26
14 1 22
41 1 19
36 2 39
3 2 2
39 1 49
29 1 19
35 1 23
49 1 33
75 1 46
13 1 19
4 2 3
19 1 1
27 1 30
17 2 29
23 1 22
20 1 19
47 1 39
42 1 29
22 1 21
3 5 1
12 2 49
51 1 42
39 1 44
1 2 23
42 1 43
29 2 40
13 1 22
20 1 22
26 1 19
48 1 36
22 1 1
11 1 10
11 1 3
19 1 3
12 2 43
38 1 37
26 2 29
15 2 3
75 1 42
46 2 42
44 2 75
16 1 1
42 1 26
2 2 3
4 2 1
16 1 20
39 1 75
38 1 20
49 1 42
19 1 4
28 2 4
35 1 33
42 1 12
29 1 22
33 1 19
1 2 20
11 1 15
16 1 3
24 1 11
20 2 33
42 1 40
75 2 51
1 2 13
39 1 12
33 2 34
2 2 32
27 1 41
2 2 4
1 1 3
17 1 11
2 2 21
19 1 32
10 2 1
16 1 15
35 1 34
22 1 28
51 1 9
62 1 36
3 2 23
19 1 18
39 1 17
48 1 47
33 2 37
10 1 3
4 2 28
33 2 42
? 1 github_java_program_data/13/432.java

1 1 14
22 1 4
12 2 26
51 1 9
3 1 14
1 2 31
29 2 43
25 1 24
3 4 1
20 1 19
15 1 3
17 1 16
43 1 39
30 1 19
12 1 16
36 1 22
42 1 17
2 2 1
51 1 25
1 2 4
20 2 36
16 1 10
3 2 27
15 2 3
11 1 1
1 7 3
8 2 9
33 2 37
40 1 38
32 1 3
3 2 20
1 2 39
4 2 18
3 2 13
28 1 27
1 2 14
38 1 36
3 1 13
14 1 22
12 1 11
41 1 19
42 1 43
3 1 1
3 2 4
35 1 23
23 2 33
35 1 34
10 2 3
43 1 38
54 1 39
38 2 42
13 1 19
4 2 3
19 1 1
34 1 22
27 1 30
20 2 33
19 1 21
23 1 22
22 1 28
42 1 29
22 1 21
3 5 1
1 1 13
19 1 2
1 2 2
51 1 1
3 1 2
22 1 18
18 2 4
1 1 4
13 1 22
29 2 26
51 1 10
22 1 32
11 2 16
10 1 1
32 1 31
26 1 19
42 1 26
38 2 39
16 2 11
3 1 4
36 2 47
22 1 1
10 2 1
28 1 3
11 1 3
19 1 3
38 1 37
28 1 1
1 2 27
39 1 51
51 1 8
1 5 3
51 1 42
30 1 22
19 1 28
2 2 3
4 2 1
26 1 22
40 1 39
3 2 31
16 1 20
38 1 20
1 2 13
47 1 42
3 2 2
19 1 4
3 2 14
41 1 22
33 2 34
54 1 1
35 1 33
31 1 41
42 1 12
29 1 22
32 1 1
33 1 19
15 2 1
14 1 19
11 1 15
16 1 3
1 4 3
35 2 39
26 2 40
37 1 19
42 1 40
38 1 33
55 1 54
2 2 32
26 2 29
29 2 17
22 1 2
2 2 4
33 1 22
1 1 3
39 1 48
2 2 21
25 2 42
39 1 26
19 1 32
17 2 26
43 1 35
1 2 25
3 7 1
29 1 19
36 1 19
39 1 29
24 1 11
48 1 36
19 1 18
48 1 47
21 2 4
36 2 37
1 1 2
10 1 3
9 2 10
40 1 42
40 1 35
40 2 29
22 1 3
? 1 github_java_program_data/13/437.java

3 1 14
37 1 22
3 4 1
15 1 3
51 1 1
12 1 16
36 1 22
2 2 28
16 1 10
11 1 1
8 2 9
38 1 33
3 2 20
2 2 18
22 1 3
11 1 20
3 1 13
48 2 29
12 1 11
3 1 1
3 2 4
43 1 38
54 1 39
49 2 26
12 2 26
19 1 21
1 1 2
11 1 23
19 1 2
12 2 17
1 2 4
22 1 18
1 1 4
15 1 1
44 1 42
42 1 62
11 2 16
10 1 1
32 1 31
44 1 25
62 1 39
38 2 39
25 2 42
23 2 33
28 1 3
44 1 1
10 2 3
22 1 32
39 1 51
34 1 19
3 2 46
51 1 25
51 1 8
40 1 39
1 4 3
39 1 26
54 1 1
32 1 1
33 1 22
15 2 1
14 1 19
51 1 15
42 1 48
16 1 23
22 1 2
17 2 62
1 5 3
36 2 47
9 2 15
75 1 3
3 2 13
1 2 25
3 7 1
4 2 2
36 1 19
39 1 29
42 1 17
17 2 44
23 1 19
1 2 2
40 1 35
1 1 14
22 1 4
1 2 31
25 1 24
17 1 16
43 1 39
30 1 19
2 2 1
45 1 16
25 1 45
1 2 39
4 2 21
3 2 27
35 2 39
55 1 54
1 7 3
28 1 27
1 2 14
29 2 26
14 1 22
41 1 19
36 2 39
3 2 2
39 1 49
29 1 19
35 1 23
49 1 33
75 1 46
13 1 19
4 2 3
19 1 1
27 1 30
17 2 29
23 1 22
20 1 19
47 1 39
42 1 29
22 1 21
3 5 1
12 2 49
51 1 42
39 1 44
1 2 23
42 1 43
29 2 40
13 1 22
20 1 22
26 1 19
48 1 36
22 1 1
11 1 10
11 1 3
19 1 3
12 2 43
38 1 37
26 2 29
15 2 3
75 1 42
46 2 42
44 2 75
16 1 1
42 1 26
2 2 3
4 2 1
16 1 20
39 1 75
38 1 20
49 1 42
19 1 4
28 2 4
35 1 33
42 1 12
29 1 22
33 1 19
1 2 20
11 1 15
16 1 3
24 1 11
20 2 33
42 1 40
75 2 51
1 2 13
39 1 12
33 2 34
2 2 32
27 1 41
2 2 4
1 1 3
17 1 11
2 2 21
19 1 32
10 2 1
16 1 15
35 1 34
22 1 28
51 1 9
62 1 36
3 2 23
19 1 18
39 1 17
48 1 47
33 2 37
10 1 3
4 2 28
33 2 42
? 1 github_java_program_data/13/461.java

3 1 14
37 1 22
3 4 1
15 1 3
51 1 1
12 1 16
36 1 22
2 2 28
16 1 10
11 1 1
8 2 9
38 1 33
3 2 20
2 2 18
22 1 3
11 1 20
3 1 13
48 2 29
12 1 11
3 1 1
3 2 4
43 1 38
54 1 39
49 2 26
12 2 26
19 1 21
1 1 2
11 1 23
19 1 2
12 2 17
1 2 4
22 1 18
1 1 4
15 1 1
44 1 42
42 1 62
11 2 16
10 1 1
32 1 31
44 1 25
62 1 39
38 2 39
25 2 42
23 2 33
28 1 3
44 1 1
10 2 3
22 1 32
39 1 51
34 1 19
3 2 46
51 1 25
51 1 8
40 1 39
1 4 3
39 1 26
54 1 1
32 1 1
33 1 22
15 2 1
14 1 19
51 1 15
42 1 48
16 1 23
22 1 2
17 2 62
1 5 3
36 2 47
9 2 15
75 1 3
3 2 13
1 2 25
3 7 1
4 2 2
36 1 19
39 1 29
42 1 17
17 2 44
23 1 19
1 2 2
40 1 35
1 1 14
22 1 4
1 2 31
25 1 24
17 1 16
43 1 39
30 1 19
2 2 1
45 1 16
25 1 45
1 2 39
4 2 21
3 2 27
35 2 39
55 1 54
1 7 3
28 1 27
1 2 14
29 2 26
14 1 22
41 1 19
36 2 39
3 2 2
39 1 49
29 1 19
35 1 23
49 1 33
75 1 46
13 1 19
4 2 3
19 1 1
27 1 30
17 2 29
23 1 22
20 1 19
47 1 39
42 1 29
22 1 21
3 5 1
12 2 49
51 1 42
39 1 44
1 2 23
42 1 43
29 2 40
13 1 22
20 1 22
26 1 19
48 1 36
22 1 1
11 1 10
11 1 3
19 1 3
12 2 43
38 1 37
26 2 29
15 2 3
75 1 42
46 2 42
44 2 75
16 1 1
42 1 26
2 2 3
4 2 1
16 1 20
39 1 75
38 1 20
49 1 42
19 1 4
28 2 4
35 1 33
42 1 12
29 1 22
33 1 19
1 2 20
11 1 15
16 1 3
24 1 11
20 2 33
42 1 40
75 2 51
1 2 13
39 1 12
33 2 34
2 2 32
27 1 41
2 2 4
1 1 3
17 1 11
2 2 21
19 1 32
10 2 1
16 1 15
35 1 34
22 1 28
51 1 9
62 1 36
3 2 23
19 1 18
39 1 17
48 1 47
33 2 37
10 1 3
4 2 28
33 2 42
? 1 github_java_program_data/13/462.java

1 1 14
3 1 14
37 1 22
3 4 1
15 1 3
51 1 1
12 1 16
36 1 22
20 2 36
53 1 46
16 1 10
11 1 1
39 1 40
40 1 38
11 1 23
35 2 39
4 2 18
38 1 36
11 1 20
3 1 13
12 1 11
3 1 1
3 2 4
1 2 4
43 1 38
54 1 39
5 2 54
12 2 26
37 1 19
19 1 21
1 2 27
2 2 18
19 1 2
48 1 33
3 1 2
22 1 18
1 1 4
15 1 1
51 1 10
53 1 8
10 1 1
32 1 31
39 1 53
38 2 39
22 2 19
3 1 4
25 2 42
3 2 13
28 1 3
36 2 37
10 2 3
28 1 1
39 1 51
51 1 8
45 1 11
1 4 3
39 1 26
3 2 14
54 1 1
39 1 22
32 1 1
33 1 22
15 2 1
14 1 19
42 1 48
16 1 23
33 1 19
22 1 2
1 5 3
1 2 25
3 7 1
53 1 15
5 1 3
36 1 19
39 1 29
23 1 19
35 2 42
19 2 22
1 2 2
35 1 34
20 1 11
1 1 13
22 1 4
1 2 31
25 1 24
8 2 1
17 1 16
43 1 39
2 2 1
51 1 25
1 2 39
3 2 27
39 1 19
55 1 54
1 7 3
10 2 1
32 1 3
51 2 53
17 2 12
53 1 42
28 1 27
1 2 14
42 1 17
14 1 22
26 2 43
20 1 16
42 1 43
3 2 2
29 1 19
38 2 42
13 1 19
4 2 3
19 1 1
34 1 22
27 1 30
23 1 22
20 1 19
47 1 39
42 1 29
22 1 21
3 5 1
51 1 42
1 2 23
33 2 47
13 1 22
53 1 9
26 1 19
35 1 20
8 2 15
26 2 40
51 1 9
22 1 1
11 1 10
11 1 3
19 1 3
12 2 43
38 1 37
9 2 8
26 2 29
15 2 3
1 2 46
46 2 42
16 1 1
30 1 22
40 2 26
42 1 26
2 2 3
4 2 1
3 2 31
16 1 20
38 1 20
19 1 4
41 1 22
35 1 33
31 1 41
42 1 12
46 1 45
53 1 1
22 1 3
1 2 20
11 1 15
16 1 3
26 1 22
19 1 39
20 2 33
42 1 40
1 2 13
33 2 34
2 2 4
1 1 3
55 1 5
2 2 21
19 1 32
8 2 10
40 1 42
16 1 15
40 1 35
24 1 11
29 2 26
3 2 23
19 1 18
54 1 8
48 1 47
1 1 2
10 1 3
43 1 35
19 1 28
? 1 github_java_program_data/13/480.java

3 1 14
37 1 22
3 4 1
15 1 3
51 1 1
12 1 16
36 1 22
2 2 28
16 1 10
11 1 1
8 2 9
38 1 33
3 2 20
2 2 18
22 1 3
11 1 20
3 1 13
48 2 29
12 1 11
3 1 1
3 2 4
43 1 38
54 1 39
49 2 26
12 2 26
19 1 21
1 1 2
11 1 23
19 1 2
12 2 17
1 2 4
22 1 18
1 1 4
15 1 1
44 1 42
42 1 62
11 2 16
10 1 1
32 1 31
44 1 25
62 1 39
38 2 39
25 2 42
23 2 33
28 1 3
44 1 1
10 2 3
22 1 32
39 1 51
34 1 19
3 2 46
51 1 25
51 1 8
40 1 39
1 4 3
39 1 26
54 1 1
32 1 1
33 1 22
15 2 1
14 1 19
51 1 15
42 1 48
16 1 23
22 1 2
17 2 62
1 5 3
36 2 47
9 2 15
75 1 3
3 2 13
1 2 25
3 7 1
4 2 2
36 1 19
39 1 29
42 1 17
17 2 44
23 1 19
1 2 2
40 1 35
1 1 14
22 1 4
1 2 31
25 1 24
17 1 16
43 1 39
30 1 19
2 2 1
45 1 16
25 1 45
1 2 39
4 2 21
3 2 27
35 2 39
55 1 54
1 7 3
28 1 27
1 2 14
29 2 26
14 1 22
41 1 19
36 2 39
3 2 2
39 1 49
29 1 19
35 1 23
49 1 33
75 1 46
13 1 19
4 2 3
19 1 1
27 1 30
17 2 29
23 1 22
20 1 19
47 1 39
42 1 29
22 1 21
3 5 1
12 2 49
51 1 42
39 1 44
1 2 23
42 1 43
29 2 40
13 1 22
20 1 22
26 1 19
48 1 36
22 1 1
11 1 10
11 1 3
19 1 3
12 2 43
38 1 37
26 2 29
15 2 3
75 1 42
46 2 42
44 2 75
16 1 1
42 1 26
2 2 3
4 2 1
16 1 20
39 1 75
38 1 20
49 1 42
19 1 4
28 2 4
35 1 33
42 1 12
29 1 22
33 1 19
1 2 20
11 1 15
16 1 3
24 1 11
20 2 33
42 1 40
75 2 51
1 2 13
39 1 12
33 2 34
2 2 32
27 1 41
2 2 4
1 1 3
17 1 11
2 2 21
19 1 32
10 2 1
16 1 15
35 1 34
22 1 28
51 1 9
62 1 36
3 2 23
19 1 18
39 1 17
48 1 47
33 2 37
10 1 3
4 2 28
33 2 42
? 1 github_java_program_data/13/491.java

22 1 4
31 1 30
1 2 31
25 1 24
3 4 1
4 2 3
15 1 3
43 1 39
30 1 19
12 1 16
6 2 54
36 1 22
2 2 1
2 2 28
51 1 25
1 2 4
20 2 36
20 1 16
16 1 10
3 2 27
15 2 3
11 1 1
39 1 40
10 2 1
40 1 38
54 1 3
25 2 10
29 2 26
11 1 23
35 2 39
28 1 27
38 1 36
1 5 3
3 2 20
12 2 17
9 2 8
22 1 28
41 1 19
42 1 43
3 1 1
3 2 4
17 2 43
64 1 3
10 2 3
54 1 39
1 2 23
17 1 11
55 1 6
19 1 1
34 1 22
27 1 30
20 2 33
19 1 21
23 1 22
20 1 19
47 1 39
1 2 27
22 1 21
3 5 1
41 1 3
51 1 42
19 1 2
1 2 2
48 1 33
3 1 2
22 1 18
5 1 1
1 1 4
15 1 1
51 1 46
51 1 10
22 1 32
10 1 1
32 1 31
26 1 19
35 1 20
3 2 2
51 1 9
22 1 1
28 1 3
11 1 3
19 1 3
38 1 37
28 1 1
26 2 29
39 1 51
46 2 42
1 2 64
3 2 46
26 1 22
41 2 30
2 2 18
30 1 22
39 1 29
43 1 35
19 1 28
2 2 3
4 2 1
16 1 1
45 1 11
16 1 20
38 1 20
1 4 3
32 2 4
4 2 21
19 1 4
8 2 25
8 2 3
41 1 22
33 2 34
35 1 33
31 1 41
42 1 12
46 1 45
32 1 1
22 1 3
15 2 1
11 1 15
42 1 48
16 1 3
16 1 23
4 2 32
21 2 2
33 1 19
37 1 19
24 1 1
51 1 3
30 1 1
55 1 54
51 1 8
22 1 2
27 1 41
2 2 4
33 2 47
5 2 6
1 1 3
55 1 5
39 1 26
19 1 32
3 1 27
40 1 42
3 2 39
3 7 1
29 1 19
38 2 42
24 1 64
6 1 1
42 1 17
3 2 23
23 1 19
54 1 8
48 1 47
36 2 37
1 1 2
10 1 3
1 1 31
35 1 34
20 1 11
? 1 github_java_program_data/13/501.java

1 1 14
3 1 14
15 1 3
37 1 22
12 1 16
16 1 10
11 1 1
54 1 8
15 2 1
23 1 11
40 1 38
3 2 20
11 1 9
2 2 18
4 2 18
38 1 36
11 1 20
3 1 13
48 1 33
12 1 11
42 1 53
3 1 1
3 2 4
1 2 4
24 1 16
5 2 54
39 1 43
46 1 24
53 1 25
19 1 21
1 2 27
51 1 46
46 2 39
19 1 2
51 1 1
3 1 2
22 1 18
1 1 4
15 1 1
51 1 10
22 1 32
53 1 8
10 1 1
32 1 31
44 1 25
38 2 39
3 1 4
25 2 42
3 2 13
28 1 3
36 2 37
44 1 1
10 2 3
28 1 1
23 2 36
34 1 19
3 2 46
16 1 66
16 1 1
40 1 39
45 1 11
1 4 3
47 1 42
12 2 29
39 1 26
3 2 14
32 1 1
33 1 22
41 2 30
14 1 19
44 2 12
16 1 23
3 2 66
39 1 48
24 2 45
22 1 2
8 2 9
1 5 3
43 1 42
9 2 15
23 2 33
1 2 25
3 7 1
53 1 15
36 1 19
39 1 29
54 1 42
42 1 17
48 1 47
23 1 19
35 2 42
51 1 3
9 2 10
1 2 2
40 1 35
1 1 13
22 1 4
51 2 53
31 1 30
1 2 31
25 1 24
17 1 16
30 1 19
25 2 39
53 1 39
2 2 1
25 1 45
4 2 21
29 1 19
3 2 27
35 2 39
12 2 51
55 1 54
1 7 3
32 1 3
54 1 3
53 1 42
28 1 27
1 2 14
22 1 28
14 1 22
41 1 19
3 2 2
53 1 10
51 1 39
35 1 23
44 1 39
1 2 46
13 1 19
4 2 3
19 1 1
27 1 30
17 2 29
20 1 19
3 2 25
42 1 29
22 1 21
3 5 1
20 1 16
51 1 42
42 1 51
5 1 1
33 2 47
13 1 22
53 1 9
20 1 22
26 1 19
35 1 20
22 1 1
11 1 10
42 1 44
23 1 16
11 1 3
19 1 3
43 2 26
38 1 37
26 2 29
15 2 3
46 2 42
26 1 22
42 1 26
2 2 3
4 2 1
3 2 31
16 1 20
3 2 42
38 1 23
8 2 3
41 1 22
35 1 33
31 1 41
42 1 12
29 1 22
53 1 1
22 1 3
1 2 20
11 1 15
16 1 3
42 1 40
1 2 13
39 1 12
33 2 34
51 1 15
53 2 51
27 1 41
2 2 4
1 1 3
55 1 5
26 2 12
19 1 4
19 1 32
10 2 1
16 1 15
53 1 3
35 1 34
24 1 11
66 1 22
29 2 26
3 2 23
19 1 18
33 1 19
1 1 2
10 1 3
43 1 35
4 2 28
19 1 28
? 1 github_java_program_data/13/520.java

3 1 14
37 1 22
3 4 1
15 1 3
51 1 1
12 1 16
36 1 22
2 2 28
16 1 10
11 1 1
8 2 9
38 1 33
3 2 20
2 2 18
22 1 3
11 1 20
3 1 13
48 2 29
12 1 11
3 1 1
3 2 4
43 1 38
54 1 39
49 2 26
12 2 26
19 1 21
1 1 2
11 1 23
19 1 2
12 2 17
1 2 4
22 1 18
1 1 4
15 1 1
44 1 42
42 1 62
11 2 16
10 1 1
32 1 31
44 1 25
62 1 39
38 2 39
25 2 42
23 2 33
28 1 3
44 1 1
10 2 3
22 1 32
39 1 51
34 1 19
3 2 46
51 1 25
51 1 8
40 1 39
1 4 3
39 1 26
54 1 1
32 1 1
33 1 22
15 2 1
14 1 19
51 1 15
42 1 48
16 1 23
22 1 2
17 2 62
1 5 3
36 2 47
9 2 15
75 1 3
3 2 13
1 2 25
3 7 1
4 2 2
36 1 19
39 1 29
42 1 17
17 2 44
23 1 19
1 2 2
40 1 35
1 1 14
22 1 4
1 2 31
25 1 24
17 1 16
43 1 39
30 1 19
2 2 1
45 1 16
25 1 45
1 2 39
4 2 21
3 2 27
35 2 39
55 1 54
1 7 3
28 1 27
1 2 14
29 2 26
14 1 22
41 1 19
36 2 39
3 2 2
39 1 49
29 1 19
35 1 23
49 1 33
75 1 46
13 1 19
4 2 3
19 1 1
27 1 30
17 2 29
23 1 22
20 1 19
47 1 39
42 1 29
22 1 21
3 5 1
12 2 49
51 1 42
39 1 44
1 2 23
42 1 43
29 2 40
13 1 22
20 1 22
26 1 19
48 1 36
22 1 1
11 1 10
11 1 3
19 1 3
12 2 43
38 1 37
26 2 29
15 2 3
75 1 42
46 2 42
44 2 75
16 1 1
42 1 26
2 2 3
4 2 1
16 1 20
39 1 75
38 1 20
49 1 42
19 1 4
28 2 4
35 1 33
42 1 12
29 1 22
33 1 19
1 2 20
11 1 15
16 1 3
24 1 11
20 2 33
42 1 40
75 2 51
1 2 13
39 1 12
33 2 34
2 2 32
27 1 41
2 2 4
1 1 3
17 1 11
2 2 21
19 1 32
10 2 1
16 1 15
35 1 34
22 1 28
51 1 9
62 1 36
3 2 23
19 1 18
39 1 17
48 1 47
33 2 37
10 1 3
4 2 28
33 2 42
? 1 github_java_program_data/13/522.java

1 1 14
3 1 14
46 2 42
3 4 1
15 1 3
40 2 29
42 1 50
37 1 22
12 1 16
16 1 8
2 2 28
20 2 36
53 1 46
16 1 10
11 1 1
39 1 40
15 2 1
40 1 38
7 1 3
3 2 20
11 1 9
3 7 1
2 2 18
4 2 18
38 1 36
11 1 20
3 1 13
48 1 33
45 2 24
12 1 11
29 2 40
3 1 1
58 1 33
57 2 56
3 2 4
17 2 43
17 2 51
1 2 4
24 1 16
54 1 39
39 1 43
46 1 24
30 2 41
19 1 21
48 2 26
51 2 53
1 2 27
58 1 56
11 1 23
19 1 2
12 2 17
51 1 1
3 1 2
22 1 18
29 2 12
1 1 4
15 1 1
51 1 10
22 1 32
53 1 8
10 1 1
32 1 31
6 2 7
54 1 8
38 2 39
11 1 15
3 1 4
36 1 22
3 2 13
28 1 3
33 2 57
36 2 37
10 2 3
28 1 1
39 1 51
34 1 19
3 2 46
25 1 45
16 1 1
45 1 11
1 4 3
47 1 42
12 2 29
58 1 36
39 1 26
42 1 58
36 2 47
3 2 14
54 1 1
29 2 17
32 1 1
33 1 22
54 1 65
14 1 19
7 2 54
42 1 48
16 1 23
24 2 45
22 1 2
1 5 3
25 2 42
43 1 42
9 2 15
2 2 4
23 2 33
1 2 25
36 2 57
29 1 19
36 1 19
39 1 29
48 1 36
23 1 19
41 2 30
21 2 4
35 2 42
6 1 3
9 2 10
1 2 2
40 1 35
22 1 3
1 1 13
22 1 4
12 2 26
19 1 3
31 1 30
1 2 31
25 1 24
8 2 1
17 1 16
43 1 39
30 1 19
25 2 39
21 2 2
50 1 22
53 1 39
2 2 1
45 1 16
51 1 25
50 6 51
4 2 21
3 2 27
35 2 39
56 1 39
55 1 54
1 7 3
8 2 10
32 1 3
48 2 58
17 2 12
29 2 26
53 1 42
26 2 50
28 1 27
1 2 14
42 1 17
4 2 32
14 1 22
41 1 19
42 1 43
3 2 2
53 1 10
53 1 15
35 1 23
26 2 48
38 2 42
17 1 11
4 2 3
19 1 1
34 1 22
27 1 30
17 2 29
23 1 22
20 1 19
47 1 39
42 1 29
22 1 21
3 5 1
51 1 42
24 1 11
55 1 6
1 2 23
7 2 6
18 2 4
64 1 3
33 2 47
13 1 22
29 1 22
20 1 22
26 1 19
19 1 28
8 2 15
26 2 40
58 1 57
22 1 1
11 1 10
11 1 3
39 1 53
12 2 43
38 1 37
26 2 29
15 2 3
51 1 39
4 2 2
65 1 64
57 1 39
17 2 26
30 1 22
42 1 26
2 2 3
4 2 1
3 2 31
16 1 20
38 1 20
19 1 18
17 2 58
19 1 4
28 2 4
41 1 22
35 1 33
31 1 41
42 1 12
46 1 45
53 1 1
33 1 19
1 2 20
43 1 38
16 1 3
26 1 22
37 1 19
46 2 39
1 2 13
39 1 12
33 2 34
18 2 2
51 1 15
53 2 51
27 1 41
1 2 46
40 2 43
1 1 3
13 1 19
2 2 21
19 1 32
10 2 1
40 1 42
1 2 65
40 2 12
16 1 15
53 1 3
43 2 26
35 1 34
22 1 28
51 1 9
3 2 23
55 1 7
39 1 17
48 1 47
65 2 39
1 1 2
10 1 3
43 1 35
4 2 28
? 1 github_java_program_data/13/528.java

3 1 14
37 1 22
3 4 1
15 1 3
51 1 1
12 1 16
36 1 22
2 2 28
16 1 10
11 1 1
8 2 9
38 1 33
3 2 20
2 2 18
22 1 3
11 1 20
3 1 13
48 2 29
12 1 11
3 1 1
3 2 4
43 1 38
54 1 39
49 2 26
12 2 26
19 1 21
1 1 2
11 1 23
19 1 2
12 2 17
1 2 4
22 1 18
1 1 4
15 1 1
44 1 42
42 1 62
11 2 16
10 1 1
32 1 31
44 1 25
62 1 39
38 2 39
25 2 42
23 2 33
28 1 3
44 1 1
10 2 3
22 1 32
39 1 51
34 1 19
3 2 46
51 1 25
51 1 8
40 1 39
1 4 3
39 1 26
54 1 1
32 1 1
33 1 22
15 2 1
14 1 19
51 1 15
42 1 48
16 1 23
22 1 2
17 2 62
1 5 3
36 2 47
9 2 15
75 1 3
3 2 13
1 2 25
3 7 1
4 2 2
36 1 19
39 1 29
42 1 17
17 2 44
23 1 19
1 2 2
40 1 35
1 1 14
22 1 4
1 2 31
25 1 24
17 1 16
43 1 39
30 1 19
2 2 1
45 1 16
25 1 45
1 2 39
4 2 21
3 2 27
35 2 39
55 1 54
1 7 3
28 1 27
1 2 14
29 2 26
14 1 22
41 1 19
36 2 39
3 2 2
39 1 49
29 1 19
35 1 23
49 1 33
75 1 46
13 1 19
4 2 3
19 1 1
27 1 30
17 2 29
23 1 22
20 1 19
47 1 39
42 1 29
22 1 21
3 5 1
12 2 49
51 1 42
39 1 44
1 2 23
42 1 43
29 2 40
13 1 22
20 1 22
26 1 19
48 1 36
22 1 1
11 1 10
11 1 3
19 1 3
12 2 43
38 1 37
26 2 29
15 2 3
75 1 42
46 2 42
44 2 75
16 1 1
42 1 26
2 2 3
4 2 1
16 1 20
39 1 75
38 1 20
49 1 42
19 1 4
28 2 4
35 1 33
42 1 12
29 1 22
33 1 19
1 2 20
11 1 15
16 1 3
24 1 11
20 2 33
42 1 40
75 2 51
1 2 13
39 1 12
33 2 34
2 2 32
27 1 41
2 2 4
1 1 3
17 1 11
2 2 21
19 1 32
10 2 1
16 1 15
35 1 34
22 1 28
51 1 9
62 1 36
3 2 23
19 1 18
39 1 17
48 1 47
33 2 37
10 1 3
4 2 28
33 2 42
? 1 github_java_program_data/13/552.java

1 1 13
3 1 14
40 1 35
3 4 1
15 1 3
37 1 22
12 1 16
36 1 22
20 2 36
53 1 46
16 1 10
11 1 1
54 1 8
40 1 38
4 2 18
38 1 36
3 1 13
22 1 28
3 1 1
58 1 33
3 2 4
43 1 38
54 1 39
39 1 43
20 2 33
19 1 21
1 2 27
7 1 3
11 1 23
19 1 2
12 2 17
1 2 4
3 1 2
22 1 18
1 1 4
15 1 1
51 1 10
53 1 8
10 1 1
32 1 31
6 2 7
38 2 39
16 2 11
3 1 4
36 2 47
3 2 13
28 1 3
33 2 57
36 2 37
10 2 3
28 1 1
39 1 51
3 2 46
11 2 16
3 2 39
27 1 30
39 1 58
16 1 1
40 1 39
45 1 11
1 4 3
47 1 42
39 1 26
3 2 14
15 2 1
14 1 19
16 1 23
43 2 58
22 1 2
17 2 40
1 5 3
25 2 42
3 7 1
53 1 15
36 1 19
3 2 25
42 1 17
23 1 19
51 1 3
6 1 3
1 2 2
39 1 53
20 1 11
1 1 14
22 1 4
51 2 53
48 1 36
25 1 24
17 1 16
43 1 39
30 1 19
21 2 2
6 2 54
2 2 1
51 1 25
4 2 21
3 2 27
35 2 39
55 1 54
1 7 3
8 2 10
32 1 3
54 1 3
17 2 12
53 1 42
28 1 27
1 2 14
29 2 26
14 1 22
9 2 8
20 1 16
42 1 43
3 2 2
29 1 19
17 1 11
13 1 19
4 2 3
19 1 1
34 1 22
48 1 47
23 1 22
20 1 19
42 1 29
22 1 21
3 5 1
42 1 72
51 1 42
57 1 42
55 1 6
1 2 23
7 2 6
13 1 22
53 1 9
29 1 22
20 1 22
26 1 19
35 1 20
8 2 15
58 1 57
22 1 1
11 1 10
11 1 3
19 1 3
38 1 37
26 2 29
15 2 3
46 2 42
26 1 22
30 1 22
40 2 26
42 1 26
2 2 3
4 2 1
3 2 31
16 1 20
38 1 20
19 1 18
19 1 4
8 2 3
41 1 22
35 1 33
31 1 41
42 1 12
46 1 45
22 1 3
1 2 20
11 1 15
16 1 3
37 1 19
40 2 17
42 1 40
1 2 13
33 2 34
12 2 40
51 1 8
2 2 4
1 1 3
39 1 48
2 2 21
19 1 32
10 2 1
16 1 15
53 1 3
35 1 34
6 1 1
24 1 11
51 1 9
3 2 23
55 1 7
43 2 29
33 1 19
1 1 2
10 1 3
43 1 35
4 2 28
19 1 28
? 1 github_java_program_data/13/567.java

3 1 14
37 1 22
3 4 1
15 1 3
51 1 1
12 1 16
36 1 22
2 2 28
16 1 10
11 1 1
8 2 9
38 1 33
3 2 20
2 2 18
22 1 3
11 1 20
3 1 13
48 2 29
12 1 11
3 1 1
3 2 4
43 1 38
54 1 39
49 2 26
12 2 26
19 1 21
1 1 2
11 1 23
19 1 2
12 2 17
1 2 4
22 1 18
1 1 4
15 1 1
44 1 42
42 1 62
11 2 16
10 1 1
32 1 31
44 1 25
62 1 39
38 2 39
25 2 42
23 2 33
28 1 3
44 1 1
10 2 3
22 1 32
39 1 51
34 1 19
3 2 46
51 1 25
51 1 8
40 1 39
1 4 3
39 1 26
54 1 1
32 1 1
33 1 22
15 2 1
14 1 19
51 1 15
42 1 48
16 1 23
22 1 2
17 2 62
1 5 3
36 2 47
9 2 15
75 1 3
3 2 13
1 2 25
3 7 1
4 2 2
36 1 19
39 1 29
42 1 17
17 2 44
23 1 19
1 2 2
40 1 35
1 1 14
22 1 4
1 2 31
25 1 24
17 1 16
43 1 39
30 1 19
2 2 1
45 1 16
25 1 45
1 2 39
4 2 21
3 2 27
35 2 39
55 1 54
1 7 3
28 1 27
1 2 14
29 2 26
14 1 22
41 1 19
36 2 39
3 2 2
39 1 49
29 1 19
35 1 23
49 1 33
75 1 46
13 1 19
4 2 3
19 1 1
27 1 30
17 2 29
23 1 22
20 1 19
47 1 39
42 1 29
22 1 21
3 5 1
12 2 49
51 1 42
39 1 44
1 2 23
42 1 43
29 2 40
13 1 22
20 1 22
26 1 19
48 1 36
22 1 1
11 1 10
11 1 3
19 1 3
12 2 43
38 1 37
26 2 29
15 2 3
75 1 42
46 2 42
44 2 75
16 1 1
42 1 26
2 2 3
4 2 1
16 1 20
39 1 75
38 1 20
49 1 42
19 1 4
28 2 4
35 1 33
42 1 12
29 1 22
33 1 19
1 2 20
11 1 15
16 1 3
24 1 11
20 2 33
42 1 40
75 2 51
1 2 13
39 1 12
33 2 34
2 2 32
27 1 41
2 2 4
1 1 3
17 1 11
2 2 21
19 1 32
10 2 1
16 1 15
35 1 34
22 1 28
51 1 9
62 1 36
3 2 23
19 1 18
39 1 17
48 1 47
33 2 37
10 1 3
4 2 28
33 2 42
? 1 github_java_program_data/13/581.java

3 1 14
37 1 22
3 4 1
15 1 3
51 1 1
12 1 16
36 1 22
2 2 28
16 1 10
11 1 1
8 2 9
38 1 33
3 2 20
2 2 18
22 1 3
11 1 20
3 1 13
48 2 29
12 1 11
3 1 1
3 2 4
43 1 38
54 1 39
49 2 26
12 2 26
19 1 21
1 1 2
11 1 23
19 1 2
12 2 17
1 2 4
22 1 18
1 1 4
15 1 1
44 1 42
42 1 62
11 2 16
10 1 1
32 1 31
44 1 25
62 1 39
38 2 39
25 2 42
23 2 33
28 1 3
44 1 1
10 2 3
22 1 32
39 1 51
34 1 19
3 2 46
51 1 25
51 1 8
40 1 39
1 4 3
39 1 26
54 1 1
32 1 1
33 1 22
15 2 1
14 1 19
51 1 15
42 1 48
16 1 23
22 1 2
17 2 62
1 5 3
36 2 47
9 2 15
75 1 3
3 2 13
1 2 25
3 7 1
4 2 2
36 1 19
39 1 29
42 1 17
17 2 44
23 1 19
1 2 2
40 1 35
1 1 14
22 1 4
1 2 31
25 1 24
17 1 16
43 1 39
30 1 19
2 2 1
45 1 16
25 1 45
1 2 39
4 2 21
3 2 27
35 2 39
55 1 54
1 7 3
28 1 27
1 2 14
29 2 26
14 1 22
41 1 19
36 2 39
3 2 2
39 1 49
29 1 19
35 1 23
49 1 33
75 1 46
13 1 19
4 2 3
19 1 1
27 1 30
17 2 29
23 1 22
20 1 19
47 1 39
42 1 29
22 1 21
3 5 1
12 2 49
51 1 42
39 1 44
1 2 23
42 1 43
29 2 40
13 1 22
20 1 22
26 1 19
48 1 36
22 1 1
11 1 10
11 1 3
19 1 3
12 2 43
38 1 37
26 2 29
15 2 3
75 1 42
46 2 42
44 2 75
16 1 1
42 1 26
2 2 3
4 2 1
16 1 20
39 1 75
38 1 20
49 1 42
19 1 4
28 2 4
35 1 33
42 1 12
29 1 22
33 1 19
1 2 20
11 1 15
16 1 3
24 1 11
20 2 33
42 1 40
75 2 51
1 2 13
39 1 12
33 2 34
2 2 32
27 1 41
2 2 4
1 1 3
17 1 11
2 2 21
19 1 32
10 2 1
16 1 15
35 1 34
22 1 28
51 1 9
62 1 36
3 2 23
19 1 18
39 1 17
48 1 47
33 2 37
10 1 3
4 2 28
33 2 42
? 1 github_java_program_data/13/582.java

1 1 14
22 1 4
4 2 18
3 1 14
29 2 26
46 2 42
25 1 24
3 4 1
20 1 19
15 1 3
17 1 16
43 1 39
30 1 19
25 2 39
36 1 22
42 1 17
3 2 4
45 1 16
25 1 45
1 2 4
1 2 20
3 2 27
15 2 3
30 2 41
11 1 1
39 1 40
10 2 1
23 1 11
40 1 38
38 2 42
3 2 20
1 2 39
1 2 14
53 1 42
3 2 13
53 1 3
28 1 27
38 1 37
22 1 3
11 1 20
3 1 13
14 1 22
9 2 8
12 1 11
27 1 30
42 1 43
29 2 40
3 1 1
53 1 10
16 1 15
35 1 23
23 2 33
5 1 3
10 2 3
44 1 39
54 1 39
1 2 23
13 1 19
4 2 3
44 1 8
48 1 47
53 1 25
19 1 21
23 1 22
22 1 28
47 1 39
22 1 21
3 5 1
51 1 42
19 1 2
1 2 2
48 1 33
3 1 2
22 1 18
33 2 47
15 1 1
13 1 22
53 1 9
51 1 10
39 1 44
53 1 8
10 1 1
26 1 19
23 2 36
44 1 25
39 1 53
3 2 2
3 1 4
45 2 24
22 1 1
11 1 10
28 1 3
23 1 16
11 1 3
19 1 3
51 1 46
26 2 29
39 1 51
34 1 19
3 2 46
26 1 22
41 2 30
42 1 26
2 2 3
35 2 39
4 2 1
16 1 1
51 2 53
16 1 20
1 4 3
44 1 3
39 1 26
3 7 1
8 2 3
41 1 22
33 2 34
54 1 1
35 1 33
44 2 51
42 1 12
29 1 22
33 1 22
15 2 1
14 1 19
11 1 15
42 1 48
16 1 3
16 1 23
37 1 19
1 2 13
24 2 45
55 1 54
1 7 3
19 1 4
51 1 8
22 1 2
27 1 41
8 2 9
1 5 3
55 1 5
2 2 21
25 2 42
38 1 23
12 2 17
8 2 10
43 1 35
9 2 1
5 2 54
29 1 19
19 1 1
2 2 1
39 1 29
24 1 11
3 2 25
51 1 9
19 1 18
54 1 8
46 1 24
36 2 37
51 1 3
10 1 3
17 2 43
38 1 36
40 1 42
35 1 34
54 1 9
? 1 github_java_program_data/13/606.java

3 1 14
37 1 22
3 4 1
15 1 3
51 1 1
12 1 16
36 1 22
2 2 28
16 1 10
11 1 1
8 2 9
38 1 33
3 2 20
2 2 18
22 1 3
11 1 20
3 1 13
48 2 29
12 1 11
3 1 1
3 2 4
43 1 38
54 1 39
49 2 26
12 2 26
19 1 21
1 1 2
11 1 23
19 1 2
12 2 17
1 2 4
22 1 18
1 1 4
15 1 1
44 1 42
42 1 62
11 2 16
10 1 1
32 1 31
44 1 25
62 1 39
38 2 39
25 2 42
23 2 33
28 1 3
44 1 1
10 2 3
22 1 32
39 1 51
34 1 19
3 2 46
51 1 25
51 1 8
40 1 39
1 4 3
39 1 26
54 1 1
32 1 1
33 1 22
15 2 1
14 1 19
51 1 15
42 1 48
16 1 23
22 1 2
17 2 62
1 5 3
36 2 47
9 2 15
75 1 3
3 2 13
1 2 25
3 7 1
4 2 2
36 1 19
39 1 29
42 1 17
17 2 44
23 1 19
1 2 2
40 1 35
1 1 14
22 1 4
1 2 31
25 1 24
17 1 16
43 1 39
30 1 19
2 2 1
45 1 16
25 1 45
1 2 39
4 2 21
3 2 27
35 2 39
55 1 54
1 7 3
28 1 27
1 2 14
29 2 26
14 1 22
41 1 19
36 2 39
3 2 2
39 1 49
29 1 19
35 1 23
49 1 33
75 1 46
13 1 19
4 2 3
19 1 1
27 1 30
17 2 29
23 1 22
20 1 19
47 1 39
42 1 29
22 1 21
3 5 1
12 2 49
51 1 42
39 1 44
1 2 23
42 1 43
29 2 40
13 1 22
20 1 22
26 1 19
48 1 36
22 1 1
11 1 10
11 1 3
19 1 3
12 2 43
38 1 37
26 2 29
15 2 3
75 1 42
46 2 42
44 2 75
16 1 1
42 1 26
2 2 3
4 2 1
16 1 20
39 1 75
38 1 20
49 1 42
19 1 4
28 2 4
35 1 33
42 1 12
29 1 22
33 1 19
1 2 20
11 1 15
16 1 3
24 1 11
20 2 33
42 1 40
75 2 51
1 2 13
39 1 12
33 2 34
2 2 32
27 1 41
2 2 4
1 1 3
17 1 11
2 2 21
19 1 32
10 2 1
16 1 15
35 1 34
22 1 28
51 1 9
62 1 36
3 2 23
19 1 18
39 1 17
48 1 47
33 2 37
10 1 3
4 2 28
33 2 42
? 1 github_java_program_data/13/611.java

1 1 14
3 1 14
66 1 19
15 1 3
48 1 33
12 1 16
20 2 36
53 1 46
16 1 10
11 1 1
39 1 40
8 2 9
23 1 11
46 1 45
3 2 20
11 1 23
3 4 1
4 2 18
3 1 13
22 1 28
42 1 53
3 1 1
3 2 4
43 1 38
42 1 49
39 1 43
12 2 26
19 1 21
36 2 34
1 2 27
2 2 18
19 1 2
1 2 4
5 2 54
22 1 18
1 1 4
15 1 1
51 1 10
53 1 8
10 1 1
32 1 31
54 1 8
22 2 19
25 2 42
3 2 13
10 2 3
28 1 1
3 2 46
20 1 22
16 1 1
45 1 11
33 2 39
39 1 26
39 1 22
32 1 1
33 1 22
15 2 1
14 1 19
42 1 48
16 1 23
3 2 66
22 1 2
1 5 3
43 1 42
1 2 13
3 7 1
29 1 19
38 2 42
39 1 29
3 2 25
48 1 47
23 1 19
35 2 42
51 1 3
19 2 22
1 2 2
35 1 34
20 1 11
1 1 13
22 1 4
54 1 3
1 2 31
25 1 24
17 1 16
30 1 19
21 2 2
53 1 39
2 2 1
51 1 25
26 2 29
4 2 21
9 2 15
39 1 19
55 1 54
1 7 3
51 2 53
28 1 27
1 2 14
29 2 26
14 1 22
26 2 43
3 2 2
4 2 2
49 1 33
11 1 66
36 1 19
13 1 19
4 2 3
19 1 1
34 1 22
27 1 30
17 2 29
23 1 22
20 1 19
47 1 39
42 1 29
3 5 1
12 2 49
51 1 42
42 1 51
1 2 23
5 1 1
33 2 47
13 1 22
53 1 9
49 1 39
26 1 19
35 1 20
26 2 40
22 1 1
11 1 10
11 1 3
19 1 3
22 1 39
15 2 3
26 1 22
2 2 3
4 2 1
16 1 20
3 2 42
54 1 42
19 1 4
8 2 3
41 1 22
53 1 15
31 1 41
42 1 12
29 1 22
22 1 3
1 2 20
11 1 15
16 1 3
46 2 39
1 4 3
39 1 12
35 1 36
2 2 4
9 2 10
1 1 3
55 1 5
2 2 21
38 1 23
19 1 32
10 2 1
40 1 42
16 1 15
53 1 3
40 1 35
24 1 11
51 1 9
3 2 23
19 1 18
39 1 17
33 1 19
1 1 2
10 1 3
? 1 github_java_program_data/13/619.java

1 1 13
3 1 14
51 1 1
38 1 34
3 4 1
15 1 3
37 1 22
12 1 16
2 2 28
20 2 36
53 1 46
16 1 10
11 1 1
39 1 40
23 1 11
40 1 38
3 2 20
38 1 36
11 1 20
3 1 13
22 1 28
3 1 1
3 2 4
1 2 4
43 1 38
54 1 39
12 2 26
19 1 21
36 2 34
1 2 27
11 1 23
19 1 2
12 2 17
48 1 33
3 1 2
22 1 18
1 1 4
15 1 1
51 1 10
22 1 32
10 1 1
32 1 31
39 1 53
38 2 39
3 1 4
25 2 42
3 2 13
28 1 3
36 2 37
10 2 3
28 1 1
39 1 51
34 1 19
15 2 3
8 2 10
16 1 66
16 1 1
40 1 39
45 1 11
1 4 3
12 2 29
39 1 26
3 2 14
42 1 50
32 1 1
33 1 22
15 2 1
14 1 19
42 1 48
16 1 23
3 2 39
3 2 66
53 2 51
22 1 2
1 5 3
23 2 33
1 2 25
3 7 1
53 1 15
38 2 42
39 1 29
3 2 25
48 1 47
23 1 19
51 1 3
1 2 2
40 1 35
20 1 11
1 1 14
22 1 4
51 2 53
31 1 30
1 2 31
29 2 43
25 1 24
17 1 16
43 1 39
30 1 19
6 2 54
2 2 1
51 1 25
50 6 51
4 2 21
3 2 27
35 2 39
55 1 54
1 7 3
17 2 26
5 2 6
32 1 3
54 1 3
53 1 42
28 1 27
1 2 14
42 1 17
43 2 12
14 1 22
9 2 8
41 1 19
42 1 43
3 2 2
29 1 19
35 1 23
36 1 19
13 1 19
4 2 3
19 1 1
34 1 22
27 1 30
17 2 29
23 1 22
20 1 19
47 1 39
42 1 29
22 1 21
3 5 1
51 1 42
55 1 6
1 2 23
5 1 1
50 1 19
33 2 47
13 1 22
29 1 22
20 1 22
26 1 19
23 2 36
19 1 28
26 2 40
22 1 1
11 1 10
23 1 16
11 1 3
19 1 3
38 1 37
26 2 29
12 1 11
1 2 46
46 2 42
26 1 22
30 1 22
42 1 26
2 2 3
4 2 1
3 2 31
16 1 20
38 1 20
19 1 4
8 2 3
41 1 22
35 1 33
31 1 41
42 1 12
46 1 45
53 1 1
22 1 3
1 2 20
11 1 15
16 1 3
42 1 40
1 2 13
39 1 12
33 2 34
2 2 32
51 1 8
27 1 41
43 2 50
1 1 3
55 1 5
2 2 21
26 2 12
38 1 23
19 1 32
10 2 1
40 1 42
16 1 15
35 1 34
6 1 1
24 1 11
66 1 22
51 1 9
3 2 23
19 1 18
54 1 8
33 1 19
1 1 2
10 1 3
43 1 35
? 1 github_java_program_data/13/625.java

3 1 14
37 1 22
3 4 1
15 1 3
51 1 1
12 1 16
36 1 22
2 2 28
16 1 10
11 1 1
8 2 9
38 1 33
3 2 20
2 2 18
22 1 3
11 1 20
3 1 13
48 2 29
12 1 11
3 1 1
3 2 4
43 1 38
54 1 39
49 2 26
12 2 26
19 1 21
1 1 2
11 1 23
19 1 2
12 2 17
1 2 4
22 1 18
1 1 4
15 1 1
44 1 42
42 1 62
11 2 16
10 1 1
32 1 31
44 1 25
62 1 39
38 2 39
25 2 42
23 2 33
28 1 3
44 1 1
10 2 3
22 1 32
39 1 51
34 1 19
3 2 46
51 1 25
51 1 8
40 1 39
1 4 3
39 1 26
54 1 1
32 1 1
33 1 22
15 2 1
14 1 19
51 1 15
42 1 48
16 1 23
22 1 2
17 2 62
1 5 3
36 2 47
9 2 15
75 1 3
3 2 13
1 2 25
3 7 1
4 2 2
36 1 19
39 1 29
42 1 17
17 2 44
23 1 19
1 2 2
40 1 35
1 1 14
22 1 4
1 2 31
25 1 24
17 1 16
43 1 39
30 1 19
2 2 1
45 1 16
25 1 45
1 2 39
4 2 21
3 2 27
35 2 39
55 1 54
1 7 3
28 1 27
1 2 14
29 2 26
14 1 22
41 1 19
36 2 39
3 2 2
39 1 49
29 1 19
35 1 23
49 1 33
75 1 46
13 1 19
4 2 3
19 1 1
27 1 30
17 2 29
23 1 22
20 1 19
47 1 39
42 1 29
22 1 21
3 5 1
12 2 49
51 1 42
39 1 44
1 2 23
42 1 43
29 2 40
13 1 22
20 1 22
26 1 19
48 1 36
22 1 1
11 1 10
11 1 3
19 1 3
12 2 43
38 1 37
26 2 29
15 2 3
75 1 42
46 2 42
44 2 75
16 1 1
42 1 26
2 2 3
4 2 1
16 1 20
39 1 75
38 1 20
49 1 42
19 1 4
28 2 4
35 1 33
42 1 12
29 1 22
33 1 19
1 2 20
11 1 15
16 1 3
24 1 11
20 2 33
42 1 40
75 2 51
1 2 13
39 1 12
33 2 34
2 2 32
27 1 41
2 2 4
1 1 3
17 1 11
2 2 21
19 1 32
10 2 1
16 1 15
35 1 34
22 1 28
51 1 9
62 1 36
3 2 23
19 1 18
39 1 17
48 1 47
33 2 37
10 1 3
4 2 28
33 2 42
? 1 github_java_program_data/13/71.java

3 1 14
37 1 22
3 4 1
15 1 3
51 1 1
12 1 16
36 1 22
2 2 28
16 1 10
11 1 1
8 2 9
38 1 33
3 2 20
2 2 18
22 1 3
11 1 20
3 1 13
48 2 29
12 1 11
3 1 1
3 2 4
43 1 38
54 1 39
49 2 26
12 2 26
19 1 21
1 1 2
11 1 23
19 1 2
12 2 17
1 2 4
22 1 18
1 1 4
15 1 1
44 1 42
42 1 62
11 2 16
10 1 1
32 1 31
44 1 25
62 1 39
38 2 39
25 2 42
23 2 33
28 1 3
44 1 1
10 2 3
22 1 32
39 1 51
34 1 19
3 2 46
51 1 25
51 1 8
40 1 39
1 4 3
39 1 26
54 1 1
32 1 1
33 1 22
15 2 1
14 1 19
51 1 15
42 1 48
16 1 23
22 1 2
17 2 62
1 5 3
36 2 47
9 2 15
75 1 3
3 2 13
1 2 25
3 7 1
4 2 2
36 1 19
39 1 29
42 1 17
17 2 44
23 1 19
1 2 2
40 1 35
1 1 14
22 1 4
1 2 31
25 1 24
17 1 16
43 1 39
30 1 19
2 2 1
45 1 16
25 1 45
1 2 39
4 2 21
3 2 27
35 2 39
55 1 54
1 7 3
28 1 27
1 2 14
29 2 26
14 1 22
41 1 19
36 2 39
3 2 2
39 1 49
29 1 19
35 1 23
49 1 33
75 1 46
13 1 19
4 2 3
19 1 1
27 1 30
17 2 29
23 1 22
20 1 19
47 1 39
42 1 29
22 1 21
3 5 1
12 2 49
51 1 42
39 1 44
1 2 23
42 1 43
29 2 40
13 1 22
20 1 22
26 1 19
48 1 36
22 1 1
11 1 10
11 1 3
19 1 3
12 2 43
38 1 37
26 2 29
15 2 3
75 1 42
46 2 42
44 2 75
16 1 1
42 1 26
2 2 3
4 2 1
16 1 20
39 1 75
38 1 20
49 1 42
19 1 4
28 2 4
35 1 33
42 1 12
29 1 22
33 1 19
1 2 20
11 1 15
16 1 3
24 1 11
20 2 33
42 1 40
75 2 51
1 2 13
39 1 12
33 2 34
2 2 32
27 1 41
2 2 4
1 1 3
17 1 11
2 2 21
19 1 32
10 2 1
16 1 15
35 1 34
22 1 28
51 1 9
62 1 36
3 2 23
19 1 18
39 1 17
48 1 47
33 2 37
10 1 3
4 2 28
33 2 42
? 1 github_java_program_data/13/72.java

1 1 14
22 1 4
45 1 3
51 1 9
3 1 14
78 1 3
3 2 65
25 1 24
3 4 1
38 2 42
15 1 3
43 1 39
1 2 23
25 2 39
12 1 16
6 2 54
3 2 4
45 1 16
25 1 45
1 2 4
20 2 36
58 1 57
16 1 10
1 2 31
11 1 1
39 1 40
28 1 31
46 1 45
95 1 1
64 1 1
54 1 3
1 2 14
2 2 18
35 2 39
65 2 42
4 2 18
22 1 3
3 1 13
14 1 22
4 2 21
15 2 1
20 1 16
42 1 43
3 1 1
65 1 95
1 1 25
3 2 13
55 1 6
10 2 3
3 2 25
3 2 64
36 1 19
13 1 19
4 2 3
19 1 1
34 1 22
1 1 27
20 2 33
19 1 21
23 1 22
20 1 19
36 2 34
47 1 39
1 2 27
3 5 1
11 1 23
1 5 3
19 1 2
57 1 42
42 1 51
3 1 2
54 1 8
5 1 1
13 1 22
51 1 10
10 1 1
5 2 6
26 1 19
35 1 20
3 2 2
3 1 4
1 2 2
22 1 1
58 1 33
33 2 57
19 1 3
12 2 43
38 1 37
28 1 1
26 2 29
2 2 1
51 1 39
26 1 22
3 2 20
51 1 25
24 1 3
19 1 28
2 2 3
4 2 1
16 1 1
3 1 46
16 1 20
38 1 20
45 1 64
1 2 13
19 1 18
51 1 78
19 1 4
3 2 14
41 1 22
29 2 26
31 1 41
42 1 12
29 1 22
33 1 22
54 1 65
14 1 19
39 1 58
11 1 15
42 1 48
16 1 3
1 4 3
16 1 23
33 1 19
37 1 19
45 2 24
1 1 2
24 2 45
55 1 54
1 7 3
35 1 36
10 1 3
22 1 2
1 2 46
8 2 3
1 1 3
55 1 5
36 2 47
39 1 26
10 2 1
43 1 35
1 2 25
3 7 1
30 1 3
39 1 29
24 1 11
54 1 42
48 1 36
48 1 47
40 1 38
2 2 28
23 1 19
51 1 3
27 1 30
78 2 9
38 1 33
6 1 3
9 2 10
40 1 42
35 1 34
28 2 2
33 2 37
20 1 11
? 1 github_java_program_data/13/98.java

