58 2 52
68 1 39
36 1 19
19 1 21
46 1 45
16 1 15
6 1 1
39 1 51
53 1 46
8 2 3
25 1 24
7 2 54
21 2 2
11 2 16
41 1 22
4 2 28
47 1 42
15 2 3
15 1 3
3 2 46
22 1 21
4 2 32
10 1 1
52 6 53
19 1 32
32 2 4
11 1 10
58 2 48
4 2 1
20 1 22
3 2 4
42 1 12
53 1 15
51 1 25
41 2 30
42 1 26
5 2 6
46 2 42
42 1 48
11 1 1
55 1 6
2 2 28
4 2 18
30 1 19
51 2 53
22 1 18
19 1 3
1 2 25
54 1 8
2 2 18
25 2 39
3 5 1
27 1 30
46 1 24
3 1 4
26 1 19
30 1 22
52 1 22
3 2 25
10 2 1
1 2 27
24 2 45
32 1 1
4 2 3
29 1 22
25 2 42
16 1 1
16 1 10
48 1 36
51 1 9
39 1 50
15 2 1
16 1 20
51 1 8
11 1 3
16 1 3
25 1 45
3 1 2
47 2 68
1 1 3
22 1 28
1 4 3
5 1 1
51 1 39
41 1 19
33 1 19
56 1 19
33 2 47
51 1 42
15 1 1
6 2 7
2 2 1
57 1 39
19 1 1
45 1 16
22 1 32
73 1 56
26 1 22
53 2 51
42 1 52
47 2 56
51 1 10
55 1 7
12 2 48
1 1 2
42 1 58
1 1 4
22 1 4
1 2 2
55 1 5
10 2 3
48 2 58
22 1 3
1 5 3
55 1 54
48 2 26
3 2 2
19 1 18
32 1 31
9 2 8
39 1 29
3 2 27
16 2 11
1 2 4
1 2 31
11 1 15
7 1 1
50 1 22
51 1 1
32 2 2
52 1 19
31 1 30
47 1 22
45 2 24
3 7 1
39 1 53
24 1 11
51 1 3
28 1 3
50 6 51
8 2 10
2 2 21
30 2 41
51 1 15
73 1 33
73 1 47
19 1 28
1 2 20
3 1 1
22 1 73
3 4 1
48 1 57
2 2 3
12 1 16
8 2 15
54 1 39
58 1 68
28 1 27
32 1 3
58 1 33
42 1 29
54 1 3
53 1 3
53 1 9
53 1 8
53 1 42
4 2 21
3 2 31
27 1 41
19 1 2
22 1 2
31 1 41
26 2 29
3 2 39
58 1 47
28 1 1
28 2 4
28 2 2
10 1 3
29 1 19
36 2 57
52 6 51
22 1 1
19 1 4
12 1 11
29 2 58
? 1 github_java_program_data/6/118.java

29 1 22
42 1 51
1 2 23
35 1 33
25 2 42
36 1 19
19 1 21
39 1 77
48 2 58
20 1 19
16 1 15
36 2 34
25 1 24
52 6 53
37 1 19
36 2 37
33 2 57
50 1 19
21 2 2
3 2 14
48 1 47
41 1 22
4 2 28
58 1 33
15 2 3
38 1 20
40 2 43
76 1 42
14 1 22
15 1 3
3 2 46
10 2 1
16 1 10
22 1 21
34 1 19
10 1 1
9 2 10
26 1 19
53 1 8
11 1 10
57 2 68
4 2 1
48 2 29
3 2 4
33 2 37
16 1 23
38 1 37
53 1 15
51 1 25
40 2 29
41 2 30
42 1 26
42 1 48
11 1 1
55 1 6
2 2 28
4 2 18
30 1 19
33 1 22
42 1 17
22 1 18
19 1 3
48 1 33
48 1 56
54 1 8
20 1 16
76 1 46
36 1 22
3 2 13
3 1 13
39 1 12
22 1 3
46 1 24
3 1 4
42 1 52
30 1 22
42 1 12
52 1 22
3 2 25
1 1 14
53 1 25
47 2 56
24 2 45
1 2 13
32 1 1
4 2 3
17 1 16
11 1 20
68 1 39
43 1 42
16 1 3
39 2 76
20 1 11
48 1 36
42 1 40
39 1 50
15 2 1
43 1 39
11 1 3
54 1 1
54 1 42
23 1 22
23 2 33
13 1 22
28 1 3
25 1 45
42 1 43
3 1 2
22 1 32
1 1 3
38 1 36
35 2 42
22 1 28
1 4 3
1 2 25
51 1 39
41 1 19
33 1 19
14 1 19
33 2 47
51 1 42
42 1 53
3 2 23
15 1 1
43 1 35
2 2 1
40 1 42
18 2 4
12 2 17
40 1 39
26 2 29
2 2 18
19 1 1
20 2 33
46 2 42
26 1 22
43 2 26
45 1 11
6 1 3
25 2 39
1 2 27
47 1 39
12 2 40
3 5 1
51 1 10
11 1 23
42 1 58
2 2 32
35 1 20
1 1 4
51 1 46
22 1 4
38 1 33
51 1 1
38 1 23
57 1 42
10 2 3
23 2 36
27 1 30
1 5 3
55 1 54
3 2 2
19 1 18
32 1 31
35 1 36
3 2 27
1 2 4
1 2 31
11 1 15
1 2 2
17 2 12
40 1 38
52 1 19
31 1 30
77 1 39
20 2 36
13 1 19
45 2 24
3 7 1
51 1 9
51 1 3
8 2 1
12 2 26
56 1 42
3 1 14
6 2 54
39 1 58
51 2 53
37 1 22
2 2 21
30 2 41
17 1 11
58 1 57
23 1 19
38 2 39
19 1 28
1 2 20
3 1 1
35 1 34
1 1 13
36 2 47
17 2 51
2 2 3
12 1 16
8 2 15
58 1 68
28 1 27
32 1 3
1 2 14
42 1 29
4 2 32
1 1 2
3 4 1
1 7 3
77 1 76
53 1 3
16 1 1
35 2 39
53 1 42
53 1 39
38 2 42
3 2 31
27 1 41
19 1 2
22 1 2
31 1 41
19 1 32
39 1 26
29 2 40
53 2 51
28 1 1
28 2 4
28 2 2
1 2 42
39 1 43
13 2 14
58 2 48
10 1 3
29 1 19
43 1 38
39 1 48
40 1 35
22 1 1
29 2 43
19 1 4
24 1 16
39 1 29
12 1 11
33 2 34
29 2 26
4 2 21
? 1 github_java_program_data/6/12.java

57 1 39
42 1 51
19 1 1
19 1 21
46 1 45
3 2 42
73 1 56
16 1 15
6 1 1
53 2 51
42 1 52
47 2 56
53 1 46
8 2 3
25 1 24
52 6 53
51 1 10
55 1 7
1 1 2
50 6 51
1 1 4
41 1 22
51 1 1
55 1 5
10 2 3
15 1 3
36 1 19
1 5 3
54 1 3
3 2 2
32 1 31
46 1 24
11 1 10
57 2 68
68 1 42
4 2 1
3 2 27
1 2 4
1 2 31
3 2 4
11 1 15
7 1 1
3 1 4
15 2 3
53 1 15
52 1 19
31 1 30
51 2 53
47 1 22
46 2 42
24 2 45
11 1 1
55 1 6
45 2 24
10 1 1
30 1 19
24 1 11
5 1 1
9 2 8
22 1 18
19 1 3
51 1 3
54 1 8
25 2 39
3 5 1
28 1 3
5 2 6
8 2 10
27 1 30
45 1 16
50 1 22
30 1 22
30 2 41
51 1 15
73 1 33
3 2 25
10 2 1
73 1 47
19 1 28
7 2 54
3 1 1
22 1 73
32 1 1
48 1 57
2 2 3
8 2 15
33 2 47
28 1 27
53 1 9
16 1 10
48 1 36
3 4 1
55 1 54
19 1 2
51 1 9
39 1 50
53 1 3
51 1 8
11 1 3
16 1 1
54 1 42
16 1 3
53 1 42
27 1 41
25 1 45
19 1 32
15 2 1
1 2 2
53 1 8
1 1 3
48 1 68
4 2 3
1 2 25
22 1 3
1 4 3
3 2 46
10 1 3
51 1 39
36 2 57
39 1 48
52 6 51
33 1 19
56 1 19
22 1 1
31 1 41
42 1 53
15 1 1
6 2 7
51 1 25
2 2 1
? 1 github_java_program_data/6/147.java

57 1 39
42 1 51
19 1 1
19 1 21
46 1 45
3 2 42
73 1 56
16 1 15
6 1 1
53 2 51
42 1 52
47 2 56
53 1 46
8 2 3
25 1 24
52 6 53
51 1 10
55 1 7
1 1 2
50 6 51
1 1 4
41 1 22
51 1 1
55 1 5
10 2 3
15 1 3
36 1 19
1 5 3
54 1 3
3 2 2
32 1 31
46 1 24
11 1 10
57 2 68
68 1 42
4 2 1
3 2 27
1 2 4
1 2 31
3 2 4
11 1 15
7 1 1
3 1 4
15 2 3
53 1 15
52 1 19
31 1 30
51 2 53
47 1 22
46 2 42
24 2 45
11 1 1
55 1 6
45 2 24
10 1 1
30 1 19
24 1 11
5 1 1
9 2 8
22 1 18
19 1 3
51 1 3
54 1 8
25 2 39
3 5 1
28 1 3
5 2 6
8 2 10
27 1 30
45 1 16
50 1 22
30 1 22
30 2 41
51 1 15
73 1 33
3 2 25
10 2 1
73 1 47
19 1 28
7 2 54
3 1 1
22 1 73
32 1 1
48 1 57
2 2 3
8 2 15
33 2 47
28 1 27
53 1 9
16 1 10
48 1 36
3 4 1
55 1 54
19 1 2
51 1 9
39 1 50
53 1 3
51 1 8
11 1 3
16 1 1
54 1 42
16 1 3
53 1 42
27 1 41
25 1 45
19 1 32
15 2 1
1 2 2
53 1 8
1 1 3
48 1 68
4 2 3
1 2 25
22 1 3
1 4 3
3 2 46
10 1 3
51 1 39
36 2 57
39 1 48
52 6 51
33 1 19
56 1 19
22 1 1
31 1 41
42 1 53
15 1 1
6 2 7
51 1 25
2 2 1
? 1 github_java_program_data/6/177.java

57 1 39
42 1 51
19 1 1
19 1 21
46 1 45
3 2 42
73 1 56
16 1 15
6 1 1
53 2 51
42 1 52
47 2 56
53 1 46
8 2 3
25 1 24
52 6 53
51 1 10
55 1 7
1 1 2
50 6 51
1 1 4
41 1 22
51 1 1
55 1 5
10 2 3
15 1 3
36 1 19
1 5 3
54 1 3
3 2 2
32 1 31
46 1 24
11 1 10
57 2 68
68 1 42
4 2 1
3 2 27
1 2 4
1 2 31
3 2 4
11 1 15
7 1 1
3 1 4
15 2 3
53 1 15
52 1 19
31 1 30
51 2 53
47 1 22
46 2 42
24 2 45
11 1 1
55 1 6
45 2 24
10 1 1
30 1 19
24 1 11
5 1 1
9 2 8
22 1 18
19 1 3
51 1 3
54 1 8
25 2 39
3 5 1
28 1 3
5 2 6
8 2 10
27 1 30
45 1 16
50 1 22
30 1 22
30 2 41
51 1 15
73 1 33
3 2 25
10 2 1
73 1 47
19 1 28
7 2 54
3 1 1
22 1 73
32 1 1
48 1 57
2 2 3
8 2 15
33 2 47
28 1 27
53 1 9
16 1 10
48 1 36
3 4 1
55 1 54
19 1 2
51 1 9
39 1 50
53 1 3
51 1 8
11 1 3
16 1 1
54 1 42
16 1 3
53 1 42
27 1 41
25 1 45
19 1 32
15 2 1
1 2 2
53 1 8
1 1 3
48 1 68
4 2 3
1 2 25
22 1 3
1 4 3
3 2 46
10 1 3
51 1 39
36 2 57
39 1 48
52 6 51
33 1 19
56 1 19
22 1 1
31 1 41
42 1 53
15 1 1
6 2 7
51 1 25
2 2 1
? 1 github_java_program_data/6/207.java

57 1 39
42 1 51
19 1 1
19 1 21
46 1 45
3 2 42
73 1 56
16 1 15
6 1 1
53 2 51
42 1 52
47 2 56
53 1 46
8 2 3
25 1 24
52 6 53
51 1 10
55 1 7
1 1 2
50 6 51
1 1 4
41 1 22
51 1 1
55 1 5
10 2 3
15 1 3
36 1 19
1 5 3
54 1 3
3 2 2
32 1 31
46 1 24
11 1 10
57 2 68
68 1 42
4 2 1
3 2 27
1 2 4
1 2 31
3 2 4
11 1 15
7 1 1
3 1 4
15 2 3
53 1 15
52 1 19
31 1 30
51 2 53
47 1 22
46 2 42
24 2 45
11 1 1
55 1 6
45 2 24
10 1 1
30 1 19
24 1 11
5 1 1
9 2 8
22 1 18
19 1 3
51 1 3
54 1 8
25 2 39
3 5 1
28 1 3
5 2 6
8 2 10
27 1 30
45 1 16
50 1 22
30 1 22
30 2 41
51 1 15
73 1 33
3 2 25
10 2 1
73 1 47
19 1 28
7 2 54
3 1 1
22 1 73
32 1 1
48 1 57
2 2 3
8 2 15
33 2 47
28 1 27
53 1 9
16 1 10
48 1 36
3 4 1
55 1 54
19 1 2
51 1 9
39 1 50
53 1 3
51 1 8
11 1 3
16 1 1
54 1 42
16 1 3
53 1 42
27 1 41
25 1 45
19 1 32
15 2 1
1 2 2
53 1 8
1 1 3
48 1 68
4 2 3
1 2 25
22 1 3
1 4 3
3 2 46
10 1 3
51 1 39
36 2 57
39 1 48
52 6 51
33 1 19
56 1 19
22 1 1
31 1 41
42 1 53
15 1 1
6 2 7
51 1 25
2 2 1
? 1 github_java_program_data/6/237.java

57 1 39
42 1 51
19 1 1
19 1 21
46 1 45
3 2 42
73 1 56
16 1 15
6 1 1
53 2 51
42 1 52
47 2 56
53 1 46
8 2 3
25 1 24
52 6 53
51 1 10
55 1 7
1 1 2
50 6 51
1 1 4
41 1 22
51 1 1
55 1 5
10 2 3
15 1 3
36 1 19
1 5 3
54 1 3
3 2 2
32 1 31
46 1 24
11 1 10
57 2 68
68 1 42
4 2 1
3 2 27
1 2 4
1 2 31
3 2 4
11 1 15
7 1 1
3 1 4
15 2 3
53 1 15
52 1 19
31 1 30
51 2 53
47 1 22
46 2 42
24 2 45
11 1 1
55 1 6
45 2 24
10 1 1
30 1 19
24 1 11
5 1 1
9 2 8
22 1 18
19 1 3
51 1 3
54 1 8
25 2 39
3 5 1
28 1 3
5 2 6
8 2 10
27 1 30
45 1 16
50 1 22
30 1 22
30 2 41
51 1 15
73 1 33
3 2 25
10 2 1
73 1 47
19 1 28
7 2 54
3 1 1
22 1 73
32 1 1
48 1 57
2 2 3
8 2 15
33 2 47
28 1 27
53 1 9
16 1 10
48 1 36
3 4 1
55 1 54
19 1 2
51 1 9
39 1 50
53 1 3
51 1 8
11 1 3
16 1 1
54 1 42
16 1 3
53 1 42
27 1 41
25 1 45
19 1 32
15 2 1
1 2 2
53 1 8
1 1 3
48 1 68
4 2 3
1 2 25
22 1 3
1 4 3
3 2 46
10 1 3
51 1 39
36 2 57
39 1 48
52 6 51
33 1 19
56 1 19
22 1 1
31 1 41
42 1 53
15 1 1
6 2 7
51 1 25
2 2 1
? 1 github_java_program_data/6/267.java

57 1 39
42 1 51
19 1 1
19 1 21
46 1 45
3 2 42
73 1 56
16 1 15
6 1 1
53 2 51
42 1 52
47 2 56
53 1 46
8 2 3
25 1 24
52 6 53
51 1 10
55 1 7
1 1 2
50 6 51
1 1 4
41 1 22
51 1 1
55 1 5
10 2 3
15 1 3
36 1 19
1 5 3
54 1 3
3 2 2
32 1 31
46 1 24
11 1 10
57 2 68
68 1 42
4 2 1
3 2 27
1 2 4
1 2 31
3 2 4
11 1 15
7 1 1
3 1 4
15 2 3
53 1 15
52 1 19
31 1 30
51 2 53
47 1 22
46 2 42
24 2 45
11 1 1
55 1 6
45 2 24
10 1 1
30 1 19
24 1 11
5 1 1
9 2 8
22 1 18
19 1 3
51 1 3
54 1 8
25 2 39
3 5 1
28 1 3
5 2 6
8 2 10
27 1 30
45 1 16
50 1 22
30 1 22
30 2 41
51 1 15
73 1 33
3 2 25
10 2 1
73 1 47
19 1 28
7 2 54
3 1 1
22 1 73
32 1 1
48 1 57
2 2 3
8 2 15
33 2 47
28 1 27
53 1 9
16 1 10
48 1 36
3 4 1
55 1 54
19 1 2
51 1 9
39 1 50
53 1 3
51 1 8
11 1 3
16 1 1
54 1 42
16 1 3
53 1 42
27 1 41
25 1 45
19 1 32
15 2 1
1 2 2
53 1 8
1 1 3
48 1 68
4 2 3
1 2 25
22 1 3
1 4 3
3 2 46
10 1 3
51 1 39
36 2 57
39 1 48
52 6 51
33 1 19
56 1 19
22 1 1
31 1 41
42 1 53
15 1 1
6 2 7
51 1 25
2 2 1
? 1 github_java_program_data/6/27.java

57 1 39
42 1 51
19 1 1
19 1 21
46 1 45
3 2 42
73 1 56
16 1 15
6 1 1
53 2 51
42 1 52
47 2 56
53 1 46
8 2 3
25 1 24
52 6 53
51 1 10
55 1 7
1 1 2
50 6 51
1 1 4
41 1 22
51 1 1
55 1 5
10 2 3
15 1 3
36 1 19
1 5 3
54 1 3
3 2 2
32 1 31
46 1 24
11 1 10
57 2 68
68 1 42
4 2 1
3 2 27
1 2 4
1 2 31
3 2 4
11 1 15
7 1 1
3 1 4
15 2 3
53 1 15
52 1 19
31 1 30
51 2 53
47 1 22
46 2 42
24 2 45
11 1 1
55 1 6
45 2 24
10 1 1
30 1 19
24 1 11
5 1 1
9 2 8
22 1 18
19 1 3
51 1 3
54 1 8
25 2 39
3 5 1
28 1 3
5 2 6
8 2 10
27 1 30
45 1 16
50 1 22
30 1 22
30 2 41
51 1 15
73 1 33
3 2 25
10 2 1
73 1 47
19 1 28
7 2 54
3 1 1
22 1 73
32 1 1
48 1 57
2 2 3
8 2 15
33 2 47
28 1 27
53 1 9
16 1 10
48 1 36
3 4 1
55 1 54
19 1 2
51 1 9
39 1 50
53 1 3
51 1 8
11 1 3
16 1 1
54 1 42
16 1 3
53 1 42
27 1 41
25 1 45
19 1 32
15 2 1
1 2 2
53 1 8
1 1 3
48 1 68
4 2 3
1 2 25
22 1 3
1 4 3
3 2 46
10 1 3
51 1 39
36 2 57
39 1 48
52 6 51
33 1 19
56 1 19
22 1 1
31 1 41
42 1 53
15 1 1
6 2 7
51 1 25
2 2 1
? 1 github_java_program_data/6/297.java

57 1 39
42 1 51
19 1 1
19 1 21
46 1 45
3 2 42
73 1 56
16 1 15
6 1 1
53 2 51
42 1 52
47 2 56
53 1 46
8 2 3
25 1 24
52 6 53
51 1 10
55 1 7
1 1 2
50 6 51
1 1 4
41 1 22
51 1 1
55 1 5
10 2 3
15 1 3
36 1 19
1 5 3
54 1 3
3 2 2
32 1 31
46 1 24
11 1 10
57 2 68
68 1 42
4 2 1
3 2 27
1 2 4
1 2 31
3 2 4
11 1 15
7 1 1
3 1 4
15 2 3
53 1 15
52 1 19
31 1 30
51 2 53
47 1 22
46 2 42
24 2 45
11 1 1
55 1 6
45 2 24
10 1 1
30 1 19
24 1 11
5 1 1
9 2 8
22 1 18
19 1 3
51 1 3
54 1 8
25 2 39
3 5 1
28 1 3
5 2 6
8 2 10
27 1 30
45 1 16
50 1 22
30 1 22
30 2 41
51 1 15
73 1 33
3 2 25
10 2 1
73 1 47
19 1 28
7 2 54
3 1 1
22 1 73
32 1 1
48 1 57
2 2 3
8 2 15
33 2 47
28 1 27
53 1 9
16 1 10
48 1 36
3 4 1
55 1 54
19 1 2
51 1 9
39 1 50
53 1 3
51 1 8
11 1 3
16 1 1
54 1 42
16 1 3
53 1 42
27 1 41
25 1 45
19 1 32
15 2 1
1 2 2
53 1 8
1 1 3
48 1 68
4 2 3
1 2 25
22 1 3
1 4 3
3 2 46
10 1 3
51 1 39
36 2 57
39 1 48
52 6 51
33 1 19
56 1 19
22 1 1
31 1 41
42 1 53
15 1 1
6 2 7
51 1 25
2 2 1
? 1 github_java_program_data/6/327.java

11 1 20
42 1 51
1 2 23
35 1 33
12 2 17
36 1 19
19 1 21
3 4 1
74 1 68
57 1 22
20 1 19
16 1 15
6 1 1
53 1 46
8 2 3
25 1 24
37 1 19
36 2 37
3 2 14
39 1 40
48 1 47
41 1 22
4 2 28
1 2 46
15 2 3
38 1 20
40 2 43
14 1 22
15 1 3
10 2 1
20 1 11
42 1 12
4 2 32
36 1 22
19 1 32
53 1 8
11 1 10
68 1 19
4 2 1
20 1 22
32 2 2
3 2 4
16 1 23
38 1 37
33 2 57
51 1 25
35 1 23
42 1 26
5 2 6
42 1 48
11 1 1
55 1 6
2 2 28
30 1 19
25 1 45
33 1 22
42 1 17
22 1 18
19 1 3
48 1 33
48 1 56
54 1 8
20 1 16
25 2 39
3 2 13
3 1 13
39 1 12
46 2 39
27 1 30
46 1 24
50 1 22
30 1 22
15 2 1
19 1 2
3 2 25
1 1 14
1 2 27
24 2 45
57 2 56
1 2 13
32 1 1
54 1 3
34 1 22
13 2 14
3 2 20
29 1 22
47 2 68
53 1 9
12 2 40
16 1 10
48 1 36
42 1 40
39 1 50
16 1 3
16 1 20
55 1 5
51 1 8
11 1 3
43 1 42
54 1 42
23 1 22
74 1 47
29 2 48
13 1 22
17 1 16
3 1 2
43 2 50
22 1 32
1 1 3
38 1 36
35 2 42
22 1 28
1 4 3
5 1 1
51 1 39
39 1 17
12 2 29
33 1 19
14 1 19
33 2 47
58 1 33
42 1 53
3 2 23
15 1 1
43 1 35
2 2 1
40 1 42
40 1 39
26 2 29
2 2 18
19 1 1
20 2 33
73 1 56
4 2 18
26 1 19
73 1 36
47 1 39
17 2 40
3 5 1
51 1 10
28 1 1
3 1 31
12 2 48
1 1 2
42 1 58
2 2 32
35 1 20
1 1 4
17 2 29
22 1 4
3 1 4
73 1 57
38 1 23
57 1 42
10 2 3
23 2 36
22 1 3
1 5 3
3 2 42
30 1 3
55 1 54
3 2 2
19 1 18
32 1 31
45 1 16
22 1 73
3 1 14
74 1 33
35 1 36
58 2 12
3 2 27
1 2 4
1 2 31
53 1 1
7 1 1
23 1 16
1 2 2
17 2 12
40 1 38
11 1 15
31 1 30
22 1 74
36 2 34
47 1 22
20 2 36
13 1 19
3 7 1
51 1 9
24 1 11
26 2 12
51 1 3
9 2 8
56 1 42
28 1 3
41 1 19
8 2 10
51 2 53
17 2 26
37 1 22
2 2 21
30 2 41
17 1 11
58 1 57
40 1 35
38 2 39
19 1 28
1 2 20
3 1 1
35 1 34
1 1 13
36 2 47
56 1 19
2 2 3
12 1 16
7 2 54
28 1 27
32 1 3
42 1 29
53 1 10
4 2 74
1 7 3
10 1 1
1 1 27
11 1 23
16 1 1
35 2 39
40 2 29
53 1 39
38 2 42
3 2 31
27 1 41
22 1 2
31 1 41
39 1 26
47 2 56
55 1 7
50 6 51
6 2 7
28 2 2
4 2 3
39 1 43
10 1 3
29 1 19
43 1 38
36 2 57
39 1 48
23 1 19
22 1 1
19 1 4
22 1 21
24 1 16
39 1 29
12 1 11
33 2 34
29 2 26
4 2 21
? 1 github_java_program_data/6/363.java

57 1 39
42 1 51
19 1 1
19 1 21
46 1 45
3 2 42
73 1 56
16 1 15
6 1 1
53 2 51
42 1 52
47 2 56
53 1 46
8 2 3
25 1 24
52 6 53
51 1 10
55 1 7
1 1 2
50 6 51
1 1 4
41 1 22
51 1 1
55 1 5
10 2 3
15 1 3
36 1 19
1 5 3
54 1 3
3 2 2
32 1 31
46 1 24
11 1 10
57 2 68
68 1 42
4 2 1
3 2 27
1 2 4
1 2 31
3 2 4
11 1 15
7 1 1
3 1 4
15 2 3
53 1 15
52 1 19
31 1 30
51 2 53
47 1 22
46 2 42
24 2 45
11 1 1
55 1 6
45 2 24
10 1 1
30 1 19
24 1 11
5 1 1
9 2 8
22 1 18
19 1 3
51 1 3
54 1 8
25 2 39
3 5 1
28 1 3
5 2 6
8 2 10
27 1 30
45 1 16
50 1 22
30 1 22
30 2 41
51 1 15
73 1 33
3 2 25
10 2 1
73 1 47
19 1 28
7 2 54
3 1 1
22 1 73
32 1 1
48 1 57
2 2 3
8 2 15
33 2 47
28 1 27
53 1 9
16 1 10
48 1 36
3 4 1
55 1 54
19 1 2
51 1 9
39 1 50
53 1 3
51 1 8
11 1 3
16 1 1
54 1 42
16 1 3
53 1 42
27 1 41
25 1 45
19 1 32
15 2 1
1 2 2
53 1 8
1 1 3
48 1 68
4 2 3
1 2 25
22 1 3
1 4 3
3 2 46
10 1 3
51 1 39
36 2 57
39 1 48
52 6 51
33 1 19
56 1 19
22 1 1
31 1 41
42 1 53
15 1 1
6 2 7
51 1 25
2 2 1
? 1 github_java_program_data/6/387.java

1 2 23
35 1 33
67 2 86
19 1 21
20 1 19
42 1 50
39 1 51
25 1 24
37 1 19
36 2 37
50 1 19
21 2 2
39 1 40
22 1 28
4 2 28
15 2 3
38 1 20
1 1 13
67 1 48
14 1 22
15 1 3
20 1 11
38 1 37
4 2 32
36 1 22
9 2 10
4 2 1
3 2 4
16 1 23
22 1 21
51 1 25
18 2 2
19 1 2
11 1 1
4 2 18
86 2 67
22 1 18
19 1 3
1 2 25
54 1 8
2 2 18
3 2 13
3 1 13
22 1 3
45 1 16
3 1 4
30 1 22
42 1 12
10 2 1
24 2 45
1 2 13
32 1 1
4 2 3
13 2 14
3 2 20
11 1 20
25 2 42
1 2 39
16 1 3
16 1 10
48 1 36
20 1 16
15 2 1
43 1 39
34 1 22
11 1 3
54 1 1
33 1 22
13 1 22
28 1 3
25 1 45
42 1 43
3 1 2
43 2 50
20 2 33
1 1 3
38 1 36
58 1 86
1 4 3
56 1 39
41 1 19
33 1 19
1 1 2
33 2 47
51 1 42
3 2 23
8 2 1
2 2 1
40 1 42
19 1 1
22 1 32
26 1 22
26 1 19
1 2 27
86 1 58
47 1 39
3 5 1
51 1 10
14 1 19
42 1 58
2 2 32
35 1 20
1 1 4
22 1 4
51 1 1
57 1 42
10 2 3
27 1 30
1 5 3
55 1 54
47 2 67
3 2 2
19 1 18
32 1 31
12 2 43
3 2 27
1 2 4
1 2 31
11 1 15
11 1 23
1 2 2
32 2 2
40 1 38
31 1 30
58 1 67
20 2 36
13 1 19
3 7 1
51 1 9
24 1 11
10 1 3
3 1 14
1 7 3
2 2 21
30 2 41
19 1 28
3 1 1
35 1 34
3 4 1
48 1 57
2 2 3
43 1 35
54 1 39
28 1 27
58 1 33
42 1 29
28 2 4
10 1 1
19 1 4
16 1 1
35 2 39
15 1 1
58 1 56
38 2 42
27 1 41
22 1 2
31 1 41
1 1 14
58 1 47
28 1 1
50 6 51
28 2 2
67 2 56
29 1 19
36 2 57
23 1 19
22 1 1
23 1 22
39 1 26
12 1 11
33 2 34
4 2 21
? 1 github_java_program_data/6/412.java

57 1 39
42 1 51
19 1 1
19 1 21
46 1 45
3 2 42
73 1 56
16 1 15
6 1 1
53 2 51
42 1 52
47 2 56
53 1 46
8 2 3
25 1 24
52 6 53
51 1 10
55 1 7
1 1 2
50 6 51
1 1 4
41 1 22
51 1 1
55 1 5
10 2 3
15 1 3
36 1 19
1 5 3
54 1 3
3 2 2
32 1 31
46 1 24
11 1 10
57 2 68
68 1 42
4 2 1
3 2 27
1 2 4
1 2 31
3 2 4
11 1 15
7 1 1
3 1 4
15 2 3
53 1 15
52 1 19
31 1 30
51 2 53
47 1 22
46 2 42
24 2 45
11 1 1
55 1 6
45 2 24
10 1 1
30 1 19
24 1 11
5 1 1
9 2 8
22 1 18
19 1 3
51 1 3
54 1 8
25 2 39
3 5 1
28 1 3
5 2 6
8 2 10
27 1 30
45 1 16
50 1 22
30 1 22
30 2 41
51 1 15
73 1 33
3 2 25
10 2 1
73 1 47
19 1 28
7 2 54
3 1 1
22 1 73
32 1 1
48 1 57
2 2 3
8 2 15
33 2 47
28 1 27
53 1 9
16 1 10
48 1 36
3 4 1
55 1 54
19 1 2
51 1 9
39 1 50
53 1 3
51 1 8
11 1 3
16 1 1
54 1 42
16 1 3
53 1 42
27 1 41
25 1 45
19 1 32
15 2 1
1 2 2
53 1 8
1 1 3
48 1 68
4 2 3
1 2 25
22 1 3
1 4 3
3 2 46
10 1 3
51 1 39
36 2 57
39 1 48
52 6 51
33 1 19
56 1 19
22 1 1
31 1 41
42 1 53
15 1 1
6 2 7
51 1 25
2 2 1
? 1 github_java_program_data/6/417.java

29 1 22
1 2 23
58 1 36
12 2 17
36 1 19
19 1 21
46 1 45
20 1 19
16 1 15
42 1 50
1 2 31
39 1 51
53 1 46
31 1 41
25 1 24
1 2 39
50 1 19
21 2 2
48 1 47
41 1 22
4 2 28
8 2 9
47 1 42
15 2 3
38 1 20
1 1 13
67 1 48
14 1 22
15 1 3
3 2 46
16 1 10
22 1 21
36 1 22
9 2 10
19 1 32
53 1 8
11 1 10
58 2 48
68 1 42
4 2 1
20 1 22
3 2 4
33 2 37
16 1 23
38 1 37
53 1 15
51 1 25
41 2 30
42 1 26
42 1 48
11 1 1
4 2 18
10 1 1
30 1 19
33 1 22
42 1 17
22 1 18
19 1 3
1 2 25
54 1 8
39 1 50
25 2 39
3 2 13
3 1 13
39 1 12
22 1 3
45 1 16
14 1 19
50 1 22
26 1 19
30 1 22
42 1 12
52 1 22
10 2 1
24 2 45
1 2 13
32 1 1
4 2 3
13 2 14
3 2 20
56 1 39
25 2 42
43 1 42
16 1 3
48 2 50
20 1 11
48 1 36
42 1 40
20 1 16
15 2 1
16 1 20
11 1 3
54 1 1
23 1 22
13 1 22
28 1 3
25 1 45
53 1 9
3 1 2
52 6 51
22 1 32
86 2 67
1 1 3
35 2 42
58 1 86
8 2 10
48 1 33
51 1 39
41 1 19
33 1 19
11 1 23
33 2 47
17 1 16
39 1 52
3 2 23
15 1 1
43 1 35
2 2 1
18 2 4
57 1 39
40 1 39
2 2 18
19 1 1
20 2 33
46 2 42
26 1 22
45 1 11
42 1 52
1 2 27
86 1 58
47 1 39
3 5 1
51 1 10
1 1 2
42 1 58
57 2 86
2 2 32
35 1 20
1 1 4
22 1 4
38 1 33
51 1 1
57 1 42
10 2 3
48 2 58
27 1 30
1 5 3
9 2 15
55 1 54
47 2 67
3 2 2
19 1 18
32 1 31
46 1 24
12 2 43
35 1 36
3 2 27
1 2 46
1 2 4
22 1 28
11 1 15
3 1 4
1 2 2
17 2 12
40 1 38
52 1 19
31 1 30
58 1 67
36 2 34
20 2 36
13 1 19
1 4 3
50 6 53
45 2 24
3 7 1
39 1 53
24 1 11
10 1 3
8 2 1
12 2 26
53 2 51
53 1 1
3 1 14
39 1 58
51 2 53
38 2 39
37 1 22
2 2 21
30 2 41
51 1 15
58 1 57
43 2 52
32 2 4
19 1 28
1 2 20
3 1 1
35 1 34
1 1 14
48 1 57
51 1 9
2 2 3
12 1 16
54 1 39
58 1 68
28 1 27
32 1 3
58 1 33
42 1 29
67 2 68
3 4 1
53 1 10
1 7 3
34 1 19
53 1 3
16 1 1
53 1 42
58 1 56
3 2 31
27 1 41
19 1 2
22 1 2
51 1 42
11 1 20
58 1 47
28 1 1
50 6 51
28 2 2
39 1 43
67 2 56
36 2 57
23 1 19
22 1 1
19 1 4
39 1 26
12 1 11
4 2 21
? 1 github_java_program_data/6/428.java

1 2 23
35 1 33
12 2 17
36 1 19
19 1 21
46 1 45
34 1 19
20 1 19
16 1 15
42 1 50
53 1 46
25 1 24
37 1 19
36 2 37
50 1 19
3 2 14
39 1 40
48 1 47
41 1 22
4 2 28
8 2 9
47 1 42
15 2 3
38 1 20
40 2 43
1 1 2
14 1 22
15 1 3
3 2 46
16 1 10
22 1 21
4 2 32
36 1 22
9 2 10
19 1 32
32 2 4
11 1 10
4 2 1
20 1 22
3 2 4
16 1 23
38 1 37
51 1 25
41 2 30
51 2 53
46 2 42
42 1 48
11 1 1
2 2 28
4 2 18
10 1 1
30 1 19
33 1 22
22 1 18
19 1 3
48 1 33
48 1 56
40 1 42
2 2 18
25 2 39
3 2 13
3 1 13
39 1 12
22 1 3
45 1 16
3 1 4
42 1 12
16 1 20
3 2 25
10 2 1
42 1 29
4 2 3
55 1 51
29 1 22
43 1 38
16 1 3
20 1 11
42 1 40
20 1 16
15 2 1
43 1 39
51 1 8
11 1 3
38 2 39
23 1 22
13 1 22
28 1 3
53 1 9
32 1 1
3 1 2
43 2 50
20 2 33
1 1 3
38 1 36
35 2 42
22 1 28
1 4 3
56 1 39
51 1 39
39 1 17
33 1 19
14 1 19
33 2 47
31 1 41
3 2 23
15 1 1
43 1 35
2 2 1
42 1 43
19 1 1
22 1 32
55 1 53
26 1 22
26 1 19
47 2 56
12 2 40
3 5 1
51 1 10
11 1 23
35 1 20
1 1 4
22 1 4
1 2 2
10 2 3
27 1 30
1 5 3
3 2 2
19 1 18
32 1 31
46 1 24
3 2 27
1 2 4
1 2 31
11 1 15
32 2 2
40 1 38
31 1 30
20 2 36
13 1 19
50 6 53
45 2 24
3 7 1
51 1 9
24 1 11
51 1 3
3 1 14
1 7 3
17 2 26
37 1 22
2 2 21
30 2 41
17 1 11
23 1 19
19 1 28
1 2 20
3 1 1
4 2 21
1 1 14
2 2 3
12 1 16
28 1 27
32 1 3
1 2 14
3 4 1
53 1 10
19 1 2
53 1 3
16 1 1
35 2 39
53 1 42
35 1 34
38 2 42
3 2 31
27 1 41
22 1 2
1 1 13
53 1 8
28 2 2
10 1 3
40 1 35
22 1 1
19 1 4
39 1 26
14 2 13
33 2 34
? 1 github_java_program_data/6/43.java

29 1 22
42 1 51
1 2 23
35 1 33
36 2 39
23 1 11
12 2 17
20 1 22
19 1 21
46 1 45
3 2 42
20 1 19
16 1 15
6 1 1
53 1 46
58 2 29
25 1 24
37 1 19
58 1 36
39 1 40
48 1 47
41 1 22
4 2 28
3 4 1
15 2 3
38 1 20
40 2 43
14 1 22
15 1 3
42 1 107
10 2 1
16 1 10
42 1 12
4 2 32
10 1 1
3 1 27
19 1 32
53 1 8
11 1 10
59 1 41
49 1 39
3 2 4
33 2 37
39 1 49
40 1 38
22 1 21
53 1 15
51 1 25
35 1 23
41 2 30
42 1 26
5 2 6
42 1 48
11 1 1
55 1 6
2 2 28
4 2 18
30 1 19
33 1 22
42 1 17
22 1 18
19 1 3
48 1 33
7 2 6
54 1 8
2 2 18
36 1 22
3 2 13
3 1 13
39 1 12
22 1 3
45 1 16
51 1 42
3 1 4
29 2 40
30 1 22
15 2 1
19 1 2
3 2 25
1 1 14
49 2 29
49 1 36
24 2 45
57 2 56
1 2 13
32 1 1
54 1 3
4 2 3
13 2 14
3 2 20
11 1 20
25 2 42
43 1 38
8 2 3
20 1 11
35 2 39
42 1 40
20 1 16
16 1 3
16 1 20
57 1 42
34 1 22
11 1 3
43 1 42
54 1 42
23 1 22
53 1 39
41 1 3
13 1 22
28 1 3
17 1 16
42 1 43
3 1 2
22 1 32
1 1 3
4 2 1
35 2 42
62 2 29
22 1 28
1 4 3
3 2 46
56 1 39
12 2 48
39 1 17
33 1 19
14 1 19
33 2 47
25 1 45
42 1 53
3 2 23
15 1 1
43 1 35
2 2 1
40 1 39
19 1 1
20 2 33
26 1 22
41 1 1
46 2 59
45 1 11
26 1 19
1 2 27
47 1 39
3 5 1
51 1 10
28 1 1
3 1 31
1 1 4
1 1 2
42 1 58
2 2 32
59 2 39
35 1 20
62 1 36
12 2 62
22 1 4
38 1 33
1 2 2
38 1 23
55 1 5
10 2 3
27 1 30
1 5 3
40 2 107
30 1 3
55 1 54
3 2 2
19 1 18
32 1 31
39 1 29
3 2 27
1 2 4
1 2 31
1 1 31
11 1 15
7 1 1
23 1 16
17 2 12
16 1 23
31 1 30
53 1 59
36 2 34
20 2 36
13 1 19
32 2 4
45 2 24
3 7 1
51 1 9
24 1 11
5 1 1
51 1 3
30 1 1
107 2 40
3 1 14
41 1 19
51 2 53
17 2 26
37 1 22
2 2 21
30 2 41
42 1 106
17 1 11
58 1 57
43 2 106
23 1 19
38 2 39
19 1 28
1 2 20
3 1 1
35 1 34
1 1 13
48 2 29
17 2 51
2 2 3
106 2 40
12 1 16
8 2 15
62 1 42
28 1 27
32 1 3
23 2 33
42 1 29
38 1 37
39 1 62
17 2 43
1 7 3
34 1 19
1 1 27
11 1 23
53 1 3
12 2 49
16 1 1
9 2 10
58 1 56
38 2 42
3 2 31
27 1 41
22 1 2
31 1 41
36 2 42
39 1 26
55 1 7
28 2 4
6 2 7
36 1 19
39 1 43
10 1 3
29 1 19
6 2 54
36 2 57
40 1 35
22 1 1
19 1 4
35 1 36
12 1 11
33 2 34
29 2 26
4 2 21
? 1 github_java_program_data/6/437.java

57 1 39
42 1 51
19 1 1
19 1 21
46 1 45
3 2 42
73 1 56
16 1 15
6 1 1
53 2 51
42 1 52
47 2 56
53 1 46
8 2 3
25 1 24
52 6 53
51 1 10
55 1 7
1 1 2
50 6 51
1 1 4
41 1 22
51 1 1
55 1 5
10 2 3
15 1 3
36 1 19
1 5 3
54 1 3
3 2 2
32 1 31
46 1 24
11 1 10
57 2 68
68 1 42
4 2 1
3 2 27
1 2 4
1 2 31
3 2 4
11 1 15
7 1 1
3 1 4
15 2 3
53 1 15
52 1 19
31 1 30
51 2 53
47 1 22
46 2 42
24 2 45
11 1 1
55 1 6
45 2 24
10 1 1
30 1 19
24 1 11
5 1 1
9 2 8
22 1 18
19 1 3
51 1 3
54 1 8
25 2 39
3 5 1
28 1 3
5 2 6
8 2 10
27 1 30
45 1 16
50 1 22
30 1 22
30 2 41
51 1 15
73 1 33
3 2 25
10 2 1
73 1 47
19 1 28
7 2 54
3 1 1
22 1 73
32 1 1
48 1 57
2 2 3
8 2 15
33 2 47
28 1 27
53 1 9
16 1 10
48 1 36
3 4 1
55 1 54
19 1 2
51 1 9
39 1 50
53 1 3
51 1 8
11 1 3
16 1 1
54 1 42
16 1 3
53 1 42
27 1 41
25 1 45
19 1 32
15 2 1
1 2 2
53 1 8
1 1 3
48 1 68
4 2 3
1 2 25
22 1 3
1 4 3
3 2 46
10 1 3
51 1 39
36 2 57
39 1 48
52 6 51
33 1 19
56 1 19
22 1 1
31 1 41
42 1 53
15 1 1
6 2 7
51 1 25
2 2 1
? 1 github_java_program_data/6/447.java

29 1 22
1 2 23
58 1 36
12 2 17
36 1 19
19 1 21
46 1 45
20 1 19
16 1 15
50 6 51
39 1 51
53 1 46
25 1 24
37 1 19
36 2 37
16 1 20
35 1 33
1 2 39
50 1 19
39 1 40
48 1 47
41 1 22
4 2 28
43 2 52
47 1 42
15 2 3
38 1 20
1 1 13
40 2 43
76 1 42
14 1 22
15 1 3
42 1 12
4 2 32
10 1 1
52 6 53
19 1 32
39 1 77
11 1 10
4 2 1
20 1 22
3 2 4
39 1 58
16 1 23
22 1 21
4 2 2
53 1 15
51 1 25
35 1 23
41 2 30
42 1 26
18 2 2
42 1 48
11 1 1
4 2 18
30 1 19
33 1 22
42 1 17
22 1 18
19 1 3
48 1 33
48 1 56
17 2 50
54 1 8
2 2 18
76 1 46
25 2 39
3 2 13
3 1 13
39 1 12
27 1 30
45 1 16
14 1 19
3 1 4
42 1 52
30 1 22
52 1 22
3 2 25
10 2 1
53 1 25
47 2 56
24 2 45
1 2 13
32 1 1
51 1 8
13 2 14
11 1 20
25 2 42
53 1 9
16 1 3
39 2 76
16 1 10
42 1 40
39 1 50
15 2 1
43 1 39
34 1 22
11 1 3
54 1 1
23 1 22
13 1 22
25 1 45
42 1 43
3 1 2
52 6 51
22 1 32
1 1 3
38 1 36
35 2 42
22 1 28
1 4 3
56 1 39
51 1 39
39 1 17
33 1 19
11 1 23
54 1 39
31 1 41
3 2 23
1 2 25
43 1 35
2 2 1
40 1 42
57 1 39
26 2 48
19 1 1
58 2 50
46 2 42
26 1 22
45 1 11
26 1 19
1 2 27
47 1 39
3 5 1
51 1 10
28 1 1
12 2 48
1 1 2
42 1 58
2 2 32
1 1 4
22 1 4
51 1 1
57 1 42
10 2 3
48 2 58
22 1 3
1 5 3
55 1 54
3 2 2
19 1 18
32 1 31
9 2 8
3 1 14
39 1 29
3 2 27
1 2 46
1 2 4
1 2 31
11 1 15
50 1 22
1 2 2
17 2 12
40 1 38
52 1 19
31 1 30
58 2 26
77 1 39
20 2 36
13 1 19
45 2 24
3 7 1
39 1 53
24 1 11
8 2 1
46 1 24
53 1 1
28 1 3
41 1 19
8 2 10
51 2 53
17 2 26
37 1 22
2 2 21
30 2 41
17 1 11
58 1 57
23 1 19
38 2 39
19 1 28
1 2 20
3 1 1
35 1 34
1 1 14
48 2 29
51 1 9
2 2 3
12 1 16
8 2 15
33 2 47
28 1 27
32 1 3
23 2 33
38 1 37
3 4 1
26 2 40
1 7 3
77 1 76
21 2 4
53 1 3
16 1 1
35 2 39
15 1 1
53 1 42
4 2 21
38 2 42
3 2 31
27 1 41
19 1 2
22 1 2
42 1 29
2 2 4
26 2 29
29 2 40
53 2 51
53 1 8
28 2 4
4 2 3
10 1 3
29 1 19
43 1 38
36 2 57
39 1 48
40 1 35
22 1 1
36 1 22
19 1 4
24 1 16
39 1 26
33 2 34
? 1 github_java_program_data/6/500.java

57 1 39
42 1 51
19 1 1
19 1 21
46 1 45
3 2 42
73 1 56
16 1 15
6 1 1
53 2 51
42 1 52
47 2 56
53 1 46
8 2 3
25 1 24
52 6 53
51 1 10
55 1 7
1 1 2
50 6 51
1 1 4
41 1 22
51 1 1
55 1 5
10 2 3
15 1 3
36 1 19
1 5 3
54 1 3
3 2 2
32 1 31
46 1 24
11 1 10
57 2 68
68 1 42
4 2 1
3 2 27
1 2 4
1 2 31
3 2 4
11 1 15
7 1 1
3 1 4
15 2 3
53 1 15
52 1 19
31 1 30
51 2 53
47 1 22
46 2 42
24 2 45
11 1 1
55 1 6
45 2 24
10 1 1
30 1 19
24 1 11
5 1 1
9 2 8
22 1 18
19 1 3
51 1 3
54 1 8
25 2 39
3 5 1
28 1 3
5 2 6
8 2 10
27 1 30
45 1 16
50 1 22
30 1 22
30 2 41
51 1 15
73 1 33
3 2 25
10 2 1
73 1 47
19 1 28
7 2 54
3 1 1
22 1 73
32 1 1
48 1 57
2 2 3
8 2 15
33 2 47
28 1 27
53 1 9
16 1 10
48 1 36
3 4 1
55 1 54
19 1 2
51 1 9
39 1 50
53 1 3
51 1 8
11 1 3
16 1 1
54 1 42
16 1 3
53 1 42
27 1 41
25 1 45
19 1 32
15 2 1
1 2 2
53 1 8
1 1 3
48 1 68
4 2 3
1 2 25
22 1 3
1 4 3
3 2 46
10 1 3
51 1 39
36 2 57
39 1 48
52 6 51
33 1 19
56 1 19
22 1 1
31 1 41
42 1 53
15 1 1
6 2 7
51 1 25
2 2 1
? 1 github_java_program_data/6/507.java

29 1 22
42 1 51
1 2 23
35 1 33
12 2 17
67 2 86
36 1 19
19 1 21
46 1 45
3 2 42
35 1 23
16 1 15
6 1 1
53 1 46
8 2 3
25 1 24
37 1 19
36 2 37
16 1 20
58 1 36
50 1 19
21 2 2
3 2 14
39 1 40
48 1 47
41 1 22
4 2 28
3 4 1
15 2 3
38 1 20
1 1 13
67 1 48
1 1 2
14 1 22
15 1 3
3 2 46
16 1 10
38 1 37
4 2 32
10 1 1
19 1 32
11 1 10
68 1 42
4 2 1
40 2 52
20 1 22
3 2 4
16 1 23
42 1 12
53 1 15
51 1 25
20 1 19
41 2 30
42 1 26
5 2 6
42 1 48
11 1 1
55 1 6
2 2 28
4 2 18
30 1 19
51 2 53
42 1 17
22 1 18
19 1 3
48 1 33
40 1 42
39 1 50
25 2 39
3 5 1
3 1 13
39 1 12
27 1 30
46 1 24
51 1 42
50 1 22
30 1 22
86 2 68
52 1 22
3 2 25
10 2 1
24 2 45
57 2 56
1 2 13
32 1 1
54 1 3
34 1 22
17 1 16
3 2 20
11 1 20
25 2 42
53 1 9
12 2 40
20 1 11
48 1 36
42 1 40
20 1 16
15 2 1
43 1 39
55 1 5
51 1 8
11 1 3
54 1 42
16 1 3
13 1 22
28 1 3
25 1 45
42 1 43
3 1 2
52 6 51
22 1 32
1 1 3
48 1 68
38 1 36
1 2 25
22 1 28
1 4 3
56 1 39
51 1 39
41 1 19
33 2 57
33 1 19
14 1 19
58 1 33
42 1 53
3 2 23
15 1 1
43 1 35
2 2 1
54 1 8
40 1 39
2 2 18
19 1 1
20 2 33
46 2 42
26 1 22
45 1 11
42 1 52
1 2 27
86 1 58
47 1 39
17 2 40
51 1 10
11 1 23
42 1 58
35 1 20
1 1 4
22 1 4
3 1 4
51 1 1
57 1 42
10 2 3
48 2 58
22 1 3
1 5 3
9 2 15
55 1 54
47 2 67
3 2 2
19 1 18
32 1 31
9 2 8
39 1 29
3 2 27
1 2 4
1 2 31
11 1 15
23 1 16
1 2 2
17 2 12
40 1 38
52 1 19
23 2 33
20 2 36
13 1 19
50 6 53
45 2 24
3 7 1
51 1 9
24 1 11
5 1 1
51 1 3
48 1 67
53 2 51
17 1 11
3 1 14
39 1 17
8 2 10
1 7 3
17 2 26
2 2 21
30 2 41
51 1 15
58 1 57
40 1 35
19 1 28
1 2 20
3 1 1
35 1 34
1 1 14
36 2 47
48 1 57
2 2 3
12 1 16
8 2 15
28 1 27
32 1 3
1 2 14
39 1 52
36 1 22
53 1 3
19 1 4
16 1 1
35 2 39
53 1 42
58 1 56
38 2 42
3 2 31
27 1 41
19 1 2
22 1 2
31 1 41
58 1 47
48 1 86
28 1 1
28 2 4
4 2 3
10 1 3
6 2 54
39 1 48
23 1 19
22 1 1
23 1 22
22 1 21
24 1 16
39 1 26
14 2 13
12 1 11
33 2 34
4 2 21
? 1 github_java_program_data/6/524.java

11 1 20
42 1 51
32 1 27
35 1 33
19 1 21
34 1 19
11 1 8
20 1 19
90 1 3
16 1 15
42 1 50
39 1 51
36 2 34
16 1 20
50 1 19
21 2 2
3 2 14
39 1 40
48 1 47
51 1 46
4 2 28
47 1 42
38 1 20
40 2 43
14 1 22
15 1 3
43 1 35
4 2 32
10 1 1
15 1 9
19 1 32
53 1 8
22 1 54
4 2 1
90 1 8
19 1 42
20 1 22
3 2 4
33 2 37
39 1 49
4 2 2
53 1 15
41 2 30
42 1 26
18 2 2
55 1 6
2 2 28
11 1 9
30 1 19
33 1 22
42 1 17
22 1 18
63 1 39
48 1 33
54 1 8
2 2 18
25 2 39
3 1 13
39 1 12
45 1 16
50 1 22
7 1 3
30 1 22
42 1 12
52 1 22
1 1 14
53 1 25
1 2 13
19 2 22
13 2 14
3 2 20
92 1 9
29 1 22
25 2 42
86 2 56
43 1 42
16 1 10
51 1 9
20 1 16
66 1 19
43 1 39
51 1 8
11 1 3
38 2 39
23 1 22
13 1 22
17 1 16
42 1 43
43 2 29
22 1 32
1 1 3
38 1 36
58 1 86
79 1 19
39 1 17
33 2 47
48 2 43
3 2 23
15 1 1
90 1 10
57 1 39
92 1 3
19 1 1
20 2 33
46 2 42
4 2 18
41 1 1
43 2 26
45 1 11
6 1 3
47 2 56
3 1 31
1 1 2
42 1 58
49 2 26
2 2 32
28 1 3
82 1 3
47 2 67
1 2 2
39 1 58
27 2 39
30 1 3
28 2 4
3 2 2
19 1 18
32 1 31
54 1 27
39 1 29
1 2 46
92 1 39
17 2 12
40 1 38
28 1 31
31 1 30
58 1 67
9 2 3
39 1 53
56 1 39
26 2 12
42 1 52
48 1 67
17 1 11
8 2 10
1 7 3
17 2 26
30 2 41
51 1 15
58 1 57
54 1 65
32 2 4
42 1 92
19 1 28
1 2 20
35 1 34
3 4 1
48 1 57
17 2 51
54 1 1
92 2 12
28 1 27
1 2 14
52 1 19
67 2 68
39 1 52
19 1 2
1 1 27
53 1 3
3 1 27
53 1 42
16 1 66
27 1 41
22 1 2
51 1 42
36 2 42
2 2 4
26 2 29
3 2 39
58 1 47
28 1 1
50 6 51
17 2 29
66 1 22
39 1 43
42 1 19
10 1 3
29 1 19
6 2 54
39 1 48
43 2 52
19 1 4
24 1 16
39 1 26
14 2 13
12 1 11
29 2 58
1 2 23
58 1 36
23 1 11
12 2 17
67 2 86
36 1 19
46 1 45
35 1 23
63 1 31
31 1 41
25 1 24
37 1 19
36 2 37
33 2 57
41 1 22
31 2 39
15 2 3
39 1 90
39 1 72
38 1 37
36 1 22
52 6 53
11 1 10
68 1 42
4 2 63
3 5 1
22 1 21
40 2 29
42 1 48
11 1 1
51 2 53
19 1 3
48 1 56
7 2 6
40 1 42
11 1 79
3 2 13
46 2 39
27 1 30
46 1 24
3 1 4
29 2 40
3 2 25
10 2 1
49 1 36
24 2 45
57 2 56
32 1 1
16 1 1
20 1 11
48 1 36
42 1 40
39 1 50
15 2 1
34 1 22
43 1 38
54 1 42
16 1 3
67 1 58
41 1 3
25 1 45
3 1 2
42 1 22
47 2 68
10 1 9
22 1 63
36 2 47
48 1 68
35 2 42
22 1 28
1 4 3
1 2 25
51 1 39
41 1 19
33 1 19
11 1 23
54 1 39
58 1 33
42 1 53
21 2 4
8 2 1
6 2 7
2 2 1
18 2 4
40 1 39
53 1 39
3 2 46
26 1 22
53 2 51
26 1 19
1 2 27
47 1 39
12 2 40
2 2 54
65 2 27
1 2 66
51 1 10
14 1 19
35 1 20
1 1 4
22 1 4
38 1 33
10 2 3
22 1 3
1 5 3
9 2 8
35 1 36
3 2 27
1 2 4
1 2 31
1 1 31
11 1 15
51 1 1
32 2 2
16 1 23
20 2 36
13 1 19
45 2 24
3 7 1
63 1 82
24 1 11
17 2 49
51 1 3
56 1 42
53 1 1
3 1 14
26 2 50
37 1 22
2 2 21
40 2 26
23 1 19
3 1 1
4 2 21
1 1 13
2 2 3
12 1 16
8 2 15
32 1 3
65 1 3
90 1 25
3 2 79
53 1 10
17 2 43
55 1 54
49 1 42
53 1 9
35 2 39
58 1 56
38 2 42
3 2 31
57 2 67
12 2 29
42 1 29
55 1 7
4 2 3
1 2 42
36 2 57
82 2 31
40 1 35
22 1 1
29 2 43
29 2 26
33 2 34
86 1 48
? 1 github_java_program_data/6/525.java

29 1 22
42 1 51
1 2 23
58 1 36
12 2 17
20 1 22
19 1 21
46 1 45
11 1 8
20 1 19
16 1 15
42 1 50
25 1 24
37 1 19
36 2 37
35 1 33
50 1 19
11 2 16
3 2 14
48 1 47
41 1 22
4 2 28
8 2 9
47 1 42
15 2 3
38 1 20
1 1 13
14 1 22
15 1 3
16 1 10
42 1 12
36 1 22
9 2 10
19 1 32
53 1 8
11 1 10
58 2 48
4 2 1
40 2 52
73 1 36
26 2 17
3 2 4
17 2 48
16 1 23
22 1 21
4 2 2
33 2 57
35 1 23
41 2 30
42 1 26
46 2 42
42 1 48
11 1 1
55 1 6
4 2 18
10 1 1
30 1 19
33 1 22
42 1 17
22 1 18
19 1 3
48 1 33
7 2 6
40 1 42
2 2 18
25 2 39
3 2 13
3 1 13
39 1 12
27 1 30
45 1 16
3 1 4
42 1 52
30 1 22
15 2 1
44 1 25
52 1 22
10 2 1
53 1 25
47 2 56
24 2 45
1 2 13
32 1 1
4 2 3
3 2 20
11 1 20
43 1 42
3 5 1
20 1 11
6 1 3
42 1 40
20 1 16
23 1 22
16 1 20
11 1 3
54 1 1
54 1 42
51 2 53
16 1 3
13 1 22
17 1 16
53 1 9
3 1 2
52 6 51
22 1 32
1 1 3
38 1 36
19 1 73
35 2 42
22 1 28
1 4 3
44 1 1
1 2 25
44 1 39
39 1 17
12 2 29
1 1 2
33 2 47
51 1 42
42 1 53
3 2 23
15 1 1
43 1 35
44 1 8
2 2 1
6 2 7
57 1 39
40 1 39
7 1 3
19 1 1
20 2 33
73 1 56
26 1 22
43 2 26
26 1 19
44 2 51
1 2 27
17 2 40
47 1 19
55 1 7
12 2 48
14 1 19
42 1 58
2 2 32
59 2 39
35 1 20
1 1 4
51 1 46
22 1 4
51 1 1
23 2 33
10 2 3
16 1 9
48 2 58
22 1 3
1 5 3
9 2 15
55 1 54
48 2 26
3 2 2
19 1 18
32 1 31
46 1 24
25 2 59
3 1 14
39 1 29
3 2 27
1 2 46
1 2 4
1 2 31
11 1 15
11 1 23
23 1 16
1 2 2
17 2 12
40 1 38
52 1 19
31 1 30
53 1 59
59 1 30
20 2 36
13 1 19
45 2 24
3 7 1
51 1 9
24 1 11
42 1 44
8 2 1
12 2 26
3 4 1
17 1 11
53 1 1
28 1 3
41 1 19
8 2 10
56 1 22
17 2 26
2 2 21
30 2 41
51 1 15
58 1 57
23 1 19
38 2 39
73 1 47
19 1 28
1 2 20
3 1 1
35 1 34
1 1 14
36 2 47
48 1 57
2 2 3
12 1 16
40 2 17
28 1 27
32 1 3
1 2 14
42 1 29
38 1 37
39 1 52
53 1 10
17 2 43
1 7 3
34 1 19
16 1 1
53 1 39
3 2 31
27 1 41
19 1 2
22 1 2
31 1 41
2 2 4
26 2 29
28 1 1
58 2 40
17 2 29
1 2 42
39 1 43
10 1 3
29 1 19
6 2 54
36 2 57
40 1 35
17 2 44
22 1 1
19 1 4
24 1 16
39 1 26
12 1 11
33 2 34
29 2 26
4 2 21
? 1 github_java_program_data/6/56.java

57 1 39
42 1 51
19 1 1
19 1 21
46 1 45
3 2 42
73 1 56
16 1 15
6 1 1
53 2 51
42 1 52
47 2 56
53 1 46
8 2 3
25 1 24
52 6 53
51 1 10
55 1 7
1 1 2
50 6 51
1 1 4
41 1 22
51 1 1
55 1 5
10 2 3
15 1 3
36 1 19
1 5 3
54 1 3
3 2 2
32 1 31
46 1 24
11 1 10
57 2 68
68 1 42
4 2 1
3 2 27
1 2 4
1 2 31
3 2 4
11 1 15
7 1 1
3 1 4
15 2 3
53 1 15
52 1 19
31 1 30
51 2 53
47 1 22
46 2 42
24 2 45
11 1 1
55 1 6
45 2 24
10 1 1
30 1 19
24 1 11
5 1 1
9 2 8
22 1 18
19 1 3
51 1 3
54 1 8
25 2 39
3 5 1
28 1 3
5 2 6
8 2 10
27 1 30
45 1 16
50 1 22
30 1 22
30 2 41
51 1 15
73 1 33
3 2 25
10 2 1
73 1 47
19 1 28
7 2 54
3 1 1
22 1 73
32 1 1
48 1 57
2 2 3
8 2 15
33 2 47
28 1 27
53 1 9
16 1 10
48 1 36
3 4 1
55 1 54
19 1 2
51 1 9
39 1 50
53 1 3
51 1 8
11 1 3
16 1 1
54 1 42
16 1 3
53 1 42
27 1 41
25 1 45
19 1 32
15 2 1
1 2 2
53 1 8
1 1 3
48 1 68
4 2 3
1 2 25
22 1 3
1 4 3
3 2 46
10 1 3
51 1 39
36 2 57
39 1 48
52 6 51
33 1 19
56 1 19
22 1 1
31 1 41
42 1 53
15 1 1
6 2 7
51 1 25
2 2 1
? 1 github_java_program_data/6/567.java

29 1 22
1 2 23
35 1 33
23 1 11
12 2 17
36 1 19
19 1 21
46 1 45
20 1 19
16 1 15
42 1 50
39 1 51
53 1 46
8 2 3
25 1 24
36 2 37
16 1 20
50 1 19
3 2 14
39 1 40
48 1 47
41 1 22
47 1 42
15 2 3
38 1 20
40 2 43
14 1 22
15 1 3
3 2 46
20 1 11
22 1 21
4 2 32
10 1 1
53 1 8
11 1 10
4 2 1
20 1 22
3 2 4
16 1 23
38 1 37
51 1 25
35 1 23
41 2 30
23 2 33
18 2 2
42 1 48
11 1 1
2 2 28
4 2 18
30 1 19
33 1 22
42 1 17
22 1 18
19 1 3
48 1 33
48 1 56
54 1 8
2 2 18
25 2 39
3 2 13
3 1 13
39 1 12
22 1 3
9 2 8
42 1 12
19 1 2
3 2 25
10 2 1
47 2 56
24 2 45
1 2 13
42 1 29
54 1 3
34 1 22
3 2 20
11 1 20
53 1 9
16 1 3
16 1 10
42 1 40
20 1 16
15 2 1
43 1 39
51 1 8
11 1 3
43 1 38
23 1 22
13 1 22
28 1 3
42 1 43
3 1 2
43 2 50
20 2 33
1 1 3
38 1 36
35 2 42
22 1 28
1 4 3
56 1 39
51 1 39
39 1 17
33 1 19
1 1 2
54 1 39
31 1 41
3 2 23
15 1 1
43 1 35
2 2 1
40 1 42
19 1 1
22 1 32
46 2 42
26 1 22
26 1 19
1 2 27
12 2 40
3 5 1
5 2 54
51 1 10
14 1 19
35 1 20
1 1 4
22 1 4
1 2 2
38 1 23
55 1 5
10 2 3
23 2 36
27 1 30
1 5 3
43 2 17
55 1 54
3 2 2
19 1 18
32 1 31
45 1 16
3 2 27
1 2 4
1 2 31
11 1 15
11 1 23
23 1 16
40 1 38
31 1 30
20 2 36
13 1 19
50 6 53
45 2 24
3 7 1
39 1 53
24 1 11
5 1 1
51 1 3
46 1 24
3 1 14
8 2 10
51 2 53
17 2 26
37 1 22
2 2 21
30 2 41
17 1 11
38 2 39
19 1 28
1 2 20
3 1 1
35 1 34
1 1 13
48 2 29
51 1 9
2 2 3
12 1 16
33 2 47
28 1 27
32 1 3
1 2 14
3 4 1
53 1 10
17 2 43
1 7 3
34 1 19
53 1 3
16 1 1
35 2 39
53 1 42
4 2 21
38 2 42
3 2 31
27 1 41
22 1 2
32 1 1
1 1 14
3 2 39
28 1 1
4 2 3
10 1 3
29 1 19
40 1 35
22 1 1
19 1 4
39 1 26
14 2 13
33 2 34
? 1 github_java_program_data/6/571.java

42 1 51
1 2 23
35 1 33
23 1 11
12 2 17
36 1 19
19 1 21
3 4 1
35 1 23
17 2 40
25 1 24
36 2 37
3 2 14
39 1 40
48 1 47
41 1 22
4 2 28
8 2 9
15 2 3
38 1 20
40 2 43
1 1 2
14 1 22
15 1 3
20 1 11
22 1 21
10 1 1
9 2 10
19 1 32
4 2 1
20 1 22
3 2 4
40 1 38
38 1 37
51 1 25
41 2 30
31 1 30
43 1 42
19 1 2
11 1 1
55 1 6
2 2 28
4 2 18
30 1 19
33 1 22
22 1 18
19 1 3
48 1 33
48 1 56
2 2 18
42 1 26
25 2 39
3 5 1
3 1 13
39 1 12
22 1 3
3 1 4
26 1 19
30 1 22
10 2 1
47 2 56
1 2 13
32 1 1
4 2 3
3 2 20
11 1 20
54 1 1
16 1 10
42 1 40
20 1 16
15 2 1
16 1 20
51 1 8
11 1 3
38 2 39
54 1 42
16 1 3
23 2 33
13 1 22
28 1 3
3 1 2
20 2 33
1 1 3
38 1 36
35 2 42
22 1 28
1 4 3
1 2 25
51 1 39
39 1 17
34 1 22
11 1 23
33 2 47
31 1 41
3 2 23
15 1 1
43 1 35
33 1 19
2 2 1
40 1 39
7 1 3
19 1 1
22 1 32
26 1 22
43 2 26
6 1 3
1 2 27
47 1 39
51 1 10
28 1 1
14 1 19
2 2 32
35 1 20
1 1 4
22 1 4
51 1 1
38 1 23
10 2 3
27 1 30
1 5 3
43 2 12
55 1 54
3 2 2
19 1 18
32 1 31
12 2 43
39 1 29
3 2 27
1 2 4
1 2 31
11 1 15
23 1 16
1 2 2
17 2 12
16 1 23
23 2 36
20 2 36
13 1 19
3 7 1
51 1 9
24 1 11
56 1 42
3 1 14
41 1 19
1 7 3
37 1 22
2 2 21
17 1 11
40 1 35
19 1 28
1 2 20
3 1 1
35 1 34
1 1 14
2 2 3
12 1 16
7 2 54
28 1 27
32 1 3
1 2 14
42 1 29
34 1 19
19 1 4
16 1 1
35 2 39
4 2 21
38 2 42
3 2 31
27 1 41
22 1 2
1 1 13
26 2 29
55 1 7
6 2 7
28 2 2
1 2 42
39 1 43
10 1 3
29 1 19
43 1 38
39 1 48
23 1 19
22 1 1
23 1 22
39 1 26
14 2 13
33 2 34
? 1 github_java_program_data/6/577.java

42 1 51
35 1 33
12 2 17
36 1 19
19 1 21
3 4 1
48 2 58
16 1 15
42 1 50
8 2 3
25 1 24
37 1 19
36 2 37
58 1 36
4 2 18
50 1 19
11 2 16
3 2 14
39 1 40
48 1 47
51 1 46
4 2 28
15 2 3
1 1 13
40 2 43
14 1 22
15 1 3
3 2 46
26 2 43
38 1 37
3 2 42
10 1 1
9 2 10
53 1 8
11 1 10
4 2 1
20 1 22
4 2 2
3 2 4
33 2 37
22 1 21
43 1 39
41 2 30
42 1 26
42 1 48
11 1 1
2 2 28
11 1 9
30 1 19
44 1 8
42 1 17
22 1 18
19 1 3
48 1 33
48 1 56
54 1 8
2 2 18
25 2 39
3 2 13
3 1 13
39 1 12
27 1 30
3 1 4
30 1 22
44 1 25
19 1 2
3 2 25
10 2 1
53 1 25
1 2 27
24 2 45
1 2 13
43 2 40
32 1 1
4 2 3
13 2 14
29 1 22
38 2 39
16 1 3
16 1 10
48 1 36
42 1 40
15 2 1
16 1 20
55 1 5
34 1 22
11 1 3
43 1 38
54 1 42
33 1 22
13 1 22
17 1 16
42 1 43
3 1 2
43 2 50
22 1 32
16 1 8
38 1 36
1 2 25
35 2 42
1 4 3
5 1 1
44 1 39
39 1 17
12 2 29
33 1 19
14 1 19
25 1 45
42 1 53
15 1 1
43 1 35
2 2 1
40 1 42
19 1 1
20 2 33
46 2 42
26 1 22
45 1 11
26 1 19
44 2 51
47 2 56
47 1 39
17 2 40
3 5 1
5 2 54
1 1 2
1 1 3
2 2 32
35 1 20
1 1 4
22 1 4
38 1 33
1 2 2
38 1 23
57 1 42
10 2 3
23 2 36
22 1 3
1 5 3
9 2 15
55 1 54
3 2 2
19 1 18
32 1 31
3 1 14
39 1 29
3 2 27
16 2 11
1 2 4
1 2 31
11 1 15
17 2 12
40 1 38
33 2 57
31 1 30
13 1 19
50 6 53
3 7 1
51 1 9
42 1 44
51 1 3
56 1 42
17 1 11
53 1 1
28 1 3
41 1 19
8 2 10
51 2 53
37 1 22
2 2 21
51 1 15
40 1 35
42 1 12
19 1 28
1 2 20
3 1 1
35 1 34
1 1 14
36 2 47
48 1 57
2 2 3
12 1 16
8 2 15
44 1 3
28 1 27
32 1 3
23 2 33
42 1 29
53 1 10
1 7 3
54 1 3
19 1 4
16 1 1
35 2 39
12 2 44
53 1 39
38 2 42
3 2 31
27 1 41
22 1 2
51 1 42
2 2 4
26 2 29
58 1 47
28 1 1
50 6 51
39 1 43
10 1 3
29 1 19
39 1 48
23 1 19
22 1 1
23 1 22
24 1 16
39 1 26
12 1 11
33 2 34
42 1 58
29 2 26
4 2 21
? 1 github_java_program_data/6/586.java

57 1 39
42 1 51
19 1 1
19 1 21
46 1 45
3 2 42
73 1 56
16 1 15
6 1 1
53 2 51
42 1 52
47 2 56
53 1 46
8 2 3
25 1 24
52 6 53
51 1 10
55 1 7
1 1 2
50 6 51
1 1 4
41 1 22
51 1 1
55 1 5
10 2 3
15 1 3
36 1 19
1 5 3
54 1 3
3 2 2
32 1 31
46 1 24
11 1 10
57 2 68
68 1 42
4 2 1
3 2 27
1 2 4
1 2 31
3 2 4
11 1 15
7 1 1
3 1 4
15 2 3
53 1 15
52 1 19
31 1 30
51 2 53
47 1 22
46 2 42
24 2 45
11 1 1
55 1 6
45 2 24
10 1 1
30 1 19
24 1 11
5 1 1
9 2 8
22 1 18
19 1 3
51 1 3
54 1 8
25 2 39
3 5 1
28 1 3
5 2 6
8 2 10
27 1 30
45 1 16
50 1 22
30 1 22
30 2 41
51 1 15
73 1 33
3 2 25
10 2 1
73 1 47
19 1 28
7 2 54
3 1 1
22 1 73
32 1 1
48 1 57
2 2 3
8 2 15
33 2 47
28 1 27
53 1 9
16 1 10
48 1 36
3 4 1
55 1 54
19 1 2
51 1 9
39 1 50
53 1 3
51 1 8
11 1 3
16 1 1
54 1 42
16 1 3
53 1 42
27 1 41
25 1 45
19 1 32
15 2 1
1 2 2
53 1 8
1 1 3
48 1 68
4 2 3
1 2 25
22 1 3
1 4 3
3 2 46
10 1 3
51 1 39
36 2 57
39 1 48
52 6 51
33 1 19
56 1 19
22 1 1
31 1 41
42 1 53
15 1 1
6 2 7
51 1 25
2 2 1
? 1 github_java_program_data/6/597.java

57 1 39
42 1 51
19 1 1
19 1 21
46 1 45
3 2 42
73 1 56
16 1 15
6 1 1
53 2 51
42 1 52
47 2 56
53 1 46
8 2 3
25 1 24
52 6 53
51 1 10
55 1 7
1 1 2
50 6 51
1 1 4
41 1 22
51 1 1
55 1 5
10 2 3
15 1 3
36 1 19
1 5 3
54 1 3
3 2 2
32 1 31
46 1 24
11 1 10
57 2 68
68 1 42
4 2 1
3 2 27
1 2 4
1 2 31
3 2 4
11 1 15
7 1 1
3 1 4
15 2 3
53 1 15
52 1 19
31 1 30
51 2 53
47 1 22
46 2 42
24 2 45
11 1 1
55 1 6
45 2 24
10 1 1
30 1 19
24 1 11
5 1 1
9 2 8
22 1 18
19 1 3
51 1 3
54 1 8
25 2 39
3 5 1
28 1 3
5 2 6
8 2 10
27 1 30
45 1 16
50 1 22
30 1 22
30 2 41
51 1 15
73 1 33
3 2 25
10 2 1
73 1 47
19 1 28
7 2 54
3 1 1
22 1 73
32 1 1
48 1 57
2 2 3
8 2 15
33 2 47
28 1 27
53 1 9
16 1 10
48 1 36
3 4 1
55 1 54
19 1 2
51 1 9
39 1 50
53 1 3
51 1 8
11 1 3
16 1 1
54 1 42
16 1 3
53 1 42
27 1 41
25 1 45
19 1 32
15 2 1
1 2 2
53 1 8
1 1 3
48 1 68
4 2 3
1 2 25
22 1 3
1 4 3
3 2 46
10 1 3
51 1 39
36 2 57
39 1 48
52 6 51
33 1 19
56 1 19
22 1 1
31 1 41
42 1 53
15 1 1
6 2 7
51 1 25
2 2 1
? 1 github_java_program_data/6/627.java

29 1 22
1 2 23
58 1 36
12 2 17
36 1 19
19 1 21
46 1 45
20 1 19
39 1 44
42 1 50
39 1 51
36 2 34
50 6 51
37 1 19
36 2 37
35 1 33
1 2 39
50 1 19
21 2 2
39 1 40
48 1 47
41 1 22
8 2 9
47 1 42
15 2 3
38 1 20
40 2 43
14 1 22
3 2 46
26 2 43
16 1 10
22 1 21
4 2 32
10 1 1
9 2 10
19 1 32
4 2 1
20 1 22
3 2 4
33 2 37
16 1 23
38 1 37
41 2 30
42 1 26
42 1 48
11 1 1
2 2 28
4 2 18
30 1 19
33 1 22
42 1 17
22 1 18
19 1 3
48 1 33
48 1 56
54 1 8
2 2 18
25 2 39
3 2 13
3 1 13
27 1 30
46 1 24
3 1 4
30 1 22
44 1 25
52 1 22
3 2 25
10 2 1
47 2 56
24 2 45
1 2 13
32 1 1
34 1 22
13 2 14
3 2 20
11 1 20
54 1 1
16 1 3
20 1 11
29 2 17
42 1 40
20 1 16
15 2 1
43 1 39
51 1 8
11 1 3
43 1 38
23 1 22
13 1 22
28 1 3
17 1 16
42 1 43
3 1 2
43 2 50
22 1 32
1 1 3
38 1 36
35 2 42
22 1 28
1 4 3
39 1 106
56 1 39
44 1 39
41 1 19
33 1 19
14 1 19
33 2 47
31 1 41
39 1 52
21 2 4
44 2 106
15 1 1
35 1 36
2 2 1
40 1 42
18 2 4
57 1 39
44 1 9
19 1 1
20 2 33
46 2 42
26 1 22
43 2 26
26 1 19
1 2 27
12 2 40
3 5 1
51 1 10
12 2 48
1 1 2
42 1 58
2 2 32
35 1 20
1 1 4
51 1 46
106 2 51
22 1 4
38 1 33
1 2 2
10 2 3
48 2 58
22 1 3
1 5 3
55 1 54
3 2 2
19 1 18
32 1 31
45 1 16
39 1 29
3 2 27
1 2 4
1 2 31
11 1 15
11 1 23
17 2 12
40 1 38
31 1 30
58 2 26
20 2 36
13 1 19
30 2 41
3 7 1
51 1 9
24 1 11
51 1 3
8 2 1
3 1 14
1 7 3
37 1 22
2 2 21
9 2 3
58 1 57
40 1 35
38 2 39
42 1 12
19 1 28
1 2 20
3 1 1
35 1 34
1 1 13
2 2 3
43 1 35
54 1 39
44 1 3
28 1 27
32 1 3
42 1 29
3 4 1
34 1 19
3 2 23
16 1 1
35 2 39
4 2 21
38 2 42
3 2 31
27 1 41
19 1 2
22 1 2
51 1 42
1 1 14
26 2 29
40 2 26
28 1 1
28 2 4
28 2 2
4 2 3
10 1 3
29 1 19
36 2 57
23 1 19
22 1 1
36 1 22
19 1 4
39 1 26
12 1 11
33 2 34
? 1 github_java_program_data/6/81.java

11 1 20
42 1 51
1 2 23
58 1 36
12 2 17
36 1 19
19 1 21
3 4 1
74 1 68
57 1 22
20 1 19
36 2 34
25 1 24
37 1 19
36 2 37
50 1 19
39 1 40
48 1 47
4 2 73
41 1 22
15 2 3
38 1 20
1 1 13
40 2 43
1 1 2
14 1 22
15 1 3
16 1 10
22 1 21
4 2 32
36 1 22
9 2 10
19 1 32
68 1 42
4 2 1
73 1 36
3 5 1
3 2 4
33 2 37
40 1 38
38 1 37
33 2 57
51 1 25
42 1 26
19 1 2
11 1 1
10 1 1
30 1 19
25 1 45
33 1 22
42 1 17
22 1 18
19 1 3
48 1 33
54 1 8
39 1 50
25 2 39
3 2 13
3 1 13
39 1 12
27 1 30
45 1 16
74 1 57
42 1 52
30 1 22
56 1 22
10 2 1
47 2 56
24 2 45
57 2 56
1 2 13
32 1 1
4 2 3
13 2 14
3 2 20
29 1 22
47 2 68
57 1 19
20 1 11
48 1 36
3 7 1
42 1 40
20 1 16
15 2 1
34 1 22
11 1 3
43 1 42
54 1 42
16 1 3
74 1 47
13 1 22
28 1 3
17 1 16
3 1 2
43 2 50
22 1 32
19 1 74
48 1 68
38 1 36
19 1 73
35 2 42
22 1 28
1 4 3
1 2 25
51 1 39
39 1 17
33 1 19
11 1 23
33 2 47
31 1 41
3 2 23
15 1 1
2 2 1
58 2 26
57 1 39
40 1 39
2 2 18
19 1 1
20 2 33
73 1 56
4 2 18
26 1 19
1 2 27
47 1 39
47 1 19
51 1 10
12 2 48
14 1 19
1 1 3
2 2 73
2 2 32
35 1 20
1 1 4
57 2 68
22 1 4
38 1 33
73 1 57
57 1 42
10 2 3
48 2 58
22 1 3
1 5 3
55 1 54
3 2 2
19 1 18
32 1 31
74 1 33
35 1 36
3 2 27
1 2 4
1 2 31
11 1 15
51 1 1
17 2 12
16 1 23
52 1 19
22 1 74
20 2 36
13 1 19
26 2 40
51 1 9
24 1 11
8 2 1
3 1 14
41 1 19
39 1 58
1 7 3
17 2 26
2 2 21
73 1 33
58 1 57
40 1 35
38 2 39
73 1 47
19 1 28
1 2 20
3 1 1
35 1 34
1 1 14
48 1 57
2 2 3
43 1 35
54 1 1
28 1 27
32 1 3
39 1 29
4 2 74
28 2 4
19 1 4
16 1 1
35 2 39
4 2 21
38 2 42
3 2 31
22 1 2
42 1 29
26 2 29
1 2 2
28 1 1
50 6 51
68 1 22
28 2 2
1 2 42
39 1 43
10 1 3
29 1 19
43 1 38
36 2 57
39 1 48
23 1 19
22 1 1
68 1 19
23 1 22
39 1 26
12 1 11
? 1 github_java_program_data/6/95.java

