49 1 25
10 2 26
56 2 84
15 1 14
3 2 75
10 2 33
24 1 7
7 1 81
30 1 10
7 1 33
37 1 25
7 1 22
30 1 22
45 1 10
28 2 55
48 1 83
12 1 7
63 2 42
15 1 7
1 2 2
17 1 14
51 1 26
35 1 7
7 2 23
3 1 1
107 1 37
51 1 50
30 1 7
48 1 107
64 1 62
30 2 25
10 2 37
37 1 82
40 1 39
42 1 56
56 1 30
37 1 36
39 6 73
106 1 73
7 2 33
64 1 31
30 1 40
62 1 40
10 2 11
38 1 40
28 2 29
31 2 50
10 1 22
23 1 34
10 1 33
63 1 17
25 1 40
53 1 37
10 4 7
27 1 17
85 2 40
26 1 17
27 2 36
37 1 52
85 1 56
7 2 81
31 2 62
45 1 40
85 1 26
37 1 42
56 1 25
25 1 10
22 2 10
86 2 64
51 2 40
7 4 10
48 1 75
81 2 80
15 2 17
39 1 25
40 1 114
42 2 57
37 1 59
64 2 52
25 1 22
39 6 45
24 1 10
73 1 40
31 2 38
10 1 7
42 1 31
28 2 24
7 2 20
24 1 23
30 1 35
30 1 55
37 1 105
73 1 7
40 1 25
25 1 29
85 1 31
82 1 45
7 2 13
17 1 12
10 2 49
54 1 18
15 1 23
83 2 107
83 1 10
37 1 64
105 2 106
7 1 28
53 2 39
28 2 22
3 1 2
7 2 26
75 2 83
15 1 49
37 1 57
62 1 37
30 1 28
26 2 31
53 1 85
15 1 26
30 1 29
42 2 27
86 1 85
86 1 51
40 1 57
14 1 11
7 2 28
37 1 27
53 1 40
10 2 80
7 2 11
34 1 25
40 1 113
34 2 32
20 2 40
15 1 12
35 1 23
54 2 40
32 1 30
17 2 15
52 1 25
35 2 22
12 1 10
83 1 37
22 2 35
40 1 36
35 1 10
63 2 27
64 2 42
37 1 63
26 1 30
54 1 16
30 1 24
85 2 37
20 1 18
12 2 10
22 2 24
17 1 7
31 1 30
17 1 23
18 1 17
27 2 42
63 2 86
80 1 25
10 1 80
53 1 51
36 6 45
7 2 80
7 1 80
10 1 81
23 1 32
31 1 25
107 2 45
33 1 32
7 2 49
73 1 14
32 1 25
50 1 30
20 1 16
7 2 22
53 2 57
40 1 30
26 1 15
50 1 25
25 1 28
14 1 10
86 1 37
7 2 54
37 1 106
56 2 62
37 1 79
75 1 46
49 2 56
36 1 25
42 1 38
12 1 11
79 2 82
16 1 15
10 2 23
56 2 50
63 1 15
42 2 53
24 1 33
25 1 55
48 1 45
26 2 56
46 1 7
10 1 23
28 2 7
10 2 28
51 1 49
10 2 22
51 1 31
14 2 10
51 2 37
34 1 30
17 1 49
56 2 38
25 2 30
17 1 26
57 1 25
28 2 35
57 1 30
45 1 12
40 1 53
20 2 37
27 2 53
25 1 7
37 1 53
10 2 20
14 1 13
52 1 30
24 2 28
107 1 7
45 1 37
16 2 18
48 1 3
45 1 7
81 1 25
26 1 25
49 1 15
86 2 52
40 1 63
85 1 84
38 1 37
53 2 86
84 1 25
10 1 28
33 1 34
27 1 15
14 2 7
22 2 7
40 1 42
37 1 86
49 1 30
15 1 10
35 1 33
27 2 86
10 2 13
22 2 55
7 1 10
7 1 23
7 5 10
32 2 34
86 1 40
12 2 7
36 1 30
14 1 7
25 1 24
49 2 31
40 1 86
86 2 63
28 2 10
73 1 54
7 2 37
10 2 81
31 2 84
12 1 13
40 1 52
17 1 10
81 1 30
45 1 20
40 1 27
51 1 56
64 1 56
25 1 37
86 2 39
80 1 30
10 5 7
86 2 42
25 1 35
37 1 30
63 2 53
49 1 17
84 1 30
85 1 49
? 1 github_cpp_program_data/31/107.cpp

49 1 25
42 1 41
56 2 84
15 1 14
3 2 75
52 2 39
10 2 33
73 1 37
24 1 7
7 1 81
30 1 10
10 2 23
57 2 86
37 1 25
7 1 22
30 1 22
45 1 10
48 1 6
28 2 55
28 2 80
7 4 10
15 1 7
1 2 2
17 1 14
51 1 26
37 1 53
27 2 64
7 2 23
3 1 1
51 1 50
52 2 42
73 1 10
30 1 7
64 1 62
30 2 25
35 2 28
22 2 29
10 2 54
45 1 7
42 1 56
18 1 15
12 2 10
56 1 30
29 2 22
80 1 30
57 2 39
49 2 31
54 2 40
65 2 10
64 1 31
11 2 13
62 1 40
10 2 11
12 1 7
28 2 29
35 1 7
31 2 50
38 2 41
10 1 22
16 1 17
23 1 34
64 1 43
63 1 17
11 2 15
53 1 37
10 4 7
27 1 17
85 2 40
26 1 17
24 2 22
37 1 52
30 1 35
7 2 81
31 2 62
45 1 40
41 1 40
63 2 57
85 1 26
52 2 36
37 1 42
56 1 25
15 2 13
62 2 43
25 1 10
22 2 10
81 2 10
15 1 33
51 2 40
48 1 75
15 2 17
39 1 25
25 1 81
17 1 33
19 2 7
24 1 10
73 1 40
31 2 38
10 1 7
80 2 10
42 1 31
7 2 20
24 1 23
85 1 56
30 1 55
73 1 7
75 2 45
25 1 29
85 1 31
7 2 13
55 2 28
26 2 31
52 2 86
17 1 12
22 2 28
10 2 49
38 1 40
15 1 23
10 5 7
42 2 63
22 2 80
7 1 28
86 2 64
37 1 39
3 1 2
7 2 26
15 1 49
37 1 57
62 1 37
30 1 28
4 2 5
52 2 57
53 1 85
15 1 26
30 1 29
42 2 27
86 1 85
86 1 51
40 1 57
48 1 73
14 1 11
7 2 28
17 1 10
37 1 27
53 1 40
27 2 52
63 1 15
73 1 12
34 1 25
7 2 33
33 1 32
20 2 40
15 1 12
35 1 23
27 1 13
32 1 30
12 1 65
52 1 25
35 2 22
12 1 10
22 2 35
40 1 36
28 2 22
35 1 10
63 2 27
64 2 42
37 1 63
26 1 30
54 1 16
30 1 24
85 2 37
20 1 18
40 1 64
22 2 24
17 1 7
31 1 30
6 2 3
17 1 23
18 1 17
27 2 42
39 1 30
80 1 25
10 1 80
53 1 51
36 6 45
7 2 80
7 1 80
80 2 7
10 1 81
23 1 32
6 1 5
81 2 7
14 1 65
31 1 25
20 1 16
7 2 49
73 1 14
32 1 25
50 1 30
25 1 22
7 2 22
43 1 37
53 2 57
7 2 11
26 1 15
50 1 25
25 1 28
14 1 10
28 2 81
86 1 37
7 2 54
30 1 80
34 2 32
3 2 6
56 2 62
10 2 80
63 2 64
75 1 46
49 2 56
36 1 25
7 1 10
16 2 18
51 1 49
19 2 12
16 1 15
56 2 50
85 1 49
29 2 28
24 1 33
25 1 55
48 1 45
26 2 56
17 2 11
46 1 7
28 2 7
10 2 28
10 2 22
51 1 31
30 1 81
63 2 52
14 2 10
64 2 27
73 2 45
51 2 37
34 1 30
17 1 49
56 2 38
25 2 30
17 1 26
57 1 25
57 1 30
45 1 12
40 1 53
20 2 37
27 2 53
25 1 7
64 2 52
64 2 57
10 2 20
14 1 13
52 1 30
45 1 19
45 1 37
25 1 80
10 7 7
14 1 19
48 1 3
13 2 17
81 1 25
26 1 25
49 1 15
40 1 63
85 1 84
38 1 37
55 2 22
84 1 25
45 1 20
18 2 16
27 1 15
7 7 10
14 2 7
22 2 7
45 2 73
40 1 42
65 2 7
27 2 63
37 1 86
49 1 30
13 2 11
15 1 10
35 1 33
57 2 36
27 2 86
10 2 13
22 2 81
22 2 55
54 2 37
42 1 38
7 5 10
32 2 34
24 2 28
86 1 40
12 2 7
28 2 10
27 1 11
14 1 7
25 1 24
10 2 26
40 1 86
6 1 4
73 1 54
57 2 64
10 2 81
31 2 84
12 1 13
40 1 52
12 1 11
81 1 30
10 1 28
40 1 27
51 1 56
64 1 56
25 1 37
33 1 34
57 2 52
25 1 35
37 1 30
63 2 53
49 1 17
84 1 30
54 1 18
? 1 github_cpp_program_data/31/112.cpp

49 1 25
14 2 129
80 2 128
15 1 14
128 2 52
52 1 22
30 2 128
128 2 16
24 1 7
7 1 81
30 1 10
33 1 128
54 2 129
37 1 25
7 1 22
30 1 22
131 1 129
40 1 128
63 1 129
11 2 128
15 2 129
15 1 7
17 1 14
129 2 13
129 2 29
17 2 128
81 1 129
12 1 129
7 1 129
132 2 129
52 1 28
23 1 32
73 1 10
30 1 7
11 2 129
25 1 128
129 2 91
34 2 129
76 1 7
128 2 55
29 1 129
45 1 7
27 2 129
35 2 129
30 1 91
37 1 132
32 2 128
131 1 128
128 2 40
16 2 129
48 1 45
129 2 22
20 2 129
12 1 7
57 2 129
23 1 128
129 2 27
16 1 17
23 1 34
128 2 23
24 2 128
10 4 7
27 1 17
18 2 129
48 1 129
10 5 7
30 1 35
35 1 128
14 1 128
25 1 132
129 2 23
132 2 128
40 1 132
49 1 128
37 1 27
13 2 128
25 1 10
10 1 128
129 2 52
15 1 33
30 1 128
7 4 10
12 1 128
37 1 128
80 2 129
128 2 76
17 1 33
129 2 10
24 1 10
73 1 40
80 1 128
129 2 16
10 1 7
52 1 128
28 2 128
24 1 23
128 2 28
80 1 30
30 1 55
13 2 129
73 1 7
129 2 49
128 2 22
128 2 24
25 1 29
17 1 128
22 2 128
25 1 131
17 1 12
45 1 40
54 1 18
15 1 128
129 2 81
129 2 57
129 2 28
15 2 128
20 1 128
73 2 128
128 2 33
29 2 129
15 1 49
63 1 17
91 2 128
91 1 33
15 1 26
17 2 129
30 1 29
26 1 30
128 2 20
33 2 128
48 1 73
40 1 57
16 2 128
129 2 32
20 1 129
14 1 11
131 2 128
32 2 129
52 1 129
129 2 7
29 1 128
73 1 12
34 1 25
14 1 129
33 1 32
15 1 12
35 1 23
48 1 128
32 1 30
52 1 25
12 1 10
128 2 45
25 2 129
35 1 10
40 1 131
32 1 129
37 1 63
49 1 129
54 1 16
128 2 34
76 1 10
128 2 132
20 1 18
52 2 129
81 1 128
17 1 7
76 1 128
17 1 129
17 1 23
18 1 17
27 2 128
80 1 25
10 1 80
15 1 129
25 2 128
7 1 80
27 1 129
10 1 81
128 2 35
7 1 128
52 1 30
10 2 128
25 1 22
129 2 128
132 1 128
73 1 14
32 1 25
20 1 16
7 2 22
128 2 30
128 2 29
20 2 128
129 2 26
25 1 28
14 1 10
129 2 20
33 1 129
18 2 128
29 2 128
129 2 40
129 2 45
129 2 55
26 1 128
24 1 129
30 1 28
128 2 63
128 2 13
7 1 10
23 2 129
17 1 10
7 2 128
45 2 128
128 2 27
16 1 15
22 2 129
63 1 15
24 1 33
25 1 55
45 2 129
24 1 128
91 1 7
129 2 54
12 2 128
128 2 49
35 1 129
63 2 129
34 1 30
17 1 49
76 1 129
128 2 37
17 1 26
128 2 11
128 2 26
57 1 30
30 2 129
45 1 12
129 2 37
91 1 129
73 1 129
30 1 129
129 2 80
25 1 7
55 2 129
35 1 7
128 2 32
91 1 128
45 1 129
30 1 76
80 1 129
52 2 128
45 1 37
25 1 80
132 1 129
10 7 7
14 2 128
129 2 18
30 1 37
131 2 129
81 1 25
26 1 25
23 2 128
7 2 129
73 1 128
33 2 129
129 2 34
26 1 129
40 1 63
129 2 11
45 1 20
37 1 129
27 1 15
7 7 10
18 1 15
129 2 63
12 2 129
45 1 128
129 2 25
10 1 129
15 1 10
55 1 129
10 2 129
48 1 52
23 1 129
129 2 73
129 2 131
25 1 129
28 2 129
7 5 10
32 1 29
63 2 128
32 1 128
54 1 129
129 2 132
128 2 131
14 1 7
25 1 24
76 2 129
129 2 30
128 2 25
128 2 81
128 2 18
73 1 54
129 2 33
55 2 128
12 1 13
40 1 52
12 1 11
34 2 128
81 1 30
128 2 10
128 2 129
40 1 27
40 1 129
57 1 128
128 2 7
45 1 14
27 1 128
76 1 23
33 1 34
55 1 128
25 1 35
54 1 128
63 1 128
129 2 24
15 1 23
128 2 73
128 2 80
? 1 github_cpp_program_data/31/115.cpp

49 1 25
17 1 26
48 1 151
10 2 33
73 1 37
24 1 7
7 1 81
30 1 10
54 2 37
57 2 86
37 1 25
7 1 22
30 1 22
45 1 10
48 1 6
48 1 83
97 1 10
15 1 7
1 2 2
17 1 14
51 1 26
37 1 53
3 1 1
51 1 50
73 1 10
30 1 7
64 1 62
30 2 25
79 1 45
10 2 54
76 1 7
30 1 37
45 2 73
83 1 7
12 2 10
56 1 30
29 2 22
49 2 31
7 2 33
15 1 10
30 1 40
62 1 40
10 2 11
12 1 7
28 2 29
31 2 50
10 1 22
31 2 38
23 1 34
25 1 40
91 1 23
10 4 7
27 1 17
26 1 17
37 1 52
85 1 56
31 2 62
45 1 40
85 1 26
56 1 25
25 1 10
22 2 10
15 1 33
51 2 40
151 1 37
7 4 10
83 2 76
17 1 33
24 1 10
14 2 10
52 2 27
10 1 7
80 2 81
42 1 31
151 2 6
30 1 35
30 1 55
91 2 40
40 1 25
25 1 29
85 1 31
57 2 53
55 2 28
10 2 49
42 1 56
15 1 23
10 5 7
37 1 64
48 1 37
7 1 28
3 1 2
7 2 26
97 2 40
15 1 49
37 1 57
30 1 28
4 2 5
52 2 57
63 1 17
22 2 29
15 1 26
30 1 29
42 2 64
91 1 10
7 2 97
86 1 85
7 2 13
40 1 57
29 2 37
40 1 30
7 2 28
17 1 10
37 1 27
53 1 40
10 2 80
34 1 25
27 2 53
34 2 32
20 2 40
15 1 12
35 1 23
32 1 30
12 1 65
52 1 25
35 2 22
12 1 10
37 1 3
57 2 63
51 1 56
83 1 97
35 1 10
63 2 27
64 2 42
37 1 63
26 1 30
35 1 7
30 1 24
85 2 37
40 1 64
17 1 7
31 1 30
6 2 3
17 1 23
37 1 42
151 1 29
80 1 25
10 1 80
53 1 51
7 2 80
7 1 80
10 1 81
23 1 32
6 1 5
97 1 19
31 1 25
33 1 32
7 2 49
73 1 14
32 1 25
50 1 30
25 1 22
7 2 22
28 2 7
26 1 15
50 1 25
49 2 56
25 1 28
14 1 10
27 2 57
86 1 37
37 2 91
56 2 62
82 1 63
7 1 10
51 1 49
79 2 82
40 1 42
19 2 10
56 2 50
85 1 49
29 2 28
45 1 20
24 1 33
25 1 55
26 2 31
91 1 7
48 1 76
10 2 28
48 1 40
10 2 22
51 1 31
63 2 52
76 1 33
34 1 30
17 1 49
56 2 38
25 2 30
80 1 30
57 1 25
10 2 23
57 1 30
45 1 12
26 2 56
25 1 7
3 2 83
10 2 20
14 1 13
52 1 30
48 1 3
81 1 25
26 1 25
49 1 15
40 1 63
79 1 73
40 2 76
85 1 84
38 1 37
40 1 82
84 1 25
10 1 28
27 1 15
14 2 7
22 2 7
28 2 55
76 2 37
27 2 63
7 2 23
56 2 84
49 1 30
64 1 31
55 2 22
27 2 86
10 2 13
22 2 55
42 1 38
40 1 79
32 2 34
82 1 27
65 2 7
28 2 10
24 2 28
14 1 7
25 1 24
10 2 26
40 1 86
6 1 4
73 1 54
7 5 10
31 2 84
40 1 52
12 1 11
81 1 30
37 1 30
40 1 27
48 1 91
64 1 56
25 1 37
76 1 23
33 1 34
83 1 40
57 2 52
25 1 35
12 2 7
49 1 17
84 1 30
63 1 15
? 1 github_cpp_program_data/31/120.cpp

35 1 10
49 1 25
15 1 14
37 1 63
56 2 84
37 1 53
22 2 7
10 2 33
20 1 18
12 2 10
7 1 81
17 1 7
30 1 10
10 2 23
7 2 26
18 1 17
12 1 7
30 1 22
10 1 80
53 1 51
36 6 45
7 1 80
48 1 83
10 1 81
50 1 30
15 1 7
10 4 7
31 1 25
25 1 22
51 1 26
10 2 22
7 2 49
32 1 25
53 2 36
51 1 50
20 1 16
7 2 22
40 1 79
10 2 81
30 1 7
26 1 15
50 1 25
25 1 28
14 1 10
86 1 37
7 2 28
45 1 7
23 1 32
83 1 7
56 1 30
7 1 10
37 1 36
7 2 40
16 1 15
19 2 10
56 2 50
22 2 24
10 2 11
25 1 55
26 2 31
31 2 50
35 1 33
10 1 22
10 2 28
38 1 40
23 1 34
10 1 33
51 1 31
53 1 37
31 1 30
27 1 17
51 2 37
34 1 30
17 1 49
37 1 52
85 1 56
28 2 35
85 1 26
45 1 12
37 1 42
40 1 53
37 1 27
25 1 10
25 1 7
7 2 80
51 2 40
79 2 82
7 4 10
52 1 30
36 1 25
45 1 37
16 2 18
17 1 33
14 1 19
26 1 17
24 1 10
81 1 25
26 1 25
10 1 7
80 2 81
42 1 31
7 2 20
24 1 23
85 1 84
30 1 55
40 1 82
84 1 25
45 1 20
33 1 34
27 1 15
25 1 29
14 2 7
82 1 45
27 2 63
17 1 12
10 2 49
49 1 30
20 2 37
10 5 7
10 2 13
15 2 17
42 1 38
7 1 23
15 1 49
32 2 34
30 1 28
12 2 7
63 1 17
15 1 26
25 1 24
53 1 40
86 1 85
40 1 86
28 2 10
85 2 37
14 1 11
12 1 13
17 1 10
31 2 38
81 1 30
28 2 7
10 2 80
30 1 29
34 1 25
26 2 56
33 1 32
35 1 23
7 2 23
80 1 30
83 1 40
32 1 30
17 2 15
25 1 35
12 1 10
63 2 53
22 2 10
51 1 56
7 5 10
? 1 github_cpp_program_data/31/172.cpp

49 1 25
10 2 26
56 2 84
15 1 14
3 2 75
10 2 33
24 1 7
7 1 81
30 1 10
7 1 33
37 1 25
7 1 22
30 1 22
45 1 10
28 2 55
48 1 83
12 1 7
63 2 42
15 1 7
1 2 2
17 1 14
51 1 26
35 1 7
7 2 23
3 1 1
107 1 37
51 1 50
30 1 7
48 1 107
64 1 62
30 2 25
10 2 37
37 1 82
40 1 39
42 1 56
56 1 30
37 1 36
39 6 73
106 1 73
7 2 33
64 1 31
30 1 40
62 1 40
10 2 11
38 1 40
28 2 29
31 2 50
10 1 22
23 1 34
10 1 33
63 1 17
25 1 40
53 1 37
10 4 7
27 1 17
85 2 40
26 1 17
27 2 36
37 1 52
85 1 56
7 2 81
31 2 62
45 1 40
85 1 26
37 1 42
56 1 25
25 1 10
22 2 10
86 2 64
51 2 40
7 4 10
48 1 75
81 2 80
15 2 17
39 1 25
40 1 114
42 2 57
37 1 59
64 2 52
25 1 22
39 6 45
24 1 10
73 1 40
31 2 38
10 1 7
42 1 31
28 2 24
7 2 20
24 1 23
30 1 35
30 1 55
37 1 105
73 1 7
40 1 25
25 1 29
85 1 31
82 1 45
7 2 13
17 1 12
10 2 49
54 1 18
15 1 23
83 2 107
83 1 10
37 1 64
105 2 106
7 1 28
53 2 39
28 2 22
3 1 2
7 2 26
75 2 83
15 1 49
37 1 57
62 1 37
30 1 28
26 2 31
53 1 85
15 1 26
30 1 29
42 2 27
86 1 85
86 1 51
40 1 57
14 1 11
7 2 28
37 1 27
53 1 40
10 2 80
7 2 11
34 1 25
40 1 113
34 2 32
20 2 40
15 1 12
35 1 23
54 2 40
32 1 30
17 2 15
52 1 25
35 2 22
12 1 10
83 1 37
22 2 35
40 1 36
35 1 10
63 2 27
64 2 42
37 1 63
26 1 30
54 1 16
30 1 24
85 2 37
20 1 18
12 2 10
22 2 24
17 1 7
31 1 30
17 1 23
18 1 17
27 2 42
63 2 86
80 1 25
10 1 80
53 1 51
36 6 45
7 2 80
7 1 80
10 1 81
23 1 32
31 1 25
107 2 45
33 1 32
7 2 49
73 1 14
32 1 25
50 1 30
20 1 16
7 2 22
53 2 57
40 1 30
26 1 15
50 1 25
25 1 28
14 1 10
86 1 37
7 2 54
37 1 106
56 2 62
37 1 79
75 1 46
49 2 56
36 1 25
42 1 38
12 1 11
79 2 82
16 1 15
10 2 23
56 2 50
63 1 15
42 2 53
24 1 33
25 1 55
48 1 45
26 2 56
46 1 7
10 1 23
28 2 7
10 2 28
51 1 49
10 2 22
51 1 31
14 2 10
51 2 37
34 1 30
17 1 49
56 2 38
25 2 30
17 1 26
57 1 25
28 2 35
57 1 30
45 1 12
40 1 53
20 2 37
27 2 53
25 1 7
37 1 53
10 2 20
14 1 13
52 1 30
24 2 28
107 1 7
45 1 37
16 2 18
48 1 3
45 1 7
81 1 25
26 1 25
49 1 15
86 2 52
40 1 63
85 1 84
38 1 37
53 2 86
84 1 25
10 1 28
33 1 34
27 1 15
14 2 7
22 2 7
40 1 42
37 1 86
49 1 30
15 1 10
35 1 33
27 2 86
10 2 13
22 2 55
7 1 10
7 1 23
7 5 10
32 2 34
86 1 40
12 2 7
36 1 30
14 1 7
25 1 24
49 2 31
40 1 86
86 2 63
28 2 10
73 1 54
7 2 37
10 2 81
31 2 84
12 1 13
40 1 52
17 1 10
81 1 30
45 1 20
40 1 27
51 1 56
64 1 56
25 1 37
86 2 39
80 1 30
10 5 7
86 2 42
25 1 35
37 1 30
63 2 53
49 1 17
84 1 30
85 1 49
? 1 github_cpp_program_data/31/194.cpp

49 1 25
10 2 26
15 1 14
6 2 75
10 2 33
24 1 7
7 1 81
86 2 53
30 1 10
7 1 33
48 1 75
7 1 22
30 1 22
48 1 6
31 2 37
31 1 22
15 1 7
17 1 14
51 1 26
37 1 53
7 2 23
3 1 1
23 1 32
30 1 7
64 1 62
22 2 29
45 1 7
45 2 73
12 2 10
56 1 30
37 1 36
7 2 33
57 2 52
48 1 45
12 1 7
28 2 29
23 1 34
10 1 33
63 1 17
53 1 37
10 4 7
27 1 17
72 1 37
85 2 40
10 2 23
37 1 52
30 1 35
7 2 81
72 1 31
85 1 26
31 2 38
25 1 10
22 2 10
7 2 80
51 2 40
7 4 10
81 2 80
15 2 17
39 1 25
25 1 22
39 6 45
26 1 17
24 1 10
73 1 40
10 1 7
80 2 81
42 1 31
28 2 24
7 2 20
24 1 23
80 1 30
30 1 55
73 1 7
25 1 29
85 1 31
26 2 31
17 1 12
10 2 49
29 2 22
42 2 63
37 1 39
3 1 2
15 1 49
37 1 57
62 1 37
30 1 28
4 2 5
22 2 30
1 2 2
30 1 29
86 1 85
48 1 73
40 1 57
14 1 11
7 2 28
56 1 25
53 1 40
10 2 80
25 1 24
34 1 25
7 1 10
34 2 32
15 1 12
35 1 23
54 2 40
37 1 27
40 1 72
35 2 22
12 1 10
22 2 35
51 1 56
28 2 22
35 1 10
75 2 45
37 1 63
26 1 30
35 1 7
30 1 24
85 2 37
40 1 64
22 2 24
17 1 7
31 1 30
6 2 3
37 1 42
27 2 42
80 1 25
10 1 80
53 1 51
55 2 28
7 1 80
10 1 81
51 1 50
6 1 5
31 1 25
33 1 32
7 2 49
73 1 14
32 1 25
50 1 30
20 1 16
7 2 22
63 2 72
53 2 27
26 1 15
50 1 25
25 1 28
10 2 22
27 2 57
86 1 37
7 2 54
10 7 7
3 2 6
56 2 62
75 1 46
42 1 38
25 2 22
16 1 15
56 2 50
63 1 15
29 2 28
24 1 33
25 1 55
26 2 56
46 1 7
10 1 23
28 2 7
10 2 28
14 1 10
14 2 10
51 2 37
34 1 30
17 1 49
17 1 26
57 1 25
28 2 35
57 1 30
45 1 12
40 1 53
27 2 53
25 1 7
52 1 30
24 2 28
45 1 37
27 2 64
48 1 3
81 1 25
40 1 63
85 1 84
38 1 37
55 2 22
53 2 86
45 1 20
27 1 15
7 7 10
14 2 7
22 2 7
28 2 55
37 1 86
32 1 30
49 1 30
15 1 10
20 2 37
10 5 7
63 2 57
52 1 25
22 2 55
28 2 10
7 1 23
32 2 34
86 1 40
57 2 86
36 1 30
14 1 7
7 2 11
6 1 4
73 1 54
10 2 81
31 2 84
40 1 52
17 1 10
81 1 30
10 1 28
40 1 27
64 1 56
86 2 39
33 1 34
25 1 35
12 2 7
63 2 53
84 1 30
7 5 10
? 1 github_cpp_program_data/31/195.cpp

49 1 25
42 1 41
100 1 20
15 1 14
6 2 75
16 1 14
38 2 43
10 2 33
42 1 69
24 1 7
7 1 81
30 1 10
7 1 33
57 2 86
48 1 75
38 1 40
30 1 22
45 1 10
48 1 6
28 2 55
7 4 10
15 1 7
1 2 2
17 1 14
64 2 63
51 1 26
16 1 7
37 1 53
7 2 23
3 1 1
23 1 32
57 2 39
73 1 10
63 2 86
30 1 7
64 1 62
48 1 27
22 2 29
10 2 54
40 1 39
10 2 13
42 1 56
18 1 15
12 2 10
56 1 30
29 2 22
80 1 30
100 2 12
49 2 31
7 2 33
65 2 10
64 1 31
22 2 55
57 2 52
62 1 40
10 2 11
12 1 7
28 2 29
35 1 7
31 2 50
38 2 41
10 1 22
16 1 17
86 2 57
23 1 34
10 1 33
53 1 37
10 4 7
27 1 17
25 1 103
85 2 40
26 1 17
37 1 52
85 1 56
7 2 81
31 2 62
45 1 40
63 2 57
85 1 26
73 2 45
52 2 36
68 1 64
56 1 25
20 1 16
25 1 10
22 2 10
96 2 12
7 2 80
51 2 40
81 2 80
37 1 39
36 1 25
69 2 68
42 2 57
7 1 22
64 2 52
17 1 33
19 2 7
24 1 10
73 1 40
31 2 38
10 1 7
80 2 81
42 1 31
28 2 24
24 1 23
30 1 35
30 1 55
73 1 7
32 2 34
57 1 25
25 1 29
53 2 52
85 1 31
52 2 42
7 2 13
57 2 53
26 2 31
52 2 86
17 1 12
16 1 10
10 2 49
15 2 17
54 1 18
15 1 23
10 5 7
37 1 64
42 2 63
7 1 28
25 1 104
3 1 2
15 1 49
37 1 57
62 1 37
63 1 17
4 2 5
52 2 57
53 1 85
15 1 26
30 1 29
42 2 64
86 1 85
86 1 51
40 1 57
73 1 20
48 1 73
14 1 11
52 2 27
7 2 28
39 1 30
37 1 27
53 1 40
27 2 52
10 2 80
25 1 24
34 1 25
27 2 53
34 2 32
20 2 40
15 1 12
35 1 23
7 2 11
32 1 30
12 1 65
52 1 25
75 2 27
12 1 10
22 2 35
57 2 63
51 1 56
28 2 22
35 1 10
62 2 68
63 2 27
37 1 63
26 1 30
54 1 16
30 1 24
85 2 37
20 1 18
40 1 64
64 1 43
22 2 24
17 1 7
31 1 30
6 2 3
7 2 26
18 1 17
22 2 104
24 2 22
80 1 25
10 1 80
53 1 51
10 2 26
55 2 28
7 1 80
10 1 81
51 1 50
6 1 5
52 1 30
33 1 32
7 2 49
42 1 68
73 1 14
32 1 25
50 1 30
25 1 22
7 2 22
43 1 37
53 2 57
103 1 33
37 1 42
26 1 15
50 1 25
25 1 28
14 1 10
56 2 62
86 1 37
7 2 54
10 7 7
3 2 6
17 2 15
68 2 69
57 2 27
75 1 46
49 2 56
7 1 10
12 1 11
45 2 73
16 1 15
10 2 23
56 2 50
63 1 15
29 2 28
24 1 33
25 1 55
48 1 45
26 2 56
46 1 7
10 1 23
10 2 28
51 1 49
10 2 22
51 1 31
63 2 52
14 2 10
64 2 27
35 2 28
51 2 37
34 1 30
17 1 49
56 2 38
17 1 26
18 1 7
28 2 35
57 1 30
45 1 12
40 1 53
41 1 37
25 1 7
10 2 20
14 1 13
31 1 25
45 1 37
16 2 18
73 1 100
14 1 19
48 1 3
81 1 25
26 1 25
27 2 57
49 1 15
40 1 63
85 1 84
38 1 37
55 2 22
84 1 25
10 1 28
18 2 16
27 1 15
7 7 10
14 2 7
22 2 7
42 1 62
40 1 42
65 2 7
27 2 63
37 1 86
45 1 96
56 2 84
49 1 30
13 2 11
15 1 10
104 1 23
35 1 33
27 2 86
18 1 14
27 2 45
103 2 22
54 2 37
42 1 38
7 1 23
7 5 10
64 1 38
86 1 40
69 1 42
28 2 10
24 2 28
14 1 7
54 2 40
22 2 28
73 1 12
45 1 54
96 1 20
40 1 86
6 1 4
73 1 54
57 2 64
10 2 81
31 2 84
12 1 13
40 1 52
17 1 10
81 1 30
28 2 7
40 1 27
40 1 36
64 1 56
19 2 10
33 1 34
25 1 35
12 2 7
63 2 53
49 1 17
30 1 28
84 1 30
85 1 49
? 1 github_cpp_program_data/31/227.cpp

6 2 3
49 1 25
15 1 14
73 1 20
24 2 35
90 1 40
73 1 37
24 1 7
74 1 20
54 2 37
7 1 22
90 1 10
87 1 20
23 1 32
76 2 77
30 1 7
64 1 62
22 2 29
10 2 54
37 1 82
18 1 15
69 2 68
57 2 39
69 1 64
7 2 33
73 1 12
48 1 45
38 1 40
28 2 29
35 1 7
31 2 50
38 2 41
16 1 17
28 2 19
63 1 17
137 1 37
26 1 17
24 2 22
37 1 52
30 1 35
7 2 81
31 2 62
99 1 35
89 1 7
52 2 36
87 1 19
31 2 38
15 2 13
25 1 10
22 2 10
15 1 33
51 2 40
57 2 36
81 2 80
89 1 14
24 1 10
73 1 40
10 1 7
80 2 81
36 6 73
42 1 31
28 2 24
24 1 23
99 2 40
24 2 28
86 2 63
25 1 29
82 1 45
7 2 13
57 2 53
35 2 24
78 1 76
62 1 37
17 1 12
54 1 18
15 1 23
52 2 138
103 2 28
42 2 63
22 2 80
7 1 28
3 1 2
37 1 57
52 2 86
53 1 85
52 2 57
15 1 26
30 1 29
40 2 137
78 2 75
14 1 11
7 2 28
34 1 25
82 2 105
20 2 40
15 1 12
35 1 23
40 1 138
17 2 15
52 1 25
35 2 22
65 2 7
22 2 35
53 2 63
51 1 56
87 1 7
35 1 10
63 2 27
64 2 42
7 4 10
56 2 84
37 1 53
85 2 37
48 1 73
12 2 10
99 1 24
65 2 10
80 1 25
10 1 80
55 2 28
80 2 7
51 1 50
81 2 7
10 4 7
52 1 30
33 1 32
27 2 52
50 1 30
25 1 22
7 2 22
43 1 37
90 1 20
26 1 15
37 1 64
14 1 10
28 2 81
86 1 37
10 7 7
3 2 6
68 2 69
57 2 27
28 2 10
16 1 15
74 2 45
63 1 15
29 2 28
24 1 33
26 2 56
82 1 74
10 2 28
11 2 13
30 1 81
42 2 52
25 1 19
51 2 37
34 1 30
19 2 7
56 2 38
80 1 30
57 1 25
28 2 35
45 1 12
41 1 37
65 2 14
81 1 25
25 1 65
10 2 20
11 2 17
10 2 80
64 2 57
103 1 23
78 1 77
138 1 137
40 1 39
39 1 30
26 1 25
49 1 15
40 1 63
81 2 10
10 1 28
7 2 26
14 2 7
17 1 26
27 2 63
7 2 23
38 2 68
49 1 30
89 1 54
35 1 33
75 2 83
63 2 57
22 2 55
74 1 40
52 2 27
32 2 34
86 1 40
27 2 57
14 1 7
25 1 24
45 1 54
49 2 31
74 1 7
6 1 4
57 2 64
12 1 13
40 1 52
57 2 63
28 2 7
40 1 27
45 1 14
80 2 10
27 1 15
3 2 78
64 1 38
63 2 53
49 1 17
84 1 30
87 1 54
42 1 41
19 2 12
82 1 87
105 1 63
10 2 33
7 1 81
30 1 10
10 2 23
48 1 75
12 1 7
30 1 22
45 1 10
48 1 6
83 2 45
37 1 63
15 1 7
17 1 14
51 1 26
82 1 73
138 1 40
3 1 1
52 2 42
73 1 10
56 2 62
35 2 28
76 1 7
45 1 7
83 1 7
40 1 64
56 1 30
54 2 40
15 1 10
57 2 52
62 1 40
10 2 11
89 1 10
10 1 22
86 2 57
23 1 34
11 2 15
53 1 37
27 1 17
25 1 103
87 2 89
82 1 90
105 1 89
45 1 40
37 1 42
56 1 25
20 1 18
62 2 43
7 2 20
7 2 80
89 1 20
36 1 25
85 2 40
25 1 81
17 1 33
4 2 76
16 2 18
89 2 87
20 2 37
85 1 56
30 1 55
37 1 105
73 1 7
53 2 52
85 1 31
52 2 53
22 2 28
10 2 49
42 1 56
29 2 22
10 5 7
82 1 89
15 2 17
85 1 26
15 1 49
30 1 19
4 2 5
1 2 2
46 1 10
42 2 64
86 1 85
86 1 51
40 1 57
27 2 89
22 2 65
10 1 81
17 1 10
105 1 87
37 1 27
53 1 40
12 1 19
27 2 53
34 2 32
28 2 80
27 1 13
32 1 30
12 1 65
12 1 10
83 1 37
40 1 36
10 2 13
78 1 4
48 1 83
26 1 30
54 1 16
30 1 24
64 1 69
17 1 7
31 1 30
17 1 23
18 1 17
64 1 68
63 2 86
53 1 51
36 6 45
7 1 80
28 2 22
6 1 5
14 1 65
7 2 49
68 1 42
73 1 14
32 1 25
20 1 16
53 2 57
53 2 27
50 1 25
10 2 22
7 2 54
30 1 80
37 1 79
75 1 46
49 2 56
42 1 38
51 1 49
40 1 42
19 2 10
56 2 50
85 1 49
105 1 27
25 1 55
26 2 31
25 1 28
52 2 63
51 1 31
63 2 52
14 2 10
73 2 45
137 1 54
17 1 49
87 1 12
87 1 10
57 1 30
28 2 65
30 1 65
40 1 53
25 1 7
86 2 27
14 1 13
31 1 25
48 1 78
45 1 37
25 1 80
17 2 13
14 1 19
48 1 3
79 2 82
86 2 52
85 1 84
38 1 37
55 2 22
84 1 25
45 1 20
18 2 16
7 7 10
22 2 7
42 1 62
28 2 55
37 1 86
45 2 73
13 2 11
64 1 31
64 1 43
27 2 86
22 2 81
7 1 10
89 1 65
138 2 57
27 1 11
90 2 87
7 2 11
10 2 26
40 1 86
87 2 74
7 2 37
10 2 81
31 2 84
12 1 11
81 1 30
64 1 56
33 1 34
20 2 99
90 1 99
86 2 42
25 1 35
12 2 7
30 1 28
7 5 10
? 1 github_cpp_program_data/31/250.cpp

49 1 25
10 2 26
15 1 14
6 2 75
52 2 39
73 1 37
24 1 7
7 1 81
86 2 53
30 1 10
7 1 33
48 1 75
7 1 22
30 1 22
45 1 10
48 1 6
7 4 10
15 1 7
26 1 30
51 1 26
75 2 45
7 2 23
3 1 1
51 1 50
30 1 7
22 2 29
45 2 73
56 1 30
7 2 33
30 1 40
48 1 45
12 1 7
28 2 29
31 2 50
23 1 34
63 1 17
53 1 37
10 4 7
27 1 17
85 2 40
10 2 23
37 1 52
85 1 56
45 1 40
85 1 26
56 1 25
25 1 10
22 2 10
7 2 80
51 2 40
37 1 25
37 1 30
36 1 25
26 1 17
17 1 33
17 1 49
14 2 10
16 2 18
80 2 81
30 1 55
73 1 7
25 1 29
7 2 13
17 1 12
10 2 49
30 1 28
37 1 39
40 1 25
15 1 49
37 1 57
53 1 85
4 2 5
1 2 2
15 1 26
30 1 29
86 1 85
48 1 73
40 1 30
17 1 14
7 2 28
37 1 27
10 2 80
7 2 11
34 1 25
34 2 32
20 2 40
15 1 12
39 1 30
32 1 30
12 1 65
52 1 25
65 2 7
40 1 36
37 1 63
56 2 84
30 1 24
85 2 37
20 1 18
12 2 10
17 1 7
31 1 30
18 1 17
63 2 86
80 1 25
10 1 80
53 1 51
36 6 45
55 2 28
7 1 80
10 1 81
23 1 32
6 1 5
52 1 30
33 1 32
7 2 49
32 1 25
53 2 36
50 1 30
20 1 16
7 2 22
14 1 11
26 1 15
50 1 25
25 1 28
10 2 22
7 2 54
3 2 6
75 1 46
7 1 10
86 1 51
16 1 15
63 1 15
29 2 28
24 1 33
25 1 55
26 2 31
46 1 7
10 1 23
30 2 25
10 2 28
14 1 10
51 1 31
63 2 52
51 2 37
34 1 30
19 2 7
25 2 30
80 1 30
57 1 30
45 1 12
40 1 53
25 1 7
10 2 20
31 1 25
10 1 7
14 1 19
48 1 3
81 1 25
40 1 63
85 1 84
84 1 25
45 1 20
27 1 15
14 2 7
22 2 7
39 6 73
27 2 63
37 1 86
49 1 30
25 1 22
15 1 10
10 5 7
22 2 55
54 2 37
28 2 10
7 1 23
32 2 34
86 1 40
12 1 10
14 1 7
73 1 12
40 1 86
6 1 4
73 1 54
12 1 13
17 1 10
84 1 30
81 1 30
28 2 7
40 1 27
26 2 56
25 1 37
33 1 34
12 2 7
3 1 2
7 5 10
? 1 github_cpp_program_data/31/254.cpp

49 1 25
42 1 41
100 1 20
15 1 14
6 2 75
16 1 14
38 2 43
10 2 33
42 1 69
24 1 7
7 1 81
30 1 10
7 1 33
57 2 86
48 1 75
38 1 40
30 1 22
45 1 10
48 1 6
28 2 55
7 4 10
15 1 7
1 2 2
17 1 14
64 2 63
51 1 26
16 1 7
37 1 53
7 2 23
3 1 1
23 1 32
57 2 39
73 1 10
63 2 86
30 1 7
64 1 62
48 1 27
22 2 29
10 2 54
40 1 39
10 2 13
42 1 56
18 1 15
12 2 10
56 1 30
29 2 22
80 1 30
100 2 12
49 2 31
7 2 33
65 2 10
64 1 31
22 2 55
57 2 52
62 1 40
10 2 11
12 1 7
28 2 29
35 1 7
31 2 50
38 2 41
10 1 22
16 1 17
86 2 57
23 1 34
10 1 33
53 1 37
10 4 7
27 1 17
25 1 103
85 2 40
26 1 17
37 1 52
85 1 56
7 2 81
31 2 62
45 1 40
63 2 57
85 1 26
73 2 45
52 2 36
68 1 64
56 1 25
20 1 16
25 1 10
22 2 10
96 2 12
7 2 80
51 2 40
81 2 80
37 1 39
36 1 25
69 2 68
42 2 57
7 1 22
64 2 52
17 1 33
19 2 7
24 1 10
73 1 40
31 2 38
10 1 7
80 2 81
42 1 31
28 2 24
24 1 23
30 1 35
30 1 55
73 1 7
32 2 34
57 1 25
25 1 29
53 2 52
85 1 31
52 2 42
7 2 13
57 2 53
26 2 31
52 2 86
17 1 12
16 1 10
10 2 49
15 2 17
54 1 18
15 1 23
10 5 7
37 1 64
42 2 63
7 1 28
25 1 104
3 1 2
15 1 49
37 1 57
62 1 37
63 1 17
4 2 5
52 2 57
53 1 85
15 1 26
30 1 29
42 2 64
86 1 85
86 1 51
40 1 57
73 1 20
48 1 73
14 1 11
52 2 27
7 2 28
39 1 30
37 1 27
53 1 40
27 2 52
10 2 80
25 1 24
34 1 25
27 2 53
34 2 32
20 2 40
15 1 12
35 1 23
7 2 11
32 1 30
12 1 65
52 1 25
75 2 27
12 1 10
22 2 35
57 2 63
51 1 56
28 2 22
35 1 10
62 2 68
63 2 27
37 1 63
26 1 30
54 1 16
30 1 24
85 2 37
20 1 18
40 1 64
64 1 43
22 2 24
17 1 7
31 1 30
6 2 3
7 2 26
18 1 17
22 2 104
24 2 22
80 1 25
10 1 80
53 1 51
10 2 26
55 2 28
7 1 80
10 1 81
51 1 50
6 1 5
52 1 30
33 1 32
7 2 49
42 1 68
73 1 14
32 1 25
50 1 30
25 1 22
7 2 22
43 1 37
53 2 57
103 1 33
37 1 42
26 1 15
50 1 25
25 1 28
14 1 10
56 2 62
86 1 37
7 2 54
10 7 7
3 2 6
17 2 15
68 2 69
57 2 27
75 1 46
49 2 56
7 1 10
12 1 11
45 2 73
16 1 15
10 2 23
56 2 50
63 1 15
29 2 28
24 1 33
25 1 55
48 1 45
26 2 56
46 1 7
10 1 23
10 2 28
51 1 49
10 2 22
51 1 31
63 2 52
14 2 10
64 2 27
35 2 28
51 2 37
34 1 30
17 1 49
56 2 38
17 1 26
18 1 7
28 2 35
57 1 30
45 1 12
40 1 53
41 1 37
25 1 7
10 2 20
14 1 13
31 1 25
45 1 37
16 2 18
73 1 100
14 1 19
48 1 3
81 1 25
26 1 25
27 2 57
49 1 15
40 1 63
85 1 84
38 1 37
55 2 22
84 1 25
10 1 28
18 2 16
27 1 15
7 7 10
14 2 7
22 2 7
42 1 62
40 1 42
65 2 7
27 2 63
37 1 86
45 1 96
56 2 84
49 1 30
13 2 11
15 1 10
104 1 23
35 1 33
27 2 86
18 1 14
27 2 45
103 2 22
54 2 37
42 1 38
7 1 23
7 5 10
64 1 38
86 1 40
69 1 42
28 2 10
24 2 28
14 1 7
54 2 40
22 2 28
73 1 12
45 1 54
96 1 20
40 1 86
6 1 4
73 1 54
57 2 64
10 2 81
31 2 84
12 1 13
40 1 52
17 1 10
81 1 30
28 2 7
40 1 27
40 1 36
64 1 56
19 2 10
33 1 34
25 1 35
12 2 7
63 2 53
49 1 17
30 1 28
84 1 30
85 1 49
? 1 github_cpp_program_data/31/256.cpp

49 1 25
42 1 41
26 1 25
15 1 14
73 1 20
106 1 90
52 2 39
10 2 33
73 1 37
24 1 7
7 1 81
52 2 53
30 1 10
7 1 33
27 2 52
48 1 75
7 1 22
87 1 14
45 1 10
48 1 6
39 6 73
48 1 83
25 1 121
15 1 7
1 2 2
17 1 14
51 1 26
35 1 7
7 2 23
3 1 1
23 1 32
73 1 10
30 1 7
86 2 57
22 2 29
10 2 54
38 1 37
45 1 7
42 1 56
18 1 15
4 2 5
56 1 30
37 1 36
57 2 39
49 2 31
7 2 33
26 2 56
73 1 12
57 2 52
48 1 45
90 2 74
10 2 11
89 1 10
28 2 29
65 2 10
31 2 50
38 2 41
10 1 22
16 1 17
12 1 11
23 1 34
10 1 33
63 1 17
53 1 37
10 4 7
27 1 17
89 2 87
85 2 40
26 1 17
37 1 52
85 1 56
26 1 12
10 5 7
45 1 40
99 1 35
63 2 57
85 1 26
73 2 45
37 1 42
37 1 27
25 1 10
22 2 10
15 1 33
119 1 33
7 4 10
89 1 20
36 1 25
75 2 95
24 2 35
95 1 26
25 1 81
17 1 33
17 1 49
24 1 10
30 1 22
74 1 54
52 2 27
56 2 38
10 1 7
80 2 81
36 6 73
106 1 45
28 2 24
7 2 20
24 1 23
87 1 12
30 1 55
73 1 7
7 2 81
25 1 29
28 2 7
7 2 13
35 2 24
17 1 12
10 2 49
15 2 17
54 1 18
15 1 23
95 2 83
40 1 106
83 1 10
19 2 10
90 1 7
94 1 30
7 1 28
37 1 39
3 1 2
7 2 26
15 1 49
37 1 57
30 1 35
39 1 25
52 2 57
53 1 85
3 2 75
48 1 89
30 1 29
86 1 85
86 1 51
40 1 57
25 1 28
48 1 73
14 1 11
7 2 28
80 1 30
56 1 25
53 1 40
73 1 40
25 1 24
34 1 25
63 2 27
33 1 32
20 2 40
15 1 12
35 1 23
7 2 11
32 1 30
12 1 65
52 1 25
35 2 22
12 1 10
15 1 127
10 2 40
40 1 36
28 2 22
35 1 10
95 1 10
37 1 63
26 1 30
54 1 16
30 1 24
76 1 10
20 1 18
12 2 10
17 1 7
31 1 30
6 2 3
17 1 94
18 1 17
121 1 23
74 1 7
80 1 25
10 1 80
53 1 51
36 6 45
7 2 80
7 1 80
10 1 81
51 1 50
6 1 5
14 1 65
52 1 30
25 1 22
7 2 49
73 1 14
32 1 25
53 2 36
50 1 30
20 1 16
7 2 22
53 2 57
90 1 20
26 1 15
50 1 25
49 2 56
35 1 33
14 1 10
86 1 37
7 2 54
48 1 87
34 2 32
3 2 6
75 1 46
82 1 63
7 1 10
16 2 18
51 1 49
16 1 15
10 2 23
63 1 15
29 2 28
19 2 7
24 1 33
25 1 55
26 2 31
46 1 7
10 1 23
26 1 76
10 2 28
87 2 89
82 2 106
10 2 22
51 1 31
76 2 30
63 2 52
14 2 10
22 2 55
42 2 36
51 2 37
34 1 30
89 1 14
28 2 10
17 1 26
57 1 25
28 2 35
87 1 10
57 1 30
45 1 12
40 1 53
20 2 37
25 1 7
37 1 53
99 1 24
79 2 82
14 1 13
12 1 7
24 2 28
63 2 42
45 1 37
25 1 80
10 7 7
10 2 127
14 1 19
48 1 3
83 2 87
40 1 39
81 1 25
31 1 25
10 2 80
86 2 52
40 1 63
85 1 84
127 1 25
40 1 82
84 1 25
45 1 20
18 2 16
27 1 15
7 7 10
14 2 7
22 2 7
20 2 99
45 2 73
28 2 55
27 2 63
37 1 86
56 2 84
49 1 30
15 1 10
28 2 80
27 2 86
10 2 13
41 1 40
74 1 40
42 1 38
90 1 37
40 1 79
32 2 34
82 1 27
86 1 40
65 2 7
27 2 57
36 1 30
14 1 7
54 2 40
12 1 19
45 1 54
10 2 26
40 1 86
30 1 119
6 1 4
48 1 95
7 5 10
12 1 13
40 1 52
17 1 10
87 2 73
81 1 30
10 1 28
40 1 27
54 2 37
99 2 37
10 2 20
45 1 14
74 2 45
76 1 23
33 1 34
83 1 40
90 1 99
25 1 35
106 1 74
12 2 7
63 2 53
49 1 17
30 1 28
84 1 30
87 1 54
7 2 94
85 1 49
? 1 github_cpp_program_data/31/258.cpp

49 1 25
42 1 41
56 2 84
15 1 14
3 2 75
52 2 39
10 2 33
73 1 37
24 1 7
7 1 81
30 1 10
10 2 23
57 2 86
37 1 25
7 1 22
30 1 22
45 1 10
48 1 6
28 2 55
28 2 80
7 4 10
15 1 7
1 2 2
17 1 14
51 1 26
37 1 53
27 2 64
7 2 23
3 1 1
51 1 50
52 2 42
73 1 10
30 1 7
64 1 62
30 2 25
35 2 28
22 2 29
10 2 54
45 1 7
42 1 56
18 1 15
12 2 10
56 1 30
29 2 22
80 1 30
57 2 39
49 2 31
54 2 40
65 2 10
64 1 31
11 2 13
62 1 40
10 2 11
12 1 7
28 2 29
35 1 7
31 2 50
38 2 41
10 1 22
16 1 17
23 1 34
64 1 43
63 1 17
11 2 15
53 1 37
10 4 7
27 1 17
85 2 40
26 1 17
24 2 22
37 1 52
30 1 35
7 2 81
31 2 62
45 1 40
41 1 40
63 2 57
85 1 26
52 2 36
37 1 42
56 1 25
15 2 13
62 2 43
25 1 10
22 2 10
81 2 10
15 1 33
51 2 40
48 1 75
15 2 17
39 1 25
25 1 81
17 1 33
19 2 7
24 1 10
73 1 40
31 2 38
10 1 7
80 2 10
42 1 31
7 2 20
24 1 23
85 1 56
30 1 55
73 1 7
75 2 45
25 1 29
85 1 31
7 2 13
55 2 28
26 2 31
52 2 86
17 1 12
22 2 28
10 2 49
38 1 40
15 1 23
10 5 7
42 2 63
22 2 80
7 1 28
86 2 64
37 1 39
3 1 2
7 2 26
15 1 49
37 1 57
62 1 37
30 1 28
4 2 5
52 2 57
53 1 85
15 1 26
30 1 29
42 2 27
86 1 85
86 1 51
40 1 57
48 1 73
14 1 11
7 2 28
17 1 10
37 1 27
53 1 40
27 2 52
63 1 15
73 1 12
34 1 25
7 2 33
33 1 32
20 2 40
15 1 12
35 1 23
27 1 13
32 1 30
12 1 65
52 1 25
35 2 22
12 1 10
22 2 35
40 1 36
28 2 22
35 1 10
63 2 27
64 2 42
37 1 63
26 1 30
54 1 16
30 1 24
85 2 37
20 1 18
40 1 64
22 2 24
17 1 7
31 1 30
6 2 3
17 1 23
18 1 17
27 2 42
39 1 30
80 1 25
10 1 80
53 1 51
36 6 45
7 2 80
7 1 80
80 2 7
10 1 81
23 1 32
6 1 5
81 2 7
14 1 65
31 1 25
20 1 16
7 2 49
73 1 14
32 1 25
50 1 30
25 1 22
7 2 22
43 1 37
53 2 57
7 2 11
26 1 15
50 1 25
25 1 28
14 1 10
28 2 81
86 1 37
7 2 54
30 1 80
34 2 32
3 2 6
56 2 62
10 2 80
63 2 64
75 1 46
49 2 56
36 1 25
7 1 10
16 2 18
51 1 49
19 2 12
16 1 15
56 2 50
85 1 49
29 2 28
24 1 33
25 1 55
48 1 45
26 2 56
17 2 11
46 1 7
28 2 7
10 2 28
10 2 22
51 1 31
30 1 81
63 2 52
14 2 10
64 2 27
73 2 45
51 2 37
34 1 30
17 1 49
56 2 38
25 2 30
17 1 26
57 1 25
57 1 30
45 1 12
40 1 53
20 2 37
27 2 53
25 1 7
64 2 52
64 2 57
10 2 20
14 1 13
52 1 30
45 1 19
45 1 37
25 1 80
10 7 7
14 1 19
48 1 3
13 2 17
81 1 25
26 1 25
49 1 15
40 1 63
85 1 84
38 1 37
55 2 22
84 1 25
45 1 20
18 2 16
27 1 15
7 7 10
14 2 7
22 2 7
45 2 73
40 1 42
65 2 7
27 2 63
37 1 86
49 1 30
13 2 11
15 1 10
35 1 33
57 2 36
27 2 86
10 2 13
22 2 81
22 2 55
54 2 37
42 1 38
7 5 10
32 2 34
24 2 28
86 1 40
12 2 7
28 2 10
27 1 11
14 1 7
25 1 24
10 2 26
40 1 86
6 1 4
73 1 54
57 2 64
10 2 81
31 2 84
12 1 13
40 1 52
12 1 11
81 1 30
10 1 28
40 1 27
51 1 56
64 1 56
25 1 37
33 1 34
57 2 52
25 1 35
37 1 30
63 2 53
49 1 17
84 1 30
54 1 18
? 1 github_cpp_program_data/31/286.cpp

6 2 3
49 1 25
15 1 14
73 1 20
24 2 35
90 1 40
73 1 37
24 1 7
74 1 20
54 2 37
7 1 22
90 1 10
87 1 20
23 1 32
76 2 77
30 1 7
64 1 62
22 2 29
10 2 54
37 1 82
18 1 15
69 2 68
57 2 39
69 1 64
7 2 33
73 1 12
48 1 45
38 1 40
28 2 29
35 1 7
31 2 50
38 2 41
16 1 17
28 2 19
63 1 17
137 1 37
26 1 17
24 2 22
37 1 52
30 1 35
7 2 81
31 2 62
99 1 35
89 1 7
52 2 36
87 1 19
31 2 38
15 2 13
25 1 10
22 2 10
15 1 33
51 2 40
57 2 36
81 2 80
89 1 14
24 1 10
73 1 40
10 1 7
80 2 81
36 6 73
42 1 31
28 2 24
24 1 23
99 2 40
24 2 28
86 2 63
25 1 29
82 1 45
7 2 13
57 2 53
35 2 24
78 1 76
62 1 37
17 1 12
54 1 18
15 1 23
52 2 138
103 2 28
42 2 63
22 2 80
7 1 28
3 1 2
37 1 57
52 2 86
53 1 85
52 2 57
15 1 26
30 1 29
40 2 137
78 2 75
14 1 11
7 2 28
34 1 25
82 2 105
20 2 40
15 1 12
35 1 23
40 1 138
17 2 15
52 1 25
35 2 22
65 2 7
22 2 35
53 2 63
51 1 56
87 1 7
35 1 10
63 2 27
64 2 42
7 4 10
56 2 84
37 1 53
85 2 37
48 1 73
12 2 10
99 1 24
65 2 10
80 1 25
10 1 80
55 2 28
80 2 7
51 1 50
81 2 7
10 4 7
52 1 30
33 1 32
27 2 52
50 1 30
25 1 22
7 2 22
43 1 37
90 1 20
26 1 15
37 1 64
14 1 10
28 2 81
86 1 37
10 7 7
3 2 6
68 2 69
57 2 27
28 2 10
16 1 15
74 2 45
63 1 15
29 2 28
24 1 33
26 2 56
82 1 74
10 2 28
11 2 13
30 1 81
42 2 52
25 1 19
51 2 37
34 1 30
19 2 7
56 2 38
80 1 30
57 1 25
28 2 35
45 1 12
41 1 37
65 2 14
81 1 25
25 1 65
10 2 20
11 2 17
10 2 80
64 2 57
103 1 23
78 1 77
138 1 137
40 1 39
39 1 30
26 1 25
49 1 15
40 1 63
81 2 10
10 1 28
7 2 26
14 2 7
17 1 26
27 2 63
7 2 23
38 2 68
49 1 30
89 1 54
35 1 33
75 2 83
63 2 57
22 2 55
74 1 40
52 2 27
32 2 34
86 1 40
27 2 57
14 1 7
25 1 24
45 1 54
49 2 31
74 1 7
6 1 4
57 2 64
12 1 13
40 1 52
57 2 63
28 2 7
40 1 27
45 1 14
80 2 10
27 1 15
3 2 78
64 1 38
63 2 53
49 1 17
84 1 30
87 1 54
42 1 41
19 2 12
82 1 87
105 1 63
10 2 33
7 1 81
30 1 10
10 2 23
48 1 75
12 1 7
30 1 22
45 1 10
48 1 6
83 2 45
37 1 63
15 1 7
17 1 14
51 1 26
82 1 73
138 1 40
3 1 1
52 2 42
73 1 10
56 2 62
35 2 28
76 1 7
45 1 7
83 1 7
40 1 64
56 1 30
54 2 40
15 1 10
57 2 52
62 1 40
10 2 11
89 1 10
10 1 22
86 2 57
23 1 34
11 2 15
53 1 37
27 1 17
25 1 103
87 2 89
82 1 90
105 1 89
45 1 40
37 1 42
56 1 25
20 1 18
62 2 43
7 2 20
7 2 80
89 1 20
36 1 25
85 2 40
25 1 81
17 1 33
4 2 76
16 2 18
89 2 87
20 2 37
85 1 56
30 1 55
37 1 105
73 1 7
53 2 52
85 1 31
52 2 53
22 2 28
10 2 49
42 1 56
29 2 22
10 5 7
82 1 89
15 2 17
85 1 26
15 1 49
30 1 19
4 2 5
1 2 2
46 1 10
42 2 64
86 1 85
86 1 51
40 1 57
27 2 89
22 2 65
10 1 81
17 1 10
105 1 87
37 1 27
53 1 40
12 1 19
27 2 53
34 2 32
28 2 80
27 1 13
32 1 30
12 1 65
12 1 10
83 1 37
40 1 36
10 2 13
78 1 4
48 1 83
26 1 30
54 1 16
30 1 24
64 1 69
17 1 7
31 1 30
17 1 23
18 1 17
64 1 68
63 2 86
53 1 51
36 6 45
7 1 80
28 2 22
6 1 5
14 1 65
7 2 49
68 1 42
73 1 14
32 1 25
20 1 16
53 2 57
53 2 27
50 1 25
10 2 22
7 2 54
30 1 80
37 1 79
75 1 46
49 2 56
42 1 38
51 1 49
40 1 42
19 2 10
56 2 50
85 1 49
105 1 27
25 1 55
26 2 31
25 1 28
52 2 63
51 1 31
63 2 52
14 2 10
73 2 45
137 1 54
17 1 49
87 1 12
87 1 10
57 1 30
28 2 65
30 1 65
40 1 53
25 1 7
86 2 27
14 1 13
31 1 25
48 1 78
45 1 37
25 1 80
17 2 13
14 1 19
48 1 3
79 2 82
86 2 52
85 1 84
38 1 37
55 2 22
84 1 25
45 1 20
18 2 16
7 7 10
22 2 7
42 1 62
28 2 55
37 1 86
45 2 73
13 2 11
64 1 31
64 1 43
27 2 86
22 2 81
7 1 10
89 1 65
138 2 57
27 1 11
90 2 87
7 2 11
10 2 26
40 1 86
87 2 74
7 2 37
10 2 81
31 2 84
12 1 11
81 1 30
64 1 56
33 1 34
20 2 99
90 1 99
86 2 42
25 1 35
12 2 7
30 1 28
7 5 10
? 1 github_cpp_program_data/31/308.cpp

49 1 25
42 1 41
56 2 84
15 1 14
3 2 75
52 2 39
10 2 33
73 1 37
24 1 7
7 1 81
30 1 10
10 2 23
57 2 86
37 1 25
7 1 22
30 1 22
45 1 10
48 1 6
28 2 55
28 2 80
7 4 10
15 1 7
1 2 2
17 1 14
51 1 26
37 1 53
27 2 64
7 2 23
3 1 1
51 1 50
52 2 42
73 1 10
30 1 7
64 1 62
30 2 25
35 2 28
22 2 29
10 2 54
45 1 7
42 1 56
18 1 15
12 2 10
56 1 30
29 2 22
80 1 30
57 2 39
49 2 31
54 2 40
65 2 10
64 1 31
11 2 13
62 1 40
10 2 11
12 1 7
28 2 29
35 1 7
31 2 50
38 2 41
10 1 22
16 1 17
23 1 34
64 1 43
63 1 17
11 2 15
53 1 37
10 4 7
27 1 17
85 2 40
26 1 17
24 2 22
37 1 52
30 1 35
7 2 81
31 2 62
45 1 40
41 1 40
63 2 57
85 1 26
52 2 36
37 1 42
56 1 25
15 2 13
62 2 43
25 1 10
22 2 10
81 2 10
15 1 33
51 2 40
48 1 75
15 2 17
39 1 25
25 1 81
17 1 33
19 2 7
24 1 10
73 1 40
31 2 38
10 1 7
80 2 10
42 1 31
7 2 20
24 1 23
85 1 56
30 1 55
73 1 7
75 2 45
25 1 29
85 1 31
7 2 13
55 2 28
26 2 31
52 2 86
17 1 12
22 2 28
10 2 49
38 1 40
15 1 23
10 5 7
42 2 63
22 2 80
7 1 28
86 2 64
37 1 39
3 1 2
7 2 26
15 1 49
37 1 57
62 1 37
30 1 28
4 2 5
52 2 57
53 1 85
15 1 26
30 1 29
42 2 27
86 1 85
86 1 51
40 1 57
48 1 73
14 1 11
7 2 28
17 1 10
37 1 27
53 1 40
27 2 52
63 1 15
73 1 12
34 1 25
7 2 33
33 1 32
20 2 40
15 1 12
35 1 23
27 1 13
32 1 30
12 1 65
52 1 25
35 2 22
12 1 10
22 2 35
40 1 36
28 2 22
35 1 10
63 2 27
64 2 42
37 1 63
26 1 30
54 1 16
30 1 24
85 2 37
20 1 18
40 1 64
22 2 24
17 1 7
31 1 30
6 2 3
17 1 23
18 1 17
27 2 42
39 1 30
80 1 25
10 1 80
53 1 51
36 6 45
7 2 80
7 1 80
80 2 7
10 1 81
23 1 32
6 1 5
81 2 7
14 1 65
31 1 25
20 1 16
7 2 49
73 1 14
32 1 25
50 1 30
25 1 22
7 2 22
43 1 37
53 2 57
7 2 11
26 1 15
50 1 25
25 1 28
14 1 10
28 2 81
86 1 37
7 2 54
30 1 80
34 2 32
3 2 6
56 2 62
10 2 80
63 2 64
75 1 46
49 2 56
36 1 25
7 1 10
16 2 18
51 1 49
19 2 12
16 1 15
56 2 50
85 1 49
29 2 28
24 1 33
25 1 55
48 1 45
26 2 56
17 2 11
46 1 7
28 2 7
10 2 28
10 2 22
51 1 31
30 1 81
63 2 52
14 2 10
64 2 27
73 2 45
51 2 37
34 1 30
17 1 49
56 2 38
25 2 30
17 1 26
57 1 25
57 1 30
45 1 12
40 1 53
20 2 37
27 2 53
25 1 7
64 2 52
64 2 57
10 2 20
14 1 13
52 1 30
45 1 19
45 1 37
25 1 80
10 7 7
14 1 19
48 1 3
13 2 17
81 1 25
26 1 25
49 1 15
40 1 63
85 1 84
38 1 37
55 2 22
84 1 25
45 1 20
18 2 16
27 1 15
7 7 10
14 2 7
22 2 7
45 2 73
40 1 42
65 2 7
27 2 63
37 1 86
49 1 30
13 2 11
15 1 10
35 1 33
57 2 36
27 2 86
10 2 13
22 2 81
22 2 55
54 2 37
42 1 38
7 5 10
32 2 34
24 2 28
86 1 40
12 2 7
28 2 10
27 1 11
14 1 7
25 1 24
10 2 26
40 1 86
6 1 4
73 1 54
57 2 64
10 2 81
31 2 84
12 1 13
40 1 52
12 1 11
81 1 30
10 1 28
40 1 27
51 1 56
64 1 56
25 1 37
33 1 34
57 2 52
25 1 35
37 1 30
63 2 53
49 1 17
84 1 30
54 1 18
? 1 github_cpp_program_data/31/315.cpp

49 1 25
10 2 26
15 1 14
6 2 75
10 2 33
24 1 7
7 1 81
86 2 53
30 1 10
7 1 33
48 1 75
7 1 22
30 1 22
48 1 6
31 2 37
31 1 22
15 1 7
17 1 14
51 1 26
37 1 53
7 2 23
3 1 1
23 1 32
30 1 7
64 1 62
22 2 29
45 1 7
45 2 73
12 2 10
56 1 30
37 1 36
7 2 33
57 2 52
48 1 45
12 1 7
28 2 29
23 1 34
10 1 33
63 1 17
53 1 37
10 4 7
27 1 17
72 1 37
85 2 40
10 2 23
37 1 52
30 1 35
7 2 81
72 1 31
85 1 26
31 2 38
25 1 10
22 2 10
7 2 80
51 2 40
7 4 10
81 2 80
15 2 17
39 1 25
25 1 22
39 6 45
26 1 17
24 1 10
73 1 40
10 1 7
80 2 81
42 1 31
28 2 24
7 2 20
24 1 23
80 1 30
30 1 55
73 1 7
25 1 29
85 1 31
26 2 31
17 1 12
10 2 49
29 2 22
42 2 63
37 1 39
3 1 2
15 1 49
37 1 57
62 1 37
30 1 28
4 2 5
22 2 30
1 2 2
30 1 29
86 1 85
48 1 73
40 1 57
14 1 11
7 2 28
56 1 25
53 1 40
10 2 80
25 1 24
34 1 25
7 1 10
34 2 32
15 1 12
35 1 23
54 2 40
37 1 27
40 1 72
35 2 22
12 1 10
22 2 35
51 1 56
28 2 22
35 1 10
75 2 45
37 1 63
26 1 30
35 1 7
30 1 24
85 2 37
40 1 64
22 2 24
17 1 7
31 1 30
6 2 3
37 1 42
27 2 42
80 1 25
10 1 80
53 1 51
55 2 28
7 1 80
10 1 81
51 1 50
6 1 5
31 1 25
33 1 32
7 2 49
73 1 14
32 1 25
50 1 30
20 1 16
7 2 22
63 2 72
53 2 27
26 1 15
50 1 25
25 1 28
10 2 22
27 2 57
86 1 37
7 2 54
10 7 7
3 2 6
56 2 62
75 1 46
42 1 38
25 2 22
16 1 15
56 2 50
63 1 15
29 2 28
24 1 33
25 1 55
26 2 56
46 1 7
10 1 23
28 2 7
10 2 28
14 1 10
14 2 10
51 2 37
34 1 30
17 1 49
17 1 26
57 1 25
28 2 35
57 1 30
45 1 12
40 1 53
27 2 53
25 1 7
52 1 30
24 2 28
45 1 37
27 2 64
48 1 3
81 1 25
40 1 63
85 1 84
38 1 37
55 2 22
53 2 86
45 1 20
27 1 15
7 7 10
14 2 7
22 2 7
28 2 55
37 1 86
32 1 30
49 1 30
15 1 10
20 2 37
10 5 7
63 2 57
52 1 25
22 2 55
28 2 10
7 1 23
32 2 34
86 1 40
57 2 86
36 1 30
14 1 7
7 2 11
6 1 4
73 1 54
10 2 81
31 2 84
40 1 52
17 1 10
81 1 30
10 1 28
40 1 27
64 1 56
86 2 39
33 1 34
25 1 35
12 2 7
63 2 53
84 1 30
7 5 10
? 1 github_cpp_program_data/31/340.cpp

49 1 25
10 2 26
15 1 14
6 2 75
52 2 39
73 1 37
24 1 7
7 1 81
86 2 53
30 1 10
7 1 33
48 1 75
7 1 22
30 1 22
45 1 10
48 1 6
7 4 10
15 1 7
26 1 30
51 1 26
75 2 45
7 2 23
3 1 1
51 1 50
30 1 7
22 2 29
45 2 73
56 1 30
7 2 33
30 1 40
48 1 45
12 1 7
28 2 29
31 2 50
23 1 34
63 1 17
53 1 37
10 4 7
27 1 17
85 2 40
10 2 23
37 1 52
85 1 56
45 1 40
85 1 26
56 1 25
25 1 10
22 2 10
7 2 80
51 2 40
37 1 25
37 1 30
36 1 25
26 1 17
17 1 33
17 1 49
14 2 10
16 2 18
80 2 81
30 1 55
73 1 7
25 1 29
7 2 13
17 1 12
10 2 49
30 1 28
37 1 39
40 1 25
15 1 49
37 1 57
53 1 85
4 2 5
1 2 2
15 1 26
30 1 29
86 1 85
48 1 73
40 1 30
17 1 14
7 2 28
37 1 27
10 2 80
7 2 11
34 1 25
34 2 32
20 2 40
15 1 12
39 1 30
32 1 30
12 1 65
52 1 25
65 2 7
40 1 36
37 1 63
56 2 84
30 1 24
85 2 37
20 1 18
12 2 10
17 1 7
31 1 30
18 1 17
63 2 86
80 1 25
10 1 80
53 1 51
36 6 45
55 2 28
7 1 80
10 1 81
23 1 32
6 1 5
52 1 30
33 1 32
7 2 49
32 1 25
53 2 36
50 1 30
20 1 16
7 2 22
14 1 11
26 1 15
50 1 25
25 1 28
10 2 22
7 2 54
3 2 6
75 1 46
7 1 10
86 1 51
16 1 15
63 1 15
29 2 28
24 1 33
25 1 55
26 2 31
46 1 7
10 1 23
30 2 25
10 2 28
14 1 10
51 1 31
63 2 52
51 2 37
34 1 30
19 2 7
25 2 30
80 1 30
57 1 30
45 1 12
40 1 53
25 1 7
10 2 20
31 1 25
10 1 7
14 1 19
48 1 3
81 1 25
40 1 63
85 1 84
84 1 25
45 1 20
27 1 15
14 2 7
22 2 7
39 6 73
27 2 63
37 1 86
49 1 30
25 1 22
15 1 10
10 5 7
22 2 55
54 2 37
28 2 10
7 1 23
32 2 34
86 1 40
12 1 10
14 1 7
73 1 12
40 1 86
6 1 4
73 1 54
12 1 13
17 1 10
84 1 30
81 1 30
28 2 7
40 1 27
26 2 56
25 1 37
33 1 34
12 2 7
3 1 2
7 5 10
? 1 github_cpp_program_data/31/370.cpp

6 2 3
49 1 25
15 1 14
73 1 20
24 2 35
90 1 40
73 1 37
24 1 7
138 2 52
74 1 20
54 2 37
7 1 22
90 1 10
87 1 20
23 1 32
76 2 77
30 1 7
64 1 62
22 2 29
10 2 54
37 1 82
18 1 15
69 2 68
37 1 36
57 2 39
69 1 64
7 2 33
73 1 12
48 1 45
38 1 40
28 2 29
35 1 7
31 2 50
38 2 41
16 1 17
28 2 19
63 1 17
137 1 37
26 1 17
24 2 22
37 1 52
30 1 35
7 2 81
31 2 62
99 1 35
89 1 7
87 1 19
31 2 38
25 1 10
22 2 10
15 1 33
51 2 40
57 2 36
81 2 80
89 1 14
24 1 10
73 1 40
10 1 7
80 2 81
36 6 73
42 1 31
28 2 24
24 1 23
99 2 40
86 2 63
25 1 29
82 1 45
7 2 13
57 2 53
35 2 24
78 1 76
62 1 37
17 1 12
54 1 18
15 1 23
52 2 138
103 2 28
42 2 63
22 2 80
7 1 28
37 1 39
3 1 2
37 1 57
52 2 86
53 1 85
52 2 57
15 1 26
30 1 29
40 2 137
78 2 75
14 1 11
7 2 28
34 1 25
82 2 105
20 2 40
15 1 12
35 1 23
40 1 138
17 2 15
52 1 25
35 2 22
65 2 7
22 2 35
53 2 63
51 1 56
87 1 7
28 2 22
35 1 10
63 2 27
64 2 42
7 4 10
56 2 84
37 1 53
85 2 37
48 1 73
12 2 10
99 1 24
65 2 10
80 1 25
10 1 80
80 2 7
51 1 50
81 2 7
10 4 7
52 1 30
33 1 32
42 1 68
27 2 52
50 1 30
25 1 22
7 2 22
43 1 37
90 1 20
26 1 15
37 1 64
14 1 10
28 2 81
86 1 37
10 7 7
3 2 6
68 2 69
57 2 27
28 2 10
16 1 15
74 2 45
63 1 15
29 2 28
24 1 33
26 2 56
17 2 11
82 1 74
10 2 28
11 2 13
30 1 81
25 1 19
51 2 37
34 1 30
19 2 7
56 2 38
80 1 30
57 1 25
28 2 35
45 1 12
41 1 37
65 2 14
81 1 25
25 1 65
10 2 20
10 2 80
13 2 15
103 1 23
78 1 77
138 1 137
40 1 39
39 1 30
26 1 25
49 1 15
40 1 63
81 2 10
10 1 28
7 2 26
14 2 7
17 1 26
27 2 63
7 2 23
38 2 68
49 1 30
89 1 54
35 1 33
75 2 83
63 2 57
22 2 55
74 1 40
52 2 27
32 2 34
86 1 40
27 2 57
14 1 7
25 1 24
45 1 54
49 2 31
68 1 64
74 1 7
6 1 4
12 1 13
40 1 52
57 2 63
28 2 7
40 1 27
45 1 14
80 2 10
27 1 15
3 2 78
64 1 38
63 2 53
49 1 17
84 1 30
87 1 54
42 1 41
19 2 12
82 1 87
105 1 63
52 2 39
10 2 33
42 1 69
7 1 81
30 1 10
10 2 23
48 1 75
12 1 7
30 1 22
45 1 10
48 1 6
83 2 45
37 1 63
15 1 7
17 1 14
51 1 26
82 1 73
138 1 40
3 1 1
73 1 10
56 2 62
76 1 7
45 1 7
83 1 7
40 1 64
56 1 30
54 2 40
15 1 10
57 2 52
62 1 40
10 2 11
89 1 10
10 1 22
86 2 57
23 1 34
53 1 37
27 1 17
25 1 103
87 2 89
82 1 90
105 1 89
45 1 40
37 1 42
56 1 25
20 1 18
62 2 43
7 2 20
7 2 80
89 1 20
36 1 25
85 2 40
42 2 57
25 1 81
17 1 33
4 2 76
52 2 64
16 2 18
57 2 42
89 2 87
20 2 37
85 1 56
30 1 55
37 1 105
73 1 7
53 2 52
85 1 31
52 2 53
22 2 28
10 2 49
42 1 56
29 2 22
10 5 7
82 1 89
86 2 64
15 2 17
85 1 26
15 1 49
39 6 45
30 1 19
4 2 5
1 2 2
46 1 10
42 2 64
86 1 85
86 1 51
40 1 57
27 2 89
22 2 65
17 1 10
105 1 87
37 1 27
53 1 40
12 1 19
27 2 53
34 2 32
28 2 80
27 1 13
32 1 30
12 1 65
12 1 10
83 1 37
40 1 36
10 2 13
78 1 4
48 1 83
26 1 30
54 1 16
30 1 24
22 2 24
17 1 7
31 1 30
17 1 23
18 1 17
63 2 86
64 2 52
53 1 51
36 6 45
7 1 80
10 1 81
6 1 5
14 1 65
20 1 16
7 2 49
68 1 42
73 1 14
32 1 25
39 1 25
53 2 57
53 2 27
50 1 25
10 2 22
7 2 54
30 1 80
37 1 79
75 1 46
49 2 56
42 1 38
51 1 49
40 1 42
19 2 10
56 2 50
85 1 49
105 1 27
25 1 55
26 2 31
25 1 28
52 2 63
51 1 31
63 2 52
14 2 10
73 2 45
137 1 54
17 1 49
87 1 12
87 1 10
57 1 30
28 2 65
30 1 65
40 1 53
25 1 7
15 2 11
86 2 27
14 1 13
31 1 25
48 1 78
45 1 37
25 1 80
14 1 19
48 1 3
13 2 17
79 2 82
86 2 52
85 1 84
38 1 37
55 2 22
84 1 25
45 1 20
18 2 16
7 7 10
22 2 7
42 1 62
28 2 55
37 1 86
45 2 73
13 2 11
64 1 31
64 1 43
27 2 86
22 2 81
7 1 10
89 1 65
27 1 11
90 2 87
7 2 11
10 2 26
40 1 86
87 2 74
7 2 37
10 2 81
31 2 84
12 1 11
81 1 30
64 1 56
33 1 34
20 2 99
90 1 99
25 1 35
12 2 7
30 1 28
7 5 10
? 1 github_cpp_program_data/31/396.cpp

49 1 25
10 2 26
56 2 84
15 1 14
3 2 75
10 2 33
24 1 7
7 1 81
30 1 10
7 1 33
37 1 25
7 1 22
30 1 22
45 1 10
28 2 55
48 1 83
12 1 7
63 2 42
15 1 7
1 2 2
17 1 14
51 1 26
35 1 7
7 2 23
3 1 1
107 1 37
51 1 50
30 1 7
48 1 107
64 1 62
30 2 25
10 2 37
37 1 82
40 1 39
42 1 56
56 1 30
37 1 36
39 6 73
106 1 73
7 2 33
64 1 31
30 1 40
62 1 40
10 2 11
38 1 40
28 2 29
31 2 50
10 1 22
23 1 34
10 1 33
63 1 17
25 1 40
53 1 37
10 4 7
27 1 17
85 2 40
26 1 17
27 2 36
37 1 52
85 1 56
7 2 81
31 2 62
45 1 40
85 1 26
37 1 42
56 1 25
25 1 10
22 2 10
86 2 64
51 2 40
7 4 10
48 1 75
81 2 80
15 2 17
39 1 25
40 1 114
42 2 57
37 1 59
64 2 52
25 1 22
39 6 45
24 1 10
73 1 40
31 2 38
10 1 7
42 1 31
28 2 24
7 2 20
24 1 23
30 1 35
30 1 55
37 1 105
73 1 7
40 1 25
25 1 29
85 1 31
82 1 45
7 2 13
17 1 12
10 2 49
54 1 18
15 1 23
83 2 107
83 1 10
37 1 64
105 2 106
7 1 28
53 2 39
28 2 22
3 1 2
7 2 26
75 2 83
15 1 49
37 1 57
62 1 37
30 1 28
26 2 31
53 1 85
15 1 26
30 1 29
42 2 27
86 1 85
86 1 51
40 1 57
14 1 11
7 2 28
37 1 27
53 1 40
10 2 80
7 2 11
34 1 25
40 1 113
34 2 32
20 2 40
15 1 12
35 1 23
54 2 40
32 1 30
17 2 15
52 1 25
35 2 22
12 1 10
83 1 37
22 2 35
40 1 36
35 1 10
63 2 27
64 2 42
37 1 63
26 1 30
54 1 16
30 1 24
85 2 37
20 1 18
12 2 10
22 2 24
17 1 7
31 1 30
17 1 23
18 1 17
27 2 42
63 2 86
80 1 25
10 1 80
53 1 51
36 6 45
7 2 80
7 1 80
10 1 81
23 1 32
31 1 25
107 2 45
33 1 32
7 2 49
73 1 14
32 1 25
50 1 30
20 1 16
7 2 22
53 2 57
40 1 30
26 1 15
50 1 25
25 1 28
14 1 10
86 1 37
7 2 54
37 1 106
56 2 62
37 1 79
75 1 46
49 2 56
36 1 25
42 1 38
12 1 11
79 2 82
16 1 15
10 2 23
56 2 50
63 1 15
42 2 53
24 1 33
25 1 55
48 1 45
26 2 56
46 1 7
10 1 23
28 2 7
10 2 28
51 1 49
10 2 22
51 1 31
14 2 10
51 2 37
34 1 30
17 1 49
56 2 38
25 2 30
17 1 26
57 1 25
28 2 35
57 1 30
45 1 12
40 1 53
20 2 37
27 2 53
25 1 7
37 1 53
10 2 20
14 1 13
52 1 30
24 2 28
107 1 7
45 1 37
16 2 18
48 1 3
45 1 7
81 1 25
26 1 25
49 1 15
86 2 52
40 1 63
85 1 84
38 1 37
53 2 86
84 1 25
10 1 28
33 1 34
27 1 15
14 2 7
22 2 7
40 1 42
37 1 86
49 1 30
15 1 10
35 1 33
27 2 86
10 2 13
22 2 55
7 1 10
7 1 23
7 5 10
32 2 34
86 1 40
12 2 7
36 1 30
14 1 7
25 1 24
49 2 31
40 1 86
86 2 63
28 2 10
73 1 54
7 2 37
10 2 81
31 2 84
12 1 13
40 1 52
17 1 10
81 1 30
45 1 20
40 1 27
51 1 56
64 1 56
25 1 37
86 2 39
80 1 30
10 5 7
86 2 42
25 1 35
37 1 30
63 2 53
49 1 17
84 1 30
85 1 49
? 1 github_cpp_program_data/31/49.cpp

35 1 10
49 1 25
15 1 14
37 1 63
56 2 84
37 1 53
22 2 7
10 2 33
20 1 18
12 2 10
7 1 81
17 1 7
30 1 10
10 2 23
7 2 26
18 1 17
12 1 7
30 1 22
10 1 80
53 1 51
36 6 45
7 1 80
48 1 83
10 1 81
50 1 30
15 1 7
10 4 7
31 1 25
25 1 22
51 1 26
10 2 22
7 2 49
32 1 25
53 2 36
51 1 50
20 1 16
7 2 22
40 1 79
10 2 81
30 1 7
26 1 15
50 1 25
25 1 28
14 1 10
86 1 37
7 2 28
45 1 7
23 1 32
83 1 7
56 1 30
7 1 10
37 1 36
7 2 40
16 1 15
19 2 10
56 2 50
22 2 24
10 2 11
25 1 55
26 2 31
31 2 50
35 1 33
10 1 22
10 2 28
38 1 40
23 1 34
10 1 33
51 1 31
53 1 37
31 1 30
27 1 17
51 2 37
34 1 30
17 1 49
37 1 52
85 1 56
28 2 35
85 1 26
45 1 12
37 1 42
40 1 53
37 1 27
25 1 10
25 1 7
7 2 80
51 2 40
79 2 82
7 4 10
52 1 30
36 1 25
45 1 37
16 2 18
17 1 33
14 1 19
26 1 17
24 1 10
81 1 25
26 1 25
10 1 7
80 2 81
42 1 31
7 2 20
24 1 23
85 1 84
30 1 55
40 1 82
84 1 25
45 1 20
33 1 34
27 1 15
25 1 29
14 2 7
82 1 45
27 2 63
17 1 12
10 2 49
49 1 30
20 2 37
10 5 7
10 2 13
15 2 17
42 1 38
7 1 23
15 1 49
32 2 34
30 1 28
12 2 7
63 1 17
15 1 26
25 1 24
53 1 40
86 1 85
40 1 86
28 2 10
85 2 37
14 1 11
12 1 13
17 1 10
31 2 38
81 1 30
28 2 7
10 2 80
30 1 29
34 1 25
26 2 56
33 1 32
35 1 23
7 2 23
80 1 30
83 1 40
32 1 30
17 2 15
25 1 35
12 1 10
63 2 53
22 2 10
51 1 56
7 5 10
? 1 github_cpp_program_data/31/85.cpp

49 1 25
17 1 26
15 1 14
37 1 63
26 1 30
37 1 53
85 2 37
12 2 10
24 1 7
7 1 81
17 1 7
30 1 10
37 1 42
48 1 75
12 1 7
30 1 22
80 1 25
10 1 80
53 1 51
28 2 29
7 1 80
7 4 10
10 1 81
51 1 50
15 1 7
1 2 2
31 1 25
7 7 10
3 2 75
17 1 12
3 1 1
50 1 30
25 1 22
7 2 22
53 2 57
30 1 7
50 1 25
25 1 28
14 1 10
22 2 29
86 1 37
10 7 7
45 1 7
23 1 32
75 1 46
49 2 56
56 1 30
7 1 10
17 1 10
56 2 50
63 1 15
52 2 57
25 1 55
48 1 45
26 2 31
46 1 7
10 2 28
10 2 22
63 1 17
63 2 52
31 1 30
27 1 17
51 2 37
22 2 10
85 2 40
37 1 52
80 1 30
57 1 25
75 2 45
57 2 42
57 1 30
85 1 26
45 1 12
37 1 27
81 1 30
25 1 10
25 1 7
7 2 80
51 2 40
52 1 30
22 2 55
45 1 37
40 1 57
10 4 7
48 1 3
14 2 10
31 2 38
81 1 25
26 1 25
10 1 7
80 2 81
86 2 52
42 1 31
7 2 20
24 1 23
85 1 84
30 1 55
45 1 20
27 1 15
25 1 29
53 2 52
85 1 31
22 2 7
52 2 53
57 2 53
28 2 55
27 2 63
37 1 86
49 1 30
42 2 52
15 1 10
20 2 37
10 5 7
15 2 17
3 1 2
42 1 38
7 5 10
37 1 57
52 2 86
30 1 28
12 2 7
53 1 85
38 1 37
25 1 24
57 2 52
86 1 85
86 1 51
40 1 86
28 2 10
31 2 84
7 2 28
40 1 52
51 1 49
56 1 25
53 1 40
28 2 7
10 2 80
30 1 29
7 2 23
7 2 26
32 1 30
17 2 15
52 1 25
12 1 10
84 1 30
51 1 56
14 2 7
28 2 22
? 1 github_cpp_program_data/31/98.cpp

