57 1 30
51 2 40
49 1 15
17 1 12
56 1 30
10 2 22
23 1 34
42 1 31
64 1 62
45 1 7
25 1 22
54 1 16
18 1 17
36 6 45
64 2 57
63 2 45
31 2 84
28 2 24
85 1 49
6 1 5
37 1 57
24 1 33
22 2 7
49 1 17
80 2 81
15 1 26
53 1 40
4 2 5
7 4 10
72 1 40
15 2 17
14 2 7
25 1 10
80 1 25
20 2 40
28 2 29
63 2 27
7 2 28
16 2 18
23 1 32
7 1 23
40 1 52
85 2 37
31 2 38
33 1 32
7 1 80
42 1 38
30 1 22
32 1 25
10 1 7
7 2 20
81 1 25
49 2 31
10 2 81
52 2 53
6 2 3
26 1 30
84 1 25
17 1 26
10 1 23
14 1 7
56 1 25
31 2 40
38 1 40
22 2 29
17 1 14
32 1 30
7 2 81
72 1 31
12 2 10
10 1 33
7 2 80
40 1 59
7 2 33
30 1 29
3 2 6
22 2 28
34 1 25
14 1 10
86 1 85
35 1 23
45 1 12
10 7 7
22 2 35
53 2 64
49 1 25
10 2 23
32 2 34
7 7 10
27 1 15
30 1 55
75 1 46
20 1 16
86 1 37
7 1 28
45 2 73
17 1 49
40 1 63
10 2 26
54 2 37
25 1 35
28 2 55
37 1 52
75 2 27
12 1 10
48 1 3
62 1 40
12 1 7
40 1 53
34 1 30
49 2 56
28 2 7
10 1 80
33 1 34
40 1 36
28 2 10
25 1 28
27 1 17
10 1 22
45 1 20
24 1 10
10 5 7
37 1 42
40 1 27
63 2 57
25 1 55
48 1 27
10 4 7
35 1 33
37 1 72
51 1 56
1 2 2
7 2 26
51 2 37
3 1 1
15 1 12
53 2 57
10 2 28
48 1 75
17 2 15
40 1 57
7 2 49
81 1 30
17 1 10
12 1 19
19 2 10
85 1 31
46 1 7
20 1 18
10 2 80
51 1 50
53 1 51
14 2 10
25 1 7
63 1 17
20 2 37
45 1 37
40 1 64
27 2 53
57 2 52
48 1 45
80 1 30
34 2 32
57 2 86
30 1 10
6 2 75
36 1 30
48 1 63
15 1 14
73 2 45
45 1 40
52 1 25
7 2 22
10 1 81
22 2 10
15 1 7
48 1 6
16 1 15
86 2 36
17 1 7
53 1 37
30 1 24
56 2 62
25 1 24
64 1 56
56 2 50
63 1 15
7 2 54
52 2 57
35 1 7
30 1 7
73 1 7
25 1 29
52 1 30
7 5 10
85 1 84
10 2 33
73 1 14
26 1 25
50 1 30
40 1 86
12 2 7
73 1 37
35 1 10
29 2 22
24 1 23
6 1 4
27 2 63
31 1 30
3 1 2
73 1 54
27 2 57
48 1 73
30 1 28
7 1 10
7 1 81
7 2 23
24 1 7
57 1 25
51 1 49
? 1 github_cpp_program_data/6/140.cpp

57 1 30
36 6 45
10 2 22
53 1 85
17 1 12
28 2 25
49 1 22
40 1 59
26 1 22
23 1 34
42 1 31
64 1 62
26 1 28
25 1 22
54 1 16
30 1 35
10 2 54
45 1 54
6 1 5
49 1 30
37 1 57
24 1 33
22 2 7
45 1 10
40 1 52
78 1 76
45 1 14
86 1 51
14 2 10
4 2 5
7 4 10
15 2 17
14 2 7
25 1 10
80 1 25
20 2 40
52 2 86
91 1 10
28 2 29
57 2 53
17 1 33
7 2 28
16 2 18
23 1 32
7 1 23
26 1 30
85 2 37
38 1 37
31 2 38
33 1 32
27 2 45
7 1 80
42 1 38
30 1 22
48 1 78
14 1 10
25 2 28
4 2 76
49 1 28
10 1 7
12 2 10
81 1 25
41 1 40
40 1 39
10 2 81
6 2 3
7 7 10
93 1 92
3 1 1
86 2 57
91 2 92
14 1 7
38 1 40
22 2 29
17 1 14
32 1 30
7 2 81
15 1 10
10 2 33
30 1 28
7 2 80
1 2 91
7 2 33
30 1 29
37 1 53
37 1 36
34 1 25
32 1 25
86 1 85
55 2 28
35 1 23
45 1 12
10 7 7
85 1 49
54 1 18
49 1 25
10 2 23
16 1 17
32 2 34
38 2 41
27 1 15
30 1 55
75 1 46
73 1 12
37 1 64
80 1 30
86 1 37
73 1 10
45 2 73
7 2 20
40 1 63
78 2 93
22 2 55
54 2 37
25 1 35
73 1 20
15 1 23
16 1 12
53 2 52
37 1 52
93 1 91
12 1 10
48 1 3
62 1 40
54 2 40
12 1 7
40 1 53
34 1 30
28 2 7
18 1 14
78 1 77
33 1 34
40 1 36
28 2 10
28 2 55
27 1 17
24 1 10
10 5 7
37 1 42
40 1 27
25 1 55
48 1 27
10 4 7
35 1 33
25 1 28
64 1 56
1 2 2
22 2 30
63 2 27
51 2 37
52 2 63
15 1 12
75 2 27
22 2 25
10 2 28
63 2 53
51 1 26
48 1 75
17 2 15
10 2 20
40 1 57
42 2 57
29 2 28
81 1 30
17 1 10
22 2 10
30 2 28
73 1 40
3 2 6
76 2 77
10 1 28
30 2 22
46 1 7
20 1 18
18 1 15
10 2 80
53 1 51
25 1 7
63 1 17
10 1 80
45 1 37
48 1 93
27 2 52
57 2 52
48 1 45
20 1 16
22 2 28
34 2 32
24 1 23
30 1 10
36 1 30
3 2 78
78 2 75
15 1 14
45 1 40
76 1 7
52 1 25
7 2 22
31 1 30
15 1 7
48 1 6
17 1 7
53 1 37
28 2 30
56 2 62
25 1 24
40 1 42
63 1 15
76 1 20
52 2 57
30 1 7
25 2 22
25 1 29
52 1 30
7 5 10
42 1 41
57 2 39
53 2 42
93 1 1
26 1 25
52 2 36
40 1 86
12 2 7
35 1 10
31 1 25
93 2 78
6 1 4
18 2 16
10 1 81
56 1 30
3 1 2
7 1 33
73 2 45
48 1 73
42 2 86
10 1 33
7 1 10
7 1 81
7 2 23
24 1 7
57 1 25
78 1 4
? 1 github_cpp_program_data/6/159.cpp

57 1 30
51 2 40
49 1 15
53 1 85
17 1 12
62 1 37
76 1 54
56 1 30
10 2 22
42 1 31
64 1 62
54 1 16
30 1 35
7 1 110
10 2 54
85 1 49
7 4 10
64 1 41
37 1 57
24 1 33
22 2 7
49 1 17
80 2 81
18 1 10
86 1 51
39 1 30
98 2 102
80 1 25
26 2 56
28 2 29
17 1 23
26 1 30
85 2 37
38 1 37
42 1 38
14 1 10
31 1 30
10 1 7
45 2 73
85 1 31
31 2 50
23 1 34
100 1 20
63 2 57
93 1 92
3 1 1
86 2 57
91 2 92
10 2 13
93 1 91
7 2 22
56 1 25
30 1 10
12 2 10
15 1 10
72 1 31
96 1 20
10 1 33
40 1 59
7 2 33
30 1 29
49 1 30
37 1 36
52 2 27
35 1 23
45 1 12
10 7 7
85 1 56
12 1 11
16 1 17
42 2 53
53 2 52
7 1 22
24 2 28
98 1 7
25 1 28
75 1 46
37 1 64
84 1 30
55 2 22
80 1 30
26 1 17
75 2 102
22 2 55
52 2 42
54 2 37
42 2 57
32 2 34
111 2 10
81 2 80
12 1 7
91 1 20
39 6 45
33 1 34
12 1 10
10 1 22
24 1 10
10 5 7
36 6 45
40 1 27
10 1 28
7 2 49
27 1 15
86 1 40
7 2 26
51 2 37
45 1 10
53 2 57
10 2 28
40 1 57
29 2 28
17 1 10
48 1 98
31 2 62
20 1 18
39 6 73
26 1 15
25 1 7
63 1 17
10 1 80
40 1 64
10 4 7
57 2 52
48 1 45
57 2 86
12 1 13
73 1 100
15 2 17
86 2 39
45 1 40
76 1 7
52 1 25
10 1 81
35 2 28
18 1 12
85 1 26
25 1 24
40 1 42
27 2 63
30 1 7
52 1 30
63 2 86
7 2 13
73 1 14
52 2 36
50 1 30
78 2 98
73 1 37
35 1 10
29 2 22
24 1 23
93 2 78
18 2 16
17 2 15
14 1 11
15 1 49
73 2 45
48 1 73
42 2 86
7 1 10
7 1 81
27 2 57
37 1 86
100 2 14
52 2 53
45 1 7
100 2 12
25 1 55
37 1 39
25 1 22
54 1 18
18 1 17
10 2 49
40 1 52
78 1 76
45 1 14
14 2 10
98 2 45
24 2 22
14 2 7
25 1 10
110 2 10
37 1 52
20 2 40
91 1 10
57 2 53
10 2 11
63 2 27
10 1 111
50 1 25
16 2 18
23 1 32
15 1 26
31 2 38
33 1 32
7 1 80
7 2 10
30 1 22
27 2 72
48 1 78
34 2 32
28 2 35
4 2 76
86 1 37
81 1 25
41 1 40
40 1 39
10 2 81
84 1 25
17 1 26
10 1 23
102 1 7
14 1 7
38 1 40
22 2 29
17 1 14
32 1 30
7 2 81
10 2 33
48 1 102
7 5 10
25 1 29
7 2 80
1 2 91
37 1 53
34 1 25
45 1 96
32 1 25
86 1 85
55 2 28
10 1 110
49 2 31
51 1 31
72 1 37
7 2 11
22 2 35
22 2 24
49 1 25
10 2 23
18 1 14
62 2 41
7 7 10
98 1 12
30 1 55
73 1 12
36 6 73
78 1 77
20 1 16
39 1 25
7 1 28
73 1 10
45 1 54
17 1 49
40 1 63
78 2 93
28 2 10
10 2 7
16 1 7
40 1 72
25 1 35
7 1 111
16 1 12
40 1 86
96 2 12
53 1 40
48 1 3
53 2 36
62 1 40
54 2 40
110 2 7
56 2 84
40 1 53
96 2 14
34 1 30
49 2 56
28 2 7
102 2 98
111 2 7
40 1 36
10 2 26
28 2 55
27 1 17
45 1 20
37 1 42
15 1 33
35 1 33
64 1 56
37 1 27
15 1 12
16 1 14
98 2 75
51 1 26
48 1 75
10 2 20
81 1 30
22 2 10
73 1 40
76 2 77
7 2 28
57 2 42
18 1 15
10 2 80
51 1 50
53 1 51
48 1 93
64 1 31
36 1 30
3 2 78
15 1 14
31 1 25
57 2 59
15 1 7
78 1 4
16 1 15
46 1 10
17 1 7
53 1 37
102 1 14
72 2 63
30 1 24
56 2 62
51 1 56
56 2 50
16 1 10
7 2 54
52 2 57
35 1 7
73 1 7
1 2 2
26 2 31
57 2 63
28 2 22
85 1 84
93 1 1
26 1 25
14 1 13
12 2 7
31 2 84
36 1 25
85 2 40
3 1 2
7 2 20
73 1 54
31 2 37
30 1 28
7 2 23
24 1 7
57 1 25
51 1 49
? 1 github_cpp_program_data/6/167.cpp

57 1 30
51 2 40
49 1 15
53 1 85
17 1 12
62 1 37
76 1 54
56 1 30
10 2 22
42 1 31
64 1 62
54 1 16
30 1 35
7 1 110
10 2 54
85 1 49
7 4 10
64 1 41
37 1 57
24 1 33
22 2 7
49 1 17
80 2 81
18 1 10
86 1 51
39 1 30
98 2 102
80 1 25
26 2 56
28 2 29
17 1 23
26 1 30
85 2 37
38 1 37
42 1 38
14 1 10
31 1 30
10 1 7
45 2 73
85 1 31
31 2 50
23 1 34
100 1 20
63 2 57
93 1 92
3 1 1
86 2 57
91 2 92
10 2 13
93 1 91
7 2 22
56 1 25
30 1 10
12 2 10
15 1 10
72 1 31
96 1 20
10 1 33
40 1 59
7 2 33
30 1 29
49 1 30
37 1 36
52 2 27
35 1 23
45 1 12
10 7 7
85 1 56
12 1 11
16 1 17
42 2 53
53 2 52
7 1 22
24 2 28
98 1 7
25 1 28
75 1 46
37 1 64
84 1 30
55 2 22
80 1 30
26 1 17
75 2 102
22 2 55
52 2 42
54 2 37
42 2 57
32 2 34
111 2 10
81 2 80
12 1 7
91 1 20
39 6 45
33 1 34
12 1 10
10 1 22
24 1 10
10 5 7
36 6 45
40 1 27
10 1 28
7 2 49
27 1 15
86 1 40
7 2 26
51 2 37
45 1 10
53 2 57
10 2 28
40 1 57
29 2 28
17 1 10
48 1 98
31 2 62
20 1 18
39 6 73
26 1 15
25 1 7
63 1 17
10 1 80
40 1 64
10 4 7
57 2 52
48 1 45
57 2 86
12 1 13
73 1 100
15 2 17
86 2 39
45 1 40
76 1 7
52 1 25
10 1 81
35 2 28
18 1 12
85 1 26
25 1 24
40 1 42
27 2 63
30 1 7
52 1 30
63 2 86
7 2 13
73 1 14
52 2 36
50 1 30
78 2 98
73 1 37
35 1 10
29 2 22
24 1 23
93 2 78
18 2 16
17 2 15
14 1 11
15 1 49
73 2 45
48 1 73
42 2 86
7 1 10
7 1 81
27 2 57
37 1 86
100 2 14
52 2 53
45 1 7
100 2 12
25 1 55
37 1 39
25 1 22
54 1 18
18 1 17
10 2 49
40 1 52
78 1 76
45 1 14
14 2 10
98 2 45
24 2 22
14 2 7
25 1 10
110 2 10
37 1 52
20 2 40
91 1 10
57 2 53
10 2 11
63 2 27
10 1 111
50 1 25
16 2 18
23 1 32
15 1 26
31 2 38
33 1 32
7 1 80
7 2 10
30 1 22
27 2 72
48 1 78
34 2 32
28 2 35
4 2 76
86 1 37
81 1 25
41 1 40
40 1 39
10 2 81
84 1 25
17 1 26
10 1 23
102 1 7
14 1 7
38 1 40
22 2 29
17 1 14
32 1 30
7 2 81
10 2 33
48 1 102
7 5 10
25 1 29
7 2 80
1 2 91
37 1 53
34 1 25
45 1 96
32 1 25
86 1 85
55 2 28
10 1 110
49 2 31
51 1 31
72 1 37
7 2 11
22 2 35
22 2 24
49 1 25
10 2 23
18 1 14
62 2 41
7 7 10
98 1 12
30 1 55
73 1 12
36 6 73
78 1 77
20 1 16
39 1 25
7 1 28
73 1 10
45 1 54
17 1 49
40 1 63
78 2 93
28 2 10
10 2 7
16 1 7
40 1 72
25 1 35
7 1 111
16 1 12
40 1 86
96 2 12
53 1 40
48 1 3
53 2 36
62 1 40
54 2 40
110 2 7
56 2 84
40 1 53
96 2 14
34 1 30
49 2 56
28 2 7
102 2 98
111 2 7
40 1 36
10 2 26
28 2 55
27 1 17
45 1 20
37 1 42
15 1 33
35 1 33
64 1 56
37 1 27
15 1 12
16 1 14
98 2 75
51 1 26
48 1 75
10 2 20
81 1 30
22 2 10
73 1 40
76 2 77
7 2 28
57 2 42
18 1 15
10 2 80
51 1 50
53 1 51
48 1 93
64 1 31
36 1 30
3 2 78
15 1 14
31 1 25
57 2 59
15 1 7
78 1 4
16 1 15
46 1 10
17 1 7
53 1 37
102 1 14
72 2 63
30 1 24
56 2 62
51 1 56
56 2 50
16 1 10
7 2 54
52 2 57
35 1 7
73 1 7
1 2 2
26 2 31
57 2 63
28 2 22
85 1 84
93 1 1
26 1 25
14 1 13
12 2 7
31 2 84
36 1 25
85 2 40
3 1 2
7 2 20
73 1 54
31 2 37
30 1 28
7 2 23
24 1 7
57 1 25
51 1 49
? 1 github_cpp_program_data/6/17.cpp

23 2 10
15 1 23
29 2 7
10 2 81
26 1 22
23 1 34
42 1 31
12 1 7
23 2 7
26 1 28
53 2 42
25 1 22
34 1 30
23 1 32
30 1 35
33 1 34
33 2 7
28 2 10
25 1 28
28 2 24
85 1 49
49 1 30
24 1 10
37 1 57
55 2 7
40 1 52
25 1 55
48 1 53
15 1 33
34 1 25
35 1 33
25 1 10
80 1 25
29 2 10
10 7 7
81 1 30
37 1 27
35 2 55
15 1 12
31 1 22
10 2 28
51 1 26
26 1 30
85 2 37
24 2 29
31 2 38
33 1 32
10 1 81
7 1 80
42 1 38
7 2 10
30 1 22
32 1 25
25 2 28
49 1 28
10 2 80
81 1 25
53 1 51
25 1 7
52 2 53
10 1 80
22 2 10
24 1 23
30 1 10
38 1 40
12 2 10
48 1 42
32 1 30
7 2 81
15 1 10
10 2 33
52 1 25
31 1 25
31 1 30
15 1 7
30 1 28
22 2 35
7 2 80
53 1 37
30 1 29
48 1 52
30 1 24
25 1 24
22 2 24
34 2 32
86 1 85
22 2 25
30 1 7
25 1 29
52 1 30
48 1 86
49 1 25
10 2 23
28 2 7
26 1 25
32 2 34
7 7 10
35 1 10
7 2 22
27 1 15
30 1 55
30 2 22
80 1 30
86 1 37
51 2 37
42 2 86
7 2 28
7 1 81
7 2 23
24 1 7
57 1 25
28 2 30
10 2 7
? 1 github_cpp_program_data/6/247.cpp

57 1 30
36 6 45
10 2 22
53 1 85
17 1 12
28 2 25
49 1 22
40 1 59
26 1 22
23 1 34
42 1 31
64 1 62
26 1 28
25 1 22
54 1 16
30 1 35
10 2 54
45 1 54
6 1 5
49 1 30
37 1 57
24 1 33
22 2 7
45 1 10
40 1 52
78 1 76
45 1 14
86 1 51
14 2 10
4 2 5
7 4 10
15 2 17
14 2 7
25 1 10
80 1 25
20 2 40
52 2 86
91 1 10
28 2 29
57 2 53
17 1 33
7 2 28
16 2 18
23 1 32
7 1 23
26 1 30
85 2 37
38 1 37
31 2 38
33 1 32
27 2 45
7 1 80
42 1 38
30 1 22
48 1 78
14 1 10
25 2 28
4 2 76
49 1 28
10 1 7
12 2 10
81 1 25
41 1 40
40 1 39
10 2 81
6 2 3
7 7 10
93 1 92
3 1 1
86 2 57
91 2 92
14 1 7
38 1 40
22 2 29
17 1 14
32 1 30
7 2 81
15 1 10
10 2 33
30 1 28
7 2 80
1 2 91
7 2 33
30 1 29
37 1 53
37 1 36
34 1 25
32 1 25
86 1 85
55 2 28
35 1 23
45 1 12
10 7 7
85 1 49
54 1 18
49 1 25
10 2 23
16 1 17
32 2 34
38 2 41
27 1 15
30 1 55
75 1 46
73 1 12
37 1 64
80 1 30
86 1 37
73 1 10
45 2 73
7 2 20
40 1 63
78 2 93
22 2 55
54 2 37
25 1 35
73 1 20
15 1 23
16 1 12
53 2 52
37 1 52
93 1 91
12 1 10
48 1 3
62 1 40
54 2 40
12 1 7
40 1 53
34 1 30
28 2 7
18 1 14
78 1 77
33 1 34
40 1 36
28 2 10
28 2 55
27 1 17
24 1 10
10 5 7
37 1 42
40 1 27
25 1 55
48 1 27
10 4 7
35 1 33
25 1 28
64 1 56
1 2 2
22 2 30
63 2 27
51 2 37
52 2 63
15 1 12
75 2 27
22 2 25
10 2 28
63 2 53
51 1 26
48 1 75
17 2 15
10 2 20
40 1 57
42 2 57
29 2 28
81 1 30
17 1 10
22 2 10
30 2 28
73 1 40
3 2 6
76 2 77
10 1 28
30 2 22
46 1 7
20 1 18
18 1 15
10 2 80
53 1 51
25 1 7
63 1 17
10 1 80
45 1 37
48 1 93
27 2 52
57 2 52
48 1 45
20 1 16
22 2 28
34 2 32
24 1 23
30 1 10
36 1 30
3 2 78
78 2 75
15 1 14
45 1 40
76 1 7
52 1 25
7 2 22
31 1 30
15 1 7
48 1 6
17 1 7
53 1 37
28 2 30
56 2 62
25 1 24
40 1 42
63 1 15
76 1 20
52 2 57
30 1 7
25 2 22
25 1 29
52 1 30
7 5 10
42 1 41
57 2 39
53 2 42
93 1 1
26 1 25
52 2 36
40 1 86
12 2 7
35 1 10
31 1 25
93 2 78
6 1 4
18 2 16
10 1 81
56 1 30
3 1 2
7 1 33
73 2 45
48 1 73
42 2 86
10 1 33
7 1 10
7 1 81
7 2 23
24 1 7
57 1 25
78 1 4
? 1 github_cpp_program_data/6/249.cpp

57 1 30
51 2 40
49 1 15
53 1 85
17 1 12
62 1 37
76 1 54
56 1 30
10 2 22
42 1 31
64 1 62
54 1 16
30 1 35
7 1 110
10 2 54
85 1 49
7 4 10
64 1 41
37 1 57
24 1 33
22 2 7
49 1 17
80 2 81
18 1 10
86 1 51
39 1 30
98 2 102
80 1 25
26 2 56
28 2 29
17 1 23
26 1 30
85 2 37
38 1 37
42 1 38
14 1 10
31 1 30
10 1 7
45 2 73
85 1 31
31 2 50
23 1 34
100 1 20
63 2 57
93 1 92
3 1 1
86 2 57
91 2 92
10 2 13
93 1 91
7 2 22
56 1 25
30 1 10
12 2 10
15 1 10
72 1 31
96 1 20
10 1 33
40 1 59
7 2 33
30 1 29
49 1 30
37 1 36
52 2 27
35 1 23
45 1 12
10 7 7
85 1 56
12 1 11
16 1 17
42 2 53
53 2 52
7 1 22
24 2 28
98 1 7
25 1 28
75 1 46
37 1 64
84 1 30
55 2 22
80 1 30
26 1 17
75 2 102
22 2 55
52 2 42
54 2 37
42 2 57
32 2 34
111 2 10
81 2 80
12 1 7
91 1 20
39 6 45
33 1 34
12 1 10
10 1 22
24 1 10
10 5 7
36 6 45
40 1 27
10 1 28
7 2 49
27 1 15
86 1 40
7 2 26
51 2 37
45 1 10
53 2 57
10 2 28
40 1 57
29 2 28
17 1 10
48 1 98
31 2 62
20 1 18
39 6 73
26 1 15
25 1 7
63 1 17
10 1 80
40 1 64
10 4 7
57 2 52
48 1 45
57 2 86
12 1 13
73 1 100
15 2 17
86 2 39
45 1 40
76 1 7
52 1 25
10 1 81
35 2 28
18 1 12
85 1 26
25 1 24
40 1 42
27 2 63
30 1 7
52 1 30
63 2 86
7 2 13
73 1 14
52 2 36
50 1 30
78 2 98
73 1 37
35 1 10
29 2 22
24 1 23
93 2 78
18 2 16
17 2 15
14 1 11
15 1 49
73 2 45
48 1 73
42 2 86
7 1 10
7 1 81
27 2 57
37 1 86
100 2 14
52 2 53
45 1 7
100 2 12
25 1 55
37 1 39
25 1 22
54 1 18
18 1 17
10 2 49
40 1 52
78 1 76
45 1 14
14 2 10
98 2 45
24 2 22
14 2 7
25 1 10
110 2 10
37 1 52
20 2 40
91 1 10
57 2 53
10 2 11
63 2 27
10 1 111
50 1 25
16 2 18
23 1 32
15 1 26
31 2 38
33 1 32
7 1 80
7 2 10
30 1 22
27 2 72
48 1 78
34 2 32
28 2 35
4 2 76
86 1 37
81 1 25
41 1 40
40 1 39
10 2 81
84 1 25
17 1 26
10 1 23
102 1 7
14 1 7
38 1 40
22 2 29
17 1 14
32 1 30
7 2 81
10 2 33
48 1 102
7 5 10
25 1 29
7 2 80
1 2 91
37 1 53
34 1 25
45 1 96
32 1 25
86 1 85
55 2 28
10 1 110
49 2 31
51 1 31
72 1 37
7 2 11
22 2 35
22 2 24
49 1 25
10 2 23
18 1 14
62 2 41
7 7 10
98 1 12
30 1 55
73 1 12
36 6 73
78 1 77
20 1 16
39 1 25
7 1 28
73 1 10
45 1 54
17 1 49
40 1 63
78 2 93
28 2 10
10 2 7
16 1 7
40 1 72
25 1 35
7 1 111
16 1 12
40 1 86
96 2 12
53 1 40
48 1 3
53 2 36
62 1 40
54 2 40
110 2 7
56 2 84
40 1 53
96 2 14
34 1 30
49 2 56
28 2 7
102 2 98
111 2 7
40 1 36
10 2 26
28 2 55
27 1 17
45 1 20
37 1 42
15 1 33
35 1 33
64 1 56
37 1 27
15 1 12
16 1 14
98 2 75
51 1 26
48 1 75
10 2 20
81 1 30
22 2 10
73 1 40
76 2 77
7 2 28
57 2 42
18 1 15
10 2 80
51 1 50
53 1 51
48 1 93
64 1 31
36 1 30
3 2 78
15 1 14
31 1 25
57 2 59
15 1 7
78 1 4
16 1 15
46 1 10
17 1 7
53 1 37
102 1 14
72 2 63
30 1 24
56 2 62
51 1 56
56 2 50
16 1 10
7 2 54
52 2 57
35 1 7
73 1 7
1 2 2
26 2 31
57 2 63
28 2 22
85 1 84
93 1 1
26 1 25
14 1 13
12 2 7
31 2 84
36 1 25
85 2 40
3 1 2
7 2 20
73 1 54
31 2 37
30 1 28
7 2 23
24 1 7
57 1 25
51 1 49
? 1 github_cpp_program_data/6/257.cpp

57 1 30
51 2 40
10 2 22
53 1 85
17 1 12
37 1 86
62 1 37
56 1 30
101 2 27
24 2 35
23 1 34
42 1 31
64 1 62
56 1 25
52 2 63
40 1 82
25 1 22
53 1 37
99 1 24
23 1 32
30 1 35
10 2 54
45 1 54
6 1 5
37 1 57
24 1 33
22 2 7
49 1 17
40 1 52
45 1 14
86 1 51
14 2 10
4 2 5
7 4 10
15 2 17
14 2 7
25 1 10
80 1 25
101 1 10
26 2 56
63 2 27
17 1 23
50 1 25
16 2 18
18 1 17
53 2 57
26 1 30
85 2 37
31 2 38
33 1 32
27 2 45
7 1 80
42 1 38
20 2 99
30 1 22
14 1 10
99 1 35
35 1 23
7 2 20
81 1 25
10 2 81
101 1 40
63 2 57
7 7 10
84 1 25
17 1 26
22 2 10
27 2 101
14 1 7
38 1 40
22 2 29
82 1 63
32 1 30
7 2 81
15 1 10
10 2 33
12 2 10
10 1 33
26 2 31
7 2 80
40 1 59
7 2 33
30 1 29
49 1 30
53 2 42
34 1 25
32 1 25
10 1 7
49 2 31
51 1 31
10 7 7
85 1 56
48 1 101
37 1 63
10 2 23
28 2 7
32 2 34
7 1 22
49 1 25
25 1 28
37 1 126
3 2 6
30 1 55
75 1 46
20 1 16
27 2 63
26 1 17
42 1 56
17 1 49
40 1 63
22 2 55
63 2 64
52 2 42
25 1 35
28 2 55
37 1 52
25 1 7
75 2 27
12 1 10
48 1 3
31 2 50
54 2 40
12 1 7
56 2 84
40 1 53
34 1 30
90 1 99
33 1 34
28 2 10
90 1 7
90 1 20
27 1 17
82 1 90
57 2 59
24 1 10
10 5 7
37 1 42
10 2 28
40 1 27
10 1 28
48 1 27
35 1 33
27 1 15
64 1 56
86 1 40
90 1 37
7 2 26
51 2 37
3 1 1
38 2 41
15 1 12
7 2 22
15 1 26
10 2 40
51 1 26
48 1 75
17 2 15
40 1 57
57 2 27
10 2 49
81 1 30
17 1 10
12 1 19
56 2 38
19 2 10
25 1 55
46 1 7
20 1 18
26 1 15
10 2 80
51 1 50
53 1 51
99 2 37
63 1 17
10 1 80
40 1 64
10 4 7
57 2 52
48 1 45
80 1 30
34 2 32
24 1 23
30 1 10
6 2 75
15 1 14
45 1 40
52 1 25
7 2 49
10 1 81
15 1 7
17 1 14
48 1 6
16 1 15
40 1 125
17 1 7
85 1 26
56 2 62
25 1 24
40 1 42
63 1 15
52 2 57
35 1 7
30 1 7
1 2 2
25 1 29
52 1 30
7 5 10
85 1 84
7 2 23
26 1 25
50 1 30
27 2 53
12 2 7
35 1 10
31 1 25
6 1 4
18 2 16
31 1 30
3 1 2
41 1 37
15 1 49
7 2 28
30 1 28
45 1 10
42 1 41
7 1 10
7 1 81
63 2 90
24 1 7
57 1 25
51 1 49
35 2 24
? 1 github_cpp_program_data/6/266.cpp

57 1 30
51 2 40
49 1 15
17 1 12
30 2 25
62 1 37
56 1 30
10 2 22
53 2 57
76 1 33
65 2 10
54 1 16
10 2 28
30 1 35
37 2 42
10 2 54
45 1 54
7 4 10
37 1 53
37 1 57
24 1 33
22 2 7
18 1 10
30 2 28
48 1 98
39 1 30
98 2 102
80 1 25
28 2 29
100 2 10
40 1 57
102 1 10
26 1 30
38 1 37
52 1 28
93 1 77
63 2 52
75 2 27
32 1 25
75 1 100
35 1 23
45 2 73
63 2 42
31 2 50
14 1 65
48 1 43
100 1 20
42 1 31
93 1 92
3 1 1
22 2 10
91 2 92
10 2 13
40 1 37
56 1 25
30 1 10
91 1 23
82 1 63
25 2 30
15 1 10
4 2 10
30 1 28
95 1 10
7 2 33
30 1 29
10 7 7
28 2 25
37 1 36
10 1 7
45 1 12
48 1 9
40 2 63
27 2 64
37 1 63
12 1 11
16 1 17
25 1 55
91 2 77
120 2 22
38 1 25
7 1 22
40 1 82
14 1 19
98 1 7
25 1 28
75 1 46
98 1 10
55 2 22
80 1 30
24 2 22
122 1 62
120 1 41
7 2 20
57 2 39
22 2 55
20 2 40
26 1 14
32 2 34
93 2 9
93 1 91
48 1 95
27 2 101
12 1 7
9 2 45
37 1 40
22 2 28
91 1 20
75 2 98
41 1 30
38 2 41
9 1 4
39 6 45
33 1 34
12 1 10
24 1 10
10 5 7
39 1 28
40 1 27
10 1 28
52 2 91
10 4 7
78 2 45
7 2 49
27 1 15
1 2 2
34 1 29
7 2 26
95 1 26
10 2 40
42 1 62
45 1 65
57 2 53
75 1 10
29 2 28
17 1 10
49 1 30
56 2 38
31 2 62
20 1 18
39 6 73
100 1 54
25 1 7
63 1 17
36 6 45
10 1 80
40 1 64
73 1 100
57 2 52
48 1 45
22 2 120
93 2 8
12 1 13
4 2 91
37 1 30
15 2 17
48 1 63
45 1 40
76 1 7
52 1 25
10 1 81
91 2 40
75 1 49
57 2 76
18 1 12
11 2 13
25 1 24
40 1 42
63 1 15
36 1 28
76 1 20
25 1 122
27 2 63
30 1 7
48 1 101
100 2 65
52 1 30
7 2 13
73 1 14
25 1 120
73 1 37
35 1 10
29 2 22
32 1 55
93 2 78
18 2 16
17 2 15
14 1 11
31 1 25
15 1 49
73 2 45
48 1 73
122 1 31
7 1 10
7 1 81
7 1 33
76 2 52
19 2 7
27 2 57
101 2 27
23 1 34
45 1 7
100 2 12
37 1 39
25 1 22
73 1 65
54 1 18
18 1 17
96 2 10
10 2 49
40 1 52
78 1 76
45 1 14
14 2 10
100 2 14
14 2 7
25 1 10
37 1 52
38 1 30
120 1 38
91 1 10
10 2 11
63 2 27
73 2 95
50 1 25
16 2 18
23 1 32
7 1 23
15 1 26
33 1 32
78 1 1
7 1 80
30 1 22
65 2 7
48 1 78
34 2 32
25 2 28
4 2 76
27 2 45
12 2 10
81 1 25
40 1 39
73 2 93
10 2 81
101 1 40
17 1 26
10 1 23
43 2 78
14 1 7
22 2 29
17 1 14
32 1 30
7 2 81
10 2 33
48 1 102
93 2 43
7 5 10
7 2 80
1 2 91
95 2 75
91 1 33
34 1 25
45 1 96
48 1 8
14 1 10
98 2 78
55 2 28
49 2 31
51 1 31
7 2 11
76 2 37
95 1 96
49 1 25
10 2 23
96 1 54
8 1 10
40 1 76
102 2 98
7 7 10
98 1 12
30 1 55
73 1 12
52 2 76
36 6 73
20 1 16
39 1 25
7 1 28
73 1 10
17 1 49
40 1 63
78 2 93
28 2 10
10 2 7
16 1 7
25 1 35
73 1 20
26 1 25
16 1 12
96 2 12
53 1 40
48 1 3
1 2 76
62 1 40
54 2 40
42 2 63
96 2 14
34 1 30
28 2 7
18 1 14
78 1 77
40 1 36
10 2 26
28 2 55
27 1 17
91 1 54
45 1 20
37 1 42
24 1 23
48 1 27
35 1 33
64 1 56
37 1 91
3 2 75
28 2 37
15 1 12
16 1 14
48 1 75
10 2 20
76 1 10
120 1 56
43 1 1
81 1 30
12 1 19
37 1 76
73 1 40
19 2 10
76 2 77
7 2 28
91 1 7
46 1 7
18 1 15
10 2 80
51 1 50
53 1 51
20 2 37
45 1 37
48 1 93
36 1 30
93 1 4
15 1 14
7 2 22
31 1 30
15 1 7
25 1 37
78 1 4
16 1 15
17 1 7
102 1 14
28 2 30
30 1 24
101 1 10
16 1 10
18 1 7
7 2 54
52 2 57
35 1 7
73 1 7
8 1 4
37 2 36
25 1 29
28 2 22
64 1 38
76 1 23
93 1 1
76 2 92
14 1 13
12 2 7
49 1 14
36 1 25
96 2 65
62 1 30
64 2 52
3 1 2
12 1 65
65 2 14
8 2 78
10 1 33
78 1 92
7 2 23
24 1 7
57 1 25
51 1 49
37 1 25
? 1 github_cpp_program_data/6/328.cpp

57 1 30
36 6 45
10 2 22
53 1 85
17 1 12
28 2 25
49 1 22
40 1 59
26 1 22
23 1 34
42 1 31
64 1 62
26 1 28
25 1 22
54 1 16
30 1 35
10 2 54
45 1 54
6 1 5
49 1 30
37 1 57
24 1 33
22 2 7
45 1 10
40 1 52
78 1 76
45 1 14
86 1 51
14 2 10
4 2 5
7 4 10
15 2 17
14 2 7
25 1 10
80 1 25
20 2 40
52 2 86
91 1 10
28 2 29
57 2 53
17 1 33
7 2 28
16 2 18
23 1 32
7 1 23
26 1 30
85 2 37
38 1 37
31 2 38
33 1 32
27 2 45
7 1 80
42 1 38
30 1 22
48 1 78
14 1 10
25 2 28
4 2 76
49 1 28
10 1 7
12 2 10
81 1 25
41 1 40
40 1 39
10 2 81
6 2 3
7 7 10
93 1 92
3 1 1
86 2 57
91 2 92
14 1 7
38 1 40
22 2 29
17 1 14
32 1 30
7 2 81
15 1 10
10 2 33
30 1 28
7 2 80
1 2 91
7 2 33
30 1 29
37 1 53
37 1 36
34 1 25
32 1 25
86 1 85
55 2 28
35 1 23
45 1 12
10 7 7
85 1 49
54 1 18
49 1 25
10 2 23
16 1 17
32 2 34
38 2 41
27 1 15
30 1 55
75 1 46
73 1 12
37 1 64
80 1 30
86 1 37
73 1 10
45 2 73
7 2 20
40 1 63
78 2 93
22 2 55
54 2 37
25 1 35
73 1 20
15 1 23
16 1 12
53 2 52
37 1 52
93 1 91
12 1 10
48 1 3
62 1 40
54 2 40
12 1 7
40 1 53
34 1 30
28 2 7
18 1 14
78 1 77
33 1 34
40 1 36
28 2 10
28 2 55
27 1 17
24 1 10
10 5 7
37 1 42
40 1 27
25 1 55
48 1 27
10 4 7
35 1 33
25 1 28
64 1 56
1 2 2
22 2 30
63 2 27
51 2 37
52 2 63
15 1 12
75 2 27
22 2 25
10 2 28
63 2 53
51 1 26
48 1 75
17 2 15
10 2 20
40 1 57
42 2 57
29 2 28
81 1 30
17 1 10
22 2 10
30 2 28
73 1 40
3 2 6
76 2 77
10 1 28
30 2 22
46 1 7
20 1 18
18 1 15
10 2 80
53 1 51
25 1 7
63 1 17
10 1 80
45 1 37
48 1 93
27 2 52
57 2 52
48 1 45
20 1 16
22 2 28
34 2 32
24 1 23
30 1 10
36 1 30
3 2 78
78 2 75
15 1 14
45 1 40
76 1 7
52 1 25
7 2 22
31 1 30
15 1 7
48 1 6
17 1 7
53 1 37
28 2 30
56 2 62
25 1 24
40 1 42
63 1 15
76 1 20
52 2 57
30 1 7
25 2 22
25 1 29
52 1 30
7 5 10
42 1 41
57 2 39
53 2 42
93 1 1
26 1 25
52 2 36
40 1 86
12 2 7
35 1 10
31 1 25
93 2 78
6 1 4
18 2 16
10 1 81
56 1 30
3 1 2
7 1 33
73 2 45
48 1 73
42 2 86
10 1 33
7 1 10
7 1 81
7 2 23
24 1 7
57 1 25
78 1 4
? 1 github_cpp_program_data/6/339.cpp

57 1 30
51 2 40
49 1 15
53 1 85
17 1 12
62 1 37
76 1 54
56 1 30
10 2 22
42 1 31
64 1 62
54 1 16
30 1 35
7 1 110
10 2 54
85 1 49
7 4 10
64 1 41
37 1 57
24 1 33
22 2 7
49 1 17
80 2 81
18 1 10
86 1 51
39 1 30
98 2 102
80 1 25
26 2 56
28 2 29
17 1 23
26 1 30
85 2 37
38 1 37
42 1 38
14 1 10
31 1 30
10 1 7
45 2 73
85 1 31
31 2 50
23 1 34
100 1 20
63 2 57
93 1 92
3 1 1
86 2 57
91 2 92
10 2 13
93 1 91
7 2 22
56 1 25
30 1 10
12 2 10
15 1 10
72 1 31
96 1 20
10 1 33
40 1 59
7 2 33
30 1 29
49 1 30
37 1 36
52 2 27
35 1 23
45 1 12
10 7 7
85 1 56
12 1 11
16 1 17
42 2 53
53 2 52
7 1 22
24 2 28
98 1 7
25 1 28
75 1 46
37 1 64
84 1 30
55 2 22
80 1 30
26 1 17
75 2 102
22 2 55
52 2 42
54 2 37
42 2 57
32 2 34
111 2 10
81 2 80
12 1 7
91 1 20
39 6 45
33 1 34
12 1 10
10 1 22
24 1 10
10 5 7
36 6 45
40 1 27
10 1 28
7 2 49
27 1 15
86 1 40
7 2 26
51 2 37
45 1 10
53 2 57
10 2 28
40 1 57
29 2 28
17 1 10
48 1 98
31 2 62
20 1 18
39 6 73
26 1 15
25 1 7
63 1 17
10 1 80
40 1 64
10 4 7
57 2 52
48 1 45
57 2 86
12 1 13
73 1 100
15 2 17
86 2 39
45 1 40
76 1 7
52 1 25
10 1 81
35 2 28
18 1 12
85 1 26
25 1 24
40 1 42
27 2 63
30 1 7
52 1 30
63 2 86
7 2 13
73 1 14
52 2 36
50 1 30
78 2 98
73 1 37
35 1 10
29 2 22
24 1 23
93 2 78
18 2 16
17 2 15
14 1 11
15 1 49
73 2 45
48 1 73
42 2 86
7 1 10
7 1 81
27 2 57
37 1 86
100 2 14
52 2 53
45 1 7
100 2 12
25 1 55
37 1 39
25 1 22
54 1 18
18 1 17
10 2 49
40 1 52
78 1 76
45 1 14
14 2 10
98 2 45
24 2 22
14 2 7
25 1 10
110 2 10
37 1 52
20 2 40
91 1 10
57 2 53
10 2 11
63 2 27
10 1 111
50 1 25
16 2 18
23 1 32
15 1 26
31 2 38
33 1 32
7 1 80
7 2 10
30 1 22
27 2 72
48 1 78
34 2 32
28 2 35
4 2 76
86 1 37
81 1 25
41 1 40
40 1 39
10 2 81
84 1 25
17 1 26
10 1 23
102 1 7
14 1 7
38 1 40
22 2 29
17 1 14
32 1 30
7 2 81
10 2 33
48 1 102
7 5 10
25 1 29
7 2 80
1 2 91
37 1 53
34 1 25
45 1 96
32 1 25
86 1 85
55 2 28
10 1 110
49 2 31
51 1 31
72 1 37
7 2 11
22 2 35
22 2 24
49 1 25
10 2 23
18 1 14
62 2 41
7 7 10
98 1 12
30 1 55
73 1 12
36 6 73
78 1 77
20 1 16
39 1 25
7 1 28
73 1 10
45 1 54
17 1 49
40 1 63
78 2 93
28 2 10
10 2 7
16 1 7
40 1 72
25 1 35
7 1 111
16 1 12
40 1 86
96 2 12
53 1 40
48 1 3
53 2 36
62 1 40
54 2 40
110 2 7
56 2 84
40 1 53
96 2 14
34 1 30
49 2 56
28 2 7
102 2 98
111 2 7
40 1 36
10 2 26
28 2 55
27 1 17
45 1 20
37 1 42
15 1 33
35 1 33
64 1 56
37 1 27
15 1 12
16 1 14
98 2 75
51 1 26
48 1 75
10 2 20
81 1 30
22 2 10
73 1 40
76 2 77
7 2 28
57 2 42
18 1 15
10 2 80
51 1 50
53 1 51
48 1 93
64 1 31
36 1 30
3 2 78
15 1 14
31 1 25
57 2 59
15 1 7
78 1 4
16 1 15
46 1 10
17 1 7
53 1 37
102 1 14
72 2 63
30 1 24
56 2 62
51 1 56
56 2 50
16 1 10
7 2 54
52 2 57
35 1 7
73 1 7
1 2 2
26 2 31
57 2 63
28 2 22
85 1 84
93 1 1
26 1 25
14 1 13
12 2 7
31 2 84
36 1 25
85 2 40
3 1 2
7 2 20
73 1 54
31 2 37
30 1 28
7 2 23
24 1 7
57 1 25
51 1 49
? 1 github_cpp_program_data/6/347.cpp

57 1 30
51 2 40
10 2 22
53 1 85
17 1 12
37 1 86
62 1 37
56 1 30
101 2 27
24 2 35
23 1 34
42 1 31
64 1 62
56 1 25
52 2 63
40 1 82
25 1 22
53 1 37
99 1 24
23 1 32
30 1 35
10 2 54
45 1 54
6 1 5
37 1 57
24 1 33
22 2 7
49 1 17
40 1 52
45 1 14
86 1 51
14 2 10
4 2 5
7 4 10
15 2 17
14 2 7
25 1 10
80 1 25
101 1 10
26 2 56
63 2 27
17 1 23
50 1 25
16 2 18
18 1 17
53 2 57
26 1 30
85 2 37
31 2 38
33 1 32
27 2 45
7 1 80
42 1 38
20 2 99
30 1 22
14 1 10
99 1 35
35 1 23
7 2 20
81 1 25
10 2 81
101 1 40
63 2 57
7 7 10
84 1 25
17 1 26
22 2 10
27 2 101
14 1 7
38 1 40
22 2 29
82 1 63
32 1 30
7 2 81
15 1 10
10 2 33
12 2 10
10 1 33
26 2 31
7 2 80
40 1 59
7 2 33
30 1 29
49 1 30
53 2 42
34 1 25
32 1 25
10 1 7
49 2 31
51 1 31
10 7 7
85 1 56
48 1 101
37 1 63
10 2 23
28 2 7
32 2 34
7 1 22
49 1 25
25 1 28
37 1 126
3 2 6
30 1 55
75 1 46
20 1 16
27 2 63
26 1 17
42 1 56
17 1 49
40 1 63
22 2 55
63 2 64
52 2 42
25 1 35
28 2 55
37 1 52
25 1 7
75 2 27
12 1 10
48 1 3
31 2 50
54 2 40
12 1 7
56 2 84
40 1 53
34 1 30
90 1 99
33 1 34
28 2 10
90 1 7
90 1 20
27 1 17
82 1 90
57 2 59
24 1 10
10 5 7
37 1 42
10 2 28
40 1 27
10 1 28
48 1 27
35 1 33
27 1 15
64 1 56
86 1 40
90 1 37
7 2 26
51 2 37
3 1 1
38 2 41
15 1 12
7 2 22
15 1 26
10 2 40
51 1 26
48 1 75
17 2 15
40 1 57
57 2 27
10 2 49
81 1 30
17 1 10
12 1 19
56 2 38
19 2 10
25 1 55
46 1 7
20 1 18
26 1 15
10 2 80
51 1 50
53 1 51
99 2 37
63 1 17
10 1 80
40 1 64
10 4 7
57 2 52
48 1 45
80 1 30
34 2 32
24 1 23
30 1 10
6 2 75
15 1 14
45 1 40
52 1 25
7 2 49
10 1 81
15 1 7
17 1 14
48 1 6
16 1 15
40 1 125
17 1 7
85 1 26
56 2 62
25 1 24
40 1 42
63 1 15
52 2 57
35 1 7
30 1 7
1 2 2
25 1 29
52 1 30
7 5 10
85 1 84
7 2 23
26 1 25
50 1 30
27 2 53
12 2 7
35 1 10
31 1 25
6 1 4
18 2 16
31 1 30
3 1 2
41 1 37
15 1 49
7 2 28
30 1 28
45 1 10
42 1 41
7 1 10
7 1 81
63 2 90
24 1 7
57 1 25
51 1 49
35 2 24
? 1 github_cpp_program_data/6/386.cpp

57 1 30
51 2 40
49 1 15
53 1 85
17 1 12
56 1 30
10 2 22
52 2 53
42 1 31
64 1 62
56 1 25
25 1 22
36 6 45
84 1 30
86 2 64
85 1 49
7 4 10
49 1 30
37 1 57
10 2 49
22 2 7
49 1 17
15 1 26
86 1 51
14 2 10
15 2 17
14 2 7
25 1 10
80 1 25
10 7 7
52 2 86
28 2 29
63 2 27
50 1 25
53 1 40
27 2 86
40 1 52
85 2 37
38 1 37
31 2 38
63 2 52
56 2 84
42 1 38
30 1 22
14 1 10
64 1 41
31 1 30
7 1 80
81 1 25
45 1 12
10 2 81
31 2 50
26 1 30
7 7 10
84 1 25
3 2 75
17 1 26
14 1 7
45 1 7
38 1 40
22 2 29
7 2 81
15 1 10
12 2 10
30 1 28
25 1 29
7 2 80
40 1 59
30 1 29
37 1 53
37 1 36
86 1 85
52 2 27
7 2 28
49 2 31
51 1 31
27 2 64
85 1 56
49 1 25
53 2 52
37 1 63
62 2 41
27 1 15
30 1 55
86 2 63
37 1 64
80 1 30
86 1 37
26 1 17
42 1 56
17 1 49
40 1 63
22 2 55
28 2 10
52 2 42
40 1 86
37 1 52
12 1 10
48 1 3
53 2 36
62 1 40
12 1 7
40 1 53
49 2 56
28 2 7
20 2 37
10 2 26
28 2 55
27 1 17
45 1 20
10 5 7
37 1 42
40 1 27
25 1 55
10 4 7
7 2 49
25 1 28
64 1 56
86 1 40
7 2 26
37 1 27
3 1 1
10 2 28
63 2 53
51 1 26
48 1 75
40 1 57
75 1 46
81 1 30
17 1 10
22 2 10
56 2 38
7 2 20
31 2 62
46 1 7
10 2 80
51 1 50
53 1 51
25 1 7
63 1 17
10 1 80
45 1 37
40 1 64
27 2 52
57 2 52
48 1 45
64 1 31
30 1 10
36 1 30
15 1 14
52 1 25
31 1 25
10 1 81
15 1 7
17 1 7
53 1 37
56 2 62
40 1 42
63 1 15
30 1 7
1 2 2
26 2 31
52 1 30
85 1 84
53 2 42
75 2 45
26 1 25
50 1 30
27 2 53
12 2 7
7 2 22
17 2 15
3 1 2
41 1 37
15 1 49
51 2 37
7 5 10
7 1 10
7 1 81
57 1 25
51 1 49
? 1 github_cpp_program_data/6/4.cpp

57 1 30
51 2 40
49 1 15
53 1 85
17 1 12
62 1 37
76 1 54
56 1 30
10 2 22
42 1 31
64 1 62
54 1 16
30 1 35
7 1 110
10 2 54
85 1 49
7 4 10
64 1 41
37 1 57
24 1 33
22 2 7
49 1 17
80 2 81
18 1 10
86 1 51
39 1 30
98 2 102
80 1 25
26 2 56
28 2 29
17 1 23
26 1 30
85 2 37
38 1 37
42 1 38
14 1 10
31 1 30
10 1 7
45 2 73
85 1 31
31 2 50
23 1 34
100 1 20
63 2 57
93 1 92
3 1 1
86 2 57
91 2 92
10 2 13
93 1 91
7 2 22
56 1 25
30 1 10
12 2 10
15 1 10
72 1 31
96 1 20
10 1 33
40 1 59
7 2 33
30 1 29
49 1 30
37 1 36
52 2 27
35 1 23
45 1 12
10 7 7
85 1 56
12 1 11
16 1 17
42 2 53
53 2 52
7 1 22
24 2 28
98 1 7
25 1 28
75 1 46
37 1 64
84 1 30
55 2 22
80 1 30
26 1 17
75 2 102
22 2 55
52 2 42
54 2 37
42 2 57
32 2 34
111 2 10
81 2 80
12 1 7
91 1 20
39 6 45
33 1 34
12 1 10
10 1 22
24 1 10
10 5 7
36 6 45
40 1 27
10 1 28
7 2 49
27 1 15
86 1 40
7 2 26
51 2 37
45 1 10
53 2 57
10 2 28
40 1 57
29 2 28
17 1 10
48 1 98
31 2 62
20 1 18
39 6 73
26 1 15
25 1 7
63 1 17
10 1 80
40 1 64
10 4 7
57 2 52
48 1 45
57 2 86
12 1 13
73 1 100
15 2 17
86 2 39
45 1 40
76 1 7
52 1 25
10 1 81
35 2 28
18 1 12
85 1 26
25 1 24
40 1 42
27 2 63
30 1 7
52 1 30
63 2 86
7 2 13
73 1 14
52 2 36
50 1 30
78 2 98
73 1 37
35 1 10
29 2 22
24 1 23
93 2 78
18 2 16
17 2 15
14 1 11
15 1 49
73 2 45
48 1 73
42 2 86
7 1 10
7 1 81
27 2 57
37 1 86
100 2 14
52 2 53
45 1 7
100 2 12
25 1 55
37 1 39
25 1 22
54 1 18
18 1 17
10 2 49
40 1 52
78 1 76
45 1 14
14 2 10
98 2 45
24 2 22
14 2 7
25 1 10
110 2 10
37 1 52
20 2 40
91 1 10
57 2 53
10 2 11
63 2 27
10 1 111
50 1 25
16 2 18
23 1 32
15 1 26
31 2 38
33 1 32
7 1 80
7 2 10
30 1 22
27 2 72
48 1 78
34 2 32
28 2 35
4 2 76
86 1 37
81 1 25
41 1 40
40 1 39
10 2 81
84 1 25
17 1 26
10 1 23
102 1 7
14 1 7
38 1 40
22 2 29
17 1 14
32 1 30
7 2 81
10 2 33
48 1 102
7 5 10
25 1 29
7 2 80
1 2 91
37 1 53
34 1 25
45 1 96
32 1 25
86 1 85
55 2 28
10 1 110
49 2 31
51 1 31
72 1 37
7 2 11
22 2 35
22 2 24
49 1 25
10 2 23
18 1 14
62 2 41
7 7 10
98 1 12
30 1 55
73 1 12
36 6 73
78 1 77
20 1 16
39 1 25
7 1 28
73 1 10
45 1 54
17 1 49
40 1 63
78 2 93
28 2 10
10 2 7
16 1 7
40 1 72
25 1 35
7 1 111
16 1 12
40 1 86
96 2 12
53 1 40
48 1 3
53 2 36
62 1 40
54 2 40
110 2 7
56 2 84
40 1 53
96 2 14
34 1 30
49 2 56
28 2 7
102 2 98
111 2 7
40 1 36
10 2 26
28 2 55
27 1 17
45 1 20
37 1 42
15 1 33
35 1 33
64 1 56
37 1 27
15 1 12
16 1 14
98 2 75
51 1 26
48 1 75
10 2 20
81 1 30
22 2 10
73 1 40
76 2 77
7 2 28
57 2 42
18 1 15
10 2 80
51 1 50
53 1 51
48 1 93
64 1 31
36 1 30
3 2 78
15 1 14
31 1 25
57 2 59
15 1 7
78 1 4
16 1 15
46 1 10
17 1 7
53 1 37
102 1 14
72 2 63
30 1 24
56 2 62
51 1 56
56 2 50
16 1 10
7 2 54
52 2 57
35 1 7
73 1 7
1 2 2
26 2 31
57 2 63
28 2 22
85 1 84
93 1 1
26 1 25
14 1 13
12 2 7
31 2 84
36 1 25
85 2 40
3 1 2
7 2 20
73 1 54
31 2 37
30 1 28
7 2 23
24 1 7
57 1 25
51 1 49
? 1 github_cpp_program_data/6/407.cpp

23 2 10
15 1 23
29 2 7
10 2 81
26 1 22
23 1 34
42 1 31
12 1 7
23 2 7
26 1 28
53 2 42
25 1 22
34 1 30
23 1 32
30 1 35
33 1 34
33 2 7
28 2 10
25 1 28
28 2 24
85 1 49
49 1 30
24 1 10
37 1 57
55 2 7
40 1 52
25 1 55
48 1 53
15 1 33
34 1 25
35 1 33
25 1 10
80 1 25
29 2 10
10 7 7
81 1 30
37 1 27
35 2 55
15 1 12
31 1 22
10 2 28
51 1 26
26 1 30
85 2 37
24 2 29
31 2 38
33 1 32
10 1 81
7 1 80
42 1 38
7 2 10
30 1 22
32 1 25
25 2 28
49 1 28
10 2 80
81 1 25
53 1 51
25 1 7
52 2 53
10 1 80
22 2 10
24 1 23
30 1 10
38 1 40
12 2 10
48 1 42
32 1 30
7 2 81
15 1 10
10 2 33
52 1 25
31 1 25
31 1 30
15 1 7
30 1 28
22 2 35
7 2 80
53 1 37
30 1 29
48 1 52
30 1 24
25 1 24
22 2 24
34 2 32
86 1 85
22 2 25
30 1 7
25 1 29
52 1 30
48 1 86
49 1 25
10 2 23
28 2 7
26 1 25
32 2 34
7 7 10
35 1 10
7 2 22
27 1 15
30 1 55
30 2 22
80 1 30
86 1 37
51 2 37
42 2 86
7 2 28
7 1 81
7 2 23
24 1 7
57 1 25
28 2 30
10 2 7
? 1 github_cpp_program_data/6/427.cpp

57 1 30
51 2 40
10 2 22
53 1 85
17 1 12
37 1 86
62 1 37
56 1 30
101 2 27
24 2 35
23 1 34
42 1 31
64 1 62
56 1 25
52 2 63
40 1 82
25 1 22
53 1 37
99 1 24
23 1 32
30 1 35
10 2 54
45 1 54
6 1 5
37 1 57
24 1 33
22 2 7
49 1 17
40 1 52
45 1 14
86 1 51
14 2 10
4 2 5
7 4 10
15 2 17
14 2 7
25 1 10
80 1 25
101 1 10
26 2 56
63 2 27
17 1 23
50 1 25
16 2 18
18 1 17
53 2 57
26 1 30
85 2 37
31 2 38
33 1 32
27 2 45
7 1 80
42 1 38
20 2 99
30 1 22
14 1 10
99 1 35
35 1 23
7 2 20
81 1 25
10 2 81
101 1 40
63 2 57
7 7 10
84 1 25
17 1 26
22 2 10
27 2 101
14 1 7
38 1 40
22 2 29
82 1 63
32 1 30
7 2 81
15 1 10
10 2 33
12 2 10
10 1 33
26 2 31
7 2 80
40 1 59
7 2 33
30 1 29
49 1 30
53 2 42
34 1 25
32 1 25
10 1 7
49 2 31
51 1 31
10 7 7
85 1 56
48 1 101
37 1 63
10 2 23
28 2 7
32 2 34
7 1 22
49 1 25
25 1 28
37 1 126
3 2 6
30 1 55
75 1 46
20 1 16
27 2 63
26 1 17
42 1 56
17 1 49
40 1 63
22 2 55
63 2 64
52 2 42
25 1 35
28 2 55
37 1 52
25 1 7
75 2 27
12 1 10
48 1 3
31 2 50
54 2 40
12 1 7
56 2 84
40 1 53
34 1 30
90 1 99
33 1 34
28 2 10
90 1 7
90 1 20
27 1 17
82 1 90
57 2 59
24 1 10
10 5 7
37 1 42
10 2 28
40 1 27
10 1 28
48 1 27
35 1 33
27 1 15
64 1 56
86 1 40
90 1 37
7 2 26
51 2 37
3 1 1
38 2 41
15 1 12
7 2 22
15 1 26
10 2 40
51 1 26
48 1 75
17 2 15
40 1 57
57 2 27
10 2 49
81 1 30
17 1 10
12 1 19
56 2 38
19 2 10
25 1 55
46 1 7
20 1 18
26 1 15
10 2 80
51 1 50
53 1 51
99 2 37
63 1 17
10 1 80
40 1 64
10 4 7
57 2 52
48 1 45
80 1 30
34 2 32
24 1 23
30 1 10
6 2 75
15 1 14
45 1 40
52 1 25
7 2 49
10 1 81
15 1 7
17 1 14
48 1 6
16 1 15
40 1 125
17 1 7
85 1 26
56 2 62
25 1 24
40 1 42
63 1 15
52 2 57
35 1 7
30 1 7
1 2 2
25 1 29
52 1 30
7 5 10
85 1 84
7 2 23
26 1 25
50 1 30
27 2 53
12 2 7
35 1 10
31 1 25
6 1 4
18 2 16
31 1 30
3 1 2
41 1 37
15 1 49
7 2 28
30 1 28
45 1 10
42 1 41
7 1 10
7 1 81
63 2 90
24 1 7
57 1 25
51 1 49
35 2 24
? 1 github_cpp_program_data/6/476.cpp

23 2 10
15 1 23
29 2 7
10 2 81
26 1 22
23 1 34
42 1 31
12 1 7
23 2 7
26 1 28
53 2 42
25 1 22
34 1 30
23 1 32
30 1 35
33 1 34
33 2 7
28 2 10
25 1 28
28 2 24
85 1 49
49 1 30
24 1 10
37 1 57
55 2 7
40 1 52
25 1 55
48 1 53
15 1 33
34 1 25
35 1 33
25 1 10
80 1 25
29 2 10
10 7 7
81 1 30
37 1 27
35 2 55
15 1 12
31 1 22
10 2 28
51 1 26
26 1 30
85 2 37
24 2 29
31 2 38
33 1 32
10 1 81
7 1 80
42 1 38
7 2 10
30 1 22
32 1 25
25 2 28
49 1 28
10 2 80
81 1 25
53 1 51
25 1 7
52 2 53
10 1 80
22 2 10
24 1 23
30 1 10
38 1 40
12 2 10
48 1 42
32 1 30
7 2 81
15 1 10
10 2 33
52 1 25
31 1 25
31 1 30
15 1 7
30 1 28
22 2 35
7 2 80
53 1 37
30 1 29
48 1 52
30 1 24
25 1 24
22 2 24
34 2 32
86 1 85
22 2 25
30 1 7
25 1 29
52 1 30
48 1 86
49 1 25
10 2 23
28 2 7
26 1 25
32 2 34
7 7 10
35 1 10
7 2 22
27 1 15
30 1 55
30 2 22
80 1 30
86 1 37
51 2 37
42 2 86
7 2 28
7 1 81
7 2 23
24 1 7
57 1 25
28 2 30
10 2 7
? 1 github_cpp_program_data/6/517.cpp

57 1 30
51 2 40
19 2 7
49 1 15
53 1 85
17 1 12
37 1 86
56 1 30
10 2 22
23 1 34
42 1 31
45 1 7
37 1 39
25 1 22
53 1 37
54 1 16
18 1 17
36 6 45
84 1 30
63 2 45
85 1 49
7 4 10
49 1 30
37 1 57
10 2 49
22 2 7
49 1 17
26 1 30
45 1 14
86 1 51
14 2 10
39 1 30
14 2 7
25 1 10
80 1 25
85 2 40
20 2 40
26 2 56
7 2 28
16 2 18
23 1 32
15 1 26
85 2 37
31 2 38
33 1 32
56 2 84
42 1 38
30 1 22
65 2 7
32 1 25
7 1 80
81 1 25
63 2 42
45 1 12
10 2 81
31 2 50
14 1 65
36 1 25
7 7 10
84 1 25
17 1 26
22 2 10
14 1 7
56 1 25
38 1 40
17 1 14
32 1 30
7 2 81
28 2 22
10 2 33
12 2 10
10 1 33
26 2 31
7 2 80
30 1 29
37 1 53
14 1 10
86 1 85
10 1 7
49 2 31
51 1 31
75 2 98
22 2 24
85 1 56
49 1 25
10 2 23
16 1 17
32 2 34
31 1 25
37 1 63
63 2 75
98 1 7
25 1 28
98 1 12
30 1 55
75 1 46
80 1 30
86 2 39
26 1 17
45 2 73
17 1 49
28 2 10
54 2 37
25 1 35
48 1 98
37 1 52
81 2 80
48 1 3
7 1 22
12 1 7
40 1 53
34 1 30
49 2 56
28 2 7
20 2 37
33 1 34
40 1 36
10 2 26
28 2 55
12 1 10
10 1 22
45 1 20
24 1 10
10 5 7
37 1 42
40 1 27
25 1 55
48 1 27
10 4 7
35 1 33
27 1 15
86 1 40
7 2 26
51 2 37
3 1 1
15 1 12
53 2 57
40 1 52
10 2 28
51 1 26
48 1 75
10 2 20
7 2 49
81 1 30
17 1 10
12 1 19
10 1 28
3 2 27
20 1 18
39 6 73
26 1 15
10 2 80
51 1 50
53 1 51
25 1 7
63 1 17
10 1 80
45 1 37
27 2 52
48 1 45
20 1 16
34 2 32
57 2 86
30 1 10
48 1 63
15 1 14
73 2 45
45 1 40
52 1 25
7 2 22
31 1 30
15 1 7
16 1 15
46 1 10
17 1 7
85 1 26
25 1 24
10 7 7
63 1 15
7 2 54
28 2 35
27 2 63
30 1 7
73 1 7
1 2 2
25 1 29
52 1 30
7 5 10
15 1 10
85 1 84
73 1 14
26 1 25
50 1 30
12 2 7
10 1 23
35 1 10
24 1 23
10 1 81
3 1 2
7 2 20
15 1 49
73 1 54
98 2 27
48 1 73
45 1 10
30 1 28
7 1 10
7 1 81
7 2 23
24 1 7
73 1 37
51 1 49
? 1 github_cpp_program_data/6/533.cpp

51 2 40
49 1 15
53 1 85
56 1 30
10 2 22
23 1 34
42 1 31
37 1 39
49 1 25
25 1 22
85 1 26
85 1 49
7 4 10
49 1 30
7 5 10
37 1 57
24 1 33
22 2 7
49 1 17
26 1 30
86 1 51
14 2 10
39 1 30
14 2 7
25 1 10
80 1 25
85 2 40
26 2 56
63 2 27
50 1 25
76 2 40
23 1 32
27 2 86
15 1 26
85 2 37
31 2 38
33 1 32
27 1 17
56 2 84
42 1 38
7 2 10
30 1 22
14 1 10
12 2 10
81 1 25
10 2 81
31 2 50
52 2 53
36 1 25
63 2 57
84 1 25
17 1 26
14 1 7
38 1 40
22 2 29
17 1 14
7 2 81
15 1 10
10 2 33
7 1 80
30 1 28
25 1 29
7 2 80
30 1 29
48 1 52
32 1 25
86 1 85
35 1 23
49 2 31
51 1 31
22 2 35
22 2 24
85 1 56
37 1 63
10 2 23
30 2 53
32 2 34
38 2 41
7 7 10
30 1 55
63 1 15
80 1 30
86 1 37
26 1 17
17 1 49
40 1 63
28 2 10
10 2 7
25 1 35
37 1 52
22 2 76
53 1 40
86 2 53
12 1 7
40 1 53
34 1 30
49 2 56
28 2 7
33 1 34
40 1 36
10 2 26
28 2 55
12 1 10
30 1 40
30 1 76
24 1 10
40 1 27
25 1 55
48 1 27
48 1 53
7 2 49
25 1 28
10 2 49
7 2 26
37 1 27
15 1 12
40 1 30
10 2 28
51 1 26
40 1 57
53 2 27
81 1 30
17 1 10
22 2 10
7 2 28
26 1 15
10 2 80
51 1 50
53 1 51
25 1 7
10 1 80
10 4 7
15 1 49
30 1 10
48 1 42
48 1 63
76 1 7
40 1 86
7 2 22
10 1 81
15 1 7
17 1 7
53 1 37
25 1 24
10 7 7
86 2 42
52 2 57
27 2 63
30 1 7
26 2 31
52 1 30
48 1 86
63 2 86
85 1 84
76 1 23
26 1 25
50 1 30
52 1 25
12 2 7
35 1 10
31 1 25
31 1 30
41 1 37
53 2 63
27 2 57
51 2 37
42 1 41
7 1 10
7 1 81
7 2 23
57 1 25
51 1 49
? 1 github_cpp_program_data/6/548.cpp

51 2 40
49 1 15
53 1 85
56 1 30
10 2 22
23 1 34
42 1 31
37 1 39
49 1 25
25 1 22
85 1 26
85 1 49
7 4 10
49 1 30
7 5 10
37 1 57
24 1 33
22 2 7
49 1 17
26 1 30
86 1 51
14 2 10
39 1 30
14 2 7
25 1 10
80 1 25
85 2 40
26 2 56
63 2 27
50 1 25
76 2 40
23 1 32
27 2 86
15 1 26
85 2 37
31 2 38
33 1 32
27 1 17
56 2 84
42 1 38
7 2 10
30 1 22
14 1 10
12 2 10
81 1 25
10 2 81
31 2 50
52 2 53
36 1 25
63 2 57
84 1 25
17 1 26
14 1 7
38 1 40
22 2 29
17 1 14
7 2 81
15 1 10
10 2 33
7 1 80
30 1 28
25 1 29
7 2 80
30 1 29
48 1 52
32 1 25
86 1 85
35 1 23
49 2 31
51 1 31
22 2 35
22 2 24
85 1 56
37 1 63
10 2 23
30 2 53
32 2 34
38 2 41
7 7 10
30 1 55
63 1 15
80 1 30
86 1 37
26 1 17
17 1 49
40 1 63
28 2 10
10 2 7
25 1 35
37 1 52
22 2 76
53 1 40
86 2 53
12 1 7
40 1 53
34 1 30
49 2 56
28 2 7
33 1 34
40 1 36
10 2 26
28 2 55
12 1 10
30 1 40
30 1 76
24 1 10
40 1 27
25 1 55
48 1 27
48 1 53
7 2 49
25 1 28
10 2 49
7 2 26
37 1 27
15 1 12
40 1 30
10 2 28
51 1 26
40 1 57
53 2 27
81 1 30
17 1 10
22 2 10
7 2 28
26 1 15
10 2 80
51 1 50
53 1 51
25 1 7
10 1 80
10 4 7
15 1 49
30 1 10
48 1 42
48 1 63
76 1 7
40 1 86
7 2 22
10 1 81
15 1 7
17 1 7
53 1 37
25 1 24
10 7 7
86 2 42
52 2 57
27 2 63
30 1 7
26 2 31
52 1 30
48 1 86
63 2 86
85 1 84
76 1 23
26 1 25
50 1 30
52 1 25
12 2 7
35 1 10
31 1 25
31 1 30
41 1 37
53 2 63
27 2 57
51 2 37
42 1 41
7 1 10
7 1 81
7 2 23
57 1 25
51 1 49
? 1 github_cpp_program_data/6/578.cpp

57 1 30
51 2 40
10 2 22
53 1 85
17 1 12
37 1 86
62 1 37
56 1 30
101 2 27
24 2 35
23 1 34
42 1 31
64 1 62
56 1 25
52 2 63
40 1 82
25 1 22
53 1 37
99 1 24
23 1 32
30 1 35
10 2 54
45 1 54
6 1 5
37 1 57
24 1 33
22 2 7
49 1 17
40 1 52
45 1 14
86 1 51
14 2 10
4 2 5
7 4 10
15 2 17
14 2 7
25 1 10
80 1 25
101 1 10
26 2 56
63 2 27
17 1 23
50 1 25
16 2 18
18 1 17
53 2 57
26 1 30
85 2 37
31 2 38
33 1 32
27 2 45
7 1 80
42 1 38
20 2 99
30 1 22
14 1 10
99 1 35
35 1 23
7 2 20
81 1 25
10 2 81
101 1 40
63 2 57
7 7 10
84 1 25
17 1 26
22 2 10
27 2 101
14 1 7
38 1 40
22 2 29
82 1 63
32 1 30
7 2 81
15 1 10
10 2 33
12 2 10
10 1 33
26 2 31
7 2 80
40 1 59
7 2 33
30 1 29
49 1 30
53 2 42
34 1 25
32 1 25
10 1 7
49 2 31
51 1 31
10 7 7
85 1 56
48 1 101
37 1 63
10 2 23
28 2 7
32 2 34
7 1 22
49 1 25
25 1 28
37 1 126
3 2 6
30 1 55
75 1 46
20 1 16
27 2 63
26 1 17
42 1 56
17 1 49
40 1 63
22 2 55
63 2 64
52 2 42
25 1 35
28 2 55
37 1 52
25 1 7
75 2 27
12 1 10
48 1 3
31 2 50
54 2 40
12 1 7
56 2 84
40 1 53
34 1 30
90 1 99
33 1 34
28 2 10
90 1 7
90 1 20
27 1 17
82 1 90
57 2 59
24 1 10
10 5 7
37 1 42
10 2 28
40 1 27
10 1 28
48 1 27
35 1 33
27 1 15
64 1 56
86 1 40
90 1 37
7 2 26
51 2 37
3 1 1
38 2 41
15 1 12
7 2 22
15 1 26
10 2 40
51 1 26
48 1 75
17 2 15
40 1 57
57 2 27
10 2 49
81 1 30
17 1 10
12 1 19
56 2 38
19 2 10
25 1 55
46 1 7
20 1 18
26 1 15
10 2 80
51 1 50
53 1 51
99 2 37
63 1 17
10 1 80
40 1 64
10 4 7
57 2 52
48 1 45
80 1 30
34 2 32
24 1 23
30 1 10
6 2 75
15 1 14
45 1 40
52 1 25
7 2 49
10 1 81
15 1 7
17 1 14
48 1 6
16 1 15
40 1 125
17 1 7
85 1 26
56 2 62
25 1 24
40 1 42
63 1 15
52 2 57
35 1 7
30 1 7
1 2 2
25 1 29
52 1 30
7 5 10
85 1 84
7 2 23
26 1 25
50 1 30
27 2 53
12 2 7
35 1 10
31 1 25
6 1 4
18 2 16
31 1 30
3 1 2
41 1 37
15 1 49
7 2 28
30 1 28
45 1 10
42 1 41
7 1 10
7 1 81
63 2 90
24 1 7
57 1 25
51 1 49
35 2 24
? 1 github_cpp_program_data/6/626.cpp

23 2 10
15 1 23
29 2 7
10 2 81
26 1 22
23 1 34
42 1 31
12 1 7
23 2 7
26 1 28
53 2 42
25 1 22
34 1 30
23 1 32
30 1 35
33 1 34
33 2 7
28 2 10
25 1 28
28 2 24
85 1 49
49 1 30
24 1 10
37 1 57
55 2 7
40 1 52
25 1 55
48 1 53
15 1 33
34 1 25
35 1 33
25 1 10
80 1 25
29 2 10
10 7 7
81 1 30
37 1 27
35 2 55
15 1 12
31 1 22
10 2 28
51 1 26
26 1 30
85 2 37
24 2 29
31 2 38
33 1 32
10 1 81
7 1 80
42 1 38
7 2 10
30 1 22
32 1 25
25 2 28
49 1 28
10 2 80
81 1 25
53 1 51
25 1 7
52 2 53
10 1 80
22 2 10
24 1 23
30 1 10
38 1 40
12 2 10
48 1 42
32 1 30
7 2 81
15 1 10
10 2 33
52 1 25
31 1 25
31 1 30
15 1 7
30 1 28
22 2 35
7 2 80
53 1 37
30 1 29
48 1 52
30 1 24
25 1 24
22 2 24
34 2 32
86 1 85
22 2 25
30 1 7
25 1 29
52 1 30
48 1 86
49 1 25
10 2 23
28 2 7
26 1 25
32 2 34
7 7 10
35 1 10
7 2 22
27 1 15
30 1 55
30 2 22
80 1 30
86 1 37
51 2 37
42 2 86
7 2 28
7 1 81
7 2 23
24 1 7
57 1 25
28 2 30
10 2 7
? 1 github_cpp_program_data/6/7.cpp

