37 1 63
7 7 10
20 1 18
10 2 26
90 1 99
30 1 35
27 2 63
12 1 11
51 2 40
22 2 7
14 2 10
10 1 81
98 2 73
63 2 52
75 1 46
65 2 10
82 1 73
14 1 7
45 2 73
24 1 23
95 2 63
98 2 102
37 1 52
7 2 13
9 2 83
35 1 33
17 1 26
7 1 33
98 1 7
62 1 37
8 1 4
24 2 28
7 1 110
35 2 22
63 1 15
17 2 15
53 1 51
7 2 23
57 2 36
40 1 63
83 1 37
84 1 30
7 5 10
18 1 14
51 1 26
48 1 75
63 2 86
40 1 42
26 1 25
98 1 10
16 1 17
56 1 30
7 2 22
15 1 12
63 2 53
40 1 52
18 1 15
8 2 75
3 2 8
4 2 5
42 1 43
49 1 30
25 1 10
14 1 13
80 1 30
28 2 24
96 2 7
42 1 31
45 1 10
10 2 28
81 1 30
106 1 102
14 1 10
56 1 25
85 1 26
102 1 14
26 2 31
20 1 16
98 1 12
65 2 14
42 1 38
27 2 52
23 1 34
48 1 8
73 1 12
45 1 14
30 1 29
28 2 29
40 1 36
64 1 41
106 1 73
84 1 25
30 1 55
52 2 64
10 1 22
15 1 26
7 1 28
111 2 10
16 1 15
110 2 10
52 2 42
65 2 37
30 1 7
10 5 7
40 1 57
57 2 52
25 1 22
73 1 40
54 1 16
37 1 98
102 1 7
23 1 32
15 1 14
48 1 101
3 1 1
85 1 84
22 2 35
63 2 64
48 1 45
63 1 17
25 1 55
37 1 105
73 1 14
47 1 7
7 2 20
15 1 7
45 1 40
40 1 64
31 2 38
24 1 33
48 1 3
34 1 25
25 1 7
19 2 40
46 1 10
101 1 100
7 1 23
16 1 10
85 1 49
40 1 106
53 2 86
90 2 45
17 1 14
17 1 23
100 2 7
27 2 57
55 2 22
51 1 50
7 2 33
25 1 29
18 1 17
90 1 54
7 2 80
10 2 13
22 2 24
37 1 102
100 1 54
7 2 11
35 1 10
52 2 57
48 1 6
52 2 53
37 1 86
63 2 98
22 2 55
12 2 7
14 2 7
30 1 24
7 1 80
57 1 30
65 2 7
10 2 20
52 1 25
63 2 27
15 1 23
37 1 27
41 1 40
35 2 28
14 1 65
99 1 24
56 2 62
31 2 62
33 1 34
51 1 56
85 1 56
50 1 25
17 1 12
105 1 27
82 1 90
62 2 41
82 2 105
31 1 25
90 1 37
75 2 9
28 2 55
73 2 45
82 1 45
99 1 35
17 1 49
79 2 82
73 1 37
10 2 80
105 1 63
64 2 52
28 2 35
20 2 37
35 1 23
30 1 28
7 1 22
64 1 62
7 2 26
54 2 65
101 1 40
28 2 10
12 1 19
7 2 81
52 1 30
73 1 7
86 1 40
20 2 19
24 1 7
45 1 54
10 2 49
85 1 31
10 1 80
18 2 16
79 1 98
32 1 25
17 1 10
25 1 35
73 1 10
26 1 30
53 1 40
10 2 54
34 2 32
31 1 30
33 1 32
65 2 40
15 1 10
10 1 111
64 1 56
101 1 7
37 1 53
15 1 33
38 1 37
50 1 30
30 1 22
6 1 4
73 1 65
26 2 56
96 1 20
7 2 49
10 1 110
111 2 7
10 1 23
35 1 7
32 2 34
24 2 22
12 1 10
37 1 79
19 2 7
37 1 64
7 4 10
10 1 33
99 2 37
10 7 7
49 2 31
52 2 63
54 1 18
12 1 13
1 2 2
7 1 10
6 2 3
49 1 25
7 2 37
49 2 56
85 2 40
32 1 30
22 2 29
45 1 7
86 2 27
3 2 6
24 1 10
48 1 83
9 1 1
73 1 54
14 1 19
98 2 27
10 4 7
48 1 9
57 1 25
15 2 17
106 1 98
86 1 85
10 2 23
12 1 65
64 1 31
101 2 45
81 1 25
27 1 15
45 1 19
40 1 53
27 2 102
90 1 7
3 1 2
51 2 37
31 2 84
24 2 35
7 1 81
56 2 84
17 1 7
36 6 45
54 2 99
38 1 40
102 1 10
35 2 24
27 1 17
10 1 28
18 1 10
45 1 20
53 1 37
56 2 50
57 2 63
95 1 47
98 1 14
22 2 10
83 2 101
54 2 40
36 1 30
28 2 22
30 1 10
19 2 37
38 2 43
10 2 33
7 2 28
12 1 7
10 2 81
6 1 5
73 1 20
19 2 10
52 2 27
34 1 30
10 2 22
37 1 57
37 1 82
8 1 7
12 2 10
25 1 24
43 1 37
83 1 96
10 2 11
16 2 18
40 1 95
45 1 37
7 2 40
25 1 28
14 1 11
83 1 7
4 2 7
102 2 63
7 1 111
7 2 54
79 1 102
80 1 25
102 2 98
28 2 7
10 1 7
16 1 12
? 1 github_cpp_program_data/1/114.cpp

37 1 63
7 7 10
20 1 18
7 1 33
30 1 35
27 2 63
73 1 37
22 2 7
14 2 10
10 1 81
28 2 35
20 2 37
35 1 23
75 1 46
30 1 28
3 2 6
10 1 22
14 1 7
45 2 73
24 1 23
6 1 5
22 2 55
37 1 52
52 1 30
35 1 33
7 2 80
17 1 49
24 1 7
57 1 25
10 2 49
10 1 80
18 2 16
53 1 51
7 2 23
32 1 25
17 1 10
25 1 35
73 1 10
7 5 10
32 2 34
10 2 54
51 1 26
48 1 75
37 1 42
34 2 32
31 1 30
72 1 40
33 1 32
26 1 25
75 2 45
15 1 7
24 1 10
56 1 25
7 2 22
15 1 12
15 1 33
50 1 30
40 1 52
7 1 80
30 1 10
7 2 28
10 2 23
4 2 5
10 2 80
25 1 10
46 1 7
80 1 30
28 2 24
42 1 31
45 1 10
10 2 28
10 1 23
35 1 7
40 1 27
12 1 10
81 1 30
14 1 10
57 2 27
7 4 10
31 2 40
16 1 15
42 1 38
10 7 7
48 1 73
54 1 18
1 2 2
24 1 33
72 1 31
7 1 10
63 2 52
6 2 3
73 1 12
49 1 25
22 2 24
10 2 81
30 1 29
32 1 30
28 2 10
22 2 29
52 2 53
27 2 72
45 1 7
30 1 55
10 2 20
20 1 16
20 2 40
7 1 28
37 1 72
54 2 37
15 1 10
30 1 7
10 5 7
40 1 57
57 2 52
10 4 7
25 1 22
54 1 16
23 1 32
27 1 15
15 1 14
3 1 1
40 1 53
48 1 45
63 1 17
3 1 2
51 2 37
25 1 55
73 2 45
7 1 81
7 2 20
17 1 7
45 1 40
17 1 14
45 1 12
38 1 40
48 1 3
34 1 25
25 1 7
23 1 34
7 1 23
10 1 28
45 1 20
53 1 37
56 2 50
22 2 10
27 2 57
51 1 50
7 2 33
25 1 29
45 1 14
34 1 30
10 2 33
7 2 81
12 1 7
35 1 10
52 2 57
48 1 6
40 1 63
26 2 56
12 2 7
14 2 7
30 1 24
30 1 22
57 1 30
10 2 22
37 1 57
52 1 25
63 2 27
12 2 10
37 1 27
25 1 24
31 2 38
16 2 18
45 1 37
81 1 25
25 1 28
3 2 75
33 1 34
73 1 54
51 1 56
17 1 12
28 2 7
10 1 7
6 1 4
18 1 17
80 1 25
? 1 github_cpp_program_data/1/153.cpp

37 1 63
7 7 10
28 2 55
20 1 18
10 2 26
7 1 33
72 1 56
27 2 63
12 1 11
73 1 37
22 2 7
14 2 10
15 1 49
28 2 35
20 2 37
35 1 23
30 1 28
7 1 22
14 1 7
31 2 84
45 2 73
24 1 23
7 2 26
22 2 55
12 1 19
37 1 52
7 2 13
73 1 7
35 1 33
17 1 49
24 1 7
10 2 49
24 2 28
85 1 31
35 2 22
73 1 10
53 1 51
7 2 23
32 1 25
17 1 10
84 1 30
36 6 73
7 5 10
10 2 54
51 1 26
31 1 30
72 1 40
68 1 42
33 1 32
38 2 68
17 1 7
24 1 10
14 2 7
64 1 56
7 2 22
15 1 12
38 1 37
50 1 30
63 2 53
40 1 52
52 2 27
45 1 12
7 2 28
10 2 23
49 1 30
7 2 49
14 1 13
28 2 24
64 1 38
42 1 31
45 1 10
10 2 28
10 1 23
35 1 7
40 1 27
24 2 22
12 1 10
37 1 57
14 1 10
56 1 25
19 2 7
37 1 64
62 1 40
85 1 26
40 1 86
7 4 10
26 2 31
20 1 16
16 1 15
25 1 13
48 1 73
12 1 13
30 1 35
1 2 2
23 1 34
7 1 10
63 2 52
63 2 86
57 1 25
22 2 24
7 2 11
52 1 30
30 1 29
34 1 30
42 1 62
22 2 29
40 1 36
64 1 68
45 1 7
30 1 55
10 1 22
20 2 40
7 1 28
37 1 72
73 1 14
15 1 10
56 1 30
57 2 72
30 1 7
10 5 7
40 1 57
57 2 52
10 4 7
25 1 22
73 1 40
54 2 37
23 1 32
27 1 15
15 1 14
56 2 40
25 1 11
3 1 1
53 2 57
85 1 84
22 2 35
86 1 85
40 1 53
48 1 45
63 1 17
31 2 50
3 1 2
51 2 37
24 1 33
25 1 55
73 2 45
7 2 20
15 1 7
45 1 40
17 1 14
28 2 10
25 1 10
34 1 25
25 1 7
86 1 37
15 1 26
10 1 28
45 1 20
53 1 37
22 2 10
54 2 40
36 1 30
51 1 50
28 2 22
7 2 33
30 1 10
22 2 28
10 2 13
10 2 33
12 1 7
35 1 10
52 2 57
40 1 63
25 1 35
26 1 30
12 2 7
48 1 3
30 1 24
30 1 22
57 1 30
56 2 38
10 2 22
10 2 20
52 1 25
12 2 10
37 1 27
25 1 24
25 1 29
35 2 28
10 2 11
16 2 18
45 1 37
85 2 37
25 1 28
14 1 11
31 2 62
32 1 30
33 1 34
7 2 54
73 1 54
3 2 45
17 1 12
51 1 31
28 2 7
10 1 7
18 1 17
31 1 25
? 1 github_cpp_program_data/1/154.cpp

? 1 github_cpp_program_data/1/169.cpp

37 1 63
7 7 10
90 1 37
39 1 30
28 2 55
20 1 18
82 1 45
90 1 99
100 2 14
101 1 96
118 1 40
101 2 118
73 1 37
9 2 57
22 2 7
106 1 112
42 2 39
10 1 81
41 2 52
20 2 37
35 1 23
40 1 8
102 2 27
30 1 28
65 2 10
7 1 22
14 1 7
45 2 73
24 1 23
7 2 26
57 2 41
82 1 27
57 2 42
28 2 10
52 1 30
73 1 7
12 2 10
10 1 11
35 1 33
17 1 26
7 1 33
24 1 7
45 1 54
112 2 73
24 2 28
10 1 80
63 1 15
96 2 19
18 2 16
52 2 98
7 2 23
32 1 25
6 2 101
48 1 118
17 1 10
73 1 10
25 1 7
117 2 40
118 1 10
40 1 9
106 2 79
7 5 10
6 1 4
3 2 6
97 2 40
10 2 54
12 1 10
27 2 102
37 1 42
34 2 32
112 1 54
54 2 37
33 1 32
8 1 1
98 1 10
15 1 7
16 1 17
24 1 10
16 1 14
36 6 45
101 1 7
12 1 65
15 1 12
15 1 33
102 1 12
32 2 34
40 1 52
7 1 80
30 1 10
18 1 15
7 2 28
6 1 5
4 2 5
10 2 80
38 1 40
102 2 63
14 1 10
80 1 30
30 1 35
14 2 10
22 2 35
96 2 7
42 1 31
37 1 52
10 2 28
10 1 23
36 1 25
35 1 7
18 1 14
11 2 81
81 1 30
17 1 33
19 2 7
57 2 27
118 2 45
16 2 18
102 1 14
7 4 10
20 1 16
16 1 15
10 1 33
99 2 37
42 1 38
40 1 41
48 1 73
54 1 18
12 1 13
73 1 100
97 1 10
27 2 52
24 1 33
45 2 27
7 1 10
6 2 3
73 1 12
57 1 25
45 1 14
7 2 11
45 1 19
30 1 29
28 2 29
32 1 30
37 1 39
63 2 57
45 1 7
106 1 73
30 1 55
10 1 22
39 6 73
19 2 12
7 1 28
57 1 30
15 1 10
98 1 12
112 1 117
112 1 7
101 1 37
9 1 1
30 1 7
10 5 7
14 1 19
40 1 57
57 2 52
10 4 7
25 1 22
79 1 63
54 1 16
37 1 98
102 1 7
45 1 100
1 2 7
23 1 32
27 1 15
15 1 14
48 1 101
10 2 23
73 1 14
3 1 1
118 1 97
7 2 22
106 1 98
100 1 20
117 1 35
48 1 45
18 1 7
3 1 2
29 2 22
25 1 55
45 1 96
100 2 12
7 1 81
1 2 2
7 2 20
17 1 7
45 1 40
22 2 10
54 2 99
45 1 12
25 1 10
102 1 10
34 1 25
118 1 96
19 2 40
54 2 117
23 1 34
27 1 17
7 1 23
10 1 28
18 1 10
16 1 10
7 2 13
10 2 97
40 1 106
90 1 10
41 1 4
90 2 45
17 1 14
52 2 8
17 1 23
55 2 22
98 2 63
48 1 3
28 2 22
7 2 33
25 1 29
90 1 54
10 2 13
10 2 33
37 1 102
7 2 81
12 1 7
35 1 10
52 2 57
48 1 6
52 2 9
25 1 35
26 1 30
73 1 20
12 2 7
7 2 37
14 2 7
30 1 24
37 1 36
30 1 22
34 1 30
10 2 22
37 1 57
52 1 25
37 1 82
63 2 27
8 1 7
96 1 20
37 1 27
25 1 24
31 2 38
97 1 65
35 2 28
112 1 40
10 2 11
54 2 19
40 1 79
45 1 37
98 2 112
99 1 24
81 1 25
25 1 28
14 1 11
18 1 12
33 1 34
96 2 10
7 2 54
73 1 54
35 2 22
16 1 12
17 1 12
14 1 13
8 2 57
28 2 7
10 1 7
82 1 90
18 1 17
16 1 7
31 1 25
? 1 github_cpp_program_data/1/194.cpp

37 1 63
20 1 18
7 1 33
27 2 63
51 2 40
73 1 37
10 2 80
14 2 10
10 1 81
28 2 35
63 2 52
75 1 46
30 1 28
3 2 6
10 1 22
14 1 7
45 2 73
24 1 23
7 2 26
6 1 5
28 2 10
52 1 30
51 1 56
12 1 7
35 1 33
17 1 49
24 1 7
35 2 22
63 1 15
53 1 51
7 2 23
32 1 25
17 1 10
25 1 35
73 1 10
36 6 73
7 5 10
53 1 40
10 2 54
51 1 26
48 1 75
31 1 30
54 2 37
33 1 32
26 1 25
75 2 45
15 1 7
73 1 54
52 2 36
7 2 22
30 1 24
15 1 12
38 1 37
40 1 52
30 1 22
30 1 10
7 2 28
10 2 23
4 2 5
22 2 7
49 1 30
25 1 10
7 2 49
30 1 35
7 1 23
42 1 31
37 1 52
10 2 28
10 1 23
35 1 7
40 1 27
12 1 10
81 1 30
14 1 10
7 4 10
20 1 16
16 1 15
10 1 33
42 1 38
48 1 73
1 2 2
23 1 34
72 1 31
7 1 10
25 1 24
25 1 22
22 2 24
26 1 17
30 1 29
40 1 42
32 1 30
50 1 25
52 2 53
45 1 7
30 1 55
7 1 22
20 2 40
73 1 14
24 1 10
30 1 7
10 5 7
57 2 52
10 4 7
57 1 25
23 1 32
27 1 15
15 1 14
3 1 1
81 1 25
22 2 35
15 1 10
28 2 7
63 1 17
3 1 2
25 1 55
7 1 81
7 2 20
17 1 7
45 1 40
45 1 12
72 1 37
48 1 3
34 1 25
25 1 7
15 1 26
10 1 28
45 1 20
56 2 50
6 2 75
22 2 10
27 2 57
36 1 30
51 1 50
7 2 33
25 1 29
34 1 30
10 2 33
40 1 72
7 2 81
7 2 11
35 1 10
52 2 57
48 1 6
40 1 63
26 2 56
12 2 7
14 2 7
37 1 53
37 1 36
7 1 80
57 1 30
10 2 22
37 1 57
52 1 25
12 2 10
37 1 27
6 2 3
31 2 38
56 1 30
16 2 18
52 2 72
25 1 28
14 1 11
31 2 37
33 1 34
32 2 34
46 1 7
10 1 80
31 1 25
17 1 12
48 1 45
10 1 7
6 1 4
18 1 17
80 1 25
? 1 github_cpp_program_data/1/200.cpp

37 1 63
7 7 10
90 1 37
39 1 30
28 2 55
20 1 18
82 1 45
90 1 99
100 2 14
101 1 96
118 1 40
101 2 118
73 1 37
9 2 57
22 2 7
106 1 112
42 2 39
10 1 81
41 2 52
20 2 37
35 1 23
40 1 8
102 2 27
30 1 28
65 2 10
7 1 22
14 1 7
45 2 73
24 1 23
7 2 26
57 2 41
82 1 27
57 2 42
28 2 10
52 1 30
73 1 7
12 2 10
10 1 11
35 1 33
17 1 26
7 1 33
24 1 7
45 1 54
112 2 73
24 2 28
10 1 80
63 1 15
96 2 19
18 2 16
52 2 98
7 2 23
32 1 25
6 2 101
48 1 118
17 1 10
73 1 10
25 1 7
117 2 40
118 1 10
40 1 9
106 2 79
7 5 10
6 1 4
3 2 6
97 2 40
10 2 54
12 1 10
27 2 102
37 1 42
34 2 32
112 1 54
54 2 37
33 1 32
8 1 1
98 1 10
15 1 7
16 1 17
24 1 10
16 1 14
36 6 45
101 1 7
12 1 65
15 1 12
15 1 33
102 1 12
32 2 34
40 1 52
7 1 80
30 1 10
18 1 15
7 2 28
6 1 5
4 2 5
10 2 80
38 1 40
102 2 63
14 1 10
80 1 30
30 1 35
14 2 10
22 2 35
96 2 7
42 1 31
37 1 52
10 2 28
10 1 23
36 1 25
35 1 7
18 1 14
11 2 81
81 1 30
17 1 33
19 2 7
57 2 27
118 2 45
16 2 18
102 1 14
7 4 10
20 1 16
16 1 15
10 1 33
99 2 37
42 1 38
40 1 41
48 1 73
54 1 18
12 1 13
73 1 100
97 1 10
27 2 52
24 1 33
45 2 27
7 1 10
6 2 3
73 1 12
57 1 25
45 1 14
7 2 11
45 1 19
30 1 29
28 2 29
32 1 30
37 1 39
63 2 57
45 1 7
106 1 73
30 1 55
10 1 22
39 6 73
19 2 12
7 1 28
57 1 30
15 1 10
98 1 12
112 1 117
112 1 7
101 1 37
9 1 1
30 1 7
10 5 7
14 1 19
40 1 57
57 2 52
10 4 7
25 1 22
79 1 63
54 1 16
37 1 98
102 1 7
45 1 100
1 2 7
23 1 32
27 1 15
15 1 14
48 1 101
10 2 23
73 1 14
3 1 1
118 1 97
7 2 22
106 1 98
100 1 20
117 1 35
48 1 45
18 1 7
3 1 2
29 2 22
25 1 55
45 1 96
100 2 12
7 1 81
1 2 2
7 2 20
17 1 7
45 1 40
22 2 10
54 2 99
45 1 12
25 1 10
102 1 10
34 1 25
118 1 96
19 2 40
54 2 117
23 1 34
27 1 17
7 1 23
10 1 28
18 1 10
16 1 10
7 2 13
10 2 97
40 1 106
90 1 10
41 1 4
90 2 45
17 1 14
52 2 8
17 1 23
55 2 22
98 2 63
48 1 3
28 2 22
7 2 33
25 1 29
90 1 54
10 2 13
10 2 33
37 1 102
7 2 81
12 1 7
35 1 10
52 2 57
48 1 6
52 2 9
25 1 35
26 1 30
73 1 20
12 2 7
7 2 37
14 2 7
30 1 24
37 1 36
30 1 22
34 1 30
10 2 22
37 1 57
52 1 25
37 1 82
63 2 27
8 1 7
96 1 20
37 1 27
25 1 24
31 2 38
97 1 65
35 2 28
112 1 40
10 2 11
54 2 19
40 1 79
45 1 37
98 2 112
99 1 24
81 1 25
25 1 28
14 1 11
18 1 12
33 1 34
96 2 10
7 2 54
73 1 54
35 2 22
16 1 12
17 1 12
14 1 13
8 2 57
28 2 7
10 1 7
82 1 90
18 1 17
16 1 7
31 1 25
? 1 github_cpp_program_data/1/212.cpp

? 1 github_cpp_program_data/1/224.cpp

37 1 63
7 7 10
90 1 37
39 1 30
28 2 55
20 1 18
82 1 45
90 1 99
100 2 14
101 1 96
118 1 40
101 2 118
73 1 37
9 2 57
22 2 7
106 1 112
42 2 39
10 1 81
41 2 52
20 2 37
35 1 23
40 1 8
102 2 27
30 1 28
65 2 10
7 1 22
14 1 7
45 2 73
24 1 23
7 2 26
57 2 41
82 1 27
57 2 42
28 2 10
52 1 30
73 1 7
12 2 10
10 1 11
35 1 33
17 1 26
7 1 33
24 1 7
45 1 54
112 2 73
24 2 28
10 1 80
63 1 15
96 2 19
18 2 16
52 2 98
7 2 23
32 1 25
6 2 101
48 1 118
17 1 10
73 1 10
25 1 7
117 2 40
118 1 10
40 1 9
106 2 79
7 5 10
6 1 4
3 2 6
97 2 40
10 2 54
12 1 10
27 2 102
37 1 42
34 2 32
112 1 54
54 2 37
33 1 32
8 1 1
98 1 10
15 1 7
16 1 17
24 1 10
16 1 14
36 6 45
101 1 7
12 1 65
15 1 12
15 1 33
102 1 12
32 2 34
40 1 52
7 1 80
30 1 10
18 1 15
7 2 28
6 1 5
4 2 5
10 2 80
38 1 40
102 2 63
14 1 10
80 1 30
30 1 35
14 2 10
22 2 35
96 2 7
42 1 31
37 1 52
10 2 28
10 1 23
36 1 25
35 1 7
18 1 14
11 2 81
81 1 30
17 1 33
19 2 7
57 2 27
118 2 45
16 2 18
102 1 14
7 4 10
20 1 16
16 1 15
10 1 33
99 2 37
42 1 38
40 1 41
48 1 73
54 1 18
12 1 13
73 1 100
97 1 10
27 2 52
24 1 33
45 2 27
7 1 10
6 2 3
73 1 12
57 1 25
45 1 14
7 2 11
45 1 19
30 1 29
28 2 29
32 1 30
37 1 39
63 2 57
45 1 7
106 1 73
30 1 55
10 1 22
39 6 73
19 2 12
7 1 28
57 1 30
15 1 10
98 1 12
112 1 117
112 1 7
101 1 37
9 1 1
30 1 7
10 5 7
14 1 19
40 1 57
57 2 52
10 4 7
25 1 22
79 1 63
54 1 16
37 1 98
102 1 7
45 1 100
1 2 7
23 1 32
27 1 15
15 1 14
48 1 101
10 2 23
73 1 14
3 1 1
118 1 97
7 2 22
106 1 98
100 1 20
117 1 35
48 1 45
18 1 7
3 1 2
29 2 22
25 1 55
45 1 96
100 2 12
7 1 81
1 2 2
7 2 20
17 1 7
45 1 40
22 2 10
54 2 99
45 1 12
25 1 10
102 1 10
34 1 25
118 1 96
19 2 40
54 2 117
23 1 34
27 1 17
7 1 23
10 1 28
18 1 10
16 1 10
7 2 13
10 2 97
40 1 106
90 1 10
41 1 4
90 2 45
17 1 14
52 2 8
17 1 23
55 2 22
98 2 63
48 1 3
28 2 22
7 2 33
25 1 29
90 1 54
10 2 13
10 2 33
37 1 102
7 2 81
12 1 7
35 1 10
52 2 57
48 1 6
52 2 9
25 1 35
26 1 30
73 1 20
12 2 7
7 2 37
14 2 7
30 1 24
37 1 36
30 1 22
34 1 30
10 2 22
37 1 57
52 1 25
37 1 82
63 2 27
8 1 7
96 1 20
37 1 27
25 1 24
31 2 38
97 1 65
35 2 28
112 1 40
10 2 11
54 2 19
40 1 79
45 1 37
98 2 112
99 1 24
81 1 25
25 1 28
14 1 11
18 1 12
33 1 34
96 2 10
7 2 54
73 1 54
35 2 22
16 1 12
17 1 12
14 1 13
8 2 57
28 2 7
10 1 7
82 1 90
18 1 17
16 1 7
31 1 25
? 1 github_cpp_program_data/1/23.cpp

37 1 63
7 7 10
20 1 18
7 1 33
30 1 35
27 2 63
73 1 37
22 2 7
14 2 10
10 1 81
28 2 35
20 2 37
35 1 23
75 1 46
30 1 28
3 2 6
10 1 22
14 1 7
45 2 73
24 1 23
6 1 5
22 2 55
37 1 52
52 1 30
35 1 33
7 2 80
17 1 49
24 1 7
57 1 25
10 2 49
10 1 80
18 2 16
53 1 51
7 2 23
32 1 25
17 1 10
25 1 35
73 1 10
7 5 10
32 2 34
10 2 54
51 1 26
48 1 75
37 1 42
34 2 32
31 1 30
72 1 40
33 1 32
26 1 25
75 2 45
15 1 7
24 1 10
56 1 25
7 2 22
15 1 12
15 1 33
50 1 30
40 1 52
7 1 80
30 1 10
7 2 28
10 2 23
4 2 5
10 2 80
25 1 10
46 1 7
80 1 30
28 2 24
42 1 31
45 1 10
10 2 28
10 1 23
35 1 7
40 1 27
12 1 10
81 1 30
14 1 10
57 2 27
7 4 10
31 2 40
16 1 15
42 1 38
10 7 7
48 1 73
54 1 18
1 2 2
24 1 33
72 1 31
7 1 10
63 2 52
6 2 3
73 1 12
49 1 25
22 2 24
10 2 81
30 1 29
32 1 30
28 2 10
22 2 29
52 2 53
27 2 72
45 1 7
30 1 55
10 2 20
20 1 16
20 2 40
7 1 28
37 1 72
54 2 37
15 1 10
30 1 7
10 5 7
40 1 57
57 2 52
10 4 7
25 1 22
54 1 16
23 1 32
27 1 15
15 1 14
3 1 1
40 1 53
48 1 45
63 1 17
3 1 2
51 2 37
25 1 55
73 2 45
7 1 81
7 2 20
17 1 7
45 1 40
17 1 14
45 1 12
38 1 40
48 1 3
34 1 25
25 1 7
23 1 34
7 1 23
10 1 28
45 1 20
53 1 37
56 2 50
22 2 10
27 2 57
51 1 50
7 2 33
25 1 29
45 1 14
34 1 30
10 2 33
7 2 81
12 1 7
35 1 10
52 2 57
48 1 6
40 1 63
26 2 56
12 2 7
14 2 7
30 1 24
30 1 22
57 1 30
10 2 22
37 1 57
52 1 25
63 2 27
12 2 10
37 1 27
25 1 24
31 2 38
16 2 18
45 1 37
81 1 25
25 1 28
3 2 75
33 1 34
73 1 54
51 1 56
17 1 12
28 2 7
10 1 7
6 1 4
18 1 17
80 1 25
? 1 github_cpp_program_data/1/234.cpp

37 1 63
7 7 10
28 2 55
20 1 18
10 2 26
7 1 33
72 1 56
27 2 63
12 1 11
73 1 37
22 2 7
14 2 10
15 1 49
28 2 35
20 2 37
35 1 23
30 1 28
7 1 22
14 1 7
31 2 84
45 2 73
24 1 23
7 2 26
22 2 55
12 1 19
37 1 52
7 2 13
73 1 7
35 1 33
17 1 49
24 1 7
10 2 49
24 2 28
85 1 31
35 2 22
73 1 10
53 1 51
7 2 23
32 1 25
17 1 10
84 1 30
36 6 73
7 5 10
10 2 54
51 1 26
31 1 30
72 1 40
68 1 42
33 1 32
38 2 68
17 1 7
24 1 10
14 2 7
64 1 56
7 2 22
15 1 12
38 1 37
50 1 30
63 2 53
40 1 52
52 2 27
45 1 12
7 2 28
10 2 23
49 1 30
7 2 49
14 1 13
28 2 24
64 1 38
42 1 31
45 1 10
10 2 28
10 1 23
35 1 7
40 1 27
24 2 22
12 1 10
37 1 57
14 1 10
56 1 25
19 2 7
37 1 64
62 1 40
85 1 26
40 1 86
7 4 10
26 2 31
20 1 16
16 1 15
25 1 13
48 1 73
12 1 13
30 1 35
1 2 2
23 1 34
7 1 10
63 2 52
63 2 86
57 1 25
22 2 24
7 2 11
52 1 30
30 1 29
34 1 30
42 1 62
22 2 29
40 1 36
64 1 68
45 1 7
30 1 55
10 1 22
20 2 40
7 1 28
37 1 72
73 1 14
15 1 10
56 1 30
57 2 72
30 1 7
10 5 7
40 1 57
57 2 52
10 4 7
25 1 22
73 1 40
54 2 37
23 1 32
27 1 15
15 1 14
56 2 40
25 1 11
3 1 1
53 2 57
85 1 84
22 2 35
86 1 85
40 1 53
48 1 45
63 1 17
31 2 50
3 1 2
51 2 37
24 1 33
25 1 55
73 2 45
7 2 20
15 1 7
45 1 40
17 1 14
28 2 10
25 1 10
34 1 25
25 1 7
86 1 37
15 1 26
10 1 28
45 1 20
53 1 37
22 2 10
54 2 40
36 1 30
51 1 50
28 2 22
7 2 33
30 1 10
22 2 28
10 2 13
10 2 33
12 1 7
35 1 10
52 2 57
40 1 63
25 1 35
26 1 30
12 2 7
48 1 3
30 1 24
30 1 22
57 1 30
56 2 38
10 2 22
10 2 20
52 1 25
12 2 10
37 1 27
25 1 24
25 1 29
35 2 28
10 2 11
16 2 18
45 1 37
85 2 37
25 1 28
14 1 11
31 2 62
32 1 30
33 1 34
7 2 54
73 1 54
3 2 45
17 1 12
51 1 31
28 2 7
10 1 7
18 1 17
31 1 25
? 1 github_cpp_program_data/1/235.cpp

37 1 63
7 7 10
20 1 18
10 2 26
90 1 99
30 1 35
27 2 63
12 1 11
51 2 40
22 2 7
14 2 10
10 1 81
98 2 73
63 2 52
75 1 46
65 2 10
82 1 73
14 1 7
45 2 73
24 1 23
95 2 63
98 2 102
37 1 52
7 2 13
9 2 83
35 1 33
17 1 26
7 1 33
98 1 7
62 1 37
8 1 4
24 2 28
7 1 110
35 2 22
63 1 15
17 2 15
53 1 51
7 2 23
57 2 36
40 1 63
83 1 37
84 1 30
7 5 10
18 1 14
51 1 26
48 1 75
63 2 86
40 1 42
26 1 25
98 1 10
16 1 17
56 1 30
7 2 22
15 1 12
63 2 53
40 1 52
18 1 15
8 2 75
3 2 8
4 2 5
42 1 43
49 1 30
25 1 10
14 1 13
80 1 30
28 2 24
96 2 7
42 1 31
45 1 10
10 2 28
81 1 30
106 1 102
14 1 10
56 1 25
85 1 26
102 1 14
26 2 31
20 1 16
98 1 12
65 2 14
42 1 38
27 2 52
23 1 34
48 1 8
73 1 12
45 1 14
30 1 29
28 2 29
40 1 36
64 1 41
106 1 73
84 1 25
30 1 55
52 2 64
10 1 22
15 1 26
7 1 28
111 2 10
16 1 15
110 2 10
52 2 42
65 2 37
30 1 7
10 5 7
40 1 57
57 2 52
25 1 22
73 1 40
54 1 16
37 1 98
102 1 7
23 1 32
15 1 14
48 1 101
3 1 1
85 1 84
22 2 35
63 2 64
48 1 45
63 1 17
25 1 55
37 1 105
73 1 14
47 1 7
7 2 20
15 1 7
45 1 40
40 1 64
31 2 38
24 1 33
48 1 3
34 1 25
25 1 7
19 2 40
46 1 10
101 1 100
7 1 23
16 1 10
85 1 49
40 1 106
53 2 86
90 2 45
17 1 14
17 1 23
100 2 7
27 2 57
55 2 22
51 1 50
7 2 33
25 1 29
18 1 17
90 1 54
7 2 80
10 2 13
22 2 24
37 1 102
100 1 54
7 2 11
35 1 10
52 2 57
48 1 6
52 2 53
37 1 86
63 2 98
22 2 55
12 2 7
14 2 7
30 1 24
7 1 80
57 1 30
65 2 7
10 2 20
52 1 25
63 2 27
15 1 23
37 1 27
41 1 40
35 2 28
14 1 65
99 1 24
56 2 62
31 2 62
33 1 34
51 1 56
85 1 56
50 1 25
17 1 12
105 1 27
82 1 90
62 2 41
82 2 105
31 1 25
90 1 37
75 2 9
28 2 55
73 2 45
82 1 45
99 1 35
17 1 49
79 2 82
73 1 37
10 2 80
105 1 63
64 2 52
28 2 35
20 2 37
35 1 23
30 1 28
7 1 22
64 1 62
7 2 26
54 2 65
101 1 40
28 2 10
12 1 19
7 2 81
52 1 30
73 1 7
86 1 40
20 2 19
24 1 7
45 1 54
10 2 49
85 1 31
10 1 80
18 2 16
79 1 98
32 1 25
17 1 10
25 1 35
73 1 10
26 1 30
53 1 40
10 2 54
34 2 32
31 1 30
33 1 32
65 2 40
15 1 10
10 1 111
64 1 56
101 1 7
37 1 53
15 1 33
38 1 37
50 1 30
30 1 22
6 1 4
73 1 65
26 2 56
96 1 20
7 2 49
10 1 110
111 2 7
10 1 23
35 1 7
32 2 34
24 2 22
12 1 10
37 1 79
19 2 7
37 1 64
7 4 10
10 1 33
99 2 37
10 7 7
49 2 31
52 2 63
54 1 18
12 1 13
1 2 2
7 1 10
6 2 3
49 1 25
7 2 37
49 2 56
85 2 40
32 1 30
22 2 29
45 1 7
86 2 27
3 2 6
24 1 10
48 1 83
9 1 1
73 1 54
14 1 19
98 2 27
10 4 7
48 1 9
57 1 25
15 2 17
106 1 98
86 1 85
10 2 23
12 1 65
64 1 31
101 2 45
81 1 25
27 1 15
45 1 19
40 1 53
27 2 102
90 1 7
3 1 2
51 2 37
31 2 84
24 2 35
7 1 81
56 2 84
17 1 7
36 6 45
54 2 99
38 1 40
102 1 10
35 2 24
27 1 17
10 1 28
18 1 10
45 1 20
53 1 37
56 2 50
57 2 63
95 1 47
98 1 14
22 2 10
83 2 101
54 2 40
36 1 30
28 2 22
30 1 10
19 2 37
38 2 43
10 2 33
7 2 28
12 1 7
10 2 81
6 1 5
73 1 20
19 2 10
52 2 27
34 1 30
10 2 22
37 1 57
37 1 82
8 1 7
12 2 10
25 1 24
43 1 37
83 1 96
10 2 11
16 2 18
40 1 95
45 1 37
7 2 40
25 1 28
14 1 11
83 1 7
4 2 7
102 2 63
7 1 111
7 2 54
79 1 102
80 1 25
102 2 98
28 2 7
10 1 7
16 1 12
? 1 github_cpp_program_data/1/240.cpp

37 1 63
7 7 10
20 1 18
10 2 26
90 1 99
30 1 35
27 2 63
12 1 11
51 2 40
22 2 7
14 2 10
10 1 81
98 2 73
63 2 52
75 1 46
65 2 10
82 1 73
14 1 7
45 2 73
24 1 23
95 2 63
98 2 102
37 1 52
7 2 13
9 2 83
35 1 33
17 1 26
7 1 33
98 1 7
62 1 37
8 1 4
24 2 28
7 1 110
35 2 22
63 1 15
17 2 15
53 1 51
7 2 23
57 2 36
40 1 63
83 1 37
84 1 30
7 5 10
18 1 14
51 1 26
48 1 75
63 2 86
40 1 42
26 1 25
98 1 10
16 1 17
56 1 30
7 2 22
15 1 12
63 2 53
40 1 52
18 1 15
8 2 75
3 2 8
4 2 5
42 1 43
49 1 30
25 1 10
14 1 13
80 1 30
28 2 24
96 2 7
42 1 31
45 1 10
10 2 28
81 1 30
106 1 102
14 1 10
56 1 25
85 1 26
102 1 14
26 2 31
20 1 16
98 1 12
65 2 14
42 1 38
27 2 52
23 1 34
48 1 8
73 1 12
45 1 14
30 1 29
28 2 29
40 1 36
64 1 41
106 1 73
84 1 25
30 1 55
52 2 64
10 1 22
15 1 26
7 1 28
111 2 10
16 1 15
110 2 10
52 2 42
65 2 37
30 1 7
10 5 7
40 1 57
57 2 52
25 1 22
73 1 40
54 1 16
37 1 98
102 1 7
23 1 32
15 1 14
48 1 101
3 1 1
85 1 84
22 2 35
63 2 64
48 1 45
63 1 17
25 1 55
37 1 105
73 1 14
47 1 7
7 2 20
15 1 7
45 1 40
40 1 64
31 2 38
24 1 33
48 1 3
34 1 25
25 1 7
19 2 40
46 1 10
101 1 100
7 1 23
16 1 10
85 1 49
40 1 106
53 2 86
90 2 45
17 1 14
17 1 23
100 2 7
27 2 57
55 2 22
51 1 50
7 2 33
25 1 29
18 1 17
90 1 54
7 2 80
10 2 13
22 2 24
37 1 102
100 1 54
7 2 11
35 1 10
52 2 57
48 1 6
52 2 53
37 1 86
63 2 98
22 2 55
12 2 7
14 2 7
30 1 24
7 1 80
57 1 30
65 2 7
10 2 20
52 1 25
63 2 27
15 1 23
37 1 27
41 1 40
35 2 28
14 1 65
99 1 24
56 2 62
31 2 62
33 1 34
51 1 56
85 1 56
50 1 25
17 1 12
105 1 27
82 1 90
62 2 41
82 2 105
31 1 25
90 1 37
75 2 9
28 2 55
73 2 45
82 1 45
99 1 35
17 1 49
79 2 82
73 1 37
10 2 80
105 1 63
64 2 52
28 2 35
20 2 37
35 1 23
30 1 28
7 1 22
64 1 62
7 2 26
54 2 65
101 1 40
28 2 10
12 1 19
7 2 81
52 1 30
73 1 7
86 1 40
20 2 19
24 1 7
45 1 54
10 2 49
85 1 31
10 1 80
18 2 16
79 1 98
32 1 25
17 1 10
25 1 35
73 1 10
26 1 30
53 1 40
10 2 54
34 2 32
31 1 30
33 1 32
65 2 40
15 1 10
10 1 111
64 1 56
101 1 7
37 1 53
15 1 33
38 1 37
50 1 30
30 1 22
6 1 4
73 1 65
26 2 56
96 1 20
7 2 49
10 1 110
111 2 7
10 1 23
35 1 7
32 2 34
24 2 22
12 1 10
37 1 79
19 2 7
37 1 64
7 4 10
10 1 33
99 2 37
10 7 7
49 2 31
52 2 63
54 1 18
12 1 13
1 2 2
7 1 10
6 2 3
49 1 25
7 2 37
49 2 56
85 2 40
32 1 30
22 2 29
45 1 7
86 2 27
3 2 6
24 1 10
48 1 83
9 1 1
73 1 54
14 1 19
98 2 27
10 4 7
48 1 9
57 1 25
15 2 17
106 1 98
86 1 85
10 2 23
12 1 65
64 1 31
101 2 45
81 1 25
27 1 15
45 1 19
40 1 53
27 2 102
90 1 7
3 1 2
51 2 37
31 2 84
24 2 35
7 1 81
56 2 84
17 1 7
36 6 45
54 2 99
38 1 40
102 1 10
35 2 24
27 1 17
10 1 28
18 1 10
45 1 20
53 1 37
56 2 50
57 2 63
95 1 47
98 1 14
22 2 10
83 2 101
54 2 40
36 1 30
28 2 22
30 1 10
19 2 37
38 2 43
10 2 33
7 2 28
12 1 7
10 2 81
6 1 5
73 1 20
19 2 10
52 2 27
34 1 30
10 2 22
37 1 57
37 1 82
8 1 7
12 2 10
25 1 24
43 1 37
83 1 96
10 2 11
16 2 18
40 1 95
45 1 37
7 2 40
25 1 28
14 1 11
83 1 7
4 2 7
102 2 63
7 1 111
7 2 54
79 1 102
80 1 25
102 2 98
28 2 7
10 1 7
16 1 12
? 1 github_cpp_program_data/1/276.cpp

? 1 github_cpp_program_data/1/278.cpp

? 1 github_cpp_program_data/1/279.cpp

37 1 63
7 7 10
20 1 18
10 2 26
90 1 99
30 1 35
27 2 63
12 1 11
51 2 40
22 2 7
14 2 10
10 1 81
98 2 73
63 2 52
75 1 46
65 2 10
82 1 73
14 1 7
45 2 73
24 1 23
95 2 63
98 2 102
37 1 52
7 2 13
9 2 83
35 1 33
17 1 26
7 1 33
98 1 7
62 1 37
8 1 4
24 2 28
7 1 110
35 2 22
63 1 15
17 2 15
53 1 51
7 2 23
57 2 36
40 1 63
83 1 37
84 1 30
7 5 10
18 1 14
51 1 26
48 1 75
63 2 86
40 1 42
26 1 25
98 1 10
16 1 17
56 1 30
7 2 22
15 1 12
63 2 53
40 1 52
18 1 15
8 2 75
3 2 8
4 2 5
42 1 43
49 1 30
25 1 10
14 1 13
80 1 30
28 2 24
96 2 7
42 1 31
45 1 10
10 2 28
81 1 30
106 1 102
14 1 10
56 1 25
85 1 26
102 1 14
26 2 31
20 1 16
98 1 12
65 2 14
42 1 38
27 2 52
23 1 34
48 1 8
73 1 12
45 1 14
30 1 29
28 2 29
40 1 36
64 1 41
106 1 73
84 1 25
30 1 55
52 2 64
10 1 22
15 1 26
7 1 28
111 2 10
16 1 15
110 2 10
52 2 42
65 2 37
30 1 7
10 5 7
40 1 57
57 2 52
25 1 22
73 1 40
54 1 16
37 1 98
102 1 7
23 1 32
15 1 14
48 1 101
3 1 1
85 1 84
22 2 35
63 2 64
48 1 45
63 1 17
25 1 55
37 1 105
73 1 14
47 1 7
7 2 20
15 1 7
45 1 40
40 1 64
31 2 38
24 1 33
48 1 3
34 1 25
25 1 7
19 2 40
46 1 10
101 1 100
7 1 23
16 1 10
85 1 49
40 1 106
53 2 86
90 2 45
17 1 14
17 1 23
100 2 7
27 2 57
55 2 22
51 1 50
7 2 33
25 1 29
18 1 17
90 1 54
7 2 80
10 2 13
22 2 24
37 1 102
100 1 54
7 2 11
35 1 10
52 2 57
48 1 6
52 2 53
37 1 86
63 2 98
22 2 55
12 2 7
14 2 7
30 1 24
7 1 80
57 1 30
65 2 7
10 2 20
52 1 25
63 2 27
15 1 23
37 1 27
41 1 40
35 2 28
14 1 65
99 1 24
56 2 62
31 2 62
33 1 34
51 1 56
85 1 56
50 1 25
17 1 12
105 1 27
82 1 90
62 2 41
82 2 105
31 1 25
90 1 37
75 2 9
28 2 55
73 2 45
82 1 45
99 1 35
17 1 49
79 2 82
73 1 37
10 2 80
105 1 63
64 2 52
28 2 35
20 2 37
35 1 23
30 1 28
7 1 22
64 1 62
7 2 26
54 2 65
101 1 40
28 2 10
12 1 19
7 2 81
52 1 30
73 1 7
86 1 40
20 2 19
24 1 7
45 1 54
10 2 49
85 1 31
10 1 80
18 2 16
79 1 98
32 1 25
17 1 10
25 1 35
73 1 10
26 1 30
53 1 40
10 2 54
34 2 32
31 1 30
33 1 32
65 2 40
15 1 10
10 1 111
64 1 56
101 1 7
37 1 53
15 1 33
38 1 37
50 1 30
30 1 22
6 1 4
73 1 65
26 2 56
96 1 20
7 2 49
10 1 110
111 2 7
10 1 23
35 1 7
32 2 34
24 2 22
12 1 10
37 1 79
19 2 7
37 1 64
7 4 10
10 1 33
99 2 37
10 7 7
49 2 31
52 2 63
54 1 18
12 1 13
1 2 2
7 1 10
6 2 3
49 1 25
7 2 37
49 2 56
85 2 40
32 1 30
22 2 29
45 1 7
86 2 27
3 2 6
24 1 10
48 1 83
9 1 1
73 1 54
14 1 19
98 2 27
10 4 7
48 1 9
57 1 25
15 2 17
106 1 98
86 1 85
10 2 23
12 1 65
64 1 31
101 2 45
81 1 25
27 1 15
45 1 19
40 1 53
27 2 102
90 1 7
3 1 2
51 2 37
31 2 84
24 2 35
7 1 81
56 2 84
17 1 7
36 6 45
54 2 99
38 1 40
102 1 10
35 2 24
27 1 17
10 1 28
18 1 10
45 1 20
53 1 37
56 2 50
57 2 63
95 1 47
98 1 14
22 2 10
83 2 101
54 2 40
36 1 30
28 2 22
30 1 10
19 2 37
38 2 43
10 2 33
7 2 28
12 1 7
10 2 81
6 1 5
73 1 20
19 2 10
52 2 27
34 1 30
10 2 22
37 1 57
37 1 82
8 1 7
12 2 10
25 1 24
43 1 37
83 1 96
10 2 11
16 2 18
40 1 95
45 1 37
7 2 40
25 1 28
14 1 11
83 1 7
4 2 7
102 2 63
7 1 111
7 2 54
79 1 102
80 1 25
102 2 98
28 2 7
10 1 7
16 1 12
? 1 github_cpp_program_data/1/294.cpp

? 1 github_cpp_program_data/1/305.cpp

37 1 63
20 1 18
7 1 33
27 2 63
51 2 40
73 1 37
10 2 80
14 2 10
10 1 81
28 2 35
63 2 52
75 1 46
30 1 28
3 2 6
10 1 22
14 1 7
45 2 73
24 1 23
7 2 26
6 1 5
28 2 10
52 1 30
51 1 56
12 1 7
35 1 33
17 1 49
24 1 7
35 2 22
63 1 15
53 1 51
7 2 23
32 1 25
17 1 10
25 1 35
73 1 10
36 6 73
7 5 10
53 1 40
10 2 54
51 1 26
48 1 75
31 1 30
54 2 37
33 1 32
26 1 25
75 2 45
15 1 7
73 1 54
52 2 36
7 2 22
30 1 24
15 1 12
38 1 37
40 1 52
30 1 22
30 1 10
7 2 28
10 2 23
4 2 5
22 2 7
49 1 30
25 1 10
7 2 49
30 1 35
7 1 23
42 1 31
37 1 52
10 2 28
10 1 23
35 1 7
40 1 27
12 1 10
81 1 30
14 1 10
7 4 10
20 1 16
16 1 15
10 1 33
42 1 38
48 1 73
1 2 2
23 1 34
72 1 31
7 1 10
25 1 24
25 1 22
22 2 24
26 1 17
30 1 29
40 1 42
32 1 30
50 1 25
52 2 53
45 1 7
30 1 55
7 1 22
20 2 40
73 1 14
24 1 10
30 1 7
10 5 7
57 2 52
10 4 7
57 1 25
23 1 32
27 1 15
15 1 14
3 1 1
81 1 25
22 2 35
15 1 10
28 2 7
63 1 17
3 1 2
25 1 55
7 1 81
7 2 20
17 1 7
45 1 40
45 1 12
72 1 37
48 1 3
34 1 25
25 1 7
15 1 26
10 1 28
45 1 20
56 2 50
6 2 75
22 2 10
27 2 57
36 1 30
51 1 50
7 2 33
25 1 29
34 1 30
10 2 33
40 1 72
7 2 81
7 2 11
35 1 10
52 2 57
48 1 6
40 1 63
26 2 56
12 2 7
14 2 7
37 1 53
37 1 36
7 1 80
57 1 30
10 2 22
37 1 57
52 1 25
12 2 10
37 1 27
6 2 3
31 2 38
56 1 30
16 2 18
52 2 72
25 1 28
14 1 11
31 2 37
33 1 34
32 2 34
46 1 7
10 1 80
31 1 25
17 1 12
48 1 45
10 1 7
6 1 4
18 1 17
80 1 25
? 1 github_cpp_program_data/1/308.cpp

37 1 63
7 7 10
28 2 55
20 1 18
10 2 13
17 1 49
72 1 56
27 2 63
28 2 24
10 5 7
51 2 40
22 2 29
22 2 7
14 2 10
25 1 22
10 1 81
28 2 35
27 2 53
20 2 37
35 1 23
75 1 46
30 1 28
3 2 6
10 1 22
14 1 7
52 2 86
24 1 23
7 2 26
28 2 10
45 1 10
52 1 30
73 1 7
86 1 40
12 1 7
35 1 33
7 2 80
88 1 20
24 1 7
89 1 7
10 2 49
85 1 31
10 1 80
63 1 15
18 2 16
53 1 51
7 2 23
32 1 25
83 1 37
17 1 10
25 1 35
84 1 30
79 2 82
7 5 10
53 1 40
10 2 54
51 1 26
48 1 75
31 1 30
33 1 32
17 1 7
24 1 10
56 1 30
7 2 22
15 1 12
38 1 37
88 2 87
75 2 83
40 1 52
30 1 22
6 1 4
7 2 28
6 1 5
4 2 5
10 2 80
25 1 10
46 1 7
80 1 30
30 1 35
7 1 23
79 1 27
37 1 52
10 2 28
87 2 89
36 1 25
35 1 7
10 2 22
12 1 10
87 1 7
37 1 79
14 1 10
57 2 27
89 1 20
7 4 10
26 2 31
20 1 16
16 1 15
10 1 33
42 1 38
10 7 7
49 2 31
12 2 10
54 1 18
12 1 13
82 1 87
24 1 33
89 1 12
7 1 10
63 2 52
73 1 12
49 1 25
45 1 14
26 1 17
10 2 81
30 1 29
28 2 29
40 1 42
32 1 30
50 1 25
27 2 72
22 2 24
30 1 55
10 2 20
82 1 89
7 1 28
15 1 10
7 1 33
48 1 83
30 1 7
45 2 73
40 1 57
57 2 52
10 4 7
57 1 25
79 1 63
90 1 40
54 1 16
87 1 54
63 2 57
42 1 56
23 1 32
27 1 15
15 1 14
10 2 23
3 1 1
85 1 84
52 2 36
10 2 37
86 1 85
40 1 53
48 1 45
63 1 17
31 2 50
3 1 2
31 2 84
25 1 55
22 2 55
73 2 45
7 1 81
1 2 2
87 1 14
82 1 88
7 2 20
15 1 7
36 6 45
22 2 10
45 1 12
72 1 37
48 1 3
34 1 25
25 1 7
23 1 34
27 1 17
15 1 26
10 1 28
45 1 20
73 1 40
85 1 49
90 1 10
90 2 45
6 2 75
17 1 14
54 2 40
51 1 50
28 2 22
7 2 33
30 1 10
56 2 37
90 1 54
85 2 40
34 1 30
10 2 33
40 1 72
7 2 81
7 2 11
35 1 10
52 2 57
48 1 6
40 1 63
37 1 86
26 1 30
88 1 7
12 2 7
53 2 63
14 2 7
30 1 24
37 1 36
7 1 80
57 1 30
56 2 38
83 1 10
40 1 27
37 1 57
52 1 25
37 1 82
15 1 23
48 1 73
25 1 24
25 1 29
32 2 34
83 2 90
45 1 37
81 1 25
25 1 28
14 1 11
81 1 30
33 1 34
7 2 54
73 1 54
48 1 90
80 1 25
17 1 12
51 1 31
28 2 7
10 1 7
18 1 17
31 1 25
? 1 github_cpp_program_data/1/309.cpp

37 1 63
7 7 10
20 1 18
7 1 33
30 1 35
27 2 63
73 1 37
22 2 7
14 2 10
10 1 81
28 2 35
20 2 37
35 1 23
75 1 46
30 1 28
3 2 6
10 1 22
14 1 7
45 2 73
24 1 23
6 1 5
22 2 55
37 1 52
52 1 30
35 1 33
7 2 80
17 1 49
24 1 7
57 1 25
10 2 49
10 1 80
18 2 16
53 1 51
7 2 23
32 1 25
17 1 10
25 1 35
73 1 10
7 5 10
32 2 34
10 2 54
51 1 26
48 1 75
37 1 42
34 2 32
31 1 30
72 1 40
33 1 32
26 1 25
75 2 45
15 1 7
24 1 10
56 1 25
7 2 22
15 1 12
15 1 33
50 1 30
40 1 52
7 1 80
30 1 10
7 2 28
10 2 23
4 2 5
10 2 80
25 1 10
46 1 7
80 1 30
28 2 24
42 1 31
45 1 10
10 2 28
10 1 23
35 1 7
40 1 27
12 1 10
81 1 30
14 1 10
57 2 27
7 4 10
31 2 40
16 1 15
42 1 38
10 7 7
48 1 73
54 1 18
1 2 2
24 1 33
72 1 31
7 1 10
63 2 52
6 2 3
73 1 12
49 1 25
22 2 24
10 2 81
30 1 29
32 1 30
28 2 10
22 2 29
52 2 53
27 2 72
45 1 7
30 1 55
10 2 20
20 1 16
20 2 40
7 1 28
37 1 72
54 2 37
15 1 10
30 1 7
10 5 7
40 1 57
57 2 52
10 4 7
25 1 22
54 1 16
23 1 32
27 1 15
15 1 14
3 1 1
40 1 53
48 1 45
63 1 17
3 1 2
51 2 37
25 1 55
73 2 45
7 1 81
7 2 20
17 1 7
45 1 40
17 1 14
45 1 12
38 1 40
48 1 3
34 1 25
25 1 7
23 1 34
7 1 23
10 1 28
45 1 20
53 1 37
56 2 50
22 2 10
27 2 57
51 1 50
7 2 33
25 1 29
45 1 14
34 1 30
10 2 33
7 2 81
12 1 7
35 1 10
52 2 57
48 1 6
40 1 63
26 2 56
12 2 7
14 2 7
30 1 24
30 1 22
57 1 30
10 2 22
37 1 57
52 1 25
63 2 27
12 2 10
37 1 27
25 1 24
31 2 38
16 2 18
45 1 37
81 1 25
25 1 28
3 2 75
33 1 34
73 1 54
51 1 56
17 1 12
28 2 7
10 1 7
6 1 4
18 1 17
80 1 25
? 1 github_cpp_program_data/1/315.cpp

? 1 github_cpp_program_data/1/34.cpp

? 1 github_cpp_program_data/1/36.cpp

37 1 63
7 7 10
28 2 55
20 1 18
10 2 26
7 1 33
72 1 56
27 2 63
12 1 11
73 1 37
22 2 7
14 2 10
15 1 49
28 2 35
20 2 37
35 1 23
30 1 28
7 1 22
14 1 7
31 2 84
45 2 73
24 1 23
7 2 26
22 2 55
12 1 19
37 1 52
7 2 13
73 1 7
35 1 33
17 1 49
24 1 7
10 2 49
24 2 28
85 1 31
35 2 22
73 1 10
53 1 51
7 2 23
32 1 25
17 1 10
84 1 30
36 6 73
7 5 10
10 2 54
51 1 26
31 1 30
72 1 40
68 1 42
33 1 32
38 2 68
17 1 7
24 1 10
14 2 7
64 1 56
7 2 22
15 1 12
38 1 37
50 1 30
63 2 53
40 1 52
52 2 27
45 1 12
7 2 28
10 2 23
49 1 30
7 2 49
14 1 13
28 2 24
64 1 38
42 1 31
45 1 10
10 2 28
10 1 23
35 1 7
40 1 27
24 2 22
12 1 10
37 1 57
14 1 10
56 1 25
19 2 7
37 1 64
62 1 40
85 1 26
40 1 86
7 4 10
26 2 31
20 1 16
16 1 15
25 1 13
48 1 73
12 1 13
30 1 35
1 2 2
23 1 34
7 1 10
63 2 52
63 2 86
57 1 25
22 2 24
7 2 11
52 1 30
30 1 29
34 1 30
42 1 62
22 2 29
40 1 36
64 1 68
45 1 7
30 1 55
10 1 22
20 2 40
7 1 28
37 1 72
73 1 14
15 1 10
56 1 30
57 2 72
30 1 7
10 5 7
40 1 57
57 2 52
10 4 7
25 1 22
73 1 40
54 2 37
23 1 32
27 1 15
15 1 14
56 2 40
25 1 11
3 1 1
53 2 57
85 1 84
22 2 35
86 1 85
40 1 53
48 1 45
63 1 17
31 2 50
3 1 2
51 2 37
24 1 33
25 1 55
73 2 45
7 2 20
15 1 7
45 1 40
17 1 14
28 2 10
25 1 10
34 1 25
25 1 7
86 1 37
15 1 26
10 1 28
45 1 20
53 1 37
22 2 10
54 2 40
36 1 30
51 1 50
28 2 22
7 2 33
30 1 10
22 2 28
10 2 13
10 2 33
12 1 7
35 1 10
52 2 57
40 1 63
25 1 35
26 1 30
12 2 7
48 1 3
30 1 24
30 1 22
57 1 30
56 2 38
10 2 22
10 2 20
52 1 25
12 2 10
37 1 27
25 1 24
25 1 29
35 2 28
10 2 11
16 2 18
45 1 37
85 2 37
25 1 28
14 1 11
31 2 62
32 1 30
33 1 34
7 2 54
73 1 54
3 2 45
17 1 12
51 1 31
28 2 7
10 1 7
18 1 17
31 1 25
? 1 github_cpp_program_data/1/370.cpp

37 1 63
7 7 10
20 1 18
10 2 26
90 1 99
30 1 35
27 2 63
12 1 11
51 2 40
22 2 7
14 2 10
10 1 81
98 2 73
63 2 52
75 1 46
65 2 10
82 1 73
14 1 7
45 2 73
24 1 23
95 2 63
98 2 102
37 1 52
7 2 13
9 2 83
35 1 33
17 1 26
7 1 33
98 1 7
62 1 37
8 1 4
24 2 28
7 1 110
35 2 22
63 1 15
17 2 15
53 1 51
7 2 23
57 2 36
40 1 63
83 1 37
84 1 30
7 5 10
18 1 14
51 1 26
48 1 75
63 2 86
40 1 42
26 1 25
98 1 10
16 1 17
56 1 30
7 2 22
15 1 12
63 2 53
40 1 52
18 1 15
8 2 75
3 2 8
4 2 5
42 1 43
49 1 30
25 1 10
14 1 13
80 1 30
28 2 24
96 2 7
42 1 31
45 1 10
10 2 28
81 1 30
106 1 102
14 1 10
56 1 25
85 1 26
102 1 14
26 2 31
20 1 16
98 1 12
65 2 14
42 1 38
27 2 52
23 1 34
48 1 8
73 1 12
45 1 14
30 1 29
28 2 29
40 1 36
64 1 41
106 1 73
84 1 25
30 1 55
52 2 64
10 1 22
15 1 26
7 1 28
111 2 10
16 1 15
110 2 10
52 2 42
65 2 37
30 1 7
10 5 7
40 1 57
57 2 52
25 1 22
73 1 40
54 1 16
37 1 98
102 1 7
23 1 32
15 1 14
48 1 101
3 1 1
85 1 84
22 2 35
63 2 64
48 1 45
63 1 17
25 1 55
37 1 105
73 1 14
47 1 7
7 2 20
15 1 7
45 1 40
40 1 64
31 2 38
24 1 33
48 1 3
34 1 25
25 1 7
19 2 40
46 1 10
101 1 100
7 1 23
16 1 10
85 1 49
40 1 106
53 2 86
90 2 45
17 1 14
17 1 23
100 2 7
27 2 57
55 2 22
51 1 50
7 2 33
25 1 29
18 1 17
90 1 54
7 2 80
10 2 13
22 2 24
37 1 102
100 1 54
7 2 11
35 1 10
52 2 57
48 1 6
52 2 53
37 1 86
63 2 98
22 2 55
12 2 7
14 2 7
30 1 24
7 1 80
57 1 30
65 2 7
10 2 20
52 1 25
63 2 27
15 1 23
37 1 27
41 1 40
35 2 28
14 1 65
99 1 24
56 2 62
31 2 62
33 1 34
51 1 56
85 1 56
50 1 25
17 1 12
105 1 27
82 1 90
62 2 41
82 2 105
31 1 25
90 1 37
75 2 9
28 2 55
73 2 45
82 1 45
99 1 35
17 1 49
79 2 82
73 1 37
10 2 80
105 1 63
64 2 52
28 2 35
20 2 37
35 1 23
30 1 28
7 1 22
64 1 62
7 2 26
54 2 65
101 1 40
28 2 10
12 1 19
7 2 81
52 1 30
73 1 7
86 1 40
20 2 19
24 1 7
45 1 54
10 2 49
85 1 31
10 1 80
18 2 16
79 1 98
32 1 25
17 1 10
25 1 35
73 1 10
26 1 30
53 1 40
10 2 54
34 2 32
31 1 30
33 1 32
65 2 40
15 1 10
10 1 111
64 1 56
101 1 7
37 1 53
15 1 33
38 1 37
50 1 30
30 1 22
6 1 4
73 1 65
26 2 56
96 1 20
7 2 49
10 1 110
111 2 7
10 1 23
35 1 7
32 2 34
24 2 22
12 1 10
37 1 79
19 2 7
37 1 64
7 4 10
10 1 33
99 2 37
10 7 7
49 2 31
52 2 63
54 1 18
12 1 13
1 2 2
7 1 10
6 2 3
49 1 25
7 2 37
49 2 56
85 2 40
32 1 30
22 2 29
45 1 7
86 2 27
3 2 6
24 1 10
48 1 83
9 1 1
73 1 54
14 1 19
98 2 27
10 4 7
48 1 9
57 1 25
15 2 17
106 1 98
86 1 85
10 2 23
12 1 65
64 1 31
101 2 45
81 1 25
27 1 15
45 1 19
40 1 53
27 2 102
90 1 7
3 1 2
51 2 37
31 2 84
24 2 35
7 1 81
56 2 84
17 1 7
36 6 45
54 2 99
38 1 40
102 1 10
35 2 24
27 1 17
10 1 28
18 1 10
45 1 20
53 1 37
56 2 50
57 2 63
95 1 47
98 1 14
22 2 10
83 2 101
54 2 40
36 1 30
28 2 22
30 1 10
19 2 37
38 2 43
10 2 33
7 2 28
12 1 7
10 2 81
6 1 5
73 1 20
19 2 10
52 2 27
34 1 30
10 2 22
37 1 57
37 1 82
8 1 7
12 2 10
25 1 24
43 1 37
83 1 96
10 2 11
16 2 18
40 1 95
45 1 37
7 2 40
25 1 28
14 1 11
83 1 7
4 2 7
102 2 63
7 1 111
7 2 54
79 1 102
80 1 25
102 2 98
28 2 7
10 1 7
16 1 12
? 1 github_cpp_program_data/1/375.cpp

? 1 github_cpp_program_data/1/385.cpp

37 1 63
7 7 10
28 2 55
20 1 18
10 2 13
17 1 49
72 1 56
27 2 63
28 2 24
10 5 7
51 2 40
22 2 29
22 2 7
14 2 10
25 1 22
10 1 81
28 2 35
27 2 53
20 2 37
35 1 23
75 1 46
30 1 28
3 2 6
10 1 22
14 1 7
52 2 86
24 1 23
7 2 26
28 2 10
45 1 10
52 1 30
73 1 7
86 1 40
12 1 7
35 1 33
7 2 80
88 1 20
24 1 7
89 1 7
10 2 49
85 1 31
10 1 80
63 1 15
18 2 16
53 1 51
7 2 23
32 1 25
83 1 37
17 1 10
25 1 35
84 1 30
79 2 82
7 5 10
53 1 40
10 2 54
51 1 26
48 1 75
31 1 30
33 1 32
17 1 7
24 1 10
56 1 30
7 2 22
15 1 12
38 1 37
88 2 87
75 2 83
40 1 52
30 1 22
6 1 4
7 2 28
6 1 5
4 2 5
10 2 80
25 1 10
46 1 7
80 1 30
30 1 35
7 1 23
79 1 27
37 1 52
10 2 28
87 2 89
36 1 25
35 1 7
10 2 22
12 1 10
87 1 7
37 1 79
14 1 10
57 2 27
89 1 20
7 4 10
26 2 31
20 1 16
16 1 15
10 1 33
42 1 38
10 7 7
49 2 31
12 2 10
54 1 18
12 1 13
82 1 87
24 1 33
89 1 12
7 1 10
63 2 52
73 1 12
49 1 25
45 1 14
26 1 17
10 2 81
30 1 29
28 2 29
40 1 42
32 1 30
50 1 25
27 2 72
22 2 24
30 1 55
10 2 20
82 1 89
7 1 28
15 1 10
7 1 33
48 1 83
30 1 7
45 2 73
40 1 57
57 2 52
10 4 7
57 1 25
79 1 63
90 1 40
54 1 16
87 1 54
63 2 57
42 1 56
23 1 32
27 1 15
15 1 14
10 2 23
3 1 1
85 1 84
52 2 36
10 2 37
86 1 85
40 1 53
48 1 45
63 1 17
31 2 50
3 1 2
31 2 84
25 1 55
22 2 55
73 2 45
7 1 81
1 2 2
87 1 14
82 1 88
7 2 20
15 1 7
36 6 45
22 2 10
45 1 12
72 1 37
48 1 3
34 1 25
25 1 7
23 1 34
27 1 17
15 1 26
10 1 28
45 1 20
73 1 40
85 1 49
90 1 10
90 2 45
6 2 75
17 1 14
54 2 40
51 1 50
28 2 22
7 2 33
30 1 10
56 2 37
90 1 54
85 2 40
34 1 30
10 2 33
40 1 72
7 2 81
7 2 11
35 1 10
52 2 57
48 1 6
40 1 63
37 1 86
26 1 30
88 1 7
12 2 7
53 2 63
14 2 7
30 1 24
37 1 36
7 1 80
57 1 30
56 2 38
83 1 10
40 1 27
37 1 57
52 1 25
37 1 82
15 1 23
48 1 73
25 1 24
25 1 29
32 2 34
83 2 90
45 1 37
81 1 25
25 1 28
14 1 11
81 1 30
33 1 34
7 2 54
73 1 54
48 1 90
80 1 25
17 1 12
51 1 31
28 2 7
10 1 7
18 1 17
31 1 25
? 1 github_cpp_program_data/1/39.cpp

37 1 63
7 7 10
28 2 55
20 1 18
10 2 13
17 1 49
72 1 56
27 2 63
28 2 24
10 5 7
51 2 40
22 2 29
22 2 7
14 2 10
25 1 22
10 1 81
28 2 35
27 2 53
20 2 37
35 1 23
75 1 46
30 1 28
3 2 6
10 1 22
14 1 7
52 2 86
24 1 23
7 2 26
28 2 10
45 1 10
52 1 30
73 1 7
86 1 40
12 1 7
35 1 33
7 2 80
88 1 20
24 1 7
89 1 7
10 2 49
85 1 31
10 1 80
63 1 15
18 2 16
53 1 51
7 2 23
32 1 25
83 1 37
17 1 10
25 1 35
84 1 30
79 2 82
7 5 10
53 1 40
10 2 54
51 1 26
48 1 75
31 1 30
33 1 32
17 1 7
24 1 10
56 1 30
7 2 22
15 1 12
38 1 37
88 2 87
75 2 83
40 1 52
30 1 22
6 1 4
7 2 28
6 1 5
4 2 5
10 2 80
25 1 10
46 1 7
80 1 30
30 1 35
7 1 23
79 1 27
37 1 52
10 2 28
87 2 89
36 1 25
35 1 7
10 2 22
12 1 10
87 1 7
37 1 79
14 1 10
57 2 27
89 1 20
7 4 10
26 2 31
20 1 16
16 1 15
10 1 33
42 1 38
10 7 7
49 2 31
12 2 10
54 1 18
12 1 13
82 1 87
24 1 33
89 1 12
7 1 10
63 2 52
73 1 12
49 1 25
45 1 14
26 1 17
10 2 81
30 1 29
28 2 29
40 1 42
32 1 30
50 1 25
27 2 72
22 2 24
30 1 55
10 2 20
82 1 89
7 1 28
15 1 10
7 1 33
48 1 83
30 1 7
45 2 73
40 1 57
57 2 52
10 4 7
57 1 25
79 1 63
90 1 40
54 1 16
87 1 54
63 2 57
42 1 56
23 1 32
27 1 15
15 1 14
10 2 23
3 1 1
85 1 84
52 2 36
10 2 37
86 1 85
40 1 53
48 1 45
63 1 17
31 2 50
3 1 2
31 2 84
25 1 55
22 2 55
73 2 45
7 1 81
1 2 2
87 1 14
82 1 88
7 2 20
15 1 7
36 6 45
22 2 10
45 1 12
72 1 37
48 1 3
34 1 25
25 1 7
23 1 34
27 1 17
15 1 26
10 1 28
45 1 20
73 1 40
85 1 49
90 1 10
90 2 45
6 2 75
17 1 14
54 2 40
51 1 50
28 2 22
7 2 33
30 1 10
56 2 37
90 1 54
85 2 40
34 1 30
10 2 33
40 1 72
7 2 81
7 2 11
35 1 10
52 2 57
48 1 6
40 1 63
37 1 86
26 1 30
88 1 7
12 2 7
53 2 63
14 2 7
30 1 24
37 1 36
7 1 80
57 1 30
56 2 38
83 1 10
40 1 27
37 1 57
52 1 25
37 1 82
15 1 23
48 1 73
25 1 24
25 1 29
32 2 34
83 2 90
45 1 37
81 1 25
25 1 28
14 1 11
81 1 30
33 1 34
7 2 54
73 1 54
48 1 90
80 1 25
17 1 12
51 1 31
28 2 7
10 1 7
18 1 17
31 1 25
? 1 github_cpp_program_data/1/390.cpp

? 1 github_cpp_program_data/1/412.cpp

37 1 63
20 1 18
7 1 33
27 2 63
51 2 40
73 1 37
10 2 80
14 2 10
10 1 81
28 2 35
63 2 52
75 1 46
30 1 28
3 2 6
10 1 22
14 1 7
45 2 73
24 1 23
7 2 26
6 1 5
28 2 10
52 1 30
51 1 56
12 1 7
35 1 33
17 1 49
24 1 7
35 2 22
63 1 15
53 1 51
7 2 23
32 1 25
17 1 10
25 1 35
73 1 10
36 6 73
7 5 10
53 1 40
10 2 54
51 1 26
48 1 75
31 1 30
54 2 37
33 1 32
26 1 25
75 2 45
15 1 7
73 1 54
52 2 36
7 2 22
30 1 24
15 1 12
38 1 37
40 1 52
30 1 22
30 1 10
7 2 28
10 2 23
4 2 5
22 2 7
49 1 30
25 1 10
7 2 49
30 1 35
7 1 23
42 1 31
37 1 52
10 2 28
10 1 23
35 1 7
40 1 27
12 1 10
81 1 30
14 1 10
7 4 10
20 1 16
16 1 15
10 1 33
42 1 38
48 1 73
1 2 2
23 1 34
72 1 31
7 1 10
25 1 24
25 1 22
22 2 24
26 1 17
30 1 29
40 1 42
32 1 30
50 1 25
52 2 53
45 1 7
30 1 55
7 1 22
20 2 40
73 1 14
24 1 10
30 1 7
10 5 7
57 2 52
10 4 7
57 1 25
23 1 32
27 1 15
15 1 14
3 1 1
81 1 25
22 2 35
15 1 10
28 2 7
63 1 17
3 1 2
25 1 55
7 1 81
7 2 20
17 1 7
45 1 40
45 1 12
72 1 37
48 1 3
34 1 25
25 1 7
15 1 26
10 1 28
45 1 20
56 2 50
6 2 75
22 2 10
27 2 57
36 1 30
51 1 50
7 2 33
25 1 29
34 1 30
10 2 33
40 1 72
7 2 81
7 2 11
35 1 10
52 2 57
48 1 6
40 1 63
26 2 56
12 2 7
14 2 7
37 1 53
37 1 36
7 1 80
57 1 30
10 2 22
37 1 57
52 1 25
12 2 10
37 1 27
6 2 3
31 2 38
56 1 30
16 2 18
52 2 72
25 1 28
14 1 11
31 2 37
33 1 34
32 2 34
46 1 7
10 1 80
31 1 25
17 1 12
48 1 45
10 1 7
6 1 4
18 1 17
80 1 25
? 1 github_cpp_program_data/1/416.cpp

37 1 63
7 7 10
20 1 18
7 1 33
30 1 35
27 2 63
73 1 37
22 2 7
14 2 10
10 1 81
28 2 35
20 2 37
35 1 23
75 1 46
30 1 28
3 2 6
10 1 22
14 1 7
45 2 73
24 1 23
6 1 5
22 2 55
37 1 52
52 1 30
35 1 33
7 2 80
17 1 49
24 1 7
57 1 25
10 2 49
10 1 80
18 2 16
53 1 51
7 2 23
32 1 25
17 1 10
25 1 35
73 1 10
7 5 10
32 2 34
10 2 54
51 1 26
48 1 75
37 1 42
34 2 32
31 1 30
72 1 40
33 1 32
26 1 25
75 2 45
15 1 7
24 1 10
56 1 25
7 2 22
15 1 12
15 1 33
50 1 30
40 1 52
7 1 80
30 1 10
7 2 28
10 2 23
4 2 5
10 2 80
25 1 10
46 1 7
80 1 30
28 2 24
42 1 31
45 1 10
10 2 28
10 1 23
35 1 7
40 1 27
12 1 10
81 1 30
14 1 10
57 2 27
7 4 10
31 2 40
16 1 15
42 1 38
10 7 7
48 1 73
54 1 18
1 2 2
24 1 33
72 1 31
7 1 10
63 2 52
6 2 3
73 1 12
49 1 25
22 2 24
10 2 81
30 1 29
32 1 30
28 2 10
22 2 29
52 2 53
27 2 72
45 1 7
30 1 55
10 2 20
20 1 16
20 2 40
7 1 28
37 1 72
54 2 37
15 1 10
30 1 7
10 5 7
40 1 57
57 2 52
10 4 7
25 1 22
54 1 16
23 1 32
27 1 15
15 1 14
3 1 1
40 1 53
48 1 45
63 1 17
3 1 2
51 2 37
25 1 55
73 2 45
7 1 81
7 2 20
17 1 7
45 1 40
17 1 14
45 1 12
38 1 40
48 1 3
34 1 25
25 1 7
23 1 34
7 1 23
10 1 28
45 1 20
53 1 37
56 2 50
22 2 10
27 2 57
51 1 50
7 2 33
25 1 29
45 1 14
34 1 30
10 2 33
7 2 81
12 1 7
35 1 10
52 2 57
48 1 6
40 1 63
26 2 56
12 2 7
14 2 7
30 1 24
30 1 22
57 1 30
10 2 22
37 1 57
52 1 25
63 2 27
12 2 10
37 1 27
25 1 24
31 2 38
16 2 18
45 1 37
81 1 25
25 1 28
3 2 75
33 1 34
73 1 54
51 1 56
17 1 12
28 2 7
10 1 7
6 1 4
18 1 17
80 1 25
? 1 github_cpp_program_data/1/423.cpp

37 1 63
7 7 10
28 2 55
20 1 18
10 2 26
7 1 33
72 1 56
27 2 63
12 1 11
73 1 37
22 2 7
14 2 10
15 1 49
28 2 35
20 2 37
35 1 23
30 1 28
7 1 22
14 1 7
31 2 84
45 2 73
24 1 23
7 2 26
22 2 55
12 1 19
37 1 52
7 2 13
73 1 7
35 1 33
17 1 49
24 1 7
10 2 49
24 2 28
85 1 31
35 2 22
73 1 10
53 1 51
7 2 23
32 1 25
17 1 10
84 1 30
36 6 73
7 5 10
10 2 54
51 1 26
31 1 30
72 1 40
68 1 42
33 1 32
38 2 68
17 1 7
24 1 10
14 2 7
64 1 56
7 2 22
15 1 12
38 1 37
50 1 30
63 2 53
40 1 52
52 2 27
45 1 12
7 2 28
10 2 23
49 1 30
7 2 49
14 1 13
28 2 24
64 1 38
42 1 31
45 1 10
10 2 28
10 1 23
35 1 7
40 1 27
24 2 22
12 1 10
37 1 57
14 1 10
56 1 25
19 2 7
37 1 64
62 1 40
85 1 26
40 1 86
7 4 10
26 2 31
20 1 16
16 1 15
25 1 13
48 1 73
12 1 13
30 1 35
1 2 2
23 1 34
7 1 10
63 2 52
63 2 86
57 1 25
22 2 24
7 2 11
52 1 30
30 1 29
34 1 30
42 1 62
22 2 29
40 1 36
64 1 68
45 1 7
30 1 55
10 1 22
20 2 40
7 1 28
37 1 72
73 1 14
15 1 10
56 1 30
57 2 72
30 1 7
10 5 7
40 1 57
57 2 52
10 4 7
25 1 22
73 1 40
54 2 37
23 1 32
27 1 15
15 1 14
56 2 40
25 1 11
3 1 1
53 2 57
85 1 84
22 2 35
86 1 85
40 1 53
48 1 45
63 1 17
31 2 50
3 1 2
51 2 37
24 1 33
25 1 55
73 2 45
7 2 20
15 1 7
45 1 40
17 1 14
28 2 10
25 1 10
34 1 25
25 1 7
86 1 37
15 1 26
10 1 28
45 1 20
53 1 37
22 2 10
54 2 40
36 1 30
51 1 50
28 2 22
7 2 33
30 1 10
22 2 28
10 2 13
10 2 33
12 1 7
35 1 10
52 2 57
40 1 63
25 1 35
26 1 30
12 2 7
48 1 3
30 1 24
30 1 22
57 1 30
56 2 38
10 2 22
10 2 20
52 1 25
12 2 10
37 1 27
25 1 24
25 1 29
35 2 28
10 2 11
16 2 18
45 1 37
85 2 37
25 1 28
14 1 11
31 2 62
32 1 30
33 1 34
7 2 54
73 1 54
3 2 45
17 1 12
51 1 31
28 2 7
10 1 7
18 1 17
31 1 25
? 1 github_cpp_program_data/1/424.cpp

7 7 10
90 1 37
28 2 55
20 1 18
17 1 49
108 1 31
72 1 56
42 2 64
28 2 24
12 1 11
22 2 7
64 1 38
64 2 52
27 2 42
20 2 37
35 1 23
75 1 46
30 1 28
3 2 6
7 1 22
64 1 62
45 2 73
24 1 23
7 2 26
75 2 3
7 5 10
6 1 5
28 2 10
52 1 30
73 1 7
35 1 33
6 2 90
24 1 7
10 2 49
24 2 28
35 2 22
63 1 15
53 1 51
7 2 23
32 1 25
17 1 10
25 1 35
40 1 108
6 1 4
51 1 26
48 1 75
37 1 42
112 1 54
72 1 40
33 1 32
15 1 7
24 1 10
56 1 25
39 6 45
7 2 22
15 1 12
38 1 37
50 1 30
90 1 20
112 2 45
40 1 52
30 1 10
7 2 28
10 2 23
4 2 5
49 1 30
46 1 7
14 1 13
64 1 56
30 1 35
57 2 39
40 1 72
42 1 31
37 1 52
10 2 28
10 1 23
35 1 7
12 1 10
10 2 20
14 1 10
37 1 64
7 4 10
20 1 16
16 1 15
42 1 38
31 1 30
10 7 7
12 2 10
1 2 2
24 1 33
7 1 10
25 1 24
90 2 112
57 1 25
22 2 24
26 1 17
7 2 11
30 1 29
28 2 29
34 1 30
42 1 62
22 2 29
45 1 7
30 1 55
10 1 22
7 1 28
73 1 14
15 1 10
112 1 7
30 1 7
10 5 7
40 1 57
57 2 52
10 4 7
48 1 112
25 1 22
37 1 39
53 1 37
23 1 32
27 1 15
15 1 14
7 2 13
39 1 25
56 2 40
25 1 11
3 1 1
64 1 31
22 2 35
72 2 52
40 1 53
28 2 7
3 1 2
51 2 37
25 1 55
108 2 57
7 2 20
17 1 7
62 1 40
31 2 38
25 1 10
48 1 3
34 1 25
25 1 7
38 2 41
23 1 34
108 1 37
64 1 41
15 1 26
10 1 28
48 1 90
45 1 20
73 1 40
56 2 50
90 1 10
6 2 75
22 2 10
52 2 108
54 2 40
36 1 30
51 1 50
28 2 22
7 2 33
25 1 29
45 1 14
10 2 13
10 2 33
12 1 7
35 1 10
52 2 57
48 1 6
40 1 63
26 2 56
26 1 30
12 2 7
14 2 7
30 1 24
37 1 36
30 1 22
57 1 30
56 2 38
10 2 22
37 1 57
52 1 25
48 1 73
37 1 27
30 1 13
41 1 40
35 2 28
112 1 40
45 1 37
25 1 28
31 2 62
31 2 37
32 1 30
33 1 34
63 2 72
7 2 54
73 1 54
51 1 56
17 1 12
22 2 28
48 1 45
10 1 7
18 1 17
31 1 25
? 1 github_cpp_program_data/1/425.cpp

? 1 github_cpp_program_data/1/439.cpp

37 1 63
7 7 10
28 2 55
20 1 18
10 2 13
17 1 49
72 1 56
27 2 63
28 2 24
10 5 7
51 2 40
22 2 29
22 2 7
14 2 10
25 1 22
10 1 81
28 2 35
27 2 53
20 2 37
35 1 23
75 1 46
30 1 28
3 2 6
10 1 22
14 1 7
52 2 86
24 1 23
7 2 26
28 2 10
45 1 10
52 1 30
73 1 7
86 1 40
12 1 7
35 1 33
7 2 80
88 1 20
24 1 7
89 1 7
10 2 49
85 1 31
10 1 80
63 1 15
18 2 16
53 1 51
7 2 23
32 1 25
83 1 37
17 1 10
25 1 35
84 1 30
79 2 82
7 5 10
53 1 40
10 2 54
51 1 26
48 1 75
31 1 30
33 1 32
17 1 7
24 1 10
56 1 30
7 2 22
15 1 12
38 1 37
88 2 87
75 2 83
40 1 52
30 1 22
6 1 4
7 2 28
6 1 5
4 2 5
10 2 80
25 1 10
46 1 7
80 1 30
30 1 35
7 1 23
79 1 27
37 1 52
10 2 28
87 2 89
36 1 25
35 1 7
10 2 22
12 1 10
87 1 7
37 1 79
14 1 10
57 2 27
89 1 20
7 4 10
26 2 31
20 1 16
16 1 15
10 1 33
42 1 38
10 7 7
49 2 31
12 2 10
54 1 18
12 1 13
82 1 87
24 1 33
89 1 12
7 1 10
63 2 52
73 1 12
49 1 25
45 1 14
26 1 17
10 2 81
30 1 29
28 2 29
40 1 42
32 1 30
50 1 25
27 2 72
22 2 24
30 1 55
10 2 20
82 1 89
7 1 28
15 1 10
7 1 33
48 1 83
30 1 7
45 2 73
40 1 57
57 2 52
10 4 7
57 1 25
79 1 63
90 1 40
54 1 16
87 1 54
63 2 57
42 1 56
23 1 32
27 1 15
15 1 14
10 2 23
3 1 1
85 1 84
52 2 36
10 2 37
86 1 85
40 1 53
48 1 45
63 1 17
31 2 50
3 1 2
31 2 84
25 1 55
22 2 55
73 2 45
7 1 81
1 2 2
87 1 14
82 1 88
7 2 20
15 1 7
36 6 45
22 2 10
45 1 12
72 1 37
48 1 3
34 1 25
25 1 7
23 1 34
27 1 17
15 1 26
10 1 28
45 1 20
73 1 40
85 1 49
90 1 10
90 2 45
6 2 75
17 1 14
54 2 40
51 1 50
28 2 22
7 2 33
30 1 10
56 2 37
90 1 54
85 2 40
34 1 30
10 2 33
40 1 72
7 2 81
7 2 11
35 1 10
52 2 57
48 1 6
40 1 63
37 1 86
26 1 30
88 1 7
12 2 7
53 2 63
14 2 7
30 1 24
37 1 36
7 1 80
57 1 30
56 2 38
83 1 10
40 1 27
37 1 57
52 1 25
37 1 82
15 1 23
48 1 73
25 1 24
25 1 29
32 2 34
83 2 90
45 1 37
81 1 25
25 1 28
14 1 11
81 1 30
33 1 34
7 2 54
73 1 54
48 1 90
80 1 25
17 1 12
51 1 31
28 2 7
10 1 7
18 1 17
31 1 25
? 1 github_cpp_program_data/1/444.cpp

37 1 63
7 7 10
20 1 18
7 1 33
30 1 35
27 2 63
73 1 37
22 2 7
14 2 10
10 1 81
28 2 35
20 2 37
35 1 23
75 1 46
30 1 28
3 2 6
10 1 22
14 1 7
45 2 73
24 1 23
6 1 5
22 2 55
37 1 52
52 1 30
35 1 33
7 2 80
17 1 49
24 1 7
57 1 25
10 2 49
10 1 80
18 2 16
53 1 51
7 2 23
32 1 25
17 1 10
25 1 35
73 1 10
7 5 10
32 2 34
10 2 54
51 1 26
48 1 75
37 1 42
34 2 32
31 1 30
72 1 40
33 1 32
26 1 25
75 2 45
15 1 7
24 1 10
56 1 25
7 2 22
15 1 12
15 1 33
50 1 30
40 1 52
7 1 80
30 1 10
7 2 28
10 2 23
4 2 5
10 2 80
25 1 10
46 1 7
80 1 30
28 2 24
42 1 31
45 1 10
10 2 28
10 1 23
35 1 7
40 1 27
12 1 10
81 1 30
14 1 10
57 2 27
7 4 10
31 2 40
16 1 15
42 1 38
10 7 7
48 1 73
54 1 18
1 2 2
24 1 33
72 1 31
7 1 10
63 2 52
6 2 3
73 1 12
49 1 25
22 2 24
10 2 81
30 1 29
32 1 30
28 2 10
22 2 29
52 2 53
27 2 72
45 1 7
30 1 55
10 2 20
20 1 16
20 2 40
7 1 28
37 1 72
54 2 37
15 1 10
30 1 7
10 5 7
40 1 57
57 2 52
10 4 7
25 1 22
54 1 16
23 1 32
27 1 15
15 1 14
3 1 1
40 1 53
48 1 45
63 1 17
3 1 2
51 2 37
25 1 55
73 2 45
7 1 81
7 2 20
17 1 7
45 1 40
17 1 14
45 1 12
38 1 40
48 1 3
34 1 25
25 1 7
23 1 34
7 1 23
10 1 28
45 1 20
53 1 37
56 2 50
22 2 10
27 2 57
51 1 50
7 2 33
25 1 29
45 1 14
34 1 30
10 2 33
7 2 81
12 1 7
35 1 10
52 2 57
48 1 6
40 1 63
26 2 56
12 2 7
14 2 7
30 1 24
30 1 22
57 1 30
10 2 22
37 1 57
52 1 25
63 2 27
12 2 10
37 1 27
25 1 24
31 2 38
16 2 18
45 1 37
81 1 25
25 1 28
3 2 75
33 1 34
73 1 54
51 1 56
17 1 12
28 2 7
10 1 7
6 1 4
18 1 17
80 1 25
? 1 github_cpp_program_data/1/45.cpp

7 7 10
90 1 37
28 2 55
20 1 18
17 1 49
108 1 31
72 1 56
42 2 64
28 2 24
12 1 11
22 2 7
64 1 38
64 2 52
27 2 42
20 2 37
35 1 23
75 1 46
30 1 28
3 2 6
7 1 22
64 1 62
45 2 73
24 1 23
7 2 26
75 2 3
7 5 10
6 1 5
28 2 10
52 1 30
73 1 7
35 1 33
6 2 90
24 1 7
10 2 49
24 2 28
35 2 22
63 1 15
53 1 51
7 2 23
32 1 25
17 1 10
25 1 35
40 1 108
6 1 4
51 1 26
48 1 75
37 1 42
112 1 54
72 1 40
33 1 32
15 1 7
24 1 10
56 1 25
39 6 45
7 2 22
15 1 12
38 1 37
50 1 30
90 1 20
112 2 45
40 1 52
30 1 10
7 2 28
10 2 23
4 2 5
49 1 30
46 1 7
14 1 13
64 1 56
30 1 35
57 2 39
40 1 72
42 1 31
37 1 52
10 2 28
10 1 23
35 1 7
12 1 10
10 2 20
14 1 10
37 1 64
7 4 10
20 1 16
16 1 15
42 1 38
31 1 30
10 7 7
12 2 10
1 2 2
24 1 33
7 1 10
25 1 24
90 2 112
57 1 25
22 2 24
26 1 17
7 2 11
30 1 29
28 2 29
34 1 30
42 1 62
22 2 29
45 1 7
30 1 55
10 1 22
7 1 28
73 1 14
15 1 10
112 1 7
30 1 7
10 5 7
40 1 57
57 2 52
10 4 7
48 1 112
25 1 22
37 1 39
53 1 37
23 1 32
27 1 15
15 1 14
7 2 13
39 1 25
56 2 40
25 1 11
3 1 1
64 1 31
22 2 35
72 2 52
40 1 53
28 2 7
3 1 2
51 2 37
25 1 55
108 2 57
7 2 20
17 1 7
62 1 40
31 2 38
25 1 10
48 1 3
34 1 25
25 1 7
38 2 41
23 1 34
108 1 37
64 1 41
15 1 26
10 1 28
48 1 90
45 1 20
73 1 40
56 2 50
90 1 10
6 2 75
22 2 10
52 2 108
54 2 40
36 1 30
51 1 50
28 2 22
7 2 33
25 1 29
45 1 14
10 2 13
10 2 33
12 1 7
35 1 10
52 2 57
48 1 6
40 1 63
26 2 56
26 1 30
12 2 7
14 2 7
30 1 24
37 1 36
30 1 22
57 1 30
56 2 38
10 2 22
37 1 57
52 1 25
48 1 73
37 1 27
30 1 13
41 1 40
35 2 28
112 1 40
45 1 37
25 1 28
31 2 62
31 2 37
32 1 30
33 1 34
63 2 72
7 2 54
73 1 54
51 1 56
17 1 12
22 2 28
48 1 45
10 1 7
18 1 17
31 1 25
? 1 github_cpp_program_data/1/452.cpp

? 1 github_cpp_program_data/1/466.cpp

37 1 63
20 1 18
7 1 33
27 2 63
51 2 40
73 1 37
10 2 80
14 2 10
10 1 81
28 2 35
63 2 52
75 1 46
30 1 28
3 2 6
10 1 22
14 1 7
45 2 73
24 1 23
7 2 26
6 1 5
28 2 10
52 1 30
51 1 56
12 1 7
35 1 33
17 1 49
24 1 7
35 2 22
63 1 15
53 1 51
7 2 23
32 1 25
17 1 10
25 1 35
73 1 10
36 6 73
7 5 10
53 1 40
10 2 54
51 1 26
48 1 75
31 1 30
54 2 37
33 1 32
26 1 25
75 2 45
15 1 7
73 1 54
52 2 36
7 2 22
30 1 24
15 1 12
38 1 37
40 1 52
30 1 22
30 1 10
7 2 28
10 2 23
4 2 5
22 2 7
49 1 30
25 1 10
7 2 49
30 1 35
7 1 23
42 1 31
37 1 52
10 2 28
10 1 23
35 1 7
40 1 27
12 1 10
81 1 30
14 1 10
7 4 10
20 1 16
16 1 15
10 1 33
42 1 38
48 1 73
1 2 2
23 1 34
72 1 31
7 1 10
25 1 24
25 1 22
22 2 24
26 1 17
30 1 29
40 1 42
32 1 30
50 1 25
52 2 53
45 1 7
30 1 55
7 1 22
20 2 40
73 1 14
24 1 10
30 1 7
10 5 7
57 2 52
10 4 7
57 1 25
23 1 32
27 1 15
15 1 14
3 1 1
81 1 25
22 2 35
15 1 10
28 2 7
63 1 17
3 1 2
25 1 55
7 1 81
7 2 20
17 1 7
45 1 40
45 1 12
72 1 37
48 1 3
34 1 25
25 1 7
15 1 26
10 1 28
45 1 20
56 2 50
6 2 75
22 2 10
27 2 57
36 1 30
51 1 50
7 2 33
25 1 29
34 1 30
10 2 33
40 1 72
7 2 81
7 2 11
35 1 10
52 2 57
48 1 6
40 1 63
26 2 56
12 2 7
14 2 7
37 1 53
37 1 36
7 1 80
57 1 30
10 2 22
37 1 57
52 1 25
12 2 10
37 1 27
6 2 3
31 2 38
56 1 30
16 2 18
52 2 72
25 1 28
14 1 11
31 2 37
33 1 34
32 2 34
46 1 7
10 1 80
31 1 25
17 1 12
48 1 45
10 1 7
6 1 4
18 1 17
80 1 25
? 1 github_cpp_program_data/1/470.cpp

37 1 63
7 7 10
20 1 18
7 1 33
30 1 35
27 2 63
73 1 37
22 2 7
14 2 10
10 1 81
28 2 35
20 2 37
35 1 23
75 1 46
30 1 28
3 2 6
10 1 22
14 1 7
45 2 73
24 1 23
6 1 5
22 2 55
37 1 52
52 1 30
35 1 33
7 2 80
17 1 49
24 1 7
57 1 25
10 2 49
10 1 80
18 2 16
53 1 51
7 2 23
32 1 25
17 1 10
25 1 35
73 1 10
7 5 10
32 2 34
10 2 54
51 1 26
48 1 75
37 1 42
34 2 32
31 1 30
72 1 40
33 1 32
26 1 25
75 2 45
15 1 7
24 1 10
56 1 25
7 2 22
15 1 12
15 1 33
50 1 30
40 1 52
7 1 80
30 1 10
7 2 28
10 2 23
4 2 5
10 2 80
25 1 10
46 1 7
80 1 30
28 2 24
42 1 31
45 1 10
10 2 28
10 1 23
35 1 7
40 1 27
12 1 10
81 1 30
14 1 10
57 2 27
7 4 10
31 2 40
16 1 15
42 1 38
10 7 7
48 1 73
54 1 18
1 2 2
24 1 33
72 1 31
7 1 10
63 2 52
6 2 3
73 1 12
49 1 25
22 2 24
10 2 81
30 1 29
32 1 30
28 2 10
22 2 29
52 2 53
27 2 72
45 1 7
30 1 55
10 2 20
20 1 16
20 2 40
7 1 28
37 1 72
54 2 37
15 1 10
30 1 7
10 5 7
40 1 57
57 2 52
10 4 7
25 1 22
54 1 16
23 1 32
27 1 15
15 1 14
3 1 1
40 1 53
48 1 45
63 1 17
3 1 2
51 2 37
25 1 55
73 2 45
7 1 81
7 2 20
17 1 7
45 1 40
17 1 14
45 1 12
38 1 40
48 1 3
34 1 25
25 1 7
23 1 34
7 1 23
10 1 28
45 1 20
53 1 37
56 2 50
22 2 10
27 2 57
51 1 50
7 2 33
25 1 29
45 1 14
34 1 30
10 2 33
7 2 81
12 1 7
35 1 10
52 2 57
48 1 6
40 1 63
26 2 56
12 2 7
14 2 7
30 1 24
30 1 22
57 1 30
10 2 22
37 1 57
52 1 25
63 2 27
12 2 10
37 1 27
25 1 24
31 2 38
16 2 18
45 1 37
81 1 25
25 1 28
3 2 75
33 1 34
73 1 54
51 1 56
17 1 12
28 2 7
10 1 7
6 1 4
18 1 17
80 1 25
? 1 github_cpp_program_data/1/477.cpp

37 1 63
7 7 10
28 2 55
20 1 18
10 2 26
7 1 33
72 1 56
27 2 63
12 1 11
73 1 37
22 2 7
14 2 10
15 1 49
28 2 35
20 2 37
35 1 23
30 1 28
7 1 22
14 1 7
31 2 84
45 2 73
24 1 23
7 2 26
22 2 55
12 1 19
37 1 52
7 2 13
73 1 7
35 1 33
17 1 49
24 1 7
10 2 49
24 2 28
85 1 31
35 2 22
73 1 10
53 1 51
7 2 23
32 1 25
17 1 10
84 1 30
36 6 73
7 5 10
10 2 54
51 1 26
31 1 30
72 1 40
68 1 42
33 1 32
38 2 68
17 1 7
24 1 10
14 2 7
64 1 56
7 2 22
15 1 12
38 1 37
50 1 30
63 2 53
40 1 52
52 2 27
45 1 12
7 2 28
10 2 23
49 1 30
7 2 49
14 1 13
28 2 24
64 1 38
42 1 31
45 1 10
10 2 28
10 1 23
35 1 7
40 1 27
24 2 22
12 1 10
37 1 57
14 1 10
56 1 25
19 2 7
37 1 64
62 1 40
85 1 26
40 1 86
7 4 10
26 2 31
20 1 16
16 1 15
25 1 13
48 1 73
12 1 13
30 1 35
1 2 2
23 1 34
7 1 10
63 2 52
63 2 86
57 1 25
22 2 24
7 2 11
52 1 30
30 1 29
34 1 30
42 1 62
22 2 29
40 1 36
64 1 68
45 1 7
30 1 55
10 1 22
20 2 40
7 1 28
37 1 72
73 1 14
15 1 10
56 1 30
57 2 72
30 1 7
10 5 7
40 1 57
57 2 52
10 4 7
25 1 22
73 1 40
54 2 37
23 1 32
27 1 15
15 1 14
56 2 40
25 1 11
3 1 1
53 2 57
85 1 84
22 2 35
86 1 85
40 1 53
48 1 45
63 1 17
31 2 50
3 1 2
51 2 37
24 1 33
25 1 55
73 2 45
7 2 20
15 1 7
45 1 40
17 1 14
28 2 10
25 1 10
34 1 25
25 1 7
86 1 37
15 1 26
10 1 28
45 1 20
53 1 37
22 2 10
54 2 40
36 1 30
51 1 50
28 2 22
7 2 33
30 1 10
22 2 28
10 2 13
10 2 33
12 1 7
35 1 10
52 2 57
40 1 63
25 1 35
26 1 30
12 2 7
48 1 3
30 1 24
30 1 22
57 1 30
56 2 38
10 2 22
10 2 20
52 1 25
12 2 10
37 1 27
25 1 24
25 1 29
35 2 28
10 2 11
16 2 18
45 1 37
85 2 37
25 1 28
14 1 11
31 2 62
32 1 30
33 1 34
7 2 54
73 1 54
3 2 45
17 1 12
51 1 31
28 2 7
10 1 7
18 1 17
31 1 25
? 1 github_cpp_program_data/1/478.cpp

? 1 github_cpp_program_data/1/493.cpp

? 1 github_cpp_program_data/1/494.cpp

37 1 63
20 1 18
7 1 33
27 2 63
51 2 40
73 1 37
10 2 80
14 2 10
10 1 81
28 2 35
63 2 52
75 1 46
30 1 28
3 2 6
10 1 22
14 1 7
45 2 73
24 1 23
7 2 26
6 1 5
28 2 10
52 1 30
51 1 56
12 1 7
35 1 33
17 1 49
24 1 7
35 2 22
63 1 15
53 1 51
7 2 23
32 1 25
17 1 10
25 1 35
73 1 10
36 6 73
7 5 10
53 1 40
10 2 54
51 1 26
48 1 75
31 1 30
54 2 37
33 1 32
26 1 25
75 2 45
15 1 7
73 1 54
52 2 36
7 2 22
30 1 24
15 1 12
38 1 37
40 1 52
30 1 22
30 1 10
7 2 28
10 2 23
4 2 5
22 2 7
49 1 30
25 1 10
7 2 49
30 1 35
7 1 23
42 1 31
37 1 52
10 2 28
10 1 23
35 1 7
40 1 27
12 1 10
81 1 30
14 1 10
7 4 10
20 1 16
16 1 15
10 1 33
42 1 38
48 1 73
1 2 2
23 1 34
72 1 31
7 1 10
25 1 24
25 1 22
22 2 24
26 1 17
30 1 29
40 1 42
32 1 30
50 1 25
52 2 53
45 1 7
30 1 55
7 1 22
20 2 40
73 1 14
24 1 10
30 1 7
10 5 7
57 2 52
10 4 7
57 1 25
23 1 32
27 1 15
15 1 14
3 1 1
81 1 25
22 2 35
15 1 10
28 2 7
63 1 17
3 1 2
25 1 55
7 1 81
7 2 20
17 1 7
45 1 40
45 1 12
72 1 37
48 1 3
34 1 25
25 1 7
15 1 26
10 1 28
45 1 20
56 2 50
6 2 75
22 2 10
27 2 57
36 1 30
51 1 50
7 2 33
25 1 29
34 1 30
10 2 33
40 1 72
7 2 81
7 2 11
35 1 10
52 2 57
48 1 6
40 1 63
26 2 56
12 2 7
14 2 7
37 1 53
37 1 36
7 1 80
57 1 30
10 2 22
37 1 57
52 1 25
12 2 10
37 1 27
6 2 3
31 2 38
56 1 30
16 2 18
52 2 72
25 1 28
14 1 11
31 2 37
33 1 34
32 2 34
46 1 7
10 1 80
31 1 25
17 1 12
48 1 45
10 1 7
6 1 4
18 1 17
80 1 25
? 1 github_cpp_program_data/1/497.cpp

37 1 63
7 7 10
28 2 55
20 1 18
10 2 13
17 1 49
72 1 56
27 2 63
28 2 24
10 5 7
51 2 40
22 2 29
22 2 7
14 2 10
25 1 22
10 1 81
28 2 35
27 2 53
20 2 37
35 1 23
75 1 46
30 1 28
3 2 6
10 1 22
14 1 7
52 2 86
24 1 23
7 2 26
28 2 10
45 1 10
52 1 30
73 1 7
86 1 40
12 1 7
35 1 33
7 2 80
88 1 20
24 1 7
89 1 7
10 2 49
85 1 31
10 1 80
63 1 15
18 2 16
53 1 51
7 2 23
32 1 25
83 1 37
17 1 10
25 1 35
84 1 30
79 2 82
7 5 10
53 1 40
10 2 54
51 1 26
48 1 75
31 1 30
33 1 32
17 1 7
24 1 10
56 1 30
7 2 22
15 1 12
38 1 37
88 2 87
75 2 83
40 1 52
30 1 22
6 1 4
7 2 28
6 1 5
4 2 5
10 2 80
25 1 10
46 1 7
80 1 30
30 1 35
7 1 23
79 1 27
37 1 52
10 2 28
87 2 89
36 1 25
35 1 7
10 2 22
12 1 10
87 1 7
37 1 79
14 1 10
57 2 27
89 1 20
7 4 10
26 2 31
20 1 16
16 1 15
10 1 33
42 1 38
10 7 7
49 2 31
12 2 10
54 1 18
12 1 13
82 1 87
24 1 33
89 1 12
7 1 10
63 2 52
73 1 12
49 1 25
45 1 14
26 1 17
10 2 81
30 1 29
28 2 29
40 1 42
32 1 30
50 1 25
27 2 72
22 2 24
30 1 55
10 2 20
82 1 89
7 1 28
15 1 10
7 1 33
48 1 83
30 1 7
45 2 73
40 1 57
57 2 52
10 4 7
57 1 25
79 1 63
90 1 40
54 1 16
87 1 54
63 2 57
42 1 56
23 1 32
27 1 15
15 1 14
10 2 23
3 1 1
85 1 84
52 2 36
10 2 37
86 1 85
40 1 53
48 1 45
63 1 17
31 2 50
3 1 2
31 2 84
25 1 55
22 2 55
73 2 45
7 1 81
1 2 2
87 1 14
82 1 88
7 2 20
15 1 7
36 6 45
22 2 10
45 1 12
72 1 37
48 1 3
34 1 25
25 1 7
23 1 34
27 1 17
15 1 26
10 1 28
45 1 20
73 1 40
85 1 49
90 1 10
90 2 45
6 2 75
17 1 14
54 2 40
51 1 50
28 2 22
7 2 33
30 1 10
56 2 37
90 1 54
85 2 40
34 1 30
10 2 33
40 1 72
7 2 81
7 2 11
35 1 10
52 2 57
48 1 6
40 1 63
37 1 86
26 1 30
88 1 7
12 2 7
53 2 63
14 2 7
30 1 24
37 1 36
7 1 80
57 1 30
56 2 38
83 1 10
40 1 27
37 1 57
52 1 25
37 1 82
15 1 23
48 1 73
25 1 24
25 1 29
32 2 34
83 2 90
45 1 37
81 1 25
25 1 28
14 1 11
81 1 30
33 1 34
7 2 54
73 1 54
48 1 90
80 1 25
17 1 12
51 1 31
28 2 7
10 1 7
18 1 17
31 1 25
? 1 github_cpp_program_data/1/498.cpp

37 1 63
7 7 10
90 1 37
39 1 30
28 2 55
20 1 18
82 1 45
90 1 99
100 2 14
101 1 96
118 1 40
101 2 118
73 1 37
9 2 57
22 2 7
106 1 112
42 2 39
10 1 81
41 2 52
20 2 37
35 1 23
40 1 8
102 2 27
30 1 28
65 2 10
7 1 22
14 1 7
45 2 73
24 1 23
7 2 26
57 2 41
82 1 27
57 2 42
28 2 10
52 1 30
73 1 7
12 2 10
10 1 11
35 1 33
17 1 26
7 1 33
24 1 7
45 1 54
112 2 73
24 2 28
10 1 80
63 1 15
96 2 19
18 2 16
52 2 98
7 2 23
32 1 25
6 2 101
48 1 118
17 1 10
73 1 10
25 1 7
117 2 40
118 1 10
40 1 9
106 2 79
7 5 10
6 1 4
3 2 6
97 2 40
10 2 54
12 1 10
27 2 102
37 1 42
34 2 32
112 1 54
54 2 37
33 1 32
8 1 1
98 1 10
15 1 7
16 1 17
24 1 10
16 1 14
36 6 45
101 1 7
12 1 65
15 1 12
15 1 33
102 1 12
32 2 34
40 1 52
7 1 80
30 1 10
18 1 15
7 2 28
6 1 5
4 2 5
10 2 80
38 1 40
102 2 63
14 1 10
80 1 30
30 1 35
14 2 10
22 2 35
96 2 7
42 1 31
37 1 52
10 2 28
10 1 23
36 1 25
35 1 7
18 1 14
11 2 81
81 1 30
17 1 33
19 2 7
57 2 27
118 2 45
16 2 18
102 1 14
7 4 10
20 1 16
16 1 15
10 1 33
99 2 37
42 1 38
40 1 41
48 1 73
54 1 18
12 1 13
73 1 100
97 1 10
27 2 52
24 1 33
45 2 27
7 1 10
6 2 3
73 1 12
57 1 25
45 1 14
7 2 11
45 1 19
30 1 29
28 2 29
32 1 30
37 1 39
63 2 57
45 1 7
106 1 73
30 1 55
10 1 22
39 6 73
19 2 12
7 1 28
57 1 30
15 1 10
98 1 12
112 1 117
112 1 7
101 1 37
9 1 1
30 1 7
10 5 7
14 1 19
40 1 57
57 2 52
10 4 7
25 1 22
79 1 63
54 1 16
37 1 98
102 1 7
45 1 100
1 2 7
23 1 32
27 1 15
15 1 14
48 1 101
10 2 23
73 1 14
3 1 1
118 1 97
7 2 22
106 1 98
100 1 20
117 1 35
48 1 45
18 1 7
3 1 2
29 2 22
25 1 55
45 1 96
100 2 12
7 1 81
1 2 2
7 2 20
17 1 7
45 1 40
22 2 10
54 2 99
45 1 12
25 1 10
102 1 10
34 1 25
118 1 96
19 2 40
54 2 117
23 1 34
27 1 17
7 1 23
10 1 28
18 1 10
16 1 10
7 2 13
10 2 97
40 1 106
90 1 10
41 1 4
90 2 45
17 1 14
52 2 8
17 1 23
55 2 22
98 2 63
48 1 3
28 2 22
7 2 33
25 1 29
90 1 54
10 2 13
10 2 33
37 1 102
7 2 81
12 1 7
35 1 10
52 2 57
48 1 6
52 2 9
25 1 35
26 1 30
73 1 20
12 2 7
7 2 37
14 2 7
30 1 24
37 1 36
30 1 22
34 1 30
10 2 22
37 1 57
52 1 25
37 1 82
63 2 27
8 1 7
96 1 20
37 1 27
25 1 24
31 2 38
97 1 65
35 2 28
112 1 40
10 2 11
54 2 19
40 1 79
45 1 37
98 2 112
99 1 24
81 1 25
25 1 28
14 1 11
18 1 12
33 1 34
96 2 10
7 2 54
73 1 54
35 2 22
16 1 12
17 1 12
14 1 13
8 2 57
28 2 7
10 1 7
82 1 90
18 1 17
16 1 7
31 1 25
? 1 github_cpp_program_data/1/509.cpp

37 1 63
7 7 10
20 1 18
10 2 26
90 1 99
30 1 35
27 2 63
12 1 11
51 2 40
22 2 7
14 2 10
10 1 81
98 2 73
63 2 52
75 1 46
65 2 10
82 1 73
14 1 7
45 2 73
24 1 23
95 2 63
98 2 102
37 1 52
7 2 13
9 2 83
35 1 33
17 1 26
7 1 33
98 1 7
62 1 37
8 1 4
24 2 28
7 1 110
35 2 22
63 1 15
17 2 15
53 1 51
7 2 23
57 2 36
40 1 63
83 1 37
84 1 30
7 5 10
18 1 14
51 1 26
48 1 75
63 2 86
40 1 42
26 1 25
98 1 10
16 1 17
56 1 30
7 2 22
15 1 12
63 2 53
40 1 52
18 1 15
8 2 75
3 2 8
4 2 5
42 1 43
49 1 30
25 1 10
14 1 13
80 1 30
28 2 24
96 2 7
42 1 31
45 1 10
10 2 28
81 1 30
106 1 102
14 1 10
56 1 25
85 1 26
102 1 14
26 2 31
20 1 16
98 1 12
65 2 14
42 1 38
27 2 52
23 1 34
48 1 8
73 1 12
45 1 14
30 1 29
28 2 29
40 1 36
64 1 41
106 1 73
84 1 25
30 1 55
52 2 64
10 1 22
15 1 26
7 1 28
111 2 10
16 1 15
110 2 10
52 2 42
65 2 37
30 1 7
10 5 7
40 1 57
57 2 52
25 1 22
73 1 40
54 1 16
37 1 98
102 1 7
23 1 32
15 1 14
48 1 101
3 1 1
85 1 84
22 2 35
63 2 64
48 1 45
63 1 17
25 1 55
37 1 105
73 1 14
47 1 7
7 2 20
15 1 7
45 1 40
40 1 64
31 2 38
24 1 33
48 1 3
34 1 25
25 1 7
19 2 40
46 1 10
101 1 100
7 1 23
16 1 10
85 1 49
40 1 106
53 2 86
90 2 45
17 1 14
17 1 23
100 2 7
27 2 57
55 2 22
51 1 50
7 2 33
25 1 29
18 1 17
90 1 54
7 2 80
10 2 13
22 2 24
37 1 102
100 1 54
7 2 11
35 1 10
52 2 57
48 1 6
52 2 53
37 1 86
63 2 98
22 2 55
12 2 7
14 2 7
30 1 24
7 1 80
57 1 30
65 2 7
10 2 20
52 1 25
63 2 27
15 1 23
37 1 27
41 1 40
35 2 28
14 1 65
99 1 24
56 2 62
31 2 62
33 1 34
51 1 56
85 1 56
50 1 25
17 1 12
105 1 27
82 1 90
62 2 41
82 2 105
31 1 25
90 1 37
75 2 9
28 2 55
73 2 45
82 1 45
99 1 35
17 1 49
79 2 82
73 1 37
10 2 80
105 1 63
64 2 52
28 2 35
20 2 37
35 1 23
30 1 28
7 1 22
64 1 62
7 2 26
54 2 65
101 1 40
28 2 10
12 1 19
7 2 81
52 1 30
73 1 7
86 1 40
20 2 19
24 1 7
45 1 54
10 2 49
85 1 31
10 1 80
18 2 16
79 1 98
32 1 25
17 1 10
25 1 35
73 1 10
26 1 30
53 1 40
10 2 54
34 2 32
31 1 30
33 1 32
65 2 40
15 1 10
10 1 111
64 1 56
101 1 7
37 1 53
15 1 33
38 1 37
50 1 30
30 1 22
6 1 4
73 1 65
26 2 56
96 1 20
7 2 49
10 1 110
111 2 7
10 1 23
35 1 7
32 2 34
24 2 22
12 1 10
37 1 79
19 2 7
37 1 64
7 4 10
10 1 33
99 2 37
10 7 7
49 2 31
52 2 63
54 1 18
12 1 13
1 2 2
7 1 10
6 2 3
49 1 25
7 2 37
49 2 56
85 2 40
32 1 30
22 2 29
45 1 7
86 2 27
3 2 6
24 1 10
48 1 83
9 1 1
73 1 54
14 1 19
98 2 27
10 4 7
48 1 9
57 1 25
15 2 17
106 1 98
86 1 85
10 2 23
12 1 65
64 1 31
101 2 45
81 1 25
27 1 15
45 1 19
40 1 53
27 2 102
90 1 7
3 1 2
51 2 37
31 2 84
24 2 35
7 1 81
56 2 84
17 1 7
36 6 45
54 2 99
38 1 40
102 1 10
35 2 24
27 1 17
10 1 28
18 1 10
45 1 20
53 1 37
56 2 50
57 2 63
95 1 47
98 1 14
22 2 10
83 2 101
54 2 40
36 1 30
28 2 22
30 1 10
19 2 37
38 2 43
10 2 33
7 2 28
12 1 7
10 2 81
6 1 5
73 1 20
19 2 10
52 2 27
34 1 30
10 2 22
37 1 57
37 1 82
8 1 7
12 2 10
25 1 24
43 1 37
83 1 96
10 2 11
16 2 18
40 1 95
45 1 37
7 2 40
25 1 28
14 1 11
83 1 7
4 2 7
102 2 63
7 1 111
7 2 54
79 1 102
80 1 25
102 2 98
28 2 7
10 1 7
16 1 12
? 1 github_cpp_program_data/1/510.cpp

37 1 63
7 7 10
90 1 37
39 1 30
28 2 55
20 1 18
82 1 45
90 1 99
100 2 14
101 1 96
118 1 40
101 2 118
73 1 37
9 2 57
22 2 7
106 1 112
42 2 39
10 1 81
41 2 52
20 2 37
35 1 23
40 1 8
102 2 27
30 1 28
65 2 10
7 1 22
14 1 7
45 2 73
24 1 23
7 2 26
57 2 41
82 1 27
57 2 42
28 2 10
52 1 30
73 1 7
12 2 10
10 1 11
35 1 33
17 1 26
7 1 33
24 1 7
45 1 54
112 2 73
24 2 28
10 1 80
63 1 15
96 2 19
18 2 16
52 2 98
7 2 23
32 1 25
6 2 101
48 1 118
17 1 10
73 1 10
25 1 7
117 2 40
118 1 10
40 1 9
106 2 79
7 5 10
6 1 4
3 2 6
97 2 40
10 2 54
12 1 10
27 2 102
37 1 42
34 2 32
112 1 54
54 2 37
33 1 32
8 1 1
98 1 10
15 1 7
16 1 17
24 1 10
16 1 14
36 6 45
101 1 7
12 1 65
15 1 12
15 1 33
102 1 12
32 2 34
40 1 52
7 1 80
30 1 10
18 1 15
7 2 28
6 1 5
4 2 5
10 2 80
38 1 40
102 2 63
14 1 10
80 1 30
30 1 35
14 2 10
22 2 35
96 2 7
42 1 31
37 1 52
10 2 28
10 1 23
36 1 25
35 1 7
18 1 14
11 2 81
81 1 30
17 1 33
19 2 7
57 2 27
118 2 45
16 2 18
102 1 14
7 4 10
20 1 16
16 1 15
10 1 33
99 2 37
42 1 38
40 1 41
48 1 73
54 1 18
12 1 13
73 1 100
97 1 10
27 2 52
24 1 33
45 2 27
7 1 10
6 2 3
73 1 12
57 1 25
45 1 14
7 2 11
45 1 19
30 1 29
28 2 29
32 1 30
37 1 39
63 2 57
45 1 7
106 1 73
30 1 55
10 1 22
39 6 73
19 2 12
7 1 28
57 1 30
15 1 10
98 1 12
112 1 117
112 1 7
101 1 37
9 1 1
30 1 7
10 5 7
14 1 19
40 1 57
57 2 52
10 4 7
25 1 22
79 1 63
54 1 16
37 1 98
102 1 7
45 1 100
1 2 7
23 1 32
27 1 15
15 1 14
48 1 101
10 2 23
73 1 14
3 1 1
118 1 97
7 2 22
106 1 98
100 1 20
117 1 35
48 1 45
18 1 7
3 1 2
29 2 22
25 1 55
45 1 96
100 2 12
7 1 81
1 2 2
7 2 20
17 1 7
45 1 40
22 2 10
54 2 99
45 1 12
25 1 10
102 1 10
34 1 25
118 1 96
19 2 40
54 2 117
23 1 34
27 1 17
7 1 23
10 1 28
18 1 10
16 1 10
7 2 13
10 2 97
40 1 106
90 1 10
41 1 4
90 2 45
17 1 14
52 2 8
17 1 23
55 2 22
98 2 63
48 1 3
28 2 22
7 2 33
25 1 29
90 1 54
10 2 13
10 2 33
37 1 102
7 2 81
12 1 7
35 1 10
52 2 57
48 1 6
52 2 9
25 1 35
26 1 30
73 1 20
12 2 7
7 2 37
14 2 7
30 1 24
37 1 36
30 1 22
34 1 30
10 2 22
37 1 57
52 1 25
37 1 82
63 2 27
8 1 7
96 1 20
37 1 27
25 1 24
31 2 38
97 1 65
35 2 28
112 1 40
10 2 11
54 2 19
40 1 79
45 1 37
98 2 112
99 1 24
81 1 25
25 1 28
14 1 11
18 1 12
33 1 34
96 2 10
7 2 54
73 1 54
35 2 22
16 1 12
17 1 12
14 1 13
8 2 57
28 2 7
10 1 7
82 1 90
18 1 17
16 1 7
31 1 25
? 1 github_cpp_program_data/1/518.cpp

? 1 github_cpp_program_data/1/520.cpp

37 1 63
7 7 10
28 2 55
20 1 18
10 2 26
7 1 33
72 1 56
27 2 63
12 1 11
73 1 37
22 2 7
14 2 10
15 1 49
28 2 35
20 2 37
35 1 23
30 1 28
7 1 22
14 1 7
31 2 84
45 2 73
24 1 23
7 2 26
22 2 55
12 1 19
37 1 52
7 2 13
73 1 7
35 1 33
17 1 49
24 1 7
10 2 49
24 2 28
85 1 31
35 2 22
73 1 10
53 1 51
7 2 23
32 1 25
17 1 10
84 1 30
36 6 73
7 5 10
10 2 54
51 1 26
31 1 30
72 1 40
68 1 42
33 1 32
38 2 68
17 1 7
24 1 10
14 2 7
64 1 56
7 2 22
15 1 12
38 1 37
50 1 30
63 2 53
40 1 52
52 2 27
45 1 12
7 2 28
10 2 23
49 1 30
7 2 49
14 1 13
28 2 24
64 1 38
42 1 31
45 1 10
10 2 28
10 1 23
35 1 7
40 1 27
24 2 22
12 1 10
37 1 57
14 1 10
56 1 25
19 2 7
37 1 64
62 1 40
85 1 26
40 1 86
7 4 10
26 2 31
20 1 16
16 1 15
25 1 13
48 1 73
12 1 13
30 1 35
1 2 2
23 1 34
7 1 10
63 2 52
63 2 86
57 1 25
22 2 24
7 2 11
52 1 30
30 1 29
34 1 30
42 1 62
22 2 29
40 1 36
64 1 68
45 1 7
30 1 55
10 1 22
20 2 40
7 1 28
37 1 72
73 1 14
15 1 10
56 1 30
57 2 72
30 1 7
10 5 7
40 1 57
57 2 52
10 4 7
25 1 22
73 1 40
54 2 37
23 1 32
27 1 15
15 1 14
56 2 40
25 1 11
3 1 1
53 2 57
85 1 84
22 2 35
86 1 85
40 1 53
48 1 45
63 1 17
31 2 50
3 1 2
51 2 37
24 1 33
25 1 55
73 2 45
7 2 20
15 1 7
45 1 40
17 1 14
28 2 10
25 1 10
34 1 25
25 1 7
86 1 37
15 1 26
10 1 28
45 1 20
53 1 37
22 2 10
54 2 40
36 1 30
51 1 50
28 2 22
7 2 33
30 1 10
22 2 28
10 2 13
10 2 33
12 1 7
35 1 10
52 2 57
40 1 63
25 1 35
26 1 30
12 2 7
48 1 3
30 1 24
30 1 22
57 1 30
56 2 38
10 2 22
10 2 20
52 1 25
12 2 10
37 1 27
25 1 24
25 1 29
35 2 28
10 2 11
16 2 18
45 1 37
85 2 37
25 1 28
14 1 11
31 2 62
32 1 30
33 1 34
7 2 54
73 1 54
3 2 45
17 1 12
51 1 31
28 2 7
10 1 7
18 1 17
31 1 25
? 1 github_cpp_program_data/1/532.cpp

7 7 10
90 1 37
28 2 55
20 1 18
17 1 49
108 1 31
72 1 56
42 2 64
28 2 24
12 1 11
22 2 7
64 1 38
64 2 52
27 2 42
20 2 37
35 1 23
75 1 46
30 1 28
3 2 6
7 1 22
64 1 62
45 2 73
24 1 23
7 2 26
75 2 3
7 5 10
6 1 5
28 2 10
52 1 30
73 1 7
35 1 33
6 2 90
24 1 7
10 2 49
24 2 28
35 2 22
63 1 15
53 1 51
7 2 23
32 1 25
17 1 10
25 1 35
40 1 108
6 1 4
51 1 26
48 1 75
37 1 42
112 1 54
72 1 40
33 1 32
15 1 7
24 1 10
56 1 25
39 6 45
7 2 22
15 1 12
38 1 37
50 1 30
90 1 20
112 2 45
40 1 52
30 1 10
7 2 28
10 2 23
4 2 5
49 1 30
46 1 7
14 1 13
64 1 56
30 1 35
57 2 39
40 1 72
42 1 31
37 1 52
10 2 28
10 1 23
35 1 7
12 1 10
10 2 20
14 1 10
37 1 64
7 4 10
20 1 16
16 1 15
42 1 38
31 1 30
10 7 7
12 2 10
1 2 2
24 1 33
7 1 10
25 1 24
90 2 112
57 1 25
22 2 24
26 1 17
7 2 11
30 1 29
28 2 29
34 1 30
42 1 62
22 2 29
45 1 7
30 1 55
10 1 22
7 1 28
73 1 14
15 1 10
112 1 7
30 1 7
10 5 7
40 1 57
57 2 52
10 4 7
48 1 112
25 1 22
37 1 39
53 1 37
23 1 32
27 1 15
15 1 14
7 2 13
39 1 25
56 2 40
25 1 11
3 1 1
64 1 31
22 2 35
72 2 52
40 1 53
28 2 7
3 1 2
51 2 37
25 1 55
108 2 57
7 2 20
17 1 7
62 1 40
31 2 38
25 1 10
48 1 3
34 1 25
25 1 7
38 2 41
23 1 34
108 1 37
64 1 41
15 1 26
10 1 28
48 1 90
45 1 20
73 1 40
56 2 50
90 1 10
6 2 75
22 2 10
52 2 108
54 2 40
36 1 30
51 1 50
28 2 22
7 2 33
25 1 29
45 1 14
10 2 13
10 2 33
12 1 7
35 1 10
52 2 57
48 1 6
40 1 63
26 2 56
26 1 30
12 2 7
14 2 7
30 1 24
37 1 36
30 1 22
57 1 30
56 2 38
10 2 22
37 1 57
52 1 25
48 1 73
37 1 27
30 1 13
41 1 40
35 2 28
112 1 40
45 1 37
25 1 28
31 2 62
31 2 37
32 1 30
33 1 34
63 2 72
7 2 54
73 1 54
51 1 56
17 1 12
22 2 28
48 1 45
10 1 7
18 1 17
31 1 25
? 1 github_cpp_program_data/1/533.cpp

37 1 63
7 7 10
90 1 37
39 1 30
28 2 55
20 1 18
82 1 45
90 1 99
100 2 14
101 1 96
118 1 40
101 2 118
73 1 37
9 2 57
22 2 7
106 1 112
42 2 39
10 1 81
41 2 52
20 2 37
35 1 23
40 1 8
102 2 27
30 1 28
65 2 10
7 1 22
14 1 7
45 2 73
24 1 23
7 2 26
57 2 41
82 1 27
57 2 42
28 2 10
52 1 30
73 1 7
12 2 10
10 1 11
35 1 33
17 1 26
7 1 33
24 1 7
45 1 54
112 2 73
24 2 28
10 1 80
63 1 15
96 2 19
18 2 16
52 2 98
7 2 23
32 1 25
6 2 101
48 1 118
17 1 10
73 1 10
25 1 7
117 2 40
118 1 10
40 1 9
106 2 79
7 5 10
6 1 4
3 2 6
97 2 40
10 2 54
12 1 10
27 2 102
37 1 42
34 2 32
112 1 54
54 2 37
33 1 32
8 1 1
98 1 10
15 1 7
16 1 17
24 1 10
16 1 14
36 6 45
101 1 7
12 1 65
15 1 12
15 1 33
102 1 12
32 2 34
40 1 52
7 1 80
30 1 10
18 1 15
7 2 28
6 1 5
4 2 5
10 2 80
38 1 40
102 2 63
14 1 10
80 1 30
30 1 35
14 2 10
22 2 35
96 2 7
42 1 31
37 1 52
10 2 28
10 1 23
36 1 25
35 1 7
18 1 14
11 2 81
81 1 30
17 1 33
19 2 7
57 2 27
118 2 45
16 2 18
102 1 14
7 4 10
20 1 16
16 1 15
10 1 33
99 2 37
42 1 38
40 1 41
48 1 73
54 1 18
12 1 13
73 1 100
97 1 10
27 2 52
24 1 33
45 2 27
7 1 10
6 2 3
73 1 12
57 1 25
45 1 14
7 2 11
45 1 19
30 1 29
28 2 29
32 1 30
37 1 39
63 2 57
45 1 7
106 1 73
30 1 55
10 1 22
39 6 73
19 2 12
7 1 28
57 1 30
15 1 10
98 1 12
112 1 117
112 1 7
101 1 37
9 1 1
30 1 7
10 5 7
14 1 19
40 1 57
57 2 52
10 4 7
25 1 22
79 1 63
54 1 16
37 1 98
102 1 7
45 1 100
1 2 7
23 1 32
27 1 15
15 1 14
48 1 101
10 2 23
73 1 14
3 1 1
118 1 97
7 2 22
106 1 98
100 1 20
117 1 35
48 1 45
18 1 7
3 1 2
29 2 22
25 1 55
45 1 96
100 2 12
7 1 81
1 2 2
7 2 20
17 1 7
45 1 40
22 2 10
54 2 99
45 1 12
25 1 10
102 1 10
34 1 25
118 1 96
19 2 40
54 2 117
23 1 34
27 1 17
7 1 23
10 1 28
18 1 10
16 1 10
7 2 13
10 2 97
40 1 106
90 1 10
41 1 4
90 2 45
17 1 14
52 2 8
17 1 23
55 2 22
98 2 63
48 1 3
28 2 22
7 2 33
25 1 29
90 1 54
10 2 13
10 2 33
37 1 102
7 2 81
12 1 7
35 1 10
52 2 57
48 1 6
52 2 9
25 1 35
26 1 30
73 1 20
12 2 7
7 2 37
14 2 7
30 1 24
37 1 36
30 1 22
34 1 30
10 2 22
37 1 57
52 1 25
37 1 82
63 2 27
8 1 7
96 1 20
37 1 27
25 1 24
31 2 38
97 1 65
35 2 28
112 1 40
10 2 11
54 2 19
40 1 79
45 1 37
98 2 112
99 1 24
81 1 25
25 1 28
14 1 11
18 1 12
33 1 34
96 2 10
7 2 54
73 1 54
35 2 22
16 1 12
17 1 12
14 1 13
8 2 57
28 2 7
10 1 7
82 1 90
18 1 17
16 1 7
31 1 25
? 1 github_cpp_program_data/1/545.cpp

? 1 github_cpp_program_data/1/548.cpp

? 1 github_cpp_program_data/1/7.cpp

37 1 63
7 7 10
28 2 55
20 1 18
10 2 26
7 1 33
72 1 56
27 2 63
12 1 11
73 1 37
22 2 7
14 2 10
15 1 49
28 2 35
20 2 37
35 1 23
30 1 28
7 1 22
14 1 7
31 2 84
45 2 73
24 1 23
7 2 26
22 2 55
12 1 19
37 1 52
7 2 13
73 1 7
35 1 33
17 1 49
24 1 7
10 2 49
24 2 28
85 1 31
35 2 22
73 1 10
53 1 51
7 2 23
32 1 25
17 1 10
84 1 30
36 6 73
7 5 10
10 2 54
51 1 26
31 1 30
72 1 40
68 1 42
33 1 32
38 2 68
17 1 7
24 1 10
14 2 7
64 1 56
7 2 22
15 1 12
38 1 37
50 1 30
63 2 53
40 1 52
52 2 27
45 1 12
7 2 28
10 2 23
49 1 30
7 2 49
14 1 13
28 2 24
64 1 38
42 1 31
45 1 10
10 2 28
10 1 23
35 1 7
40 1 27
24 2 22
12 1 10
37 1 57
14 1 10
56 1 25
19 2 7
37 1 64
62 1 40
85 1 26
40 1 86
7 4 10
26 2 31
20 1 16
16 1 15
25 1 13
48 1 73
12 1 13
30 1 35
1 2 2
23 1 34
7 1 10
63 2 52
63 2 86
57 1 25
22 2 24
7 2 11
52 1 30
30 1 29
34 1 30
42 1 62
22 2 29
40 1 36
64 1 68
45 1 7
30 1 55
10 1 22
20 2 40
7 1 28
37 1 72
73 1 14
15 1 10
56 1 30
57 2 72
30 1 7
10 5 7
40 1 57
57 2 52
10 4 7
25 1 22
73 1 40
54 2 37
23 1 32
27 1 15
15 1 14
56 2 40
25 1 11
3 1 1
53 2 57
85 1 84
22 2 35
86 1 85
40 1 53
48 1 45
63 1 17
31 2 50
3 1 2
51 2 37
24 1 33
25 1 55
73 2 45
7 2 20
15 1 7
45 1 40
17 1 14
28 2 10
25 1 10
34 1 25
25 1 7
86 1 37
15 1 26
10 1 28
45 1 20
53 1 37
22 2 10
54 2 40
36 1 30
51 1 50
28 2 22
7 2 33
30 1 10
22 2 28
10 2 13
10 2 33
12 1 7
35 1 10
52 2 57
40 1 63
25 1 35
26 1 30
12 2 7
48 1 3
30 1 24
30 1 22
57 1 30
56 2 38
10 2 22
10 2 20
52 1 25
12 2 10
37 1 27
25 1 24
25 1 29
35 2 28
10 2 11
16 2 18
45 1 37
85 2 37
25 1 28
14 1 11
31 2 62
32 1 30
33 1 34
7 2 54
73 1 54
3 2 45
17 1 12
51 1 31
28 2 7
10 1 7
18 1 17
31 1 25
? 1 github_cpp_program_data/1/73.cpp

? 1 github_cpp_program_data/1/8.cpp

? 1 github_cpp_program_data/1/89.cpp

37 1 63
20 1 18
7 1 33
27 2 63
51 2 40
73 1 37
10 2 80
14 2 10
10 1 81
28 2 35
63 2 52
75 1 46
30 1 28
3 2 6
10 1 22
14 1 7
45 2 73
24 1 23
7 2 26
6 1 5
28 2 10
52 1 30
51 1 56
12 1 7
35 1 33
17 1 49
24 1 7
35 2 22
63 1 15
53 1 51
7 2 23
32 1 25
17 1 10
25 1 35
73 1 10
36 6 73
7 5 10
53 1 40
10 2 54
51 1 26
48 1 75
31 1 30
54 2 37
33 1 32
26 1 25
75 2 45
15 1 7
73 1 54
52 2 36
7 2 22
30 1 24
15 1 12
38 1 37
40 1 52
30 1 22
30 1 10
7 2 28
10 2 23
4 2 5
22 2 7
49 1 30
25 1 10
7 2 49
30 1 35
7 1 23
42 1 31
37 1 52
10 2 28
10 1 23
35 1 7
40 1 27
12 1 10
81 1 30
14 1 10
7 4 10
20 1 16
16 1 15
10 1 33
42 1 38
48 1 73
1 2 2
23 1 34
72 1 31
7 1 10
25 1 24
25 1 22
22 2 24
26 1 17
30 1 29
40 1 42
32 1 30
50 1 25
52 2 53
45 1 7
30 1 55
7 1 22
20 2 40
73 1 14
24 1 10
30 1 7
10 5 7
57 2 52
10 4 7
57 1 25
23 1 32
27 1 15
15 1 14
3 1 1
81 1 25
22 2 35
15 1 10
28 2 7
63 1 17
3 1 2
25 1 55
7 1 81
7 2 20
17 1 7
45 1 40
45 1 12
72 1 37
48 1 3
34 1 25
25 1 7
15 1 26
10 1 28
45 1 20
56 2 50
6 2 75
22 2 10
27 2 57
36 1 30
51 1 50
7 2 33
25 1 29
34 1 30
10 2 33
40 1 72
7 2 81
7 2 11
35 1 10
52 2 57
48 1 6
40 1 63
26 2 56
12 2 7
14 2 7
37 1 53
37 1 36
7 1 80
57 1 30
10 2 22
37 1 57
52 1 25
12 2 10
37 1 27
6 2 3
31 2 38
56 1 30
16 2 18
52 2 72
25 1 28
14 1 11
31 2 37
33 1 34
32 2 34
46 1 7
10 1 80
31 1 25
17 1 12
48 1 45
10 1 7
6 1 4
18 1 17
80 1 25
? 1 github_cpp_program_data/1/92.cpp

37 1 63
7 7 10
20 1 18
7 1 33
30 1 35
27 2 63
73 1 37
22 2 7
14 2 10
10 1 81
28 2 35
20 2 37
35 1 23
75 1 46
30 1 28
3 2 6
10 1 22
14 1 7
45 2 73
24 1 23
6 1 5
22 2 55
37 1 52
52 1 30
35 1 33
7 2 80
17 1 49
24 1 7
57 1 25
10 2 49
10 1 80
18 2 16
53 1 51
7 2 23
32 1 25
17 1 10
25 1 35
73 1 10
7 5 10
32 2 34
10 2 54
51 1 26
48 1 75
37 1 42
34 2 32
31 1 30
72 1 40
33 1 32
26 1 25
75 2 45
15 1 7
24 1 10
56 1 25
7 2 22
15 1 12
15 1 33
50 1 30
40 1 52
7 1 80
30 1 10
7 2 28
10 2 23
4 2 5
10 2 80
25 1 10
46 1 7
80 1 30
28 2 24
42 1 31
45 1 10
10 2 28
10 1 23
35 1 7
40 1 27
12 1 10
81 1 30
14 1 10
57 2 27
7 4 10
31 2 40
16 1 15
42 1 38
10 7 7
48 1 73
54 1 18
1 2 2
24 1 33
72 1 31
7 1 10
63 2 52
6 2 3
73 1 12
49 1 25
22 2 24
10 2 81
30 1 29
32 1 30
28 2 10
22 2 29
52 2 53
27 2 72
45 1 7
30 1 55
10 2 20
20 1 16
20 2 40
7 1 28
37 1 72
54 2 37
15 1 10
30 1 7
10 5 7
40 1 57
57 2 52
10 4 7
25 1 22
54 1 16
23 1 32
27 1 15
15 1 14
3 1 1
40 1 53
48 1 45
63 1 17
3 1 2
51 2 37
25 1 55
73 2 45
7 1 81
7 2 20
17 1 7
45 1 40
17 1 14
45 1 12
38 1 40
48 1 3
34 1 25
25 1 7
23 1 34
7 1 23
10 1 28
45 1 20
53 1 37
56 2 50
22 2 10
27 2 57
51 1 50
7 2 33
25 1 29
45 1 14
34 1 30
10 2 33
7 2 81
12 1 7
35 1 10
52 2 57
48 1 6
40 1 63
26 2 56
12 2 7
14 2 7
30 1 24
30 1 22
57 1 30
10 2 22
37 1 57
52 1 25
63 2 27
12 2 10
37 1 27
25 1 24
31 2 38
16 2 18
45 1 37
81 1 25
25 1 28
3 2 75
33 1 34
73 1 54
51 1 56
17 1 12
28 2 7
10 1 7
6 1 4
18 1 17
80 1 25
? 1 github_cpp_program_data/1/99.cpp

