12 2 7
40 1 39
49 1 25
7 1 22
52 1 30
40 1 63
7 2 81
56 2 37
85 1 49
35 1 7
12 1 10
35 1 23
40 1 53
10 1 81
25 1 24
78 1 77
46 1 7
22 2 7
20 1 18
72 1 37
30 2 25
7 2 49
22 2 55
10 7 7
26 1 17
17 1 14
45 1 10
39 1 25
15 1 33
80 1 30
25 2 30
10 1 80
29 2 28
10 2 20
24 1 23
22 2 35
32 1 30
30 1 22
51 2 37
86 1 40
3 1 2
10 2 22
86 1 85
37 1 53
108 1 56
4 2 5
15 1 26
53 1 37
26 2 56
3 1 1
10 1 28
15 1 7
28 2 10
76 2 77
27 2 52
22 2 10
49 2 31
23 1 32
32 2 34
7 1 81
49 1 30
78 2 45
16 1 15
57 2 86
78 1 4
52 1 25
28 2 24
85 1 56
25 1 29
40 1 86
48 1 78
45 1 20
10 2 81
31 2 50
10 2 80
24 1 7
23 1 34
10 2 28
55 2 22
37 1 30
17 2 15
51 1 56
85 2 37
57 1 30
10 2 26
48 1 75
45 1 14
85 1 26
85 1 84
56 1 30
81 1 25
31 2 37
57 2 63
45 1 12
37 1 57
73 2 45
63 1 17
35 1 10
7 2 23
42 1 31
7 4 10
25 1 55
33 1 34
108 1 37
3 2 75
36 6 45
24 1 10
31 2 84
34 1 25
3 2 6
27 2 57
10 1 7
36 1 25
37 1 86
57 2 72
26 2 31
73 1 7
40 1 52
10 2 11
1 2 2
30 1 29
51 1 31
54 1 16
28 2 7
7 2 22
10 1 23
30 1 7
76 1 10
56 1 25
18 2 16
75 2 78
10 2 49
14 2 7
17 1 7
40 1 57
7 1 23
40 1 72
38 1 37
33 1 32
55 2 28
6 1 4
14 1 11
10 4 7
10 1 22
52 2 57
40 1 36
28 2 55
53 1 51
27 1 15
7 2 28
25 1 7
7 1 80
30 1 35
10 5 7
86 2 53
25 1 40
51 1 26
31 1 30
57 2 52
12 1 13
53 2 36
22 2 28
40 1 42
30 1 24
48 1 6
7 2 33
42 1 38
37 1 27
15 1 23
31 1 25
81 1 30
84 1 30
29 2 22
30 1 55
25 1 10
25 1 28
108 2 39
17 1 33
75 1 46
40 1 27
40 1 108
73 1 40
7 2 11
7 5 10
81 2 80
15 1 10
20 1 16
30 1 37
73 1 54
35 1 33
85 1 31
40 1 25
17 1 10
52 2 36
7 2 26
57 1 25
15 1 49
25 1 22
37 1 52
27 2 63
72 1 31
63 2 27
27 1 17
25 1 35
12 2 10
86 1 37
80 2 81
51 1 50
54 1 18
56 2 84
7 7 10
12 1 7
14 1 7
30 1 10
37 1 25
7 2 13
10 2 33
48 1 73
20 2 40
86 2 57
32 1 25
12 1 11
45 1 40
6 2 3
78 1 76
7 1 10
14 2 10
30 1 28
48 1 3
10 1 33
26 1 15
34 2 32
37 1 63
18 1 17
6 1 5
7 2 80
51 2 40
72 2 57
45 2 73
73 1 14
22 2 29
80 1 25
31 2 38
24 2 22
85 2 40
15 1 12
7 2 54
10 2 23
16 2 18
63 2 52
53 2 57
50 1 25
15 1 14
53 1 40
56 2 50
17 1 49
26 1 30
63 1 15
40 1 30
57 2 53
28 2 29
48 1 45
39 6 73
54 2 40
14 1 10
63 2 86
7 1 33
17 1 12
4 2 76
34 1 30
84 1 25
27 2 108
? 1 github_cpp_program_data/45/100.cpp

12 2 7
40 1 39
49 1 25
35 1 10
7 1 22
52 1 30
82 1 63
56 2 38
28 2 10
7 2 81
35 1 7
52 2 39
27 2 90
73 1 10
42 1 31
35 1 23
10 1 81
106 1 45
25 1 24
99 2 40
20 1 18
7 2 49
117 1 35
10 7 7
33 1 34
17 1 14
90 1 40
39 1 25
7 1 28
15 1 10
80 1 30
54 1 18
10 2 20
82 1 112
73 1 12
32 1 30
30 1 22
112 1 99
10 2 22
37 1 53
12 1 10
10 2 40
7 1 81
22 2 7
31 2 62
10 1 28
37 1 63
90 1 7
23 1 32
32 2 34
49 1 30
42 2 52
16 1 15
7 2 80
52 1 25
7 4 10
25 1 29
36 6 73
45 1 20
31 2 38
82 1 27
54 1 16
10 2 80
24 1 7
23 1 34
62 1 40
118 1 40
57 1 30
35 2 24
112 1 7
32 1 25
90 1 20
81 1 25
7 2 54
73 1 37
45 1 12
63 1 17
10 1 7
112 1 10
7 2 23
7 2 37
25 1 55
26 1 17
24 1 10
112 1 40
34 1 25
24 1 23
37 1 64
101 1 7
54 2 99
10 2 54
40 1 52
48 1 101
30 1 29
106 1 112
64 1 31
25 1 10
28 2 7
37 1 82
30 1 7
82 1 90
20 2 37
56 1 25
18 2 16
90 1 10
14 2 7
17 1 7
40 1 57
7 1 23
22 2 10
63 2 64
38 1 37
101 2 118
16 1 17
33 1 32
112 1 54
36 1 30
15 1 26
10 4 7
10 1 22
52 2 57
90 2 112
106 1 73
28 2 55
54 2 37
53 1 51
53 1 40
7 2 28
25 1 7
7 1 80
30 1 35
10 5 7
117 1 24
51 1 26
31 1 30
57 2 52
10 2 81
40 1 42
112 1 117
7 2 33
42 1 38
99 1 24
14 1 7
31 1 25
81 1 30
118 1 10
37 1 36
7 2 20
30 1 55
10 2 23
10 2 28
14 1 10
22 2 35
30 1 24
24 1 33
42 1 56
45 1 10
26 1 25
7 5 10
45 2 73
117 2 37
73 1 54
35 1 33
94 1 30
17 1 10
112 1 37
7 2 26
57 1 25
15 1 49
25 1 22
37 1 52
27 2 63
63 2 27
25 1 35
12 2 10
28 2 35
10 1 80
40 1 106
12 1 7
30 1 10
106 1 90
10 2 33
18 1 15
64 1 62
54 2 117
45 1 40
101 1 37
90 1 37
7 1 10
14 2 10
30 1 28
37 1 42
10 1 33
34 2 32
63 2 90
15 1 7
18 1 17
106 1 27
48 1 118
51 2 40
22 2 29
80 1 25
17 1 94
15 1 12
24 2 35
16 2 18
15 1 14
27 1 15
17 1 49
20 2 40
63 1 15
52 2 53
106 1 63
25 1 28
10 2 94
112 2 45
53 2 36
34 1 30
7 2 22
99 1 35
? 1 github_cpp_program_data/45/102.cpp

12 2 7
40 1 39
49 1 25
22 2 10
7 1 22
52 1 30
73 1 12
40 1 63
7 2 81
56 2 37
85 1 49
35 1 7
25 1 55
90 1 99
73 1 10
35 1 23
10 1 81
25 1 24
28 2 10
20 1 18
72 1 37
7 2 49
7 2 23
101 2 63
52 1 22
10 7 7
32 2 34
17 1 14
25 2 22
34 2 32
7 1 28
15 1 10
28 2 22
80 1 30
54 1 18
10 2 20
24 1 23
72 2 36
32 1 30
30 1 22
27 2 45
63 1 15
10 2 22
86 1 85
37 1 53
108 1 56
10 2 40
7 1 81
22 2 7
15 1 7
7 5 10
90 1 7
49 2 31
40 1 82
23 1 32
30 2 22
51 1 49
49 1 30
16 1 15
28 2 25
40 1 72
10 1 23
28 2 24
22 2 35
25 1 29
49 1 17
82 1 27
54 1 16
10 2 80
24 1 7
23 1 34
10 2 28
17 2 15
51 1 56
30 1 29
57 1 30
35 2 24
10 2 26
45 1 14
19 2 7
85 1 84
56 1 30
81 1 25
31 2 37
45 1 12
37 1 57
73 2 45
63 1 17
52 1 28
35 1 10
22 2 55
17 1 26
42 1 31
73 1 20
33 1 34
108 1 37
36 6 45
12 1 10
99 2 37
30 2 28
45 1 7
7 1 80
15 1 12
7 4 10
10 1 7
63 2 108
37 1 86
20 2 99
82 1 90
73 1 7
40 1 52
101 1 40
48 1 101
45 1 54
7 2 33
25 1 10
12 1 19
28 2 7
45 2 73
52 1 25
30 1 7
48 1 27
56 1 25
18 2 16
39 1 30
10 2 49
17 1 7
25 1 7
7 1 23
84 1 25
38 1 37
16 1 17
33 1 32
36 1 30
15 1 26
10 4 7
10 1 22
24 2 28
40 1 36
28 2 55
54 2 37
53 1 51
27 1 15
7 2 28
34 1 25
30 1 35
10 5 7
57 1 28
31 1 30
57 2 52
15 2 17
37 1 52
10 2 81
49 1 15
30 1 55
30 1 24
50 1 30
42 1 38
99 1 24
22 2 25
37 1 27
14 1 7
31 1 25
45 1 40
7 2 20
40 1 42
24 1 10
14 1 10
108 2 39
17 1 33
24 1 33
40 1 27
27 2 90
40 1 108
73 1 40
26 1 25
52 2 57
101 1 10
20 1 16
85 2 37
35 1 33
85 1 31
17 1 10
39 6 73
22 2 30
7 2 26
57 1 25
86 2 53
25 1 22
14 2 7
27 2 63
63 2 27
27 1 17
25 1 35
12 2 10
86 1 37
22 2 24
28 2 35
51 1 50
10 1 80
12 1 7
7 7 10
30 1 10
52 2 72
27 2 57
10 2 33
48 1 73
18 1 15
25 2 28
32 1 25
81 1 30
63 2 101
90 1 37
7 1 10
48 1 63
14 2 10
30 1 28
45 1 37
10 1 33
90 1 20
18 1 17
7 2 80
51 2 40
73 1 14
27 2 86
80 1 25
31 2 38
40 1 57
7 2 54
10 2 23
24 2 35
16 2 18
31 2 84
53 2 57
15 1 14
53 1 40
56 2 50
17 1 49
20 2 40
26 1 30
72 1 31
52 2 53
28 2 29
48 1 45
22 2 28
54 2 40
25 1 28
7 1 33
17 1 12
49 2 56
34 1 30
7 2 22
99 1 35
? 1 github_cpp_program_data/45/107.cpp

12 2 7
85 1 26
82 1 63
28 2 10
7 2 81
56 2 37
85 1 49
35 1 7
73 1 10
89 1 10
10 2 11
40 1 53
49 1 25
37 1 72
46 1 7
10 2 13
38 1 40
7 2 49
6 2 75
26 1 17
17 1 14
45 1 10
34 2 32
27 2 90
15 1 10
57 2 36
37 1 61
54 1 18
27 2 108
10 2 22
108 1 56
4 2 5
7 1 81
22 2 7
3 1 1
10 1 28
101 2 98
53 2 52
90 1 7
62 1 37
23 1 32
87 1 7
14 1 13
51 1 49
48 1 87
16 1 15
57 2 86
10 1 23
85 1 56
25 1 29
52 2 108
52 2 59
37 1 36
28 2 81
51 1 56
57 1 30
10 2 26
10 2 20
45 1 37
51 2 37
7 2 54
37 1 57
73 2 45
63 1 17
22 2 55
17 1 26
73 1 20
33 1 34
12 1 10
31 2 84
3 2 6
80 2 22
37 1 64
63 2 108
57 2 72
26 2 31
35 2 28
101 1 40
30 1 29
7 2 33
64 1 31
54 1 16
28 2 7
45 2 73
25 1 81
42 2 52
56 1 25
10 2 54
25 1 7
40 1 72
48 1 89
48 1 101
37 1 52
22 2 35
6 1 4
15 1 26
24 2 28
36 6 45
7 1 80
30 1 35
51 1 26
31 1 30
57 2 52
12 1 13
22 2 28
40 1 42
64 2 57
30 1 24
48 1 6
42 1 38
31 1 25
81 1 30
84 1 30
7 2 20
10 2 23
25 1 28
89 1 7
37 1 39
39 6 45
108 2 61
40 1 27
42 1 56
42 2 57
73 1 40
7 2 11
7 5 10
15 1 33
56 1 30
40 1 61
17 1 10
7 2 26
57 1 25
25 1 22
27 2 63
27 1 17
12 2 10
64 1 56
41 1 37
45 1 54
10 1 80
12 1 7
48 1 98
52 2 72
37 1 108
56 2 62
6 2 3
90 1 37
7 1 10
14 2 10
30 1 28
10 1 33
26 1 15
15 1 7
6 1 5
51 2 40
72 2 57
73 1 14
27 2 86
80 1 25
24 2 22
85 2 40
40 1 63
16 2 18
15 1 14
53 1 40
15 2 17
20 2 40
26 1 30
63 1 15
64 2 61
54 2 40
64 1 62
57 2 53
7 1 33
17 1 12
87 1 10
49 2 56
80 2 28
89 2 45
7 1 22
52 1 30
73 1 12
38 1 37
56 2 38
27 2 52
87 1 14
87 1 12
87 2 89
35 1 23
10 1 81
25 1 24
42 1 41
20 1 18
72 1 37
10 7 7
39 1 25
85 1 84
7 1 28
48 1 3
80 1 30
24 1 23
36 1 30
32 1 30
30 1 22
86 1 40
3 1 2
86 1 85
37 1 53
10 2 40
14 1 11
53 1 37
26 2 56
31 2 62
10 4 7
37 1 63
49 2 31
40 1 82
49 1 30
52 2 57
7 4 10
40 1 86
40 1 36
82 1 27
31 2 50
10 2 80
24 1 7
23 1 34
62 1 40
85 2 37
31 2 40
22 2 24
32 1 25
22 2 29
81 1 25
14 1 19
38 2 41
7 2 22
35 1 10
7 2 23
42 1 31
25 1 55
108 1 37
25 1 80
24 1 10
89 2 87
34 1 25
52 2 63
10 1 7
36 1 25
37 1 86
72 2 86
40 1 64
82 1 90
40 1 52
16 1 17
1 2 2
51 1 31
25 1 10
30 1 81
52 1 25
30 1 7
20 2 37
18 2 16
10 2 49
17 1 7
40 1 57
7 1 23
22 2 10
108 2 57
33 1 32
72 1 56
10 1 22
84 1 25
48 1 75
28 2 55
40 1 59
28 2 22
54 2 37
53 1 51
27 1 15
7 2 28
12 1 11
29 2 28
10 5 7
89 1 20
31 2 38
17 1 49
10 2 81
108 1 31
55 2 22
30 1 55
50 1 30
28 2 80
89 1 14
14 1 7
49 1 15
45 1 40
86 2 27
108 1 40
108 2 63
10 2 28
14 1 10
98 1 7
75 1 46
40 1 108
101 1 10
20 1 16
35 1 33
85 1 31
72 1 40
15 1 49
14 2 7
63 2 27
25 1 35
17 2 15
86 1 37
28 2 35
51 1 50
56 2 84
7 7 10
30 1 10
7 2 13
10 2 33
48 1 73
18 1 15
75 2 101
86 2 57
19 2 7
86 2 42
32 2 34
37 1 42
98 2 87
90 1 20
18 1 17
29 2 22
7 2 80
22 2 81
15 1 12
24 1 33
31 2 37
53 2 72
87 1 54
52 2 64
53 2 57
50 1 25
56 2 50
89 1 12
72 1 31
52 2 53
45 1 12
28 2 29
48 1 45
39 6 73
98 1 12
63 2 86
34 1 30
108 2 39
? 1 github_cpp_program_data/45/11.cpp

57 2 108
12 2 7
40 1 39
49 1 25
39 6 45
52 1 30
82 1 63
56 2 38
28 2 10
7 2 81
35 1 7
73 1 10
10 1 81
52 2 42
37 1 72
78 1 77
76 1 7
46 1 7
20 1 18
7 2 49
63 2 45
52 1 22
10 7 7
14 2 7
17 1 14
25 2 22
39 1 25
42 1 56
15 1 10
10 4 7
37 1 42
80 1 30
10 1 80
24 1 23
22 2 35
32 1 30
30 1 22
63 1 15
3 1 2
10 2 22
102 1 7
37 1 53
12 1 10
4 2 5
7 1 81
22 2 7
31 2 62
3 1 1
10 1 28
15 1 7
53 2 36
76 2 77
27 2 52
22 2 10
23 1 32
32 2 34
108 2 52
56 2 40
51 1 49
101 2 27
42 2 52
16 1 15
28 2 25
78 1 4
19 2 10
52 1 25
7 4 10
93 1 92
25 1 29
36 6 73
45 1 20
10 2 81
3 2 78
10 2 80
24 1 7
23 1 34
62 1 40
17 2 15
57 1 30
31 2 40
10 2 26
15 1 94
32 1 25
45 1 37
56 1 30
81 1 25
7 2 54
73 1 37
45 1 12
37 1 57
73 2 45
63 1 17
52 1 28
35 1 10
22 2 55
17 1 26
42 1 31
25 1 55
33 1 34
24 1 10
30 2 28
45 1 7
12 2 10
34 1 25
94 1 25
15 1 12
37 2 15
10 1 7
48 1 102
36 1 25
25 1 10
57 2 72
15 1 26
48 1 27
25 1 24
40 1 52
16 1 17
1 2 2
30 1 29
7 2 33
64 1 31
54 1 16
28 2 7
37 1 82
10 1 23
30 1 7
20 2 37
48 1 98
18 2 16
10 2 54
17 1 7
40 1 57
73 1 7
12 1 19
7 2 94
38 1 37
93 1 1
48 1 101
33 1 32
3 2 6
10 2 37
36 1 30
27 2 63
6 1 4
78 1 76
72 1 56
30 2 22
52 2 57
48 1 75
28 2 30
54 2 37
53 1 51
27 1 15
7 2 28
25 1 7
7 1 80
30 1 35
10 5 7
52 2 39
31 1 30
57 2 52
25 1 35
108 1 31
49 1 15
30 1 55
30 1 24
48 1 6
42 1 38
22 2 25
37 1 27
14 1 7
31 1 25
81 1 30
37 1 36
7 2 20
40 1 42
10 2 23
10 2 28
25 1 28
1 2 91
37 1 39
98 1 7
75 1 46
48 1 78
7 2 23
26 1 25
7 5 10
101 1 10
20 1 16
73 1 54
35 1 33
102 2 27
17 1 10
22 2 30
27 2 53
7 2 26
57 1 25
15 1 49
25 1 22
37 1 52
27 2 101
27 1 17
93 1 91
48 1 93
22 2 24
28 2 35
54 1 18
52 2 27
12 1 7
7 7 10
30 1 10
72 2 39
10 2 33
48 1 73
18 1 15
25 2 28
64 1 62
48 1 63
45 1 40
6 2 3
101 1 37
63 2 57
102 1 14
14 2 10
30 1 28
48 1 3
10 1 33
34 2 32
37 1 63
18 1 17
6 1 5
7 2 80
51 2 40
108 1 40
45 2 73
73 1 14
22 2 29
80 1 25
31 2 38
98 2 102
91 2 92
91 1 10
72 1 40
37 1 108
101 1 15
16 2 18
15 1 14
53 1 40
15 2 17
20 2 40
26 1 30
93 2 75
75 2 98
48 1 45
98 1 12
14 1 10
17 1 12
4 2 76
34 1 30
7 2 22
37 1 64
78 2 93
? 1 github_cpp_program_data/45/112.cpp

12 2 7
40 1 39
49 1 25
22 2 10
27 2 108
52 1 30
82 1 63
48 1 89
56 2 38
22 2 55
7 2 81
87 1 14
35 1 7
57 2 52
87 2 89
73 1 10
35 1 23
40 1 53
10 1 81
37 1 72
78 1 77
46 1 7
22 2 7
20 1 18
38 1 40
7 2 49
6 2 75
78 2 98
33 1 34
17 1 14
40 1 108
34 2 32
42 1 56
15 1 10
10 4 7
37 1 42
80 1 30
10 1 80
29 2 28
10 2 20
24 1 23
73 1 12
32 1 30
30 1 22
104 2 28
63 1 15
3 1 2
104 1 33
86 1 85
25 1 103
12 1 10
87 1 12
4 2 5
7 1 81
53 1 37
26 2 56
31 2 62
3 1 1
10 1 28
15 1 7
28 2 10
76 2 77
52 2 59
103 1 33
49 2 31
62 1 37
23 1 32
87 1 7
64 1 41
56 2 40
51 1 49
48 1 87
49 1 30
89 2 87
16 1 15
57 2 86
40 1 72
10 1 23
28 2 24
85 1 56
25 1 29
49 1 17
48 1 78
45 1 20
82 1 27
31 2 50
10 2 80
24 1 7
23 1 34
62 1 40
17 2 15
37 1 59
57 1 30
31 2 40
10 2 26
48 1 75
45 1 14
85 1 26
85 1 84
56 1 30
81 1 25
7 2 54
26 2 31
73 1 37
12 1 19
37 1 57
63 2 53
73 2 45
63 1 17
10 1 7
35 1 10
7 2 23
17 1 26
42 1 31
25 1 55
26 1 17
108 1 37
55 2 28
25 1 104
24 1 10
45 1 7
34 1 25
19 2 7
7 4 10
37 1 64
36 6 73
51 2 37
101 1 7
57 2 72
48 1 98
15 1 26
40 1 64
48 1 27
25 1 24
40 1 52
98 2 27
16 1 17
75 2 78
27 2 53
1 2 2
7 2 37
30 1 29
51 1 31
64 1 31
25 1 10
62 2 41
28 2 7
37 1 82
52 1 25
30 1 7
76 1 10
20 2 37
72 1 40
18 2 16
39 1 30
10 2 49
14 2 7
17 1 7
40 1 57
7 1 23
84 1 25
53 2 52
32 2 34
38 1 37
33 1 32
87 1 20
42 2 64
10 7 7
36 1 30
6 1 4
78 1 76
72 1 56
10 1 22
40 1 86
52 2 57
40 1 36
63 2 72
28 2 22
54 2 37
53 1 51
53 1 40
7 2 28
25 1 7
7 1 80
30 1 35
10 5 7
52 2 39
3 2 6
51 1 26
31 1 30
41 1 40
15 2 17
10 2 81
108 1 31
55 2 22
40 1 42
30 1 24
98 1 10
7 2 33
42 1 38
78 1 1
89 1 14
37 1 27
14 1 7
31 1 25
81 1 30
84 1 30
37 1 36
7 2 20
30 1 55
54 1 16
10 2 28
25 1 28
22 2 24
89 1 7
37 1 39
24 1 33
40 1 27
50 1 30
45 1 10
42 2 57
73 1 40
26 1 25
7 5 10
81 2 80
72 2 64
40 1 63
20 1 16
64 2 108
85 2 37
73 1 54
35 1 33
89 1 54
17 1 10
48 1 3
48 1 6
7 2 26
57 1 25
15 1 49
25 1 22
37 1 52
27 2 63
12 1 101
63 2 27
1 2 76
27 1 17
25 1 35
12 2 10
86 1 37
80 2 81
75 1 46
36 6 45
64 2 27
64 1 56
51 1 50
54 1 18
56 2 84
52 2 27
12 1 7
7 7 10
30 1 10
56 1 25
27 2 87
37 1 108
48 1 73
18 1 15
10 2 54
64 1 62
86 2 57
32 1 25
56 2 62
45 1 40
6 2 3
101 1 37
7 1 10
48 1 63
14 2 10
30 1 28
45 1 37
26 1 15
37 1 63
18 1 17
6 1 5
7 2 80
51 2 40
108 1 40
45 2 73
73 1 14
22 2 29
80 1 25
31 2 38
24 2 22
15 1 12
31 2 37
10 2 23
10 2 33
103 2 22
16 2 18
15 1 14
27 1 15
73 1 7
17 1 49
89 1 12
20 2 40
26 1 30
72 1 31
28 2 29
48 1 45
22 2 28
54 2 40
98 1 12
14 1 10
63 2 36
10 2 22
17 1 12
28 2 55
53 2 36
34 1 30
7 2 22
89 2 45
? 1 github_cpp_program_data/45/118.cpp

37 1 72
12 2 7
85 1 26
22 2 10
52 1 30
28 2 10
7 2 81
56 2 37
85 1 49
35 1 7
75 1 46
40 1 53
10 1 81
25 1 24
78 1 77
76 1 7
53 1 37
20 1 18
72 1 37
7 2 49
10 7 7
26 1 17
17 1 14
45 1 10
34 2 32
15 1 10
28 2 22
80 1 30
54 1 18
10 2 20
24 1 23
32 1 30
30 1 22
51 2 37
86 1 40
46 1 10
10 2 22
37 1 53
12 1 10
7 1 81
22 2 7
26 2 56
10 4 7
103 1 23
15 1 7
76 2 77
18 1 17
49 2 31
23 1 32
32 2 34
51 1 49
49 1 30
16 1 15
52 1 25
28 2 24
85 1 56
25 1 29
49 1 17
45 1 20
10 2 81
31 2 50
10 2 80
24 1 7
23 1 34
10 2 28
51 1 56
85 2 37
57 1 30
31 2 40
80 2 81
48 1 75
45 1 14
32 1 25
85 1 84
56 1 30
81 1 25
7 2 54
73 1 37
45 1 12
37 1 57
73 2 45
63 1 17
35 1 10
22 2 55
17 1 26
25 1 55
33 1 34
24 1 10
86 1 51
31 2 84
45 1 7
34 1 25
7 4 10
10 1 7
36 1 25
63 2 108
37 1 86
15 1 26
26 2 31
48 1 27
73 1 7
40 1 52
16 1 17
30 1 29
51 1 31
25 1 10
28 2 7
7 2 22
10 1 23
30 1 7
20 2 37
72 1 40
18 2 16
10 2 49
17 1 7
40 1 57
40 1 72
108 2 57
25 1 22
33 1 32
78 1 76
72 1 56
10 1 22
40 1 86
52 2 57
40 1 36
54 2 37
36 6 45
53 1 40
7 2 28
25 1 7
7 1 80
30 1 35
10 5 7
78 2 75
51 1 26
31 1 30
57 2 52
108 1 31
49 1 15
108 1 40
30 1 24
50 1 30
7 2 33
45 2 73
78 1 1
37 1 27
14 1 7
31 1 25
81 1 30
84 1 30
86 2 27
30 1 55
54 1 16
25 1 28
24 1 33
40 1 27
48 1 78
7 2 23
26 1 25
7 5 10
81 2 80
63 1 15
40 1 63
20 1 16
73 1 54
35 1 33
85 1 31
17 1 10
52 2 36
7 2 26
57 1 25
15 1 49
14 2 7
37 1 52
27 2 63
63 2 27
1 2 76
27 1 17
12 2 10
86 1 37
10 2 26
28 2 35
51 1 50
10 1 80
56 2 84
27 2 72
12 1 7
7 7 10
30 1 10
7 2 20
52 2 72
27 2 57
37 1 108
48 1 73
18 1 15
30 1 103
48 1 63
57 2 63
45 1 40
27 2 45
7 1 10
14 2 10
30 1 28
45 1 37
26 1 15
53 1 85
49 1 25
37 1 63
7 2 80
51 2 40
72 2 57
73 1 14
80 1 25
85 2 40
15 1 12
10 2 23
10 2 33
16 2 18
63 2 52
50 1 25
15 1 14
27 1 15
56 2 50
17 1 49
20 2 40
26 1 30
72 1 31
28 2 29
75 2 27
48 1 45
14 1 10
63 2 86
17 1 12
49 2 56
34 1 30
84 1 25
? 1 github_cpp_program_data/45/120.cpp

12 2 7
90 2 27
40 1 39
49 1 25
22 2 10
35 1 10
52 1 30
82 1 63
40 1 57
7 2 81
56 2 37
35 1 7
57 2 52
90 1 99
10 2 11
10 1 81
106 1 45
90 1 37
25 1 24
7 2 40
35 2 22
28 2 10
20 1 18
72 1 37
25 1 55
117 1 35
22 2 55
32 2 34
17 1 14
39 1 25
7 1 28
15 1 10
10 4 7
80 1 30
54 1 18
10 2 20
24 1 23
32 1 30
40 1 105
63 1 15
105 1 27
10 2 22
37 1 53
12 1 10
10 2 40
7 1 81
22 2 7
31 2 62
57 2 63
10 1 28
15 1 7
90 1 7
40 1 82
23 1 32
7 2 49
42 2 52
16 1 15
101 1 10
101 2 112
52 1 25
105 1 73
25 1 29
36 6 73
52 2 39
63 2 42
82 1 27
54 1 16
24 1 7
37 1 36
62 1 40
83 1 40
35 2 24
22 2 24
45 1 14
32 1 25
90 1 20
81 1 25
112 2 146
73 1 37
45 1 12
37 1 57
73 2 45
63 1 17
12 1 65
112 1 10
7 2 23
42 1 31
65 2 10
73 1 20
33 1 34
24 1 10
99 2 37
20 2 19
10 2 49
34 1 25
7 4 10
37 1 64
64 2 63
36 1 25
15 1 26
40 1 64
82 1 90
73 1 7
146 1 10
101 1 40
16 1 17
63 2 73
83 1 7
30 1 29
106 1 112
64 1 31
25 1 10
28 2 7
45 2 73
30 1 7
20 2 37
56 1 25
18 2 16
39 1 30
10 2 54
65 2 13
17 1 7
25 1 7
7 1 23
40 1 52
40 1 72
63 2 64
48 1 83
38 1 37
52 2 53
33 1 32
112 1 54
36 1 30
40 1 113
72 1 56
10 1 22
52 2 57
106 1 73
15 1 14
53 1 51
53 1 40
7 2 28
7 1 80
30 1 35
10 5 7
117 1 24
79 2 106
51 1 26
31 1 30
31 2 38
45 1 54
37 1 52
10 2 81
40 1 42
112 1 117
7 2 33
42 1 38
99 1 24
10 2 65
14 1 7
81 1 30
23 1 34
7 2 20
30 1 55
90 1 19
10 2 28
14 1 10
37 1 39
30 1 24
40 1 27
45 1 10
112 1 65
26 1 25
7 5 10
81 2 80
40 1 63
20 1 16
117 2 37
146 2 45
10 1 7
35 1 33
146 1 20
17 1 10
106 1 101
112 1 37
57 1 25
106 2 105
25 1 22
14 2 7
27 2 63
63 2 27
27 1 17
25 1 35
12 2 10
35 2 28
10 2 26
28 2 35
64 1 56
146 1 19
40 1 106
27 2 72
12 1 7
30 1 10
10 2 33
18 1 15
64 1 62
19 2 7
56 2 62
45 1 40
14 1 11
7 1 10
20 2 99
14 2 10
30 1 28
37 1 42
40 1 79
34 2 32
106 1 146
37 1 63
18 1 17
7 2 80
51 2 40
30 1 22
73 1 14
22 2 29
80 1 25
15 1 12
10 2 23
24 2 35
16 2 18
105 1 63
27 1 15
17 1 49
26 1 30
54 2 40
25 1 28
7 1 33
12 1 13
17 1 12
54 2 117
53 2 36
34 1 30
64 2 52
7 2 22
99 1 35
? 1 github_cpp_program_data/45/121.cpp

12 2 7
49 1 25
22 2 10
52 1 30
82 1 63
7 2 23
7 2 81
85 1 49
35 1 7
57 2 52
73 1 10
35 1 23
40 1 53
10 1 81
90 1 37
73 1 7
35 2 22
46 1 7
22 2 7
20 1 18
38 1 40
25 1 55
101 2 63
10 7 7
33 1 34
17 1 14
39 1 25
7 1 28
15 1 10
37 1 42
80 1 30
10 1 80
29 2 28
10 2 20
24 1 23
73 1 12
32 1 30
30 1 22
51 2 37
63 1 15
3 1 2
10 2 22
86 1 85
37 1 53
12 1 10
10 2 40
7 1 81
53 1 37
3 1 1
10 1 28
15 1 7
53 2 36
28 2 10
53 2 52
27 2 52
103 1 33
49 2 31
40 1 82
23 1 32
7 2 49
51 1 49
49 1 30
42 2 52
16 1 15
90 1 7
57 2 27
14 1 65
52 1 25
28 2 24
22 2 35
25 1 29
62 1 37
48 1 75
63 2 42
82 1 27
31 2 50
10 2 80
24 1 7
37 1 36
10 2 28
17 2 15
51 1 56
57 1 30
80 2 81
35 2 24
22 2 24
45 1 14
32 1 25
45 1 37
56 1 30
81 1 25
7 2 54
73 1 37
45 1 12
37 1 57
73 2 45
63 1 17
35 1 10
22 2 55
17 1 26
42 1 31
65 2 10
73 1 20
26 1 17
3 2 75
24 1 10
99 2 37
31 2 84
45 1 7
12 2 10
34 1 25
15 1 12
7 4 10
10 1 7
37 1 86
14 2 10
40 1 64
48 1 27
10 2 54
40 1 52
101 1 40
48 1 101
1 2 2
30 1 29
51 1 31
25 1 10
19 2 10
28 2 7
26 2 31
90 1 20
82 1 90
85 1 84
56 1 25
18 2 16
39 1 30
10 2 49
14 2 7
17 1 7
90 1 99
27 2 64
12 1 19
16 1 17
33 1 32
36 1 30
25 1 103
15 1 26
10 4 7
10 1 22
36 6 73
52 2 57
40 1 36
28 2 55
28 2 22
54 2 37
53 1 51
53 1 40
7 2 28
25 1 7
7 1 80
30 1 35
10 5 7
52 2 39
51 1 26
31 1 30
31 2 38
45 1 54
10 2 81
49 1 15
40 1 42
30 1 24
50 1 30
42 1 38
99 1 24
14 1 7
31 1 25
81 1 30
23 1 34
29 2 22
30 1 55
54 1 16
25 1 28
37 1 39
75 1 46
40 1 27
45 1 10
73 1 40
26 1 25
7 2 11
7 5 10
81 2 80
101 1 10
20 1 16
35 1 33
85 1 31
17 1 10
52 2 36
15 2 17
7 2 26
57 1 25
15 1 49
25 1 22
37 1 52
27 2 63
63 2 27
27 1 17
25 1 35
30 1 7
10 2 26
28 2 35
64 1 56
51 1 50
54 1 18
20 2 37
12 1 7
30 1 10
10 2 33
48 1 73
18 1 15
64 1 62
48 1 63
56 2 62
90 2 27
27 2 45
63 2 101
63 2 57
14 1 11
7 1 10
20 2 99
32 2 34
30 1 28
48 1 3
10 1 33
34 2 32
37 1 63
18 1 17
7 2 20
7 2 80
51 2 40
45 2 73
22 2 29
80 1 25
24 2 22
85 2 40
40 1 57
24 1 33
10 2 23
24 2 35
16 2 18
50 1 25
15 1 14
27 1 15
56 2 50
17 1 49
20 2 40
26 1 30
86 1 40
52 2 53
57 2 53
28 2 29
75 2 27
48 1 45
14 1 10
63 2 86
17 1 12
49 2 56
34 1 30
64 2 52
7 2 22
99 1 35
? 1 github_cpp_program_data/45/126.cpp

12 2 7
85 1 26
82 1 63
28 2 10
7 2 81
56 2 37
85 1 49
35 1 7
73 1 10
89 1 10
10 2 11
40 1 53
49 1 25
37 1 72
46 1 7
10 2 13
38 1 40
7 2 49
6 2 75
26 1 17
17 1 14
45 1 10
34 2 32
27 2 90
15 1 10
57 2 36
37 1 61
54 1 18
27 2 108
10 2 22
108 1 56
4 2 5
7 1 81
22 2 7
3 1 1
10 1 28
101 2 98
53 2 52
90 1 7
62 1 37
23 1 32
87 1 7
14 1 13
51 1 49
48 1 87
16 1 15
57 2 86
10 1 23
85 1 56
25 1 29
52 2 108
52 2 59
37 1 36
28 2 81
51 1 56
57 1 30
10 2 26
10 2 20
45 1 37
51 2 37
7 2 54
37 1 57
73 2 45
63 1 17
22 2 55
17 1 26
73 1 20
33 1 34
12 1 10
31 2 84
3 2 6
80 2 22
37 1 64
63 2 108
57 2 72
26 2 31
35 2 28
101 1 40
30 1 29
7 2 33
64 1 31
54 1 16
28 2 7
45 2 73
25 1 81
42 2 52
56 1 25
10 2 54
25 1 7
40 1 72
48 1 89
48 1 101
37 1 52
22 2 35
6 1 4
15 1 26
24 2 28
36 6 45
7 1 80
30 1 35
51 1 26
31 1 30
57 2 52
12 1 13
22 2 28
40 1 42
64 2 57
30 1 24
48 1 6
42 1 38
31 1 25
81 1 30
84 1 30
7 2 20
10 2 23
25 1 28
89 1 7
37 1 39
39 6 45
108 2 61
40 1 27
42 1 56
42 2 57
73 1 40
7 2 11
7 5 10
15 1 33
56 1 30
40 1 61
17 1 10
7 2 26
57 1 25
25 1 22
27 2 63
27 1 17
12 2 10
64 1 56
41 1 37
45 1 54
10 1 80
12 1 7
48 1 98
52 2 72
37 1 108
56 2 62
6 2 3
90 1 37
7 1 10
14 2 10
30 1 28
10 1 33
26 1 15
15 1 7
6 1 5
51 2 40
72 2 57
73 1 14
27 2 86
80 1 25
24 2 22
85 2 40
40 1 63
16 2 18
15 1 14
53 1 40
15 2 17
20 2 40
26 1 30
63 1 15
64 2 61
54 2 40
64 1 62
57 2 53
7 1 33
17 1 12
87 1 10
49 2 56
80 2 28
89 2 45
7 1 22
52 1 30
73 1 12
38 1 37
56 2 38
27 2 52
87 1 14
87 1 12
87 2 89
35 1 23
10 1 81
25 1 24
42 1 41
20 1 18
72 1 37
10 7 7
39 1 25
85 1 84
7 1 28
48 1 3
80 1 30
24 1 23
36 1 30
32 1 30
30 1 22
86 1 40
3 1 2
86 1 85
37 1 53
10 2 40
14 1 11
53 1 37
26 2 56
31 2 62
10 4 7
37 1 63
49 2 31
40 1 82
49 1 30
52 2 57
7 4 10
40 1 86
40 1 36
82 1 27
31 2 50
10 2 80
24 1 7
23 1 34
62 1 40
85 2 37
31 2 40
22 2 24
32 1 25
22 2 29
81 1 25
14 1 19
38 2 41
7 2 22
35 1 10
7 2 23
42 1 31
25 1 55
108 1 37
25 1 80
24 1 10
89 2 87
34 1 25
52 2 63
10 1 7
36 1 25
37 1 86
72 2 86
40 1 64
82 1 90
40 1 52
16 1 17
1 2 2
51 1 31
25 1 10
30 1 81
52 1 25
30 1 7
20 2 37
18 2 16
10 2 49
17 1 7
40 1 57
7 1 23
22 2 10
108 2 57
33 1 32
72 1 56
10 1 22
84 1 25
48 1 75
28 2 55
40 1 59
28 2 22
54 2 37
53 1 51
27 1 15
7 2 28
12 1 11
29 2 28
10 5 7
89 1 20
31 2 38
17 1 49
10 2 81
108 1 31
55 2 22
30 1 55
50 1 30
28 2 80
89 1 14
14 1 7
49 1 15
45 1 40
86 2 27
108 1 40
108 2 63
10 2 28
14 1 10
98 1 7
75 1 46
40 1 108
101 1 10
20 1 16
35 1 33
85 1 31
72 1 40
15 1 49
14 2 7
63 2 27
25 1 35
17 2 15
86 1 37
28 2 35
51 1 50
56 2 84
7 7 10
30 1 10
7 2 13
10 2 33
48 1 73
18 1 15
75 2 101
86 2 57
19 2 7
86 2 42
32 2 34
37 1 42
98 2 87
90 1 20
18 1 17
29 2 22
7 2 80
22 2 81
15 1 12
24 1 33
31 2 37
53 2 72
87 1 54
52 2 64
53 2 57
50 1 25
56 2 50
89 1 12
72 1 31
52 2 53
45 1 12
28 2 29
48 1 45
39 6 73
98 1 12
63 2 86
34 1 30
108 2 39
? 1 github_cpp_program_data/45/127.cpp

12 2 7
40 1 39
49 1 25
7 1 22
52 1 30
40 1 63
7 2 81
56 2 37
85 1 49
35 1 7
12 1 10
35 1 23
40 1 53
10 1 81
25 1 24
78 1 77
46 1 7
22 2 7
20 1 18
72 1 37
30 2 25
7 2 49
22 2 55
10 7 7
26 1 17
17 1 14
45 1 10
39 1 25
15 1 33
80 1 30
25 2 30
10 1 80
29 2 28
10 2 20
24 1 23
22 2 35
32 1 30
30 1 22
51 2 37
86 1 40
3 1 2
10 2 22
86 1 85
37 1 53
108 1 56
4 2 5
15 1 26
53 1 37
26 2 56
3 1 1
10 1 28
15 1 7
28 2 10
76 2 77
27 2 52
22 2 10
49 2 31
23 1 32
32 2 34
7 1 81
49 1 30
78 2 45
16 1 15
57 2 86
78 1 4
52 1 25
28 2 24
85 1 56
25 1 29
40 1 86
48 1 78
45 1 20
10 2 81
31 2 50
10 2 80
24 1 7
23 1 34
10 2 28
55 2 22
37 1 30
17 2 15
51 1 56
85 2 37
57 1 30
10 2 26
48 1 75
45 1 14
85 1 26
85 1 84
56 1 30
81 1 25
31 2 37
57 2 63
45 1 12
37 1 57
73 2 45
63 1 17
35 1 10
7 2 23
42 1 31
7 4 10
25 1 55
33 1 34
108 1 37
3 2 75
36 6 45
24 1 10
31 2 84
34 1 25
3 2 6
27 2 57
10 1 7
36 1 25
37 1 86
57 2 72
26 2 31
73 1 7
40 1 52
10 2 11
1 2 2
30 1 29
51 1 31
54 1 16
28 2 7
7 2 22
10 1 23
30 1 7
76 1 10
56 1 25
18 2 16
75 2 78
10 2 49
14 2 7
17 1 7
40 1 57
7 1 23
40 1 72
38 1 37
33 1 32
55 2 28
6 1 4
14 1 11
10 4 7
10 1 22
52 2 57
40 1 36
28 2 55
53 1 51
27 1 15
7 2 28
25 1 7
7 1 80
30 1 35
10 5 7
86 2 53
25 1 40
51 1 26
31 1 30
57 2 52
12 1 13
53 2 36
22 2 28
40 1 42
30 1 24
48 1 6
7 2 33
42 1 38
37 1 27
15 1 23
31 1 25
81 1 30
84 1 30
29 2 22
30 1 55
25 1 10
25 1 28
108 2 39
17 1 33
75 1 46
40 1 27
40 1 108
73 1 40
7 2 11
7 5 10
81 2 80
15 1 10
20 1 16
30 1 37
73 1 54
35 1 33
85 1 31
40 1 25
17 1 10
52 2 36
7 2 26
57 1 25
15 1 49
25 1 22
37 1 52
27 2 63
72 1 31
63 2 27
27 1 17
25 1 35
12 2 10
86 1 37
80 2 81
51 1 50
54 1 18
56 2 84
7 7 10
12 1 7
14 1 7
30 1 10
37 1 25
7 2 13
10 2 33
48 1 73
20 2 40
86 2 57
32 1 25
12 1 11
45 1 40
6 2 3
78 1 76
7 1 10
14 2 10
30 1 28
48 1 3
10 1 33
26 1 15
34 2 32
37 1 63
18 1 17
6 1 5
7 2 80
51 2 40
72 2 57
45 2 73
73 1 14
22 2 29
80 1 25
31 2 38
24 2 22
85 2 40
15 1 12
7 2 54
10 2 23
16 2 18
63 2 52
53 2 57
50 1 25
15 1 14
53 1 40
56 2 50
17 1 49
26 1 30
63 1 15
40 1 30
57 2 53
28 2 29
48 1 45
39 6 73
54 2 40
14 1 10
63 2 86
7 1 33
17 1 12
4 2 76
34 1 30
84 1 25
27 2 108
? 1 github_cpp_program_data/45/13.cpp

12 2 7
40 1 39
49 1 25
35 1 10
7 1 22
52 1 30
82 1 63
56 2 38
28 2 10
7 2 81
35 1 7
52 2 39
27 2 90
73 1 10
42 1 31
35 1 23
10 1 81
106 1 45
25 1 24
99 2 40
20 1 18
7 2 49
117 1 35
10 7 7
33 1 34
17 1 14
90 1 40
39 1 25
7 1 28
15 1 10
80 1 30
54 1 18
10 2 20
82 1 112
73 1 12
32 1 30
30 1 22
112 1 99
10 2 22
37 1 53
12 1 10
10 2 40
7 1 81
22 2 7
31 2 62
10 1 28
37 1 63
90 1 7
23 1 32
32 2 34
49 1 30
42 2 52
16 1 15
7 2 80
52 1 25
7 4 10
25 1 29
36 6 73
45 1 20
31 2 38
82 1 27
54 1 16
10 2 80
24 1 7
23 1 34
62 1 40
118 1 40
57 1 30
35 2 24
112 1 7
32 1 25
90 1 20
81 1 25
7 2 54
73 1 37
45 1 12
63 1 17
10 1 7
112 1 10
7 2 23
7 2 37
25 1 55
26 1 17
24 1 10
112 1 40
34 1 25
24 1 23
37 1 64
101 1 7
54 2 99
10 2 54
40 1 52
48 1 101
30 1 29
106 1 112
64 1 31
25 1 10
28 2 7
37 1 82
30 1 7
82 1 90
20 2 37
56 1 25
18 2 16
90 1 10
14 2 7
17 1 7
40 1 57
7 1 23
22 2 10
63 2 64
38 1 37
101 2 118
16 1 17
33 1 32
112 1 54
36 1 30
15 1 26
10 4 7
10 1 22
52 2 57
90 2 112
106 1 73
28 2 55
54 2 37
53 1 51
53 1 40
7 2 28
25 1 7
7 1 80
30 1 35
10 5 7
117 1 24
51 1 26
31 1 30
57 2 52
10 2 81
40 1 42
112 1 117
7 2 33
42 1 38
99 1 24
14 1 7
31 1 25
81 1 30
118 1 10
37 1 36
7 2 20
30 1 55
10 2 23
10 2 28
14 1 10
22 2 35
30 1 24
24 1 33
42 1 56
45 1 10
26 1 25
7 5 10
45 2 73
117 2 37
73 1 54
35 1 33
94 1 30
17 1 10
112 1 37
7 2 26
57 1 25
15 1 49
25 1 22
37 1 52
27 2 63
63 2 27
25 1 35
12 2 10
28 2 35
10 1 80
40 1 106
12 1 7
30 1 10
106 1 90
10 2 33
18 1 15
64 1 62
54 2 117
45 1 40
101 1 37
90 1 37
7 1 10
14 2 10
30 1 28
37 1 42
10 1 33
34 2 32
63 2 90
15 1 7
18 1 17
106 1 27
48 1 118
51 2 40
22 2 29
80 1 25
17 1 94
15 1 12
24 2 35
16 2 18
15 1 14
27 1 15
17 1 49
20 2 40
63 1 15
52 2 53
106 1 63
25 1 28
10 2 94
112 2 45
53 2 36
34 1 30
7 2 22
99 1 35
? 1 github_cpp_program_data/45/131.cpp

12 2 7
40 1 39
49 1 25
22 2 10
7 1 22
52 1 30
73 1 12
40 1 63
7 2 81
56 2 37
85 1 49
35 1 7
25 1 55
90 1 99
73 1 10
35 1 23
10 1 81
25 1 24
28 2 10
20 1 18
72 1 37
7 2 49
7 2 23
101 2 63
52 1 22
10 7 7
32 2 34
17 1 14
25 2 22
34 2 32
7 1 28
15 1 10
28 2 22
80 1 30
54 1 18
10 2 20
24 1 23
72 2 36
32 1 30
30 1 22
27 2 45
63 1 15
10 2 22
86 1 85
37 1 53
108 1 56
10 2 40
7 1 81
22 2 7
15 1 7
7 5 10
90 1 7
49 2 31
40 1 82
23 1 32
30 2 22
51 1 49
49 1 30
16 1 15
28 2 25
40 1 72
10 1 23
28 2 24
22 2 35
25 1 29
49 1 17
82 1 27
54 1 16
10 2 80
24 1 7
23 1 34
10 2 28
17 2 15
51 1 56
30 1 29
57 1 30
35 2 24
10 2 26
45 1 14
19 2 7
85 1 84
56 1 30
81 1 25
31 2 37
45 1 12
37 1 57
73 2 45
63 1 17
52 1 28
35 1 10
22 2 55
17 1 26
42 1 31
73 1 20
33 1 34
108 1 37
36 6 45
12 1 10
99 2 37
30 2 28
45 1 7
7 1 80
15 1 12
7 4 10
10 1 7
63 2 108
37 1 86
20 2 99
82 1 90
73 1 7
40 1 52
101 1 40
48 1 101
45 1 54
7 2 33
25 1 10
12 1 19
28 2 7
45 2 73
52 1 25
30 1 7
48 1 27
56 1 25
18 2 16
39 1 30
10 2 49
17 1 7
25 1 7
7 1 23
84 1 25
38 1 37
16 1 17
33 1 32
36 1 30
15 1 26
10 4 7
10 1 22
24 2 28
40 1 36
28 2 55
54 2 37
53 1 51
27 1 15
7 2 28
34 1 25
30 1 35
10 5 7
57 1 28
31 1 30
57 2 52
15 2 17
37 1 52
10 2 81
49 1 15
30 1 55
30 1 24
50 1 30
42 1 38
99 1 24
22 2 25
37 1 27
14 1 7
31 1 25
45 1 40
7 2 20
40 1 42
24 1 10
14 1 10
108 2 39
17 1 33
24 1 33
40 1 27
27 2 90
40 1 108
73 1 40
26 1 25
52 2 57
101 1 10
20 1 16
85 2 37
35 1 33
85 1 31
17 1 10
39 6 73
22 2 30
7 2 26
57 1 25
86 2 53
25 1 22
14 2 7
27 2 63
63 2 27
27 1 17
25 1 35
12 2 10
86 1 37
22 2 24
28 2 35
51 1 50
10 1 80
12 1 7
7 7 10
30 1 10
52 2 72
27 2 57
10 2 33
48 1 73
18 1 15
25 2 28
32 1 25
81 1 30
63 2 101
90 1 37
7 1 10
48 1 63
14 2 10
30 1 28
45 1 37
10 1 33
90 1 20
18 1 17
7 2 80
51 2 40
73 1 14
27 2 86
80 1 25
31 2 38
40 1 57
7 2 54
10 2 23
24 2 35
16 2 18
31 2 84
53 2 57
15 1 14
53 1 40
56 2 50
17 1 49
20 2 40
26 1 30
72 1 31
52 2 53
28 2 29
48 1 45
22 2 28
54 2 40
25 1 28
7 1 33
17 1 12
49 2 56
34 1 30
7 2 22
99 1 35
? 1 github_cpp_program_data/45/136.cpp

12 2 7
40 1 39
49 1 25
7 1 22
52 1 30
28 2 10
7 2 81
56 2 37
85 1 49
35 1 7
35 1 23
40 1 53
10 1 81
25 1 24
46 1 7
53 1 37
72 1 37
38 1 40
7 2 49
7 2 23
6 2 75
10 7 7
33 1 34
17 1 14
15 1 10
10 4 7
48 1 3
80 1 30
10 1 80
24 1 23
30 1 22
63 1 15
3 1 2
10 2 22
86 1 85
63 2 53
4 2 5
7 1 81
22 2 7
3 1 1
10 1 28
15 1 7
23 1 32
49 1 30
16 1 15
40 1 57
10 1 23
7 4 10
85 1 56
25 1 29
49 1 17
48 1 75
10 2 81
31 2 50
10 2 80
10 2 28
85 2 37
57 1 30
30 1 7
10 2 26
32 1 25
85 1 84
56 1 30
81 1 25
7 2 54
45 1 12
37 1 57
36 6 45
7 2 22
35 1 10
22 2 55
17 1 26
42 1 31
25 1 55
26 1 17
12 1 10
45 1 7
29 2 28
3 2 6
10 1 7
36 1 25
51 2 37
26 2 31
37 1 72
1 2 2
30 1 29
7 2 33
25 1 10
28 2 7
45 2 73
42 2 52
39 1 30
72 2 42
10 2 49
27 2 86
25 1 7
73 1 7
22 2 10
33 1 32
86 2 39
22 2 35
6 1 4
15 1 26
72 1 56
10 1 22
40 1 86
75 2 45
40 1 36
53 1 51
7 2 28
45 1 20
7 1 80
30 1 35
10 5 7
51 1 26
31 1 30
17 1 49
37 1 52
30 1 55
30 1 24
48 1 6
51 1 31
42 1 38
14 1 7
31 1 25
45 1 40
7 2 20
10 2 23
17 1 7
25 1 28
17 1 33
75 1 46
40 1 27
73 1 40
26 1 25
7 5 10
40 1 63
20 1 16
73 1 54
35 1 33
17 1 10
57 1 25
15 1 49
25 1 22
14 2 7
27 2 63
27 1 17
12 2 10
86 1 37
28 2 35
51 1 50
56 2 84
7 7 10
12 1 7
37 1 42
30 1 10
10 2 33
48 1 73
20 2 40
24 1 10
7 1 10
14 2 10
30 1 28
28 2 22
10 1 33
31 2 38
6 1 5
7 2 80
73 1 14
22 2 29
80 1 25
15 1 12
50 1 25
15 1 14
27 1 15
53 2 36
26 1 30
48 1 45
39 6 73
54 2 40
14 1 10
17 1 12
49 2 56
34 1 30
84 1 25
? 1 github_cpp_program_data/45/137.cpp

12 2 7
40 1 39
49 1 25
7 1 22
52 1 30
73 1 12
56 2 38
28 2 10
7 2 81
56 2 37
85 1 49
35 1 7
27 2 90
75 1 46
40 1 53
10 1 81
25 1 24
35 2 22
46 1 7
22 2 7
20 1 18
72 1 37
38 1 40
7 2 49
63 2 45
6 2 75
22 2 55
10 7 7
33 1 34
17 1 14
39 1 25
7 1 28
15 1 10
10 4 7
37 1 42
80 1 30
10 1 80
82 1 112
22 2 35
32 1 30
30 1 22
63 1 15
3 1 2
10 2 22
86 1 85
37 1 53
12 1 10
4 2 5
7 1 81
53 1 37
31 2 62
3 1 1
10 1 28
37 1 63
53 2 36
22 2 10
49 2 31
62 1 37
23 1 32
32 2 34
51 1 49
42 2 52
16 1 15
10 1 23
28 2 24
25 1 29
49 1 17
45 1 20
63 2 42
82 1 27
31 2 50
10 2 80
24 1 7
23 1 34
10 2 28
17 2 15
51 1 56
85 2 37
57 1 30
10 2 26
48 1 75
112 1 7
32 1 25
85 1 84
37 1 113
81 1 25
7 2 54
45 1 12
37 1 57
36 6 45
63 1 17
37 1 64
35 1 10
7 2 23
17 1 26
42 1 31
25 1 55
26 1 17
55 2 28
24 1 10
112 1 40
34 1 25
3 2 6
7 4 10
10 1 7
64 2 63
36 1 25
51 2 37
26 2 31
48 1 27
73 1 7
40 1 52
48 1 101
1 2 2
35 1 23
30 1 29
51 1 31
64 1 31
25 1 10
28 2 7
37 1 82
52 1 25
90 1 20
82 1 90
20 2 37
56 1 25
18 2 16
90 1 10
10 2 49
17 1 7
40 1 57
27 2 64
40 1 72
52 2 53
33 1 32
52 2 86
10 2 37
112 1 54
36 1 30
6 1 4
15 1 26
72 1 56
10 1 22
40 1 86
52 2 57
90 2 112
40 1 36
101 2 63
53 1 51
27 1 15
7 2 28
25 1 7
7 1 80
30 1 35
10 5 7
52 2 39
51 1 26
31 1 30
57 2 52
15 2 17
37 1 52
10 2 81
49 1 15
40 1 42
30 1 24
48 1 6
7 2 33
42 1 38
37 1 27
14 1 7
30 1 7
45 1 40
29 2 22
30 1 55
54 1 16
25 1 28
22 2 24
75 2 101
24 1 33
40 1 27
42 1 56
45 1 10
73 1 40
26 1 25
7 2 11
57 2 39
7 5 10
81 2 80
101 1 10
20 1 16
56 1 30
73 1 54
85 1 31
17 1 10
7 2 22
57 1 25
15 1 49
25 1 22
14 2 7
27 2 63
63 2 27
27 1 17
25 1 35
12 2 10
86 1 37
80 2 81
28 2 35
51 1 50
54 1 18
27 2 72
12 1 7
30 1 10
27 2 57
10 2 20
48 1 73
20 2 40
64 1 62
48 1 63
12 1 11
81 1 30
6 2 3
101 1 37
63 2 57
90 1 37
7 1 10
14 2 10
30 1 28
48 1 3
34 2 32
15 1 7
18 1 17
86 2 27
6 1 5
7 2 80
51 2 40
72 2 57
45 2 73
22 2 29
80 1 25
31 2 38
24 2 22
15 1 12
10 2 23
10 2 33
16 2 18
31 2 84
50 1 25
15 1 14
53 1 40
56 2 50
17 1 49
26 1 30
57 2 53
28 2 29
48 1 45
39 6 73
54 2 40
14 1 10
17 1 12
49 2 56
34 1 30
84 1 25
? 1 github_cpp_program_data/45/138.cpp

12 2 7
40 1 39
49 1 25
22 2 10
27 2 108
52 1 30
82 1 63
48 1 89
56 2 38
22 2 55
7 2 81
87 1 14
35 1 7
57 2 52
87 2 89
73 1 10
35 1 23
40 1 53
10 1 81
37 1 72
78 1 77
46 1 7
22 2 7
20 1 18
38 1 40
7 2 49
6 2 75
78 2 98
33 1 34
17 1 14
40 1 108
34 2 32
42 1 56
15 1 10
10 4 7
37 1 42
80 1 30
10 1 80
29 2 28
10 2 20
24 1 23
73 1 12
32 1 30
30 1 22
104 2 28
63 1 15
3 1 2
104 1 33
86 1 85
25 1 103
12 1 10
87 1 12
4 2 5
7 1 81
53 1 37
26 2 56
31 2 62
3 1 1
10 1 28
15 1 7
28 2 10
76 2 77
52 2 59
103 1 33
49 2 31
62 1 37
23 1 32
87 1 7
64 1 41
56 2 40
51 1 49
48 1 87
49 1 30
89 2 87
16 1 15
57 2 86
40 1 72
10 1 23
28 2 24
85 1 56
25 1 29
49 1 17
48 1 78
45 1 20
82 1 27
31 2 50
10 2 80
24 1 7
23 1 34
62 1 40
17 2 15
37 1 59
57 1 30
31 2 40
10 2 26
48 1 75
45 1 14
85 1 26
85 1 84
56 1 30
81 1 25
7 2 54
26 2 31
73 1 37
12 1 19
37 1 57
63 2 53
73 2 45
63 1 17
10 1 7
35 1 10
7 2 23
17 1 26
42 1 31
25 1 55
26 1 17
108 1 37
55 2 28
25 1 104
24 1 10
45 1 7
34 1 25
19 2 7
7 4 10
37 1 64
36 6 73
51 2 37
101 1 7
57 2 72
48 1 98
15 1 26
40 1 64
48 1 27
25 1 24
40 1 52
98 2 27
16 1 17
75 2 78
27 2 53
1 2 2
7 2 37
30 1 29
51 1 31
64 1 31
25 1 10
62 2 41
28 2 7
37 1 82
52 1 25
30 1 7
76 1 10
20 2 37
72 1 40
18 2 16
39 1 30
10 2 49
14 2 7
17 1 7
40 1 57
7 1 23
84 1 25
53 2 52
32 2 34
38 1 37
33 1 32
87 1 20
42 2 64
10 7 7
36 1 30
6 1 4
78 1 76
72 1 56
10 1 22
40 1 86
52 2 57
40 1 36
63 2 72
28 2 22
54 2 37
53 1 51
53 1 40
7 2 28
25 1 7
7 1 80
30 1 35
10 5 7
52 2 39
3 2 6
51 1 26
31 1 30
41 1 40
15 2 17
10 2 81
108 1 31
55 2 22
40 1 42
30 1 24
98 1 10
7 2 33
42 1 38
78 1 1
89 1 14
37 1 27
14 1 7
31 1 25
81 1 30
84 1 30
37 1 36
7 2 20
30 1 55
54 1 16
10 2 28
25 1 28
22 2 24
89 1 7
37 1 39
24 1 33
40 1 27
50 1 30
45 1 10
42 2 57
73 1 40
26 1 25
7 5 10
81 2 80
72 2 64
40 1 63
20 1 16
64 2 108
85 2 37
73 1 54
35 1 33
89 1 54
17 1 10
48 1 3
48 1 6
7 2 26
57 1 25
15 1 49
25 1 22
37 1 52
27 2 63
12 1 101
63 2 27
1 2 76
27 1 17
25 1 35
12 2 10
86 1 37
80 2 81
75 1 46
36 6 45
64 2 27
64 1 56
51 1 50
54 1 18
56 2 84
52 2 27
12 1 7
7 7 10
30 1 10
56 1 25
27 2 87
37 1 108
48 1 73
18 1 15
10 2 54
64 1 62
86 2 57
32 1 25
56 2 62
45 1 40
6 2 3
101 1 37
7 1 10
48 1 63
14 2 10
30 1 28
45 1 37
26 1 15
37 1 63
18 1 17
6 1 5
7 2 80
51 2 40
108 1 40
45 2 73
73 1 14
22 2 29
80 1 25
31 2 38
24 2 22
15 1 12
31 2 37
10 2 23
10 2 33
103 2 22
16 2 18
15 1 14
27 1 15
73 1 7
17 1 49
89 1 12
20 2 40
26 1 30
72 1 31
28 2 29
48 1 45
22 2 28
54 2 40
98 1 12
14 1 10
63 2 36
10 2 22
17 1 12
28 2 55
53 2 36
34 1 30
7 2 22
89 2 45
? 1 github_cpp_program_data/45/147.cpp

37 1 72
12 2 7
85 1 26
22 2 10
52 1 30
28 2 10
7 2 81
56 2 37
85 1 49
35 1 7
75 1 46
40 1 53
10 1 81
25 1 24
78 1 77
76 1 7
53 1 37
20 1 18
72 1 37
7 2 49
10 7 7
26 1 17
17 1 14
45 1 10
34 2 32
15 1 10
28 2 22
80 1 30
54 1 18
10 2 20
24 1 23
32 1 30
30 1 22
51 2 37
86 1 40
46 1 10
10 2 22
37 1 53
12 1 10
7 1 81
22 2 7
26 2 56
10 4 7
103 1 23
15 1 7
76 2 77
18 1 17
49 2 31
23 1 32
32 2 34
51 1 49
49 1 30
16 1 15
52 1 25
28 2 24
85 1 56
25 1 29
49 1 17
45 1 20
10 2 81
31 2 50
10 2 80
24 1 7
23 1 34
10 2 28
51 1 56
85 2 37
57 1 30
31 2 40
80 2 81
48 1 75
45 1 14
32 1 25
85 1 84
56 1 30
81 1 25
7 2 54
73 1 37
45 1 12
37 1 57
73 2 45
63 1 17
35 1 10
22 2 55
17 1 26
25 1 55
33 1 34
24 1 10
86 1 51
31 2 84
45 1 7
34 1 25
7 4 10
10 1 7
36 1 25
63 2 108
37 1 86
15 1 26
26 2 31
48 1 27
73 1 7
40 1 52
16 1 17
30 1 29
51 1 31
25 1 10
28 2 7
7 2 22
10 1 23
30 1 7
20 2 37
72 1 40
18 2 16
10 2 49
17 1 7
40 1 57
40 1 72
108 2 57
25 1 22
33 1 32
78 1 76
72 1 56
10 1 22
40 1 86
52 2 57
40 1 36
54 2 37
36 6 45
53 1 40
7 2 28
25 1 7
7 1 80
30 1 35
10 5 7
78 2 75
51 1 26
31 1 30
57 2 52
108 1 31
49 1 15
108 1 40
30 1 24
50 1 30
7 2 33
45 2 73
78 1 1
37 1 27
14 1 7
31 1 25
81 1 30
84 1 30
86 2 27
30 1 55
54 1 16
25 1 28
24 1 33
40 1 27
48 1 78
7 2 23
26 1 25
7 5 10
81 2 80
63 1 15
40 1 63
20 1 16
73 1 54
35 1 33
85 1 31
17 1 10
52 2 36
7 2 26
57 1 25
15 1 49
14 2 7
37 1 52
27 2 63
63 2 27
1 2 76
27 1 17
12 2 10
86 1 37
10 2 26
28 2 35
51 1 50
10 1 80
56 2 84
27 2 72
12 1 7
7 7 10
30 1 10
7 2 20
52 2 72
27 2 57
37 1 108
48 1 73
18 1 15
30 1 103
48 1 63
57 2 63
45 1 40
27 2 45
7 1 10
14 2 10
30 1 28
45 1 37
26 1 15
53 1 85
49 1 25
37 1 63
7 2 80
51 2 40
72 2 57
73 1 14
80 1 25
85 2 40
15 1 12
10 2 23
10 2 33
16 2 18
63 2 52
50 1 25
15 1 14
27 1 15
56 2 50
17 1 49
20 2 40
26 1 30
72 1 31
28 2 29
75 2 27
48 1 45
14 1 10
63 2 86
17 1 12
49 2 56
34 1 30
84 1 25
? 1 github_cpp_program_data/45/149.cpp

12 2 7
49 1 25
22 2 10
52 1 30
82 1 63
7 2 23
7 2 81
85 1 49
35 1 7
57 2 52
73 1 10
35 1 23
40 1 53
10 1 81
90 1 37
73 1 7
35 2 22
46 1 7
22 2 7
20 1 18
38 1 40
25 1 55
101 2 63
10 7 7
33 1 34
17 1 14
39 1 25
7 1 28
15 1 10
37 1 42
80 1 30
10 1 80
29 2 28
10 2 20
24 1 23
73 1 12
32 1 30
30 1 22
51 2 37
63 1 15
3 1 2
10 2 22
86 1 85
37 1 53
12 1 10
10 2 40
7 1 81
53 1 37
3 1 1
10 1 28
15 1 7
53 2 36
28 2 10
53 2 52
27 2 52
103 1 33
49 2 31
40 1 82
23 1 32
7 2 49
51 1 49
49 1 30
42 2 52
16 1 15
90 1 7
57 2 27
14 1 65
52 1 25
28 2 24
22 2 35
25 1 29
62 1 37
48 1 75
63 2 42
82 1 27
31 2 50
10 2 80
24 1 7
37 1 36
10 2 28
17 2 15
51 1 56
57 1 30
80 2 81
35 2 24
22 2 24
45 1 14
32 1 25
45 1 37
56 1 30
81 1 25
7 2 54
73 1 37
45 1 12
37 1 57
73 2 45
63 1 17
35 1 10
22 2 55
17 1 26
42 1 31
65 2 10
73 1 20
26 1 17
3 2 75
24 1 10
99 2 37
31 2 84
45 1 7
12 2 10
34 1 25
15 1 12
7 4 10
10 1 7
37 1 86
14 2 10
40 1 64
48 1 27
10 2 54
40 1 52
101 1 40
48 1 101
1 2 2
30 1 29
51 1 31
25 1 10
19 2 10
28 2 7
26 2 31
90 1 20
82 1 90
85 1 84
56 1 25
18 2 16
39 1 30
10 2 49
14 2 7
17 1 7
90 1 99
27 2 64
12 1 19
16 1 17
33 1 32
36 1 30
25 1 103
15 1 26
10 4 7
10 1 22
36 6 73
52 2 57
40 1 36
28 2 55
28 2 22
54 2 37
53 1 51
53 1 40
7 2 28
25 1 7
7 1 80
30 1 35
10 5 7
52 2 39
51 1 26
31 1 30
31 2 38
45 1 54
10 2 81
49 1 15
40 1 42
30 1 24
50 1 30
42 1 38
99 1 24
14 1 7
31 1 25
81 1 30
23 1 34
29 2 22
30 1 55
54 1 16
25 1 28
37 1 39
75 1 46
40 1 27
45 1 10
73 1 40
26 1 25
7 2 11
7 5 10
81 2 80
101 1 10
20 1 16
35 1 33
85 1 31
17 1 10
52 2 36
15 2 17
7 2 26
57 1 25
15 1 49
25 1 22
37 1 52
27 2 63
63 2 27
27 1 17
25 1 35
30 1 7
10 2 26
28 2 35
64 1 56
51 1 50
54 1 18
20 2 37
12 1 7
30 1 10
10 2 33
48 1 73
18 1 15
64 1 62
48 1 63
56 2 62
90 2 27
27 2 45
63 2 101
63 2 57
14 1 11
7 1 10
20 2 99
32 2 34
30 1 28
48 1 3
10 1 33
34 2 32
37 1 63
18 1 17
7 2 20
7 2 80
51 2 40
45 2 73
22 2 29
80 1 25
24 2 22
85 2 40
40 1 57
24 1 33
10 2 23
24 2 35
16 2 18
50 1 25
15 1 14
27 1 15
56 2 50
17 1 49
20 2 40
26 1 30
86 1 40
52 2 53
57 2 53
28 2 29
75 2 27
48 1 45
14 1 10
63 2 86
17 1 12
49 2 56
34 1 30
64 2 52
7 2 22
99 1 35
? 1 github_cpp_program_data/45/155.cpp

12 2 7
40 1 39
7 1 22
52 1 30
82 1 63
40 1 57
7 2 81
85 1 49
35 1 7
73 1 10
35 1 23
10 1 81
25 1 24
78 1 77
76 1 7
28 2 10
20 1 18
101 2 63
22 2 55
10 7 7
32 2 34
17 1 14
45 1 10
39 1 25
7 1 28
40 1 63
37 1 42
80 1 30
10 1 80
10 2 20
24 1 23
73 1 12
32 1 30
30 1 22
27 2 45
63 1 15
3 1 2
10 2 22
86 1 85
37 1 53
12 1 10
4 2 5
7 1 81
22 2 7
3 1 1
10 1 28
103 1 23
15 1 7
76 2 77
10 2 81
49 2 31
23 1 32
51 1 49
49 1 30
42 2 52
16 1 15
52 1 25
28 2 24
93 1 92
25 1 29
40 1 86
45 1 20
82 1 27
27 2 42
10 2 80
24 1 7
37 1 36
62 1 40
51 1 56
85 2 37
57 1 30
10 2 26
45 1 14
32 1 25
85 1 84
56 1 30
81 1 25
57 2 63
73 1 37
37 1 57
73 2 45
63 1 17
37 1 64
35 1 10
7 2 23
17 1 26
42 1 31
25 1 55
33 1 34
24 1 10
31 2 84
45 1 7
12 2 10
7 1 80
3 2 6
15 1 12
10 1 7
36 1 25
101 1 7
15 1 26
48 1 27
10 2 54
40 1 52
48 1 101
1 2 2
7 2 37
30 1 29
7 2 33
54 1 16
28 2 7
37 1 82
30 1 7
56 1 25
18 2 16
39 1 30
10 2 49
17 1 7
25 1 7
7 1 23
22 2 10
38 1 37
16 1 17
33 1 32
93 1 4
22 2 35
6 1 4
78 1 76
10 4 7
10 1 22
36 6 73
52 2 57
7 4 10
28 2 55
54 2 37
53 1 51
53 1 40
7 2 28
34 1 25
30 1 35
10 5 7
52 2 39
6 2 78
63 2 64
27 1 17
31 1 30
57 2 52
37 1 52
25 1 35
49 1 15
40 1 42
30 1 24
48 1 6
42 1 38
78 1 1
14 1 7
81 1 30
23 1 34
7 2 20
30 1 55
25 1 10
10 2 28
27 2 86
25 1 28
78 2 93
24 1 33
40 1 27
48 1 78
26 1 25
7 2 11
7 5 10
81 2 80
15 1 10
20 1 16
73 1 54
35 1 33
85 1 31
17 1 10
7 2 26
57 1 25
15 1 49
25 1 22
14 2 7
27 2 63
63 2 27
1 2 76
4 2 91
93 1 91
48 1 93
86 1 37
80 2 81
28 2 35
64 1 56
51 1 50
54 1 18
12 1 7
7 7 10
30 1 10
10 2 33
48 1 73
18 1 15
64 1 62
48 1 63
56 2 62
45 1 40
6 2 3
101 1 37
14 1 11
7 1 10
14 2 10
30 1 28
48 1 3
34 2 32
37 1 63
18 1 17
6 1 5
7 2 80
51 2 40
45 2 73
22 2 29
80 1 25
31 2 38
24 2 22
91 2 92
91 1 10
10 2 23
16 2 18
63 2 52
50 1 25
15 1 14
27 1 15
56 2 50
53 2 36
20 2 40
26 1 30
52 2 53
93 2 101
28 2 29
48 1 45
30 1 103
14 1 10
17 1 12
49 2 56
34 1 30
64 2 52
7 2 22
? 1 github_cpp_program_data/45/163.cpp

12 2 7
40 1 39
49 1 25
22 2 10
7 1 22
52 1 30
73 1 12
40 1 63
7 2 81
56 2 37
85 1 49
35 1 7
25 1 55
90 1 99
73 1 10
35 1 23
10 1 81
25 1 24
28 2 10
20 1 18
72 1 37
7 2 49
7 2 23
101 2 63
52 1 22
10 7 7
32 2 34
17 1 14
25 2 22
34 2 32
7 1 28
15 1 10
28 2 22
80 1 30
54 1 18
10 2 20
24 1 23
72 2 36
32 1 30
30 1 22
27 2 45
63 1 15
10 2 22
86 1 85
37 1 53
108 1 56
10 2 40
7 1 81
22 2 7
15 1 7
7 5 10
90 1 7
49 2 31
40 1 82
23 1 32
30 2 22
51 1 49
49 1 30
16 1 15
28 2 25
40 1 72
10 1 23
28 2 24
22 2 35
25 1 29
49 1 17
82 1 27
54 1 16
10 2 80
24 1 7
23 1 34
10 2 28
17 2 15
51 1 56
30 1 29
57 1 30
35 2 24
10 2 26
45 1 14
19 2 7
85 1 84
56 1 30
81 1 25
31 2 37
45 1 12
37 1 57
73 2 45
63 1 17
52 1 28
35 1 10
22 2 55
17 1 26
42 1 31
73 1 20
33 1 34
108 1 37
36 6 45
12 1 10
99 2 37
30 2 28
45 1 7
7 1 80
15 1 12
7 4 10
10 1 7
63 2 108
37 1 86
20 2 99
82 1 90
73 1 7
40 1 52
101 1 40
48 1 101
45 1 54
7 2 33
25 1 10
12 1 19
28 2 7
45 2 73
52 1 25
30 1 7
48 1 27
56 1 25
18 2 16
39 1 30
10 2 49
17 1 7
25 1 7
7 1 23
84 1 25
38 1 37
16 1 17
33 1 32
36 1 30
15 1 26
10 4 7
10 1 22
24 2 28
40 1 36
28 2 55
54 2 37
53 1 51
27 1 15
7 2 28
34 1 25
30 1 35
10 5 7
57 1 28
31 1 30
57 2 52
15 2 17
37 1 52
10 2 81
49 1 15
30 1 55
30 1 24
50 1 30
42 1 38
99 1 24
22 2 25
37 1 27
14 1 7
31 1 25
45 1 40
7 2 20
40 1 42
24 1 10
14 1 10
108 2 39
17 1 33
24 1 33
40 1 27
27 2 90
40 1 108
73 1 40
26 1 25
52 2 57
101 1 10
20 1 16
85 2 37
35 1 33
85 1 31
17 1 10
39 6 73
22 2 30
7 2 26
57 1 25
86 2 53
25 1 22
14 2 7
27 2 63
63 2 27
27 1 17
25 1 35
12 2 10
86 1 37
22 2 24
28 2 35
51 1 50
10 1 80
12 1 7
7 7 10
30 1 10
52 2 72
27 2 57
10 2 33
48 1 73
18 1 15
25 2 28
32 1 25
81 1 30
63 2 101
90 1 37
7 1 10
48 1 63
14 2 10
30 1 28
45 1 37
10 1 33
90 1 20
18 1 17
7 2 80
51 2 40
73 1 14
27 2 86
80 1 25
31 2 38
40 1 57
7 2 54
10 2 23
24 2 35
16 2 18
31 2 84
53 2 57
15 1 14
53 1 40
56 2 50
17 1 49
20 2 40
26 1 30
72 1 31
52 2 53
28 2 29
48 1 45
22 2 28
54 2 40
25 1 28
7 1 33
17 1 12
49 2 56
34 1 30
7 2 22
99 1 35
? 1 github_cpp_program_data/45/165.cpp

12 2 7
40 1 39
49 1 25
7 1 22
52 1 30
73 1 12
56 2 38
28 2 10
7 2 81
56 2 37
85 1 49
35 1 7
27 2 90
75 1 46
40 1 53
10 1 81
25 1 24
35 2 22
46 1 7
22 2 7
20 1 18
72 1 37
38 1 40
7 2 49
63 2 45
6 2 75
22 2 55
10 7 7
33 1 34
17 1 14
39 1 25
7 1 28
15 1 10
10 4 7
37 1 42
80 1 30
10 1 80
82 1 112
22 2 35
32 1 30
30 1 22
63 1 15
3 1 2
10 2 22
86 1 85
37 1 53
12 1 10
4 2 5
7 1 81
53 1 37
31 2 62
3 1 1
10 1 28
37 1 63
53 2 36
22 2 10
49 2 31
62 1 37
23 1 32
32 2 34
51 1 49
42 2 52
16 1 15
10 1 23
28 2 24
25 1 29
49 1 17
45 1 20
63 2 42
82 1 27
31 2 50
10 2 80
24 1 7
23 1 34
10 2 28
17 2 15
51 1 56
85 2 37
57 1 30
10 2 26
48 1 75
112 1 7
32 1 25
85 1 84
37 1 113
81 1 25
7 2 54
45 1 12
37 1 57
36 6 45
63 1 17
37 1 64
35 1 10
7 2 23
17 1 26
42 1 31
25 1 55
26 1 17
55 2 28
24 1 10
112 1 40
34 1 25
3 2 6
7 4 10
10 1 7
64 2 63
36 1 25
51 2 37
26 2 31
48 1 27
73 1 7
40 1 52
48 1 101
1 2 2
35 1 23
30 1 29
51 1 31
64 1 31
25 1 10
28 2 7
37 1 82
52 1 25
90 1 20
82 1 90
20 2 37
56 1 25
18 2 16
90 1 10
10 2 49
17 1 7
40 1 57
27 2 64
40 1 72
52 2 53
33 1 32
52 2 86
10 2 37
112 1 54
36 1 30
6 1 4
15 1 26
72 1 56
10 1 22
40 1 86
52 2 57
90 2 112
40 1 36
101 2 63
53 1 51
27 1 15
7 2 28
25 1 7
7 1 80
30 1 35
10 5 7
52 2 39
51 1 26
31 1 30
57 2 52
15 2 17
37 1 52
10 2 81
49 1 15
40 1 42
30 1 24
48 1 6
7 2 33
42 1 38
37 1 27
14 1 7
30 1 7
45 1 40
29 2 22
30 1 55
54 1 16
25 1 28
22 2 24
75 2 101
24 1 33
40 1 27
42 1 56
45 1 10
73 1 40
26 1 25
7 2 11
57 2 39
7 5 10
81 2 80
101 1 10
20 1 16
56 1 30
73 1 54
85 1 31
17 1 10
7 2 22
57 1 25
15 1 49
25 1 22
14 2 7
27 2 63
63 2 27
27 1 17
25 1 35
12 2 10
86 1 37
80 2 81
28 2 35
51 1 50
54 1 18
27 2 72
12 1 7
30 1 10
27 2 57
10 2 20
48 1 73
20 2 40
64 1 62
48 1 63
12 1 11
81 1 30
6 2 3
101 1 37
63 2 57
90 1 37
7 1 10
14 2 10
30 1 28
48 1 3
34 2 32
15 1 7
18 1 17
86 2 27
6 1 5
7 2 80
51 2 40
72 2 57
45 2 73
22 2 29
80 1 25
31 2 38
24 2 22
15 1 12
10 2 23
10 2 33
16 2 18
31 2 84
50 1 25
15 1 14
53 1 40
56 2 50
17 1 49
26 1 30
57 2 53
28 2 29
48 1 45
39 6 73
54 2 40
14 1 10
17 1 12
49 2 56
34 1 30
84 1 25
? 1 github_cpp_program_data/45/167.cpp

12 2 7
40 1 39
49 1 25
22 2 10
27 2 108
52 1 30
82 1 63
48 1 89
56 2 38
22 2 55
7 2 81
87 1 14
35 1 7
57 2 52
87 2 89
73 1 10
35 1 23
40 1 53
10 1 81
37 1 72
78 1 77
46 1 7
22 2 7
20 1 18
38 1 40
7 2 49
6 2 75
78 2 98
33 1 34
17 1 14
40 1 108
34 2 32
42 1 56
15 1 10
10 4 7
37 1 42
80 1 30
10 1 80
29 2 28
10 2 20
24 1 23
73 1 12
32 1 30
30 1 22
104 2 28
63 1 15
3 1 2
104 1 33
86 1 85
25 1 103
12 1 10
87 1 12
4 2 5
7 1 81
53 1 37
26 2 56
31 2 62
3 1 1
10 1 28
15 1 7
28 2 10
76 2 77
52 2 59
103 1 33
49 2 31
62 1 37
23 1 32
87 1 7
64 1 41
56 2 40
51 1 49
48 1 87
49 1 30
89 2 87
16 1 15
57 2 86
40 1 72
10 1 23
28 2 24
85 1 56
25 1 29
49 1 17
48 1 78
45 1 20
82 1 27
31 2 50
10 2 80
24 1 7
23 1 34
62 1 40
17 2 15
37 1 59
57 1 30
31 2 40
10 2 26
48 1 75
45 1 14
85 1 26
85 1 84
56 1 30
81 1 25
7 2 54
26 2 31
73 1 37
12 1 19
37 1 57
63 2 53
73 2 45
63 1 17
10 1 7
35 1 10
7 2 23
17 1 26
42 1 31
25 1 55
26 1 17
108 1 37
55 2 28
25 1 104
24 1 10
45 1 7
34 1 25
19 2 7
7 4 10
37 1 64
36 6 73
51 2 37
101 1 7
57 2 72
48 1 98
15 1 26
40 1 64
48 1 27
25 1 24
40 1 52
98 2 27
16 1 17
75 2 78
27 2 53
1 2 2
7 2 37
30 1 29
51 1 31
64 1 31
25 1 10
62 2 41
28 2 7
37 1 82
52 1 25
30 1 7
76 1 10
20 2 37
72 1 40
18 2 16
39 1 30
10 2 49
14 2 7
17 1 7
40 1 57
7 1 23
84 1 25
53 2 52
32 2 34
38 1 37
33 1 32
87 1 20
42 2 64
10 7 7
36 1 30
6 1 4
78 1 76
72 1 56
10 1 22
40 1 86
52 2 57
40 1 36
63 2 72
28 2 22
54 2 37
53 1 51
53 1 40
7 2 28
25 1 7
7 1 80
30 1 35
10 5 7
52 2 39
3 2 6
51 1 26
31 1 30
41 1 40
15 2 17
10 2 81
108 1 31
55 2 22
40 1 42
30 1 24
98 1 10
7 2 33
42 1 38
78 1 1
89 1 14
37 1 27
14 1 7
31 1 25
81 1 30
84 1 30
37 1 36
7 2 20
30 1 55
54 1 16
10 2 28
25 1 28
22 2 24
89 1 7
37 1 39
24 1 33
40 1 27
50 1 30
45 1 10
42 2 57
73 1 40
26 1 25
7 5 10
81 2 80
72 2 64
40 1 63
20 1 16
64 2 108
85 2 37
73 1 54
35 1 33
89 1 54
17 1 10
48 1 3
48 1 6
7 2 26
57 1 25
15 1 49
25 1 22
37 1 52
27 2 63
12 1 101
63 2 27
1 2 76
27 1 17
25 1 35
12 2 10
86 1 37
80 2 81
75 1 46
36 6 45
64 2 27
64 1 56
51 1 50
54 1 18
56 2 84
52 2 27
12 1 7
7 7 10
30 1 10
56 1 25
27 2 87
37 1 108
48 1 73
18 1 15
10 2 54
64 1 62
86 2 57
32 1 25
56 2 62
45 1 40
6 2 3
101 1 37
7 1 10
48 1 63
14 2 10
30 1 28
45 1 37
26 1 15
37 1 63
18 1 17
6 1 5
7 2 80
51 2 40
108 1 40
45 2 73
73 1 14
22 2 29
80 1 25
31 2 38
24 2 22
15 1 12
31 2 37
10 2 23
10 2 33
103 2 22
16 2 18
15 1 14
27 1 15
73 1 7
17 1 49
89 1 12
20 2 40
26 1 30
72 1 31
28 2 29
48 1 45
22 2 28
54 2 40
98 1 12
14 1 10
63 2 36
10 2 22
17 1 12
28 2 55
53 2 36
34 1 30
7 2 22
89 2 45
? 1 github_cpp_program_data/45/2.cpp

12 2 7
40 1 39
49 1 25
22 2 10
7 1 22
52 1 30
73 1 12
40 1 63
7 2 81
56 2 37
85 1 49
35 1 7
25 1 55
90 1 99
73 1 10
35 1 23
10 1 81
25 1 24
28 2 10
20 1 18
72 1 37
7 2 49
7 2 23
101 2 63
52 1 22
10 7 7
32 2 34
17 1 14
25 2 22
34 2 32
7 1 28
15 1 10
28 2 22
80 1 30
54 1 18
10 2 20
24 1 23
72 2 36
32 1 30
30 1 22
27 2 45
63 1 15
10 2 22
86 1 85
37 1 53
108 1 56
10 2 40
7 1 81
22 2 7
15 1 7
7 5 10
90 1 7
49 2 31
40 1 82
23 1 32
30 2 22
51 1 49
49 1 30
16 1 15
28 2 25
40 1 72
10 1 23
28 2 24
22 2 35
25 1 29
49 1 17
82 1 27
54 1 16
10 2 80
24 1 7
23 1 34
10 2 28
17 2 15
51 1 56
30 1 29
57 1 30
35 2 24
10 2 26
45 1 14
19 2 7
85 1 84
56 1 30
81 1 25
31 2 37
45 1 12
37 1 57
73 2 45
63 1 17
52 1 28
35 1 10
22 2 55
17 1 26
42 1 31
73 1 20
33 1 34
108 1 37
36 6 45
12 1 10
99 2 37
30 2 28
45 1 7
7 1 80
15 1 12
7 4 10
10 1 7
63 2 108
37 1 86
20 2 99
82 1 90
73 1 7
40 1 52
101 1 40
48 1 101
45 1 54
7 2 33
25 1 10
12 1 19
28 2 7
45 2 73
52 1 25
30 1 7
48 1 27
56 1 25
18 2 16
39 1 30
10 2 49
17 1 7
25 1 7
7 1 23
84 1 25
38 1 37
16 1 17
33 1 32
36 1 30
15 1 26
10 4 7
10 1 22
24 2 28
40 1 36
28 2 55
54 2 37
53 1 51
27 1 15
7 2 28
34 1 25
30 1 35
10 5 7
57 1 28
31 1 30
57 2 52
15 2 17
37 1 52
10 2 81
49 1 15
30 1 55
30 1 24
50 1 30
42 1 38
99 1 24
22 2 25
37 1 27
14 1 7
31 1 25
45 1 40
7 2 20
40 1 42
24 1 10
14 1 10
108 2 39
17 1 33
24 1 33
40 1 27
27 2 90
40 1 108
73 1 40
26 1 25
52 2 57
101 1 10
20 1 16
85 2 37
35 1 33
85 1 31
17 1 10
39 6 73
22 2 30
7 2 26
57 1 25
86 2 53
25 1 22
14 2 7
27 2 63
63 2 27
27 1 17
25 1 35
12 2 10
86 1 37
22 2 24
28 2 35
51 1 50
10 1 80
12 1 7
7 7 10
30 1 10
52 2 72
27 2 57
10 2 33
48 1 73
18 1 15
25 2 28
32 1 25
81 1 30
63 2 101
90 1 37
7 1 10
48 1 63
14 2 10
30 1 28
45 1 37
10 1 33
90 1 20
18 1 17
7 2 80
51 2 40
73 1 14
27 2 86
80 1 25
31 2 38
40 1 57
7 2 54
10 2 23
24 2 35
16 2 18
31 2 84
53 2 57
15 1 14
53 1 40
56 2 50
17 1 49
20 2 40
26 1 30
72 1 31
52 2 53
28 2 29
48 1 45
22 2 28
54 2 40
25 1 28
7 1 33
17 1 12
49 2 56
34 1 30
7 2 22
99 1 35
? 1 github_cpp_program_data/45/20.cpp

57 2 108
12 2 7
40 1 39
49 1 25
39 6 45
52 1 30
82 1 63
56 2 38
28 2 10
7 2 81
35 1 7
73 1 10
10 1 81
52 2 42
37 1 72
78 1 77
76 1 7
46 1 7
20 1 18
7 2 49
63 2 45
52 1 22
10 7 7
14 2 7
17 1 14
25 2 22
39 1 25
42 1 56
15 1 10
10 4 7
37 1 42
80 1 30
10 1 80
24 1 23
22 2 35
32 1 30
30 1 22
63 1 15
3 1 2
10 2 22
102 1 7
37 1 53
12 1 10
4 2 5
7 1 81
22 2 7
31 2 62
3 1 1
10 1 28
15 1 7
53 2 36
76 2 77
27 2 52
22 2 10
23 1 32
32 2 34
108 2 52
56 2 40
51 1 49
101 2 27
42 2 52
16 1 15
28 2 25
78 1 4
19 2 10
52 1 25
7 4 10
93 1 92
25 1 29
36 6 73
45 1 20
10 2 81
3 2 78
10 2 80
24 1 7
23 1 34
62 1 40
17 2 15
57 1 30
31 2 40
10 2 26
15 1 94
32 1 25
45 1 37
56 1 30
81 1 25
7 2 54
73 1 37
45 1 12
37 1 57
73 2 45
63 1 17
52 1 28
35 1 10
22 2 55
17 1 26
42 1 31
25 1 55
33 1 34
24 1 10
30 2 28
45 1 7
12 2 10
34 1 25
94 1 25
15 1 12
37 2 15
10 1 7
48 1 102
36 1 25
25 1 10
57 2 72
15 1 26
48 1 27
25 1 24
40 1 52
16 1 17
1 2 2
30 1 29
7 2 33
64 1 31
54 1 16
28 2 7
37 1 82
10 1 23
30 1 7
20 2 37
48 1 98
18 2 16
10 2 54
17 1 7
40 1 57
73 1 7
12 1 19
7 2 94
38 1 37
93 1 1
48 1 101
33 1 32
3 2 6
10 2 37
36 1 30
27 2 63
6 1 4
78 1 76
72 1 56
30 2 22
52 2 57
48 1 75
28 2 30
54 2 37
53 1 51
27 1 15
7 2 28
25 1 7
7 1 80
30 1 35
10 5 7
52 2 39
31 1 30
57 2 52
25 1 35
108 1 31
49 1 15
30 1 55
30 1 24
48 1 6
42 1 38
22 2 25
37 1 27
14 1 7
31 1 25
81 1 30
37 1 36
7 2 20
40 1 42
10 2 23
10 2 28
25 1 28
1 2 91
37 1 39
98 1 7
75 1 46
48 1 78
7 2 23
26 1 25
7 5 10
101 1 10
20 1 16
73 1 54
35 1 33
102 2 27
17 1 10
22 2 30
27 2 53
7 2 26
57 1 25
15 1 49
25 1 22
37 1 52
27 2 101
27 1 17
93 1 91
48 1 93
22 2 24
28 2 35
54 1 18
52 2 27
12 1 7
7 7 10
30 1 10
72 2 39
10 2 33
48 1 73
18 1 15
25 2 28
64 1 62
48 1 63
45 1 40
6 2 3
101 1 37
63 2 57
102 1 14
14 2 10
30 1 28
48 1 3
10 1 33
34 2 32
37 1 63
18 1 17
6 1 5
7 2 80
51 2 40
108 1 40
45 2 73
73 1 14
22 2 29
80 1 25
31 2 38
98 2 102
91 2 92
91 1 10
72 1 40
37 1 108
101 1 15
16 2 18
15 1 14
53 1 40
15 2 17
20 2 40
26 1 30
93 2 75
75 2 98
48 1 45
98 1 12
14 1 10
17 1 12
4 2 76
34 1 30
7 2 22
37 1 64
78 2 93
? 1 github_cpp_program_data/45/25.cpp

12 2 7
85 1 26
82 1 63
28 2 10
7 2 81
56 2 37
85 1 49
35 1 7
73 1 10
89 1 10
10 2 11
40 1 53
49 1 25
37 1 72
46 1 7
10 2 13
38 1 40
7 2 49
6 2 75
26 1 17
17 1 14
45 1 10
34 2 32
27 2 90
15 1 10
57 2 36
37 1 61
54 1 18
27 2 108
10 2 22
108 1 56
4 2 5
7 1 81
22 2 7
3 1 1
10 1 28
101 2 98
53 2 52
90 1 7
62 1 37
23 1 32
87 1 7
14 1 13
51 1 49
48 1 87
16 1 15
57 2 86
10 1 23
85 1 56
25 1 29
52 2 108
52 2 59
37 1 36
28 2 81
51 1 56
57 1 30
10 2 26
10 2 20
45 1 37
51 2 37
7 2 54
37 1 57
73 2 45
63 1 17
22 2 55
17 1 26
73 1 20
33 1 34
12 1 10
31 2 84
3 2 6
80 2 22
37 1 64
63 2 108
57 2 72
26 2 31
35 2 28
101 1 40
30 1 29
7 2 33
64 1 31
54 1 16
28 2 7
45 2 73
25 1 81
42 2 52
56 1 25
10 2 54
25 1 7
40 1 72
48 1 89
48 1 101
37 1 52
22 2 35
6 1 4
15 1 26
24 2 28
36 6 45
7 1 80
30 1 35
51 1 26
31 1 30
57 2 52
12 1 13
22 2 28
40 1 42
64 2 57
30 1 24
48 1 6
42 1 38
31 1 25
81 1 30
84 1 30
7 2 20
10 2 23
25 1 28
89 1 7
37 1 39
39 6 45
108 2 61
40 1 27
42 1 56
42 2 57
73 1 40
7 2 11
7 5 10
15 1 33
56 1 30
40 1 61
17 1 10
7 2 26
57 1 25
25 1 22
27 2 63
27 1 17
12 2 10
64 1 56
41 1 37
45 1 54
10 1 80
12 1 7
48 1 98
52 2 72
37 1 108
56 2 62
6 2 3
90 1 37
7 1 10
14 2 10
30 1 28
10 1 33
26 1 15
15 1 7
6 1 5
51 2 40
72 2 57
73 1 14
27 2 86
80 1 25
24 2 22
85 2 40
40 1 63
16 2 18
15 1 14
53 1 40
15 2 17
20 2 40
26 1 30
63 1 15
64 2 61
54 2 40
64 1 62
57 2 53
7 1 33
17 1 12
87 1 10
49 2 56
80 2 28
89 2 45
7 1 22
52 1 30
73 1 12
38 1 37
56 2 38
27 2 52
87 1 14
87 1 12
87 2 89
35 1 23
10 1 81
25 1 24
42 1 41
20 1 18
72 1 37
10 7 7
39 1 25
85 1 84
7 1 28
48 1 3
80 1 30
24 1 23
36 1 30
32 1 30
30 1 22
86 1 40
3 1 2
86 1 85
37 1 53
10 2 40
14 1 11
53 1 37
26 2 56
31 2 62
10 4 7
37 1 63
49 2 31
40 1 82
49 1 30
52 2 57
7 4 10
40 1 86
40 1 36
82 1 27
31 2 50
10 2 80
24 1 7
23 1 34
62 1 40
85 2 37
31 2 40
22 2 24
32 1 25
22 2 29
81 1 25
14 1 19
38 2 41
7 2 22
35 1 10
7 2 23
42 1 31
25 1 55
108 1 37
25 1 80
24 1 10
89 2 87
34 1 25
52 2 63
10 1 7
36 1 25
37 1 86
72 2 86
40 1 64
82 1 90
40 1 52
16 1 17
1 2 2
51 1 31
25 1 10
30 1 81
52 1 25
30 1 7
20 2 37
18 2 16
10 2 49
17 1 7
40 1 57
7 1 23
22 2 10
108 2 57
33 1 32
72 1 56
10 1 22
84 1 25
48 1 75
28 2 55
40 1 59
28 2 22
54 2 37
53 1 51
27 1 15
7 2 28
12 1 11
29 2 28
10 5 7
89 1 20
31 2 38
17 1 49
10 2 81
108 1 31
55 2 22
30 1 55
50 1 30
28 2 80
89 1 14
14 1 7
49 1 15
45 1 40
86 2 27
108 1 40
108 2 63
10 2 28
14 1 10
98 1 7
75 1 46
40 1 108
101 1 10
20 1 16
35 1 33
85 1 31
72 1 40
15 1 49
14 2 7
63 2 27
25 1 35
17 2 15
86 1 37
28 2 35
51 1 50
56 2 84
7 7 10
30 1 10
7 2 13
10 2 33
48 1 73
18 1 15
75 2 101
86 2 57
19 2 7
86 2 42
32 2 34
37 1 42
98 2 87
90 1 20
18 1 17
29 2 22
7 2 80
22 2 81
15 1 12
24 1 33
31 2 37
53 2 72
87 1 54
52 2 64
53 2 57
50 1 25
56 2 50
89 1 12
72 1 31
52 2 53
45 1 12
28 2 29
48 1 45
39 6 73
98 1 12
63 2 86
34 1 30
108 2 39
? 1 github_cpp_program_data/45/40.cpp

12 2 7
40 1 39
49 1 25
35 1 10
7 1 22
52 1 30
82 1 63
56 2 38
28 2 10
7 2 81
35 1 7
52 2 39
27 2 90
73 1 10
42 1 31
35 1 23
10 1 81
106 1 45
25 1 24
99 2 40
20 1 18
7 2 49
117 1 35
10 7 7
33 1 34
17 1 14
90 1 40
39 1 25
7 1 28
15 1 10
80 1 30
54 1 18
10 2 20
82 1 112
73 1 12
32 1 30
30 1 22
112 1 99
10 2 22
37 1 53
12 1 10
10 2 40
7 1 81
22 2 7
31 2 62
10 1 28
37 1 63
90 1 7
23 1 32
32 2 34
49 1 30
42 2 52
16 1 15
7 2 80
52 1 25
7 4 10
25 1 29
36 6 73
45 1 20
31 2 38
82 1 27
54 1 16
10 2 80
24 1 7
23 1 34
62 1 40
118 1 40
57 1 30
35 2 24
112 1 7
32 1 25
90 1 20
81 1 25
7 2 54
73 1 37
45 1 12
63 1 17
10 1 7
112 1 10
7 2 23
7 2 37
25 1 55
26 1 17
24 1 10
112 1 40
34 1 25
24 1 23
37 1 64
101 1 7
54 2 99
10 2 54
40 1 52
48 1 101
30 1 29
106 1 112
64 1 31
25 1 10
28 2 7
37 1 82
30 1 7
82 1 90
20 2 37
56 1 25
18 2 16
90 1 10
14 2 7
17 1 7
40 1 57
7 1 23
22 2 10
63 2 64
38 1 37
101 2 118
16 1 17
33 1 32
112 1 54
36 1 30
15 1 26
10 4 7
10 1 22
52 2 57
90 2 112
106 1 73
28 2 55
54 2 37
53 1 51
53 1 40
7 2 28
25 1 7
7 1 80
30 1 35
10 5 7
117 1 24
51 1 26
31 1 30
57 2 52
10 2 81
40 1 42
112 1 117
7 2 33
42 1 38
99 1 24
14 1 7
31 1 25
81 1 30
118 1 10
37 1 36
7 2 20
30 1 55
10 2 23
10 2 28
14 1 10
22 2 35
30 1 24
24 1 33
42 1 56
45 1 10
26 1 25
7 5 10
45 2 73
117 2 37
73 1 54
35 1 33
94 1 30
17 1 10
112 1 37
7 2 26
57 1 25
15 1 49
25 1 22
37 1 52
27 2 63
63 2 27
25 1 35
12 2 10
28 2 35
10 1 80
40 1 106
12 1 7
30 1 10
106 1 90
10 2 33
18 1 15
64 1 62
54 2 117
45 1 40
101 1 37
90 1 37
7 1 10
14 2 10
30 1 28
37 1 42
10 1 33
34 2 32
63 2 90
15 1 7
18 1 17
106 1 27
48 1 118
51 2 40
22 2 29
80 1 25
17 1 94
15 1 12
24 2 35
16 2 18
15 1 14
27 1 15
17 1 49
20 2 40
63 1 15
52 2 53
106 1 63
25 1 28
10 2 94
112 2 45
53 2 36
34 1 30
7 2 22
99 1 35
? 1 github_cpp_program_data/45/44.cpp

12 2 7
40 1 39
49 1 25
39 6 45
7 1 22
52 1 30
82 1 63
56 2 38
28 2 10
7 2 81
85 1 49
35 1 7
52 2 39
27 2 90
90 1 99
35 1 23
40 1 53
10 1 81
106 1 45
25 1 24
99 2 40
22 2 7
20 1 18
38 1 40
101 2 63
22 2 55
14 2 7
37 1 30
90 1 40
22 2 37
39 1 25
7 1 28
15 1 10
28 2 22
80 1 30
49 2 56
25 2 30
54 1 18
29 2 28
106 1 90
24 1 23
16 1 12
22 2 35
32 1 30
30 1 22
63 1 15
76 1 33
86 1 85
24 1 10
7 1 81
53 1 37
31 2 62
10 1 28
31 2 38
24 2 28
90 1 54
62 1 37
23 1 32
42 2 52
16 1 15
90 1 7
25 1 10
14 1 65
10 1 23
28 2 24
85 1 56
25 1 29
40 1 86
45 1 20
82 1 27
24 1 7
118 1 7
10 2 28
85 2 37
35 2 24
10 2 26
45 1 14
32 1 25
45 1 37
51 2 37
81 1 25
7 2 54
45 1 12
37 1 57
34 2 32
73 2 45
63 1 17
35 1 10
7 2 23
17 1 26
42 1 31
65 2 10
25 1 55
33 1 34
28 2 76
12 1 10
30 2 25
25 1 37
7 1 80
15 1 12
7 4 10
10 1 7
36 1 25
40 1 64
54 2 99
73 1 7
40 1 52
16 1 17
90 2 45
7 2 37
30 1 29
7 2 33
64 1 31
54 1 16
28 2 7
37 1 82
52 1 25
96 1 20
30 1 7
76 1 10
20 2 37
56 1 25
18 2 16
39 1 30
10 2 49
17 1 7
40 1 57
7 1 23
12 1 19
63 2 64
52 2 53
33 1 32
86 2 39
10 2 37
36 1 30
10 4 7
10 1 22
36 6 73
52 2 57
40 1 36
28 2 55
53 1 51
32 2 34
7 2 28
34 1 25
30 1 35
10 5 7
7 2 80
51 1 26
31 1 30
57 2 52
10 2 81
22 2 40
49 1 15
40 1 42
17 1 14
50 1 30
42 1 38
99 1 24
14 1 7
118 1 96
23 1 34
118 1 37
30 1 55
10 2 23
27 2 86
25 1 28
37 1 39
30 1 24
24 1 33
40 1 27
42 1 56
45 1 10
73 1 40
26 1 25
7 5 10
81 2 80
40 1 63
20 1 16
73 1 54
35 1 33
45 2 73
40 1 25
17 1 10
106 1 101
30 1 76
57 1 25
15 1 49
25 1 22
37 1 52
27 2 63
63 2 27
27 1 17
25 1 35
12 2 10
86 1 37
22 2 24
37 1 106
12 1 7
7 7 10
30 1 10
37 1 25
10 2 33
18 1 15
64 1 62
19 2 7
81 1 30
101 1 37
7 1 10
14 2 10
30 1 28
37 1 42
30 1 40
15 1 7
18 1 17
106 1 27
16 1 10
48 1 118
106 1 73
73 1 14
22 2 29
80 1 25
24 2 22
25 1 7
45 1 40
10 2 20
16 2 18
85 1 50
15 1 14
27 1 15
56 2 50
22 2 10
20 2 40
40 1 30
106 1 63
54 2 40
96 2 7
14 1 10
101 1 10
7 1 33
10 2 22
17 1 12
53 2 36
34 1 30
7 2 22
99 1 35
? 1 github_cpp_program_data/45/45.cpp

12 2 7
40 1 39
49 1 25
7 1 22
52 1 30
28 2 10
7 2 81
56 2 37
85 1 49
35 1 7
35 1 23
40 1 53
10 1 81
25 1 24
46 1 7
53 1 37
72 1 37
38 1 40
7 2 49
7 2 23
6 2 75
10 7 7
33 1 34
17 1 14
15 1 10
10 4 7
48 1 3
80 1 30
10 1 80
24 1 23
30 1 22
63 1 15
3 1 2
10 2 22
86 1 85
63 2 53
4 2 5
7 1 81
22 2 7
3 1 1
10 1 28
15 1 7
23 1 32
49 1 30
16 1 15
40 1 57
10 1 23
7 4 10
85 1 56
25 1 29
49 1 17
48 1 75
10 2 81
31 2 50
10 2 80
10 2 28
85 2 37
57 1 30
30 1 7
10 2 26
32 1 25
85 1 84
56 1 30
81 1 25
7 2 54
45 1 12
37 1 57
36 6 45
7 2 22
35 1 10
22 2 55
17 1 26
42 1 31
25 1 55
26 1 17
12 1 10
45 1 7
29 2 28
3 2 6
10 1 7
36 1 25
51 2 37
26 2 31
37 1 72
1 2 2
30 1 29
7 2 33
25 1 10
28 2 7
45 2 73
42 2 52
39 1 30
72 2 42
10 2 49
27 2 86
25 1 7
73 1 7
22 2 10
33 1 32
86 2 39
22 2 35
6 1 4
15 1 26
72 1 56
10 1 22
40 1 86
75 2 45
40 1 36
53 1 51
7 2 28
45 1 20
7 1 80
30 1 35
10 5 7
51 1 26
31 1 30
17 1 49
37 1 52
30 1 55
30 1 24
48 1 6
51 1 31
42 1 38
14 1 7
31 1 25
45 1 40
7 2 20
10 2 23
17 1 7
25 1 28
17 1 33
75 1 46
40 1 27
73 1 40
26 1 25
7 5 10
40 1 63
20 1 16
73 1 54
35 1 33
17 1 10
57 1 25
15 1 49
25 1 22
14 2 7
27 2 63
27 1 17
12 2 10
86 1 37
28 2 35
51 1 50
56 2 84
7 7 10
12 1 7
37 1 42
30 1 10
10 2 33
48 1 73
20 2 40
24 1 10
7 1 10
14 2 10
30 1 28
28 2 22
10 1 33
31 2 38
6 1 5
7 2 80
73 1 14
22 2 29
80 1 25
15 1 12
50 1 25
15 1 14
27 1 15
53 2 36
26 1 30
48 1 45
39 6 73
54 2 40
14 1 10
17 1 12
49 2 56
34 1 30
84 1 25
? 1 github_cpp_program_data/45/50.cpp

12 2 7
40 1 39
49 1 25
22 2 10
27 2 108
52 1 30
82 1 63
48 1 89
56 2 38
22 2 55
7 2 81
87 1 14
35 1 7
57 2 52
87 2 89
73 1 10
35 1 23
40 1 53
10 1 81
37 1 72
78 1 77
46 1 7
22 2 7
20 1 18
38 1 40
7 2 49
6 2 75
78 2 98
33 1 34
17 1 14
40 1 108
34 2 32
42 1 56
15 1 10
10 4 7
37 1 42
80 1 30
10 1 80
29 2 28
10 2 20
24 1 23
73 1 12
32 1 30
30 1 22
104 2 28
63 1 15
3 1 2
104 1 33
86 1 85
25 1 103
12 1 10
87 1 12
4 2 5
7 1 81
53 1 37
26 2 56
31 2 62
3 1 1
10 1 28
15 1 7
28 2 10
76 2 77
52 2 59
103 1 33
49 2 31
62 1 37
23 1 32
87 1 7
64 1 41
56 2 40
51 1 49
48 1 87
49 1 30
89 2 87
16 1 15
57 2 86
40 1 72
10 1 23
28 2 24
85 1 56
25 1 29
49 1 17
48 1 78
45 1 20
82 1 27
31 2 50
10 2 80
24 1 7
23 1 34
62 1 40
17 2 15
37 1 59
57 1 30
31 2 40
10 2 26
48 1 75
45 1 14
85 1 26
85 1 84
56 1 30
81 1 25
7 2 54
26 2 31
73 1 37
12 1 19
37 1 57
63 2 53
73 2 45
63 1 17
10 1 7
35 1 10
7 2 23
17 1 26
42 1 31
25 1 55
26 1 17
108 1 37
55 2 28
25 1 104
24 1 10
45 1 7
34 1 25
19 2 7
7 4 10
37 1 64
36 6 73
51 2 37
101 1 7
57 2 72
48 1 98
15 1 26
40 1 64
48 1 27
25 1 24
40 1 52
98 2 27
16 1 17
75 2 78
27 2 53
1 2 2
7 2 37
30 1 29
51 1 31
64 1 31
25 1 10
62 2 41
28 2 7
37 1 82
52 1 25
30 1 7
76 1 10
20 2 37
72 1 40
18 2 16
39 1 30
10 2 49
14 2 7
17 1 7
40 1 57
7 1 23
84 1 25
53 2 52
32 2 34
38 1 37
33 1 32
87 1 20
42 2 64
10 7 7
36 1 30
6 1 4
78 1 76
72 1 56
10 1 22
40 1 86
52 2 57
40 1 36
63 2 72
28 2 22
54 2 37
53 1 51
53 1 40
7 2 28
25 1 7
7 1 80
30 1 35
10 5 7
52 2 39
3 2 6
51 1 26
31 1 30
41 1 40
15 2 17
10 2 81
108 1 31
55 2 22
40 1 42
30 1 24
98 1 10
7 2 33
42 1 38
78 1 1
89 1 14
37 1 27
14 1 7
31 1 25
81 1 30
84 1 30
37 1 36
7 2 20
30 1 55
54 1 16
10 2 28
25 1 28
22 2 24
89 1 7
37 1 39
24 1 33
40 1 27
50 1 30
45 1 10
42 2 57
73 1 40
26 1 25
7 5 10
81 2 80
72 2 64
40 1 63
20 1 16
64 2 108
85 2 37
73 1 54
35 1 33
89 1 54
17 1 10
48 1 3
48 1 6
7 2 26
57 1 25
15 1 49
25 1 22
37 1 52
27 2 63
12 1 101
63 2 27
1 2 76
27 1 17
25 1 35
12 2 10
86 1 37
80 2 81
75 1 46
36 6 45
64 2 27
64 1 56
51 1 50
54 1 18
56 2 84
52 2 27
12 1 7
7 7 10
30 1 10
56 1 25
27 2 87
37 1 108
48 1 73
18 1 15
10 2 54
64 1 62
86 2 57
32 1 25
56 2 62
45 1 40
6 2 3
101 1 37
7 1 10
48 1 63
14 2 10
30 1 28
45 1 37
26 1 15
37 1 63
18 1 17
6 1 5
7 2 80
51 2 40
108 1 40
45 2 73
73 1 14
22 2 29
80 1 25
31 2 38
24 2 22
15 1 12
31 2 37
10 2 23
10 2 33
103 2 22
16 2 18
15 1 14
27 1 15
73 1 7
17 1 49
89 1 12
20 2 40
26 1 30
72 1 31
28 2 29
48 1 45
22 2 28
54 2 40
98 1 12
14 1 10
63 2 36
10 2 22
17 1 12
28 2 55
53 2 36
34 1 30
7 2 22
89 2 45
? 1 github_cpp_program_data/45/60.cpp

12 2 7
90 2 27
40 1 39
49 1 25
22 2 10
35 1 10
52 1 30
82 1 63
40 1 57
7 2 81
56 2 37
35 1 7
57 2 52
90 1 99
10 2 11
10 1 81
106 1 45
90 1 37
25 1 24
7 2 40
35 2 22
28 2 10
20 1 18
72 1 37
25 1 55
117 1 35
22 2 55
32 2 34
17 1 14
39 1 25
7 1 28
15 1 10
10 4 7
80 1 30
54 1 18
10 2 20
24 1 23
32 1 30
40 1 105
63 1 15
105 1 27
10 2 22
37 1 53
12 1 10
10 2 40
7 1 81
22 2 7
31 2 62
57 2 63
10 1 28
15 1 7
90 1 7
40 1 82
23 1 32
7 2 49
42 2 52
16 1 15
101 1 10
101 2 112
52 1 25
105 1 73
25 1 29
36 6 73
52 2 39
63 2 42
82 1 27
54 1 16
24 1 7
37 1 36
62 1 40
83 1 40
35 2 24
22 2 24
45 1 14
32 1 25
90 1 20
81 1 25
112 2 146
73 1 37
45 1 12
37 1 57
73 2 45
63 1 17
12 1 65
112 1 10
7 2 23
42 1 31
65 2 10
73 1 20
33 1 34
24 1 10
99 2 37
20 2 19
10 2 49
34 1 25
7 4 10
37 1 64
64 2 63
36 1 25
15 1 26
40 1 64
82 1 90
73 1 7
146 1 10
101 1 40
16 1 17
63 2 73
83 1 7
30 1 29
106 1 112
64 1 31
25 1 10
28 2 7
45 2 73
30 1 7
20 2 37
56 1 25
18 2 16
39 1 30
10 2 54
65 2 13
17 1 7
25 1 7
7 1 23
40 1 52
40 1 72
63 2 64
48 1 83
38 1 37
52 2 53
33 1 32
112 1 54
36 1 30
40 1 113
72 1 56
10 1 22
52 2 57
106 1 73
15 1 14
53 1 51
53 1 40
7 2 28
7 1 80
30 1 35
10 5 7
117 1 24
79 2 106
51 1 26
31 1 30
31 2 38
45 1 54
37 1 52
10 2 81
40 1 42
112 1 117
7 2 33
42 1 38
99 1 24
10 2 65
14 1 7
81 1 30
23 1 34
7 2 20
30 1 55
90 1 19
10 2 28
14 1 10
37 1 39
30 1 24
40 1 27
45 1 10
112 1 65
26 1 25
7 5 10
81 2 80
40 1 63
20 1 16
117 2 37
146 2 45
10 1 7
35 1 33
146 1 20
17 1 10
106 1 101
112 1 37
57 1 25
106 2 105
25 1 22
14 2 7
27 2 63
63 2 27
27 1 17
25 1 35
12 2 10
35 2 28
10 2 26
28 2 35
64 1 56
146 1 19
40 1 106
27 2 72
12 1 7
30 1 10
10 2 33
18 1 15
64 1 62
19 2 7
56 2 62
45 1 40
14 1 11
7 1 10
20 2 99
14 2 10
30 1 28
37 1 42
40 1 79
34 2 32
106 1 146
37 1 63
18 1 17
7 2 80
51 2 40
30 1 22
73 1 14
22 2 29
80 1 25
15 1 12
10 2 23
24 2 35
16 2 18
105 1 63
27 1 15
17 1 49
26 1 30
54 2 40
25 1 28
7 1 33
12 1 13
17 1 12
54 2 117
53 2 36
34 1 30
64 2 52
7 2 22
99 1 35
? 1 github_cpp_program_data/45/63.cpp

12 2 7
85 1 26
82 1 63
28 2 10
7 2 81
56 2 37
85 1 49
35 1 7
73 1 10
89 1 10
10 2 11
40 1 53
49 1 25
37 1 72
46 1 7
10 2 13
38 1 40
7 2 49
6 2 75
26 1 17
17 1 14
45 1 10
34 2 32
27 2 90
15 1 10
57 2 36
37 1 61
54 1 18
27 2 108
10 2 22
108 1 56
4 2 5
7 1 81
22 2 7
3 1 1
10 1 28
101 2 98
53 2 52
90 1 7
62 1 37
23 1 32
87 1 7
14 1 13
51 1 49
48 1 87
16 1 15
57 2 86
10 1 23
85 1 56
25 1 29
52 2 108
52 2 59
37 1 36
28 2 81
51 1 56
57 1 30
10 2 26
10 2 20
45 1 37
51 2 37
7 2 54
37 1 57
73 2 45
63 1 17
22 2 55
17 1 26
73 1 20
33 1 34
12 1 10
31 2 84
3 2 6
80 2 22
37 1 64
63 2 108
57 2 72
26 2 31
35 2 28
101 1 40
30 1 29
7 2 33
64 1 31
54 1 16
28 2 7
45 2 73
25 1 81
42 2 52
56 1 25
10 2 54
25 1 7
40 1 72
48 1 89
48 1 101
37 1 52
22 2 35
6 1 4
15 1 26
24 2 28
36 6 45
7 1 80
30 1 35
51 1 26
31 1 30
57 2 52
12 1 13
22 2 28
40 1 42
64 2 57
30 1 24
48 1 6
42 1 38
31 1 25
81 1 30
84 1 30
7 2 20
10 2 23
25 1 28
89 1 7
37 1 39
39 6 45
108 2 61
40 1 27
42 1 56
42 2 57
73 1 40
7 2 11
7 5 10
15 1 33
56 1 30
40 1 61
17 1 10
7 2 26
57 1 25
25 1 22
27 2 63
27 1 17
12 2 10
64 1 56
41 1 37
45 1 54
10 1 80
12 1 7
48 1 98
52 2 72
37 1 108
56 2 62
6 2 3
90 1 37
7 1 10
14 2 10
30 1 28
10 1 33
26 1 15
15 1 7
6 1 5
51 2 40
72 2 57
73 1 14
27 2 86
80 1 25
24 2 22
85 2 40
40 1 63
16 2 18
15 1 14
53 1 40
15 2 17
20 2 40
26 1 30
63 1 15
64 2 61
54 2 40
64 1 62
57 2 53
7 1 33
17 1 12
87 1 10
49 2 56
80 2 28
89 2 45
7 1 22
52 1 30
73 1 12
38 1 37
56 2 38
27 2 52
87 1 14
87 1 12
87 2 89
35 1 23
10 1 81
25 1 24
42 1 41
20 1 18
72 1 37
10 7 7
39 1 25
85 1 84
7 1 28
48 1 3
80 1 30
24 1 23
36 1 30
32 1 30
30 1 22
86 1 40
3 1 2
86 1 85
37 1 53
10 2 40
14 1 11
53 1 37
26 2 56
31 2 62
10 4 7
37 1 63
49 2 31
40 1 82
49 1 30
52 2 57
7 4 10
40 1 86
40 1 36
82 1 27
31 2 50
10 2 80
24 1 7
23 1 34
62 1 40
85 2 37
31 2 40
22 2 24
32 1 25
22 2 29
81 1 25
14 1 19
38 2 41
7 2 22
35 1 10
7 2 23
42 1 31
25 1 55
108 1 37
25 1 80
24 1 10
89 2 87
34 1 25
52 2 63
10 1 7
36 1 25
37 1 86
72 2 86
40 1 64
82 1 90
40 1 52
16 1 17
1 2 2
51 1 31
25 1 10
30 1 81
52 1 25
30 1 7
20 2 37
18 2 16
10 2 49
17 1 7
40 1 57
7 1 23
22 2 10
108 2 57
33 1 32
72 1 56
10 1 22
84 1 25
48 1 75
28 2 55
40 1 59
28 2 22
54 2 37
53 1 51
27 1 15
7 2 28
12 1 11
29 2 28
10 5 7
89 1 20
31 2 38
17 1 49
10 2 81
108 1 31
55 2 22
30 1 55
50 1 30
28 2 80
89 1 14
14 1 7
49 1 15
45 1 40
86 2 27
108 1 40
108 2 63
10 2 28
14 1 10
98 1 7
75 1 46
40 1 108
101 1 10
20 1 16
35 1 33
85 1 31
72 1 40
15 1 49
14 2 7
63 2 27
25 1 35
17 2 15
86 1 37
28 2 35
51 1 50
56 2 84
7 7 10
30 1 10
7 2 13
10 2 33
48 1 73
18 1 15
75 2 101
86 2 57
19 2 7
86 2 42
32 2 34
37 1 42
98 2 87
90 1 20
18 1 17
29 2 22
7 2 80
22 2 81
15 1 12
24 1 33
31 2 37
53 2 72
87 1 54
52 2 64
53 2 57
50 1 25
56 2 50
89 1 12
72 1 31
52 2 53
45 1 12
28 2 29
48 1 45
39 6 73
98 1 12
63 2 86
34 1 30
108 2 39
? 1 github_cpp_program_data/45/69.cpp

12 2 7
40 1 39
49 1 25
7 1 22
52 1 30
40 1 63
7 2 81
56 2 37
85 1 49
35 1 7
12 1 10
35 1 23
40 1 53
10 1 81
25 1 24
78 1 77
46 1 7
22 2 7
20 1 18
72 1 37
30 2 25
7 2 49
22 2 55
10 7 7
26 1 17
17 1 14
45 1 10
39 1 25
15 1 33
80 1 30
25 2 30
10 1 80
29 2 28
10 2 20
24 1 23
22 2 35
32 1 30
30 1 22
51 2 37
86 1 40
3 1 2
10 2 22
86 1 85
37 1 53
108 1 56
4 2 5
15 1 26
53 1 37
26 2 56
3 1 1
10 1 28
15 1 7
28 2 10
76 2 77
27 2 52
22 2 10
49 2 31
23 1 32
32 2 34
7 1 81
49 1 30
78 2 45
16 1 15
57 2 86
78 1 4
52 1 25
28 2 24
85 1 56
25 1 29
40 1 86
48 1 78
45 1 20
10 2 81
31 2 50
10 2 80
24 1 7
23 1 34
10 2 28
55 2 22
37 1 30
17 2 15
51 1 56
85 2 37
57 1 30
10 2 26
48 1 75
45 1 14
85 1 26
85 1 84
56 1 30
81 1 25
31 2 37
57 2 63
45 1 12
37 1 57
73 2 45
63 1 17
35 1 10
7 2 23
42 1 31
7 4 10
25 1 55
33 1 34
108 1 37
3 2 75
36 6 45
24 1 10
31 2 84
34 1 25
3 2 6
27 2 57
10 1 7
36 1 25
37 1 86
57 2 72
26 2 31
73 1 7
40 1 52
10 2 11
1 2 2
30 1 29
51 1 31
54 1 16
28 2 7
7 2 22
10 1 23
30 1 7
76 1 10
56 1 25
18 2 16
75 2 78
10 2 49
14 2 7
17 1 7
40 1 57
7 1 23
40 1 72
38 1 37
33 1 32
55 2 28
6 1 4
14 1 11
10 4 7
10 1 22
52 2 57
40 1 36
28 2 55
53 1 51
27 1 15
7 2 28
25 1 7
7 1 80
30 1 35
10 5 7
86 2 53
25 1 40
51 1 26
31 1 30
57 2 52
12 1 13
53 2 36
22 2 28
40 1 42
30 1 24
48 1 6
7 2 33
42 1 38
37 1 27
15 1 23
31 1 25
81 1 30
84 1 30
29 2 22
30 1 55
25 1 10
25 1 28
108 2 39
17 1 33
75 1 46
40 1 27
40 1 108
73 1 40
7 2 11
7 5 10
81 2 80
15 1 10
20 1 16
30 1 37
73 1 54
35 1 33
85 1 31
40 1 25
17 1 10
52 2 36
7 2 26
57 1 25
15 1 49
25 1 22
37 1 52
27 2 63
72 1 31
63 2 27
27 1 17
25 1 35
12 2 10
86 1 37
80 2 81
51 1 50
54 1 18
56 2 84
7 7 10
12 1 7
14 1 7
30 1 10
37 1 25
7 2 13
10 2 33
48 1 73
20 2 40
86 2 57
32 1 25
12 1 11
45 1 40
6 2 3
78 1 76
7 1 10
14 2 10
30 1 28
48 1 3
10 1 33
26 1 15
34 2 32
37 1 63
18 1 17
6 1 5
7 2 80
51 2 40
72 2 57
45 2 73
73 1 14
22 2 29
80 1 25
31 2 38
24 2 22
85 2 40
15 1 12
7 2 54
10 2 23
16 2 18
63 2 52
53 2 57
50 1 25
15 1 14
53 1 40
56 2 50
17 1 49
26 1 30
63 1 15
40 1 30
57 2 53
28 2 29
48 1 45
39 6 73
54 2 40
14 1 10
63 2 86
7 1 33
17 1 12
4 2 76
34 1 30
84 1 25
27 2 108
? 1 github_cpp_program_data/45/71.cpp

12 2 7
40 1 39
49 1 25
39 6 45
7 1 22
52 1 30
82 1 63
56 2 38
28 2 10
7 2 81
85 1 49
35 1 7
52 2 39
27 2 90
90 1 99
35 1 23
40 1 53
10 1 81
106 1 45
25 1 24
99 2 40
22 2 7
20 1 18
38 1 40
101 2 63
22 2 55
14 2 7
37 1 30
90 1 40
22 2 37
39 1 25
7 1 28
15 1 10
28 2 22
80 1 30
49 2 56
25 2 30
54 1 18
29 2 28
106 1 90
24 1 23
16 1 12
22 2 35
32 1 30
30 1 22
63 1 15
76 1 33
86 1 85
24 1 10
7 1 81
53 1 37
31 2 62
10 1 28
31 2 38
24 2 28
90 1 54
62 1 37
23 1 32
42 2 52
16 1 15
90 1 7
25 1 10
14 1 65
10 1 23
28 2 24
85 1 56
25 1 29
40 1 86
45 1 20
82 1 27
24 1 7
118 1 7
10 2 28
85 2 37
35 2 24
10 2 26
45 1 14
32 1 25
45 1 37
51 2 37
81 1 25
7 2 54
45 1 12
37 1 57
34 2 32
73 2 45
63 1 17
35 1 10
7 2 23
17 1 26
42 1 31
65 2 10
25 1 55
33 1 34
28 2 76
12 1 10
30 2 25
25 1 37
7 1 80
15 1 12
7 4 10
10 1 7
36 1 25
40 1 64
54 2 99
73 1 7
40 1 52
16 1 17
90 2 45
7 2 37
30 1 29
7 2 33
64 1 31
54 1 16
28 2 7
37 1 82
52 1 25
96 1 20
30 1 7
76 1 10
20 2 37
56 1 25
18 2 16
39 1 30
10 2 49
17 1 7
40 1 57
7 1 23
12 1 19
63 2 64
52 2 53
33 1 32
86 2 39
10 2 37
36 1 30
10 4 7
10 1 22
36 6 73
52 2 57
40 1 36
28 2 55
53 1 51
32 2 34
7 2 28
34 1 25
30 1 35
10 5 7
7 2 80
51 1 26
31 1 30
57 2 52
10 2 81
22 2 40
49 1 15
40 1 42
17 1 14
50 1 30
42 1 38
99 1 24
14 1 7
118 1 96
23 1 34
118 1 37
30 1 55
10 2 23
27 2 86
25 1 28
37 1 39
30 1 24
24 1 33
40 1 27
42 1 56
45 1 10
73 1 40
26 1 25
7 5 10
81 2 80
40 1 63
20 1 16
73 1 54
35 1 33
45 2 73
40 1 25
17 1 10
106 1 101
30 1 76
57 1 25
15 1 49
25 1 22
37 1 52
27 2 63
63 2 27
27 1 17
25 1 35
12 2 10
86 1 37
22 2 24
37 1 106
12 1 7
7 7 10
30 1 10
37 1 25
10 2 33
18 1 15
64 1 62
19 2 7
81 1 30
101 1 37
7 1 10
14 2 10
30 1 28
37 1 42
30 1 40
15 1 7
18 1 17
106 1 27
16 1 10
48 1 118
106 1 73
73 1 14
22 2 29
80 1 25
24 2 22
25 1 7
45 1 40
10 2 20
16 2 18
85 1 50
15 1 14
27 1 15
56 2 50
22 2 10
20 2 40
40 1 30
106 1 63
54 2 40
96 2 7
14 1 10
101 1 10
7 1 33
10 2 22
17 1 12
53 2 36
34 1 30
7 2 22
99 1 35
? 1 github_cpp_program_data/45/74.cpp

12 2 7
40 1 39
49 1 25
52 1 30
73 1 12
40 1 57
86 2 108
7 2 81
56 2 37
85 1 49
35 1 7
57 2 52
12 1 10
52 2 39
73 1 10
10 2 11
40 1 53
10 1 81
25 1 24
78 1 77
76 1 7
28 2 10
22 2 7
20 1 18
72 1 37
7 2 49
7 2 23
26 2 56
10 7 7
14 2 7
17 1 14
40 1 108
34 2 32
15 1 10
28 2 22
80 1 30
49 2 56
25 2 30
54 1 18
10 2 20
24 1 23
22 2 35
32 1 30
30 1 22
51 2 37
63 1 15
3 1 2
10 2 22
86 1 85
37 1 53
108 1 56
7 1 81
53 1 37
120 1 31
31 2 62
3 1 1
15 1 7
53 2 52
76 2 77
22 2 10
49 2 31
62 1 37
23 1 32
32 2 34
48 1 125
51 1 49
53 2 86
49 1 30
16 1 15
57 2 86
78 1 4
52 1 25
28 2 24
85 1 56
25 1 29
40 1 86
48 1 78
45 1 20
10 2 81
31 2 50
10 2 80
24 1 7
23 1 34
10 2 28
37 1 30
17 2 15
51 1 56
85 2 37
57 1 30
80 2 81
86 2 52
45 1 14
32 1 25
54 2 37
45 1 37
56 1 30
81 1 25
31 2 37
73 1 37
45 1 12
37 1 57
63 2 53
73 2 45
63 1 17
35 1 10
22 2 55
17 1 26
42 1 31
25 1 55
33 1 34
108 1 37
78 2 93
24 1 10
86 1 51
31 2 84
93 2 78
45 1 7
12 2 10
34 1 25
91 2 92
7 4 10
10 1 7
36 1 25
37 1 86
15 1 26
48 1 27
10 2 54
40 1 52
16 1 17
120 1 41
1 2 2
30 1 29
51 1 31
25 1 10
28 2 7
7 2 22
125 2 63
30 1 7
85 1 84
93 1 92
27 2 57
39 1 30
10 2 49
86 2 53
17 1 7
25 1 7
40 1 72
93 1 1
33 1 32
36 1 30
78 1 76
10 4 7
36 6 73
52 2 57
40 1 36
28 2 55
30 1 120
53 1 51
27 1 15
7 2 28
7 1 80
30 1 35
10 5 7
120 1 38
51 1 26
31 1 30
41 1 25
15 2 17
93 1 91
40 1 42
86 1 40
30 1 24
50 1 30
7 2 33
45 2 73
42 1 62
37 1 27
14 1 7
31 1 25
81 1 30
84 1 30
37 1 36
7 2 20
30 1 55
54 1 16
25 1 28
1 2 91
37 1 39
39 6 45
85 1 26
45 2 27
40 1 27
45 1 10
73 1 40
26 1 25
7 5 10
81 2 80
40 1 63
20 1 16
30 1 37
73 1 54
35 1 33
48 1 45
40 1 25
17 1 10
52 2 36
63 2 73
27 2 53
7 2 26
57 1 25
15 1 49
25 1 22
37 1 52
27 2 63
63 2 27
27 1 17
25 1 35
48 1 93
86 1 37
10 2 26
36 6 45
51 1 50
10 1 80
56 2 84
20 2 37
12 1 7
7 7 10
30 1 10
37 1 25
52 2 72
18 2 16
10 2 33
48 1 73
20 2 40
48 1 63
12 1 11
45 1 40
63 2 45
27 2 125
7 1 10
14 2 10
30 1 28
48 1 3
3 2 78
30 1 40
78 2 27
53 1 85
18 1 17
37 1 63
7 2 80
51 2 40
30 2 25
73 1 14
22 2 29
80 1 25
31 2 38
38 1 30
85 2 40
15 1 12
91 1 10
10 2 23
16 2 18
50 1 25
15 1 14
53 1 40
56 2 50
17 1 49
72 2 36
26 1 30
72 1 31
40 1 30
38 2 41
28 2 29
85 1 31
54 2 40
14 1 10
63 2 86
17 1 12
4 2 76
34 1 30
84 1 25
108 2 39
? 1 github_cpp_program_data/45/77.cpp

12 2 7
40 1 39
49 1 25
22 2 10
7 1 22
52 1 30
73 1 12
40 1 63
7 2 81
56 2 37
85 1 49
35 1 7
25 1 55
90 1 99
73 1 10
35 1 23
10 1 81
25 1 24
28 2 10
20 1 18
72 1 37
7 2 49
7 2 23
101 2 63
52 1 22
10 7 7
32 2 34
17 1 14
25 2 22
34 2 32
7 1 28
15 1 10
28 2 22
80 1 30
54 1 18
10 2 20
24 1 23
72 2 36
32 1 30
30 1 22
27 2 45
63 1 15
10 2 22
86 1 85
37 1 53
108 1 56
10 2 40
7 1 81
22 2 7
15 1 7
7 5 10
90 1 7
49 2 31
40 1 82
23 1 32
30 2 22
51 1 49
49 1 30
16 1 15
28 2 25
40 1 72
10 1 23
28 2 24
22 2 35
25 1 29
49 1 17
82 1 27
54 1 16
10 2 80
24 1 7
23 1 34
10 2 28
17 2 15
51 1 56
30 1 29
57 1 30
35 2 24
10 2 26
45 1 14
19 2 7
85 1 84
56 1 30
81 1 25
31 2 37
45 1 12
37 1 57
73 2 45
63 1 17
52 1 28
35 1 10
22 2 55
17 1 26
42 1 31
73 1 20
33 1 34
108 1 37
36 6 45
12 1 10
99 2 37
30 2 28
45 1 7
7 1 80
15 1 12
7 4 10
10 1 7
63 2 108
37 1 86
20 2 99
82 1 90
73 1 7
40 1 52
101 1 40
48 1 101
45 1 54
7 2 33
25 1 10
12 1 19
28 2 7
45 2 73
52 1 25
30 1 7
48 1 27
56 1 25
18 2 16
39 1 30
10 2 49
17 1 7
25 1 7
7 1 23
84 1 25
38 1 37
16 1 17
33 1 32
36 1 30
15 1 26
10 4 7
10 1 22
24 2 28
40 1 36
28 2 55
54 2 37
53 1 51
27 1 15
7 2 28
34 1 25
30 1 35
10 5 7
57 1 28
31 1 30
57 2 52
15 2 17
37 1 52
10 2 81
49 1 15
30 1 55
30 1 24
50 1 30
42 1 38
99 1 24
22 2 25
37 1 27
14 1 7
31 1 25
45 1 40
7 2 20
40 1 42
24 1 10
14 1 10
108 2 39
17 1 33
24 1 33
40 1 27
27 2 90
40 1 108
73 1 40
26 1 25
52 2 57
101 1 10
20 1 16
85 2 37
35 1 33
85 1 31
17 1 10
39 6 73
22 2 30
7 2 26
57 1 25
86 2 53
25 1 22
14 2 7
27 2 63
63 2 27
27 1 17
25 1 35
12 2 10
86 1 37
22 2 24
28 2 35
51 1 50
10 1 80
12 1 7
7 7 10
30 1 10
52 2 72
27 2 57
10 2 33
48 1 73
18 1 15
25 2 28
32 1 25
81 1 30
63 2 101
90 1 37
7 1 10
48 1 63
14 2 10
30 1 28
45 1 37
10 1 33
90 1 20
18 1 17
7 2 80
51 2 40
73 1 14
27 2 86
80 1 25
31 2 38
40 1 57
7 2 54
10 2 23
24 2 35
16 2 18
31 2 84
53 2 57
15 1 14
53 1 40
56 2 50
17 1 49
20 2 40
26 1 30
72 1 31
52 2 53
28 2 29
48 1 45
22 2 28
54 2 40
25 1 28
7 1 33
17 1 12
49 2 56
34 1 30
7 2 22
99 1 35
? 1 github_cpp_program_data/45/78.cpp

12 2 7
40 1 39
49 1 25
7 1 22
52 1 30
28 2 10
7 2 81
56 2 37
85 1 49
35 1 7
35 1 23
40 1 53
10 1 81
25 1 24
46 1 7
53 1 37
72 1 37
38 1 40
7 2 49
7 2 23
6 2 75
10 7 7
33 1 34
17 1 14
15 1 10
10 4 7
48 1 3
80 1 30
10 1 80
24 1 23
30 1 22
63 1 15
3 1 2
10 2 22
86 1 85
63 2 53
4 2 5
7 1 81
22 2 7
3 1 1
10 1 28
15 1 7
23 1 32
49 1 30
16 1 15
40 1 57
10 1 23
7 4 10
85 1 56
25 1 29
49 1 17
48 1 75
10 2 81
31 2 50
10 2 80
10 2 28
85 2 37
57 1 30
30 1 7
10 2 26
32 1 25
85 1 84
56 1 30
81 1 25
7 2 54
45 1 12
37 1 57
36 6 45
7 2 22
35 1 10
22 2 55
17 1 26
42 1 31
25 1 55
26 1 17
12 1 10
45 1 7
29 2 28
3 2 6
10 1 7
36 1 25
51 2 37
26 2 31
37 1 72
1 2 2
30 1 29
7 2 33
25 1 10
28 2 7
45 2 73
42 2 52
39 1 30
72 2 42
10 2 49
27 2 86
25 1 7
73 1 7
22 2 10
33 1 32
86 2 39
22 2 35
6 1 4
15 1 26
72 1 56
10 1 22
40 1 86
75 2 45
40 1 36
53 1 51
7 2 28
45 1 20
7 1 80
30 1 35
10 5 7
51 1 26
31 1 30
17 1 49
37 1 52
30 1 55
30 1 24
48 1 6
51 1 31
42 1 38
14 1 7
31 1 25
45 1 40
7 2 20
10 2 23
17 1 7
25 1 28
17 1 33
75 1 46
40 1 27
73 1 40
26 1 25
7 5 10
40 1 63
20 1 16
73 1 54
35 1 33
17 1 10
57 1 25
15 1 49
25 1 22
14 2 7
27 2 63
27 1 17
12 2 10
86 1 37
28 2 35
51 1 50
56 2 84
7 7 10
12 1 7
37 1 42
30 1 10
10 2 33
48 1 73
20 2 40
24 1 10
7 1 10
14 2 10
30 1 28
28 2 22
10 1 33
31 2 38
6 1 5
7 2 80
73 1 14
22 2 29
80 1 25
15 1 12
50 1 25
15 1 14
27 1 15
53 2 36
26 1 30
48 1 45
39 6 73
54 2 40
14 1 10
17 1 12
49 2 56
34 1 30
84 1 25
? 1 github_cpp_program_data/45/79.cpp

12 2 7
40 1 39
49 1 25
7 2 40
16 1 14
82 1 63
28 2 10
7 2 81
35 1 7
73 1 10
10 2 11
40 1 53
37 1 72
78 1 77
35 2 22
76 1 7
10 2 13
38 1 40
7 2 49
33 1 34
17 1 14
45 1 10
22 2 37
34 2 32
15 1 10
25 2 30
54 1 18
40 1 9
63 2 45
18 1 7
63 1 15
46 1 10
76 1 33
7 1 81
22 2 7
3 1 1
10 1 28
103 1 33
62 1 37
23 1 32
91 2 52
14 1 13
25 1 37
16 1 15
78 1 4
19 2 10
52 1 25
34 1 29
16 1 12
25 1 29
36 6 73
3 2 78
18 1 14
37 1 36
102 1 10
91 1 54
57 1 30
8 1 7
10 2 26
10 2 20
48 1 63
45 1 37
51 2 37
7 2 54
37 1 57
73 2 45
63 1 17
22 2 55
17 1 26
76 1 20
26 1 17
8 2 52
12 1 10
47 2 45
100 2 12
40 1 101
48 1 102
28 2 76
101 1 7
26 2 31
73 1 7
101 1 40
53 2 39
30 1 29
7 2 33
64 1 31
54 1 16
28 2 7
21 1 4
42 2 52
37 1 76
10 2 54
25 1 7
52 2 9
38 1 37
37 1 52
4 2 7
22 2 35
14 1 11
40 1 124
52 2 57
73 2 27
36 6 45
7 1 80
30 1 35
63 2 64
31 1 30
57 2 52
45 1 54
93 1 91
40 1 42
64 2 57
30 1 24
44 2 57
42 1 38
81 1 30
31 1 25
100 1 20
7 2 20
10 2 23
25 1 28
37 1 39
39 6 45
40 1 27
7 1 28
73 1 40
26 1 25
7 2 11
7 5 10
40 1 63
25 1 76
73 1 54
76 2 52
40 1 25
17 1 10
7 2 26
93 1 92
25 1 22
27 2 63
40 1 8
27 1 17
12 2 10
75 1 46
64 1 56
9 2 39
10 1 80
12 1 7
37 1 42
56 1 25
37 1 25
56 2 62
78 1 76
102 1 14
14 2 10
30 1 28
10 1 33
30 1 40
21 1 7
73 1 14
22 2 29
80 1 25
7 2 13
40 1 45
91 1 10
45 1 100
16 2 18
15 1 14
27 1 15
12 1 19
20 2 40
26 1 30
40 1 30
91 1 7
54 2 40
63 2 47
7 1 33
10 2 22
9 2 52
17 1 12
4 2 76
93 2 75
12 1 11
7 1 22
52 1 30
73 1 12
56 2 38
35 1 23
10 1 81
25 1 24
35 2 28
7 1 10
20 1 18
48 1 47
37 1 30
39 1 25
42 1 56
28 2 22
80 1 30
24 1 23
55 2 28
32 1 30
30 1 22
3 1 2
10 2 40
15 1 26
53 1 37
31 2 62
101 2 27
76 2 77
124 1 4
40 1 82
27 2 42
48 1 93
93 2 78
49 1 30
57 2 8
14 1 65
28 2 24
44 1 1
45 1 20
82 1 27
31 2 50
10 2 80
24 1 7
23 1 34
10 2 28
96 2 12
31 2 40
22 2 24
45 1 14
32 1 25
91 1 20
81 1 25
73 1 37
45 1 12
7 2 22
35 1 10
7 2 23
42 1 31
65 2 10
25 1 55
81 2 80
42 2 36
24 1 10
30 2 25
45 1 7
29 2 28
15 1 12
52 2 63
40 1 44
10 1 7
36 1 25
16 1 7
57 1 25
48 1 98
40 1 64
48 1 27
40 1 52
16 1 17
1 2 2
40 1 73
51 1 31
47 1 40
25 1 10
96 1 20
30 1 7
20 2 37
7 4 10
18 2 16
10 2 49
17 1 7
40 1 57
7 1 23
22 2 10
51 1 26
93 1 1
33 1 32
57 2 21
25 1 103
10 4 7
10 1 22
32 1 29
48 1 75
28 2 55
54 2 37
53 1 51
15 1 7
7 2 28
34 1 25
10 5 7
37 1 91
31 2 38
17 1 49
10 2 81
40 1 36
55 2 22
30 1 55
98 1 10
45 2 73
21 2 52
37 1 27
14 1 7
45 1 40
22 2 40
29 2 22
14 1 10
1 2 91
98 1 7
36 1 30
75 2 98
24 1 33
48 1 78
9 1 1
28 2 29
57 2 42
20 1 16
102 2 98
35 1 33
98 2 45
52 2 36
72 1 40
15 1 49
40 1 21
14 2 7
63 2 27
52 2 44
25 1 35
17 2 15
80 2 81
28 2 35
51 1 50
27 2 72
30 1 10
57 2 9
32 1 55
10 2 33
48 1 73
18 1 15
73 1 96
64 1 62
19 2 7
7 2 10
32 2 34
48 1 3
56 1 30
18 1 17
7 2 80
124 1 7
98 2 102
91 2 92
124 2 52
50 1 25
72 1 31
8 1 4
57 2 53
57 2 39
48 1 45
39 6 73
98 1 12
12 1 13
47 1 10
91 1 33
34 1 30
96 2 14
78 2 93
? 1 github_cpp_program_data/45/81.cpp

12 2 7
49 1 25
22 2 10
52 1 30
82 1 63
7 2 23
7 2 81
85 1 49
35 1 7
57 2 52
73 1 10
35 1 23
40 1 53
10 1 81
90 1 37
73 1 7
35 2 22
46 1 7
22 2 7
20 1 18
38 1 40
25 1 55
101 2 63
10 7 7
33 1 34
17 1 14
39 1 25
7 1 28
15 1 10
37 1 42
80 1 30
10 1 80
29 2 28
10 2 20
24 1 23
73 1 12
32 1 30
30 1 22
51 2 37
63 1 15
3 1 2
10 2 22
86 1 85
37 1 53
12 1 10
10 2 40
7 1 81
53 1 37
3 1 1
10 1 28
15 1 7
53 2 36
28 2 10
53 2 52
27 2 52
103 1 33
49 2 31
40 1 82
23 1 32
7 2 49
51 1 49
49 1 30
42 2 52
16 1 15
90 1 7
57 2 27
14 1 65
52 1 25
28 2 24
22 2 35
25 1 29
62 1 37
48 1 75
63 2 42
82 1 27
31 2 50
10 2 80
24 1 7
37 1 36
10 2 28
17 2 15
51 1 56
57 1 30
80 2 81
35 2 24
22 2 24
45 1 14
32 1 25
45 1 37
56 1 30
81 1 25
7 2 54
73 1 37
45 1 12
37 1 57
73 2 45
63 1 17
35 1 10
22 2 55
17 1 26
42 1 31
65 2 10
73 1 20
26 1 17
3 2 75
24 1 10
99 2 37
31 2 84
45 1 7
12 2 10
34 1 25
15 1 12
7 4 10
10 1 7
37 1 86
14 2 10
40 1 64
48 1 27
10 2 54
40 1 52
101 1 40
48 1 101
1 2 2
30 1 29
51 1 31
25 1 10
19 2 10
28 2 7
26 2 31
90 1 20
82 1 90
85 1 84
56 1 25
18 2 16
39 1 30
10 2 49
14 2 7
17 1 7
90 1 99
27 2 64
12 1 19
16 1 17
33 1 32
36 1 30
25 1 103
15 1 26
10 4 7
10 1 22
36 6 73
52 2 57
40 1 36
28 2 55
28 2 22
54 2 37
53 1 51
53 1 40
7 2 28
25 1 7
7 1 80
30 1 35
10 5 7
52 2 39
51 1 26
31 1 30
31 2 38
45 1 54
10 2 81
49 1 15
40 1 42
30 1 24
50 1 30
42 1 38
99 1 24
14 1 7
31 1 25
81 1 30
23 1 34
29 2 22
30 1 55
54 1 16
25 1 28
37 1 39
75 1 46
40 1 27
45 1 10
73 1 40
26 1 25
7 2 11
7 5 10
81 2 80
101 1 10
20 1 16
35 1 33
85 1 31
17 1 10
52 2 36
15 2 17
7 2 26
57 1 25
15 1 49
25 1 22
37 1 52
27 2 63
63 2 27
27 1 17
25 1 35
30 1 7
10 2 26
28 2 35
64 1 56
51 1 50
54 1 18
20 2 37
12 1 7
30 1 10
10 2 33
48 1 73
18 1 15
64 1 62
48 1 63
56 2 62
90 2 27
27 2 45
63 2 101
63 2 57
14 1 11
7 1 10
20 2 99
32 2 34
30 1 28
48 1 3
10 1 33
34 2 32
37 1 63
18 1 17
7 2 20
7 2 80
51 2 40
45 2 73
22 2 29
80 1 25
24 2 22
85 2 40
40 1 57
24 1 33
10 2 23
24 2 35
16 2 18
50 1 25
15 1 14
27 1 15
56 2 50
17 1 49
20 2 40
26 1 30
86 1 40
52 2 53
57 2 53
28 2 29
75 2 27
48 1 45
14 1 10
63 2 86
17 1 12
49 2 56
34 1 30
64 2 52
7 2 22
99 1 35
? 1 github_cpp_program_data/45/97.cpp

