7 2 80
53 1 37
51 1 31
40 1 53
12 1 7
57 1 30
54 2 40
10 7 7
73 1 10
25 1 22
48 1 73
17 1 12
49 1 17
17 1 26
12 2 10
31 1 30
18 1 17
26 1 30
84 1 30
25 1 10
40 1 52
27 2 53
3 1 1
85 1 56
15 1 14
86 1 40
25 1 28
48 1 45
10 1 22
7 1 22
54 1 18
45 2 73
25 1 7
7 1 80
85 1 84
37 1 27
15 1 26
10 2 26
52 1 30
54 1 16
73 1 54
38 1 37
17 1 14
42 1 56
7 2 22
80 2 81
10 1 80
7 5 10
7 1 28
40 1 86
52 1 25
45 1 12
37 1 86
45 1 20
25 1 29
7 1 10
16 1 15
86 1 85
45 1 14
30 1 7
56 2 84
10 2 20
49 1 15
45 1 10
73 1 14
40 1 57
27 1 17
10 4 7
53 1 85
3 1 2
10 5 7
10 2 22
85 1 49
86 1 51
16 2 18
26 1 25
17 1 10
31 2 50
30 1 10
80 1 25
7 1 81
50 1 25
12 2 7
22 2 7
7 2 28
7 2 26
49 2 31
80 1 30
56 2 38
52 2 42
17 1 7
10 2 54
7 7 10
28 2 7
51 1 49
15 1 12
42 1 38
45 1 37
30 1 28
48 1 3
10 1 81
10 2 28
10 1 28
1 2 2
53 1 51
7 4 10
14 2 10
56 1 25
3 2 45
22 2 10
12 1 10
37 1 52
10 1 7
73 1 40
51 2 40
40 1 42
18 2 16
37 1 53
30 1 55
30 1 22
15 1 10
53 1 40
49 2 56
85 2 37
73 2 45
20 2 37
81 1 25
51 1 50
28 2 10
10 2 80
81 1 30
14 1 7
86 1 37
37 1 57
? 1 github_cpp_program_data/12/127.cpp

24 1 10
72 1 40
35 1 7
7 2 80
40 1 53
31 2 84
32 2 34
52 2 36
10 7 7
22 2 55
48 1 73
94 1 30
12 2 10
31 1 30
63 2 52
82 1 73
18 1 17
26 1 30
84 1 30
3 1 1
22 2 35
20 2 37
15 1 14
16 1 12
51 1 31
33 1 32
10 2 49
52 1 25
16 1 7
54 1 18
57 2 53
15 1 7
7 1 80
85 1 84
32 1 30
36 1 25
7 2 127
52 1 30
22 2 28
25 1 29
52 2 86
27 2 63
17 1 14
79 1 63
83 1 96
48 1 83
7 2 54
10 1 80
7 5 10
10 1 22
37 1 86
10 2 26
7 1 10
24 1 23
86 1 85
82 1 45
81 2 80
57 2 52
17 1 127
57 1 30
7 2 33
31 2 40
96 2 10
127 1 25
10 4 7
57 2 72
40 1 72
3 1 2
51 2 37
64 1 62
73 1 12
85 1 49
16 2 18
85 2 40
26 2 56
31 2 50
16 1 17
50 1 25
50 1 30
12 2 7
38 1 40
49 2 31
7 2 23
52 2 42
49 1 17
86 2 57
64 1 56
73 1 20
3 2 75
15 1 12
26 1 17
20 2 40
30 1 28
10 2 37
10 1 81
10 1 28
10 2 23
55 2 28
45 1 7
53 1 51
72 2 53
40 1 36
32 1 25
34 2 32
22 2 24
25 1 24
33 1 34
22 2 10
46 1 7
73 1 40
17 1 94
35 1 10
57 1 25
30 1 35
37 1 52
40 1 27
7 2 22
28 2 35
30 1 29
37 1 53
73 1 7
15 1 10
26 1 15
23 1 34
35 1 33
25 1 10
10 2 94
45 2 73
51 1 50
28 2 10
75 2 83
10 2 80
29 2 28
14 1 7
37 1 57
30 1 22
53 2 57
40 1 63
15 1 94
79 1 27
37 1 64
53 1 37
86 1 40
54 2 40
40 1 42
25 1 35
12 1 7
7 1 33
42 1 31
45 1 54
25 1 22
17 1 12
7 2 20
17 1 7
17 1 26
20 1 18
94 1 25
18 2 16
75 1 46
40 1 52
27 2 53
34 1 30
72 1 31
83 2 73
25 1 28
7 7 10
7 1 22
10 1 33
37 1 79
10 2 81
63 1 15
56 2 62
51 1 56
15 1 26
85 1 31
54 1 16
51 2 40
10 2 7
10 2 28
62 1 40
63 2 86
86 2 53
7 1 28
40 1 86
63 1 17
45 1 12
80 1 25
85 1 56
16 1 15
10 2 33
96 1 20
30 1 7
84 1 25
73 1 37
34 1 25
80 2 81
51 1 26
73 1 14
40 1 57
10 1 23
27 1 17
83 1 10
85 2 37
49 1 25
53 2 52
10 2 20
10 5 7
10 2 22
86 1 51
53 1 85
37 1 42
26 1 25
17 1 10
48 1 75
30 1 10
7 1 81
49 1 15
22 2 7
81 1 25
7 2 26
15 2 17
80 1 30
1 2 2
28 2 55
28 2 7
51 1 49
73 2 45
42 1 38
48 1 3
10 1 7
15 1 49
14 1 10
45 1 40
25 1 55
7 2 28
27 2 52
30 1 24
27 1 15
52 2 57
14 2 10
24 1 33
23 1 32
35 1 23
37 1 82
20 1 16
12 1 10
56 1 30
7 2 81
56 2 50
15 1 127
14 2 7
79 2 82
24 1 7
7 4 10
30 1 55
25 1 7
38 1 37
22 2 29
53 1 40
49 2 56
53 2 63
31 2 38
83 1 37
31 1 25
81 1 30
35 2 28
86 1 37
36 6 73
73 1 10
56 2 84
? 1 github_cpp_program_data/12/134.cpp

35 1 7
26 2 31
6 2 3
40 1 53
25 1 40
32 2 34
10 7 7
35 2 22
49 1 17
4 2 5
18 1 17
40 1 30
28 2 35
15 1 49
3 1 1
22 2 35
20 2 37
15 1 14
86 1 40
33 1 32
10 1 22
54 1 18
7 1 23
15 1 7
49 1 25
85 1 84
32 1 30
10 2 54
48 1 78
30 2 25
73 1 54
85 1 56
25 2 30
17 1 14
78 1 4
7 5 10
52 1 25
37 1 86
10 2 26
33 1 34
7 1 10
24 1 23
86 1 85
12 2 10
10 2 20
57 1 30
45 1 10
10 1 28
10 4 7
37 1 30
53 1 85
78 1 77
48 1 73
51 2 37
85 1 49
85 2 40
26 2 56
31 2 50
7 2 33
28 2 24
12 2 7
35 1 10
7 2 40
7 2 23
78 1 76
7 4 10
85 1 26
15 1 12
26 1 17
30 1 28
10 2 49
10 2 23
45 1 7
53 1 51
40 1 36
22 2 55
32 1 25
63 2 57
22 2 24
25 1 24
6 1 4
22 2 10
24 1 10
7 2 49
10 1 7
86 2 52
57 1 25
30 1 35
37 1 52
40 1 27
30 1 29
37 1 53
15 1 10
23 1 34
51 1 84
39 6 45
57 2 39
35 1 33
45 2 73
51 1 50
28 2 10
14 1 7
53 1 37
51 1 31
25 1 35
12 1 7
7 1 33
24 2 28
25 1 22
17 1 12
36 1 30
17 1 26
7 2 20
25 1 10
40 1 52
48 1 6
34 1 30
17 1 49
25 1 28
48 1 45
7 7 10
7 1 22
10 1 33
30 1 22
26 1 25
51 1 56
15 1 26
19 2 10
10 2 7
10 2 28
30 1 37
53 2 36
7 2 22
6 1 5
36 6 45
7 1 28
40 1 86
10 2 22
45 1 12
20 2 12
45 1 20
25 1 29
16 1 15
10 2 33
30 1 7
84 1 25
73 1 37
34 1 25
51 1 26
73 1 14
50 1 30
10 1 23
27 1 17
37 1 25
22 2 7
26 1 15
3 1 2
10 5 7
86 1 51
63 1 15
17 1 10
12 2 40
30 1 10
49 1 15
37 1 39
27 2 53
39 1 25
76 1 7
1 2 2
28 2 55
4 2 76
28 2 7
51 1 49
73 2 45
45 1 37
48 1 3
49 1 30
76 2 77
52 1 30
14 1 10
45 1 40
25 1 55
30 1 24
14 2 10
40 1 25
23 1 32
20 1 16
12 1 10
56 1 30
37 1 63
14 2 7
14 2 37
3 2 78
24 1 7
30 1 55
54 2 14
25 1 7
22 2 29
53 1 40
49 2 56
3 2 6
7 2 28
78 2 45
31 1 25
37 1 57
35 2 28
86 1 37
12 1 19
73 1 10
56 2 84
? 1 github_cpp_program_data/12/143.cpp

35 1 7
7 2 33
26 2 31
7 2 11
40 1 108
48 1 3
27 2 86
40 1 53
32 2 34
10 7 7
22 2 55
48 1 73
18 1 15
49 1 17
10 1 81
10 4 7
31 1 30
7 2 80
18 1 17
26 1 30
84 1 30
15 1 33
52 2 63
14 1 19
37 1 36
3 1 1
22 2 35
20 2 37
7 2 13
15 1 14
108 1 31
86 1 40
78 2 3
33 1 32
10 2 49
10 1 22
10 1 7
54 1 18
10 2 23
41 1 40
15 1 7
7 1 80
85 1 84
32 1 30
29 2 28
14 1 65
36 1 25
72 1 37
52 1 30
64 1 41
73 1 54
25 1 29
27 2 63
17 1 14
78 1 4
10 2 54
48 1 124
12 1 11
10 1 80
62 2 41
7 5 10
52 1 25
31 2 62
37 1 86
10 2 26
90 1 20
7 1 10
24 1 23
51 2 37
86 1 85
12 2 10
57 2 86
10 2 20
45 1 10
48 1 90
76 1 10
10 1 28
68 1 42
14 2 10
56 2 84
53 1 85
124 2 78
29 2 22
35 2 28
51 1 50
64 1 31
39 1 30
10 2 11
64 1 62
73 1 12
85 1 49
16 2 18
85 2 40
26 2 56
48 1 9
40 1 113
16 1 17
28 2 24
50 1 25
50 1 30
12 2 7
38 1 40
34 2 32
49 2 31
7 2 23
7 2 22
51 1 26
52 2 42
17 1 7
112 1 10
45 1 14
52 2 27
90 2 112
42 2 36
27 2 64
85 1 26
15 1 12
65 2 10
26 1 17
20 2 40
30 1 28
57 2 52
112 1 54
10 2 13
63 2 72
22 2 28
7 1 23
90 1 40
55 2 28
48 1 78
53 1 51
14 1 11
40 1 36
32 1 25
63 2 52
22 2 24
25 1 24
63 1 17
22 2 10
28 2 29
24 1 10
33 1 34
35 1 10
1 2 7
57 1 25
30 1 35
37 1 52
40 1 42
9 1 4
28 2 35
30 1 29
37 1 53
7 2 49
64 1 38
15 1 10
26 1 15
23 1 34
35 1 33
17 1 33
64 1 43
3 1 2
73 2 9
28 2 10
54 2 37
43 1 40
14 1 7
64 1 68
40 1 63
40 1 64
112 1 40
38 2 43
57 2 27
37 1 64
53 1 37
51 1 31
54 2 40
40 1 27
28 2 22
27 2 36
25 1 35
53 2 52
12 1 7
57 1 30
42 1 31
24 2 28
73 1 10
25 1 22
17 1 12
36 1 30
12 1 65
17 1 49
20 1 18
45 2 73
7 2 20
25 1 10
40 1 52
27 2 53
3 2 90
34 1 30
17 1 26
65 2 7
25 1 28
48 1 45
37 1 27
7 1 22
10 1 33
62 1 37
25 1 7
10 2 81
26 1 25
56 2 62
42 2 57
64 2 52
48 1 112
51 1 56
15 1 26
31 2 50
54 1 16
51 2 40
10 2 28
23 1 32
42 1 56
62 1 40
63 2 27
63 2 86
86 2 53
7 1 28
40 1 86
10 2 22
45 1 12
45 1 20
85 1 56
31 2 37
16 1 15
10 2 33
72 1 56
30 1 7
84 1 25
73 1 37
34 1 25
38 2 68
86 2 42
78 1 76
73 1 14
17 2 15
40 1 57
27 1 17
53 2 27
22 2 7
49 1 25
63 2 53
15 1 23
10 5 7
27 2 57
31 2 38
86 1 51
52 2 39
63 2 108
63 1 15
17 1 10
36 6 45
30 1 10
7 1 81
49 1 15
81 2 80
37 1 39
7 2 28
7 2 26
15 2 17
80 1 30
56 2 38
1 2 2
28 2 55
4 2 76
124 1 7
57 2 53
28 2 7
51 1 49
73 2 45
42 1 38
45 1 37
12 1 13
124 1 1
39 6 73
49 1 30
15 1 49
14 1 10
45 1 40
80 1 25
108 2 52
25 1 55
10 2 80
72 2 52
27 2 52
30 1 24
27 1 15
81 1 30
52 2 57
64 1 56
24 1 33
42 1 62
56 1 25
35 1 23
7 2 81
20 1 16
19 2 7
12 1 10
56 1 30
37 1 63
56 2 50
37 1 72
24 2 22
14 2 7
90 1 7
86 2 57
112 2 45
7 4 10
30 1 55
30 1 22
38 1 37
22 2 29
53 1 40
49 2 56
85 2 37
108 1 37
81 1 25
7 7 10
31 1 25
24 1 7
18 2 16
52 2 64
86 1 37
57 2 63
56 2 37
37 1 57
12 1 19
? 1 github_cpp_program_data/12/148.cpp

72 1 40
25 1 120
7 2 80
26 2 31
40 1 53
31 2 84
42 1 43
32 2 34
10 7 7
18 1 15
49 1 17
4 2 5
31 1 30
26 1 30
84 1 30
14 1 19
37 1 36
3 1 1
20 2 37
15 1 14
120 1 41
51 1 31
10 2 49
52 1 25
57 2 53
15 1 7
7 1 80
85 1 84
28 2 120
48 1 78
64 1 41
10 1 22
37 1 63
72 2 36
15 2 17
10 1 80
38 1 25
7 5 10
91 1 10
37 1 86
10 2 26
7 1 10
17 2 15
51 2 37
86 1 85
12 2 10
78 1 1
22 2 28
40 1 57
31 2 40
10 1 28
10 4 7
53 2 86
53 1 85
29 2 22
78 1 77
51 1 50
43 1 40
93 1 92
85 1 49
16 2 18
85 2 40
26 2 56
31 2 50
16 1 17
28 2 24
50 1 25
50 1 30
49 2 31
51 1 26
27 2 45
7 4 10
24 1 23
85 1 26
15 1 12
26 1 17
30 1 28
10 1 81
41 1 30
63 2 72
37 1 42
10 2 23
45 1 7
53 1 51
14 1 11
32 1 25
63 2 57
25 1 24
6 1 4
22 2 10
24 1 10
7 2 49
12 1 10
57 1 25
7 2 20
37 1 52
40 1 27
78 2 93
10 1 7
64 1 38
15 1 10
26 1 15
93 1 4
23 1 34
80 1 25
25 1 10
3 1 2
28 2 10
10 2 80
64 1 31
14 1 7
40 1 63
6 2 78
37 1 64
53 1 37
86 1 40
28 2 22
7 2 81
38 2 41
12 1 7
57 1 30
25 1 22
17 1 12
36 1 30
17 1 7
17 1 49
20 1 18
86 2 27
30 1 29
63 1 17
40 1 52
27 2 53
48 1 6
34 1 30
17 1 26
10 2 19
25 1 28
48 1 45
7 1 22
7 7 10
62 1 37
30 1 22
10 2 81
26 1 25
56 2 62
62 2 43
51 1 56
15 1 26
85 1 31
42 1 62
51 2 40
23 1 32
42 1 56
7 2 22
6 1 5
57 2 42
36 6 45
7 1 28
40 1 86
10 2 22
41 1 40
45 1 20
25 1 29
45 1 14
30 1 7
84 1 25
80 2 81
78 1 76
12 2 7
27 1 17
49 1 25
53 2 57
10 5 7
120 1 56
31 2 38
86 1 51
63 1 15
17 1 10
30 1 10
7 1 81
49 1 15
81 2 80
22 2 7
7 2 28
7 2 26
52 1 30
80 1 30
56 2 38
76 1 7
1 2 2
28 2 55
28 2 7
51 1 49
55 2 22
45 1 37
86 2 63
48 1 3
49 1 30
76 2 77
10 2 28
14 1 10
25 1 55
93 2 27
91 2 92
27 1 15
14 2 10
4 2 91
56 1 25
20 1 16
28 2 29
37 1 72
56 1 30
15 1 49
56 2 50
14 2 7
93 1 91
48 1 93
30 1 55
25 1 7
38 1 37
120 1 38
49 2 56
85 2 37
72 1 31
3 2 6
81 1 25
31 1 25
1 2 76
81 1 30
52 2 64
48 1 27
19 2 11
37 1 57
? 1 github_cpp_program_data/12/162.cpp

72 1 40
35 1 7
26 2 31
40 1 108
27 2 108
6 2 3
108 2 53
40 1 53
31 2 84
32 2 34
10 7 7
49 1 30
49 1 17
4 2 5
31 1 30
63 2 52
26 1 30
28 2 35
15 1 49
3 1 1
22 2 35
15 1 14
6 2 75
86 1 40
10 1 23
52 1 25
10 1 7
7 1 23
15 1 7
49 1 25
85 1 84
32 1 30
10 2 54
10 2 28
73 1 54
85 1 56
27 2 63
17 1 14
49 2 56
7 5 10
10 1 22
37 1 86
33 1 34
7 1 10
24 1 23
86 1 85
12 2 10
57 2 86
57 2 52
57 1 30
31 2 40
10 1 28
10 4 7
56 2 84
40 1 72
48 1 73
64 1 31
35 2 22
64 1 62
73 1 12
85 1 49
85 2 40
26 2 56
31 2 50
28 2 24
50 1 25
12 2 7
35 1 10
38 1 40
49 2 31
7 2 23
52 2 42
86 2 57
64 1 56
85 1 26
15 1 12
26 1 17
20 2 40
30 1 28
22 2 28
108 1 40
10 2 49
10 2 23
56 2 40
31 2 62
45 1 7
53 1 51
14 1 11
32 1 25
34 2 32
22 2 24
25 1 24
63 1 17
22 2 10
46 1 7
73 1 40
7 2 49
24 1 10
86 2 52
57 1 25
30 1 35
37 1 52
40 1 42
7 2 22
30 1 29
17 1 26
15 1 10
23 1 34
35 1 33
25 1 10
17 1 33
45 2 73
51 1 50
28 2 10
51 2 37
14 1 7
53 2 57
40 1 63
45 1 40
37 1 64
53 1 37
51 1 31
40 1 27
28 2 22
25 1 35
53 2 52
12 1 7
7 1 33
54 2 40
24 2 28
25 1 22
17 1 12
17 1 7
72 1 31
52 2 53
7 2 20
75 1 46
40 1 52
48 1 6
34 1 30
17 1 49
25 1 28
48 1 45
7 7 10
7 1 22
10 1 33
62 1 37
30 1 22
7 2 33
56 2 62
15 1 26
85 1 31
17 1 23
51 2 40
23 1 32
42 1 56
62 1 40
6 1 5
63 2 27
7 1 28
40 1 86
10 2 22
45 1 12
45 1 20
25 1 29
16 1 15
10 2 33
30 1 7
84 1 25
34 1 25
51 1 26
40 1 57
27 1 17
53 2 27
26 1 15
3 1 2
10 5 7
50 1 30
86 1 51
53 1 85
37 1 42
26 1 25
17 1 10
48 1 75
30 1 10
49 1 15
22 2 7
27 2 53
7 2 26
108 1 56
1 2 2
56 2 38
28 2 7
51 1 49
42 1 38
48 1 3
6 1 4
52 1 30
14 1 10
33 1 32
25 1 55
72 2 64
7 4 10
30 1 24
27 1 15
10 2 11
14 2 10
24 1 33
56 1 25
35 1 23
20 1 16
28 2 29
12 1 10
56 1 30
28 2 55
24 2 22
14 2 7
24 1 7
30 1 55
25 1 7
38 1 37
22 2 29
53 1 40
22 2 55
85 2 37
75 2 45
3 2 6
7 2 28
40 1 64
31 1 25
27 2 72
37 1 57
35 2 28
86 1 37
57 2 63
73 1 10
? 1 github_cpp_program_data/12/202.cpp

63 2 27
7 2 80
26 2 31
40 1 53
31 2 84
42 1 43
41 1 37
62 2 41
31 1 30
3 2 75
84 1 30
15 1 49
38 2 43
20 2 37
15 1 14
86 1 40
63 2 45
15 1 7
7 1 80
85 1 84
10 2 54
72 1 37
48 1 78
64 1 41
73 1 54
85 1 56
10 7 7
27 2 63
17 1 14
78 1 4
10 1 80
24 1 23
7 5 10
52 1 25
37 1 86
10 2 26
7 1 10
17 2 15
86 1 85
12 2 10
57 2 52
76 1 10
37 1 42
10 4 7
56 2 84
40 1 72
78 1 77
51 1 50
64 1 31
64 1 62
85 2 40
26 2 56
31 2 50
80 1 25
80 2 81
50 1 30
12 2 7
7 2 23
78 1 76
7 4 10
85 1 26
15 1 12
72 2 36
26 1 17
30 1 28
10 1 81
10 2 49
31 2 62
45 1 7
53 1 51
40 1 36
86 2 57
25 1 24
63 1 17
22 2 10
19 2 7
46 1 7
73 1 40
7 2 49
10 1 7
57 1 25
37 1 52
53 1 85
7 2 22
30 1 29
37 1 53
53 2 86
15 1 10
25 1 10
45 2 73
48 1 73
28 2 10
10 2 80
43 1 40
14 1 7
37 1 57
40 1 64
3 1 1
53 1 37
51 1 31
40 1 42
15 2 17
12 1 7
57 1 30
54 2 40
25 1 22
17 1 12
36 1 30
17 1 7
72 1 31
52 2 53
7 2 20
75 1 46
40 1 52
17 1 49
25 1 28
48 1 45
7 7 10
30 1 22
26 1 25
51 1 56
15 1 26
85 1 31
75 2 78
51 2 40
42 1 56
62 1 40
57 2 42
86 2 53
40 1 86
10 2 22
45 1 20
25 1 29
31 2 37
7 1 81
30 1 7
84 1 25
50 1 25
51 1 26
73 1 14
40 1 57
26 1 15
3 1 2
48 1 63
10 5 7
52 2 72
86 1 51
49 1 25
63 1 15
17 1 10
48 1 75
30 1 10
45 1 14
22 2 7
81 1 25
52 1 30
80 1 30
56 2 38
1 2 2
4 2 76
28 2 7
42 1 38
45 1 37
48 1 3
49 1 30
76 2 77
10 2 28
14 1 10
25 1 55
27 1 15
81 1 30
14 2 10
56 1 25
28 2 29
12 1 10
56 1 30
28 2 55
56 2 50
14 2 7
86 1 37
30 1 55
78 2 27
25 1 7
38 1 37
22 2 29
53 1 40
85 2 37
7 2 28
31 1 25
24 1 7
48 1 27
36 6 73
73 1 10
12 1 19
? 1 github_cpp_program_data/12/211.cpp

72 1 40
35 1 7
7 2 80
26 2 31
48 1 101
6 2 3
40 1 53
31 2 84
10 7 7
22 2 55
49 1 17
4 2 5
31 1 30
63 2 52
3 2 75
26 1 30
84 1 30
3 1 1
20 2 37
75 2 101
15 1 14
86 1 40
3 1 2
33 1 32
52 1 25
57 2 53
15 1 7
7 1 80
40 1 39
85 1 84
32 1 30
10 2 54
52 1 30
85 1 56
27 2 63
45 1 7
17 1 14
30 1 28
7 2 54
10 1 80
17 2 15
7 5 10
101 1 40
72 2 86
10 1 22
37 1 86
10 2 26
90 1 20
7 1 10
24 1 23
86 1 85
12 2 10
81 2 80
57 2 52
57 1 30
45 1 10
82 1 63
37 1 42
10 4 7
56 2 84
40 1 72
48 1 73
51 2 37
39 1 30
10 2 11
73 1 12
85 1 49
22 2 28
85 2 40
26 2 56
31 2 50
7 2 33
80 1 25
28 2 24
50 1 25
50 1 30
12 2 7
49 2 31
7 2 23
27 2 45
7 4 10
73 1 20
85 1 26
15 1 12
26 1 17
33 1 34
10 1 81
10 2 49
10 2 23
55 2 28
10 1 23
53 1 51
12 1 10
14 1 11
40 1 36
32 1 25
34 2 32
63 2 57
82 1 90
25 1 24
63 1 17
22 2 10
46 1 7
24 1 10
7 2 49
35 1 10
86 2 52
57 1 25
30 1 35
53 1 85
10 1 7
37 1 53
73 1 7
15 1 10
26 1 15
23 1 34
39 6 45
35 1 33
25 1 10
45 2 73
51 1 50
28 2 10
10 2 80
29 2 28
14 1 7
37 1 57
53 2 57
40 1 63
101 2 27
27 2 57
53 1 37
51 1 31
40 1 27
28 2 22
25 1 35
101 1 10
38 2 41
12 1 7
7 1 33
54 2 40
45 1 54
57 2 86
25 1 22
17 1 12
36 1 30
17 1 7
17 1 49
7 2 20
75 1 46
40 1 52
27 2 53
42 1 41
48 1 6
34 1 30
17 1 26
25 1 28
48 1 45
7 7 10
52 2 27
10 1 33
40 1 82
25 1 7
10 2 81
26 1 25
51 1 56
15 1 26
85 1 31
6 1 4
10 2 28
23 1 32
90 1 37
7 2 22
6 1 5
63 2 27
36 6 45
30 1 55
40 1 86
10 2 22
41 1 40
16 1 17
25 1 29
10 2 33
7 1 81
30 1 7
84 1 25
80 2 81
51 1 26
40 1 57
27 1 17
49 1 25
15 1 23
31 2 40
10 5 7
57 2 72
86 1 51
52 2 39
63 1 15
17 1 10
48 1 75
30 1 10
45 1 14
49 1 15
22 2 7
7 2 28
7 2 26
15 2 17
80 1 30
56 2 38
1 2 2
28 2 55
28 2 7
51 1 49
73 2 45
42 1 38
48 1 3
49 1 30
15 1 49
14 1 10
45 1 40
25 1 55
30 1 29
27 1 15
52 2 57
14 2 10
56 1 25
7 2 81
20 1 16
28 2 29
82 1 27
37 1 52
37 1 63
56 2 50
63 2 90
53 2 36
14 2 7
86 1 37
90 1 7
73 1 37
30 1 22
38 1 37
22 2 29
53 1 40
49 2 56
85 2 37
72 1 31
3 2 6
81 1 25
55 2 22
42 1 56
81 1 30
10 2 40
48 1 27
24 1 7
? 1 github_cpp_program_data/12/215.cpp

35 1 7
7 2 33
7 2 11
40 1 108
48 1 3
27 2 86
40 1 53
31 2 84
32 2 34
10 7 7
22 2 55
48 1 73
18 1 15
49 1 17
10 1 81
31 1 30
27 2 57
18 1 17
26 1 30
84 1 30
14 1 19
37 1 36
3 1 1
22 2 35
20 2 37
7 2 13
15 1 14
86 2 27
86 1 40
78 2 3
45 1 40
52 1 25
10 2 20
27 2 108
54 1 18
45 2 73
41 1 40
15 1 7
7 1 80
85 1 84
32 1 30
53 2 42
14 1 65
36 1 25
72 1 37
52 1 30
64 1 41
22 2 28
25 1 29
52 2 86
27 2 63
17 1 14
78 1 4
10 2 54
48 1 124
75 2 90
12 1 11
10 1 80
62 2 41
7 5 10
10 1 22
31 2 62
37 1 86
10 2 26
90 1 20
7 1 10
24 1 23
51 2 37
86 1 85
12 2 10
57 2 86
57 2 52
7 1 33
45 1 10
48 1 90
76 1 10
3 2 75
10 1 28
68 1 42
90 1 10
10 4 7
56 2 84
108 2 57
53 1 85
124 2 78
29 2 22
51 1 50
43 1 40
64 1 62
73 1 12
85 1 49
16 2 18
85 2 40
26 2 56
48 1 9
40 1 113
80 1 25
28 2 24
50 1 25
37 1 39
35 1 10
38 1 40
34 2 32
49 2 31
39 1 25
52 2 42
17 1 7
112 1 10
64 1 56
52 2 27
42 2 36
73 1 20
64 2 57
85 1 26
15 1 12
20 2 40
30 1 28
112 1 54
10 2 13
10 2 49
10 2 23
90 1 40
55 2 28
10 1 23
53 1 51
7 2 80
14 1 11
40 1 36
32 1 25
63 2 52
22 2 24
25 1 24
63 1 17
22 2 10
19 2 7
46 1 7
24 1 10
33 1 34
10 1 7
1 2 7
57 1 25
30 1 35
37 1 52
40 1 42
7 2 22
28 2 35
30 1 29
37 1 53
7 2 49
64 1 38
15 1 10
26 1 15
23 1 34
57 2 39
35 1 33
25 1 10
64 1 43
3 1 2
73 2 9
28 2 10
54 2 37
64 1 31
14 1 7
39 6 73
37 1 57
64 1 68
40 1 63
40 1 64
7 2 26
112 1 40
38 2 43
57 2 27
37 1 64
53 1 37
51 1 31
54 2 40
40 1 27
28 2 22
25 1 35
53 2 52
12 1 7
57 1 30
42 1 31
45 1 54
25 1 22
17 1 12
36 1 30
12 1 65
17 1 49
52 2 53
20 1 18
112 2 90
18 2 16
63 2 36
75 1 46
40 1 52
72 2 64
14 1 13
90 2 112
34 1 30
17 1 26
65 2 7
25 1 28
48 1 45
37 1 27
48 1 78
7 1 22
10 2 28
62 1 37
30 1 22
10 2 81
26 1 25
56 2 62
42 2 57
48 1 112
9 1 4
15 1 26
85 1 31
31 2 50
17 1 23
54 1 16
51 2 40
23 1 32
42 1 56
62 1 40
63 2 27
36 6 45
7 1 28
40 1 86
10 2 22
45 1 12
16 1 17
85 1 56
31 2 37
16 1 15
10 2 33
7 1 81
30 1 7
84 1 25
73 1 37
34 1 25
38 2 68
80 2 81
78 1 76
73 1 14
17 2 15
40 1 57
27 1 17
49 1 25
63 2 53
15 1 23
12 2 7
10 5 7
50 1 30
31 2 38
86 1 51
52 2 39
7 7 10
63 1 15
17 1 10
48 1 75
30 1 10
45 1 14
49 1 15
22 2 7
7 2 28
90 2 45
7 2 23
15 2 17
80 1 30
108 1 56
1 2 2
28 2 55
4 2 76
124 1 7
57 2 53
56 2 38
28 2 7
51 1 49
73 2 45
42 1 38
45 1 37
124 1 1
86 2 52
49 1 30
15 1 49
14 1 10
33 1 32
24 2 28
25 1 55
10 2 80
27 2 52
30 1 24
27 1 15
29 2 28
52 2 57
14 2 10
24 1 33
42 1 62
56 1 25
35 1 23
7 2 81
20 1 16
28 2 29
12 1 10
56 1 30
37 1 63
53 2 86
37 1 72
24 2 22
14 2 7
24 1 7
7 4 10
30 1 55
25 1 7
38 1 37
22 2 29
53 1 40
49 2 56
85 2 37
108 1 37
72 1 31
81 1 25
55 2 22
31 1 25
27 2 72
81 1 30
52 2 64
86 1 37
57 2 63
56 2 37
73 1 10
12 1 19
? 1 github_cpp_program_data/12/237.cpp

7 5 10
37 1 64
53 1 37
51 1 31
10 5 7
15 2 17
40 1 53
31 2 84
12 1 7
57 1 30
10 7 7
10 2 81
25 1 22
17 1 12
49 1 17
17 1 26
12 2 10
31 1 30
7 2 80
26 1 30
7 2 20
84 1 30
25 1 10
15 1 14
20 2 37
17 1 49
86 1 40
25 1 28
48 1 45
10 2 22
10 2 26
7 7 10
25 1 7
15 1 7
63 1 15
7 1 80
85 1 84
51 1 56
31 2 62
15 1 26
85 1 31
10 2 28
81 2 80
25 1 29
27 2 63
17 1 14
42 1 56
62 1 40
80 2 81
10 1 80
86 2 53
40 1 86
52 1 25
37 1 86
45 1 20
85 1 56
7 1 10
17 2 15
51 2 37
86 1 85
72 1 56
30 1 7
84 1 25
48 1 27
57 2 52
50 1 25
12 2 7
27 1 17
10 4 7
56 2 84
40 1 72
51 1 50
64 1 31
48 1 63
64 1 62
85 1 49
86 1 51
53 1 85
15 1 10
26 1 25
17 1 10
31 2 50
30 1 10
80 1 25
7 1 81
49 1 15
50 1 30
22 2 7
7 2 28
7 2 26
49 2 31
80 1 30
56 2 38
17 1 7
7 4 10
45 1 14
72 1 37
51 1 49
15 1 12
42 1 38
45 1 37
56 2 37
30 1 28
28 2 10
49 1 30
10 1 81
14 1 10
7 2 81
25 1 55
45 1 7
53 1 51
27 1 15
7 2 49
14 2 10
56 1 25
63 1 17
22 2 10
19 2 7
12 1 10
37 1 52
10 1 7
56 2 50
56 1 30
14 2 7
40 1 42
7 2 22
30 1 29
37 1 53
30 1 55
30 1 22
38 1 37
28 2 7
53 1 40
49 2 56
85 2 37
81 1 25
85 2 40
31 1 25
10 2 80
81 1 30
14 1 7
86 1 37
63 2 45
51 2 40
37 1 57
12 1 19
? 1 github_cpp_program_data/12/242.cpp

7 2 80
53 1 37
51 1 31
40 1 53
12 1 7
57 1 30
54 2 40
10 7 7
73 1 10
25 1 22
48 1 73
17 1 12
49 1 17
17 1 26
12 2 10
31 1 30
18 1 17
26 1 30
84 1 30
25 1 10
40 1 52
27 2 53
3 1 1
85 1 56
15 1 14
86 1 40
25 1 28
48 1 45
10 1 22
7 1 22
54 1 18
45 2 73
25 1 7
7 1 80
85 1 84
37 1 27
15 1 26
10 2 26
52 1 30
54 1 16
73 1 54
38 1 37
17 1 14
42 1 56
7 2 22
80 2 81
10 1 80
7 5 10
7 1 28
40 1 86
52 1 25
45 1 12
37 1 86
45 1 20
25 1 29
7 1 10
16 1 15
86 1 85
45 1 14
30 1 7
56 2 84
10 2 20
49 1 15
45 1 10
73 1 14
40 1 57
27 1 17
10 4 7
53 1 85
3 1 2
10 5 7
10 2 22
85 1 49
86 1 51
16 2 18
26 1 25
17 1 10
31 2 50
30 1 10
80 1 25
7 1 81
50 1 25
12 2 7
22 2 7
7 2 28
7 2 26
49 2 31
80 1 30
56 2 38
52 2 42
17 1 7
10 2 54
7 7 10
28 2 7
51 1 49
15 1 12
42 1 38
45 1 37
30 1 28
48 1 3
10 1 81
10 2 28
10 1 28
1 2 2
53 1 51
7 4 10
14 2 10
56 1 25
3 2 45
22 2 10
12 1 10
37 1 52
10 1 7
73 1 40
51 2 40
40 1 42
18 2 16
37 1 53
30 1 55
30 1 22
15 1 10
53 1 40
49 2 56
85 2 37
73 2 45
20 2 37
81 1 25
51 1 50
28 2 10
10 2 80
81 1 30
14 1 7
86 1 37
37 1 57
? 1 github_cpp_program_data/12/243.cpp

72 1 40
25 1 120
7 2 80
26 2 31
40 1 53
31 2 84
42 1 43
32 2 34
10 7 7
18 1 15
49 1 17
4 2 5
31 1 30
26 1 30
84 1 30
14 1 19
37 1 36
3 1 1
20 2 37
15 1 14
120 1 41
51 1 31
10 2 49
52 1 25
57 2 53
15 1 7
7 1 80
85 1 84
28 2 120
48 1 78
64 1 41
10 1 22
37 1 63
72 2 36
15 2 17
10 1 80
38 1 25
7 5 10
91 1 10
37 1 86
10 2 26
7 1 10
17 2 15
51 2 37
86 1 85
12 2 10
78 1 1
22 2 28
40 1 57
31 2 40
10 1 28
10 4 7
53 2 86
53 1 85
29 2 22
78 1 77
51 1 50
43 1 40
93 1 92
85 1 49
16 2 18
85 2 40
26 2 56
31 2 50
16 1 17
28 2 24
50 1 25
50 1 30
49 2 31
51 1 26
27 2 45
7 4 10
24 1 23
85 1 26
15 1 12
26 1 17
30 1 28
10 1 81
41 1 30
63 2 72
37 1 42
10 2 23
45 1 7
53 1 51
14 1 11
32 1 25
63 2 57
25 1 24
6 1 4
22 2 10
24 1 10
7 2 49
12 1 10
57 1 25
7 2 20
37 1 52
40 1 27
78 2 93
10 1 7
64 1 38
15 1 10
26 1 15
93 1 4
23 1 34
80 1 25
25 1 10
3 1 2
28 2 10
10 2 80
64 1 31
14 1 7
40 1 63
6 2 78
37 1 64
53 1 37
86 1 40
28 2 22
7 2 81
38 2 41
12 1 7
57 1 30
25 1 22
17 1 12
36 1 30
17 1 7
17 1 49
20 1 18
86 2 27
30 1 29
63 1 17
40 1 52
27 2 53
48 1 6
34 1 30
17 1 26
10 2 19
25 1 28
48 1 45
7 1 22
7 7 10
62 1 37
30 1 22
10 2 81
26 1 25
56 2 62
62 2 43
51 1 56
15 1 26
85 1 31
42 1 62
51 2 40
23 1 32
42 1 56
7 2 22
6 1 5
57 2 42
36 6 45
7 1 28
40 1 86
10 2 22
41 1 40
45 1 20
25 1 29
45 1 14
30 1 7
84 1 25
80 2 81
78 1 76
12 2 7
27 1 17
49 1 25
53 2 57
10 5 7
120 1 56
31 2 38
86 1 51
63 1 15
17 1 10
30 1 10
7 1 81
49 1 15
81 2 80
22 2 7
7 2 28
7 2 26
52 1 30
80 1 30
56 2 38
76 1 7
1 2 2
28 2 55
28 2 7
51 1 49
55 2 22
45 1 37
86 2 63
48 1 3
49 1 30
76 2 77
10 2 28
14 1 10
25 1 55
93 2 27
91 2 92
27 1 15
14 2 10
4 2 91
56 1 25
20 1 16
28 2 29
37 1 72
56 1 30
15 1 49
56 2 50
14 2 7
93 1 91
48 1 93
30 1 55
25 1 7
38 1 37
120 1 38
49 2 56
85 2 37
72 1 31
3 2 6
81 1 25
31 1 25
1 2 76
81 1 30
52 2 64
48 1 27
19 2 11
37 1 57
? 1 github_cpp_program_data/12/249.cpp

7 2 80
40 1 53
32 2 34
10 7 7
49 1 17
56 2 37
4 2 5
31 1 30
26 1 30
84 1 30
3 1 1
15 1 14
86 1 40
45 1 40
10 2 22
15 1 7
7 1 80
85 1 84
32 1 30
72 1 37
10 2 28
73 1 54
85 1 56
27 2 63
45 1 7
17 1 14
53 1 51
10 1 80
24 1 23
7 5 10
52 1 25
37 1 86
10 2 26
7 1 10
17 2 15
86 1 85
78 1 1
76 1 10
10 4 7
56 2 84
40 1 72
78 1 77
51 1 50
51 2 37
93 1 92
85 1 49
85 2 40
31 2 50
80 1 25
50 1 25
50 1 30
12 2 7
49 2 31
7 2 23
22 2 24
15 1 12
20 2 40
30 1 28
10 1 81
48 1 78
7 2 54
32 1 25
34 2 32
86 2 57
33 1 34
22 2 10
46 1 7
73 1 40
10 1 7
7 1 81
57 1 25
30 1 35
56 1 30
40 1 27
78 2 93
30 1 29
73 1 7
15 1 10
93 1 4
23 1 34
53 2 72
35 1 33
75 1 46
45 2 73
48 1 73
86 1 37
28 2 10
10 2 80
14 1 7
91 1 7
27 2 57
53 1 37
51 1 31
15 2 17
12 1 7
57 1 30
54 2 40
25 1 22
17 1 12
17 1 7
24 1 7
7 2 20
63 2 45
25 1 10
40 1 52
48 1 6
34 1 30
17 1 26
25 1 28
48 1 45
7 7 10
30 1 22
63 1 15
35 1 10
15 1 26
75 2 78
23 1 32
7 2 22
6 1 5
40 1 86
4 2 91
57 2 53
45 1 20
25 1 29
10 2 33
72 1 56
30 1 7
84 1 25
34 1 25
80 2 81
78 1 76
73 1 14
40 1 57
27 1 17
3 1 2
48 1 63
10 5 7
86 1 51
53 1 85
26 1 25
17 1 10
48 1 75
30 1 10
45 1 14
49 1 15
22 2 7
81 1 25
7 2 26
80 1 30
1 2 2
6 2 75
28 2 7
51 1 49
48 1 3
6 1 4
76 2 77
52 1 30
14 1 10
33 1 32
25 1 55
93 2 27
91 2 92
72 2 52
7 4 10
30 1 24
27 1 15
52 2 57
14 2 10
56 1 25
28 2 29
12 1 10
37 1 52
14 2 7
93 1 91
48 1 93
30 1 55
25 1 7
53 1 40
49 2 56
3 2 6
7 2 28
31 1 25
1 2 76
81 1 30
48 1 27
37 1 57
? 1 github_cpp_program_data/12/261.cpp

35 1 7
7 2 33
26 2 31
7 2 11
40 1 108
48 1 3
27 2 86
40 1 53
32 2 34
10 7 7
22 2 55
48 1 73
18 1 15
49 1 17
10 1 81
10 4 7
31 1 30
7 2 80
18 1 17
26 1 30
84 1 30
15 1 33
52 2 63
14 1 19
37 1 36
3 1 1
22 2 35
20 2 37
7 2 13
15 1 14
108 1 31
86 1 40
78 2 3
33 1 32
10 2 49
10 1 22
10 1 7
54 1 18
10 2 23
41 1 40
15 1 7
7 1 80
85 1 84
32 1 30
29 2 28
14 1 65
36 1 25
72 1 37
52 1 30
64 1 41
73 1 54
25 1 29
27 2 63
17 1 14
78 1 4
10 2 54
48 1 124
12 1 11
10 1 80
62 2 41
7 5 10
52 1 25
31 2 62
37 1 86
10 2 26
90 1 20
7 1 10
24 1 23
51 2 37
86 1 85
12 2 10
57 2 86
10 2 20
45 1 10
48 1 90
76 1 10
10 1 28
68 1 42
14 2 10
56 2 84
53 1 85
124 2 78
29 2 22
35 2 28
51 1 50
64 1 31
39 1 30
10 2 11
64 1 62
73 1 12
85 1 49
16 2 18
85 2 40
26 2 56
48 1 9
40 1 113
16 1 17
28 2 24
50 1 25
50 1 30
12 2 7
38 1 40
34 2 32
49 2 31
7 2 23
7 2 22
51 1 26
52 2 42
17 1 7
112 1 10
45 1 14
52 2 27
90 2 112
42 2 36
27 2 64
85 1 26
15 1 12
65 2 10
26 1 17
20 2 40
30 1 28
57 2 52
112 1 54
10 2 13
63 2 72
22 2 28
7 1 23
90 1 40
55 2 28
48 1 78
53 1 51
14 1 11
40 1 36
32 1 25
63 2 52
22 2 24
25 1 24
63 1 17
22 2 10
28 2 29
24 1 10
33 1 34
35 1 10
1 2 7
57 1 25
30 1 35
37 1 52
40 1 42
9 1 4
28 2 35
30 1 29
37 1 53
7 2 49
64 1 38
15 1 10
26 1 15
23 1 34
35 1 33
17 1 33
64 1 43
3 1 2
73 2 9
28 2 10
54 2 37
43 1 40
14 1 7
64 1 68
40 1 63
40 1 64
112 1 40
38 2 43
57 2 27
37 1 64
53 1 37
51 1 31
54 2 40
40 1 27
28 2 22
27 2 36
25 1 35
53 2 52
12 1 7
57 1 30
42 1 31
24 2 28
73 1 10
25 1 22
17 1 12
36 1 30
12 1 65
17 1 49
20 1 18
45 2 73
7 2 20
25 1 10
40 1 52
27 2 53
3 2 90
34 1 30
17 1 26
65 2 7
25 1 28
48 1 45
37 1 27
7 1 22
10 1 33
62 1 37
25 1 7
10 2 81
26 1 25
56 2 62
42 2 57
64 2 52
48 1 112
51 1 56
15 1 26
31 2 50
54 1 16
51 2 40
10 2 28
23 1 32
42 1 56
62 1 40
63 2 27
63 2 86
86 2 53
7 1 28
40 1 86
10 2 22
45 1 12
45 1 20
85 1 56
31 2 37
16 1 15
10 2 33
72 1 56
30 1 7
84 1 25
73 1 37
34 1 25
38 2 68
86 2 42
78 1 76
73 1 14
17 2 15
40 1 57
27 1 17
53 2 27
22 2 7
49 1 25
63 2 53
15 1 23
10 5 7
27 2 57
31 2 38
86 1 51
52 2 39
63 2 108
63 1 15
17 1 10
36 6 45
30 1 10
7 1 81
49 1 15
81 2 80
37 1 39
7 2 28
7 2 26
15 2 17
80 1 30
56 2 38
1 2 2
28 2 55
4 2 76
124 1 7
57 2 53
28 2 7
51 1 49
73 2 45
42 1 38
45 1 37
12 1 13
124 1 1
39 6 73
49 1 30
15 1 49
14 1 10
45 1 40
80 1 25
108 2 52
25 1 55
10 2 80
72 2 52
27 2 52
30 1 24
27 1 15
81 1 30
52 2 57
64 1 56
24 1 33
42 1 62
56 1 25
35 1 23
7 2 81
20 1 16
19 2 7
12 1 10
56 1 30
37 1 63
56 2 50
37 1 72
24 2 22
14 2 7
90 1 7
86 2 57
112 2 45
7 4 10
30 1 55
30 1 22
38 1 37
22 2 29
53 1 40
49 2 56
85 2 37
108 1 37
81 1 25
7 7 10
31 1 25
24 1 7
18 2 16
52 2 64
86 1 37
57 2 63
56 2 37
37 1 57
12 1 19
? 1 github_cpp_program_data/12/264.cpp

35 1 7
26 2 31
6 2 3
40 1 53
25 1 40
32 2 34
10 7 7
35 2 22
49 1 17
4 2 5
18 1 17
40 1 30
28 2 35
15 1 49
3 1 1
22 2 35
20 2 37
15 1 14
86 1 40
33 1 32
10 1 22
54 1 18
7 1 23
15 1 7
49 1 25
85 1 84
32 1 30
10 2 54
48 1 78
30 2 25
73 1 54
85 1 56
25 2 30
17 1 14
78 1 4
7 5 10
52 1 25
37 1 86
10 2 26
33 1 34
7 1 10
24 1 23
86 1 85
12 2 10
10 2 20
57 1 30
45 1 10
10 1 28
10 4 7
37 1 30
53 1 85
78 1 77
48 1 73
51 2 37
85 1 49
85 2 40
26 2 56
31 2 50
7 2 33
28 2 24
12 2 7
35 1 10
7 2 40
7 2 23
78 1 76
7 4 10
85 1 26
15 1 12
26 1 17
30 1 28
10 2 49
10 2 23
45 1 7
53 1 51
40 1 36
22 2 55
32 1 25
63 2 57
22 2 24
25 1 24
6 1 4
22 2 10
24 1 10
7 2 49
10 1 7
86 2 52
57 1 25
30 1 35
37 1 52
40 1 27
30 1 29
37 1 53
15 1 10
23 1 34
51 1 84
39 6 45
57 2 39
35 1 33
45 2 73
51 1 50
28 2 10
14 1 7
53 1 37
51 1 31
25 1 35
12 1 7
7 1 33
24 2 28
25 1 22
17 1 12
36 1 30
17 1 26
7 2 20
25 1 10
40 1 52
48 1 6
34 1 30
17 1 49
25 1 28
48 1 45
7 7 10
7 1 22
10 1 33
30 1 22
26 1 25
51 1 56
15 1 26
19 2 10
10 2 7
10 2 28
30 1 37
53 2 36
7 2 22
6 1 5
36 6 45
7 1 28
40 1 86
10 2 22
45 1 12
20 2 12
45 1 20
25 1 29
16 1 15
10 2 33
30 1 7
84 1 25
73 1 37
34 1 25
51 1 26
73 1 14
50 1 30
10 1 23
27 1 17
37 1 25
22 2 7
26 1 15
3 1 2
10 5 7
86 1 51
63 1 15
17 1 10
12 2 40
30 1 10
49 1 15
37 1 39
27 2 53
39 1 25
76 1 7
1 2 2
28 2 55
4 2 76
28 2 7
51 1 49
73 2 45
45 1 37
48 1 3
49 1 30
76 2 77
52 1 30
14 1 10
45 1 40
25 1 55
30 1 24
14 2 10
40 1 25
23 1 32
20 1 16
12 1 10
56 1 30
37 1 63
14 2 7
14 2 37
3 2 78
24 1 7
30 1 55
54 2 14
25 1 7
22 2 29
53 1 40
49 2 56
3 2 6
7 2 28
78 2 45
31 1 25
37 1 57
35 2 28
86 1 37
12 1 19
73 1 10
56 2 84
? 1 github_cpp_program_data/12/27.cpp

7 2 80
53 1 37
51 1 31
40 1 53
12 1 7
57 1 30
54 2 40
10 7 7
73 1 10
25 1 22
48 1 73
17 1 12
49 1 17
17 1 26
12 2 10
31 1 30
18 1 17
26 1 30
84 1 30
25 1 10
40 1 52
27 2 53
3 1 1
85 1 56
15 1 14
86 1 40
25 1 28
48 1 45
10 1 22
7 1 22
54 1 18
45 2 73
25 1 7
7 1 80
85 1 84
37 1 27
15 1 26
10 2 26
52 1 30
54 1 16
73 1 54
38 1 37
17 1 14
42 1 56
7 2 22
80 2 81
10 1 80
7 5 10
7 1 28
40 1 86
52 1 25
45 1 12
37 1 86
45 1 20
25 1 29
7 1 10
16 1 15
86 1 85
45 1 14
30 1 7
56 2 84
10 2 20
49 1 15
45 1 10
73 1 14
40 1 57
27 1 17
10 4 7
53 1 85
3 1 2
10 5 7
10 2 22
85 1 49
86 1 51
16 2 18
26 1 25
17 1 10
31 2 50
30 1 10
80 1 25
7 1 81
50 1 25
12 2 7
22 2 7
7 2 28
7 2 26
49 2 31
80 1 30
56 2 38
52 2 42
17 1 7
10 2 54
7 7 10
28 2 7
51 1 49
15 1 12
42 1 38
45 1 37
30 1 28
48 1 3
10 1 81
10 2 28
10 1 28
1 2 2
53 1 51
7 4 10
14 2 10
56 1 25
3 2 45
22 2 10
12 1 10
37 1 52
10 1 7
73 1 40
51 2 40
40 1 42
18 2 16
37 1 53
30 1 55
30 1 22
15 1 10
53 1 40
49 2 56
85 2 37
73 2 45
20 2 37
81 1 25
51 1 50
28 2 10
10 2 80
81 1 30
14 1 7
86 1 37
37 1 57
? 1 github_cpp_program_data/12/272.cpp

24 1 10
72 1 40
35 1 7
7 2 80
40 1 53
31 2 84
32 2 34
52 2 36
10 7 7
22 2 55
48 1 73
94 1 30
12 2 10
31 1 30
63 2 52
82 1 73
18 1 17
26 1 30
84 1 30
3 1 1
22 2 35
20 2 37
15 1 14
16 1 12
51 1 31
33 1 32
10 2 49
52 1 25
16 1 7
54 1 18
57 2 53
15 1 7
7 1 80
85 1 84
32 1 30
36 1 25
7 2 127
52 1 30
22 2 28
25 1 29
52 2 86
27 2 63
17 1 14
79 1 63
83 1 96
48 1 83
7 2 54
10 1 80
7 5 10
10 1 22
37 1 86
10 2 26
7 1 10
24 1 23
86 1 85
82 1 45
81 2 80
57 2 52
17 1 127
57 1 30
7 2 33
31 2 40
96 2 10
127 1 25
10 4 7
57 2 72
40 1 72
3 1 2
51 2 37
64 1 62
73 1 12
85 1 49
16 2 18
85 2 40
26 2 56
31 2 50
16 1 17
50 1 25
50 1 30
12 2 7
38 1 40
49 2 31
7 2 23
52 2 42
49 1 17
86 2 57
64 1 56
73 1 20
3 2 75
15 1 12
26 1 17
20 2 40
30 1 28
10 2 37
10 1 81
10 1 28
10 2 23
55 2 28
45 1 7
53 1 51
72 2 53
40 1 36
32 1 25
34 2 32
22 2 24
25 1 24
33 1 34
22 2 10
46 1 7
73 1 40
17 1 94
35 1 10
57 1 25
30 1 35
37 1 52
40 1 27
7 2 22
28 2 35
30 1 29
37 1 53
73 1 7
15 1 10
26 1 15
23 1 34
35 1 33
25 1 10
10 2 94
45 2 73
51 1 50
28 2 10
75 2 83
10 2 80
29 2 28
14 1 7
37 1 57
30 1 22
53 2 57
40 1 63
15 1 94
79 1 27
37 1 64
53 1 37
86 1 40
54 2 40
40 1 42
25 1 35
12 1 7
7 1 33
42 1 31
45 1 54
25 1 22
17 1 12
7 2 20
17 1 7
17 1 26
20 1 18
94 1 25
18 2 16
75 1 46
40 1 52
27 2 53
34 1 30
72 1 31
83 2 73
25 1 28
7 7 10
7 1 22
10 1 33
37 1 79
10 2 81
63 1 15
56 2 62
51 1 56
15 1 26
85 1 31
54 1 16
51 2 40
10 2 7
10 2 28
62 1 40
63 2 86
86 2 53
7 1 28
40 1 86
63 1 17
45 1 12
80 1 25
85 1 56
16 1 15
10 2 33
96 1 20
30 1 7
84 1 25
73 1 37
34 1 25
80 2 81
51 1 26
73 1 14
40 1 57
10 1 23
27 1 17
83 1 10
85 2 37
49 1 25
53 2 52
10 2 20
10 5 7
10 2 22
86 1 51
53 1 85
37 1 42
26 1 25
17 1 10
48 1 75
30 1 10
7 1 81
49 1 15
22 2 7
81 1 25
7 2 26
15 2 17
80 1 30
1 2 2
28 2 55
28 2 7
51 1 49
73 2 45
42 1 38
48 1 3
10 1 7
15 1 49
14 1 10
45 1 40
25 1 55
7 2 28
27 2 52
30 1 24
27 1 15
52 2 57
14 2 10
24 1 33
23 1 32
35 1 23
37 1 82
20 1 16
12 1 10
56 1 30
7 2 81
56 2 50
15 1 127
14 2 7
79 2 82
24 1 7
7 4 10
30 1 55
25 1 7
38 1 37
22 2 29
53 1 40
49 2 56
53 2 63
31 2 38
83 1 37
31 1 25
81 1 30
35 2 28
86 1 37
36 6 73
73 1 10
56 2 84
? 1 github_cpp_program_data/12/287.cpp

35 1 7
26 2 31
6 2 3
40 1 53
25 1 40
32 2 34
10 7 7
35 2 22
49 1 17
4 2 5
18 1 17
40 1 30
28 2 35
15 1 49
3 1 1
22 2 35
20 2 37
15 1 14
86 1 40
33 1 32
10 1 22
54 1 18
7 1 23
15 1 7
49 1 25
85 1 84
32 1 30
10 2 54
48 1 78
30 2 25
73 1 54
85 1 56
25 2 30
17 1 14
78 1 4
7 5 10
52 1 25
37 1 86
10 2 26
33 1 34
7 1 10
24 1 23
86 1 85
12 2 10
10 2 20
57 1 30
45 1 10
10 1 28
10 4 7
37 1 30
53 1 85
78 1 77
48 1 73
51 2 37
85 1 49
85 2 40
26 2 56
31 2 50
7 2 33
28 2 24
12 2 7
35 1 10
7 2 40
7 2 23
78 1 76
7 4 10
85 1 26
15 1 12
26 1 17
30 1 28
10 2 49
10 2 23
45 1 7
53 1 51
40 1 36
22 2 55
32 1 25
63 2 57
22 2 24
25 1 24
6 1 4
22 2 10
24 1 10
7 2 49
10 1 7
86 2 52
57 1 25
30 1 35
37 1 52
40 1 27
30 1 29
37 1 53
15 1 10
23 1 34
51 1 84
39 6 45
57 2 39
35 1 33
45 2 73
51 1 50
28 2 10
14 1 7
53 1 37
51 1 31
25 1 35
12 1 7
7 1 33
24 2 28
25 1 22
17 1 12
36 1 30
17 1 26
7 2 20
25 1 10
40 1 52
48 1 6
34 1 30
17 1 49
25 1 28
48 1 45
7 7 10
7 1 22
10 1 33
30 1 22
26 1 25
51 1 56
15 1 26
19 2 10
10 2 7
10 2 28
30 1 37
53 2 36
7 2 22
6 1 5
36 6 45
7 1 28
40 1 86
10 2 22
45 1 12
20 2 12
45 1 20
25 1 29
16 1 15
10 2 33
30 1 7
84 1 25
73 1 37
34 1 25
51 1 26
73 1 14
50 1 30
10 1 23
27 1 17
37 1 25
22 2 7
26 1 15
3 1 2
10 5 7
86 1 51
63 1 15
17 1 10
12 2 40
30 1 10
49 1 15
37 1 39
27 2 53
39 1 25
76 1 7
1 2 2
28 2 55
4 2 76
28 2 7
51 1 49
73 2 45
45 1 37
48 1 3
49 1 30
76 2 77
52 1 30
14 1 10
45 1 40
25 1 55
30 1 24
14 2 10
40 1 25
23 1 32
20 1 16
12 1 10
56 1 30
37 1 63
14 2 7
14 2 37
3 2 78
24 1 7
30 1 55
54 2 14
25 1 7
22 2 29
53 1 40
49 2 56
3 2 6
7 2 28
78 2 45
31 1 25
37 1 57
35 2 28
86 1 37
12 1 19
73 1 10
56 2 84
? 1 github_cpp_program_data/12/288.cpp

30 1 28
25 1 120
57 2 129
32 2 128
56 1 128
45 2 129
48 1 129
130 1 128
10 7 7
122 1 56
128 2 30
28 2 128
10 2 128
128 2 27
15 1 33
26 1 30
128 2 40
62 1 128
33 1 128
129 2 22
129 2 17
34 2 128
15 1 14
129 2 45
33 1 32
76 1 7
25 1 128
128 2 22
128 2 57
15 1 7
7 1 80
130 1 7
32 1 30
128 2 23
63 1 129
52 1 30
128 2 7
37 1 63
129 2 76
29 1 129
17 1 14
129 2 25
129 2 37
30 1 76
128 2 37
10 1 80
7 5 10
14 2 128
129 2 130
129 2 7
52 1 25
132 1 128
7 1 10
132 2 129
25 1 40
25 1 131
7 1 33
45 1 10
76 1 10
23 2 128
10 1 28
55 2 129
27 1 129
37 1 30
76 1 23
128 2 33
20 2 129
7 1 129
10 1 129
40 2 128
32 1 55
40 1 128
129 2 80
80 1 25
52 1 128
12 2 7
129 2 63
91 2 128
55 1 129
91 1 10
128 2 131
128 2 34
120 1 31
27 1 128
129 2 33
33 2 129
15 1 12
25 1 132
91 1 129
23 1 129
10 1 81
40 1 129
22 2 128
31 1 129
7 1 23
33 1 129
76 2 129
130 1 129
80 2 128
30 2 129
55 2 128
27 1 17
28 2 129
23 1 128
32 1 25
129 2 32
129 2 81
10 4 7
33 1 34
30 2 128
25 2 128
12 1 10
128 2 80
57 1 25
131 1 129
132 1 129
37 1 52
10 1 7
131 1 128
12 1 129
15 1 10
23 1 34
128 2 76
27 2 129
27 1 15
128 2 120
17 1 33
31 1 25
15 1 129
23 1 32
38 1 30
91 1 33
63 1 128
80 1 129
128 2 15
12 2 129
91 1 7
129 2 91
128 2 28
129 2 10
56 1 129
128 2 91
128 2 63
76 1 128
12 1 7
57 1 30
128 2 32
26 1 128
25 1 22
17 1 12
7 2 129
17 1 7
17 1 129
7 1 128
40 2 129
26 1 129
131 2 129
17 1 128
30 1 29
34 2 129
25 1 10
91 1 128
63 2 128
30 1 129
34 1 30
17 1 26
128 2 129
25 1 28
129 2 55
48 1 45
81 1 128
45 1 128
128 2 81
10 1 33
12 1 128
30 1 22
56 2 62
129 2 23
10 1 128
37 1 27
52 2 129
14 1 7
91 2 129
25 1 76
17 1 23
10 2 129
81 1 129
12 2 128
17 2 128
22 2 129
129 2 52
7 2 22
29 2 128
14 2 129
30 1 91
7 1 28
128 2 52
63 1 17
45 1 12
45 1 20
122 1 62
128 2 55
30 1 7
20 1 128
34 1 25
32 2 129
129 2 57
48 1 52
34 1 128
130 2 128
15 1 128
32 1 129
132 2 128
37 1 128
62 1 129
129 2 29
15 1 23
129 2 20
48 1 63
10 5 7
31 2 38
33 2 128
27 2 128
7 7 10
17 1 10
30 1 10
62 1 25
7 1 81
30 1 122
48 1 57
128 2 25
23 2 129
80 1 30
48 1 130
25 1 37
15 2 128
129 2 132
129 2 27
57 1 128
30 1 40
76 1 129
25 1 129
45 1 37
55 1 128
34 1 29
129 2 122
63 2 129
14 1 10
10 1 23
80 2 129
25 1 55
25 2 129
128 2 29
129 2 30
129 2 128
30 1 128
14 1 128
14 2 10
45 1 129
7 2 128
40 1 25
38 1 128
37 1 129
34 1 129
128 2 10
80 1 128
25 1 29
56 1 30
129 2 26
129 2 40
14 1 129
7 4 10
30 1 55
48 1 128
25 1 7
15 2 129
120 1 38
38 1 129
32 1 128
76 2 128
81 1 25
29 1 128
25 1 91
81 1 30
129 2 34
129 2 28
17 2 129
48 1 27
29 2 129
37 1 57
? 1 github_cpp_program_data/12/31.cpp

35 1 7
26 2 31
6 2 3
40 1 53
25 1 40
32 2 34
10 7 7
35 2 22
49 1 17
4 2 5
18 1 17
40 1 30
28 2 35
15 1 49
3 1 1
22 2 35
20 2 37
15 1 14
86 1 40
33 1 32
10 1 22
54 1 18
7 1 23
15 1 7
49 1 25
85 1 84
32 1 30
10 2 54
48 1 78
30 2 25
73 1 54
85 1 56
25 2 30
17 1 14
78 1 4
7 5 10
52 1 25
37 1 86
10 2 26
33 1 34
7 1 10
24 1 23
86 1 85
12 2 10
10 2 20
57 1 30
45 1 10
10 1 28
10 4 7
37 1 30
53 1 85
78 1 77
48 1 73
51 2 37
85 1 49
85 2 40
26 2 56
31 2 50
7 2 33
28 2 24
12 2 7
35 1 10
7 2 40
7 2 23
78 1 76
7 4 10
85 1 26
15 1 12
26 1 17
30 1 28
10 2 49
10 2 23
45 1 7
53 1 51
40 1 36
22 2 55
32 1 25
63 2 57
22 2 24
25 1 24
6 1 4
22 2 10
24 1 10
7 2 49
10 1 7
86 2 52
57 1 25
30 1 35
37 1 52
40 1 27
30 1 29
37 1 53
15 1 10
23 1 34
51 1 84
39 6 45
57 2 39
35 1 33
45 2 73
51 1 50
28 2 10
14 1 7
53 1 37
51 1 31
25 1 35
12 1 7
7 1 33
24 2 28
25 1 22
17 1 12
36 1 30
17 1 26
7 2 20
25 1 10
40 1 52
48 1 6
34 1 30
17 1 49
25 1 28
48 1 45
7 7 10
7 1 22
10 1 33
30 1 22
26 1 25
51 1 56
15 1 26
19 2 10
10 2 7
10 2 28
30 1 37
53 2 36
7 2 22
6 1 5
36 6 45
7 1 28
40 1 86
10 2 22
45 1 12
20 2 12
45 1 20
25 1 29
16 1 15
10 2 33
30 1 7
84 1 25
73 1 37
34 1 25
51 1 26
73 1 14
50 1 30
10 1 23
27 1 17
37 1 25
22 2 7
26 1 15
3 1 2
10 5 7
86 1 51
63 1 15
17 1 10
12 2 40
30 1 10
49 1 15
37 1 39
27 2 53
39 1 25
76 1 7
1 2 2
28 2 55
4 2 76
28 2 7
51 1 49
73 2 45
45 1 37
48 1 3
49 1 30
76 2 77
52 1 30
14 1 10
45 1 40
25 1 55
30 1 24
14 2 10
40 1 25
23 1 32
20 1 16
12 1 10
56 1 30
37 1 63
14 2 7
14 2 37
3 2 78
24 1 7
30 1 55
54 2 14
25 1 7
22 2 29
53 1 40
49 2 56
3 2 6
7 2 28
78 2 45
31 1 25
37 1 57
35 2 28
86 1 37
12 1 19
73 1 10
56 2 84
? 1 github_cpp_program_data/12/317.cpp

7 2 80
53 1 37
51 1 31
40 1 53
12 1 7
57 1 30
54 2 40
10 7 7
73 1 10
25 1 22
48 1 73
17 1 12
49 1 17
17 1 26
12 2 10
31 1 30
18 1 17
26 1 30
84 1 30
25 1 10
40 1 52
27 2 53
3 1 1
85 1 56
15 1 14
86 1 40
25 1 28
48 1 45
10 1 22
7 1 22
54 1 18
45 2 73
25 1 7
7 1 80
85 1 84
37 1 27
15 1 26
10 2 26
52 1 30
54 1 16
73 1 54
38 1 37
17 1 14
42 1 56
7 2 22
80 2 81
10 1 80
7 5 10
7 1 28
40 1 86
52 1 25
45 1 12
37 1 86
45 1 20
25 1 29
7 1 10
16 1 15
86 1 85
45 1 14
30 1 7
56 2 84
10 2 20
49 1 15
45 1 10
73 1 14
40 1 57
27 1 17
10 4 7
53 1 85
3 1 2
10 5 7
10 2 22
85 1 49
86 1 51
16 2 18
26 1 25
17 1 10
31 2 50
30 1 10
80 1 25
7 1 81
50 1 25
12 2 7
22 2 7
7 2 28
7 2 26
49 2 31
80 1 30
56 2 38
52 2 42
17 1 7
10 2 54
7 7 10
28 2 7
51 1 49
15 1 12
42 1 38
45 1 37
30 1 28
48 1 3
10 1 81
10 2 28
10 1 28
1 2 2
53 1 51
7 4 10
14 2 10
56 1 25
3 2 45
22 2 10
12 1 10
37 1 52
10 1 7
73 1 40
51 2 40
40 1 42
18 2 16
37 1 53
30 1 55
30 1 22
15 1 10
53 1 40
49 2 56
85 2 37
73 2 45
20 2 37
81 1 25
51 1 50
28 2 10
10 2 80
81 1 30
14 1 7
86 1 37
37 1 57
? 1 github_cpp_program_data/12/359.cpp

35 1 7
7 2 80
26 2 31
6 2 3
22 2 103
40 1 53
31 2 84
54 2 37
32 2 34
41 1 37
22 2 55
49 1 17
4 2 5
31 1 30
28 2 104
25 1 103
18 1 17
26 1 30
84 1 30
104 1 23
37 1 36
3 1 1
22 2 35
20 2 37
15 1 14
86 1 40
45 1 40
52 1 25
54 1 18
15 1 7
7 1 80
85 1 84
32 1 30
10 2 20
52 1 30
15 1 33
85 1 56
38 2 41
52 2 86
27 2 63
17 1 14
15 2 17
48 1 83
7 2 54
10 1 80
17 2 15
7 5 10
10 1 22
37 1 86
10 2 26
90 1 20
7 1 10
24 1 23
86 1 85
82 1 45
81 2 80
57 2 52
7 2 33
82 1 63
22 2 28
30 1 104
10 4 7
56 2 84
53 1 85
29 2 22
48 1 73
64 1 31
10 7 7
64 1 62
73 1 12
85 1 49
16 2 18
85 2 40
26 2 56
31 2 50
80 1 25
28 2 24
50 1 25
50 1 30
12 2 7
38 1 40
49 2 31
86 2 53
73 1 20
3 2 75
85 1 26
15 1 12
26 1 17
20 2 40
30 1 28
10 2 37
10 1 81
10 2 49
10 2 23
31 2 62
55 2 28
45 1 7
53 1 51
12 1 10
14 1 11
32 1 25
34 2 32
82 1 90
25 1 24
63 1 17
22 2 10
80 2 81
46 1 7
24 1 10
33 1 34
35 1 10
57 1 25
7 2 20
37 1 52
40 1 42
12 2 10
30 1 29
37 1 53
73 1 7
15 1 10
26 1 15
23 1 34
35 1 33
75 1 46
45 2 73
51 1 50
28 2 10
75 2 83
10 2 80
51 2 37
23 1 32
37 1 57
30 1 22
53 2 57
31 2 38
40 1 64
7 2 11
53 1 37
51 1 31
14 1 13
28 2 22
10 5 7
25 1 35
53 2 52
12 1 7
57 1 30
42 1 31
45 1 54
57 2 86
25 1 22
17 1 12
36 1 30
17 1 7
17 1 49
52 2 53
20 1 18
36 6 73
11 2 13
25 1 10
40 1 52
27 2 53
42 1 41
48 1 6
34 1 30
17 1 26
83 2 73
25 1 28
48 1 45
37 1 27
7 1 22
10 2 28
62 1 37
37 1 79
10 2 81
26 1 25
14 1 7
51 1 56
15 1 26
85 1 31
6 1 4
54 1 16
51 2 40
90 1 37
7 2 22
6 1 5
63 2 27
63 2 86
30 1 55
40 1 86
10 2 22
45 1 12
7 7 10
25 1 29
16 1 15
10 2 33
7 1 81
30 1 7
84 1 25
34 1 25
79 2 82
51 1 26
73 1 14
40 1 57
27 1 17
83 1 10
53 2 27
49 1 25
3 1 2
103 1 23
7 2 49
86 1 51
63 1 15
17 1 10
48 1 75
30 1 10
45 1 14
49 1 15
22 2 7
81 1 25
90 2 45
7 2 26
80 1 30
1 2 2
28 2 55
28 2 7
51 1 49
73 2 45
42 1 38
45 1 37
48 1 3
49 1 30
15 1 49
14 1 10
33 1 32
86 2 57
25 1 55
54 2 40
7 2 28
27 2 52
30 1 24
27 1 15
52 2 57
14 2 10
24 1 33
56 1 25
35 1 23
7 2 81
37 1 82
20 1 16
28 2 29
82 1 27
56 1 30
37 1 63
56 2 50
63 2 90
73 1 40
14 2 7
90 1 7
57 2 36
7 4 10
73 1 37
25 1 7
10 1 7
22 2 29
53 1 40
49 2 56
85 2 37
3 2 6
83 1 37
55 2 22
31 1 25
81 1 30
18 2 16
86 1 37
57 2 63
73 1 10
? 1 github_cpp_program_data/12/368.cpp

24 1 10
72 1 40
35 1 7
7 2 80
40 1 53
31 2 84
32 2 34
52 2 36
10 7 7
22 2 55
48 1 73
94 1 30
12 2 10
31 1 30
63 2 52
82 1 73
18 1 17
26 1 30
84 1 30
3 1 1
22 2 35
20 2 37
15 1 14
16 1 12
51 1 31
33 1 32
10 2 49
52 1 25
16 1 7
54 1 18
57 2 53
15 1 7
7 1 80
85 1 84
32 1 30
36 1 25
7 2 127
52 1 30
22 2 28
25 1 29
52 2 86
27 2 63
17 1 14
79 1 63
83 1 96
48 1 83
7 2 54
10 1 80
7 5 10
10 1 22
37 1 86
10 2 26
7 1 10
24 1 23
86 1 85
82 1 45
81 2 80
57 2 52
17 1 127
57 1 30
7 2 33
31 2 40
96 2 10
127 1 25
10 4 7
57 2 72
40 1 72
3 1 2
51 2 37
64 1 62
73 1 12
85 1 49
16 2 18
85 2 40
26 2 56
31 2 50
16 1 17
50 1 25
50 1 30
12 2 7
38 1 40
49 2 31
7 2 23
52 2 42
49 1 17
86 2 57
64 1 56
73 1 20
3 2 75
15 1 12
26 1 17
20 2 40
30 1 28
10 2 37
10 1 81
10 1 28
10 2 23
55 2 28
45 1 7
53 1 51
72 2 53
40 1 36
32 1 25
34 2 32
22 2 24
25 1 24
33 1 34
22 2 10
46 1 7
73 1 40
17 1 94
35 1 10
57 1 25
30 1 35
37 1 52
40 1 27
7 2 22
28 2 35
30 1 29
37 1 53
73 1 7
15 1 10
26 1 15
23 1 34
35 1 33
25 1 10
10 2 94
45 2 73
51 1 50
28 2 10
75 2 83
10 2 80
29 2 28
14 1 7
37 1 57
30 1 22
53 2 57
40 1 63
15 1 94
79 1 27
37 1 64
53 1 37
86 1 40
54 2 40
40 1 42
25 1 35
12 1 7
7 1 33
42 1 31
45 1 54
25 1 22
17 1 12
7 2 20
17 1 7
17 1 26
20 1 18
94 1 25
18 2 16
75 1 46
40 1 52
27 2 53
34 1 30
72 1 31
83 2 73
25 1 28
7 7 10
7 1 22
10 1 33
37 1 79
10 2 81
63 1 15
56 2 62
51 1 56
15 1 26
85 1 31
54 1 16
51 2 40
10 2 7
10 2 28
62 1 40
63 2 86
86 2 53
7 1 28
40 1 86
63 1 17
45 1 12
80 1 25
85 1 56
16 1 15
10 2 33
96 1 20
30 1 7
84 1 25
73 1 37
34 1 25
80 2 81
51 1 26
73 1 14
40 1 57
10 1 23
27 1 17
83 1 10
85 2 37
49 1 25
53 2 52
10 2 20
10 5 7
10 2 22
86 1 51
53 1 85
37 1 42
26 1 25
17 1 10
48 1 75
30 1 10
7 1 81
49 1 15
22 2 7
81 1 25
7 2 26
15 2 17
80 1 30
1 2 2
28 2 55
28 2 7
51 1 49
73 2 45
42 1 38
48 1 3
10 1 7
15 1 49
14 1 10
45 1 40
25 1 55
7 2 28
27 2 52
30 1 24
27 1 15
52 2 57
14 2 10
24 1 33
23 1 32
35 1 23
37 1 82
20 1 16
12 1 10
56 1 30
7 2 81
56 2 50
15 1 127
14 2 7
79 2 82
24 1 7
7 4 10
30 1 55
25 1 7
38 1 37
22 2 29
53 1 40
49 2 56
53 2 63
31 2 38
83 1 37
31 1 25
81 1 30
35 2 28
86 1 37
36 6 73
73 1 10
56 2 84
? 1 github_cpp_program_data/12/374.cpp

35 1 7
26 2 31
6 2 3
40 1 53
25 1 40
32 2 34
10 7 7
35 2 22
49 1 17
4 2 5
18 1 17
40 1 30
28 2 35
15 1 49
3 1 1
22 2 35
20 2 37
15 1 14
86 1 40
33 1 32
10 1 22
54 1 18
7 1 23
15 1 7
49 1 25
85 1 84
32 1 30
10 2 54
48 1 78
30 2 25
73 1 54
85 1 56
25 2 30
17 1 14
78 1 4
7 5 10
52 1 25
37 1 86
10 2 26
33 1 34
7 1 10
24 1 23
86 1 85
12 2 10
10 2 20
57 1 30
45 1 10
10 1 28
10 4 7
37 1 30
53 1 85
78 1 77
48 1 73
51 2 37
85 1 49
85 2 40
26 2 56
31 2 50
7 2 33
28 2 24
12 2 7
35 1 10
7 2 40
7 2 23
78 1 76
7 4 10
85 1 26
15 1 12
26 1 17
30 1 28
10 2 49
10 2 23
45 1 7
53 1 51
40 1 36
22 2 55
32 1 25
63 2 57
22 2 24
25 1 24
6 1 4
22 2 10
24 1 10
7 2 49
10 1 7
86 2 52
57 1 25
30 1 35
37 1 52
40 1 27
30 1 29
37 1 53
15 1 10
23 1 34
51 1 84
39 6 45
57 2 39
35 1 33
45 2 73
51 1 50
28 2 10
14 1 7
53 1 37
51 1 31
25 1 35
12 1 7
7 1 33
24 2 28
25 1 22
17 1 12
36 1 30
17 1 26
7 2 20
25 1 10
40 1 52
48 1 6
34 1 30
17 1 49
25 1 28
48 1 45
7 7 10
7 1 22
10 1 33
30 1 22
26 1 25
51 1 56
15 1 26
19 2 10
10 2 7
10 2 28
30 1 37
53 2 36
7 2 22
6 1 5
36 6 45
7 1 28
40 1 86
10 2 22
45 1 12
20 2 12
45 1 20
25 1 29
16 1 15
10 2 33
30 1 7
84 1 25
73 1 37
34 1 25
51 1 26
73 1 14
50 1 30
10 1 23
27 1 17
37 1 25
22 2 7
26 1 15
3 1 2
10 5 7
86 1 51
63 1 15
17 1 10
12 2 40
30 1 10
49 1 15
37 1 39
27 2 53
39 1 25
76 1 7
1 2 2
28 2 55
4 2 76
28 2 7
51 1 49
73 2 45
45 1 37
48 1 3
49 1 30
76 2 77
52 1 30
14 1 10
45 1 40
25 1 55
30 1 24
14 2 10
40 1 25
23 1 32
20 1 16
12 1 10
56 1 30
37 1 63
14 2 7
14 2 37
3 2 78
24 1 7
30 1 55
54 2 14
25 1 7
22 2 29
53 1 40
49 2 56
3 2 6
7 2 28
78 2 45
31 1 25
37 1 57
35 2 28
86 1 37
12 1 19
73 1 10
56 2 84
? 1 github_cpp_program_data/12/375.cpp

26 2 31
40 1 53
31 2 84
10 7 7
49 1 30
31 1 30
27 2 57
3 2 75
26 1 30
84 1 30
104 1 23
28 2 103
37 1 36
3 1 1
20 2 37
15 1 14
86 1 40
45 1 12
15 1 7
49 1 25
85 1 84
32 1 30
36 1 25
52 1 30
64 1 41
22 2 104
25 1 104
42 2 64
85 1 56
10 1 80
62 2 41
7 5 10
52 1 25
37 1 86
7 1 10
17 2 15
86 1 85
81 2 80
40 1 57
27 1 15
22 2 28
10 4 7
56 2 84
53 1 85
51 1 50
64 1 31
64 1 62
28 2 35
85 2 40
26 2 56
31 2 50
40 1 113
80 1 25
28 2 24
50 1 25
50 1 30
38 1 40
49 2 31
52 2 42
7 4 10
85 1 26
30 1 28
10 1 81
37 1 42
31 2 62
55 2 28
45 1 7
53 1 51
14 1 11
37 1 63
32 1 25
25 1 24
33 1 34
22 2 10
46 1 7
35 1 10
57 1 25
30 1 35
56 1 30
26 1 25
30 1 29
37 1 53
53 2 86
15 1 10
29 2 22
35 1 33
25 1 10
3 1 2
28 2 10
10 2 80
29 2 28
23 1 32
37 1 64
53 1 37
51 1 31
28 2 22
15 2 17
53 2 52
57 1 30
25 1 22
17 1 12
7 2 20
17 1 7
52 2 53
11 2 13
75 1 46
40 1 52
14 1 13
34 1 30
25 1 28
48 1 45
37 1 27
52 2 27
53 2 36
62 1 37
30 1 22
10 2 81
7 2 33
14 1 7
51 1 56
15 1 26
85 1 31
42 1 56
62 1 40
36 6 45
86 2 53
40 1 86
10 2 22
41 1 40
45 1 20
25 1 29
10 2 33
30 1 7
84 1 25
34 1 25
12 2 7
27 1 17
7 1 80
63 2 53
53 2 57
103 1 23
10 5 7
86 1 51
7 7 10
63 1 15
48 1 75
30 1 10
7 1 81
22 2 7
81 1 25
7 2 26
80 1 30
56 2 38
1 2 2
57 2 53
28 2 7
51 1 49
55 2 22
45 1 37
48 1 3
22 2 55
10 2 28
14 1 10
25 1 55
51 2 37
30 1 103
10 2 11
14 2 10
24 1 33
56 1 25
7 2 81
28 2 29
12 1 10
37 1 52
28 2 55
56 2 50
14 2 7
86 1 37
24 1 7
30 1 55
25 1 7
10 1 7
22 2 29
53 1 40
49 2 56
85 2 37
75 2 45
7 2 28
42 1 38
31 1 25
81 1 30
7 2 22
57 2 63
37 1 57
? 1 github_cpp_program_data/12/381.cpp

24 1 10
72 1 40
35 1 7
7 2 80
40 1 53
31 2 84
32 2 34
52 2 36
10 7 7
22 2 55
48 1 73
94 1 30
12 2 10
31 1 30
63 2 52
82 1 73
18 1 17
26 1 30
84 1 30
3 1 1
22 2 35
20 2 37
15 1 14
16 1 12
51 1 31
33 1 32
10 2 49
52 1 25
16 1 7
54 1 18
57 2 53
15 1 7
7 1 80
85 1 84
32 1 30
36 1 25
7 2 127
52 1 30
22 2 28
25 1 29
52 2 86
27 2 63
17 1 14
79 1 63
83 1 96
48 1 83
7 2 54
10 1 80
7 5 10
10 1 22
37 1 86
10 2 26
7 1 10
24 1 23
86 1 85
82 1 45
81 2 80
57 2 52
17 1 127
57 1 30
7 2 33
31 2 40
96 2 10
127 1 25
10 4 7
57 2 72
40 1 72
3 1 2
51 2 37
64 1 62
73 1 12
85 1 49
16 2 18
85 2 40
26 2 56
31 2 50
16 1 17
50 1 25
50 1 30
12 2 7
38 1 40
49 2 31
7 2 23
52 2 42
49 1 17
86 2 57
64 1 56
73 1 20
3 2 75
15 1 12
26 1 17
20 2 40
30 1 28
10 2 37
10 1 81
10 1 28
10 2 23
55 2 28
45 1 7
53 1 51
72 2 53
40 1 36
32 1 25
34 2 32
22 2 24
25 1 24
33 1 34
22 2 10
46 1 7
73 1 40
17 1 94
35 1 10
57 1 25
30 1 35
37 1 52
40 1 27
7 2 22
28 2 35
30 1 29
37 1 53
73 1 7
15 1 10
26 1 15
23 1 34
35 1 33
25 1 10
10 2 94
45 2 73
51 1 50
28 2 10
75 2 83
10 2 80
29 2 28
14 1 7
37 1 57
30 1 22
53 2 57
40 1 63
15 1 94
79 1 27
37 1 64
53 1 37
86 1 40
54 2 40
40 1 42
25 1 35
12 1 7
7 1 33
42 1 31
45 1 54
25 1 22
17 1 12
7 2 20
17 1 7
17 1 26
20 1 18
94 1 25
18 2 16
75 1 46
40 1 52
27 2 53
34 1 30
72 1 31
83 2 73
25 1 28
7 7 10
7 1 22
10 1 33
37 1 79
10 2 81
63 1 15
56 2 62
51 1 56
15 1 26
85 1 31
54 1 16
51 2 40
10 2 7
10 2 28
62 1 40
63 2 86
86 2 53
7 1 28
40 1 86
63 1 17
45 1 12
80 1 25
85 1 56
16 1 15
10 2 33
96 1 20
30 1 7
84 1 25
73 1 37
34 1 25
80 2 81
51 1 26
73 1 14
40 1 57
10 1 23
27 1 17
83 1 10
85 2 37
49 1 25
53 2 52
10 2 20
10 5 7
10 2 22
86 1 51
53 1 85
37 1 42
26 1 25
17 1 10
48 1 75
30 1 10
7 1 81
49 1 15
22 2 7
81 1 25
7 2 26
15 2 17
80 1 30
1 2 2
28 2 55
28 2 7
51 1 49
73 2 45
42 1 38
48 1 3
10 1 7
15 1 49
14 1 10
45 1 40
25 1 55
7 2 28
27 2 52
30 1 24
27 1 15
52 2 57
14 2 10
24 1 33
23 1 32
35 1 23
37 1 82
20 1 16
12 1 10
56 1 30
7 2 81
56 2 50
15 1 127
14 2 7
79 2 82
24 1 7
7 4 10
30 1 55
25 1 7
38 1 37
22 2 29
53 1 40
49 2 56
53 2 63
31 2 38
83 1 37
31 1 25
81 1 30
35 2 28
86 1 37
36 6 73
73 1 10
56 2 84
? 1 github_cpp_program_data/12/395.cpp

24 1 10
72 1 40
35 1 7
7 2 80
40 1 53
31 2 84
32 2 34
52 2 36
10 7 7
22 2 55
48 1 73
94 1 30
12 2 10
31 1 30
63 2 52
82 1 73
18 1 17
26 1 30
84 1 30
3 1 1
22 2 35
20 2 37
15 1 14
16 1 12
51 1 31
33 1 32
10 2 49
52 1 25
16 1 7
54 1 18
57 2 53
15 1 7
7 1 80
85 1 84
32 1 30
36 1 25
7 2 127
52 1 30
22 2 28
25 1 29
52 2 86
27 2 63
17 1 14
79 1 63
83 1 96
48 1 83
7 2 54
10 1 80
7 5 10
10 1 22
37 1 86
10 2 26
7 1 10
24 1 23
86 1 85
82 1 45
81 2 80
57 2 52
17 1 127
57 1 30
7 2 33
31 2 40
96 2 10
127 1 25
10 4 7
57 2 72
40 1 72
3 1 2
51 2 37
64 1 62
73 1 12
85 1 49
16 2 18
85 2 40
26 2 56
31 2 50
16 1 17
50 1 25
50 1 30
12 2 7
38 1 40
49 2 31
7 2 23
52 2 42
49 1 17
86 2 57
64 1 56
73 1 20
3 2 75
15 1 12
26 1 17
20 2 40
30 1 28
10 2 37
10 1 81
10 1 28
10 2 23
55 2 28
45 1 7
53 1 51
72 2 53
40 1 36
32 1 25
34 2 32
22 2 24
25 1 24
33 1 34
22 2 10
46 1 7
73 1 40
17 1 94
35 1 10
57 1 25
30 1 35
37 1 52
40 1 27
7 2 22
28 2 35
30 1 29
37 1 53
73 1 7
15 1 10
26 1 15
23 1 34
35 1 33
25 1 10
10 2 94
45 2 73
51 1 50
28 2 10
75 2 83
10 2 80
29 2 28
14 1 7
37 1 57
30 1 22
53 2 57
40 1 63
15 1 94
79 1 27
37 1 64
53 1 37
86 1 40
54 2 40
40 1 42
25 1 35
12 1 7
7 1 33
42 1 31
45 1 54
25 1 22
17 1 12
7 2 20
17 1 7
17 1 26
20 1 18
94 1 25
18 2 16
75 1 46
40 1 52
27 2 53
34 1 30
72 1 31
83 2 73
25 1 28
7 7 10
7 1 22
10 1 33
37 1 79
10 2 81
63 1 15
56 2 62
51 1 56
15 1 26
85 1 31
54 1 16
51 2 40
10 2 7
10 2 28
62 1 40
63 2 86
86 2 53
7 1 28
40 1 86
63 1 17
45 1 12
80 1 25
85 1 56
16 1 15
10 2 33
96 1 20
30 1 7
84 1 25
73 1 37
34 1 25
80 2 81
51 1 26
73 1 14
40 1 57
10 1 23
27 1 17
83 1 10
85 2 37
49 1 25
53 2 52
10 2 20
10 5 7
10 2 22
86 1 51
53 1 85
37 1 42
26 1 25
17 1 10
48 1 75
30 1 10
7 1 81
49 1 15
22 2 7
81 1 25
7 2 26
15 2 17
80 1 30
1 2 2
28 2 55
28 2 7
51 1 49
73 2 45
42 1 38
48 1 3
10 1 7
15 1 49
14 1 10
45 1 40
25 1 55
7 2 28
27 2 52
30 1 24
27 1 15
52 2 57
14 2 10
24 1 33
23 1 32
35 1 23
37 1 82
20 1 16
12 1 10
56 1 30
7 2 81
56 2 50
15 1 127
14 2 7
79 2 82
24 1 7
7 4 10
30 1 55
25 1 7
38 1 37
22 2 29
53 1 40
49 2 56
53 2 63
31 2 38
83 1 37
31 1 25
81 1 30
35 2 28
86 1 37
36 6 73
73 1 10
56 2 84
? 1 github_cpp_program_data/12/403.cpp

72 1 40
35 1 7
7 2 80
26 2 31
48 1 101
6 2 3
40 1 53
31 2 84
10 7 7
22 2 55
49 1 17
4 2 5
31 1 30
63 2 52
3 2 75
26 1 30
84 1 30
3 1 1
20 2 37
75 2 101
15 1 14
86 1 40
3 1 2
33 1 32
52 1 25
57 2 53
15 1 7
7 1 80
40 1 39
85 1 84
32 1 30
10 2 54
52 1 30
85 1 56
27 2 63
45 1 7
17 1 14
30 1 28
7 2 54
10 1 80
17 2 15
7 5 10
101 1 40
72 2 86
10 1 22
37 1 86
10 2 26
90 1 20
7 1 10
24 1 23
86 1 85
12 2 10
81 2 80
57 2 52
57 1 30
45 1 10
82 1 63
37 1 42
10 4 7
56 2 84
40 1 72
48 1 73
51 2 37
39 1 30
10 2 11
73 1 12
85 1 49
22 2 28
85 2 40
26 2 56
31 2 50
7 2 33
80 1 25
28 2 24
50 1 25
50 1 30
12 2 7
49 2 31
7 2 23
27 2 45
7 4 10
73 1 20
85 1 26
15 1 12
26 1 17
33 1 34
10 1 81
10 2 49
10 2 23
55 2 28
10 1 23
53 1 51
12 1 10
14 1 11
40 1 36
32 1 25
34 2 32
63 2 57
82 1 90
25 1 24
63 1 17
22 2 10
46 1 7
24 1 10
7 2 49
35 1 10
86 2 52
57 1 25
30 1 35
53 1 85
10 1 7
37 1 53
73 1 7
15 1 10
26 1 15
23 1 34
39 6 45
35 1 33
25 1 10
45 2 73
51 1 50
28 2 10
10 2 80
29 2 28
14 1 7
37 1 57
53 2 57
40 1 63
101 2 27
27 2 57
53 1 37
51 1 31
40 1 27
28 2 22
25 1 35
101 1 10
38 2 41
12 1 7
7 1 33
54 2 40
45 1 54
57 2 86
25 1 22
17 1 12
36 1 30
17 1 7
17 1 49
7 2 20
75 1 46
40 1 52
27 2 53
42 1 41
48 1 6
34 1 30
17 1 26
25 1 28
48 1 45
7 7 10
52 2 27
10 1 33
40 1 82
25 1 7
10 2 81
26 1 25
51 1 56
15 1 26
85 1 31
6 1 4
10 2 28
23 1 32
90 1 37
7 2 22
6 1 5
63 2 27
36 6 45
30 1 55
40 1 86
10 2 22
41 1 40
16 1 17
25 1 29
10 2 33
7 1 81
30 1 7
84 1 25
80 2 81
51 1 26
40 1 57
27 1 17
49 1 25
15 1 23
31 2 40
10 5 7
57 2 72
86 1 51
52 2 39
63 1 15
17 1 10
48 1 75
30 1 10
45 1 14
49 1 15
22 2 7
7 2 28
7 2 26
15 2 17
80 1 30
56 2 38
1 2 2
28 2 55
28 2 7
51 1 49
73 2 45
42 1 38
48 1 3
49 1 30
15 1 49
14 1 10
45 1 40
25 1 55
30 1 29
27 1 15
52 2 57
14 2 10
56 1 25
7 2 81
20 1 16
28 2 29
82 1 27
37 1 52
37 1 63
56 2 50
63 2 90
53 2 36
14 2 7
86 1 37
90 1 7
73 1 37
30 1 22
38 1 37
22 2 29
53 1 40
49 2 56
85 2 37
72 1 31
3 2 6
81 1 25
55 2 22
42 1 56
81 1 30
10 2 40
48 1 27
24 1 7
? 1 github_cpp_program_data/12/41.cpp

7 2 80
53 1 37
51 1 31
40 1 53
12 1 7
57 1 30
54 2 40
10 7 7
73 1 10
25 1 22
48 1 73
17 1 12
49 1 17
17 1 26
12 2 10
31 1 30
18 1 17
26 1 30
84 1 30
25 1 10
40 1 52
27 2 53
3 1 1
85 1 56
15 1 14
86 1 40
25 1 28
48 1 45
10 1 22
7 1 22
54 1 18
45 2 73
25 1 7
7 1 80
85 1 84
37 1 27
15 1 26
10 2 26
52 1 30
54 1 16
73 1 54
38 1 37
17 1 14
42 1 56
7 2 22
80 2 81
10 1 80
7 5 10
7 1 28
40 1 86
52 1 25
45 1 12
37 1 86
45 1 20
25 1 29
7 1 10
16 1 15
86 1 85
45 1 14
30 1 7
56 2 84
10 2 20
49 1 15
45 1 10
73 1 14
40 1 57
27 1 17
10 4 7
53 1 85
3 1 2
10 5 7
10 2 22
85 1 49
86 1 51
16 2 18
26 1 25
17 1 10
31 2 50
30 1 10
80 1 25
7 1 81
50 1 25
12 2 7
22 2 7
7 2 28
7 2 26
49 2 31
80 1 30
56 2 38
52 2 42
17 1 7
10 2 54
7 7 10
28 2 7
51 1 49
15 1 12
42 1 38
45 1 37
30 1 28
48 1 3
10 1 81
10 2 28
10 1 28
1 2 2
53 1 51
7 4 10
14 2 10
56 1 25
3 2 45
22 2 10
12 1 10
37 1 52
10 1 7
73 1 40
51 2 40
40 1 42
18 2 16
37 1 53
30 1 55
30 1 22
15 1 10
53 1 40
49 2 56
85 2 37
73 2 45
20 2 37
81 1 25
51 1 50
28 2 10
10 2 80
81 1 30
14 1 7
86 1 37
37 1 57
? 1 github_cpp_program_data/12/417.cpp

72 1 40
35 1 7
7 2 80
26 2 31
48 1 101
6 2 3
40 1 53
31 2 84
10 7 7
22 2 55
49 1 17
4 2 5
31 1 30
63 2 52
3 2 75
26 1 30
84 1 30
3 1 1
20 2 37
75 2 101
15 1 14
86 1 40
3 1 2
33 1 32
52 1 25
57 2 53
15 1 7
7 1 80
40 1 39
85 1 84
32 1 30
10 2 54
52 1 30
85 1 56
27 2 63
45 1 7
17 1 14
30 1 28
7 2 54
10 1 80
17 2 15
7 5 10
101 1 40
72 2 86
10 1 22
37 1 86
10 2 26
90 1 20
7 1 10
24 1 23
86 1 85
12 2 10
81 2 80
57 2 52
57 1 30
45 1 10
82 1 63
37 1 42
10 4 7
56 2 84
40 1 72
48 1 73
51 2 37
39 1 30
10 2 11
73 1 12
85 1 49
22 2 28
85 2 40
26 2 56
31 2 50
7 2 33
80 1 25
28 2 24
50 1 25
50 1 30
12 2 7
49 2 31
7 2 23
27 2 45
7 4 10
73 1 20
85 1 26
15 1 12
26 1 17
33 1 34
10 1 81
10 2 49
10 2 23
55 2 28
10 1 23
53 1 51
12 1 10
14 1 11
40 1 36
32 1 25
34 2 32
63 2 57
82 1 90
25 1 24
63 1 17
22 2 10
46 1 7
24 1 10
7 2 49
35 1 10
86 2 52
57 1 25
30 1 35
53 1 85
10 1 7
37 1 53
73 1 7
15 1 10
26 1 15
23 1 34
39 6 45
35 1 33
25 1 10
45 2 73
51 1 50
28 2 10
10 2 80
29 2 28
14 1 7
37 1 57
53 2 57
40 1 63
101 2 27
27 2 57
53 1 37
51 1 31
40 1 27
28 2 22
25 1 35
101 1 10
38 2 41
12 1 7
7 1 33
54 2 40
45 1 54
57 2 86
25 1 22
17 1 12
36 1 30
17 1 7
17 1 49
7 2 20
75 1 46
40 1 52
27 2 53
42 1 41
48 1 6
34 1 30
17 1 26
25 1 28
48 1 45
7 7 10
52 2 27
10 1 33
40 1 82
25 1 7
10 2 81
26 1 25
51 1 56
15 1 26
85 1 31
6 1 4
10 2 28
23 1 32
90 1 37
7 2 22
6 1 5
63 2 27
36 6 45
30 1 55
40 1 86
10 2 22
41 1 40
16 1 17
25 1 29
10 2 33
7 1 81
30 1 7
84 1 25
80 2 81
51 1 26
40 1 57
27 1 17
49 1 25
15 1 23
31 2 40
10 5 7
57 2 72
86 1 51
52 2 39
63 1 15
17 1 10
48 1 75
30 1 10
45 1 14
49 1 15
22 2 7
7 2 28
7 2 26
15 2 17
80 1 30
56 2 38
1 2 2
28 2 55
28 2 7
51 1 49
73 2 45
42 1 38
48 1 3
49 1 30
15 1 49
14 1 10
45 1 40
25 1 55
30 1 29
27 1 15
52 2 57
14 2 10
56 1 25
7 2 81
20 1 16
28 2 29
82 1 27
37 1 52
37 1 63
56 2 50
63 2 90
53 2 36
14 2 7
86 1 37
90 1 7
73 1 37
30 1 22
38 1 37
22 2 29
53 1 40
49 2 56
85 2 37
72 1 31
3 2 6
81 1 25
55 2 22
42 1 56
81 1 30
10 2 40
48 1 27
24 1 7
? 1 github_cpp_program_data/12/418.cpp

42 1 41
37 1 64
53 1 37
51 1 31
10 5 7
15 2 17
40 1 53
38 2 41
12 1 7
57 1 30
42 1 31
10 7 7
22 2 55
25 1 22
17 1 12
36 1 30
17 1 7
15 1 14
31 1 30
7 2 80
3 2 75
26 1 30
7 2 20
84 1 30
26 2 31
75 1 46
40 1 52
3 1 1
17 1 26
86 1 40
25 1 28
45 1 40
48 1 45
10 2 22
10 2 26
7 7 10
25 1 7
56 2 62
49 1 25
85 1 84
26 2 56
51 1 56
28 2 7
85 1 31
52 1 30
25 1 29
52 2 86
27 2 63
85 2 37
62 1 40
10 1 80
36 6 45
86 2 53
40 1 86
52 1 25
41 1 40
45 1 20
85 1 56
7 1 10
17 2 15
86 1 85
12 2 10
30 1 7
84 1 25
7 5 10
57 2 52
80 2 81
45 1 12
40 1 57
27 1 17
10 4 7
56 2 84
53 1 85
7 1 80
3 1 2
51 2 37
53 2 57
64 1 62
86 1 51
15 1 10
26 1 25
17 1 10
31 2 50
48 1 75
30 1 10
80 1 25
7 1 81
50 1 25
50 1 30
12 2 7
7 2 28
49 2 31
80 1 30
1 2 2
28 2 55
7 4 10
64 1 56
51 1 49
42 1 38
20 2 40
30 1 28
48 1 3
28 2 10
49 1 30
10 1 81
10 2 28
14 1 10
37 1 42
25 1 55
45 1 7
53 1 51
27 1 15
40 1 36
14 2 10
86 2 36
56 1 25
63 1 17
22 2 10
28 2 29
22 2 7
63 2 52
46 1 7
12 1 10
56 1 30
10 1 7
56 2 50
57 1 25
37 1 52
51 2 40
40 1 27
7 2 22
30 1 29
37 1 53
30 1 55
30 1 22
53 2 86
38 1 37
22 2 29
85 1 26
53 1 40
49 2 56
31 2 38
75 2 45
25 1 10
81 1 25
51 1 50
85 2 40
31 1 25
10 2 80
81 1 30
31 2 84
86 1 37
40 1 63
37 1 57
? 1 github_cpp_program_data/12/43.cpp

35 1 7
7 2 33
26 2 31
7 2 11
40 1 108
48 1 3
27 2 86
40 1 53
32 2 34
10 7 7
22 2 55
48 1 73
18 1 15
49 1 17
10 1 81
10 4 7
31 1 30
7 2 80
18 1 17
26 1 30
84 1 30
15 1 33
52 2 63
14 1 19
37 1 36
3 1 1
22 2 35
20 2 37
7 2 13
15 1 14
108 1 31
86 1 40
78 2 3
33 1 32
10 2 49
10 1 22
10 1 7
54 1 18
10 2 23
41 1 40
15 1 7
7 1 80
85 1 84
32 1 30
29 2 28
14 1 65
36 1 25
72 1 37
52 1 30
64 1 41
73 1 54
25 1 29
27 2 63
17 1 14
78 1 4
10 2 54
48 1 124
12 1 11
10 1 80
62 2 41
7 5 10
52 1 25
31 2 62
37 1 86
10 2 26
90 1 20
7 1 10
24 1 23
51 2 37
86 1 85
12 2 10
57 2 86
10 2 20
45 1 10
48 1 90
76 1 10
10 1 28
68 1 42
14 2 10
56 2 84
53 1 85
124 2 78
29 2 22
35 2 28
51 1 50
64 1 31
39 1 30
10 2 11
64 1 62
73 1 12
85 1 49
16 2 18
85 2 40
26 2 56
48 1 9
40 1 113
16 1 17
28 2 24
50 1 25
50 1 30
12 2 7
38 1 40
34 2 32
49 2 31
7 2 23
7 2 22
51 1 26
52 2 42
17 1 7
112 1 10
45 1 14
52 2 27
90 2 112
42 2 36
27 2 64
85 1 26
15 1 12
65 2 10
26 1 17
20 2 40
30 1 28
57 2 52
112 1 54
10 2 13
63 2 72
22 2 28
7 1 23
90 1 40
55 2 28
48 1 78
53 1 51
14 1 11
40 1 36
32 1 25
63 2 52
22 2 24
25 1 24
63 1 17
22 2 10
28 2 29
24 1 10
33 1 34
35 1 10
1 2 7
57 1 25
30 1 35
37 1 52
40 1 42
9 1 4
28 2 35
30 1 29
37 1 53
7 2 49
64 1 38
15 1 10
26 1 15
23 1 34
35 1 33
17 1 33
64 1 43
3 1 2
73 2 9
28 2 10
54 2 37
43 1 40
14 1 7
64 1 68
40 1 63
40 1 64
112 1 40
38 2 43
57 2 27
37 1 64
53 1 37
51 1 31
54 2 40
40 1 27
28 2 22
27 2 36
25 1 35
53 2 52
12 1 7
57 1 30
42 1 31
24 2 28
73 1 10
25 1 22
17 1 12
36 1 30
12 1 65
17 1 49
20 1 18
45 2 73
7 2 20
25 1 10
40 1 52
27 2 53
3 2 90
34 1 30
17 1 26
65 2 7
25 1 28
48 1 45
37 1 27
7 1 22
10 1 33
62 1 37
25 1 7
10 2 81
26 1 25
56 2 62
42 2 57
64 2 52
48 1 112
51 1 56
15 1 26
31 2 50
54 1 16
51 2 40
10 2 28
23 1 32
42 1 56
62 1 40
63 2 27
63 2 86
86 2 53
7 1 28
40 1 86
10 2 22
45 1 12
45 1 20
85 1 56
31 2 37
16 1 15
10 2 33
72 1 56
30 1 7
84 1 25
73 1 37
34 1 25
38 2 68
86 2 42
78 1 76
73 1 14
17 2 15
40 1 57
27 1 17
53 2 27
22 2 7
49 1 25
63 2 53
15 1 23
10 5 7
27 2 57
31 2 38
86 1 51
52 2 39
63 2 108
63 1 15
17 1 10
36 6 45
30 1 10
7 1 81
49 1 15
81 2 80
37 1 39
7 2 28
7 2 26
15 2 17
80 1 30
56 2 38
1 2 2
28 2 55
4 2 76
124 1 7
57 2 53
28 2 7
51 1 49
73 2 45
42 1 38
45 1 37
12 1 13
124 1 1
39 6 73
49 1 30
15 1 49
14 1 10
45 1 40
80 1 25
108 2 52
25 1 55
10 2 80
72 2 52
27 2 52
30 1 24
27 1 15
81 1 30
52 2 57
64 1 56
24 1 33
42 1 62
56 1 25
35 1 23
7 2 81
20 1 16
19 2 7
12 1 10
56 1 30
37 1 63
56 2 50
37 1 72
24 2 22
14 2 7
90 1 7
86 2 57
112 2 45
7 4 10
30 1 55
30 1 22
38 1 37
22 2 29
53 1 40
49 2 56
85 2 37
108 1 37
81 1 25
7 7 10
31 1 25
24 1 7
18 2 16
52 2 64
86 1 37
57 2 63
56 2 37
37 1 57
12 1 19
? 1 github_cpp_program_data/12/467.cpp

35 1 7
7 2 80
26 2 31
6 2 3
22 2 103
40 1 53
31 2 84
54 2 37
32 2 34
41 1 37
22 2 55
49 1 17
4 2 5
31 1 30
28 2 104
25 1 103
18 1 17
26 1 30
84 1 30
104 1 23
37 1 36
3 1 1
22 2 35
20 2 37
15 1 14
86 1 40
45 1 40
52 1 25
54 1 18
15 1 7
7 1 80
85 1 84
32 1 30
10 2 20
52 1 30
15 1 33
85 1 56
38 2 41
52 2 86
27 2 63
17 1 14
15 2 17
48 1 83
7 2 54
10 1 80
17 2 15
7 5 10
10 1 22
37 1 86
10 2 26
90 1 20
7 1 10
24 1 23
86 1 85
82 1 45
81 2 80
57 2 52
7 2 33
82 1 63
22 2 28
30 1 104
10 4 7
56 2 84
53 1 85
29 2 22
48 1 73
64 1 31
10 7 7
64 1 62
73 1 12
85 1 49
16 2 18
85 2 40
26 2 56
31 2 50
80 1 25
28 2 24
50 1 25
50 1 30
12 2 7
38 1 40
49 2 31
86 2 53
73 1 20
3 2 75
85 1 26
15 1 12
26 1 17
20 2 40
30 1 28
10 2 37
10 1 81
10 2 49
10 2 23
31 2 62
55 2 28
45 1 7
53 1 51
12 1 10
14 1 11
32 1 25
34 2 32
82 1 90
25 1 24
63 1 17
22 2 10
80 2 81
46 1 7
24 1 10
33 1 34
35 1 10
57 1 25
7 2 20
37 1 52
40 1 42
12 2 10
30 1 29
37 1 53
73 1 7
15 1 10
26 1 15
23 1 34
35 1 33
75 1 46
45 2 73
51 1 50
28 2 10
75 2 83
10 2 80
51 2 37
23 1 32
37 1 57
30 1 22
53 2 57
31 2 38
40 1 64
7 2 11
53 1 37
51 1 31
14 1 13
28 2 22
10 5 7
25 1 35
53 2 52
12 1 7
57 1 30
42 1 31
45 1 54
57 2 86
25 1 22
17 1 12
36 1 30
17 1 7
17 1 49
52 2 53
20 1 18
36 6 73
11 2 13
25 1 10
40 1 52
27 2 53
42 1 41
48 1 6
34 1 30
17 1 26
83 2 73
25 1 28
48 1 45
37 1 27
7 1 22
10 2 28
62 1 37
37 1 79
10 2 81
26 1 25
14 1 7
51 1 56
15 1 26
85 1 31
6 1 4
54 1 16
51 2 40
90 1 37
7 2 22
6 1 5
63 2 27
63 2 86
30 1 55
40 1 86
10 2 22
45 1 12
7 7 10
25 1 29
16 1 15
10 2 33
7 1 81
30 1 7
84 1 25
34 1 25
79 2 82
51 1 26
73 1 14
40 1 57
27 1 17
83 1 10
53 2 27
49 1 25
3 1 2
103 1 23
7 2 49
86 1 51
63 1 15
17 1 10
48 1 75
30 1 10
45 1 14
49 1 15
22 2 7
81 1 25
90 2 45
7 2 26
80 1 30
1 2 2
28 2 55
28 2 7
51 1 49
73 2 45
42 1 38
45 1 37
48 1 3
49 1 30
15 1 49
14 1 10
33 1 32
86 2 57
25 1 55
54 2 40
7 2 28
27 2 52
30 1 24
27 1 15
52 2 57
14 2 10
24 1 33
56 1 25
35 1 23
7 2 81
37 1 82
20 1 16
28 2 29
82 1 27
56 1 30
37 1 63
56 2 50
63 2 90
73 1 40
14 2 7
90 1 7
57 2 36
7 4 10
73 1 37
25 1 7
10 1 7
22 2 29
53 1 40
49 2 56
85 2 37
3 2 6
83 1 37
55 2 22
31 1 25
81 1 30
18 2 16
86 1 37
57 2 63
73 1 10
? 1 github_cpp_program_data/12/484.cpp

35 1 7
26 2 31
6 2 3
40 1 53
25 1 40
32 2 34
10 7 7
35 2 22
49 1 17
4 2 5
18 1 17
40 1 30
28 2 35
15 1 49
3 1 1
22 2 35
20 2 37
15 1 14
86 1 40
33 1 32
10 1 22
54 1 18
7 1 23
15 1 7
49 1 25
85 1 84
32 1 30
10 2 54
48 1 78
30 2 25
73 1 54
85 1 56
25 2 30
17 1 14
78 1 4
7 5 10
52 1 25
37 1 86
10 2 26
33 1 34
7 1 10
24 1 23
86 1 85
12 2 10
10 2 20
57 1 30
45 1 10
10 1 28
10 4 7
37 1 30
53 1 85
78 1 77
48 1 73
51 2 37
85 1 49
85 2 40
26 2 56
31 2 50
7 2 33
28 2 24
12 2 7
35 1 10
7 2 40
7 2 23
78 1 76
7 4 10
85 1 26
15 1 12
26 1 17
30 1 28
10 2 49
10 2 23
45 1 7
53 1 51
40 1 36
22 2 55
32 1 25
63 2 57
22 2 24
25 1 24
6 1 4
22 2 10
24 1 10
7 2 49
10 1 7
86 2 52
57 1 25
30 1 35
37 1 52
40 1 27
30 1 29
37 1 53
15 1 10
23 1 34
51 1 84
39 6 45
57 2 39
35 1 33
45 2 73
51 1 50
28 2 10
14 1 7
53 1 37
51 1 31
25 1 35
12 1 7
7 1 33
24 2 28
25 1 22
17 1 12
36 1 30
17 1 26
7 2 20
25 1 10
40 1 52
48 1 6
34 1 30
17 1 49
25 1 28
48 1 45
7 7 10
7 1 22
10 1 33
30 1 22
26 1 25
51 1 56
15 1 26
19 2 10
10 2 7
10 2 28
30 1 37
53 2 36
7 2 22
6 1 5
36 6 45
7 1 28
40 1 86
10 2 22
45 1 12
20 2 12
45 1 20
25 1 29
16 1 15
10 2 33
30 1 7
84 1 25
73 1 37
34 1 25
51 1 26
73 1 14
50 1 30
10 1 23
27 1 17
37 1 25
22 2 7
26 1 15
3 1 2
10 5 7
86 1 51
63 1 15
17 1 10
12 2 40
30 1 10
49 1 15
37 1 39
27 2 53
39 1 25
76 1 7
1 2 2
28 2 55
4 2 76
28 2 7
51 1 49
73 2 45
45 1 37
48 1 3
49 1 30
76 2 77
52 1 30
14 1 10
45 1 40
25 1 55
30 1 24
14 2 10
40 1 25
23 1 32
20 1 16
12 1 10
56 1 30
37 1 63
14 2 7
14 2 37
3 2 78
24 1 7
30 1 55
54 2 14
25 1 7
22 2 29
53 1 40
49 2 56
3 2 6
7 2 28
78 2 45
31 1 25
37 1 57
35 2 28
86 1 37
12 1 19
73 1 10
56 2 84
? 1 github_cpp_program_data/12/491.cpp

72 1 40
35 1 7
26 2 31
40 1 108
27 2 108
6 2 3
108 2 53
40 1 53
31 2 84
32 2 34
10 7 7
49 1 30
49 1 17
4 2 5
31 1 30
63 2 52
26 1 30
28 2 35
15 1 49
3 1 1
22 2 35
15 1 14
6 2 75
86 1 40
10 1 23
52 1 25
10 1 7
7 1 23
15 1 7
49 1 25
85 1 84
32 1 30
10 2 54
10 2 28
73 1 54
85 1 56
27 2 63
17 1 14
49 2 56
7 5 10
10 1 22
37 1 86
33 1 34
7 1 10
24 1 23
86 1 85
12 2 10
57 2 86
57 2 52
57 1 30
31 2 40
10 1 28
10 4 7
56 2 84
40 1 72
48 1 73
64 1 31
35 2 22
64 1 62
73 1 12
85 1 49
85 2 40
26 2 56
31 2 50
28 2 24
50 1 25
12 2 7
35 1 10
38 1 40
49 2 31
7 2 23
52 2 42
86 2 57
64 1 56
85 1 26
15 1 12
26 1 17
20 2 40
30 1 28
22 2 28
108 1 40
10 2 49
10 2 23
56 2 40
31 2 62
45 1 7
53 1 51
14 1 11
32 1 25
34 2 32
22 2 24
25 1 24
63 1 17
22 2 10
46 1 7
73 1 40
7 2 49
24 1 10
86 2 52
57 1 25
30 1 35
37 1 52
40 1 42
7 2 22
30 1 29
17 1 26
15 1 10
23 1 34
35 1 33
25 1 10
17 1 33
45 2 73
51 1 50
28 2 10
51 2 37
14 1 7
53 2 57
40 1 63
45 1 40
37 1 64
53 1 37
51 1 31
40 1 27
28 2 22
25 1 35
53 2 52
12 1 7
7 1 33
54 2 40
24 2 28
25 1 22
17 1 12
17 1 7
72 1 31
52 2 53
7 2 20
75 1 46
40 1 52
48 1 6
34 1 30
17 1 49
25 1 28
48 1 45
7 7 10
7 1 22
10 1 33
62 1 37
30 1 22
7 2 33
56 2 62
15 1 26
85 1 31
17 1 23
51 2 40
23 1 32
42 1 56
62 1 40
6 1 5
63 2 27
7 1 28
40 1 86
10 2 22
45 1 12
45 1 20
25 1 29
16 1 15
10 2 33
30 1 7
84 1 25
34 1 25
51 1 26
40 1 57
27 1 17
53 2 27
26 1 15
3 1 2
10 5 7
50 1 30
86 1 51
53 1 85
37 1 42
26 1 25
17 1 10
48 1 75
30 1 10
49 1 15
22 2 7
27 2 53
7 2 26
108 1 56
1 2 2
56 2 38
28 2 7
51 1 49
42 1 38
48 1 3
6 1 4
52 1 30
14 1 10
33 1 32
25 1 55
72 2 64
7 4 10
30 1 24
27 1 15
10 2 11
14 2 10
24 1 33
56 1 25
35 1 23
20 1 16
28 2 29
12 1 10
56 1 30
28 2 55
24 2 22
14 2 7
24 1 7
30 1 55
25 1 7
38 1 37
22 2 29
53 1 40
22 2 55
85 2 37
75 2 45
3 2 6
7 2 28
40 1 64
31 1 25
27 2 72
37 1 57
35 2 28
86 1 37
57 2 63
73 1 10
? 1 github_cpp_program_data/12/492.cpp

35 1 7
7 2 33
26 2 31
7 2 11
40 1 108
48 1 3
27 2 86
40 1 53
32 2 34
10 7 7
22 2 55
48 1 73
18 1 15
49 1 17
10 1 81
10 4 7
31 1 30
7 2 80
18 1 17
26 1 30
84 1 30
15 1 33
52 2 63
14 1 19
37 1 36
3 1 1
22 2 35
20 2 37
7 2 13
15 1 14
108 1 31
86 1 40
78 2 3
33 1 32
10 2 49
10 1 22
10 1 7
54 1 18
10 2 23
41 1 40
15 1 7
7 1 80
85 1 84
32 1 30
29 2 28
14 1 65
36 1 25
72 1 37
52 1 30
64 1 41
73 1 54
25 1 29
27 2 63
17 1 14
78 1 4
10 2 54
48 1 124
12 1 11
10 1 80
62 2 41
7 5 10
52 1 25
31 2 62
37 1 86
10 2 26
90 1 20
7 1 10
24 1 23
51 2 37
86 1 85
12 2 10
57 2 86
10 2 20
45 1 10
48 1 90
76 1 10
10 1 28
68 1 42
14 2 10
56 2 84
53 1 85
124 2 78
29 2 22
35 2 28
51 1 50
64 1 31
39 1 30
10 2 11
64 1 62
73 1 12
85 1 49
16 2 18
85 2 40
26 2 56
48 1 9
40 1 113
16 1 17
28 2 24
50 1 25
50 1 30
12 2 7
38 1 40
34 2 32
49 2 31
7 2 23
7 2 22
51 1 26
52 2 42
17 1 7
112 1 10
45 1 14
52 2 27
90 2 112
42 2 36
27 2 64
85 1 26
15 1 12
65 2 10
26 1 17
20 2 40
30 1 28
57 2 52
112 1 54
10 2 13
63 2 72
22 2 28
7 1 23
90 1 40
55 2 28
48 1 78
53 1 51
14 1 11
40 1 36
32 1 25
63 2 52
22 2 24
25 1 24
63 1 17
22 2 10
28 2 29
24 1 10
33 1 34
35 1 10
1 2 7
57 1 25
30 1 35
37 1 52
40 1 42
9 1 4
28 2 35
30 1 29
37 1 53
7 2 49
64 1 38
15 1 10
26 1 15
23 1 34
35 1 33
17 1 33
64 1 43
3 1 2
73 2 9
28 2 10
54 2 37
43 1 40
14 1 7
64 1 68
40 1 63
40 1 64
112 1 40
38 2 43
57 2 27
37 1 64
53 1 37
51 1 31
54 2 40
40 1 27
28 2 22
27 2 36
25 1 35
53 2 52
12 1 7
57 1 30
42 1 31
24 2 28
73 1 10
25 1 22
17 1 12
36 1 30
12 1 65
17 1 49
20 1 18
45 2 73
7 2 20
25 1 10
40 1 52
27 2 53
3 2 90
34 1 30
17 1 26
65 2 7
25 1 28
48 1 45
37 1 27
7 1 22
10 1 33
62 1 37
25 1 7
10 2 81
26 1 25
56 2 62
42 2 57
64 2 52
48 1 112
51 1 56
15 1 26
31 2 50
54 1 16
51 2 40
10 2 28
23 1 32
42 1 56
62 1 40
63 2 27
63 2 86
86 2 53
7 1 28
40 1 86
10 2 22
45 1 12
45 1 20
85 1 56
31 2 37
16 1 15
10 2 33
72 1 56
30 1 7
84 1 25
73 1 37
34 1 25
38 2 68
86 2 42
78 1 76
73 1 14
17 2 15
40 1 57
27 1 17
53 2 27
22 2 7
49 1 25
63 2 53
15 1 23
10 5 7
27 2 57
31 2 38
86 1 51
52 2 39
63 2 108
63 1 15
17 1 10
36 6 45
30 1 10
7 1 81
49 1 15
81 2 80
37 1 39
7 2 28
7 2 26
15 2 17
80 1 30
56 2 38
1 2 2
28 2 55
4 2 76
124 1 7
57 2 53
28 2 7
51 1 49
73 2 45
42 1 38
45 1 37
12 1 13
124 1 1
39 6 73
49 1 30
15 1 49
14 1 10
45 1 40
80 1 25
108 2 52
25 1 55
10 2 80
72 2 52
27 2 52
30 1 24
27 1 15
81 1 30
52 2 57
64 1 56
24 1 33
42 1 62
56 1 25
35 1 23
7 2 81
20 1 16
19 2 7
12 1 10
56 1 30
37 1 63
56 2 50
37 1 72
24 2 22
14 2 7
90 1 7
86 2 57
112 2 45
7 4 10
30 1 55
30 1 22
38 1 37
22 2 29
53 1 40
49 2 56
85 2 37
108 1 37
81 1 25
7 7 10
31 1 25
24 1 7
18 2 16
52 2 64
86 1 37
57 2 63
56 2 37
37 1 57
12 1 19
? 1 github_cpp_program_data/12/496.cpp

72 1 40
35 1 7
26 2 31
40 1 108
27 2 108
6 2 3
108 2 53
40 1 53
31 2 84
32 2 34
10 7 7
49 1 30
49 1 17
4 2 5
31 1 30
63 2 52
26 1 30
28 2 35
15 1 49
3 1 1
22 2 35
15 1 14
6 2 75
86 1 40
10 1 23
52 1 25
10 1 7
7 1 23
15 1 7
49 1 25
85 1 84
32 1 30
10 2 54
10 2 28
73 1 54
85 1 56
27 2 63
17 1 14
49 2 56
7 5 10
10 1 22
37 1 86
33 1 34
7 1 10
24 1 23
86 1 85
12 2 10
57 2 86
57 2 52
57 1 30
31 2 40
10 1 28
10 4 7
56 2 84
40 1 72
48 1 73
64 1 31
35 2 22
64 1 62
73 1 12
85 1 49
85 2 40
26 2 56
31 2 50
28 2 24
50 1 25
12 2 7
35 1 10
38 1 40
49 2 31
7 2 23
52 2 42
86 2 57
64 1 56
85 1 26
15 1 12
26 1 17
20 2 40
30 1 28
22 2 28
108 1 40
10 2 49
10 2 23
56 2 40
31 2 62
45 1 7
53 1 51
14 1 11
32 1 25
34 2 32
22 2 24
25 1 24
63 1 17
22 2 10
46 1 7
73 1 40
7 2 49
24 1 10
86 2 52
57 1 25
30 1 35
37 1 52
40 1 42
7 2 22
30 1 29
17 1 26
15 1 10
23 1 34
35 1 33
25 1 10
17 1 33
45 2 73
51 1 50
28 2 10
51 2 37
14 1 7
53 2 57
40 1 63
45 1 40
37 1 64
53 1 37
51 1 31
40 1 27
28 2 22
25 1 35
53 2 52
12 1 7
7 1 33
54 2 40
24 2 28
25 1 22
17 1 12
17 1 7
72 1 31
52 2 53
7 2 20
75 1 46
40 1 52
48 1 6
34 1 30
17 1 49
25 1 28
48 1 45
7 7 10
7 1 22
10 1 33
62 1 37
30 1 22
7 2 33
56 2 62
15 1 26
85 1 31
17 1 23
51 2 40
23 1 32
42 1 56
62 1 40
6 1 5
63 2 27
7 1 28
40 1 86
10 2 22
45 1 12
45 1 20
25 1 29
16 1 15
10 2 33
30 1 7
84 1 25
34 1 25
51 1 26
40 1 57
27 1 17
53 2 27
26 1 15
3 1 2
10 5 7
50 1 30
86 1 51
53 1 85
37 1 42
26 1 25
17 1 10
48 1 75
30 1 10
49 1 15
22 2 7
27 2 53
7 2 26
108 1 56
1 2 2
56 2 38
28 2 7
51 1 49
42 1 38
48 1 3
6 1 4
52 1 30
14 1 10
33 1 32
25 1 55
72 2 64
7 4 10
30 1 24
27 1 15
10 2 11
14 2 10
24 1 33
56 1 25
35 1 23
20 1 16
28 2 29
12 1 10
56 1 30
28 2 55
24 2 22
14 2 7
24 1 7
30 1 55
25 1 7
38 1 37
22 2 29
53 1 40
22 2 55
85 2 37
75 2 45
3 2 6
7 2 28
40 1 64
31 1 25
27 2 72
37 1 57
35 2 28
86 1 37
57 2 63
73 1 10
? 1 github_cpp_program_data/12/521.cpp

35 1 7
7 2 33
26 2 31
7 2 11
40 1 108
48 1 3
27 2 86
40 1 53
32 2 34
10 7 7
22 2 55
48 1 73
18 1 15
49 1 17
10 1 81
10 4 7
31 1 30
7 2 80
18 1 17
26 1 30
84 1 30
15 1 33
52 2 63
14 1 19
37 1 36
3 1 1
22 2 35
20 2 37
7 2 13
15 1 14
108 1 31
86 1 40
78 2 3
33 1 32
10 2 49
10 1 22
10 1 7
54 1 18
10 2 23
41 1 40
15 1 7
7 1 80
85 1 84
32 1 30
29 2 28
14 1 65
36 1 25
72 1 37
52 1 30
64 1 41
73 1 54
25 1 29
27 2 63
17 1 14
78 1 4
10 2 54
48 1 124
12 1 11
10 1 80
62 2 41
7 5 10
52 1 25
31 2 62
37 1 86
10 2 26
90 1 20
7 1 10
24 1 23
51 2 37
86 1 85
12 2 10
57 2 86
10 2 20
45 1 10
48 1 90
76 1 10
10 1 28
68 1 42
14 2 10
56 2 84
53 1 85
124 2 78
29 2 22
35 2 28
51 1 50
64 1 31
39 1 30
10 2 11
64 1 62
73 1 12
85 1 49
16 2 18
85 2 40
26 2 56
48 1 9
40 1 113
16 1 17
28 2 24
50 1 25
50 1 30
12 2 7
38 1 40
34 2 32
49 2 31
7 2 23
7 2 22
51 1 26
52 2 42
17 1 7
112 1 10
45 1 14
52 2 27
90 2 112
42 2 36
27 2 64
85 1 26
15 1 12
65 2 10
26 1 17
20 2 40
30 1 28
57 2 52
112 1 54
10 2 13
63 2 72
22 2 28
7 1 23
90 1 40
55 2 28
48 1 78
53 1 51
14 1 11
40 1 36
32 1 25
63 2 52
22 2 24
25 1 24
63 1 17
22 2 10
28 2 29
24 1 10
33 1 34
35 1 10
1 2 7
57 1 25
30 1 35
37 1 52
40 1 42
9 1 4
28 2 35
30 1 29
37 1 53
7 2 49
64 1 38
15 1 10
26 1 15
23 1 34
35 1 33
17 1 33
64 1 43
3 1 2
73 2 9
28 2 10
54 2 37
43 1 40
14 1 7
64 1 68
40 1 63
40 1 64
112 1 40
38 2 43
57 2 27
37 1 64
53 1 37
51 1 31
54 2 40
40 1 27
28 2 22
27 2 36
25 1 35
53 2 52
12 1 7
57 1 30
42 1 31
24 2 28
73 1 10
25 1 22
17 1 12
36 1 30
12 1 65
17 1 49
20 1 18
45 2 73
7 2 20
25 1 10
40 1 52
27 2 53
3 2 90
34 1 30
17 1 26
65 2 7
25 1 28
48 1 45
37 1 27
7 1 22
10 1 33
62 1 37
25 1 7
10 2 81
26 1 25
56 2 62
42 2 57
64 2 52
48 1 112
51 1 56
15 1 26
31 2 50
54 1 16
51 2 40
10 2 28
23 1 32
42 1 56
62 1 40
63 2 27
63 2 86
86 2 53
7 1 28
40 1 86
10 2 22
45 1 12
45 1 20
85 1 56
31 2 37
16 1 15
10 2 33
72 1 56
30 1 7
84 1 25
73 1 37
34 1 25
38 2 68
86 2 42
78 1 76
73 1 14
17 2 15
40 1 57
27 1 17
53 2 27
22 2 7
49 1 25
63 2 53
15 1 23
10 5 7
27 2 57
31 2 38
86 1 51
52 2 39
63 2 108
63 1 15
17 1 10
36 6 45
30 1 10
7 1 81
49 1 15
81 2 80
37 1 39
7 2 28
7 2 26
15 2 17
80 1 30
56 2 38
1 2 2
28 2 55
4 2 76
124 1 7
57 2 53
28 2 7
51 1 49
73 2 45
42 1 38
45 1 37
12 1 13
124 1 1
39 6 73
49 1 30
15 1 49
14 1 10
45 1 40
80 1 25
108 2 52
25 1 55
10 2 80
72 2 52
27 2 52
30 1 24
27 1 15
81 1 30
52 2 57
64 1 56
24 1 33
42 1 62
56 1 25
35 1 23
7 2 81
20 1 16
19 2 7
12 1 10
56 1 30
37 1 63
56 2 50
37 1 72
24 2 22
14 2 7
90 1 7
86 2 57
112 2 45
7 4 10
30 1 55
30 1 22
38 1 37
22 2 29
53 1 40
49 2 56
85 2 37
108 1 37
81 1 25
7 7 10
31 1 25
24 1 7
18 2 16
52 2 64
86 1 37
57 2 63
56 2 37
37 1 57
12 1 19
? 1 github_cpp_program_data/12/525.cpp

72 1 40
35 1 7
7 2 80
26 2 31
48 1 101
6 2 3
40 1 53
31 2 84
10 7 7
22 2 55
49 1 17
4 2 5
31 1 30
63 2 52
3 2 75
26 1 30
84 1 30
3 1 1
20 2 37
75 2 101
15 1 14
86 1 40
3 1 2
33 1 32
52 1 25
57 2 53
15 1 7
7 1 80
40 1 39
85 1 84
32 1 30
10 2 54
52 1 30
85 1 56
27 2 63
45 1 7
17 1 14
30 1 28
7 2 54
10 1 80
17 2 15
7 5 10
101 1 40
72 2 86
10 1 22
37 1 86
10 2 26
90 1 20
7 1 10
24 1 23
86 1 85
12 2 10
81 2 80
57 2 52
57 1 30
45 1 10
82 1 63
37 1 42
10 4 7
56 2 84
40 1 72
48 1 73
51 2 37
39 1 30
10 2 11
73 1 12
85 1 49
22 2 28
85 2 40
26 2 56
31 2 50
7 2 33
80 1 25
28 2 24
50 1 25
50 1 30
12 2 7
49 2 31
7 2 23
27 2 45
7 4 10
73 1 20
85 1 26
15 1 12
26 1 17
33 1 34
10 1 81
10 2 49
10 2 23
55 2 28
10 1 23
53 1 51
12 1 10
14 1 11
40 1 36
32 1 25
34 2 32
63 2 57
82 1 90
25 1 24
63 1 17
22 2 10
46 1 7
24 1 10
7 2 49
35 1 10
86 2 52
57 1 25
30 1 35
53 1 85
10 1 7
37 1 53
73 1 7
15 1 10
26 1 15
23 1 34
39 6 45
35 1 33
25 1 10
45 2 73
51 1 50
28 2 10
10 2 80
29 2 28
14 1 7
37 1 57
53 2 57
40 1 63
101 2 27
27 2 57
53 1 37
51 1 31
40 1 27
28 2 22
25 1 35
101 1 10
38 2 41
12 1 7
7 1 33
54 2 40
45 1 54
57 2 86
25 1 22
17 1 12
36 1 30
17 1 7
17 1 49
7 2 20
75 1 46
40 1 52
27 2 53
42 1 41
48 1 6
34 1 30
17 1 26
25 1 28
48 1 45
7 7 10
52 2 27
10 1 33
40 1 82
25 1 7
10 2 81
26 1 25
51 1 56
15 1 26
85 1 31
6 1 4
10 2 28
23 1 32
90 1 37
7 2 22
6 1 5
63 2 27
36 6 45
30 1 55
40 1 86
10 2 22
41 1 40
16 1 17
25 1 29
10 2 33
7 1 81
30 1 7
84 1 25
80 2 81
51 1 26
40 1 57
27 1 17
49 1 25
15 1 23
31 2 40
10 5 7
57 2 72
86 1 51
52 2 39
63 1 15
17 1 10
48 1 75
30 1 10
45 1 14
49 1 15
22 2 7
7 2 28
7 2 26
15 2 17
80 1 30
56 2 38
1 2 2
28 2 55
28 2 7
51 1 49
73 2 45
42 1 38
48 1 3
49 1 30
15 1 49
14 1 10
45 1 40
25 1 55
30 1 29
27 1 15
52 2 57
14 2 10
56 1 25
7 2 81
20 1 16
28 2 29
82 1 27
37 1 52
37 1 63
56 2 50
63 2 90
53 2 36
14 2 7
86 1 37
90 1 7
73 1 37
30 1 22
38 1 37
22 2 29
53 1 40
49 2 56
85 2 37
72 1 31
3 2 6
81 1 25
55 2 22
42 1 56
81 1 30
10 2 40
48 1 27
24 1 7
? 1 github_cpp_program_data/12/534.cpp

24 1 10
72 1 40
35 1 7
7 2 80
40 1 53
31 2 84
32 2 34
52 2 36
10 7 7
22 2 55
48 1 73
94 1 30
12 2 10
31 1 30
63 2 52
82 1 73
18 1 17
26 1 30
84 1 30
3 1 1
22 2 35
20 2 37
15 1 14
16 1 12
51 1 31
33 1 32
10 2 49
52 1 25
16 1 7
54 1 18
57 2 53
15 1 7
7 1 80
85 1 84
32 1 30
36 1 25
7 2 127
52 1 30
22 2 28
25 1 29
52 2 86
27 2 63
17 1 14
79 1 63
83 1 96
48 1 83
7 2 54
10 1 80
7 5 10
10 1 22
37 1 86
10 2 26
7 1 10
24 1 23
86 1 85
82 1 45
81 2 80
57 2 52
17 1 127
57 1 30
7 2 33
31 2 40
96 2 10
127 1 25
10 4 7
57 2 72
40 1 72
3 1 2
51 2 37
64 1 62
73 1 12
85 1 49
16 2 18
85 2 40
26 2 56
31 2 50
16 1 17
50 1 25
50 1 30
12 2 7
38 1 40
49 2 31
7 2 23
52 2 42
49 1 17
86 2 57
64 1 56
73 1 20
3 2 75
15 1 12
26 1 17
20 2 40
30 1 28
10 2 37
10 1 81
10 1 28
10 2 23
55 2 28
45 1 7
53 1 51
72 2 53
40 1 36
32 1 25
34 2 32
22 2 24
25 1 24
33 1 34
22 2 10
46 1 7
73 1 40
17 1 94
35 1 10
57 1 25
30 1 35
37 1 52
40 1 27
7 2 22
28 2 35
30 1 29
37 1 53
73 1 7
15 1 10
26 1 15
23 1 34
35 1 33
25 1 10
10 2 94
45 2 73
51 1 50
28 2 10
75 2 83
10 2 80
29 2 28
14 1 7
37 1 57
30 1 22
53 2 57
40 1 63
15 1 94
79 1 27
37 1 64
53 1 37
86 1 40
54 2 40
40 1 42
25 1 35
12 1 7
7 1 33
42 1 31
45 1 54
25 1 22
17 1 12
7 2 20
17 1 7
17 1 26
20 1 18
94 1 25
18 2 16
75 1 46
40 1 52
27 2 53
34 1 30
72 1 31
83 2 73
25 1 28
7 7 10
7 1 22
10 1 33
37 1 79
10 2 81
63 1 15
56 2 62
51 1 56
15 1 26
85 1 31
54 1 16
51 2 40
10 2 7
10 2 28
62 1 40
63 2 86
86 2 53
7 1 28
40 1 86
63 1 17
45 1 12
80 1 25
85 1 56
16 1 15
10 2 33
96 1 20
30 1 7
84 1 25
73 1 37
34 1 25
80 2 81
51 1 26
73 1 14
40 1 57
10 1 23
27 1 17
83 1 10
85 2 37
49 1 25
53 2 52
10 2 20
10 5 7
10 2 22
86 1 51
53 1 85
37 1 42
26 1 25
17 1 10
48 1 75
30 1 10
7 1 81
49 1 15
22 2 7
81 1 25
7 2 26
15 2 17
80 1 30
1 2 2
28 2 55
28 2 7
51 1 49
73 2 45
42 1 38
48 1 3
10 1 7
15 1 49
14 1 10
45 1 40
25 1 55
7 2 28
27 2 52
30 1 24
27 1 15
52 2 57
14 2 10
24 1 33
23 1 32
35 1 23
37 1 82
20 1 16
12 1 10
56 1 30
7 2 81
56 2 50
15 1 127
14 2 7
79 2 82
24 1 7
7 4 10
30 1 55
25 1 7
38 1 37
22 2 29
53 1 40
49 2 56
53 2 63
31 2 38
83 1 37
31 1 25
81 1 30
35 2 28
86 1 37
36 6 73
73 1 10
56 2 84
? 1 github_cpp_program_data/12/548.cpp

72 1 40
35 1 7
7 2 80
26 2 31
48 1 101
6 2 3
40 1 53
31 2 84
10 7 7
22 2 55
49 1 17
4 2 5
31 1 30
63 2 52
3 2 75
26 1 30
84 1 30
3 1 1
20 2 37
75 2 101
15 1 14
86 1 40
3 1 2
33 1 32
52 1 25
57 2 53
15 1 7
7 1 80
40 1 39
85 1 84
32 1 30
10 2 54
52 1 30
85 1 56
27 2 63
45 1 7
17 1 14
30 1 28
7 2 54
10 1 80
17 2 15
7 5 10
101 1 40
72 2 86
10 1 22
37 1 86
10 2 26
90 1 20
7 1 10
24 1 23
86 1 85
12 2 10
81 2 80
57 2 52
57 1 30
45 1 10
82 1 63
37 1 42
10 4 7
56 2 84
40 1 72
48 1 73
51 2 37
39 1 30
10 2 11
73 1 12
85 1 49
22 2 28
85 2 40
26 2 56
31 2 50
7 2 33
80 1 25
28 2 24
50 1 25
50 1 30
12 2 7
49 2 31
7 2 23
27 2 45
7 4 10
73 1 20
85 1 26
15 1 12
26 1 17
33 1 34
10 1 81
10 2 49
10 2 23
55 2 28
10 1 23
53 1 51
12 1 10
14 1 11
40 1 36
32 1 25
34 2 32
63 2 57
82 1 90
25 1 24
63 1 17
22 2 10
46 1 7
24 1 10
7 2 49
35 1 10
86 2 52
57 1 25
30 1 35
53 1 85
10 1 7
37 1 53
73 1 7
15 1 10
26 1 15
23 1 34
39 6 45
35 1 33
25 1 10
45 2 73
51 1 50
28 2 10
10 2 80
29 2 28
14 1 7
37 1 57
53 2 57
40 1 63
101 2 27
27 2 57
53 1 37
51 1 31
40 1 27
28 2 22
25 1 35
101 1 10
38 2 41
12 1 7
7 1 33
54 2 40
45 1 54
57 2 86
25 1 22
17 1 12
36 1 30
17 1 7
17 1 49
7 2 20
75 1 46
40 1 52
27 2 53
42 1 41
48 1 6
34 1 30
17 1 26
25 1 28
48 1 45
7 7 10
52 2 27
10 1 33
40 1 82
25 1 7
10 2 81
26 1 25
51 1 56
15 1 26
85 1 31
6 1 4
10 2 28
23 1 32
90 1 37
7 2 22
6 1 5
63 2 27
36 6 45
30 1 55
40 1 86
10 2 22
41 1 40
16 1 17
25 1 29
10 2 33
7 1 81
30 1 7
84 1 25
80 2 81
51 1 26
40 1 57
27 1 17
49 1 25
15 1 23
31 2 40
10 5 7
57 2 72
86 1 51
52 2 39
63 1 15
17 1 10
48 1 75
30 1 10
45 1 14
49 1 15
22 2 7
7 2 28
7 2 26
15 2 17
80 1 30
56 2 38
1 2 2
28 2 55
28 2 7
51 1 49
73 2 45
42 1 38
48 1 3
49 1 30
15 1 49
14 1 10
45 1 40
25 1 55
30 1 29
27 1 15
52 2 57
14 2 10
56 1 25
7 2 81
20 1 16
28 2 29
82 1 27
37 1 52
37 1 63
56 2 50
63 2 90
53 2 36
14 2 7
86 1 37
90 1 7
73 1 37
30 1 22
38 1 37
22 2 29
53 1 40
49 2 56
85 2 37
72 1 31
3 2 6
81 1 25
55 2 22
42 1 56
81 1 30
10 2 40
48 1 27
24 1 7
? 1 github_cpp_program_data/12/563.cpp

7 2 80
53 1 37
51 1 31
40 1 53
12 1 7
57 1 30
54 2 40
10 7 7
73 1 10
25 1 22
48 1 73
17 1 12
49 1 17
17 1 26
12 2 10
31 1 30
18 1 17
26 1 30
84 1 30
25 1 10
40 1 52
27 2 53
3 1 1
85 1 56
15 1 14
86 1 40
25 1 28
48 1 45
10 1 22
7 1 22
54 1 18
45 2 73
25 1 7
7 1 80
85 1 84
37 1 27
15 1 26
10 2 26
52 1 30
54 1 16
73 1 54
38 1 37
17 1 14
42 1 56
7 2 22
80 2 81
10 1 80
7 5 10
7 1 28
40 1 86
52 1 25
45 1 12
37 1 86
45 1 20
25 1 29
7 1 10
16 1 15
86 1 85
45 1 14
30 1 7
56 2 84
10 2 20
49 1 15
45 1 10
73 1 14
40 1 57
27 1 17
10 4 7
53 1 85
3 1 2
10 5 7
10 2 22
85 1 49
86 1 51
16 2 18
26 1 25
17 1 10
31 2 50
30 1 10
80 1 25
7 1 81
50 1 25
12 2 7
22 2 7
7 2 28
7 2 26
49 2 31
80 1 30
56 2 38
52 2 42
17 1 7
10 2 54
7 7 10
28 2 7
51 1 49
15 1 12
42 1 38
45 1 37
30 1 28
48 1 3
10 1 81
10 2 28
10 1 28
1 2 2
53 1 51
7 4 10
14 2 10
56 1 25
3 2 45
22 2 10
12 1 10
37 1 52
10 1 7
73 1 40
51 2 40
40 1 42
18 2 16
37 1 53
30 1 55
30 1 22
15 1 10
53 1 40
49 2 56
85 2 37
73 2 45
20 2 37
81 1 25
51 1 50
28 2 10
10 2 80
81 1 30
14 1 7
86 1 37
37 1 57
? 1 github_cpp_program_data/12/591.cpp

24 1 10
72 1 40
35 1 7
7 2 80
40 1 53
31 2 84
32 2 34
52 2 36
10 7 7
22 2 55
48 1 73
94 1 30
12 2 10
31 1 30
63 2 52
82 1 73
18 1 17
26 1 30
84 1 30
3 1 1
22 2 35
20 2 37
15 1 14
16 1 12
51 1 31
33 1 32
10 2 49
52 1 25
16 1 7
54 1 18
57 2 53
15 1 7
7 1 80
85 1 84
32 1 30
36 1 25
7 2 127
52 1 30
22 2 28
25 1 29
52 2 86
27 2 63
17 1 14
79 1 63
83 1 96
48 1 83
7 2 54
10 1 80
7 5 10
10 1 22
37 1 86
10 2 26
7 1 10
24 1 23
86 1 85
82 1 45
81 2 80
57 2 52
17 1 127
57 1 30
7 2 33
31 2 40
96 2 10
127 1 25
10 4 7
57 2 72
40 1 72
3 1 2
51 2 37
64 1 62
73 1 12
85 1 49
16 2 18
85 2 40
26 2 56
31 2 50
16 1 17
50 1 25
50 1 30
12 2 7
38 1 40
49 2 31
7 2 23
52 2 42
49 1 17
86 2 57
64 1 56
73 1 20
3 2 75
15 1 12
26 1 17
20 2 40
30 1 28
10 2 37
10 1 81
10 1 28
10 2 23
55 2 28
45 1 7
53 1 51
72 2 53
40 1 36
32 1 25
34 2 32
22 2 24
25 1 24
33 1 34
22 2 10
46 1 7
73 1 40
17 1 94
35 1 10
57 1 25
30 1 35
37 1 52
40 1 27
7 2 22
28 2 35
30 1 29
37 1 53
73 1 7
15 1 10
26 1 15
23 1 34
35 1 33
25 1 10
10 2 94
45 2 73
51 1 50
28 2 10
75 2 83
10 2 80
29 2 28
14 1 7
37 1 57
30 1 22
53 2 57
40 1 63
15 1 94
79 1 27
37 1 64
53 1 37
86 1 40
54 2 40
40 1 42
25 1 35
12 1 7
7 1 33
42 1 31
45 1 54
25 1 22
17 1 12
7 2 20
17 1 7
17 1 26
20 1 18
94 1 25
18 2 16
75 1 46
40 1 52
27 2 53
34 1 30
72 1 31
83 2 73
25 1 28
7 7 10
7 1 22
10 1 33
37 1 79
10 2 81
63 1 15
56 2 62
51 1 56
15 1 26
85 1 31
54 1 16
51 2 40
10 2 7
10 2 28
62 1 40
63 2 86
86 2 53
7 1 28
40 1 86
63 1 17
45 1 12
80 1 25
85 1 56
16 1 15
10 2 33
96 1 20
30 1 7
84 1 25
73 1 37
34 1 25
80 2 81
51 1 26
73 1 14
40 1 57
10 1 23
27 1 17
83 1 10
85 2 37
49 1 25
53 2 52
10 2 20
10 5 7
10 2 22
86 1 51
53 1 85
37 1 42
26 1 25
17 1 10
48 1 75
30 1 10
7 1 81
49 1 15
22 2 7
81 1 25
7 2 26
15 2 17
80 1 30
1 2 2
28 2 55
28 2 7
51 1 49
73 2 45
42 1 38
48 1 3
10 1 7
15 1 49
14 1 10
45 1 40
25 1 55
7 2 28
27 2 52
30 1 24
27 1 15
52 2 57
14 2 10
24 1 33
23 1 32
35 1 23
37 1 82
20 1 16
12 1 10
56 1 30
7 2 81
56 2 50
15 1 127
14 2 7
79 2 82
24 1 7
7 4 10
30 1 55
25 1 7
38 1 37
22 2 29
53 1 40
49 2 56
53 2 63
31 2 38
83 1 37
31 1 25
81 1 30
35 2 28
86 1 37
36 6 73
73 1 10
56 2 84
? 1 github_cpp_program_data/12/598.cpp

35 1 7
7 2 80
26 2 31
6 2 3
22 2 103
40 1 53
31 2 84
54 2 37
32 2 34
41 1 37
22 2 55
49 1 17
4 2 5
31 1 30
28 2 104
25 1 103
18 1 17
26 1 30
84 1 30
104 1 23
37 1 36
3 1 1
22 2 35
20 2 37
15 1 14
86 1 40
45 1 40
52 1 25
54 1 18
15 1 7
7 1 80
85 1 84
32 1 30
10 2 20
52 1 30
15 1 33
85 1 56
38 2 41
52 2 86
27 2 63
17 1 14
15 2 17
48 1 83
7 2 54
10 1 80
17 2 15
7 5 10
10 1 22
37 1 86
10 2 26
90 1 20
7 1 10
24 1 23
86 1 85
82 1 45
81 2 80
57 2 52
7 2 33
82 1 63
22 2 28
30 1 104
10 4 7
56 2 84
53 1 85
29 2 22
48 1 73
64 1 31
10 7 7
64 1 62
73 1 12
85 1 49
16 2 18
85 2 40
26 2 56
31 2 50
80 1 25
28 2 24
50 1 25
50 1 30
12 2 7
38 1 40
49 2 31
86 2 53
73 1 20
3 2 75
85 1 26
15 1 12
26 1 17
20 2 40
30 1 28
10 2 37
10 1 81
10 2 49
10 2 23
31 2 62
55 2 28
45 1 7
53 1 51
12 1 10
14 1 11
32 1 25
34 2 32
82 1 90
25 1 24
63 1 17
22 2 10
80 2 81
46 1 7
24 1 10
33 1 34
35 1 10
57 1 25
7 2 20
37 1 52
40 1 42
12 2 10
30 1 29
37 1 53
73 1 7
15 1 10
26 1 15
23 1 34
35 1 33
75 1 46
45 2 73
51 1 50
28 2 10
75 2 83
10 2 80
51 2 37
23 1 32
37 1 57
30 1 22
53 2 57
31 2 38
40 1 64
7 2 11
53 1 37
51 1 31
14 1 13
28 2 22
10 5 7
25 1 35
53 2 52
12 1 7
57 1 30
42 1 31
45 1 54
57 2 86
25 1 22
17 1 12
36 1 30
17 1 7
17 1 49
52 2 53
20 1 18
36 6 73
11 2 13
25 1 10
40 1 52
27 2 53
42 1 41
48 1 6
34 1 30
17 1 26
83 2 73
25 1 28
48 1 45
37 1 27
7 1 22
10 2 28
62 1 37
37 1 79
10 2 81
26 1 25
14 1 7
51 1 56
15 1 26
85 1 31
6 1 4
54 1 16
51 2 40
90 1 37
7 2 22
6 1 5
63 2 27
63 2 86
30 1 55
40 1 86
10 2 22
45 1 12
7 7 10
25 1 29
16 1 15
10 2 33
7 1 81
30 1 7
84 1 25
34 1 25
79 2 82
51 1 26
73 1 14
40 1 57
27 1 17
83 1 10
53 2 27
49 1 25
3 1 2
103 1 23
7 2 49
86 1 51
63 1 15
17 1 10
48 1 75
30 1 10
45 1 14
49 1 15
22 2 7
81 1 25
90 2 45
7 2 26
80 1 30
1 2 2
28 2 55
28 2 7
51 1 49
73 2 45
42 1 38
45 1 37
48 1 3
49 1 30
15 1 49
14 1 10
33 1 32
86 2 57
25 1 55
54 2 40
7 2 28
27 2 52
30 1 24
27 1 15
52 2 57
14 2 10
24 1 33
56 1 25
35 1 23
7 2 81
37 1 82
20 1 16
28 2 29
82 1 27
56 1 30
37 1 63
56 2 50
63 2 90
73 1 40
14 2 7
90 1 7
57 2 36
7 4 10
73 1 37
25 1 7
10 1 7
22 2 29
53 1 40
49 2 56
85 2 37
3 2 6
83 1 37
55 2 22
31 1 25
81 1 30
18 2 16
86 1 37
57 2 63
73 1 10
? 1 github_cpp_program_data/12/600.cpp

72 1 40
35 1 7
26 2 31
40 1 108
27 2 108
6 2 3
108 2 53
40 1 53
31 2 84
32 2 34
10 7 7
49 1 30
49 1 17
4 2 5
31 1 30
63 2 52
26 1 30
28 2 35
15 1 49
3 1 1
22 2 35
15 1 14
6 2 75
86 1 40
10 1 23
52 1 25
10 1 7
7 1 23
15 1 7
49 1 25
85 1 84
32 1 30
10 2 54
10 2 28
73 1 54
85 1 56
27 2 63
17 1 14
49 2 56
7 5 10
10 1 22
37 1 86
33 1 34
7 1 10
24 1 23
86 1 85
12 2 10
57 2 86
57 2 52
57 1 30
31 2 40
10 1 28
10 4 7
56 2 84
40 1 72
48 1 73
64 1 31
35 2 22
64 1 62
73 1 12
85 1 49
85 2 40
26 2 56
31 2 50
28 2 24
50 1 25
12 2 7
35 1 10
38 1 40
49 2 31
7 2 23
52 2 42
86 2 57
64 1 56
85 1 26
15 1 12
26 1 17
20 2 40
30 1 28
22 2 28
108 1 40
10 2 49
10 2 23
56 2 40
31 2 62
45 1 7
53 1 51
14 1 11
32 1 25
34 2 32
22 2 24
25 1 24
63 1 17
22 2 10
46 1 7
73 1 40
7 2 49
24 1 10
86 2 52
57 1 25
30 1 35
37 1 52
40 1 42
7 2 22
30 1 29
17 1 26
15 1 10
23 1 34
35 1 33
25 1 10
17 1 33
45 2 73
51 1 50
28 2 10
51 2 37
14 1 7
53 2 57
40 1 63
45 1 40
37 1 64
53 1 37
51 1 31
40 1 27
28 2 22
25 1 35
53 2 52
12 1 7
7 1 33
54 2 40
24 2 28
25 1 22
17 1 12
17 1 7
72 1 31
52 2 53
7 2 20
75 1 46
40 1 52
48 1 6
34 1 30
17 1 49
25 1 28
48 1 45
7 7 10
7 1 22
10 1 33
62 1 37
30 1 22
7 2 33
56 2 62
15 1 26
85 1 31
17 1 23
51 2 40
23 1 32
42 1 56
62 1 40
6 1 5
63 2 27
7 1 28
40 1 86
10 2 22
45 1 12
45 1 20
25 1 29
16 1 15
10 2 33
30 1 7
84 1 25
34 1 25
51 1 26
40 1 57
27 1 17
53 2 27
26 1 15
3 1 2
10 5 7
50 1 30
86 1 51
53 1 85
37 1 42
26 1 25
17 1 10
48 1 75
30 1 10
49 1 15
22 2 7
27 2 53
7 2 26
108 1 56
1 2 2
56 2 38
28 2 7
51 1 49
42 1 38
48 1 3
6 1 4
52 1 30
14 1 10
33 1 32
25 1 55
72 2 64
7 4 10
30 1 24
27 1 15
10 2 11
14 2 10
24 1 33
56 1 25
35 1 23
20 1 16
28 2 29
12 1 10
56 1 30
28 2 55
24 2 22
14 2 7
24 1 7
30 1 55
25 1 7
38 1 37
22 2 29
53 1 40
22 2 55
85 2 37
75 2 45
3 2 6
7 2 28
40 1 64
31 1 25
27 2 72
37 1 57
35 2 28
86 1 37
57 2 63
73 1 10
? 1 github_cpp_program_data/12/608.cpp

35 1 7
7 2 33
7 2 11
40 1 108
48 1 3
27 2 86
40 1 53
31 2 84
32 2 34
10 7 7
22 2 55
48 1 73
18 1 15
49 1 17
10 1 81
31 1 30
27 2 57
18 1 17
26 1 30
84 1 30
14 1 19
37 1 36
3 1 1
22 2 35
20 2 37
7 2 13
15 1 14
86 2 27
86 1 40
78 2 3
45 1 40
52 1 25
10 2 20
27 2 108
54 1 18
45 2 73
41 1 40
15 1 7
7 1 80
85 1 84
32 1 30
53 2 42
14 1 65
36 1 25
72 1 37
52 1 30
64 1 41
22 2 28
25 1 29
52 2 86
27 2 63
17 1 14
78 1 4
10 2 54
48 1 124
75 2 90
12 1 11
10 1 80
62 2 41
7 5 10
10 1 22
31 2 62
37 1 86
10 2 26
90 1 20
7 1 10
24 1 23
51 2 37
86 1 85
12 2 10
57 2 86
57 2 52
7 1 33
45 1 10
48 1 90
76 1 10
3 2 75
10 1 28
68 1 42
90 1 10
10 4 7
56 2 84
108 2 57
53 1 85
124 2 78
29 2 22
51 1 50
43 1 40
64 1 62
73 1 12
85 1 49
16 2 18
85 2 40
26 2 56
48 1 9
40 1 113
80 1 25
28 2 24
50 1 25
37 1 39
35 1 10
38 1 40
34 2 32
49 2 31
39 1 25
52 2 42
17 1 7
112 1 10
64 1 56
52 2 27
42 2 36
73 1 20
64 2 57
85 1 26
15 1 12
20 2 40
30 1 28
112 1 54
10 2 13
10 2 49
10 2 23
90 1 40
55 2 28
10 1 23
53 1 51
7 2 80
14 1 11
40 1 36
32 1 25
63 2 52
22 2 24
25 1 24
63 1 17
22 2 10
19 2 7
46 1 7
24 1 10
33 1 34
10 1 7
1 2 7
57 1 25
30 1 35
37 1 52
40 1 42
7 2 22
28 2 35
30 1 29
37 1 53
7 2 49
64 1 38
15 1 10
26 1 15
23 1 34
57 2 39
35 1 33
25 1 10
64 1 43
3 1 2
73 2 9
28 2 10
54 2 37
64 1 31
14 1 7
39 6 73
37 1 57
64 1 68
40 1 63
40 1 64
7 2 26
112 1 40
38 2 43
57 2 27
37 1 64
53 1 37
51 1 31
54 2 40
40 1 27
28 2 22
25 1 35
53 2 52
12 1 7
57 1 30
42 1 31
45 1 54
25 1 22
17 1 12
36 1 30
12 1 65
17 1 49
52 2 53
20 1 18
112 2 90
18 2 16
63 2 36
75 1 46
40 1 52
72 2 64
14 1 13
90 2 112
34 1 30
17 1 26
65 2 7
25 1 28
48 1 45
37 1 27
48 1 78
7 1 22
10 2 28
62 1 37
30 1 22
10 2 81
26 1 25
56 2 62
42 2 57
48 1 112
9 1 4
15 1 26
85 1 31
31 2 50
17 1 23
54 1 16
51 2 40
23 1 32
42 1 56
62 1 40
63 2 27
36 6 45
7 1 28
40 1 86
10 2 22
45 1 12
16 1 17
85 1 56
31 2 37
16 1 15
10 2 33
7 1 81
30 1 7
84 1 25
73 1 37
34 1 25
38 2 68
80 2 81
78 1 76
73 1 14
17 2 15
40 1 57
27 1 17
49 1 25
63 2 53
15 1 23
12 2 7
10 5 7
50 1 30
31 2 38
86 1 51
52 2 39
7 7 10
63 1 15
17 1 10
48 1 75
30 1 10
45 1 14
49 1 15
22 2 7
7 2 28
90 2 45
7 2 23
15 2 17
80 1 30
108 1 56
1 2 2
28 2 55
4 2 76
124 1 7
57 2 53
56 2 38
28 2 7
51 1 49
73 2 45
42 1 38
45 1 37
124 1 1
86 2 52
49 1 30
15 1 49
14 1 10
33 1 32
24 2 28
25 1 55
10 2 80
27 2 52
30 1 24
27 1 15
29 2 28
52 2 57
14 2 10
24 1 33
42 1 62
56 1 25
35 1 23
7 2 81
20 1 16
28 2 29
12 1 10
56 1 30
37 1 63
53 2 86
37 1 72
24 2 22
14 2 7
24 1 7
7 4 10
30 1 55
25 1 7
38 1 37
22 2 29
53 1 40
49 2 56
85 2 37
108 1 37
72 1 31
81 1 25
55 2 22
31 1 25
27 2 72
81 1 30
52 2 64
86 1 37
57 2 63
56 2 37
73 1 10
12 1 19
? 1 github_cpp_program_data/12/63.cpp

72 1 40
35 1 7
7 2 80
26 2 31
48 1 101
6 2 3
40 1 53
31 2 84
10 7 7
22 2 55
49 1 17
4 2 5
31 1 30
63 2 52
3 2 75
26 1 30
84 1 30
3 1 1
20 2 37
75 2 101
15 1 14
86 1 40
3 1 2
33 1 32
52 1 25
57 2 53
15 1 7
7 1 80
40 1 39
85 1 84
32 1 30
10 2 54
52 1 30
85 1 56
27 2 63
45 1 7
17 1 14
30 1 28
7 2 54
10 1 80
17 2 15
7 5 10
101 1 40
72 2 86
10 1 22
37 1 86
10 2 26
90 1 20
7 1 10
24 1 23
86 1 85
12 2 10
81 2 80
57 2 52
57 1 30
45 1 10
82 1 63
37 1 42
10 4 7
56 2 84
40 1 72
48 1 73
51 2 37
39 1 30
10 2 11
73 1 12
85 1 49
22 2 28
85 2 40
26 2 56
31 2 50
7 2 33
80 1 25
28 2 24
50 1 25
50 1 30
12 2 7
49 2 31
7 2 23
27 2 45
7 4 10
73 1 20
85 1 26
15 1 12
26 1 17
33 1 34
10 1 81
10 2 49
10 2 23
55 2 28
10 1 23
53 1 51
12 1 10
14 1 11
40 1 36
32 1 25
34 2 32
63 2 57
82 1 90
25 1 24
63 1 17
22 2 10
46 1 7
24 1 10
7 2 49
35 1 10
86 2 52
57 1 25
30 1 35
53 1 85
10 1 7
37 1 53
73 1 7
15 1 10
26 1 15
23 1 34
39 6 45
35 1 33
25 1 10
45 2 73
51 1 50
28 2 10
10 2 80
29 2 28
14 1 7
37 1 57
53 2 57
40 1 63
101 2 27
27 2 57
53 1 37
51 1 31
40 1 27
28 2 22
25 1 35
101 1 10
38 2 41
12 1 7
7 1 33
54 2 40
45 1 54
57 2 86
25 1 22
17 1 12
36 1 30
17 1 7
17 1 49
7 2 20
75 1 46
40 1 52
27 2 53
42 1 41
48 1 6
34 1 30
17 1 26
25 1 28
48 1 45
7 7 10
52 2 27
10 1 33
40 1 82
25 1 7
10 2 81
26 1 25
51 1 56
15 1 26
85 1 31
6 1 4
10 2 28
23 1 32
90 1 37
7 2 22
6 1 5
63 2 27
36 6 45
30 1 55
40 1 86
10 2 22
41 1 40
16 1 17
25 1 29
10 2 33
7 1 81
30 1 7
84 1 25
80 2 81
51 1 26
40 1 57
27 1 17
49 1 25
15 1 23
31 2 40
10 5 7
57 2 72
86 1 51
52 2 39
63 1 15
17 1 10
48 1 75
30 1 10
45 1 14
49 1 15
22 2 7
7 2 28
7 2 26
15 2 17
80 1 30
56 2 38
1 2 2
28 2 55
28 2 7
51 1 49
73 2 45
42 1 38
48 1 3
49 1 30
15 1 49
14 1 10
45 1 40
25 1 55
30 1 29
27 1 15
52 2 57
14 2 10
56 1 25
7 2 81
20 1 16
28 2 29
82 1 27
37 1 52
37 1 63
56 2 50
63 2 90
53 2 36
14 2 7
86 1 37
90 1 7
73 1 37
30 1 22
38 1 37
22 2 29
53 1 40
49 2 56
85 2 37
72 1 31
3 2 6
81 1 25
55 2 22
42 1 56
81 1 30
10 2 40
48 1 27
24 1 7
? 1 github_cpp_program_data/12/70.cpp

35 1 7
25 1 120
7 2 80
26 2 31
22 2 120
6 2 3
40 1 53
31 2 84
32 2 34
10 7 7
49 1 30
4 2 5
31 1 30
84 1 30
15 1 49
3 1 1
15 1 14
120 1 41
86 1 40
45 1 40
52 1 25
57 2 53
15 1 7
7 1 80
85 1 84
32 1 30
10 2 54
48 1 78
73 1 54
85 1 56
52 2 86
27 2 63
17 1 14
78 1 4
15 2 17
10 1 80
38 1 25
7 5 10
86 2 53
93 1 1
37 1 86
10 2 26
7 1 10
24 1 23
86 1 85
12 2 10
10 2 20
45 1 10
10 4 7
56 2 84
53 1 85
40 1 36
78 1 77
51 1 50
51 2 37
93 1 92
73 1 12
85 2 40
26 2 56
31 2 50
7 2 33
80 1 25
28 2 24
80 2 81
50 1 30
12 2 7
7 2 23
78 1 76
91 1 10
120 1 31
85 1 26
15 1 12
26 1 17
20 2 40
30 1 28
57 2 52
10 1 81
41 1 30
10 2 49
10 2 23
45 1 7
53 1 51
46 1 10
1 2 91
32 1 25
34 2 32
63 2 57
86 2 57
25 1 24
33 1 34
22 2 10
28 2 29
24 1 10
7 2 49
35 1 10
86 2 52
57 1 25
30 1 35
37 1 52
40 1 27
10 1 7
37 1 53
53 2 86
15 1 10
26 1 15
23 1 34
35 1 33
25 1 10
45 2 73
48 1 73
86 1 37
28 2 10
10 2 80
7 2 20
23 1 32
37 1 57
53 2 57
31 2 38
93 2 78
27 2 57
53 1 37
51 1 31
28 2 22
25 1 35
38 2 41
12 1 7
57 1 30
54 2 37
25 1 22
17 1 12
36 1 30
17 1 7
52 2 53
78 2 75
30 1 29
63 2 45
75 1 46
40 1 52
48 1 6
34 1 30
17 1 49
25 1 28
48 1 45
7 7 10
63 1 17
53 2 36
30 1 22
26 1 25
14 1 7
51 1 56
15 1 26
85 1 31
51 2 40
78 2 93
7 2 22
6 1 5
63 2 27
36 6 45
30 1 55
40 1 86
10 2 22
45 1 12
45 1 20
25 1 29
10 2 33
7 1 81
30 1 7
84 1 25
34 1 25
50 1 25
51 1 26
17 2 15
40 1 57
27 1 17
49 1 25
3 1 2
48 1 63
10 5 7
86 1 51
63 1 15
17 1 10
48 1 75
30 1 10
45 1 14
22 2 7
81 1 25
52 1 30
80 1 30
76 1 7
1 2 2
4 2 76
28 2 7
73 2 45
48 1 3
6 1 4
76 2 77
10 2 28
14 1 10
33 1 32
25 1 55
91 2 92
7 4 10
30 1 24
27 1 15
81 1 30
52 2 57
14 2 10
56 1 25
7 2 81
19 2 7
12 1 10
56 1 30
37 1 63
56 2 50
14 2 7
93 1 91
3 2 78
48 1 93
75 2 27
73 1 37
25 1 7
120 1 38
53 1 40
22 2 55
85 2 37
3 2 6
7 2 28
31 1 25
24 1 7
48 1 27
73 1 10
12 1 19
? 1 github_cpp_program_data/12/79.cpp

35 1 7
7 2 33
26 2 31
7 2 11
40 1 108
48 1 3
27 2 86
40 1 53
32 2 34
10 7 7
22 2 55
48 1 73
18 1 15
49 1 17
10 1 81
10 4 7
31 1 30
7 2 80
18 1 17
26 1 30
84 1 30
15 1 33
52 2 63
14 1 19
37 1 36
3 1 1
22 2 35
20 2 37
7 2 13
15 1 14
108 1 31
86 1 40
78 2 3
33 1 32
10 2 49
10 1 22
10 1 7
54 1 18
10 2 23
41 1 40
15 1 7
7 1 80
85 1 84
32 1 30
29 2 28
14 1 65
36 1 25
72 1 37
52 1 30
64 1 41
73 1 54
25 1 29
27 2 63
17 1 14
78 1 4
10 2 54
48 1 124
12 1 11
10 1 80
62 2 41
7 5 10
52 1 25
31 2 62
37 1 86
10 2 26
90 1 20
7 1 10
24 1 23
51 2 37
86 1 85
12 2 10
57 2 86
10 2 20
45 1 10
48 1 90
76 1 10
10 1 28
68 1 42
14 2 10
56 2 84
53 1 85
124 2 78
29 2 22
35 2 28
51 1 50
64 1 31
39 1 30
10 2 11
64 1 62
73 1 12
85 1 49
16 2 18
85 2 40
26 2 56
48 1 9
40 1 113
16 1 17
28 2 24
50 1 25
50 1 30
12 2 7
38 1 40
34 2 32
49 2 31
7 2 23
7 2 22
51 1 26
52 2 42
17 1 7
112 1 10
45 1 14
52 2 27
90 2 112
42 2 36
27 2 64
85 1 26
15 1 12
65 2 10
26 1 17
20 2 40
30 1 28
57 2 52
112 1 54
10 2 13
63 2 72
22 2 28
7 1 23
90 1 40
55 2 28
48 1 78
53 1 51
14 1 11
40 1 36
32 1 25
63 2 52
22 2 24
25 1 24
63 1 17
22 2 10
28 2 29
24 1 10
33 1 34
35 1 10
1 2 7
57 1 25
30 1 35
37 1 52
40 1 42
9 1 4
28 2 35
30 1 29
37 1 53
7 2 49
64 1 38
15 1 10
26 1 15
23 1 34
35 1 33
17 1 33
64 1 43
3 1 2
73 2 9
28 2 10
54 2 37
43 1 40
14 1 7
64 1 68
40 1 63
40 1 64
112 1 40
38 2 43
57 2 27
37 1 64
53 1 37
51 1 31
54 2 40
40 1 27
28 2 22
27 2 36
25 1 35
53 2 52
12 1 7
57 1 30
42 1 31
24 2 28
73 1 10
25 1 22
17 1 12
36 1 30
12 1 65
17 1 49
20 1 18
45 2 73
7 2 20
25 1 10
40 1 52
27 2 53
3 2 90
34 1 30
17 1 26
65 2 7
25 1 28
48 1 45
37 1 27
7 1 22
10 1 33
62 1 37
25 1 7
10 2 81
26 1 25
56 2 62
42 2 57
64 2 52
48 1 112
51 1 56
15 1 26
31 2 50
54 1 16
51 2 40
10 2 28
23 1 32
42 1 56
62 1 40
63 2 27
63 2 86
86 2 53
7 1 28
40 1 86
10 2 22
45 1 12
45 1 20
85 1 56
31 2 37
16 1 15
10 2 33
72 1 56
30 1 7
84 1 25
73 1 37
34 1 25
38 2 68
86 2 42
78 1 76
73 1 14
17 2 15
40 1 57
27 1 17
53 2 27
22 2 7
49 1 25
63 2 53
15 1 23
10 5 7
27 2 57
31 2 38
86 1 51
52 2 39
63 2 108
63 1 15
17 1 10
36 6 45
30 1 10
7 1 81
49 1 15
81 2 80
37 1 39
7 2 28
7 2 26
15 2 17
80 1 30
56 2 38
1 2 2
28 2 55
4 2 76
124 1 7
57 2 53
28 2 7
51 1 49
73 2 45
42 1 38
45 1 37
12 1 13
124 1 1
39 6 73
49 1 30
15 1 49
14 1 10
45 1 40
80 1 25
108 2 52
25 1 55
10 2 80
72 2 52
27 2 52
30 1 24
27 1 15
81 1 30
52 2 57
64 1 56
24 1 33
42 1 62
56 1 25
35 1 23
7 2 81
20 1 16
19 2 7
12 1 10
56 1 30
37 1 63
56 2 50
37 1 72
24 2 22
14 2 7
90 1 7
86 2 57
112 2 45
7 4 10
30 1 55
30 1 22
38 1 37
22 2 29
53 1 40
49 2 56
85 2 37
108 1 37
81 1 25
7 7 10
31 1 25
24 1 7
18 2 16
52 2 64
86 1 37
57 2 63
56 2 37
37 1 57
12 1 19
? 1 github_cpp_program_data/12/90.cpp

