57 1 1
1 2 11
1 5 1
45 1 20
14 1 1
20 1 15
8 2 12
20 1 16
26 1 20
7 1 32
45 1 1
2 1 10
10 1 9
28 1 4
26 1 6
17 2 21
18 1 10
27 1 56
1 2 8
10 1 8
10 1 12
26 1 7
6 2 1
11 1 10
13 1 14
20 1 23
8 2 9
56 2 20
15 2 16
21 1 20
23 1 19
32 1 14
8 2 1
16 2 16
1 1 1
20 1 22
12 1 1
1 1 11
28 1 27
23 1 20
6 1 1
26 1 5
1 4 1
16 1 10
1 2 56
45 1 5
13 2 17
20 1 26
45 1 7
3 1 2
5 2 5
19 1 17
22 1 17
27 1 20
19 2 20
26 2 26
5 2 6
22 1 21
1 2 3
26 1 1
1 2 7
15 1 14
2 2 2
4 1 1
13 1 10
7 2 20
1 1 8
1 2 13
20 1 45
19 1 13
12 1 3
56 1 57
14 1 13
10 1 1
5 2 1
27 1 5
17 2 18
27 1 1
14 1 6
19 1 18
17 1 10
? 1 github_java_program_data/2/java/2521_new.java

20 1 15
1 2 11
1 5 1
10 1 8
14 1 1
20 1 16
26 1 20
2 1 10
10 1 9
28 1 4
26 1 6
26 2 26
1 2 8
10 1 12
26 1 7
6 2 1
10 1 20
1 2 20
15 2 16
8 2 12
10 1 1
16 2 16
1 1 1
12 1 1
1 1 11
20 1 26
6 1 1
38 1 1
26 1 5
1 4 1
16 1 10
20 1 10
28 1 38
28 1 27
51 1 1
15 2 15
27 1 1
27 1 20
5 2 6
3 1 2
1 2 3
4 1 1
1 2 7
15 1 14
2 2 2
26 1 1
13 1 10
7 2 20
1 1 8
10 2 10
4 2 38
12 1 3
38 2 38
51 2 5
14 1 13
8 2 1
5 2 1
27 1 5
26 1 51
14 1 6
1 2 13
? 1 github_java_program_data/2/java/2522_new.java

20 1 15
1 2 11
1 5 1
10 1 8
14 1 1
5 2 5
8 2 12
20 1 16
26 1 20
7 1 32
2 1 10
10 1 9
26 1 6
17 2 21
26 2 26
1 2 8
10 1 12
26 1 7
6 2 1
11 1 10
13 1 14
10 1 20
20 1 25
20 1 23
8 2 9
1 2 20
15 2 16
21 1 20
23 1 19
32 1 14
8 2 1
16 2 16
1 1 1
20 1 22
12 1 1
23 2 25
1 1 8
28 1 27
23 1 20
6 1 1
38 1 1
26 1 5
1 4 1
16 1 10
20 1 10
18 1 10
28 1 38
13 2 17
20 1 26
3 1 2
27 1 1
15 2 15
19 1 17
22 1 17
10 2 10
27 1 20
19 2 20
5 2 6
22 1 21
15 2 23
1 2 3
1 2 7
15 1 14
26 1 1
13 1 10
7 2 20
1 1 11
1 2 13
19 1 13
12 1 3
14 1 13
10 1 1
5 2 1
27 1 5
17 2 18
25 1 10
14 1 6
19 1 18
17 1 10
? 1 github_java_program_data/2/java/2525_new.java

20 1 15
1 2 11
10 1 8
1 2 13
14 1 1
8 2 12
20 1 16
26 1 20
7 1 32
2 1 10
10 1 9
28 1 4
26 1 6
17 2 21
15 2 26
1 5 1
1 2 8
10 1 12
26 1 7
6 2 1
11 1 10
13 1 14
10 1 20
20 1 23
8 2 9
1 2 20
15 2 16
21 1 20
23 1 19
32 1 14
8 2 1
16 2 16
1 1 1
20 1 22
12 1 1
1 1 11
28 1 27
23 1 20
6 1 1
26 1 5
1 4 1
16 1 10
20 1 10
18 1 10
13 2 17
20 1 26
22 1 21
5 2 5
19 1 17
22 1 17
27 1 20
19 2 20
5 2 6
3 1 2
15 2 23
1 2 3
4 1 1
1 2 7
15 1 14
26 1 1
13 1 10
7 2 20
1 1 8
10 2 10
19 1 13
12 1 3
16 2 23
14 1 5
14 1 13
10 1 1
5 2 1
27 1 5
17 2 18
27 1 1
14 1 6
19 1 18
17 1 10
? 1 github_java_program_data/2/java/2527_new.java

26 1 5
14 1 1
20 1 26
26 1 20
7 1 32
1 2 11
4 1 1
6 1 1
28 1 4
26 1 6
27 1 1
27 1 20
5 2 6
26 1 7
6 2 1
1 2 7
26 1 1
5 2 1
7 2 20
1 2 20
32 1 14
27 1 5
5 2 5
14 1 6
1 1 11
28 1 27
1 1 1
? 1 github_java_program_data/2/java/2531.java

20 1 15
1 2 11
1 5 1
10 1 8
14 1 1
5 2 5
8 2 12
20 1 16
26 1 20
7 1 32
2 1 10
10 1 9
26 1 6
17 2 21
26 2 26
1 2 8
10 1 12
26 1 7
6 2 1
11 1 10
13 1 14
10 1 20
20 1 23
8 2 9
1 2 20
15 2 16
21 1 20
23 1 19
32 1 14
8 2 1
16 2 16
1 1 1
20 1 22
12 1 1
1 1 8
28 1 27
23 1 20
6 1 1
26 1 5
1 4 1
16 1 10
20 1 10
18 1 10
13 2 17
20 1 26
22 1 21
15 2 15
19 1 17
22 1 17
10 2 10
27 1 20
19 2 20
5 2 6
3 1 2
15 2 23
1 2 3
23 2 16
1 2 7
15 1 14
26 1 1
13 1 10
7 2 20
1 1 11
1 2 13
19 1 13
12 1 3
14 1 13
10 1 1
17 2 18
27 1 1
14 1 6
19 1 18
17 1 10
? 1 github_java_program_data/2/java/2533.java

20 1 15
15 2 15
1 5 1
10 1 8
38 2 27
14 1 1
8 2 12
20 1 16
26 1 20
7 1 32
1 2 11
2 1 10
10 1 9
28 1 4
26 1 6
17 2 21
26 2 26
1 2 8
10 1 12
26 1 7
6 2 1
18 1 10
20 1 25
20 1 23
8 2 9
1 2 20
15 2 16
21 1 20
23 1 19
32 1 14
8 2 1
16 2 16
1 1 1
32 2 32
20 1 22
12 1 1
23 2 25
1 1 11
28 1 27
23 1 20
6 1 1
38 1 1
26 1 5
1 4 1
16 1 10
28 1 38
13 2 17
20 1 26
3 1 2
27 1 1
5 2 5
19 1 17
22 1 17
27 1 20
19 2 20
5 2 6
22 1 21
15 2 25
1 2 3
4 1 1
1 2 7
15 1 14
2 2 2
26 1 1
13 1 10
7 2 20
1 1 8
1 2 13
4 2 38
19 1 13
12 2 8
12 1 3
38 2 38
14 1 13
10 1 1
5 2 1
27 1 5
17 2 18
25 1 10
14 1 6
19 1 18
17 1 10
? 1 github_java_program_data/2/java/2536.java

20 1 15
1 2 11
10 1 8
27 1 20
14 1 1
8 2 8
20 1 16
26 1 20
2 1 10
10 1 9
28 1 4
26 1 6
1 5 1
1 2 8
10 1 12
26 1 7
6 2 1
10 1 20
8 2 9
1 2 20
15 2 16
8 2 12
10 1 1
16 2 16
1 1 1
12 1 1
1 1 8
20 1 26
6 1 1
38 1 1
26 1 5
1 4 1
16 1 10
20 1 10
2 1 1
28 1 38
28 1 27
3 1 2
15 2 15
27 1 1
1 1 3
5 2 6
38 2 27
51 1 1
1 2 3
4 1 1
1 2 7
15 1 14
2 2 2
26 1 1
13 1 10
7 2 20
1 1 11
1 2 13
4 2 38
12 1 3
38 2 38
51 2 5
14 1 13
8 2 1
5 2 1
27 1 5
26 1 51
14 1 6
10 2 10
? 1 github_java_program_data/2/java/2536_new.java

20 1 15
1 2 11
1 5 1
10 1 8
14 1 1
26 2 26
20 1 16
26 1 20
7 1 32
2 1 10
10 1 9
26 1 6
17 2 21
5 2 6
1 2 8
15 2 15
10 1 12
26 1 7
6 2 1
11 1 10
13 1 14
10 1 20
20 1 23
8 2 9
1 2 20
21 1 20
23 1 19
32 1 14
8 2 1
16 2 16
1 1 1
20 1 22
12 1 1
1 1 11
28 1 27
23 1 20
6 1 1
26 1 5
1 4 1
16 1 10
20 1 10
18 1 10
13 2 17
20 1 26
3 1 2
5 2 5
19 1 17
22 1 17
27 1 20
19 2 20
1 2 13
22 1 21
15 2 23
1 2 3
1 2 7
15 1 14
26 1 1
13 1 10
7 2 20
1 1 8
10 2 10
19 1 13
12 1 3
16 2 23
14 1 13
10 1 1
5 2 1
27 1 5
17 2 18
27 1 1
14 1 6
19 1 18
17 1 10
? 1 github_java_program_data/2/java/2546.java

20 1 15
1 2 11
1 5 1
10 1 8
14 1 1
14 2 14
20 1 16
26 1 20
7 1 32
2 1 10
10 1 9
28 1 4
26 1 6
17 2 21
27 1 56
1 2 8
16 2 22
10 1 12
26 1 7
6 2 1
11 1 10
20 1 23
8 2 9
56 2 20
21 1 20
23 1 19
32 1 14
56 1 55
16 2 16
1 1 1
20 1 22
12 1 1
1 1 11
28 1 27
23 1 20
6 1 1
26 1 5
1 4 1
16 1 10
4 2 27
1 2 56
18 1 10
13 2 17
20 1 26
8 2 1
55 1 1
3 1 2
15 2 15
19 1 17
22 1 17
27 1 20
19 2 20
5 2 6
22 1 21
1 2 3
26 1 1
1 2 7
15 1 14
2 2 2
4 1 1
13 1 10
7 2 20
1 1 8
1 2 13
19 1 13
12 1 3
16 2 23
14 1 13
10 1 1
5 2 1
27 1 5
17 2 18
27 1 1
14 1 6
19 1 18
17 1 10
? 1 github_java_program_data/2/java/2546_new.java

20 1 15
1 2 11
1 5 1
10 1 8
38 2 27
14 1 1
20 1 16
26 1 20
2 1 10
10 1 9
26 1 6
26 2 26
1 2 8
10 1 12
26 1 7
6 2 1
10 1 20
1 2 20
15 2 16
8 2 12
10 1 1
16 2 16
1 1 1
12 1 1
1 1 8
20 1 26
6 1 1
38 1 1
26 1 5
1 4 1
16 1 10
20 1 10
28 1 38
28 1 27
51 1 1
15 2 15
27 1 1
27 1 20
5 2 6
3 1 2
1 2 3
1 2 7
15 1 14
2 2 2
26 1 1
13 1 10
7 2 20
1 1 11
1 2 13
12 1 3
38 2 38
51 2 5
14 1 13
8 2 1
5 2 1
27 1 5
26 1 51
14 1 6
10 2 10
? 1 github_java_program_data/2/java/2551_new.java

20 1 15
1 2 11
1 5 1
10 1 8
14 1 1
20 1 16
26 1 20
2 1 10
10 1 9
28 1 4
26 1 6
26 2 26
1 2 8
10 1 12
26 1 7
6 2 1
10 1 20
1 2 20
15 2 16
8 2 12
10 1 1
16 2 16
1 1 1
12 1 1
1 1 11
20 1 26
6 1 1
38 1 1
26 1 5
1 4 1
16 1 10
20 1 10
28 1 38
28 1 27
51 1 1
15 2 15
27 1 1
27 1 20
5 2 6
3 1 2
1 2 3
4 1 1
1 2 7
15 1 14
2 2 2
26 1 1
13 1 10
7 2 20
1 1 8
10 2 10
4 2 38
12 1 3
38 2 38
51 2 5
14 1 13
8 2 1
5 2 1
27 1 5
26 1 51
14 1 6
1 2 13
? 1 github_java_program_data/2/java/2553_new.java

20 1 15
20 1 16
26 1 20
7 1 32
32 2 32
28 1 4
17 2 21
5 2 6
10 1 8
18 1 10
20 1 23
21 1 20
4 2 27
32 1 14
1 1 1
5 2 5
16 2 16
6 1 1
16 1 10
13 2 17
28 1 27
45 1 7
22 1 17
27 1 20
26 2 26
1 2 3
23 1 19
1 2 7
2 2 2
4 1 1
13 1 10
7 2 20
1 1 8
10 2 10
19 1 13
14 1 5
14 1 13
8 2 1
19 2 20
45 2 26
1 2 11
45 1 20
14 1 1
8 2 8
45 1 1
2 1 10
10 1 9
26 1 6
1 2 8
8 2 12
26 1 7
6 2 1
13 1 14
10 1 20
8 2 9
1 2 20
15 2 16
9 2 8
10 1 12
15 2 45
20 1 22
12 1 1
1 1 11
16 2 23
23 1 20
26 1 5
1 4 1
20 1 10
11 1 10
20 1 26
3 1 2
19 1 17
1 5 1
22 1 21
15 1 14
26 1 1
20 1 45
1 2 13
12 1 3
17 1 10
10 1 1
5 2 1
27 1 5
17 2 18
27 1 1
14 1 6
19 1 18
? 1 github_java_program_data/2/java/2556_new.java

20 1 15
20 1 16
26 1 20
7 1 32
32 2 32
17 2 21
5 2 6
37 1 20
11 1 10
20 1 23
21 1 20
23 1 19
32 1 14
37 1 17
1 1 1
5 2 5
6 1 1
38 1 1
16 1 10
28 1 38
13 2 17
28 1 27
22 1 17
27 1 20
26 2 26
15 2 23
1 2 3
15 2 37
23 2 16
1 2 7
2 2 2
13 1 10
7 2 20
1 1 11
10 2 10
19 1 13
14 1 13
8 2 1
19 2 20
17 2 20
38 2 38
1 2 11
10 1 8
14 1 1
8 2 8
2 1 10
10 1 9
26 1 6
1 2 8
10 1 12
26 1 7
6 2 1
13 1 14
10 1 20
8 2 9
1 2 20
15 2 16
9 2 8
16 2 16
20 1 22
12 1 1
1 1 8
23 1 20
26 1 5
1 4 1
20 1 10
18 1 10
20 1 26
3 1 2
19 1 17
1 5 1
22 1 21
15 2 22
15 1 14
26 1 1
1 2 13
12 1 3
17 1 10
10 1 1
5 2 1
27 1 5
17 2 18
27 1 1
14 1 6
19 1 18
20 1 37
? 1 github_java_program_data/2/java/2559.java

20 1 15
1 2 11
1 5 1
10 1 8
14 1 1
8 2 12
14 2 14
20 1 16
26 1 20
7 1 32
2 1 10
10 1 9
28 1 4
26 1 6
17 2 21
5 2 6
1 2 8
10 1 12
26 1 7
6 2 1
11 1 10
13 1 14
10 1 20
20 1 25
20 1 23
8 2 9
1 2 20
23 2 23
15 2 16
9 2 8
21 1 20
23 1 19
32 1 14
8 2 1
16 2 16
1 1 1
20 1 22
12 1 1
4 2 27
1 1 8
28 1 27
14 1 62
6 1 1
26 1 5
1 4 1
16 1 10
20 1 10
18 1 10
13 2 17
20 1 26
22 1 21
5 2 5
19 1 17
22 1 17
10 2 10
27 1 20
19 2 20
22 2 15
3 1 2
15 2 23
1 2 3
4 1 1
1 2 7
15 1 14
26 1 1
13 1 10
7 2 20
1 1 11
1 2 13
27 1 5
19 1 13
62 1 10
12 1 3
1 2 62
14 1 13
10 1 1
5 2 1
23 1 20
17 2 18
27 1 1
14 1 6
19 1 18
17 1 10
? 1 github_java_program_data/2/java/2561_new.java

20 1 15
1 2 11
10 1 8
38 2 27
14 1 1
8 2 8
20 1 16
26 1 20
2 1 10
10 1 9
28 1 4
26 1 6
15 2 26
26 2 26
1 2 8
10 1 12
26 1 7
6 2 1
51 2 5
10 1 20
1 2 20
8 2 12
10 1 1
16 2 16
1 1 1
12 1 1
1 1 11
20 1 26
6 1 1
38 1 1
26 1 5
16 1 10
20 1 10
28 1 38
28 1 27
51 1 1
15 2 15
27 1 1
27 1 20
5 2 6
3 1 2
1 2 3
4 1 1
1 2 7
15 1 14
2 2 2
26 1 1
13 1 10
7 2 20
1 1 8
10 2 10
4 2 38
12 1 3
38 2 38
14 1 5
14 1 13
8 2 1
5 2 1
27 1 5
26 1 51
14 1 6
1 2 13
? 1 github_java_program_data/2/java/2562_new.java

57 1 1
20 1 15
20 1 16
26 1 20
7 1 32
32 2 32
28 1 4
17 2 21
27 1 56
45 1 20
18 1 10
20 1 23
15 2 23
45 1 61
21 1 20
23 1 19
32 1 14
61 2 20
1 1 1
6 1 1
16 1 10
13 2 17
28 1 27
45 1 7
51 1 1
22 1 17
27 1 20
5 2 6
7 2 61
1 2 3
1 2 7
2 2 2
4 1 1
13 1 10
7 2 20
1 1 8
19 1 13
51 2 5
14 1 13
8 2 1
19 2 20
26 1 51
45 2 26
61 1 2
1 2 11
10 1 8
14 1 1
8 2 8
45 1 1
2 1 10
10 1 9
26 1 6
1 2 8
10 1 12
26 1 7
6 2 1
56 2 20
13 1 14
8 2 9
45 1 5
9 2 8
10 1 1
20 1 22
12 1 1
1 1 11
23 1 20
26 1 5
1 4 1
1 2 56
11 1 10
20 1 26
22 1 21
19 1 17
1 5 1
3 1 2
15 1 14
26 1 1
20 1 45
1 2 13
12 1 3
17 1 10
56 1 57
45 2 45
5 2 1
27 1 5
17 2 18
27 1 1
14 1 6
19 1 18
? 1 github_java_program_data/2/java/2567_new.java

20 1 15
1 2 11
1 5 1
10 1 8
38 2 27
14 1 1
20 1 16
26 1 20
2 1 10
10 1 9
26 1 6
26 2 26
1 2 8
10 1 12
26 1 7
6 2 1
10 1 20
1 2 20
15 2 16
8 2 12
10 1 1
16 2 16
1 1 1
12 1 1
1 1 8
20 1 26
6 1 1
38 1 1
26 1 5
1 4 1
16 1 10
20 1 10
28 1 38
28 1 27
51 1 1
15 2 15
27 1 1
27 1 20
5 2 6
3 1 2
1 2 3
1 2 7
15 1 14
2 2 2
26 1 1
13 1 10
7 2 20
1 1 11
1 2 13
12 1 3
38 2 38
51 2 5
14 1 13
8 2 1
5 2 1
27 1 5
26 1 51
14 1 6
10 2 10
? 1 github_java_program_data/2/java/2581_new.java

20 1 15
20 1 16
26 1 20
7 1 32
32 2 32
28 1 4
17 2 21
5 2 6
10 1 8
18 1 10
20 1 23
21 1 20
4 2 27
32 1 14
1 1 1
5 2 5
16 2 16
6 1 1
16 1 10
13 2 17
28 1 27
45 1 7
22 1 17
27 1 20
26 2 26
1 2 3
23 1 19
1 2 7
2 2 2
4 1 1
13 1 10
7 2 20
1 1 8
10 2 10
19 1 13
14 1 5
14 1 13
8 2 1
19 2 20
45 2 26
1 2 11
45 1 20
14 1 1
8 2 8
45 1 1
2 1 10
10 1 9
26 1 6
1 2 8
8 2 12
26 1 7
6 2 1
13 1 14
10 1 20
8 2 9
1 2 20
15 2 16
9 2 8
10 1 12
15 2 45
20 1 22
12 1 1
1 1 11
16 2 23
23 1 20
26 1 5
1 4 1
20 1 10
11 1 10
20 1 26
3 1 2
19 1 17
1 5 1
22 1 21
15 1 14
26 1 1
20 1 45
1 2 13
12 1 3
17 1 10
10 1 1
5 2 1
27 1 5
17 2 18
27 1 1
14 1 6
19 1 18
? 1 github_java_program_data/2/java/2586_new.java

26 1 5
14 1 1
20 1 26
26 1 20
7 1 32
1 2 11
4 1 1
6 1 1
28 1 4
26 1 6
27 1 1
27 1 20
5 2 6
26 1 7
6 2 1
1 2 7
26 1 1
5 2 1
7 2 20
1 2 20
32 1 14
27 1 5
5 2 5
14 1 6
1 1 11
28 1 27
1 1 1
? 1 github_java_program_data/2/java/2591.java

20 1 15
15 2 15
1 5 1
10 1 8
38 2 27
14 1 1
8 2 12
20 1 16
26 1 20
7 1 32
1 2 11
2 1 10
10 1 9
28 1 4
26 1 6
17 2 21
26 2 26
1 2 8
10 1 12
26 1 7
6 2 1
18 1 10
20 1 25
20 1 23
8 2 9
1 2 20
15 2 16
21 1 20
23 1 19
32 1 14
8 2 1
16 2 16
1 1 1
32 2 32
20 1 22
12 1 1
23 2 25
1 1 11
28 1 27
23 1 20
6 1 1
38 1 1
26 1 5
1 4 1
16 1 10
28 1 38
13 2 17
20 1 26
3 1 2
27 1 1
5 2 5
19 1 17
22 1 17
27 1 20
19 2 20
5 2 6
22 1 21
15 2 25
1 2 3
4 1 1
1 2 7
15 1 14
2 2 2
26 1 1
13 1 10
7 2 20
1 1 8
1 2 13
4 2 38
19 1 13
12 2 8
12 1 3
38 2 38
14 1 13
10 1 1
5 2 1
27 1 5
17 2 18
25 1 10
14 1 6
19 1 18
17 1 10
? 1 github_java_program_data/2/java/2596.java

57 1 1
20 1 15
20 1 16
26 1 20
7 1 32
32 2 32
28 1 4
17 2 21
27 1 56
32 1 57
18 1 10
20 1 23
21 1 20
23 1 19
32 1 14
1 1 1
6 1 1
38 1 1
16 1 10
28 1 38
13 2 17
28 1 27
51 1 1
22 1 17
27 1 20
5 2 6
15 2 23
1 2 3
1 2 7
32 1 1
4 1 1
13 1 10
7 2 20
1 1 11
19 1 13
12 2 8
51 2 5
14 1 13
8 2 1
19 2 20
26 1 51
17 1 10
1 2 11
10 1 8
14 1 1
2 1 10
10 1 9
26 1 6
1 2 57
1 2 8
8 2 12
26 1 7
6 2 1
56 2 20
13 1 14
2 1 1
8 2 9
1 1 7
10 1 12
16 2 16
20 1 22
12 1 1
1 1 8
23 1 20
26 1 5
1 4 1
1 2 56
11 1 10
20 1 26
22 1 21
19 1 17
1 1 3
1 5 1
3 1 2
15 1 14
26 1 1
1 2 13
4 2 38
12 1 3
56 1 57
10 1 1
5 2 1
27 1 5
17 2 18
27 1 1
14 1 6
19 1 18
? 1 github_java_program_data/2/java/2600.java

20 1 15
1 2 11
1 5 1
10 1 8
38 2 27
14 1 1
20 1 16
26 1 20
2 1 10
10 1 9
26 1 6
26 2 26
1 2 8
10 1 12
26 1 7
6 2 1
10 1 20
1 2 20
15 2 16
8 2 12
10 1 1
16 2 16
1 1 1
12 1 1
1 1 8
20 1 26
6 1 1
38 1 1
26 1 5
1 4 1
16 1 10
20 1 10
28 1 38
28 1 27
51 1 1
15 2 15
27 1 1
27 1 20
5 2 6
3 1 2
1 2 3
1 2 7
15 1 14
2 2 2
26 1 1
13 1 10
7 2 20
1 1 11
1 2 13
12 1 3
38 2 38
51 2 5
14 1 13
8 2 1
5 2 1
27 1 5
26 1 51
14 1 6
10 2 10
? 1 github_java_program_data/2/java/2611_new.java

20 1 15
1 2 11
1 5 1
10 1 8
14 1 1
20 1 16
26 1 20
2 1 10
10 1 9
28 1 4
26 1 6
26 2 26
1 2 8
10 1 12
26 1 7
6 2 1
10 1 20
1 2 20
15 2 16
8 2 12
10 1 1
16 2 16
1 1 1
12 1 1
1 1 11
20 1 26
6 1 1
38 1 1
26 1 5
1 4 1
16 1 10
20 1 10
28 1 38
28 1 27
51 1 1
15 2 15
27 1 1
27 1 20
5 2 6
3 1 2
1 2 3
4 1 1
1 2 7
15 1 14
2 2 2
26 1 1
13 1 10
7 2 20
1 1 8
10 2 10
4 2 38
12 1 3
38 2 38
51 2 5
14 1 13
8 2 1
5 2 1
27 1 5
26 1 51
14 1 6
1 2 13
? 1 github_java_program_data/2/java/2613_new.java

20 1 15
20 1 16
26 1 20
7 1 32
5 2 1
28 1 4
17 2 21
37 1 20
11 1 10
20 1 25
20 1 23
21 1 20
23 1 19
32 1 14
37 1 17
1 1 1
5 2 5
6 1 1
38 1 1
16 1 10
28 1 38
13 2 17
28 1 27
27 1 1
27 1 20
5 2 6
1 2 3
15 2 37
23 2 16
1 2 7
4 1 1
13 1 10
7 2 20
1 1 11
10 2 10
19 1 13
14 1 13
8 2 1
27 2 27
19 2 20
37 2 25
17 2 20
17 1 10
1 2 11
10 1 8
14 1 1
2 1 10
10 1 9
26 1 6
1 2 8
8 2 12
26 1 7
6 2 1
13 1 14
10 1 20
8 2 9
1 2 20
15 2 16
10 1 12
16 2 16
20 1 22
12 1 1
1 1 8
16 2 23
23 1 20
26 1 5
1 4 1
20 1 10
18 1 10
20 1 26
22 1 21
15 2 15
19 1 17
25 1 10
1 5 1
3 1 2
15 1 14
26 1 1
1 2 13
4 2 38
12 1 3
10 1 1
27 1 5
17 2 18
22 1 17
14 1 6
19 1 18
20 1 37
? 1 github_java_program_data/2/java/2617_new.java

26 1 5
14 1 1
20 1 26
26 1 20
7 1 32
1 2 11
4 1 1
6 1 1
28 1 4
26 1 6
27 1 1
27 1 20
5 2 6
26 1 7
6 2 1
1 2 7
26 1 1
5 2 1
7 2 20
1 2 20
32 1 14
27 1 5
5 2 5
14 1 6
1 1 11
28 1 27
1 1 1
? 1 github_java_program_data/2/java/2621.java

20 1 15
1 2 11
1 5 1
10 1 8
14 1 1
5 2 5
8 2 12
20 1 16
26 1 20
7 1 32
2 1 10
10 1 9
28 1 4
26 1 6
17 2 21
26 2 26
1 2 8
10 1 12
26 1 7
6 2 1
11 1 10
13 1 14
10 1 20
20 1 23
8 2 9
1 2 20
15 2 16
21 1 20
23 1 19
32 1 14
8 2 1
16 2 16
1 1 1
20 1 22
12 1 1
1 1 8
28 1 27
14 1 62
6 1 1
26 1 5
1 4 1
16 1 10
20 1 10
18 1 10
13 2 17
20 1 26
22 1 21
15 2 15
19 1 17
22 1 17
10 2 10
27 1 20
19 2 20
5 2 6
3 1 2
15 2 23
1 2 3
4 1 1
1 2 7
15 1 14
26 1 1
13 1 10
7 2 20
1 1 11
1 2 13
27 1 5
19 1 13
62 1 10
12 1 3
1 2 62
14 1 13
10 1 1
5 2 1
23 1 20
17 2 18
27 1 1
14 1 6
19 1 18
17 1 10
? 1 github_java_program_data/2/java/2623_new.java

20 1 15
15 2 15
1 5 1
10 1 8
38 2 27
14 1 1
8 2 12
20 1 16
26 1 20
7 1 32
1 2 11
2 1 10
10 1 9
28 1 4
26 1 6
17 2 21
26 2 26
1 2 8
10 1 12
26 1 7
6 2 1
18 1 10
20 1 25
20 1 23
8 2 9
1 2 20
15 2 16
21 1 20
23 1 19
32 1 14
8 2 1
16 2 16
1 1 1
32 2 32
20 1 22
12 1 1
23 2 25
1 1 11
28 1 27
23 1 20
6 1 1
38 1 1
26 1 5
1 4 1
16 1 10
28 1 38
13 2 17
20 1 26
3 1 2
27 1 1
5 2 5
19 1 17
22 1 17
27 1 20
19 2 20
5 2 6
22 1 21
15 2 25
1 2 3
4 1 1
1 2 7
15 1 14
2 2 2
26 1 1
13 1 10
7 2 20
1 1 8
1 2 13
4 2 38
19 1 13
12 2 8
12 1 3
38 2 38
14 1 13
10 1 1
5 2 1
27 1 5
17 2 18
25 1 10
14 1 6
19 1 18
17 1 10
? 1 github_java_program_data/2/java/2626.java

20 1 15
1 2 11
1 5 1
10 1 8
38 2 27
14 1 1
20 1 16
26 1 20
2 1 10
10 1 9
26 1 6
26 2 26
1 2 8
10 1 12
26 1 7
6 2 1
10 1 20
1 2 20
15 2 16
8 2 12
10 1 1
16 2 16
1 1 1
12 1 1
1 1 8
20 1 26
6 1 1
38 1 1
26 1 5
1 4 1
16 1 10
20 1 10
28 1 38
28 1 27
51 1 1
15 2 15
27 1 1
27 1 20
5 2 6
3 1 2
1 2 3
1 2 7
15 1 14
2 2 2
26 1 1
13 1 10
7 2 20
1 1 11
1 2 13
12 1 3
38 2 38
51 2 5
14 1 13
8 2 1
5 2 1
27 1 5
26 1 51
14 1 6
10 2 10
? 1 github_java_program_data/2/java/2641_new.java

20 1 15
1 2 11
10 1 8
38 2 27
14 1 1
8 2 12
20 1 16
26 1 20
7 1 32
2 1 10
10 1 9
28 1 4
60 1 20
15 2 26
1 2 8
10 1 12
26 1 7
6 2 1
10 1 20
20 2 59
8 2 9
1 2 20
59 1 20
20 1 60
32 1 14
10 1 1
16 2 16
1 1 1
12 1 1
1 1 8
28 1 27
6 1 1
38 1 1
26 1 5
16 1 10
20 1 10
28 1 38
20 1 26
8 2 1
60 1 59
51 1 1
27 1 1
27 1 20
5 2 6
16 2 60
3 1 2
1 2 3
4 1 1
1 2 7
15 1 14
26 1 1
13 1 10
7 2 20
1 1 11
1 2 13
4 2 38
12 1 3
38 2 38
51 2 5
14 1 13
26 1 6
5 2 1
27 1 5
26 1 51
14 1 6
59 1 7
10 2 10
? 1 github_java_program_data/2/java/2642_new.java

20 1 15
20 1 16
26 1 20
7 1 32
32 2 32
28 1 4
17 2 21
5 2 6
10 1 8
18 1 10
20 1 23
21 1 20
4 2 27
32 1 14
1 1 1
5 2 5
16 2 16
6 1 1
16 1 10
13 2 17
28 1 27
45 1 7
22 1 17
27 1 20
26 2 26
1 2 3
23 1 19
1 2 7
2 2 2
4 1 1
13 1 10
7 2 20
1 1 8
10 2 10
19 1 13
14 1 5
14 1 13
8 2 1
19 2 20
45 2 26
1 2 11
45 1 20
14 1 1
8 2 8
45 1 1
2 1 10
10 1 9
26 1 6
1 2 8
8 2 12
26 1 7
6 2 1
13 1 14
10 1 20
8 2 9
1 2 20
15 2 16
9 2 8
10 1 12
15 2 45
20 1 22
12 1 1
1 1 11
16 2 23
23 1 20
26 1 5
1 4 1
20 1 10
11 1 10
20 1 26
3 1 2
19 1 17
1 5 1
22 1 21
15 1 14
26 1 1
20 1 45
1 2 13
12 1 3
17 1 10
10 1 1
5 2 1
27 1 5
17 2 18
27 1 1
14 1 6
19 1 18
? 1 github_java_program_data/2/java/2646_new.java

26 1 5
14 1 1
20 1 26
26 1 20
7 1 32
1 2 11
4 1 1
6 1 1
28 1 4
26 1 6
27 1 1
27 1 20
5 2 6
26 1 7
6 2 1
1 2 7
26 1 1
5 2 1
7 2 20
1 2 20
32 1 14
27 1 5
5 2 5
14 1 6
1 1 11
28 1 27
1 1 1
? 1 github_java_program_data/2/java/2651.java

20 1 15
15 2 15
1 5 1
10 1 8
38 2 27
14 1 1
8 2 12
20 1 16
26 1 20
7 1 32
1 2 11
2 1 10
10 1 9
28 1 4
26 1 6
17 2 21
26 2 26
1 2 8
10 1 12
26 1 7
6 2 1
18 1 10
20 1 25
20 1 23
8 2 9
1 2 20
15 2 16
21 1 20
23 1 19
32 1 14
8 2 1
16 2 16
1 1 1
32 2 32
20 1 22
12 1 1
23 2 25
1 1 11
28 1 27
23 1 20
6 1 1
38 1 1
26 1 5
1 4 1
16 1 10
28 1 38
13 2 17
20 1 26
3 1 2
27 1 1
5 2 5
19 1 17
22 1 17
27 1 20
19 2 20
5 2 6
22 1 21
15 2 25
1 2 3
4 1 1
1 2 7
15 1 14
2 2 2
26 1 1
13 1 10
7 2 20
1 1 8
1 2 13
4 2 38
19 1 13
12 2 8
12 1 3
38 2 38
14 1 13
10 1 1
5 2 1
27 1 5
17 2 18
25 1 10
14 1 6
19 1 18
17 1 10
? 1 github_java_program_data/2/java/2656.java

20 1 15
1 2 11
1 5 1
10 1 8
14 1 1
8 2 12
20 1 16
26 1 20
7 1 32
2 1 10
10 1 9
28 1 4
26 1 6
17 2 21
26 2 26
1 2 8
10 1 12
26 1 7
6 2 1
11 1 10
13 1 14
10 1 20
4 2 27
20 1 23
8 2 9
1 2 20
15 2 16
21 1 20
23 1 19
32 1 14
8 2 1
16 2 16
1 1 1
20 1 22
12 1 1
1 1 8
28 1 27
23 1 20
6 1 1
26 1 5
1 4 1
16 1 10
20 1 10
18 1 10
13 2 17
20 1 26
22 1 21
5 2 5
19 1 17
22 1 17
10 2 10
27 1 20
19 2 20
5 2 6
3 1 2
1 2 3
4 1 1
1 2 7
15 1 14
26 1 1
13 1 10
7 2 20
1 1 11
1 2 13
19 1 13
12 2 8
12 1 3
16 2 23
14 1 13
10 1 1
5 2 1
27 1 5
17 2 18
27 1 1
14 1 6
19 1 18
17 1 10
? 1 github_java_program_data/2/java/2665_new.java

20 1 15
20 1 16
26 1 20
7 1 32
5 2 1
28 1 4
17 2 21
15 2 26
26 2 26
45 1 20
37 1 20
11 1 10
18 1 10
20 1 23
1 2 62
21 1 20
23 1 19
32 1 14
37 1 17
1 1 1
5 2 5
14 1 62
6 1 1
16 1 10
13 2 17
28 1 27
45 1 7
22 1 17
27 1 20
5 2 6
15 2 23
1 2 3
15 2 37
23 2 16
1 2 7
2 2 2
4 1 1
13 1 10
7 2 20
1 1 11
10 2 10
19 1 13
62 1 10
14 1 5
14 1 13
8 2 1
19 2 20
17 2 20
17 1 10
1 2 11
10 1 8
14 1 1
45 1 1
2 1 10
10 1 9
26 1 6
1 2 8
8 2 12
26 1 7
6 2 1
13 1 14
10 1 20
8 2 9
1 2 20
15 2 16
10 1 12
26 2 45
16 2 16
32 2 32
20 1 22
12 1 1
1 1 8
16 2 23
23 1 20
26 1 5
1 4 1
20 1 10
45 1 5
20 1 26
22 1 21
15 2 15
19 1 17
1 5 1
3 1 2
4 2 27
15 1 14
26 1 1
20 1 45
1 2 13
12 1 3
45 2 26
10 1 1
27 1 5
17 2 18
27 1 1
14 1 6
19 1 18
20 1 37
? 1 github_java_program_data/2/java/2669_new.java

20 1 15
1 2 11
1 5 1
10 1 8
38 2 27
14 1 1
20 1 16
26 1 20
2 1 10
10 1 9
26 1 6
26 2 26
1 2 8
10 1 12
26 1 7
6 2 1
10 1 20
1 2 20
15 2 16
8 2 12
10 1 1
16 2 16
1 1 1
12 1 1
1 1 8
20 1 26
6 1 1
38 1 1
26 1 5
1 4 1
16 1 10
20 1 10
28 1 38
28 1 27
51 1 1
15 2 15
27 1 1
27 1 20
5 2 6
3 1 2
1 2 3
1 2 7
15 1 14
2 2 2
26 1 1
13 1 10
7 2 20
1 1 11
1 2 13
12 1 3
38 2 38
51 2 5
14 1 13
8 2 1
5 2 1
27 1 5
26 1 51
14 1 6
10 2 10
? 1 github_java_program_data/2/java/2671_new.java

20 1 15
20 1 16
26 1 20
7 1 32
32 2 32
28 1 4
17 2 21
5 2 6
10 1 8
18 1 10
20 1 23
21 1 20
4 2 27
32 1 14
1 1 1
5 2 5
16 2 16
6 1 1
16 1 10
13 2 17
28 1 27
45 1 7
22 1 17
27 1 20
26 2 26
1 2 3
23 1 19
1 2 7
2 2 2
4 1 1
13 1 10
7 2 20
1 1 8
10 2 10
19 1 13
14 1 5
14 1 13
8 2 1
19 2 20
45 2 26
1 2 11
45 1 20
14 1 1
8 2 8
45 1 1
2 1 10
10 1 9
26 1 6
1 2 8
8 2 12
26 1 7
6 2 1
13 1 14
10 1 20
8 2 9
1 2 20
15 2 16
9 2 8
10 1 12
15 2 45
20 1 22
12 1 1
1 1 11
16 2 23
23 1 20
26 1 5
1 4 1
20 1 10
11 1 10
20 1 26
3 1 2
19 1 17
1 5 1
22 1 21
15 1 14
26 1 1
20 1 45
1 2 13
12 1 3
17 1 10
10 1 1
5 2 1
27 1 5
17 2 18
27 1 1
14 1 6
19 1 18
? 1 github_java_program_data/2/java/2676_new.java

20 1 15
1 2 11
1 5 1
10 1 8
14 1 1
26 2 26
20 1 16
26 1 20
7 1 32
2 1 10
10 1 9
28 1 4
26 1 6
17 2 21
27 1 56
1 2 8
56 2 20
36 1 1
23 2 22
20 1 20
26 1 7
6 2 1
11 1 10
13 1 14
36 2 20
20 1 23
8 2 9
15 2 23
15 2 16
21 1 20
23 1 19
32 1 14
56 1 55
16 2 16
1 1 1
20 1 22
12 1 1
1 1 11
28 1 27
23 1 20
6 1 1
10 1 12
26 1 5
1 4 1
16 1 10
4 2 27
1 2 56
18 1 10
13 2 17
20 1 26
8 2 1
55 1 1
22 1 21
5 2 5
19 1 17
22 1 17
27 1 20
20 1 36
5 2 6
3 1 2
20 1 31
1 2 3
4 1 1
31 1 1
1 2 7
15 1 14
26 1 1
13 1 10
7 2 20
1 1 8
1 2 13
19 1 13
12 1 3
19 2 20
14 1 13
10 1 1
17 2 18
27 1 1
14 1 6
19 1 18
17 1 10
? 1 github_java_program_data/2/java/2678_new.java

20 1 15
1 2 11
10 1 8
38 2 27
14 1 1
8 2 8
20 1 16
26 1 20
2 1 10
10 1 9
28 1 4
26 1 6
15 2 26
26 2 26
1 2 8
10 1 12
26 1 7
6 2 1
51 2 5
10 1 20
1 2 20
8 2 12
10 1 1
16 2 16
1 1 1
12 1 1
1 1 11
20 1 26
6 1 1
38 1 1
26 1 5
16 1 10
20 1 10
28 1 38
28 1 27
51 1 1
15 2 15
27 1 1
27 1 20
5 2 6
3 1 2
1 2 3
4 1 1
1 2 7
15 1 14
2 2 2
26 1 1
13 1 10
7 2 20
1 1 8
10 2 10
4 2 38
12 1 3
38 2 38
14 1 5
14 1 13
8 2 1
5 2 1
27 1 5
26 1 51
14 1 6
1 2 13
? 1 github_java_program_data/2/java/2682_new.java

20 1 15
15 2 15
1 5 1
10 1 8
38 2 27
14 1 1
8 2 12
20 1 16
26 1 20
7 1 32
1 2 11
2 1 10
10 1 9
28 1 4
26 1 6
17 2 21
26 2 26
1 2 8
10 1 12
26 1 7
6 2 1
18 1 10
20 1 25
20 1 23
8 2 9
1 2 20
15 2 16
21 1 20
23 1 19
32 1 14
8 2 1
16 2 16
1 1 1
32 2 32
20 1 22
12 1 1
23 2 25
1 1 11
28 1 27
23 1 20
6 1 1
38 1 1
26 1 5
1 4 1
16 1 10
28 1 38
13 2 17
20 1 26
3 1 2
27 1 1
5 2 5
19 1 17
22 1 17
27 1 20
19 2 20
5 2 6
22 1 21
15 2 25
1 2 3
4 1 1
1 2 7
15 1 14
2 2 2
26 1 1
13 1 10
7 2 20
1 1 8
1 2 13
4 2 38
19 1 13
12 2 8
12 1 3
38 2 38
14 1 13
10 1 1
5 2 1
27 1 5
17 2 18
25 1 10
14 1 6
19 1 18
17 1 10
? 1 github_java_program_data/2/java/2686.java

20 1 15
1 2 11
1 5 1
10 1 8
14 1 1
26 2 26
20 1 16
26 1 20
7 1 32
10 1 9
28 1 4
26 1 6
17 2 21
27 1 56
1 2 8
56 2 20
26 1 7
6 2 1
11 1 10
13 1 14
20 1 25
20 1 23
8 2 9
21 1 20
23 1 19
32 1 14
56 1 55
16 2 16
1 1 1
20 1 22
1 1 11
28 1 27
23 1 20
6 1 1
26 1 5
1 4 1
16 1 10
4 2 27
1 2 56
18 1 10
13 2 17
20 1 26
8 2 1
55 1 1
51 1 1
27 1 1
19 1 17
22 1 17
27 1 20
19 2 20
5 2 6
22 1 21
15 2 22
4 1 1
1 2 7
15 1 14
26 1 1
13 1 10
7 2 20
1 1 8
1 2 13
19 1 13
51 2 5
14 1 13
10 1 1
5 2 1
27 1 5
17 2 18
25 1 10
26 1 51
14 1 6
19 1 18
17 1 10
? 1 github_java_program_data/2/java/2695.java

20 1 15
1 2 11
1 5 1
10 1 8
38 2 27
14 1 1
20 1 16
26 1 20
2 1 10
10 1 9
26 1 6
26 2 26
1 2 8
10 1 12
26 1 7
6 2 1
10 1 20
1 2 20
15 2 16
8 2 12
10 1 1
16 2 16
1 1 1
12 1 1
1 1 8
20 1 26
6 1 1
38 1 1
26 1 5
1 4 1
16 1 10
20 1 10
28 1 38
28 1 27
51 1 1
15 2 15
27 1 1
27 1 20
5 2 6
3 1 2
1 2 3
1 2 7
15 1 14
2 2 2
26 1 1
13 1 10
7 2 20
1 1 11
1 2 13
12 1 3
38 2 38
51 2 5
14 1 13
8 2 1
5 2 1
27 1 5
26 1 51
14 1 6
10 2 10
? 1 github_java_program_data/2/java/2701_new.java

20 1 15
1 2 11
1 5 1
10 1 8
14 1 1
20 1 16
26 1 20
2 1 10
10 1 9
28 1 4
26 1 6
26 2 26
1 2 8
10 1 12
26 1 7
6 2 1
10 1 20
1 2 20
15 2 16
8 2 12
10 1 1
16 2 16
1 1 1
12 1 1
1 1 11
20 1 26
6 1 1
38 1 1
26 1 5
1 4 1
16 1 10
20 1 10
28 1 38
28 1 27
51 1 1
15 2 15
27 1 1
27 1 20
5 2 6
3 1 2
1 2 3
4 1 1
1 2 7
15 1 14
2 2 2
26 1 1
13 1 10
7 2 20
1 1 8
10 2 10
4 2 38
12 1 3
38 2 38
51 2 5
14 1 13
8 2 1
5 2 1
27 1 5
26 1 51
14 1 6
1 2 13
? 1 github_java_program_data/2/java/2703_new.java

20 1 15
20 1 16
26 1 20
7 1 32
32 2 32
28 1 4
17 2 21
5 2 6
10 1 8
18 1 10
20 1 23
21 1 20
4 2 27
32 1 14
1 1 1
5 2 5
16 2 16
6 1 1
16 1 10
13 2 17
28 1 27
45 1 7
22 1 17
27 1 20
26 2 26
1 2 3
23 1 19
1 2 7
2 2 2
4 1 1
13 1 10
7 2 20
1 1 8
10 2 10
19 1 13
14 1 5
14 1 13
8 2 1
19 2 20
45 2 26
1 2 11
45 1 20
14 1 1
8 2 8
45 1 1
2 1 10
10 1 9
26 1 6
1 2 8
8 2 12
26 1 7
6 2 1
13 1 14
10 1 20
8 2 9
1 2 20
15 2 16
9 2 8
10 1 12
15 2 45
20 1 22
12 1 1
1 1 11
16 2 23
23 1 20
26 1 5
1 4 1
20 1 10
11 1 10
20 1 26
3 1 2
19 1 17
1 5 1
22 1 21
15 1 14
26 1 1
20 1 45
1 2 13
12 1 3
17 1 10
10 1 1
5 2 1
27 1 5
17 2 18
27 1 1
14 1 6
19 1 18
? 1 github_java_program_data/2/java/2706_new.java

20 1 15
1 2 11
1 5 1
10 1 8
38 2 27
14 1 1
5 2 5
8 2 12
20 1 16
26 1 20
7 1 32
2 1 10
10 1 9
26 1 6
17 2 21
5 2 6
1 2 8
37 1 20
10 1 12
14 1 62
6 2 1
11 1 10
13 1 14
10 1 20
20 1 23
8 2 9
16 2 16
26 1 7
21 1 20
23 1 19
32 1 14
8 2 1
37 1 17
1 1 1
22 2 16
20 1 22
12 1 1
1 1 8
28 1 27
23 1 20
6 1 1
38 1 1
26 1 5
1 4 1
16 1 10
20 1 10
28 1 38
20 1 26
37 2 23
22 1 21
15 2 15
22 1 17
27 1 20
19 2 20
1 2 13
3 1 2
1 2 3
15 2 37
1 2 7
15 1 14
17 2 20
26 1 1
13 1 10
7 2 20
1 1 11
10 2 10
19 1 13
62 1 10
12 1 3
1 2 62
14 1 13
10 1 1
5 2 1
27 1 5
1 2 20
27 1 1
14 1 6
17 1 10
20 1 37
? 1 github_java_program_data/2/java/2710.java

26 1 5
14 1 1
20 1 26
26 1 20
7 1 32
1 2 11
4 1 1
6 1 1
28 1 4
26 1 6
27 1 1
27 1 20
5 2 6
26 1 7
6 2 1
1 2 7
26 1 1
5 2 1
7 2 20
1 2 20
32 1 14
27 1 5
5 2 5
14 1 6
1 1 11
28 1 27
1 1 1
? 1 github_java_program_data/2/java/2711.java

20 1 15
1 2 11
1 5 1
10 1 8
14 1 1
5 2 5
8 2 12
20 1 16
26 1 20
7 1 32
45 1 1
2 1 10
10 1 9
28 1 4
26 1 6
17 2 21
26 2 26
1 2 8
45 1 20
10 1 12
26 1 7
6 2 1
11 1 10
13 1 14
15 2 45
20 1 23
8 2 9
1 2 20
15 2 16
21 1 20
23 1 19
32 1 14
8 2 1
16 2 16
1 1 1
20 1 22
12 1 1
1 1 8
28 1 27
23 1 20
6 1 1
26 1 5
23 2 15
16 1 10
18 1 10
13 2 17
20 1 26
45 1 7
3 1 2
15 2 15
19 1 17
22 1 17
27 1 20
19 2 20
5 2 6
22 1 21
15 2 23
1 2 3
4 1 1
1 2 7
15 1 14
2 2 2
26 1 1
13 1 10
7 2 20
1 1 11
1 2 13
20 1 45
19 1 13
12 1 3
45 2 26
14 1 13
10 1 1
5 2 1
27 1 5
17 2 18
27 1 1
14 1 6
19 1 18
17 1 10
1 4 1
? 1 github_java_program_data/2/java/2715.java

20 1 15
15 2 15
1 5 1
10 1 8
38 2 27
14 1 1
8 2 12
20 1 16
26 1 20
7 1 32
1 2 11
2 1 10
10 1 9
28 1 4
26 1 6
17 2 21
26 2 26
1 2 8
10 1 12
26 1 7
6 2 1
18 1 10
20 1 25
20 1 23
8 2 9
1 2 20
15 2 16
21 1 20
23 1 19
32 1 14
8 2 1
16 2 16
1 1 1
32 2 32
20 1 22
12 1 1
23 2 25
1 1 11
28 1 27
23 1 20
6 1 1
38 1 1
26 1 5
1 4 1
16 1 10
28 1 38
13 2 17
20 1 26
3 1 2
27 1 1
5 2 5
19 1 17
22 1 17
27 1 20
19 2 20
5 2 6
22 1 21
15 2 25
1 2 3
4 1 1
1 2 7
15 1 14
2 2 2
26 1 1
13 1 10
7 2 20
1 1 8
1 2 13
4 2 38
19 1 13
12 2 8
12 1 3
38 2 38
14 1 13
10 1 1
5 2 1
27 1 5
17 2 18
25 1 10
14 1 6
19 1 18
17 1 10
? 1 github_java_program_data/2/java/2716.java

20 1 15
1 2 11
1 5 1
10 1 8
38 2 27
14 1 1
20 1 16
26 1 20
2 1 10
10 1 9
26 1 6
26 2 26
1 2 8
10 1 12
26 1 7
6 2 1
10 1 20
1 2 20
15 2 16
8 2 12
10 1 1
16 2 16
1 1 1
12 1 1
1 1 8
20 1 26
6 1 1
38 1 1
26 1 5
1 4 1
16 1 10
20 1 10
28 1 38
28 1 27
51 1 1
15 2 15
27 1 1
27 1 20
5 2 6
3 1 2
1 2 3
1 2 7
15 1 14
2 2 2
26 1 1
13 1 10
7 2 20
1 1 11
1 2 13
12 1 3
38 2 38
51 2 5
14 1 13
8 2 1
5 2 1
27 1 5
26 1 51
14 1 6
10 2 10
? 1 github_java_program_data/2/java/2731_new.java

20 1 15
1 2 11
1 5 1
10 1 8
14 1 1
20 1 16
26 1 20
2 1 10
10 1 9
28 1 4
26 1 6
26 2 26
1 2 8
10 1 12
26 1 7
6 2 1
10 1 20
1 2 20
15 2 16
8 2 12
10 1 1
16 2 16
1 1 1
12 1 1
1 1 11
20 1 26
6 1 1
38 1 1
26 1 5
1 4 1
16 1 10
20 1 10
28 1 38
28 1 27
51 1 1
15 2 15
27 1 1
27 1 20
5 2 6
3 1 2
1 2 3
4 1 1
1 2 7
15 1 14
2 2 2
26 1 1
13 1 10
7 2 20
1 1 8
10 2 10
4 2 38
12 1 3
38 2 38
51 2 5
14 1 13
8 2 1
5 2 1
27 1 5
26 1 51
14 1 6
1 2 13
? 1 github_java_program_data/2/java/2733_new.java

20 1 15
20 1 16
26 1 20
7 1 32
32 2 32
28 1 4
17 2 21
5 2 6
10 1 8
18 1 10
20 1 23
21 1 20
4 2 27
32 1 14
1 1 1
5 2 5
16 2 16
6 1 1
16 1 10
13 2 17
28 1 27
45 1 7
22 1 17
27 1 20
26 2 26
1 2 3
23 1 19
1 2 7
2 2 2
4 1 1
13 1 10
7 2 20
1 1 8
10 2 10
19 1 13
14 1 5
14 1 13
8 2 1
19 2 20
45 2 26
1 2 11
45 1 20
14 1 1
8 2 8
45 1 1
2 1 10
10 1 9
26 1 6
1 2 8
8 2 12
26 1 7
6 2 1
13 1 14
10 1 20
8 2 9
1 2 20
15 2 16
9 2 8
10 1 12
15 2 45
20 1 22
12 1 1
1 1 11
16 2 23
23 1 20
26 1 5
1 4 1
20 1 10
11 1 10
20 1 26
3 1 2
19 1 17
1 5 1
22 1 21
15 1 14
26 1 1
20 1 45
1 2 13
12 1 3
17 1 10
10 1 1
5 2 1
27 1 5
17 2 18
27 1 1
14 1 6
19 1 18
? 1 github_java_program_data/2/java/2736_new.java

26 1 5
14 1 1
20 1 26
26 1 20
7 1 32
1 2 11
4 1 1
6 1 1
28 1 4
26 1 6
27 1 1
27 1 20
5 2 6
26 1 7
6 2 1
1 2 7
26 1 1
5 2 1
7 2 20
1 2 20
32 1 14
27 1 5
5 2 5
14 1 6
1 1 11
28 1 27
1 1 1
? 1 github_java_program_data/2/java/2741.java

20 1 15
15 2 15
1 5 1
10 1 8
38 2 27
14 1 1
8 2 12
20 1 16
26 1 20
7 1 32
1 2 11
2 1 10
10 1 9
28 1 4
26 1 6
17 2 21
26 2 26
1 2 8
10 1 12
26 1 7
6 2 1
18 1 10
20 1 25
20 1 23
8 2 9
1 2 20
15 2 16
21 1 20
23 1 19
32 1 14
8 2 1
16 2 16
1 1 1
32 2 32
20 1 22
12 1 1
23 2 25
1 1 11
28 1 27
23 1 20
6 1 1
38 1 1
26 1 5
1 4 1
16 1 10
28 1 38
13 2 17
20 1 26
3 1 2
27 1 1
5 2 5
19 1 17
22 1 17
27 1 20
19 2 20
5 2 6
22 1 21
15 2 25
1 2 3
4 1 1
1 2 7
15 1 14
2 2 2
26 1 1
13 1 10
7 2 20
1 1 8
1 2 13
4 2 38
19 1 13
12 2 8
12 1 3
38 2 38
14 1 13
10 1 1
5 2 1
27 1 5
17 2 18
25 1 10
14 1 6
19 1 18
17 1 10
? 1 github_java_program_data/2/java/2746.java

20 1 15
1 2 11
1 5 1
10 1 8
14 1 1
8 2 12
20 1 16
26 1 20
7 1 32
45 1 1
2 1 10
10 1 9
28 1 4
26 1 6
17 2 21
27 1 56
1 2 8
45 1 20
10 1 12
26 1 7
6 2 1
18 1 10
13 1 14
15 2 45
20 1 23
8 2 9
56 2 20
21 1 20
23 1 19
32 1 14
56 1 55
16 2 16
1 1 1
20 1 22
12 1 1
1 1 11
28 1 27
23 1 20
6 1 1
26 1 5
1 4 1
16 1 10
4 2 27
1 2 56
45 1 5
13 2 17
20 1 26
8 2 1
55 1 1
45 1 7
3 1 2
19 1 17
22 1 17
27 1 20
19 2 20
26 2 26
5 2 6
22 1 21
32 2 32
1 2 3
4 1 1
1 2 7
15 1 14
2 2 2
26 1 1
13 1 10
11 1 10
1 1 8
1 2 13
20 1 45
19 1 13
12 1 3
45 2 26
14 1 5
7 2 20
14 1 13
10 1 1
5 2 1
27 1 5
17 2 18
27 1 1
14 1 6
19 1 18
17 1 10
? 1 github_java_program_data/2/java/2748_new.java

20 1 15
1 2 11
1 5 1
10 1 8
14 1 1
20 1 16
26 1 20
2 1 10
10 1 9
28 1 4
26 1 6
26 2 26
1 2 8
10 1 12
26 1 7
6 2 1
10 1 20
1 2 20
15 2 16
8 2 12
10 1 1
16 2 16
1 1 1
12 1 1
1 1 11
20 1 26
6 1 1
38 1 1
26 1 5
1 4 1
16 1 10
20 1 10
28 1 38
28 1 27
51 1 1
15 2 15
27 1 1
27 1 20
5 2 6
3 1 2
1 2 3
4 1 1
1 2 7
15 1 14
2 2 2
26 1 1
13 1 10
7 2 20
1 1 8
10 2 10
4 2 38
12 1 3
38 2 38
51 2 5
14 1 13
8 2 1
5 2 1
27 1 5
26 1 51
14 1 6
1 2 13
? 1 github_java_program_data/2/java/2763_new.java

20 1 15
20 1 16
26 1 20
7 1 32
32 2 32
28 1 4
17 2 21
5 2 6
10 1 8
18 1 10
20 1 23
21 1 20
4 2 27
32 1 14
1 1 1
5 2 5
16 2 16
6 1 1
16 1 10
13 2 17
28 1 27
45 1 7
22 1 17
27 1 20
26 2 26
1 2 3
23 1 19
1 2 7
2 2 2
4 1 1
13 1 10
7 2 20
1 1 8
10 2 10
19 1 13
14 1 5
14 1 13
8 2 1
19 2 20
45 2 26
1 2 11
45 1 20
14 1 1
8 2 8
45 1 1
2 1 10
10 1 9
26 1 6
1 2 8
8 2 12
26 1 7
6 2 1
13 1 14
10 1 20
8 2 9
1 2 20
15 2 16
9 2 8
10 1 12
15 2 45
20 1 22
12 1 1
1 1 11
16 2 23
23 1 20
26 1 5
1 4 1
20 1 10
11 1 10
20 1 26
3 1 2
19 1 17
1 5 1
22 1 21
15 1 14
26 1 1
20 1 45
1 2 13
12 1 3
17 1 10
10 1 1
5 2 1
27 1 5
17 2 18
27 1 1
14 1 6
19 1 18
? 1 github_java_program_data/2/java/2766_new.java

26 1 5
14 1 1
20 1 26
26 1 20
7 1 32
1 2 11
4 1 1
6 1 1
28 1 4
26 1 6
27 1 1
27 1 20
5 2 6
26 1 7
6 2 1
1 2 7
26 1 1
5 2 1
7 2 20
1 2 20
32 1 14
27 1 5
5 2 5
14 1 6
1 1 11
28 1 27
1 1 1
? 1 github_java_program_data/2/java/2771.java

20 1 15
1 2 11
10 1 8
38 2 27
14 1 1
8 2 12
20 1 16
26 1 20
7 1 32
2 1 10
10 1 9
26 1 6
17 2 21
1 5 1
1 2 8
10 1 12
26 1 7
6 2 1
18 1 10
13 1 14
16 2 15
20 1 23
8 2 9
1 2 20
23 2 23
15 2 16
21 1 20
23 1 19
32 1 14
8 2 1
16 2 16
1 1 1
20 1 22
12 1 1
1 1 8
28 1 27
23 1 20
6 1 1
38 1 1
26 1 5
1 4 1
16 1 10
11 1 10
28 1 38
13 2 17
20 1 26
3 1 2
5 2 5
19 1 17
22 1 17
27 1 20
19 2 20
5 2 6
22 1 21
15 2 23
1 2 3
1 2 7
15 1 14
26 1 1
13 1 10
7 2 20
1 1 11
1 2 13
19 1 13
12 1 3
14 1 13
10 1 1
17 2 18
27 1 1
14 1 6
19 1 18
17 1 10
? 1 github_java_program_data/2/java/2772.java

20 1 15
15 2 15
1 5 1
10 1 8
38 2 27
14 1 1
8 2 12
20 1 16
26 1 20
7 1 32
1 2 11
2 1 10
10 1 9
28 1 4
26 1 6
17 2 21
26 2 26
1 2 8
10 1 12
26 1 7
6 2 1
18 1 10
20 1 25
20 1 23
8 2 9
1 2 20
15 2 16
21 1 20
23 1 19
32 1 14
8 2 1
16 2 16
1 1 1
32 2 32
20 1 22
12 1 1
23 2 25
1 1 11
28 1 27
23 1 20
6 1 1
38 1 1
26 1 5
1 4 1
16 1 10
28 1 38
13 2 17
20 1 26
3 1 2
27 1 1
5 2 5
19 1 17
22 1 17
27 1 20
19 2 20
5 2 6
22 1 21
15 2 25
1 2 3
4 1 1
1 2 7
15 1 14
2 2 2
26 1 1
13 1 10
7 2 20
1 1 8
1 2 13
4 2 38
19 1 13
12 2 8
12 1 3
38 2 38
14 1 13
10 1 1
5 2 1
27 1 5
17 2 18
25 1 10
14 1 6
19 1 18
17 1 10
? 1 github_java_program_data/2/java/2776.java

20 1 15
1 2 11
1 5 1
10 1 8
20 1 25
20 1 16
26 1 20
7 1 32
2 1 10
10 1 9
26 1 6
17 2 21
26 2 26
1 2 8
22 2 23
15 2 15
10 1 12
26 1 7
6 2 1
11 1 10
13 1 14
10 1 20
14 1 1
20 1 23
8 2 9
1 2 20
15 2 16
9 2 8
21 1 20
23 1 19
32 1 14
8 2 1
16 2 16
1 1 1
20 1 22
12 1 1
1 1 8
28 1 27
14 1 62
6 1 1
26 1 5
1 4 1
16 1 10
20 1 10
18 1 10
13 2 17
20 1 26
22 1 21
5 2 5
19 1 17
22 1 17
10 2 10
27 1 20
19 2 20
5 2 6
3 1 2
1 2 3
23 2 16
1 2 7
15 1 14
26 1 1
13 1 10
7 2 20
1 1 11
1 2 13
27 1 5
19 1 13
62 1 10
12 1 3
1 2 62
14 1 13
10 1 1
5 2 1
23 1 20
17 2 18
27 1 1
14 1 6
19 1 18
17 1 10
? 1 github_java_program_data/2/java/2776_new.java

20 1 15
1 2 11
10 1 8
14 1 1
20 1 16
7 1 32
45 1 1
10 1 9
17 2 21
1 2 8
45 1 20
23 2 22
6 2 1
11 1 10
20 1 25
20 1 23
8 2 9
1 2 20
45 1 5
21 1 20
23 1 19
32 1 14
8 2 1
16 2 16
1 1 1
20 1 22
23 2 25
1 1 11
23 1 20
6 1 1
1 4 1
16 1 10
18 1 10
13 2 17
28 1 27
45 1 7
22 1 21
19 1 17
27 1 1
27 1 20
25 1 10
1 5 1
1 2 7
15 1 14
20 1 45
7 2 20
1 1 8
13 1 10
19 1 13
19 2 20
10 1 1
5 2 1
17 2 18
22 1 17
14 1 6
19 1 18
17 1 10
? 1 github_java_program_data/2/java/2793.java

20 1 15
1 2 11
1 5 1
10 1 8
14 1 1
20 1 16
26 1 20
2 1 10
10 1 9
28 1 4
26 1 6
26 2 26
1 2 8
10 1 12
26 1 7
6 2 1
10 1 20
1 2 20
15 2 16
8 2 12
10 1 1
16 2 16
1 1 1
12 1 1
1 1 11
20 1 26
6 1 1
38 1 1
26 1 5
1 4 1
16 1 10
20 1 10
28 1 38
28 1 27
51 1 1
15 2 15
27 1 1
27 1 20
5 2 6
3 1 2
1 2 3
4 1 1
1 2 7
15 1 14
2 2 2
26 1 1
13 1 10
7 2 20
1 1 8
10 2 10
4 2 38
12 1 3
38 2 38
51 2 5
14 1 13
8 2 1
5 2 1
27 1 5
26 1 51
14 1 6
1 2 13
? 1 github_java_program_data/2/java/2793_new.java

20 1 15
1 2 11
1 5 1
10 1 8
38 2 27
14 1 1
5 2 5
8 2 12
14 2 14
20 1 16
26 1 20
7 1 32
2 1 10
10 1 9
26 1 6
17 2 21
26 2 26
1 2 8
23 2 22
10 1 12
26 1 7
6 2 1
18 1 10
13 1 14
20 1 23
8 2 9
15 2 23
9 2 8
21 1 20
23 1 19
32 1 14
8 2 1
16 2 16
1 1 1
8 2 8
20 1 22
12 1 1
1 1 8
28 1 27
23 1 20
6 1 1
38 1 1
26 1 5
1 4 1
16 1 10
11 1 10
28 1 38
13 2 17
20 1 26
3 1 2
15 2 15
19 1 17
22 1 17
27 1 20
19 2 20
5 2 6
22 1 21
20 1 31
1 2 3
23 2 16
1 2 7
15 1 14
26 1 1
13 1 10
7 2 20
1 1 11
1 2 13
19 1 13
12 1 3
38 2 38
14 1 13
10 1 1
5 2 1
27 1 5
17 2 18
1 2 20
27 1 1
14 1 6
19 1 18
17 1 10
? 1 github_java_program_data/2/java/2797.java

26 1 5
14 1 1
20 1 26
26 1 20
7 1 32
1 2 11
4 1 1
6 1 1
28 1 4
26 1 6
27 1 1
27 1 20
5 2 6
26 1 7
6 2 1
1 2 7
26 1 1
5 2 1
7 2 20
1 2 20
32 1 14
27 1 5
5 2 5
14 1 6
1 1 11
28 1 27
1 1 1
? 1 github_java_program_data/2/java/2801.java

20 1 15
15 2 15
1 5 1
10 1 8
38 2 27
14 1 1
8 2 12
20 1 16
26 1 20
7 1 32
1 2 11
2 1 10
10 1 9
28 1 4
26 1 6
17 2 21
26 2 26
1 2 8
10 1 12
26 1 7
6 2 1
18 1 10
20 1 25
20 1 23
8 2 9
1 2 20
15 2 16
21 1 20
23 1 19
32 1 14
8 2 1
16 2 16
1 1 1
32 2 32
20 1 22
12 1 1
23 2 25
1 1 11
28 1 27
23 1 20
6 1 1
38 1 1
26 1 5
1 4 1
16 1 10
28 1 38
13 2 17
20 1 26
3 1 2
27 1 1
5 2 5
19 1 17
22 1 17
27 1 20
19 2 20
5 2 6
22 1 21
15 2 25
1 2 3
4 1 1
1 2 7
15 1 14
2 2 2
26 1 1
13 1 10
7 2 20
1 1 8
1 2 13
4 2 38
19 1 13
12 2 8
12 1 3
38 2 38
14 1 13
10 1 1
5 2 1
27 1 5
17 2 18
25 1 10
14 1 6
19 1 18
17 1 10
? 1 github_java_program_data/2/java/2806.java

20 1 15
1 2 11
1 5 1
10 1 8
38 2 27
14 1 1
20 1 16
26 1 20
2 1 10
10 1 9
26 1 6
26 2 26
1 2 8
10 1 12
26 1 7
6 2 1
10 1 20
1 2 20
15 2 16
8 2 12
10 1 1
16 2 16
1 1 1
12 1 1
1 1 8
20 1 26
6 1 1
38 1 1
26 1 5
1 4 1
16 1 10
20 1 10
28 1 38
28 1 27
51 1 1
15 2 15
27 1 1
27 1 20
5 2 6
3 1 2
1 2 3
1 2 7
15 1 14
2 2 2
26 1 1
13 1 10
7 2 20
1 1 11
1 2 13
12 1 3
38 2 38
51 2 5
14 1 13
8 2 1
5 2 1
27 1 5
26 1 51
14 1 6
10 2 10
? 1 github_java_program_data/2/java/2821_new.java

20 1 15
20 1 16
26 1 20
7 1 32
32 2 32
28 1 4
17 2 21
5 2 6
10 1 8
18 1 10
20 1 23
21 1 20
4 2 27
32 1 14
1 1 1
5 2 5
16 2 16
6 1 1
16 1 10
13 2 17
28 1 27
45 1 7
22 1 17
27 1 20
26 2 26
1 2 3
23 1 19
1 2 7
2 2 2
4 1 1
13 1 10
7 2 20
1 1 8
10 2 10
19 1 13
14 1 5
14 1 13
8 2 1
19 2 20
45 2 26
1 2 11
45 1 20
14 1 1
8 2 8
45 1 1
2 1 10
10 1 9
26 1 6
1 2 8
8 2 12
26 1 7
6 2 1
13 1 14
10 1 20
8 2 9
1 2 20
15 2 16
9 2 8
10 1 12
15 2 45
20 1 22
12 1 1
1 1 11
16 2 23
23 1 20
26 1 5
1 4 1
20 1 10
11 1 10
20 1 26
3 1 2
19 1 17
1 5 1
22 1 21
15 1 14
26 1 1
20 1 45
1 2 13
12 1 3
17 1 10
10 1 1
5 2 1
27 1 5
17 2 18
27 1 1
14 1 6
19 1 18
? 1 github_java_program_data/2/java/2826_new.java

20 1 15
1 2 11
1 5 1
10 1 8
14 1 1
5 2 5
8 2 12
20 1 16
26 1 20
7 1 32
2 1 10
10 1 9
28 1 4
26 1 6
17 2 21
26 2 26
1 2 8
10 1 12
26 1 7
6 2 1
11 1 10
13 1 14
10 1 20
20 1 23
8 2 9
1 2 20
15 2 16
21 1 20
23 1 19
32 1 14
8 2 1
16 2 16
1 1 1
32 2 32
20 1 22
12 1 1
1 1 8
28 1 27
23 1 20
6 1 1
26 1 5
1 4 1
16 1 10
20 1 10
18 1 10
13 2 17
20 1 26
3 1 2
15 2 15
19 1 17
22 1 17
10 2 10
27 1 20
19 2 20
5 2 6
22 1 21
15 2 23
1 2 3
4 1 1
1 2 7
15 1 14
2 2 2
26 1 1
13 1 10
7 2 20
1 1 11
1 2 13
19 1 13
12 1 3
16 2 23
14 1 13
10 1 1
5 2 1
27 1 5
17 2 18
27 1 1
14 1 6
19 1 18
17 1 10
? 1 github_java_program_data/2/java/2830_new.java

20 1 15
1 2 11
10 1 8
38 2 27
14 1 1
8 2 8
20 1 16
26 1 20
2 1 10
10 1 9
28 1 4
26 1 6
15 2 26
26 2 26
1 2 8
10 1 12
26 1 7
6 2 1
51 2 5
10 1 20
1 2 20
8 2 12
10 1 1
16 2 16
1 1 1
12 1 1
1 1 11
20 1 26
6 1 1
38 1 1
26 1 5
16 1 10
20 1 10
28 1 38
28 1 27
51 1 1
15 2 15
27 1 1
27 1 20
5 2 6
3 1 2
1 2 3
4 1 1
1 2 7
15 1 14
2 2 2
26 1 1
13 1 10
7 2 20
1 1 8
10 2 10
4 2 38
12 1 3
38 2 38
14 1 5
14 1 13
8 2 1
5 2 1
27 1 5
26 1 51
14 1 6
1 2 13
? 1 github_java_program_data/2/java/2832_new.java

20 1 15
15 2 15
1 5 1
10 1 8
38 2 27
14 1 1
8 2 12
20 1 16
26 1 20
7 1 32
1 2 11
2 1 10
10 1 9
28 1 4
26 1 6
17 2 21
26 2 26
1 2 8
10 1 12
26 1 7
6 2 1
18 1 10
20 1 25
20 1 23
8 2 9
1 2 20
15 2 16
21 1 20
23 1 19
32 1 14
8 2 1
16 2 16
1 1 1
32 2 32
20 1 22
12 1 1
23 2 25
1 1 11
28 1 27
23 1 20
6 1 1
38 1 1
26 1 5
1 4 1
16 1 10
28 1 38
13 2 17
20 1 26
3 1 2
27 1 1
5 2 5
19 1 17
22 1 17
27 1 20
19 2 20
5 2 6
22 1 21
15 2 25
1 2 3
4 1 1
1 2 7
15 1 14
2 2 2
26 1 1
13 1 10
7 2 20
1 1 8
1 2 13
4 2 38
19 1 13
12 2 8
12 1 3
38 2 38
14 1 13
10 1 1
5 2 1
27 1 5
17 2 18
25 1 10
14 1 6
19 1 18
17 1 10
? 1 github_java_program_data/2/java/2836.java

20 1 15
21 2 24
10 1 8
14 1 1
8 2 12
22 1 24
20 1 16
26 1 20
7 1 32
2 1 10
10 1 9
12 2 8
26 1 6
17 2 21
12 1 3
1 5 1
1 2 8
37 1 20
10 1 12
26 1 7
6 2 1
18 1 10
13 1 14
20 1 25
20 1 23
8 2 9
16 2 16
15 2 16
9 2 8
21 1 20
23 1 19
32 1 14
8 2 1
37 1 17
1 1 1
20 1 22
12 1 1
1 1 8
28 1 27
23 1 20
6 1 1
26 1 5
1 4 1
16 1 10
13 2 17
20 1 26
22 1 21
27 1 1
19 1 17
22 1 17
27 1 20
19 2 20
5 2 6
3 1 2
15 2 23
1 2 3
1 2 7
15 1 14
17 2 20
26 1 1
13 1 10
7 2 20
1 2 13
19 1 13
24 1 20
14 1 5
14 1 13
10 1 1
5 2 1
27 1 5
17 2 18
1 2 20
25 1 10
14 1 6
19 1 18
17 1 10
20 1 37
? 1 github_java_program_data/2/java/2846.java

20 1 15
1 2 11
1 5 1
10 1 8
38 2 27
14 1 1
20 1 16
26 1 20
2 1 10
10 1 9
26 1 6
26 2 26
1 2 8
10 1 12
26 1 7
6 2 1
10 1 20
1 2 20
15 2 16
8 2 12
10 1 1
16 2 16
1 1 1
12 1 1
1 1 8
20 1 26
6 1 1
38 1 1
26 1 5
1 4 1
16 1 10
20 1 10
28 1 38
28 1 27
51 1 1
15 2 15
27 1 1
27 1 20
5 2 6
3 1 2
1 2 3
1 2 7
15 1 14
2 2 2
26 1 1
13 1 10
7 2 20
1 1 11
1 2 13
12 1 3
38 2 38
51 2 5
14 1 13
8 2 1
5 2 1
27 1 5
26 1 51
14 1 6
10 2 10
? 1 github_java_program_data/2/java/2851_new.java

20 1 15
20 1 16
26 1 20
7 1 32
32 2 32
28 1 4
17 2 21
5 2 6
10 1 8
18 1 10
20 1 23
21 1 20
4 2 27
32 1 14
1 1 1
5 2 5
16 2 16
6 1 1
16 1 10
13 2 17
28 1 27
45 1 7
22 1 17
27 1 20
26 2 26
1 2 3
23 1 19
1 2 7
2 2 2
4 1 1
13 1 10
7 2 20
1 1 8
10 2 10
19 1 13
14 1 5
14 1 13
8 2 1
19 2 20
45 2 26
1 2 11
45 1 20
14 1 1
8 2 8
45 1 1
2 1 10
10 1 9
26 1 6
1 2 8
8 2 12
26 1 7
6 2 1
13 1 14
10 1 20
8 2 9
1 2 20
15 2 16
9 2 8
10 1 12
15 2 45
20 1 22
12 1 1
1 1 11
16 2 23
23 1 20
26 1 5
1 4 1
20 1 10
11 1 10
20 1 26
3 1 2
19 1 17
1 5 1
22 1 21
15 1 14
26 1 1
20 1 45
1 2 13
12 1 3
17 1 10
10 1 1
5 2 1
27 1 5
17 2 18
27 1 1
14 1 6
19 1 18
? 1 github_java_program_data/2/java/2856_new.java

26 1 5
14 1 1
20 1 26
26 1 20
7 1 32
1 2 11
4 1 1
6 1 1
28 1 4
26 1 6
27 1 1
27 1 20
5 2 6
26 1 7
6 2 1
1 2 7
26 1 1
5 2 1
7 2 20
1 2 20
32 1 14
27 1 5
5 2 5
14 1 6
1 1 11
28 1 27
1 1 1
? 1 github_java_program_data/2/java/2861.java

20 1 15
15 2 15
1 5 1
10 1 8
38 2 27
14 1 1
8 2 12
20 1 16
26 1 20
7 1 32
1 2 11
2 1 10
10 1 9
28 1 4
26 1 6
17 2 21
26 2 26
1 2 8
10 1 12
26 1 7
6 2 1
18 1 10
20 1 25
20 1 23
8 2 9
1 2 20
15 2 16
21 1 20
23 1 19
32 1 14
8 2 1
16 2 16
1 1 1
32 2 32
20 1 22
12 1 1
23 2 25
1 1 11
28 1 27
23 1 20
6 1 1
38 1 1
26 1 5
1 4 1
16 1 10
28 1 38
13 2 17
20 1 26
3 1 2
27 1 1
5 2 5
19 1 17
22 1 17
27 1 20
19 2 20
5 2 6
22 1 21
15 2 25
1 2 3
4 1 1
1 2 7
15 1 14
2 2 2
26 1 1
13 1 10
7 2 20
1 1 8
1 2 13
4 2 38
19 1 13
12 2 8
12 1 3
38 2 38
14 1 13
10 1 1
5 2 1
27 1 5
17 2 18
25 1 10
14 1 6
19 1 18
17 1 10
? 1 github_java_program_data/2/java/2866.java

20 1 15
1 2 11
1 5 1
10 1 8
38 2 27
14 1 1
20 1 16
26 1 20
2 1 10
10 1 9
26 1 6
26 2 26
1 2 8
10 1 12
26 1 7
6 2 1
10 1 20
1 2 20
15 2 16
8 2 12
10 1 1
16 2 16
1 1 1
12 1 1
1 1 8
20 1 26
6 1 1
38 1 1
26 1 5
1 4 1
16 1 10
20 1 10
28 1 38
28 1 27
51 1 1
15 2 15
27 1 1
27 1 20
5 2 6
3 1 2
1 2 3
1 2 7
15 1 14
2 2 2
26 1 1
13 1 10
7 2 20
1 1 11
1 2 13
12 1 3
38 2 38
51 2 5
14 1 13
8 2 1
5 2 1
27 1 5
26 1 51
14 1 6
10 2 10
? 1 github_java_program_data/2/java/2881_new.java

57 1 1
20 1 15
20 1 16
26 1 20
7 1 32
5 2 1
28 1 4
17 2 21
27 1 56
26 2 26
11 1 10
20 1 25
20 1 23
7 2 61
21 1 20
23 1 19
32 1 14
61 2 20
1 1 1
5 2 5
23 2 25
6 1 1
38 1 1
16 1 10
28 1 38
13 2 17
28 1 27
51 1 1
27 1 1
27 1 20
5 2 6
15 2 23
1 2 3
1 2 7
2 2 2
4 1 1
13 1 10
7 2 20
1 1 11
10 2 10
19 1 13
51 2 5
14 1 13
8 2 1
19 2 20
26 1 51
17 1 10
61 1 2
1 2 11
10 1 8
14 1 1
6 1 5
2 1 10
10 1 9
26 1 6
1 2 8
10 1 12
26 1 7
6 2 1
56 2 20
13 1 14
10 1 20
8 2 9
15 2 16
38 2 27
16 2 16
26 1 61
20 1 22
12 1 1
1 1 8
23 1 20
26 1 5
1 4 1
20 1 10
1 2 56
18 1 10
20 1 26
22 1 21
19 1 17
25 1 10
1 5 1
3 1 2
15 1 14
26 1 1
1 2 13
4 2 38
12 1 3
38 2 38
56 1 57
10 1 1
27 1 5
17 2 18
22 1 17
14 1 6
19 1 18
? 1 github_java_program_data/2/java/2886.java

20 1 15
20 1 16
26 1 20
7 1 32
32 2 32
28 1 4
17 2 21
5 2 6
10 1 8
18 1 10
20 1 23
21 1 20
4 2 27
32 1 14
1 1 1
5 2 5
16 2 16
6 1 1
16 1 10
13 2 17
28 1 27
45 1 7
22 1 17
27 1 20
26 2 26
1 2 3
23 1 19
1 2 7
2 2 2
4 1 1
13 1 10
7 2 20
1 1 8
10 2 10
19 1 13
14 1 5
14 1 13
8 2 1
19 2 20
45 2 26
1 2 11
45 1 20
14 1 1
8 2 8
45 1 1
2 1 10
10 1 9
26 1 6
1 2 8
8 2 12
26 1 7
6 2 1
13 1 14
10 1 20
8 2 9
1 2 20
15 2 16
9 2 8
10 1 12
15 2 45
20 1 22
12 1 1
1 1 11
16 2 23
23 1 20
26 1 5
1 4 1
20 1 10
11 1 10
20 1 26
3 1 2
19 1 17
1 5 1
22 1 21
15 1 14
26 1 1
20 1 45
1 2 13
12 1 3
17 1 10
10 1 1
5 2 1
27 1 5
17 2 18
27 1 1
14 1 6
19 1 18
? 1 github_java_program_data/2/java/2886_new.java

20 1 15
1 2 11
10 1 8
38 2 27
14 1 1
8 2 8
20 1 16
26 1 20
2 1 10
10 1 9
28 1 4
26 1 6
15 2 26
26 2 26
1 2 8
10 1 12
26 1 7
6 2 1
51 2 5
10 1 20
1 2 20
8 2 12
10 1 1
16 2 16
1 1 1
12 1 1
1 1 11
20 1 26
6 1 1
38 1 1
26 1 5
16 1 10
20 1 10
28 1 38
28 1 27
51 1 1
15 2 15
27 1 1
27 1 20
5 2 6
3 1 2
1 2 3
4 1 1
1 2 7
15 1 14
2 2 2
26 1 1
13 1 10
7 2 20
1 1 8
10 2 10
4 2 38
12 1 3
38 2 38
14 1 5
14 1 13
8 2 1
5 2 1
27 1 5
26 1 51
14 1 6
1 2 13
? 1 github_java_program_data/2/java/2892_new.java

20 1 15
15 2 15
1 5 1
10 1 8
38 2 27
14 1 1
8 2 12
20 1 16
26 1 20
7 1 32
1 2 11
2 1 10
10 1 9
28 1 4
26 1 6
17 2 21
26 2 26
1 2 8
10 1 12
26 1 7
6 2 1
18 1 10
20 1 25
20 1 23
8 2 9
1 2 20
15 2 16
21 1 20
23 1 19
32 1 14
8 2 1
16 2 16
1 1 1
32 2 32
20 1 22
12 1 1
23 2 25
1 1 11
28 1 27
23 1 20
6 1 1
38 1 1
26 1 5
1 4 1
16 1 10
28 1 38
13 2 17
20 1 26
3 1 2
27 1 1
5 2 5
19 1 17
22 1 17
27 1 20
19 2 20
5 2 6
22 1 21
15 2 25
1 2 3
4 1 1
1 2 7
15 1 14
2 2 2
26 1 1
13 1 10
7 2 20
1 1 8
1 2 13
4 2 38
19 1 13
12 2 8
12 1 3
38 2 38
14 1 13
10 1 1
5 2 1
27 1 5
17 2 18
25 1 10
14 1 6
19 1 18
17 1 10
? 1 github_java_program_data/2/java/2896.java

20 1 15
1 2 11
1 5 1
10 1 8
14 1 1
20 1 16
26 1 20
2 1 10
10 1 9
28 1 4
26 1 6
26 2 26
1 2 8
10 1 12
26 1 7
6 2 1
10 1 20
1 2 20
15 2 16
8 2 12
10 1 1
16 2 16
1 1 1
12 1 1
1 1 11
20 1 26
6 1 1
38 1 1
26 1 5
1 4 1
16 1 10
20 1 10
28 1 38
28 1 27
51 1 1
15 2 15
27 1 1
27 1 20
5 2 6
3 1 2
1 2 3
4 1 1
1 2 7
15 1 14
2 2 2
26 1 1
13 1 10
7 2 20
1 1 8
10 2 10
4 2 38
12 1 3
38 2 38
51 2 5
14 1 13
8 2 1
5 2 1
27 1 5
26 1 51
14 1 6
1 2 13
? 1 github_java_program_data/2/java/2913_new.java

20 1 15
20 1 16
26 1 20
7 1 32
32 2 32
28 1 4
17 2 21
5 2 6
10 1 8
18 1 10
20 1 23
21 1 20
4 2 27
32 1 14
1 1 1
5 2 5
16 2 16
6 1 1
16 1 10
13 2 17
28 1 27
45 1 7
22 1 17
27 1 20
26 2 26
1 2 3
23 1 19
1 2 7
2 2 2
4 1 1
13 1 10
7 2 20
1 1 8
10 2 10
19 1 13
14 1 5
14 1 13
8 2 1
19 2 20
45 2 26
1 2 11
45 1 20
14 1 1
8 2 8
45 1 1
2 1 10
10 1 9
26 1 6
1 2 8
8 2 12
26 1 7
6 2 1
13 1 14
10 1 20
8 2 9
1 2 20
15 2 16
9 2 8
10 1 12
15 2 45
20 1 22
12 1 1
1 1 11
16 2 23
23 1 20
26 1 5
1 4 1
20 1 10
11 1 10
20 1 26
3 1 2
19 1 17
1 5 1
22 1 21
15 1 14
26 1 1
20 1 45
1 2 13
12 1 3
17 1 10
10 1 1
5 2 1
27 1 5
17 2 18
27 1 1
14 1 6
19 1 18
? 1 github_java_program_data/2/java/2916_new.java

20 1 15
1 2 11
10 1 8
38 2 27
14 1 1
8 2 8
20 1 16
26 1 20
2 1 10
10 1 9
28 1 4
26 1 6
15 2 26
26 2 26
1 2 8
10 1 12
26 1 7
6 2 1
51 2 5
10 1 20
1 2 20
8 2 12
10 1 1
16 2 16
1 1 1
12 1 1
1 1 11
20 1 26
6 1 1
38 1 1
26 1 5
16 1 10
20 1 10
28 1 38
28 1 27
51 1 1
15 2 15
27 1 1
27 1 20
5 2 6
3 1 2
1 2 3
4 1 1
1 2 7
15 1 14
2 2 2
26 1 1
13 1 10
7 2 20
1 1 8
10 2 10
4 2 38
12 1 3
38 2 38
14 1 5
14 1 13
8 2 1
5 2 1
27 1 5
26 1 51
14 1 6
1 2 13
? 1 github_java_program_data/2/java/2922_new.java

20 1 15
15 2 15
1 5 1
10 1 8
38 2 27
14 1 1
8 2 12
20 1 16
26 1 20
7 1 32
1 2 11
2 1 10
10 1 9
28 1 4
26 1 6
17 2 21
26 2 26
1 2 8
10 1 12
26 1 7
6 2 1
18 1 10
20 1 25
20 1 23
8 2 9
1 2 20
15 2 16
21 1 20
23 1 19
32 1 14
8 2 1
16 2 16
1 1 1
32 2 32
20 1 22
12 1 1
23 2 25
1 1 11
28 1 27
23 1 20
6 1 1
38 1 1
26 1 5
1 4 1
16 1 10
28 1 38
13 2 17
20 1 26
3 1 2
27 1 1
5 2 5
19 1 17
22 1 17
27 1 20
19 2 20
5 2 6
22 1 21
15 2 25
1 2 3
4 1 1
1 2 7
15 1 14
2 2 2
26 1 1
13 1 10
7 2 20
1 1 8
1 2 13
4 2 38
19 1 13
12 2 8
12 1 3
38 2 38
14 1 13
10 1 1
5 2 1
27 1 5
17 2 18
25 1 10
14 1 6
19 1 18
17 1 10
? 1 github_java_program_data/2/java/2926.java

20 1 15
20 1 16
26 1 20
7 1 32
5 2 1
28 1 4
17 2 21
5 2 6
37 1 20
11 1 10
20 1 25
20 1 23
21 1 20
23 1 19
32 1 14
37 1 17
1 1 1
5 2 5
6 1 1
38 1 1
16 1 10
28 1 38
13 2 17
28 1 27
27 1 1
27 1 20
26 2 26
1 2 3
15 2 37
1 2 7
4 1 1
13 1 10
7 2 20
1 1 11
10 2 10
19 1 13
14 1 13
38 2 27
19 2 20
37 2 25
17 2 20
17 1 10
1 2 11
10 1 8
14 1 1
2 1 10
10 1 9
26 1 6
1 2 8
10 1 12
26 1 7
6 2 1
13 1 14
10 1 20
8 2 9
1 2 20
8 2 1
16 2 16
20 1 22
12 1 1
1 1 8
16 2 23
23 1 20
26 1 5
1 4 1
20 1 10
18 1 10
20 1 26
22 1 21
15 2 15
19 1 17
25 1 10
1 5 1
3 1 2
15 1 14
26 1 1
1 2 13
4 2 38
12 1 3
10 1 1
27 1 5
17 2 18
22 1 17
14 1 6
19 1 18
20 1 37
? 1 github_java_program_data/2/java/2937_new.java

20 1 15
20 1 16
26 1 20
7 1 32
5 2 1
28 1 4
17 2 21
27 1 56
37 1 20
26 2 26
18 1 10
14 1 1
20 1 23
32 1 14
21 1 20
23 1 19
16 2 25
38 2 27
37 1 17
1 1 1
5 2 5
6 1 1
38 1 1
16 1 10
28 1 38
13 2 17
28 1 27
55 1 1
51 1 1
22 1 17
27 1 20
5 2 6
1 2 3
15 2 37
1 2 7
2 2 2
4 1 1
13 1 10
7 2 20
1 1 11
19 1 13
12 2 8
51 2 5
14 1 13
8 2 1
19 2 20
26 1 51
17 2 20
17 1 10
1 2 11
10 1 8
20 1 25
2 1 10
10 1 9
26 1 6
1 2 8
8 2 12
26 1 7
6 2 1
56 2 20
13 1 14
16 2 15
1 2 56
8 2 9
15 2 16
10 1 12
56 1 55
16 2 16
20 1 22
12 1 1
1 1 8
16 2 23
23 1 20
26 1 5
1 4 1
16 2 22
2 1 1
20 1 26
3 1 2
15 2 15
19 1 17
1 1 3
1 5 1
22 1 21
15 1 14
26 1 1
1 2 13
4 2 38
12 1 3
38 2 38
22 2 15
10 1 1
27 1 5
17 2 18
27 1 1
14 1 6
19 1 18
20 1 37
? 1 github_java_program_data/2/java/2941.java

20 1 15
1 2 11
1 5 1
10 1 8
14 1 1
20 1 16
26 1 20
2 1 10
10 1 9
28 1 4
26 1 6
26 2 26
1 2 8
10 1 12
26 1 7
6 2 1
10 1 20
1 2 20
15 2 16
8 2 12
10 1 1
16 2 16
1 1 1
12 1 1
1 1 11
20 1 26
6 1 1
38 1 1
26 1 5
1 4 1
16 1 10
20 1 10
28 1 38
28 1 27
51 1 1
15 2 15
27 1 1
27 1 20
5 2 6
3 1 2
1 2 3
4 1 1
1 2 7
15 1 14
2 2 2
26 1 1
13 1 10
7 2 20
1 1 8
10 2 10
4 2 38
12 1 3
38 2 38
51 2 5
14 1 13
8 2 1
5 2 1
27 1 5
26 1 51
14 1 6
1 2 13
? 1 github_java_program_data/2/java/2943_new.java

20 1 15
20 1 16
26 1 20
7 1 32
32 2 32
28 1 4
17 2 21
5 2 6
10 1 8
18 1 10
20 1 23
21 1 20
4 2 27
32 1 14
1 1 1
5 2 5
16 2 16
6 1 1
16 1 10
13 2 17
28 1 27
45 1 7
22 1 17
27 1 20
26 2 26
1 2 3
23 1 19
1 2 7
2 2 2
4 1 1
13 1 10
7 2 20
1 1 8
10 2 10
19 1 13
14 1 5
14 1 13
8 2 1
19 2 20
45 2 26
1 2 11
45 1 20
14 1 1
8 2 8
45 1 1
2 1 10
10 1 9
26 1 6
1 2 8
8 2 12
26 1 7
6 2 1
13 1 14
10 1 20
8 2 9
1 2 20
15 2 16
9 2 8
10 1 12
15 2 45
20 1 22
12 1 1
1 1 11
16 2 23
23 1 20
26 1 5
1 4 1
20 1 10
11 1 10
20 1 26
3 1 2
19 1 17
1 5 1
22 1 21
15 1 14
26 1 1
20 1 45
1 2 13
12 1 3
17 1 10
10 1 1
5 2 1
27 1 5
17 2 18
27 1 1
14 1 6
19 1 18
? 1 github_java_program_data/2/java/2946_new.java

20 1 15
1 2 11
10 1 8
38 2 27
14 1 1
8 2 8
20 1 16
26 1 20
2 1 10
10 1 9
28 1 4
26 1 6
15 2 26
26 2 26
1 2 8
10 1 12
26 1 7
6 2 1
51 2 5
10 1 20
1 2 20
8 2 12
10 1 1
16 2 16
1 1 1
12 1 1
1 1 11
20 1 26
6 1 1
38 1 1
26 1 5
16 1 10
20 1 10
28 1 38
28 1 27
51 1 1
15 2 15
27 1 1
27 1 20
5 2 6
3 1 2
1 2 3
4 1 1
1 2 7
15 1 14
2 2 2
26 1 1
13 1 10
7 2 20
1 1 8
10 2 10
4 2 38
12 1 3
38 2 38
14 1 5
14 1 13
8 2 1
5 2 1
27 1 5
26 1 51
14 1 6
1 2 13
? 1 github_java_program_data/2/java/2952_new.java

20 1 15
15 2 15
1 5 1
10 1 8
38 2 27
14 1 1
8 2 12
20 1 16
26 1 20
7 1 32
1 2 11
2 1 10
10 1 9
28 1 4
26 1 6
17 2 21
26 2 26
1 2 8
10 1 12
26 1 7
6 2 1
18 1 10
20 1 25
20 1 23
8 2 9
1 2 20
15 2 16
21 1 20
23 1 19
32 1 14
8 2 1
16 2 16
1 1 1
32 2 32
20 1 22
12 1 1
23 2 25
1 1 11
28 1 27
23 1 20
6 1 1
38 1 1
26 1 5
1 4 1
16 1 10
28 1 38
13 2 17
20 1 26
3 1 2
27 1 1
5 2 5
19 1 17
22 1 17
27 1 20
19 2 20
5 2 6
22 1 21
15 2 25
1 2 3
4 1 1
1 2 7
15 1 14
2 2 2
26 1 1
13 1 10
7 2 20
1 1 8
1 2 13
4 2 38
19 1 13
12 2 8
12 1 3
38 2 38
14 1 13
10 1 1
5 2 1
27 1 5
17 2 18
25 1 10
14 1 6
19 1 18
17 1 10
? 1 github_java_program_data/2/java/2956.java

20 1 15
1 2 11
1 5 1
10 1 8
38 2 27
14 1 1
20 1 16
26 1 20
2 1 10
10 1 9
26 1 6
26 2 26
1 2 8
10 1 12
26 1 7
6 2 1
10 1 20
1 2 20
15 2 16
8 2 12
10 1 1
16 2 16
1 1 1
12 1 1
1 1 8
20 1 26
6 1 1
38 1 1
26 1 5
1 4 1
16 1 10
20 1 10
28 1 38
28 1 27
51 1 1
15 2 15
27 1 1
27 1 20
5 2 6
3 1 2
1 2 3
1 2 7
15 1 14
2 2 2
26 1 1
13 1 10
7 2 20
1 1 11
1 2 13
12 1 3
38 2 38
51 2 5
14 1 13
8 2 1
5 2 1
27 1 5
26 1 51
14 1 6
10 2 10
? 1 github_java_program_data/2/java/2971_new.java

20 1 15
1 2 11
1 5 1
10 1 8
14 1 1
20 1 16
26 1 20
2 1 10
10 1 9
28 1 4
26 1 6
26 2 26
1 2 8
10 1 12
26 1 7
6 2 1
10 1 20
1 2 20
15 2 16
8 2 12
10 1 1
16 2 16
1 1 1
12 1 1
1 1 11
20 1 26
6 1 1
38 1 1
26 1 5
1 4 1
16 1 10
20 1 10
28 1 38
28 1 27
51 1 1
15 2 15
27 1 1
27 1 20
5 2 6
3 1 2
1 2 3
4 1 1
1 2 7
15 1 14
2 2 2
26 1 1
13 1 10
7 2 20
1 1 8
10 2 10
4 2 38
12 1 3
38 2 38
51 2 5
14 1 13
8 2 1
5 2 1
27 1 5
26 1 51
14 1 6
1 2 13
? 1 github_java_program_data/2/java/2973_new.java

26 1 5
14 1 1
20 1 26
26 1 20
7 1 32
1 2 11
4 1 1
6 1 1
28 1 4
26 1 6
27 1 1
27 1 20
5 2 6
26 1 7
6 2 1
1 2 7
26 1 1
5 2 1
7 2 20
1 2 20
32 1 14
27 1 5
5 2 5
14 1 6
1 1 11
28 1 27
1 1 1
? 1 github_java_program_data/2/java/2981.java

20 1 15
1 2 11
10 1 8
38 2 27
14 1 1
8 2 8
20 1 16
26 1 20
2 1 10
10 1 9
28 1 4
26 1 6
15 2 26
26 2 26
1 2 8
10 1 12
26 1 7
6 2 1
51 2 5
10 1 20
1 2 20
8 2 12
10 1 1
16 2 16
1 1 1
12 1 1
1 1 11
20 1 26
6 1 1
38 1 1
26 1 5
16 1 10
20 1 10
28 1 38
28 1 27
51 1 1
15 2 15
27 1 1
27 1 20
5 2 6
3 1 2
1 2 3
4 1 1
1 2 7
15 1 14
2 2 2
26 1 1
13 1 10
7 2 20
1 1 8
10 2 10
4 2 38
12 1 3
38 2 38
14 1 5
14 1 13
8 2 1
5 2 1
27 1 5
26 1 51
14 1 6
1 2 13
? 1 github_java_program_data/2/java/2982_new.java

20 1 15
1 2 11
1 5 1
10 1 8
38 2 27
14 1 1
20 1 16
26 1 20
7 1 32
2 1 10
10 1 9
28 1 4
26 1 6
28 1 27
26 2 26
1 2 8
10 1 12
26 1 7
6 2 1
11 1 10
13 1 14
10 1 20
20 1 23
8 2 9
1 2 20
15 2 16
21 1 20
23 1 19
32 1 14
51 1 1
8 2 1
16 2 16
1 1 1
20 1 22
12 1 1
1 1 11
20 1 26
23 1 20
6 1 1
38 1 1
26 1 5
1 4 1
16 1 10
20 1 10
18 1 10
28 1 38
13 2 17
14 1 62
17 2 21
22 1 21
19 1 17
22 1 17
10 2 10
27 1 20
19 2 20
5 2 6
3 1 2
15 2 23
1 2 3
4 1 1
1 2 7
15 1 14
26 1 1
13 1 10
7 2 20
1 1 8
1 2 13
4 2 38
19 1 13
62 1 10
12 1 3
16 2 23
51 2 5
1 2 62
14 1 13
10 1 1
5 2 1
27 1 5
17 2 18
27 1 1
26 1 51
14 1 6
19 1 18
17 1 10
? 1 github_java_program_data/2/java/2992_new.java

20 1 15
1 2 11
10 1 8
38 2 27
14 1 1
5 2 5
8 2 12
14 2 14
20 1 16
26 1 20
7 1 32
2 1 10
10 1 9
26 1 6
17 2 21
1 5 1
1 2 8
10 1 12
26 1 7
6 2 1
18 1 10
20 1 23
8 2 9
1 2 20
23 2 23
15 2 16
9 2 8
21 1 20
23 1 19
32 1 14
8 2 1
16 2 16
1 1 1
20 1 22
12 1 1
1 1 8
28 1 27
23 1 20
6 1 1
38 1 1
26 1 5
1 4 1
16 1 10
11 1 10
28 1 38
13 2 17
20 1 26
3 1 2
15 2 15
19 1 17
22 1 17
27 1 20
19 2 20
5 2 6
22 1 21
1 2 3
23 2 16
1 2 7
15 1 14
26 1 1
13 1 10
7 2 20
1 1 11
1 2 13
19 1 13
12 1 3
16 2 23
14 1 13
10 1 1
17 2 18
27 1 1
14 1 6
19 1 18
17 1 10
? 1 github_java_program_data/2/java/2993.java

20 1 15
1 2 11
1 5 1
10 1 8
14 1 1
20 1 16
26 1 20
2 1 10
10 1 9
28 1 4
26 1 6
26 2 26
1 2 8
10 1 12
26 1 7
6 2 1
10 1 20
1 2 20
15 2 16
8 2 12
10 1 1
16 2 16
1 1 1
12 1 1
1 1 11
20 1 26
6 1 1
38 1 1
26 1 5
1 4 1
16 1 10
20 1 10
28 1 38
28 1 27
51 1 1
15 2 15
27 1 1
27 1 20
5 2 6
3 1 2
1 2 3
4 1 1
1 2 7
15 1 14
2 2 2
26 1 1
13 1 10
7 2 20
1 1 8
10 2 10
4 2 38
12 1 3
38 2 38
51 2 5
14 1 13
8 2 1
5 2 1
27 1 5
26 1 51
14 1 6
1 2 13
? 1 github_java_program_data/2/java/3003_new.java

20 1 15
1 2 11
1 5 1
10 1 8
14 1 1
5 2 5
8 2 12
20 1 16
26 1 20
7 1 32
2 1 10
10 1 9
26 1 6
17 2 21
26 2 26
1 2 8
10 1 12
26 1 7
6 2 1
11 1 10
13 1 14
10 1 20
20 1 23
8 2 9
1 2 20
23 2 23
15 2 16
9 2 8
21 1 20
23 1 19
32 1 14
8 2 1
16 2 16
1 1 1
20 1 22
12 1 1
1 1 11
28 1 27
23 1 20
6 1 1
26 1 5
1 4 1
16 1 10
20 1 10
18 1 10
13 2 17
20 1 26
22 1 21
15 2 15
19 1 17
22 1 17
10 2 10
27 1 20
19 2 20
5 2 6
3 1 2
1 2 3
1 2 7
15 1 14
26 1 1
13 1 10
7 2 20
1 1 8
1 2 13
19 1 13
12 1 3
14 1 13
10 1 1
5 2 1
27 1 5
17 2 18
27 1 1
14 1 6
19 1 18
17 1 10
? 1 github_java_program_data/2/java/3005_new.java

26 1 5
14 1 1
20 1 26
26 1 20
7 1 32
1 2 11
4 1 1
6 1 1
28 1 4
26 1 6
27 1 1
27 1 20
5 2 6
26 1 7
6 2 1
1 2 7
26 1 1
5 2 1
7 2 20
1 2 20
32 1 14
27 1 5
5 2 5
14 1 6
1 1 11
28 1 27
1 1 1
? 1 github_java_program_data/2/java/3011.java

20 1 15
1 2 11
10 1 8
38 2 27
14 1 1
8 2 8
20 1 16
26 1 20
2 1 10
10 1 9
28 1 4
26 1 6
15 2 26
26 2 26
1 2 8
10 1 12
26 1 7
6 2 1
51 2 5
10 1 20
1 2 20
8 2 12
10 1 1
16 2 16
1 1 1
12 1 1
1 1 11
20 1 26
6 1 1
38 1 1
26 1 5
16 1 10
20 1 10
28 1 38
28 1 27
51 1 1
15 2 15
27 1 1
27 1 20
5 2 6
3 1 2
1 2 3
4 1 1
1 2 7
15 1 14
2 2 2
26 1 1
13 1 10
7 2 20
1 1 8
10 2 10
4 2 38
12 1 3
38 2 38
14 1 5
14 1 13
8 2 1
5 2 1
27 1 5
26 1 51
14 1 6
1 2 13
? 1 github_java_program_data/2/java/3012_new.java

20 1 15
1 2 11
1 5 1
10 1 8
38 2 27
14 1 1
20 1 16
26 1 20
2 1 10
10 1 9
26 1 6
26 2 26
1 2 8
10 1 12
26 1 7
6 2 1
10 1 20
1 2 20
15 2 16
8 2 12
10 1 1
16 2 16
1 1 1
12 1 1
1 1 8
20 1 26
6 1 1
38 1 1
26 1 5
1 4 1
16 1 10
20 1 10
28 1 38
28 1 27
51 1 1
15 2 15
27 1 1
27 1 20
5 2 6
3 1 2
1 2 3
1 2 7
15 1 14
2 2 2
26 1 1
13 1 10
7 2 20
1 1 11
1 2 13
12 1 3
38 2 38
51 2 5
14 1 13
8 2 1
5 2 1
27 1 5
26 1 51
14 1 6
10 2 10
? 1 github_java_program_data/2/java/3031_new.java

20 1 15
1 2 11
1 5 1
10 1 8
14 1 1
20 1 16
26 1 20
2 1 10
10 1 9
28 1 4
26 1 6
26 2 26
1 2 8
10 1 12
26 1 7
6 2 1
10 1 20
1 2 20
15 2 16
8 2 12
10 1 1
16 2 16
1 1 1
12 1 1
1 1 11
20 1 26
6 1 1
38 1 1
26 1 5
1 4 1
16 1 10
20 1 10
28 1 38
28 1 27
51 1 1
15 2 15
27 1 1
27 1 20
5 2 6
3 1 2
1 2 3
4 1 1
1 2 7
15 1 14
2 2 2
26 1 1
13 1 10
7 2 20
1 1 8
10 2 10
4 2 38
12 1 3
38 2 38
51 2 5
14 1 13
8 2 1
5 2 1
27 1 5
26 1 51
14 1 6
1 2 13
? 1 github_java_program_data/2/java/3033_new.java

26 1 5
14 1 1
20 1 26
26 1 20
7 1 32
1 2 11
4 1 1
6 1 1
28 1 4
26 1 6
27 1 1
27 1 20
5 2 6
26 1 7
6 2 1
1 2 7
26 1 1
5 2 1
7 2 20
1 2 20
32 1 14
27 1 5
5 2 5
14 1 6
1 1 11
28 1 27
1 1 1
? 1 github_java_program_data/2/java/3041.java

20 1 15
1 2 11
10 1 8
38 2 27
14 1 1
8 2 8
20 1 16
26 1 20
2 1 10
10 1 9
28 1 4
26 1 6
15 2 26
26 2 26
1 2 8
10 1 12
26 1 7
6 2 1
51 2 5
10 1 20
1 2 20
8 2 12
10 1 1
16 2 16
1 1 1
12 1 1
1 1 11
20 1 26
6 1 1
38 1 1
26 1 5
16 1 10
20 1 10
28 1 38
28 1 27
51 1 1
15 2 15
27 1 1
27 1 20
5 2 6
3 1 2
1 2 3
4 1 1
1 2 7
15 1 14
2 2 2
26 1 1
13 1 10
7 2 20
1 1 8
10 2 10
4 2 38
12 1 3
38 2 38
14 1 5
14 1 13
8 2 1
5 2 1
27 1 5
26 1 51
14 1 6
1 2 13
? 1 github_java_program_data/2/java/3042_new.java

20 1 15
1 2 11
1 5 1
10 1 8
38 2 27
14 1 1
20 1 16
26 1 20
2 1 10
10 1 9
26 1 6
26 2 26
1 2 8
10 1 12
26 1 7
6 2 1
10 1 20
1 2 20
15 2 16
8 2 12
10 1 1
16 2 16
1 1 1
12 1 1
1 1 8
20 1 26
6 1 1
38 1 1
26 1 5
1 4 1
16 1 10
20 1 10
28 1 38
28 1 27
51 1 1
15 2 15
27 1 1
27 1 20
5 2 6
3 1 2
1 2 3
1 2 7
15 1 14
2 2 2
26 1 1
13 1 10
7 2 20
1 1 11
1 2 13
12 1 3
38 2 38
51 2 5
14 1 13
8 2 1
5 2 1
27 1 5
26 1 51
14 1 6
10 2 10
? 1 github_java_program_data/2/java/3061_new.java

20 1 15
1 2 11
1 5 1
10 1 8
14 1 1
20 1 16
26 1 20
2 1 10
10 1 9
28 1 4
26 1 6
26 2 26
1 2 8
10 1 12
26 1 7
6 2 1
10 1 20
1 2 20
15 2 16
8 2 12
10 1 1
16 2 16
1 1 1
12 1 1
1 1 11
20 1 26
6 1 1
38 1 1
26 1 5
1 4 1
16 1 10
20 1 10
28 1 38
28 1 27
51 1 1
15 2 15
27 1 1
27 1 20
5 2 6
3 1 2
1 2 3
4 1 1
1 2 7
15 1 14
2 2 2
26 1 1
13 1 10
7 2 20
1 1 8
10 2 10
4 2 38
12 1 3
38 2 38
51 2 5
14 1 13
8 2 1
5 2 1
27 1 5
26 1 51
14 1 6
1 2 13
? 1 github_java_program_data/2/java/3063_new.java

26 1 5
14 1 1
20 1 26
26 1 20
7 1 32
1 2 11
4 1 1
6 1 1
28 1 4
26 1 6
27 1 1
27 1 20
5 2 6
26 1 7
6 2 1
1 2 7
26 1 1
5 2 1
7 2 20
1 2 20
32 1 14
27 1 5
5 2 5
14 1 6
1 1 11
28 1 27
1 1 1
? 1 github_java_program_data/2/java/3071.java

20 1 15
1 2 11
10 1 8
38 2 27
14 1 1
8 2 8
20 1 16
26 1 20
2 1 10
10 1 9
28 1 4
26 1 6
15 2 26
26 2 26
1 2 8
10 1 12
26 1 7
6 2 1
51 2 5
10 1 20
1 2 20
8 2 12
10 1 1
16 2 16
1 1 1
12 1 1
1 1 11
20 1 26
6 1 1
38 1 1
26 1 5
16 1 10
20 1 10
28 1 38
28 1 27
51 1 1
15 2 15
27 1 1
27 1 20
5 2 6
3 1 2
1 2 3
4 1 1
1 2 7
15 1 14
2 2 2
26 1 1
13 1 10
7 2 20
1 1 8
10 2 10
4 2 38
12 1 3
38 2 38
14 1 5
14 1 13
8 2 1
5 2 1
27 1 5
26 1 51
14 1 6
1 2 13
? 1 github_java_program_data/2/java/3072_new.java

20 1 15
15 2 15
1 5 1
10 1 8
38 2 27
14 1 1
8 2 12
20 1 16
26 1 20
7 1 32
1 2 11
2 1 10
10 1 9
28 1 4
26 1 6
17 2 21
26 2 26
1 2 8
10 1 12
26 1 7
6 2 1
18 1 10
20 1 25
20 1 23
8 2 9
1 2 20
15 2 16
21 1 20
23 1 19
32 1 14
8 2 1
16 2 16
1 1 1
32 2 32
20 1 22
12 1 1
23 2 25
1 1 11
28 1 27
23 1 20
6 1 1
38 1 1
26 1 5
1 4 1
16 1 10
28 1 38
13 2 17
20 1 26
3 1 2
27 1 1
5 2 5
19 1 17
22 1 17
27 1 20
19 2 20
5 2 6
22 1 21
15 2 25
1 2 3
4 1 1
1 2 7
15 1 14
2 2 2
26 1 1
13 1 10
7 2 20
1 1 8
1 2 13
4 2 38
19 1 13
12 2 8
12 1 3
38 2 38
14 1 13
10 1 1
5 2 1
27 1 5
17 2 18
25 1 10
14 1 6
19 1 18
17 1 10
? 1 github_java_program_data/2/java/3076.java

20 1 15
1 2 11
1 5 1
10 1 8
1 1 3
14 1 1
26 2 26
20 1 16
26 1 20
7 1 32
2 1 10
10 1 9
28 1 4
26 1 6
27 1 56
1 2 8
10 1 12
26 1 7
6 2 1
56 2 20
16 2 15
20 1 25
15 2 16
8 2 12
32 1 14
56 1 55
1 1 1
12 1 1
1 1 11
28 1 27
6 1 1
38 1 1
26 1 5
16 1 10
2 1 1
28 1 38
20 1 26
8 2 1
55 1 1
3 1 2
15 2 15
27 1 1
27 1 20
5 2 6
51 1 1
15 2 25
1 2 3
4 1 1
1 2 7
15 1 14
26 1 1
1 2 56
13 1 10
7 2 20
1 1 8
1 2 13
4 2 38
12 1 3
51 2 5
14 1 13
10 1 1
5 2 1
27 1 5
25 1 10
26 1 51
14 1 6
38 2 38
? 1 github_java_program_data/2/java/3077.java

20 1 15
1 2 11
1 5 1
10 1 8
38 2 27
14 1 1
20 1 16
26 1 20
2 1 10
10 1 9
26 1 6
26 2 26
1 2 8
10 1 12
26 1 7
6 2 1
10 1 20
1 2 20
15 2 16
8 2 12
10 1 1
16 2 16
1 1 1
12 1 1
1 1 8
20 1 26
6 1 1
38 1 1
26 1 5
1 4 1
16 1 10
20 1 10
28 1 38
28 1 27
51 1 1
15 2 15
27 1 1
27 1 20
5 2 6
3 1 2
1 2 3
1 2 7
15 1 14
2 2 2
26 1 1
13 1 10
7 2 20
1 1 11
1 2 13
12 1 3
38 2 38
51 2 5
14 1 13
8 2 1
5 2 1
27 1 5
26 1 51
14 1 6
10 2 10
? 1 github_java_program_data/2/java/3091_new.java

20 1 15
1 2 11
1 5 1
10 1 8
14 1 1
20 1 16
26 1 20
2 1 10
10 1 9
28 1 4
26 1 6
26 2 26
1 2 8
10 1 12
26 1 7
6 2 1
10 1 20
1 2 20
15 2 16
8 2 12
10 1 1
16 2 16
1 1 1
12 1 1
1 1 11
20 1 26
6 1 1
38 1 1
26 1 5
1 4 1
16 1 10
20 1 10
28 1 38
28 1 27
51 1 1
15 2 15
27 1 1
27 1 20
5 2 6
3 1 2
1 2 3
4 1 1
1 2 7
15 1 14
2 2 2
26 1 1
13 1 10
7 2 20
1 1 8
10 2 10
4 2 38
12 1 3
38 2 38
51 2 5
14 1 13
8 2 1
5 2 1
27 1 5
26 1 51
14 1 6
1 2 13
? 1 github_java_program_data/2/java/3093_new.java

26 1 5
14 1 1
20 1 26
26 1 20
7 1 32
1 2 11
4 1 1
6 1 1
28 1 4
26 1 6
27 1 1
27 1 20
5 2 6
26 1 7
6 2 1
1 2 7
26 1 1
5 2 1
7 2 20
1 2 20
32 1 14
27 1 5
5 2 5
14 1 6
1 1 11
28 1 27
1 1 1
? 1 github_java_program_data/2/java/3101.java

20 1 15
1 2 11
10 1 8
38 2 27
14 1 1
8 2 8
20 1 16
26 1 20
2 1 10
10 1 9
28 1 4
26 1 6
15 2 26
26 2 26
1 2 8
10 1 12
26 1 7
6 2 1
51 2 5
10 1 20
1 2 20
8 2 12
10 1 1
16 2 16
1 1 1
12 1 1
1 1 11
20 1 26
6 1 1
38 1 1
26 1 5
16 1 10
20 1 10
28 1 38
28 1 27
51 1 1
15 2 15
27 1 1
27 1 20
5 2 6
3 1 2
1 2 3
4 1 1
1 2 7
15 1 14
2 2 2
26 1 1
13 1 10
7 2 20
1 1 8
10 2 10
4 2 38
12 1 3
38 2 38
14 1 5
14 1 13
8 2 1
5 2 1
27 1 5
26 1 51
14 1 6
1 2 13
? 1 github_java_program_data/2/java/3102_new.java

20 1 15
15 2 15
1 5 1
10 1 8
38 2 27
14 1 1
8 2 12
20 1 16
26 1 20
7 1 32
1 2 11
2 1 10
10 1 9
28 1 4
26 1 6
17 2 21
26 2 26
1 2 8
10 1 12
26 1 7
6 2 1
18 1 10
20 1 25
20 1 23
8 2 9
1 2 20
15 2 16
21 1 20
23 1 19
32 1 14
8 2 1
16 2 16
1 1 1
32 2 32
20 1 22
12 1 1
23 2 25
1 1 11
28 1 27
23 1 20
6 1 1
38 1 1
26 1 5
1 4 1
16 1 10
28 1 38
13 2 17
20 1 26
3 1 2
27 1 1
5 2 5
19 1 17
22 1 17
27 1 20
19 2 20
5 2 6
22 1 21
15 2 25
1 2 3
4 1 1
1 2 7
15 1 14
2 2 2
26 1 1
13 1 10
7 2 20
1 1 8
1 2 13
4 2 38
19 1 13
12 2 8
12 1 3
38 2 38
14 1 13
10 1 1
5 2 1
27 1 5
17 2 18
25 1 10
14 1 6
19 1 18
17 1 10
? 1 github_java_program_data/2/java/3106.java

20 1 15
20 1 16
26 1 20
7 1 32
5 2 1
28 1 4
17 2 21
27 1 56
37 1 20
18 1 10
20 1 25
20 1 23
21 1 20
23 1 19
32 1 14
38 2 27
37 1 17
1 1 1
6 1 1
38 1 1
16 1 10
28 1 38
13 2 17
28 1 27
55 1 1
51 1 1
27 1 1
27 1 20
26 2 26
1 2 3
15 2 37
1 2 7
2 2 2
4 1 1
13 1 10
7 2 20
19 1 13
12 2 8
51 2 5
14 1 13
8 2 1
19 2 20
37 2 25
17 2 20
17 1 10
10 1 8
14 1 1
2 1 10
10 1 9
26 1 6
1 2 8
8 2 12
26 1 7
6 2 1
56 2 20
13 1 14
1 2 56
8 2 9
10 1 12
56 1 55
16 2 16
20 1 22
12 1 1
1 1 8
16 2 23
23 1 20
26 1 5
1 4 1
17 2 18
2 1 1
20 1 26
3 1 2
19 1 17
1 1 3
25 1 10
1 5 1
22 1 21
26 1 51
15 1 14
26 1 1
1 2 13
4 2 38
12 1 3
38 2 38
10 1 1
27 1 5
5 2 6
22 1 17
14 1 6
19 1 18
20 1 37
? 1 github_java_program_data/2/java/3119.java

20 1 15
1 2 11
1 5 1
10 1 8
14 1 1
20 1 16
26 1 20
2 1 10
10 1 9
28 1 4
26 1 6
26 2 26
1 2 8
10 1 12
26 1 7
6 2 1
10 1 20
1 2 20
15 2 16
8 2 12
10 1 1
16 2 16
1 1 1
12 1 1
1 1 11
20 1 26
6 1 1
38 1 1
26 1 5
1 4 1
16 1 10
20 1 10
28 1 38
28 1 27
51 1 1
15 2 15
27 1 1
27 1 20
5 2 6
3 1 2
1 2 3
4 1 1
1 2 7
15 1 14
2 2 2
26 1 1
13 1 10
7 2 20
1 1 8
10 2 10
4 2 38
12 1 3
38 2 38
51 2 5
14 1 13
8 2 1
5 2 1
27 1 5
26 1 51
14 1 6
1 2 13
? 1 github_java_program_data/2/java/3123_new.java

20 1 15
20 1 16
26 1 20
7 1 32
32 2 32
28 1 4
17 2 21
5 2 6
10 1 8
18 1 10
20 1 23
21 1 20
4 2 27
32 1 14
1 1 1
5 2 5
16 2 16
6 1 1
16 1 10
13 2 17
28 1 27
45 1 7
22 1 17
27 1 20
26 2 26
1 2 3
23 1 19
1 2 7
2 2 2
4 1 1
13 1 10
7 2 20
1 1 8
10 2 10
19 1 13
14 1 5
14 1 13
8 2 1
19 2 20
45 2 26
1 2 11
45 1 20
14 1 1
8 2 8
45 1 1
2 1 10
10 1 9
26 1 6
1 2 8
8 2 12
26 1 7
6 2 1
13 1 14
10 1 20
8 2 9
1 2 20
15 2 16
9 2 8
10 1 12
15 2 45
20 1 22
12 1 1
1 1 11
16 2 23
23 1 20
26 1 5
1 4 1
20 1 10
11 1 10
20 1 26
3 1 2
19 1 17
1 5 1
22 1 21
15 1 14
26 1 1
20 1 45
1 2 13
12 1 3
17 1 10
10 1 1
5 2 1
27 1 5
17 2 18
27 1 1
14 1 6
19 1 18
? 1 github_java_program_data/2/java/3126_new.java

20 1 15
1 2 11
10 1 8
38 2 27
14 1 1
8 2 8
20 1 16
26 1 20
2 1 10
10 1 9
28 1 4
26 1 6
15 2 26
26 2 26
1 2 8
10 1 12
26 1 7
6 2 1
51 2 5
10 1 20
1 2 20
8 2 12
10 1 1
16 2 16
1 1 1
12 1 1
1 1 11
20 1 26
6 1 1
38 1 1
26 1 5
16 1 10
20 1 10
28 1 38
28 1 27
51 1 1
15 2 15
27 1 1
27 1 20
5 2 6
3 1 2
1 2 3
4 1 1
1 2 7
15 1 14
2 2 2
26 1 1
13 1 10
7 2 20
1 1 8
10 2 10
4 2 38
12 1 3
38 2 38
14 1 5
14 1 13
8 2 1
5 2 1
27 1 5
26 1 51
14 1 6
1 2 13
? 1 github_java_program_data/2/java/3132_new.java

20 1 15
15 2 15
1 5 1
10 1 8
38 2 27
14 1 1
8 2 12
20 1 16
26 1 20
7 1 32
1 2 11
2 1 10
10 1 9
28 1 4
26 1 6
17 2 21
26 2 26
1 2 8
10 1 12
26 1 7
6 2 1
18 1 10
20 1 25
20 1 23
8 2 9
1 2 20
15 2 16
21 1 20
23 1 19
32 1 14
8 2 1
16 2 16
1 1 1
32 2 32
20 1 22
12 1 1
23 2 25
1 1 11
28 1 27
23 1 20
6 1 1
38 1 1
26 1 5
1 4 1
16 1 10
28 1 38
13 2 17
20 1 26
3 1 2
27 1 1
5 2 5
19 1 17
22 1 17
27 1 20
19 2 20
5 2 6
22 1 21
15 2 25
1 2 3
4 1 1
1 2 7
15 1 14
2 2 2
26 1 1
13 1 10
7 2 20
1 1 8
1 2 13
4 2 38
19 1 13
12 2 8
12 1 3
38 2 38
14 1 13
10 1 1
5 2 1
27 1 5
17 2 18
25 1 10
14 1 6
19 1 18
17 1 10
? 1 github_java_program_data/2/java/3136.java

57 1 1
20 1 15
20 1 16
26 1 20
7 1 32
32 2 32
28 1 4
17 2 21
27 1 56
45 1 20
26 2 26
18 1 10
20 1 25
20 1 23
20 1 31
21 1 20
23 1 19
32 1 14
1 1 1
8 2 8
16 2 16
23 2 25
6 1 1
16 1 10
13 2 17
28 1 27
45 1 7
51 1 1
27 1 1
27 1 20
5 2 6
15 2 23
1 2 3
16 2 31
1 2 7
2 2 2
4 1 1
13 1 10
7 2 20
1 1 11
19 1 13
24 1 20
51 2 5
14 1 13
8 2 1
19 2 20
26 1 51
17 1 10
1 2 11
10 1 8
14 1 1
22 1 24
45 1 1
2 1 10
10 1 9
26 1 6
1 2 8
10 1 12
26 1 7
6 2 1
56 2 20
13 1 14
8 2 9
45 1 5
21 2 24
20 1 22
12 1 1
1 1 8
23 1 20
26 1 5
1 4 1
1 2 56
11 1 10
20 1 26
3 1 2
15 2 15
19 1 17
25 1 10
1 5 1
22 1 21
4 2 27
15 1 14
26 1 1
20 1 45
1 2 13
12 1 3
45 2 26
56 1 57
10 1 1
5 2 1
27 1 5
17 2 18
22 1 17
14 1 6
19 1 18
? 1 github_java_program_data/2/java/3148_new.java

