1 1 7
20 1 43
32 1 14
32 1 1
43 1 6
43 1 5
1 2 7
4 2 38
1 1 8
4 1 1
52 1 20
5 2 6
43 1 7
1 2 3
28 1 4
2 1 1
8 2 1
28 1 38
3 1 2
1 2 20
28 1 52
14 1 6
1 1 1
6 1 1
52 1 5
43 1 1
52 1 1
14 1 1
1 1 3
7 1 32
38 1 1
1 2 8
6 2 1
5 2 1
? 1 github_java_program_data/4/java/1896.java

10 1 8
1 2 1
8 2 1
9 2 8
10 1 9
28 1 16
10 1 1
16 1 10
? 1 github_java_program_data/4/java/1897.java

1 1 7
20 1 43
32 1 14
32 1 1
43 1 6
1 2 7
1 2 11
43 1 5
52 1 20
5 2 6
43 1 7
1 1 11
1 2 20
28 1 52
14 1 6
1 1 1
6 1 1
52 1 5
43 1 1
52 1 1
14 1 1
5 2 1
7 1 32
6 2 1
? 1 github_java_program_data/4/java/1899.java

20 1 16
32 1 14
20 1 37
37 1 20
14 2 14
27 1 20
1 1 8
13 1 10
17 1 10
4 1 1
16 2 15
6 2 1
17 2 20
5 2 5
8 2 12
37 1 17
7 2 20
10 1 1
27 1 1
18 1 10
16 2 23
26 1 6
14 1 6
16 2 16
1 4 1
17 2 18
14 1 13
1 2 13
27 1 5
14 1 1
5 2 1
7 1 32
10 1 9
19 1 18
23 1 19
15 1 14
2 1 10
12 1 3
10 1 12
1 2 7
26 1 1
1 1 11
20 1 23
19 2 20
19 1 17
16 1 10
10 1 8
19 1 13
5 2 6
28 1 4
23 1 20
1 2 3
26 1 20
11 1 10
9 2 8
3 1 2
12 1 1
1 2 20
8 2 9
1 5 1
8 2 1
15 2 16
37 2 16
26 1 7
20 1 15
6 1 1
26 1 5
13 1 14
16 2 37
13 2 17
20 1 26
28 1 27
1 2 8
1 2 11
1 1 1
? 1 github_java_program_data/4/java/1900_new.java

10 1 8
1 2 1
8 2 1
9 2 8
10 1 9
28 1 16
10 1 1
16 1 10
? 1 github_java_program_data/4/java/1902.java

20 1 16
25 1 10
32 1 14
20 1 37
37 1 20
10 1 9
1 1 8
13 1 10
17 1 10
15 2 16
17 2 20
15 2 15
45 1 7
37 1 17
7 2 20
10 1 1
27 1 1
8 2 8
26 1 6
14 1 6
45 1 1
45 2 26
14 1 13
45 1 5
27 1 5
14 1 1
5 2 1
7 1 32
16 1 10
16 2 16
15 1 14
45 2 45
1 2 11
26 1 1
1 4 1
1 2 13
14 1 5
1 2 7
45 1 20
10 1 8
8 2 1
5 2 6
1 1 1
27 1 20
26 1 20
11 1 10
9 2 8
8 2 9
1 1 11
1 2 20
1 2 8
1 5 1
37 2 16
26 1 7
20 1 15
6 1 1
26 1 5
16 2 37
20 1 45
20 1 26
28 1 27
26 2 26
20 1 25
6 2 1
? 1 github_java_program_data/4/java/1904_new.java

1 1 7
20 1 43
32 1 14
32 1 1
43 1 6
43 1 5
1 2 7
4 2 38
1 1 8
4 1 1
52 1 20
5 2 6
43 1 7
1 2 3
28 1 4
2 1 1
8 2 1
28 1 38
3 1 2
1 2 20
28 1 52
14 1 6
1 1 1
6 1 1
52 1 5
43 1 1
52 1 1
14 1 1
1 1 3
7 1 32
38 1 1
1 2 8
6 2 1
5 2 1
? 1 github_java_program_data/4/java/1906.java

32 2 32
15 2 23
23 1 20
1 1 8
13 1 10
17 1 10
21 1 20
15 2 22
22 1 17
20 1 22
8 2 1
27 1 1
18 1 10
26 1 6
14 1 6
10 1 41
14 1 1
23 2 25
10 1 9
15 1 14
2 1 10
10 1 1
22 2 16
12 1 1
1 2 7
10 1 12
23 2 16
10 1 8
1 1 1
11 1 10
9 2 8
3 1 2
1 1 11
23 1 19
20 1 15
6 1 1
26 1 5
13 1 14
21 1 10
22 1 21
20 1 26
1 2 8
20 1 23
20 1 16
16 2 25
15 2 15
32 1 14
17 2 21
22 2 25
1 2 11
22 1 30
41 1 24
13 2 17
26 2 26
14 1 13
19 1 18
24 1 10
1 4 1
41 1 17
7 2 20
16 2 16
27 1 5
5 2 1
7 1 32
16 1 10
8 2 12
30 1 22
8 2 8
22 2 22
26 1 1
41 1 21
1 2 13
19 1 17
22 1 24
19 1 13
5 2 6
27 1 20
1 2 3
26 1 20
24 1 20
12 1 3
1 2 20
20 1 25
1 5 1
26 1 7
6 2 1
25 1 10
21 2 30
2 2 2
21 2 24
17 2 18
28 1 27
8 2 9
19 2 20
? 1 github_java_program_data/4/java/1906_new.java

15 2 23
20 1 37
37 1 20
27 1 20
1 1 8
13 1 10
17 1 10
4 1 1
21 1 20
45 1 7
22 1 17
37 1 17
7 2 20
27 1 1
18 1 10
26 1 6
14 1 6
14 1 1
10 1 9
45 2 26
15 1 14
2 1 10
10 1 1
1 2 11
12 1 1
1 2 7
10 1 12
23 2 16
10 1 8
1 1 1
28 1 4
11 1 10
9 2 8
3 1 2
1 1 11
37 2 16
20 1 15
6 1 1
13 1 14
20 1 45
17 2 20
22 1 21
20 1 26
1 2 8
20 1 23
20 1 16
16 2 25
15 2 15
32 1 14
17 2 21
8 2 9
15 2 22
15 2 16
15 2 37
13 2 17
26 2 26
20 1 22
19 1 18
8 2 8
4 2 27
1 4 1
45 1 1
14 1 13
16 2 16
27 1 5
8 2 1
5 2 1
7 1 32
16 1 10
23 1 19
15 2 45
22 2 22
26 1 1
1 2 13
19 1 17
22 1 24
45 1 20
19 1 13
23 1 20
1 2 3
26 1 20
24 1 20
12 1 3
1 2 20
20 1 31
1 5 1
26 1 7
6 2 1
25 1 10
21 2 24
17 2 18
28 1 27
20 1 25
19 2 20
? 1 github_java_program_data/4/java/1909_new.java

20 1 16
32 2 32
6 1 1
32 1 14
28 1 4
56 2 20
8 2 1
38 2 38
27 1 20
1 1 8
13 1 10
17 1 10
4 1 1
6 2 1
21 1 20
15 2 15
15 2 22
22 1 17
8 2 12
20 1 22
2 2 2
7 2 20
10 1 1
27 1 1
17 2 21
8 2 8
26 1 6
14 1 6
55 1 1
16 2 16
1 4 1
14 1 13
27 1 56
14 1 1
7 1 32
14 1 62
16 1 10
23 1 19
15 1 14
4 2 38
2 1 10
12 1 3
19 2 20
23 2 25
26 1 1
12 1 1
1 2 13
14 1 5
1 2 7
10 1 12
1 2 62
10 1 8
38 1 1
19 1 13
5 2 6
1 1 1
56 1 55
23 1 20
1 2 3
26 1 20
28 1 38
3 1 2
62 1 10
1 2 8
1 5 1
15 2 16
15 2 26
26 1 7
20 1 15
25 1 10
13 1 14
1 2 56
22 1 21
20 1 26
28 1 27
26 2 26
20 1 25
20 1 23
? 1 github_java_program_data/4/java/1910.java

20 1 16
32 1 14
16 2 16
1 2 11
1 1 8
13 1 10
15 2 16
5 2 5
7 2 20
8 2 1
27 1 1
26 1 6
14 1 6
1 4 1
14 1 13
12 2 8
27 1 5
14 1 1
5 2 1
7 1 32
10 1 9
8 2 12
15 1 14
2 1 10
10 1 1
3 1 2
26 1 1
1 1 11
1 2 13
1 2 7
10 1 12
10 1 8
5 2 6
1 1 1
27 1 20
1 2 3
26 1 20
16 1 10
9 2 8
12 1 3
12 1 1
1 2 20
1 2 8
1 5 1
26 1 7
6 2 1
6 1 1
26 1 5
20 1 26
28 1 27
8 2 9
20 1 15
? 1 github_java_program_data/4/java/1912_new.java

20 1 16
32 2 32
6 1 1
32 1 14
17 2 21
8 2 1
38 2 38
27 1 20
1 1 8
13 1 10
17 1 10
4 1 1
6 2 1
21 1 20
15 2 15
15 2 22
22 1 17
8 2 12
20 1 22
2 2 2
7 2 20
10 1 1
27 1 1
8 2 8
26 1 6
14 1 6
4 2 38
1 4 1
14 1 13
16 2 16
14 1 1
7 1 32
14 1 62
16 1 10
23 1 19
15 1 14
2 1 10
12 1 3
19 2 20
23 2 25
26 1 1
12 1 1
1 2 13
14 1 5
1 2 7
10 1 12
1 2 62
10 1 8
38 1 1
19 1 13
5 2 6
1 1 1
28 1 4
23 1 20
1 2 3
26 1 20
28 1 38
3 1 2
62 1 10
1 2 20
1 2 8
1 5 1
15 2 16
15 2 26
26 1 7
20 1 15
25 1 10
13 1 14
22 1 21
20 1 26
28 1 27
26 2 26
20 1 25
20 1 23
? 1 github_java_program_data/4/java/1913.java

20 1 16
32 1 14
56 2 20
16 2 16
1 2 11
1 1 8
13 1 10
4 1 1
6 2 1
5 2 5
1 2 3
1 2 56
7 2 20
10 1 1
27 1 1
26 1 6
14 1 6
1 4 1
14 1 13
38 2 27
27 1 56
27 1 5
8 2 1
9 2 8
7 1 32
38 1 1
14 1 1
10 1 9
8 2 12
15 1 14
1 1 3
3 1 2
4 2 38
26 1 1
1 1 11
1 2 13
1 2 7
10 1 12
10 1 8
56 1 57
28 1 4
27 1 20
2 1 10
26 1 20
2 1 1
16 1 10
28 1 38
12 1 3
12 1 1
1 5 1
15 2 16
5 2 1
26 1 7
20 1 15
6 1 1
26 1 5
2 2 2
57 1 1
20 1 26
28 1 27
5 2 6
1 2 8
1 1 1
? 1 github_java_program_data/4/java/1916_new.java

20 1 16
6 1 1
32 1 14
17 2 21
16 2 16
1 1 8
17 1 10
6 2 1
21 1 20
15 2 15
45 1 7
22 1 17
20 1 22
7 2 20
26 1 20
27 1 1
8 2 8
26 1 6
12 2 8
15 2 45
14 1 6
24 1 20
45 1 1
45 2 26
8 2 1
45 1 5
27 1 5
14 1 1
5 2 1
7 1 32
10 1 9
8 2 12
15 1 14
2 1 10
3 1 2
26 1 1
1 4 1
14 1 5
1 2 7
10 1 12
22 1 24
45 1 20
10 1 8
45 2 45
5 2 6
27 1 20
1 2 3
10 1 1
2 1 1
16 1 10
12 1 3
12 1 1
1 2 20
1 2 8
1 5 1
26 1 7
20 1 15
25 1 10
26 1 5
21 2 24
20 1 45
22 1 21
1 1 3
20 1 26
28 1 27
26 2 26
20 1 25
1 1 1
8 2 9
? 1 github_java_program_data/4/java/1917_new.java

20 1 16
51 1 1
38 2 38
1 2 11
1 1 8
13 1 10
4 1 1
10 1 20
26 2 26
7 2 20
10 1 1
27 1 1
10 2 10
26 1 6
14 1 6
1 4 1
20 1 10
14 1 13
38 2 27
16 2 16
27 1 5
8 2 1
5 2 1
38 1 1
14 1 1
16 1 10
8 2 12
15 1 14
51 2 5
2 1 10
3 1 2
4 2 38
26 1 1
1 1 11
1 2 13
1 2 7
10 1 12
26 1 51
10 1 8
5 2 6
28 1 4
27 1 20
1 2 3
26 1 20
6 2 1
10 1 9
28 1 38
12 1 3
12 1 1
1 2 20
1 5 1
15 2 16
26 1 7
20 1 15
6 1 1
26 1 5
2 2 2
20 1 26
28 1 27
1 2 8
1 1 1
? 1 github_java_program_data/4/java/1919_new.java

32 2 32
51 1 1
15 2 23
20 1 15
56 2 20
20 1 37
37 1 20
23 1 20
1 1 8
13 1 10
17 1 10
4 1 1
21 1 20
45 1 7
22 1 17
20 1 22
1 2 56
7 2 20
27 1 1
18 1 10
26 1 6
15 2 45
14 1 6
45 1 5
14 1 1
23 2 25
10 1 9
45 2 26
15 1 14
2 1 10
22 2 16
12 1 1
14 1 5
1 2 7
10 1 12
17 2 18
10 1 8
28 1 4
11 1 10
9 2 8
3 1 2
1 1 11
15 2 22
37 2 16
23 1 19
1 1 1
6 1 1
26 1 5
13 1 14
16 2 37
20 1 45
17 2 20
22 1 21
20 1 26
14 1 13
1 2 8
20 1 23
20 1 16
16 2 25
15 2 15
32 1 14
17 2 21
16 2 16
1 2 11
22 1 30
15 2 16
15 2 37
13 2 17
26 2 26
37 1 17
19 1 18
8 2 8
4 2 27
1 4 1
45 1 1
22 2 15
55 1 1
27 1 56
27 1 5
8 2 1
5 2 1
7 1 32
16 2 31
16 1 10
8 2 12
51 2 5
30 1 22
16 2 22
22 2 22
26 1 1
1 2 13
23 2 22
19 1 17
22 1 24
45 1 20
26 1 51
19 1 13
5 2 6
56 1 55
27 1 20
26 1 20
1 2 3
10 1 1
24 1 20
12 1 3
20 1 31
1 5 1
26 1 7
6 2 1
25 1 10
21 2 30
2 2 2
21 2 24
8 2 9
28 1 27
20 1 25
19 2 20
? 1 github_java_program_data/4/java/1924_new.java

10 1 8
1 2 1
8 2 1
9 2 8
10 1 9
28 1 16
10 1 1
16 1 10
? 1 github_java_program_data/4/java/1927.java

1 1 7
20 1 43
32 1 14
32 1 1
43 1 6
1 2 7
1 2 11
43 1 5
52 1 20
5 2 6
43 1 7
1 1 11
1 2 20
28 1 52
14 1 6
1 1 1
6 1 1
52 1 5
43 1 1
52 1 1
14 1 1
5 2 1
7 1 32
6 2 1
? 1 github_java_program_data/4/java/1929.java

10 1 8
1 2 1
8 2 1
9 2 8
10 1 9
28 1 16
10 1 1
16 1 10
? 1 github_java_program_data/4/java/1932.java

1 1 7
20 1 43
32 1 14
32 1 1
43 1 6
43 1 5
1 2 7
4 2 38
1 1 8
4 1 1
52 1 20
5 2 6
43 1 7
1 2 3
28 1 4
2 1 1
8 2 1
28 1 38
3 1 2
1 2 20
28 1 52
14 1 6
1 1 1
6 1 1
52 1 5
43 1 1
52 1 1
14 1 1
1 1 3
7 1 32
38 1 1
1 2 8
6 2 1
5 2 1
? 1 github_java_program_data/4/java/1935.java

20 1 16
32 2 32
6 1 1
32 1 14
28 1 4
56 2 20
8 2 1
38 2 38
27 1 20
1 1 8
13 1 10
17 1 10
4 1 1
6 2 1
21 1 20
15 2 15
15 2 22
22 1 17
8 2 12
20 1 22
2 2 2
7 2 20
10 1 1
27 1 1
17 2 21
8 2 8
26 1 6
14 1 6
55 1 1
16 2 16
1 4 1
14 1 13
27 1 56
14 1 1
7 1 32
14 1 62
16 1 10
23 1 19
15 1 14
4 2 38
2 1 10
12 1 3
19 2 20
23 2 25
26 1 1
12 1 1
1 2 13
14 1 5
1 2 7
10 1 12
1 2 62
10 1 8
38 1 1
19 1 13
5 2 6
1 1 1
56 1 55
23 1 20
1 2 3
26 1 20
28 1 38
3 1 2
62 1 10
1 2 8
1 5 1
15 2 16
15 2 26
26 1 7
20 1 15
25 1 10
13 1 14
1 2 56
22 1 21
20 1 26
28 1 27
26 2 26
20 1 25
20 1 23
? 1 github_java_program_data/4/java/1938.java

20 1 16
32 2 32
6 1 1
32 1 14
28 1 4
56 2 20
8 2 1
38 2 38
27 1 20
1 1 8
13 1 10
17 1 10
4 1 1
6 2 1
21 1 20
15 2 15
15 2 22
22 1 17
8 2 12
20 1 22
2 2 2
7 2 20
10 1 1
27 1 1
17 2 21
8 2 8
26 1 6
14 1 6
55 1 1
16 2 16
1 4 1
14 1 13
27 1 56
14 1 1
7 1 32
14 1 62
16 1 10
23 1 19
15 1 14
4 2 38
2 1 10
12 1 3
19 2 20
23 2 25
26 1 1
12 1 1
1 2 13
14 1 5
1 2 7
10 1 12
1 2 62
10 1 8
38 1 1
19 1 13
5 2 6
1 1 1
56 1 55
23 1 20
1 2 3
26 1 20
28 1 38
3 1 2
62 1 10
1 2 8
1 5 1
15 2 16
15 2 26
26 1 7
20 1 15
25 1 10
13 1 14
1 2 56
22 1 21
20 1 26
28 1 27
26 2 26
20 1 25
20 1 23
? 1 github_java_program_data/4/java/1939.java

1 1 7
20 1 43
32 1 14
32 1 1
43 1 6
43 1 5
1 2 7
4 2 38
1 1 8
4 1 1
52 1 20
5 2 6
43 1 7
1 2 3
28 1 4
2 1 1
8 2 1
28 1 38
3 1 2
1 2 20
28 1 52
14 1 6
1 1 1
6 1 1
52 1 5
43 1 1
52 1 1
14 1 1
1 1 3
7 1 32
38 1 1
1 2 8
6 2 1
5 2 1
? 1 github_java_program_data/4/java/1944.java

10 1 8
1 2 1
8 2 1
9 2 8
10 1 9
28 1 16
10 1 1
16 1 10
? 1 github_java_program_data/4/java/1948.java

20 1 16
32 2 32
6 1 1
32 1 14
4 2 38
1 1 8
4 1 1
26 2 26
45 1 7
7 2 20
10 1 1
27 1 1
8 2 8
26 1 6
15 2 45
14 1 6
45 1 1
45 2 26
8 2 1
38 2 27
16 2 16
27 1 5
14 1 1
5 2 1
7 1 32
38 1 1
10 1 9
8 2 12
15 1 14
2 1 10
3 1 2
26 1 1
1 4 1
1 2 7
10 1 12
45 1 20
10 1 8
5 2 6
1 1 1
28 1 4
27 1 20
1 2 3
26 1 20
16 1 10
28 1 38
12 1 3
12 1 1
1 2 20
20 1 25
1 5 1
26 1 7
20 1 15
25 1 10
26 1 5
2 2 2
20 1 45
20 1 26
28 1 27
1 2 8
6 2 1
? 1 github_java_program_data/4/java/1949_new.java

1 1 7
20 1 43
32 1 14
32 1 1
43 1 6
43 1 5
1 2 7
4 2 38
1 1 8
4 1 1
52 1 20
5 2 6
43 1 7
1 2 3
28 1 4
2 1 1
8 2 1
28 1 38
3 1 2
1 2 20
28 1 52
14 1 6
1 1 1
6 1 1
52 1 5
43 1 1
52 1 1
14 1 1
1 1 3
7 1 32
38 1 1
1 2 8
6 2 1
5 2 1
? 1 github_java_program_data/4/java/1956.java

1 1 7
20 1 43
32 1 14
32 1 1
43 1 6
1 2 7
1 2 11
43 1 5
52 1 20
5 2 6
43 1 7
1 1 11
1 2 20
28 1 52
14 1 6
1 1 1
6 1 1
52 1 5
43 1 1
52 1 1
14 1 1
5 2 1
7 1 32
6 2 1
? 1 github_java_program_data/4/java/1959.java

20 1 43
32 1 14
28 1 4
43 1 6
1 2 7
4 2 38
1 1 8
4 1 1
52 1 20
43 1 7
8 2 1
28 1 38
1 2 20
28 1 52
14 1 6
1 1 1
6 1 1
52 1 5
43 1 1
38 2 38
52 1 1
14 1 1
5 2 1
7 1 32
38 1 1
1 2 8
6 2 1
? 1 github_java_program_data/4/java/1961.java

1 1 7
20 1 43
32 1 14
32 1 1
43 1 6
43 1 5
1 2 7
4 2 38
1 1 8
4 1 1
52 1 20
5 2 6
43 1 7
1 2 3
28 1 4
2 1 1
8 2 1
28 1 38
3 1 2
1 2 20
28 1 52
14 1 6
1 1 1
6 1 1
52 1 5
43 1 1
52 1 1
14 1 1
1 1 3
7 1 32
38 1 1
1 2 8
6 2 1
5 2 1
? 1 github_java_program_data/4/java/1965.java

20 1 16
32 2 32
6 1 1
32 1 14
28 1 4
56 2 20
8 2 1
38 2 38
27 1 20
1 1 8
13 1 10
17 1 10
4 1 1
6 2 1
21 1 20
15 2 15
15 2 22
22 1 17
8 2 12
20 1 22
2 2 2
7 2 20
10 1 1
27 1 1
17 2 21
8 2 8
26 1 6
14 1 6
55 1 1
16 2 16
1 4 1
14 1 13
27 1 56
14 1 1
7 1 32
14 1 62
16 1 10
23 1 19
15 1 14
4 2 38
2 1 10
12 1 3
19 2 20
23 2 25
26 1 1
12 1 1
1 2 13
14 1 5
1 2 7
10 1 12
1 2 62
10 1 8
38 1 1
19 1 13
5 2 6
1 1 1
56 1 55
23 1 20
1 2 3
26 1 20
28 1 38
3 1 2
62 1 10
1 2 8
1 5 1
15 2 16
15 2 26
26 1 7
20 1 15
25 1 10
13 1 14
1 2 56
22 1 21
20 1 26
28 1 27
26 2 26
20 1 25
20 1 23
? 1 github_java_program_data/4/java/1968.java

20 1 16
32 2 32
6 1 1
32 1 14
17 2 21
8 2 1
38 2 38
27 1 20
1 1 8
13 1 10
17 1 10
4 1 1
6 2 1
21 1 20
15 2 15
15 2 22
22 1 17
8 2 12
20 1 22
2 2 2
7 2 20
10 1 1
27 1 1
8 2 8
26 1 6
14 1 6
4 2 38
1 4 1
14 1 13
16 2 16
14 1 1
7 1 32
14 1 62
16 1 10
23 1 19
15 1 14
2 1 10
12 1 3
19 2 20
23 2 25
26 1 1
12 1 1
1 2 13
14 1 5
1 2 7
10 1 12
1 2 62
10 1 8
38 1 1
19 1 13
5 2 6
1 1 1
28 1 4
23 1 20
1 2 3
26 1 20
28 1 38
3 1 2
62 1 10
1 2 20
1 2 8
1 5 1
15 2 16
15 2 26
26 1 7
20 1 15
25 1 10
13 1 14
22 1 21
20 1 26
28 1 27
26 2 26
20 1 25
20 1 23
? 1 github_java_program_data/4/java/1972.java

1 1 7
20 1 43
32 1 14
32 1 1
43 1 6
43 1 5
1 2 7
4 2 38
1 1 8
4 1 1
52 1 20
5 2 6
43 1 7
1 2 3
28 1 4
2 1 1
8 2 1
28 1 38
3 1 2
1 2 20
28 1 52
14 1 6
1 1 1
6 1 1
52 1 5
43 1 1
52 1 1
14 1 1
1 1 3
7 1 32
38 1 1
1 2 8
6 2 1
5 2 1
? 1 github_java_program_data/4/java/1974.java

32 2 32
15 2 23
20 1 37
37 1 20
23 1 20
1 1 8
13 1 10
17 1 10
21 1 20
5 2 5
45 1 7
22 1 17
20 1 22
7 2 20
27 1 1
18 1 10
26 1 6
14 1 6
12 2 8
14 1 1
23 2 25
10 1 9
15 1 14
2 1 10
1 2 11
22 2 16
12 1 1
1 2 7
10 1 12
10 1 8
1 1 1
23 2 37
11 1 10
9 2 8
3 1 2
1 1 11
8 2 12
20 1 15
6 1 1
26 1 5
13 1 14
20 1 45
17 2 20
22 1 21
20 1 26
1 2 8
20 1 23
20 1 16
32 1 14
17 2 21
8 2 9
15 2 22
15 2 16
13 2 17
26 2 26
37 1 17
19 1 18
1 4 1
45 1 1
14 1 13
16 2 16
27 1 5
8 2 1
5 2 1
7 1 32
16 1 10
23 1 19
22 2 22
26 1 1
1 2 13
19 1 17
45 1 20
19 1 13
5 2 6
27 1 20
26 1 20
1 2 3
10 1 1
12 1 3
1 2 20
20 1 31
1 5 1
45 1 5
26 1 7
6 2 1
25 1 10
2 2 2
17 2 18
28 1 27
20 1 25
19 2 20
? 1 github_java_program_data/4/java/1979.java

20 1 16
32 2 32
6 1 1
32 1 14
4 2 38
1 1 8
4 1 1
26 2 26
45 1 7
7 2 20
10 1 1
27 1 1
8 2 8
26 1 6
15 2 45
14 1 6
45 1 1
45 2 26
8 2 1
38 2 27
16 2 16
27 1 5
14 1 1
5 2 1
7 1 32
38 1 1
10 1 9
8 2 12
15 1 14
2 1 10
3 1 2
26 1 1
1 4 1
1 2 7
10 1 12
45 1 20
10 1 8
5 2 6
1 1 1
28 1 4
27 1 20
1 2 3
26 1 20
16 1 10
28 1 38
12 1 3
12 1 1
1 2 20
20 1 25
1 5 1
26 1 7
20 1 15
25 1 10
26 1 5
2 2 2
20 1 45
20 1 26
28 1 27
1 2 8
6 2 1
? 1 github_java_program_data/4/java/1979_new.java

1 1 7
20 1 43
32 1 14
32 1 1
43 1 6
43 1 5
1 2 7
4 2 38
1 1 8
4 1 1
52 1 20
5 2 6
43 1 7
1 2 3
28 1 4
2 1 1
8 2 1
28 1 38
3 1 2
1 2 20
28 1 52
14 1 6
1 1 1
6 1 1
52 1 5
43 1 1
52 1 1
14 1 1
1 1 3
7 1 32
38 1 1
1 2 8
6 2 1
5 2 1
? 1 github_java_program_data/4/java/1986.java

10 1 8
1 2 1
8 2 1
9 2 8
10 1 9
28 1 16
10 1 1
16 1 10
? 1 github_java_program_data/4/java/1987.java

20 1 43
32 1 14
28 1 4
43 1 6
1 2 7
4 2 38
1 1 8
4 1 1
52 1 20
43 1 7
8 2 1
28 1 38
1 2 20
28 1 52
14 1 6
1 1 1
6 1 1
52 1 5
43 1 1
38 2 38
52 1 1
14 1 1
5 2 1
7 1 32
38 1 1
1 2 8
6 2 1
? 1 github_java_program_data/4/java/1991.java

10 1 8
1 2 1
8 2 1
9 2 8
10 1 9
28 1 16
10 1 1
16 1 10
? 1 github_java_program_data/4/java/1992.java

20 1 16
16 2 25
6 1 1
32 1 14
56 2 20
8 2 9
1 2 11
1 1 8
13 1 10
54 2 54
4 1 1
6 2 1
26 2 26
5 2 5
54 2 16
1 2 56
7 2 20
26 1 20
27 1 1
26 1 6
12 2 8
14 1 6
4 2 27
16 2 16
1 4 1
14 1 13
27 1 56
27 1 5
8 2 1
5 2 1
7 1 32
14 1 1
10 1 9
8 2 12
15 1 14
15 2 54
2 1 10
12 1 3
26 1 1
1 1 11
1 2 13
1 2 7
10 1 12
16 2 54
10 1 8
56 1 57
28 1 4
27 1 20
1 2 3
10 1 1
16 1 10
9 2 8
3 1 2
12 1 1
20 1 25
1 5 1
15 2 16
26 1 7
20 1 15
25 1 10
26 1 5
2 2 2
54 1 10
57 1 1
20 1 26
28 1 27
5 2 6
1 2 8
1 1 1
20 1 54
? 1 github_java_program_data/4/java/1997_new.java

20 1 16
32 2 32
6 1 1
32 1 14
28 1 4
56 2 20
8 2 1
38 2 38
27 1 20
1 1 8
13 1 10
17 1 10
4 1 1
6 2 1
21 1 20
15 2 15
15 2 22
22 1 17
8 2 12
20 1 22
2 2 2
7 2 20
10 1 1
27 1 1
17 2 21
8 2 8
26 1 6
14 1 6
55 1 1
16 2 16
1 4 1
14 1 13
27 1 56
14 1 1
7 1 32
14 1 62
16 1 10
23 1 19
15 1 14
4 2 38
2 1 10
12 1 3
19 2 20
23 2 25
26 1 1
12 1 1
1 2 13
14 1 5
1 2 7
10 1 12
1 2 62
10 1 8
38 1 1
19 1 13
5 2 6
1 1 1
56 1 55
23 1 20
1 2 3
26 1 20
28 1 38
3 1 2
62 1 10
1 2 8
1 5 1
15 2 16
15 2 26
26 1 7
20 1 15
25 1 10
13 1 14
1 2 56
22 1 21
20 1 26
28 1 27
26 2 26
20 1 25
20 1 23
? 1 github_java_program_data/4/java/1998.java

20 1 16
32 2 32
6 1 1
32 1 14
17 2 21
8 2 1
38 2 38
27 1 20
1 1 8
13 1 10
17 1 10
4 1 1
6 2 1
21 1 20
15 2 15
15 2 22
22 1 17
8 2 12
20 1 22
2 2 2
7 2 20
10 1 1
27 1 1
8 2 8
26 1 6
14 1 6
4 2 38
1 4 1
14 1 13
16 2 16
14 1 1
7 1 32
14 1 62
16 1 10
23 1 19
15 1 14
2 1 10
12 1 3
19 2 20
23 2 25
26 1 1
12 1 1
1 2 13
14 1 5
1 2 7
10 1 12
1 2 62
10 1 8
38 1 1
19 1 13
5 2 6
1 1 1
28 1 4
23 1 20
1 2 3
26 1 20
28 1 38
3 1 2
62 1 10
1 2 20
1 2 8
1 5 1
15 2 16
15 2 26
26 1 7
20 1 15
25 1 10
13 1 14
22 1 21
20 1 26
28 1 27
26 2 26
20 1 25
20 1 23
? 1 github_java_program_data/4/java/2002.java

1 1 7
20 1 43
32 1 14
32 1 1
43 1 6
43 1 5
1 2 7
4 2 38
1 1 8
4 1 1
52 1 20
5 2 6
43 1 7
1 2 3
28 1 4
2 1 1
8 2 1
28 1 38
3 1 2
1 2 20
28 1 52
14 1 6
1 1 1
6 1 1
52 1 5
43 1 1
52 1 1
14 1 1
1 1 3
7 1 32
38 1 1
1 2 8
6 2 1
5 2 1
? 1 github_java_program_data/4/java/2004.java

10 1 8
1 2 1
8 2 1
9 2 8
10 1 9
28 1 16
10 1 1
16 1 10
? 1 github_java_program_data/4/java/2008.java

32 2 32
15 2 23
20 1 37
37 1 20
23 1 20
1 1 8
13 1 10
17 1 10
21 1 20
5 2 5
45 1 7
22 1 17
20 1 22
7 2 20
27 1 1
18 1 10
26 1 6
14 1 6
12 2 8
14 1 1
23 2 25
10 1 9
15 1 14
2 1 10
1 2 11
22 2 16
12 1 1
1 2 7
10 1 12
10 1 8
1 1 1
23 2 37
11 1 10
9 2 8
3 1 2
1 1 11
8 2 12
20 1 15
6 1 1
26 1 5
13 1 14
20 1 45
17 2 20
22 1 21
20 1 26
1 2 8
20 1 23
20 1 16
32 1 14
17 2 21
8 2 9
15 2 22
15 2 16
13 2 17
26 2 26
37 1 17
19 1 18
1 4 1
45 1 1
14 1 13
16 2 16
27 1 5
8 2 1
5 2 1
7 1 32
16 1 10
23 1 19
22 2 22
26 1 1
1 2 13
19 1 17
45 1 20
19 1 13
5 2 6
27 1 20
26 1 20
1 2 3
10 1 1
12 1 3
1 2 20
20 1 31
1 5 1
45 1 5
26 1 7
6 2 1
25 1 10
2 2 2
17 2 18
28 1 27
20 1 25
19 2 20
? 1 github_java_program_data/4/java/2009.java

15 2 23
20 1 37
37 1 20
23 1 20
1 1 8
13 1 10
17 1 10
21 1 20
45 1 7
22 1 17
37 1 17
7 2 20
27 1 1
18 1 10
45 1 20
15 2 45
14 1 6
12 2 8
14 1 1
10 1 9
45 2 26
15 1 14
2 1 10
10 1 1
7 1 32
12 1 1
14 1 5
1 2 7
10 1 12
10 1 8
1 1 1
11 1 10
9 2 8
3 1 2
1 1 11
15 2 22
23 1 19
20 1 15
6 1 1
26 1 5
13 1 14
16 2 37
20 1 45
17 2 20
22 1 21
20 1 26
1 2 8
20 1 23
20 1 16
16 2 25
15 2 15
32 1 14
17 2 21
14 2 14
1 2 11
22 1 30
15 2 16
13 2 17
26 2 26
20 1 22
19 1 18
8 2 8
16 2 23
1 4 1
45 1 1
22 2 15
14 1 13
16 2 16
8 2 1
22 2 16
16 1 10
8 2 12
30 1 22
16 2 22
26 1 1
1 2 13
19 1 17
22 1 24
26 1 6
19 1 13
5 2 6
27 1 20
1 2 3
26 1 20
24 1 20
30 2 24
12 1 3
1 2 20
8 2 9
1 5 1
26 1 7
6 2 1
25 1 10
21 2 30
21 2 24
17 2 18
28 1 27
20 1 25
19 2 20
? 1 github_java_program_data/4/java/2011.java

20 1 16
4 2 27
32 1 14
1 2 11
1 1 8
13 1 10
4 1 1
15 2 16
5 2 5
7 2 20
8 2 1
27 1 1
26 1 6
14 1 6
1 4 1
14 1 13
16 2 16
27 1 5
14 1 1
5 2 1
7 1 32
10 1 9
8 2 12
15 1 14
2 1 10
12 1 3
26 1 1
1 1 11
1 2 13
1 2 7
10 1 12
10 1 8
5 2 6
1 1 1
28 1 4
27 1 20
1 2 3
26 1 20
16 1 10
3 1 2
12 1 1
1 2 20
1 5 1
26 1 7
6 2 1
6 1 1
26 1 5
20 1 26
28 1 27
1 2 8
20 1 15
? 1 github_java_program_data/4/java/2013_new.java

10 1 8
1 2 1
8 2 1
9 2 8
10 1 9
28 1 16
10 1 1
16 1 10
? 1 github_java_program_data/4/java/2017.java

38 2 38
32 2 32
1 1 7
15 2 23
20 1 15
56 2 20
23 1 20
1 1 8
51 1 1
17 1 10
4 1 1
45 1 51
45 1 7
22 1 17
20 1 22
1 2 56
8 2 1
27 1 1
18 1 10
45 1 20
12 2 8
15 2 45
14 1 6
17 2 18
38 2 27
45 1 5
14 1 1
9 2 8
38 1 1
10 1 9
45 2 26
15 1 14
2 1 10
10 1 1
3 1 2
4 2 38
32 1 1
12 1 1
14 1 5
1 2 7
10 1 12
23 2 16
13 1 10
10 1 8
28 1 4
2 1 1
11 1 10
28 1 38
32 1 57
1 1 11
15 2 22
8 2 12
1 1 1
6 1 1
26 1 5
13 1 14
20 1 45
21 1 20
22 1 21
1 1 3
20 1 26
1 2 8
20 1 23
20 1 16
16 2 25
15 2 15
32 1 14
17 2 21
16 2 16
1 2 11
51 1 3
15 2 16
13 2 17
26 2 26
14 1 13
19 1 18
8 2 8
51 2 51
45 1 1
7 2 20
27 1 56
27 1 5
5 2 1
7 1 32
16 1 10
23 1 19
51 2 5
57 1 1
22 2 22
26 1 1
1 2 13
19 1 17
22 1 24
26 1 6
26 1 51
1 4 1
19 1 13
56 1 57
27 1 20
1 2 3
26 1 20
24 1 20
12 1 3
20 1 25
1 5 1
26 1 7
6 2 1
25 1 10
1 2 57
2 2 2
21 2 24
22 2 16
28 1 27
5 2 6
8 2 9
19 2 20
? 1 github_java_program_data/4/java/2018.java

20 1 43
32 1 14
28 1 4
43 1 6
1 2 7
4 2 38
1 1 8
4 1 1
52 1 20
43 1 7
8 2 1
28 1 38
1 2 20
28 1 52
14 1 6
1 1 1
6 1 1
52 1 5
43 1 1
38 2 38
52 1 1
14 1 1
5 2 1
7 1 32
38 1 1
1 2 8
6 2 1
? 1 github_java_program_data/4/java/2021.java

10 1 8
1 2 1
8 2 1
9 2 8
10 1 9
28 1 16
10 1 1
16 1 10
? 1 github_java_program_data/4/java/2022.java

1 1 7
20 1 43
32 1 14
32 1 1
43 1 6
43 1 5
1 2 7
4 2 38
1 1 8
4 1 1
52 1 20
5 2 6
43 1 7
1 2 3
28 1 4
2 1 1
8 2 1
28 1 38
3 1 2
1 2 20
28 1 52
14 1 6
1 1 1
6 1 1
52 1 5
43 1 1
52 1 1
14 1 1
1 1 3
7 1 32
38 1 1
1 2 8
6 2 1
5 2 1
? 1 github_java_program_data/4/java/2025.java

20 1 16
32 2 32
6 1 1
32 1 14
28 1 4
56 2 20
8 2 1
38 2 38
27 1 20
1 1 8
13 1 10
17 1 10
4 1 1
6 2 1
21 1 20
15 2 15
15 2 22
22 1 17
8 2 12
20 1 22
2 2 2
7 2 20
10 1 1
27 1 1
17 2 21
8 2 8
26 1 6
14 1 6
55 1 1
16 2 16
1 4 1
14 1 13
27 1 56
14 1 1
7 1 32
14 1 62
16 1 10
23 1 19
15 1 14
4 2 38
2 1 10
12 1 3
19 2 20
23 2 25
26 1 1
12 1 1
1 2 13
14 1 5
1 2 7
10 1 12
1 2 62
10 1 8
38 1 1
19 1 13
5 2 6
1 1 1
56 1 55
23 1 20
1 2 3
26 1 20
28 1 38
3 1 2
62 1 10
1 2 8
1 5 1
15 2 16
15 2 26
26 1 7
20 1 15
25 1 10
13 1 14
1 2 56
22 1 21
20 1 26
28 1 27
26 2 26
20 1 25
20 1 23
? 1 github_java_program_data/4/java/2028.java

20 1 16
32 2 32
6 1 1
32 1 14
17 2 21
8 2 1
38 2 38
27 1 20
1 1 8
13 1 10
17 1 10
4 1 1
6 2 1
21 1 20
15 2 15
15 2 22
22 1 17
8 2 12
20 1 22
2 2 2
7 2 20
10 1 1
27 1 1
8 2 8
26 1 6
14 1 6
4 2 38
1 4 1
14 1 13
16 2 16
14 1 1
7 1 32
14 1 62
16 1 10
23 1 19
15 1 14
2 1 10
12 1 3
19 2 20
23 2 25
26 1 1
12 1 1
1 2 13
14 1 5
1 2 7
10 1 12
1 2 62
10 1 8
38 1 1
19 1 13
5 2 6
1 1 1
28 1 4
23 1 20
1 2 3
26 1 20
28 1 38
3 1 2
62 1 10
1 2 20
1 2 8
1 5 1
15 2 16
15 2 26
26 1 7
20 1 15
25 1 10
13 1 14
22 1 21
20 1 26
28 1 27
26 2 26
20 1 25
20 1 23
? 1 github_java_program_data/4/java/2032.java

1 1 7
20 1 43
32 1 14
32 1 1
43 1 6
43 1 5
1 2 7
4 2 38
1 1 8
4 1 1
52 1 20
5 2 6
43 1 7
1 2 3
28 1 4
2 1 1
8 2 1
28 1 38
3 1 2
1 2 20
28 1 52
14 1 6
1 1 1
6 1 1
52 1 5
43 1 1
52 1 1
14 1 1
1 1 3
7 1 32
38 1 1
1 2 8
6 2 1
5 2 1
? 1 github_java_program_data/4/java/2034.java

32 2 32
15 2 23
20 1 37
37 1 20
23 1 20
1 1 8
13 1 10
17 1 10
21 1 20
5 2 5
45 1 7
22 1 17
20 1 22
7 2 20
27 1 1
18 1 10
26 1 6
14 1 6
12 2 8
14 1 1
23 2 25
10 1 9
15 1 14
2 1 10
1 2 11
22 2 16
12 1 1
1 2 7
10 1 12
10 1 8
1 1 1
23 2 37
11 1 10
9 2 8
3 1 2
1 1 11
8 2 12
20 1 15
6 1 1
26 1 5
13 1 14
20 1 45
17 2 20
22 1 21
20 1 26
1 2 8
20 1 23
20 1 16
32 1 14
17 2 21
8 2 9
15 2 22
15 2 16
13 2 17
26 2 26
37 1 17
19 1 18
1 4 1
45 1 1
14 1 13
16 2 16
27 1 5
8 2 1
5 2 1
7 1 32
16 1 10
23 1 19
22 2 22
26 1 1
1 2 13
19 1 17
45 1 20
19 1 13
5 2 6
27 1 20
26 1 20
1 2 3
10 1 1
12 1 3
1 2 20
20 1 31
1 5 1
45 1 5
26 1 7
6 2 1
25 1 10
2 2 2
17 2 18
28 1 27
20 1 25
19 2 20
? 1 github_java_program_data/4/java/2039.java

20 1 16
32 2 32
6 1 1
32 1 14
4 2 38
1 1 8
4 1 1
26 2 26
45 1 7
7 2 20
10 1 1
27 1 1
8 2 8
26 1 6
15 2 45
14 1 6
45 1 1
45 2 26
8 2 1
38 2 27
16 2 16
27 1 5
14 1 1
5 2 1
7 1 32
38 1 1
10 1 9
8 2 12
15 1 14
2 1 10
3 1 2
26 1 1
1 4 1
1 2 7
10 1 12
45 1 20
10 1 8
5 2 6
1 1 1
28 1 4
27 1 20
1 2 3
26 1 20
16 1 10
28 1 38
12 1 3
12 1 1
1 2 20
20 1 25
1 5 1
26 1 7
20 1 15
25 1 10
26 1 5
2 2 2
20 1 45
20 1 26
28 1 27
1 2 8
6 2 1
? 1 github_java_program_data/4/java/2039_new.java

1 1 7
20 1 43
32 1 14
32 1 1
43 1 6
43 1 5
1 2 7
4 2 38
1 1 8
4 1 1
52 1 20
5 2 6
43 1 7
1 2 3
28 1 4
2 1 1
8 2 1
28 1 38
3 1 2
1 2 20
28 1 52
14 1 6
1 1 1
6 1 1
52 1 5
43 1 1
52 1 1
14 1 1
1 1 3
7 1 32
38 1 1
1 2 8
6 2 1
5 2 1
? 1 github_java_program_data/4/java/2046.java

51 1 1
15 2 23
56 2 20
20 1 37
37 1 20
23 1 20
1 1 8
13 1 10
17 1 10
4 1 1
21 1 20
45 1 7
22 1 17
37 1 17
7 2 20
27 1 1
18 1 10
45 1 20
14 1 6
45 1 5
14 1 1
23 2 25
10 1 9
45 2 26
15 1 14
2 1 10
10 1 1
12 1 1
1 2 7
10 1 12
10 1 8
28 1 4
11 1 10
9 2 8
3 1 2
1 1 11
37 2 16
1 2 56
1 1 1
6 1 1
26 1 5
13 1 14
20 1 45
17 2 20
22 1 21
57 1 1
20 1 26
1 2 8
20 1 15
20 1 16
25 1 10
32 1 14
17 2 21
16 2 16
1 2 11
13 2 17
26 2 26
20 1 22
19 1 18
8 2 8
16 2 23
15 2 15
1 4 1
45 1 1
14 1 13
27 1 56
27 1 5
8 2 1
5 2 1
7 1 32
16 1 10
23 1 19
51 2 5
15 2 45
20 1 23
16 2 22
26 1 1
1 2 13
19 1 17
26 1 6
26 1 51
19 1 13
56 1 57
27 1 20
1 2 3
26 1 20
12 1 3
8 2 9
1 5 1
26 1 7
6 2 1
23 2 15
22 2 37
17 2 18
28 1 27
5 2 6
20 1 25
19 2 20
? 1 github_java_program_data/4/java/2046_new.java

1 1 7
20 1 43
32 1 14
32 1 1
43 1 6
1 2 7
1 2 11
43 1 5
52 1 20
5 2 6
43 1 7
1 1 11
1 2 20
28 1 52
14 1 6
1 1 1
6 1 1
52 1 5
43 1 1
52 1 1
14 1 1
5 2 1
7 1 32
6 2 1
? 1 github_java_program_data/4/java/2049.java

20 1 43
32 1 14
28 1 4
43 1 6
1 2 7
4 2 38
1 1 8
4 1 1
52 1 20
43 1 7
8 2 1
28 1 38
1 2 20
28 1 52
14 1 6
1 1 1
6 1 1
52 1 5
43 1 1
38 2 38
52 1 1
14 1 1
5 2 1
7 1 32
38 1 1
1 2 8
6 2 1
? 1 github_java_program_data/4/java/2051.java

1 1 7
20 1 43
32 1 14
32 1 1
43 1 6
43 1 5
1 2 7
4 2 38
1 1 8
4 1 1
52 1 20
5 2 6
43 1 7
1 2 3
28 1 4
2 1 1
8 2 1
28 1 38
3 1 2
1 2 20
28 1 52
14 1 6
1 1 1
6 1 1
52 1 5
43 1 1
52 1 1
14 1 1
1 1 3
7 1 32
38 1 1
1 2 8
6 2 1
5 2 1
? 1 github_java_program_data/4/java/2055.java

20 1 16
32 2 32
6 1 1
32 1 14
28 1 4
56 2 20
8 2 1
38 2 38
27 1 20
1 1 8
13 1 10
17 1 10
4 1 1
6 2 1
21 1 20
15 2 15
15 2 22
22 1 17
8 2 12
20 1 22
2 2 2
7 2 20
10 1 1
27 1 1
17 2 21
8 2 8
26 1 6
14 1 6
55 1 1
16 2 16
1 4 1
14 1 13
27 1 56
14 1 1
7 1 32
14 1 62
16 1 10
23 1 19
15 1 14
4 2 38
2 1 10
12 1 3
19 2 20
23 2 25
26 1 1
12 1 1
1 2 13
14 1 5
1 2 7
10 1 12
1 2 62
10 1 8
38 1 1
19 1 13
5 2 6
1 1 1
56 1 55
23 1 20
1 2 3
26 1 20
28 1 38
3 1 2
62 1 10
1 2 8
1 5 1
15 2 16
15 2 26
26 1 7
20 1 15
25 1 10
13 1 14
1 2 56
22 1 21
20 1 26
28 1 27
26 2 26
20 1 25
20 1 23
? 1 github_java_program_data/4/java/2058.java

20 1 16
32 2 32
6 1 1
32 1 14
17 2 21
8 2 1
38 2 38
27 1 20
1 1 8
13 1 10
17 1 10
4 1 1
6 2 1
21 1 20
15 2 15
15 2 22
22 1 17
8 2 12
20 1 22
2 2 2
7 2 20
10 1 1
27 1 1
8 2 8
26 1 6
14 1 6
4 2 38
1 4 1
14 1 13
16 2 16
14 1 1
7 1 32
14 1 62
16 1 10
23 1 19
15 1 14
2 1 10
12 1 3
19 2 20
23 2 25
26 1 1
12 1 1
1 2 13
14 1 5
1 2 7
10 1 12
1 2 62
10 1 8
38 1 1
19 1 13
5 2 6
1 1 1
28 1 4
23 1 20
1 2 3
26 1 20
28 1 38
3 1 2
62 1 10
1 2 20
1 2 8
1 5 1
15 2 16
15 2 26
26 1 7
20 1 15
25 1 10
13 1 14
22 1 21
20 1 26
28 1 27
26 2 26
20 1 25
20 1 23
? 1 github_java_program_data/4/java/2062.java

1 1 7
20 1 43
32 1 14
32 1 1
43 1 6
43 1 5
1 2 7
4 2 38
1 1 8
4 1 1
52 1 20
5 2 6
43 1 7
1 2 3
28 1 4
2 1 1
8 2 1
28 1 38
3 1 2
1 2 20
28 1 52
14 1 6
1 1 1
6 1 1
52 1 5
43 1 1
52 1 1
14 1 1
1 1 3
7 1 32
38 1 1
1 2 8
6 2 1
5 2 1
? 1 github_java_program_data/4/java/2064.java

32 2 32
15 2 23
20 1 37
37 1 20
23 1 20
1 1 8
13 1 10
17 1 10
21 1 20
5 2 5
45 1 7
22 1 17
20 1 22
7 2 20
27 1 1
18 1 10
26 1 6
14 1 6
12 2 8
14 1 1
23 2 25
10 1 9
15 1 14
2 1 10
1 2 11
22 2 16
12 1 1
1 2 7
10 1 12
10 1 8
1 1 1
23 2 37
11 1 10
9 2 8
3 1 2
1 1 11
8 2 12
20 1 15
6 1 1
26 1 5
13 1 14
20 1 45
17 2 20
22 1 21
20 1 26
1 2 8
20 1 23
20 1 16
32 1 14
17 2 21
8 2 9
15 2 22
15 2 16
13 2 17
26 2 26
37 1 17
19 1 18
1 4 1
45 1 1
14 1 13
16 2 16
27 1 5
8 2 1
5 2 1
7 1 32
16 1 10
23 1 19
22 2 22
26 1 1
1 2 13
19 1 17
45 1 20
19 1 13
5 2 6
27 1 20
26 1 20
1 2 3
10 1 1
12 1 3
1 2 20
20 1 31
1 5 1
45 1 5
26 1 7
6 2 1
25 1 10
2 2 2
17 2 18
28 1 27
20 1 25
19 2 20
? 1 github_java_program_data/4/java/2069.java

20 1 16
32 2 32
6 1 1
32 1 14
4 2 38
1 1 8
4 1 1
26 2 26
45 1 7
7 2 20
10 1 1
27 1 1
8 2 8
26 1 6
15 2 45
14 1 6
45 1 1
45 2 26
8 2 1
38 2 27
16 2 16
27 1 5
14 1 1
5 2 1
7 1 32
38 1 1
10 1 9
8 2 12
15 1 14
2 1 10
3 1 2
26 1 1
1 4 1
1 2 7
10 1 12
45 1 20
10 1 8
5 2 6
1 1 1
28 1 4
27 1 20
1 2 3
26 1 20
16 1 10
28 1 38
12 1 3
12 1 1
1 2 20
20 1 25
1 5 1
26 1 7
20 1 15
25 1 10
26 1 5
2 2 2
20 1 45
20 1 26
28 1 27
1 2 8
6 2 1
? 1 github_java_program_data/4/java/2069_new.java

10 1 8
1 2 1
8 2 1
9 2 8
10 1 9
28 1 16
10 1 1
16 1 10
? 1 github_java_program_data/4/java/2077.java

1 1 7
20 1 43
32 1 14
32 1 1
43 1 6
1 2 7
1 2 11
43 1 5
52 1 20
5 2 6
43 1 7
1 1 11
1 2 20
28 1 52
14 1 6
1 1 1
6 1 1
52 1 5
43 1 1
52 1 1
14 1 1
5 2 1
7 1 32
6 2 1
? 1 github_java_program_data/4/java/2079.java

10 1 8
1 2 1
8 2 1
9 2 8
10 1 9
28 1 16
10 1 1
16 1 10
? 1 github_java_program_data/4/java/2082.java

20 1 16
16 2 25
6 1 1
32 1 14
17 2 21
20 1 37
37 1 20
14 2 14
10 1 9
13 1 10
17 1 10
4 1 1
6 2 1
15 2 37
21 1 20
15 2 15
15 2 22
22 1 17
20 1 22
7 2 20
37 1 17
27 1 1
8 2 8
1 2 1
26 1 6
15 2 26
14 1 6
14 1 13
16 2 16
27 1 5
14 1 1
5 2 1
7 1 32
1 2 8
16 1 10
4 2 27
15 1 14
1 2 11
22 2 16
26 1 1
1 4 1
1 2 13
14 1 5
1 2 7
22 2 22
10 1 8
8 2 1
5 2 6
28 1 4
27 1 20
26 1 20
1 2 3
10 1 1
2 1 1
11 1 10
9 2 8
3 1 2
1 1 11
1 2 20
20 1 31
1 5 1
2 1 8
37 2 16
26 1 7
20 1 15
25 1 10
26 1 5
17 2 20
22 1 21
1 1 3
20 1 26
28 1 27
26 2 26
20 1 25
1 1 1
8 2 9
? 1 github_java_program_data/4/java/2084_new.java

20 1 16
32 2 32
6 1 1
32 1 14
28 1 4
56 2 20
8 2 1
38 2 38
27 1 20
1 1 8
13 1 10
17 1 10
4 1 1
6 2 1
21 1 20
15 2 15
15 2 22
22 1 17
8 2 12
20 1 22
2 2 2
7 2 20
10 1 1
27 1 1
17 2 21
8 2 8
26 1 6
14 1 6
55 1 1
16 2 16
1 4 1
14 1 13
27 1 56
14 1 1
7 1 32
14 1 62
16 1 10
23 1 19
15 1 14
4 2 38
2 1 10
12 1 3
19 2 20
23 2 25
26 1 1
12 1 1
1 2 13
14 1 5
1 2 7
10 1 12
1 2 62
10 1 8
38 1 1
19 1 13
5 2 6
1 1 1
56 1 55
23 1 20
1 2 3
26 1 20
28 1 38
3 1 2
62 1 10
1 2 8
1 5 1
15 2 16
15 2 26
26 1 7
20 1 15
25 1 10
13 1 14
1 2 56
22 1 21
20 1 26
28 1 27
26 2 26
20 1 25
20 1 23
? 1 github_java_program_data/4/java/2088.java

20 1 16
32 2 32
6 1 1
32 1 14
28 1 4
56 2 20
8 2 1
38 2 38
27 1 20
1 1 8
13 1 10
17 1 10
4 1 1
6 2 1
21 1 20
15 2 15
15 2 22
22 1 17
8 2 12
20 1 22
2 2 2
7 2 20
10 1 1
27 1 1
17 2 21
8 2 8
26 1 6
14 1 6
55 1 1
16 2 16
1 4 1
14 1 13
27 1 56
14 1 1
7 1 32
14 1 62
16 1 10
23 1 19
15 1 14
4 2 38
2 1 10
12 1 3
19 2 20
23 2 25
26 1 1
12 1 1
1 2 13
14 1 5
1 2 7
10 1 12
1 2 62
10 1 8
38 1 1
19 1 13
5 2 6
1 1 1
56 1 55
23 1 20
1 2 3
26 1 20
28 1 38
3 1 2
62 1 10
1 2 8
1 5 1
15 2 16
15 2 26
26 1 7
20 1 15
25 1 10
13 1 14
1 2 56
22 1 21
20 1 26
28 1 27
26 2 26
20 1 25
20 1 23
? 1 github_java_program_data/4/java/2089.java

20 1 16
32 2 32
6 1 1
32 1 14
17 2 21
8 2 1
38 2 38
27 1 20
1 1 8
13 1 10
17 1 10
4 1 1
6 2 1
21 1 20
15 2 15
15 2 22
22 1 17
8 2 12
20 1 22
2 2 2
7 2 20
10 1 1
27 1 1
8 2 8
26 1 6
14 1 6
4 2 38
1 4 1
14 1 13
16 2 16
14 1 1
7 1 32
14 1 62
16 1 10
23 1 19
15 1 14
2 1 10
12 1 3
19 2 20
23 2 25
26 1 1
12 1 1
1 2 13
14 1 5
1 2 7
10 1 12
1 2 62
10 1 8
38 1 1
19 1 13
5 2 6
1 1 1
28 1 4
23 1 20
1 2 3
26 1 20
28 1 38
3 1 2
62 1 10
1 2 20
1 2 8
1 5 1
15 2 16
15 2 26
26 1 7
20 1 15
25 1 10
13 1 14
22 1 21
20 1 26
28 1 27
26 2 26
20 1 25
20 1 23
? 1 github_java_program_data/4/java/2092.java

1 1 7
20 1 43
32 1 14
32 1 1
43 1 6
43 1 5
1 2 7
4 2 38
1 1 8
4 1 1
52 1 20
5 2 6
43 1 7
1 2 3
28 1 4
2 1 1
8 2 1
28 1 38
3 1 2
1 2 20
28 1 52
14 1 6
1 1 1
6 1 1
52 1 5
43 1 1
52 1 1
14 1 1
1 1 3
7 1 32
38 1 1
1 2 8
6 2 1
5 2 1
? 1 github_java_program_data/4/java/2094.java

32 2 32
15 2 23
20 1 37
37 1 20
23 1 20
1 1 8
13 1 10
17 1 10
21 1 20
5 2 5
45 1 7
22 1 17
20 1 22
7 2 20
27 1 1
18 1 10
26 1 6
14 1 6
12 2 8
14 1 1
23 2 25
10 1 9
15 1 14
2 1 10
1 2 11
22 2 16
12 1 1
1 2 7
10 1 12
10 1 8
1 1 1
23 2 37
11 1 10
9 2 8
3 1 2
1 1 11
8 2 12
20 1 15
6 1 1
26 1 5
13 1 14
20 1 45
17 2 20
22 1 21
20 1 26
1 2 8
20 1 23
20 1 16
32 1 14
17 2 21
8 2 9
15 2 22
15 2 16
13 2 17
26 2 26
37 1 17
19 1 18
1 4 1
45 1 1
14 1 13
16 2 16
27 1 5
8 2 1
5 2 1
7 1 32
16 1 10
23 1 19
22 2 22
26 1 1
1 2 13
19 1 17
45 1 20
19 1 13
5 2 6
27 1 20
26 1 20
1 2 3
10 1 1
12 1 3
1 2 20
20 1 31
1 5 1
45 1 5
26 1 7
6 2 1
25 1 10
2 2 2
17 2 18
28 1 27
20 1 25
19 2 20
? 1 github_java_program_data/4/java/2099.java

20 1 16
32 2 32
6 1 1
32 1 14
4 2 38
1 1 8
4 1 1
26 2 26
45 1 7
7 2 20
10 1 1
27 1 1
8 2 8
26 1 6
15 2 45
14 1 6
45 1 1
45 2 26
8 2 1
38 2 27
16 2 16
27 1 5
14 1 1
5 2 1
7 1 32
38 1 1
10 1 9
8 2 12
15 1 14
2 1 10
3 1 2
26 1 1
1 4 1
1 2 7
10 1 12
45 1 20
10 1 8
5 2 6
1 1 1
28 1 4
27 1 20
1 2 3
26 1 20
16 1 10
28 1 38
12 1 3
12 1 1
1 2 20
20 1 25
1 5 1
26 1 7
20 1 15
25 1 10
26 1 5
2 2 2
20 1 45
20 1 26
28 1 27
1 2 8
6 2 1
? 1 github_java_program_data/4/java/2099_new.java

10 1 8
1 2 1
8 2 1
9 2 8
10 1 9
28 1 16
10 1 1
16 1 10
? 1 github_java_program_data/4/java/2107.java

1 1 7
20 1 43
32 1 14
32 1 1
43 1 6
1 2 7
1 2 11
43 1 5
52 1 20
5 2 6
43 1 7
1 1 11
1 2 20
28 1 52
14 1 6
1 1 1
6 1 1
52 1 5
43 1 1
52 1 1
14 1 1
5 2 1
7 1 32
6 2 1
? 1 github_java_program_data/4/java/2109.java

10 1 8
1 2 1
8 2 1
9 2 8
10 1 9
28 1 16
10 1 1
16 1 10
? 1 github_java_program_data/4/java/2112.java

32 2 32
15 2 23
23 1 20
1 1 8
13 1 10
17 1 10
4 1 1
16 2 15
10 1 20
21 1 20
5 2 5
45 1 7
22 1 17
20 1 22
8 2 1
27 1 1
18 1 10
26 1 6
14 1 6
38 2 27
12 2 8
14 1 1
28 1 38
38 1 1
10 1 9
15 1 14
2 1 10
10 1 1
4 2 38
12 1 1
14 1 5
1 2 7
10 1 12
10 1 8
28 1 4
11 1 10
9 2 8
3 1 2
1 1 11
15 2 22
23 1 19
1 1 1
6 1 1
26 1 5
13 1 14
20 1 45
22 1 21
20 1 26
1 2 8
20 1 15
20 1 16
15 2 15
32 1 14
17 2 21
1 2 11
15 2 16
13 2 17
26 2 26
14 1 13
19 1 18
8 2 8
16 2 23
26 2 27
1 4 1
20 1 10
45 1 1
7 2 20
16 2 16
27 1 5
5 2 1
7 1 32
16 1 10
10 2 10
8 2 12
15 2 45
20 1 23
22 2 22
26 1 1
1 2 13
20 1 27
19 1 17
22 1 24
45 1 20
19 1 13
5 2 6
27 1 20
1 2 3
26 1 20
24 1 20
12 1 3
1 2 20
8 2 9
1 5 1
45 1 5
26 1 7
6 2 1
25 1 10
2 2 2
21 2 24
17 2 18
28 1 27
20 1 25
19 2 20
? 1 github_java_program_data/4/java/2113_new.java

51 1 1
56 2 20
27 1 20
1 1 8
13 1 10
17 1 10
4 1 1
21 1 20
5 2 5
45 1 7
22 1 17
20 1 22
1 2 56
8 2 1
27 1 1
18 1 10
26 1 6
15 2 45
14 1 6
10 1 41
12 2 8
14 1 1
10 1 9
45 2 26
15 1 14
2 1 10
12 1 1
1 2 7
10 1 12
17 2 18
10 1 8
1 1 1
28 1 4
2 1 1
11 1 10
9 2 8
3 1 2
1 1 11
15 2 22
23 1 19
20 1 15
6 1 1
26 1 5
13 1 14
20 1 45
22 1 21
1 1 3
20 1 26
1 2 8
20 1 23
20 1 16
15 2 15
32 1 14
17 2 21
16 2 16
1 2 11
41 1 24
15 2 16
13 2 17
26 2 26
22 2 15
14 1 13
19 1 18
24 1 10
1 2 1
27 2 27
1 4 1
45 1 1
41 1 17
7 2 20
27 1 56
27 1 5
5 2 1
7 1 32
16 1 10
8 2 12
51 2 5
57 1 1
8 2 8
22 2 22
26 1 1
41 1 21
1 2 13
19 1 17
45 1 20
26 1 51
19 1 13
56 1 57
23 1 20
26 1 20
1 2 3
10 1 1
12 1 3
1 2 20
21 1 10
1 5 1
45 1 5
2 1 8
26 1 7
6 2 1
25 1 10
21 2 24
8 2 9
28 1 27
5 2 6
20 1 25
19 2 20
? 1 github_java_program_data/4/java/2116_new.java

20 1 16
32 2 32
6 1 1
32 1 14
28 1 4
56 2 20
8 2 1
38 2 38
27 1 20
1 1 8
13 1 10
17 1 10
4 1 1
6 2 1
21 1 20
15 2 15
15 2 22
22 1 17
8 2 12
20 1 22
2 2 2
7 2 20
10 1 1
27 1 1
17 2 21
8 2 8
26 1 6
14 1 6
55 1 1
16 2 16
1 4 1
14 1 13
27 1 56
14 1 1
7 1 32
14 1 62
16 1 10
23 1 19
15 1 14
4 2 38
2 1 10
12 1 3
19 2 20
23 2 25
26 1 1
12 1 1
1 2 13
14 1 5
1 2 7
10 1 12
1 2 62
10 1 8
38 1 1
19 1 13
5 2 6
1 1 1
56 1 55
23 1 20
1 2 3
26 1 20
28 1 38
3 1 2
62 1 10
1 2 8
1 5 1
15 2 16
15 2 26
26 1 7
20 1 15
25 1 10
13 1 14
1 2 56
22 1 21
20 1 26
28 1 27
26 2 26
20 1 25
20 1 23
? 1 github_java_program_data/4/java/2118.java

20 1 16
32 2 32
6 1 1
32 1 14
17 2 21
8 2 1
38 2 38
27 1 20
1 1 8
13 1 10
17 1 10
4 1 1
6 2 1
21 1 20
15 2 15
15 2 22
22 1 17
8 2 12
20 1 22
2 2 2
7 2 20
10 1 1
27 1 1
8 2 8
26 1 6
14 1 6
4 2 38
1 4 1
14 1 13
16 2 16
14 1 1
7 1 32
14 1 62
16 1 10
23 1 19
15 1 14
2 1 10
12 1 3
19 2 20
23 2 25
26 1 1
12 1 1
1 2 13
14 1 5
1 2 7
10 1 12
1 2 62
10 1 8
38 1 1
19 1 13
5 2 6
1 1 1
28 1 4
23 1 20
1 2 3
26 1 20
28 1 38
3 1 2
62 1 10
1 2 20
1 2 8
1 5 1
15 2 16
15 2 26
26 1 7
20 1 15
25 1 10
13 1 14
22 1 21
20 1 26
28 1 27
26 2 26
20 1 25
20 1 23
? 1 github_java_program_data/4/java/2122.java

1 1 7
20 1 43
32 1 14
32 1 1
43 1 6
43 1 5
1 2 7
4 2 38
1 1 8
4 1 1
52 1 20
5 2 6
43 1 7
1 2 3
28 1 4
2 1 1
8 2 1
28 1 38
3 1 2
1 2 20
28 1 52
14 1 6
1 1 1
6 1 1
52 1 5
43 1 1
52 1 1
14 1 1
1 1 3
7 1 32
38 1 1
1 2 8
6 2 1
5 2 1
? 1 github_java_program_data/4/java/2124.java

10 1 8
1 2 1
8 2 1
9 2 8
10 1 9
28 1 16
10 1 1
16 1 10
? 1 github_java_program_data/4/java/2128.java

32 2 32
15 2 23
20 1 37
37 1 20
23 1 20
1 1 8
13 1 10
17 1 10
21 1 20
5 2 5
45 1 7
22 1 17
20 1 22
7 2 20
27 1 1
18 1 10
26 1 6
14 1 6
12 2 8
14 1 1
23 2 25
10 1 9
15 1 14
2 1 10
1 2 11
22 2 16
12 1 1
1 2 7
10 1 12
10 1 8
1 1 1
23 2 37
11 1 10
9 2 8
3 1 2
1 1 11
8 2 12
20 1 15
6 1 1
26 1 5
13 1 14
20 1 45
17 2 20
22 1 21
20 1 26
1 2 8
20 1 23
20 1 16
32 1 14
17 2 21
8 2 9
15 2 22
15 2 16
13 2 17
26 2 26
37 1 17
19 1 18
1 4 1
45 1 1
14 1 13
16 2 16
27 1 5
8 2 1
5 2 1
7 1 32
16 1 10
23 1 19
22 2 22
26 1 1
1 2 13
19 1 17
45 1 20
19 1 13
5 2 6
27 1 20
26 1 20
1 2 3
10 1 1
12 1 3
1 2 20
20 1 31
1 5 1
45 1 5
26 1 7
6 2 1
25 1 10
2 2 2
17 2 18
28 1 27
20 1 25
19 2 20
? 1 github_java_program_data/4/java/2129.java

1 1 7
20 1 43
32 1 14
32 1 1
43 1 6
43 1 5
1 2 7
4 2 38
1 1 8
4 1 1
52 1 20
5 2 6
43 1 7
1 2 3
28 1 4
2 1 1
8 2 1
28 1 38
3 1 2
1 2 20
28 1 52
14 1 6
1 1 1
6 1 1
52 1 5
43 1 1
52 1 1
14 1 1
1 1 3
7 1 32
38 1 1
1 2 8
6 2 1
5 2 1
? 1 github_java_program_data/4/java/2136.java

10 1 8
1 2 1
8 2 1
9 2 8
10 1 9
28 1 16
10 1 1
16 1 10
? 1 github_java_program_data/4/java/2137.java

1 1 7
20 1 43
32 1 14
32 1 1
43 1 6
1 2 7
1 2 11
43 1 5
52 1 20
5 2 6
43 1 7
1 1 11
1 2 20
28 1 52
14 1 6
1 1 1
6 1 1
52 1 5
43 1 1
52 1 1
14 1 1
5 2 1
7 1 32
6 2 1
? 1 github_java_program_data/4/java/2139.java

20 1 43
32 1 14
28 1 4
43 1 6
1 2 7
4 2 38
1 1 8
4 1 1
52 1 20
43 1 7
8 2 1
28 1 38
1 2 20
28 1 52
14 1 6
1 1 1
6 1 1
52 1 5
43 1 1
38 2 38
52 1 1
14 1 1
5 2 1
7 1 32
38 1 1
1 2 8
6 2 1
? 1 github_java_program_data/4/java/2141.java

1 1 7
20 1 43
32 1 14
32 1 1
43 1 6
43 1 5
1 2 7
4 2 38
1 1 8
4 1 1
52 1 20
5 2 6
43 1 7
1 2 3
28 1 4
2 1 1
8 2 1
28 1 38
3 1 2
1 2 20
28 1 52
14 1 6
1 1 1
6 1 1
52 1 5
43 1 1
52 1 1
14 1 1
1 1 3
7 1 32
38 1 1
1 2 8
6 2 1
5 2 1
? 1 github_java_program_data/4/java/2145.java

20 1 16
32 2 32
6 1 1
32 1 14
28 1 4
56 2 20
8 2 1
38 2 38
27 1 20
1 1 8
13 1 10
17 1 10
4 1 1
6 2 1
21 1 20
15 2 15
15 2 22
22 1 17
8 2 12
20 1 22
2 2 2
7 2 20
10 1 1
27 1 1
17 2 21
8 2 8
26 1 6
14 1 6
55 1 1
16 2 16
1 4 1
14 1 13
27 1 56
14 1 1
7 1 32
14 1 62
16 1 10
23 1 19
15 1 14
4 2 38
2 1 10
12 1 3
19 2 20
23 2 25
26 1 1
12 1 1
1 2 13
14 1 5
1 2 7
10 1 12
1 2 62
10 1 8
38 1 1
19 1 13
5 2 6
1 1 1
56 1 55
23 1 20
1 2 3
26 1 20
28 1 38
3 1 2
62 1 10
1 2 8
1 5 1
15 2 16
15 2 26
26 1 7
20 1 15
25 1 10
13 1 14
1 2 56
22 1 21
20 1 26
28 1 27
26 2 26
20 1 25
20 1 23
? 1 github_java_program_data/4/java/2148.java

20 1 16
32 2 32
6 1 1
32 1 14
17 2 21
8 2 1
38 2 38
27 1 20
1 1 8
13 1 10
17 1 10
4 1 1
6 2 1
21 1 20
15 2 15
15 2 22
22 1 17
8 2 12
20 1 22
2 2 2
7 2 20
10 1 1
27 1 1
8 2 8
26 1 6
14 1 6
4 2 38
1 4 1
14 1 13
16 2 16
14 1 1
7 1 32
14 1 62
16 1 10
23 1 19
15 1 14
2 1 10
12 1 3
19 2 20
23 2 25
26 1 1
12 1 1
1 2 13
14 1 5
1 2 7
10 1 12
1 2 62
10 1 8
38 1 1
19 1 13
5 2 6
1 1 1
28 1 4
23 1 20
1 2 3
26 1 20
28 1 38
3 1 2
62 1 10
1 2 20
1 2 8
1 5 1
15 2 16
15 2 26
26 1 7
20 1 15
25 1 10
13 1 14
22 1 21
20 1 26
28 1 27
26 2 26
20 1 25
20 1 23
? 1 github_java_program_data/4/java/2152.java

1 1 7
20 1 43
32 1 14
32 1 1
43 1 6
43 1 5
1 2 7
4 2 38
1 1 8
4 1 1
52 1 20
5 2 6
43 1 7
1 2 3
28 1 4
2 1 1
8 2 1
28 1 38
3 1 2
1 2 20
28 1 52
14 1 6
1 1 1
6 1 1
52 1 5
43 1 1
52 1 1
14 1 1
1 1 3
7 1 32
38 1 1
1 2 8
6 2 1
5 2 1
? 1 github_java_program_data/4/java/2154.java

32 2 32
15 2 23
20 1 37
37 1 20
23 1 20
1 1 8
13 1 10
17 1 10
21 1 20
5 2 5
45 1 7
22 1 17
20 1 22
7 2 20
27 1 1
18 1 10
26 1 6
14 1 6
12 2 8
14 1 1
23 2 25
10 1 9
15 1 14
2 1 10
1 2 11
22 2 16
12 1 1
1 2 7
10 1 12
10 1 8
1 1 1
23 2 37
11 1 10
9 2 8
3 1 2
1 1 11
8 2 12
20 1 15
6 1 1
26 1 5
13 1 14
20 1 45
17 2 20
22 1 21
20 1 26
1 2 8
20 1 23
20 1 16
32 1 14
17 2 21
8 2 9
15 2 22
15 2 16
13 2 17
26 2 26
37 1 17
19 1 18
1 4 1
45 1 1
14 1 13
16 2 16
27 1 5
8 2 1
5 2 1
7 1 32
16 1 10
23 1 19
22 2 22
26 1 1
1 2 13
19 1 17
45 1 20
19 1 13
5 2 6
27 1 20
26 1 20
1 2 3
10 1 1
12 1 3
1 2 20
20 1 31
1 5 1
45 1 5
26 1 7
6 2 1
25 1 10
2 2 2
17 2 18
28 1 27
20 1 25
19 2 20
? 1 github_java_program_data/4/java/2159.java

20 1 16
32 2 32
6 1 1
32 1 14
4 2 38
1 1 8
4 1 1
26 2 26
45 1 7
7 2 20
10 1 1
27 1 1
8 2 8
26 1 6
15 2 45
14 1 6
45 1 1
45 2 26
8 2 1
38 2 27
16 2 16
27 1 5
14 1 1
5 2 1
7 1 32
38 1 1
10 1 9
8 2 12
15 1 14
2 1 10
3 1 2
26 1 1
1 4 1
1 2 7
10 1 12
45 1 20
10 1 8
5 2 6
1 1 1
28 1 4
27 1 20
1 2 3
26 1 20
16 1 10
28 1 38
12 1 3
12 1 1
1 2 20
20 1 25
1 5 1
26 1 7
20 1 15
25 1 10
26 1 5
2 2 2
20 1 45
20 1 26
28 1 27
1 2 8
6 2 1
? 1 github_java_program_data/4/java/2159_new.java

1 1 7
20 1 43
32 1 14
32 1 1
43 1 6
43 1 5
1 2 7
4 2 38
1 1 8
4 1 1
52 1 20
5 2 6
43 1 7
1 2 3
28 1 4
2 1 1
8 2 1
28 1 38
3 1 2
1 2 20
28 1 52
14 1 6
1 1 1
6 1 1
52 1 5
43 1 1
52 1 1
14 1 1
1 1 3
7 1 32
38 1 1
1 2 8
6 2 1
5 2 1
? 1 github_java_program_data/4/java/2166.java

10 1 8
1 2 1
8 2 1
9 2 8
10 1 9
28 1 16
10 1 1
16 1 10
? 1 github_java_program_data/4/java/2167.java

20 1 43
32 1 14
28 1 4
43 1 6
1 2 7
4 2 38
1 1 8
4 1 1
52 1 20
43 1 7
8 2 1
28 1 38
1 2 20
28 1 52
14 1 6
1 1 1
6 1 1
52 1 5
43 1 1
38 2 38
52 1 1
14 1 1
5 2 1
7 1 32
38 1 1
1 2 8
6 2 1
? 1 github_java_program_data/4/java/2171.java

10 1 8
1 2 1
8 2 1
9 2 8
10 1 9
28 1 16
10 1 1
16 1 10
? 1 github_java_program_data/4/java/2172.java

20 1 16
32 2 32
6 1 1
32 1 14
28 1 4
56 2 20
8 2 1
38 2 38
27 1 20
1 1 8
13 1 10
17 1 10
4 1 1
6 2 1
21 1 20
15 2 15
15 2 22
22 1 17
8 2 12
20 1 22
2 2 2
7 2 20
10 1 1
27 1 1
17 2 21
8 2 8
26 1 6
14 1 6
55 1 1
16 2 16
1 4 1
14 1 13
27 1 56
14 1 1
7 1 32
14 1 62
16 1 10
23 1 19
15 1 14
4 2 38
2 1 10
12 1 3
19 2 20
23 2 25
26 1 1
12 1 1
1 2 13
14 1 5
1 2 7
10 1 12
1 2 62
10 1 8
38 1 1
19 1 13
5 2 6
1 1 1
56 1 55
23 1 20
1 2 3
26 1 20
28 1 38
3 1 2
62 1 10
1 2 8
1 5 1
15 2 16
15 2 26
26 1 7
20 1 15
25 1 10
13 1 14
1 2 56
22 1 21
20 1 26
28 1 27
26 2 26
20 1 25
20 1 23
? 1 github_java_program_data/4/java/2178.java

20 1 16
32 2 32
6 1 1
32 1 14
28 1 4
56 2 20
8 2 1
38 2 38
27 1 20
1 1 8
13 1 10
17 1 10
4 1 1
6 2 1
21 1 20
15 2 15
15 2 22
22 1 17
8 2 12
20 1 22
2 2 2
7 2 20
10 1 1
27 1 1
17 2 21
8 2 8
26 1 6
14 1 6
55 1 1
16 2 16
1 4 1
14 1 13
27 1 56
14 1 1
7 1 32
14 1 62
16 1 10
23 1 19
15 1 14
4 2 38
2 1 10
12 1 3
19 2 20
23 2 25
26 1 1
12 1 1
1 2 13
14 1 5
1 2 7
10 1 12
1 2 62
10 1 8
38 1 1
19 1 13
5 2 6
1 1 1
56 1 55
23 1 20
1 2 3
26 1 20
28 1 38
3 1 2
62 1 10
1 2 8
1 5 1
15 2 16
15 2 26
26 1 7
20 1 15
25 1 10
13 1 14
1 2 56
22 1 21
20 1 26
28 1 27
26 2 26
20 1 25
20 1 23
? 1 github_java_program_data/4/java/2179.java

20 1 16
32 2 32
6 1 1
32 1 14
17 2 21
8 2 1
38 2 38
27 1 20
1 1 8
13 1 10
17 1 10
4 1 1
6 2 1
21 1 20
15 2 15
15 2 22
22 1 17
8 2 12
20 1 22
2 2 2
7 2 20
10 1 1
27 1 1
8 2 8
26 1 6
14 1 6
4 2 38
1 4 1
14 1 13
16 2 16
14 1 1
7 1 32
14 1 62
16 1 10
23 1 19
15 1 14
2 1 10
12 1 3
19 2 20
23 2 25
26 1 1
12 1 1
1 2 13
14 1 5
1 2 7
10 1 12
1 2 62
10 1 8
38 1 1
19 1 13
5 2 6
1 1 1
28 1 4
23 1 20
1 2 3
26 1 20
28 1 38
3 1 2
62 1 10
1 2 20
1 2 8
1 5 1
15 2 16
15 2 26
26 1 7
20 1 15
25 1 10
13 1 14
22 1 21
20 1 26
28 1 27
26 2 26
20 1 25
20 1 23
? 1 github_java_program_data/4/java/2182.java

20 1 16
32 1 14
1 2 11
1 1 8
13 1 10
15 2 16
5 2 5
7 2 20
8 2 1
27 1 1
26 1 6
14 1 6
1 4 1
14 1 13
16 2 16
27 1 5
14 1 1
5 2 1
7 1 32
10 1 9
8 2 12
15 1 14
2 1 10
10 1 1
12 1 3
26 1 1
1 1 11
1 2 13
1 2 7
10 1 12
10 1 8
5 2 6
1 1 1
27 1 20
1 2 3
26 1 20
16 1 10
3 1 2
12 1 1
1 2 20
1 5 1
26 1 7
6 2 1
6 1 1
26 1 5
20 1 26
28 1 27
1 2 8
20 1 15
? 1 github_java_program_data/4/java/2182_new.java

20 1 16
32 1 14
1 2 11
1 1 8
13 1 10
4 1 1
15 2 16
5 2 5
7 2 20
8 2 1
27 1 1
26 1 6
14 1 6
1 4 1
14 1 13
16 2 16
27 1 5
14 1 1
5 2 1
7 1 32
10 1 9
8 2 12
15 1 14
2 1 10
12 1 3
26 1 1
1 1 11
1 2 13
1 2 7
10 1 12
10 1 8
5 2 6
1 1 1
28 1 4
27 1 20
1 2 3
26 1 20
16 1 10
3 1 2
12 1 1
1 2 20
1 5 1
26 1 7
6 2 1
6 1 1
26 1 5
20 1 26
28 1 27
1 2 8
20 1 15
? 1 github_java_program_data/4/java/2186_new.java

10 1 8
1 2 1
8 2 1
9 2 8
10 1 9
28 1 16
10 1 1
16 1 10
? 1 github_java_program_data/4/java/2188.java

20 1 16
32 2 32
6 1 1
32 1 14
4 2 38
1 1 8
4 1 1
26 2 26
45 1 7
7 2 20
10 1 1
27 1 1
8 2 8
26 1 6
15 2 45
14 1 6
45 1 1
45 2 26
8 2 1
38 2 27
16 2 16
27 1 5
14 1 1
5 2 1
7 1 32
38 1 1
10 1 9
8 2 12
15 1 14
2 1 10
3 1 2
26 1 1
1 4 1
1 2 7
10 1 12
45 1 20
10 1 8
5 2 6
1 1 1
28 1 4
27 1 20
1 2 3
26 1 20
16 1 10
28 1 38
12 1 3
12 1 1
1 2 20
20 1 25
1 5 1
26 1 7
20 1 15
25 1 10
26 1 5
2 2 2
20 1 45
20 1 26
28 1 27
1 2 8
6 2 1
? 1 github_java_program_data/4/java/2189_new.java

1 1 7
20 1 43
32 1 14
32 1 1
43 1 6
43 1 5
1 2 7
4 2 38
1 1 8
4 1 1
52 1 20
5 2 6
43 1 7
1 2 3
28 1 4
2 1 1
8 2 1
28 1 38
3 1 2
1 2 20
28 1 52
14 1 6
1 1 1
6 1 1
52 1 5
43 1 1
52 1 1
14 1 1
1 1 3
7 1 32
38 1 1
1 2 8
6 2 1
5 2 1
? 1 github_java_program_data/4/java/2196.java

1 1 7
20 1 43
32 1 14
32 1 1
43 1 6
1 2 7
1 2 11
43 1 5
52 1 20
5 2 6
43 1 7
1 1 11
1 2 20
28 1 52
14 1 6
1 1 1
6 1 1
52 1 5
43 1 1
52 1 1
14 1 1
5 2 1
7 1 32
6 2 1
? 1 github_java_program_data/4/java/2199.java

20 1 43
32 1 14
28 1 4
43 1 6
1 2 7
4 2 38
1 1 8
4 1 1
52 1 20
43 1 7
8 2 1
28 1 38
1 2 20
28 1 52
14 1 6
1 1 1
6 1 1
52 1 5
43 1 1
38 2 38
52 1 1
14 1 1
5 2 1
7 1 32
38 1 1
1 2 8
6 2 1
? 1 github_java_program_data/4/java/2201.java

1 1 7
20 1 43
32 1 14
32 1 1
43 1 6
43 1 5
1 2 7
4 2 38
1 1 8
4 1 1
52 1 20
5 2 6
43 1 7
1 2 3
28 1 4
2 1 1
8 2 1
28 1 38
3 1 2
1 2 20
28 1 52
14 1 6
1 1 1
6 1 1
52 1 5
43 1 1
52 1 1
14 1 1
1 1 3
7 1 32
38 1 1
1 2 8
6 2 1
5 2 1
? 1 github_java_program_data/4/java/2205.java

20 1 16
32 2 32
6 1 1
32 1 14
28 1 4
56 2 20
8 2 1
38 2 38
27 1 20
1 1 8
13 1 10
17 1 10
4 1 1
6 2 1
21 1 20
15 2 15
15 2 22
22 1 17
8 2 12
20 1 22
2 2 2
7 2 20
10 1 1
27 1 1
17 2 21
8 2 8
26 1 6
14 1 6
55 1 1
16 2 16
1 4 1
14 1 13
27 1 56
14 1 1
7 1 32
14 1 62
16 1 10
23 1 19
15 1 14
4 2 38
2 1 10
12 1 3
19 2 20
23 2 25
26 1 1
12 1 1
1 2 13
14 1 5
1 2 7
10 1 12
1 2 62
10 1 8
38 1 1
19 1 13
5 2 6
1 1 1
56 1 55
23 1 20
1 2 3
26 1 20
28 1 38
3 1 2
62 1 10
1 2 8
1 5 1
15 2 16
15 2 26
26 1 7
20 1 15
25 1 10
13 1 14
1 2 56
22 1 21
20 1 26
28 1 27
26 2 26
20 1 25
20 1 23
? 1 github_java_program_data/4/java/2208.java

20 1 16
32 2 32
6 1 1
32 1 14
17 2 21
8 2 1
38 2 38
27 1 20
1 1 8
13 1 10
17 1 10
4 1 1
6 2 1
21 1 20
15 2 15
15 2 22
22 1 17
8 2 12
20 1 22
2 2 2
7 2 20
10 1 1
27 1 1
8 2 8
26 1 6
14 1 6
4 2 38
1 4 1
14 1 13
16 2 16
14 1 1
7 1 32
14 1 62
16 1 10
23 1 19
15 1 14
2 1 10
12 1 3
19 2 20
23 2 25
26 1 1
12 1 1
1 2 13
14 1 5
1 2 7
10 1 12
1 2 62
10 1 8
38 1 1
19 1 13
5 2 6
1 1 1
28 1 4
23 1 20
1 2 3
26 1 20
28 1 38
3 1 2
62 1 10
1 2 20
1 2 8
1 5 1
15 2 16
15 2 26
26 1 7
20 1 15
25 1 10
13 1 14
22 1 21
20 1 26
28 1 27
26 2 26
20 1 25
20 1 23
? 1 github_java_program_data/4/java/2212.java

1 1 7
20 1 43
32 1 14
32 1 1
43 1 6
43 1 5
1 2 7
4 2 38
1 1 8
4 1 1
52 1 20
5 2 6
43 1 7
1 2 3
28 1 4
2 1 1
8 2 1
28 1 38
3 1 2
1 2 20
28 1 52
14 1 6
1 1 1
6 1 1
52 1 5
43 1 1
52 1 1
14 1 1
1 1 3
7 1 32
38 1 1
1 2 8
6 2 1
5 2 1
? 1 github_java_program_data/4/java/2214.java

32 2 32
15 2 23
20 1 37
37 1 20
23 1 20
1 1 8
13 1 10
17 1 10
21 1 20
5 2 5
45 1 7
22 1 17
20 1 22
7 2 20
27 1 1
18 1 10
26 1 6
14 1 6
12 2 8
14 1 1
23 2 25
10 1 9
15 1 14
2 1 10
1 2 11
22 2 16
12 1 1
1 2 7
10 1 12
10 1 8
1 1 1
23 2 37
11 1 10
9 2 8
3 1 2
1 1 11
8 2 12
20 1 15
6 1 1
26 1 5
13 1 14
20 1 45
17 2 20
22 1 21
20 1 26
1 2 8
20 1 23
20 1 16
32 1 14
17 2 21
8 2 9
15 2 22
15 2 16
13 2 17
26 2 26
37 1 17
19 1 18
1 4 1
45 1 1
14 1 13
16 2 16
27 1 5
8 2 1
5 2 1
7 1 32
16 1 10
23 1 19
22 2 22
26 1 1
1 2 13
19 1 17
45 1 20
19 1 13
5 2 6
27 1 20
26 1 20
1 2 3
10 1 1
12 1 3
1 2 20
20 1 31
1 5 1
45 1 5
26 1 7
6 2 1
25 1 10
2 2 2
17 2 18
28 1 27
20 1 25
19 2 20
? 1 github_java_program_data/4/java/2219.java

20 1 16
32 2 32
6 1 1
32 1 14
4 2 38
1 1 8
4 1 1
26 2 26
45 1 7
7 2 20
10 1 1
27 1 1
8 2 8
26 1 6
15 2 45
14 1 6
45 1 1
45 2 26
8 2 1
38 2 27
16 2 16
27 1 5
14 1 1
5 2 1
7 1 32
38 1 1
10 1 9
8 2 12
15 1 14
2 1 10
3 1 2
26 1 1
1 4 1
1 2 7
10 1 12
45 1 20
10 1 8
5 2 6
1 1 1
28 1 4
27 1 20
1 2 3
26 1 20
16 1 10
28 1 38
12 1 3
12 1 1
1 2 20
20 1 25
1 5 1
26 1 7
20 1 15
25 1 10
26 1 5
2 2 2
20 1 45
20 1 26
28 1 27
1 2 8
6 2 1
? 1 github_java_program_data/4/java/2219_new.java

10 1 8
1 2 1
8 2 1
9 2 8
10 1 9
28 1 16
10 1 1
16 1 10
? 1 github_java_program_data/4/java/2227.java

1 1 7
20 1 43
32 1 14
32 1 1
43 1 6
1 2 7
1 2 11
43 1 5
52 1 20
5 2 6
43 1 7
1 1 11
1 2 20
28 1 52
14 1 6
1 1 1
6 1 1
52 1 5
43 1 1
52 1 1
14 1 1
5 2 1
7 1 32
6 2 1
? 1 github_java_program_data/4/java/2229.java

10 1 8
1 2 1
8 2 1
9 2 8
10 1 9
28 1 16
10 1 1
16 1 10
? 1 github_java_program_data/4/java/2232.java

1 1 7
20 1 43
32 1 14
32 1 1
43 1 6
43 1 5
1 2 7
4 2 38
1 1 8
4 1 1
52 1 20
5 2 6
43 1 7
1 2 3
28 1 4
2 1 1
8 2 1
28 1 38
3 1 2
1 2 20
28 1 52
14 1 6
1 1 1
6 1 1
52 1 5
43 1 1
52 1 1
14 1 1
1 1 3
7 1 32
38 1 1
1 2 8
6 2 1
5 2 1
? 1 github_java_program_data/4/java/2235.java

20 1 16
4 2 27
32 1 14
1 2 11
1 1 8
13 1 10
4 1 1
15 2 16
5 2 5
7 2 20
8 2 1
27 1 1
26 1 6
14 1 6
1 4 1
14 1 13
16 2 16
27 1 5
14 1 1
5 2 1
7 1 32
10 1 9
8 2 12
15 1 14
2 1 10
12 1 3
26 1 1
1 1 11
1 2 13
1 2 7
10 1 12
10 1 8
5 2 6
1 1 1
28 1 4
27 1 20
1 2 3
26 1 20
16 1 10
3 1 2
12 1 1
1 2 20
1 5 1
26 1 7
6 2 1
6 1 1
26 1 5
20 1 26
28 1 27
1 2 8
20 1 15
? 1 github_java_program_data/4/java/2238_new.java

20 1 16
32 2 32
6 1 1
32 1 14
28 1 4
56 2 20
8 2 1
38 2 38
27 1 20
1 1 8
13 1 10
17 1 10
4 1 1
6 2 1
21 1 20
15 2 15
15 2 22
22 1 17
8 2 12
20 1 22
2 2 2
7 2 20
10 1 1
27 1 1
17 2 21
8 2 8
26 1 6
14 1 6
55 1 1
16 2 16
1 4 1
14 1 13
27 1 56
14 1 1
7 1 32
14 1 62
16 1 10
23 1 19
15 1 14
4 2 38
2 1 10
12 1 3
19 2 20
23 2 25
26 1 1
12 1 1
1 2 13
14 1 5
1 2 7
10 1 12
1 2 62
10 1 8
38 1 1
19 1 13
5 2 6
1 1 1
56 1 55
23 1 20
1 2 3
26 1 20
28 1 38
3 1 2
62 1 10
1 2 8
1 5 1
15 2 16
15 2 26
26 1 7
20 1 15
25 1 10
13 1 14
1 2 56
22 1 21
20 1 26
28 1 27
26 2 26
20 1 25
20 1 23
? 1 github_java_program_data/4/java/2239.java

1 1 7
20 1 43
32 1 14
32 1 1
43 1 6
43 1 5
1 2 7
4 2 38
1 1 8
4 1 1
52 1 20
5 2 6
43 1 7
1 2 3
28 1 4
2 1 1
8 2 1
28 1 38
3 1 2
1 2 20
28 1 52
14 1 6
1 1 1
6 1 1
52 1 5
43 1 1
52 1 1
14 1 1
1 1 3
7 1 32
38 1 1
1 2 8
6 2 1
5 2 1
? 1 github_java_program_data/4/java/2244.java

10 1 8
1 2 1
8 2 1
9 2 8
10 1 9
28 1 16
10 1 1
16 1 10
? 1 github_java_program_data/4/java/2248.java

20 1 16
32 2 32
6 1 1
32 1 14
4 2 38
1 1 8
4 1 1
26 2 26
45 1 7
7 2 20
10 1 1
27 1 1
8 2 8
26 1 6
15 2 45
14 1 6
45 1 1
45 2 26
8 2 1
38 2 27
16 2 16
27 1 5
14 1 1
5 2 1
7 1 32
38 1 1
10 1 9
8 2 12
15 1 14
2 1 10
3 1 2
26 1 1
1 4 1
1 2 7
10 1 12
45 1 20
10 1 8
5 2 6
1 1 1
28 1 4
27 1 20
1 2 3
26 1 20
16 1 10
28 1 38
12 1 3
12 1 1
1 2 20
20 1 25
1 5 1
26 1 7
20 1 15
25 1 10
26 1 5
2 2 2
20 1 45
20 1 26
28 1 27
1 2 8
6 2 1
? 1 github_java_program_data/4/java/2249_new.java

1 1 7
20 1 43
32 1 14
32 1 1
43 1 6
43 1 5
1 2 7
4 2 38
1 1 8
4 1 1
52 1 20
5 2 6
43 1 7
1 2 3
28 1 4
2 1 1
8 2 1
28 1 38
3 1 2
1 2 20
28 1 52
14 1 6
1 1 1
6 1 1
52 1 5
43 1 1
52 1 1
14 1 1
1 1 3
7 1 32
38 1 1
1 2 8
6 2 1
5 2 1
? 1 github_java_program_data/4/java/2256.java

1 1 7
20 1 43
32 1 14
32 1 1
43 1 6
1 2 7
1 2 11
43 1 5
52 1 20
5 2 6
43 1 7
1 1 11
1 2 20
28 1 52
14 1 6
1 1 1
6 1 1
52 1 5
43 1 1
52 1 1
14 1 1
5 2 1
7 1 32
6 2 1
? 1 github_java_program_data/4/java/2259.java

32 2 32
15 2 23
56 2 20
20 1 37
37 1 20
23 1 20
1 1 8
13 1 10
17 1 10
4 1 1
16 2 15
21 1 20
45 1 7
22 1 17
37 1 17
1 2 56
10 1 1
27 1 1
18 1 10
45 1 20
12 2 8
14 1 6
45 1 5
14 1 1
10 1 9
15 1 14
2 1 10
58 1 10
7 1 32
12 1 1
1 2 7
10 1 12
23 2 16
10 1 8
28 1 4
11 1 10
9 2 8
3 1 2
1 1 11
15 2 22
23 1 19
20 1 15
6 1 1
26 1 5
13 1 14
20 1 45
17 2 20
22 1 21
20 1 26
14 1 13
1 2 8
1 1 1
20 1 16
16 2 25
20 1 58
32 1 14
17 2 21
22 2 25
16 2 16
1 2 11
15 2 16
15 2 37
13 2 17
26 2 26
22 2 37
7 2 20
20 1 22
19 1 18
8 2 8
15 2 15
1 4 1
45 1 1
22 2 15
55 1 1
27 1 56
27 1 5
8 2 1
5 2 1
22 2 16
16 1 10
8 2 12
20 1 23
16 2 22
22 2 22
26 1 1
1 2 13
19 1 17
22 1 24
26 1 6
19 1 13
5 2 6
56 1 55
27 1 20
1 2 3
26 1 20
24 1 20
12 1 3
20 1 25
1 5 1
26 1 7
6 2 1
25 1 10
2 2 2
21 2 24
17 2 18
28 1 27
8 2 9
19 2 20
? 1 github_java_program_data/4/java/2260.java

10 1 8
1 2 1
8 2 1
9 2 8
10 1 9
28 1 16
10 1 1
16 1 10
? 1 github_java_program_data/4/java/2262.java

1 1 7
20 1 43
32 1 14
32 1 1
43 1 6
43 1 5
1 2 7
4 2 38
1 1 8
4 1 1
52 1 20
5 2 6
43 1 7
1 2 3
28 1 4
2 1 1
8 2 1
28 1 38
3 1 2
1 2 20
28 1 52
14 1 6
1 1 1
6 1 1
52 1 5
43 1 1
52 1 1
14 1 1
1 1 3
7 1 32
38 1 1
1 2 8
6 2 1
5 2 1
? 1 github_java_program_data/4/java/2265.java

20 1 16
32 2 32
6 1 1
32 1 14
28 1 4
56 2 20
8 2 1
38 2 38
27 1 20
1 1 8
13 1 10
17 1 10
4 1 1
6 2 1
21 1 20
15 2 15
15 2 22
22 1 17
8 2 12
20 1 22
2 2 2
7 2 20
10 1 1
27 1 1
17 2 21
8 2 8
26 1 6
14 1 6
55 1 1
16 2 16
1 4 1
14 1 13
27 1 56
14 1 1
7 1 32
14 1 62
16 1 10
23 1 19
15 1 14
4 2 38
2 1 10
12 1 3
19 2 20
23 2 25
26 1 1
12 1 1
1 2 13
14 1 5
1 2 7
10 1 12
1 2 62
10 1 8
38 1 1
19 1 13
5 2 6
1 1 1
56 1 55
23 1 20
1 2 3
26 1 20
28 1 38
3 1 2
62 1 10
1 2 8
1 5 1
15 2 16
15 2 26
26 1 7
20 1 15
25 1 10
13 1 14
1 2 56
22 1 21
20 1 26
28 1 27
26 2 26
20 1 25
20 1 23
? 1 github_java_program_data/4/java/2269.java

20 1 16
32 2 32
6 1 1
32 1 14
17 2 21
8 2 1
38 2 38
27 1 20
1 1 8
13 1 10
17 1 10
4 1 1
6 2 1
21 1 20
15 2 15
15 2 22
22 1 17
8 2 12
20 1 22
2 2 2
7 2 20
10 1 1
27 1 1
8 2 8
26 1 6
14 1 6
4 2 38
1 4 1
14 1 13
16 2 16
14 1 1
7 1 32
14 1 62
16 1 10
23 1 19
15 1 14
2 1 10
12 1 3
19 2 20
23 2 25
26 1 1
12 1 1
1 2 13
14 1 5
1 2 7
10 1 12
1 2 62
10 1 8
38 1 1
19 1 13
5 2 6
1 1 1
28 1 4
23 1 20
1 2 3
26 1 20
28 1 38
3 1 2
62 1 10
1 2 20
1 2 8
1 5 1
15 2 16
15 2 26
26 1 7
20 1 15
25 1 10
13 1 14
22 1 21
20 1 26
28 1 27
26 2 26
20 1 25
20 1 23
? 1 github_java_program_data/4/java/2272.java

10 1 8
1 2 1
8 2 1
9 2 8
10 1 9
28 1 16
10 1 1
16 1 10
? 1 github_java_program_data/4/java/2278.java

32 2 32
15 2 23
20 1 37
37 1 20
23 1 20
1 1 8
13 1 10
17 1 10
21 1 20
5 2 5
45 1 7
22 1 17
20 1 22
7 2 20
27 1 1
18 1 10
26 1 6
14 1 6
12 2 8
14 1 1
23 2 25
10 1 9
15 1 14
2 1 10
1 2 11
22 2 16
12 1 1
1 2 7
10 1 12
10 1 8
1 1 1
23 2 37
11 1 10
9 2 8
3 1 2
1 1 11
8 2 12
20 1 15
6 1 1
26 1 5
13 1 14
20 1 45
17 2 20
22 1 21
20 1 26
1 2 8
20 1 23
20 1 16
32 1 14
17 2 21
8 2 9
15 2 22
15 2 16
13 2 17
26 2 26
37 1 17
19 1 18
1 4 1
45 1 1
14 1 13
16 2 16
27 1 5
8 2 1
5 2 1
7 1 32
16 1 10
23 1 19
22 2 22
26 1 1
1 2 13
19 1 17
45 1 20
19 1 13
5 2 6
27 1 20
26 1 20
1 2 3
10 1 1
12 1 3
1 2 20
20 1 31
1 5 1
45 1 5
26 1 7
6 2 1
25 1 10
2 2 2
17 2 18
28 1 27
20 1 25
19 2 20
? 1 github_java_program_data/4/java/2279.java

20 1 16
51 1 1
38 2 38
1 2 11
1 1 8
13 1 10
4 1 1
15 2 16
26 2 26
7 2 20
14 1 13
27 1 1
26 1 6
16 1 10
14 1 6
1 4 1
8 2 1
38 2 27
16 2 16
27 1 5
14 1 1
5 2 1
38 1 1
10 1 9
8 2 12
15 1 14
51 2 5
2 1 10
10 1 1
12 1 3
4 2 38
26 1 1
12 1 1
1 2 13
1 2 7
10 1 12
26 1 51
10 1 8
5 2 6
1 1 1
28 1 4
27 1 20
1 2 3
26 1 20
11 1 10
28 1 38
3 1 2
1 1 11
1 2 20
1 5 1
26 1 7
20 1 15
6 1 1
26 1 5
2 2 2
20 1 26
28 1 27
1 2 8
6 2 1
? 1 github_java_program_data/4/java/2282_new.java

1 1 7
20 1 43
32 1 14
32 1 1
43 1 6
43 1 5
1 2 7
4 2 38
1 1 8
4 1 1
52 1 20
5 2 6
43 1 7
1 2 3
28 1 4
2 1 1
8 2 1
28 1 38
3 1 2
1 2 20
28 1 52
14 1 6
1 1 1
6 1 1
52 1 5
43 1 1
52 1 1
14 1 1
1 1 3
7 1 32
38 1 1
1 2 8
6 2 1
5 2 1
? 1 github_java_program_data/4/java/2286.java

1 1 7
20 1 43
32 1 14
32 1 1
43 1 6
1 2 7
1 2 11
43 1 5
52 1 20
5 2 6
43 1 7
1 1 11
1 2 20
28 1 52
14 1 6
1 1 1
6 1 1
52 1 5
43 1 1
52 1 1
14 1 1
5 2 1
7 1 32
6 2 1
? 1 github_java_program_data/4/java/2289.java

20 1 43
32 1 14
28 1 4
43 1 6
1 2 7
4 2 38
1 1 8
4 1 1
52 1 20
43 1 7
8 2 1
28 1 38
1 2 20
28 1 52
14 1 6
1 1 1
6 1 1
52 1 5
43 1 1
38 2 38
52 1 1
14 1 1
5 2 1
7 1 32
38 1 1
1 2 8
6 2 1
? 1 github_java_program_data/4/java/2291.java

10 1 8
1 2 1
8 2 1
9 2 8
10 1 9
28 1 16
10 1 1
16 1 10
? 1 github_java_program_data/4/java/2292.java

1 1 7
20 1 43
32 1 14
32 1 1
43 1 6
43 1 5
1 2 7
4 2 38
1 1 8
4 1 1
52 1 20
5 2 6
43 1 7
1 2 3
28 1 4
2 1 1
8 2 1
28 1 38
3 1 2
1 2 20
28 1 52
14 1 6
1 1 1
6 1 1
52 1 5
43 1 1
52 1 1
14 1 1
1 1 3
7 1 32
38 1 1
1 2 8
6 2 1
5 2 1
? 1 github_java_program_data/4/java/2295.java

20 1 16
32 2 32
6 1 1
32 1 14
28 1 4
56 2 20
8 2 1
38 2 38
27 1 20
1 1 8
13 1 10
17 1 10
4 1 1
6 2 1
21 1 20
15 2 15
15 2 22
22 1 17
8 2 12
20 1 22
2 2 2
7 2 20
10 1 1
27 1 1
17 2 21
8 2 8
26 1 6
14 1 6
55 1 1
16 2 16
1 4 1
14 1 13
27 1 56
14 1 1
7 1 32
14 1 62
16 1 10
23 1 19
15 1 14
4 2 38
2 1 10
12 1 3
19 2 20
23 2 25
26 1 1
12 1 1
1 2 13
14 1 5
1 2 7
10 1 12
1 2 62
10 1 8
38 1 1
19 1 13
5 2 6
1 1 1
56 1 55
23 1 20
1 2 3
26 1 20
28 1 38
3 1 2
62 1 10
1 2 8
1 5 1
15 2 16
15 2 26
26 1 7
20 1 15
25 1 10
13 1 14
1 2 56
22 1 21
20 1 26
28 1 27
26 2 26
20 1 25
20 1 23
? 1 github_java_program_data/4/java/2299.java

20 1 16
32 2 32
6 1 1
32 1 14
17 2 21
8 2 1
38 2 38
27 1 20
1 1 8
13 1 10
17 1 10
4 1 1
6 2 1
21 1 20
15 2 15
15 2 22
22 1 17
8 2 12
20 1 22
2 2 2
7 2 20
10 1 1
27 1 1
8 2 8
26 1 6
14 1 6
4 2 38
1 4 1
14 1 13
16 2 16
14 1 1
7 1 32
14 1 62
16 1 10
23 1 19
15 1 14
2 1 10
12 1 3
19 2 20
23 2 25
26 1 1
12 1 1
1 2 13
14 1 5
1 2 7
10 1 12
1 2 62
10 1 8
38 1 1
19 1 13
5 2 6
1 1 1
28 1 4
23 1 20
1 2 3
26 1 20
28 1 38
3 1 2
62 1 10
1 2 20
1 2 8
1 5 1
15 2 16
15 2 26
26 1 7
20 1 15
25 1 10
13 1 14
22 1 21
20 1 26
28 1 27
26 2 26
20 1 25
20 1 23
? 1 github_java_program_data/4/java/2302.java

10 1 8
1 2 1
8 2 1
9 2 8
10 1 9
28 1 16
10 1 1
16 1 10
? 1 github_java_program_data/4/java/2308.java

32 2 32
15 2 23
20 1 37
37 1 20
23 1 20
1 1 8
13 1 10
17 1 10
21 1 20
5 2 5
45 1 7
22 1 17
20 1 22
7 2 20
27 1 1
18 1 10
26 1 6
14 1 6
12 2 8
14 1 1
23 2 25
10 1 9
15 1 14
2 1 10
1 2 11
22 2 16
12 1 1
1 2 7
10 1 12
10 1 8
1 1 1
23 2 37
11 1 10
9 2 8
3 1 2
1 1 11
8 2 12
20 1 15
6 1 1
26 1 5
13 1 14
20 1 45
17 2 20
22 1 21
20 1 26
1 2 8
20 1 23
20 1 16
32 1 14
17 2 21
8 2 9
15 2 22
15 2 16
13 2 17
26 2 26
37 1 17
19 1 18
1 4 1
45 1 1
14 1 13
16 2 16
27 1 5
8 2 1
5 2 1
7 1 32
16 1 10
23 1 19
22 2 22
26 1 1
1 2 13
19 1 17
45 1 20
19 1 13
5 2 6
27 1 20
26 1 20
1 2 3
10 1 1
12 1 3
1 2 20
20 1 31
1 5 1
45 1 5
26 1 7
6 2 1
25 1 10
2 2 2
17 2 18
28 1 27
20 1 25
19 2 20
? 1 github_java_program_data/4/java/2309.java

1 1 7
20 1 43
32 1 14
32 1 1
43 1 6
43 1 5
1 2 7
4 2 38
1 1 8
4 1 1
52 1 20
5 2 6
43 1 7
1 2 3
28 1 4
2 1 1
8 2 1
28 1 38
3 1 2
1 2 20
28 1 52
14 1 6
1 1 1
6 1 1
52 1 5
43 1 1
52 1 1
14 1 1
1 1 3
7 1 32
38 1 1
1 2 8
6 2 1
5 2 1
? 1 github_java_program_data/4/java/2316.java

10 1 8
1 2 1
8 2 1
9 2 8
10 1 9
28 1 16
10 1 1
16 1 10
? 1 github_java_program_data/4/java/2317.java

20 1 43
32 1 14
28 1 4
43 1 6
1 2 7
4 2 38
1 1 8
4 1 1
52 1 20
43 1 7
8 2 1
28 1 38
1 2 20
28 1 52
14 1 6
1 1 1
6 1 1
52 1 5
43 1 1
38 2 38
52 1 1
14 1 1
5 2 1
7 1 32
38 1 1
1 2 8
6 2 1
? 1 github_java_program_data/4/java/2321.java

10 1 8
1 2 1
8 2 1
9 2 8
10 1 9
28 1 16
10 1 1
16 1 10
? 1 github_java_program_data/4/java/2322.java

1 1 7
20 1 43
32 1 14
32 1 1
43 1 6
43 1 5
1 2 7
4 2 38
1 1 8
4 1 1
52 1 20
5 2 6
43 1 7
1 2 3
28 1 4
2 1 1
8 2 1
28 1 38
3 1 2
1 2 20
28 1 52
14 1 6
1 1 1
6 1 1
52 1 5
43 1 1
52 1 1
14 1 1
1 1 3
7 1 32
38 1 1
1 2 8
6 2 1
5 2 1
? 1 github_java_program_data/4/java/2325.java

20 1 16
32 2 32
6 1 1
32 1 14
28 1 4
56 2 20
8 2 1
38 2 38
27 1 20
1 1 8
13 1 10
17 1 10
4 1 1
6 2 1
21 1 20
15 2 15
15 2 22
22 1 17
8 2 12
20 1 22
2 2 2
7 2 20
10 1 1
27 1 1
17 2 21
8 2 8
26 1 6
14 1 6
55 1 1
16 2 16
1 4 1
14 1 13
27 1 56
14 1 1
7 1 32
14 1 62
16 1 10
23 1 19
15 1 14
4 2 38
2 1 10
12 1 3
19 2 20
23 2 25
26 1 1
12 1 1
1 2 13
14 1 5
1 2 7
10 1 12
1 2 62
10 1 8
38 1 1
19 1 13
5 2 6
1 1 1
56 1 55
23 1 20
1 2 3
26 1 20
28 1 38
3 1 2
62 1 10
1 2 8
1 5 1
15 2 16
15 2 26
26 1 7
20 1 15
25 1 10
13 1 14
1 2 56
22 1 21
20 1 26
28 1 27
26 2 26
20 1 25
20 1 23
? 1 github_java_program_data/4/java/2328.java

20 1 16
32 2 32
6 1 1
32 1 14
17 2 21
8 2 1
38 2 38
27 1 20
1 1 8
13 1 10
17 1 10
4 1 1
6 2 1
21 1 20
15 2 15
15 2 22
22 1 17
8 2 12
20 1 22
2 2 2
7 2 20
10 1 1
27 1 1
8 2 8
26 1 6
14 1 6
4 2 38
1 4 1
14 1 13
16 2 16
14 1 1
7 1 32
14 1 62
16 1 10
23 1 19
15 1 14
2 1 10
12 1 3
19 2 20
23 2 25
26 1 1
12 1 1
1 2 13
14 1 5
1 2 7
10 1 12
1 2 62
10 1 8
38 1 1
19 1 13
5 2 6
1 1 1
28 1 4
23 1 20
1 2 3
26 1 20
28 1 38
3 1 2
62 1 10
1 2 20
1 2 8
1 5 1
15 2 16
15 2 26
26 1 7
20 1 15
25 1 10
13 1 14
22 1 21
20 1 26
28 1 27
26 2 26
20 1 25
20 1 23
? 1 github_java_program_data/4/java/2332.java

1 1 7
20 1 43
32 1 14
32 1 1
43 1 6
43 1 5
1 2 7
4 2 38
1 1 8
4 1 1
52 1 20
5 2 6
43 1 7
1 2 3
28 1 4
2 1 1
8 2 1
28 1 38
3 1 2
1 2 20
28 1 52
14 1 6
1 1 1
6 1 1
52 1 5
43 1 1
52 1 1
14 1 1
1 1 3
7 1 32
38 1 1
1 2 8
6 2 1
5 2 1
? 1 github_java_program_data/4/java/2334.java

32 2 32
15 2 23
20 1 37
37 1 20
23 1 20
1 1 8
13 1 10
17 1 10
21 1 20
5 2 5
45 1 7
22 1 17
20 1 22
7 2 20
27 1 1
18 1 10
26 1 6
14 1 6
12 2 8
14 1 1
23 2 25
10 1 9
15 1 14
2 1 10
1 2 11
22 2 16
12 1 1
1 2 7
10 1 12
10 1 8
1 1 1
23 2 37
11 1 10
9 2 8
3 1 2
1 1 11
8 2 12
20 1 15
6 1 1
26 1 5
13 1 14
20 1 45
17 2 20
22 1 21
20 1 26
1 2 8
20 1 23
20 1 16
32 1 14
17 2 21
8 2 9
15 2 22
15 2 16
13 2 17
26 2 26
37 1 17
19 1 18
1 4 1
45 1 1
14 1 13
16 2 16
27 1 5
8 2 1
5 2 1
7 1 32
16 1 10
23 1 19
22 2 22
26 1 1
1 2 13
19 1 17
45 1 20
19 1 13
5 2 6
27 1 20
26 1 20
1 2 3
10 1 1
12 1 3
1 2 20
20 1 31
1 5 1
45 1 5
26 1 7
6 2 1
25 1 10
2 2 2
17 2 18
28 1 27
20 1 25
19 2 20
? 1 github_java_program_data/4/java/2339.java

20 1 16
32 2 32
6 1 1
32 1 14
4 2 38
1 1 8
4 1 1
26 2 26
45 1 7
7 2 20
10 1 1
27 1 1
8 2 8
26 1 6
15 2 45
14 1 6
45 1 1
45 2 26
8 2 1
38 2 27
16 2 16
27 1 5
14 1 1
5 2 1
7 1 32
38 1 1
10 1 9
8 2 12
15 1 14
2 1 10
3 1 2
26 1 1
1 4 1
1 2 7
10 1 12
45 1 20
10 1 8
5 2 6
1 1 1
28 1 4
27 1 20
1 2 3
26 1 20
16 1 10
28 1 38
12 1 3
12 1 1
1 2 20
20 1 25
1 5 1
26 1 7
20 1 15
25 1 10
26 1 5
2 2 2
20 1 45
20 1 26
28 1 27
1 2 8
6 2 1
? 1 github_java_program_data/4/java/2339_new.java

10 1 8
1 2 1
8 2 1
9 2 8
10 1 9
28 1 16
10 1 1
16 1 10
? 1 github_java_program_data/4/java/2347.java

1 1 7
20 1 43
32 1 14
32 1 1
43 1 6
1 2 7
1 2 11
43 1 5
52 1 20
5 2 6
43 1 7
1 1 11
1 2 20
28 1 52
14 1 6
1 1 1
6 1 1
52 1 5
43 1 1
52 1 1
14 1 1
5 2 1
7 1 32
6 2 1
? 1 github_java_program_data/4/java/2349.java

10 1 8
1 2 1
8 2 1
9 2 8
10 1 9
28 1 16
10 1 1
16 1 10
? 1 github_java_program_data/4/java/2352.java

1 1 7
20 1 43
32 1 14
32 1 1
43 1 6
43 1 5
1 2 7
4 2 38
1 1 8
4 1 1
52 1 20
5 2 6
43 1 7
1 2 3
28 1 4
2 1 1
8 2 1
28 1 38
3 1 2
1 2 20
28 1 52
14 1 6
1 1 1
6 1 1
52 1 5
43 1 1
52 1 1
14 1 1
1 1 3
7 1 32
38 1 1
1 2 8
6 2 1
5 2 1
? 1 github_java_program_data/4/java/2355.java

20 1 16
32 2 32
6 1 1
32 1 14
28 1 4
56 2 20
8 2 1
38 2 38
27 1 20
1 1 8
13 1 10
17 1 10
4 1 1
6 2 1
21 1 20
15 2 15
15 2 22
22 1 17
8 2 12
20 1 22
2 2 2
7 2 20
10 1 1
27 1 1
17 2 21
8 2 8
26 1 6
14 1 6
55 1 1
16 2 16
1 4 1
14 1 13
27 1 56
14 1 1
7 1 32
14 1 62
16 1 10
23 1 19
15 1 14
4 2 38
2 1 10
12 1 3
19 2 20
23 2 25
26 1 1
12 1 1
1 2 13
14 1 5
1 2 7
10 1 12
1 2 62
10 1 8
38 1 1
19 1 13
5 2 6
1 1 1
56 1 55
23 1 20
1 2 3
26 1 20
28 1 38
3 1 2
62 1 10
1 2 8
1 5 1
15 2 16
15 2 26
26 1 7
20 1 15
25 1 10
13 1 14
1 2 56
22 1 21
20 1 26
28 1 27
26 2 26
20 1 25
20 1 23
? 1 github_java_program_data/4/java/2359.java

20 1 16
32 2 32
6 1 1
32 1 14
17 2 21
8 2 1
38 2 38
27 1 20
1 1 8
13 1 10
17 1 10
4 1 1
6 2 1
21 1 20
15 2 15
15 2 22
22 1 17
8 2 12
20 1 22
2 2 2
7 2 20
10 1 1
27 1 1
8 2 8
26 1 6
14 1 6
4 2 38
1 4 1
14 1 13
16 2 16
14 1 1
7 1 32
14 1 62
16 1 10
23 1 19
15 1 14
2 1 10
12 1 3
19 2 20
23 2 25
26 1 1
12 1 1
1 2 13
14 1 5
1 2 7
10 1 12
1 2 62
10 1 8
38 1 1
19 1 13
5 2 6
1 1 1
28 1 4
23 1 20
1 2 3
26 1 20
28 1 38
3 1 2
62 1 10
1 2 20
1 2 8
1 5 1
15 2 16
15 2 26
26 1 7
20 1 15
25 1 10
13 1 14
22 1 21
20 1 26
28 1 27
26 2 26
20 1 25
20 1 23
? 1 github_java_program_data/4/java/2362.java

20 1 16
15 2 15
32 1 14
20 1 37
37 1 20
38 2 38
1 2 11
1 1 8
13 1 10
17 1 10
4 1 1
16 2 15
6 2 1
15 2 37
17 2 20
5 2 5
37 1 17
7 2 20
10 1 1
27 1 1
26 1 6
14 1 6
16 2 16
1 4 1
14 1 13
38 2 27
12 2 8
27 1 5
14 1 1
5 2 1
7 1 32
38 1 1
16 1 10
8 2 12
15 1 14
2 1 10
3 1 2
4 2 38
26 1 1
1 1 11
1 2 13
1 2 7
10 1 12
10 1 8
8 2 1
5 2 6
28 1 4
27 1 20
1 2 3
26 1 20
2 1 1
10 1 9
28 1 38
12 1 3
12 1 1
1 2 20
8 2 9
1 5 1
15 2 16
37 2 16
26 1 7
20 1 15
6 1 1
26 1 5
1 1 3
20 1 26
28 1 27
1 2 8
1 1 1
? 1 github_java_program_data/4/java/2365_new.java

10 1 8
1 2 1
8 2 1
9 2 8
10 1 9
28 1 16
10 1 1
16 1 10
? 1 github_java_program_data/4/java/2368.java

20 1 16
32 2 32
6 1 1
32 1 14
4 2 38
1 1 8
4 1 1
26 2 26
45 1 7
7 2 20
10 1 1
27 1 1
8 2 8
26 1 6
15 2 45
14 1 6
45 1 1
45 2 26
8 2 1
38 2 27
16 2 16
27 1 5
14 1 1
5 2 1
7 1 32
38 1 1
10 1 9
8 2 12
15 1 14
2 1 10
3 1 2
26 1 1
1 4 1
1 2 7
10 1 12
45 1 20
10 1 8
5 2 6
1 1 1
28 1 4
27 1 20
1 2 3
26 1 20
16 1 10
28 1 38
12 1 3
12 1 1
1 2 20
20 1 25
1 5 1
26 1 7
20 1 15
25 1 10
26 1 5
2 2 2
20 1 45
20 1 26
28 1 27
1 2 8
6 2 1
? 1 github_java_program_data/4/java/2369_new.java

1 1 7
20 1 43
32 1 14
32 1 1
43 1 6
43 1 5
1 2 7
4 2 38
1 1 8
4 1 1
52 1 20
5 2 6
43 1 7
1 2 3
28 1 4
2 1 1
8 2 1
28 1 38
3 1 2
1 2 20
28 1 52
14 1 6
1 1 1
6 1 1
52 1 5
43 1 1
52 1 1
14 1 1
1 1 3
7 1 32
38 1 1
1 2 8
6 2 1
5 2 1
? 1 github_java_program_data/4/java/2376.java

1 1 7
20 1 43
32 1 14
32 1 1
43 1 6
1 2 7
1 2 11
43 1 5
52 1 20
5 2 6
43 1 7
1 1 11
1 2 20
28 1 52
14 1 6
1 1 1
6 1 1
52 1 5
43 1 1
52 1 1
14 1 1
5 2 1
7 1 32
6 2 1
? 1 github_java_program_data/4/java/2379.java

20 1 43
32 1 14
28 1 4
43 1 6
1 2 7
4 2 38
1 1 8
4 1 1
52 1 20
43 1 7
8 2 1
28 1 38
1 2 20
28 1 52
14 1 6
1 1 1
6 1 1
52 1 5
43 1 1
38 2 38
52 1 1
14 1 1
5 2 1
7 1 32
38 1 1
1 2 8
6 2 1
? 1 github_java_program_data/4/java/2381.java

1 1 7
20 1 43
32 1 14
32 1 1
43 1 6
43 1 5
1 2 7
4 2 38
1 1 8
4 1 1
52 1 20
5 2 6
43 1 7
1 2 3
28 1 4
2 1 1
8 2 1
28 1 38
3 1 2
1 2 20
28 1 52
14 1 6
1 1 1
6 1 1
52 1 5
43 1 1
52 1 1
14 1 1
1 1 3
7 1 32
38 1 1
1 2 8
6 2 1
5 2 1
? 1 github_java_program_data/4/java/2385.java

20 1 16
32 2 32
6 1 1
32 1 14
28 1 4
56 2 20
8 2 1
38 2 38
27 1 20
1 1 8
13 1 10
17 1 10
4 1 1
6 2 1
21 1 20
15 2 15
15 2 22
22 1 17
8 2 12
20 1 22
2 2 2
7 2 20
10 1 1
27 1 1
17 2 21
8 2 8
26 1 6
14 1 6
55 1 1
16 2 16
1 4 1
14 1 13
27 1 56
14 1 1
7 1 32
14 1 62
16 1 10
23 1 19
15 1 14
4 2 38
2 1 10
12 1 3
19 2 20
23 2 25
26 1 1
12 1 1
1 2 13
14 1 5
1 2 7
10 1 12
1 2 62
10 1 8
38 1 1
19 1 13
5 2 6
1 1 1
56 1 55
23 1 20
1 2 3
26 1 20
28 1 38
3 1 2
62 1 10
1 2 8
1 5 1
15 2 16
15 2 26
26 1 7
20 1 15
25 1 10
13 1 14
1 2 56
22 1 21
20 1 26
28 1 27
26 2 26
20 1 25
20 1 23
? 1 github_java_program_data/4/java/2388.java

20 1 16
32 2 32
6 1 1
32 1 14
17 2 21
8 2 1
38 2 38
27 1 20
1 1 8
13 1 10
17 1 10
4 1 1
6 2 1
21 1 20
15 2 15
15 2 22
22 1 17
8 2 12
20 1 22
2 2 2
7 2 20
10 1 1
27 1 1
8 2 8
26 1 6
14 1 6
4 2 38
1 4 1
14 1 13
16 2 16
14 1 1
7 1 32
14 1 62
16 1 10
23 1 19
15 1 14
2 1 10
12 1 3
19 2 20
23 2 25
26 1 1
12 1 1
1 2 13
14 1 5
1 2 7
10 1 12
1 2 62
10 1 8
38 1 1
19 1 13
5 2 6
1 1 1
28 1 4
23 1 20
1 2 3
26 1 20
28 1 38
3 1 2
62 1 10
1 2 20
1 2 8
1 5 1
15 2 16
15 2 26
26 1 7
20 1 15
25 1 10
13 1 14
22 1 21
20 1 26
28 1 27
26 2 26
20 1 25
20 1 23
? 1 github_java_program_data/4/java/2392.java

1 1 7
20 1 43
32 1 14
32 1 1
43 1 6
43 1 5
1 2 7
4 2 38
1 1 8
4 1 1
52 1 20
5 2 6
43 1 7
1 2 3
28 1 4
2 1 1
8 2 1
28 1 38
3 1 2
1 2 20
28 1 52
14 1 6
1 1 1
6 1 1
52 1 5
43 1 1
52 1 1
14 1 1
1 1 3
7 1 32
38 1 1
1 2 8
6 2 1
5 2 1
? 1 github_java_program_data/4/java/2394.java

10 1 8
1 2 1
8 2 1
9 2 8
10 1 9
28 1 16
10 1 1
16 1 10
? 1 github_java_program_data/4/java/2398.java

32 2 32
15 2 23
20 1 37
37 1 20
23 1 20
1 1 8
13 1 10
17 1 10
21 1 20
5 2 5
45 1 7
22 1 17
20 1 22
7 2 20
27 1 1
18 1 10
26 1 6
14 1 6
12 2 8
14 1 1
23 2 25
10 1 9
15 1 14
2 1 10
1 2 11
22 2 16
12 1 1
1 2 7
10 1 12
10 1 8
1 1 1
23 2 37
11 1 10
9 2 8
3 1 2
1 1 11
8 2 12
20 1 15
6 1 1
26 1 5
13 1 14
20 1 45
17 2 20
22 1 21
20 1 26
1 2 8
20 1 23
20 1 16
32 1 14
17 2 21
8 2 9
15 2 22
15 2 16
13 2 17
26 2 26
37 1 17
19 1 18
1 4 1
45 1 1
14 1 13
16 2 16
27 1 5
8 2 1
5 2 1
7 1 32
16 1 10
23 1 19
22 2 22
26 1 1
1 2 13
19 1 17
45 1 20
19 1 13
5 2 6
27 1 20
26 1 20
1 2 3
10 1 1
12 1 3
1 2 20
20 1 31
1 5 1
45 1 5
26 1 7
6 2 1
25 1 10
2 2 2
17 2 18
28 1 27
20 1 25
19 2 20
? 1 github_java_program_data/4/java/2399.java

1 1 7
20 1 43
32 1 14
32 1 1
43 1 6
43 1 5
1 2 7
4 2 38
1 1 8
4 1 1
52 1 20
5 2 6
43 1 7
1 2 3
28 1 4
2 1 1
8 2 1
28 1 38
3 1 2
1 2 20
28 1 52
14 1 6
1 1 1
6 1 1
52 1 5
43 1 1
52 1 1
14 1 1
1 1 3
7 1 32
38 1 1
1 2 8
6 2 1
5 2 1
? 1 github_java_program_data/4/java/2406.java

10 1 8
1 2 1
8 2 1
9 2 8
10 1 9
28 1 16
10 1 1
16 1 10
? 1 github_java_program_data/4/java/2407.java

20 1 43
32 1 14
28 1 4
43 1 6
1 2 7
4 2 38
1 1 8
4 1 1
52 1 20
43 1 7
8 2 1
28 1 38
1 2 20
28 1 52
14 1 6
1 1 1
6 1 1
52 1 5
43 1 1
38 2 38
52 1 1
14 1 1
5 2 1
7 1 32
38 1 1
1 2 8
6 2 1
? 1 github_java_program_data/4/java/2411.java

10 1 8
1 2 1
8 2 1
9 2 8
10 1 9
28 1 16
10 1 1
16 1 10
? 1 github_java_program_data/4/java/2412.java

1 1 7
20 1 43
32 1 14
32 1 1
43 1 6
43 1 5
1 2 7
4 2 38
1 1 8
4 1 1
52 1 20
5 2 6
43 1 7
1 2 3
28 1 4
2 1 1
8 2 1
28 1 38
3 1 2
1 2 20
28 1 52
14 1 6
1 1 1
6 1 1
52 1 5
43 1 1
52 1 1
14 1 1
1 1 3
7 1 32
38 1 1
1 2 8
6 2 1
5 2 1
? 1 github_java_program_data/4/java/2415.java

20 1 16
32 2 32
6 1 1
32 1 14
28 1 4
56 2 20
8 2 1
38 2 38
27 1 20
1 1 8
13 1 10
17 1 10
4 1 1
6 2 1
21 1 20
15 2 15
15 2 22
22 1 17
8 2 12
20 1 22
2 2 2
7 2 20
10 1 1
27 1 1
17 2 21
8 2 8
26 1 6
14 1 6
55 1 1
16 2 16
1 4 1
14 1 13
27 1 56
14 1 1
7 1 32
14 1 62
16 1 10
23 1 19
15 1 14
4 2 38
2 1 10
12 1 3
19 2 20
23 2 25
26 1 1
12 1 1
1 2 13
14 1 5
1 2 7
10 1 12
1 2 62
10 1 8
38 1 1
19 1 13
5 2 6
1 1 1
56 1 55
23 1 20
1 2 3
26 1 20
28 1 38
3 1 2
62 1 10
1 2 8
1 5 1
15 2 16
15 2 26
26 1 7
20 1 15
25 1 10
13 1 14
1 2 56
22 1 21
20 1 26
28 1 27
26 2 26
20 1 25
20 1 23
? 1 github_java_program_data/4/java/2418.java

20 1 16
32 2 32
6 1 1
32 1 14
17 2 21
8 2 1
38 2 38
27 1 20
1 1 8
13 1 10
17 1 10
4 1 1
6 2 1
21 1 20
15 2 15
15 2 22
22 1 17
8 2 12
20 1 22
2 2 2
7 2 20
10 1 1
27 1 1
8 2 8
26 1 6
14 1 6
4 2 38
1 4 1
14 1 13
16 2 16
14 1 1
7 1 32
14 1 62
16 1 10
23 1 19
15 1 14
2 1 10
12 1 3
19 2 20
23 2 25
26 1 1
12 1 1
1 2 13
14 1 5
1 2 7
10 1 12
1 2 62
10 1 8
38 1 1
19 1 13
5 2 6
1 1 1
28 1 4
23 1 20
1 2 3
26 1 20
28 1 38
3 1 2
62 1 10
1 2 20
1 2 8
1 5 1
15 2 16
15 2 26
26 1 7
20 1 15
25 1 10
13 1 14
22 1 21
20 1 26
28 1 27
26 2 26
20 1 25
20 1 23
? 1 github_java_program_data/4/java/2422.java

1 1 7
20 1 43
32 1 14
32 1 1
43 1 6
43 1 5
1 2 7
4 2 38
1 1 8
4 1 1
52 1 20
5 2 6
43 1 7
1 2 3
28 1 4
2 1 1
8 2 1
28 1 38
3 1 2
1 2 20
28 1 52
14 1 6
1 1 1
6 1 1
52 1 5
43 1 1
52 1 1
14 1 1
1 1 3
7 1 32
38 1 1
1 2 8
6 2 1
5 2 1
? 1 github_java_program_data/4/java/2424.java

32 2 32
15 2 23
20 1 37
37 1 20
23 1 20
1 1 8
13 1 10
17 1 10
21 1 20
5 2 5
45 1 7
22 1 17
20 1 22
7 2 20
27 1 1
18 1 10
26 1 6
14 1 6
12 2 8
14 1 1
23 2 25
10 1 9
15 1 14
2 1 10
1 2 11
22 2 16
12 1 1
1 2 7
10 1 12
10 1 8
1 1 1
23 2 37
11 1 10
9 2 8
3 1 2
1 1 11
8 2 12
20 1 15
6 1 1
26 1 5
13 1 14
20 1 45
17 2 20
22 1 21
20 1 26
1 2 8
20 1 23
20 1 16
32 1 14
17 2 21
8 2 9
15 2 22
15 2 16
13 2 17
26 2 26
37 1 17
19 1 18
1 4 1
45 1 1
14 1 13
16 2 16
27 1 5
8 2 1
5 2 1
7 1 32
16 1 10
23 1 19
22 2 22
26 1 1
1 2 13
19 1 17
45 1 20
19 1 13
5 2 6
27 1 20
26 1 20
1 2 3
10 1 1
12 1 3
1 2 20
20 1 31
1 5 1
45 1 5
26 1 7
6 2 1
25 1 10
2 2 2
17 2 18
28 1 27
20 1 25
19 2 20
? 1 github_java_program_data/4/java/2429.java

20 1 16
32 2 32
6 1 1
32 1 14
4 2 38
1 1 8
4 1 1
26 2 26
45 1 7
7 2 20
10 1 1
27 1 1
8 2 8
26 1 6
15 2 45
14 1 6
45 1 1
45 2 26
8 2 1
38 2 27
16 2 16
27 1 5
14 1 1
5 2 1
7 1 32
38 1 1
10 1 9
8 2 12
15 1 14
2 1 10
3 1 2
26 1 1
1 4 1
1 2 7
10 1 12
45 1 20
10 1 8
5 2 6
1 1 1
28 1 4
27 1 20
1 2 3
26 1 20
16 1 10
28 1 38
12 1 3
12 1 1
1 2 20
20 1 25
1 5 1
26 1 7
20 1 15
25 1 10
26 1 5
2 2 2
20 1 45
20 1 26
28 1 27
1 2 8
6 2 1
? 1 github_java_program_data/4/java/2429_new.java

1 1 7
20 1 43
32 1 14
32 1 1
43 1 6
43 1 5
1 2 7
4 2 38
1 1 8
4 1 1
52 1 20
5 2 6
43 1 7
1 2 3
28 1 4
2 1 1
8 2 1
28 1 38
3 1 2
1 2 20
28 1 52
14 1 6
1 1 1
6 1 1
52 1 5
43 1 1
52 1 1
14 1 1
1 1 3
7 1 32
38 1 1
1 2 8
6 2 1
5 2 1
? 1 github_java_program_data/4/java/2436.java

10 1 8
1 2 1
8 2 1
9 2 8
10 1 9
28 1 16
10 1 1
16 1 10
? 1 github_java_program_data/4/java/2437.java

20 1 43
32 1 14
28 1 4
43 1 6
1 2 7
4 2 38
1 1 8
4 1 1
52 1 20
43 1 7
8 2 1
28 1 38
1 2 20
28 1 52
14 1 6
1 1 1
6 1 1
52 1 5
43 1 1
38 2 38
52 1 1
14 1 1
5 2 1
7 1 32
38 1 1
1 2 8
6 2 1
? 1 github_java_program_data/4/java/2441.java

10 1 8
1 2 1
8 2 1
9 2 8
10 1 9
28 1 16
10 1 1
16 1 10
? 1 github_java_program_data/4/java/2442.java

20 1 16
32 2 32
6 1 1
32 1 14
28 1 4
56 2 20
8 2 1
38 2 38
27 1 20
1 1 8
13 1 10
17 1 10
4 1 1
6 2 1
21 1 20
15 2 15
15 2 22
22 1 17
8 2 12
20 1 22
2 2 2
7 2 20
10 1 1
27 1 1
17 2 21
8 2 8
26 1 6
14 1 6
55 1 1
16 2 16
1 4 1
14 1 13
27 1 56
14 1 1
7 1 32
14 1 62
16 1 10
23 1 19
15 1 14
4 2 38
2 1 10
12 1 3
19 2 20
23 2 25
26 1 1
12 1 1
1 2 13
14 1 5
1 2 7
10 1 12
1 2 62
10 1 8
38 1 1
19 1 13
5 2 6
1 1 1
56 1 55
23 1 20
1 2 3
26 1 20
28 1 38
3 1 2
62 1 10
1 2 8
1 5 1
15 2 16
15 2 26
26 1 7
20 1 15
25 1 10
13 1 14
1 2 56
22 1 21
20 1 26
28 1 27
26 2 26
20 1 25
20 1 23
? 1 github_java_program_data/4/java/2448.java

20 1 16
32 2 32
6 1 1
32 1 14
28 1 4
56 2 20
8 2 1
38 2 38
27 1 20
1 1 8
13 1 10
17 1 10
4 1 1
6 2 1
21 1 20
15 2 15
15 2 22
22 1 17
8 2 12
20 1 22
2 2 2
7 2 20
10 1 1
27 1 1
17 2 21
8 2 8
26 1 6
14 1 6
55 1 1
16 2 16
1 4 1
14 1 13
27 1 56
14 1 1
7 1 32
14 1 62
16 1 10
23 1 19
15 1 14
4 2 38
2 1 10
12 1 3
19 2 20
23 2 25
26 1 1
12 1 1
1 2 13
14 1 5
1 2 7
10 1 12
1 2 62
10 1 8
38 1 1
19 1 13
5 2 6
1 1 1
56 1 55
23 1 20
1 2 3
26 1 20
28 1 38
3 1 2
62 1 10
1 2 8
1 5 1
15 2 16
15 2 26
26 1 7
20 1 15
25 1 10
13 1 14
1 2 56
22 1 21
20 1 26
28 1 27
26 2 26
20 1 25
20 1 23
? 1 github_java_program_data/4/java/2449.java

1 1 7
20 1 43
32 1 14
32 1 1
43 1 6
43 1 5
1 2 7
4 2 38
1 1 8
4 1 1
52 1 20
5 2 6
43 1 7
1 2 3
28 1 4
2 1 1
8 2 1
28 1 38
3 1 2
1 2 20
28 1 52
14 1 6
1 1 1
6 1 1
52 1 5
43 1 1
52 1 1
14 1 1
1 1 3
7 1 32
38 1 1
1 2 8
6 2 1
5 2 1
? 1 github_java_program_data/4/java/2454.java

10 1 8
1 2 1
8 2 1
9 2 8
10 1 9
28 1 16
10 1 1
16 1 10
? 1 github_java_program_data/4/java/2458.java

20 1 16
32 2 32
6 1 1
32 1 14
4 2 38
1 1 8
4 1 1
26 2 26
45 1 7
7 2 20
10 1 1
27 1 1
8 2 8
26 1 6
15 2 45
14 1 6
45 1 1
45 2 26
8 2 1
38 2 27
16 2 16
27 1 5
14 1 1
5 2 1
7 1 32
38 1 1
10 1 9
8 2 12
15 1 14
2 1 10
3 1 2
26 1 1
1 4 1
1 2 7
10 1 12
45 1 20
10 1 8
5 2 6
1 1 1
28 1 4
27 1 20
1 2 3
26 1 20
16 1 10
28 1 38
12 1 3
12 1 1
1 2 20
20 1 25
1 5 1
26 1 7
20 1 15
25 1 10
26 1 5
2 2 2
20 1 45
20 1 26
28 1 27
1 2 8
6 2 1
? 1 github_java_program_data/4/java/2459_new.java

38 2 38
32 2 32
15 2 23
23 1 20
1 1 8
13 1 10
17 1 10
4 1 1
21 1 20
5 2 5
45 1 7
22 1 17
20 1 22
8 2 1
27 1 1
26 1 6
14 1 6
38 2 27
12 2 8
14 1 1
28 1 38
38 1 1
10 1 9
45 2 26
15 1 14
2 1 10
4 2 38
22 2 16
1 4 1
1 2 7
10 1 12
10 1 8
1 1 1
28 1 4
2 1 1
9 2 8
3 1 2
12 1 1
23 1 19
20 1 15
6 1 1
26 1 5
13 1 14
20 1 45
22 1 21
1 1 3
20 1 26
1 2 8
20 1 23
20 1 16
25 1 10
32 1 14
17 2 21
22 2 25
15 2 22
26 2 26
14 1 13
45 1 20
45 1 1
22 2 15
7 2 20
16 2 16
27 1 5
5 2 1
7 1 32
14 1 62
16 1 10
8 2 12
26 1 1
1 2 13
23 2 22
1 2 62
19 1 13
5 2 6
27 1 20
26 1 20
1 2 3
10 1 1
12 1 3
62 1 10
1 2 20
20 1 25
1 5 1
45 1 5
26 1 7
6 2 1
15 2 15
20 1 29
2 2 2
8 2 9
28 1 27
15 2 45
19 2 20
? 1 github_java_program_data/4/java/2460.java

10 1 8
1 2 1
8 2 1
9 2 8
10 1 9
28 1 16
10 1 1
16 1 10
? 1 github_java_program_data/4/java/2467.java

1 1 7
20 1 43
32 1 14
32 1 1
43 1 6
1 2 7
1 2 11
43 1 5
52 1 20
5 2 6
43 1 7
1 1 11
1 2 20
28 1 52
14 1 6
1 1 1
6 1 1
52 1 5
43 1 1
52 1 1
14 1 1
5 2 1
7 1 32
6 2 1
? 1 github_java_program_data/4/java/2469.java

10 1 8
1 2 1
8 2 1
9 2 8
10 1 9
28 1 16
10 1 1
16 1 10
? 1 github_java_program_data/4/java/2472.java

1 1 7
20 1 43
32 1 14
32 1 1
43 1 6
43 1 5
1 2 7
4 2 38
1 1 8
4 1 1
52 1 20
5 2 6
43 1 7
1 2 3
28 1 4
2 1 1
8 2 1
28 1 38
3 1 2
1 2 20
28 1 52
14 1 6
1 1 1
6 1 1
52 1 5
43 1 1
52 1 1
14 1 1
1 1 3
7 1 32
38 1 1
1 2 8
6 2 1
5 2 1
? 1 github_java_program_data/4/java/2475.java

20 1 16
32 2 32
6 1 1
32 1 14
28 1 4
56 2 20
8 2 1
38 2 38
27 1 20
1 1 8
13 1 10
17 1 10
4 1 1
6 2 1
21 1 20
15 2 15
15 2 22
22 1 17
8 2 12
20 1 22
2 2 2
7 2 20
10 1 1
27 1 1
17 2 21
8 2 8
26 1 6
14 1 6
55 1 1
16 2 16
1 4 1
14 1 13
27 1 56
14 1 1
7 1 32
14 1 62
16 1 10
23 1 19
15 1 14
4 2 38
2 1 10
12 1 3
19 2 20
23 2 25
26 1 1
12 1 1
1 2 13
14 1 5
1 2 7
10 1 12
1 2 62
10 1 8
38 1 1
19 1 13
5 2 6
1 1 1
56 1 55
23 1 20
1 2 3
26 1 20
28 1 38
3 1 2
62 1 10
1 2 8
1 5 1
15 2 16
15 2 26
26 1 7
20 1 15
25 1 10
13 1 14
1 2 56
22 1 21
20 1 26
28 1 27
26 2 26
20 1 25
20 1 23
? 1 github_java_program_data/4/java/2479.java

20 1 16
4 2 27
32 1 14
1 2 11
1 1 8
13 1 10
4 1 1
16 2 15
15 2 16
26 2 26
5 2 5
26 1 20
27 1 1
26 1 6
14 1 6
1 4 1
7 2 20
16 2 16
27 1 5
8 2 1
5 2 1
7 1 32
14 1 1
10 1 9
8 2 12
15 1 14
2 1 10
12 1 3
26 1 1
1 1 11
1 2 13
1 2 7
10 1 12
10 1 8
28 1 27
5 2 6
1 1 1
28 1 4
27 1 20
1 2 3
10 1 1
16 1 10
9 2 8
3 1 2
12 1 1
1 2 20
8 2 9
1 5 1
26 1 7
20 1 15
6 1 1
26 1 5
20 1 26
14 1 13
1 2 8
6 2 1
? 1 github_java_program_data/4/java/2480_new.java

1 1 7
20 1 43
32 1 14
32 1 1
43 1 6
43 1 5
1 2 7
4 2 38
1 1 8
4 1 1
52 1 20
5 2 6
43 1 7
1 2 3
28 1 4
2 1 1
8 2 1
28 1 38
3 1 2
1 2 20
28 1 52
14 1 6
1 1 1
6 1 1
52 1 5
43 1 1
52 1 1
14 1 1
1 1 3
7 1 32
38 1 1
1 2 8
6 2 1
5 2 1
? 1 github_java_program_data/4/java/2484.java

32 2 32
1 1 7
23 1 20
1 1 8
13 1 10
17 1 10
21 1 20
15 2 22
22 1 17
20 1 22
8 2 1
27 1 1
18 1 10
26 1 6
14 1 6
38 2 27
12 2 8
14 1 1
28 1 38
38 1 1
10 1 9
15 1 14
2 1 10
3 1 2
32 1 1
1 4 1
14 1 5
1 2 7
10 1 12
23 2 16
10 1 8
1 1 1
2 1 1
9 2 8
32 1 57
12 1 1
23 1 19
20 1 15
6 1 1
26 1 5
13 1 14
22 1 21
57 1 1
20 1 26
1 2 8
20 1 23
20 1 16
16 2 25
25 1 10
32 1 14
17 2 21
22 2 25
14 2 14
15 2 16
13 2 17
26 2 26
14 1 13
19 1 18
8 2 8
16 2 23
22 2 15
7 2 20
16 2 16
27 1 5
5 2 1
7 1 32
16 1 10
8 2 12
1 1 3
16 2 22
26 1 1
1 2 13
19 1 17
19 1 13
5 2 6
27 1 20
26 1 20
1 2 3
10 1 1
12 1 3
1 2 20
8 2 9
1 5 1
15 2 26
26 1 7
6 2 1
15 2 15
1 2 57
2 2 2
17 2 18
28 1 27
20 1 25
19 2 20
? 1 github_java_program_data/4/java/2487.java

32 2 32
15 2 23
20 1 37
37 1 20
23 1 20
1 1 8
13 1 10
17 1 10
21 1 20
5 2 5
45 1 7
22 1 17
20 1 22
7 2 20
27 1 1
18 1 10
26 1 6
14 1 6
12 2 8
14 1 1
23 2 25
10 1 9
15 1 14
2 1 10
1 2 11
22 2 16
12 1 1
1 2 7
10 1 12
10 1 8
1 1 1
23 2 37
11 1 10
9 2 8
3 1 2
1 1 11
8 2 12
20 1 15
6 1 1
26 1 5
13 1 14
20 1 45
17 2 20
22 1 21
20 1 26
1 2 8
20 1 23
20 1 16
32 1 14
17 2 21
8 2 9
15 2 22
15 2 16
13 2 17
26 2 26
37 1 17
19 1 18
1 4 1
45 1 1
14 1 13
16 2 16
27 1 5
8 2 1
5 2 1
7 1 32
16 1 10
23 1 19
22 2 22
26 1 1
1 2 13
19 1 17
45 1 20
19 1 13
5 2 6
27 1 20
26 1 20
1 2 3
10 1 1
12 1 3
1 2 20
20 1 31
1 5 1
45 1 5
26 1 7
6 2 1
25 1 10
2 2 2
17 2 18
28 1 27
20 1 25
19 2 20
? 1 github_java_program_data/4/java/2489.java

20 1 16
32 2 32
6 1 1
32 1 14
4 2 38
1 1 8
4 1 1
26 2 26
45 1 7
7 2 20
10 1 1
27 1 1
8 2 8
26 1 6
15 2 45
14 1 6
45 1 1
45 2 26
8 2 1
38 2 27
16 2 16
27 1 5
14 1 1
5 2 1
7 1 32
38 1 1
10 1 9
8 2 12
15 1 14
2 1 10
3 1 2
26 1 1
1 4 1
1 2 7
10 1 12
45 1 20
10 1 8
5 2 6
1 1 1
28 1 4
27 1 20
1 2 3
26 1 20
16 1 10
28 1 38
12 1 3
12 1 1
1 2 20
20 1 25
1 5 1
26 1 7
20 1 15
25 1 10
26 1 5
2 2 2
20 1 45
20 1 26
28 1 27
1 2 8
6 2 1
? 1 github_java_program_data/4/java/2489_new.java

10 1 8
1 2 1
8 2 1
9 2 8
10 1 9
28 1 16
10 1 1
16 1 10
? 1 github_java_program_data/4/java/2497.java

1 1 7
20 1 43
32 1 14
32 1 1
43 1 6
1 2 7
1 2 11
43 1 5
52 1 20
5 2 6
43 1 7
1 1 11
1 2 20
28 1 52
14 1 6
1 1 1
6 1 1
52 1 5
43 1 1
52 1 1
14 1 1
5 2 1
7 1 32
6 2 1
? 1 github_java_program_data/4/java/2499.java

10 1 8
1 2 1
8 2 1
9 2 8
10 1 9
28 1 16
10 1 1
16 1 10
? 1 github_java_program_data/4/java/2502.java

1 1 7
20 1 43
32 1 14
32 1 1
43 1 6
43 1 5
1 2 7
4 2 38
1 1 8
4 1 1
52 1 20
5 2 6
43 1 7
1 2 3
28 1 4
2 1 1
8 2 1
28 1 38
3 1 2
1 2 20
28 1 52
14 1 6
1 1 1
6 1 1
52 1 5
43 1 1
52 1 1
14 1 1
1 1 3
7 1 32
38 1 1
1 2 8
6 2 1
5 2 1
? 1 github_java_program_data/4/java/2505.java

20 1 16
32 2 32
6 1 1
32 1 14
28 1 4
56 2 20
8 2 1
38 2 38
27 1 20
1 1 8
13 1 10
17 1 10
4 1 1
6 2 1
21 1 20
15 2 15
15 2 22
22 1 17
8 2 12
20 1 22
2 2 2
7 2 20
10 1 1
27 1 1
17 2 21
8 2 8
26 1 6
14 1 6
55 1 1
16 2 16
1 4 1
14 1 13
27 1 56
14 1 1
7 1 32
14 1 62
16 1 10
23 1 19
15 1 14
4 2 38
2 1 10
12 1 3
19 2 20
23 2 25
26 1 1
12 1 1
1 2 13
14 1 5
1 2 7
10 1 12
1 2 62
10 1 8
38 1 1
19 1 13
5 2 6
1 1 1
56 1 55
23 1 20
1 2 3
26 1 20
28 1 38
3 1 2
62 1 10
1 2 8
1 5 1
15 2 16
15 2 26
26 1 7
20 1 15
25 1 10
13 1 14
1 2 56
22 1 21
20 1 26
28 1 27
26 2 26
20 1 25
20 1 23
? 1 github_java_program_data/4/java/2509.java

20 1 16
32 2 32
6 1 1
32 1 14
17 2 21
8 2 1
38 2 38
27 1 20
1 1 8
13 1 10
17 1 10
4 1 1
6 2 1
21 1 20
15 2 15
15 2 22
22 1 17
8 2 12
20 1 22
2 2 2
7 2 20
10 1 1
27 1 1
8 2 8
26 1 6
14 1 6
4 2 38
1 4 1
14 1 13
16 2 16
14 1 1
7 1 32
14 1 62
16 1 10
23 1 19
15 1 14
2 1 10
12 1 3
19 2 20
23 2 25
26 1 1
12 1 1
1 2 13
14 1 5
1 2 7
10 1 12
1 2 62
10 1 8
38 1 1
19 1 13
5 2 6
1 1 1
28 1 4
23 1 20
1 2 3
26 1 20
28 1 38
3 1 2
62 1 10
1 2 20
1 2 8
1 5 1
15 2 16
15 2 26
26 1 7
20 1 15
25 1 10
13 1 14
22 1 21
20 1 26
28 1 27
26 2 26
20 1 25
20 1 23
? 1 github_java_program_data/4/java/2512.java

20 1 37
37 1 20
23 1 20
1 1 8
13 1 10
17 1 10
16 2 15
21 1 20
45 1 7
22 1 17
37 1 17
7 2 20
27 1 1
18 1 10
45 1 20
15 2 45
14 1 6
45 1 5
14 1 1
23 2 25
10 1 9
45 2 26
15 1 14
2 1 10
7 1 32
12 1 1
14 1 5
1 2 7
10 1 12
10 1 8
1 1 1
11 1 10
9 2 8
3 1 2
1 1 11
20 1 15
6 1 1
26 1 5
13 1 14
16 2 37
20 1 45
17 2 20
22 1 21
20 1 26
1 2 8
20 1 23
20 1 16
16 2 25
15 2 15
32 1 14
17 2 21
22 2 25
1 2 11
22 1 30
15 2 16
15 2 37
13 2 17
26 2 26
20 1 22
19 1 18
8 2 8
16 2 23
1 4 1
45 1 1
14 1 13
16 2 16
27 1 5
8 2 1
5 2 1
22 2 16
16 1 10
23 1 19
30 1 22
16 2 22
22 2 22
26 1 1
1 2 13
19 1 17
22 1 24
26 1 6
19 1 13
5 2 6
27 1 20
26 1 20
1 2 3
10 1 1
24 1 20
30 2 24
12 1 3
1 2 20
8 2 9
1 5 1
26 1 7
6 2 1
25 1 10
21 2 30
17 2 18
28 1 27
20 1 25
19 2 20
? 1 github_java_program_data/4/java/2517_new.java

10 1 8
1 2 1
8 2 1
9 2 8
10 1 9
28 1 16
10 1 1
16 1 10
? 1 github_java_program_data/4/java/2518.java

20 1 16
32 2 32
6 1 1
32 1 14
4 2 38
1 1 8
4 1 1
26 2 26
45 1 7
7 2 20
10 1 1
27 1 1
8 2 8
26 1 6
15 2 45
14 1 6
45 1 1
45 2 26
8 2 1
38 2 27
16 2 16
27 1 5
14 1 1
5 2 1
7 1 32
38 1 1
10 1 9
8 2 12
15 1 14
2 1 10
3 1 2
26 1 1
1 4 1
1 2 7
10 1 12
45 1 20
10 1 8
5 2 6
1 1 1
28 1 4
27 1 20
1 2 3
26 1 20
16 1 10
28 1 38
12 1 3
12 1 1
1 2 20
20 1 25
1 5 1
26 1 7
20 1 15
25 1 10
26 1 5
2 2 2
20 1 45
20 1 26
28 1 27
1 2 8
6 2 1
? 1 github_java_program_data/4/java/2519_new.java

