27 1 129
134 1 17
45 8 86
80 8 72
207 8 23
28 8 119
35 8 51
62 6 119
70 1 79
92 8 70
101 1 40
31 1 76
45 8 138
20 8 119
8 2 106
100 8 40
24 1 26
38 1 61
38 1 56
8 2 47
46 2 59
70 2 87
105 2 112
8 2 25
31 1 16
120 8 145
25 2 8
47 2 18
16 8 51
20 2 8
44 2 42
27 8 81
30 1 16
18 8 51
62 2 65
8 14 18
17 8 31
147 1 120
25 2 16
63 1 253
120 8 119
8 4 18
38 8 54
40 1 39
96 8 105
105 1 46
48 8 254
8 2 35
79 2 108
8 8 128
170 2 106
147 1 58
38 1 17
36 2 17
45 1 99
96 2 46
20 8 139
97 2 86
41 1 18
23 1 106
8 2 36
78 8 80
30 8 147
147 13 68
56 1 55
79 8 58
119 1 8
38 1 42
48 8 68
38 8 92
111 1 64
22 1 8
50 1 18
30 1 17
22 2 18
16 7 17
17 2 47
63 1 138
44 2 35
16 11 18
72 8 119
50 2 8
23 1 207
254 8 70
81 8 119
111 1 104
33 2 16
83 8 217
72 2 81
42 8 51
31 1 17
97 2 64
18 12 16
17 7 16
183 2 134
30 8 23
80 2 103
33 1 8
46 2 96
18 8 24
221 2 16
35 2 82
38 8 62
43 2 8
72 1 101
53 1 18
62 6 139
54 1 51
119 1 17
44 8 45
120 2 8
113 8 65
52 1 38
26 1 25
81 8 16
23 1 160
106 2 170
18 5 17
71 1 16
81 2 72
48 1 42
65 2 112
67 8 45
18 1 36
16 1 35
33 8 119
70 1 254
41 8 75
111 1 87
17 8 20
35 2 44
18 8 185
89 1 51
8 2 120
129 8 27
105 2 103
92 8 72
16 2 163
207 2 30
18 2 33
18 5 16
25 1 16
8 1 50
217 1 72
56 1 16
82 8 48
119 13 62
291 1 185
72 1 105
16 1 18
72 1 118
55 1 8
49 1 18
41 2 89
51 1 56
8 2 20
57 6 71
43 8 48
40 1 25
207 2 8
56 8 45
8 8 37
63 8 191
92 1 38
17 5 16
48 1 61
17 8 49
16 2 60
54 8 55
45 8 92
57 1 48
105 2 41
49 8 50
51 1 44
17 8 30
51 1 18
26 8 101
63 1 103
68 2 65
16 14 18
70 8 147
30 8 119
119 1 28
105 1 96
65 1 59
8 8 147
70 1 108
101 8 63
26 8 24
44 2 47
200 2 41
48 8 87
112 2 84
25 2 17
47 2 56
16 5 18
30 1 18
17 8 45
17 2 100
70 1 41
8 8 18
79 2 191
51 8 100
66 1 72
8 2 81
30 8 31
40 8 101
71 8 70
8 8 26
22 2 16
26 1 170
54 1 45
86 1 48
71 8 63
36 1 52
72 1 79
24 8 33
92 8 63
17 2 35
17 8 23
63 1 98
37 8 45
108 1 26
83 8 65
8 8 17
75 1 41
207 2 28
145 8 70
8 8 16
67 2 35
62 1 45
48 1 43
16 2 39
31 1 18
120 2 18
72 2 83
59 2 46
139 1 30
50 1 52
85 8 51
18 1 60
33 2 8
113 2 115
28 2 207
216 1 87
59 1 58
49 1 17
16 8 200
18 2 35
8 14 17
48 8 57
147 1 33
48 8 89
70 1 139
24 1 18
17 2 28
28 8 30
207 8 25
65 8 58
43 2 16
79 1 48
119 1 106
8 5 16
63 2 46
39 8 40
16 8 32
20 1 18
65 2 79
16 2 129
45 1 37
79 1 38
8 8 22
42 2 82
71 1 72
254 1 48
16 2 106
18 8 61
105 2 92
72 1 92
89 2 84
20 2 207
97 1 58
63 1 108
55 2 17
46 8 65
38 8 68
22 8 40
16 7 18
48 1 44
47 1 8
104 2 83
36 1 53
178 8 75
138 1 38
207 8 71
147 2 139
39 1 45
119 1 58
43 8 18
87 1 45
23 8 76
26 8 27
139 1 170
48 1 8
139 1 106
42 2 61
186 8 75
49 8 36
62 8 72
30 2 81
26 1 39
18 2 50
18 1 47
105 8 72
27 1 16
60 1 52
17 2 22
45 1 16
22 1 170
83 2 72
115 8 65
62 1 51
92 2 79
20 2 106
105 1 97
143 2 17
75 1 186
63 1 84
108 2 103
31 1 20
83 2 96
58 1 65
37 2 35
37 2 43
20 2 17
120 2 70
84 1 51
65 1 83
105 2 118
85 2 43
139 1 143
26 2 23
8 12 17
49 1 51
20 1 19
38 8 107
92 1 51
139 8 70
18 1 35
42 8 18
41 1 23
17 1 47
78 2 70
8 8 207
18 2 42
96 1 63
105 1 87
50 8 56
163 1 207
54 8 60
17 1 60
85 8 45
18 1 8
87 2 97
20 8 147
52 8 55
35 2 42
60 8 67
65 1 66
222 2 101
84 8 72
39 2 18
28 2 25
143 1 32
8 7 16
40 1 22
111 2 108
17 8 16
147 1 207
58 1 217
62 2 80
8 8 183
50 2 16
51 8 49
40 8 32
35 8 45
17 8 61
60 2 8
18 8 20
36 8 18
53 8 55
147 1 70
48 8 52
63 2 17
147 1 8
17 2 36
103 2 105
61 8 48
45 8 253
222 1 106
147 2 222
44 8 48
72 1 41
119 1 72
60 2 16
99 2 43
170 2 22
45 1 82
89 2 101
8 7 18
71 1 143
33 2 70
23 2 26
90 8 63
103 8 72
76 8 31
16 8 145
253 8 63
17 8 139
17 4 8
63 8 134
18 2 55
45 1 85
18 8 26
36 8 67
92 2 105
17 2 76
8 4 16
221 1 8
31 8 128
191 1 46
59 8 65
43 2 17
56 2 47
18 1 17
16 8 22
92 1 45
55 8 18
70 1 111
37 1 36
56 1 50
17 2 143
41 8 58
38 1 16
72 8 66
38 8 39
16 8 26
51 1 85
48 8 79
70 1 92
36 2 18
16 8 186
43 8 16
222 1 8
68 2 79
45 1 44
106 2 8
63 1 105
3 1 18
60 8 61
145 2 71
16 4 18
58 1 92
108 2 111
23 8 101
35 2 61
101 2 65
18 2 47
30 8 139
28 8 186
70 1 183
17 2 42
17 2 50
97 8 105
23 1 17
27 8 143
26 1 22
17 2 63
207 2 20
8 8 51
291 8 183
81 2 28
71 2 145
86 2 97
23 8 103
41 2 101
134 2 183
63 8 115
71 13 57
16 2 221
16 2 43
45 1 47
55 2 16
143 1 128
64 1 72
63 1 62
51 1 47
67 1 8
31 2 26
84 2 65
16 12 17
45 1 42
70 1 89
51 8 52
18 1 43
30 1 170
120 2 16
19 8 20
106 2 16
17 1 55
81 2 16
70 2 33
138 8 72
17 12 16
8 1 36
85 8 38
46 1 48
22 2 17
43 2 61
41 8 63
17 8 119
134 1 28
55 1 49
70 1 147
37 1 18
70 1 191
128 1 31
42 2 35
25 2 143
147 1 20
119 2 139
30 2 16
120 2 72
86 2 104
84 2 79
35 2 18
17 8 48
79 8 70
104 2 86
58 8 147
17 8 22
51 1 42
100 1 51
66 2 59
33 2 17
17 7 18
35 2 85
105 2 253
8 8 20
76 2 17
57 2 89
23 8 41
170 8 139
58 8 59
30 2 8
128 1 8
23 2 40
64 2 97
33 1 32
54 1 16
70 1 68
70 8 222
79 1 51
51 1 37
46 8 105
18 2 20
84 1 48
18 8 38
8 1 33
44 2 43
3 8 75
79 2 92
17 8 18
89 2 57
47 2 35
18 1 42
58 1 79
17 1 16
145 2 101
58 8 119
28 2 30
22 1 18
18 11 16
56 1 8
51 8 57
16 8 54
20 2 18
63 1 92
45 8 57
31 8 41
67 1 60
63 1 139
26 2 31
42 8 48
145 1 16
45 1 18
61 1 17
33 2 58
55 1 52
115 1 63
60 2 17
28 8 71
68 1 38
70 8 186
134 8 70
35 8 17
53 1 8
118 8 72
17 4 18
143 8 71
139 1 8
16 5 17
17 2 33
70 2 78
170 2 18
53 8 60
16 2 36
96 2 83
67 1 17
186 1 70
90 2 178
84 8 70
8 12 16
186 1 16
26 1 8
51 1 67
111 8 72
84 2 89
128 1 50
43 1 8
106 2 20
45 8 83
28 2 16
200 1 58
43 2 42
16 8 71
120 1 24
18 2 25
63 2 291
41 2 3
51 8 89
18 7 8
253 1 45
207 8 119
118 1 86
8 8 45
16 8 48
58 8 200
30 1 8
51 1 8
105 8 63
216 1 70
45 8 87
37 1 16
38 1 44
134 1 63
92 2 111
111 2 191
48 8 62
92 2 68
170 2 8
72 1 57
63 1 41
98 8 63
18 2 30
50 1 53
65 2 111
90 1 18
51 1 16
107 2 16
45 8 160
28 8 31
31 1 28
51 8 54
37 8 51
103 2 80
8 8 129
43 2 18
100 2 17
38 8 79
27 1 31
216 2 92
143 2 58
16 5 8
143 2 170
8 8 221
38 1 37
52 1 17
103 1 23
86 8 65
17 8 134
22 8 26
81 1 128
70 2 86
26 1 17
86 1 38
185 1 18
18 8 54
54 8 50
139 13 68
22 8 31
8 8 222
26 8 103
81 8 222
42 2 43
8 1 55
35 8 16
8 8 31
79 2 111
55 8 61
139 1 81
48 1 56
186 1 28
24 8 120
36 1 49
8 1 42
35 8 38
112 2 105
30 2 207
70 1 145
191 1 63
185 8 291
38 1 18
52 8 60
35 8 48
35 2 67
18 2 120
25 1 17
92 2 57
79 2 65
115 2 113
70 1 84
40 1 16
50 2 18
72 8 104
84 1 45
16 8 20
143 2 63
17 8 38
57 8 63
183 1 291
17 2 30
61 1 18
186 2 3
16 2 107
96 8 65
138 8 63
89 8 58
16 8 45
112 1 59
119 1 16
8 2 50
31 8 108
42 8 17
79 2 216
45 8 62
68 6 147
128 8 143
62 8 63
48 1 17
76 1 51
16 8 56
80 1 70
81 2 70
58 2 33
108 8 58
106 2 30
163 2 16
160 8 23
25 2 170
58 1 89
48 8 53
118 2 89
111 1 86
112 8 63
76 8 78
106 8 119
118 1 70
16 2 28
38 1 43
39 1 38
8 14 16
26 8 108
76 1 23
106 8 139
68 1 48
22 2 170
253 2 105
111 8 70
17 5 18
207 8 147
86 2 70
104 1 63
24 1 31
94 8 70
18 7 17
48 8 84
53 1 38
178 2 41
25 1 18
57 1 45
25 1 207
22 2 28
50 8 18
60 8 18
55 2 8
96 1 58
28 2 17
55 2 18
58 1 112
8 2 170
35 8 18
58 2 81
61 2 42
45 8 79
8 2 33
38 8 87
26 1 18
163 2 70
37 1 50
68 2 92
8 1 60
54 1 18
92 1 48
71 2 147
87 1 38
145 1 28
26 1 207
17 12 18
18 7 16
112 8 113
8 8 38
101 8 70
37 2 42
147 8 70
58 1 41
23 1 30
107 8 40
8 8 71
57 8 58
45 8 39
18 8 22
139 1 72
3 2 41
16 8 17
65 8 63
17 1 18
81 8 71
17 14 16
17 1 8
44 8 51
87 8 105
18 14 16
18 4 8
97 1 70
61 2 35
16 8 25
18 8 90
170 8 30
72 8 217
18 8 40
72 1 89
23 8 32
103 2 108
72 1 111
17 2 25
48 1 18
119 1 30
106 8 23
16 8 37
49 8 60
186 1 163
200 8 63
72 1 84
59 1 70
81 1 27
8 8 61
43 8 51
112 1 86
18 1 55
18 8 25
119 1 20
86 8 112
28 8 145
58 8 97
30 1 28
61 1 60
38 1 85
104 2 87
82 8 45
31 1 100
18 8 41
8 4 17
58 8 145
119 1 33
35 2 8
112 2 65
17 5 8
17 8 26
18 8 50
8 1 18
16 8 18
99 8 38
37 8 38
56 8 48
48 1 16
48 1 47
119 13 68
46 8 112
139 1 20
119 1 70
84 8 58
85 2 42
70 2 163
79 2 112
47 2 8
65 2 84
143 2 8
36 8 37
40 2 23
45 1 43
51 8 83
207 1 8
61 8 51
16 8 40
8 8 25
79 8 72
8 11 18
8 11 17
48 8 138
57 6 139
71 1 25
16 2 25
16 2 55
89 1 45
8 2 43
80 2 62
62 1 38
18 8 178
17 1 43
22 1 207
56 2 35
200 1 106
58 8 96
31 8 27
8 1 35
129 1 8
81 2 58
170 2 25
52 1 48
106 8 200
18 8 53
45 8 52
31 8 103
53 8 50
108 1 40
23 1 8
41 8 70
138 6 71
28 8 134
108 1 31
18 1 16
18 5 8
50 8 128
113 2 59
41 1 31
86 2 59
108 2 105
16 11 17
58 2 120
83 1 51
41 2 105
8 2 100
71 1 22
89 2 118
63 1 222
207 2 18
62 6 147
103 1 26
70 1 119
163 8 186
87 1 48
72 1 138
42 8 16
291 2 63
16 2 20
50 8 37
139 2 119
71 1 106
207 8 163
72 1 62
106 8 71
66 8 65
183 8 70
72 8 71
38 8 86
147 1 30
8 7 17
52 8 50
120 8 147
84 1 38
50 2 8
70 8 118
147 2 71
111 2 65
27 1 26
72 1 103
101 1 26
89 1 48
99 8 48
48 1 99
8 8 56
38 8 52
128 1 23
8 1 43
17 2 160
18 8 56
111 2 92
16 2 30
42 2 17
63 2 33
18 8 30
32 1 221
25 8 139
46 2 63
51 8 79
87 8 112
16 2 50
120 2 58
119 1 207
183 1 63
71 1 33
16 7 8
8 1 17
63 1 90
100 2 8
17 2 60
83 1 45
217 1 83
58 1 68
53 8 36
61 1 8
63 8 71
71 2 119
41 2 200
50 1 54
86 8 111
18 8 119
63 1 65
8 8 48
72 8 139
145 1 120
20 2 170
143 8 139
48 1 35
108 8 63
145 1 58
33 1 24
38 8 84
28 2 22
38 1 8
18 8 3
17 8 40
16 2 35
51 8 76
89 8 70
101 8 72
31 1 30
59 8 112
17 11 16
70 1 65
18 8 48
81 2 8
22 2 8
178 2 90
26 1 20
47 8 16
222 1 81
8 8 53
85 2 35
56 1 18
63 1 112
38 1 82
45 1 67
52 1 45
58 2 143
119 1 81
52 1 51
70 1 102
57 1 51
82 2 43
147 8 63
31 1 8
42 2 8
80 1 78
37 1 8
25 8 23
72 2 143
89 2 92
18 8 45
17 2 43
55 8 17
216 8 72
8 1 47
207 8 26
18 2 39
17 2 20
63 2 143
8 2 291
16 2 22
119 1 120
35 2 56
16 8 139
207 2 22
16 1 81
60 8 17
138 1 48
42 2 37
42 2 16
52 8 36
83 1 38
16 2 120
43 8 17
71 1 8
50 1 8
51 8 62
92 8 58
8 12 18
17 2 120
63 8 104
67 8 51
16 4 8
70 1 94
178 1 18
48 1 37
100 8 31
40 8 108
105 8 58
35 2 37
82 2 42
42 8 45
60 1 53
191 8 70
38 8 138
112 1 104
51 8 92
42 1 8
139 8 63
18 8 16
16 1 36
139 1 58
43 2 44
63 1 200
139 1 16
30 2 18
16 12 18
118 2 105
160 2 17
147 1 72
16 8 61
22 1 16
25 1 8
70 2 81
170 8 183
41 1 26
170 8 71
70 1 134
160 1 45
57 8 72
16 2 81
46 1 51
8 2 50
20 8 26
139 13 62
51 8 84
18 2 22
139 13 57
36 1 54
8 2 143
183 1 170
63 1 57
222 8 63
25 2 28
170 8 26
38 1 35
58 1 108
65 2 68
35 1 8
82 2 35
65 8 70
8 2 22
129 2 16
8 8 30
191 2 111
17 8 53
30 2 28
103 1 40
84 8 63
18 8 147
83 8 105
99 8 45
33 8 200
16 8 27
18 2 207
35 2 99
45 8 89
17 1 42
112 2 79
50 1 49
48 8 46
38 8 89
47 8 51
89 8 72
47 8 17
86 8 118
111 2 41
8 8 139
18 8 31
108 2 41
87 8 111
63 1 71
17 2 55
56 8 38
72 1 80
97 8 111
43 8 38
33 2 18
75 1 90
41 2 108
112 1 46
147 1 17
51 1 35
107 1 38
35 2 17
64 8 111
45 8 84
40 1 100
58 1 105
170 2 20
43 2 82
43 8 45
32 8 33
16 8 38
105 1 83
18 8 23
71 1 207
221 8 32
207 8 22
68 6 139
100 1 38
8 2 42
31 1 22
45 8 54
86 1 45
25 2 18
68 6 119
51 1 43
222 1 70
143 2 72
16 2 42
70 1 101
43 2 85
23 1 20
83 1 48
37 8 48
17 8 52
41 1 40
65 2 101
83 8 112
103 8 63
139 2 147
18 8 49
18 14 17
71 1 63
108 2 79
8 5 18
102 8 70
17 11 18
8 8 67
18 2 170
18 2 36
36 8 16
20 1 16
18 2 43
8 2 207
26 8 41
8 8 119
18 8 17
18 12 17
75 1 3
104 8 112
16 2 143
291 2 8
111 1 97
139 2 134
101 1 23
51 1 61
45 1 8
139 1 25
59 2 86
119 1 18
18 8 37
35 2 47
222 2 147
63 1 101
17 8 51
108 8 70
48 8 92
104 8 111
16 1 17
3 2 186
42 2 85
112 8 58
147 1 170
54 8 36
45 1 56
191 2 79
200 1 33
79 2 84
36 2 8
18 4 17
40 1 17
62 8 58
53 1 16
54 1 38
48 1 82
101 2 145
67 1 36
25 8 26
48 8 83
89 2 41
139 1 17
55 8 56
17 7 8
25 8 71
128 8 81
97 2 87
45 1 17
20 1 17
58 1 57
147 13 62
58 1 111
85 2 47
33 8 71
67 8 38
47 8 45
54 1 17
217 8 58
70 8 216
134 2 139
61 1 55
32 1 23
63 8 183
143 2 25
42 2 18
63 8 139
89 1 38
59 2 66
70 8 59
58 1 84
16 1 43
170 2 143
57 2 92
16 1 47
16 14 17
70 8 80
47 2 44
68 8 58
38 8 53
57 6 119
113 1 112
61 8 38
35 2 16
41 2 111
200 1 16
143 1 27
92 2 216
40 1 107
104 1 72
72 1 216
99 2 35
90 8 75
170 8 22
138 1 45
105 2 108
16 2 47
33 2 63
8 8 23
101 2 41
40 1 18
65 1 86
71 13 138
139 1 63
22 2 207
40 8 103
70 8 119
38 1 67
60 1 54
72 2 120
17 8 54
17 8 67
58 1 62
58 8 139
17 4 16
75 1 178
41 2 178
41 8 72
81 2 30
70 8 97
120 2 17
20 8 31
55 1 54
51 1 17
47 8 48
38 8 100
43 2 37
71 1 81
111 8 58
20 2 16
72 8 147
101 2 222
87 8 216
45 8 46
22 8 71
53 1 48
31 8 24
8 2 19
39 8 26
112 1 87
60 1 8
87 2 70
63 1 119
20 8 23
28 2 81
39 2 16
83 2 104
51 8 46
36 2 16
61 2 43
143 2 16
65 1 46
8 2 30
71 1 170
17 1 35
56 8 51
44 8 38
84 2 112
101 2 89
32 8 143
38 8 83
106 8 222
81 8 139
16 8 31
17 8 25
17 8 147
216 2 79
103 1 31
17 14 18
16 8 53
119 8 63
32 1 40
47 2 17
65 2 62
183 1 8
16 8 30
63 8 96
36 1 8
62 1 48
119 2 71
30 2 106
23 8 128
22 1 17
18 4 16
49 8 55
8 2 60
65 1 96
170 8 147
23 1 25
92 2 89
32 1 16
18 11 17
47 2 85
26 1 16
147 1 18
23 1 18
68 8 70
48 8 86
19 2 8
82 8 38
25 8 40
119 8 70
20 1 8
55 1 53
112 1 83
70 2 120
16 1 8
40 8 41
16 8 119
71 1 28
72 8 64
8 2 55
18 1 50
46 8 191
42 8 38
38 1 99
45 1 35
46 1 45
87 2 104
65 1 115
61 1 16
50 2 17
78 1 76
42 2 44
53 1 17
60 1 49
119 13 57
43 2 99
63 1 147
65 1 113
30 2 17
70 1 71
59 2 113
79 1 45
33 8 147
16 1 42
111 2 79
16 4 17
47 2 16
47 8 18
79 2 68
16 2 33
? 1 github_java_program_data/28/138.java

8 2 100
128 2 32
39 2 17
16 2 28
16 2 120
18 11 16
38 1 47
16 12 17
38 1 43
39 1 38
55 2 16
26 8 108
18 2 143
76 1 45
62 6 119
70 1 79
92 8 70
17 8 26
31 1 76
45 8 138
20 8 119
43 2 44
42 2 99
104 1 63
24 1 31
24 1 26
18 7 17
31 8 101
53 1 38
38 1 56
18 2 33
25 1 18
57 1 45
8 8 145
112 2 101
35 8 45
8 2 25
31 1 16
111 2 112
55 2 18
49 1 48
8 4 17
49 2 52
16 8 51
76 2 16
30 2 18
35 8 18
17 2 36
43 2 8
27 8 81
45 8 79
30 1 16
43 2 67
18 8 51
37 2 42
72 2 16
33 8 145
16 8 48
25 2 16
20 2 16
79 8 63
8 4 18
38 8 54
45 1 37
42 2 82
96 8 105
70 8 97
97 8 112
105 1 46
71 2 147
111 8 63
51 1 82
18 8 38
8 14 16
134 1 63
18 8 31
147 1 58
43 2 47
38 1 17
67 2 42
45 1 99
23 1 16
20 8 139
97 2 86
18 2 43
35 8 51
72 8 96
8 8 38
58 1 41
40 1 20
23 1 30
50 2 16
68 1 51
57 8 58
79 8 58
38 1 42
113 2 59
18 8 22
139 1 72
38 8 92
30 2 17
61 8 45
22 1 8
170 2 8
16 8 17
65 8 63
64 1 58
16 7 17
17 2 47
46 2 104
111 2 105
36 2 18
134 8 75
17 14 16
17 1 8
44 8 51
45 1 47
48 1 85
53 2 52
101 2 41
72 1 68
75 1 183
81 8 119
111 1 104
17 11 18
18 14 16
18 4 8
18 7 16
35 2 37
25 2 207
97 1 70
99 8 51
61 2 35
16 8 25
17 5 18
42 8 51
56 2 43
18 2 60
97 2 64
138 8 58
72 1 89
70 1 112
103 2 108
72 1 111
96 2 114
30 8 23
112 2 111
18 2 47
119 1 30
46 1 38
63 8 104
45 8 92
35 2 82
56 1 17
82 8 51
45 8 83
62 2 92
51 8 89
72 1 84
47 8 18
81 1 27
8 8 61
54 1 51
112 1 86
119 1 17
100 8 40
44 8 45
119 1 20
17 2 50
52 1 38
26 1 25
20 2 207
86 8 112
54 8 50
58 8 97
112 1 97
48 1 42
65 2 112
56 1 16
55 8 61
99 2 43
16 1 35
104 2 87
82 8 45
120 8 139
17 2 60
61 2 43
111 1 87
46 2 97
35 2 8
17 8 20
72 1 145
112 2 65
35 2 44
101 8 63
89 1 51
8 1 18
8 2 120
16 8 18
128 1 26
16 8 23
26 1 18
37 8 38
51 1 42
48 1 16
83 1 45
41 2 65
38 8 53
48 1 47
8 2 47
26 1 107
8 12 17
18 4 17
46 8 112
139 1 20
20 8 71
25 1 16
55 2 8
16 8 37
89 2 84
43 8 51
51 8 84
57 2 111
38 8 83
145 1 33
70 8 145
82 8 48
8 2 30
79 2 112
104 2 86
47 2 8
8 7 18
63 2 16
16 1 18
45 1 61
42 2 17
143 2 8
58 8 147
16 8 40
108 8 58
84 2 57
51 1 56
36 8 37
57 6 71
43 8 48
40 1 25
63 1 108
56 8 45
8 8 37
18 12 16
48 1 67
61 8 51
92 1 38
8 8 25
30 8 71
48 1 61
48 8 138
54 1 48
16 2 60
18 2 107
54 8 55
134 2 183
16 2 25
114 8 105
48 8 107
16 2 55
20 2 28
103 8 72
49 8 50
51 1 44
40 8 24
71 1 33
17 8 30
17 1 43
24 2 27
8 2 20
25 2 8
63 1 103
86 8 105
68 2 65
134 2 90
23 8 24
31 8 27
64 8 112
8 1 35
18 8 45
105 2 65
105 1 96
65 1 59
8 8 147
75 1 134
82 2 43
52 1 48
16 4 8
68 8 72
17 12 18
58 1 79
45 8 52
18 1 129
26 8 24
31 8 103
48 8 87
26 1 17
53 8 50
108 1 40
8 2 170
30 1 18
97 8 105
18 5 17
17 2 100
16 2 72
28 8 134
39 1 48
8 8 18
18 1 16
111 2 57
18 5 8
90 1 8
48 8 92
38 8 79
30 8 31
20 2 8
70 1 105
81 1 24
23 1 100
27 1 31
139 1 207
48 1 35
58 1 108
54 1 45
86 1 48
71 8 63
36 1 52
47 2 18
24 8 33
105 1 184
59 2 83
16 8 134
17 2 35
17 8 23
54 2 49
37 8 45
45 8 53
108 1 26
72 1 138
8 8 17
104 1 70
42 8 16
16 2 20
8 8 16
67 2 35
62 1 45
48 1 43
139 2 119
71 1 106
51 8 68
31 1 18
106 8 71
83 2 59
59 2 46
17 5 8
17 1 42
85 8 51
33 2 8
59 8 65
8 7 17
25 2 17
52 8 50
84 1 38
89 8 63
119 8 63
38 1 37
71 1 70
207 8 139
82 2 35
114 2 96
101 1 26
107 2 18
8 14 18
99 8 48
53 1 51
8 14 17
65 8 184
48 1 99
48 8 89
8 8 56
96 2 83
183 1 16
120 1 128
38 8 52
128 1 23
49 2 54
8 1 43
32 1 31
32 1 40
17 8 37
87 8 111
43 2 16
8 2 43
18 8 30
25 8 139
79 1 48
96 2 46
8 5 16
51 8 79
87 8 112
47 2 43
20 1 18
16 11 18
79 1 38
119 13 62
8 8 22
63 2 81
8 1 17
17 1 35
100 2 8
17 1 18
18 8 61
114 2 184
101 1 31
51 1 18
46 2 96
87 8 65
53 8 36
45 8 100
106 8 147
97 1 58
61 1 8
128 8 33
55 2 17
38 8 46
112 2 79
46 8 65
50 1 54
86 8 111
41 8 58
63 1 65
22 8 40
16 7 18
100 8 23
32 2 128
72 8 139
51 8 100
20 2 170
47 1 8
104 2 83
36 1 53
20 8 31
138 1 38
8 2 35
108 8 63
52 2 49
47 8 38
50 1 52
83 2 96
105 2 111
43 8 18
87 1 45
38 1 8
17 8 40
16 2 35
83 8 105
40 1 30
48 1 8
33 1 32
89 8 70
101 8 72
31 1 30
30 2 170
59 8 112
49 8 36
17 11 16
70 1 65
18 8 48
22 2 8
17 8 56
26 1 39
59 2 113
45 1 16
111 8 114
108 2 89
18 1 47
51 8 52
85 2 35
60 1 52
17 2 22
47 8 16
101 2 112
48 1 82
70 1 62
68 1 45
38 1 82
45 1 67
48 8 39
113 1 111
27 2 24
52 1 45
51 1 67
92 2 79
25 8 31
20 2 106
105 1 97
58 2 143
16 12 18
53 8 55
53 2 54
52 1 51
65 1 87
108 2 103
107 8 26
49 1 38
47 2 37
65 1 46
31 1 20
8 8 40
31 1 8
92 1 45
120 1 32
42 2 67
59 1 63
8 8 90
37 2 43
20 2 17
37 1 8
25 8 23
84 1 51
65 1 83
92 2 62
90 2 134
139 1 120
23 1 22
67 1 18
89 2 92
18 1 43
17 2 43
85 2 43
8 1 47
42 2 8
18 2 39
17 2 20
49 1 51
147 13 57
75 1 90
16 4 18
72 8 183
16 2 22
56 8 48
16 8 139
18 1 35
70 1 68
147 2 139
119 1 63
41 1 23
38 1 16
18 4 16
57 2 79
138 1 48
18 2 42
96 1 63
44 2 47
67 8 45
42 2 16
105 1 87
89 2 112
83 1 38
63 1 112
129 2 17
50 8 56
54 8 60
84 8 63
17 2 129
85 8 45
18 1 8
92 8 58
20 8 147
52 8 55
47 2 35
44 2 35
38 8 49
67 8 51
63 8 59
16 2 76
16 8 67
35 2 18
45 1 44
40 8 108
84 8 72
119 2 139
8 2 33
184 1 65
113 8 112
35 8 48
40 1 22
56 8 51
82 2 42
42 8 45
16 8 183
60 1 53
76 2 8
58 8 71
38 8 138
48 8 54
112 1 104
51 8 92
18 5 16
42 1 8
139 8 63
18 8 16
145 8 72
101 8 58
8 5 17
51 8 49
40 8 32
139 1 16
17 8 61
18 8 20
119 1 81
44 8 48
103 8 58
48 8 52
71 1 30
22 1 16
25 1 8
83 1 48
147 1 8
63 1 84
61 8 48
100 1 45
41 1 26
85 8 48
72 1 41
48 1 37
60 2 16
46 1 51
38 1 85
72 1 101
96 2 86
45 1 82
84 8 58
119 1 170
16 5 18
18 2 22
207 2 25
36 1 54
33 2 70
8 2 143
89 1 45
76 8 31
68 6 71
33 1 128
17 4 8
63 8 134
18 2 55
17 8 45
45 1 85
18 8 26
17 2 81
25 8 26
8 4 16
147 1 106
65 2 68
87 8 105
129 8 18
35 1 8
43 2 17
72 1 103
65 8 70
18 1 17
16 8 22
8 2 22
16 7 8
37 1 36
56 1 50
37 2 35
63 1 57
8 8 48
33 1 24
18 8 147
38 8 39
99 8 45
170 2 20
16 8 26
28 2 20
51 1 85
48 8 79
30 1 17
35 2 99
45 8 89
22 2 18
147 1 28
22 1 17
145 2 103
43 8 16
89 8 72
47 8 17
63 1 105
183 8 75
35 8 16
16 8 61
8 8 139
58 1 92
184 8 105
38 1 35
35 2 61
63 1 71
99 2 42
17 2 55
63 1 111
46 2 59
56 8 38
111 1 46
49 1 45
112 1 46
17 2 42
45 1 43
43 8 38
33 2 18
147 8 63
23 1 17
16 2 63
51 1 35
27 8 143
35 2 17
26 1 22
40 1 100
97 8 111
48 1 18
207 2 20
43 2 82
57 2 84
8 8 51
138 6 139
32 8 33
87 2 96
16 8 38
105 1 83
18 8 23
36 2 8
38 1 61
41 2 101
37 1 17
71 1 58
63 8 119
8 2 42
51 8 53
45 8 54
16 2 43
105 2 79
92 2 89
51 1 43
8 7 16
145 1 70
143 1 128
47 2 61
16 2 42
43 2 85
23 1 20
63 1 62
51 1 47
33 2 58
79 2 105
16 11 17
70 8 71
71 1 20
45 1 42
70 1 89
40 8 128
83 8 112
30 8 26
36 2 17
103 8 63
81 2 17
96 1 72
119 2 71
120 2 16
47 2 16
23 1 18
8 5 18
70 2 33
60 8 67
103 2 101
138 8 72
17 12 16
85 8 38
40 8 27
22 2 17
43 2 61
56 2 42
42 2 56
8 8 67
17 8 119
134 1 28
55 1 49
18 2 36
20 1 16
37 1 18
58 8 64
45 8 49
103 2 145
143 1 24
60 2 18
147 1 20
26 8 41
18 8 17
18 12 17
120 2 72
86 2 104
138 2 65
112 8 72
84 2 79
79 1 51
16 14 18
111 1 97
99 2 47
79 8 70
51 1 61
28 8 147
45 1 8
17 8 22
17 2 39
139 1 25
100 1 51
26 8 101
105 8 70
18 8 37
35 2 47
63 1 101
17 8 51
43 2 56
35 2 85
30 8 40
8 8 20
104 8 111
92 1 51
92 8 63
16 1 17
83 8 65
89 2 108
23 8 41
79 2 92
30 2 8
54 8 36
45 1 56
64 2 97
97 2 87
79 2 84
63 1 139
86 2 97
42 8 18
40 1 17
112 2 89
63 1 89
51 1 37
54 1 38
46 8 105
18 2 20
67 2 43
23 8 103
48 8 83
44 2 43
86 2 96
92 1 48
87 1 51
17 8 18
37 2 47
87 1 48
45 1 17
20 1 17
58 1 57
18 1 42
67 8 48
86 1 51
39 2 18
17 1 16
17 1 47
101 2 79
8 11 16
58 1 103
57 1 38
58 1 111
26 1 30
22 2 16
33 8 71
67 8 38
183 2 134
47 8 45
20 2 18
63 1 92
45 8 57
17 2 25
22 8 23
20 8 40
61 1 55
32 1 23
42 8 48
97 2 46
71 13 57
45 1 18
170 2 30
61 1 17
42 2 18
67 1 8
55 1 52
70 8 59
143 2 18
58 1 84
60 2 17
16 1 43
104 8 112
35 8 17
42 2 37
16 1 47
17 8 48
63 1 79
24 8 143
183 1 72
62 2 112
71 1 18
17 4 18
52 8 36
139 1 8
61 2 47
17 7 16
57 6 147
47 2 44
53 8 60
16 2 36
22 1 18
53 1 45
67 1 17
79 2 101
61 8 38
84 8 70
26 8 128
35 2 16
112 1 64
105 1 86
56 1 8
170 8 145
111 8 72
143 1 27
58 1 101
37 1 16
57 6 119
106 2 20
27 1 40
49 8 60
18 8 67
8 2 76
18 8 71
90 8 75
71 2 119
84 2 89
138 1 45
18 2 25
65 2 105
24 1 40
67 1 16
81 2 63
35 8 38
18 7 8
111 8 113
28 2 106
65 2 41
38 1 67
99 2 35
51 1 17
32 8 120
60 1 54
59 1 70
101 2 103
106 2 30
51 1 8
65 8 72
17 4 16
72 2 120
43 8 45
45 8 87
87 2 97
43 1 8
41 8 72
16 2 50
54 2 53
51 1 99
139 2 147
38 1 44
37 8 48
48 8 62
51 8 87
38 8 86
55 1 54
47 8 51
47 8 48
62 8 63
43 2 37
16 14 17
111 8 58
23 8 32
18 2 30
50 1 53
106 2 28
105 1 114
45 8 46
28 2 16
51 1 16
53 1 48
31 8 24
128 8 120
39 8 26
18 8 25
139 13 138
112 1 87
51 8 54
120 2 8
37 8 51
17 7 8
8 2 36
63 1 119
20 8 23
43 2 18
62 8 70
100 2 17
48 8 49
31 8 32
83 2 104
170 8 119
143 2 58
16 5 8
145 1 170
50 2 8
17 5 16
51 8 46
67 1 60
89 1 48
103 1 23
72 1 65
48 1 17
22 8 26
70 8 104
17 7 18
46 8 111
86 1 38
16 2 47
44 8 38
38 8 84
65 2 138
147 2 71
47 2 99
40 1 8
31 1 25
30 8 119
22 8 31
45 8 76
63 1 147
17 8 25
43 8 17
8 12 18
103 1 31
112 1 113
17 14 18
8 8 31
8 11 18
48 1 56
47 2 17
36 1 49
16 8 30
63 8 96
70 1 92
8 1 16
8 1 42
62 1 48
30 2 106
23 8 128
50 1 49
49 8 55
38 1 18
52 8 60
8 2 60
35 2 67
65 1 96
38 8 57
18 14 17
25 1 17
23 1 25
24 8 81
31 1 22
25 2 18
18 11 17
26 1 16
147 1 18
70 1 84
104 2 46
40 1 16
68 8 70
48 8 86
60 2 8
72 1 112
72 8 104
16 8 20
18 2 35
25 8 40
79 2 57
16 5 17
17 8 38
57 8 63
145 1 8
20 1 8
17 2 30
61 1 18
55 1 53
112 1 83
96 8 65
16 1 8
184 2 114
128 1 40
89 8 58
16 8 45
48 1 44
8 2 55
112 1 59
51 8 86
8 2 50
112 2 62
45 8 68
42 8 17
17 8 67
8 8 45
42 8 38
143 8 147
45 1 35
45 8 62
46 1 45
87 2 104
147 1 143
61 1 16
50 2 17
128 8 143
36 2 16
112 8 70
60 1 49
119 13 57
43 2 99
96 2 87
16 8 31
16 8 56
111 1 86
58 1 138
58 2 33
114 1 111
79 1 45
17 8 16
16 1 42
16 4 17
82 8 38
52 2 53
107 1 48
58 1 89
48 8 53
134 1 16
71 13 68
24 1 23
104 1 72
105 8 63
112 8 63
? 1 github_java_program_data/28/145.java

45 8 86
16 2 28
41 2 92
63 8 97
139 1 18
47 2 82
38 1 47
16 12 17
38 1 43
39 1 38
8 14 16
26 8 108
28 8 119
35 8 51
70 1 79
92 8 70
75 1 178
17 8 26
111 8 70
17 5 18
43 2 44
42 2 99
114 2 59
104 1 63
94 8 70
24 1 26
18 7 17
31 8 101
48 8 84
53 1 38
80 1 63
38 1 56
8 2 47
25 1 18
57 1 45
8 2 120
17 5 16
105 2 112
8 2 25
31 1 16
96 1 58
134 1 70
55 2 18
17 1 43
75 1 134
79 2 68
16 8 51
76 2 16
20 2 8
35 8 18
44 2 42
43 2 8
45 8 79
30 1 16
25 8 119
18 8 51
38 8 87
16 4 17
33 8 145
89 2 105
17 8 31
70 8 96
163 2 70
25 2 16
20 2 16
79 8 63
18 8 30
8 4 18
56 8 48
81 1 32
96 8 105
92 1 48
71 2 147
111 8 63
45 1 44
51 1 82
18 8 38
8 11 17
51 8 52
17 12 18
43 2 47
38 1 17
67 2 42
45 1 99
23 1 16
65 1 113
80 2 92
97 2 86
103 2 111
136 2 58
58 8 64
114 8 65
72 8 118
72 8 96
112 8 113
8 8 38
37 2 42
147 8 70
8 11 16
23 1 106
40 1 20
23 1 30
78 8 80
50 2 16
87 2 77
30 8 147
147 13 68
8 8 71
57 8 58
79 8 58
119 1 8
58 8 115
45 8 39
18 8 22
48 8 68
38 8 92
111 1 64
30 2 17
61 8 45
22 1 8
16 8 17
65 8 63
64 1 58
16 7 17
17 2 47
81 8 71
63 1 62
188 2 114
17 14 16
17 1 8
44 8 51
45 1 47
48 1 85
84 2 65
72 1 68
44 2 35
111 1 104
16 2 170
18 14 16
107 8 78
33 2 16
35 2 37
25 2 207
87 2 107
99 8 51
61 2 35
16 8 25
42 8 51
31 1 17
18 2 60
97 2 64
96 2 83
18 8 40
18 12 17
85 8 48
70 1 112
103 2 108
72 1 111
30 8 23
18 2 30
18 2 47
8 2 36
119 1 30
63 8 104
191 1 70
35 2 82
56 1 17
72 2 86
38 8 62
51 8 89
72 1 84
47 8 18
71 2 145
8 8 61
54 1 51
134 1 163
112 1 86
46 8 136
16 1 18
18 8 25
120 2 8
17 2 50
113 8 65
52 1 38
26 1 25
137 1 136
23 8 108
86 8 112
58 8 97
59 2 86
48 1 42
65 2 112
56 1 16
55 8 61
99 2 43
16 1 35
105 2 89
65 1 97
8 4 17
61 2 43
58 8 145
115 1 58
58 8 104
35 2 8
17 8 20
112 2 65
147 2 41
35 2 44
101 8 63
8 8 18
89 1 51
18 4 8
8 1 18
81 2 8
16 8 18
101 1 31
16 8 48
37 8 38
86 8 65
48 1 16
70 1 119
16 2 163
48 1 47
18 2 33
8 12 17
18 4 17
139 1 20
25 1 16
55 2 8
16 8 37
43 8 51
51 8 84
38 8 83
108 2 65
145 1 33
46 2 59
82 8 48
8 2 30
47 2 8
22 2 106
40 1 170
66 2 59
45 1 61
42 2 17
40 2 23
16 8 40
84 2 57
41 2 139
36 8 37
30 2 18
43 8 48
40 1 25
51 8 83
61 1 8
136 1 135
8 8 37
48 1 67
61 8 51
112 2 92
8 8 25
30 2 170
54 1 48
23 2 26
100 2 16
16 2 25
17 11 18
80 8 70
89 1 45
8 2 43
51 1 44
84 1 51
8 8 30
51 1 18
78 1 107
26 8 101
77 2 87
56 2 35
25 2 8
63 1 103
86 8 105
8 11 18
16 14 18
18 8 119
30 1 17
58 8 96
70 2 163
8 1 35
18 8 45
119 1 28
105 1 96
65 1 59
17 8 207
47 2 18
31 2 40
65 1 188
16 4 8
139 1 22
58 1 79
45 8 52
26 8 24
44 2 47
48 8 87
112 2 84
48 1 44
108 1 40
16 5 18
23 1 8
30 1 18
17 8 45
70 1 41
28 8 134
108 1 31
18 1 16
18 2 55
18 5 8
90 1 8
56 8 45
8 2 81
38 8 79
30 8 31
40 8 101
41 1 31
39 2 8
104 2 83
81 1 24
23 1 100
16 11 17
8 8 26
16 7 8
22 2 16
83 1 51
70 1 147
54 1 45
86 1 48
63 2 120
72 1 79
178 8 75
97 8 65
24 8 33
8 2 35
92 8 63
59 2 83
17 2 35
22 8 71
67 2 43
37 8 45
118 1 72
108 1 26
33 2 58
8 8 17
80 2 79
104 1 70
42 8 16
57 2 89
58 1 118
8 8 16
8 2 20
62 1 45
113 1 112
139 2 119
66 1 58
207 8 163
62 2 65
138 8 70
102 8 72
59 2 46
17 5 8
50 1 52
35 1 8
147 1 30
81 2 18
17 2 25
89 2 65
108 1 23
84 1 38
89 8 63
38 1 37
79 2 80
71 1 70
65 1 114
17 14 18
82 2 35
101 1 26
51 8 46
207 2 22
170 2 207
8 14 18
99 8 48
53 1 51
8 14 17
147 1 33
48 1 99
48 8 89
92 1 38
71 1 81
30 2 8
38 8 52
26 8 27
58 1 105
8 2 50
8 1 43
101 1 40
18 8 56
17 8 37
111 2 92
16 2 30
43 2 16
76 2 46
8 2 55
120 8 119
79 1 48
8 5 16
51 8 79
87 8 112
16 2 50
39 8 40
31 8 128
20 1 18
16 11 18
45 1 37
48 1 8
8 8 22
137 2 89
63 2 81
8 1 17
70 8 104
70 8 139
17 8 30
18 8 61
16 8 23
83 1 45
89 2 84
41 2 145
120 1 27
105 1 46
178 2 134
97 1 58
63 1 108
79 2 84
111 2 103
63 8 71
46 8 65
86 8 111
63 1 57
63 1 65
136 1 46
16 7 18
100 8 23
47 1 8
143 8 139
48 1 35
96 1 70
138 1 38
207 8 71
108 8 63
84 2 105
145 1 58
47 8 38
17 1 42
84 2 112
43 8 18
87 1 45
38 1 8
70 1 139
17 8 40
16 2 35
83 8 105
40 1 30
120 2 63
79 1 38
139 1 106
89 8 70
31 1 30
59 8 112
49 8 36
17 11 16
70 1 65
18 8 48
63 1 89
22 2 8
17 8 56
89 2 111
26 1 20
23 8 103
45 1 16
70 1 108
18 2 50
18 1 47
48 8 54
63 2 33
85 2 35
56 1 18
47 8 16
48 1 82
70 1 62
63 1 112
38 1 82
115 8 65
92 2 79
20 2 106
105 1 97
58 2 143
143 2 17
53 8 55
52 1 51
63 1 84
105 2 101
108 2 103
137 1 58
49 1 38
108 2 89
65 1 46
23 8 24
83 2 96
31 1 8
92 1 45
37 2 35
42 2 67
55 2 17
59 1 63
80 1 78
20 2 17
37 1 8
76 8 136
20 8 139
57 6 139
65 1 83
62 6 71
105 2 118
23 1 22
67 1 18
89 2 92
30 8 119
17 2 43
45 8 89
139 1 143
44 2 43
8 1 47
42 2 8
18 5 17
63 8 147
49 1 51
86 2 96
40 1 39
147 1 28
119 1 120
92 1 51
207 1 17
139 8 70
8 4 16
18 1 35
42 8 18
147 2 139
119 1 63
41 1 23
41 2 147
17 1 47
26 8 32
37 2 47
18 2 42
70 2 143
42 2 37
170 2 16
58 1 98
38 8 89
83 1 38
78 1 77
143 2 70
50 8 56
163 1 207
54 8 60
118 1 86
85 8 45
18 1 8
92 8 58
8 12 18
58 1 57
35 2 42
38 8 49
67 8 51
70 1 80
68 8 72
16 2 76
26 1 17
35 2 18
48 8 100
40 8 108
84 8 72
28 2 25
35 8 48
42 8 45
84 1 45
135 2 46
72 1 191
38 8 138
112 1 104
51 8 92
27 8 120
87 1 38
42 1 8
147 1 63
18 8 16
58 2 136
139 1 58
101 8 58
16 8 147
8 5 17
51 8 49
48 1 56
35 8 45
17 8 61
18 8 20
114 1 112
118 2 105
46 8 105
58 1 90
35 8 16
47 2 17
147 1 72
97 2 87
18 8 139
25 1 8
17 2 36
70 2 81
83 2 59
44 8 48
25 2 17
106 8 23
119 1 72
46 1 51
38 1 85
20 8 26
96 2 86
45 1 82
38 1 42
84 8 58
8 7 18
18 2 22
139 13 57
207 2 25
18 12 16
79 8 72
16 2 20
79 2 191
103 8 72
62 1 38
41 8 70
188 8 65
25 2 28
47 8 45
17 4 8
70 2 46
39 8 31
76 8 40
45 1 85
38 1 35
31 1 20
92 2 105
72 8 59
191 1 46
59 8 65
43 2 17
72 1 103
65 8 70
18 1 17
58 1 65
18 2 43
23 8 101
191 2 111
30 2 28
37 1 36
56 1 50
17 2 143
103 1 40
38 1 16
84 8 63
18 8 147
38 8 39
99 8 45
28 2 30
16 8 26
118 8 58
17 2 55
79 2 92
48 8 79
84 2 137
8 8 90
61 1 55
22 2 18
70 1 94
70 1 145
48 8 46
43 8 16
47 8 51
97 2 46
68 2 79
89 8 72
47 8 17
63 1 105
136 1 76
105 2 84
86 8 118
63 1 41
145 2 71
16 2 36
16 4 18
58 1 92
87 8 111
35 2 61
16 12 18
135 8 136
63 1 111
56 8 38
32 8 81
58 8 66
111 1 46
49 1 45
120 2 72
17 2 42
97 8 111
43 8 38
33 2 18
75 1 90
72 1 102
97 8 105
40 1 207
79 2 111
51 1 35
35 2 17
64 8 111
26 1 22
45 8 84
45 1 43
48 1 18
139 1 70
57 2 84
72 1 94
8 8 51
18 1 43
43 2 67
36 2 16
16 8 38
105 1 83
18 8 23
71 1 207
36 2 8
38 1 61
170 2 30
37 1 17
46 2 70
65 2 89
86 2 59
63 8 119
8 2 42
51 8 53
45 8 54
86 1 45
72 8 119
92 2 89
68 6 119
92 2 41
51 1 43
8 7 16
207 2 170
143 1 128
47 2 61
16 2 42
23 1 20
51 1 99
51 1 47
71 8 70
31 2 26
59 2 66
70 8 71
41 1 40
89 2 137
145 2 41
45 1 42
70 1 89
83 8 112
30 8 26
36 2 17
103 8 63
97 2 113
96 1 72
119 2 71
163 8 134
111 2 79
52 1 45
71 1 63
23 1 18
8 5 18
92 2 112
147 2 71
70 8 134
51 8 138
18 2 143
138 1 51
85 8 38
24 1 23
43 2 61
56 2 42
42 2 56
119 1 25
8 8 67
41 8 63
26 2 23
134 1 28
18 2 36
20 1 16
59 1 72
37 1 18
128 1 31
45 8 49
17 2 20
72 8 188
71 13 62
30 2 16
8 8 119
50 2 18
60 2 18
8 7 17
84 2 79
79 1 51
71 1 22
147 1 16
111 1 97
99 2 47
101 1 23
40 1 76
51 1 61
28 8 147
45 1 8
17 8 22
17 2 39
51 1 42
36 2 18
119 1 18
105 8 70
18 8 37
107 2 87
97 1 63
63 1 101
17 8 51
108 8 70
17 7 18
35 2 85
48 8 92
8 8 20
104 8 111
16 8 134
8 8 56
83 8 65
87 8 78
23 8 41
42 2 85
35 2 56
147 1 170
79 8 70
18 2 81
45 1 56
191 2 79
23 2 40
64 2 97
82 2 47
119 8 70
86 2 97
70 1 68
40 1 17
137 2 84
138 8 58
39 2 17
68 1 48
18 2 20
84 1 48
25 8 26
48 8 83
139 1 17
104 2 87
72 1 89
87 1 51
17 8 18
98 8 58
87 1 48
45 1 17
89 2 57
20 1 17
70 8 191
18 1 42
67 8 48
86 1 51
119 2 139
17 1 16
101 2 79
57 1 38
47 2 37
26 1 30
85 2 47
18 11 16
67 8 38
16 8 145
17 8 139
20 2 18
63 1 92
45 8 57
31 8 41
22 8 23
20 8 40
112 8 114
70 1 92
48 1 37
26 2 31
42 8 48
120 2 18
145 1 16
45 1 18
8 2 22
8 8 48
61 1 17
42 2 18
89 1 38
67 1 8
136 8 137
70 8 59
143 2 18
58 1 84
16 1 43
16 2 43
104 8 112
145 8 70
35 8 17
16 1 47
17 8 48
63 1 79
42 2 16
100 1 48
18 7 16
71 1 18
17 4 18
68 1 45
85 2 42
61 2 47
89 2 118
47 2 44
45 8 92
22 1 18
89 8 58
16 14 17
48 1 43
79 2 101
61 8 38
90 2 178
84 8 70
139 2 41
35 2 16
8 12 16
105 1 86
59 2 114
26 1 8
51 1 67
111 8 72
56 1 8
48 8 76
58 1 101
17 12 16
43 1 8
17 7 16
106 2 20
45 8 83
18 8 67
65 2 84
32 1 26
18 8 71
90 8 75
71 2 119
84 2 89
78 1 87
33 2 63
8 8 23
113 2 115
40 1 18
113 2 97
188 1 72
35 8 38
18 7 8
65 1 86
71 1 8
22 2 207
40 8 103
38 1 67
8 8 45
60 1 54
59 1 70
101 2 103
30 1 8
103 2 101
51 1 8
105 8 63
58 8 139
17 4 16
72 2 120
43 8 45
45 8 87
106 8 139
111 2 89
37 1 16
58 8 137
8 2 39
83 1 48
38 1 44
37 8 48
92 2 111
46 2 135
42 2 35
16 2 100
51 8 87
20 8 31
16 2 22
51 1 17
47 8 48
62 8 63
72 8 97
60 8 67
47 2 43
65 2 111
63 2 78
72 8 147
191 8 72
45 8 46
65 1 66
28 2 16
51 1 16
53 1 48
76 1 48
134 2 178
44 8 45
112 1 87
51 8 54
17 7 8
52 8 50
18 5 16
20 8 23
94 8 72
43 2 18
62 8 70
77 8 78
83 2 104
63 8 59
143 2 58
16 5 8
145 1 170
66 8 65
50 2 8
87 2 97
82 8 51
27 1 26
67 1 60
89 1 48
8 8 178
103 1 23
134 8 75
63 8 80
22 8 26
17 1 35
46 8 111
16 2 47
65 8 58
44 8 38
38 8 84
46 2 97
114 2 188
47 2 99
101 2 105
111 2 65
170 8 40
31 1 25
178 2 90
65 2 108
22 8 31
33 1 24
16 8 31
45 8 68
97 1 72
207 8 40
92 2 80
18 2 120
8 8 31
105 8 58
22 8 139
106 2 22
81 2 63
104 1 58
39 1 45
63 1 137
65 2 62
119 13 68
36 1 49
178 1 8
16 8 30
139 2 147
8 1 16
8 1 42
112 2 105
33 2 72
22 1 17
18 4 16
16 2 33
70 1 111
38 1 18
99 2 42
8 2 60
65 1 96
38 8 57
18 14 17
170 8 147
24 8 81
31 1 22
70 1 105
18 11 17
47 2 85
46 2 76
115 2 113
43 8 17
26 1 16
90 8 58
147 1 18
105 2 92
70 1 84
82 8 45
40 1 16
68 8 70
48 8 86
60 2 8
111 2 191
16 8 20
18 2 35
25 8 40
16 5 17
17 8 38
57 8 63
20 1 8
17 2 30
61 1 18
55 1 53
112 1 83
70 1 138
96 8 65
58 1 89
40 2 31
38 8 53
16 8 45
78 2 63
170 8 145
112 1 59
51 8 86
46 8 191
31 8 108
42 8 17
42 8 38
45 1 35
45 8 62
46 1 45
87 2 104
68 6 147
65 1 115
86 2 72
50 2 17
89 2 108
128 8 143
42 2 44
112 8 70
48 1 17
43 2 99
72 2 33
111 1 87
16 8 56
111 1 86
58 1 138
81 2 70
70 1 71
58 2 33
40 8 41
79 1 45
33 8 147
16 1 42
163 2 16
137 8 63
82 8 38
47 2 16
16 1 8
48 8 53
134 1 16
118 2 89
25 8 31
46 1 48
30 8 40
31 1 39
112 8 63
? 1 github_java_program_data/28/158.java

27 1 129
134 1 17
45 8 86
16 1 50
41 2 92
63 8 97
18 11 16
47 2 82
83 2 97
38 1 47
16 12 17
38 1 43
39 1 38
8 14 16
26 8 108
18 2 143
35 8 51
147 1 81
70 1 79
92 8 70
101 8 63
31 1 76
111 8 70
20 8 119
107 2 18
42 2 99
114 2 59
55 2 8
24 1 31
18 7 17
31 8 101
58 8 104
112 2 138
18 2 33
25 1 18
46 2 59
17 5 16
27 1 23
111 2 92
31 1 16
96 1 58
25 2 8
28 2 17
111 1 66
75 1 134
58 1 112
16 8 51
76 2 16
30 2 18
35 8 18
44 2 42
43 2 8
129 2 17
27 8 81
45 8 79
30 1 16
18 8 51
38 8 87
26 1 18
70 8 96
163 2 70
25 2 16
79 8 63
8 4 18
38 8 54
45 1 37
54 1 18
96 8 105
139 1 33
97 8 112
92 1 48
87 1 38
51 1 82
18 8 38
8 11 17
17 2 120
18 8 31
43 2 47
214 1 59
38 1 17
36 2 17
23 1 16
20 8 139
72 8 191
97 2 86
58 1 191
8 5 16
104 2 46
105 1 188
76 1 45
72 8 96
112 8 113
8 8 38
101 8 70
147 8 70
33 2 18
58 1 41
8 2 36
107 8 40
30 8 147
68 1 51
79 8 58
39 8 23
38 1 42
45 8 39
18 8 22
24 1 8
72 8 59
111 1 64
30 2 17
61 8 45
22 1 8
30 1 17
22 2 18
17 1 18
118 1 58
16 7 17
108 2 191
170 2 20
46 2 104
63 1 138
18 2 107
39 1 45
17 14 16
17 1 8
44 8 51
45 1 47
48 1 85
92 2 108
84 2 65
112 2 41
44 2 35
87 8 105
111 1 104
134 8 75
18 4 8
30 2 16
65 1 97
97 1 70
99 8 51
42 8 51
83 8 118
76 2 17
18 2 60
104 2 64
18 8 40
72 1 89
18 7 16
20 2 16
103 2 108
72 1 111
18 2 30
18 2 47
46 1 38
45 8 92
35 2 82
56 1 17
17 1 36
38 8 62
92 2 103
51 8 89
72 1 84
47 8 18
53 1 18
8 8 61
119 1 70
17 14 18
16 2 81
134 1 163
112 1 86
70 1 147
44 8 45
119 1 20
17 2 50
113 8 65
26 1 25
190 8 119
86 8 112
58 8 97
97 2 66
112 1 97
48 1 42
65 2 112
71 1 77
35 2 18
18 1 36
99 2 43
16 1 35
104 2 87
143 8 119
82 8 45
100 2 8
105 1 114
8 4 17
70 2 163
48 8 84
35 2 8
17 8 20
112 2 65
35 2 44
17 8 26
89 1 51
8 1 18
16 8 18
129 8 27
101 1 31
105 2 103
92 8 72
51 1 42
48 1 16
77 2 106
64 2 59
207 2 184
48 1 47
8 2 47
26 1 107
59 1 70
190 2 170
96 8 111
64 2 104
139 1 20
20 8 71
8 1 50
89 2 84
43 8 51
18 1 55
84 8 58
81 1 27
38 8 83
108 2 65
184 8 139
82 8 48
8 2 30
47 2 8
8 7 18
16 1 18
108 2 112
66 2 59
45 1 61
55 1 8
16 8 40
36 8 37
57 6 71
43 8 48
40 1 25
70 1 57
108 2 92
8 8 25
111 2 103
17 8 49
100 2 16
89 8 72
16 2 25
114 8 105
48 8 107
16 2 55
103 8 72
8 2 43
40 8 128
62 1 38
17 8 30
17 1 43
119 1 18
8 12 17
8 8 52
63 1 103
16 14 18
18 8 119
105 1 104
58 8 96
103 2 92
8 1 35
18 8 45
138 2 112
105 1 96
65 1 59
54 1 8
47 2 18
16 8 221
84 8 63
18 8 53
45 8 52
65 2 92
84 8 72
31 8 103
48 8 87
112 2 84
100 8 23
51 8 83
108 1 40
64 1 38
23 1 8
41 8 70
17 8 45
61 1 36
96 2 188
70 1 41
28 8 134
18 1 16
50 1 8
18 5 8
90 1 8
66 1 72
30 8 31
16 8 17
39 2 8
86 2 59
84 2 111
113 2 96
23 1 100
16 11 17
8 8 26
57 2 65
22 2 16
83 1 51
71 1 17
18 2 36
86 1 48
92 2 89
184 1 16
72 1 79
97 8 65
24 8 33
92 8 63
214 1 87
17 2 35
70 1 119
87 1 48
108 1 26
120 2 17
8 8 17
104 1 70
42 8 16
16 2 20
8 8 16
103 8 63
17 1 50
113 1 112
66 2 97
71 1 106
16 2 39
51 8 68
31 1 18
62 2 111
106 8 71
59 2 46
71 1 120
17 5 8
50 1 52
85 8 51
35 1 8
147 1 30
8 7 17
52 8 50
115 8 65
84 1 38
89 8 63
51 8 46
71 1 70
43 2 17
68 2 216
207 8 139
82 2 35
101 1 26
51 1 18
111 2 62
97 2 83
18 2 35
8 12 16
214 8 45
48 8 89
8 8 56
8 2 22
17 2 28
8 2 50
17 1 81
8 1 43
17 8 37
107 2 17
8 2 25
16 2 30
43 2 16
72 8 216
111 1 96
8 2 55
18 8 30
17 2 107
79 1 48
51 1 44
46 2 72
51 8 79
87 8 112
39 8 40
8 1 60
16 11 18
139 1 63
48 1 8
119 13 62
8 8 22
17 2 163
42 2 82
119 1 143
83 8 111
8 1 17
17 1 35
59 2 64
8 8 30
17 2 60
16 8 23
83 1 45
46 2 96
45 1 214
58 1 68
47 2 16
82 2 47
45 8 100
105 1 46
97 1 58
61 1 8
79 2 84
55 2 17
38 8 46
46 8 65
86 8 111
41 8 58
18 8 54
22 8 40
16 7 18
48 1 44
68 8 58
20 2 170
47 1 8
104 2 83
72 2 86
48 1 35
96 1 70
138 1 38
8 2 35
84 2 79
84 2 105
47 8 38
17 1 42
84 2 112
70 8 97
43 8 18
38 1 8
70 1 139
17 8 40
16 2 35
83 8 105
40 1 30
79 1 38
101 8 72
31 1 30
59 8 112
49 8 36
17 11 16
70 1 65
18 8 48
63 1 89
22 2 8
17 8 56
26 1 39
45 1 16
70 1 108
18 2 50
18 1 47
103 8 70
59 1 51
85 2 35
25 8 26
17 2 22
92 1 51
46 8 105
70 1 62
63 1 112
38 1 82
48 8 39
77 8 71
52 1 45
92 2 79
20 2 106
16 12 18
53 8 55
18 8 139
63 1 84
43 2 18
108 2 103
107 8 26
70 8 64
49 1 38
31 1 25
65 1 46
8 11 18
83 2 96
31 1 8
92 1 45
120 1 32
59 1 63
17 2 129
101 2 65
120 2 70
39 1 48
65 1 113
58 1 65
99 2 35
65 1 83
8 8 49
23 1 22
89 2 92
18 1 43
17 2 43
67 1 55
85 2 43
55 8 17
70 2 143
8 1 47
42 2 8
18 2 39
17 2 20
134 2 90
16 4 18
40 1 39
38 8 107
36 2 18
56 8 48
139 8 70
18 1 35
42 8 18
190 1 18
41 1 23
17 1 47
60 8 17
51 8 59
96 1 63
44 2 47
42 2 16
105 1 87
59 8 214
38 8 89
83 1 38
65 8 58
143 2 70
104 8 105
50 8 56
79 2 92
54 8 60
17 1 60
72 2 46
85 8 45
18 1 8
92 8 58
8 12 18
58 2 83
38 8 49
67 8 51
8 8 24
63 8 59
216 8 58
16 2 76
77 1 17
48 1 37
38 8 64
59 2 87
100 8 31
40 8 108
49 1 8
119 2 139
163 1 221
35 8 48
97 8 111
184 2 207
82 2 42
42 8 45
58 1 79
76 2 8
51 8 86
112 1 104
51 8 92
18 5 16
42 1 8
8 2 100
18 8 16
16 1 36
101 8 58
16 8 147
48 1 56
35 8 45
134 1 70
111 2 84
65 2 57
36 8 18
44 8 48
52 1 8
221 8 163
103 2 111
97 2 87
22 1 16
25 1 8
17 2 36
103 2 105
106 2 77
17 7 8
100 1 45
41 1 26
85 8 48
72 1 41
111 1 86
33 8 16
46 1 51
18 2 100
38 1 85
72 1 101
96 2 86
45 1 82
37 1 60
51 8 84
119 1 170
59 8 105
18 2 22
81 8 147
79 8 72
89 1 45
76 8 31
30 1 18
92 2 65
87 2 59
57 1 51
17 4 8
82 2 43
105 1 59
45 1 85
18 8 26
58 1 108
92 2 105
17 2 76
8 4 16
191 1 46
59 8 65
17 8 71
72 1 103
65 8 70
18 1 17
16 8 22
52 1 16
18 2 43
70 1 111
17 8 53
30 2 28
37 1 36
56 1 50
70 1 103
38 1 16
63 2 81
33 1 24
38 8 39
89 8 70
16 8 26
17 8 27
51 1 85
48 8 79
66 1 63
8 8 90
45 8 89
147 1 28
147 2 139
48 8 46
43 8 16
57 8 70
60 8 16
45 1 44
47 8 17
63 1 105
105 2 84
16 8 52
63 1 41
170 2 190
58 1 92
38 1 35
20 2 17
32 1 23
17 2 55
216 1 72
49 1 16
25 8 23
49 1 45
17 2 42
58 1 105
118 1 83
16 8 184
75 1 90
84 1 51
51 1 35
107 1 38
35 2 17
64 8 111
26 1 22
76 8 26
45 1 43
48 1 18
207 2 20
60 2 18
43 8 38
8 8 51
138 6 139
62 6 119
112 2 108
87 2 96
16 8 38
105 1 83
18 8 23
36 2 8
27 1 17
41 2 101
41 2 112
37 1 17
63 8 115
100 1 38
8 2 42
31 1 22
86 1 45
64 1 70
55 2 16
25 2 18
53 1 17
51 1 43
8 7 16
143 1 128
17 2 47
16 2 42
70 1 101
43 2 85
23 1 20
83 1 48
37 8 48
17 8 77
70 8 71
41 1 40
18 7 8
71 1 20
45 1 42
70 1 89
18 8 190
83 8 112
30 8 26
72 1 108
97 1 72
16 8 53
58 1 84
96 1 72
119 2 71
163 8 134
111 2 79
47 2 85
17 1 55
81 2 16
70 8 134
103 1 23
85 8 38
163 2 17
86 8 216
17 11 18
41 8 63
45 8 84
18 14 16
134 1 28
35 8 17
36 8 16
20 1 16
59 1 72
37 1 18
63 1 118
45 8 49
72 8 188
96 2 46
43 2 82
96 2 113
48 8 53
26 8 41
18 8 17
8 14 17
113 2 115
16 1 8
112 8 72
59 2 86
79 1 51
46 2 97
8 14 18
147 1 16
36 8 17
111 1 97
99 2 47
79 8 70
16 1 60
28 8 147
45 1 8
17 8 22
26 8 101
105 8 70
18 8 37
97 1 63
63 1 101
17 8 51
108 8 70
17 7 18
35 2 85
48 8 92
8 8 20
47 8 16
104 8 111
83 8 65
188 8 105
23 8 41
42 2 85
112 8 58
59 1 58
112 1 66
58 8 59
30 2 8
115 2 113
72 1 92
87 8 214
119 8 70
16 5 8
191 1 72
86 2 97
54 1 16
216 2 68
40 1 17
108 8 72
53 1 16
16 1 33
54 1 38
48 1 82
83 2 58
16 4 8
18 2 20
84 1 48
23 8 103
48 8 83
86 2 96
17 7 16
87 1 51
17 8 18
37 8 45
45 1 17
20 1 17
8 11 16
18 1 42
86 1 51
39 2 18
17 1 16
17 2 30
76 2 18
42 2 17
28 2 30
59 2 114
58 1 111
26 1 30
85 2 47
92 2 101
85 2 42
51 8 57
16 8 54
47 8 45
20 2 18
63 1 92
119 1 190
55 8 18
22 8 23
16 8 129
70 1 92
63 8 66
147 1 63
214 1 64
42 8 48
97 2 46
71 13 57
45 1 18
100 2 18
8 8 48
42 2 18
63 8 139
89 1 38
55 8 67
59 2 66
70 8 59
143 2 18
115 1 63
60 2 17
16 1 43
16 2 43
104 8 112
18 8 52
23 8 27
64 8 214
45 8 107
65 1 104
16 1 47
17 8 48
63 1 79
16 14 17
17 4 18
63 2 33
139 1 207
47 2 44
16 7 8
16 2 36
22 1 18
96 2 83
67 1 17
48 1 43
66 8 111
84 8 70
35 2 16
92 2 41
139 2 119
26 1 8
56 1 8
18 2 42
111 8 72
51 1 67
48 8 76
58 1 101
40 1 107
43 1 8
106 2 20
104 1 72
45 8 83
221 1 16
65 2 84
8 2 76
43 2 42
90 8 75
71 2 119
84 2 89
18 2 25
16 2 47
33 2 63
8 8 23
101 2 41
40 1 22
40 1 18
120 8 71
107 1 45
50 8 16
20 2 207
70 8 119
111 1 59
51 1 17
8 8 45
60 1 54
16 8 48
81 8 17
30 1 8
103 2 101
23 1 39
105 8 63
17 4 16
191 2 108
43 8 45
87 2 97
41 8 72
36 8 61
8 2 39
51 1 99
139 2 147
38 1 44
90 2 134
51 1 47
92 2 111
114 1 65
118 8 63
51 8 87
38 8 86
16 2 22
129 1 16
47 8 51
46 1 45
72 8 97
111 8 58
23 8 32
47 2 43
58 1 216
45 8 46
63 8 147
51 1 16
53 1 48
107 2 16
31 8 24
76 1 48
39 8 26
18 8 25
139 13 138
101 2 92
112 1 87
60 1 8
20 8 23
65 8 114
62 8 70
38 8 79
39 2 16
83 2 104
170 8 119
65 2 101
50 2 8
82 8 51
42 2 44
101 2 103
89 1 48
50 8 17
86 8 65
72 1 65
17 8 134
22 8 26
70 8 104
26 1 17
86 1 38
99 8 38
44 8 38
38 8 84
43 2 99
139 1 184
47 2 99
101 2 105
104 8 65
65 2 108
22 8 31
45 8 76
188 2 96
17 8 25
43 8 17
42 2 43
66 8 112
8 1 55
35 8 16
8 8 31
105 8 58
79 2 111
81 2 63
65 1 86
104 1 58
188 1 72
47 2 17
36 1 49
16 8 30
63 8 96
8 1 16
8 1 42
35 8 38
58 8 118
49 1 17
35 2 99
22 1 17
108 8 58
38 1 18
99 2 42
191 8 58
8 2 60
65 1 96
139 1 18
18 14 17
25 1 17
23 1 25
59 8 111
111 1 83
70 1 105
72 8 66
18 11 17
18 2 76
38 8 100
26 1 16
105 2 92
70 1 84
23 1 18
40 1 16
50 2 18
48 8 86
60 2 8
72 1 112
72 8 104
84 1 45
16 8 20
26 1 76
25 8 40
17 8 38
18 4 17
20 1 8
105 2 101
55 1 53
112 1 83
70 2 120
16 2 107
96 8 65
52 1 18
138 8 63
128 1 40
71 8 70
89 8 58
16 8 45
112 1 59
38 8 138
46 8 191
42 8 17
17 8 67
32 8 120
42 8 38
38 1 99
45 1 35
16 2 100
47 8 48
87 2 104
65 1 115
86 2 72
50 2 17
128 8 143
36 2 16
60 8 37
48 1 17
31 1 100
96 2 87
16 8 31
103 1 31
216 1 86
8 8 54
70 1 71
40 8 41
79 1 45
16 1 42
18 4 16
16 4 17
82 8 38
107 1 48
58 1 89
16 8 49
51 1 8
33 8 139
25 8 31
46 1 48
30 8 40
65 8 72
112 8 63
22 2 17
? 1 github_java_program_data/28/19.java

100 8 31
45 8 86
47 2 56
41 2 92
63 8 97
108 2 96
47 2 82
38 1 47
207 8 23
38 1 43
39 2 17
8 14 16
26 8 108
18 2 143
35 8 51
70 1 79
58 2 120
92 8 70
68 1 48
22 2 170
111 8 70
8 5 18
17 5 18
42 2 99
114 2 59
55 2 8
89 2 101
18 7 17
31 8 101
48 8 84
53 1 38
38 1 56
72 1 96
8 2 47
25 1 18
106 2 170
46 2 59
22 2 28
80 1 58
31 1 16
96 1 58
25 2 8
55 2 18
17 1 43
17 8 119
58 1 112
49 2 52
16 8 51
76 2 16
20 2 8
35 8 18
44 2 42
43 2 8
61 2 42
45 8 79
30 1 16
25 8 119
18 8 51
38 8 87
33 8 145
26 1 18
17 8 31
70 8 96
25 2 16
20 2 16
79 8 63
89 2 138
8 4 18
51 1 42
40 1 39
96 8 105
92 1 48
71 2 147
87 1 38
8 2 28
51 1 82
18 8 38
96 2 115
64 2 113
17 2 120
48 8 54
170 2 106
147 1 58
17 1 35
38 1 17
36 2 17
45 1 99
23 1 16
20 8 139
80 2 92
97 2 86
105 1 188
8 8 38
101 8 70
207 2 30
40 1 20
23 1 30
78 8 80
107 8 40
30 8 147
100 1 45
77 8 78
119 1 8
38 1 42
45 8 39
18 8 22
139 1 72
48 8 68
38 8 92
111 1 64
71 2 145
61 8 45
22 1 8
72 1 139
16 8 17
65 8 63
16 7 17
17 2 47
46 2 104
46 2 77
81 8 71
41 2 79
18 2 107
39 1 45
17 14 16
17 1 8
44 8 51
103 2 191
72 8 119
48 1 85
53 2 52
23 1 207
106 2 16
87 8 105
111 1 104
45 8 138
134 8 75
18 4 8
33 2 16
72 1 71
35 2 37
25 2 207
99 8 51
8 8 119
16 8 25
42 8 51
8 2 60
31 1 17
18 2 60
23 1 22
8 14 17
18 8 40
18 12 17
72 1 89
18 7 16
22 8 139
103 2 108
72 1 111
30 8 23
112 2 111
18 2 47
8 2 36
119 1 30
22 2 16
50 1 53
46 1 38
17 2 33
45 8 92
8 5 17
35 2 82
105 2 79
57 6 139
120 2 72
49 8 60
62 2 92
51 8 89
72 1 84
47 8 18
8 8 61
119 1 70
54 1 51
76 8 23
90 8 70
119 1 17
18 8 25
120 2 8
52 1 38
26 1 25
23 8 108
54 8 50
58 8 97
84 2 79
81 2 72
48 1 42
67 8 45
55 8 61
99 2 43
16 1 35
104 2 87
112 1 66
63 1 65
22 8 147
18 2 33
8 4 17
61 2 43
58 8 145
58 8 104
35 2 8
17 8 20
72 1 145
72 1 147
17 5 8
17 8 26
115 2 96
89 1 51
8 1 18
8 2 120
16 8 18
46 2 100
101 1 31
16 8 48
37 8 38
56 8 48
48 1 16
72 1 98
38 8 53
111 1 113
48 1 47
207 2 25
120 2 58
8 12 17
18 4 17
46 8 112
139 1 20
20 8 71
25 1 16
16 8 37
89 2 84
43 8 51
84 8 58
58 2 78
56 1 16
145 1 33
70 8 115
82 8 48
103 2 112
47 2 8
72 1 105
66 2 96
16 1 18
45 1 61
31 1 28
96 2 108
45 1 8
77 2 46
51 1 56
36 8 37
56 2 43
30 2 18
57 6 71
43 8 48
40 1 25
61 1 8
56 8 45
8 8 37
72 1 101
48 1 67
61 8 51
76 1 38
17 5 16
48 1 61
8 11 17
54 1 48
16 2 60
63 8 71
54 8 55
30 2 170
16 2 25
16 2 55
20 2 28
103 8 72
49 8 50
51 1 44
40 8 24
8 8 30
51 1 18
26 8 101
56 2 35
16 12 17
63 1 103
86 8 105
8 11 18
16 14 18
105 1 104
23 8 24
47 2 18
58 8 96
31 8 27
64 8 112
8 1 35
18 8 45
63 2 143
105 1 96
65 1 59
33 2 17
23 8 32
75 1 134
207 8 31
170 2 25
52 1 48
16 4 8
139 1 22
58 1 79
45 8 52
33 1 128
84 8 72
44 2 47
48 8 87
62 6 147
112 2 84
25 2 17
53 8 50
16 5 18
41 8 70
97 8 105
18 5 17
96 2 188
70 1 41
72 8 139
8 8 18
18 1 16
108 8 72
48 8 49
30 8 31
41 2 96
40 8 101
70 1 105
18 2 20
86 2 59
96 2 41
81 1 24
113 2 64
118 1 63
71 8 72
72 8 134
8 8 26
63 1 191
36 1 53
119 8 72
26 1 170
28 2 8
96 1 70
18 2 36
36 1 52
72 1 79
89 2 118
8 8 25
25 2 170
92 8 63
17 2 36
103 1 40
17 2 35
22 8 71
67 2 43
87 1 48
45 8 53
108 1 26
72 1 138
8 8 17
80 2 79
104 1 70
42 8 16
66 1 70
16 2 20
8 8 16
8 2 20
128 2 24
48 1 43
139 2 119
106 8 26
170 2 22
120 2 18
47 8 38
59 2 46
28 2 20
96 8 112
23 1 76
72 8 71
35 1 8
147 1 30
8 7 17
89 2 65
108 1 23
207 2 28
84 1 38
89 8 63
82 8 51
79 2 80
147 2 71
46 1 45
17 14 18
101 2 41
56 2 47
28 8 134
101 1 26
28 8 23
107 2 18
8 14 18
99 8 48
53 1 51
70 1 90
147 1 33
8 2 72
48 1 99
39 1 51
92 1 38
71 1 81
38 8 52
26 8 27
42 8 45
79 2 84
8 1 43
101 1 40
18 2 81
18 8 56
17 8 37
8 2 25
16 2 30
43 2 16
101 2 118
42 2 17
8 2 43
120 8 119
25 8 139
79 1 48
8 5 16
51 8 79
87 8 112
16 2 50
39 8 40
119 1 207
31 8 128
20 1 18
16 11 18
18 2 30
81 1 32
48 1 8
8 8 22
50 1 52
71 1 72
63 2 81
8 1 17
81 1 128
70 8 139
17 8 30
17 2 60
16 2 106
18 8 61
16 8 23
83 1 45
16 14 17
87 8 65
58 1 68
53 8 36
120 1 27
45 8 100
106 8 147
139 13 138
97 1 58
63 1 108
128 8 33
55 2 17
38 8 46
46 8 65
50 1 54
86 8 111
143 2 72
18 8 119
86 1 38
38 8 68
22 8 40
16 7 18
8 8 48
17 2 143
49 8 36
68 8 58
20 2 170
47 1 8
143 8 139
48 1 35
87 2 63
96 1 70
138 1 38
8 2 35
108 8 63
147 2 139
145 1 58
138 8 70
17 1 42
119 1 58
84 2 112
28 2 22
43 8 18
87 1 45
38 1 8
17 8 40
16 2 35
40 1 30
51 8 76
79 1 38
72 1 41
99 8 45
101 8 72
31 1 30
112 2 89
59 8 112
147 1 22
16 8 67
70 1 65
18 8 48
22 2 8
63 2 87
26 1 20
23 8 103
47 8 16
26 1 39
111 8 114
18 2 50
18 1 47
105 8 72
31 1 207
63 2 33
28 2 207
85 2 35
60 1 52
17 2 22
45 1 16
17 12 18
63 1 112
38 1 82
45 1 67
43 2 47
52 1 45
92 2 79
105 1 97
143 2 17
53 2 54
18 8 139
63 1 84
108 2 103
94 8 63
49 1 38
57 1 51
65 1 46
31 1 20
147 1 106
31 1 8
92 1 45
37 2 35
42 2 67
32 8 143
59 1 63
80 1 78
37 2 43
20 2 17
37 1 8
51 8 39
84 1 51
72 2 143
65 1 83
62 6 71
92 2 62
104 2 46
139 1 63
191 1 83
67 1 18
89 2 92
18 1 43
17 2 43
139 1 143
70 2 143
8 1 47
63 1 94
18 2 39
56 1 18
49 1 51
138 2 65
36 2 18
119 1 120
92 1 51
35 2 56
8 4 16
92 8 72
70 1 68
128 8 81
17 1 47
18 4 16
78 1 46
96 1 63
42 2 16
105 1 87
43 8 16
111 2 101
17 8 25
143 2 70
104 8 105
50 8 56
112 1 114
54 8 60
85 8 45
18 1 8
92 8 58
8 12 18
52 8 55
18 2 43
60 8 67
63 8 147
119 1 25
63 8 59
17 2 100
16 2 76
26 1 17
35 2 18
89 8 72
18 8 71
39 2 18
61 1 55
28 2 25
143 1 32
35 8 48
97 8 111
17 8 16
60 1 53
76 2 8
106 2 22
51 8 86
112 1 104
51 8 92
27 8 120
18 5 16
65 2 92
42 1 8
143 2 18
18 8 16
147 13 62
145 8 72
92 2 138
51 8 49
104 1 58
35 8 45
17 8 61
111 2 84
18 8 20
16 12 18
170 8 26
92 2 65
48 8 52
84 2 108
22 1 16
25 1 8
65 1 87
61 8 48
83 2 59
41 1 26
85 8 48
170 8 71
48 1 37
82 2 35
16 2 81
119 1 72
60 2 16
79 8 58
38 1 85
20 8 26
145 1 106
134 1 8
51 8 84
8 7 18
18 2 22
139 13 57
36 1 54
79 8 72
23 2 26
89 1 45
62 1 38
139 8 72
87 2 59
25 2 28
47 8 45
17 4 8
89 2 112
18 2 55
17 8 45
45 1 85
18 8 26
59 2 83
72 8 59
83 2 96
115 8 105
84 2 68
71 13 62
59 8 65
43 2 17
72 1 103
65 8 70
18 1 17
16 8 22
42 2 8
138 6 71
72 1 119
38 8 76
70 1 111
16 7 8
37 1 36
56 1 50
105 2 65
63 1 57
38 1 16
84 8 63
18 8 147
83 8 105
89 8 70
170 2 20
106 2 30
79 2 92
48 8 79
30 1 17
45 8 89
22 2 18
16 2 22
22 1 17
48 8 46
38 8 89
47 8 51
45 1 44
72 2 8
47 8 17
17 2 25
105 2 84
35 8 16
16 8 61
145 2 71
16 4 18
119 13 68
58 1 92
38 1 35
99 2 42
17 2 55
111 1 46
120 2 70
56 8 38
32 8 81
17 8 147
42 8 48
112 1 46
17 2 42
58 1 105
43 8 38
33 2 18
78 2 58
147 1 17
51 1 35
72 1 108
72 1 57
35 2 17
64 8 111
26 1 22
41 1 31
28 8 139
45 1 43
48 1 18
113 8 111
139 1 70
8 8 51
101 2 111
43 2 67
36 2 16
16 8 38
105 1 83
18 8 23
20 2 18
86 2 97
38 1 61
41 2 101
37 1 17
8 8 134
65 2 89
147 1 63
8 2 42
86 1 45
45 1 47
55 2 16
25 2 18
68 6 119
84 2 111
51 1 43
8 7 16
47 2 61
16 2 42
70 1 101
64 1 72
51 1 99
37 8 48
33 2 58
16 11 17
84 2 65
41 1 40
71 1 20
79 2 41
45 1 42
70 1 89
83 8 112
30 8 26
97 1 72
97 2 113
139 2 147
119 2 71
18 14 17
8 2 55
71 1 63
23 1 18
81 2 16
23 1 28
138 8 72
139 1 28
17 12 16
31 1 100
85 8 38
24 1 23
22 2 17
43 2 61
56 2 42
42 2 56
134 1 72
147 1 18
8 8 67
45 8 84
26 2 23
49 1 48
58 8 80
70 8 66
134 1 28
55 1 49
35 8 17
20 1 16
59 1 72
37 1 18
128 1 31
45 8 49
71 1 25
72 8 188
60 2 18
119 2 139
68 2 84
26 8 41
98 8 72
50 2 18
118 8 70
191 8 63
112 8 72
71 1 16
79 1 51
71 1 22
105 8 113
111 1 97
72 2 81
79 8 70
70 8 96
51 1 61
58 8 147
17 8 22
113 1 105
139 1 25
65 2 105
59 2 86
119 1 18
105 8 70
18 8 37
115 1 70
97 1 63
79 2 191
17 8 51
111 2 112
43 2 56
35 2 85
48 8 92
8 8 20
104 8 111
79 2 105
16 1 17
83 8 65
138 2 89
188 8 105
16 2 43
62 2 79
112 8 58
59 1 58
112 1 96
58 8 59
87 8 118
63 8 64
54 8 36
45 1 56
191 2 79
72 1 92
82 2 47
18 1 35
36 2 8
42 8 18
40 1 17
62 8 58
63 1 89
51 1 37
54 1 38
48 1 82
18 5 8
83 2 58
38 8 62
84 1 48
25 8 26
139 1 17
17 7 8
25 8 71
17 8 18
37 2 47
37 8 45
45 1 17
20 1 17
8 11 16
18 1 42
67 8 48
86 1 51
52 2 49
17 1 16
138 6 139
114 2 64
58 8 119
47 2 37
80 8 63
26 1 30
85 2 47
18 11 16
96 2 83
51 8 57
16 8 145
17 8 139
63 1 80
63 1 92
31 8 41
112 1 83
20 8 40
70 1 92
70 2 120
32 1 23
42 2 61
49 1 45
17 2 39
145 1 16
138 2 92
45 1 18
8 2 22
64 2 114
170 2 30
61 1 17
42 2 18
63 8 139
89 1 38
67 1 8
55 1 52
70 8 59
105 1 115
58 1 84
60 2 17
16 1 43
68 1 38
104 8 112
30 2 16
106 8 145
45 8 107
16 1 47
17 8 48
63 1 79
67 2 42
71 1 18
17 4 18
52 8 36
16 5 17
61 2 47
59 2 87
47 2 44
53 8 60
16 2 36
22 1 18
53 1 45
67 1 17
61 8 38
84 8 70
8 2 76
35 2 16
46 1 51
112 1 64
105 1 86
26 1 8
56 1 8
18 2 42
111 8 72
51 1 67
8 12 16
40 1 107
37 1 16
17 7 16
104 1 72
45 8 83
38 8 54
65 2 84
32 1 26
43 2 42
112 2 103
147 2 103
16 8 71
84 2 89
138 1 45
18 2 25
45 1 37
24 1 40
33 2 63
78 1 100
40 1 18
26 1 106
35 8 38
107 1 45
96 8 72
65 1 86
92 2 41
71 13 138
207 8 119
191 1 58
40 8 103
17 2 20
70 8 119
50 2 16
8 8 45
60 1 54
59 1 70
18 14 16
30 1 8
58 1 62
51 1 8
65 8 72
17 4 16
72 2 120
43 8 45
45 8 87
43 1 8
41 8 72
23 1 20
54 2 53
64 1 63
63 1 62
58 2 83
118 2 101
51 1 47
45 1 35
81 2 18
48 8 62
120 2 17
20 8 31
59 2 114
55 1 54
51 1 17
47 8 48
43 2 37
79 2 62
72 8 97
38 8 49
47 2 43
83 8 191
108 2 84
45 8 46
67 8 51
18 8 67
51 1 16
53 1 48
18 2 35
28 8 31
39 8 26
44 8 45
113 2 97
112 1 87
51 8 54
37 8 51
52 8 50
20 8 23
43 2 18
40 1 170
100 2 17
38 8 79
191 2 103
103 2 147
27 1 31
71 2 119
16 5 8
50 2 8
51 8 46
27 1 26
67 1 60
89 1 48
103 1 23
86 8 65
72 1 65
71 1 170
60 1 49
22 8 26
70 8 104
17 7 18
46 8 111
56 8 51
16 2 47
99 8 38
84 2 105
38 8 84
43 2 99
65 2 138
70 1 118
101 2 89
170 8 40
31 1 25
30 8 119
67 1 16
17 11 18
26 8 32
188 2 96
24 2 128
78 1 77
103 8 63
42 2 43
66 8 112
92 2 80
18 2 120
8 8 31
105 8 58
100 8 78
147 8 72
81 2 63
48 1 56
188 1 72
47 2 17
57 8 72
36 1 49
16 8 30
63 8 96
8 1 16
8 1 42
62 1 48
30 2 106
18 7 8
30 2 207
50 1 49
49 8 55
38 1 18
52 8 60
79 1 45
22 2 106
65 1 96
139 1 18
25 1 17
40 1 22
24 8 81
51 8 53
92 2 89
18 11 17
47 2 85
87 2 96
43 8 17
76 8 26
118 1 87
70 1 84
96 2 66
68 8 70
60 2 8
72 1 112
72 8 104
84 1 45
16 8 20
26 1 76
25 8 40
143 2 63
63 8 118
17 8 38
57 8 63
58 8 191
20 1 8
17 2 30
61 1 18
22 8 23
70 1 138
96 8 65
58 1 89
40 8 41
89 8 58
16 8 45
72 8 64
112 1 59
38 8 138
8 2 50
42 8 17
17 8 67
42 8 38
38 1 99
38 8 86
48 8 89
87 2 104
17 11 16
38 1 37
8 8 56
61 1 16
18 12 16
42 2 44
62 8 63
48 1 17
71 13 57
46 1 48
76 1 51
96 2 87
16 8 31
16 8 56
30 8 40
30 2 17
100 2 46
58 2 33
114 1 111
46 8 78
33 8 147
16 1 42
16 4 17
82 8 38
52 2 53
47 2 16
16 1 8
48 8 53
118 2 89
25 8 31
114 8 112
111 1 86
112 8 63
16 2 33
? 1 github_java_program_data/28/236.java

45 8 86
41 2 92
47 2 82
83 2 97
38 1 47
111 2 103
18 2 143
35 8 51
147 1 81
70 1 79
92 8 70
108 2 64
17 8 178
20 8 119
8 2 106
42 2 99
45 1 16
58 8 104
38 1 56
8 2 47
28 2 18
46 2 59
105 2 112
18 2 70
31 1 16
25 2 8
111 1 66
47 2 18
81 2 16
49 2 52
16 8 51
76 2 16
20 2 8
44 2 42
18 2 100
27 8 81
30 1 16
83 8 216
18 8 51
17 8 31
184 2 64
25 2 16
79 8 63
18 8 30
8 4 18
38 8 54
81 1 32
83 8 111
105 1 46
111 8 63
8 2 35
96 2 115
8 11 17
106 8 134
147 1 58
138 2 191
84 2 41
38 1 17
28 8 183
45 1 99
23 1 16
45 8 64
92 2 118
108 2 293
8 2 36
30 8 147
100 1 45
79 8 58
119 1 8
38 1 42
81 8 147
38 8 92
111 1 64
61 8 45
22 1 8
30 1 17
22 2 18
17 2 47
46 2 104
63 1 138
8 8 134
16 11 18
45 1 47
48 1 85
84 2 65
72 1 68
41 2 183
44 2 35
111 1 104
31 1 25
97 2 188
72 2 81
42 8 51
31 1 17
18 2 60
97 2 115
96 2 114
104 2 64
17 7 16
18 7 16
138 6 119
30 8 23
138 6 147
45 8 92
35 2 82
86 8 218
45 8 83
92 2 103
43 2 8
72 1 101
53 1 18
63 1 216
54 1 51
119 1 17
218 1 86
44 8 45
120 2 8
52 1 38
26 1 25
63 2 81
18 5 17
59 2 86
81 2 72
48 1 42
67 8 45
55 8 61
16 1 35
112 1 66
41 8 75
111 1 87
17 8 20
35 2 44
115 2 96
89 1 51
8 2 120
16 8 48
207 2 30
42 2 44
18 2 33
17 8 41
18 5 16
56 1 60
25 1 16
8 1 50
218 8 48
18 1 55
38 8 83
40 1 76
145 1 33
82 8 48
119 13 62
51 1 61
16 1 18
134 2 293
72 1 118
45 1 61
55 1 8
63 1 145
49 1 18
84 2 57
51 1 56
8 2 20
57 6 71
43 8 48
40 1 25
92 2 62
56 8 45
8 8 37
218 1 64
63 8 191
76 1 38
17 5 16
48 1 61
54 1 48
16 2 60
38 8 46
54 8 55
97 2 83
57 1 48
20 2 28
49 8 50
51 1 44
8 8 30
51 1 18
38 8 188
119 1 18
55 8 16
63 1 103
86 8 105
16 14 18
47 2 85
30 8 119
147 13 57
105 1 96
65 1 59
8 8 147
70 2 143
31 2 40
70 1 108
68 8 72
44 2 47
112 2 84
25 2 17
47 2 56
16 5 18
30 1 18
76 8 40
17 2 100
70 1 41
8 8 18
16 8 40
68 8 58
8 2 81
30 8 31
40 8 101
76 8 26
113 2 96
71 8 70
8 8 26
17 8 200
22 2 16
26 1 170
71 1 17
54 1 45
86 1 48
71 8 63
36 1 52
72 1 79
24 8 33
17 14 18
92 8 63
17 2 35
17 8 23
8 2 107
37 8 45
45 8 53
108 1 26
120 2 17
8 8 17
75 1 41
89 2 108
54 8 36
8 8 16
67 2 35
33 1 27
16 2 39
51 8 68
31 1 18
47 8 38
59 2 46
71 1 120
139 1 30
39 1 45
85 8 51
33 2 8
101 2 41
89 8 63
139 13 138
70 1 23
87 1 45
188 1 38
97 1 51
18 2 35
53 1 51
8 14 17
48 8 57
147 1 33
48 8 89
92 1 38
71 1 81
17 8 40
106 2 28
101 1 40
17 8 37
43 2 16
111 1 96
58 1 89
79 1 48
96 2 46
8 5 16
39 8 40
31 8 128
20 1 18
65 2 79
45 1 56
45 1 37
79 1 38
8 8 22
42 2 82
71 1 72
119 1 143
96 8 105
18 8 61
105 2 92
64 2 97
47 2 16
41 2 174
45 8 100
92 1 48
63 1 108
55 2 17
46 8 65
18 8 54
38 8 68
22 8 40
16 7 18
48 1 44
32 2 128
49 8 36
47 1 8
104 2 83
36 1 53
178 8 75
138 1 38
50 1 52
105 2 111
43 8 18
8 8 40
170 2 207
70 1 139
139 1 170
40 1 30
48 1 8
33 1 32
42 2 61
183 1 18
147 1 22
63 1 89
62 8 72
89 2 111
65 1 188
18 2 50
18 1 47
18 8 31
60 1 52
17 2 22
184 1 112
48 1 82
83 2 72
70 1 62
84 8 72
62 1 51
92 2 79
20 2 106
105 1 97
143 2 17
53 2 54
214 1 83
17 2 36
108 2 103
70 8 64
49 1 38
108 2 89
31 1 20
36 2 17
92 1 45
37 2 35
42 2 67
103 8 70
59 1 63
108 2 111
20 2 17
120 2 70
25 8 26
84 1 51
191 1 83
85 2 43
58 1 62
139 1 143
63 1 94
8 12 17
49 1 51
40 1 39
92 1 51
139 8 70
92 8 72
70 1 68
41 1 23
17 1 47
18 2 42
96 1 63
105 1 87
50 8 56
112 1 114
54 8 60
145 2 103
17 2 129
41 2 108
18 1 8
87 2 97
45 1 67
52 8 55
35 2 42
60 8 67
16 2 76
52 1 45
119 2 139
28 2 25
147 13 138
143 1 32
8 7 16
40 1 22
111 2 108
17 8 16
105 2 84
76 2 8
51 8 86
147 1 207
147 1 16
143 2 18
234 2 41
16 8 147
50 2 16
51 8 49
35 8 45
70 8 183
18 8 20
37 2 42
48 8 52
103 2 111
147 1 8
63 1 84
61 8 48
68 1 51
44 8 48
58 1 111
43 2 214
60 2 16
38 1 85
71 1 16
170 2 22
145 1 106
45 1 82
64 8 72
79 8 72
23 8 70
103 8 72
87 2 59
183 1 28
188 8 65
18 1 129
17 4 8
63 8 134
82 2 43
45 1 85
18 8 26
17 2 81
92 2 105
103 1 26
8 4 16
147 1 106
115 8 105
129 8 18
59 8 65
41 1 17
17 8 71
72 1 103
18 1 17
16 8 22
61 1 36
55 8 18
38 8 76
70 1 111
37 1 36
87 8 65
17 2 143
38 1 16
145 8 63
16 8 26
51 1 85
48 8 79
101 2 84
66 1 63
70 1 92
36 2 18
43 8 16
31 1 107
63 2 8
45 1 44
106 2 8
63 1 105
16 8 61
145 2 71
16 4 18
58 1 92
23 8 101
35 2 61
101 2 65
16 2 70
18 2 47
8 2 63
32 8 81
58 8 66
111 1 46
30 2 170
112 1 46
38 8 80
17 2 50
118 1 83
97 8 105
23 1 17
27 8 143
26 1 22
28 8 139
113 8 111
57 2 84
8 8 51
87 2 96
71 2 145
36 2 8
23 8 103
41 2 101
52 2 49
147 1 63
71 13 57
16 2 43
55 2 16
70 1 293
143 1 128
200 2 71
47 2 61
53 2 52
64 1 72
51 1 47
67 1 8
71 1 20
45 1 42
70 1 89
40 1 8
30 8 26
18 1 43
81 2 17
101 2 234
120 2 16
28 8 71
70 2 33
138 8 72
139 1 28
200 2 108
8 1 36
85 8 38
24 1 23
22 2 17
43 2 61
56 2 42
41 8 63
17 8 119
70 8 66
8 14 18
55 1 49
45 8 107
70 1 147
37 1 18
70 1 191
128 1 31
147 1 20
30 2 16
120 2 72
86 2 104
112 8 72
84 2 79
35 2 18
105 8 113
65 1 184
79 8 70
104 2 86
28 8 147
58 8 147
17 8 22
51 1 42
100 1 51
27 8 33
33 2 17
200 1 72
17 7 18
8 8 20
174 1 38
54 2 49
56 2 43
23 8 41
112 1 96
58 8 59
30 2 8
18 2 81
139 1 8
23 2 40
72 1 92
18 1 35
42 8 18
61 2 47
112 2 89
108 8 72
79 1 51
51 1 37
46 8 105
83 2 58
18 2 20
84 1 48
18 8 38
44 2 43
86 2 96
51 8 97
79 2 92
17 8 18
8 11 16
18 1 42
67 8 48
86 1 51
39 2 18
17 1 16
76 2 18
58 1 103
70 2 18
18 11 16
51 8 57
38 8 57
20 2 18
63 1 92
31 8 41
20 8 40
63 1 139
97 2 64
63 8 66
42 8 48
97 2 46
45 1 18
170 2 30
89 2 103
61 1 17
33 2 58
55 1 52
64 8 65
60 2 17
111 2 79
68 1 38
138 1 51
18 8 52
23 8 27
134 8 70
35 8 17
65 1 104
17 8 48
108 2 200
118 8 72
71 1 18
17 4 18
183 8 75
17 2 33
57 6 147
53 8 60
16 2 36
53 1 45
67 1 17
66 8 111
84 8 70
8 12 16
26 1 8
51 1 67
111 8 72
65 1 64
48 8 76
58 1 101
17 12 16
37 1 16
106 2 20
65 2 84
8 2 76
207 8 200
16 8 71
84 2 89
18 2 25
64 8 218
67 1 16
214 1 188
51 8 89
134 1 106
50 8 16
207 8 119
234 2 101
32 2 27
111 1 59
51 1 17
8 8 45
16 1 17
85 8 45
30 1 8
51 1 8
65 8 72
43 8 45
45 8 87
111 2 89
43 1 8
38 8 104
119 13 138
188 8 214
38 1 44
134 1 63
105 2 216
42 2 35
48 8 62
67 1 60
63 1 41
75 1 183
72 8 97
38 8 49
18 2 30
50 1 53
112 1 86
120 8 71
63 8 147
16 8 31
51 1 16
92 2 191
71 2 200
128 8 120
76 1 48
28 8 31
32 1 26
81 8 200
47 2 67
71 1 25
37 8 51
16 8 293
43 2 18
62 8 70
100 2 17
38 8 79
216 2 92
63 8 59
71 2 119
16 5 8
30 2 17
120 1 24
38 1 37
89 1 48
103 1 23
86 8 65
72 1 65
22 8 26
81 1 128
16 8 67
16 2 47
99 8 38
18 2 106
47 2 99
139 13 68
27 2 32
65 2 108
22 8 31
26 8 32
26 8 103
43 8 17
66 8 112
8 1 55
35 8 16
8 8 31
79 2 111
81 2 63
48 1 56
24 8 120
36 1 49
8 1 16
8 1 42
35 8 38
112 2 105
18 7 8
30 2 207
50 1 49
191 1 63
38 1 18
52 8 60
35 2 37
35 2 67
139 1 18
170 2 20
115 2 97
111 1 83
79 2 65
38 8 100
90 8 58
64 1 45
104 2 46
40 1 16
50 2 18
72 1 112
72 8 104
67 2 47
16 8 20
143 2 63
17 8 38
57 8 63
17 2 30
61 1 18
70 1 138
16 2 107
138 8 63
38 8 53
16 8 45
112 1 59
8 2 50
31 8 108
42 8 17
17 8 67
72 2 120
38 8 64
115 1 72
70 1 174
72 8 115
200 1 17
103 1 31
83 8 214
58 2 33
114 1 111
47 2 37
106 2 30
170 8 23
82 8 38
52 2 53
16 1 8
18 1 50
33 8 139
114 8 112
30 8 40
31 1 39
105 8 63
112 8 63
106 8 119
16 1 50
85 8 48
38 1 43
8 14 16
26 8 108
84 2 138
101 8 63
22 2 170
111 8 70
17 5 18
43 2 44
104 1 63
24 1 31
18 7 17
48 8 84
53 1 38
178 2 41
25 1 18
115 2 59
59 2 188
22 2 28
139 1 16
55 2 8
96 1 58
17 8 61
55 2 18
41 2 84
35 8 18
61 2 42
45 8 79
8 2 33
38 8 87
16 4 17
33 8 145
26 1 18
84 2 118
8 1 60
54 1 18
139 1 33
106 8 147
71 2 147
87 1 38
51 1 82
188 2 97
216 1 83
48 8 54
26 1 207
17 12 18
67 2 42
112 1 115
17 8 90
80 1 38
8 8 38
101 8 70
147 8 70
40 1 20
23 1 30
107 8 40
200 8 70
57 8 58
45 8 39
18 8 22
139 1 72
72 8 59
51 8 87
16 7 17
16 8 17
65 8 63
17 1 18
118 1 58
70 2 16
38 8 174
81 8 71
111 2 105
17 14 16
17 1 8
44 8 51
214 1 97
92 2 108
87 8 105
18 14 16
18 4 8
97 1 70
61 2 35
16 8 25
43 2 56
17 8 30
26 1 20
18 8 40
72 1 89
70 1 112
103 2 108
72 1 111
17 2 25
119 1 30
70 1 134
46 1 38
63 8 104
56 1 17
49 8 60
62 2 92
72 1 84
47 8 18
8 8 61
119 1 70
76 8 23
18 8 25
119 1 20
70 8 293
86 8 112
54 8 50
188 2 59
56 1 16
18 5 8
143 8 119
82 8 45
8 4 17
58 8 145
118 2 92
35 2 8
25 8 31
17 5 8
17 8 26
207 8 147
8 1 18
87 1 51
16 8 18
107 2 16
37 8 38
56 8 48
48 1 16
183 2 41
111 1 113
48 1 47
96 8 111
18 4 17
46 8 112
20 8 71
43 8 51
84 8 58
85 2 42
70 8 115
79 2 112
47 2 8
8 7 18
103 2 92
174 8 70
112 2 92
36 8 37
40 2 23
45 1 43
51 8 83
18 12 16
48 1 67
61 8 51
234 8 70
8 8 25
33 2 70
8 11 18
48 8 138
57 6 139
107 8 31
51 8 54
16 2 25
48 8 107
16 2 55
89 1 45
8 2 43
115 8 112
40 8 24
293 1 70
17 1 43
24 2 27
37 1 55
56 2 35
58 1 80
23 8 24
58 8 96
8 1 35
104 2 66
17 2 207
16 4 8
58 1 79
45 8 52
31 8 103
218 2 43
53 8 50
70 1 57
108 1 40
23 1 8
41 8 70
64 2 104
108 1 31
18 1 16
18 2 55
170 8 26
70 1 105
86 2 59
106 2 18
113 2 64
16 11 17
139 1 207
100 8 26
83 1 51
46 2 97
71 1 22
218 1 104
70 1 119
50 8 67
72 1 138
70 1 234
42 8 16
66 1 70
16 2 20
103 8 63
104 2 184
139 2 119
66 1 58
72 1 62
40 8 70
105 1 64
23 1 76
72 8 71
147 1 30
8 7 17
52 8 50
26 1 100
84 1 38
50 2 8
119 8 63
51 8 46
147 2 71
43 2 17
119 1 22
207 8 139
56 2 47
114 2 96
101 1 26
17 4 16
99 8 48
214 8 45
48 1 99
39 1 51
8 8 56
120 1 128
38 8 52
128 1 23
17 8 139
8 1 43
18 8 56
8 2 25
16 2 30
72 8 216
42 2 17
8 2 55
120 8 119
25 8 139
70 1 40
51 8 79
87 8 112
16 2 50
119 1 207
48 1 218
83 8 118
22 8 139
31 1 28
17 8 53
8 1 17
70 8 139
22 8 147
17 2 60
16 8 23
83 1 45
46 2 96
56 1 50
58 1 68
53 8 36
61 1 8
108 2 92
63 8 71
112 2 79
46 8 111
50 1 54
86 8 111
18 8 119
63 1 65
8 8 48
72 8 139
51 8 100
20 2 170
64 1 38
143 8 139
48 1 35
108 8 63
84 2 105
145 1 58
145 1 18
138 8 70
17 1 42
84 2 112
28 2 22
17 2 39
38 1 8
49 2 54
16 2 35
89 8 70
101 8 72
31 1 30
59 8 112
17 11 16
147 2 139
18 8 48
81 2 8
22 2 8
17 8 56
178 2 90
26 1 39
47 8 16
111 8 114
72 1 64
56 1 18
63 2 83
63 1 112
38 1 82
20 8 147
27 2 24
49 1 8
53 8 55
18 8 139
94 8 63
57 1 51
39 8 31
147 8 63
31 1 8
42 2 8
57 8 70
37 1 8
25 8 23
72 2 143
23 1 22
67 1 18
89 2 92
18 8 45
17 2 43
8 1 47
207 8 26
18 2 39
17 2 20
63 2 143
16 2 22
119 1 120
35 2 56
16 8 139
119 1 63
54 1 8
67 1 50
18 4 16
57 2 79
138 1 48
216 8 63
42 2 37
42 2 16
52 8 36
83 1 38
16 2 120
143 2 70
129 2 17
72 8 200
28 2 106
293 2 108
50 1 8
51 8 62
92 8 58
58 2 83
52 1 48
23 1 170
17 2 120
67 8 51
139 1 22
26 1 17
59 2 87
100 8 31
40 8 108
18 8 71
191 2 92
35 8 48
82 2 42
42 8 45
18 8 53
191 8 70
106 2 22
38 8 138
112 1 104
51 8 92
42 1 8
139 8 63
18 8 16
101 8 58
60 2 8
50 8 18
30 2 18
16 12 18
104 8 218
58 1 90
103 8 58
22 1 16
25 1 8
64 2 184
293 2 134
170 8 71
48 1 37
111 1 86
16 2 81
46 1 51
20 8 26
96 2 86
134 1 8
51 8 84
18 2 22
139 13 57
66 2 104
36 1 54
72 2 83
63 1 57
25 2 28
89 2 112
17 8 45
87 8 111
36 1 8
84 2 68
35 1 8
82 2 35
8 2 22
59 2 115
16 1 55
16 7 8
45 1 214
103 1 40
84 8 63
83 8 105
99 8 45
28 2 20
63 1 111
35 2 99
22 8 119
45 8 89
191 2 138
147 1 28
207 2 22
48 8 46
38 8 89
89 8 72
47 8 17
55 8 37
8 8 139
108 2 41
38 1 35
30 8 139
63 1 71
17 2 55
216 1 72
56 8 38
66 2 59
16 8 37
97 8 111
43 8 38
33 2 18
75 1 90
200 1 207
147 1 17
51 1 35
72 1 108
17 2 42
35 2 17
64 2 113
42 2 56
41 1 31
58 1 105
25 1 17
60 2 18
99 2 47
62 6 119
32 8 33
16 8 38
105 1 83
18 8 23
43 2 218
293 1 16
68 6 139
63 8 119
8 2 42
31 1 22
45 8 54
86 1 45
90 1 17
64 1 70
105 2 79
25 2 18
53 1 17
51 1 43
207 2 170
143 2 72
18 8 183
70 1 101
43 2 85
23 1 20
83 1 48
37 8 48
106 8 145
41 1 40
65 2 101
104 1 38
118 2 84
97 1 72
139 2 147
18 8 49
18 14 17
71 1 63
27 1 23
8 5 18
92 2 112
51 8 138
64 8 111
17 11 18
183 1 70
8 8 67
45 8 84
128 2 32
18 2 36
20 1 16
59 1 72
70 1 84
18 2 43
45 8 49
43 2 82
96 2 113
68 2 84
8 8 119
18 8 17
18 12 17
139 1 70
16 2 143
111 1 97
101 1 23
108 2 65
64 2 108
45 1 8
113 1 105
139 1 25
26 8 101
105 8 70
18 8 37
115 1 70
63 1 101
17 8 51
108 8 70
48 8 92
104 8 111
79 2 105
18 2 28
115 8 65
138 2 89
18 8 145
42 2 85
16 5 17
59 1 58
119 1 106
70 1 200
82 2 47
79 2 84
22 2 106
40 1 17
62 8 58
188 1 58
54 1 38
22 8 71
214 2 43
38 1 61
48 8 83
139 1 17
17 7 8
25 8 71
128 8 81
37 2 47
97 2 87
45 1 17
20 1 17
58 1 57
37 1 17
57 1 38
72 1 41
26 1 30
85 2 47
67 8 38
47 8 45
54 1 17
83 2 63
101 2 80
61 1 55
58 8 188
100 1 38
49 1 45
100 2 18
42 2 18
89 1 38
59 2 66
16 12 17
105 1 115
58 1 84
16 1 43
104 8 112
41 2 234
16 1 47
63 1 79
170 8 139
184 2 104
47 2 44
22 1 18
89 8 58
16 14 17
48 1 43
61 8 38
35 2 16
92 2 41
105 1 86
56 1 8
143 1 27
92 2 216
40 1 107
104 1 72
83 8 191
18 8 67
99 2 35
90 8 75
103 2 145
24 1 40
8 8 23
40 1 18
107 1 45
65 1 86
184 8 65
22 2 207
40 8 103
70 8 119
38 1 67
60 1 54
16 2 42
17 8 54
103 2 101
39 2 17
75 1 178
41 2 178
96 8 112
41 8 72
36 8 61
54 2 53
80 8 58
70 8 97
81 2 18
65 1 87
20 8 31
55 1 54
47 8 51
46 1 45
111 8 58
20 2 16
174 2 41
81 1 27
101 2 103
45 8 46
53 1 48
31 8 24
39 8 26
112 1 87
138 2 84
60 1 8
63 1 119
20 8 23
80 2 101
48 8 49
39 2 16
83 2 104
112 8 184
128 8 143
107 2 8
82 8 51
178 1 17
61 2 43
143 2 16
65 1 46
8 2 30
71 1 170
48 1 17
17 1 35
89 2 84
200 1 81
56 8 51
44 8 38
38 8 84
103 2 89
104 8 65
32 8 143
8 8 49
33 1 24
70 1 103
216 2 105
17 8 25
17 8 147
8 12 18
16 8 56
84 2 101
105 8 58
90 2 178
51 8 39
104 1 58
47 2 17
16 8 30
63 8 96
49 1 48
62 1 48
119 2 71
58 8 118
30 2 106
23 8 128
22 1 17
49 8 55
99 2 42
8 2 60
48 1 18
23 1 25
59 8 111
51 8 53
92 2 89
18 11 17
18 2 76
89 2 138
26 1 16
23 1 18
68 8 70
48 8 86
26 1 76
25 8 40
79 2 57
97 8 214
119 8 70
20 1 8
138 6 139
55 1 53
22 8 23
70 2 120
52 1 18
40 2 31
71 1 28
72 8 64
48 8 53
42 8 38
38 1 99
45 1 35
47 8 48
65 1 115
61 1 16
50 2 17
36 2 16
112 8 70
60 1 49
293 8 70
46 1 48
64 8 105
96 2 87
63 1 147
60 8 56
8 8 54
70 1 71
84 1 45
40 8 41
79 1 45
33 8 147
16 1 42
207 2 17
107 1 48
8 5 17
31 1 100
60 1 53
? 1 github_java_program_data/28/288.java

27 1 129
25 2 106
47 2 82
83 2 97
38 1 47
207 8 23
18 2 143
35 8 51
70 1 79
92 8 70
32 1 31
108 2 64
45 8 138
77 2 28
20 8 119
170 8 25
58 8 104
38 1 56
8 2 47
46 2 59
30 8 71
18 2 70
31 1 16
120 8 145
25 2 8
111 1 66
47 2 18
49 2 52
16 8 51
76 2 16
20 2 8
188 8 112
18 2 100
27 8 81
30 1 16
18 8 51
62 2 65
17 8 31
70 8 96
25 2 16
79 8 63
18 8 30
120 2 17
38 8 54
45 1 37
96 8 105
105 1 46
8 2 35
8 11 17
128 1 40
147 1 58
43 2 47
38 1 17
36 2 17
45 1 99
23 1 16
65 1 113
62 6 71
97 2 86
58 1 191
105 1 188
72 8 118
33 2 18
23 1 106
8 2 36
30 8 147
147 13 68
100 1 45
291 1 207
79 8 58
119 1 8
38 1 42
48 8 68
38 8 92
58 1 138
61 8 45
22 1 8
30 1 17
22 2 18
18 8 207
17 2 47
46 2 104
41 2 79
45 1 47
48 1 85
23 1 207
72 1 68
81 8 119
111 1 104
33 2 16
97 2 188
72 2 81
42 8 51
183 1 106
31 1 17
18 2 60
97 2 115
97 2 64
104 2 64
17 7 16
138 6 119
30 8 23
112 1 86
18 8 24
35 2 82
105 2 79
17 1 36
45 8 83
43 2 8
72 1 101
23 1 107
54 1 51
119 1 17
44 8 45
120 2 8
113 8 65
52 1 38
26 1 25
190 8 119
18 5 17
58 8 134
112 1 97
81 2 72
48 1 42
65 2 112
67 8 45
16 1 35
65 1 97
33 8 119
120 8 139
134 2 103
17 8 20
89 1 51
8 2 120
129 8 27
105 2 103
92 8 72
207 2 30
42 2 44
207 2 25
18 2 163
18 5 16
25 1 16
16 8 37
53 8 36
56 1 16
108 2 65
51 1 61
72 1 105
40 1 170
45 1 61
42 2 17
16 8 40
51 1 56
8 2 20
188 1 51
43 8 48
40 1 25
63 1 108
41 1 31
56 8 45
8 8 37
81 1 24
16 2 22
48 1 61
54 1 48
16 2 60
100 2 16
54 8 55
97 2 83
207 8 145
20 2 28
49 8 50
51 1 44
25 8 147
8 8 30
51 1 18
55 8 16
63 1 103
16 14 18
70 8 147
105 1 104
104 2 115
65 2 103
18 8 45
106 2 17
105 1 96
65 1 59
8 8 147
70 2 143
84 2 105
70 1 108
139 1 22
44 2 47
48 8 87
25 2 17
47 2 56
16 5 18
30 1 18
17 8 45
17 2 100
70 1 41
8 8 18
51 8 100
64 8 63
8 2 81
30 8 31
165 8 72
40 8 101
76 8 26
113 2 96
44 2 42
71 8 70
8 8 26
22 2 16
71 1 17
54 1 45
86 1 48
170 8 20
36 1 52
72 1 79
96 1 70
24 8 33
92 8 63
17 2 35
17 8 23
8 2 107
97 2 87
45 8 53
108 1 26
83 8 65
8 8 17
58 1 118
8 8 16
67 2 35
48 1 43
66 2 97
23 8 41
31 1 18
138 8 70
59 2 46
139 1 30
17 1 42
85 8 51
33 2 8
20 8 31
89 8 63
216 1 87
17 8 190
17 14 18
8 8 40
18 2 35
53 1 51
18 8 134
48 8 57
147 1 33
48 8 89
92 1 38
24 1 18
49 2 54
17 1 81
101 1 40
17 8 37
43 2 16
17 2 107
79 1 48
119 1 106
8 5 16
8 4 18
170 8 40
39 8 40
31 8 128
20 1 18
16 11 18
16 2 129
81 1 32
48 1 8
8 8 22
71 1 72
106 2 25
214 1 96
18 8 61
178 2 186
101 1 31
64 2 97
191 2 65
89 2 84
101 2 165
45 8 100
92 1 48
207 2 8
55 2 17
46 8 65
106 8 31
38 8 68
22 8 40
16 7 18
48 1 44
32 2 128
147 1 22
47 1 8
104 2 83
36 1 53
87 2 63
178 8 75
138 2 174
70 1 65
83 2 59
50 1 52
119 1 58
207 1 18
43 8 18
87 1 45
70 1 139
26 8 27
40 1 30
79 1 38
33 1 32
42 2 61
186 8 75
105 2 84
183 1 18
49 8 36
63 2 87
63 1 89
62 8 72
89 2 111
26 1 20
18 2 50
18 1 47
105 8 72
27 1 16
63 2 33
103 2 112
60 1 52
17 2 22
47 8 16
58 1 147
70 1 62
16 1 18
77 8 71
84 8 72
92 2 79
20 2 106
105 1 97
16 12 18
75 1 186
53 2 54
17 2 36
108 2 103
63 1 80
70 8 64
49 1 38
31 1 20
83 2 96
72 1 165
103 8 70
59 1 63
80 2 41
20 1 170
37 2 43
191 1 86
120 2 70
39 1 48
84 1 51
65 1 83
105 2 118
85 2 43
139 1 143
68 8 63
8 12 17
49 1 51
138 2 65
40 1 39
92 1 51
139 8 70
18 1 35
42 8 18
16 1 33
41 1 23
17 1 47
18 2 42
96 1 63
104 8 105
54 8 60
186 1 28
18 1 8
87 2 97
20 8 147
52 8 55
8 11 16
35 2 42
38 8 49
65 1 66
16 2 76
222 2 101
115 8 65
134 1 58
28 2 25
147 13 138
143 1 32
8 7 16
40 1 22
17 8 16
47 2 43
76 2 8
51 8 86
27 8 120
147 1 207
147 1 16
16 8 147
51 8 49
35 8 45
70 8 183
18 8 20
119 1 81
57 1 38
147 1 70
48 8 52
96 1 48
51 8 188
147 1 8
63 1 84
103 2 105
61 8 48
222 1 106
85 8 48
119 1 72
60 2 16
174 2 165
99 2 43
170 2 22
45 1 82
8 7 18
119 2 183
71 1 143
79 8 72
103 8 72
68 6 71
17 4 8
18 2 55
45 1 85
18 8 26
17 2 81
59 2 83
103 1 26
8 4 16
59 8 65
43 2 17
72 1 103
28 8 23
18 1 17
16 8 22
92 1 45
70 1 111
58 1 64
87 8 65
41 8 58
38 1 16
291 8 186
38 8 39
58 1 71
16 8 26
51 1 85
48 8 79
66 1 63
70 1 92
82 2 43
107 2 17
43 8 16
31 1 107
92 2 165
68 2 79
45 1 44
63 1 105
16 8 61
145 2 71
16 4 18
8 2 143
23 8 101
35 2 61
20 2 17
18 2 47
174 2 138
32 8 81
58 8 66
111 1 46
28 8 186
30 2 170
70 1 183
17 2 42
17 2 50
23 1 17
105 2 80
72 2 143
27 8 143
26 1 22
28 8 139
207 2 20
17 14 16
8 8 51
28 2 77
43 2 67
87 2 96
48 8 80
71 2 145
36 2 8
38 1 61
41 2 101
41 2 112
119 8 58
63 8 115
147 1 63
16 2 43
72 8 119
55 2 16
143 1 128
47 2 61
51 1 47
67 1 8
253 8 58
71 1 20
79 2 41
45 1 42
70 1 89
40 1 8
30 8 26
51 8 52
79 2 92
81 2 17
81 2 16
70 2 33
139 1 28
17 12 16
85 8 38
24 1 23
22 2 17
56 2 42
41 8 63
17 8 119
70 8 66
8 14 18
55 1 49
45 8 107
70 1 147
37 1 18
128 1 31
145 2 41
147 1 20
30 2 16
70 2 291
120 2 72
16 1 47
112 8 72
84 2 79
35 2 18
64 1 45
186 2 178
56 1 60
79 8 70
28 8 147
58 8 147
17 8 22
100 1 51
66 2 59
33 2 17
97 1 63
17 7 18
35 2 85
8 8 20
54 2 49
56 2 43
188 8 105
80 8 58
63 8 216
58 8 59
30 2 8
18 2 81
183 2 71
72 1 92
87 8 214
25 8 23
191 1 72
108 8 72
79 1 51
51 1 37
46 8 105
25 1 170
18 2 20
84 1 48
18 8 38
44 2 43
72 1 89
87 1 51
17 8 18
47 2 35
18 1 42
67 8 48
86 1 51
39 2 18
17 1 16
76 2 18
58 8 119
58 1 103
18 4 16
22 1 18
72 1 111
24 1 163
18 11 16
96 2 83
20 2 18
63 1 92
45 8 57
31 8 41
20 8 40
8 8 200
63 8 66
48 1 37
42 8 48
97 2 46
45 1 18
165 1 38
170 2 30
61 1 17
200 2 101
17 8 77
55 1 52
115 1 63
63 1 165
28 8 71
68 1 38
138 1 51
134 8 70
35 8 17
64 1 51
17 8 48
71 1 18
17 4 18
143 8 71
139 1 8
61 2 47
170 2 18
53 8 60
16 2 36
186 1 17
53 1 45
67 1 17
66 8 111
17 2 170
84 8 70
8 2 76
8 12 16
112 1 64
26 1 8
51 8 174
18 2 58
111 8 72
84 2 89
48 8 76
58 1 101
43 1 8
106 2 20
27 1 40
38 8 62
200 1 58
112 2 103
134 2 119
71 2 119
120 1 24
18 2 25
67 1 16
214 1 188
190 2 106
51 8 89
18 7 8
111 8 113
207 8 119
118 1 86
32 2 27
8 8 45
111 1 115
16 1 17
85 8 45
30 1 8
51 1 8
65 8 72
43 8 45
45 8 87
111 2 89
37 1 16
64 8 58
64 1 63
119 13 138
188 8 214
38 1 44
62 6 139
42 2 35
48 8 62
129 1 16
72 1 57
63 1 41
72 8 97
18 2 30
50 1 53
254 8 63
67 8 51
51 1 16
63 1 174
76 1 48
147 2 103
99 2 35
81 8 200
47 2 67
51 8 54
37 8 51
43 2 18
62 8 70
100 2 17
170 2 17
31 8 32
163 8 24
143 2 58
16 5 8
66 8 65
38 1 37
89 1 48
103 1 23
72 1 65
22 8 26
81 1 128
26 1 17
86 1 38
24 1 40
99 8 38
18 2 106
58 1 200
47 2 99
139 13 68
27 2 32
8 8 23
65 2 108
26 8 32
26 8 103
26 1 28
17 8 222
207 8 40
66 8 112
35 8 16
18 8 71
79 2 68
81 2 63
48 1 56
24 8 120
51 8 64
36 1 49
170 8 31
38 8 253
35 2 99
70 1 145
16 2 33
38 1 18
52 8 60
17 5 8
35 2 67
38 8 57
71 2 183
25 1 17
101 2 111
24 8 81
163 1 8
139 2 200
115 2 113
70 1 84
104 2 46
40 1 16
50 2 18
72 1 112
72 8 104
67 2 47
16 8 20
143 2 63
28 8 26
63 1 254
22 2 106
128 8 33
17 2 30
61 1 18
71 8 58
70 1 138
46 1 48
96 8 65
40 1 106
89 8 58
16 8 45
112 1 59
119 1 16
8 2 50
31 8 108
38 8 254
42 8 17
17 8 67
16 2 100
68 6 147
72 2 120
86 2 72
38 8 64
115 1 72
72 8 115
17 8 38
72 2 33
16 8 56
112 1 188
81 2 70
58 2 33
200 1 8
103 2 101
52 2 53
145 1 8
16 1 8
108 8 58
139 1 70
207 8 200
30 8 40
31 1 39
105 8 63
112 8 63
106 8 119
63 8 97
38 1 43
39 1 38
8 14 16
26 8 108
68 1 48
22 2 170
111 8 70
17 5 18
101 8 58
104 1 63
18 7 17
31 8 101
48 8 84
53 1 38
25 1 18
57 1 45
8 8 145
22 2 28
17 5 16
55 2 8
96 1 58
17 8 61
28 2 17
55 2 18
101 2 65
96 2 188
35 8 18
58 2 81
61 2 42
45 8 79
8 2 33
38 8 87
207 8 291
16 8 48
37 1 50
103 2 65
56 8 48
42 2 82
97 8 112
106 8 147
71 2 147
87 1 38
51 1 82
188 2 97
48 8 54
17 12 18
18 7 16
71 1 30
80 1 38
8 8 38
101 8 70
37 2 42
147 8 70
58 1 41
40 1 20
23 1 30
50 2 16
8 8 71
45 8 92
18 8 22
139 1 72
72 8 59
51 8 87
16 7 17
16 8 17
65 8 63
81 8 71
63 1 64
80 2 105
17 1 8
44 8 51
53 2 52
18 14 16
18 4 8
25 2 207
97 1 70
99 8 51
61 2 35
16 8 25
115 8 111
43 2 56
165 2 174
17 8 30
103 2 64
18 8 40
44 8 48
70 1 112
103 2 108
8 8 163
17 2 25
119 1 30
106 8 23
63 8 104
72 2 86
49 8 60
72 1 84
47 8 18
8 8 61
119 1 70
31 1 170
33 8 16
101 2 222
76 8 23
17 2 28
18 8 25
119 1 20
20 2 207
86 8 112
54 8 50
97 2 66
71 1 77
38 8 83
38 1 85
104 2 87
82 8 45
216 2 112
18 2 33
8 4 17
58 8 145
119 1 33
139 1 207
35 2 8
25 8 31
112 2 65
17 8 26
207 8 147
8 1 18
16 8 18
200 2 139
37 8 38
51 1 42
48 1 16
48 1 47
64 2 103
18 4 17
20 8 71
43 8 51
84 8 58
70 8 115
47 2 8
174 8 70
143 2 8
45 1 43
51 8 83
36 8 17
18 12 16
48 1 67
61 8 51
8 8 25
33 2 70
8 11 18
48 8 138
57 6 139
107 8 31
71 1 25
16 2 25
48 8 107
16 2 55
89 1 45
8 2 43
40 8 24
71 1 33
18 8 178
17 1 43
37 1 55
56 2 35
58 1 80
23 8 24
174 1 45
58 8 96
64 8 112
8 1 35
70 8 186
222 1 17
81 2 58
52 1 48
16 4 8
58 1 79
45 8 52
53 8 50
70 1 57
23 1 8
41 8 70
64 2 104
138 6 71
129 2 16
108 1 31
18 1 16
18 5 8
38 8 79
214 1 87
39 2 8
86 2 59
106 2 18
108 2 105
16 11 17
58 2 120
100 8 26
83 1 51
46 2 97
71 1 22
97 8 65
70 1 119
67 2 43
87 1 48
118 1 72
50 8 67
85 2 42
42 8 16
66 1 70
16 2 20
50 8 37
139 2 119
71 1 106
72 1 62
106 8 71
105 1 64
183 8 70
23 1 76
72 8 71
38 8 86
147 1 30
8 7 17
52 8 50
26 1 100
84 1 38
50 2 8
51 8 46
71 1 70
17 8 71
119 1 22
27 1 26
70 2 18
207 8 139
56 2 47
174 8 63
186 1 291
112 2 216
99 8 48
48 1 99
39 1 51
65 1 115
57 1 48
38 8 52
128 1 23
8 1 43
18 8 56
8 2 25
16 2 30
8 2 55
120 8 119
51 8 79
87 8 112
16 2 50
120 2 58
119 1 207
22 8 139
138 6 147
16 7 8
8 1 17
70 8 139
22 8 147
16 8 23
83 1 45
46 2 96
58 1 68
66 1 58
120 1 27
63 8 222
214 8 38
106 2 190
61 1 8
63 8 71
46 8 111
50 1 54
86 8 111
63 1 57
63 1 65
8 8 48
72 8 139
145 1 120
165 8 63
64 1 38
143 8 139
48 1 35
108 8 63
52 2 49
145 1 58
47 8 38
33 1 24
28 2 22
81 8 17
38 1 8
17 8 40
16 2 35
51 8 76
89 8 70
101 8 72
31 1 30
59 8 112
17 11 16
147 2 139
18 8 48
81 2 8
22 2 8
26 1 39
23 8 103
45 1 16
222 1 81
85 2 35
56 1 18
63 1 112
51 1 67
45 1 67
48 8 39
113 1 111
52 1 45
58 2 143
53 8 55
52 1 51
35 8 38
31 1 25
39 8 31
147 1 106
31 1 8
42 2 8
119 2 134
32 8 143
57 8 70
70 1 216
37 1 8
51 8 39
58 1 65
139 1 120
174 1 51
23 1 22
67 1 18
89 2 92
18 1 43
17 2 43
105 2 108
8 1 47
18 2 39
17 2 20
63 2 143
190 1 17
36 2 18
119 1 120
35 2 56
16 8 139
207 2 22
101 2 200
67 1 50
28 2 30
291 2 17
138 1 48
42 2 37
42 2 16
52 8 36
83 1 38
17 8 25
143 2 70
43 8 17
71 1 8
58 8 200
92 8 58
17 2 120
63 8 147
183 2 119
17 2 33
178 1 18
63 8 59
16 8 67
100 8 31
8 8 31
291 2 70
58 1 253
35 8 48
134 1 170
82 2 42
42 8 45
84 1 45
58 8 71
45 8 174
186 1 70
112 1 104
51 8 92
42 1 8
18 8 16
43 2 44
8 5 17
60 2 8
139 1 16
30 2 18
165 2 92
118 2 105
103 8 58
47 2 17
22 1 16
25 1 8
170 8 71
70 1 134
111 1 86
16 2 81
46 1 51
20 8 26
139 13 62
51 8 84
119 1 170
18 2 22
139 13 57
36 1 54
58 1 92
62 1 38
25 2 28
33 1 128
97 8 105
112 2 41
58 1 108
8 1 42
35 1 8
82 2 35
65 8 70
147 8 58
8 2 22
77 1 17
16 1 55
30 2 28
103 1 40
63 2 81
84 8 63
18 8 147
83 8 105
99 8 45
16 8 27
118 8 58
28 2 20
30 2 207
22 8 119
45 8 89
147 1 28
50 1 49
48 8 46
31 1 106
47 8 51
38 8 165
89 8 72
47 8 17
86 8 118
55 8 37
8 8 139
18 8 31
108 2 41
38 1 35
30 8 139
17 2 55
72 8 191
56 8 38
97 8 111
43 8 38
70 2 81
18 2 76
49 1 16
41 2 108
200 1 207
40 1 207
51 1 35
72 1 108
38 8 80
35 2 17
42 2 56
70 1 105
58 1 105
71 13 62
43 2 82
99 2 47
106 8 183
32 8 33
16 8 38
105 1 83
54 8 36
71 1 58
115 2 97
68 6 139
8 2 42
92 2 57
45 8 54
64 1 70
92 2 89
51 1 43
143 2 72
16 2 42
70 1 101
43 2 85
23 1 20
83 1 48
37 8 48
70 8 71
41 1 40
65 2 101
17 2 106
40 8 128
170 8 134
103 8 63
139 2 147
119 2 71
18 14 17
80 1 48
23 1 18
23 1 28
51 8 138
17 11 18
183 1 70
8 8 67
58 1 89
45 8 84
18 2 170
63 1 68
128 2 32
18 2 36
20 1 16
59 1 72
18 2 43
45 8 49
216 2 92
8 2 207
96 2 113
8 8 119
18 12 17
8 14 17
60 2 18
106 8 40
16 2 143
61 1 36
111 1 97
101 1 23
115 2 104
64 2 108
45 1 8
59 2 86
26 1 18
105 8 70
18 8 37
35 2 47
115 1 70
17 8 51
108 8 70
48 8 92
104 8 111
79 2 105
33 2 58
42 2 85
16 5 17
59 1 58
112 1 66
63 8 64
18 8 23
253 1 38
45 1 56
216 1 63
82 2 47
79 2 84
86 2 97
57 8 63
40 1 17
62 8 58
188 1 58
54 1 38
22 8 71
70 1 222
25 8 26
48 8 83
17 7 8
25 8 71
128 8 81
37 2 47
37 8 45
45 1 17
20 1 17
65 2 138
37 1 17
139 8 58
101 2 79
188 1 70
48 8 96
58 1 111
26 1 30
96 8 214
33 8 71
67 8 38
47 8 45
119 1 190
41 2 145
16 8 129
138 8 58
113 2 115
58 8 188
49 1 45
100 2 18
42 2 18
63 8 139
59 2 66
16 12 17
17 8 186
58 1 84
16 1 43
111 2 101
104 8 112
145 8 70
57 2 92
80 8 63
63 1 79
76 1 45
16 14 17
38 1 214
58 1 139
47 2 44
68 8 58
38 8 53
57 6 119
79 2 101
61 8 38
35 2 16
56 1 8
143 1 27
92 2 216
104 1 72
18 8 67
32 1 26
138 1 45
16 2 47
33 2 63
147 1 25
107 8 23
65 2 191
70 8 188
40 1 18
107 1 45
71 13 138
139 1 63
22 2 207
40 8 103
70 8 119
38 1 67
17 2 291
60 1 54
147 1 143
70 1 174
58 1 62
71 13 68
17 4 16
222 8 70
75 1 178
103 2 134
8 2 39
54 2 53
51 1 99
70 8 97
81 2 18
65 1 87
101 2 41
55 1 54
51 1 17
47 8 48
43 2 37
71 1 81
111 8 58
20 2 16
81 1 27
101 2 103
87 8 216
45 8 46
39 8 26
96 2 46
112 1 87
200 8 58
165 2 101
145 1 207
20 8 23
48 8 49
83 2 104
170 8 119
128 8 143
41 2 80
107 2 8
82 8 51
36 2 16
18 8 183
143 2 16
119 2 139
8 2 30
71 1 170
48 1 17
65 1 46
17 1 35
119 13 57
56 8 51
134 1 18
44 8 38
38 8 84
147 2 71
76 1 51
163 2 18
81 8 222
47 2 37
30 8 119
45 8 64
106 8 222
45 8 76
68 8 72
70 1 103
188 2 96
65 8 58
97 1 72
8 12 18
105 8 58
106 2 22
104 1 58
33 2 72
65 2 62
57 8 72
222 1 63
16 8 30
63 8 96
49 1 48
62 1 48
23 8 128
22 1 17
49 8 55
191 8 58
8 2 60
65 1 96
48 1 18
23 1 25
51 8 53
25 2 18
18 11 17
71 1 63
26 1 16
147 1 18
48 8 86
26 1 76
25 8 40
119 8 70
216 8 70
8 5 18
107 1 48
20 1 8
55 1 53
22 8 23
70 2 120
143 2 18
16 8 119
71 1 28
86 8 191
16 8 49
42 8 38
38 1 99
143 8 147
45 1 35
46 1 45
58 2 18
87 2 104
36 8 61
61 1 16
50 2 17
58 1 119
254 1 38
112 8 70
60 1 49
200 1 81
43 2 99
64 8 105
96 2 87
16 8 31
60 8 56
30 2 17
70 1 71
40 8 41
79 1 45
33 8 147
16 1 42
16 4 17
103 2 147
47 2 16
8 8 56
40 8 27
31 1 100
60 1 53
? 1 github_java_program_data/28/327.java

106 8 119
106 2 16
128 2 32
62 2 108
43 2 61
47 2 56
25 2 106
16 2 120
63 8 97
139 1 18
47 2 82
38 1 47
16 12 17
38 1 43
39 1 38
26 8 108
18 2 143
76 1 45
147 1 81
101 1 40
68 1 48
31 1 76
111 8 70
41 2 178
20 8 119
43 2 44
107 2 18
42 2 99
100 8 40
106 2 170
24 1 26
17 11 18
58 8 104
53 1 38
104 2 188
178 2 41
38 1 56
8 2 47
25 1 18
67 2 42
46 2 59
139 1 16
27 1 23
31 1 16
96 1 58
25 2 8
55 2 18
75 1 134
58 1 112
49 2 52
16 8 51
76 2 16
20 2 8
35 8 18
43 2 16
43 2 8
58 2 81
18 2 100
27 8 81
41 2 111
30 1 16
63 1 68
18 8 51
38 8 87
33 8 145
16 8 48
17 8 31
70 8 96
25 2 16
20 2 16
8 4 18
38 8 54
45 1 37
96 8 105
38 1 44
106 8 147
71 2 147
87 1 38
8 2 28
8 2 35
64 2 113
119 8 72
51 8 52
170 2 106
147 1 58
38 1 17
54 2 52
36 2 17
23 1 16
20 8 139
112 1 115
97 2 86
38 8 138
114 8 65
35 8 51
8 2 33
178 8 75
63 2 127
8 8 38
101 8 70
58 1 41
8 2 36
23 1 30
107 8 40
68 1 51
79 8 58
39 8 23
38 1 42
81 8 147
18 8 22
139 1 72
48 8 68
72 8 59
111 1 64
30 2 17
61 8 45
22 1 8
101 2 138
72 1 139
16 8 17
22 2 18
64 1 58
17 2 47
46 2 104
63 1 138
200 2 145
18 2 107
39 1 45
17 1 8
72 1 57
72 8 119
22 2 170
53 2 52
101 2 41
72 1 68
120 2 127
127 8 71
70 1 253
45 8 138
145 2 41
33 2 16
72 1 71
99 8 51
61 2 35
16 8 25
115 8 111
42 8 51
8 2 60
31 1 17
18 2 60
71 2 200
18 8 40
25 8 26
33 2 72
23 8 32
63 2 33
30 8 23
18 2 30
18 2 47
119 1 30
35 2 8
46 1 38
25 2 28
16 2 36
8 5 17
8 12 16
56 1 17
45 8 83
120 2 223
120 8 71
59 1 70
145 2 200
8 8 61
119 1 70
23 1 107
54 1 51
134 1 163
71 1 223
18 8 25
119 1 20
17 2 50
52 1 38
26 1 25
71 8 72
63 2 81
111 2 138
54 8 50
127 2 120
58 8 97
16 2 143
48 1 42
67 8 45
55 8 61
16 1 35
104 2 87
143 8 119
65 1 97
100 2 8
18 2 33
8 4 17
41 8 75
72 8 115
170 2 22
49 8 223
25 8 31
72 1 145
72 1 147
35 2 44
17 8 26
18 4 8
8 1 18
16 8 18
128 1 26
26 1 18
37 8 38
51 1 42
48 1 16
72 2 223
16 2 163
105 1 66
111 1 113
48 1 47
81 2 58
119 13 68
46 8 112
139 1 20
20 8 71
25 1 16
16 8 37
43 8 51
103 2 57
56 1 16
145 1 33
119 1 170
8 2 30
51 1 61
47 2 8
72 1 105
66 2 96
16 1 18
108 2 112
45 1 61
42 2 17
8 11 16
58 8 147
16 8 40
51 1 56
36 8 37
66 2 104
30 2 18
57 6 71
43 8 48
40 1 25
51 8 83
41 1 31
56 8 45
8 8 37
72 1 101
48 1 67
61 8 51
8 8 25
17 5 16
48 1 61
18 2 50
48 8 138
54 1 48
16 2 60
107 8 31
71 1 25
54 8 55
16 2 25
207 8 145
16 2 55
20 2 28
55 2 8
49 8 50
51 1 44
40 8 24
62 1 38
8 8 30
17 1 43
24 2 27
119 1 18
56 2 35
139 8 72
63 1 103
86 8 105
8 11 18
18 8 119
30 1 17
65 2 103
58 8 96
31 8 27
8 1 35
18 8 45
32 1 40
105 1 96
65 1 59
8 8 147
47 2 18
100 2 16
170 2 25
52 1 48
16 4 8
68 8 72
101 8 63
17 12 18
58 1 79
45 8 52
26 8 24
31 8 103
200 8 72
26 1 17
53 8 50
70 1 57
108 1 40
16 5 18
23 1 8
30 1 18
17 8 45
18 5 17
96 2 188
70 1 41
72 8 139
108 1 31
18 1 16
108 8 72
90 1 8
8 2 81
48 8 49
30 8 31
62 6 119
40 8 101
39 2 16
76 8 26
51 8 107
115 2 184
81 1 24
113 2 64
18 8 26
27 1 31
72 8 134
139 1 207
57 2 65
100 8 26
48 1 35
83 1 51
28 2 8
71 1 17
54 1 45
86 1 48
36 1 52
63 2 120
71 1 22
96 1 70
97 8 65
24 8 33
111 2 41
17 2 36
62 6 147
17 2 35
17 8 23
22 8 71
67 2 43
37 8 45
45 8 53
108 1 26
120 2 17
8 8 17
75 1 41
104 1 70
42 8 16
66 1 70
16 2 20
8 8 16
67 2 35
8 2 20
62 1 45
48 1 43
139 2 119
71 1 106
16 2 39
207 8 163
31 1 18
72 1 62
106 8 71
47 8 38
59 2 46
71 1 120
139 1 30
17 1 42
85 8 51
72 8 71
33 2 8
35 1 8
17 2 25
76 1 38
25 2 17
52 8 50
65 8 114
207 2 28
50 2 8
51 8 46
147 2 71
51 1 8
207 8 139
56 2 47
28 8 134
101 1 26
51 1 18
63 8 71
170 2 207
16 2 42
8 14 18
99 8 48
53 1 51
48 8 57
184 1 105
48 1 99
39 1 51
8 8 56
96 2 83
48 8 107
120 1 128
38 8 52
128 1 23
49 2 54
8 1 43
32 1 31
18 8 56
17 8 37
65 8 58
41 2 134
107 2 17
8 2 25
16 2 30
188 8 112
8 2 55
18 8 30
38 8 76
25 8 139
134 8 75
119 1 106
8 5 16
87 8 112
16 2 50
39 8 40
119 1 207
20 1 18
51 8 76
138 2 101
114 2 97
81 1 32
50 2 17
79 1 38
119 13 62
8 8 22
138 6 147
71 1 72
184 2 59
119 1 143
106 2 25
83 8 111
8 1 17
70 8 104
59 2 64
22 8 147
17 2 60
16 2 106
18 8 61
16 8 23
83 1 45
87 8 65
53 8 36
120 1 27
45 8 100
105 1 46
97 1 58
61 1 8
128 8 33
55 2 17
38 8 46
46 8 65
50 1 54
86 8 111
143 2 72
63 1 57
56 8 51
22 8 40
38 1 16
32 2 128
49 8 36
20 2 170
47 1 8
36 1 53
20 8 31
138 1 38
207 8 71
52 2 49
145 1 58
138 8 70
50 1 52
139 13 138
43 8 18
8 8 40
38 1 8
17 8 40
16 2 35
38 8 39
40 1 30
65 1 188
48 1 8
33 1 32
101 8 72
31 1 30
147 1 22
16 8 67
70 1 65
18 8 48
81 2 8
22 2 8
62 8 72
178 2 90
26 1 39
59 2 113
45 1 16
26 1 20
188 1 58
18 1 47
105 8 72
16 11 18
85 2 35
56 1 18
17 2 22
47 8 16
70 1 62
63 1 112
38 1 82
45 1 67
111 1 184
184 2 115
27 2 24
52 1 45
51 1 67
57 2 103
20 2 106
16 12 18
53 8 55
53 2 54
52 1 51
65 1 87
43 2 18
108 2 103
45 8 254
101 2 62
41 1 8
49 1 38
57 1 51
31 1 20
147 1 106
31 1 8
58 1 65
120 1 32
111 8 63
42 2 67
103 8 70
57 8 70
20 2 17
37 1 8
25 8 23
72 2 143
17 2 76
108 2 62
65 1 83
104 2 46
23 1 22
67 1 18
223 1 49
63 8 200
139 1 33
68 2 103
147 1 25
44 2 43
8 1 47
18 2 39
60 1 52
49 1 51
104 2 66
16 4 18
40 1 39
59 2 184
38 8 107
16 2 22
56 8 48
207 1 17
25 8 71
16 8 139
18 1 35
42 8 18
127 1 53
103 2 112
17 8 207
41 1 23
17 1 47
28 2 30
60 1 49
138 1 48
18 2 42
70 2 143
42 2 37
42 2 16
52 8 36
38 8 253
83 1 38
68 1 45
223 8 71
50 8 56
31 1 107
163 1 207
43 8 17
28 2 106
85 8 45
18 1 8
57 1 48
20 8 147
52 8 55
18 2 43
44 2 35
23 1 170
60 8 67
48 8 39
67 8 51
63 8 59
17 2 100
16 2 76
8 11 17
48 1 37
30 8 119
100 8 31
40 8 108
105 8 184
72 1 200
39 2 18
28 2 25
147 13 138
62 1 51
143 1 32
35 8 48
112 1 66
42 8 45
84 1 45
62 2 101
51 8 86
48 8 54
112 1 104
27 8 120
18 5 16
42 1 8
8 2 100
54 8 60
18 8 16
147 13 62
145 8 72
101 8 58
16 8 147
50 2 16
51 8 49
40 8 32
35 8 45
17 8 61
18 8 20
37 2 42
8 8 26
103 2 65
103 8 58
188 2 104
48 8 52
134 2 41
22 1 16
18 8 139
25 1 8
170 8 71
147 1 8
58 1 254
61 8 48
100 1 45
64 2 59
105 2 101
58 1 111
17 8 25
16 2 81
119 1 72
60 2 16
46 1 51
38 1 85
106 8 134
20 8 26
96 2 86
45 1 82
103 1 31
66 8 105
59 8 105
18 2 22
45 8 39
207 2 16
36 1 54
8 8 41
103 8 72
76 8 31
103 2 108
41 8 70
18 7 8
188 8 65
33 1 128
17 4 8
103 2 68
17 2 39
18 2 55
105 1 59
45 1 85
23 8 101
58 1 108
103 1 26
8 4 16
97 2 114
83 2 96
143 2 70
59 8 65
17 8 71
72 1 103
65 8 70
18 1 17
16 8 22
42 2 8
72 1 119
200 1 8
70 1 111
30 2 28
37 1 36
56 1 50
37 2 35
41 8 58
8 8 48
84 8 63
83 8 105
128 1 40
16 8 26
28 2 20
51 1 85
41 2 62
8 8 90
30 2 207
36 2 18
50 1 49
147 2 139
48 8 46
43 8 16
47 8 51
59 1 63
48 8 100
47 8 17
63 1 105
65 2 57
35 8 16
16 8 61
53 8 127
96 2 66
8 8 139
18 8 31
108 2 41
35 2 16
38 1 35
35 2 61
99 2 42
17 2 55
63 1 111
56 8 38
32 8 81
30 8 139
111 1 46
49 1 45
112 1 46
17 2 42
97 8 111
43 8 38
33 2 18
75 1 90
23 1 17
51 1 35
107 1 38
27 8 143
35 2 17
64 8 111
26 1 22
45 8 84
40 1 100
20 1 16
48 1 18
113 8 111
8 8 200
8 8 51
101 2 111
18 1 43
32 8 33
16 8 38
105 1 83
54 8 36
71 1 207
36 2 8
38 1 61
41 2 101
44 8 51
68 6 139
188 2 96
100 1 38
8 2 42
51 8 53
45 8 54
16 2 43
45 1 47
55 2 16
68 6 119
51 1 43
207 2 170
105 1 64
143 1 128
200 2 71
47 2 61
115 8 112
70 1 101
23 1 20
51 1 99
51 1 47
33 2 58
76 2 17
223 2 120
16 11 17
207 2 30
72 2 33
145 1 207
41 1 40
71 1 20
54 8 33
45 1 42
40 8 128
40 1 8
30 8 26
72 1 108
97 1 72
17 8 56
119 2 71
17 2 43
163 8 134
120 2 16
253 8 70
71 1 63
23 1 18
28 8 71
8 5 18
22 2 16
127 2 63
138 2 111
51 8 138
17 12 16
138 1 51
47 2 17
85 8 38
22 2 17
16 2 207
17 8 30
134 1 72
8 8 67
254 8 58
70 1 108
49 1 48
28 8 139
70 8 66
134 1 28
55 1 49
45 8 107
70 1 103
59 1 72
37 1 18
58 8 64
45 8 49
43 2 17
48 1 56
17 2 20
72 8 188
143 1 24
147 1 20
119 2 139
48 8 53
30 2 16
207 2 20
18 12 17
18 2 36
60 2 18
112 8 72
71 1 16
35 2 18
105 8 113
104 2 115
40 1 22
111 1 97
99 2 47
101 1 23
115 2 104
33 1 54
45 1 8
17 8 22
113 1 105
139 1 25
26 8 101
18 8 37
35 2 47
83 2 59
97 1 63
63 1 101
17 8 51
108 8 70
17 7 18
35 2 85
170 2 20
8 8 20
120 2 63
16 8 134
54 2 49
83 8 65
23 8 41
32 2 27
112 8 58
147 1 170
30 2 8
63 8 64
25 1 17
18 8 23
253 1 38
45 1 56
82 2 47
41 2 68
86 2 97
18 4 17
40 1 17
62 8 58
138 8 58
51 1 37
54 1 38
46 8 105
18 2 20
18 8 38
43 2 67
68 8 63
86 2 96
87 1 51
17 8 18
37 2 47
97 2 87
45 1 17
20 1 17
47 2 35
18 1 42
67 8 48
86 1 51
37 1 17
17 1 16
138 6 139
114 2 64
8 2 43
58 1 103
57 1 38
200 1 63
47 2 37
17 5 18
72 1 41
26 1 30
18 11 16
67 8 38
51 8 57
16 8 145
47 8 45
20 2 18
113 2 59
31 8 41
41 2 145
61 1 55
58 8 188
139 13 68
32 1 23
42 8 48
35 2 56
145 1 16
71 13 57
45 1 18
8 2 22
112 2 108
64 2 114
61 1 17
42 2 18
63 8 139
67 1 8
55 1 52
70 8 59
64 8 65
60 2 17
16 1 43
111 2 101
104 8 112
23 8 27
35 8 17
16 1 47
17 8 48
24 8 143
100 1 48
71 1 127
17 4 18
139 1 8
16 5 17
61 2 47
107 1 51
53 8 60
76 2 18
22 1 18
53 1 45
67 1 17
61 8 38
71 1 28
26 8 128
31 1 22
105 1 86
68 2 41
26 1 8
56 1 8
65 1 64
59 2 83
48 8 76
58 1 101
40 1 107
43 1 8
33 2 33
106 2 20
51 8 68
38 8 62
18 8 67
28 2 207
112 2 103
90 8 75
16 8 71
143 1 27
138 1 45
18 2 25
24 1 40
8 8 23
67 1 16
40 1 18
35 8 38
107 1 45
39 1 48
65 1 86
72 2 163
207 8 119
139 1 63
20 2 207
70 8 119
38 1 67
111 1 59
8 8 45
111 1 115
47 8 18
41 2 108
30 1 8
58 1 62
23 1 39
65 8 72
51 8 62
17 4 16
33 2 63
39 2 17
75 1 178
87 2 97
37 1 16
41 8 72
184 8 111
54 2 53
64 1 63
139 1 33
37 8 48
114 1 65
48 8 62
16 2 100
51 8 87
38 8 86
55 1 54
51 1 17
47 8 48
38 8 100
72 8 97
111 8 58
38 8 49
25 8 147
50 1 53
106 2 28
81 1 27
101 2 103
18 5 8
51 1 16
53 1 48
107 2 16
18 2 35
128 8 120
223 2 72
76 1 48
47 2 16
39 8 26
81 8 200
112 1 87
51 8 54
37 8 51
17 2 107
20 8 23
26 1 100
62 8 70
100 2 17
38 8 79
31 8 32
17 11 16
170 8 119
71 2 119
16 5 8
128 8 143
120 1 24
33 2 33
38 1 37
28 8 200
67 1 60
143 2 16
8 8 178
65 1 46
86 8 65
72 1 65
71 1 170
48 1 17
22 8 26
17 1 35
100 2 18
46 8 111
86 1 38
16 2 47
99 8 38
44 8 38
47 2 99
101 2 105
76 1 51
65 1 114
163 2 72
27 2 32
31 1 25
32 8 143
38 8 83
22 8 31
45 8 76
107 8 23
33 1 24
26 8 103
45 8 68
103 8 63
8 12 18
66 8 112
8 8 31
17 2 120
90 2 178
51 8 39
81 2 63
104 1 58
188 1 72
58 1 138
24 8 120
57 8 72
147 8 72
36 1 49
178 1 8
16 8 30
139 2 147
8 1 16
8 1 42
62 1 48
134 1 106
23 8 128
22 1 17
18 4 16
49 8 55
38 1 18
52 8 60
35 2 37
35 2 67
65 1 96
38 8 57
18 14 17
170 8 147
23 1 25
59 8 111
24 8 81
111 1 83
25 2 18
18 11 17
18 2 76
16 1 42
60 1 53
26 1 16
61 2 43
82 8 45
40 1 16
50 2 18
48 8 86
60 2 8
72 1 112
25 2 170
16 8 20
26 1 76
25 8 40
81 2 16
33 8 139
17 8 38
57 8 63
49 8 60
20 1 8
17 2 30
61 1 18
55 1 53
22 8 23
70 1 138
16 2 107
96 8 65
143 2 18
138 8 63
16 8 119
38 8 53
16 8 45
18 12 16
254 1 45
119 1 16
8 2 50
31 8 108
42 8 17
17 8 67
32 8 120
42 8 38
38 1 99
63 1 84
45 1 35
45 8 62
60 1 54
87 2 104
62 2 41
61 1 16
139 1 28
115 1 72
36 2 16
58 8 145
200 1 81
46 1 48
64 8 105
16 8 31
16 8 56
111 1 86
112 1 188
52 2 54
58 2 33
40 8 41
147 1 16
103 2 101
170 8 23
163 2 16
16 4 17
82 8 38
52 2 53
107 1 48
16 1 8
17 5 8
108 8 58
134 1 16
200 1 28
33 8 139
17 8 20
31 1 100
30 8 40
105 8 63
112 8 63
16 2 33
? 1 github_java_program_data/28/69.java

