26 1 58
38 1 89
35 2 16
52 1 47
54 1 53
8 2 41
22 2 101
25 1 70
16 1 81
25 1 101
53 1 26
8 2 35
43 2 46
16 4 8
89 1 8
8 7 16
89 2 63
106 1 37
16 1 48
23 1 106
54 1 52
207 1 35
16 1 8
8 2 52
16 7 8
37 1 26
16 2 81
17 2 16
26 1 35
17 2 33
170 1 106
63 1 24
82 1 37
81 1 26
49 1 8
170 2 196
8 2 37
45 2 17
106 1 226
35 2 45
41 2 25
47 1 28
63 1 8
76 1 207
26 1 17
82 2 38
38 1 207
28 1 16
196 2 222
47 1 226
22 1 26
170 2 101
26 1 16
207 1 45
38 1 26
17 2 36
38 1 222
53 1 207
129 1 26
8 1 48
226 2 8
33 1 16
63 2 89
37 2 53
196 1 47
51 1 49
82 1 76
58 1 84
207 1 38
16 1 17
16 5 8
16 2 35
16 2 27
17 2 8
70 1 54
8 2 17
50 1 207
8 2 84
106 1 8
54 1 129
26 1 33
16 2 37
47 1 16
25 1 196
106 1 52
85 1 82
101 2 22
25 1 85
196 1 106
8 2 24
101 1 207
89 1 226
16 1 35
16 2 17
33 1 8
48 1 207
38 1 196
35 2 8
47 1 8
196 2 70
196 2 170
38 1 170
41 1 20
8 2 48
106 1 16
89 1 43
222 1 50
226 1 8
63 1 25
207 1 17
47 1 52
54 2 38
52 1 207
89 1 41
24 1 23
8 2 27
8 2 38
85 2 22
106 1 28
20 1 47
8 4 16
84 1 40
170 1 47
33 1 27
63 1 46
207 2 26
207 1 36
207 1 58
49 1 38
8 1 81
26 1 8
24 2 25
38 1 101
16 2 48
22 1 207
53 2 76
25 1 22
8 1 17
53 2 129
63 1 226
30 1 207
85 1 38
40 1 207
52 2 53
38 1 63
35 2 36
46 2 226
50 2 25
8 1 35
48 1 26
226 1 16
25 1 170
16 2 52
26 1 36
89 1 25
222 1 25
101 1 26
81 1 207
26 2 207
38 1 22
37 1 106
207 1 16
207 1 8
27 1 30
28 2 16
26 1 45
58 1 8
47 1 37
170 2 85
8 1 16
70 1 38
28 2 8
8 2 81
89 1 46
222 2 22
8 5 16
82 1 53
226 2 16
? 1 github_java_program_data/9/119.java

24 1 23
35 2 16
16 2 41
54 1 53
8 2 41
49 1 16
22 2 101
63 1 43
25 1 70
16 1 81
25 1 101
16 2 24
26 1 58
8 2 35
43 2 46
25 1 63
8 7 16
89 2 63
106 1 37
17 2 45
26 1 35
16 1 48
63 1 38
207 1 35
25 1 143
16 1 8
8 2 52
16 7 8
51 1 42
52 1 26
16 2 81
17 2 16
170 2 222
207 1 33
70 2 143
170 1 106
63 1 24
49 1 25
16 2 25
106 1 226
48 1 26
89 1 16
41 2 25
89 1 38
47 1 28
16 2 84
54 2 38
37 1 207
28 1 16
54 1 37
16 2 52
42 2 49
196 1 47
70 1 38
207 1 45
142 1 207
45 2 35
38 1 222
53 1 207
129 1 26
8 1 48
58 1 16
226 2 8
101 2 22
33 1 16
63 2 89
89 1 28
51 1 49
58 1 84
35 1 8
16 1 17
81 1 26
16 2 35
16 2 27
17 2 8
70 1 54
8 2 17
50 1 207
81 1 207
46 2 16
106 1 8
142 6 63
54 1 129
26 1 33
16 2 37
47 1 16
89 1 8
106 1 52
20 1 106
22 2 70
51 1 35
26 1 25
101 1 207
89 1 226
16 1 35
16 2 17
25 1 207
27 1 30
33 1 8
41 2 38
226 1 8
38 1 196
35 2 8
196 2 22
47 1 8
8 5 16
38 1 142
24 2 38
41 1 20
8 2 48
226 1 16
89 1 43
222 1 50
48 1 207
40 1 26
207 1 17
47 1 52
89 1 41
143 1 26
26 1 17
20 1 47
8 4 16
84 1 40
37 2 53
33 1 27
63 1 46
207 1 36
28 1 8
207 1 58
8 1 17
8 1 81
26 1 8
207 2 26
38 1 101
35 2 42
196 2 170
16 2 48
23 1 47
22 1 207
8 1 16
25 1 22
38 1 22
53 2 129
46 2 28
30 1 207
63 1 16
40 1 207
25 1 26
35 2 36
46 2 226
50 2 25
8 1 35
35 2 33
42 1 8
106 1 16
47 1 226
26 1 36
89 1 25
222 1 25
101 1 26
38 1 170
8 2 81
26 2 207
22 1 26
37 1 106
207 1 16
207 1 8
49 1 46
16 5 8
28 2 16
26 1 45
8 2 27
25 1 89
30 1 26
26 1 16
28 2 8
63 1 28
89 1 46
143 6 89
226 2 16
? 1 github_java_program_data/9/131.java

24 1 23
35 2 16
38 1 92
26 1 33
30 1 8
16 2 8
54 1 53
101 2 92
45 2 16
106 1 52
22 2 101
16 2 84
22 2 70
25 1 70
8 7 16
16 1 81
33 2 35
25 1 101
101 2 22
207 1 16
53 1 26
16 2 27
92 1 56
41 2 226
101 1 207
8 2 48
89 1 226
92 2 22
82 2 38
38 1 85
16 2 17
50 2 76
17 2 45
226 1 8
207 1 8
16 1 48
46 2 41
47 1 8
82 1 50
8 5 16
24 2 38
207 1 35
37 1 47
16 1 8
16 1 27
106 1 16
81 1 207
16 7 8
48 1 207
70 1 82
16 2 35
82 1 37
47 1 52
17 2 16
26 1 35
20 1 8
76 1 207
52 1 207
89 1 41
8 2 130
8 4 16
54 1 129
84 1 40
37 2 53
37 2 50
8 2 35
85 1 54
106 1 226
101 2 85
207 1 36
35 2 45
20 1 130
89 1 16
53 2 56
89 1 38
47 1 28
50 1 26
85 2 22
8 1 81
26 1 8
26 1 17
70 2 101
92 1 53
17 2 33
38 1 101
16 2 48
23 1 47
28 1 16
22 1 207
54 1 37
36 2 45
25 1 22
22 1 26
53 2 129
70 1 38
207 1 45
41 1 20
54 2 25
40 1 207
35 2 36
8 1 48
81 1 26
48 1 26
16 2 24
33 1 16
8 2 52
36 2 8
36 2 16
16 2 52
26 1 36
33 1 84
101 1 26
51 1 89
56 1 25
38 1 22
37 1 106
16 1 17
89 1 24
27 1 30
207 1 17
26 1 45
82 1 76
129 1 207
17 2 8
130 1 16
26 1 16
8 2 17
85 1 25
28 2 8
8 2 81
89 1 46
16 4 8
226 2 16
? 1 github_java_program_data/9/132.java

24 1 23
35 2 16
38 1 92
26 1 33
30 1 8
16 2 8
54 1 53
101 2 92
45 2 16
106 1 52
22 2 101
16 2 84
22 2 70
25 1 70
8 7 16
16 1 81
33 2 35
25 1 101
101 2 22
207 1 16
53 1 26
16 2 27
92 1 56
41 2 226
101 1 207
8 2 48
89 1 226
92 2 22
82 2 38
38 1 85
16 2 17
50 2 76
17 2 45
226 1 8
207 1 8
16 1 48
46 2 41
47 1 8
82 1 50
8 5 16
24 2 38
207 1 35
37 1 47
16 1 8
16 1 27
106 1 16
81 1 207
16 7 8
48 1 207
70 1 82
16 2 35
82 1 37
47 1 52
17 2 16
26 1 35
20 1 8
76 1 207
52 1 207
89 1 41
8 2 130
8 4 16
54 1 129
84 1 40
37 2 53
37 2 50
8 2 35
85 1 54
106 1 226
101 2 85
207 1 36
35 2 45
20 1 130
89 1 16
53 2 56
89 1 38
47 1 28
50 1 26
85 2 22
8 1 81
26 1 8
26 1 17
70 2 101
92 1 53
17 2 33
38 1 101
16 2 48
23 1 47
28 1 16
22 1 207
54 1 37
36 2 45
25 1 22
22 1 26
53 2 129
70 1 38
207 1 45
41 1 20
54 2 25
40 1 207
35 2 36
8 1 48
81 1 26
48 1 26
16 2 24
33 1 16
8 2 52
36 2 8
36 2 16
16 2 52
26 1 36
33 1 84
101 1 26
51 1 89
56 1 25
38 1 22
37 1 106
16 1 17
89 1 24
27 1 30
207 1 17
26 1 45
82 1 76
129 1 207
17 2 8
130 1 16
26 1 16
8 2 17
85 1 25
28 2 8
8 2 81
89 1 46
16 4 8
226 2 16
? 1 github_java_program_data/9/16.java

24 1 23
140 1 38
25 1 92
52 1 47
54 1 53
8 2 41
49 1 16
63 1 43
16 1 81
25 1 101
16 2 24
26 1 58
8 2 35
92 1 56
16 4 8
25 1 63
8 7 16
89 2 63
17 2 45
16 1 48
63 1 38
23 1 106
53 2 56
35 2 16
207 1 35
25 1 143
16 1 8
52 2 50
8 2 52
16 7 8
37 1 26
70 1 82
52 1 26
16 2 81
26 1 35
207 1 33
63 1 24
82 1 37
81 1 26
106 1 226
40 2 30
41 2 25
89 1 38
47 1 28
63 1 8
54 2 38
92 1 53
143 6 63
37 1 207
30 2 40
16 2 25
25 1 26
54 1 37
47 1 226
22 1 26
50 2 76
26 1 16
207 1 45
56 2 140
17 2 36
54 2 25
207 1 25
54 1 52
53 1 207
129 1 26
8 1 48
226 2 8
101 2 22
33 1 16
63 2 89
37 2 53
89 1 28
51 1 49
82 1 76
56 1 25
58 1 84
35 1 8
16 1 17
23 2 20
16 5 8
16 2 35
16 2 27
76 1 26
129 1 207
17 2 8
43 2 46
70 1 54
8 2 17
50 1 207
92 1 140
46 2 16
8 2 84
106 1 8
54 1 129
46 2 28
16 2 37
47 1 16
89 1 8
106 1 52
20 1 106
50 2 129
85 2 143
51 1 35
25 1 85
8 2 24
101 1 207
89 1 226
20 2 23
16 2 17
25 1 207
27 1 30
33 1 8
41 2 38
226 1 8
38 1 196
35 2 8
47 1 8
82 1 50
8 5 16
24 2 38
41 1 20
8 2 48
226 1 16
81 1 207
48 1 207
40 1 26
24 1 20
207 1 17
49 1 25
47 1 52
196 2 101
52 1 207
89 1 41
8 2 27
143 1 26
26 1 17
106 1 28
20 1 47
8 4 16
84 1 40
170 1 47
33 1 27
37 2 50
63 1 46
85 1 54
207 1 36
38 1 60
28 1 8
54 1 50
207 1 58
8 1 17
8 1 81
26 1 8
207 2 26
38 1 101
16 2 48
22 1 207
30 1 26
70 1 25
25 1 22
38 1 22
27 1 40
53 2 129
63 1 226
37 1 47
85 1 38
63 1 16
40 1 207
28 1 16
89 1 43
35 2 49
46 2 226
8 1 35
48 1 26
82 2 25
106 1 16
16 2 52
26 1 36
89 1 25
53 1 26
38 1 170
26 2 207
196 1 47
37 1 106
207 1 16
38 1 70
207 1 8
49 1 46
28 2 16
26 1 45
58 1 8
47 1 37
25 1 89
8 1 16
170 2 22
28 2 8
8 2 81
89 1 46
143 6 89
226 2 16
? 1 github_java_program_data/9/165.java

8 2 84
106 1 8
54 1 129
38 1 89
38 1 22
35 2 16
16 2 27
26 1 33
16 2 37
47 1 16
25 1 196
49 1 16
16 2 35
106 1 52
22 2 101
25 1 70
8 7 16
16 1 81
35 1 8
25 1 101
51 1 35
16 1 17
53 1 26
8 2 35
16 1 35
16 4 8
89 1 226
16 2 17
51 1 49
54 1 53
196 1 106
41 1 20
25 1 207
49 1 46
17 2 45
226 1 8
170 2 222
16 1 48
35 2 8
47 1 8
8 5 16
196 2 170
207 1 35
37 1 47
16 1 8
8 2 48
36 2 17
226 1 16
81 1 207
222 1 38
16 2 41
48 1 207
37 1 26
16 2 81
47 1 52
89 1 41
17 2 16
26 1 35
46 2 16
50 2 38
76 1 207
52 1 207
170 1 106
26 1 58
16 7 8
82 1 37
35 2 49
226 2 8
20 1 47
47 1 37
49 1 38
84 1 40
170 1 47
33 1 27
8 2 37
106 1 226
101 2 85
207 1 36
82 2 38
89 1 16
41 2 25
28 1 8
47 1 28
50 1 26
8 1 17
8 1 81
26 1 8
26 1 17
70 2 101
207 2 26
38 1 101
8 2 52
16 2 48
25 1 26
22 1 207
54 1 37
16 2 52
70 1 25
25 1 22
196 1 47
37 2 53
85 1 82
8 4 16
26 1 16
207 1 45
30 1 207
85 1 38
54 2 25
40 1 207
45 2 35
207 1 25
170 2 70
106 1 37
46 2 226
8 1 48
35 2 36
8 1 35
16 5 8
81 1 26
48 1 26
16 2 38
33 1 16
106 1 16
28 2 8
53 2 76
26 1 36
89 1 25
101 1 26
89 1 43
82 1 76
53 2 129
58 1 84
222 1 50
26 2 207
22 1 26
37 1 106
207 1 16
207 1 8
27 1 30
25 1 85
28 2 16
207 1 17
26 1 45
58 1 8
129 1 207
17 2 8
43 2 46
25 1 222
8 1 16
70 1 54
8 2 17
25 1 170
8 2 81
89 1 46
222 2 22
82 1 53
226 2 16
? 1 github_java_program_data/9/184.java

24 1 23
35 2 16
38 1 92
26 1 33
30 1 8
16 2 8
54 1 53
101 2 92
45 2 16
106 1 52
22 2 101
16 2 84
22 2 70
25 1 70
8 7 16
16 1 81
33 2 35
25 1 101
101 2 22
207 1 16
53 1 26
16 2 27
92 1 56
41 2 226
101 1 207
8 2 48
89 1 226
92 2 22
82 2 38
38 1 85
16 2 17
50 2 76
17 2 45
226 1 8
207 1 8
16 1 48
46 2 41
47 1 8
82 1 50
8 5 16
24 2 38
207 1 35
37 1 47
16 1 8
16 1 27
106 1 16
81 1 207
16 7 8
48 1 207
70 1 82
16 2 35
82 1 37
47 1 52
17 2 16
26 1 35
20 1 8
76 1 207
52 1 207
89 1 41
8 2 130
8 4 16
54 1 129
84 1 40
37 2 53
37 2 50
8 2 35
85 1 54
106 1 226
101 2 85
207 1 36
35 2 45
20 1 130
89 1 16
53 2 56
89 1 38
47 1 28
50 1 26
85 2 22
8 1 81
26 1 8
26 1 17
70 2 101
92 1 53
17 2 33
38 1 101
16 2 48
23 1 47
28 1 16
22 1 207
54 1 37
36 2 45
25 1 22
22 1 26
53 2 129
70 1 38
207 1 45
41 1 20
54 2 25
40 1 207
35 2 36
8 1 48
81 1 26
48 1 26
16 2 24
33 1 16
8 2 52
36 2 8
36 2 16
16 2 52
26 1 36
33 1 84
101 1 26
51 1 89
56 1 25
38 1 22
37 1 106
16 1 17
89 1 24
27 1 30
207 1 17
26 1 45
82 1 76
129 1 207
17 2 8
130 1 16
26 1 16
8 2 17
85 1 25
28 2 8
8 2 81
89 1 46
16 4 8
226 2 16
? 1 github_java_program_data/9/190.java

24 1 23
35 2 16
38 1 92
26 1 33
30 1 8
16 2 8
54 1 53
101 2 92
45 2 16
106 1 52
22 2 101
16 2 84
22 2 70
25 1 70
8 7 16
16 1 81
33 2 35
25 1 101
101 2 22
207 1 16
53 1 26
16 2 27
92 1 56
41 2 226
101 1 207
8 2 48
89 1 226
92 2 22
82 2 38
38 1 85
16 2 17
50 2 76
17 2 45
226 1 8
207 1 8
16 1 48
46 2 41
47 1 8
82 1 50
8 5 16
24 2 38
207 1 35
37 1 47
16 1 8
16 1 27
106 1 16
81 1 207
16 7 8
48 1 207
70 1 82
16 2 35
82 1 37
47 1 52
17 2 16
26 1 35
20 1 8
76 1 207
52 1 207
89 1 41
8 2 130
8 4 16
54 1 129
84 1 40
37 2 53
37 2 50
8 2 35
85 1 54
106 1 226
101 2 85
207 1 36
35 2 45
20 1 130
89 1 16
53 2 56
89 1 38
47 1 28
50 1 26
85 2 22
8 1 81
26 1 8
26 1 17
70 2 101
92 1 53
17 2 33
38 1 101
16 2 48
23 1 47
28 1 16
22 1 207
54 1 37
36 2 45
25 1 22
22 1 26
53 2 129
70 1 38
207 1 45
41 1 20
54 2 25
40 1 207
35 2 36
8 1 48
81 1 26
48 1 26
16 2 24
33 1 16
8 2 52
36 2 8
36 2 16
16 2 52
26 1 36
33 1 84
101 1 26
51 1 89
56 1 25
38 1 22
37 1 106
16 1 17
89 1 24
27 1 30
207 1 17
26 1 45
82 1 76
129 1 207
17 2 8
130 1 16
26 1 16
8 2 17
85 1 25
28 2 8
8 2 81
89 1 46
16 4 8
226 2 16
? 1 github_java_program_data/9/219.java

24 1 23
35 2 16
38 1 92
26 1 33
30 1 8
16 2 8
54 1 53
101 2 92
45 2 16
106 1 52
22 2 101
16 2 84
22 2 70
25 1 70
8 7 16
16 1 81
33 2 35
25 1 101
101 2 22
207 1 16
53 1 26
16 2 27
92 1 56
41 2 226
101 1 207
8 2 48
89 1 226
92 2 22
82 2 38
38 1 85
16 2 17
50 2 76
17 2 45
226 1 8
207 1 8
16 1 48
46 2 41
47 1 8
82 1 50
8 5 16
24 2 38
207 1 35
37 1 47
16 1 8
16 1 27
106 1 16
81 1 207
16 7 8
48 1 207
70 1 82
16 2 35
82 1 37
47 1 52
17 2 16
26 1 35
20 1 8
76 1 207
52 1 207
89 1 41
8 2 130
8 4 16
54 1 129
84 1 40
37 2 53
37 2 50
8 2 35
85 1 54
106 1 226
101 2 85
207 1 36
35 2 45
20 1 130
89 1 16
53 2 56
89 1 38
47 1 28
50 1 26
85 2 22
8 1 81
26 1 8
26 1 17
70 2 101
92 1 53
17 2 33
38 1 101
16 2 48
23 1 47
28 1 16
22 1 207
54 1 37
36 2 45
25 1 22
22 1 26
53 2 129
70 1 38
207 1 45
41 1 20
54 2 25
40 1 207
35 2 36
8 1 48
81 1 26
48 1 26
16 2 24
33 1 16
8 2 52
36 2 8
36 2 16
16 2 52
26 1 36
33 1 84
101 1 26
51 1 89
56 1 25
38 1 22
37 1 106
16 1 17
89 1 24
27 1 30
207 1 17
26 1 45
82 1 76
129 1 207
17 2 8
130 1 16
26 1 16
8 2 17
85 1 25
28 2 8
8 2 81
89 1 46
16 4 8
226 2 16
? 1 github_java_program_data/9/248.java

26 1 58
38 1 89
25 1 92
142 6 89
52 1 47
54 1 53
8 2 41
63 1 43
25 1 70
16 1 81
25 1 101
16 2 24
53 1 26
8 2 35
43 2 46
22 2 143
16 4 8
89 1 8
38 1 85
89 2 63
50 2 56
16 1 48
46 2 8
23 1 106
35 2 16
207 1 35
25 1 143
16 1 8
8 2 52
106 1 37
16 7 8
56 1 38
37 1 26
70 1 82
52 1 26
17 2 16
26 1 35
16 2 84
63 1 24
81 1 26
49 1 8
16 2 38
170 2 196
35 2 58
8 2 37
106 1 226
25 1 142
35 2 45
82 1 52
41 2 25
89 1 38
8 2 38
82 1 50
50 1 26
8 2 81
76 1 207
24 1 20
82 2 38
38 1 207
30 2 40
28 1 16
54 1 37
47 1 226
22 1 26
70 1 38
207 1 45
38 1 26
84 1 30
17 2 36
54 2 25
52 2 50
54 1 52
53 1 207
129 1 26
8 1 48
58 1 16
226 2 8
51 1 35
63 1 8
63 2 89
37 2 53
25 1 170
51 1 49
82 1 76
85 1 25
58 1 84
16 1 17
52 1 106
23 2 20
16 5 8
16 2 35
16 2 27
129 1 207
17 2 8
92 1 56
70 1 54
8 2 17
50 1 207
106 1 8
54 1 129
26 1 33
16 2 37
47 1 16
25 1 196
106 1 52
20 1 106
8 7 16
40 2 30
101 2 22
70 2 142
16 1 35
8 2 24
101 1 207
89 1 226
20 2 23
196 1 106
16 2 17
50 2 76
27 1 30
33 1 8
41 2 38
226 1 8
35 2 8
196 2 22
47 1 8
47 1 28
8 5 16
41 1 20
8 2 48
106 1 16
89 1 43
48 1 207
40 1 26
63 1 25
207 1 17
8 1 17
196 2 101
52 1 207
89 1 41
24 1 23
143 1 26
26 1 17
106 1 28
20 1 47
8 4 16
84 1 40
170 1 47
33 1 27
35 1 16
63 1 46
85 1 54
207 2 26
207 1 36
143 6 63
28 1 8
207 1 58
49 1 38
8 1 81
26 1 8
24 2 25
38 1 101
37 1 207
16 2 48
26 1 38
22 1 207
70 1 25
23 1 47
53 2 129
46 2 28
30 1 207
63 1 16
40 1 207
52 2 53
38 1 63
35 2 36
46 2 226
8 1 35
48 1 26
226 1 16
142 1 26
16 2 52
26 1 36
89 1 25
81 1 207
92 1 50
25 1 22
26 2 207
37 1 106
207 1 16
38 1 70
207 1 8
49 1 46
28 2 16
26 1 45
8 2 27
47 1 37
63 1 226
35 2 49
33 1 16
8 1 16
26 1 16
28 2 8
63 1 28
89 1 46
226 2 16
? 1 github_java_program_data/9/274.java

24 1 23
35 2 16
38 1 92
26 1 33
30 1 8
16 2 8
54 1 53
101 2 92
45 2 16
106 1 52
22 2 101
16 2 84
22 2 70
25 1 70
8 7 16
16 1 81
33 2 35
25 1 101
101 2 22
207 1 16
53 1 26
16 2 27
92 1 56
41 2 226
101 1 207
8 2 48
89 1 226
92 2 22
82 2 38
38 1 85
16 2 17
50 2 76
17 2 45
226 1 8
207 1 8
16 1 48
46 2 41
47 1 8
82 1 50
8 5 16
24 2 38
207 1 35
37 1 47
16 1 8
16 1 27
106 1 16
81 1 207
16 7 8
48 1 207
70 1 82
16 2 35
82 1 37
47 1 52
17 2 16
26 1 35
20 1 8
76 1 207
52 1 207
89 1 41
8 2 130
8 4 16
54 1 129
84 1 40
37 2 53
37 2 50
8 2 35
85 1 54
106 1 226
101 2 85
207 1 36
35 2 45
20 1 130
89 1 16
53 2 56
89 1 38
47 1 28
50 1 26
85 2 22
8 1 81
26 1 8
26 1 17
70 2 101
92 1 53
17 2 33
38 1 101
16 2 48
23 1 47
28 1 16
22 1 207
54 1 37
36 2 45
25 1 22
22 1 26
53 2 129
70 1 38
207 1 45
41 1 20
54 2 25
40 1 207
35 2 36
8 1 48
81 1 26
48 1 26
16 2 24
33 1 16
8 2 52
36 2 8
36 2 16
16 2 52
26 1 36
33 1 84
101 1 26
51 1 89
56 1 25
38 1 22
37 1 106
16 1 17
89 1 24
27 1 30
207 1 17
26 1 45
82 1 76
129 1 207
17 2 8
130 1 16
26 1 16
8 2 17
85 1 25
28 2 8
8 2 81
89 1 46
16 4 8
226 2 16
? 1 github_java_program_data/9/277.java

54 1 129
35 2 16
38 1 92
16 2 41
8 2 48
54 1 53
25 1 196
16 2 35
106 1 52
16 2 81
25 1 70
8 7 16
16 1 81
54 2 25
16 1 17
8 2 35
92 1 56
101 1 207
16 4 8
89 1 226
92 2 22
16 2 17
82 2 38
38 1 85
89 1 38
41 1 20
50 2 76
17 2 45
48 1 207
16 1 48
35 2 8
47 1 8
82 1 50
196 2 170
27 1 40
25 1 143
16 1 8
35 2 36
106 1 16
81 1 207
16 7 8
226 1 8
70 1 82
52 1 26
49 1 8
49 1 25
47 1 52
17 2 16
26 1 35
207 1 33
89 1 41
82 1 37
20 1 47
8 4 16
37 2 53
33 1 27
37 2 50
85 1 54
106 1 226
207 1 36
22 2 101
130 1 16
40 2 30
89 1 16
53 2 56
28 1 8
89 1 46
47 1 28
70 2 22
8 1 81
26 1 8
26 1 17
8 2 55
92 1 53
38 1 101
49 1 55
37 1 207
16 2 48
28 1 16
22 1 207
54 1 37
46 1 30
25 1 22
38 1 22
207 1 35
53 2 129
41 2 46
26 1 16
207 1 45
30 1 207
17 2 36
16 2 27
40 1 207
45 2 35
8 1 16
170 2 70
53 1 207
129 1 26
8 1 48
81 1 26
48 1 26
33 1 16
8 2 52
28 2 8
16 2 52
26 1 36
51 1 49
82 1 76
56 1 25
196 1 47
37 1 106
207 1 16
207 1 8
27 1 30
22 1 26
16 5 8
207 1 17
26 1 45
76 1 26
55 2 25
46 2 38
17 2 8
25 1 89
30 1 26
70 1 38
8 2 17
50 1 207
25 1 170
170 1 106
8 2 81
226 2 16
8 5 16
85 1 25
55 1 130
? 1 github_java_program_data/9/296.java

24 1 23
35 2 16
38 1 92
26 1 33
30 1 8
16 2 8
54 1 53
101 2 92
45 2 16
106 1 52
22 2 101
16 2 84
22 2 70
25 1 70
8 7 16
16 1 81
33 2 35
25 1 101
101 2 22
207 1 16
53 1 26
16 2 27
92 1 56
41 2 226
101 1 207
8 2 48
89 1 226
92 2 22
82 2 38
38 1 85
16 2 17
50 2 76
17 2 45
226 1 8
207 1 8
16 1 48
46 2 41
47 1 8
82 1 50
8 5 16
24 2 38
207 1 35
37 1 47
16 1 8
16 1 27
106 1 16
81 1 207
16 7 8
48 1 207
70 1 82
16 2 35
82 1 37
47 1 52
17 2 16
26 1 35
20 1 8
76 1 207
52 1 207
89 1 41
8 2 130
8 4 16
54 1 129
84 1 40
37 2 53
37 2 50
8 2 35
85 1 54
106 1 226
101 2 85
207 1 36
35 2 45
20 1 130
89 1 16
53 2 56
89 1 38
47 1 28
50 1 26
85 2 22
8 1 81
26 1 8
26 1 17
70 2 101
92 1 53
17 2 33
38 1 101
16 2 48
23 1 47
28 1 16
22 1 207
54 1 37
36 2 45
25 1 22
22 1 26
53 2 129
70 1 38
207 1 45
41 1 20
54 2 25
40 1 207
35 2 36
8 1 48
81 1 26
48 1 26
16 2 24
33 1 16
8 2 52
36 2 8
36 2 16
16 2 52
26 1 36
33 1 84
101 1 26
51 1 89
56 1 25
38 1 22
37 1 106
16 1 17
89 1 24
27 1 30
207 1 17
26 1 45
82 1 76
129 1 207
17 2 8
130 1 16
26 1 16
8 2 17
85 1 25
28 2 8
8 2 81
89 1 46
16 4 8
226 2 16
? 1 github_java_program_data/9/335.java

8 2 84
106 1 8
106 2 47
26 1 58
89 1 43
35 2 16
26 1 33
16 2 37
47 1 16
8 2 41
17 2 36
51 1 18
16 2 84
22 2 70
16 5 8
16 1 81
25 1 101
101 2 22
16 1 17
53 1 26
8 2 35
196 1 106
101 1 207
8 2 48
89 1 226
16 2 35
89 1 8
8 7 16
16 1 35
16 2 17
45 2 35
50 2 76
33 1 8
41 2 38
226 1 8
38 1 196
16 1 48
35 2 8
196 2 22
47 1 8
43 2 226
18 1 16
196 2 170
17 2 45
207 1 35
41 1 20
16 1 8
35 2 36
36 2 17
226 1 16
42 1 16
81 1 207
16 7 8
51 1 42
37 1 26
70 1 82
52 1 26
16 2 81
82 1 37
47 1 52
17 2 16
26 1 35
47 2 106
53 1 207
207 1 33
54 2 38
52 1 207
170 1 106
8 2 27
54 1 53
226 2 8
20 1 47
85 2 101
54 1 129
84 1 40
170 1 47
33 1 27
37 2 50
85 1 54
106 1 226
101 2 85
207 1 36
35 2 45
28 1 8
47 1 28
207 1 58
82 2 25
8 1 17
8 1 81
26 1 8
26 1 17
170 2 70
38 1 101
42 2 18
16 2 48
49 1 25
28 1 16
22 1 207
49 1 8
70 1 25
196 1 47
38 1 22
53 2 129
8 4 16
26 1 16
207 1 45
30 1 207
35 2 17
170 2 196
85 1 38
54 2 25
40 1 207
52 2 53
54 1 52
106 1 37
129 1 26
8 1 48
58 1 16
8 1 35
22 2 101
81 1 26
18 2 49
48 1 26
46 2 43
33 1 16
106 1 16
82 1 50
28 2 8
16 2 52
70 2 22
26 1 36
51 1 49
101 1 26
38 1 170
82 1 76
58 1 84
17 2 35
22 1 26
207 1 16
38 1 70
207 1 8
27 1 30
25 1 85
28 2 16
207 1 17
16 2 27
76 1 26
58 1 8
129 1 207
17 2 8
89 1 38
25 1 89
22 2 170
35 2 58
8 1 16
70 1 54
8 2 17
50 1 207
35 2 33
89 1 41
8 2 25
8 2 81
89 1 46
8 5 16
16 4 8
226 2 16
? 1 github_java_program_data/9/340.java

26 1 58
35 2 16
38 1 92
16 2 41
54 1 53
22 2 101
63 1 43
41 1 23
16 1 81
25 1 101
16 2 24
53 1 26
8 2 35
92 1 56
16 4 8
25 1 63
38 1 85
101 2 222
17 2 45
16 1 48
63 1 38
23 1 106
8 2 25
207 1 35
37 1 47
16 1 8
85 2 196
106 1 37
53 2 76
16 7 8
51 1 42
37 1 26
70 1 82
52 1 26
16 2 81
17 2 16
26 1 35
207 1 33
70 2 143
16 2 84
63 1 24
49 1 25
81 1 26
49 1 8
170 2 196
18 2 49
8 2 37
143 1 207
106 1 52
89 1 16
41 2 25
47 1 28
50 1 26
76 1 207
26 1 17
82 2 38
42 2 18
37 1 207
25 1 70
28 1 16
54 1 37
16 2 52
22 1 26
26 1 16
207 1 45
84 1 30
54 2 25
45 2 35
38 1 222
53 1 207
196 1 47
8 1 48
58 1 16
226 2 8
33 1 16
37 2 53
50 2 56
51 1 49
82 1 76
56 1 25
58 1 84
25 1 143
16 1 17
52 1 106
16 5 8
16 2 35
16 2 27
76 1 26
129 1 207
17 2 8
43 2 46
70 1 54
8 2 17
85 1 25
106 1 226
106 1 8
54 1 129
26 1 33
16 2 37
47 1 16
25 1 196
82 1 52
20 1 106
50 2 129
8 7 16
85 1 82
40 2 30
89 2 63
16 1 35
101 1 207
89 1 226
20 2 23
196 1 106
16 2 17
33 1 8
226 1 8
38 1 196
35 2 8
47 1 8
18 1 16
196 2 170
24 2 38
41 1 20
8 2 48
226 1 16
42 1 16
81 1 207
222 1 50
48 1 207
40 1 26
207 1 17
47 1 52
47 2 106
54 2 38
52 1 207
89 1 41
24 1 20
106 1 28
20 1 47
8 4 16
84 1 40
170 1 47
33 1 27
37 2 50
63 1 46
85 1 54
207 1 36
196 2 85
28 1 8
54 1 50
8 1 81
26 1 8
196 2 70
17 2 33
38 1 101
16 2 48
22 1 207
30 1 26
8 2 52
25 1 22
38 1 22
27 1 40
53 2 129
63 1 226
30 1 207
85 1 38
63 1 16
40 1 207
52 2 53
170 2 70
35 2 36
46 2 226
50 2 25
8 1 35
48 1 26
106 1 16
25 1 170
47 1 226
26 1 36
89 1 25
222 1 25
101 1 26
38 1 170
92 1 50
51 1 18
37 1 106
207 1 16
207 1 8
27 1 30
28 2 16
143 6 89
26 1 45
8 2 27
47 1 37
25 1 89
170 2 85
8 1 16
70 1 38
28 2 8
8 2 81
89 1 46
222 2 22
8 5 16
82 1 53
226 2 16
? 1 github_java_program_data/9/352.java

52 1 26
26 1 58
38 1 89
35 2 16
16 2 41
54 1 53
49 1 16
22 2 101
63 1 43
16 1 81
52 2 50
24 1 23
16 2 27
43 2 46
16 4 8
38 1 85
89 2 63
39 1 207
17 2 45
16 1 48
27 1 40
37 1 47
16 1 8
16 7 8
37 1 26
70 1 82
106 2 47
16 2 81
17 2 16
26 1 35
207 1 33
170 1 106
63 1 24
81 1 26
16 2 38
8 2 39
106 1 226
101 2 85
35 2 45
82 1 52
89 1 16
89 1 38
82 1 50
33 1 16
54 2 38
30 2 40
38 1 63
54 1 37
47 1 226
22 1 26
50 2 76
26 1 16
207 1 45
84 1 30
17 2 36
53 1 207
129 1 26
8 1 48
226 2 8
63 1 8
37 2 53
70 2 22
51 1 49
82 1 76
85 1 25
58 1 84
35 1 8
16 1 17
52 1 106
106 1 39
16 5 8
101 2 70
16 2 35
8 2 35
76 1 26
17 2 8
70 1 54
8 2 17
50 1 207
63 1 28
46 2 16
8 2 84
106 1 8
54 1 129
26 1 33
47 1 16
106 1 52
47 1 44
20 1 106
22 2 70
8 7 16
85 1 82
51 1 35
26 1 25
25 1 85
70 2 101
196 1 106
8 2 24
101 1 207
89 1 226
16 1 35
16 2 17
25 1 207
27 1 30
33 1 8
41 2 38
226 1 8
38 1 196
35 2 8
196 2 22
47 1 8
47 1 28
8 5 16
41 1 20
8 2 48
226 1 16
89 1 43
28 1 16
48 1 207
40 1 26
24 1 20
63 1 25
207 1 17
8 1 17
47 2 106
44 1 207
52 1 207
89 1 41
58 1 8
26 1 17
106 1 28
20 1 47
8 4 16
84 1 40
170 1 47
33 1 27
63 1 46
85 1 54
24 2 25
207 1 36
28 1 8
207 1 58
49 1 38
8 1 81
26 1 8
207 2 26
38 1 101
16 2 48
23 1 47
22 1 207
30 1 26
70 1 25
25 1 22
38 1 22
207 1 35
53 2 129
46 2 28
30 1 207
85 1 38
40 1 207
25 1 26
35 2 49
46 2 226
8 1 35
48 1 26
82 2 25
106 1 16
25 1 170
16 2 44
16 2 52
26 1 36
101 1 26
26 2 207
207 1 16
38 1 70
207 1 8
49 1 46
36 2 35
28 2 16
26 1 45
8 2 27
170 2 85
23 2 20
8 1 16
70 1 38
28 2 8
8 2 81
89 1 46
226 2 16
? 1 github_java_program_data/9/362.java

89 1 226
54 1 129
140 1 38
25 1 92
16 2 37
37 2 50
47 1 16
8 2 41
17 2 36
106 1 52
22 2 101
8 7 16
16 1 81
25 1 101
51 1 35
16 1 17
53 1 26
8 2 35
92 1 56
101 1 207
16 4 8
38 1 89
89 1 8
22 1 26
54 1 53
16 1 35
16 2 17
51 1 49
226 1 8
38 1 196
16 1 48
46 2 8
47 1 8
82 1 50
196 2 170
207 1 35
37 1 47
16 1 8
8 2 48
106 1 16
89 1 43
16 7 8
38 1 170
37 1 26
70 1 82
16 2 81
82 1 37
47 1 52
17 2 16
26 1 35
76 1 207
52 1 207
170 1 106
54 2 38
8 2 38
53 1 207
35 2 49
226 2 8
49 1 8
8 4 16
37 2 53
89 1 41
35 1 16
85 1 54
106 1 226
207 1 36
35 2 45
38 1 60
53 2 56
28 1 8
47 1 28
82 2 25
49 1 38
8 1 81
26 1 8
26 1 17
92 1 53
8 2 52
16 2 48
28 1 16
22 1 207
54 1 37
20 1 47
70 1 25
25 1 22
38 1 22
53 2 129
50 2 76
26 1 16
207 1 45
41 1 20
56 2 140
85 1 38
170 2 70
106 1 37
46 2 226
8 1 48
16 5 8
81 1 26
48 1 26
50 1 26
226 1 16
16 2 52
70 2 22
26 1 36
89 1 25
81 1 207
35 2 16
82 1 76
56 1 25
196 1 47
37 1 106
207 1 16
38 1 70
207 1 8
49 1 46
25 1 85
28 2 16
207 1 17
26 1 45
129 1 207
17 2 8
43 2 46
41 2 25
8 1 16
8 2 17
28 2 8
8 2 81
89 1 46
92 1 140
8 5 16
226 2 16
? 1 github_java_program_data/9/376.java

38 1 26
35 2 16
16 2 41
52 1 47
54 1 53
22 2 101
16 2 84
16 1 81
25 1 101
26 1 58
16 2 27
16 4 8
25 1 63
8 7 16
89 2 63
16 1 48
63 1 38
207 1 35
16 1 8
8 2 52
16 7 8
47 1 28
16 2 37
52 1 26
16 2 81
17 2 16
26 1 35
207 1 33
8 1 35
170 1 106
63 1 24
47 1 16
81 1 26
49 1 8
170 2 196
8 2 37
35 2 45
89 1 16
41 2 25
8 5 16
33 1 16
63 1 43
24 1 20
42 2 18
38 1 207
25 1 26
196 2 222
47 1 226
42 2 49
22 1 26
26 1 16
207 1 45
84 1 30
17 2 36
54 2 25
207 1 25
54 1 52
196 1 47
8 1 48
58 1 16
226 2 8
84 1 40
46 2 43
50 1 26
89 1 72
51 1 49
58 1 84
35 1 8
16 1 17
53 1 26
16 5 8
16 2 35
8 2 35
129 1 207
63 1 46
25 1 222
70 1 54
8 2 17
35 2 36
8 2 84
106 1 8
26 2 207
54 1 129
51 1 42
43 2 226
49 1 25
25 1 196
20 1 106
51 1 35
8 2 24
89 1 226
16 1 35
16 2 17
25 1 207
27 1 30
24 2 38
226 1 8
35 2 8
196 2 22
47 1 8
18 1 16
8 2 48
36 2 17
106 1 16
42 1 16
89 1 43
222 1 50
48 1 207
40 1 26
207 1 17
47 1 52
52 1 207
89 1 41
8 2 38
26 1 17
106 1 28
8 4 16
46 2 8
33 1 27
72 2 43
207 1 36
28 1 8
207 1 58
8 1 81
26 1 8
207 2 26
38 1 101
37 1 207
35 2 42
16 2 48
26 1 38
18 2 42
30 1 26
70 1 25
25 1 22
38 1 22
27 1 40
53 2 129
63 1 226
17 2 8
30 1 207
52 2 53
28 1 16
8 2 25
106 1 37
22 1 207
48 1 26
226 1 16
25 1 170
16 2 52
26 1 36
89 1 25
101 1 26
50 2 38
222 1 38
81 1 207
63 1 8
51 1 18
207 1 16
38 1 70
207 1 8
49 1 46
28 2 16
26 1 45
58 1 8
47 1 37
25 1 89
72 1 16
8 1 16
28 2 8
8 2 81
222 2 22
226 2 16
? 1 github_java_program_data/9/386.java

24 1 23
35 2 16
38 1 92
26 1 33
30 1 8
16 2 8
54 1 53
101 2 92
45 2 16
106 1 52
22 2 101
16 2 84
22 2 70
25 1 70
8 7 16
16 1 81
33 2 35
25 1 101
101 2 22
207 1 16
53 1 26
16 2 27
92 1 56
41 2 226
101 1 207
8 2 48
89 1 226
92 2 22
82 2 38
38 1 85
16 2 17
50 2 76
17 2 45
226 1 8
207 1 8
16 1 48
46 2 41
47 1 8
82 1 50
8 5 16
24 2 38
207 1 35
37 1 47
16 1 8
16 1 27
106 1 16
81 1 207
16 7 8
48 1 207
70 1 82
16 2 35
82 1 37
47 1 52
17 2 16
26 1 35
20 1 8
76 1 207
52 1 207
89 1 41
8 2 130
8 4 16
54 1 129
84 1 40
37 2 53
37 2 50
8 2 35
85 1 54
106 1 226
101 2 85
207 1 36
35 2 45
20 1 130
89 1 16
53 2 56
89 1 38
47 1 28
50 1 26
85 2 22
8 1 81
26 1 8
26 1 17
70 2 101
92 1 53
17 2 33
38 1 101
16 2 48
23 1 47
28 1 16
22 1 207
54 1 37
36 2 45
25 1 22
22 1 26
53 2 129
70 1 38
207 1 45
41 1 20
54 2 25
40 1 207
35 2 36
8 1 48
81 1 26
48 1 26
16 2 24
33 1 16
8 2 52
36 2 8
36 2 16
16 2 52
26 1 36
33 1 84
101 1 26
51 1 89
56 1 25
38 1 22
37 1 106
16 1 17
89 1 24
27 1 30
207 1 17
26 1 45
82 1 76
129 1 207
17 2 8
130 1 16
26 1 16
8 2 17
85 1 25
28 2 8
8 2 81
89 1 46
16 4 8
226 2 16
? 1 github_java_program_data/9/393.java

8 2 84
8 2 41
54 1 129
140 1 38
25 1 92
16 2 27
26 1 33
8 2 48
52 1 47
47 1 16
25 1 196
25 1 63
106 1 52
22 2 101
63 1 43
50 2 129
8 7 16
16 1 81
25 1 101
26 1 58
89 2 63
207 1 16
53 1 26
8 2 35
92 1 56
8 2 24
16 4 8
89 1 226
16 2 35
16 2 17
89 1 8
38 1 85
54 1 53
16 1 35
41 1 20
25 1 207
49 1 46
17 2 45
41 2 38
48 1 207
50 2 76
35 2 8
63 1 38
207 1 25
23 1 106
47 1 8
54 1 50
8 5 16
8 2 25
207 1 35
37 1 47
16 1 8
8 2 52
52 2 50
106 1 16
81 1 207
16 7 8
226 1 8
70 1 82
52 1 26
16 2 81
82 1 37
47 1 52
26 1 35
46 2 8
54 2 38
52 1 207
89 1 41
24 1 23
63 1 24
196 1 106
106 1 28
226 2 8
20 1 47
129 1 207
84 1 40
37 2 53
33 1 27
37 2 50
43 2 46
8 2 37
63 1 46
85 1 54
106 1 226
207 1 36
35 2 45
38 1 60
53 2 56
28 1 8
47 1 28
33 1 16
8 1 81
26 1 8
26 1 17
92 1 53
207 2 26
38 1 101
37 1 207
82 2 25
49 1 25
16 2 48
28 1 16
54 1 37
49 1 8
70 1 25
25 1 22
22 1 26
24 2 38
53 2 129
63 1 226
26 1 16
207 1 45
30 1 207
56 2 140
85 2 70
85 1 38
54 2 25
40 1 207
196 2 22
25 1 26
54 1 52
53 1 207
46 2 226
8 1 48
8 1 35
16 5 8
81 1 26
48 1 26
50 1 26
226 1 16
82 1 50
16 2 52
8 4 16
51 1 49
101 1 26
89 1 43
35 2 16
82 1 76
56 1 25
58 1 84
26 2 207
63 1 8
37 1 106
16 1 17
38 1 70
207 1 8
27 1 30
17 2 36
28 2 16
207 1 17
26 1 45
76 1 26
58 1 8
47 1 37
17 2 8
89 1 38
25 1 89
8 1 16
70 1 54
8 2 17
50 1 207
28 2 8
89 1 46
92 1 140
35 2 36
226 2 16
? 1 github_java_program_data/9/411.java

24 1 23
35 2 16
38 1 92
142 6 89
52 1 47
54 1 53
8 2 41
22 2 101
25 1 70
16 1 81
25 1 101
16 2 24
26 1 58
8 2 35
92 1 56
16 4 8
25 1 63
38 1 85
89 2 63
17 2 45
16 1 48
46 2 8
23 1 106
53 2 56
38 1 222
27 1 40
25 1 143
16 1 8
8 2 52
16 7 8
46 2 226
37 1 26
16 2 37
16 2 81
61 2 196
50 2 25
17 2 16
26 1 35
207 1 33
63 1 226
63 1 24
49 1 25
81 1 26
49 1 8
170 2 196
8 2 37
45 2 17
106 1 226
48 1 26
35 2 45
82 1 52
89 1 38
47 1 28
70 2 22
26 1 17
92 1 53
82 2 38
38 1 207
30 2 40
41 1 23
28 1 16
196 2 222
54 1 37
47 1 226
196 1 47
26 1 16
207 1 45
38 1 26
56 2 140
84 1 30
17 2 36
54 2 25
54 1 52
53 1 207
129 1 26
8 1 48
226 2 8
50 1 26
63 2 89
37 2 53
89 1 28
51 1 49
85 2 70
82 1 76
56 1 25
58 1 84
207 1 38
16 1 17
52 1 106
61 1 50
23 2 20
16 5 8
16 2 35
76 1 26
17 2 8
43 2 46
70 1 54
8 2 17
50 1 207
25 1 60
92 1 140
8 2 84
106 1 8
26 2 207
54 1 129
46 2 28
26 1 33
43 2 226
47 1 16
25 1 196
89 1 8
106 1 52
8 7 16
85 1 82
51 1 35
196 1 106
101 1 207
89 1 226
92 2 22
16 1 35
16 2 17
49 1 46
33 1 8
41 2 38
226 1 8
38 1 196
35 2 8
47 1 8
8 5 16
196 2 170
41 1 20
8 2 48
226 1 16
89 1 43
222 1 50
48 1 207
63 1 25
207 1 17
47 1 52
140 1 25
54 2 38
52 1 207
89 1 41
8 2 27
24 1 20
106 1 28
20 1 47
8 4 16
84 1 40
170 1 47
33 1 27
35 1 16
63 1 46
207 2 26
207 1 36
196 2 85
28 1 8
25 1 61
8 1 17
8 1 81
26 1 8
24 2 25
38 1 101
16 2 48
22 1 207
30 1 26
70 1 25
25 1 22
38 1 22
207 1 35
53 2 129
61 1 99
85 1 38
63 1 16
40 1 207
52 2 53
170 2 70
106 1 37
56 1 38
50 2 99
8 1 35
25 1 142
106 1 16
25 1 170
53 2 76
26 1 36
50 2 56
222 1 25
101 1 26
38 1 170
92 1 50
81 1 207
22 1 26
207 1 16
38 1 70
207 1 8
27 1 30
28 2 16
26 1 45
58 1 8
47 1 37
25 1 89
35 2 49
99 1 25
8 1 16
70 1 38
28 2 8
8 2 25
8 2 81
89 1 46
222 2 22
82 1 53
226 2 16
? 1 github_java_program_data/9/428.java

24 1 23
35 2 16
38 1 92
26 1 33
30 1 8
16 2 8
54 1 53
101 2 92
45 2 16
106 1 52
22 2 101
16 2 84
22 2 70
25 1 70
8 7 16
16 1 81
33 2 35
25 1 101
101 2 22
207 1 16
53 1 26
16 2 27
92 1 56
41 2 226
101 1 207
8 2 48
89 1 226
92 2 22
82 2 38
38 1 85
16 2 17
50 2 76
17 2 45
226 1 8
207 1 8
16 1 48
46 2 41
47 1 8
82 1 50
8 5 16
24 2 38
207 1 35
37 1 47
16 1 8
16 1 27
106 1 16
81 1 207
16 7 8
48 1 207
70 1 82
16 2 35
82 1 37
47 1 52
17 2 16
26 1 35
20 1 8
76 1 207
52 1 207
89 1 41
8 2 130
8 4 16
54 1 129
84 1 40
37 2 53
37 2 50
8 2 35
85 1 54
106 1 226
101 2 85
207 1 36
35 2 45
20 1 130
89 1 16
53 2 56
89 1 38
47 1 28
50 1 26
85 2 22
8 1 81
26 1 8
26 1 17
70 2 101
92 1 53
17 2 33
38 1 101
16 2 48
23 1 47
28 1 16
22 1 207
54 1 37
36 2 45
25 1 22
22 1 26
53 2 129
70 1 38
207 1 45
41 1 20
54 2 25
40 1 207
35 2 36
8 1 48
81 1 26
48 1 26
16 2 24
33 1 16
8 2 52
36 2 8
36 2 16
16 2 52
26 1 36
33 1 84
101 1 26
51 1 89
56 1 25
38 1 22
37 1 106
16 1 17
89 1 24
27 1 30
207 1 17
26 1 45
82 1 76
129 1 207
17 2 8
130 1 16
26 1 16
8 2 17
85 1 25
28 2 8
8 2 81
89 1 46
16 4 8
226 2 16
? 1 github_java_program_data/9/45.java

24 1 23
35 2 16
38 1 92
26 1 33
30 1 8
16 2 8
54 1 53
101 2 92
45 2 16
106 1 52
22 2 101
16 2 84
22 2 70
25 1 70
8 7 16
16 1 81
33 2 35
25 1 101
101 2 22
207 1 16
53 1 26
16 2 27
92 1 56
41 2 226
101 1 207
8 2 48
89 1 226
92 2 22
82 2 38
38 1 85
16 2 17
50 2 76
17 2 45
226 1 8
207 1 8
16 1 48
46 2 41
47 1 8
82 1 50
8 5 16
24 2 38
207 1 35
37 1 47
16 1 8
16 1 27
106 1 16
81 1 207
16 7 8
48 1 207
70 1 82
16 2 35
82 1 37
47 1 52
17 2 16
26 1 35
20 1 8
76 1 207
52 1 207
89 1 41
8 2 130
8 4 16
54 1 129
84 1 40
37 2 53
37 2 50
8 2 35
85 1 54
106 1 226
101 2 85
207 1 36
35 2 45
20 1 130
89 1 16
53 2 56
89 1 38
47 1 28
50 1 26
85 2 22
8 1 81
26 1 8
26 1 17
70 2 101
92 1 53
17 2 33
38 1 101
16 2 48
23 1 47
28 1 16
22 1 207
54 1 37
36 2 45
25 1 22
22 1 26
53 2 129
70 1 38
207 1 45
41 1 20
54 2 25
40 1 207
35 2 36
8 1 48
81 1 26
48 1 26
16 2 24
33 1 16
8 2 52
36 2 8
36 2 16
16 2 52
26 1 36
33 1 84
101 1 26
51 1 89
56 1 25
38 1 22
37 1 106
16 1 17
89 1 24
27 1 30
207 1 17
26 1 45
82 1 76
129 1 207
17 2 8
130 1 16
26 1 16
8 2 17
85 1 25
28 2 8
8 2 81
89 1 46
16 4 8
226 2 16
? 1 github_java_program_data/9/451.java

8 2 84
8 2 41
54 1 129
140 1 38
35 2 17
25 1 92
85 2 196
26 1 33
16 2 37
54 1 53
25 1 196
38 1 89
82 1 52
16 1 81
52 2 50
51 1 35
16 1 17
53 1 26
8 2 35
16 1 35
101 1 207
8 2 48
89 1 226
16 2 35
89 1 8
8 7 16
196 1 106
16 2 17
51 1 49
33 1 8
226 1 8
38 1 196
16 1 48
35 2 8
46 2 8
41 2 25
196 2 22
47 1 8
82 1 50
196 2 170
17 2 45
207 1 35
41 1 20
16 1 8
35 2 36
106 1 16
38 1 170
16 7 8
48 1 207
37 1 26
70 1 82
16 2 81
47 1 52
89 1 41
17 2 16
26 1 35
207 1 33
76 1 207
52 1 207
170 1 106
26 1 58
8 2 27
8 2 38
47 1 16
35 2 49
226 2 8
20 1 47
47 1 37
49 1 38
84 1 40
170 1 47
33 1 27
35 1 16
43 2 46
8 2 37
85 1 54
106 1 226
38 1 60
106 1 52
53 2 56
28 1 8
47 1 28
82 2 25
8 1 17
8 1 81
26 1 8
26 1 17
70 2 101
92 1 53
38 1 101
54 2 38
8 2 52
16 2 48
28 1 16
22 1 207
54 1 37
49 1 8
70 1 25
25 1 22
196 1 47
37 2 53
53 2 129
50 2 76
26 1 16
207 1 45
58 2 17
30 1 207
56 2 140
84 1 30
85 1 38
40 1 207
45 2 35
170 2 70
106 1 37
46 2 226
8 1 48
8 1 35
16 5 8
81 1 26
48 1 26
50 1 26
226 1 16
28 2 8
16 2 52
8 4 16
26 1 36
89 1 25
89 1 43
35 2 16
82 1 76
56 1 25
58 1 84
22 1 26
37 1 106
207 1 16
38 1 70
207 1 8
49 1 46
25 1 85
28 2 16
207 1 17
26 1 45
58 1 8
129 1 207
17 2 8
92 1 56
170 2 85
17 2 36
8 1 16
8 2 17
25 1 170
89 1 46
92 1 140
8 5 16
16 4 8
226 2 16
? 1 github_java_program_data/9/464.java

26 1 58
38 1 89
38 1 22
25 1 92
38 1 92
16 2 41
52 1 47
54 1 53
8 2 41
49 1 16
22 2 101
16 2 84
25 1 70
16 1 81
25 1 101
53 1 26
8 2 35
92 1 56
16 4 8
89 1 8
38 1 85
89 2 63
17 2 45
170 2 222
16 1 48
63 1 38
23 1 106
53 2 56
43 2 226
35 2 16
54 1 52
207 1 35
25 1 143
16 1 8
52 2 50
8 2 52
53 2 38
51 1 42
37 1 26
16 2 37
52 1 26
72 1 8
16 2 81
61 2 196
50 2 25
17 2 16
26 1 35
38 1 147
92 2 61
22 2 100
170 1 106
63 1 24
226 2 8
16 2 38
170 2 196
8 2 37
33 1 16
106 1 226
63 1 72
42 1 8
35 2 45
82 1 52
89 1 16
89 1 38
47 1 28
50 1 26
26 1 17
92 1 53
82 2 38
37 1 207
222 2 143
16 2 25
41 1 23
38 1 63
47 1 226
42 2 49
103 1 50
50 2 76
70 1 38
207 1 45
17 2 36
54 2 25
38 1 143
207 1 25
38 1 222
53 1 207
196 1 47
8 1 48
58 1 16
81 1 26
101 2 22
63 1 8
63 2 89
82 1 50
89 1 28
51 1 49
85 2 70
82 1 76
56 1 25
58 1 84
17 2 35
35 1 8
16 1 17
52 1 106
61 1 50
38 1 61
22 2 60
207 1 17
16 2 27
76 1 26
129 1 207
17 2 8
101 2 61
25 1 222
103 2 101
70 1 54
8 2 17
50 1 207
35 2 33
25 1 60
99 1 38
46 2 16
8 2 84
106 1 8
53 2 25
26 2 207
54 1 129
46 2 28
53 2 99
8 5 16
26 1 33
25 1 26
47 1 16
25 1 196
106 1 52
50 2 129
8 7 16
85 1 82
51 1 35
142 6 63
70 2 101
16 1 35
8 2 24
101 1 207
8 2 48
89 1 226
196 1 106
16 2 17
25 1 207
27 1 30
33 1 8
41 2 38
226 1 8
38 1 196
35 2 8
47 1 8
38 1 103
38 1 142
24 2 38
41 1 20
25 1 61
36 2 17
106 1 16
89 1 43
222 1 38
48 1 207
40 1 26
25 1 67
63 1 25
16 2 35
47 1 52
25 1 100
222 2 142
196 2 92
54 2 38
52 1 207
89 1 41
8 2 27
143 1 26
24 1 20
106 1 28
20 1 47
8 4 16
84 1 40
170 1 47
33 1 27
103 1 25
63 1 46
24 2 25
207 1 36
196 2 85
28 1 8
54 1 50
207 1 58
25 1 142
49 1 38
8 1 81
26 1 8
207 2 26
38 1 101
35 2 42
196 2 170
16 2 48
222 1 53
72 2 46
22 1 207
70 1 25
25 1 22
8 1 17
53 2 129
61 1 99
30 1 207
101 2 147
85 1 38
63 1 28
52 2 53
28 1 16
106 1 37
46 2 226
28 2 8
50 2 99
8 1 35
48 1 26
226 1 16
142 1 26
16 2 52
26 1 36
43 2 28
50 2 56
222 1 25
101 1 26
38 1 170
92 1 50
16 7 8
81 1 207
22 1 26
207 1 16
38 1 70
207 1 8
49 1 46
16 5 8
28 2 16
61 1 53
26 1 45
58 1 8
47 1 37
63 1 226
99 1 25
8 1 16
26 1 16
25 1 170
8 2 81
143 6 89
61 2 70
226 2 16
? 1 github_java_program_data/9/48.java

24 1 23
35 2 16
38 1 92
26 1 33
30 1 8
16 2 8
54 1 53
101 2 92
45 2 16
106 1 52
22 2 101
16 2 84
22 2 70
25 1 70
8 7 16
16 1 81
33 2 35
25 1 101
101 2 22
207 1 16
53 1 26
16 2 27
92 1 56
41 2 226
101 1 207
8 2 48
89 1 226
92 2 22
82 2 38
38 1 85
16 2 17
50 2 76
17 2 45
226 1 8
207 1 8
16 1 48
46 2 41
47 1 8
82 1 50
8 5 16
24 2 38
207 1 35
37 1 47
16 1 8
16 1 27
106 1 16
81 1 207
16 7 8
48 1 207
70 1 82
16 2 35
82 1 37
47 1 52
17 2 16
26 1 35
20 1 8
76 1 207
52 1 207
89 1 41
8 2 130
8 4 16
54 1 129
84 1 40
37 2 53
37 2 50
8 2 35
85 1 54
106 1 226
101 2 85
207 1 36
35 2 45
20 1 130
89 1 16
53 2 56
89 1 38
47 1 28
50 1 26
85 2 22
8 1 81
26 1 8
26 1 17
70 2 101
92 1 53
17 2 33
38 1 101
16 2 48
23 1 47
28 1 16
22 1 207
54 1 37
36 2 45
25 1 22
22 1 26
53 2 129
70 1 38
207 1 45
41 1 20
54 2 25
40 1 207
35 2 36
8 1 48
81 1 26
48 1 26
16 2 24
33 1 16
8 2 52
36 2 8
36 2 16
16 2 52
26 1 36
33 1 84
101 1 26
51 1 89
56 1 25
38 1 22
37 1 106
16 1 17
89 1 24
27 1 30
207 1 17
26 1 45
82 1 76
129 1 207
17 2 8
130 1 16
26 1 16
8 2 17
85 1 25
28 2 8
8 2 81
89 1 46
16 4 8
226 2 16
? 1 github_java_program_data/9/480.java

8 2 84
106 1 8
26 1 58
35 2 16
26 1 33
47 1 16
25 1 196
25 1 63
82 1 52
51 1 18
20 1 106
25 1 70
8 7 16
35 2 45
25 1 101
51 1 35
54 2 25
16 1 17
24 1 23
16 2 27
196 1 106
8 2 24
101 1 207
16 4 8
89 1 226
16 2 35
89 1 8
38 1 85
89 2 63
16 1 35
16 2 17
51 1 49
49 1 46
17 2 45
226 1 8
50 2 76
16 1 48
35 2 8
63 1 38
196 2 22
18 1 16
8 5 16
24 2 38
207 1 35
41 1 20
16 1 8
35 2 36
36 2 17
106 1 16
89 1 43
16 7 8
51 1 42
38 1 170
48 1 207
40 1 26
30 1 26
106 2 47
49 1 8
49 1 25
46 2 8
17 2 16
26 1 35
47 2 106
207 1 33
46 2 226
42 1 8
38 1 101
76 1 207
52 1 207
170 1 106
63 1 24
54 1 53
106 1 28
226 2 8
20 1 47
8 4 16
54 1 129
84 1 40
170 1 47
89 1 41
43 2 46
8 2 35
63 1 46
85 1 54
106 1 226
207 1 36
22 2 101
106 1 52
16 2 81
41 2 25
28 1 8
47 1 28
207 1 58
33 1 16
8 1 17
8 1 81
26 1 8
24 1 20
26 1 17
42 2 18
35 2 42
16 2 48
23 1 47
30 2 40
28 1 16
22 1 207
54 1 37
47 1 226
8 2 52
25 1 22
22 1 26
53 2 129
46 2 28
26 1 16
207 1 45
30 1 207
84 1 30
17 2 36
8 2 41
40 1 207
8 2 81
8 2 25
53 1 207
129 1 26
8 1 48
8 1 35
16 5 8
81 1 26
18 2 49
48 1 26
101 2 22
50 1 26
226 1 16
82 1 50
37 2 53
26 1 36
33 1 27
89 1 25
101 1 26
81 1 207
82 1 76
85 1 25
58 1 84
63 1 8
38 1 22
35 1 8
207 1 16
207 1 8
27 1 30
23 2 20
28 2 16
207 1 17
26 1 45
63 1 43
58 1 8
17 2 8
25 1 89
170 2 85
82 2 38
8 1 16
70 1 38
8 2 17
37 1 26
28 2 8
63 1 28
52 2 50
89 1 46
226 2 16
70 1 82
? 1 github_java_program_data/9/488.java

26 1 58
35 2 16
52 1 47
54 1 53
8 2 41
16 2 84
25 1 70
16 1 81
25 1 101
53 1 26
16 2 27
16 4 8
25 1 63
8 7 16
89 2 63
17 2 45
16 1 48
63 1 38
23 1 106
207 1 35
37 1 47
16 1 8
8 2 52
16 7 8
51 1 42
37 1 26
16 2 37
52 1 26
16 2 81
17 2 16
26 1 35
207 1 33
170 1 106
63 1 24
82 1 37
81 1 26
49 1 8
170 2 196
8 2 37
70 1 54
106 1 226
101 2 85
47 1 28
33 1 16
222 2 101
76 1 207
26 1 17
82 2 38
42 2 18
37 1 207
28 1 16
54 1 37
16 2 52
42 2 49
22 1 26
170 2 101
50 2 38
26 1 16
207 1 45
54 2 25
54 1 52
196 1 47
8 1 48
58 1 16
226 2 8
22 2 222
46 2 43
50 1 26
82 1 50
170 1 47
51 1 49
82 1 76
58 1 84
16 1 17
16 5 8
16 2 35
8 2 35
129 1 207
17 2 8
25 1 222
41 2 46
8 2 17
35 2 33
35 2 36
8 2 84
106 1 8
54 1 129
26 1 33
43 2 226
47 1 16
25 1 196
89 1 8
106 1 52
85 1 82
101 2 22
25 1 85
196 1 106
8 2 24
101 1 207
89 1 226
16 1 35
16 2 17
50 2 76
33 1 8
226 1 8
38 1 196
35 2 8
47 1 8
18 1 16
196 2 170
24 2 38
41 1 20
8 2 48
36 2 17
106 1 16
42 1 16
81 1 207
222 1 50
48 1 207
40 1 26
207 1 17
49 1 25
47 1 52
47 2 106
52 1 207
89 1 41
24 1 23
8 2 27
106 1 28
20 1 47
8 4 16
84 1 40
37 2 53
33 1 27
37 2 50
63 1 46
207 1 36
28 1 8
89 1 46
8 1 17
8 1 81
26 1 8
196 2 70
38 1 101
16 2 48
22 1 207
70 1 25
25 1 22
38 1 22
27 1 40
53 2 129
63 1 226
70 2 170
30 1 207
85 1 38
40 1 207
52 2 53
8 2 25
106 1 37
46 2 226
8 1 35
48 1 26
226 1 16
25 1 170
46 1 30
26 1 36
89 1 25
101 1 26
89 1 43
46 2 25
18 2 42
222 1 38
63 1 8
51 1 18
207 1 16
38 1 70
207 1 8
27 1 30
28 2 16
26 1 45
58 1 8
47 1 37
47 1 226
25 1 89
35 2 58
8 1 16
28 2 8
8 2 81
89 1 46
8 5 16
226 2 16
? 1 github_java_program_data/9/495.java

26 1 58
35 2 16
38 1 92
52 1 47
54 1 53
8 2 41
22 2 101
63 1 43
25 1 70
16 1 81
25 1 101
24 1 23
8 2 35
43 2 46
16 4 8
25 1 63
38 1 85
89 2 63
106 1 37
17 2 45
16 1 48
63 1 38
207 1 25
53 2 56
207 1 35
16 1 8
8 2 52
16 7 8
51 1 42
37 1 26
70 1 82
16 2 81
17 2 16
26 1 35
207 1 33
170 1 106
63 1 24
49 1 25
81 1 26
49 1 8
8 2 37
106 1 226
35 2 45
106 1 52
89 1 38
82 1 50
33 1 16
16 2 84
26 1 17
92 1 53
82 2 38
37 1 207
28 1 16
47 1 226
42 2 49
22 1 26
50 2 76
26 1 16
207 1 45
17 2 36
54 2 25
45 2 35
52 2 50
54 1 52
53 1 207
129 1 26
8 1 48
58 1 16
226 2 8
84 1 40
50 1 26
51 1 49
82 1 76
56 1 25
58 1 84
16 1 17
52 1 106
53 1 26
16 5 8
16 2 35
16 2 27
17 2 8
92 1 56
8 2 17
85 1 25
35 2 33
35 2 36
8 2 84
106 1 8
54 1 129
26 1 33
16 2 37
47 1 16
89 1 8
82 1 52
8 7 16
101 2 22
16 1 35
8 2 24
101 1 207
89 1 226
196 1 106
16 2 17
25 1 207
27 1 30
33 1 8
41 2 38
226 1 8
38 1 196
35 2 8
196 2 22
47 1 8
47 1 28
8 5 16
24 2 38
41 1 20
8 2 48
106 1 16
42 1 16
89 1 43
48 1 207
207 1 17
76 1 207
52 1 207
89 1 41
58 1 8
106 1 28
20 1 47
8 4 16
46 2 8
33 1 27
63 1 46
85 1 54
63 1 28
28 1 8
8 1 17
8 1 81
26 1 8
207 2 26
38 1 101
23 1 47
22 1 207
8 1 16
25 1 22
38 1 22
53 2 129
46 2 28
30 1 207
40 1 207
52 2 53
25 1 26
8 2 25
170 2 101
46 2 226
8 1 35
48 1 26
226 1 16
25 1 170
26 1 36
101 1 26
81 1 207
26 2 207
63 1 8
207 1 16
207 1 8
49 1 46
36 2 35
28 2 16
26 1 45
8 2 27
47 1 37
25 1 89
35 2 58
30 1 26
70 1 38
28 2 8
8 2 81
89 1 46
226 2 16
? 1 github_java_program_data/9/523.java

26 1 58
140 1 38
25 1 92
16 2 41
52 1 47
54 1 53
8 2 41
22 2 101
63 1 43
41 1 23
16 1 81
52 2 50
24 1 23
8 2 35
43 2 46
16 4 8
25 1 63
8 7 16
89 2 63
17 2 45
16 1 48
46 2 8
53 2 56
35 2 16
8 2 25
207 1 35
16 1 8
8 2 52
16 7 8
51 1 42
37 1 26
70 1 82
52 1 26
16 2 81
17 2 16
26 1 35
207 1 33
63 1 24
49 1 25
81 1 26
49 1 8
8 2 37
106 1 226
35 2 45
40 2 30
89 1 16
89 1 38
82 1 50
33 1 16
16 2 84
54 2 38
92 1 53
37 1 207
30 2 40
25 1 26
47 1 226
42 2 49
22 1 26
170 2 101
50 2 76
26 1 16
207 1 45
56 2 140
84 1 30
17 2 36
54 1 52
53 1 207
129 1 26
8 1 48
58 1 16
226 2 8
50 1 26
63 2 89
89 1 28
51 1 49
82 1 76
56 1 25
58 1 84
16 1 17
52 1 106
53 1 26
16 5 8
16 2 35
16 2 27
17 2 8
92 1 56
8 2 17
82 2 25
92 1 140
35 2 36
8 2 84
106 1 8
54 1 129
26 1 33
16 2 37
47 1 16
89 1 8
106 1 52
20 1 106
101 2 22
26 1 25
25 1 85
16 1 35
8 2 24
101 1 207
89 1 226
20 2 23
196 1 106
16 2 17
25 1 207
27 1 30
33 1 8
41 2 38
226 1 8
38 1 196
35 2 8
196 2 22
47 1 8
47 1 28
8 5 16
41 1 20
8 2 48
226 1 16
42 1 16
81 1 207
48 1 207
63 1 25
207 1 17
76 1 207
89 1 41
8 2 27
26 1 17
106 1 28
20 1 47
8 4 16
84 1 40
170 1 47
33 1 27
63 1 46
85 1 54
24 2 25
207 1 36
38 1 60
28 1 8
8 1 17
8 1 81
26 1 8
207 2 26
38 1 101
23 1 47
22 1 207
30 1 26
70 1 25
25 1 22
38 1 22
53 2 129
46 2 28
30 1 207
85 1 38
40 1 207
52 2 53
28 1 16
89 1 43
106 1 37
46 2 226
8 1 35
48 1 26
82 1 52
106 1 16
26 1 36
38 1 170
26 2 207
63 1 8
207 1 16
38 1 70
207 1 8
49 1 46
28 2 16
26 1 45
58 1 8
47 1 37
25 1 89
23 2 20
8 1 16
28 2 8
63 1 28
89 1 46
226 2 16
? 1 github_java_program_data/9/530.java

24 1 23
35 2 16
38 1 92
26 1 33
30 1 8
16 2 8
54 1 53
101 2 92
45 2 16
106 1 52
22 2 101
16 2 84
22 2 70
25 1 70
8 7 16
16 1 81
33 2 35
25 1 101
101 2 22
207 1 16
53 1 26
16 2 27
92 1 56
41 2 226
101 1 207
8 2 48
89 1 226
92 2 22
82 2 38
38 1 85
16 2 17
50 2 76
17 2 45
226 1 8
207 1 8
16 1 48
46 2 41
47 1 8
82 1 50
8 5 16
24 2 38
207 1 35
37 1 47
16 1 8
16 1 27
106 1 16
81 1 207
16 7 8
48 1 207
70 1 82
16 2 35
82 1 37
47 1 52
17 2 16
26 1 35
20 1 8
76 1 207
52 1 207
89 1 41
8 2 130
8 4 16
54 1 129
84 1 40
37 2 53
37 2 50
8 2 35
85 1 54
106 1 226
101 2 85
207 1 36
35 2 45
20 1 130
89 1 16
53 2 56
89 1 38
47 1 28
50 1 26
85 2 22
8 1 81
26 1 8
26 1 17
70 2 101
92 1 53
17 2 33
38 1 101
16 2 48
23 1 47
28 1 16
22 1 207
54 1 37
36 2 45
25 1 22
22 1 26
53 2 129
70 1 38
207 1 45
41 1 20
54 2 25
40 1 207
35 2 36
8 1 48
81 1 26
48 1 26
16 2 24
33 1 16
8 2 52
36 2 8
36 2 16
16 2 52
26 1 36
33 1 84
101 1 26
51 1 89
56 1 25
38 1 22
37 1 106
16 1 17
89 1 24
27 1 30
207 1 17
26 1 45
82 1 76
129 1 207
17 2 8
130 1 16
26 1 16
8 2 17
85 1 25
28 2 8
8 2 81
89 1 46
16 4 8
226 2 16
? 1 github_java_program_data/9/538.java

226 1 43
24 1 23
38 1 89
35 2 16
16 2 41
54 1 53
8 2 41
22 2 101
63 1 43
41 1 23
16 1 81
25 1 101
55 2 38
53 1 26
16 2 27
31 1 43
89 1 8
8 7 16
89 2 63
17 2 45
26 1 35
16 1 48
46 2 8
23 1 106
31 1 41
207 1 35
37 1 47
16 1 8
8 2 52
16 7 8
37 1 26
16 2 81
170 2 222
43 2 16
170 1 106
81 1 26
49 1 8
8 2 37
106 1 226
35 2 45
41 2 25
89 1 38
47 1 28
33 1 16
222 2 101
24 1 20
26 1 17
49 1 55
30 2 40
25 1 70
28 1 16
54 1 37
16 2 52
196 1 47
70 1 38
207 1 45
35 2 17
84 1 30
17 2 36
38 1 222
8 1 48
226 2 8
101 2 22
50 1 26
8 2 55
37 2 53
28 1 46
51 1 49
58 1 84
17 2 35
16 1 17
16 5 8
16 2 35
8 2 35
129 1 207
33 2 17
70 1 54
8 2 17
35 2 33
16 4 8
46 2 16
8 2 84
106 1 8
54 1 129
26 1 33
47 1 16
106 1 52
31 2 89
63 1 41
16 1 35
8 2 24
101 1 207
89 1 226
20 2 23
89 1 24
196 1 106
16 2 17
27 1 30
24 2 38
226 1 8
38 1 196
35 2 8
47 1 8
8 5 16
196 2 170
41 1 20
8 2 48
106 1 16
81 1 207
222 1 50
48 1 207
40 1 26
63 1 25
207 1 17
47 1 52
52 1 207
43 2 8
31 1 16
54 2 38
106 1 28
20 1 47
8 4 16
84 1 40
170 1 47
33 1 27
63 1 28
28 1 8
207 1 58
49 1 38
8 1 81
26 1 8
38 1 101
22 1 207
8 1 16
25 1 22
38 1 22
27 1 40
53 2 129
17 2 8
30 1 207
55 1 131
40 1 207
131 1 16
38 1 63
46 2 226
170 2 31
50 2 25
8 1 35
48 1 26
226 1 16
47 1 226
26 1 36
43 2 28
222 1 25
101 1 26
38 1 170
63 1 8
22 1 26
207 1 16
207 1 8
49 1 46
36 2 35
28 2 16
26 1 45
58 1 8
47 1 37
30 1 26
26 1 16
38 1 31
31 1 25
28 2 8
8 2 81
89 1 46
226 2 16
? 1 github_java_program_data/9/547.java

24 1 23
35 2 16
38 1 92
26 1 33
30 1 8
16 2 8
54 1 53
101 2 92
45 2 16
106 1 52
22 2 101
16 2 84
22 2 70
25 1 70
8 7 16
16 1 81
33 2 35
25 1 101
101 2 22
207 1 16
53 1 26
16 2 27
92 1 56
41 2 226
101 1 207
8 2 48
89 1 226
92 2 22
82 2 38
38 1 85
16 2 17
50 2 76
17 2 45
226 1 8
207 1 8
16 1 48
46 2 41
47 1 8
82 1 50
8 5 16
24 2 38
207 1 35
37 1 47
16 1 8
16 1 27
106 1 16
81 1 207
16 7 8
48 1 207
70 1 82
16 2 35
82 1 37
47 1 52
17 2 16
26 1 35
20 1 8
76 1 207
52 1 207
89 1 41
8 2 130
8 4 16
54 1 129
84 1 40
37 2 53
37 2 50
8 2 35
85 1 54
106 1 226
101 2 85
207 1 36
35 2 45
20 1 130
89 1 16
53 2 56
89 1 38
47 1 28
50 1 26
85 2 22
8 1 81
26 1 8
26 1 17
70 2 101
92 1 53
17 2 33
38 1 101
16 2 48
23 1 47
28 1 16
22 1 207
54 1 37
36 2 45
25 1 22
22 1 26
53 2 129
70 1 38
207 1 45
41 1 20
54 2 25
40 1 207
35 2 36
8 1 48
81 1 26
48 1 26
16 2 24
33 1 16
8 2 52
36 2 8
36 2 16
16 2 52
26 1 36
33 1 84
101 1 26
51 1 89
56 1 25
38 1 22
37 1 106
16 1 17
89 1 24
27 1 30
207 1 17
26 1 45
82 1 76
129 1 207
17 2 8
130 1 16
26 1 16
8 2 17
85 1 25
28 2 8
8 2 81
89 1 46
16 4 8
226 2 16
? 1 github_java_program_data/9/596.java

24 1 23
38 1 89
49 2 75
25 1 92
16 2 41
52 1 47
37 2 50
8 2 41
22 2 101
16 2 84
41 1 23
16 1 81
25 1 101
16 2 24
53 1 26
8 2 35
92 1 56
16 4 8
89 1 8
8 7 16
89 2 63
51 1 75
170 2 222
16 1 48
63 1 38
23 1 106
53 2 56
31 1 41
35 2 16
207 1 35
16 1 8
16 1 27
31 1 8
43 2 16
53 2 38
51 1 42
46 2 226
37 1 26
52 1 26
23 1 130
17 2 16
26 1 35
8 1 84
207 1 33
170 1 106
26 1 58
22 2 103
81 1 26
49 1 8
170 2 196
8 2 37
75 1 16
106 1 226
48 1 26
35 2 45
82 1 52
89 1 16
41 2 25
89 1 38
47 1 28
50 1 26
8 2 130
76 1 207
24 1 20
92 1 53
82 2 38
37 1 207
16 2 25
75 1 25
28 1 16
54 1 37
47 1 226
42 2 49
196 1 47
26 1 16
207 1 45
35 2 17
84 1 30
17 2 36
54 2 25
52 2 50
53 1 207
8 1 48
58 1 16
40 1 8
226 2 8
51 1 35
33 1 16
63 2 89
82 1 50
89 1 28
51 1 49
82 1 76
103 1 53
58 1 84
35 1 8
16 1 17
8 1 24
16 5 8
170 2 22
16 2 35
16 2 27
129 1 207
17 2 8
130 1 16
25 1 222
103 2 101
70 1 54
8 2 17
35 2 33
35 2 36
8 2 84
16 1 41
106 1 8
53 2 25
54 1 129
26 1 33
17 2 58
47 1 16
25 1 196
106 1 52
20 1 106
50 2 129
85 1 82
33 2 35
40 2 30
63 1 41
22 1 26
25 1 85
196 1 106
8 2 24
101 1 207
89 1 226
207 1 8
16 1 35
16 2 17
50 2 76
33 1 8
41 2 38
226 1 8
38 1 196
35 2 8
31 2 89
101 2 22
47 1 8
54 1 50
196 2 170
24 2 38
38 1 170
41 1 20
8 2 48
75 1 43
226 1 16
81 1 207
222 1 38
48 1 207
40 1 26
63 1 25
8 2 52
207 1 17
47 1 52
196 2 101
20 1 8
52 1 207
8 2 27
8 2 38
26 1 17
106 1 28
20 1 47
8 4 16
84 1 40
170 1 47
33 1 27
103 1 25
17 2 33
207 1 36
16 2 81
28 1 8
38 1 103
207 1 58
49 1 38
8 1 81
26 1 8
24 2 25
38 1 101
35 2 42
16 2 48
23 1 47
222 1 53
22 1 207
8 1 16
70 1 25
25 1 22
8 1 17
27 1 40
63 1 226
30 1 207
85 1 38
63 1 16
40 1 207
38 1 63
106 1 37
56 1 38
170 2 31
46 2 43
8 1 35
42 1 8
106 1 16
28 2 8
16 2 52
26 1 36
43 2 28
89 1 25
101 1 26
89 1 43
8 2 81
16 7 8
38 1 22
37 1 106
207 1 16
38 1 70
89 1 24
27 1 30
36 2 35
28 2 16
26 1 45
58 1 8
47 1 37
25 1 89
23 2 20
30 1 26
38 1 31
23 1 8
31 1 25
25 1 170
63 1 28
89 1 46
8 5 16
226 2 16
? 1 github_java_program_data/9/597.java

106 1 8
8 7 16
54 1 129
35 2 16
38 1 92
26 1 33
16 2 37
52 1 47
54 1 53
49 1 16
106 1 52
22 2 101
38 1 85
16 1 81
25 1 101
51 1 35
85 1 25
207 1 16
53 1 26
8 2 35
16 1 35
101 1 207
16 4 8
89 1 226
16 2 27
207 1 8
101 2 222
196 1 106
16 2 17
25 1 207
49 1 46
41 2 38
226 1 8
38 1 196
16 1 48
35 2 8
47 1 8
82 1 50
196 2 170
38 1 222
207 1 35
41 1 20
16 1 8
8 2 48
36 2 17
53 1 207
81 1 207
222 1 38
16 2 41
48 1 207
37 1 26
16 2 35
49 1 25
17 2 16
26 1 35
50 2 38
222 2 92
50 2 76
76 1 207
52 1 207
89 1 41
54 2 38
16 7 8
47 1 16
35 2 49
226 2 8
20 1 47
8 4 16
170 2 196
170 1 47
33 1 27
43 2 46
8 2 37
46 2 226
106 1 226
207 1 36
35 2 45
25 1 89
82 1 52
89 1 16
53 2 56
28 1 8
47 1 28
50 1 26
8 1 81
26 1 8
26 1 17
196 2 70
92 1 53
207 2 26
38 1 101
37 1 207
16 2 48
16 2 25
25 1 26
16 2 52
25 1 22
22 1 26
53 2 129
70 1 54
70 1 38
85 1 82
30 1 207
17 2 36
16 2 81
52 2 53
207 1 25
54 1 52
106 1 37
129 1 26
8 1 48
106 1 16
8 1 35
81 1 26
48 1 26
33 1 16
226 1 16
26 1 36
51 1 49
101 1 26
38 1 170
82 1 76
82 2 25
56 1 25
89 1 43
222 1 50
26 2 207
38 1 22
35 1 8
16 1 17
38 1 70
52 1 106
27 1 30
28 2 16
70 2 85
207 1 17
26 1 45
47 1 37
17 2 8
89 1 38
92 1 56
8 1 16
26 1 16
8 2 17
50 1 207
28 2 8
207 1 45
8 2 81
52 2 50
89 1 46
46 2 16
8 5 16
28 1 16
35 2 36
226 2 16
? 1 github_java_program_data/9/603.java

24 1 23
35 2 16
38 1 92
26 1 33
30 1 8
16 2 8
54 1 53
101 2 92
45 2 16
106 1 52
22 2 101
16 2 84
22 2 70
25 1 70
8 7 16
16 1 81
33 2 35
25 1 101
101 2 22
207 1 16
53 1 26
16 2 27
92 1 56
41 2 226
101 1 207
8 2 48
89 1 226
92 2 22
82 2 38
38 1 85
16 2 17
50 2 76
17 2 45
226 1 8
207 1 8
16 1 48
46 2 41
47 1 8
82 1 50
8 5 16
24 2 38
207 1 35
37 1 47
16 1 8
16 1 27
106 1 16
81 1 207
16 7 8
48 1 207
70 1 82
16 2 35
82 1 37
47 1 52
17 2 16
26 1 35
20 1 8
76 1 207
52 1 207
89 1 41
8 2 130
8 4 16
54 1 129
84 1 40
37 2 53
37 2 50
8 2 35
85 1 54
106 1 226
101 2 85
207 1 36
35 2 45
20 1 130
89 1 16
53 2 56
89 1 38
47 1 28
50 1 26
85 2 22
8 1 81
26 1 8
26 1 17
70 2 101
92 1 53
17 2 33
38 1 101
16 2 48
23 1 47
28 1 16
22 1 207
54 1 37
36 2 45
25 1 22
22 1 26
53 2 129
70 1 38
207 1 45
41 1 20
54 2 25
40 1 207
35 2 36
8 1 48
81 1 26
48 1 26
16 2 24
33 1 16
8 2 52
36 2 8
36 2 16
16 2 52
26 1 36
33 1 84
101 1 26
51 1 89
56 1 25
38 1 22
37 1 106
16 1 17
89 1 24
27 1 30
207 1 17
26 1 45
82 1 76
129 1 207
17 2 8
130 1 16
26 1 16
8 2 17
85 1 25
28 2 8
8 2 81
89 1 46
16 4 8
226 2 16
? 1 github_java_program_data/9/74.java

106 1 8
142 6 89
35 2 16
38 1 92
26 1 33
16 2 37
49 1 25
25 1 196
106 1 52
22 2 101
25 1 143
25 1 101
101 2 22
207 1 16
53 1 26
8 2 35
92 1 56
101 1 207
16 4 8
89 1 226
170 2 103
89 1 8
8 7 16
196 1 106
16 2 17
27 1 30
33 1 8
41 2 38
226 1 8
38 1 196
35 2 8
46 2 8
47 1 8
38 1 103
38 1 142
17 2 45
207 1 35
41 1 20
16 1 8
106 1 16
38 1 170
222 1 38
37 1 26
43 2 226
52 1 26
207 1 17
196 2 222
17 2 16
26 1 35
103 1 50
52 1 207
89 1 41
143 1 26
47 1 16
20 1 47
8 4 16
92 2 196
170 1 47
33 1 27
103 1 25
8 2 37
196 2 170
45 2 17
106 1 226
207 1 36
35 2 45
53 2 56
28 1 8
47 1 28
8 1 17
26 1 8
26 1 17
92 1 53
37 1 207
222 1 53
28 1 16
22 1 207
49 1 8
8 2 52
25 1 22
38 1 22
170 2 101
26 1 16
207 1 45
30 1 207
17 2 36
8 2 41
45 2 35
8 2 25
53 1 207
50 2 25
8 1 35
222 2 170
226 2 8
50 1 26
226 1 16
25 1 170
16 2 52
26 1 36
51 1 49
16 1 35
89 1 43
56 1 25
53 2 38
22 1 26
16 1 17
207 1 8
49 1 46
16 5 8
28 2 16
16 2 35
26 1 45
8 2 27
47 1 37
17 2 8
89 1 38
25 1 89
25 1 222
8 1 16
8 2 17
16 7 8
35 2 33
28 2 8
142 1 26
8 5 16
103 2 142
226 2 16
? 1 github_java_program_data/9/84.java

106 1 8
53 2 25
24 1 23
140 1 38
35 2 16
38 1 92
16 2 41
16 2 37
47 1 16
25 1 196
49 1 16
196 2 103
106 1 52
92 1 99
63 1 43
25 1 101
56 1 25
16 1 17
53 1 26
8 2 35
16 1 35
8 2 24
101 1 207
16 4 8
89 1 226
61 2 101
8 7 16
89 2 63
196 1 106
16 2 17
49 1 46
17 2 45
41 2 38
226 1 8
38 1 196
35 2 8
101 2 22
23 1 106
47 1 8
38 1 103
196 2 170
207 1 35
41 1 20
16 1 8
35 2 49
106 1 16
38 1 170
222 1 38
37 1 26
43 2 226
52 1 26
63 1 25
16 2 35
49 1 38
17 2 16
26 1 35
196 2 101
222 2 92
16 2 38
38 1 89
89 1 41
63 1 24
143 1 26
106 1 28
20 1 47
52 1 207
170 2 196
170 1 47
61 1 56
103 1 25
8 2 37
63 1 46
106 1 226
22 2 101
89 1 16
22 2 196
28 1 8
47 1 28
25 1 61
50 1 26
8 1 17
8 1 81
26 1 8
26 1 17
24 2 25
38 1 101
37 1 207
222 1 53
28 1 16
22 1 207
16 2 52
8 2 52
25 1 22
22 1 26
170 2 101
63 1 226
26 1 16
56 2 140
170 2 61
16 2 81
38 1 143
38 1 63
38 1 222
53 1 207
50 2 99
8 1 35
226 2 8
51 1 35
63 1 8
226 1 16
28 2 8
8 4 16
50 2 56
46 2 43
51 1 49
101 1 26
89 1 43
92 1 50
103 1 53
53 2 38
16 7 8
35 1 8
207 1 16
207 1 8
61 1 50
16 5 8
28 2 16
143 6 89
207 1 17
26 1 45
103 2 143
47 1 37
17 2 8
89 1 38
22 2 170
99 1 25
8 1 16
61 1 140
8 2 17
50 1 207
25 1 170
46 2 16
8 5 16
226 2 16
? 1 github_java_program_data/9/85.java

106 2 47
24 1 23
38 1 89
49 2 75
35 2 16
38 1 92
16 2 41
142 6 89
46 1 40
8 2 41
22 2 101
63 1 43
25 1 101
16 2 24
53 1 26
8 2 35
92 1 56
31 1 43
33 2 17
25 1 63
8 7 16
63 1 46
47 1 46
51 1 75
170 2 222
16 1 48
79 1 24
63 1 38
23 1 106
53 2 56
31 1 41
207 1 35
25 1 143
16 1 8
106 1 46
31 1 8
43 2 16
16 7 8
51 1 42
37 1 26
16 2 37
52 1 26
75 1 8
16 2 81
17 2 16
26 1 35
75 1 38
207 1 33
170 1 106
26 1 58
49 1 25
49 1 8
170 2 196
101 2 92
18 2 49
8 2 37
45 2 17
106 1 226
35 2 45
31 1 38
89 1 16
41 2 25
89 1 38
8 2 38
47 1 28
25 1 31
33 1 16
16 2 84
26 1 17
92 1 53
143 6 63
42 2 18
37 1 207
196 2 31
28 1 16
47 1 226
196 1 47
170 2 101
50 2 38
8 4 16
26 1 16
207 1 45
35 2 17
84 1 30
17 2 36
79 1 38
53 1 207
58 1 16
41 2 46
226 2 8
101 2 22
63 1 8
63 2 89
89 1 28
25 1 170
51 1 49
103 1 53
58 1 84
17 2 35
16 1 17
22 2 142
16 5 8
207 1 17
16 2 27
50 1 26
17 2 8
25 1 222
103 2 101
8 2 24
8 2 17
56 1 25
35 2 33
196 2 103
143 1 207
16 4 8
46 2 16
8 2 84
106 1 8
53 2 25
106 1 43
26 1 33
43 2 226
17 2 58
47 1 16
25 1 196
89 1 8
106 1 52
20 1 106
63 1 41
79 1 43
31 2 79
22 1 26
196 1 106
79 1 16
101 1 207
8 2 48
207 1 8
16 1 35
16 2 17
49 1 43
33 1 8
41 2 38
226 1 8
38 1 196
35 2 8
31 2 89
47 1 8
18 1 16
196 2 170
24 2 38
41 1 20
35 2 36
226 1 16
42 1 16
38 1 170
222 1 50
25 1 79
48 1 207
40 1 26
63 1 25
31 1 46
16 2 35
47 1 52
52 1 207
43 2 8
58 1 8
31 1 16
24 1 20
106 1 28
20 1 47
46 2 38
84 1 40
170 1 47
33 1 27
103 1 25
63 1 46
24 2 25
207 1 36
28 1 8
38 1 103
207 1 58
8 1 17
8 1 81
26 1 8
17 2 33
38 1 101
22 1 207
8 1 16
8 2 52
25 1 22
38 1 22
27 1 40
46 2 28
30 1 207
40 1 207
75 2 49
38 1 63
8 2 25
106 1 37
46 2 226
170 2 31
46 2 43
8 1 35
25 1 142
106 1 16
142 1 26
16 2 52
26 1 36
43 2 28
89 1 25
101 1 26
81 1 207
92 2 101
222 1 38
51 1 18
207 1 16
89 2 63
89 1 24
27 1 30
36 2 35
28 2 16
26 1 45
8 2 27
47 1 37
63 1 226
35 2 58
30 1 26
38 1 31
31 1 25
28 2 8
89 1 46
222 2 22
8 5 16
226 2 16
? 1 github_java_program_data/9/99.java

