94 1 30
27 1 17
85 1 26
90 1 20
18 1 15
27 2 57
15 1 7
16 1 17
42 2 52
86 1 40
25 1 55
72 2 63
15 1 10
51 1 84
22 2 35
27 2 63
56 2 38
49 1 30
34 1 25
45 1 54
40 1 63
31 1 30
62 1 37
25 1 22
10 1 28
57 1 30
10 2 23
53 1 85
38 2 41
15 1 127
42 1 56
15 1 26
37 1 64
63 1 17
56 2 62
53 1 51
40 1 109
28 2 35
33 1 32
63 2 53
23 1 34
37 1 86
34 2 32
83 1 10
40 1 64
12 2 7
35 1 23
15 1 14
49 1 17
30 1 7
36 1 30
20 2 40
10 2 33
86 1 51
31 2 50
90 1 7
64 1 56
39 1 25
41 1 37
40 1 57
40 1 52
31 1 25
10 2 26
10 4 7
27 2 64
10 2 49
17 1 12
28 2 7
45 1 65
10 2 22
35 1 7
30 1 55
37 1 63
54 1 16
109 1 56
19 2 14
24 1 10
24 2 22
32 1 30
85 2 40
9 2 19
51 2 40
24 1 23
30 1 35
49 1 15
7 2 54
35 2 28
7 1 28
17 1 49
37 1 57
27 2 90
20 1 16
7 2 94
28 2 24
35 1 33
45 2 73
25 1 29
63 2 27
43 1 37
34 1 30
40 1 27
19 1 7
42 1 41
26 1 15
32 1 25
22 2 29
72 1 37
40 1 36
28 2 10
52 2 57
85 1 7
40 1 72
30 1 24
38 1 37
35 2 22
51 1 50
53 1 37
86 1 85
10 1 22
19 2 10
49 2 31
54 1 18
52 2 36
63 1 15
48 1 85
24 1 33
26 1 25
37 1 53
63 2 64
36 6 45
65 2 14
33 1 34
25 1 10
85 1 49
7 2 49
25 1 24
53 2 86
7 1 10
73 1 20
73 1 19
42 1 38
17 1 10
10 2 37
51 2 37
30 1 10
7 1 23
48 1 9
16 1 15
52 1 30
25 1 35
40 1 42
37 1 27
27 2 53
109 2 63
9 1 7
37 1 52
37 1 90
22 2 55
35 1 10
48 1 19
54 2 37
17 1 7
64 1 62
32 2 34
30 1 29
30 1 22
57 2 52
12 1 7
15 1 94
27 2 42
14 1 10
7 2 33
49 1 25
28 2 55
19 2 83
7 4 10
23 1 32
7 2 28
10 5 7
22 2 24
14 1 7
37 1 39
73 1 40
62 1 40
7 1 22
84 1 25
73 1 7
7 5 10
31 2 37
27 1 15
25 1 7
63 2 42
65 2 12
30 1 28
72 1 31
37 1 36
10 7 7
7 7 10
38 2 43
64 1 31
38 1 40
25 1 28
63 2 72
7 2 127
53 1 40
50 1 25
12 1 10
109 1 40
83 1 37
42 1 43
90 1 37
52 1 25
7 2 23
26 1 30
51 1 49
19 2 7
22 2 10
10 2 28
17 1 26
15 1 49
48 1 83
90 2 45
12 2 10
7 2 20
85 2 19
31 2 62
10 1 7
40 2 56
7 2 26
83 1 19
37 1 73
57 1 25
22 2 7
45 1 14
53 2 27
90 1 19
15 1 65
37 1 45
51 1 31
31 2 84
53 2 36
16 2 18
45 1 37
14 2 10
24 1 7
14 2 7
20 2 37
56 1 25
73 1 14
45 1 7
19 2 85
7 2 22
27 2 109
56 1 30
10 2 94
127 1 25
15 1 12
? 1 github_java_program_data/6/146.java

25 1 35
56 1 30
86 2 108
37 1 42
10 7 7
56 2 50
26 1 17
85 1 10
18 1 15
10 2 54
27 2 72
16 1 17
85 2 37
86 1 40
81 1 25
31 2 38
72 2 52
15 1 10
40 1 73
73 1 37
40 1 39
27 2 63
10 1 23
90 1 20
49 1 30
83 1 40
83 1 10
45 1 54
34 2 32
39 1 30
40 1 63
31 1 30
62 1 37
25 1 22
10 1 28
19 2 83
57 1 30
10 2 23
7 5 10
10 1 33
38 2 41
57 2 59
42 1 56
15 1 26
7 2 20
10 2 80
63 1 17
56 2 62
53 1 51
27 2 86
28 2 35
17 1 65
33 1 32
63 2 53
23 1 34
63 2 42
37 1 86
40 1 45
34 1 25
40 1 64
12 2 7
86 2 39
56 2 38
15 1 14
49 1 17
73 1 19
30 1 7
14 1 19
85 1 50
31 2 50
90 1 7
64 1 56
26 2 31
40 1 57
14 2 10
31 1 25
48 1 83
10 2 26
10 4 7
27 2 64
17 1 7
28 2 7
22 2 28
80 1 30
25 1 55
45 1 65
10 2 22
57 2 63
40 1 86
12 1 10
54 1 16
10 2 28
50 1 30
24 1 10
24 2 22
32 1 30
85 2 40
51 2 40
24 1 23
30 1 35
15 1 7
37 1 59
7 1 28
17 1 49
31 2 40
37 1 57
27 2 90
20 1 16
10 1 81
32 1 7
45 2 73
25 1 29
63 2 27
40 1 52
7 1 23
40 1 27
19 1 7
7 1 33
42 1 41
32 1 25
72 1 37
40 1 36
28 2 10
52 2 57
85 1 7
40 1 72
22 2 55
35 2 22
51 1 50
53 1 37
86 1 85
32 1 10
10 1 22
40 1 90
10 1 80
28 2 29
54 1 18
63 1 15
48 1 85
39 6 73
56 1 25
7 1 80
65 2 14
33 1 34
80 1 25
85 1 49
7 2 49
25 1 24
10 2 40
7 1 10
73 1 20
12 1 19
42 1 38
17 1 10
17 1 14
51 2 37
85 1 56
35 1 33
34 1 30
48 1 9
37 1 108
52 1 30
34 1 10
25 1 10
9 2 19
37 1 52
85 2 19
35 1 10
48 1 19
54 2 37
10 1 7
64 1 62
12 2 10
30 1 29
30 1 22
30 1 10
12 1 7
86 1 37
36 1 25
7 2 33
20 1 18
34 1 7
28 2 55
7 2 80
28 2 22
55 2 22
23 1 32
52 2 86
7 2 28
10 5 7
22 2 24
14 1 7
18 2 16
10 2 49
7 1 22
35 1 7
73 1 7
108 1 31
28 2 24
31 2 37
81 1 30
27 1 15
25 1 7
41 1 40
42 1 31
65 2 12
30 1 28
53 2 52
17 1 94
72 1 31
45 1 10
19 2 10
7 7 10
10 2 33
37 1 53
38 1 40
7 2 81
25 1 28
53 1 40
50 1 25
37 1 63
90 2 45
94 1 25
49 1 25
30 1 24
52 1 25
7 4 10
7 2 23
26 1 30
90 1 37
19 2 7
22 2 10
22 2 7
17 1 26
51 1 26
15 1 49
17 1 12
7 1 81
32 2 34
108 1 40
22 2 35
7 2 26
84 1 30
30 1 55
19 2 14
49 2 56
57 2 52
45 1 14
90 1 19
56 2 84
15 1 65
51 1 31
29 2 22
9 1 10
63 2 52
16 2 18
45 1 37
7 2 22
24 1 7
14 2 7
20 2 37
85 1 84
26 1 25
73 1 14
57 2 53
19 2 85
83 1 19
14 1 10
57 1 25
10 2 94
15 1 12
10 2 81
? 1 github_java_program_data/6/191.java

94 1 30
27 1 17
37 1 42
85 1 26
90 1 20
10 2 23
7 2 40
49 1 25
86 1 40
81 1 25
57 1 25
15 1 10
22 2 35
27 2 63
7 2 23
49 1 30
83 1 40
45 1 54
40 1 63
31 1 30
62 1 37
80 1 25
25 1 22
10 1 28
19 2 83
63 2 27
7 5 10
37 1 57
38 2 41
15 1 127
42 1 56
37 1 64
10 2 80
63 1 17
56 2 62
53 1 51
28 2 35
23 1 34
37 1 86
40 1 45
34 1 25
40 1 64
12 2 7
56 2 38
15 1 14
49 1 17
80 1 30
30 1 7
36 1 30
17 1 19
18 1 17
90 1 7
64 1 56
40 1 57
31 1 25
10 4 7
52 2 42
17 1 12
28 2 7
22 2 28
25 1 55
45 1 65
10 2 22
31 2 38
37 1 63
54 1 16
10 2 28
24 1 10
40 1 53
32 1 30
85 2 40
51 2 40
24 1 23
30 1 35
15 1 7
7 2 54
35 2 28
7 1 28
17 1 49
48 1 85
20 1 16
10 1 81
35 1 33
25 1 29
40 1 52
34 1 30
40 1 27
7 1 81
42 1 41
26 1 15
32 1 25
22 2 29
7 1 80
57 2 27
28 2 10
52 2 57
85 1 7
19 1 10
53 1 37
10 2 33
45 1 12
63 2 86
10 1 22
40 1 90
10 1 80
7 2 20
26 1 25
52 2 64
37 1 53
36 6 45
33 1 34
40 1 42
7 2 49
25 1 24
7 1 10
42 1 38
17 1 10
17 1 14
51 2 37
30 1 10
41 1 37
48 1 9
80 2 81
16 1 15
52 1 30
25 1 35
25 1 10
37 1 27
27 2 53
9 2 19
9 1 7
37 1 52
25 1 7
48 1 19
54 2 37
17 1 7
64 1 62
30 1 29
30 1 22
57 2 52
12 1 7
15 1 94
64 2 86
14 1 10
7 2 33
20 1 18
28 2 55
7 2 80
28 2 22
7 4 10
23 1 32
7 2 28
10 5 7
22 2 24
14 1 7
10 2 49
7 1 22
35 1 7
28 2 24
81 1 30
27 1 15
86 1 85
86 2 36
42 1 31
65 2 12
30 1 28
17 1 94
37 1 36
10 7 7
7 7 10
64 1 31
38 1 40
7 2 81
25 1 28
63 2 90
53 1 40
90 1 37
12 1 10
90 2 45
53 2 63
30 1 24
52 1 25
51 1 49
19 2 7
22 2 10
22 2 7
17 1 26
51 1 26
48 1 83
12 2 10
37 1 113
85 2 19
31 2 62
10 1 7
83 1 7
10 2 127
7 2 26
83 1 19
19 2 14
90 1 19
35 1 10
15 1 65
16 2 18
45 1 37
14 2 10
24 1 7
14 2 7
20 2 37
27 2 64
45 1 7
19 2 85
7 2 22
56 1 30
10 2 94
127 1 25
15 1 12
10 2 81
? 1 github_java_program_data/6/242.java

25 1 35
27 1 17
37 1 42
90 1 20
10 2 23
10 2 54
49 1 15
20 1 18
85 2 37
25 1 55
15 1 10
73 1 37
40 1 39
27 2 63
7 2 23
49 1 30
34 1 25
45 1 54
39 1 30
40 1 63
31 1 30
62 1 37
25 1 22
10 1 28
57 1 30
53 1 85
36 1 25
38 2 41
42 1 56
15 1 26
37 1 64
63 1 17
56 2 62
53 1 51
27 2 86
28 2 35
33 1 32
63 2 53
23 1 34
83 1 10
10 5 7
12 2 7
86 2 39
56 2 38
15 1 14
49 1 17
30 1 7
36 1 30
17 1 19
20 2 40
10 2 33
86 1 51
31 2 50
18 1 17
90 1 7
64 1 56
39 1 25
15 2 17
40 1 57
53 2 36
31 1 25
10 2 37
10 2 26
10 2 49
17 1 12
28 2 7
10 2 22
84 1 25
40 1 86
30 1 55
12 1 10
54 1 16
10 2 28
50 1 30
73 2 45
24 1 10
40 1 53
32 1 30
64 1 43
24 1 23
30 1 35
15 1 7
73 1 12
35 2 28
7 1 28
17 1 49
57 2 64
73 1 10
55 2 28
20 1 16
28 2 24
30 1 10
45 2 73
25 1 29
63 2 27
40 1 52
10 4 7
40 1 27
42 1 41
26 1 15
32 1 25
22 2 29
24 2 22
40 1 36
28 2 10
52 2 57
51 2 37
30 1 24
38 1 37
35 2 22
51 1 50
53 1 37
86 1 85
45 1 12
85 1 31
10 1 22
19 2 10
49 2 31
54 1 18
37 1 57
28 2 29
45 1 19
63 1 15
39 6 73
56 1 25
52 2 64
84 1 30
17 2 15
36 6 45
65 2 14
33 1 34
85 1 49
7 2 49
25 1 24
7 1 10
73 1 20
42 1 38
17 1 10
10 2 20
17 1 14
29 2 28
7 2 54
35 1 33
34 1 30
48 1 9
16 1 15
52 1 30
37 1 27
25 1 10
39 6 45
37 1 36
27 2 53
52 2 53
9 1 7
37 1 52
37 1 90
22 2 55
57 2 86
35 1 10
17 1 7
64 1 62
30 1 29
30 1 22
57 2 52
12 1 7
86 1 37
14 1 10
7 2 33
49 1 25
28 2 55
56 1 30
55 2 22
23 1 32
52 2 86
7 2 28
35 1 7
22 2 24
14 1 7
37 1 39
73 1 40
62 1 40
7 1 22
43 1 40
73 1 7
90 1 65
7 5 10
19 2 12
27 1 15
25 1 7
41 1 40
65 2 12
30 1 28
24 2 28
65 2 7
45 1 10
10 7 7
7 7 10
9 2 83
26 2 31
38 1 40
25 1 28
63 2 90
50 1 25
37 1 63
90 2 45
83 1 37
90 1 37
52 1 25
73 1 65
7 4 10
26 1 30
51 1 49
22 2 10
22 2 7
17 1 26
51 1 26
15 1 49
48 1 83
12 2 10
7 2 20
10 1 7
22 2 35
7 2 26
83 1 19
37 1 73
19 2 14
54 2 40
45 1 14
53 2 27
45 1 40
15 1 65
37 1 45
51 1 31
29 2 22
62 2 43
31 2 84
16 2 18
14 2 10
24 1 7
14 2 7
20 2 37
85 1 84
26 1 25
73 1 14
36 6 73
45 1 7
7 2 22
57 1 25
15 1 12
53 2 52
? 1 github_java_program_data/6/26.java

25 1 35
56 1 30
10 7 7
27 1 17
85 1 10
18 1 15
10 2 54
49 1 15
16 1 17
86 1 40
81 1 25
31 2 38
15 1 10
40 1 73
73 1 37
22 2 35
27 2 63
10 1 23
90 1 20
83 1 40
34 1 25
45 1 54
34 2 32
40 1 63
31 1 30
62 1 37
52 2 72
25 1 22
10 1 28
19 2 83
57 1 30
10 2 23
7 5 10
36 1 25
94 1 25
15 1 26
108 2 36
7 2 20
10 2 80
63 1 17
56 2 62
53 1 51
28 2 35
17 1 65
33 1 32
23 1 34
37 1 86
40 1 45
83 1 10
10 5 7
40 1 64
12 2 7
35 1 23
15 1 14
49 1 17
80 1 30
30 1 7
14 1 19
10 2 33
31 2 50
18 1 17
14 1 10
90 1 7
64 1 56
45 1 19
40 1 57
31 1 25
10 2 26
10 4 7
52 2 53
17 1 7
28 2 7
25 1 55
10 2 22
63 2 108
57 2 63
12 1 10
54 1 16
10 2 28
50 1 30
108 1 31
32 1 30
85 2 40
9 2 19
24 1 23
30 1 35
15 1 7
73 1 12
35 2 28
7 1 28
17 1 49
31 2 40
37 1 57
55 2 28
20 1 16
10 1 81
32 1 7
45 2 73
25 1 29
63 2 27
40 1 52
34 1 30
40 1 27
40 1 42
7 1 33
53 2 57
32 1 25
16 1 15
7 1 80
27 2 57
28 2 10
52 2 57
85 1 7
37 1 108
22 2 55
51 1 50
53 1 37
19 1 7
32 1 10
45 1 12
63 2 86
10 1 22
19 2 10
49 2 31
10 1 80
54 1 18
63 1 15
48 1 85
24 1 33
56 1 25
65 2 14
33 1 34
80 1 25
85 1 49
7 2 49
25 1 24
10 2 40
7 1 10
73 1 20
12 1 19
42 1 38
17 1 10
17 1 14
51 2 37
35 1 33
7 1 23
48 1 9
72 1 56
52 1 30
37 1 27
34 1 10
25 1 10
37 1 36
42 2 64
37 1 52
35 1 10
48 1 19
54 2 37
10 1 7
64 1 62
12 2 10
30 1 29
30 1 22
30 1 10
12 1 7
15 1 94
27 2 42
72 1 40
86 1 85
7 2 33
20 1 18
22 2 29
28 2 55
7 2 80
28 2 22
7 4 10
23 1 32
7 2 28
17 1 12
22 2 24
14 1 7
18 2 16
10 2 49
7 1 22
35 1 7
73 1 7
90 1 65
28 2 24
19 2 12
81 1 30
27 1 15
25 1 7
42 1 31
65 2 12
30 1 28
65 2 7
45 1 10
40 1 90
7 7 10
56 2 40
37 1 53
38 1 40
7 2 81
25 1 28
22 2 28
30 1 24
37 1 63
90 2 45
49 1 25
90 1 37
52 1 25
73 1 65
7 2 23
26 1 30
51 1 49
19 2 7
22 2 10
22 2 7
17 1 26
48 1 83
7 1 81
32 2 34
108 1 40
7 2 26
83 1 19
30 1 55
24 1 10
57 2 52
27 2 90
85 2 19
15 1 65
51 1 31
9 1 10
63 2 52
16 2 18
45 1 37
14 2 10
24 1 7
14 2 7
20 2 37
26 1 25
36 6 73
19 2 85
7 2 22
57 1 25
37 1 72
10 2 94
15 1 12
10 2 81
? 1 github_java_program_data/6/276.java

94 1 30
25 1 35
37 1 42
85 1 26
90 1 20
85 1 10
18 1 15
15 1 7
16 1 17
85 2 37
22 2 10
86 1 40
25 1 55
31 2 38
15 1 10
26 2 56
40 1 39
27 2 63
7 2 23
26 1 17
49 1 30
45 1 54
39 1 30
40 1 63
31 1 30
62 1 37
25 1 22
10 1 28
57 1 30
10 2 23
53 1 85
36 1 25
38 2 41
42 1 56
15 1 26
37 1 64
10 2 80
63 1 17
56 2 62
14 2 10
53 1 51
27 2 86
28 2 35
33 1 32
63 2 53
37 1 86
34 1 25
40 1 64
12 2 7
56 2 38
15 1 14
49 1 17
80 1 30
30 1 7
17 1 19
20 2 40
85 1 50
86 1 51
31 2 50
90 1 7
64 1 56
26 2 31
40 1 57
40 1 52
31 1 25
63 2 57
10 2 26
10 4 7
10 2 49
17 1 12
15 1 94
22 2 28
86 2 63
81 1 25
45 1 65
10 2 22
27 1 17
84 1 25
40 1 86
37 1 73
37 1 63
54 1 16
10 2 28
50 1 30
19 2 14
40 1 114
40 1 53
32 1 30
85 2 40
64 1 43
51 2 40
24 1 23
30 1 35
49 1 15
7 2 54
7 1 28
17 1 49
73 1 10
27 2 90
20 1 16
10 1 81
35 1 33
45 2 73
25 1 29
43 1 37
41 1 37
40 1 27
40 1 42
24 2 22
7 1 33
42 1 41
26 1 15
32 1 25
7 1 80
28 2 10
52 2 57
85 1 7
30 1 24
38 1 37
35 2 22
51 1 50
53 1 37
86 1 85
32 1 10
85 1 31
10 1 22
10 7 7
49 2 31
10 1 80
37 1 57
49 2 56
28 2 29
7 2 20
63 1 15
48 1 85
39 6 73
26 1 25
37 1 53
36 6 45
65 2 14
33 1 34
80 1 25
85 1 49
7 2 49
25 1 24
10 2 40
7 1 10
73 1 20
64 2 57
73 1 19
42 1 38
17 1 10
10 2 20
17 1 14
51 2 37
85 1 56
30 1 10
7 1 23
48 1 9
22 2 29
52 1 30
34 1 10
85 2 83
25 1 10
19 1 10
37 1 27
27 2 53
9 2 19
9 1 7
37 1 52
37 1 90
22 2 55
25 1 7
48 1 19
54 2 37
107 1 10
17 1 7
64 1 62
12 2 10
30 1 29
30 1 22
57 2 52
12 1 7
86 1 37
28 2 7
14 1 10
7 2 33
20 1 18
28 2 55
7 2 80
28 2 22
7 4 10
23 1 32
51 1 56
7 2 28
10 5 7
22 2 24
14 1 7
63 2 27
73 1 40
7 2 37
62 1 40
7 1 22
35 1 7
107 1 40
7 5 10
28 2 24
81 1 30
27 1 15
19 1 7
56 2 50
42 1 31
65 2 12
30 1 28
24 2 28
17 1 94
37 1 36
7 7 10
10 2 33
64 1 31
38 1 40
7 2 81
25 1 28
83 2 107
7 2 127
53 1 40
90 1 37
12 1 10
90 2 45
94 1 25
49 1 25
50 1 25
52 1 25
64 2 42
26 1 30
51 1 49
19 2 7
42 2 52
22 2 7
17 1 26
51 1 26
15 1 49
48 1 83
7 1 81
37 1 113
85 2 19
31 2 62
10 1 7
22 2 35
83 1 7
83 1 37
7 2 26
84 1 30
30 1 55
57 1 25
24 1 10
48 1 107
45 1 14
53 2 27
90 1 19
35 1 10
56 2 84
15 1 65
37 1 45
51 1 31
62 2 43
31 2 84
53 2 36
16 2 18
45 1 37
17 1 127
24 1 7
14 2 7
20 2 37
85 1 84
53 2 39
57 2 42
56 1 25
73 1 14
45 1 7
19 2 85
83 1 19
7 2 22
56 1 30
10 2 94
127 1 25
15 1 12
10 2 81
? 1 github_java_program_data/6/295.java

25 1 35
40 1 86
37 1 42
24 2 22
85 1 26
26 1 17
49 2 56
18 1 15
28 2 7
49 1 15
27 2 72
16 1 7
85 2 37
42 2 52
86 1 40
81 1 25
31 2 38
15 1 10
51 1 84
73 1 37
127 1 30
27 2 63
10 1 23
49 1 30
83 1 10
26 1 10
34 2 32
40 1 63
31 1 30
62 1 37
80 1 25
25 1 22
10 1 28
57 1 30
45 1 19
53 1 85
10 1 33
55 2 22
27 2 90
7 2 26
94 1 25
15 1 26
7 2 20
10 2 80
63 1 17
10 2 127
14 2 10
53 1 51
28 2 35
33 1 32
23 1 34
37 1 86
24 1 25
50 2 36
34 1 25
10 5 7
40 1 64
12 2 7
35 1 23
57 2 63
36 6 73
10 2 49
86 2 57
15 1 14
49 1 17
80 1 30
30 1 7
36 1 30
17 1 19
20 2 40
50 1 30
86 1 51
31 2 50
18 1 17
53 2 57
90 1 7
64 1 56
39 1 25
17 1 10
40 1 57
40 1 52
31 1 25
48 1 83
10 2 37
10 2 26
10 4 7
27 2 64
10 1 20
17 1 7
15 1 94
22 2 28
25 1 55
45 1 65
10 2 22
27 1 17
108 2 39
24 2 28
37 1 73
12 1 10
10 2 33
54 1 16
38 1 37
73 2 45
24 1 10
40 1 53
32 1 30
85 2 40
64 1 38
64 1 43
51 2 40
24 1 23
30 1 35
15 1 7
73 1 12
35 2 28
7 1 28
17 1 49
31 2 40
73 1 10
55 2 28
20 1 16
10 1 81
32 1 7
43 1 37
45 2 73
25 1 29
63 2 27
37 1 50
7 1 23
40 1 27
40 1 42
19 1 7
7 1 33
56 2 38
37 1 27
40 1 72
26 1 15
19 2 12
32 1 25
22 2 29
7 1 80
35 1 33
52 2 57
28 2 10
40 1 108
85 1 7
42 1 41
85 2 83
19 1 10
35 2 22
40 1 39
53 1 37
86 1 85
35 2 55
32 1 10
45 1 12
50 2 27
10 1 22
19 2 10
49 2 31
10 1 80
54 2 40
37 1 57
28 2 29
54 1 18
90 2 45
63 1 15
48 1 85
24 1 33
56 1 25
24 2 39
41 1 37
65 2 14
33 1 34
16 1 28
85 1 49
7 2 49
25 1 24
7 1 10
45 1 20
73 1 19
42 1 38
16 1 26
10 2 20
17 1 14
62 2 41
29 2 28
51 2 37
85 1 56
30 1 10
34 1 30
48 1 9
16 1 15
52 1 30
73 1 54
34 1 10
25 1 10
40 1 24
37 1 36
27 2 53
50 2 63
9 2 19
52 2 63
9 1 7
7 4 10
37 1 52
37 1 90
22 2 55
35 1 10
48 1 19
54 2 37
63 2 108
10 1 7
64 1 62
12 2 10
30 1 29
30 1 22
57 2 52
12 1 7
86 1 37
40 1 50
16 1 17
72 1 40
14 1 10
50 2 24
7 2 33
20 1 18
34 1 7
28 2 55
7 2 80
65 2 19
28 2 22
10 2 54
23 1 32
52 2 86
7 2 28
108 1 56
22 2 24
14 1 7
18 2 16
7 2 54
62 1 40
7 1 22
35 1 7
73 1 7
39 6 45
10 2 23
7 5 10
28 2 24
26 2 28
81 1 30
27 1 15
25 1 7
51 1 50
63 2 42
65 2 12
30 1 28
72 1 31
45 1 10
10 7 7
7 7 10
90 1 54
37 1 53
38 1 40
7 2 81
25 1 28
50 1 25
53 1 40
50 1 25
37 1 63
90 1 40
42 1 56
49 1 25
30 1 24
52 1 25
64 2 42
7 2 23
26 1 30
51 1 49
19 2 7
22 2 10
10 2 28
17 1 26
83 1 19
15 1 49
17 1 12
42 1 62
7 1 81
37 1 113
32 2 34
31 2 62
22 2 35
108 1 37
83 1 37
7 2 26
84 1 30
30 1 55
19 2 14
22 2 7
45 1 14
90 1 19
56 2 62
64 1 31
45 1 40
15 1 65
37 1 45
51 1 31
29 2 22
62 2 43
24 2 50
31 2 84
72 2 52
27 2 57
17 1 127
24 1 7
14 2 7
56 2 37
85 1 84
37 1 24
57 2 42
26 1 25
73 1 14
85 2 19
57 2 53
45 1 7
19 2 85
7 2 22
56 2 84
57 1 25
10 2 94
24 1 30
15 1 12
10 2 81
86 2 39
? 1 github_java_program_data/6/330.java

25 1 35
27 1 17
37 1 42
85 1 26
26 1 17
18 1 15
20 1 18
85 2 37
52 2 42
81 1 25
31 2 38
15 1 10
26 2 56
40 1 39
27 2 63
7 2 23
49 1 30
111 1 32
40 1 63
31 1 30
37 1 63
25 1 22
10 1 28
57 1 30
10 2 23
7 5 10
36 1 25
94 1 25
15 1 26
135 1 30
37 1 64
10 2 80
63 1 17
56 2 62
53 1 51
27 2 86
33 1 32
63 2 53
23 1 34
34 2 32
34 1 25
40 1 64
12 2 7
35 1 23
32 1 7
56 2 38
15 1 14
49 1 17
80 1 30
30 1 7
31 2 50
18 1 17
64 1 56
45 1 19
39 6 73
40 1 57
31 1 25
10 2 26
10 4 7
10 2 49
17 1 12
28 2 7
25 1 55
10 2 22
40 1 86
12 1 10
54 1 16
10 2 28
50 1 30
86 2 64
40 1 53
14 2 10
40 1 59
7 1 28
17 1 49
37 1 57
20 1 16
10 1 81
35 1 33
45 2 73
25 1 29
40 1 52
41 1 37
40 1 27
40 1 42
7 1 81
26 1 15
40 1 135
32 1 25
22 2 29
111 2 40
7 1 80
57 2 27
28 2 10
52 2 57
51 2 37
38 1 37
51 1 50
53 1 37
86 1 85
32 1 10
45 1 12
10 7 7
49 2 31
10 1 80
54 1 18
7 2 20
63 1 15
24 1 33
26 1 25
36 6 45
45 1 111
33 1 34
80 1 25
7 2 49
25 1 24
7 1 10
45 1 20
42 1 38
17 1 10
17 1 14
62 2 41
7 2 54
85 1 56
30 1 10
7 1 23
16 1 15
52 1 30
73 1 54
34 1 10
25 1 10
37 1 27
39 1 30
37 1 52
63 2 64
25 1 7
17 1 7
64 1 62
32 2 34
30 1 29
10 1 23
30 1 22
57 2 52
12 1 7
86 1 37
15 1 94
16 1 17
27 2 42
14 1 10
7 2 33
49 1 25
34 1 7
28 2 55
7 2 80
7 4 10
23 1 32
7 2 28
10 5 7
22 2 24
14 1 7
18 2 16
73 1 40
62 1 40
7 1 22
35 1 7
73 1 7
28 2 24
19 2 12
81 1 30
27 1 15
42 1 31
65 2 14
30 1 28
53 2 52
37 1 36
7 7 10
64 1 31
38 1 40
7 2 81
25 1 28
48 1 45
30 1 24
22 2 28
42 1 56
20 2 111
52 1 25
73 1 65
26 1 30
51 1 49
22 2 10
22 2 7
17 1 26
51 1 26
15 1 49
12 2 10
48 1 73
31 2 62
10 1 7
22 2 35
7 2 26
84 1 30
30 1 55
54 2 40
35 1 10
56 2 84
45 1 40
51 1 31
64 1 41
16 2 18
32 1 30
24 1 7
14 2 7
85 1 84
53 2 39
56 1 25
73 1 14
45 1 7
7 2 22
57 1 25
10 2 94
15 1 12
10 2 81
? 1 github_java_program_data/6/336.java

25 1 35
27 1 17
37 1 42
90 1 20
49 2 56
10 2 23
10 2 54
7 2 40
15 1 7
49 1 25
86 1 40
81 1 25
15 1 10
40 1 73
73 1 37
27 2 63
63 2 90
49 1 30
83 1 40
40 1 63
31 1 30
62 1 37
25 1 22
10 1 28
57 1 30
7 5 10
37 1 57
42 1 56
15 1 26
10 2 80
63 1 17
53 1 51
37 1 86
40 1 45
40 1 64
12 2 7
14 1 7
49 1 17
80 1 30
30 1 7
36 1 30
31 2 50
18 1 17
45 1 19
26 2 31
40 1 57
31 1 25
15 1 14
10 2 26
17 1 7
28 2 7
22 2 28
25 1 55
10 2 22
53 2 52
12 1 10
10 2 28
50 1 30
19 2 14
73 2 45
24 1 10
40 1 53
14 2 10
85 2 40
51 2 40
24 1 23
49 1 15
73 1 12
56 2 38
17 1 49
73 1 10
20 1 16
90 1 10
10 1 81
35 1 33
45 2 73
25 1 29
63 2 27
40 1 52
10 4 7
40 1 27
7 1 81
26 1 15
7 1 80
40 1 36
28 2 10
52 2 57
51 2 37
22 2 55
51 1 50
53 1 37
86 1 85
45 1 12
10 1 22
40 1 90
49 2 31
10 1 80
28 2 29
39 1 25
19 2 7
39 6 73
26 1 25
36 6 45
45 1 54
80 1 25
85 1 49
7 2 49
25 1 24
7 1 10
73 1 20
42 1 38
17 1 10
10 2 20
17 1 14
7 2 54
85 1 56
30 1 10
16 1 15
52 1 30
25 1 10
37 1 27
37 1 52
25 1 7
54 2 37
10 1 7
64 1 62
30 1 29
30 1 22
57 2 52
12 1 7
14 1 10
7 2 33
20 1 18
28 2 55
7 2 80
7 4 10
7 2 28
10 5 7
22 2 24
37 1 53
37 1 39
7 1 22
35 1 7
90 1 65
19 2 12
81 1 30
27 1 15
65 2 12
30 1 28
45 1 10
10 7 7
7 7 10
64 1 31
38 1 40
7 2 81
25 1 28
53 1 40
90 1 37
22 2 7
90 2 45
50 1 25
52 1 25
73 1 65
81 2 80
26 1 30
51 1 49
65 2 10
22 2 10
17 1 26
51 1 26
15 1 49
48 1 83
12 2 10
31 2 62
83 1 7
7 2 26
84 1 30
30 1 55
57 1 25
54 2 40
45 1 14
56 2 84
45 1 40
51 1 31
29 2 22
16 2 18
45 1 37
27 2 86
14 2 7
20 2 37
85 1 84
56 1 25
45 1 7
83 1 19
7 2 22
56 1 30
15 1 12
10 2 81
? 1 github_java_program_data/6/397.java

56 1 30
25 1 35
27 1 17
49 2 56
10 2 23
15 1 7
20 1 18
85 2 37
86 1 40
25 1 55
31 2 38
15 1 10
73 1 37
22 2 35
27 2 63
7 2 23
49 1 30
34 1 25
35 1 33
40 1 63
31 1 30
62 1 37
25 1 22
10 1 28
57 1 30
53 1 85
37 1 57
15 1 26
56 2 50
63 1 17
52 2 86
53 1 51
28 2 35
33 1 32
63 2 53
23 1 34
37 1 86
34 2 32
83 1 10
10 5 7
40 1 64
12 2 7
57 2 63
15 1 14
49 1 17
30 1 7
20 2 40
86 1 51
31 2 50
18 1 17
10 2 33
45 1 19
40 1 57
31 1 25
63 2 57
10 2 37
10 2 26
10 4 7
52 2 63
17 1 7
28 2 7
45 1 65
10 2 22
84 1 25
40 1 86
30 1 55
37 1 63
10 2 28
50 1 30
73 2 45
24 1 10
40 1 53
14 2 10
85 2 40
51 2 40
24 1 23
30 1 35
49 1 15
10 1 23
17 1 49
57 2 64
10 1 33
55 2 28
20 1 16
28 2 24
32 1 7
45 2 73
25 1 29
40 1 52
34 1 30
40 1 27
7 1 33
32 1 25
22 2 29
24 2 22
27 2 57
28 2 10
52 2 57
51 2 37
27 1 15
35 2 22
51 1 50
53 1 37
32 1 10
45 1 12
85 1 31
10 1 22
19 2 10
49 2 31
10 1 80
28 2 29
63 1 15
56 1 25
17 2 15
33 1 34
25 1 10
85 1 49
7 2 49
25 1 24
7 1 10
45 1 20
73 1 19
42 1 38
17 1 10
10 2 20
17 1 14
7 2 54
85 1 56
30 1 10
7 1 23
48 1 9
16 1 15
52 1 30
73 1 54
34 1 10
40 1 42
37 1 27
9 1 7
37 1 52
22 2 55
25 1 7
48 1 19
65 2 19
10 1 7
64 1 62
32 2 34
30 1 29
30 1 22
57 2 52
12 1 7
86 1 37
14 1 10
7 2 33
52 2 27
49 1 25
34 1 7
28 2 55
7 2 80
19 2 83
55 2 22
23 1 32
51 1 56
7 2 28
17 1 12
22 2 24
14 1 7
63 2 27
10 2 49
7 1 22
35 1 7
73 1 7
7 5 10
19 2 12
38 1 37
19 1 7
42 1 31
30 1 28
53 2 52
54 2 37
45 1 10
10 7 7
7 7 10
64 1 31
25 1 28
53 1 40
30 1 24
12 1 10
83 1 37
50 1 25
52 1 25
73 1 65
7 4 10
7 1 28
26 1 30
51 1 49
22 2 10
22 2 7
17 1 26
15 1 49
48 1 83
12 2 10
31 2 62
7 2 26
83 1 19
37 1 73
19 2 14
35 1 10
56 2 84
45 1 40
37 1 45
51 1 31
31 2 84
63 2 52
16 2 18
9 2 19
32 1 30
24 1 7
14 2 7
85 1 84
57 2 42
26 1 25
73 1 14
7 2 22
57 1 25
15 1 12
? 1 github_java_program_data/6/423.java

25 1 35
56 1 30
37 1 135
97 2 37
37 1 42
85 1 26
26 1 17
85 1 10
51 1 49
18 1 15
10 2 54
27 2 57
16 1 17
85 2 37
19 2 85
86 1 40
25 1 55
31 2 38
15 1 10
10 2 97
73 1 37
40 1 39
27 2 63
10 1 23
7 2 49
49 1 30
34 1 25
49 2 56
39 1 30
40 1 63
31 1 30
62 1 37
25 1 22
10 1 28
57 1 30
10 2 23
53 1 85
36 1 25
15 1 14
42 1 56
15 1 26
12 2 7
37 1 64
34 1 26
63 1 17
56 2 62
53 1 51
27 2 86
28 2 35
17 1 65
33 1 32
63 2 53
23 1 34
37 1 86
34 2 32
83 1 10
40 1 64
135 1 30
35 1 23
16 1 10
64 2 39
37 1 136
48 1 45
10 2 49
86 2 57
14 1 7
10 1 20
73 1 19
30 1 7
36 1 30
20 2 40
86 1 51
18 1 17
53 2 57
10 2 33
64 1 56
39 1 25
26 2 31
40 1 57
43 1 37
31 1 25
119 1 7
94 1 30
10 4 7
49 1 17
17 1 7
28 2 7
22 2 28
10 1 33
45 1 65
10 2 22
27 1 17
57 2 63
24 2 28
42 2 135
30 1 55
37 1 63
39 6 73
54 1 16
10 2 28
122 1 40
73 2 45
24 1 10
12 2 10
40 1 53
32 1 30
25 1 120
64 1 38
51 2 40
24 1 23
30 1 35
15 1 7
10 2 26
73 1 12
35 2 28
7 1 28
17 1 49
73 1 10
7 1 33
20 1 16
90 1 10
28 2 24
32 1 7
45 2 73
25 1 29
63 2 27
40 1 52
34 1 30
45 1 14
97 1 119
26 1 7
56 2 38
40 1 135
32 1 25
22 2 29
24 2 22
40 1 36
28 2 10
52 2 57
54 2 40
85 2 83
38 1 37
35 2 22
51 1 50
53 1 37
32 1 10
45 1 12
85 1 31
10 1 22
19 2 10
54 1 18
37 1 57
45 1 10
63 2 39
28 2 29
36 6 73
7 2 20
15 1 19
63 1 15
48 1 85
24 1 33
56 1 25
37 1 53
12 1 65
83 2 73
36 6 45
65 2 12
33 1 34
25 1 10
25 1 122
25 1 24
7 1 10
45 1 20
12 1 19
42 1 38
17 1 10
10 2 20
31 2 84
17 1 14
62 2 41
7 2 54
35 1 33
7 1 23
48 1 9
16 1 15
52 1 30
10 2 26
73 1 54
34 1 10
40 1 42
39 6 45
19 1 10
37 1 27
9 2 19
63 2 90
19 2 12
37 1 52
37 1 90
22 2 55
35 1 10
20 1 18
65 2 19
10 1 7
64 1 62
32 2 34
30 1 29
30 1 22
57 2 52
120 1 40
20 2 37
83 1 97
56 2 50
27 2 42
14 1 10
7 2 33
49 1 25
34 1 7
7 2 94
28 2 55
27 2 52
28 2 22
7 4 10
23 1 32
51 1 56
7 2 28
10 5 7
22 2 24
120 1 56
37 1 39
73 1 40
62 1 40
7 1 22
35 1 7
73 1 7
7 5 10
135 1 25
30 1 10
27 1 15
25 1 7
41 1 40
42 1 31
48 1 19
30 1 28
40 1 27
17 1 94
54 2 37
37 1 36
10 7 7
7 7 10
18 2 16
90 1 54
64 1 31
38 1 40
25 1 28
18 1 7
53 1 40
50 1 25
12 1 10
90 2 45
83 1 37
42 1 43
30 1 24
122 1 56
52 1 25
64 2 42
7 2 23
26 1 30
90 1 37
22 2 10
40 1 136
17 1 26
15 1 49
17 1 12
42 1 62
65 2 14
48 1 73
31 2 62
63 2 36
22 2 35
31 2 43
7 2 26
37 1 73
19 2 14
22 2 7
12 1 7
90 1 19
48 1 83
45 1 40
37 1 45
63 2 64
29 2 22
9 1 10
42 2 39
64 1 41
63 2 52
16 2 18
45 1 37
14 2 10
24 1 7
14 2 7
136 1 25
85 1 84
26 1 25
73 1 14
45 1 7
42 2 36
56 2 40
7 2 22
57 1 25
57 2 36
15 1 12
? 1 github_java_program_data/6/424.java

56 1 30
27 1 17
37 1 135
162 1 156
37 1 42
10 7 7
85 1 26
26 1 17
85 1 10
18 1 15
10 2 54
49 1 15
16 1 17
85 2 37
42 2 52
86 1 40
81 1 25
137 1 20
40 1 30
162 1 37
15 1 10
26 2 56
127 1 30
27 2 63
7 2 23
56 2 50
49 1 30
57 2 86
45 1 54
111 1 32
31 1 30
62 1 37
25 1 22
10 1 28
19 2 83
57 1 30
10 2 23
53 1 85
37 1 57
38 2 41
15 1 127
94 1 25
15 1 26
137 1 37
37 1 64
10 2 80
63 1 17
56 2 62
53 1 51
27 2 86
28 2 35
33 1 32
63 2 53
23 1 34
37 1 86
34 2 32
34 1 25
64 2 39
40 1 64
135 1 30
35 1 23
32 1 7
156 1 40
37 2 156
56 2 38
86 2 57
15 1 14
49 1 17
80 1 30
30 1 7
36 1 30
20 2 40
85 1 50
86 1 51
31 2 50
18 1 17
53 2 57
10 2 33
64 1 56
45 1 19
26 2 31
40 1 57
31 1 25
10 2 26
25 2 30
52 2 53
17 1 12
15 1 94
22 2 28
25 1 55
45 1 65
10 2 22
35 1 7
40 1 86
31 2 38
37 1 73
37 1 63
39 6 73
54 1 16
40 1 138
50 1 30
86 2 64
73 2 45
24 1 10
25 1 40
32 1 30
64 1 43
51 2 40
24 1 23
30 1 35
15 1 7
7 2 54
7 1 28
17 1 49
73 1 10
55 2 28
20 1 16
10 1 81
35 1 33
45 2 73
25 1 29
63 2 27
40 1 52
7 1 23
40 1 27
40 1 42
7 1 33
42 1 41
26 1 15
32 1 25
37 1 162
7 1 80
57 2 27
28 2 10
52 2 57
27 2 42
38 1 37
51 1 50
65 2 14
53 1 37
86 1 85
32 1 10
45 1 12
85 1 31
63 2 86
10 1 22
19 2 10
49 2 31
10 1 80
54 2 40
45 1 10
28 2 29
138 1 137
63 1 15
48 1 85
24 1 33
26 1 25
54 1 18
37 1 53
36 6 45
45 1 111
33 1 34
80 1 25
85 1 49
7 2 49
25 1 24
7 1 10
45 1 20
12 1 19
42 1 38
17 1 10
10 2 20
17 1 14
29 2 28
39 1 25
85 1 56
30 1 10
34 1 30
80 2 81
16 1 15
52 1 30
25 1 35
73 1 54
34 1 10
25 1 10
19 1 10
37 1 27
57 2 162
52 2 63
10 4 7
37 1 52
22 2 55
35 1 10
48 1 19
54 2 37
17 1 7
64 1 62
12 2 10
30 1 29
30 1 22
57 2 52
12 1 7
86 1 37
40 2 137
40 1 39
156 1 20
14 1 10
7 2 33
20 1 18
22 2 29
28 2 55
27 2 52
7 2 80
28 2 22
7 4 10
23 1 32
51 1 56
7 2 28
10 5 7
14 1 7
14 1 65
18 2 16
73 1 40
7 2 37
10 2 49
7 1 22
43 1 40
73 1 7
24 2 28
38 1 40
7 5 10
28 2 24
81 1 30
27 1 15
25 1 7
41 1 40
42 1 31
65 2 12
30 1 28
53 2 52
111 2 37
37 1 36
10 1 33
7 7 10
12 2 7
14 2 7
64 1 31
10 1 7
7 2 81
25 1 28
53 1 40
50 1 25
12 1 10
42 1 56
49 1 25
30 1 24
20 2 111
52 1 25
73 1 65
81 2 80
26 1 30
51 1 49
19 2 7
22 2 10
10 2 28
17 1 26
51 1 26
15 1 49
48 1 83
7 1 81
32 2 34
31 2 62
63 2 36
22 2 35
83 1 7
10 2 127
83 1 37
7 2 26
84 1 30
30 1 55
19 2 14
49 2 56
22 2 7
45 1 14
85 2 19
28 2 7
37 1 45
51 1 31
29 2 22
62 2 43
31 2 84
63 2 52
138 1 40
16 2 18
45 1 37
14 2 10
24 1 7
40 1 25
20 2 37
85 1 84
86 2 52
84 1 25
56 1 25
73 1 14
57 2 53
45 1 7
19 2 85
83 1 19
7 2 22
65 2 10
56 2 84
57 1 25
10 2 94
15 1 12
10 2 81
52 2 135
52 2 86
? 1 github_java_program_data/6/429.java

25 1 35
56 1 30
37 1 42
10 7 7
85 1 26
26 1 17
86 1 85
16 1 7
86 1 40
25 1 55
15 1 10
40 1 73
73 1 37
40 1 39
27 2 63
7 2 23
49 1 30
83 1 40
34 1 25
40 1 63
31 1 30
62 1 37
48 1 83
10 1 28
57 1 30
10 2 23
53 1 85
37 1 57
27 2 90
15 1 127
94 1 25
15 1 26
86 2 53
63 1 17
10 2 40
53 1 51
28 2 35
33 1 32
63 2 53
23 1 34
37 1 86
40 1 45
83 1 10
40 1 64
12 2 7
35 1 23
56 2 38
34 2 32
49 1 17
30 1 7
36 1 30
17 1 19
20 2 40
85 1 50
86 1 51
31 2 50
18 1 17
90 1 7
39 1 25
26 2 31
40 1 57
31 1 25
10 4 7
10 1 20
17 1 7
28 2 7
45 1 65
10 2 22
27 1 17
35 1 7
40 1 86
12 1 10
10 2 33
54 1 16
10 2 28
50 1 30
24 1 10
24 2 22
32 1 30
85 2 40
51 2 40
24 1 23
30 1 35
15 1 7
7 2 54
35 2 28
7 1 28
17 1 49
10 1 33
53 2 57
20 1 16
28 2 24
32 1 7
45 2 73
25 1 29
63 2 27
40 1 52
34 1 30
40 1 27
7 1 33
72 2 57
40 1 72
26 1 15
32 1 25
72 1 56
72 1 37
28 2 10
52 2 57
85 1 7
85 2 83
38 1 37
35 2 22
22 2 35
53 1 37
19 1 7
32 1 10
85 1 31
63 2 86
10 1 22
40 1 90
49 2 31
54 1 18
52 2 36
36 6 73
63 1 15
48 1 85
24 1 33
56 1 25
37 1 53
65 2 14
33 1 34
25 1 10
85 1 49
7 2 49
25 1 24
53 2 86
7 1 10
45 1 20
73 1 19
42 1 38
17 1 10
10 2 20
22 2 29
17 1 14
51 2 37
35 1 33
7 1 23
48 1 9
16 1 15
52 1 30
73 1 54
34 1 10
40 1 42
39 6 45
37 1 27
9 1 7
37 1 52
22 2 55
35 1 10
48 1 19
54 2 37
10 1 7
64 1 62
32 2 34
30 1 29
10 1 23
30 1 22
57 2 52
12 1 7
86 1 37
14 1 10
7 2 33
25 1 22
20 1 18
34 1 7
28 2 55
7 4 10
23 1 32
7 2 28
10 5 7
22 2 24
14 1 7
18 2 16
10 2 49
7 1 22
84 1 25
73 1 7
7 5 10
30 1 10
27 1 15
25 1 7
86 2 36
57 2 63
65 2 12
30 1 28
24 2 28
17 1 94
37 1 36
19 2 10
7 7 10
90 1 54
64 1 31
38 1 40
25 1 28
63 2 72
7 2 127
53 1 40
30 1 24
37 1 63
90 2 45
42 1 56
49 1 25
90 1 37
52 1 25
26 1 30
19 2 7
22 2 10
22 2 7
17 1 26
51 1 26
15 1 49
17 1 12
12 2 10
7 2 20
85 2 19
31 2 62
7 2 26
83 1 19
30 1 55
19 2 14
45 1 14
90 1 19
45 1 40
15 1 65
31 2 84
9 2 19
14 2 10
24 1 7
14 2 7
56 2 37
85 1 84
57 2 42
26 1 25
73 1 14
45 1 7
19 2 85
7 2 22
57 1 25
10 2 94
127 1 25
15 1 12
? 1 github_java_program_data/6/517.java

25 1 35
27 1 17
37 1 42
10 7 7
85 1 26
90 1 20
86 1 85
86 1 40
25 1 55
15 1 10
10 2 97
22 2 35
27 2 63
7 2 23
49 1 30
83 1 40
34 1 25
45 1 54
40 1 63
31 1 30
62 1 37
25 1 22
10 1 28
57 1 30
10 2 23
7 5 10
37 1 57
40 1 113
42 1 56
15 1 26
37 1 64
10 2 80
57 1 7
53 1 51
28 2 35
33 1 32
63 2 53
23 1 34
37 1 86
40 1 45
83 1 10
12 2 7
56 2 38
15 1 14
49 1 17
80 1 30
30 1 7
36 1 30
31 2 50
10 2 33
45 1 19
40 1 57
31 1 25
63 2 57
94 1 30
10 4 7
27 2 64
62 1 40
17 1 12
28 2 7
81 1 25
10 2 22
24 2 28
62 2 41
12 1 10
10 2 28
50 1 30
24 1 10
40 1 53
14 2 10
85 2 40
24 1 23
30 1 35
15 1 7
7 2 54
35 2 28
7 1 28
17 1 49
10 1 33
26 1 7
20 1 16
90 1 10
10 1 81
30 1 10
40 1 52
7 1 23
40 1 27
24 2 22
7 1 81
72 2 57
40 1 72
26 1 15
32 1 25
72 1 56
72 1 37
57 2 27
28 2 10
52 2 57
85 1 7
85 2 83
19 1 10
35 2 22
51 1 50
53 1 37
19 1 7
32 1 10
17 1 127
10 1 22
40 1 90
49 2 31
10 1 80
28 2 29
63 1 15
48 1 85
56 1 25
57 2 19
7 1 80
37 1 53
12 1 65
36 6 45
33 1 34
80 1 25
7 2 49
25 1 24
7 1 10
34 2 32
42 1 38
17 1 10
10 2 20
97 1 26
64 2 42
35 1 33
34 1 30
48 1 9
16 1 15
52 1 30
10 2 26
42 2 27
25 1 10
37 1 27
9 2 19
64 2 36
9 1 7
37 1 52
63 2 64
35 1 10
48 1 19
24 1 7
17 1 7
64 1 62
32 2 34
30 1 29
30 1 22
57 2 52
12 1 7
56 2 37
83 1 97
14 1 10
7 2 33
52 2 27
49 1 25
22 2 29
28 2 55
7 2 80
28 2 22
7 4 10
23 1 32
52 2 86
7 2 28
10 5 7
22 2 24
14 1 7
63 2 27
10 2 49
7 1 22
35 1 7
90 1 65
28 2 24
81 1 30
27 1 15
25 1 7
41 1 40
30 1 28
54 2 37
37 1 36
19 2 10
7 7 10
64 1 31
38 1 40
7 2 81
25 1 28
63 2 72
7 2 127
22 2 28
90 1 37
37 1 63
90 2 45
53 2 63
30 1 24
52 1 25
45 1 57
26 1 30
51 1 49
22 2 10
22 2 7
17 1 26
83 1 19
15 1 49
48 1 83
12 2 10
85 2 19
31 2 62
10 1 7
7 2 26
63 1 17
30 1 55
19 2 14
51 2 37
45 1 14
97 2 40
51 1 31
64 1 41
45 1 37
32 1 30
15 1 94
14 2 7
20 2 37
26 1 25
45 1 7
19 2 85
65 2 10
7 2 22
57 1 25
10 2 94
127 1 25
15 1 12
10 2 81
? 1 github_java_program_data/6/543.java

25 1 35
27 1 17
37 1 42
85 1 26
26 1 17
10 2 23
49 1 25
85 2 37
86 1 40
25 1 55
31 2 38
15 1 10
40 1 73
97 1 119
73 1 37
127 1 30
27 2 63
7 1 28
49 1 30
83 1 40
73 1 57
45 1 54
40 1 63
35 1 10
62 1 37
25 1 22
10 1 28
57 1 30
53 1 85
37 1 57
94 1 25
15 1 26
12 2 7
63 1 17
56 2 62
42 2 57
53 1 51
27 2 86
28 2 35
33 1 32
63 2 53
23 1 34
4 2 65
37 1 86
40 1 45
34 1 25
10 5 7
40 1 64
45 1 20
15 1 14
73 1 19
30 1 7
36 1 30
14 1 19
85 1 50
86 1 51
31 2 50
18 1 17
53 2 57
10 2 33
64 1 56
39 1 25
26 2 31
53 2 36
31 1 25
119 1 7
52 2 63
17 1 7
15 1 94
45 1 65
10 2 22
12 1 10
39 6 73
10 2 28
50 1 30
19 2 14
24 1 10
14 2 10
51 2 40
24 1 23
30 1 35
15 1 7
7 2 54
35 2 28
10 1 23
17 1 49
73 1 10
55 2 28
20 1 16
154 2 33
28 2 24
32 1 7
45 2 73
25 1 29
63 2 27
40 1 52
10 4 7
57 2 65
40 1 27
7 1 33
26 1 15
40 1 135
32 1 25
7 2 22
40 1 36
28 2 10
85 1 7
57 1 10
22 2 55
22 2 35
32 2 34
45 1 4
32 1 10
17 1 127
85 1 31
7 2 23
19 2 10
54 2 40
45 1 10
63 1 15
48 1 85
19 2 107
26 1 25
57 2 19
12 1 65
36 6 45
33 1 34
7 2 49
25 1 24
107 1 97
154 1 7
7 1 10
73 1 20
12 1 19
42 1 38
17 1 10
10 2 20
29 2 28
51 2 37
107 1 10
35 1 33
34 1 30
48 1 9
16 1 15
52 1 30
34 1 10
25 1 10
22 2 83
37 1 27
9 2 19
9 1 7
37 1 52
25 1 7
48 1 19
10 1 7
64 1 62
53 1 37
30 1 29
30 1 22
57 2 52
12 1 7
28 2 7
14 1 10
83 1 33
7 2 33
20 1 18
34 1 7
28 2 22
7 4 10
23 1 32
7 2 28
45 1 12
14 1 7
14 1 65
37 1 39
10 2 49
7 1 22
35 1 7
4 1 10
107 1 40
7 5 10
135 1 25
30 1 10
27 1 15
19 1 7
30 1 83
42 1 31
65 2 12
30 1 28
10 1 22
65 2 7
37 1 36
37 1 53
38 1 40
25 1 28
22 2 28
30 1 24
37 1 63
107 1 19
52 1 25
45 1 57
26 1 30
19 2 7
22 2 10
22 2 7
17 1 26
51 1 26
15 1 49
17 1 12
12 2 10
85 2 19
10 2 127
7 2 26
57 1 7
30 1 55
57 1 25
48 1 107
10 2 97
45 1 40
97 2 40
63 2 64
16 2 18
45 1 37
32 1 30
24 1 7
14 2 7
20 2 37
24 2 22
73 1 14
57 2 53
45 1 7
19 2 85
65 2 10
83 1 154
56 1 30
10 2 94
33 2 40
? 1 github_java_program_data/6/553.java

25 1 35
27 1 17
37 1 135
26 2 31
10 7 7
85 1 26
90 1 20
18 1 15
10 2 54
27 2 112
20 1 18
42 2 52
25 1 55
31 2 38
83 2 63
15 1 10
40 1 73
10 2 97
73 1 37
22 2 35
27 2 63
7 1 28
26 1 17
49 1 30
83 1 40
73 1 57
35 1 33
34 2 32
40 1 63
31 1 30
25 1 22
10 1 28
57 1 30
10 2 23
53 1 85
37 1 57
42 1 56
15 1 26
112 1 10
7 2 20
10 2 80
63 1 17
10 2 40
14 2 7
28 2 35
17 1 65
33 1 32
23 1 34
63 2 42
37 1 86
40 1 45
34 1 25
83 1 10
26 2 56
40 1 64
135 1 30
85 1 56
56 2 38
119 1 7
80 1 30
30 1 7
14 1 19
20 2 40
86 1 51
31 2 50
90 1 7
45 1 19
15 2 17
40 1 57
14 2 10
31 1 25
15 1 14
10 2 26
10 2 49
17 1 12
28 2 7
112 1 65
81 1 25
10 2 22
35 1 7
37 1 63
10 2 28
50 1 30
19 2 14
107 1 40
40 1 27
85 2 40
51 2 40
24 1 23
30 1 35
15 1 7
10 1 23
17 1 49
73 1 10
27 2 90
20 1 16
10 1 81
32 1 7
45 2 73
25 1 29
63 2 27
40 1 52
10 4 7
57 2 65
97 1 119
40 1 42
7 1 33
26 1 15
32 1 25
112 2 45
7 1 80
28 2 10
52 2 57
51 2 37
30 1 24
38 1 37
51 1 50
32 2 34
10 2 33
22 2 28
10 1 22
40 1 90
10 1 80
28 2 29
54 1 18
15 1 19
63 1 15
56 1 25
37 1 53
17 2 15
65 2 14
33 1 34
80 1 25
7 2 49
25 1 24
107 1 97
7 1 10
45 1 20
42 1 38
17 1 10
17 1 14
64 2 42
107 1 10
30 1 10
34 1 30
48 1 9
52 1 30
86 2 53
73 1 54
24 1 10
25 1 10
40 1 83
112 1 54
9 1 7
37 1 52
22 2 55
57 2 86
25 1 7
112 1 37
54 2 37
17 1 7
64 1 62
12 2 10
30 1 29
30 1 22
57 2 52
12 1 7
86 1 37
14 1 10
7 2 33
83 1 65
16 1 17
7 2 80
7 4 10
23 1 32
51 1 56
7 2 28
10 5 7
22 2 24
14 1 7
18 2 16
62 1 40
7 1 22
84 1 25
90 1 65
7 5 10
28 2 24
19 2 12
81 1 30
27 1 15
36 1 25
56 2 50
42 1 31
30 1 28
65 2 7
37 1 36
19 2 10
7 7 10
12 2 7
64 1 31
10 1 7
7 2 81
25 1 28
53 1 40
50 1 25
12 1 10
49 1 25
107 1 19
90 1 37
52 1 25
73 1 65
7 2 23
26 1 30
40 1 112
22 2 10
22 2 7
17 1 26
51 1 26
15 1 49
7 1 81
37 1 113
31 2 62
7 2 26
57 1 7
57 1 25
40 1 114
48 1 107
45 1 14
35 1 10
56 2 84
45 1 40
97 2 40
51 1 31
63 2 52
53 2 36
16 2 18
32 1 30
24 1 7
53 1 51
20 2 37
85 1 84
63 2 64
73 1 14
36 6 73
45 1 7
65 2 10
7 2 22
56 1 30
15 1 12
10 2 81
9 2 107
? 1 github_java_program_data/6/572.java

25 1 35
27 1 17
162 1 156
137 1 20
57 2 138
26 1 17
85 1 10
10 2 23
40 2 156
27 2 72
49 1 25
138 2 36
85 2 19
25 1 55
17 2 15
40 1 138
72 2 52
15 1 10
64 2 52
22 2 35
27 2 63
7 2 23
49 1 30
40 1 63
31 1 30
25 1 22
10 1 28
19 2 83
57 1 30
7 5 10
36 1 25
10 2 54
42 1 56
15 1 26
137 1 37
137 1 40
10 2 80
63 1 17
53 1 51
28 2 35
33 1 32
23 1 34
34 2 32
34 1 25
40 1 64
12 2 7
42 2 64
56 2 38
15 1 14
80 1 30
30 1 7
20 2 40
18 1 17
53 2 57
10 2 33
45 1 19
40 1 57
40 1 52
31 1 25
63 2 57
65 2 19
10 2 26
10 4 7
10 2 49
17 1 12
28 2 7
22 2 28
81 1 25
45 1 65
10 2 22
57 2 63
30 1 55
37 1 63
54 1 16
10 2 28
24 1 10
24 2 22
32 1 30
64 1 43
51 2 40
24 1 23
30 1 35
15 1 7
73 1 12
35 2 28
7 1 28
17 1 49
73 1 10
55 2 28
20 1 16
7 2 94
10 1 81
35 1 33
45 2 73
25 1 29
43 1 37
41 1 37
40 1 27
40 1 42
7 1 81
156 1 37
40 1 72
31 2 37
32 1 25
42 2 162
7 1 80
40 1 36
162 1 40
52 2 57
54 2 40
38 1 37
32 2 34
138 1 37
45 1 12
10 1 22
10 7 7
10 1 80
37 1 57
28 2 29
54 1 18
63 1 15
48 1 85
56 1 25
72 1 37
37 2 137
33 1 34
80 1 25
7 2 49
25 1 24
7 1 10
45 1 20
28 2 10
73 1 19
42 1 38
17 1 10
17 1 14
62 2 41
30 1 10
34 1 30
80 2 81
16 1 15
52 1 30
73 1 54
25 1 10
19 1 10
52 2 53
37 1 52
63 2 64
22 2 55
25 1 7
48 1 19
54 2 37
17 1 7
64 1 62
30 1 29
7 7 10
30 1 22
57 2 52
12 1 7
137 1 54
156 1 20
14 1 10
7 2 33
16 1 17
22 2 29
52 2 138
28 2 55
27 2 52
7 2 80
56 1 30
28 2 22
7 4 10
23 1 32
7 2 28
10 5 7
22 2 24
14 1 7
63 2 27
73 1 40
7 2 37
62 1 40
7 1 22
35 1 7
28 2 24
19 2 12
81 1 30
27 1 15
138 1 137
63 2 42
30 1 28
40 1 162
17 1 94
72 1 31
138 2 52
18 2 16
37 1 53
10 1 7
7 2 81
25 1 28
162 2 52
53 1 40
30 1 24
12 1 10
94 1 25
83 1 37
37 1 45
52 1 25
73 1 65
81 2 80
26 1 30
19 2 7
22 2 10
22 2 7
17 1 26
51 1 26
15 1 49
48 1 83
12 2 10
7 2 20
31 2 62
83 1 7
7 2 26
83 1 19
37 1 73
35 1 10
64 1 31
45 1 40
40 2 137
29 2 22
62 2 43
64 1 41
138 1 40
16 2 18
27 2 57
14 2 10
24 1 7
14 2 7
20 2 37
37 1 138
57 2 42
26 1 25
36 6 73
45 1 7
19 2 85
7 2 22
57 1 25
15 1 12
10 2 81
? 1 github_java_program_data/6/64.java

25 1 35
10 4 7
33 1 34
80 1 25
85 1 49
23 1 34
25 1 24
31 1 25
49 1 15
45 1 20
86 1 40
81 1 25
24 2 81
15 1 10
30 1 10
34 1 30
48 1 9
80 2 81
16 1 15
52 1 30
7 2 80
7 1 28
10 2 81
25 1 10
49 1 30
16 2 18
49 2 56
40 1 63
31 1 30
9 1 7
10 1 28
37 1 52
10 2 23
7 5 10
25 1 7
48 1 19
24 2 80
17 1 12
15 1 26
12 2 7
7 4 10
7 2 20
30 1 22
63 1 17
28 2 7
53 1 51
28 2 35
14 1 10
33 1 32
63 2 53
25 1 22
20 1 18
37 1 86
7 1 10
34 1 25
19 2 83
7 2 49
23 1 32
7 2 28
10 5 7
14 1 7
15 1 14
49 1 17
80 1 30
30 1 7
20 2 40
10 2 22
30 1 80
31 2 50
19 2 12
81 1 30
27 1 15
86 1 85
45 1 19
14 2 10
30 1 28
7 2 37
10 2 26
65 2 19
17 1 7
7 7 10
7 2 26
14 2 7
7 1 22
10 2 33
45 1 65
10 1 7
7 2 81
25 1 28
83 1 7
12 1 10
50 1 25
22 2 7
50 1 30
83 1 37
24 1 10
30 1 24
40 1 53
32 1 30
85 2 40
7 2 23
24 1 23
26 1 30
51 1 49
15 1 7
22 2 10
10 2 28
35 2 80
17 1 26
17 1 49
48 1 83
85 1 56
7 1 81
20 1 16
10 1 81
35 1 33
10 2 80
25 1 29
28 2 24
25 1 80
84 1 30
30 1 55
40 1 27
35 1 10
56 2 84
45 1 40
32 1 25
37 1 45
45 1 7
7 1 80
18 1 17
28 2 10
32 2 34
51 2 37
19 1 10
9 2 19
51 1 50
24 1 7
53 1 37
85 1 84
26 1 25
45 1 12
56 1 25
10 1 22
10 7 7
49 2 31
10 1 80
83 1 19
7 2 22
27 2 63
19 2 7
25 1 81
51 1 31
? 1 github_java_program_data/6/70.java

