89 1 226
47 1 28
49 1 46
89 1 25
41 2 25
89 1 41
226 1 16
28 1 16
51 1 49
49 1 38
20 2 23
8 2 41
28 2 8
41 1 20
46 2 8
89 1 8
47 1 8
23 1 106
106 1 8
41 1 23
38 1 89
43 2 226
20 1 47
106 1 226
8 2 38
49 1 8
226 2 8
89 1 43
? 1 github_java_program_data/21/118.java

89 1 226
47 1 28
49 1 46
89 1 25
41 2 25
89 1 41
226 1 16
28 1 16
51 1 49
49 1 38
20 2 23
8 2 41
28 2 8
41 1 20
46 2 8
89 1 8
47 1 8
23 1 106
106 1 8
41 1 23
38 1 89
43 2 226
20 1 47
106 1 226
8 2 38
49 1 8
226 2 8
89 1 43
? 1 github_java_program_data/21/119.java

35 2 8
38 1 70
52 1 207
63 1 25
61 1 99
25 1 143
25 1 22
20 2 23
26 1 8
207 1 183
64 1 53
196 2 170
226 1 8
207 1 58
101 1 26
41 1 20
92 1 53
35 2 36
17 2 58
183 2 17
25 1 92
53 2 56
106 1 37
89 1 16
35 2 17
82 1 53
16 1 35
196 2 22
170 2 85
226 2 16
54 2 25
82 2 38
207 1 17
16 2 48
207 1 16
40 1 26
47 1 37
25 1 170
8 1 48
28 2 16
54 1 53
53 2 129
82 1 50
129 1 207
8 2 52
17 2 183
70 1 54
16 4 8
16 1 17
37 2 50
196 2 70
58 2 35
8 1 81
142 1 26
207 1 33
85 2 101
24 1 20
17 2 36
81 2 48
35 2 64
85 1 54
50 1 26
16 2 35
106 1 28
56 1 207
45 2 17
99 1 207
30 1 26
196 1 47
41 2 25
8 7 16
37 1 26
89 2 63
53 2 76
26 1 36
17 2 35
70 1 82
35 2 45
54 1 50
58 1 16
23 1 106
143 1 26
52 1 47
54 1 52
170 1 106
16 1 8
51 1 63
40 1 207
26 1 16
48 1 207
16 2 17
85 1 38
53 1 26
51 1 89
17 2 8
16 2 37
38 1 170
16 1 81
170 2 22
61 1 50
142 6 63
26 1 58
25 1 61
101 1 207
207 1 8
56 2 140
16 2 27
54 1 37
50 2 129
22 1 26
61 2 196
38 1 101
26 1 33
183 1 71
35 2 33
30 1 207
56 1 25
82 1 52
58 1 84
92 1 56
142 1 207
8 2 35
16 2 52
85 1 82
207 1 35
43 2 28
26 1 35
85 1 25
33 2 35
8 1 35
85 2 143
35 2 58
8 2 27
64 2 35
52 2 53
48 1 26
33 1 27
20 1 47
38 1 85
81 1 207
63 1 16
48 2 81
70 1 38
8 4 16
89 1 41
26 1 45
106 1 226
28 2 8
70 1 25
84 1 40
89 1 226
30 2 40
46 2 226
16 5 8
81 1 16
28 1 8
226 2 8
101 2 22
45 2 35
26 1 17
50 2 76
53 2 99
50 2 99
81 1 17
71 1 26
170 2 196
82 1 76
47 1 8
33 2 17
63 1 43
47 1 52
54 2 38
26 2 17
16 2 41
81 1 26
183 1 99
63 1 24
27 1 30
84 1 30
76 1 26
143 6 89
8 1 16
8 2 84
8 2 81
196 1 106
70 2 142
70 2 85
129 1 26
16 2 84
52 1 26
16 1 48
207 1 45
140 1 26
17 2 33
25 1 196
25 1 70
106 1 16
58 1 8
37 1 207
35 2 16
22 2 101
52 1 106
92 2 61
27 1 40
16 2 81
99 1 38
16 2 24
8 1 17
25 1 101
47 1 226
52 2 50
25 1 142
76 1 207
64 1 140
33 1 16
47 1 28
50 1 207
8 2 48
99 2 71
89 1 25
41 1 23
8 2 17
22 1 207
226 1 16
207 1 64
183 1 53
37 1 47
64 1 56
28 1 16
8 5 16
82 2 25
54 1 129
17 2 45
106 1 8
207 1 36
24 2 25
25 1 85
53 1 207
17 2 16
16 7 8
24 1 23
38 1 142
33 1 8
8 2 37
47 1 16
89 1 46
63 1 28
? 1 github_java_program_data/21/12.java

38 1 70
52 1 207
30 1 207
61 1 99
25 1 143
20 2 23
26 1 8
196 2 170
226 1 8
207 1 58
101 1 26
41 1 20
38 1 61
92 1 53
35 2 36
17 2 58
53 2 56
106 1 37
48 2 81
82 1 53
84 1 40
49 1 8
226 2 16
54 2 25
82 2 38
207 1 17
49 1 46
8 2 27
40 1 26
47 1 37
46 2 8
8 1 48
28 2 16
38 1 22
129 1 207
8 2 52
8 2 41
70 1 54
16 4 8
16 1 17
196 2 70
38 1 196
48 1 207
142 1 26
207 1 33
17 2 45
17 2 36
81 2 48
85 1 54
50 1 26
16 2 35
45 2 17
48 1 26
196 1 47
37 1 26
8 2 25
142 6 89
53 2 76
26 1 36
70 1 82
35 2 45
54 1 50
23 1 106
143 1 26
52 1 47
54 1 52
170 1 106
16 1 8
170 2 196
26 1 16
226 2 8
92 2 196
51 1 22
16 2 17
53 1 26
25 1 89
17 2 8
16 2 37
38 1 170
16 1 81
61 1 50
26 1 58
28 2 8
207 1 8
16 2 27
50 2 129
22 1 26
26 1 33
35 2 33
35 2 58
56 1 25
82 1 52
58 1 84
92 1 56
8 2 35
85 1 82
207 1 35
26 1 35
85 1 25
33 2 35
8 1 35
140 1 25
51 1 49
52 2 53
33 1 27
38 1 85
81 1 207
89 1 38
70 1 38
49 1 25
8 4 16
89 1 41
26 1 45
8 1 81
106 1 226
101 1 207
99 2 140
89 1 226
30 2 40
38 1 92
16 5 8
61 1 140
28 1 8
8 2 37
26 1 17
50 2 99
8 7 16
82 1 76
89 1 8
47 1 8
47 1 52
89 1 43
81 1 26
20 1 47
27 1 30
84 1 30
76 1 26
8 1 16
8 2 84
8 2 81
41 2 38
70 2 85
129 1 26
16 1 48
207 1 45
27 1 40
43 2 226
25 1 70
106 1 16
58 1 8
37 1 207
35 2 16
16 7 8
52 1 106
207 1 16
16 2 81
99 1 38
8 1 17
25 1 101
52 2 50
76 1 207
33 1 16
47 1 28
50 1 207
8 2 48
85 2 142
8 2 17
22 1 207
226 1 16
16 2 52
28 1 16
8 5 16
82 2 25
54 1 129
54 2 38
106 1 8
47 1 16
41 1 23
53 1 207
17 2 16
38 1 142
33 1 8
207 1 36
49 2 22
? 1 github_java_program_data/21/125.java

89 1 226
47 1 28
49 1 46
89 1 25
41 2 25
89 1 41
226 1 16
28 1 16
51 1 49
49 1 38
20 2 23
8 2 41
28 2 8
41 1 20
46 2 8
89 1 8
47 1 8
23 1 106
106 1 8
41 1 23
38 1 89
43 2 226
20 1 47
106 1 226
8 2 38
49 1 8
226 2 8
89 1 43
? 1 github_java_program_data/21/148.java

89 1 226
47 1 28
49 1 46
89 1 25
41 2 25
89 1 41
226 1 16
28 1 16
51 1 49
49 1 38
20 2 23
8 2 41
28 2 8
41 1 20
46 2 8
89 1 8
47 1 8
23 1 106
106 1 8
41 1 23
38 1 89
43 2 226
20 1 47
106 1 226
8 2 38
49 1 8
226 2 8
89 1 43
? 1 github_java_program_data/21/149.java

38 1 70
52 1 207
30 1 207
61 1 99
25 1 143
20 2 23
26 1 8
196 2 170
226 1 8
207 1 58
101 1 26
41 1 20
38 1 61
92 1 53
35 2 36
17 2 58
53 2 56
106 1 37
48 2 81
82 1 53
84 1 40
49 1 8
226 2 16
54 2 25
82 2 38
207 1 17
49 1 46
8 2 27
40 1 26
47 1 37
46 2 8
8 1 48
28 2 16
38 1 22
129 1 207
8 2 52
8 2 41
70 1 54
16 4 8
16 1 17
196 2 70
38 1 196
48 1 207
142 1 26
207 1 33
17 2 45
17 2 36
81 2 48
85 1 54
50 1 26
16 2 35
45 2 17
48 1 26
196 1 47
37 1 26
8 2 25
142 6 89
53 2 76
26 1 36
70 1 82
35 2 45
54 1 50
23 1 106
143 1 26
52 1 47
54 1 52
170 1 106
16 1 8
170 2 196
26 1 16
226 2 8
92 2 196
51 1 22
16 2 17
53 1 26
25 1 89
17 2 8
16 2 37
38 1 170
16 1 81
61 1 50
26 1 58
28 2 8
207 1 8
16 2 27
50 2 129
22 1 26
26 1 33
35 2 33
35 2 58
56 1 25
82 1 52
58 1 84
92 1 56
8 2 35
85 1 82
207 1 35
26 1 35
85 1 25
33 2 35
8 1 35
140 1 25
51 1 49
52 2 53
33 1 27
38 1 85
81 1 207
89 1 38
70 1 38
49 1 25
8 4 16
89 1 41
26 1 45
8 1 81
106 1 226
101 1 207
99 2 140
89 1 226
30 2 40
38 1 92
16 5 8
61 1 140
28 1 8
8 2 37
26 1 17
50 2 99
8 7 16
82 1 76
89 1 8
47 1 8
47 1 52
89 1 43
81 1 26
20 1 47
27 1 30
84 1 30
76 1 26
8 1 16
8 2 84
8 2 81
41 2 38
70 2 85
129 1 26
16 1 48
207 1 45
27 1 40
43 2 226
25 1 70
106 1 16
58 1 8
37 1 207
35 2 16
16 7 8
52 1 106
207 1 16
16 2 81
99 1 38
8 1 17
25 1 101
52 2 50
76 1 207
33 1 16
47 1 28
50 1 207
8 2 48
85 2 142
8 2 17
22 1 207
226 1 16
16 2 52
28 1 16
8 5 16
82 2 25
54 1 129
54 2 38
106 1 8
47 1 16
41 1 23
53 1 207
17 2 16
38 1 142
33 1 8
207 1 36
49 2 22
? 1 github_java_program_data/21/155.java

35 2 8
38 1 70
52 1 207
63 1 25
61 1 99
25 1 143
25 1 22
20 2 23
26 1 8
207 1 183
64 1 53
196 2 170
226 1 8
207 1 58
101 1 26
41 1 20
92 1 53
35 2 36
17 2 58
183 2 17
25 1 92
53 2 56
106 1 37
89 1 16
35 2 17
82 1 53
16 1 35
196 2 22
170 2 85
226 2 16
54 2 25
82 2 38
207 1 17
16 2 48
207 1 16
40 1 26
47 1 37
25 1 170
8 1 48
28 2 16
54 1 53
53 2 129
82 1 50
129 1 207
8 2 52
17 2 183
70 1 54
16 4 8
16 1 17
37 2 50
196 2 70
58 2 35
8 1 81
142 1 26
207 1 33
85 2 101
24 1 20
17 2 36
81 2 48
35 2 64
85 1 54
50 1 26
16 2 35
106 1 28
56 1 207
45 2 17
99 1 207
30 1 26
196 1 47
41 2 25
8 7 16
37 1 26
89 2 63
53 2 76
26 1 36
17 2 35
70 1 82
35 2 45
54 1 50
58 1 16
23 1 106
143 1 26
52 1 47
54 1 52
170 1 106
16 1 8
51 1 63
40 1 207
26 1 16
48 1 207
16 2 17
85 1 38
53 1 26
51 1 89
17 2 8
16 2 37
38 1 170
16 1 81
170 2 22
61 1 50
142 6 63
26 1 58
25 1 61
101 1 207
207 1 8
56 2 140
16 2 27
54 1 37
50 2 129
22 1 26
61 2 196
38 1 101
26 1 33
183 1 71
35 2 33
30 1 207
56 1 25
82 1 52
58 1 84
92 1 56
142 1 207
8 2 35
16 2 52
85 1 82
207 1 35
43 2 28
26 1 35
85 1 25
33 2 35
8 1 35
85 2 143
35 2 58
8 2 27
64 2 35
52 2 53
48 1 26
33 1 27
20 1 47
38 1 85
81 1 207
63 1 16
48 2 81
70 1 38
8 4 16
89 1 41
26 1 45
106 1 226
28 2 8
70 1 25
84 1 40
89 1 226
30 2 40
46 2 226
16 5 8
81 1 16
28 1 8
226 2 8
101 2 22
45 2 35
26 1 17
50 2 76
53 2 99
50 2 99
81 1 17
71 1 26
170 2 196
82 1 76
47 1 8
33 2 17
63 1 43
47 1 52
54 2 38
26 2 17
16 2 41
81 1 26
183 1 99
63 1 24
27 1 30
84 1 30
76 1 26
143 6 89
8 1 16
8 2 84
8 2 81
196 1 106
70 2 142
70 2 85
129 1 26
16 2 84
52 1 26
16 1 48
207 1 45
140 1 26
17 2 33
25 1 196
25 1 70
106 1 16
58 1 8
37 1 207
35 2 16
22 2 101
52 1 106
92 2 61
27 1 40
16 2 81
99 1 38
16 2 24
8 1 17
25 1 101
47 1 226
52 2 50
25 1 142
76 1 207
64 1 140
33 1 16
47 1 28
50 1 207
8 2 48
99 2 71
89 1 25
41 1 23
8 2 17
22 1 207
226 1 16
207 1 64
183 1 53
37 1 47
64 1 56
28 1 16
8 5 16
82 2 25
54 1 129
17 2 45
106 1 8
207 1 36
24 2 25
25 1 85
53 1 207
17 2 16
16 7 8
24 1 23
38 1 142
33 1 8
8 2 37
47 1 16
89 1 46
63 1 28
? 1 github_java_program_data/21/161.java

89 1 226
47 1 28
49 1 46
89 1 25
41 2 25
89 1 41
226 1 16
28 1 16
51 1 49
49 1 38
20 2 23
8 2 41
28 2 8
41 1 20
46 2 8
89 1 8
47 1 8
23 1 106
106 1 8
41 1 23
38 1 89
43 2 226
20 1 47
106 1 226
8 2 38
49 1 8
226 2 8
89 1 43
? 1 github_java_program_data/21/179.java

38 1 70
52 1 207
30 1 207
61 1 99
25 1 143
20 2 23
26 1 8
196 2 170
226 1 8
207 1 58
101 1 26
41 1 20
38 1 61
92 1 53
35 2 36
17 2 58
53 2 56
106 1 37
48 2 81
82 1 53
84 1 40
49 1 8
226 2 16
54 2 25
82 2 38
207 1 17
49 1 46
8 2 27
40 1 26
47 1 37
46 2 8
8 1 48
28 2 16
38 1 22
129 1 207
8 2 52
8 2 41
70 1 54
16 4 8
16 1 17
196 2 70
38 1 196
48 1 207
142 1 26
207 1 33
17 2 45
17 2 36
81 2 48
85 1 54
50 1 26
16 2 35
45 2 17
48 1 26
196 1 47
37 1 26
8 2 25
142 6 89
53 2 76
26 1 36
70 1 82
35 2 45
54 1 50
23 1 106
143 1 26
52 1 47
54 1 52
170 1 106
16 1 8
170 2 196
26 1 16
226 2 8
92 2 196
51 1 22
16 2 17
53 1 26
25 1 89
17 2 8
16 2 37
38 1 170
16 1 81
61 1 50
26 1 58
28 2 8
207 1 8
16 2 27
50 2 129
22 1 26
26 1 33
35 2 33
35 2 58
56 1 25
82 1 52
58 1 84
92 1 56
8 2 35
85 1 82
207 1 35
26 1 35
85 1 25
33 2 35
8 1 35
140 1 25
51 1 49
52 2 53
33 1 27
38 1 85
81 1 207
89 1 38
70 1 38
49 1 25
8 4 16
89 1 41
26 1 45
8 1 81
106 1 226
101 1 207
99 2 140
89 1 226
30 2 40
38 1 92
16 5 8
61 1 140
28 1 8
8 2 37
26 1 17
50 2 99
8 7 16
82 1 76
89 1 8
47 1 8
47 1 52
89 1 43
81 1 26
20 1 47
27 1 30
84 1 30
76 1 26
8 1 16
8 2 84
8 2 81
41 2 38
70 2 85
129 1 26
16 1 48
207 1 45
27 1 40
43 2 226
25 1 70
106 1 16
58 1 8
37 1 207
35 2 16
16 7 8
52 1 106
207 1 16
16 2 81
99 1 38
8 1 17
25 1 101
52 2 50
76 1 207
33 1 16
47 1 28
50 1 207
8 2 48
85 2 142
8 2 17
22 1 207
226 1 16
16 2 52
28 1 16
8 5 16
82 2 25
54 1 129
54 2 38
106 1 8
47 1 16
41 1 23
53 1 207
17 2 16
38 1 142
33 1 8
207 1 36
49 2 22
? 1 github_java_program_data/21/185.java

35 2 8
38 1 70
52 1 207
63 1 25
61 1 99
25 1 143
25 1 22
20 2 23
26 1 8
207 1 183
64 1 53
196 2 170
226 1 8
207 1 58
101 1 26
41 1 20
92 1 53
35 2 36
17 2 58
183 2 17
25 1 92
53 2 56
106 1 37
89 1 16
35 2 17
82 1 53
16 1 35
196 2 22
170 2 85
226 2 16
54 2 25
82 2 38
207 1 17
16 2 48
207 1 16
40 1 26
47 1 37
25 1 170
8 1 48
28 2 16
54 1 53
53 2 129
82 1 50
129 1 207
8 2 52
17 2 183
70 1 54
16 4 8
16 1 17
37 2 50
196 2 70
58 2 35
8 1 81
142 1 26
207 1 33
85 2 101
24 1 20
17 2 36
81 2 48
35 2 64
85 1 54
50 1 26
16 2 35
106 1 28
56 1 207
45 2 17
99 1 207
30 1 26
196 1 47
41 2 25
8 7 16
37 1 26
89 2 63
53 2 76
26 1 36
17 2 35
70 1 82
35 2 45
54 1 50
58 1 16
23 1 106
143 1 26
52 1 47
54 1 52
170 1 106
16 1 8
51 1 63
40 1 207
26 1 16
48 1 207
16 2 17
85 1 38
53 1 26
51 1 89
17 2 8
16 2 37
38 1 170
16 1 81
170 2 22
61 1 50
142 6 63
26 1 58
25 1 61
101 1 207
207 1 8
56 2 140
16 2 27
54 1 37
50 2 129
22 1 26
61 2 196
38 1 101
26 1 33
183 1 71
35 2 33
30 1 207
56 1 25
82 1 52
58 1 84
92 1 56
142 1 207
8 2 35
16 2 52
85 1 82
207 1 35
43 2 28
26 1 35
85 1 25
33 2 35
8 1 35
85 2 143
35 2 58
8 2 27
64 2 35
52 2 53
48 1 26
33 1 27
20 1 47
38 1 85
81 1 207
63 1 16
48 2 81
70 1 38
8 4 16
89 1 41
26 1 45
106 1 226
28 2 8
70 1 25
84 1 40
89 1 226
30 2 40
46 2 226
16 5 8
81 1 16
28 1 8
226 2 8
101 2 22
45 2 35
26 1 17
50 2 76
53 2 99
50 2 99
81 1 17
71 1 26
170 2 196
82 1 76
47 1 8
33 2 17
63 1 43
47 1 52
54 2 38
26 2 17
16 2 41
81 1 26
183 1 99
63 1 24
27 1 30
84 1 30
76 1 26
143 6 89
8 1 16
8 2 84
8 2 81
196 1 106
70 2 142
70 2 85
129 1 26
16 2 84
52 1 26
16 1 48
207 1 45
140 1 26
17 2 33
25 1 196
25 1 70
106 1 16
58 1 8
37 1 207
35 2 16
22 2 101
52 1 106
92 2 61
27 1 40
16 2 81
99 1 38
16 2 24
8 1 17
25 1 101
47 1 226
52 2 50
25 1 142
76 1 207
64 1 140
33 1 16
47 1 28
50 1 207
8 2 48
99 2 71
89 1 25
41 1 23
8 2 17
22 1 207
226 1 16
207 1 64
183 1 53
37 1 47
64 1 56
28 1 16
8 5 16
82 2 25
54 1 129
17 2 45
106 1 8
207 1 36
24 2 25
25 1 85
53 1 207
17 2 16
16 7 8
24 1 23
38 1 142
33 1 8
8 2 37
47 1 16
89 1 46
63 1 28
? 1 github_java_program_data/21/191.java

89 1 226
47 1 28
49 1 46
89 1 25
41 2 25
89 1 41
226 1 16
28 1 16
51 1 49
49 1 38
20 2 23
8 2 41
28 2 8
41 1 20
46 2 8
89 1 8
47 1 8
23 1 106
106 1 8
41 1 23
38 1 89
43 2 226
20 1 47
106 1 226
8 2 38
49 1 8
226 2 8
89 1 43
? 1 github_java_program_data/21/208.java

38 1 70
52 1 207
30 1 207
61 1 99
25 1 143
20 2 23
26 1 8
196 2 170
226 1 8
207 1 58
101 1 26
41 1 20
38 1 61
92 1 53
35 2 36
17 2 58
53 2 56
106 1 37
48 2 81
82 1 53
84 1 40
49 1 8
226 2 16
54 2 25
82 2 38
207 1 17
49 1 46
8 2 27
40 1 26
47 1 37
46 2 8
8 1 48
28 2 16
38 1 22
129 1 207
8 2 52
8 2 41
70 1 54
16 4 8
16 1 17
196 2 70
38 1 196
48 1 207
142 1 26
207 1 33
17 2 45
17 2 36
81 2 48
85 1 54
50 1 26
16 2 35
45 2 17
48 1 26
196 1 47
37 1 26
8 2 25
142 6 89
53 2 76
26 1 36
70 1 82
35 2 45
54 1 50
23 1 106
143 1 26
52 1 47
54 1 52
170 1 106
16 1 8
170 2 196
26 1 16
226 2 8
92 2 196
51 1 22
16 2 17
53 1 26
25 1 89
17 2 8
16 2 37
38 1 170
16 1 81
61 1 50
26 1 58
28 2 8
207 1 8
16 2 27
50 2 129
22 1 26
26 1 33
35 2 33
35 2 58
56 1 25
82 1 52
58 1 84
92 1 56
8 2 35
85 1 82
207 1 35
26 1 35
85 1 25
33 2 35
8 1 35
140 1 25
51 1 49
52 2 53
33 1 27
38 1 85
81 1 207
89 1 38
70 1 38
49 1 25
8 4 16
89 1 41
26 1 45
8 1 81
106 1 226
101 1 207
99 2 140
89 1 226
30 2 40
38 1 92
16 5 8
61 1 140
28 1 8
8 2 37
26 1 17
50 2 99
8 7 16
82 1 76
89 1 8
47 1 8
47 1 52
89 1 43
81 1 26
20 1 47
27 1 30
84 1 30
76 1 26
8 1 16
8 2 84
8 2 81
41 2 38
70 2 85
129 1 26
16 1 48
207 1 45
27 1 40
43 2 226
25 1 70
106 1 16
58 1 8
37 1 207
35 2 16
16 7 8
52 1 106
207 1 16
16 2 81
99 1 38
8 1 17
25 1 101
52 2 50
76 1 207
33 1 16
47 1 28
50 1 207
8 2 48
85 2 142
8 2 17
22 1 207
226 1 16
16 2 52
28 1 16
8 5 16
82 2 25
54 1 129
54 2 38
106 1 8
47 1 16
41 1 23
53 1 207
17 2 16
38 1 142
33 1 8
207 1 36
49 2 22
? 1 github_java_program_data/21/215.java

35 2 8
38 1 70
52 1 207
63 1 25
61 1 99
25 1 143
25 1 22
20 2 23
26 1 8
207 1 183
64 1 53
196 2 170
226 1 8
207 1 58
101 1 26
41 1 20
92 1 53
35 2 36
17 2 58
183 2 17
25 1 92
53 2 56
106 1 37
89 1 16
35 2 17
82 1 53
16 1 35
196 2 22
170 2 85
226 2 16
54 2 25
82 2 38
207 1 17
16 2 48
207 1 16
40 1 26
47 1 37
25 1 170
8 1 48
28 2 16
54 1 53
53 2 129
82 1 50
129 1 207
8 2 52
17 2 183
70 1 54
16 4 8
16 1 17
37 2 50
196 2 70
58 2 35
8 1 81
142 1 26
207 1 33
85 2 101
24 1 20
17 2 36
81 2 48
35 2 64
85 1 54
50 1 26
16 2 35
106 1 28
56 1 207
45 2 17
99 1 207
30 1 26
196 1 47
41 2 25
8 7 16
37 1 26
89 2 63
53 2 76
26 1 36
17 2 35
70 1 82
35 2 45
54 1 50
58 1 16
23 1 106
143 1 26
52 1 47
54 1 52
170 1 106
16 1 8
51 1 63
40 1 207
26 1 16
48 1 207
16 2 17
85 1 38
53 1 26
51 1 89
17 2 8
16 2 37
38 1 170
16 1 81
170 2 22
61 1 50
142 6 63
26 1 58
25 1 61
101 1 207
207 1 8
56 2 140
16 2 27
54 1 37
50 2 129
22 1 26
61 2 196
38 1 101
26 1 33
183 1 71
35 2 33
30 1 207
56 1 25
82 1 52
58 1 84
92 1 56
142 1 207
8 2 35
16 2 52
85 1 82
207 1 35
43 2 28
26 1 35
85 1 25
33 2 35
8 1 35
85 2 143
35 2 58
8 2 27
64 2 35
52 2 53
48 1 26
33 1 27
20 1 47
38 1 85
81 1 207
63 1 16
48 2 81
70 1 38
8 4 16
89 1 41
26 1 45
106 1 226
28 2 8
70 1 25
84 1 40
89 1 226
30 2 40
46 2 226
16 5 8
81 1 16
28 1 8
226 2 8
101 2 22
45 2 35
26 1 17
50 2 76
53 2 99
50 2 99
81 1 17
71 1 26
170 2 196
82 1 76
47 1 8
33 2 17
63 1 43
47 1 52
54 2 38
26 2 17
16 2 41
81 1 26
183 1 99
63 1 24
27 1 30
84 1 30
76 1 26
143 6 89
8 1 16
8 2 84
8 2 81
196 1 106
70 2 142
70 2 85
129 1 26
16 2 84
52 1 26
16 1 48
207 1 45
140 1 26
17 2 33
25 1 196
25 1 70
106 1 16
58 1 8
37 1 207
35 2 16
22 2 101
52 1 106
92 2 61
27 1 40
16 2 81
99 1 38
16 2 24
8 1 17
25 1 101
47 1 226
52 2 50
25 1 142
76 1 207
64 1 140
33 1 16
47 1 28
50 1 207
8 2 48
99 2 71
89 1 25
41 1 23
8 2 17
22 1 207
226 1 16
207 1 64
183 1 53
37 1 47
64 1 56
28 1 16
8 5 16
82 2 25
54 1 129
17 2 45
106 1 8
207 1 36
24 2 25
25 1 85
53 1 207
17 2 16
16 7 8
24 1 23
38 1 142
33 1 8
8 2 37
47 1 16
89 1 46
63 1 28
? 1 github_java_program_data/21/221.java

89 1 226
47 1 28
49 1 46
89 1 25
41 2 25
89 1 41
226 1 16
28 1 16
51 1 49
49 1 38
20 2 23
8 2 41
28 2 8
41 1 20
46 2 8
89 1 8
47 1 8
23 1 106
106 1 8
41 1 23
38 1 89
43 2 226
20 1 47
106 1 226
8 2 38
49 1 8
226 2 8
89 1 43
? 1 github_java_program_data/21/238.java

89 1 226
47 1 28
49 1 46
89 1 25
41 2 25
89 1 41
226 1 16
28 1 16
51 1 49
49 1 38
20 2 23
8 2 41
28 2 8
41 1 20
46 2 8
89 1 8
47 1 8
23 1 106
106 1 8
41 1 23
38 1 89
43 2 226
20 1 47
106 1 226
8 2 38
49 1 8
226 2 8
89 1 43
? 1 github_java_program_data/21/239.java

35 2 8
61 1 56
52 1 207
25 1 143
25 1 22
20 2 23
26 1 8
140 1 38
61 1 132
226 1 8
207 1 58
101 1 26
38 1 70
41 1 20
92 1 53
35 2 36
17 2 58
25 1 92
53 2 56
106 1 37
38 1 89
16 1 35
49 1 8
226 2 16
54 2 25
82 2 38
207 1 17
49 1 46
8 2 27
50 2 76
132 1 92
46 2 8
8 1 48
28 2 16
54 1 53
82 1 50
49 1 38
8 2 41
70 1 54
16 4 8
61 1 53
16 1 17
196 2 70
58 2 35
48 1 207
142 1 26
207 1 33
17 2 45
17 2 36
81 2 48
85 1 54
50 1 26
16 2 35
48 1 26
30 1 26
196 1 47
41 2 25
37 1 26
26 1 36
53 1 207
70 1 82
35 2 45
23 1 106
143 1 26
52 1 47
54 1 52
16 1 8
26 1 16
53 2 129
16 2 17
85 1 38
53 1 26
17 2 8
16 2 37
26 1 58
25 1 61
28 2 8
207 1 8
56 2 140
16 2 27
38 1 101
26 1 33
226 2 8
20 1 47
56 1 25
82 1 52
58 1 84
92 1 56
8 2 35
85 1 82
207 1 35
26 1 35
33 2 35
8 1 35
85 2 143
51 1 49
52 2 53
33 1 27
16 1 81
81 1 207
35 2 58
8 4 16
89 1 41
26 1 45
33 2 17
106 1 226
8 2 38
101 1 207
70 1 25
84 1 40
89 1 226
92 1 140
30 2 40
16 5 8
40 1 207
28 1 8
8 2 37
26 1 17
50 2 99
8 7 16
82 1 76
89 1 8
47 1 8
92 1 50
47 1 52
92 1 99
89 1 43
81 1 26
8 1 81
61 2 196
27 1 30
84 1 30
76 1 26
143 6 89
8 1 16
8 2 84
8 2 81
70 2 85
129 1 26
16 1 48
207 1 45
143 1 207
27 1 40
56 2 132
17 2 33
25 1 196
25 1 70
106 1 16
58 1 8
37 1 207
35 2 16
16 7 8
52 1 106
207 1 16
16 2 81
99 1 38
8 1 17
47 1 37
52 2 50
76 1 207
33 1 16
47 1 28
50 1 207
89 1 25
41 1 23
8 2 17
22 1 207
226 1 16
16 2 52
28 1 16
8 5 16
82 2 25
54 1 129
54 2 38
106 1 8
47 1 16
25 1 85
43 2 226
17 2 16
38 1 142
33 1 8
207 1 36
? 1 github_java_program_data/21/246.java

35 2 8
38 1 70
52 1 207
63 1 25
61 1 99
25 1 143
25 1 22
20 2 23
26 1 8
207 1 183
64 1 53
196 2 170
226 1 8
207 1 58
101 1 26
41 1 20
92 1 53
35 2 36
17 2 58
183 2 17
25 1 92
53 2 56
106 1 37
89 1 16
35 2 17
82 1 53
16 1 35
196 2 22
170 2 85
226 2 16
54 2 25
82 2 38
207 1 17
16 2 48
207 1 16
40 1 26
47 1 37
25 1 170
8 1 48
28 2 16
54 1 53
53 2 129
82 1 50
129 1 207
8 2 52
17 2 183
70 1 54
16 4 8
16 1 17
37 2 50
196 2 70
58 2 35
8 1 81
142 1 26
207 1 33
85 2 101
24 1 20
17 2 36
81 2 48
35 2 64
85 1 54
50 1 26
16 2 35
106 1 28
56 1 207
45 2 17
99 1 207
30 1 26
196 1 47
41 2 25
8 7 16
37 1 26
89 2 63
53 2 76
26 1 36
17 2 35
70 1 82
35 2 45
54 1 50
58 1 16
23 1 106
143 1 26
52 1 47
54 1 52
170 1 106
16 1 8
51 1 63
40 1 207
26 1 16
48 1 207
16 2 17
85 1 38
53 1 26
51 1 89
17 2 8
16 2 37
38 1 170
16 1 81
170 2 22
61 1 50
142 6 63
26 1 58
25 1 61
101 1 207
207 1 8
56 2 140
16 2 27
54 1 37
50 2 129
22 1 26
61 2 196
38 1 101
26 1 33
183 1 71
35 2 33
30 1 207
56 1 25
82 1 52
58 1 84
92 1 56
142 1 207
8 2 35
16 2 52
85 1 82
207 1 35
43 2 28
26 1 35
85 1 25
33 2 35
8 1 35
85 2 143
35 2 58
8 2 27
64 2 35
52 2 53
48 1 26
33 1 27
20 1 47
38 1 85
81 1 207
63 1 16
48 2 81
70 1 38
8 4 16
89 1 41
26 1 45
106 1 226
28 2 8
70 1 25
84 1 40
89 1 226
30 2 40
46 2 226
16 5 8
81 1 16
28 1 8
226 2 8
101 2 22
45 2 35
26 1 17
50 2 76
53 2 99
50 2 99
81 1 17
71 1 26
170 2 196
82 1 76
47 1 8
33 2 17
63 1 43
47 1 52
54 2 38
26 2 17
16 2 41
81 1 26
183 1 99
63 1 24
27 1 30
84 1 30
76 1 26
143 6 89
8 1 16
8 2 84
8 2 81
196 1 106
70 2 142
70 2 85
129 1 26
16 2 84
52 1 26
16 1 48
207 1 45
140 1 26
17 2 33
25 1 196
25 1 70
106 1 16
58 1 8
37 1 207
35 2 16
22 2 101
52 1 106
92 2 61
27 1 40
16 2 81
99 1 38
16 2 24
8 1 17
25 1 101
47 1 226
52 2 50
25 1 142
76 1 207
64 1 140
33 1 16
47 1 28
50 1 207
8 2 48
99 2 71
89 1 25
41 1 23
8 2 17
22 1 207
226 1 16
207 1 64
183 1 53
37 1 47
64 1 56
28 1 16
8 5 16
82 2 25
54 1 129
17 2 45
106 1 8
207 1 36
24 2 25
25 1 85
53 1 207
17 2 16
16 7 8
24 1 23
38 1 142
33 1 8
8 2 37
47 1 16
89 1 46
63 1 28
? 1 github_java_program_data/21/251.java

89 1 226
47 1 28
49 1 46
89 1 25
41 2 25
89 1 41
226 1 16
28 1 16
51 1 49
49 1 38
20 2 23
8 2 41
28 2 8
41 1 20
46 2 8
89 1 8
47 1 8
23 1 106
106 1 8
41 1 23
38 1 89
43 2 226
20 1 47
106 1 226
8 2 38
49 1 8
226 2 8
89 1 43
? 1 github_java_program_data/21/268.java

89 1 226
47 1 28
49 1 46
89 1 25
41 2 25
89 1 41
226 1 16
28 1 16
51 1 49
49 1 38
20 2 23
8 2 41
28 2 8
41 1 20
46 2 8
89 1 8
47 1 8
23 1 106
106 1 8
41 1 23
38 1 89
43 2 226
20 1 47
106 1 226
8 2 38
49 1 8
226 2 8
89 1 43
? 1 github_java_program_data/21/269.java

89 1 226
47 1 28
49 1 46
89 1 25
41 2 25
89 1 41
226 1 16
28 1 16
51 1 49
49 1 38
20 2 23
8 2 41
28 2 8
41 1 20
46 2 8
89 1 8
47 1 8
23 1 106
106 1 8
41 1 23
38 1 89
43 2 226
20 1 47
106 1 226
8 2 38
49 1 8
226 2 8
89 1 43
? 1 github_java_program_data/21/28.java

35 2 8
38 1 70
52 1 207
63 1 25
61 1 99
25 1 143
25 1 22
20 2 23
26 1 8
207 1 183
64 1 53
196 2 170
226 1 8
207 1 58
101 1 26
41 1 20
92 1 53
35 2 36
17 2 58
183 2 17
25 1 92
53 2 56
106 1 37
89 1 16
35 2 17
82 1 53
16 1 35
196 2 22
170 2 85
226 2 16
54 2 25
82 2 38
207 1 17
16 2 48
207 1 16
40 1 26
47 1 37
25 1 170
8 1 48
28 2 16
54 1 53
53 2 129
82 1 50
129 1 207
8 2 52
17 2 183
70 1 54
16 4 8
16 1 17
37 2 50
196 2 70
58 2 35
8 1 81
142 1 26
207 1 33
85 2 101
24 1 20
17 2 36
81 2 48
35 2 64
85 1 54
50 1 26
16 2 35
106 1 28
56 1 207
45 2 17
99 1 207
30 1 26
196 1 47
41 2 25
8 7 16
37 1 26
89 2 63
53 2 76
26 1 36
17 2 35
70 1 82
35 2 45
54 1 50
58 1 16
23 1 106
143 1 26
52 1 47
54 1 52
170 1 106
16 1 8
51 1 63
40 1 207
26 1 16
48 1 207
16 2 17
85 1 38
53 1 26
51 1 89
17 2 8
16 2 37
38 1 170
16 1 81
170 2 22
61 1 50
142 6 63
26 1 58
25 1 61
101 1 207
207 1 8
56 2 140
16 2 27
54 1 37
50 2 129
22 1 26
61 2 196
38 1 101
26 1 33
183 1 71
35 2 33
30 1 207
56 1 25
82 1 52
58 1 84
92 1 56
142 1 207
8 2 35
16 2 52
85 1 82
207 1 35
43 2 28
26 1 35
85 1 25
33 2 35
8 1 35
85 2 143
35 2 58
8 2 27
64 2 35
52 2 53
48 1 26
33 1 27
20 1 47
38 1 85
81 1 207
63 1 16
48 2 81
70 1 38
8 4 16
89 1 41
26 1 45
106 1 226
28 2 8
70 1 25
84 1 40
89 1 226
30 2 40
46 2 226
16 5 8
81 1 16
28 1 8
226 2 8
101 2 22
45 2 35
26 1 17
50 2 76
53 2 99
50 2 99
81 1 17
71 1 26
170 2 196
82 1 76
47 1 8
33 2 17
63 1 43
47 1 52
54 2 38
26 2 17
16 2 41
81 1 26
183 1 99
63 1 24
27 1 30
84 1 30
76 1 26
143 6 89
8 1 16
8 2 84
8 2 81
196 1 106
70 2 142
70 2 85
129 1 26
16 2 84
52 1 26
16 1 48
207 1 45
140 1 26
17 2 33
25 1 196
25 1 70
106 1 16
58 1 8
37 1 207
35 2 16
22 2 101
52 1 106
92 2 61
27 1 40
16 2 81
99 1 38
16 2 24
8 1 17
25 1 101
47 1 226
52 2 50
25 1 142
76 1 207
64 1 140
33 1 16
47 1 28
50 1 207
8 2 48
99 2 71
89 1 25
41 1 23
8 2 17
22 1 207
226 1 16
207 1 64
183 1 53
37 1 47
64 1 56
28 1 16
8 5 16
82 2 25
54 1 129
17 2 45
106 1 8
207 1 36
24 2 25
25 1 85
53 1 207
17 2 16
16 7 8
24 1 23
38 1 142
33 1 8
8 2 37
47 1 16
89 1 46
63 1 28
? 1 github_java_program_data/21/281.java

89 1 226
47 1 28
49 1 46
89 1 25
41 2 25
89 1 41
226 1 16
28 1 16
51 1 49
49 1 38
20 2 23
8 2 41
28 2 8
41 1 20
46 2 8
89 1 8
47 1 8
23 1 106
106 1 8
41 1 23
38 1 89
43 2 226
20 1 47
106 1 226
8 2 38
49 1 8
226 2 8
89 1 43
? 1 github_java_program_data/21/29.java

89 1 226
47 1 28
49 1 46
89 1 25
41 2 25
89 1 41
226 1 16
28 1 16
51 1 49
49 1 38
20 2 23
8 2 41
28 2 8
41 1 20
46 2 8
89 1 8
47 1 8
23 1 106
106 1 8
41 1 23
38 1 89
43 2 226
20 1 47
106 1 226
8 2 38
49 1 8
226 2 8
89 1 43
? 1 github_java_program_data/21/298.java

38 1 70
52 1 207
30 1 207
61 1 99
25 1 143
20 2 23
26 1 8
196 2 170
226 1 8
207 1 58
101 1 26
41 1 20
38 1 61
92 1 53
35 2 36
17 2 58
53 2 56
106 1 37
48 2 81
82 1 53
84 1 40
49 1 8
226 2 16
54 2 25
82 2 38
207 1 17
49 1 46
8 2 27
40 1 26
47 1 37
46 2 8
8 1 48
28 2 16
38 1 22
129 1 207
8 2 52
8 2 41
70 1 54
16 4 8
16 1 17
196 2 70
38 1 196
48 1 207
142 1 26
207 1 33
17 2 45
17 2 36
81 2 48
85 1 54
50 1 26
16 2 35
45 2 17
48 1 26
196 1 47
37 1 26
8 2 25
142 6 89
53 2 76
26 1 36
70 1 82
35 2 45
54 1 50
23 1 106
143 1 26
52 1 47
54 1 52
170 1 106
16 1 8
170 2 196
26 1 16
226 2 8
92 2 196
51 1 22
16 2 17
53 1 26
25 1 89
17 2 8
16 2 37
38 1 170
16 1 81
61 1 50
26 1 58
28 2 8
207 1 8
16 2 27
50 2 129
22 1 26
26 1 33
35 2 33
35 2 58
56 1 25
82 1 52
58 1 84
92 1 56
8 2 35
85 1 82
207 1 35
26 1 35
85 1 25
33 2 35
8 1 35
140 1 25
51 1 49
52 2 53
33 1 27
38 1 85
81 1 207
89 1 38
70 1 38
49 1 25
8 4 16
89 1 41
26 1 45
8 1 81
106 1 226
101 1 207
99 2 140
89 1 226
30 2 40
38 1 92
16 5 8
61 1 140
28 1 8
8 2 37
26 1 17
50 2 99
8 7 16
82 1 76
89 1 8
47 1 8
47 1 52
89 1 43
81 1 26
20 1 47
27 1 30
84 1 30
76 1 26
8 1 16
8 2 84
8 2 81
41 2 38
70 2 85
129 1 26
16 1 48
207 1 45
27 1 40
43 2 226
25 1 70
106 1 16
58 1 8
37 1 207
35 2 16
16 7 8
52 1 106
207 1 16
16 2 81
99 1 38
8 1 17
25 1 101
52 2 50
76 1 207
33 1 16
47 1 28
50 1 207
8 2 48
85 2 142
8 2 17
22 1 207
226 1 16
16 2 52
28 1 16
8 5 16
82 2 25
54 1 129
54 2 38
106 1 8
47 1 16
41 1 23
53 1 207
17 2 16
38 1 142
33 1 8
207 1 36
49 2 22
? 1 github_java_program_data/21/305.java

35 2 8
38 1 70
52 1 207
63 1 25
61 1 99
25 1 143
25 1 22
20 2 23
26 1 8
207 1 183
64 1 53
196 2 170
226 1 8
207 1 58
101 1 26
41 1 20
92 1 53
35 2 36
17 2 58
183 2 17
25 1 92
53 2 56
106 1 37
89 1 16
35 2 17
82 1 53
16 1 35
196 2 22
170 2 85
226 2 16
54 2 25
82 2 38
207 1 17
16 2 48
207 1 16
40 1 26
47 1 37
25 1 170
8 1 48
28 2 16
54 1 53
53 2 129
82 1 50
129 1 207
8 2 52
17 2 183
70 1 54
16 4 8
16 1 17
37 2 50
196 2 70
58 2 35
8 1 81
142 1 26
207 1 33
85 2 101
24 1 20
17 2 36
81 2 48
35 2 64
85 1 54
50 1 26
16 2 35
106 1 28
56 1 207
45 2 17
99 1 207
30 1 26
196 1 47
41 2 25
8 7 16
37 1 26
89 2 63
53 2 76
26 1 36
17 2 35
70 1 82
35 2 45
54 1 50
58 1 16
23 1 106
143 1 26
52 1 47
54 1 52
170 1 106
16 1 8
51 1 63
40 1 207
26 1 16
48 1 207
16 2 17
85 1 38
53 1 26
51 1 89
17 2 8
16 2 37
38 1 170
16 1 81
170 2 22
61 1 50
142 6 63
26 1 58
25 1 61
101 1 207
207 1 8
56 2 140
16 2 27
54 1 37
50 2 129
22 1 26
61 2 196
38 1 101
26 1 33
183 1 71
35 2 33
30 1 207
56 1 25
82 1 52
58 1 84
92 1 56
142 1 207
8 2 35
16 2 52
85 1 82
207 1 35
43 2 28
26 1 35
85 1 25
33 2 35
8 1 35
85 2 143
35 2 58
8 2 27
64 2 35
52 2 53
48 1 26
33 1 27
20 1 47
38 1 85
81 1 207
63 1 16
48 2 81
70 1 38
8 4 16
89 1 41
26 1 45
106 1 226
28 2 8
70 1 25
84 1 40
89 1 226
30 2 40
46 2 226
16 5 8
81 1 16
28 1 8
226 2 8
101 2 22
45 2 35
26 1 17
50 2 76
53 2 99
50 2 99
81 1 17
71 1 26
170 2 196
82 1 76
47 1 8
33 2 17
63 1 43
47 1 52
54 2 38
26 2 17
16 2 41
81 1 26
183 1 99
63 1 24
27 1 30
84 1 30
76 1 26
143 6 89
8 1 16
8 2 84
8 2 81
196 1 106
70 2 142
70 2 85
129 1 26
16 2 84
52 1 26
16 1 48
207 1 45
140 1 26
17 2 33
25 1 196
25 1 70
106 1 16
58 1 8
37 1 207
35 2 16
22 2 101
52 1 106
92 2 61
27 1 40
16 2 81
99 1 38
16 2 24
8 1 17
25 1 101
47 1 226
52 2 50
25 1 142
76 1 207
64 1 140
33 1 16
47 1 28
50 1 207
8 2 48
99 2 71
89 1 25
41 1 23
8 2 17
22 1 207
226 1 16
207 1 64
183 1 53
37 1 47
64 1 56
28 1 16
8 5 16
82 2 25
54 1 129
17 2 45
106 1 8
207 1 36
24 2 25
25 1 85
53 1 207
17 2 16
16 7 8
24 1 23
38 1 142
33 1 8
8 2 37
47 1 16
89 1 46
63 1 28
? 1 github_java_program_data/21/311.java

35 2 8
35 2 183
38 1 70
52 1 207
25 1 143
25 1 22
20 2 23
82 1 50
207 1 35
99 1 207
64 1 53
196 2 170
226 1 8
101 1 26
41 1 20
92 1 53
35 2 36
25 1 92
53 2 56
106 1 37
38 1 89
16 1 35
49 1 8
226 2 16
54 2 25
82 2 38
207 1 17
49 1 46
207 1 16
50 2 76
25 1 170
8 1 48
28 2 16
54 1 53
92 1 71
38 1 22
49 1 38
8 2 52
8 2 41
70 1 54
16 4 8
183 1 71
196 2 70
38 1 196
48 1 207
207 1 33
40 1 207
81 2 48
85 1 54
50 1 26
16 2 35
56 1 207
207 1 183
30 1 26
196 1 47
41 2 25
64 2 17
8 7 16
37 1 26
26 1 36
70 1 82
140 1 207
35 2 45
23 1 106
143 1 26
52 1 47
54 1 52
170 1 106
17 2 36
16 1 8
170 2 196
26 1 16
53 2 129
16 2 17
85 1 38
170 2 101
53 1 26
50 2 56
17 2 8
81 1 26
16 2 37
38 1 170
46 2 8
71 1 38
64 1 99
26 1 58
28 2 8
207 1 8
56 2 140
16 2 27
101 2 22
38 1 101
26 1 33
84 1 40
20 1 47
56 1 25
82 1 52
58 1 84
92 1 56
8 2 35
85 1 82
26 1 8
26 1 35
33 2 35
47 1 52
85 2 143
51 1 49
52 2 53
48 1 26
33 1 27
56 2 71
16 1 81
81 1 207
35 2 58
8 4 16
89 1 41
26 1 45
8 1 81
106 1 226
17 2 64
8 2 38
101 1 207
99 2 140
70 1 25
64 1 50
89 1 226
16 5 8
28 1 8
226 2 8
8 2 37
26 1 17
53 2 99
50 2 99
71 1 26
82 1 76
89 1 8
47 1 8
26 1 64
76 1 207
54 2 38
89 1 43
183 1 50
183 1 99
27 1 30
76 1 26
143 6 89
8 1 16
8 2 84
8 2 81
70 2 85
129 1 26
16 1 48
207 1 45
140 1 26
43 2 226
25 1 196
25 1 70
106 1 16
58 1 8
37 1 207
35 2 16
16 7 8
52 1 106
8 2 27
16 2 81
8 1 17
47 1 37
52 2 50
64 1 140
33 1 16
47 1 28
50 1 207
99 2 71
89 1 25
41 1 23
8 2 17
22 1 207
226 1 16
33 1 8
16 2 52
64 1 56
28 1 16
8 5 16
82 2 25
54 1 129
17 2 45
106 1 8
207 1 36
25 1 85
53 1 207
17 2 16
207 1 64
47 1 16
183 2 35
? 1 github_java_program_data/21/314.java

89 1 226
47 1 28
49 1 46
89 1 25
41 2 25
89 1 41
226 1 16
28 1 16
51 1 49
49 1 38
20 2 23
8 2 41
28 2 8
41 1 20
46 2 8
89 1 8
47 1 8
23 1 106
106 1 8
41 1 23
38 1 89
43 2 226
20 1 47
106 1 226
8 2 38
49 1 8
226 2 8
89 1 43
? 1 github_java_program_data/21/328.java

35 2 8
38 1 70
52 1 207
63 1 25
82 1 37
61 1 99
25 1 143
25 1 22
20 2 23
82 1 50
207 1 35
23 1 47
140 1 38
17 2 58
196 2 170
226 1 8
207 1 58
101 1 26
92 2 170
41 1 20
92 1 53
35 2 36
70 1 54
25 1 92
53 2 56
106 1 37
38 1 89
82 1 53
16 1 35
196 2 22
49 1 8
37 1 106
54 2 25
82 2 38
207 1 17
61 2 92
49 1 46
27 1 40
40 1 26
38 1 63
25 1 101
25 1 170
8 1 48
28 2 16
54 1 53
53 2 129
38 1 22
129 1 207
49 1 38
8 2 52
8 2 41
8 2 24
75 1 38
16 4 8
16 1 17
37 2 50
196 2 70
58 2 35
8 1 81
207 1 33
40 1 207
81 2 48
85 1 54
50 1 26
16 2 35
75 1 46
48 1 26
30 1 26
196 1 47
41 2 25
24 2 25
37 2 53
37 1 26
26 1 36
53 1 26
20 1 106
70 1 82
35 2 45
54 1 50
58 1 16
23 1 106
52 1 47
54 1 52
170 1 106
17 2 36
16 1 8
170 2 196
26 1 16
48 1 207
89 1 43
16 2 17
85 1 38
63 1 8
76 1 207
17 2 8
16 2 37
63 1 226
46 2 8
71 1 38
170 2 22
61 1 50
142 6 63
51 1 75
25 1 61
28 2 8
207 1 8
56 2 140
16 2 27
54 1 37
50 2 129
22 2 70
22 1 26
38 1 101
26 1 33
226 2 8
20 1 47
56 1 25
82 1 52
58 1 84
92 1 56
142 1 207
8 2 35
16 2 52
85 1 82
26 1 8
26 1 35
33 2 35
8 1 35
85 2 143
8 2 27
51 1 49
52 2 53
33 1 27
75 2 49
16 1 81
81 1 207
35 2 58
8 4 16
89 1 41
26 1 58
26 1 45
106 1 226
8 2 38
101 1 207
70 1 25
84 1 40
89 1 226
92 1 140
30 2 40
16 5 8
28 1 8
101 2 22
8 2 37
26 1 17
50 2 76
50 2 99
99 1 25
82 1 76
89 1 8
47 1 8
16 7 8
33 2 17
63 1 43
47 1 52
54 2 38
56 1 38
226 2 16
38 1 143
81 1 26
63 1 24
27 1 30
84 1 30
76 1 26
143 6 89
8 1 16
8 2 84
8 2 81
70 2 85
129 1 26
16 2 84
52 1 26
16 1 48
207 1 45
43 2 226
143 1 207
106 1 28
25 1 196
25 1 70
106 1 16
17 2 33
58 1 8
37 1 207
30 1 207
22 2 101
8 7 16
106 1 52
52 1 106
207 1 16
16 2 81
8 1 17
47 1 37
75 1 8
47 1 226
52 2 50
25 1 142
24 1 20
33 1 16
47 1 28
50 1 207
53 2 76
99 2 71
89 1 25
85 2 142
41 1 23
8 2 17
22 1 207
226 1 16
35 2 33
37 1 47
28 1 16
8 5 16
82 2 25
54 1 129
49 2 75
17 2 45
106 1 8
207 1 36
61 1 71
25 1 85
53 1 207
17 2 16
35 2 16
24 1 23
33 1 8
47 1 16
? 1 github_java_program_data/21/33.java

35 2 8
38 1 70
52 1 207
30 1 207
25 1 143
25 1 22
20 2 23
207 1 35
140 1 38
196 2 170
226 1 8
207 1 58
41 1 20
92 1 53
35 2 36
25 1 92
53 2 56
106 1 37
38 1 89
16 1 35
49 1 8
226 2 16
54 2 25
82 2 38
207 1 17
49 1 46
8 2 27
40 1 26
47 1 37
25 1 170
8 1 48
28 2 16
54 1 53
82 1 50
49 1 38
8 2 52
8 2 41
70 1 54
16 4 8
196 2 70
38 1 196
48 1 207
207 1 33
17 2 45
40 1 207
81 2 48
85 1 54
50 1 26
16 2 35
48 1 26
30 1 26
8 4 16
41 2 25
37 1 26
26 1 36
70 1 82
35 2 45
23 1 106
143 1 26
52 1 47
54 1 52
40 2 30
170 1 106
17 2 36
16 1 8
170 2 196
26 1 16
53 2 129
16 2 17
85 1 38
170 2 101
53 1 26
17 2 8
16 2 37
38 1 170
26 1 58
28 2 8
207 1 8
56 2 140
16 2 27
38 1 101
26 1 33
226 2 8
20 1 47
56 1 25
82 1 52
58 1 84
92 1 56
8 2 35
85 1 82
26 1 8
26 1 35
33 2 35
8 1 35
47 1 52
85 2 143
51 1 49
52 2 53
33 1 27
16 1 81
81 1 207
35 2 58
196 1 47
89 1 41
26 1 45
8 1 81
106 1 226
8 2 38
101 1 207
70 1 25
84 1 40
89 1 226
92 1 140
30 2 40
16 5 8
28 1 8
8 2 37
26 1 17
8 7 16
46 2 8
89 1 8
47 1 8
76 1 207
89 1 43
81 1 26
27 1 30
84 1 30
76 1 26
143 6 89
8 1 16
8 2 84
8 2 81
70 2 85
82 1 76
129 1 26
16 1 48
207 1 45
27 1 40
53 1 207
25 1 196
25 1 70
106 1 16
58 1 8
37 1 207
35 2 16
16 7 8
52 1 106
207 1 16
16 2 81
8 1 17
50 2 76
52 2 50
33 1 16
47 1 28
50 1 207
89 1 25
41 1 23
8 2 17
22 1 207
226 1 16
16 2 52
28 1 16
8 5 16
82 2 25
54 1 129
54 2 38
106 1 8
207 1 36
25 1 85
43 2 226
17 2 16
33 1 8
47 1 16
? 1 github_java_program_data/21/332.java

38 1 70
52 1 207
30 1 207
61 1 99
25 1 143
20 2 23
26 1 8
196 2 170
226 1 8
207 1 58
101 1 26
41 1 20
38 1 61
92 1 53
35 2 36
17 2 58
53 2 56
106 1 37
48 2 81
82 1 53
84 1 40
49 1 8
226 2 16
54 2 25
82 2 38
207 1 17
49 1 46
8 2 27
40 1 26
47 1 37
46 2 8
8 1 48
28 2 16
38 1 22
129 1 207
8 2 52
8 2 41
70 1 54
16 4 8
16 1 17
196 2 70
38 1 196
48 1 207
142 1 26
207 1 33
17 2 45
17 2 36
81 2 48
85 1 54
50 1 26
16 2 35
45 2 17
48 1 26
196 1 47
37 1 26
8 2 25
142 6 89
53 2 76
26 1 36
70 1 82
35 2 45
54 1 50
23 1 106
143 1 26
52 1 47
54 1 52
170 1 106
16 1 8
170 2 196
26 1 16
226 2 8
92 2 196
51 1 22
16 2 17
53 1 26
25 1 89
17 2 8
16 2 37
38 1 170
16 1 81
61 1 50
26 1 58
28 2 8
207 1 8
16 2 27
50 2 129
22 1 26
26 1 33
35 2 33
35 2 58
56 1 25
82 1 52
58 1 84
92 1 56
8 2 35
85 1 82
207 1 35
26 1 35
85 1 25
33 2 35
8 1 35
140 1 25
51 1 49
52 2 53
33 1 27
38 1 85
81 1 207
89 1 38
70 1 38
49 1 25
8 4 16
89 1 41
26 1 45
8 1 81
106 1 226
101 1 207
99 2 140
89 1 226
30 2 40
38 1 92
16 5 8
61 1 140
28 1 8
8 2 37
26 1 17
50 2 99
8 7 16
82 1 76
89 1 8
47 1 8
47 1 52
89 1 43
81 1 26
20 1 47
27 1 30
84 1 30
76 1 26
8 1 16
8 2 84
8 2 81
41 2 38
70 2 85
129 1 26
16 1 48
207 1 45
27 1 40
43 2 226
25 1 70
106 1 16
58 1 8
37 1 207
35 2 16
16 7 8
52 1 106
207 1 16
16 2 81
99 1 38
8 1 17
25 1 101
52 2 50
76 1 207
33 1 16
47 1 28
50 1 207
8 2 48
85 2 142
8 2 17
22 1 207
226 1 16
16 2 52
28 1 16
8 5 16
82 2 25
54 1 129
54 2 38
106 1 8
47 1 16
41 1 23
53 1 207
17 2 16
38 1 142
33 1 8
207 1 36
49 2 22
? 1 github_java_program_data/21/335.java

35 2 8
38 1 70
52 1 207
63 1 25
61 1 99
25 1 143
25 1 22
20 2 23
26 1 8
207 1 183
64 1 53
196 2 170
226 1 8
207 1 58
101 1 26
41 1 20
92 1 53
35 2 36
17 2 58
183 2 17
25 1 92
53 2 56
106 1 37
89 1 16
35 2 17
82 1 53
16 1 35
196 2 22
170 2 85
226 2 16
54 2 25
82 2 38
207 1 17
16 2 48
207 1 16
40 1 26
47 1 37
25 1 170
8 1 48
28 2 16
54 1 53
53 2 129
82 1 50
129 1 207
8 2 52
17 2 183
70 1 54
16 4 8
16 1 17
37 2 50
196 2 70
58 2 35
8 1 81
142 1 26
207 1 33
85 2 101
24 1 20
17 2 36
81 2 48
35 2 64
85 1 54
50 1 26
16 2 35
106 1 28
56 1 207
45 2 17
99 1 207
30 1 26
196 1 47
41 2 25
8 7 16
37 1 26
89 2 63
53 2 76
26 1 36
17 2 35
70 1 82
35 2 45
54 1 50
58 1 16
23 1 106
143 1 26
52 1 47
54 1 52
170 1 106
16 1 8
51 1 63
40 1 207
26 1 16
48 1 207
16 2 17
85 1 38
53 1 26
51 1 89
17 2 8
16 2 37
38 1 170
16 1 81
170 2 22
61 1 50
142 6 63
26 1 58
25 1 61
101 1 207
207 1 8
56 2 140
16 2 27
54 1 37
50 2 129
22 1 26
61 2 196
38 1 101
26 1 33
183 1 71
35 2 33
30 1 207
56 1 25
82 1 52
58 1 84
92 1 56
142 1 207
8 2 35
16 2 52
85 1 82
207 1 35
43 2 28
26 1 35
85 1 25
33 2 35
8 1 35
85 2 143
35 2 58
8 2 27
64 2 35
52 2 53
48 1 26
33 1 27
20 1 47
38 1 85
81 1 207
63 1 16
48 2 81
70 1 38
8 4 16
89 1 41
26 1 45
106 1 226
28 2 8
70 1 25
84 1 40
89 1 226
30 2 40
46 2 226
16 5 8
81 1 16
28 1 8
226 2 8
101 2 22
45 2 35
26 1 17
50 2 76
53 2 99
50 2 99
81 1 17
71 1 26
170 2 196
82 1 76
47 1 8
33 2 17
63 1 43
47 1 52
54 2 38
26 2 17
16 2 41
81 1 26
183 1 99
63 1 24
27 1 30
84 1 30
76 1 26
143 6 89
8 1 16
8 2 84
8 2 81
196 1 106
70 2 142
70 2 85
129 1 26
16 2 84
52 1 26
16 1 48
207 1 45
140 1 26
17 2 33
25 1 196
25 1 70
106 1 16
58 1 8
37 1 207
35 2 16
22 2 101
52 1 106
92 2 61
27 1 40
16 2 81
99 1 38
16 2 24
8 1 17
25 1 101
47 1 226
52 2 50
25 1 142
76 1 207
64 1 140
33 1 16
47 1 28
50 1 207
8 2 48
99 2 71
89 1 25
41 1 23
8 2 17
22 1 207
226 1 16
207 1 64
183 1 53
37 1 47
64 1 56
28 1 16
8 5 16
82 2 25
54 1 129
17 2 45
106 1 8
207 1 36
24 2 25
25 1 85
53 1 207
17 2 16
16 7 8
24 1 23
38 1 142
33 1 8
8 2 37
47 1 16
89 1 46
63 1 28
? 1 github_java_program_data/21/341.java

89 1 226
47 1 28
49 1 46
89 1 25
41 2 25
89 1 41
226 1 16
28 1 16
51 1 49
49 1 38
20 2 23
8 2 41
28 2 8
41 1 20
46 2 8
89 1 8
47 1 8
23 1 106
106 1 8
41 1 23
38 1 89
43 2 226
20 1 47
106 1 226
8 2 38
49 1 8
226 2 8
89 1 43
? 1 github_java_program_data/21/358.java

89 1 226
47 1 28
49 1 46
89 1 25
41 2 25
89 1 41
226 1 16
28 1 16
51 1 49
49 1 38
20 2 23
8 2 41
28 2 8
41 1 20
46 2 8
89 1 8
47 1 8
23 1 106
106 1 8
41 1 23
38 1 89
43 2 226
20 1 47
106 1 226
8 2 38
49 1 8
226 2 8
89 1 43
? 1 github_java_program_data/21/359.java

38 1 70
52 1 207
30 1 207
61 1 99
25 1 143
20 2 23
26 1 8
196 2 170
226 1 8
207 1 58
101 1 26
41 1 20
38 1 61
92 1 53
35 2 36
17 2 58
53 2 56
106 1 37
48 2 81
82 1 53
84 1 40
49 1 8
226 2 16
54 2 25
82 2 38
207 1 17
49 1 46
8 2 27
40 1 26
47 1 37
46 2 8
8 1 48
28 2 16
38 1 22
129 1 207
8 2 52
8 2 41
70 1 54
16 4 8
16 1 17
196 2 70
38 1 196
48 1 207
142 1 26
207 1 33
17 2 45
17 2 36
81 2 48
85 1 54
50 1 26
16 2 35
45 2 17
48 1 26
196 1 47
37 1 26
8 2 25
142 6 89
53 2 76
26 1 36
70 1 82
35 2 45
54 1 50
23 1 106
143 1 26
52 1 47
54 1 52
170 1 106
16 1 8
170 2 196
26 1 16
226 2 8
92 2 196
51 1 22
16 2 17
53 1 26
25 1 89
17 2 8
16 2 37
38 1 170
16 1 81
61 1 50
26 1 58
28 2 8
207 1 8
16 2 27
50 2 129
22 1 26
26 1 33
35 2 33
35 2 58
56 1 25
82 1 52
58 1 84
92 1 56
8 2 35
85 1 82
207 1 35
26 1 35
85 1 25
33 2 35
8 1 35
140 1 25
51 1 49
52 2 53
33 1 27
38 1 85
81 1 207
89 1 38
70 1 38
49 1 25
8 4 16
89 1 41
26 1 45
8 1 81
106 1 226
101 1 207
99 2 140
89 1 226
30 2 40
38 1 92
16 5 8
61 1 140
28 1 8
8 2 37
26 1 17
50 2 99
8 7 16
82 1 76
89 1 8
47 1 8
47 1 52
89 1 43
81 1 26
20 1 47
27 1 30
84 1 30
76 1 26
8 1 16
8 2 84
8 2 81
41 2 38
70 2 85
129 1 26
16 1 48
207 1 45
27 1 40
43 2 226
25 1 70
106 1 16
58 1 8
37 1 207
35 2 16
16 7 8
52 1 106
207 1 16
16 2 81
99 1 38
8 1 17
25 1 101
52 2 50
76 1 207
33 1 16
47 1 28
50 1 207
8 2 48
85 2 142
8 2 17
22 1 207
226 1 16
16 2 52
28 1 16
8 5 16
82 2 25
54 1 129
54 2 38
106 1 8
47 1 16
41 1 23
53 1 207
17 2 16
38 1 142
33 1 8
207 1 36
49 2 22
? 1 github_java_program_data/21/365.java

35 2 8
61 1 56
52 1 207
54 2 38
25 1 143
25 1 22
20 2 23
26 1 8
140 1 38
61 1 132
226 1 8
207 1 58
101 1 26
38 1 70
41 1 20
92 1 53
35 2 36
17 2 58
25 1 92
53 2 56
106 1 37
38 1 89
16 1 35
49 1 8
226 2 16
54 2 25
82 2 38
207 1 17
18 1 8
49 1 46
207 1 16
50 2 76
132 1 92
46 2 8
8 1 48
28 2 16
54 1 53
82 1 50
49 1 38
38 1 61
8 2 41
70 1 54
16 4 8
61 1 53
16 1 17
196 2 70
48 1 207
142 1 26
207 1 33
17 2 36
81 2 48
61 2 101
85 1 54
50 1 26
76 1 207
48 1 26
30 1 26
196 1 47
41 2 25
37 1 26
26 1 36
58 2 17
35 2 45
58 1 16
23 1 106
51 1 35
143 1 26
52 1 47
54 1 52
170 1 106
35 1 8
16 1 8
26 1 16
53 2 129
16 2 17
85 1 38
53 1 26
42 2 49
42 2 18
17 2 8
16 2 37
38 1 170
51 1 42
26 1 58
25 1 61
101 1 207
207 1 8
56 2 140
16 2 27
22 1 26
38 1 101
26 1 33
35 2 33
16 2 35
20 1 47
56 1 25
82 1 52
58 1 84
92 1 56
8 2 35
85 1 82
207 1 35
26 1 35
33 2 35
8 1 35
85 2 143
18 2 42
35 2 42
51 1 49
52 2 53
42 1 8
33 1 27
16 1 81
81 1 207
8 4 16
89 1 41
26 1 45
33 2 17
106 1 226
8 2 38
28 2 8
42 1 16
70 1 25
84 1 40
89 1 226
92 1 140
38 1 92
16 5 8
40 1 207
28 1 8
226 2 8
8 2 37
26 1 17
50 2 99
8 7 16
82 1 76
89 1 8
47 1 8
92 1 50
47 1 52
92 1 99
18 1 16
89 1 43
81 1 26
8 1 81
61 2 196
27 1 30
76 1 26
143 6 89
8 1 16
8 2 84
8 2 81
70 2 85
129 1 26
16 2 84
16 1 48
207 1 45
56 2 132
43 2 226
25 1 196
25 1 70
106 1 16
58 1 8
37 1 207
35 2 16
16 7 8
52 1 106
92 2 61
8 2 27
16 2 81
99 1 38
8 1 17
47 1 37
52 2 50
33 1 16
47 1 28
50 1 207
170 2 92
70 1 82
89 1 25
41 1 23
8 2 17
22 1 207
226 1 16
16 2 52
45 2 35
28 1 16
8 5 16
82 2 25
54 1 129
51 1 18
36 2 17
17 2 45
106 1 8
47 1 16
25 1 85
53 1 207
17 2 16
38 1 142
33 1 8
207 1 36
? 1 github_java_program_data/21/370.java

35 2 8
207 1 35
16 2 17
8 2 81
33 2 35
17 2 8
61 1 99
25 1 143
25 1 22
20 2 23
43 2 46
26 1 8
8 5 16
51 1 49
196 2 170
226 1 8
17 2 33
170 2 22
33 1 27
41 1 20
50 2 99
92 1 53
63 1 38
89 1 38
35 2 58
196 1 47
106 1 37
89 1 41
38 1 89
16 2 35
26 1 45
99 1 38
53 2 56
106 1 226
8 4 16
45 2 17
49 1 8
99 2 140
226 2 16
84 1 40
89 1 226
61 2 92
17 2 36
30 2 40
38 1 92
49 1 46
27 1 40
40 1 26
38 1 63
46 2 226
16 5 8
16 1 35
140 1 25
28 1 8
26 1 17
16 1 17
49 1 38
38 1 61
8 2 41
8 2 38
46 2 8
89 1 8
47 1 8
8 1 35
8 2 27
226 2 8
47 1 52
142 1 26
207 1 33
28 2 8
40 1 207
89 1 43
38 1 143
63 1 226
46 2 28
63 1 24
27 1 30
24 2 38
84 1 30
26 1 35
143 6 89
8 1 16
8 2 84
35 2 16
30 1 26
207 1 17
41 2 38
41 2 25
16 2 84
52 1 26
207 1 45
63 2 89
143 1 207
26 1 36
43 2 226
25 1 196
92 2 143
106 1 16
23 2 20
35 2 45
89 2 63
58 1 8
37 1 207
23 1 106
143 1 26
143 6 63
92 2 61
40 2 30
207 1 16
170 1 106
38 1 142
16 2 24
16 1 8
8 1 17
35 2 36
47 1 226
26 1 16
25 1 142
24 1 20
33 1 16
47 1 28
50 1 207
53 1 26
89 1 25
8 2 17
22 1 207
25 1 170
226 1 16
92 1 56
16 2 37
89 1 28
20 1 47
50 1 26
28 1 16
16 1 81
28 2 16
61 1 50
26 1 58
58 1 16
207 1 8
61 1 140
8 2 35
63 1 16
17 2 45
106 1 8
47 1 16
26 1 33
63 1 46
41 1 23
53 1 207
17 2 16
30 1 207
24 1 23
56 1 25
16 4 8
58 1 84
33 1 8
16 2 27
142 1 207
106 1 28
207 1 36
89 1 46
16 2 52
? 1 github_java_program_data/21/375.java

35 2 8
38 1 70
52 1 207
61 1 99
25 1 143
20 2 23
40 1 207
196 2 170
226 1 8
207 1 58
101 1 26
41 1 20
38 1 61
92 1 53
35 2 36
17 2 58
53 2 56
106 1 37
82 1 53
84 1 40
49 1 8
226 2 16
54 2 25
82 2 38
207 1 17
49 1 46
8 2 27
40 1 26
47 1 37
46 2 8
8 1 48
28 2 16
38 1 22
8 2 52
8 2 41
70 1 54
16 4 8
16 1 17
196 2 70
38 1 196
48 1 207
207 1 33
17 2 45
17 2 36
81 2 48
85 1 54
50 1 26
16 2 35
45 2 17
48 1 26
30 1 26
196 1 47
37 1 26
8 2 25
142 6 89
26 1 36
70 1 82
35 2 45
54 1 50
23 1 106
143 1 26
52 1 47
54 1 52
170 1 106
16 1 8
170 2 196
26 1 16
226 2 8
92 2 196
16 2 17
53 1 26
25 1 89
17 2 8
16 2 37
38 1 170
16 1 81
61 1 50
26 1 58
28 2 8
207 1 8
61 1 140
50 2 129
26 1 33
30 1 207
56 1 25
82 1 52
58 1 84
26 1 8
142 1 207
8 2 35
85 1 82
207 1 35
26 1 35
85 1 25
33 2 35
8 1 35
140 1 25
35 2 58
51 1 49
52 2 53
33 1 27
38 1 85
81 1 207
89 1 38
70 1 38
49 1 25
8 4 16
89 1 41
26 1 45
8 1 81
106 1 226
101 1 207
99 2 140
16 1 35
89 1 226
30 2 40
38 1 92
16 5 8
16 2 27
28 1 8
8 2 37
26 1 17
50 2 99
8 7 16
82 1 76
89 1 8
47 1 8
47 1 52
89 1 43
81 1 26
20 1 47
27 1 30
84 1 30
76 1 26
8 1 16
8 2 84
8 2 81
41 2 38
70 2 85
129 1 26
16 1 48
207 1 45
27 1 40
53 1 207
25 1 70
106 1 16
58 1 8
37 1 207
35 2 16
16 7 8
52 1 106
207 1 16
16 2 81
99 1 38
8 1 17
25 1 101
52 2 50
76 1 207
33 1 16
47 1 28
50 1 207
53 2 76
85 2 142
8 2 17
22 1 207
226 1 16
92 1 56
16 2 52
28 1 16
8 5 16
82 2 25
54 1 129
54 2 38
106 1 8
47 1 16
41 1 23
43 2 226
17 2 16
38 1 142
33 1 8
207 1 36
? 1 github_java_program_data/21/376.java

89 1 226
47 1 28
49 1 46
89 1 25
41 2 25
89 1 41
226 1 16
28 1 16
51 1 49
49 1 38
20 2 23
8 2 41
28 2 8
41 1 20
46 2 8
89 1 8
47 1 8
23 1 106
106 1 8
41 1 23
38 1 89
43 2 226
20 1 47
106 1 226
8 2 38
49 1 8
226 2 8
89 1 43
? 1 github_java_program_data/21/388.java

89 1 226
47 1 28
49 1 46
89 1 25
41 2 25
89 1 41
226 1 16
28 1 16
51 1 49
49 1 38
20 2 23
8 2 41
28 2 8
41 1 20
46 2 8
89 1 8
47 1 8
23 1 106
106 1 8
41 1 23
38 1 89
43 2 226
20 1 47
106 1 226
8 2 38
49 1 8
226 2 8
89 1 43
? 1 github_java_program_data/21/389.java

38 1 70
52 1 207
30 1 207
61 1 99
25 1 143
20 2 23
26 1 8
196 2 170
226 1 8
207 1 58
101 1 26
41 1 20
38 1 61
92 1 53
35 2 36
17 2 58
53 2 56
106 1 37
48 2 81
82 1 53
84 1 40
49 1 8
226 2 16
54 2 25
82 2 38
207 1 17
49 1 46
8 2 27
40 1 26
47 1 37
46 2 8
8 1 48
28 2 16
38 1 22
129 1 207
8 2 52
8 2 41
70 1 54
16 4 8
16 1 17
196 2 70
38 1 196
48 1 207
142 1 26
207 1 33
17 2 45
17 2 36
81 2 48
85 1 54
50 1 26
16 2 35
45 2 17
48 1 26
196 1 47
37 1 26
8 2 25
142 6 89
53 2 76
26 1 36
70 1 82
35 2 45
54 1 50
23 1 106
143 1 26
52 1 47
54 1 52
170 1 106
16 1 8
170 2 196
26 1 16
226 2 8
92 2 196
51 1 22
16 2 17
53 1 26
25 1 89
17 2 8
16 2 37
38 1 170
16 1 81
61 1 50
26 1 58
28 2 8
207 1 8
16 2 27
50 2 129
22 1 26
26 1 33
35 2 33
35 2 58
56 1 25
82 1 52
58 1 84
92 1 56
8 2 35
85 1 82
207 1 35
26 1 35
85 1 25
33 2 35
8 1 35
140 1 25
51 1 49
52 2 53
33 1 27
38 1 85
81 1 207
89 1 38
70 1 38
49 1 25
8 4 16
89 1 41
26 1 45
8 1 81
106 1 226
101 1 207
99 2 140
89 1 226
30 2 40
38 1 92
16 5 8
61 1 140
28 1 8
8 2 37
26 1 17
50 2 99
8 7 16
82 1 76
89 1 8
47 1 8
47 1 52
89 1 43
81 1 26
20 1 47
27 1 30
84 1 30
76 1 26
8 1 16
8 2 84
8 2 81
41 2 38
70 2 85
129 1 26
16 1 48
207 1 45
27 1 40
43 2 226
25 1 70
106 1 16
58 1 8
37 1 207
35 2 16
16 7 8
52 1 106
207 1 16
16 2 81
99 1 38
8 1 17
25 1 101
52 2 50
76 1 207
33 1 16
47 1 28
50 1 207
8 2 48
85 2 142
8 2 17
22 1 207
226 1 16
16 2 52
28 1 16
8 5 16
82 2 25
54 1 129
54 2 38
106 1 8
47 1 16
41 1 23
53 1 207
17 2 16
38 1 142
33 1 8
207 1 36
49 2 22
? 1 github_java_program_data/21/395.java

35 2 8
38 1 70
52 1 207
63 1 25
61 1 99
25 1 143
25 1 22
20 2 23
26 1 8
207 1 183
64 1 53
196 2 170
226 1 8
207 1 58
101 1 26
41 1 20
92 1 53
35 2 36
17 2 58
183 2 17
25 1 92
53 2 56
106 1 37
89 1 16
35 2 17
82 1 53
16 1 35
196 2 22
170 2 85
226 2 16
54 2 25
82 2 38
207 1 17
16 2 48
207 1 16
40 1 26
47 1 37
25 1 170
8 1 48
28 2 16
54 1 53
53 2 129
82 1 50
129 1 207
8 2 52
17 2 183
70 1 54
16 4 8
16 1 17
37 2 50
196 2 70
58 2 35
8 1 81
142 1 26
207 1 33
85 2 101
24 1 20
17 2 36
81 2 48
35 2 64
85 1 54
50 1 26
16 2 35
106 1 28
56 1 207
45 2 17
99 1 207
30 1 26
196 1 47
41 2 25
8 7 16
37 1 26
89 2 63
53 2 76
26 1 36
17 2 35
70 1 82
35 2 45
54 1 50
58 1 16
23 1 106
143 1 26
52 1 47
54 1 52
170 1 106
16 1 8
51 1 63
40 1 207
26 1 16
48 1 207
16 2 17
85 1 38
53 1 26
51 1 89
17 2 8
16 2 37
38 1 170
16 1 81
170 2 22
61 1 50
142 6 63
26 1 58
25 1 61
101 1 207
207 1 8
56 2 140
16 2 27
54 1 37
50 2 129
22 1 26
61 2 196
38 1 101
26 1 33
183 1 71
35 2 33
30 1 207
56 1 25
82 1 52
58 1 84
92 1 56
142 1 207
8 2 35
16 2 52
85 1 82
207 1 35
43 2 28
26 1 35
85 1 25
33 2 35
8 1 35
85 2 143
35 2 58
8 2 27
64 2 35
52 2 53
48 1 26
33 1 27
20 1 47
38 1 85
81 1 207
63 1 16
48 2 81
70 1 38
8 4 16
89 1 41
26 1 45
106 1 226
28 2 8
70 1 25
84 1 40
89 1 226
30 2 40
46 2 226
16 5 8
81 1 16
28 1 8
226 2 8
101 2 22
45 2 35
26 1 17
50 2 76
53 2 99
50 2 99
81 1 17
71 1 26
170 2 196
82 1 76
47 1 8
33 2 17
63 1 43
47 1 52
54 2 38
26 2 17
16 2 41
81 1 26
183 1 99
63 1 24
27 1 30
84 1 30
76 1 26
143 6 89
8 1 16
8 2 84
8 2 81
196 1 106
70 2 142
70 2 85
129 1 26
16 2 84
52 1 26
16 1 48
207 1 45
140 1 26
17 2 33
25 1 196
25 1 70
106 1 16
58 1 8
37 1 207
35 2 16
22 2 101
52 1 106
92 2 61
27 1 40
16 2 81
99 1 38
16 2 24
8 1 17
25 1 101
47 1 226
52 2 50
25 1 142
76 1 207
64 1 140
33 1 16
47 1 28
50 1 207
8 2 48
99 2 71
89 1 25
41 1 23
8 2 17
22 1 207
226 1 16
207 1 64
183 1 53
37 1 47
64 1 56
28 1 16
8 5 16
82 2 25
54 1 129
17 2 45
106 1 8
207 1 36
24 2 25
25 1 85
53 1 207
17 2 16
16 7 8
24 1 23
38 1 142
33 1 8
8 2 37
47 1 16
89 1 46
63 1 28
? 1 github_java_program_data/21/401.java

35 2 8
35 2 183
61 1 56
52 1 207
54 2 38
82 1 37
61 1 99
25 1 143
25 1 22
20 2 23
38 1 22
26 1 8
99 1 207
140 1 38
196 2 170
226 1 8
207 1 58
101 1 26
38 1 70
41 1 20
8 2 52
92 1 53
35 2 36
17 2 58
25 1 92
53 2 56
106 1 37
47 1 16
101 2 85
8 2 27
82 1 53
16 1 35
196 2 22
8 2 25
49 1 8
37 1 106
54 2 25
82 2 38
207 1 17
106 1 52
207 1 16
40 1 26
47 1 37
25 1 170
8 1 48
28 2 16
54 1 53
53 2 129
82 1 50
129 1 207
38 1 61
8 2 41
8 2 24
17 2 183
70 1 54
16 4 8
52 2 50
16 1 17
37 2 50
26 1 183
196 2 70
38 1 196
48 1 207
142 1 26
207 1 33
40 1 207
81 2 48
85 1 54
50 1 26
76 1 207
106 1 28
56 1 207
45 2 17
207 1 183
30 1 26
196 1 47
71 1 25
37 2 53
37 1 26
56 2 71
142 6 89
26 1 36
63 1 8
70 1 82
140 1 207
35 2 45
54 1 50
58 1 16
23 1 106
52 1 47
54 1 52
170 1 106
17 2 36
16 1 8
170 2 196
26 1 16
8 1 81
92 2 196
16 2 17
170 2 101
53 1 26
50 2 56
25 1 89
17 2 8
56 1 26
183 1 50
16 2 37
38 1 170
46 2 8
71 1 38
64 1 99
64 1 71
26 1 58
25 1 61
101 1 207
207 1 8
56 2 140
61 1 140
54 1 37
50 2 129
170 2 70
22 1 26
38 1 101
26 1 33
63 1 46
84 1 40
16 2 35
30 1 207
56 1 25
82 1 52
183 1 71
58 1 84
92 1 56
142 1 207
8 2 35
16 2 52
85 1 82
207 1 35
43 2 28
24 2 38
8 2 81
26 1 35
85 1 25
33 2 35
8 1 35
140 1 25
35 2 58
25 1 63
51 1 49
46 2 43
52 2 53
48 1 26
33 1 27
61 1 50
38 1 85
81 1 207
89 1 38
70 1 38
142 6 63
49 1 25
8 4 16
89 1 41
26 1 45
33 2 17
106 1 226
170 2 61
28 2 8
56 1 38
64 1 50
226 2 16
89 1 226
92 1 140
30 2 40
38 1 92
16 5 8
16 2 27
28 1 8
226 2 8
101 2 22
8 2 37
26 1 17
50 2 76
16 1 81
53 2 99
50 2 99
70 2 101
99 1 25
16 2 84
82 1 76
89 1 8
47 1 8
16 7 8
92 1 50
63 1 43
47 1 52
92 1 99
89 2 63
89 1 43
81 1 26
183 1 99
63 1 24
27 1 30
84 1 30
76 1 26
8 1 16
8 2 84
63 1 38
22 2 170
41 2 38
70 2 85
129 1 26
143 1 207
52 1 26
16 1 48
207 1 45
183 1 140
140 1 26
43 2 226
25 1 196
25 1 70
106 1 16
71 1 26
58 1 8
37 1 207
20 1 47
22 2 101
8 7 16
49 1 46
52 1 106
27 1 40
16 2 81
99 1 38
8 1 17
25 1 101
47 1 226
61 1 53
24 1 20
64 1 140
33 1 16
47 1 28
50 1 207
53 2 76
170 2 92
99 2 71
85 2 142
8 2 17
22 1 207
226 1 16
207 1 64
183 1 53
37 1 47
64 1 56
28 1 16
8 5 16
82 2 25
54 1 129
17 2 45
106 1 8
207 1 36
61 1 71
41 1 23
53 1 207
17 2 16
35 2 16
24 1 23
38 1 142
33 1 8
183 1 56
63 1 28
? 1 github_java_program_data/21/402.java

35 2 8
38 1 70
52 1 207
61 1 99
25 1 143
25 1 22
20 2 23
85 1 54
64 1 53
35 2 45
41 1 20
92 2 61
47 2 106
25 1 92
53 2 56
106 1 37
38 1 89
99 1 38
16 1 35
196 2 22
49 1 8
54 2 25
82 2 38
207 1 17
49 1 46
207 1 16
40 1 26
47 1 37
25 1 170
8 1 48
28 2 16
54 1 53
82 1 50
49 1 38
8 2 52
8 2 41
70 1 54
16 4 8
48 1 207
16 1 17
58 2 35
8 1 81
142 1 26
207 1 33
17 2 45
17 2 36
81 2 48
50 1 26
16 2 35
56 1 207
170 1 47
48 1 26
30 1 26
196 1 47
41 2 25
64 2 17
37 1 26
50 1 207
26 1 36
70 1 82
58 1 16
23 1 106
143 1 26
52 1 47
54 1 52
26 1 8
16 1 8
26 1 16
53 2 129
16 2 17
85 1 38
53 1 26
17 2 8
16 2 37
46 2 8
92 1 53
61 1 50
26 1 58
25 1 61
28 2 8
207 1 8
56 2 140
16 2 27
170 2 70
35 2 36
22 1 26
38 1 101
26 1 33
35 2 33
30 1 207
56 1 25
82 1 52
58 1 84
92 1 56
8 2 35
85 1 82
207 1 35
26 1 35
47 1 52
85 2 143
51 1 49
52 2 53
33 1 27
16 1 81
81 1 207
35 2 58
8 4 16
89 1 41
26 1 45
106 1 226
17 2 64
8 2 38
101 1 207
70 1 25
84 1 40
89 1 226
30 2 40
16 5 8
40 1 207
28 1 8
8 2 37
26 1 17
50 2 76
50 2 99
8 7 16
82 1 76
89 1 8
47 1 8
76 1 207
89 1 43
81 1 26
20 1 47
27 1 30
84 1 30
76 1 26
143 6 89
8 1 16
8 2 81
196 1 106
70 2 85
129 1 26
16 2 84
16 1 48
207 1 45
140 1 26
43 2 226
25 1 196
25 1 70
196 2 92
37 1 207
35 2 16
22 2 101
52 1 106
27 1 40
16 2 81
35 2 17
25 1 101
52 2 50
64 1 140
33 1 16
47 1 28
226 2 8
89 1 25
41 1 23
8 2 17
22 1 207
226 1 16
64 1 56
28 1 16
8 5 16
82 2 25
54 1 129
54 2 38
106 1 8
47 1 16
25 1 85
53 1 207
17 2 16
16 7 8
38 1 142
207 1 64
61 2 170
207 1 36
? 1 github_java_program_data/21/408.java

35 2 8
38 1 70
52 1 207
61 1 99
25 1 143
20 2 23
85 1 54
196 2 170
35 2 45
207 1 58
101 1 26
41 1 20
38 1 61
92 2 61
47 2 106
17 2 58
53 2 56
106 1 37
82 1 53
16 1 35
49 1 8
54 2 25
82 2 38
207 1 17
61 2 92
49 1 46
8 2 27
25 1 101
46 2 8
8 1 48
28 2 16
38 1 22
8 2 52
8 2 41
70 1 54
16 4 8
16 1 17
38 1 196
48 1 207
142 1 26
207 1 33
17 2 45
17 2 36
81 2 48
50 1 26
16 2 35
170 1 47
48 1 26
30 1 26
196 1 47
37 1 26
8 2 25
142 6 89
26 1 36
70 1 82
54 1 50
58 1 16
23 1 106
143 1 26
52 1 47
54 1 52
16 1 8
26 1 16
226 2 8
92 2 196
16 2 17
53 1 26
25 1 89
17 2 8
16 2 37
38 1 170
92 1 53
61 1 50
26 1 58
28 2 8
207 1 8
16 2 27
170 2 70
50 2 129
35 2 36
26 1 33
35 2 33
35 2 58
56 1 25
82 1 52
58 1 84
26 1 8
142 1 207
8 2 35
85 1 82
207 1 35
26 1 35
85 1 25
33 2 35
8 1 35
140 1 25
45 2 17
51 1 49
52 2 53
33 1 27
38 1 85
81 1 207
89 1 38
70 1 38
49 1 25
8 4 16
89 1 41
26 1 45
8 1 81
106 1 226
101 1 207
99 2 140
84 1 40
89 1 226
30 2 40
38 1 92
16 5 8
61 1 140
40 1 207
28 1 8
8 2 37
26 1 17
16 1 81
50 2 99
8 7 16
82 1 76
89 1 8
47 1 8
47 1 52
89 1 43
81 1 26
20 1 47
27 1 30
84 1 30
76 1 26
8 1 16
8 2 84
8 2 81
196 1 106
41 2 38
70 2 85
129 1 26
16 2 84
16 1 48
207 1 45
27 1 40
53 1 207
25 1 70
58 1 8
37 1 207
35 2 16
16 7 8
52 1 106
207 1 16
16 2 81
99 1 38
8 1 17
47 1 37
52 2 50
76 1 207
33 1 16
47 1 28
50 1 207
53 2 76
85 2 142
8 2 17
22 1 207
226 1 16
92 1 56
28 1 16
8 5 16
82 2 25
54 1 129
54 2 38
106 1 8
47 1 16
41 1 23
43 2 226
17 2 16
38 1 142
33 1 8
207 1 36
? 1 github_java_program_data/21/410.java

35 2 8
38 1 70
52 1 207
30 1 207
25 1 143
25 1 22
20 2 23
207 1 35
140 1 38
196 2 170
226 1 8
207 1 58
41 1 20
92 1 53
35 2 36
17 2 58
25 1 92
53 2 56
106 1 37
38 1 89
16 1 35
49 1 8
226 2 16
54 2 25
82 2 38
207 1 17
49 1 46
8 2 27
40 1 26
47 1 37
25 1 170
8 1 48
28 2 16
54 1 53
82 1 50
49 1 38
8 2 52
8 2 41
70 1 54
16 4 8
196 2 70
38 1 196
48 1 207
45 2 35
207 1 33
17 2 45
40 1 207
81 2 48
85 1 54
50 1 26
16 2 35
48 1 26
30 1 26
8 4 16
41 2 25
37 1 26
26 1 36
70 1 82
35 2 45
23 1 106
143 1 26
52 1 47
54 1 52
40 2 30
170 1 106
17 2 36
16 1 8
170 2 196
26 1 16
53 2 129
16 2 17
85 1 38
170 2 101
53 1 26
17 2 8
16 2 37
38 1 170
26 1 58
28 2 8
207 1 8
56 2 140
16 2 27
38 1 101
26 1 33
226 2 8
20 1 47
56 1 25
82 1 52
58 1 84
92 1 56
8 2 35
85 1 82
26 1 8
26 1 35
8 1 35
47 1 52
85 2 143
51 1 49
52 2 53
33 1 27
16 1 81
81 1 207
35 2 58
196 1 47
89 1 41
26 1 45
8 1 81
106 1 226
8 2 38
101 1 207
70 1 25
84 1 40
89 1 226
92 1 140
30 2 40
16 5 8
28 1 8
8 2 37
26 1 17
8 7 16
46 2 8
89 1 8
47 1 8
33 2 17
76 1 207
89 1 43
81 1 26
27 1 30
84 1 30
76 1 26
143 6 89
8 1 16
8 2 84
8 2 81
70 2 85
82 1 76
129 1 26
16 1 48
207 1 45
27 1 40
53 1 207
25 1 196
25 1 70
106 1 16
58 1 8
37 1 207
35 2 16
16 7 8
52 1 106
207 1 16
16 2 81
8 1 17
50 2 76
52 2 50
33 1 16
47 1 28
50 1 207
58 2 17
89 1 25
41 1 23
8 2 17
22 1 207
226 1 16
16 2 52
28 1 16
8 5 16
82 2 25
54 1 129
54 2 38
106 1 8
207 1 36
25 1 85
43 2 226
17 2 16
33 1 8
47 1 16
? 1 github_java_program_data/21/417.java

89 1 226
47 1 28
49 1 46
89 1 25
41 2 25
89 1 41
226 1 16
28 1 16
51 1 49
49 1 38
20 2 23
8 2 41
28 2 8
41 1 20
46 2 8
89 1 8
47 1 8
23 1 106
106 1 8
41 1 23
38 1 89
43 2 226
20 1 47
106 1 226
8 2 38
49 1 8
226 2 8
89 1 43
? 1 github_java_program_data/21/418.java

89 1 226
47 1 28
49 1 46
89 1 25
41 2 25
89 1 41
226 1 16
28 1 16
51 1 49
49 1 38
20 2 23
8 2 41
28 2 8
41 1 20
46 2 8
89 1 8
47 1 8
23 1 106
106 1 8
41 1 23
38 1 89
43 2 226
20 1 47
106 1 226
8 2 38
49 1 8
226 2 8
89 1 43
? 1 github_java_program_data/21/419.java

35 2 8
38 1 70
52 1 207
63 1 25
61 1 99
25 1 143
25 1 22
20 2 23
26 1 8
207 1 183
64 1 53
196 2 170
226 1 8
207 1 58
101 1 26
41 1 20
92 1 53
35 2 36
17 2 58
183 2 17
25 1 92
53 2 56
106 1 37
89 1 16
35 2 17
82 1 53
16 1 35
196 2 22
170 2 85
226 2 16
54 2 25
82 2 38
207 1 17
16 2 48
207 1 16
40 1 26
47 1 37
25 1 170
8 1 48
28 2 16
54 1 53
53 2 129
82 1 50
129 1 207
8 2 52
17 2 183
70 1 54
16 4 8
16 1 17
37 2 50
196 2 70
58 2 35
8 1 81
142 1 26
207 1 33
85 2 101
24 1 20
17 2 36
81 2 48
35 2 64
85 1 54
50 1 26
16 2 35
106 1 28
56 1 207
45 2 17
99 1 207
30 1 26
196 1 47
41 2 25
8 7 16
37 1 26
89 2 63
53 2 76
26 1 36
17 2 35
70 1 82
35 2 45
54 1 50
58 1 16
23 1 106
143 1 26
52 1 47
54 1 52
170 1 106
16 1 8
51 1 63
40 1 207
26 1 16
48 1 207
16 2 17
85 1 38
53 1 26
51 1 89
17 2 8
16 2 37
38 1 170
16 1 81
170 2 22
61 1 50
142 6 63
26 1 58
25 1 61
101 1 207
207 1 8
56 2 140
16 2 27
54 1 37
50 2 129
22 1 26
61 2 196
38 1 101
26 1 33
183 1 71
35 2 33
30 1 207
56 1 25
82 1 52
58 1 84
92 1 56
142 1 207
8 2 35
16 2 52
85 1 82
207 1 35
43 2 28
26 1 35
85 1 25
33 2 35
8 1 35
85 2 143
35 2 58
8 2 27
64 2 35
52 2 53
48 1 26
33 1 27
20 1 47
38 1 85
81 1 207
63 1 16
48 2 81
70 1 38
8 4 16
89 1 41
26 1 45
106 1 226
28 2 8
70 1 25
84 1 40
89 1 226
30 2 40
46 2 226
16 5 8
81 1 16
28 1 8
226 2 8
101 2 22
45 2 35
26 1 17
50 2 76
53 2 99
50 2 99
81 1 17
71 1 26
170 2 196
82 1 76
47 1 8
33 2 17
63 1 43
47 1 52
54 2 38
26 2 17
16 2 41
81 1 26
183 1 99
63 1 24
27 1 30
84 1 30
76 1 26
143 6 89
8 1 16
8 2 84
8 2 81
196 1 106
70 2 142
70 2 85
129 1 26
16 2 84
52 1 26
16 1 48
207 1 45
140 1 26
17 2 33
25 1 196
25 1 70
106 1 16
58 1 8
37 1 207
35 2 16
22 2 101
52 1 106
92 2 61
27 1 40
16 2 81
99 1 38
16 2 24
8 1 17
25 1 101
47 1 226
52 2 50
25 1 142
76 1 207
64 1 140
33 1 16
47 1 28
50 1 207
8 2 48
99 2 71
89 1 25
41 1 23
8 2 17
22 1 207
226 1 16
207 1 64
183 1 53
37 1 47
64 1 56
28 1 16
8 5 16
82 2 25
54 1 129
17 2 45
106 1 8
207 1 36
24 2 25
25 1 85
53 1 207
17 2 16
16 7 8
24 1 23
38 1 142
33 1 8
8 2 37
47 1 16
89 1 46
63 1 28
? 1 github_java_program_data/21/431.java

89 1 226
47 1 28
49 1 46
89 1 25
41 2 25
89 1 41
226 1 16
28 1 16
51 1 49
49 1 38
20 2 23
8 2 41
28 2 8
41 1 20
46 2 8
89 1 8
47 1 8
23 1 106
106 1 8
41 1 23
38 1 89
43 2 226
20 1 47
106 1 226
8 2 38
49 1 8
226 2 8
89 1 43
? 1 github_java_program_data/21/448.java

89 1 226
47 1 28
49 1 46
89 1 25
41 2 25
89 1 41
226 1 16
28 1 16
51 1 49
49 1 38
20 2 23
8 2 41
28 2 8
41 1 20
46 2 8
89 1 8
47 1 8
23 1 106
106 1 8
41 1 23
38 1 89
43 2 226
20 1 47
106 1 226
8 2 38
49 1 8
226 2 8
89 1 43
? 1 github_java_program_data/21/449.java

38 1 70
52 1 207
30 1 207
61 1 99
25 1 143
20 2 23
26 1 8
196 2 170
226 1 8
207 1 58
101 1 26
41 1 20
38 1 61
92 1 53
35 2 36
17 2 58
53 2 56
106 1 37
48 2 81
82 1 53
84 1 40
49 1 8
226 2 16
54 2 25
82 2 38
207 1 17
49 1 46
8 2 27
40 1 26
47 1 37
46 2 8
8 1 48
28 2 16
38 1 22
129 1 207
8 2 52
8 2 41
70 1 54
16 4 8
16 1 17
196 2 70
38 1 196
48 1 207
142 1 26
207 1 33
17 2 45
17 2 36
81 2 48
85 1 54
50 1 26
16 2 35
45 2 17
48 1 26
196 1 47
37 1 26
8 2 25
142 6 89
53 2 76
26 1 36
70 1 82
35 2 45
54 1 50
23 1 106
143 1 26
52 1 47
54 1 52
170 1 106
16 1 8
170 2 196
26 1 16
226 2 8
92 2 196
51 1 22
16 2 17
53 1 26
25 1 89
17 2 8
16 2 37
38 1 170
16 1 81
61 1 50
26 1 58
28 2 8
207 1 8
16 2 27
50 2 129
22 1 26
26 1 33
35 2 33
35 2 58
56 1 25
82 1 52
58 1 84
92 1 56
8 2 35
85 1 82
207 1 35
26 1 35
85 1 25
33 2 35
8 1 35
140 1 25
51 1 49
52 2 53
33 1 27
38 1 85
81 1 207
89 1 38
70 1 38
49 1 25
8 4 16
89 1 41
26 1 45
8 1 81
106 1 226
101 1 207
99 2 140
89 1 226
30 2 40
38 1 92
16 5 8
61 1 140
28 1 8
8 2 37
26 1 17
50 2 99
8 7 16
82 1 76
89 1 8
47 1 8
47 1 52
89 1 43
81 1 26
20 1 47
27 1 30
84 1 30
76 1 26
8 1 16
8 2 84
8 2 81
41 2 38
70 2 85
129 1 26
16 1 48
207 1 45
27 1 40
43 2 226
25 1 70
106 1 16
58 1 8
37 1 207
35 2 16
16 7 8
52 1 106
207 1 16
16 2 81
99 1 38
8 1 17
25 1 101
52 2 50
76 1 207
33 1 16
47 1 28
50 1 207
8 2 48
85 2 142
8 2 17
22 1 207
226 1 16
16 2 52
28 1 16
8 5 16
82 2 25
54 1 129
54 2 38
106 1 8
47 1 16
41 1 23
53 1 207
17 2 16
38 1 142
33 1 8
207 1 36
49 2 22
? 1 github_java_program_data/21/455.java

89 1 226
47 1 28
49 1 46
89 1 25
41 2 25
89 1 41
226 1 16
28 1 16
51 1 49
49 1 38
20 2 23
8 2 41
28 2 8
41 1 20
46 2 8
89 1 8
47 1 8
23 1 106
106 1 8
41 1 23
38 1 89
43 2 226
20 1 47
106 1 226
8 2 38
49 1 8
226 2 8
89 1 43
? 1 github_java_program_data/21/478.java

89 1 226
47 1 28
49 1 46
89 1 25
41 2 25
89 1 41
226 1 16
28 1 16
51 1 49
49 1 38
20 2 23
8 2 41
28 2 8
41 1 20
46 2 8
89 1 8
47 1 8
23 1 106
106 1 8
41 1 23
38 1 89
43 2 226
20 1 47
106 1 226
8 2 38
49 1 8
226 2 8
89 1 43
? 1 github_java_program_data/21/479.java

38 1 70
52 1 207
30 1 207
61 1 99
25 1 143
20 2 23
26 1 8
196 2 170
226 1 8
207 1 58
101 1 26
41 1 20
38 1 61
92 1 53
35 2 36
17 2 58
53 2 56
106 1 37
48 2 81
82 1 53
84 1 40
49 1 8
226 2 16
54 2 25
82 2 38
207 1 17
49 1 46
8 2 27
40 1 26
47 1 37
46 2 8
8 1 48
28 2 16
38 1 22
129 1 207
8 2 52
8 2 41
70 1 54
16 4 8
16 1 17
196 2 70
38 1 196
48 1 207
142 1 26
207 1 33
17 2 45
17 2 36
81 2 48
85 1 54
50 1 26
16 2 35
45 2 17
48 1 26
196 1 47
37 1 26
8 2 25
142 6 89
53 2 76
26 1 36
70 1 82
35 2 45
54 1 50
23 1 106
143 1 26
52 1 47
54 1 52
170 1 106
16 1 8
170 2 196
26 1 16
226 2 8
92 2 196
51 1 22
16 2 17
53 1 26
25 1 89
17 2 8
16 2 37
38 1 170
16 1 81
61 1 50
26 1 58
28 2 8
207 1 8
16 2 27
50 2 129
22 1 26
26 1 33
35 2 33
35 2 58
56 1 25
82 1 52
58 1 84
92 1 56
8 2 35
85 1 82
207 1 35
26 1 35
85 1 25
33 2 35
8 1 35
140 1 25
51 1 49
52 2 53
33 1 27
38 1 85
81 1 207
89 1 38
70 1 38
49 1 25
8 4 16
89 1 41
26 1 45
8 1 81
106 1 226
101 1 207
99 2 140
89 1 226
30 2 40
38 1 92
16 5 8
61 1 140
28 1 8
8 2 37
26 1 17
50 2 99
8 7 16
82 1 76
89 1 8
47 1 8
47 1 52
89 1 43
81 1 26
20 1 47
27 1 30
84 1 30
76 1 26
8 1 16
8 2 84
8 2 81
41 2 38
70 2 85
129 1 26
16 1 48
207 1 45
27 1 40
43 2 226
25 1 70
106 1 16
58 1 8
37 1 207
35 2 16
16 7 8
52 1 106
207 1 16
16 2 81
99 1 38
8 1 17
25 1 101
52 2 50
76 1 207
33 1 16
47 1 28
50 1 207
8 2 48
85 2 142
8 2 17
22 1 207
226 1 16
16 2 52
28 1 16
8 5 16
82 2 25
54 1 129
54 2 38
106 1 8
47 1 16
41 1 23
53 1 207
17 2 16
38 1 142
33 1 8
207 1 36
49 2 22
? 1 github_java_program_data/21/485.java

35 2 8
38 1 70
52 1 207
63 1 25
61 1 99
25 1 143
25 1 22
20 2 23
26 1 8
207 1 183
64 1 53
196 2 170
226 1 8
207 1 58
101 1 26
41 1 20
92 1 53
35 2 36
17 2 58
183 2 17
25 1 92
53 2 56
106 1 37
89 1 16
35 2 17
82 1 53
16 1 35
196 2 22
170 2 85
226 2 16
54 2 25
82 2 38
207 1 17
16 2 48
207 1 16
40 1 26
47 1 37
25 1 170
8 1 48
28 2 16
54 1 53
53 2 129
82 1 50
129 1 207
8 2 52
17 2 183
70 1 54
16 4 8
16 1 17
37 2 50
196 2 70
58 2 35
8 1 81
142 1 26
207 1 33
85 2 101
24 1 20
17 2 36
81 2 48
35 2 64
85 1 54
50 1 26
16 2 35
106 1 28
56 1 207
45 2 17
99 1 207
30 1 26
196 1 47
41 2 25
8 7 16
37 1 26
89 2 63
53 2 76
26 1 36
17 2 35
70 1 82
35 2 45
54 1 50
58 1 16
23 1 106
143 1 26
52 1 47
54 1 52
170 1 106
16 1 8
51 1 63
40 1 207
26 1 16
48 1 207
16 2 17
85 1 38
53 1 26
51 1 89
17 2 8
16 2 37
38 1 170
16 1 81
170 2 22
61 1 50
142 6 63
26 1 58
25 1 61
101 1 207
207 1 8
56 2 140
16 2 27
54 1 37
50 2 129
22 1 26
61 2 196
38 1 101
26 1 33
183 1 71
35 2 33
30 1 207
56 1 25
82 1 52
58 1 84
92 1 56
142 1 207
8 2 35
16 2 52
85 1 82
207 1 35
43 2 28
26 1 35
85 1 25
33 2 35
8 1 35
85 2 143
35 2 58
8 2 27
64 2 35
52 2 53
48 1 26
33 1 27
20 1 47
38 1 85
81 1 207
63 1 16
48 2 81
70 1 38
8 4 16
89 1 41
26 1 45
106 1 226
28 2 8
70 1 25
84 1 40
89 1 226
30 2 40
46 2 226
16 5 8
81 1 16
28 1 8
226 2 8
101 2 22
45 2 35
26 1 17
50 2 76
53 2 99
50 2 99
81 1 17
71 1 26
170 2 196
82 1 76
47 1 8
33 2 17
63 1 43
47 1 52
54 2 38
26 2 17
16 2 41
81 1 26
183 1 99
63 1 24
27 1 30
84 1 30
76 1 26
143 6 89
8 1 16
8 2 84
8 2 81
196 1 106
70 2 142
70 2 85
129 1 26
16 2 84
52 1 26
16 1 48
207 1 45
140 1 26
17 2 33
25 1 196
25 1 70
106 1 16
58 1 8
37 1 207
35 2 16
22 2 101
52 1 106
92 2 61
27 1 40
16 2 81
99 1 38
16 2 24
8 1 17
25 1 101
47 1 226
52 2 50
25 1 142
76 1 207
64 1 140
33 1 16
47 1 28
50 1 207
8 2 48
99 2 71
89 1 25
41 1 23
8 2 17
22 1 207
226 1 16
207 1 64
183 1 53
37 1 47
64 1 56
28 1 16
8 5 16
82 2 25
54 1 129
17 2 45
106 1 8
207 1 36
24 2 25
25 1 85
53 1 207
17 2 16
16 7 8
24 1 23
38 1 142
33 1 8
8 2 37
47 1 16
89 1 46
63 1 28
? 1 github_java_program_data/21/491.java

89 1 226
47 1 28
49 1 46
89 1 25
41 2 25
89 1 41
226 1 16
28 1 16
51 1 49
49 1 38
20 2 23
8 2 41
28 2 8
41 1 20
46 2 8
89 1 8
47 1 8
23 1 106
106 1 8
41 1 23
38 1 89
43 2 226
20 1 47
106 1 226
8 2 38
49 1 8
226 2 8
89 1 43
? 1 github_java_program_data/21/508.java

89 1 226
47 1 28
49 1 46
89 1 25
41 2 25
89 1 41
226 1 16
28 1 16
51 1 49
49 1 38
20 2 23
8 2 41
28 2 8
41 1 20
46 2 8
89 1 8
47 1 8
23 1 106
106 1 8
41 1 23
38 1 89
43 2 226
20 1 47
106 1 226
8 2 38
49 1 8
226 2 8
89 1 43
? 1 github_java_program_data/21/509.java

38 1 70
52 1 207
30 1 207
61 1 99
25 1 143
20 2 23
26 1 8
196 2 170
226 1 8
207 1 58
101 1 26
41 1 20
38 1 61
92 1 53
35 2 36
17 2 58
53 2 56
106 1 37
48 2 81
82 1 53
84 1 40
49 1 8
226 2 16
54 2 25
82 2 38
207 1 17
49 1 46
8 2 27
40 1 26
47 1 37
46 2 8
8 1 48
28 2 16
38 1 22
129 1 207
8 2 52
8 2 41
70 1 54
16 4 8
16 1 17
196 2 70
38 1 196
48 1 207
142 1 26
207 1 33
17 2 45
17 2 36
81 2 48
85 1 54
50 1 26
16 2 35
45 2 17
48 1 26
196 1 47
37 1 26
8 2 25
142 6 89
53 2 76
26 1 36
70 1 82
35 2 45
54 1 50
23 1 106
143 1 26
52 1 47
54 1 52
170 1 106
16 1 8
170 2 196
26 1 16
226 2 8
92 2 196
51 1 22
16 2 17
53 1 26
25 1 89
17 2 8
16 2 37
38 1 170
16 1 81
61 1 50
26 1 58
28 2 8
207 1 8
16 2 27
50 2 129
22 1 26
26 1 33
35 2 33
35 2 58
56 1 25
82 1 52
58 1 84
92 1 56
8 2 35
85 1 82
207 1 35
26 1 35
85 1 25
33 2 35
8 1 35
140 1 25
51 1 49
52 2 53
33 1 27
38 1 85
81 1 207
89 1 38
70 1 38
49 1 25
8 4 16
89 1 41
26 1 45
8 1 81
106 1 226
101 1 207
99 2 140
89 1 226
30 2 40
38 1 92
16 5 8
61 1 140
28 1 8
8 2 37
26 1 17
50 2 99
8 7 16
82 1 76
89 1 8
47 1 8
47 1 52
89 1 43
81 1 26
20 1 47
27 1 30
84 1 30
76 1 26
8 1 16
8 2 84
8 2 81
41 2 38
70 2 85
129 1 26
16 1 48
207 1 45
27 1 40
43 2 226
25 1 70
106 1 16
58 1 8
37 1 207
35 2 16
16 7 8
52 1 106
207 1 16
16 2 81
99 1 38
8 1 17
25 1 101
52 2 50
76 1 207
33 1 16
47 1 28
50 1 207
8 2 48
85 2 142
8 2 17
22 1 207
226 1 16
16 2 52
28 1 16
8 5 16
82 2 25
54 1 129
54 2 38
106 1 8
47 1 16
41 1 23
53 1 207
17 2 16
38 1 142
33 1 8
207 1 36
49 2 22
? 1 github_java_program_data/21/515.java

35 2 8
38 1 70
52 1 207
63 1 25
61 1 99
25 1 143
25 1 22
20 2 23
26 1 8
207 1 183
64 1 53
196 2 170
226 1 8
207 1 58
101 1 26
41 1 20
92 1 53
35 2 36
17 2 58
183 2 17
25 1 92
53 2 56
106 1 37
89 1 16
35 2 17
82 1 53
16 1 35
196 2 22
170 2 85
226 2 16
54 2 25
82 2 38
207 1 17
16 2 48
207 1 16
40 1 26
47 1 37
25 1 170
8 1 48
28 2 16
54 1 53
53 2 129
82 1 50
129 1 207
8 2 52
17 2 183
70 1 54
16 4 8
16 1 17
37 2 50
196 2 70
58 2 35
8 1 81
142 1 26
207 1 33
85 2 101
24 1 20
17 2 36
81 2 48
35 2 64
85 1 54
50 1 26
16 2 35
106 1 28
56 1 207
45 2 17
99 1 207
30 1 26
196 1 47
41 2 25
8 7 16
37 1 26
89 2 63
53 2 76
26 1 36
17 2 35
70 1 82
35 2 45
54 1 50
58 1 16
23 1 106
143 1 26
52 1 47
54 1 52
170 1 106
16 1 8
51 1 63
40 1 207
26 1 16
48 1 207
16 2 17
85 1 38
53 1 26
51 1 89
17 2 8
16 2 37
38 1 170
16 1 81
170 2 22
61 1 50
142 6 63
26 1 58
25 1 61
101 1 207
207 1 8
56 2 140
16 2 27
54 1 37
50 2 129
22 1 26
61 2 196
38 1 101
26 1 33
183 1 71
35 2 33
30 1 207
56 1 25
82 1 52
58 1 84
92 1 56
142 1 207
8 2 35
16 2 52
85 1 82
207 1 35
43 2 28
26 1 35
85 1 25
33 2 35
8 1 35
85 2 143
35 2 58
8 2 27
64 2 35
52 2 53
48 1 26
33 1 27
20 1 47
38 1 85
81 1 207
63 1 16
48 2 81
70 1 38
8 4 16
89 1 41
26 1 45
106 1 226
28 2 8
70 1 25
84 1 40
89 1 226
30 2 40
46 2 226
16 5 8
81 1 16
28 1 8
226 2 8
101 2 22
45 2 35
26 1 17
50 2 76
53 2 99
50 2 99
81 1 17
71 1 26
170 2 196
82 1 76
47 1 8
33 2 17
63 1 43
47 1 52
54 2 38
26 2 17
16 2 41
81 1 26
183 1 99
63 1 24
27 1 30
84 1 30
76 1 26
143 6 89
8 1 16
8 2 84
8 2 81
196 1 106
70 2 142
70 2 85
129 1 26
16 2 84
52 1 26
16 1 48
207 1 45
140 1 26
17 2 33
25 1 196
25 1 70
106 1 16
58 1 8
37 1 207
35 2 16
22 2 101
52 1 106
92 2 61
27 1 40
16 2 81
99 1 38
16 2 24
8 1 17
25 1 101
47 1 226
52 2 50
25 1 142
76 1 207
64 1 140
33 1 16
47 1 28
50 1 207
8 2 48
99 2 71
89 1 25
41 1 23
8 2 17
22 1 207
226 1 16
207 1 64
183 1 53
37 1 47
64 1 56
28 1 16
8 5 16
82 2 25
54 1 129
17 2 45
106 1 8
207 1 36
24 2 25
25 1 85
53 1 207
17 2 16
16 7 8
24 1 23
38 1 142
33 1 8
8 2 37
47 1 16
89 1 46
63 1 28
? 1 github_java_program_data/21/521.java

35 2 8
38 1 70
52 1 207
30 1 207
61 1 99
25 1 143
25 1 22
20 2 23
40 1 207
140 1 38
35 2 45
207 1 58
101 1 26
41 1 20
92 2 61
35 2 36
17 2 58
25 1 92
53 2 56
106 1 37
38 1 89
84 1 40
49 1 8
54 2 25
82 2 38
207 1 17
207 1 16
50 2 76
8 1 48
28 2 16
54 1 53
82 1 50
49 1 38
8 2 52
8 2 41
70 1 54
16 4 8
16 1 17
196 2 70
48 1 207
142 1 26
207 1 33
17 2 45
17 2 36
81 2 48
85 1 54
50 1 26
16 2 35
48 1 26
30 1 26
196 1 47
41 2 25
37 1 26
50 1 207
26 1 36
70 1 82
58 1 16
23 1 106
51 1 35
52 1 47
54 1 52
40 2 30
35 1 8
16 1 8
26 1 16
53 2 129
16 2 17
85 1 38
53 1 26
42 2 18
17 2 8
16 2 37
92 1 53
61 1 50
26 1 58
25 1 61
101 1 207
207 1 8
56 2 140
16 2 27
38 1 101
26 1 33
35 2 33
20 1 47
56 1 25
82 1 52
58 1 84
26 1 8
8 2 35
85 1 82
207 1 35
26 1 35
33 2 35
8 1 35
85 2 143
35 2 42
51 1 49
52 2 53
33 1 27
51 1 42
81 1 207
35 2 58
8 4 16
89 1 41
36 2 35
26 1 45
8 1 81
106 1 226
8 2 38
28 2 8
42 1 16
70 1 25
16 1 35
89 1 226
92 1 140
30 2 40
16 5 8
28 1 8
8 2 37
26 1 17
16 1 81
50 2 99
8 7 16
82 1 76
89 1 8
47 1 8
33 2 17
47 1 52
46 2 226
18 1 16
18 2 49
81 1 26
61 2 196
27 1 30
84 1 30
76 1 26
143 6 89
8 1 16
8 2 84
8 2 81
70 2 85
129 1 26
16 2 84
16 1 48
207 1 45
27 1 40
143 1 207
17 2 33
25 1 196
25 1 70
58 1 8
37 1 207
35 2 16
16 7 8
52 1 106
8 2 27
16 2 81
99 1 38
8 1 17
47 1 37
52 2 50
76 1 207
33 1 16
47 1 28
226 2 8
58 2 17
89 1 25
41 1 23
8 2 17
22 1 207
226 1 16
92 1 56
28 1 16
8 5 16
82 2 25
54 1 129
51 1 18
54 2 38
106 1 8
47 1 16
25 1 85
53 1 207
17 2 16
38 1 142
33 1 8
207 1 36
89 1 46
? 1 github_java_program_data/21/529.java

35 2 8
38 1 70
52 1 207
30 1 207
25 1 143
25 1 22
20 2 23
207 1 35
64 1 53
196 2 170
35 2 45
101 1 26
41 1 20
47 2 106
17 2 58
53 2 56
106 1 37
38 1 89
16 1 35
49 1 8
54 2 25
82 2 38
207 1 17
27 1 40
40 1 26
47 1 37
25 1 170
8 1 48
28 2 16
54 1 53
82 1 50
49 1 38
8 2 52
8 2 41
70 1 54
16 4 8
16 1 17
48 1 207
207 1 33
17 2 45
40 1 207
81 2 48
35 2 64
85 1 54
50 1 26
16 2 35
56 1 207
170 1 47
48 1 26
30 1 26
8 4 16
41 2 25
37 1 26
50 1 207
26 1 36
17 2 35
70 1 82
58 1 16
23 1 106
52 1 47
54 1 52
17 2 36
16 1 8
26 1 16
53 2 129
16 2 17
85 1 38
53 1 26
17 2 8
16 2 37
26 1 58
28 2 8
207 1 8
56 2 140
16 2 27
170 2 70
35 2 36
22 1 26
38 1 101
26 1 33
20 1 47
82 1 52
58 1 84
8 2 35
85 1 82
26 1 8
26 1 35
8 1 35
47 1 52
85 2 143
51 1 49
64 2 35
52 2 53
33 1 27
16 1 81
81 1 207
196 1 47
89 1 41
26 1 45
8 1 81
106 1 226
8 2 38
101 1 207
70 1 25
84 1 40
89 1 226
30 2 40
16 5 8
28 1 8
101 2 22
8 2 37
26 1 17
50 2 76
8 7 16
82 1 76
89 1 8
47 1 8
33 2 17
76 1 207
46 2 226
81 1 26
27 1 30
84 1 30
76 1 26
143 6 89
8 1 16
8 2 81
196 1 106
70 2 85
129 1 26
16 2 84
16 1 48
207 1 45
140 1 26
143 1 207
17 2 33
25 1 196
25 1 70
37 1 207
35 2 16
22 2 101
52 1 106
8 2 27
16 2 81
25 1 101
52 2 50
64 1 140
33 1 16
47 1 28
226 2 8
207 1 16
89 1 25
41 1 23
8 2 17
22 1 207
226 1 16
33 1 8
64 1 56
28 1 16
8 5 16
82 2 25
54 1 129
54 2 38
106 1 8
207 1 36
25 1 85
53 1 207
17 2 16
16 7 8
207 1 64
47 1 16
89 1 46
? 1 github_java_program_data/21/531.java

89 1 226
47 1 28
49 1 46
89 1 25
41 2 25
89 1 41
226 1 16
28 1 16
51 1 49
49 1 38
20 2 23
8 2 41
28 2 8
41 1 20
46 2 8
89 1 8
47 1 8
23 1 106
106 1 8
41 1 23
38 1 89
43 2 226
20 1 47
106 1 226
8 2 38
49 1 8
226 2 8
89 1 43
? 1 github_java_program_data/21/538.java

89 1 226
47 1 28
49 1 46
89 1 25
41 2 25
89 1 41
226 1 16
28 1 16
51 1 49
49 1 38
20 2 23
8 2 41
28 2 8
41 1 20
46 2 8
89 1 8
47 1 8
23 1 106
106 1 8
41 1 23
38 1 89
43 2 226
20 1 47
106 1 226
8 2 38
49 1 8
226 2 8
89 1 43
? 1 github_java_program_data/21/539.java

35 2 8
38 1 70
52 1 207
63 1 25
61 1 99
25 1 143
25 1 22
20 2 23
26 1 8
207 1 183
64 1 53
196 2 170
226 1 8
207 1 58
101 1 26
41 1 20
92 1 53
35 2 36
17 2 58
183 2 17
25 1 92
53 2 56
106 1 37
89 1 16
35 2 17
82 1 53
16 1 35
196 2 22
170 2 85
226 2 16
54 2 25
82 2 38
207 1 17
16 2 48
207 1 16
40 1 26
47 1 37
25 1 170
8 1 48
28 2 16
54 1 53
53 2 129
82 1 50
129 1 207
8 2 52
17 2 183
70 1 54
16 4 8
16 1 17
37 2 50
196 2 70
58 2 35
8 1 81
142 1 26
207 1 33
85 2 101
24 1 20
17 2 36
81 2 48
35 2 64
85 1 54
50 1 26
16 2 35
106 1 28
56 1 207
45 2 17
99 1 207
30 1 26
196 1 47
41 2 25
8 7 16
37 1 26
89 2 63
53 2 76
26 1 36
17 2 35
70 1 82
35 2 45
54 1 50
58 1 16
23 1 106
143 1 26
52 1 47
54 1 52
170 1 106
16 1 8
51 1 63
40 1 207
26 1 16
48 1 207
16 2 17
85 1 38
53 1 26
51 1 89
17 2 8
16 2 37
38 1 170
16 1 81
170 2 22
61 1 50
142 6 63
26 1 58
25 1 61
101 1 207
207 1 8
56 2 140
16 2 27
54 1 37
50 2 129
22 1 26
61 2 196
38 1 101
26 1 33
183 1 71
35 2 33
30 1 207
56 1 25
82 1 52
58 1 84
92 1 56
142 1 207
8 2 35
16 2 52
85 1 82
207 1 35
43 2 28
26 1 35
85 1 25
33 2 35
8 1 35
85 2 143
35 2 58
8 2 27
64 2 35
52 2 53
48 1 26
33 1 27
20 1 47
38 1 85
81 1 207
63 1 16
48 2 81
70 1 38
8 4 16
89 1 41
26 1 45
106 1 226
28 2 8
70 1 25
84 1 40
89 1 226
30 2 40
46 2 226
16 5 8
81 1 16
28 1 8
226 2 8
101 2 22
45 2 35
26 1 17
50 2 76
53 2 99
50 2 99
81 1 17
71 1 26
170 2 196
82 1 76
47 1 8
33 2 17
63 1 43
47 1 52
54 2 38
26 2 17
16 2 41
81 1 26
183 1 99
63 1 24
27 1 30
84 1 30
76 1 26
143 6 89
8 1 16
8 2 84
8 2 81
196 1 106
70 2 142
70 2 85
129 1 26
16 2 84
52 1 26
16 1 48
207 1 45
140 1 26
17 2 33
25 1 196
25 1 70
106 1 16
58 1 8
37 1 207
35 2 16
22 2 101
52 1 106
92 2 61
27 1 40
16 2 81
99 1 38
16 2 24
8 1 17
25 1 101
47 1 226
52 2 50
25 1 142
76 1 207
64 1 140
33 1 16
47 1 28
50 1 207
8 2 48
99 2 71
89 1 25
41 1 23
8 2 17
22 1 207
226 1 16
207 1 64
183 1 53
37 1 47
64 1 56
28 1 16
8 5 16
82 2 25
54 1 129
17 2 45
106 1 8
207 1 36
24 2 25
25 1 85
53 1 207
17 2 16
16 7 8
24 1 23
38 1 142
33 1 8
8 2 37
47 1 16
89 1 46
63 1 28
? 1 github_java_program_data/21/551.java

85 1 82
35 2 8
26 1 8
106 1 226
52 1 207
76 1 26
8 1 35
25 1 143
25 1 22
20 2 23
85 2 143
207 1 35
8 5 16
140 1 38
85 1 54
196 2 170
226 1 8
101 1 26
89 1 226
38 1 70
33 1 27
41 1 20
16 1 81
81 1 207
35 2 36
17 2 58
35 2 58
25 1 92
53 2 56
106 1 37
89 1 41
38 1 89
16 2 35
26 1 45
16 1 35
27 1 30
8 4 16
8 2 38
49 1 8
16 2 17
70 1 25
226 2 16
84 1 40
82 2 38
207 1 17
92 1 140
52 2 53
196 2 70
49 1 46
27 1 40
50 2 76
16 5 8
25 1 170
8 1 48
28 2 16
28 1 8
54 1 53
53 2 129
8 2 37
26 1 17
82 1 50
49 1 38
8 2 52
8 2 41
46 2 8
70 1 54
82 1 76
89 1 8
47 1 8
33 2 17
8 2 27
48 1 207
76 1 207
45 2 35
207 1 33
28 2 8
16 2 81
54 2 38
40 1 207
81 2 48
89 1 43
81 1 26
50 1 26
54 2 25
47 1 52
52 2 50
84 1 30
26 1 35
143 6 89
8 1 16
8 2 84
48 1 26
30 1 26
196 1 47
70 2 85
47 1 28
129 1 26
51 1 49
37 1 26
16 1 48
207 1 45
143 1 207
26 1 36
43 2 226
25 1 196
25 1 70
106 1 16
70 1 82
35 2 45
58 1 8
37 1 207
23 1 106
16 7 8
8 2 81
52 1 106
52 1 47
54 1 52
35 2 16
207 1 16
170 1 106
17 2 36
16 1 8
8 1 17
47 1 37
170 2 196
26 1 16
8 1 81
41 2 25
33 1 16
85 1 38
50 1 207
53 1 26
89 1 25
40 2 30
8 2 17
22 1 207
17 2 8
226 1 16
92 1 56
16 2 37
25 1 85
16 2 52
30 2 40
28 1 16
92 1 53
82 2 25
54 1 129
26 1 58
101 1 207
207 1 8
56 2 140
16 2 27
17 2 45
106 1 8
47 1 16
38 1 101
26 1 33
41 1 23
53 1 207
17 2 16
20 1 47
56 1 25
82 1 52
16 4 8
226 2 8
58 1 84
33 1 8
8 2 35
207 1 36
8 7 16
? 1 github_java_program_data/21/557.java

89 1 226
47 1 28
49 1 46
89 1 25
41 2 25
89 1 41
226 1 16
28 1 16
51 1 49
49 1 38
20 2 23
8 2 41
28 2 8
41 1 20
46 2 8
89 1 8
47 1 8
23 1 106
106 1 8
41 1 23
38 1 89
43 2 226
20 1 47
106 1 226
8 2 38
49 1 8
226 2 8
89 1 43
? 1 github_java_program_data/21/568.java

89 1 226
47 1 28
49 1 46
89 1 25
41 2 25
89 1 41
226 1 16
28 1 16
51 1 49
49 1 38
20 2 23
8 2 41
28 2 8
41 1 20
46 2 8
89 1 8
47 1 8
23 1 106
106 1 8
41 1 23
38 1 89
43 2 226
20 1 47
106 1 226
8 2 38
49 1 8
226 2 8
89 1 43
? 1 github_java_program_data/21/569.java

38 1 70
52 1 207
30 1 207
61 1 99
25 1 143
20 2 23
26 1 8
196 2 170
226 1 8
207 1 58
101 1 26
41 1 20
38 1 61
92 1 53
35 2 36
17 2 58
53 2 56
106 1 37
48 2 81
82 1 53
84 1 40
49 1 8
226 2 16
54 2 25
82 2 38
207 1 17
49 1 46
8 2 27
40 1 26
47 1 37
46 2 8
8 1 48
28 2 16
38 1 22
129 1 207
8 2 52
8 2 41
70 1 54
16 4 8
16 1 17
196 2 70
38 1 196
48 1 207
142 1 26
207 1 33
17 2 45
17 2 36
81 2 48
85 1 54
50 1 26
16 2 35
45 2 17
48 1 26
196 1 47
37 1 26
8 2 25
142 6 89
53 2 76
26 1 36
70 1 82
35 2 45
54 1 50
23 1 106
143 1 26
52 1 47
54 1 52
170 1 106
16 1 8
170 2 196
26 1 16
226 2 8
92 2 196
51 1 22
16 2 17
53 1 26
25 1 89
17 2 8
16 2 37
38 1 170
16 1 81
61 1 50
26 1 58
28 2 8
207 1 8
16 2 27
50 2 129
22 1 26
26 1 33
35 2 33
35 2 58
56 1 25
82 1 52
58 1 84
92 1 56
8 2 35
85 1 82
207 1 35
26 1 35
85 1 25
33 2 35
8 1 35
140 1 25
51 1 49
52 2 53
33 1 27
38 1 85
81 1 207
89 1 38
70 1 38
49 1 25
8 4 16
89 1 41
26 1 45
8 1 81
106 1 226
101 1 207
99 2 140
89 1 226
30 2 40
38 1 92
16 5 8
61 1 140
28 1 8
8 2 37
26 1 17
50 2 99
8 7 16
82 1 76
89 1 8
47 1 8
47 1 52
89 1 43
81 1 26
20 1 47
27 1 30
84 1 30
76 1 26
8 1 16
8 2 84
8 2 81
41 2 38
70 2 85
129 1 26
16 1 48
207 1 45
27 1 40
43 2 226
25 1 70
106 1 16
58 1 8
37 1 207
35 2 16
16 7 8
52 1 106
207 1 16
16 2 81
99 1 38
8 1 17
25 1 101
52 2 50
76 1 207
33 1 16
47 1 28
50 1 207
8 2 48
85 2 142
8 2 17
22 1 207
226 1 16
16 2 52
28 1 16
8 5 16
82 2 25
54 1 129
54 2 38
106 1 8
47 1 16
41 1 23
53 1 207
17 2 16
38 1 142
33 1 8
207 1 36
49 2 22
? 1 github_java_program_data/21/575.java

89 1 226
47 1 28
49 1 46
89 1 25
41 2 25
89 1 41
226 1 16
28 1 16
51 1 49
49 1 38
20 2 23
8 2 41
28 2 8
41 1 20
46 2 8
89 1 8
47 1 8
23 1 106
106 1 8
41 1 23
38 1 89
43 2 226
20 1 47
106 1 226
8 2 38
49 1 8
226 2 8
89 1 43
? 1 github_java_program_data/21/58.java

35 2 8
38 1 70
52 1 207
63 1 25
61 1 99
25 1 143
25 1 22
20 2 23
26 1 8
207 1 183
64 1 53
196 2 170
226 1 8
207 1 58
101 1 26
41 1 20
92 1 53
35 2 36
17 2 58
183 2 17
25 1 92
53 2 56
106 1 37
89 1 16
35 2 17
82 1 53
16 1 35
196 2 22
170 2 85
226 2 16
54 2 25
82 2 38
207 1 17
16 2 48
207 1 16
40 1 26
47 1 37
25 1 170
8 1 48
28 2 16
54 1 53
53 2 129
82 1 50
129 1 207
8 2 52
17 2 183
70 1 54
16 4 8
16 1 17
37 2 50
196 2 70
58 2 35
8 1 81
142 1 26
207 1 33
85 2 101
24 1 20
17 2 36
81 2 48
35 2 64
85 1 54
50 1 26
16 2 35
106 1 28
56 1 207
45 2 17
99 1 207
30 1 26
196 1 47
41 2 25
8 7 16
37 1 26
89 2 63
53 2 76
26 1 36
17 2 35
70 1 82
35 2 45
54 1 50
58 1 16
23 1 106
143 1 26
52 1 47
54 1 52
170 1 106
16 1 8
51 1 63
40 1 207
26 1 16
48 1 207
16 2 17
85 1 38
53 1 26
51 1 89
17 2 8
16 2 37
38 1 170
16 1 81
170 2 22
61 1 50
142 6 63
26 1 58
25 1 61
101 1 207
207 1 8
56 2 140
16 2 27
54 1 37
50 2 129
22 1 26
61 2 196
38 1 101
26 1 33
183 1 71
35 2 33
30 1 207
56 1 25
82 1 52
58 1 84
92 1 56
142 1 207
8 2 35
16 2 52
85 1 82
207 1 35
43 2 28
26 1 35
85 1 25
33 2 35
8 1 35
85 2 143
35 2 58
8 2 27
64 2 35
52 2 53
48 1 26
33 1 27
20 1 47
38 1 85
81 1 207
63 1 16
48 2 81
70 1 38
8 4 16
89 1 41
26 1 45
106 1 226
28 2 8
70 1 25
84 1 40
89 1 226
30 2 40
46 2 226
16 5 8
81 1 16
28 1 8
226 2 8
101 2 22
45 2 35
26 1 17
50 2 76
53 2 99
50 2 99
81 1 17
71 1 26
170 2 196
82 1 76
47 1 8
33 2 17
63 1 43
47 1 52
54 2 38
26 2 17
16 2 41
81 1 26
183 1 99
63 1 24
27 1 30
84 1 30
76 1 26
143 6 89
8 1 16
8 2 84
8 2 81
196 1 106
70 2 142
70 2 85
129 1 26
16 2 84
52 1 26
16 1 48
207 1 45
140 1 26
17 2 33
25 1 196
25 1 70
106 1 16
58 1 8
37 1 207
35 2 16
22 2 101
52 1 106
92 2 61
27 1 40
16 2 81
99 1 38
16 2 24
8 1 17
25 1 101
47 1 226
52 2 50
25 1 142
76 1 207
64 1 140
33 1 16
47 1 28
50 1 207
8 2 48
99 2 71
89 1 25
41 1 23
8 2 17
22 1 207
226 1 16
207 1 64
183 1 53
37 1 47
64 1 56
28 1 16
8 5 16
82 2 25
54 1 129
17 2 45
106 1 8
207 1 36
24 2 25
25 1 85
53 1 207
17 2 16
16 7 8
24 1 23
38 1 142
33 1 8
8 2 37
47 1 16
89 1 46
63 1 28
? 1 github_java_program_data/21/581.java

89 1 226
47 1 28
49 1 46
89 1 25
41 2 25
89 1 41
226 1 16
28 1 16
51 1 49
49 1 38
20 2 23
8 2 41
28 2 8
41 1 20
46 2 8
89 1 8
47 1 8
23 1 106
106 1 8
41 1 23
38 1 89
43 2 226
20 1 47
106 1 226
8 2 38
49 1 8
226 2 8
89 1 43
? 1 github_java_program_data/21/59.java

89 1 226
47 1 28
49 1 46
89 1 25
41 2 25
89 1 41
226 1 16
28 1 16
51 1 49
49 1 38
20 2 23
8 2 41
28 2 8
41 1 20
46 2 8
89 1 8
47 1 8
23 1 106
106 1 8
41 1 23
38 1 89
43 2 226
20 1 47
106 1 226
8 2 38
49 1 8
226 2 8
89 1 43
? 1 github_java_program_data/21/598.java

89 1 226
47 1 28
49 1 46
89 1 25
41 2 25
89 1 41
226 1 16
28 1 16
51 1 49
49 1 38
20 2 23
8 2 41
28 2 8
41 1 20
46 2 8
89 1 8
47 1 8
23 1 106
106 1 8
41 1 23
38 1 89
43 2 226
20 1 47
106 1 226
8 2 38
49 1 8
226 2 8
89 1 43
? 1 github_java_program_data/21/599.java

35 2 8
38 1 70
52 1 207
61 1 99
25 1 143
20 2 23
40 1 207
196 2 170
226 1 8
207 1 58
101 1 26
41 1 20
48 1 207
38 1 61
92 1 53
35 2 36
53 2 56
106 1 37
82 1 53
16 1 35
49 1 8
226 2 16
54 2 25
82 2 38
207 1 17
49 1 46
207 1 16
47 1 37
82 1 76
8 1 48
28 2 16
38 1 22
129 1 207
8 2 52
8 2 41
70 1 54
16 4 8
26 1 16
16 1 17
196 2 70
38 1 196
8 1 81
142 1 26
207 1 33
58 2 35
17 2 36
81 2 48
85 1 54
50 1 26
16 2 35
45 2 17
48 1 26
30 1 26
196 1 47
37 1 26
8 2 25
142 6 89
26 1 36
70 1 82
35 2 45
54 1 50
58 1 16
23 1 106
52 1 47
54 1 52
40 2 30
170 1 106
16 1 8
170 2 92
226 2 8
92 2 196
16 2 17
53 1 26
25 1 89
17 2 8
16 2 37
38 1 170
16 1 81
61 1 50
26 1 58
101 1 207
207 1 8
16 2 27
50 2 129
22 1 26
35 2 33
20 1 47
56 1 25
82 1 52
58 1 84
26 1 8
8 2 35
85 1 82
207 1 35
26 1 35
85 1 25
8 1 35
140 1 25
51 1 49
52 2 53
33 1 27
38 1 85
81 1 207
89 1 38
70 1 38
49 1 25
8 4 16
89 1 41
26 1 45
106 1 226
28 2 8
99 2 140
84 1 40
89 1 226
30 2 40
38 1 92
16 5 8
61 1 140
28 1 8
8 2 37
26 1 17
50 2 99
8 7 16
46 2 8
89 1 8
47 1 8
33 2 17
76 1 207
54 2 38
89 1 43
81 1 26
27 1 30
84 1 30
76 1 26
8 1 16
8 2 84
8 2 81
41 2 38
70 2 85
16 2 84
52 1 26
16 1 48
207 1 45
143 1 207
53 1 207
25 1 70
106 1 16
58 1 8
37 1 207
35 2 16
16 7 8
52 1 106
27 1 40
16 2 81
99 1 38
8 1 17
25 1 101
52 2 50
33 1 16
47 1 28
50 1 207
53 2 76
85 2 142
8 2 17
226 1 16
92 1 56
28 1 16
8 5 16
82 2 25
54 1 129
17 2 45
106 1 8
47 1 16
41 1 23
43 2 226
17 2 16
38 1 142
47 1 52
207 1 36
? 1 github_java_program_data/21/600.java

38 1 70
52 1 207
30 1 207
61 1 99
25 1 143
20 2 23
26 1 8
196 2 170
226 1 8
207 1 58
101 1 26
41 1 20
38 1 61
92 1 53
35 2 36
17 2 58
53 2 56
106 1 37
48 2 81
82 1 53
84 1 40
49 1 8
226 2 16
54 2 25
82 2 38
207 1 17
49 1 46
8 2 27
40 1 26
47 1 37
46 2 8
8 1 48
28 2 16
38 1 22
129 1 207
8 2 52
8 2 41
70 1 54
16 4 8
16 1 17
196 2 70
38 1 196
48 1 207
142 1 26
207 1 33
17 2 45
17 2 36
81 2 48
85 1 54
50 1 26
16 2 35
45 2 17
48 1 26
196 1 47
37 1 26
8 2 25
142 6 89
53 2 76
26 1 36
70 1 82
35 2 45
54 1 50
23 1 106
143 1 26
52 1 47
54 1 52
170 1 106
16 1 8
170 2 196
26 1 16
226 2 8
92 2 196
51 1 22
16 2 17
53 1 26
25 1 89
17 2 8
16 2 37
38 1 170
16 1 81
61 1 50
26 1 58
28 2 8
207 1 8
16 2 27
50 2 129
22 1 26
26 1 33
35 2 33
35 2 58
56 1 25
82 1 52
58 1 84
92 1 56
8 2 35
85 1 82
207 1 35
26 1 35
85 1 25
33 2 35
8 1 35
140 1 25
51 1 49
52 2 53
33 1 27
38 1 85
81 1 207
89 1 38
70 1 38
49 1 25
8 4 16
89 1 41
26 1 45
8 1 81
106 1 226
101 1 207
99 2 140
89 1 226
30 2 40
38 1 92
16 5 8
61 1 140
28 1 8
8 2 37
26 1 17
50 2 99
8 7 16
82 1 76
89 1 8
47 1 8
47 1 52
89 1 43
81 1 26
20 1 47
27 1 30
84 1 30
76 1 26
8 1 16
8 2 84
8 2 81
41 2 38
70 2 85
129 1 26
16 1 48
207 1 45
27 1 40
43 2 226
25 1 70
106 1 16
58 1 8
37 1 207
35 2 16
16 7 8
52 1 106
207 1 16
16 2 81
99 1 38
8 1 17
25 1 101
52 2 50
76 1 207
33 1 16
47 1 28
50 1 207
8 2 48
85 2 142
8 2 17
22 1 207
226 1 16
16 2 52
28 1 16
8 5 16
82 2 25
54 1 129
54 2 38
106 1 8
47 1 16
41 1 23
53 1 207
17 2 16
38 1 142
33 1 8
207 1 36
49 2 22
? 1 github_java_program_data/21/605.java

35 2 8
38 1 70
52 1 207
63 1 25
61 1 99
25 1 143
25 1 22
20 2 23
26 1 8
207 1 183
64 1 53
196 2 170
226 1 8
207 1 58
101 1 26
41 1 20
92 1 53
35 2 36
17 2 58
183 2 17
25 1 92
53 2 56
106 1 37
89 1 16
35 2 17
82 1 53
16 1 35
196 2 22
170 2 85
226 2 16
54 2 25
82 2 38
207 1 17
16 2 48
207 1 16
40 1 26
47 1 37
25 1 170
8 1 48
28 2 16
54 1 53
53 2 129
82 1 50
129 1 207
8 2 52
17 2 183
70 1 54
16 4 8
16 1 17
37 2 50
196 2 70
58 2 35
8 1 81
142 1 26
207 1 33
85 2 101
24 1 20
17 2 36
81 2 48
35 2 64
85 1 54
50 1 26
16 2 35
106 1 28
56 1 207
45 2 17
99 1 207
30 1 26
196 1 47
41 2 25
8 7 16
37 1 26
89 2 63
53 2 76
26 1 36
17 2 35
70 1 82
35 2 45
54 1 50
58 1 16
23 1 106
143 1 26
52 1 47
54 1 52
170 1 106
16 1 8
51 1 63
40 1 207
26 1 16
48 1 207
16 2 17
85 1 38
53 1 26
51 1 89
17 2 8
16 2 37
38 1 170
16 1 81
170 2 22
61 1 50
142 6 63
26 1 58
25 1 61
101 1 207
207 1 8
56 2 140
16 2 27
54 1 37
50 2 129
22 1 26
61 2 196
38 1 101
26 1 33
183 1 71
35 2 33
30 1 207
56 1 25
82 1 52
58 1 84
92 1 56
142 1 207
8 2 35
16 2 52
85 1 82
207 1 35
43 2 28
26 1 35
85 1 25
33 2 35
8 1 35
85 2 143
35 2 58
8 2 27
64 2 35
52 2 53
48 1 26
33 1 27
20 1 47
38 1 85
81 1 207
63 1 16
48 2 81
70 1 38
8 4 16
89 1 41
26 1 45
106 1 226
28 2 8
70 1 25
84 1 40
89 1 226
30 2 40
46 2 226
16 5 8
81 1 16
28 1 8
226 2 8
101 2 22
45 2 35
26 1 17
50 2 76
53 2 99
50 2 99
81 1 17
71 1 26
170 2 196
82 1 76
47 1 8
33 2 17
63 1 43
47 1 52
54 2 38
26 2 17
16 2 41
81 1 26
183 1 99
63 1 24
27 1 30
84 1 30
76 1 26
143 6 89
8 1 16
8 2 84
8 2 81
196 1 106
70 2 142
70 2 85
129 1 26
16 2 84
52 1 26
16 1 48
207 1 45
140 1 26
17 2 33
25 1 196
25 1 70
106 1 16
58 1 8
37 1 207
35 2 16
22 2 101
52 1 106
92 2 61
27 1 40
16 2 81
99 1 38
16 2 24
8 1 17
25 1 101
47 1 226
52 2 50
25 1 142
76 1 207
64 1 140
33 1 16
47 1 28
50 1 207
8 2 48
99 2 71
89 1 25
41 1 23
8 2 17
22 1 207
226 1 16
207 1 64
183 1 53
37 1 47
64 1 56
28 1 16
8 5 16
82 2 25
54 1 129
17 2 45
106 1 8
207 1 36
24 2 25
25 1 85
53 1 207
17 2 16
16 7 8
24 1 23
38 1 142
33 1 8
8 2 37
47 1 16
89 1 46
63 1 28
? 1 github_java_program_data/21/611.java

89 1 226
47 1 28
49 1 46
89 1 25
41 2 25
89 1 41
226 1 16
28 1 16
51 1 49
49 1 38
20 2 23
8 2 41
28 2 8
41 1 20
46 2 8
89 1 8
47 1 8
23 1 106
106 1 8
41 1 23
38 1 89
43 2 226
20 1 47
106 1 226
8 2 38
49 1 8
226 2 8
89 1 43
? 1 github_java_program_data/21/628.java

89 1 226
47 1 28
49 1 46
89 1 25
41 2 25
89 1 41
226 1 16
28 1 16
51 1 49
49 1 38
20 2 23
8 2 41
28 2 8
41 1 20
46 2 8
89 1 8
47 1 8
23 1 106
106 1 8
41 1 23
38 1 89
43 2 226
20 1 47
106 1 226
8 2 38
49 1 8
226 2 8
89 1 43
? 1 github_java_program_data/21/629.java

38 1 70
52 1 207
30 1 207
61 1 99
25 1 143
20 2 23
26 1 8
196 2 170
226 1 8
207 1 58
101 1 26
41 1 20
38 1 61
92 1 53
35 2 36
17 2 58
53 2 56
106 1 37
48 2 81
82 1 53
84 1 40
49 1 8
226 2 16
54 2 25
82 2 38
207 1 17
49 1 46
8 2 27
40 1 26
47 1 37
46 2 8
8 1 48
28 2 16
38 1 22
129 1 207
8 2 52
8 2 41
70 1 54
16 4 8
16 1 17
196 2 70
38 1 196
48 1 207
142 1 26
207 1 33
17 2 45
17 2 36
81 2 48
85 1 54
50 1 26
16 2 35
45 2 17
48 1 26
196 1 47
37 1 26
8 2 25
142 6 89
53 2 76
26 1 36
70 1 82
35 2 45
54 1 50
23 1 106
143 1 26
52 1 47
54 1 52
170 1 106
16 1 8
170 2 196
26 1 16
226 2 8
92 2 196
51 1 22
16 2 17
53 1 26
25 1 89
17 2 8
16 2 37
38 1 170
16 1 81
61 1 50
26 1 58
28 2 8
207 1 8
16 2 27
50 2 129
22 1 26
26 1 33
35 2 33
35 2 58
56 1 25
82 1 52
58 1 84
92 1 56
8 2 35
85 1 82
207 1 35
26 1 35
85 1 25
33 2 35
8 1 35
140 1 25
51 1 49
52 2 53
33 1 27
38 1 85
81 1 207
89 1 38
70 1 38
49 1 25
8 4 16
89 1 41
26 1 45
8 1 81
106 1 226
101 1 207
99 2 140
89 1 226
30 2 40
38 1 92
16 5 8
61 1 140
28 1 8
8 2 37
26 1 17
50 2 99
8 7 16
82 1 76
89 1 8
47 1 8
47 1 52
89 1 43
81 1 26
20 1 47
27 1 30
84 1 30
76 1 26
8 1 16
8 2 84
8 2 81
41 2 38
70 2 85
129 1 26
16 1 48
207 1 45
27 1 40
43 2 226
25 1 70
106 1 16
58 1 8
37 1 207
35 2 16
16 7 8
52 1 106
207 1 16
16 2 81
99 1 38
8 1 17
25 1 101
52 2 50
76 1 207
33 1 16
47 1 28
50 1 207
8 2 48
85 2 142
8 2 17
22 1 207
226 1 16
16 2 52
28 1 16
8 5 16
82 2 25
54 1 129
54 2 38
106 1 8
47 1 16
41 1 23
53 1 207
17 2 16
38 1 142
33 1 8
207 1 36
49 2 22
? 1 github_java_program_data/21/65.java

35 2 8
38 1 70
52 1 207
63 1 25
61 1 99
25 1 143
25 1 22
20 2 23
26 1 8
207 1 183
64 1 53
196 2 170
226 1 8
207 1 58
101 1 26
41 1 20
92 1 53
35 2 36
17 2 58
183 2 17
25 1 92
53 2 56
106 1 37
89 1 16
35 2 17
82 1 53
16 1 35
196 2 22
170 2 85
226 2 16
54 2 25
82 2 38
207 1 17
16 2 48
207 1 16
40 1 26
47 1 37
25 1 170
8 1 48
28 2 16
54 1 53
53 2 129
82 1 50
129 1 207
8 2 52
17 2 183
70 1 54
16 4 8
16 1 17
37 2 50
196 2 70
58 2 35
8 1 81
142 1 26
207 1 33
85 2 101
24 1 20
17 2 36
81 2 48
35 2 64
85 1 54
50 1 26
16 2 35
106 1 28
56 1 207
45 2 17
99 1 207
30 1 26
196 1 47
41 2 25
8 7 16
37 1 26
89 2 63
53 2 76
26 1 36
17 2 35
70 1 82
35 2 45
54 1 50
58 1 16
23 1 106
143 1 26
52 1 47
54 1 52
170 1 106
16 1 8
51 1 63
40 1 207
26 1 16
48 1 207
16 2 17
85 1 38
53 1 26
51 1 89
17 2 8
16 2 37
38 1 170
16 1 81
170 2 22
61 1 50
142 6 63
26 1 58
25 1 61
101 1 207
207 1 8
56 2 140
16 2 27
54 1 37
50 2 129
22 1 26
61 2 196
38 1 101
26 1 33
183 1 71
35 2 33
30 1 207
56 1 25
82 1 52
58 1 84
92 1 56
142 1 207
8 2 35
16 2 52
85 1 82
207 1 35
43 2 28
26 1 35
85 1 25
33 2 35
8 1 35
85 2 143
35 2 58
8 2 27
64 2 35
52 2 53
48 1 26
33 1 27
20 1 47
38 1 85
81 1 207
63 1 16
48 2 81
70 1 38
8 4 16
89 1 41
26 1 45
106 1 226
28 2 8
70 1 25
84 1 40
89 1 226
30 2 40
46 2 226
16 5 8
81 1 16
28 1 8
226 2 8
101 2 22
45 2 35
26 1 17
50 2 76
53 2 99
50 2 99
81 1 17
71 1 26
170 2 196
82 1 76
47 1 8
33 2 17
63 1 43
47 1 52
54 2 38
26 2 17
16 2 41
81 1 26
183 1 99
63 1 24
27 1 30
84 1 30
76 1 26
143 6 89
8 1 16
8 2 84
8 2 81
196 1 106
70 2 142
70 2 85
129 1 26
16 2 84
52 1 26
16 1 48
207 1 45
140 1 26
17 2 33
25 1 196
25 1 70
106 1 16
58 1 8
37 1 207
35 2 16
22 2 101
52 1 106
92 2 61
27 1 40
16 2 81
99 1 38
16 2 24
8 1 17
25 1 101
47 1 226
52 2 50
25 1 142
76 1 207
64 1 140
33 1 16
47 1 28
50 1 207
8 2 48
99 2 71
89 1 25
41 1 23
8 2 17
22 1 207
226 1 16
207 1 64
183 1 53
37 1 47
64 1 56
28 1 16
8 5 16
82 2 25
54 1 129
17 2 45
106 1 8
207 1 36
24 2 25
25 1 85
53 1 207
17 2 16
16 7 8
24 1 23
38 1 142
33 1 8
8 2 37
47 1 16
89 1 46
63 1 28
? 1 github_java_program_data/21/71.java

89 1 226
47 1 28
49 1 46
89 1 25
41 2 25
89 1 41
226 1 16
28 1 16
51 1 49
49 1 38
20 2 23
8 2 41
28 2 8
41 1 20
46 2 8
89 1 8
47 1 8
23 1 106
106 1 8
41 1 23
38 1 89
43 2 226
20 1 47
106 1 226
8 2 38
49 1 8
226 2 8
89 1 43
? 1 github_java_program_data/21/88.java

89 1 226
47 1 28
49 1 46
89 1 25
41 2 25
89 1 41
226 1 16
28 1 16
51 1 49
49 1 38
20 2 23
8 2 41
28 2 8
41 1 20
46 2 8
89 1 8
47 1 8
23 1 106
106 1 8
41 1 23
38 1 89
43 2 226
20 1 47
106 1 226
8 2 38
49 1 8
226 2 8
89 1 43
? 1 github_java_program_data/21/89.java

38 1 70
52 1 207
30 1 207
61 1 99
25 1 143
20 2 23
26 1 8
196 2 170
226 1 8
207 1 58
101 1 26
41 1 20
38 1 61
92 1 53
35 2 36
17 2 58
53 2 56
106 1 37
48 2 81
82 1 53
84 1 40
49 1 8
226 2 16
54 2 25
82 2 38
207 1 17
49 1 46
8 2 27
40 1 26
47 1 37
46 2 8
8 1 48
28 2 16
38 1 22
129 1 207
8 2 52
8 2 41
70 1 54
16 4 8
16 1 17
196 2 70
38 1 196
48 1 207
142 1 26
207 1 33
17 2 45
17 2 36
81 2 48
85 1 54
50 1 26
16 2 35
45 2 17
48 1 26
196 1 47
37 1 26
8 2 25
142 6 89
53 2 76
26 1 36
70 1 82
35 2 45
54 1 50
23 1 106
143 1 26
52 1 47
54 1 52
170 1 106
16 1 8
170 2 196
26 1 16
226 2 8
92 2 196
51 1 22
16 2 17
53 1 26
25 1 89
17 2 8
16 2 37
38 1 170
16 1 81
61 1 50
26 1 58
28 2 8
207 1 8
16 2 27
50 2 129
22 1 26
26 1 33
35 2 33
35 2 58
56 1 25
82 1 52
58 1 84
92 1 56
8 2 35
85 1 82
207 1 35
26 1 35
85 1 25
33 2 35
8 1 35
140 1 25
51 1 49
52 2 53
33 1 27
38 1 85
81 1 207
89 1 38
70 1 38
49 1 25
8 4 16
89 1 41
26 1 45
8 1 81
106 1 226
101 1 207
99 2 140
89 1 226
30 2 40
38 1 92
16 5 8
61 1 140
28 1 8
8 2 37
26 1 17
50 2 99
8 7 16
82 1 76
89 1 8
47 1 8
47 1 52
89 1 43
81 1 26
20 1 47
27 1 30
84 1 30
76 1 26
8 1 16
8 2 84
8 2 81
41 2 38
70 2 85
129 1 26
16 1 48
207 1 45
27 1 40
43 2 226
25 1 70
106 1 16
58 1 8
37 1 207
35 2 16
16 7 8
52 1 106
207 1 16
16 2 81
99 1 38
8 1 17
25 1 101
52 2 50
76 1 207
33 1 16
47 1 28
50 1 207
8 2 48
85 2 142
8 2 17
22 1 207
226 1 16
16 2 52
28 1 16
8 5 16
82 2 25
54 1 129
54 2 38
106 1 8
47 1 16
41 1 23
53 1 207
17 2 16
38 1 142
33 1 8
207 1 36
49 2 22
? 1 github_java_program_data/21/95.java

