32 2 34
26 1 10
10 1 7
7 2 33
40 1 90
7 2 54
40 1 52
52 1 25
48 1 83
94 1 30
30 1 28
40 1 73
7 1 28
30 1 10
54 1 16
18 2 16
25 1 55
68 1 42
36 1 25
15 1 65
31 2 50
40 1 57
52 1 30
90 1 19
20 1 16
28 2 10
90 1 37
22 2 7
30 1 24
39 1 30
4 1 7
25 1 7
15 1 7
4 2 19
45 2 73
25 1 29
40 1 86
24 1 7
19 2 83
57 2 65
15 1 10
14 2 10
10 2 26
7 7 10
7 1 10
64 1 68
22 2 24
45 1 65
83 1 7
35 1 7
53 1 40
48 1 9
32 1 25
30 1 22
15 1 94
52 2 57
10 2 23
73 2 45
35 2 22
24 2 28
4 1 10
64 1 38
7 2 23
30 1 7
7 5 10
73 1 37
15 1 12
23 1 32
17 1 14
54 1 18
17 1 10
19 1 10
15 1 14
10 2 22
7 2 28
97 2 40
22 2 10
57 2 36
26 1 15
49 1 30
10 5 7
45 1 57
9 1 10
73 1 10
38 1 37
42 1 62
16 2 18
33 1 32
7 2 20
90 2 45
40 1 63
10 2 94
10 2 33
42 1 56
35 1 23
36 1 30
17 1 26
9 2 19
39 6 73
48 1 19
73 1 4
37 1 42
42 1 31
40 1 59
12 1 10
23 1 34
73 1 14
64 1 56
24 1 33
27 1 15
22 2 35
57 1 7
10 2 20
22 2 28
54 2 40
56 2 62
33 1 34
32 1 10
51 1 49
97 1 26
28 2 35
63 2 57
65 2 14
40 1 42
53 1 51
49 2 31
18 1 15
19 2 12
7 1 23
73 1 7
37 1 64
40 1 45
25 1 28
17 1 49
25 1 10
37 1 52
73 1 12
10 2 28
7 4 10
12 2 10
17 1 19
57 1 30
85 2 37
12 2 7
36 6 45
90 1 20
35 1 10
34 1 30
63 1 17
24 2 22
49 1 17
7 1 22
24 1 10
19 2 7
20 1 18
26 1 25
17 1 12
7 2 22
27 2 90
40 1 36
14 2 7
16 1 15
45 1 54
64 2 39
14 1 7
17 1 7
10 7 7
10 1 33
57 2 52
35 1 33
54 2 37
14 1 10
63 2 27
37 1 39
37 1 57
39 1 25
34 1 7
31 1 30
90 1 7
57 1 25
62 1 37
7 2 97
10 4 7
51 1 31
10 1 22
51 2 40
31 2 38
25 1 22
32 1 30
86 1 37
12 1 7
56 1 25
65 2 12
20 2 37
45 1 40
37 1 53
27 2 63
62 2 68
45 1 14
24 1 23
56 1 30
16 1 17
38 1 40
83 1 97
45 1 12
73 1 20
64 1 31
86 1 85
83 1 40
57 2 42
19 2 14
62 1 40
83 1 19
7 2 49
73 1 19
85 1 26
31 1 25
30 1 35
25 1 35
34 1 25
42 1 38
28 2 7
40 1 27
28 2 24
25 1 24
50 1 25
51 1 50
45 1 37
64 1 62
10 1 28
45 1 7
? 1 github_java_program_data/29/105.java

32 2 34
94 1 30
10 1 7
62 2 43
10 2 81
73 1 54
45 1 20
26 1 15
48 1 83
7 1 33
26 1 10
42 2 63
36 1 30
85 1 10
27 2 52
18 2 16
25 1 55
20 2 40
36 1 25
40 1 57
52 1 30
28 2 29
19 2 10
63 2 86
22 2 7
18 1 17
27 1 17
10 2 97
37 1 112
10 2 80
30 1 24
7 2 26
45 2 73
24 1 7
38 2 68
30 1 55
31 2 38
14 2 7
15 1 26
40 1 52
27 2 86
48 1 9
7 2 23
27 2 53
15 1 94
52 2 57
53 1 37
64 1 38
39 6 73
45 1 10
30 1 7
45 1 65
37 1 90
17 1 14
54 1 18
17 1 10
19 1 10
112 2 90
49 1 15
10 2 22
7 2 28
63 1 15
57 2 36
122 1 41
7 2 33
10 5 7
40 1 64
19 2 12
42 1 62
86 1 40
33 1 32
49 1 25
42 1 56
41 1 37
9 2 19
17 1 127
12 1 19
48 1 19
51 1 26
30 1 29
40 1 86
17 1 19
73 1 10
45 1 40
26 2 56
23 1 34
10 2 54
24 1 33
73 1 7
28 2 22
54 1 16
43 1 30
73 1 65
42 1 69
15 1 12
62 1 25
29 2 22
7 1 80
85 1 49
40 1 42
112 1 10
72 1 40
49 1 17
63 2 42
122 1 31
10 1 81
122 2 22
7 2 81
12 2 10
22 2 35
36 6 45
90 1 20
34 1 30
24 1 10
35 1 33
20 1 18
22 2 24
7 2 22
10 7 7
68 2 69
56 2 50
112 1 40
112 2 45
37 1 86
119 1 7
19 2 7
85 1 7
63 2 27
37 1 39
51 2 37
65 2 19
31 1 30
90 1 7
37 1 73
42 2 39
34 1 97
32 1 30
86 1 37
7 2 127
83 1 10
81 1 25
56 1 25
65 2 12
97 1 7
7 2 26
53 1 40
22 2 120
86 2 57
97 1 119
24 1 23
90 2 112
56 1 30
9 1 10
85 2 40
25 1 120
26 1 17
19 2 14
83 1 19
10 2 49
26 1 25
35 2 28
73 1 57
42 1 38
34 1 7
17 1 94
19 2 85
120 1 62
7 2 49
10 1 28
45 1 37
10 4 7
97 2 37
37 1 42
7 2 54
35 1 7
51 1 50
85 2 19
52 1 25
40 1 39
37 1 63
30 1 28
7 1 28
30 1 10
69 1 64
38 2 41
55 2 22
68 1 42
15 1 65
120 1 43
72 2 36
73 1 40
22 2 55
27 2 90
16 1 15
20 1 16
112 1 7
90 1 37
30 1 81
10 2 127
40 1 53
39 1 30
37 1 27
19 1 7
15 1 7
25 1 29
39 6 45
120 1 56
19 2 83
57 2 65
15 1 10
14 2 10
45 1 4
7 7 10
7 1 10
26 1 30
127 1 30
80 1 30
37 1 53
32 1 25
30 1 22
72 1 31
86 2 36
83 1 37
73 2 45
10 1 23
27 2 72
10 2 23
45 1 14
63 2 64
7 5 10
42 1 68
23 1 32
15 1 14
10 1 80
22 2 10
112 1 54
45 1 19
15 1 49
16 2 18
53 1 51
7 2 20
10 2 26
28 2 122
28 2 24
10 2 33
38 1 25
37 1 36
7 2 80
17 1 26
49 1 30
28 2 55
42 1 31
35 1 23
90 1 65
73 1 14
64 1 56
27 1 15
10 2 20
54 2 40
56 2 62
24 2 28
36 6 73
31 2 40
51 1 49
50 1 30
28 2 35
29 2 28
65 2 14
38 1 37
18 1 15
62 1 40
25 1 28
17 1 49
25 1 10
37 1 52
73 1 12
12 1 10
51 1 56
10 2 28
52 2 27
41 1 30
7 4 10
57 1 30
85 2 37
12 2 7
35 1 10
64 1 62
63 1 17
24 2 22
122 1 38
7 1 22
35 2 22
17 1 12
25 1 7
40 1 36
40 1 63
25 1 35
14 1 7
17 1 7
22 2 29
15 1 127
7 1 81
42 2 64
57 2 52
57 1 10
14 1 10
25 1 122
34 2 32
53 2 36
37 1 45
37 1 57
25 1 22
39 1 25
22 2 28
57 1 25
62 1 37
37 1 72
10 1 22
51 2 40
28 2 10
64 2 42
34 1 10
12 1 7
27 2 63
31 1 25
34 1 26
16 1 17
38 1 40
83 1 97
45 1 12
64 1 31
86 1 85
7 2 94
112 1 19
33 1 34
65 2 7
80 1 25
73 1 19
85 1 26
10 2 97
30 1 35
4 2 65
48 1 85
34 1 25
20 2 37
28 2 7
4 1 10
25 1 24
24 2 81
69 2 41
42 1 41
45 1 7
? 1 github_java_program_data/29/113.java

22 2 35
12 1 10
23 1 34
24 1 33
73 1 7
65 2 19
10 2 20
22 2 28
73 1 54
45 1 20
20 2 40
54 2 40
40 1 39
73 1 65
48 1 83
7 2 37
30 1 28
85 1 10
7 1 28
30 1 10
54 1 16
18 2 16
32 1 30
33 1 32
36 1 25
19 2 7
73 1 40
45 1 65
20 1 16
25 1 28
34 1 10
37 1 40
18 1 17
73 1 12
10 2 28
7 4 10
45 1 7
10 1 7
19 2 14
30 1 24
12 2 7
48 1 9
36 6 45
39 1 30
35 1 10
34 1 30
7 2 23
24 2 22
19 1 7
7 1 22
24 1 10
35 1 33
20 1 18
22 2 24
17 1 12
7 2 22
32 1 7
83 1 37
9 1 7
40 1 36
14 2 7
14 2 10
16 1 15
7 1 10
15 1 7
85 2 83
25 1 35
7 2 20
14 1 7
17 1 7
83 1 7
45 2 73
7 2 54
34 1 25
32 1 25
30 1 22
54 2 37
14 1 10
34 2 32
37 1 45
10 2 23
73 2 45
37 1 73
10 1 23
39 6 73
10 5 7
10 1 22
30 1 7
25 1 22
73 1 37
15 1 12
23 1 32
25 1 7
17 1 14
54 1 18
45 1 40
15 1 14
45 1 14
24 1 23
22 2 10
45 1 19
45 1 12
19 2 12
28 2 22
33 1 34
39 1 25
45 1 10
83 1 19
73 1 19
10 2 33
35 2 28
30 1 35
48 1 85
37 1 36
20 2 37
28 2 7
36 1 30
28 2 24
25 1 24
9 2 19
19 2 85
48 1 19
10 1 28
45 1 37
? 1 github_java_program_data/29/119.java

32 2 34
10 1 7
62 2 43
73 1 54
35 1 7
45 1 20
52 1 25
40 1 39
48 1 83
37 1 63
30 1 28
27 2 52
7 1 28
30 1 10
54 1 16
38 2 41
120 1 31
36 1 25
122 1 62
73 1 40
73 1 14
16 1 15
20 1 16
19 2 10
22 2 7
18 1 17
52 2 39
45 1 37
30 1 24
39 1 30
37 1 27
19 1 7
15 1 7
45 2 73
25 1 29
24 1 7
9 1 7
19 2 83
15 1 10
14 2 10
10 2 26
20 1 18
26 1 30
15 1 26
45 1 65
63 2 57
63 2 52
40 1 52
35 2 22
48 1 9
32 1 25
30 1 22
52 2 57
10 2 23
73 2 45
24 2 28
7 2 23
25 1 7
30 1 7
7 5 10
10 2 40
15 1 12
23 1 32
17 1 14
54 1 18
17 1 10
15 1 14
45 1 12
10 2 22
7 2 28
22 2 10
57 2 36
41 1 25
7 2 33
120 1 41
73 1 10
14 2 7
10 2 49
16 2 18
33 1 32
49 1 25
45 1 19
40 1 63
28 2 24
10 2 33
38 1 25
37 1 36
7 1 10
36 1 30
9 2 19
48 1 19
40 1 73
63 2 27
49 1 30
23 1 34
10 2 54
27 1 15
10 2 20
43 1 30
54 2 40
73 1 65
56 2 62
33 1 34
122 1 56
62 1 25
28 2 35
18 1 15
38 1 30
57 1 30
40 1 45
25 1 28
17 1 49
25 1 10
37 1 52
10 2 28
7 4 10
12 2 10
22 2 35
36 6 45
120 1 38
35 1 10
34 1 30
30 1 120
24 2 22
7 1 22
24 1 10
31 2 38
22 2 24
17 1 12
7 2 22
40 1 57
122 1 43
19 2 12
52 1 30
14 1 7
17 1 7
57 2 52
35 1 33
14 1 10
25 1 122
63 1 17
34 2 32
37 1 57
7 2 26
65 2 19
31 1 30
57 1 25
10 4 7
10 1 22
25 1 22
32 1 30
83 1 10
12 1 7
27 2 63
45 1 14
24 1 23
56 1 30
16 1 17
45 1 10
25 1 120
52 2 36
83 1 40
19 2 14
28 2 10
83 1 19
73 1 19
26 1 25
31 1 25
30 1 35
25 1 35
34 1 25
20 2 37
28 2 7
40 1 27
25 1 24
7 2 49
39 6 73
10 1 28
41 1 30
? 1 github_java_program_data/29/123.java

22 2 35
12 1 10
23 1 34
24 1 33
73 1 7
65 2 19
10 2 20
22 2 28
73 1 54
45 1 20
20 2 40
54 2 40
40 1 39
73 1 65
48 1 83
7 2 37
30 1 28
85 1 10
7 1 28
30 1 10
54 1 16
18 2 16
32 1 30
33 1 32
36 1 25
19 2 7
73 1 40
45 1 65
20 1 16
25 1 28
34 1 10
37 1 40
18 1 17
73 1 12
10 2 28
7 4 10
45 1 7
10 1 7
19 2 14
30 1 24
12 2 7
48 1 9
36 6 45
39 1 30
35 1 10
34 1 30
7 2 23
24 2 22
19 1 7
7 1 22
24 1 10
35 1 33
20 1 18
22 2 24
17 1 12
7 2 22
32 1 7
83 1 37
9 1 7
40 1 36
14 2 7
14 2 10
16 1 15
7 1 10
15 1 7
85 2 83
25 1 35
7 2 20
14 1 7
17 1 7
83 1 7
45 2 73
7 2 54
34 1 25
32 1 25
30 1 22
54 2 37
14 1 10
34 2 32
37 1 45
10 2 23
73 2 45
37 1 73
10 1 23
39 6 73
10 5 7
10 1 22
30 1 7
25 1 22
73 1 37
15 1 12
23 1 32
25 1 7
17 1 14
54 1 18
45 1 40
15 1 14
45 1 14
24 1 23
22 2 10
45 1 19
45 1 12
19 2 12
28 2 22
33 1 34
39 1 25
45 1 10
83 1 19
73 1 19
10 2 33
35 2 28
30 1 35
48 1 85
37 1 36
20 2 37
28 2 7
36 1 30
28 2 24
25 1 24
9 2 19
19 2 85
48 1 19
10 1 28
45 1 37
? 1 github_java_program_data/29/14.java

22 2 35
12 1 10
23 1 34
24 1 33
73 1 7
65 2 19
10 2 20
22 2 28
73 1 54
45 1 20
20 2 40
54 2 40
40 1 39
73 1 65
48 1 83
7 2 37
30 1 28
85 1 10
7 1 28
30 1 10
54 1 16
18 2 16
32 1 30
33 1 32
36 1 25
19 2 7
73 1 40
45 1 65
20 1 16
25 1 28
34 1 10
37 1 40
18 1 17
73 1 12
10 2 28
7 4 10
45 1 7
10 1 7
19 2 14
30 1 24
12 2 7
48 1 9
36 6 45
39 1 30
35 1 10
34 1 30
7 2 23
24 2 22
19 1 7
7 1 22
24 1 10
35 1 33
20 1 18
22 2 24
17 1 12
7 2 22
32 1 7
83 1 37
9 1 7
40 1 36
14 2 7
14 2 10
16 1 15
7 1 10
15 1 7
85 2 83
25 1 35
7 2 20
14 1 7
17 1 7
83 1 7
45 2 73
7 2 54
34 1 25
32 1 25
30 1 22
54 2 37
14 1 10
34 2 32
37 1 45
10 2 23
73 2 45
37 1 73
10 1 23
39 6 73
10 5 7
10 1 22
30 1 7
25 1 22
73 1 37
15 1 12
23 1 32
25 1 7
17 1 14
54 1 18
45 1 40
15 1 14
45 1 14
24 1 23
22 2 10
45 1 19
45 1 12
19 2 12
28 2 22
33 1 34
39 1 25
45 1 10
83 1 19
73 1 19
10 2 33
35 2 28
30 1 35
48 1 85
37 1 36
20 2 37
28 2 7
36 1 30
28 2 24
25 1 24
9 2 19
19 2 85
48 1 19
10 1 28
45 1 37
? 1 github_java_program_data/29/140.java

32 2 34
10 1 7
62 2 43
73 1 54
35 1 7
45 1 20
52 1 25
40 1 39
48 1 83
37 1 63
30 1 28
27 2 52
7 1 28
30 1 10
54 1 16
38 2 41
120 1 31
36 1 25
122 1 62
73 1 40
73 1 14
16 1 15
20 1 16
19 2 10
22 2 7
18 1 17
52 2 39
45 1 37
30 1 24
39 1 30
37 1 27
19 1 7
15 1 7
45 2 73
25 1 29
24 1 7
9 1 7
19 2 83
15 1 10
14 2 10
10 2 26
20 1 18
26 1 30
15 1 26
45 1 65
63 2 57
63 2 52
40 1 52
35 2 22
48 1 9
32 1 25
30 1 22
52 2 57
10 2 23
73 2 45
24 2 28
7 2 23
25 1 7
30 1 7
7 5 10
10 2 40
15 1 12
23 1 32
17 1 14
54 1 18
17 1 10
15 1 14
45 1 12
10 2 22
7 2 28
22 2 10
57 2 36
41 1 25
7 2 33
120 1 41
73 1 10
14 2 7
10 2 49
16 2 18
33 1 32
49 1 25
45 1 19
40 1 63
28 2 24
10 2 33
38 1 25
37 1 36
7 1 10
36 1 30
9 2 19
48 1 19
40 1 73
63 2 27
49 1 30
23 1 34
10 2 54
27 1 15
10 2 20
43 1 30
54 2 40
73 1 65
56 2 62
33 1 34
122 1 56
62 1 25
28 2 35
18 1 15
38 1 30
57 1 30
40 1 45
25 1 28
17 1 49
25 1 10
37 1 52
10 2 28
7 4 10
12 2 10
22 2 35
36 6 45
120 1 38
35 1 10
34 1 30
30 1 120
24 2 22
7 1 22
24 1 10
31 2 38
22 2 24
17 1 12
7 2 22
40 1 57
122 1 43
19 2 12
52 1 30
14 1 7
17 1 7
57 2 52
35 1 33
14 1 10
25 1 122
63 1 17
34 2 32
37 1 57
7 2 26
65 2 19
31 1 30
57 1 25
10 4 7
10 1 22
25 1 22
32 1 30
83 1 10
12 1 7
27 2 63
45 1 14
24 1 23
56 1 30
16 1 17
45 1 10
25 1 120
52 2 36
83 1 40
19 2 14
28 2 10
83 1 19
73 1 19
26 1 25
31 1 25
30 1 35
25 1 35
34 1 25
20 2 37
28 2 7
40 1 27
25 1 24
7 2 49
39 6 73
10 1 28
41 1 30
? 1 github_java_program_data/29/144.java

22 2 35
12 1 10
23 1 34
24 1 33
73 1 7
65 2 19
10 2 20
22 2 28
73 1 54
45 1 20
20 2 40
54 2 40
40 1 39
73 1 65
48 1 83
7 2 37
30 1 28
85 1 10
7 1 28
30 1 10
54 1 16
18 2 16
32 1 30
33 1 32
36 1 25
19 2 7
73 1 40
45 1 65
20 1 16
25 1 28
34 1 10
37 1 40
18 1 17
73 1 12
10 2 28
7 4 10
45 1 7
10 1 7
19 2 14
30 1 24
12 2 7
48 1 9
36 6 45
39 1 30
35 1 10
34 1 30
7 2 23
24 2 22
19 1 7
7 1 22
24 1 10
35 1 33
20 1 18
22 2 24
17 1 12
7 2 22
32 1 7
83 1 37
9 1 7
40 1 36
14 2 7
14 2 10
16 1 15
7 1 10
15 1 7
85 2 83
25 1 35
7 2 20
14 1 7
17 1 7
83 1 7
45 2 73
7 2 54
34 1 25
32 1 25
30 1 22
54 2 37
14 1 10
34 2 32
37 1 45
10 2 23
73 2 45
37 1 73
10 1 23
39 6 73
10 5 7
10 1 22
30 1 7
25 1 22
73 1 37
15 1 12
23 1 32
25 1 7
17 1 14
54 1 18
45 1 40
15 1 14
45 1 14
24 1 23
22 2 10
45 1 19
45 1 12
19 2 12
28 2 22
33 1 34
39 1 25
45 1 10
83 1 19
73 1 19
10 2 33
35 2 28
30 1 35
48 1 85
37 1 36
20 2 37
28 2 7
36 1 30
28 2 24
25 1 24
9 2 19
19 2 85
48 1 19
10 1 28
45 1 37
? 1 github_java_program_data/29/161.java

32 2 34
10 1 7
62 2 43
73 1 54
35 1 7
45 1 20
52 1 25
40 1 39
48 1 83
37 1 63
30 1 28
27 2 52
7 1 28
30 1 10
54 1 16
38 2 41
120 1 31
36 1 25
122 1 62
73 1 40
73 1 14
16 1 15
20 1 16
19 2 10
22 2 7
18 1 17
52 2 39
45 1 37
30 1 24
39 1 30
37 1 27
19 1 7
15 1 7
45 2 73
25 1 29
24 1 7
9 1 7
19 2 83
15 1 10
14 2 10
10 2 26
20 1 18
26 1 30
15 1 26
45 1 65
63 2 57
63 2 52
40 1 52
35 2 22
48 1 9
32 1 25
30 1 22
52 2 57
10 2 23
73 2 45
24 2 28
7 2 23
25 1 7
30 1 7
7 5 10
10 2 40
15 1 12
23 1 32
17 1 14
54 1 18
17 1 10
15 1 14
45 1 12
10 2 22
7 2 28
22 2 10
57 2 36
41 1 25
7 2 33
120 1 41
73 1 10
14 2 7
10 2 49
16 2 18
33 1 32
49 1 25
45 1 19
40 1 63
28 2 24
10 2 33
38 1 25
37 1 36
7 1 10
36 1 30
9 2 19
48 1 19
40 1 73
63 2 27
49 1 30
23 1 34
10 2 54
27 1 15
10 2 20
43 1 30
54 2 40
73 1 65
56 2 62
33 1 34
122 1 56
62 1 25
28 2 35
18 1 15
38 1 30
57 1 30
40 1 45
25 1 28
17 1 49
25 1 10
37 1 52
10 2 28
7 4 10
12 2 10
22 2 35
36 6 45
120 1 38
35 1 10
34 1 30
30 1 120
24 2 22
7 1 22
24 1 10
31 2 38
22 2 24
17 1 12
7 2 22
40 1 57
122 1 43
19 2 12
52 1 30
14 1 7
17 1 7
57 2 52
35 1 33
14 1 10
25 1 122
63 1 17
34 2 32
37 1 57
7 2 26
65 2 19
31 1 30
57 1 25
10 4 7
10 1 22
25 1 22
32 1 30
83 1 10
12 1 7
27 2 63
45 1 14
24 1 23
56 1 30
16 1 17
45 1 10
25 1 120
52 2 36
83 1 40
19 2 14
28 2 10
83 1 19
73 1 19
26 1 25
31 1 25
30 1 35
25 1 35
34 1 25
20 2 37
28 2 7
40 1 27
25 1 24
7 2 49
39 6 73
10 1 28
41 1 30
? 1 github_java_program_data/29/18.java

22 2 35
12 1 10
23 1 34
24 1 33
73 1 7
65 2 19
10 2 20
22 2 28
73 1 54
45 1 20
20 2 40
54 2 40
40 1 39
73 1 65
48 1 83
7 2 37
30 1 28
85 1 10
7 1 28
30 1 10
54 1 16
18 2 16
32 1 30
33 1 32
36 1 25
19 2 7
73 1 40
45 1 65
20 1 16
25 1 28
34 1 10
37 1 40
18 1 17
73 1 12
10 2 28
7 4 10
45 1 7
10 1 7
19 2 14
30 1 24
12 2 7
48 1 9
36 6 45
39 1 30
35 1 10
34 1 30
7 2 23
24 2 22
19 1 7
7 1 22
24 1 10
35 1 33
20 1 18
22 2 24
17 1 12
7 2 22
32 1 7
83 1 37
9 1 7
40 1 36
14 2 7
14 2 10
16 1 15
7 1 10
15 1 7
85 2 83
25 1 35
7 2 20
14 1 7
17 1 7
83 1 7
45 2 73
7 2 54
34 1 25
32 1 25
30 1 22
54 2 37
14 1 10
34 2 32
37 1 45
10 2 23
73 2 45
37 1 73
10 1 23
39 6 73
10 5 7
10 1 22
30 1 7
25 1 22
73 1 37
15 1 12
23 1 32
25 1 7
17 1 14
54 1 18
45 1 40
15 1 14
45 1 14
24 1 23
22 2 10
45 1 19
45 1 12
19 2 12
28 2 22
33 1 34
39 1 25
45 1 10
83 1 19
73 1 19
10 2 33
35 2 28
30 1 35
48 1 85
37 1 36
20 2 37
28 2 7
36 1 30
28 2 24
25 1 24
9 2 19
19 2 85
48 1 19
10 1 28
45 1 37
? 1 github_java_program_data/29/182.java

32 2 34
10 1 7
62 2 43
73 1 54
35 1 7
45 1 20
52 1 25
40 1 39
48 1 83
37 1 63
30 1 28
27 2 52
7 1 28
30 1 10
54 1 16
38 2 41
120 1 31
36 1 25
122 1 62
73 1 40
73 1 14
16 1 15
20 1 16
19 2 10
22 2 7
18 1 17
52 2 39
45 1 37
30 1 24
39 1 30
37 1 27
19 1 7
15 1 7
45 2 73
25 1 29
24 1 7
9 1 7
19 2 83
15 1 10
14 2 10
10 2 26
20 1 18
26 1 30
15 1 26
45 1 65
63 2 57
63 2 52
40 1 52
35 2 22
48 1 9
32 1 25
30 1 22
52 2 57
10 2 23
73 2 45
24 2 28
7 2 23
25 1 7
30 1 7
7 5 10
10 2 40
15 1 12
23 1 32
17 1 14
54 1 18
17 1 10
15 1 14
45 1 12
10 2 22
7 2 28
22 2 10
57 2 36
41 1 25
7 2 33
120 1 41
73 1 10
14 2 7
10 2 49
16 2 18
33 1 32
49 1 25
45 1 19
40 1 63
28 2 24
10 2 33
38 1 25
37 1 36
7 1 10
36 1 30
9 2 19
48 1 19
40 1 73
63 2 27
49 1 30
23 1 34
10 2 54
27 1 15
10 2 20
43 1 30
54 2 40
73 1 65
56 2 62
33 1 34
122 1 56
62 1 25
28 2 35
18 1 15
38 1 30
57 1 30
40 1 45
25 1 28
17 1 49
25 1 10
37 1 52
10 2 28
7 4 10
12 2 10
22 2 35
36 6 45
120 1 38
35 1 10
34 1 30
30 1 120
24 2 22
7 1 22
24 1 10
31 2 38
22 2 24
17 1 12
7 2 22
40 1 57
122 1 43
19 2 12
52 1 30
14 1 7
17 1 7
57 2 52
35 1 33
14 1 10
25 1 122
63 1 17
34 2 32
37 1 57
7 2 26
65 2 19
31 1 30
57 1 25
10 4 7
10 1 22
25 1 22
32 1 30
83 1 10
12 1 7
27 2 63
45 1 14
24 1 23
56 1 30
16 1 17
45 1 10
25 1 120
52 2 36
83 1 40
19 2 14
28 2 10
83 1 19
73 1 19
26 1 25
31 1 25
30 1 35
25 1 35
34 1 25
20 2 37
28 2 7
40 1 27
25 1 24
7 2 49
39 6 73
10 1 28
41 1 30
? 1 github_java_program_data/29/186.java

22 2 35
12 1 10
23 1 34
24 1 33
73 1 7
65 2 19
10 2 20
22 2 28
73 1 54
45 1 20
20 2 40
54 2 40
40 1 39
73 1 65
48 1 83
7 2 37
30 1 28
85 1 10
7 1 28
30 1 10
54 1 16
18 2 16
32 1 30
33 1 32
36 1 25
19 2 7
73 1 40
45 1 65
20 1 16
25 1 28
34 1 10
37 1 40
18 1 17
73 1 12
10 2 28
7 4 10
45 1 7
10 1 7
19 2 14
30 1 24
12 2 7
48 1 9
36 6 45
39 1 30
35 1 10
34 1 30
7 2 23
24 2 22
19 1 7
7 1 22
24 1 10
35 1 33
20 1 18
22 2 24
17 1 12
7 2 22
32 1 7
83 1 37
9 1 7
40 1 36
14 2 7
14 2 10
16 1 15
7 1 10
15 1 7
85 2 83
25 1 35
7 2 20
14 1 7
17 1 7
83 1 7
45 2 73
7 2 54
34 1 25
32 1 25
30 1 22
54 2 37
14 1 10
34 2 32
37 1 45
10 2 23
73 2 45
37 1 73
10 1 23
39 6 73
10 5 7
10 1 22
30 1 7
25 1 22
73 1 37
15 1 12
23 1 32
25 1 7
17 1 14
54 1 18
45 1 40
15 1 14
45 1 14
24 1 23
22 2 10
45 1 19
45 1 12
19 2 12
28 2 22
33 1 34
39 1 25
45 1 10
83 1 19
73 1 19
10 2 33
35 2 28
30 1 35
48 1 85
37 1 36
20 2 37
28 2 7
36 1 30
28 2 24
25 1 24
9 2 19
19 2 85
48 1 19
10 1 28
45 1 37
? 1 github_java_program_data/29/203.java

22 2 35
12 1 10
23 1 34
24 1 33
73 1 7
65 2 19
10 2 20
22 2 28
73 1 54
45 1 20
20 2 40
54 2 40
40 1 39
73 1 65
48 1 83
7 2 37
30 1 28
85 1 10
7 1 28
30 1 10
54 1 16
18 2 16
32 1 30
33 1 32
36 1 25
19 2 7
73 1 40
45 1 65
20 1 16
25 1 28
34 1 10
37 1 40
18 1 17
73 1 12
10 2 28
7 4 10
45 1 7
10 1 7
19 2 14
30 1 24
12 2 7
48 1 9
36 6 45
39 1 30
35 1 10
34 1 30
7 2 23
24 2 22
19 1 7
7 1 22
24 1 10
35 1 33
20 1 18
22 2 24
17 1 12
7 2 22
32 1 7
83 1 37
9 1 7
40 1 36
14 2 7
14 2 10
16 1 15
7 1 10
15 1 7
85 2 83
25 1 35
7 2 20
14 1 7
17 1 7
83 1 7
45 2 73
7 2 54
34 1 25
32 1 25
30 1 22
54 2 37
14 1 10
34 2 32
37 1 45
10 2 23
73 2 45
37 1 73
10 1 23
39 6 73
10 5 7
10 1 22
30 1 7
25 1 22
73 1 37
15 1 12
23 1 32
25 1 7
17 1 14
54 1 18
45 1 40
15 1 14
45 1 14
24 1 23
22 2 10
45 1 19
45 1 12
19 2 12
28 2 22
33 1 34
39 1 25
45 1 10
83 1 19
73 1 19
10 2 33
35 2 28
30 1 35
48 1 85
37 1 36
20 2 37
28 2 7
36 1 30
28 2 24
25 1 24
9 2 19
19 2 85
48 1 19
10 1 28
45 1 37
? 1 github_java_program_data/29/224.java

32 2 34
10 1 7
62 2 43
73 1 54
35 1 7
45 1 20
52 1 25
40 1 39
48 1 83
37 1 63
30 1 28
27 2 52
7 1 28
30 1 10
54 1 16
38 2 41
120 1 31
36 1 25
122 1 62
73 1 40
73 1 14
16 1 15
20 1 16
19 2 10
22 2 7
18 1 17
52 2 39
45 1 37
30 1 24
39 1 30
37 1 27
19 1 7
15 1 7
45 2 73
25 1 29
24 1 7
9 1 7
19 2 83
15 1 10
14 2 10
10 2 26
20 1 18
26 1 30
15 1 26
45 1 65
63 2 57
63 2 52
40 1 52
35 2 22
48 1 9
32 1 25
30 1 22
52 2 57
10 2 23
73 2 45
24 2 28
7 2 23
25 1 7
30 1 7
7 5 10
10 2 40
15 1 12
23 1 32
17 1 14
54 1 18
17 1 10
15 1 14
45 1 12
10 2 22
7 2 28
22 2 10
57 2 36
41 1 25
7 2 33
120 1 41
73 1 10
14 2 7
10 2 49
16 2 18
33 1 32
49 1 25
45 1 19
40 1 63
28 2 24
10 2 33
38 1 25
37 1 36
7 1 10
36 1 30
9 2 19
48 1 19
40 1 73
63 2 27
49 1 30
23 1 34
10 2 54
27 1 15
10 2 20
43 1 30
54 2 40
73 1 65
56 2 62
33 1 34
122 1 56
62 1 25
28 2 35
18 1 15
38 1 30
57 1 30
40 1 45
25 1 28
17 1 49
25 1 10
37 1 52
10 2 28
7 4 10
12 2 10
22 2 35
36 6 45
120 1 38
35 1 10
34 1 30
30 1 120
24 2 22
7 1 22
24 1 10
31 2 38
22 2 24
17 1 12
7 2 22
40 1 57
122 1 43
19 2 12
52 1 30
14 1 7
17 1 7
57 2 52
35 1 33
14 1 10
25 1 122
63 1 17
34 2 32
37 1 57
7 2 26
65 2 19
31 1 30
57 1 25
10 4 7
10 1 22
25 1 22
32 1 30
83 1 10
12 1 7
27 2 63
45 1 14
24 1 23
56 1 30
16 1 17
45 1 10
25 1 120
52 2 36
83 1 40
19 2 14
28 2 10
83 1 19
73 1 19
26 1 25
31 1 25
30 1 35
25 1 35
34 1 25
20 2 37
28 2 7
40 1 27
25 1 24
7 2 49
39 6 73
10 1 28
41 1 30
? 1 github_java_program_data/29/228.java

22 2 35
12 1 10
23 1 34
24 1 33
73 1 7
65 2 19
10 2 20
22 2 28
73 1 54
45 1 20
20 2 40
54 2 40
40 1 39
73 1 65
48 1 83
7 2 37
30 1 28
85 1 10
7 1 28
30 1 10
54 1 16
18 2 16
32 1 30
33 1 32
36 1 25
19 2 7
73 1 40
45 1 65
20 1 16
25 1 28
34 1 10
37 1 40
18 1 17
73 1 12
10 2 28
7 4 10
45 1 7
10 1 7
19 2 14
30 1 24
12 2 7
48 1 9
36 6 45
39 1 30
35 1 10
34 1 30
7 2 23
24 2 22
19 1 7
7 1 22
24 1 10
35 1 33
20 1 18
22 2 24
17 1 12
7 2 22
32 1 7
83 1 37
9 1 7
40 1 36
14 2 7
14 2 10
16 1 15
7 1 10
15 1 7
85 2 83
25 1 35
7 2 20
14 1 7
17 1 7
83 1 7
45 2 73
7 2 54
34 1 25
32 1 25
30 1 22
54 2 37
14 1 10
34 2 32
37 1 45
10 2 23
73 2 45
37 1 73
10 1 23
39 6 73
10 5 7
10 1 22
30 1 7
25 1 22
73 1 37
15 1 12
23 1 32
25 1 7
17 1 14
54 1 18
45 1 40
15 1 14
45 1 14
24 1 23
22 2 10
45 1 19
45 1 12
19 2 12
28 2 22
33 1 34
39 1 25
45 1 10
83 1 19
73 1 19
10 2 33
35 2 28
30 1 35
48 1 85
37 1 36
20 2 37
28 2 7
36 1 30
28 2 24
25 1 24
9 2 19
19 2 85
48 1 19
10 1 28
45 1 37
? 1 github_java_program_data/29/245.java

32 2 34
10 1 7
62 2 43
73 1 54
35 1 7
45 1 20
52 1 25
40 1 39
48 1 83
37 1 63
30 1 28
27 2 52
7 1 28
30 1 10
54 1 16
38 2 41
120 1 31
36 1 25
122 1 62
73 1 40
73 1 14
16 1 15
20 1 16
19 2 10
22 2 7
18 1 17
52 2 39
45 1 37
30 1 24
39 1 30
37 1 27
19 1 7
15 1 7
45 2 73
25 1 29
24 1 7
9 1 7
19 2 83
15 1 10
14 2 10
10 2 26
20 1 18
26 1 30
15 1 26
45 1 65
63 2 57
63 2 52
40 1 52
35 2 22
48 1 9
32 1 25
30 1 22
52 2 57
10 2 23
73 2 45
24 2 28
7 2 23
25 1 7
30 1 7
7 5 10
10 2 40
15 1 12
23 1 32
17 1 14
54 1 18
17 1 10
15 1 14
45 1 12
10 2 22
7 2 28
22 2 10
57 2 36
41 1 25
7 2 33
120 1 41
73 1 10
14 2 7
10 2 49
16 2 18
33 1 32
49 1 25
45 1 19
40 1 63
28 2 24
10 2 33
38 1 25
37 1 36
7 1 10
36 1 30
9 2 19
48 1 19
40 1 73
63 2 27
49 1 30
23 1 34
10 2 54
27 1 15
10 2 20
43 1 30
54 2 40
73 1 65
56 2 62
33 1 34
122 1 56
62 1 25
28 2 35
18 1 15
38 1 30
57 1 30
40 1 45
25 1 28
17 1 49
25 1 10
37 1 52
10 2 28
7 4 10
12 2 10
22 2 35
36 6 45
120 1 38
35 1 10
34 1 30
30 1 120
24 2 22
7 1 22
24 1 10
31 2 38
22 2 24
17 1 12
7 2 22
40 1 57
122 1 43
19 2 12
52 1 30
14 1 7
17 1 7
57 2 52
35 1 33
14 1 10
25 1 122
63 1 17
34 2 32
37 1 57
7 2 26
65 2 19
31 1 30
57 1 25
10 4 7
10 1 22
25 1 22
32 1 30
83 1 10
12 1 7
27 2 63
45 1 14
24 1 23
56 1 30
16 1 17
45 1 10
25 1 120
52 2 36
83 1 40
19 2 14
28 2 10
83 1 19
73 1 19
26 1 25
31 1 25
30 1 35
25 1 35
34 1 25
20 2 37
28 2 7
40 1 27
25 1 24
7 2 49
39 6 73
10 1 28
41 1 30
? 1 github_java_program_data/29/249.java

22 2 35
12 1 10
23 1 34
24 1 33
73 1 7
65 2 19
10 2 20
22 2 28
73 1 54
45 1 20
20 2 40
54 2 40
40 1 39
73 1 65
48 1 83
7 2 37
30 1 28
85 1 10
7 1 28
30 1 10
54 1 16
18 2 16
32 1 30
33 1 32
36 1 25
19 2 7
73 1 40
45 1 65
20 1 16
25 1 28
34 1 10
37 1 40
18 1 17
73 1 12
10 2 28
7 4 10
45 1 7
10 1 7
19 2 14
30 1 24
12 2 7
48 1 9
36 6 45
39 1 30
35 1 10
34 1 30
7 2 23
24 2 22
19 1 7
7 1 22
24 1 10
35 1 33
20 1 18
22 2 24
17 1 12
7 2 22
32 1 7
83 1 37
9 1 7
40 1 36
14 2 7
14 2 10
16 1 15
7 1 10
15 1 7
85 2 83
25 1 35
7 2 20
14 1 7
17 1 7
83 1 7
45 2 73
7 2 54
34 1 25
32 1 25
30 1 22
54 2 37
14 1 10
34 2 32
37 1 45
10 2 23
73 2 45
37 1 73
10 1 23
39 6 73
10 5 7
10 1 22
30 1 7
25 1 22
73 1 37
15 1 12
23 1 32
25 1 7
17 1 14
54 1 18
45 1 40
15 1 14
45 1 14
24 1 23
22 2 10
45 1 19
45 1 12
19 2 12
28 2 22
33 1 34
39 1 25
45 1 10
83 1 19
73 1 19
10 2 33
35 2 28
30 1 35
48 1 85
37 1 36
20 2 37
28 2 7
36 1 30
28 2 24
25 1 24
9 2 19
19 2 85
48 1 19
10 1 28
45 1 37
? 1 github_java_program_data/29/266.java

10 2 54
10 4 7
32 2 34
26 1 10
10 1 7
73 1 111
10 2 80
7 2 33
40 1 90
10 2 81
57 2 27
73 1 54
35 1 7
45 1 20
42 2 86
85 2 19
52 1 25
48 1 83
111 1 32
37 1 63
84 1 30
42 2 63
30 1 28
85 1 10
40 1 73
7 1 28
30 1 10
54 1 16
48 1 85
25 1 55
85 1 49
36 1 25
15 1 65
31 2 50
40 1 57
52 1 30
90 1 19
20 1 16
112 1 7
28 2 10
90 1 37
19 2 10
63 2 86
135 1 25
18 1 17
27 1 17
63 2 53
64 2 52
38 1 32
30 1 24
39 1 30
37 1 27
4 1 7
25 1 7
15 1 7
64 2 53
4 2 19
40 1 63
45 2 73
25 1 29
24 1 7
26 2 31
63 2 64
29 2 28
19 2 83
135 1 30
15 1 10
14 2 10
30 1 55
7 7 10
7 1 10
26 1 30
22 2 24
15 1 26
7 2 54
83 1 7
80 1 30
40 1 52
53 1 40
48 1 9
32 1 25
30 1 22
52 2 57
86 2 36
85 1 31
10 2 23
73 2 45
54 2 40
85 1 84
28 2 29
19 2 85
4 1 10
26 1 15
7 2 23
30 1 7
136 1 30
7 5 10
73 1 37
15 1 12
23 1 32
65 2 14
54 2 37
17 1 14
54 1 18
17 1 10
19 1 10
15 1 14
49 1 15
10 2 22
22 2 10
97 2 40
63 1 15
57 2 53
56 1 30
45 1 19
15 1 49
10 5 7
16 1 17
40 1 64
38 1 37
28 2 22
45 1 38
86 1 40
16 2 18
53 1 51
49 1 25
38 1 40
52 2 86
62 1 40
28 2 24
65 2 7
10 2 33
42 1 56
37 1 36
38 2 37
7 2 80
10 2 26
17 1 26
9 2 19
85 2 40
64 1 31
73 1 4
51 1 26
30 1 29
50 1 30
63 2 27
28 2 55
37 1 42
54 2 111
42 1 31
83 1 4
49 1 30
26 2 56
23 1 34
73 1 14
64 1 56
27 1 15
22 2 35
57 1 7
10 2 20
22 2 28
27 2 52
18 2 16
85 1 56
40 1 112
73 1 65
56 2 62
73 1 10
83 1 40
53 2 52
12 2 10
112 2 45
51 1 49
97 1 26
28 2 35
29 2 22
31 2 62
7 1 80
136 1 25
18 1 15
33 1 32
49 2 31
57 1 30
19 2 12
49 1 17
73 1 7
57 2 4
37 1 64
90 2 112
10 1 81
25 1 28
17 1 49
25 1 10
37 1 52
73 1 12
12 1 10
7 2 81
10 2 28
7 4 10
45 1 7
17 1 19
12 2 7
36 6 45
31 2 84
90 1 20
35 1 10
34 1 30
63 1 17
90 1 10
7 1 22
24 1 10
19 2 7
22 2 55
20 1 18
26 1 25
17 1 12
7 2 22
40 1 136
83 1 57
27 2 90
64 2 86
37 1 135
40 1 36
14 2 7
16 1 15
49 2 56
56 2 84
112 1 40
14 1 7
27 2 64
17 1 7
111 2 37
22 2 29
10 7 7
7 1 81
37 1 86
10 2 49
57 2 52
35 1 33
57 1 10
14 1 10
40 1 45
34 2 32
39 6 45
37 1 39
37 1 57
39 1 25
31 1 30
57 1 25
7 2 20
62 1 37
7 2 97
42 2 39
51 1 31
10 1 22
51 2 40
31 2 38
25 1 22
32 1 30
112 1 65
81 1 25
12 1 7
56 1 25
65 2 12
20 2 37
7 2 26
37 1 53
22 2 7
27 2 63
86 2 39
45 1 14
24 1 23
42 2 27
10 1 80
112 1 54
9 1 10
45 1 10
83 1 97
45 1 12
26 1 17
86 1 85
48 1 19
33 1 34
19 2 14
45 1 57
80 1 25
83 1 19
85 1 26
31 1 25
30 1 35
4 2 65
25 1 35
20 2 38
34 1 25
42 1 38
81 1 30
28 2 7
40 1 27
25 1 24
50 1 25
51 1 50
56 2 38
7 2 28
7 2 49
57 2 19
64 1 62
10 1 28
45 1 37
? 1 github_java_program_data/29/27.java

32 2 34
10 1 7
62 2 43
73 1 54
35 1 7
45 1 20
52 1 25
40 1 39
48 1 83
37 1 63
30 1 28
27 2 52
7 1 28
30 1 10
54 1 16
38 2 41
120 1 31
36 1 25
122 1 62
73 1 40
73 1 14
16 1 15
20 1 16
19 2 10
22 2 7
18 1 17
52 2 39
45 1 37
30 1 24
39 1 30
37 1 27
19 1 7
15 1 7
45 2 73
25 1 29
24 1 7
9 1 7
19 2 83
15 1 10
14 2 10
10 2 26
20 1 18
26 1 30
15 1 26
45 1 65
63 2 57
63 2 52
40 1 52
35 2 22
48 1 9
32 1 25
30 1 22
52 2 57
10 2 23
73 2 45
24 2 28
7 2 23
25 1 7
30 1 7
7 5 10
10 2 40
15 1 12
23 1 32
17 1 14
54 1 18
17 1 10
15 1 14
45 1 12
10 2 22
7 2 28
22 2 10
57 2 36
41 1 25
7 2 33
120 1 41
73 1 10
14 2 7
10 2 49
16 2 18
33 1 32
49 1 25
45 1 19
40 1 63
28 2 24
10 2 33
38 1 25
37 1 36
7 1 10
36 1 30
9 2 19
48 1 19
40 1 73
63 2 27
49 1 30
23 1 34
10 2 54
27 1 15
10 2 20
43 1 30
54 2 40
73 1 65
56 2 62
33 1 34
122 1 56
62 1 25
28 2 35
18 1 15
38 1 30
57 1 30
40 1 45
25 1 28
17 1 49
25 1 10
37 1 52
10 2 28
7 4 10
12 2 10
22 2 35
36 6 45
120 1 38
35 1 10
34 1 30
30 1 120
24 2 22
7 1 22
24 1 10
31 2 38
22 2 24
17 1 12
7 2 22
40 1 57
122 1 43
19 2 12
52 1 30
14 1 7
17 1 7
57 2 52
35 1 33
14 1 10
25 1 122
63 1 17
34 2 32
37 1 57
7 2 26
65 2 19
31 1 30
57 1 25
10 4 7
10 1 22
25 1 22
32 1 30
83 1 10
12 1 7
27 2 63
45 1 14
24 1 23
56 1 30
16 1 17
45 1 10
25 1 120
52 2 36
83 1 40
19 2 14
28 2 10
83 1 19
73 1 19
26 1 25
31 1 25
30 1 35
25 1 35
34 1 25
20 2 37
28 2 7
40 1 27
25 1 24
7 2 49
39 6 73
10 1 28
41 1 30
? 1 github_java_program_data/29/270.java

22 2 35
12 1 10
23 1 34
24 1 33
73 1 7
65 2 19
10 2 20
22 2 28
73 1 54
45 1 20
20 2 40
54 2 40
40 1 39
73 1 65
48 1 83
7 2 37
30 1 28
85 1 10
7 1 28
30 1 10
54 1 16
18 2 16
32 1 30
33 1 32
36 1 25
19 2 7
73 1 40
45 1 65
20 1 16
25 1 28
34 1 10
37 1 40
18 1 17
73 1 12
10 2 28
7 4 10
45 1 7
10 1 7
19 2 14
30 1 24
12 2 7
48 1 9
36 6 45
39 1 30
35 1 10
34 1 30
7 2 23
24 2 22
19 1 7
7 1 22
24 1 10
35 1 33
20 1 18
22 2 24
17 1 12
7 2 22
32 1 7
83 1 37
9 1 7
40 1 36
14 2 7
14 2 10
16 1 15
7 1 10
15 1 7
85 2 83
25 1 35
7 2 20
14 1 7
17 1 7
83 1 7
45 2 73
7 2 54
34 1 25
32 1 25
30 1 22
54 2 37
14 1 10
34 2 32
37 1 45
10 2 23
73 2 45
37 1 73
10 1 23
39 6 73
10 5 7
10 1 22
30 1 7
25 1 22
73 1 37
15 1 12
23 1 32
25 1 7
17 1 14
54 1 18
45 1 40
15 1 14
45 1 14
24 1 23
22 2 10
45 1 19
45 1 12
19 2 12
28 2 22
33 1 34
39 1 25
45 1 10
83 1 19
73 1 19
10 2 33
35 2 28
30 1 35
48 1 85
37 1 36
20 2 37
28 2 7
36 1 30
28 2 24
25 1 24
9 2 19
19 2 85
48 1 19
10 1 28
45 1 37
? 1 github_java_program_data/29/287.java

22 2 10
32 2 34
84 1 30
10 1 7
73 2 90
127 1 25
40 1 90
10 2 81
73 1 54
35 1 7
45 1 20
52 1 25
40 1 39
7 1 28
37 1 63
7 2 37
30 1 28
40 1 73
40 1 86
30 1 10
54 1 16
18 2 16
25 1 55
20 2 40
36 1 25
37 1 30
15 1 65
73 1 40
22 2 55
40 1 57
16 1 15
45 1 54
20 1 16
19 2 10
22 2 7
18 1 17
27 1 17
37 1 112
10 2 80
30 1 24
40 1 53
37 1 27
19 1 7
107 1 19
15 1 7
20 2 37
94 1 25
45 2 73
25 1 29
24 1 7
26 2 31
9 1 7
15 1 10
83 1 65
30 1 55
7 7 10
7 1 10
26 1 30
14 2 7
22 2 24
15 1 26
45 1 65
83 1 7
63 2 52
15 1 19
40 1 52
53 1 40
48 1 9
32 1 25
30 1 22
52 2 57
14 1 19
10 2 37
85 1 31
83 1 37
55 2 28
85 1 84
53 1 37
73 2 83
26 1 15
7 2 23
25 1 7
30 1 7
112 1 10
7 5 10
73 1 37
10 2 40
15 1 12
23 1 32
10 2 23
17 1 14
107 1 10
54 1 18
17 1 10
15 1 14
80 1 30
10 2 22
7 2 28
63 1 15
112 1 54
45 1 19
15 1 49
10 5 7
37 1 25
73 1 10
38 1 37
28 2 22
25 2 30
14 2 10
53 1 51
48 1 107
7 2 33
90 2 45
10 2 26
10 2 94
65 2 7
10 2 33
42 1 56
37 1 36
33 1 32
7 2 80
36 1 30
27 2 53
17 1 26
9 2 19
49 1 30
48 1 19
10 2 54
51 1 26
30 1 29
63 2 27
37 1 42
45 1 40
90 1 65
23 1 34
73 1 14
27 1 15
27 2 86
22 2 35
10 2 20
12 1 65
54 2 40
73 1 65
112 2 45
36 6 73
51 1 49
28 2 35
29 2 22
19 2 107
63 2 45
7 1 80
17 1 65
65 2 14
18 1 15
39 1 25
49 2 31
57 1 30
49 1 17
30 1 37
27 2 112
40 1 45
25 1 28
17 1 49
25 1 10
37 1 52
40 1 83
73 1 12
12 1 10
7 2 81
10 2 28
30 2 25
7 4 10
45 1 7
17 1 19
107 1 40
85 2 37
12 2 7
31 2 84
90 1 20
35 1 10
34 1 30
63 1 17
7 1 22
24 1 10
31 2 50
20 1 18
26 1 25
17 1 12
7 2 22
10 7 7
40 1 36
19 2 12
40 1 63
19 2 65
112 1 40
14 1 7
17 1 7
15 1 127
7 1 81
10 2 49
57 2 52
35 1 33
14 1 10
34 2 32
53 2 36
37 1 39
37 1 57
51 2 37
7 2 26
65 2 19
31 1 30
90 1 7
57 1 25
7 2 20
52 1 30
10 4 7
51 1 31
10 1 22
51 2 40
37 1 45
25 1 22
32 1 30
90 1 40
86 1 37
7 2 127
39 6 45
81 1 25
12 1 7
65 2 12
50 1 25
37 1 53
28 2 29
27 2 63
45 1 14
24 1 23
42 2 27
10 1 80
56 1 30
45 1 10
45 1 12
73 1 20
26 1 17
86 1 85
86 2 39
112 1 19
33 1 34
19 2 14
28 2 10
83 1 19
73 1 19
85 1 26
31 1 25
30 1 35
25 1 35
34 1 25
42 1 38
81 1 30
28 2 7
40 1 27
25 1 24
17 1 94
51 1 50
56 2 38
7 2 49
10 1 28
12 2 10
? 1 github_java_program_data/29/296.java

22 2 35
12 1 10
23 1 34
24 1 33
73 1 7
65 2 19
10 2 20
22 2 28
73 1 54
45 1 20
20 2 40
54 2 40
40 1 39
73 1 65
48 1 83
7 2 37
30 1 28
85 1 10
7 1 28
30 1 10
54 1 16
18 2 16
32 1 30
33 1 32
36 1 25
19 2 7
73 1 40
45 1 65
20 1 16
25 1 28
34 1 10
37 1 40
18 1 17
73 1 12
10 2 28
7 4 10
45 1 7
10 1 7
19 2 14
30 1 24
12 2 7
48 1 9
36 6 45
39 1 30
35 1 10
34 1 30
7 2 23
24 2 22
19 1 7
7 1 22
24 1 10
35 1 33
20 1 18
22 2 24
17 1 12
7 2 22
32 1 7
83 1 37
9 1 7
40 1 36
14 2 7
14 2 10
16 1 15
7 1 10
15 1 7
85 2 83
25 1 35
7 2 20
14 1 7
17 1 7
83 1 7
45 2 73
7 2 54
34 1 25
32 1 25
30 1 22
54 2 37
14 1 10
34 2 32
37 1 45
10 2 23
73 2 45
37 1 73
10 1 23
39 6 73
10 5 7
10 1 22
30 1 7
25 1 22
73 1 37
15 1 12
23 1 32
25 1 7
17 1 14
54 1 18
45 1 40
15 1 14
45 1 14
24 1 23
22 2 10
45 1 19
45 1 12
19 2 12
28 2 22
33 1 34
39 1 25
45 1 10
83 1 19
73 1 19
10 2 33
35 2 28
30 1 35
48 1 85
37 1 36
20 2 37
28 2 7
36 1 30
28 2 24
25 1 24
9 2 19
19 2 85
48 1 19
10 1 28
45 1 37
? 1 github_java_program_data/29/308.java

32 2 34
10 1 7
62 2 43
73 1 54
35 1 7
45 1 20
52 1 25
40 1 39
48 1 83
37 1 63
30 1 28
27 2 52
7 1 28
30 1 10
54 1 16
38 2 41
120 1 31
36 1 25
122 1 62
73 1 40
73 1 14
16 1 15
20 1 16
19 2 10
22 2 7
18 1 17
52 2 39
45 1 37
30 1 24
39 1 30
37 1 27
19 1 7
15 1 7
45 2 73
25 1 29
24 1 7
9 1 7
19 2 83
15 1 10
14 2 10
10 2 26
20 1 18
26 1 30
15 1 26
45 1 65
63 2 57
63 2 52
40 1 52
35 2 22
48 1 9
32 1 25
30 1 22
52 2 57
10 2 23
73 2 45
24 2 28
7 2 23
25 1 7
30 1 7
7 5 10
10 2 40
15 1 12
23 1 32
17 1 14
54 1 18
17 1 10
15 1 14
45 1 12
10 2 22
7 2 28
22 2 10
57 2 36
41 1 25
7 2 33
120 1 41
73 1 10
14 2 7
10 2 49
16 2 18
33 1 32
49 1 25
45 1 19
40 1 63
28 2 24
10 2 33
38 1 25
37 1 36
7 1 10
36 1 30
9 2 19
48 1 19
40 1 73
63 2 27
49 1 30
23 1 34
10 2 54
27 1 15
10 2 20
43 1 30
54 2 40
73 1 65
56 2 62
33 1 34
122 1 56
62 1 25
28 2 35
18 1 15
38 1 30
57 1 30
40 1 45
25 1 28
17 1 49
25 1 10
37 1 52
10 2 28
7 4 10
12 2 10
22 2 35
36 6 45
120 1 38
35 1 10
34 1 30
30 1 120
24 2 22
7 1 22
24 1 10
31 2 38
22 2 24
17 1 12
7 2 22
40 1 57
122 1 43
19 2 12
52 1 30
14 1 7
17 1 7
57 2 52
35 1 33
14 1 10
25 1 122
63 1 17
34 2 32
37 1 57
7 2 26
65 2 19
31 1 30
57 1 25
10 4 7
10 1 22
25 1 22
32 1 30
83 1 10
12 1 7
27 2 63
45 1 14
24 1 23
56 1 30
16 1 17
45 1 10
25 1 120
52 2 36
83 1 40
19 2 14
28 2 10
83 1 19
73 1 19
26 1 25
31 1 25
30 1 35
25 1 35
34 1 25
20 2 37
28 2 7
40 1 27
25 1 24
7 2 49
39 6 73
10 1 28
41 1 30
? 1 github_java_program_data/29/312.java

10 2 54
32 2 34
26 1 10
10 1 7
7 2 33
40 1 90
7 2 54
40 1 52
27 2 53
52 1 25
40 1 39
48 1 83
7 1 33
30 1 28
85 1 10
40 1 73
7 1 28
30 1 10
54 1 16
48 1 85
25 1 55
20 2 40
36 1 25
32 1 28
15 1 65
73 1 40
22 2 55
40 1 57
16 1 15
90 1 19
20 1 16
112 1 7
28 2 10
90 1 37
7 2 55
39 6 45
22 2 7
18 1 17
27 1 17
64 2 52
30 1 24
39 1 30
37 1 27
4 1 7
25 1 7
15 1 7
45 2 73
25 1 29
24 1 7
18 1 15
135 1 30
15 1 10
14 2 10
30 1 55
7 7 10
7 1 10
26 1 30
85 2 83
15 1 26
36 6 73
83 1 7
63 2 52
35 1 7
53 1 40
48 1 9
32 1 25
30 1 22
52 2 57
112 1 20
10 2 23
55 2 28
54 2 40
24 2 28
10 1 23
51 1 50
7 2 23
7 2 29
30 1 7
56 2 50
7 5 10
73 1 37
15 1 12
23 1 32
65 2 14
54 2 37
17 1 14
54 1 18
17 1 10
19 1 10
15 1 14
49 1 15
10 2 22
7 2 28
97 2 40
22 2 10
45 1 19
10 5 7
45 1 57
16 1 17
73 1 10
19 2 12
40 1 112
16 2 18
53 1 51
49 1 25
7 2 20
40 1 63
28 2 24
65 2 7
10 2 33
42 1 56
37 1 36
35 1 23
36 1 30
10 2 26
17 1 26
9 2 19
39 6 73
48 1 19
73 1 4
30 1 29
50 1 30
63 2 27
28 2 55
42 1 31
7 1 20
12 1 10
23 1 34
73 1 14
24 1 33
27 1 15
22 2 35
10 2 20
57 2 64
18 2 16
73 1 65
112 2 45
33 1 34
32 1 10
12 2 10
51 1 49
97 1 26
31 2 62
29 2 28
136 1 25
40 1 42
33 1 32
38 1 37
7 1 23
73 1 7
40 1 64
37 1 64
40 1 45
25 1 28
17 1 49
25 1 10
37 1 52
73 1 12
51 1 56
10 2 28
7 4 10
45 1 7
17 1 19
57 1 30
12 2 7
36 6 45
35 1 10
34 1 30
63 1 17
24 2 22
7 1 22
24 1 10
19 2 7
20 1 18
22 2 24
17 1 12
7 2 22
32 1 7
40 1 136
27 2 90
37 1 135
40 1 36
14 2 7
52 1 30
4 2 65
49 2 56
45 1 54
112 1 40
14 1 7
17 1 7
10 7 7
42 2 57
10 1 33
57 2 52
35 1 33
57 1 10
14 1 10
90 1 54
34 2 32
53 2 36
37 1 39
37 1 57
7 2 26
28 2 7
31 1 30
90 1 7
57 1 25
62 1 37
7 2 97
10 4 7
10 1 22
51 2 40
32 1 29
25 1 22
32 1 30
73 2 45
34 1 10
112 1 65
12 1 7
56 1 25
65 2 12
20 2 37
45 1 40
37 1 53
28 2 29
27 2 63
45 1 14
24 1 23
19 2 85
90 2 112
56 1 30
9 1 10
45 1 10
83 1 97
45 1 12
73 1 20
64 1 31
31 2 38
83 1 40
64 2 57
57 2 42
19 2 14
62 1 40
83 1 19
26 1 25
31 1 25
30 1 35
37 1 59
25 1 35
34 1 25
42 1 38
34 1 7
16 1 10
40 1 27
25 1 24
32 1 55
56 2 38
7 2 49
57 2 19
64 1 62
10 1 28
45 1 37
? 1 github_java_program_data/29/328.java

32 2 34
10 1 7
62 2 43
73 1 54
35 1 7
45 1 20
52 1 25
40 1 39
48 1 83
37 1 63
30 1 28
27 2 52
7 1 28
30 1 10
54 1 16
38 2 41
120 1 31
36 1 25
122 1 62
73 1 40
73 1 14
16 1 15
20 1 16
19 2 10
22 2 7
18 1 17
52 2 39
45 1 37
30 1 24
39 1 30
37 1 27
19 1 7
15 1 7
45 2 73
25 1 29
24 1 7
9 1 7
19 2 83
15 1 10
14 2 10
10 2 26
20 1 18
26 1 30
15 1 26
45 1 65
63 2 57
63 2 52
40 1 52
35 2 22
48 1 9
32 1 25
30 1 22
52 2 57
10 2 23
73 2 45
24 2 28
7 2 23
25 1 7
30 1 7
7 5 10
10 2 40
15 1 12
23 1 32
17 1 14
54 1 18
17 1 10
15 1 14
45 1 12
10 2 22
7 2 28
22 2 10
57 2 36
41 1 25
7 2 33
120 1 41
73 1 10
14 2 7
10 2 49
16 2 18
33 1 32
49 1 25
45 1 19
40 1 63
28 2 24
10 2 33
38 1 25
37 1 36
7 1 10
36 1 30
9 2 19
48 1 19
40 1 73
63 2 27
49 1 30
23 1 34
10 2 54
27 1 15
10 2 20
43 1 30
54 2 40
73 1 65
56 2 62
33 1 34
122 1 56
62 1 25
28 2 35
18 1 15
38 1 30
57 1 30
40 1 45
25 1 28
17 1 49
25 1 10
37 1 52
10 2 28
7 4 10
12 2 10
22 2 35
36 6 45
120 1 38
35 1 10
34 1 30
30 1 120
24 2 22
7 1 22
24 1 10
31 2 38
22 2 24
17 1 12
7 2 22
40 1 57
122 1 43
19 2 12
52 1 30
14 1 7
17 1 7
57 2 52
35 1 33
14 1 10
25 1 122
63 1 17
34 2 32
37 1 57
7 2 26
65 2 19
31 1 30
57 1 25
10 4 7
10 1 22
25 1 22
32 1 30
83 1 10
12 1 7
27 2 63
45 1 14
24 1 23
56 1 30
16 1 17
45 1 10
25 1 120
52 2 36
83 1 40
19 2 14
28 2 10
83 1 19
73 1 19
26 1 25
31 1 25
30 1 35
25 1 35
34 1 25
20 2 37
28 2 7
40 1 27
25 1 24
7 2 49
39 6 73
10 1 28
41 1 30
? 1 github_java_program_data/29/333.java

16 1 15
26 1 10
10 1 7
10 2 80
7 2 33
56 2 50
10 2 81
73 1 54
35 1 7
45 1 20
42 2 86
85 2 19
26 1 15
40 1 39
48 1 83
7 1 33
37 1 63
94 1 30
42 2 63
57 2 59
30 1 28
85 1 10
7 1 28
30 1 10
54 1 16
48 1 85
7 2 94
25 1 55
20 2 40
65 2 14
36 1 25
15 1 65
73 1 40
22 2 55
40 1 57
52 1 30
90 1 19
20 1 16
112 1 7
28 2 10
90 1 37
19 2 10
39 6 45
37 2 137
135 1 25
18 1 17
27 1 17
37 1 112
64 2 52
40 1 135
30 1 24
40 1 53
112 1 10
37 1 27
19 1 7
15 1 7
20 2 37
53 2 39
45 2 73
25 1 29
64 2 27
24 1 7
26 2 31
63 2 64
29 2 28
19 2 83
135 1 30
15 1 10
14 2 10
30 1 55
7 7 10
7 1 10
26 1 30
22 2 24
15 1 26
7 2 54
83 1 7
80 1 30
40 1 52
53 1 40
7 2 81
48 1 9
32 1 25
30 1 22
15 1 94
138 1 137
52 2 57
42 2 52
112 1 20
83 1 37
55 2 28
54 2 40
53 1 37
19 2 85
52 1 25
7 2 23
7 2 80
30 1 7
136 1 30
7 5 10
73 1 37
15 1 12
23 1 32
37 1 90
10 2 23
17 1 14
54 1 18
17 1 10
19 1 10
42 2 27
15 1 14
10 2 22
22 2 10
63 1 15
29 2 22
51 1 84
49 1 30
15 1 49
10 5 7
112 2 90
16 1 17
40 1 64
19 2 12
137 1 40
86 1 40
64 2 42
33 1 32
7 2 37
49 1 25
45 1 19
10 2 26
28 2 24
138 1 37
10 2 33
42 1 56
37 1 36
35 1 23
36 1 30
27 2 53
17 1 26
9 2 19
39 6 73
85 2 40
64 1 31
10 2 54
51 1 26
30 1 29
63 2 27
28 2 55
37 1 42
42 1 31
7 1 20
12 1 10
26 2 56
23 1 34
73 1 14
64 1 56
24 1 33
27 1 15
22 2 35
63 2 138
55 2 22
10 2 20
22 2 28
137 1 54
18 2 16
84 1 25
73 1 65
56 2 62
73 1 10
24 2 28
138 2 36
36 6 73
12 2 10
112 2 45
50 1 30
28 2 35
12 1 7
31 2 62
7 1 80
63 2 57
136 1 25
40 1 42
53 1 51
38 1 37
65 2 7
73 1 7
64 2 63
37 1 64
90 2 112
90 1 54
25 1 28
17 1 49
25 1 10
37 1 52
73 1 12
51 1 56
10 2 28
7 4 10
45 1 7
17 1 19
57 1 30
12 2 7
36 6 45
31 2 84
35 1 10
34 1 30
63 1 17
90 1 10
7 1 22
24 1 10
19 2 7
37 1 136
20 1 18
26 1 25
17 1 12
37 1 138
7 2 22
63 2 42
40 1 136
27 2 90
7 2 26
37 1 135
40 1 36
14 2 7
40 1 63
45 1 54
112 1 40
14 1 7
27 2 64
17 1 7
22 2 29
10 7 7
7 1 81
37 1 86
10 2 49
57 2 52
35 1 33
54 2 37
14 1 10
64 2 57
10 1 81
34 2 32
65 2 10
37 1 39
37 1 57
51 2 37
39 1 25
28 2 7
31 1 30
57 1 25
7 2 20
37 1 73
10 4 7
51 1 31
10 1 22
51 2 40
37 1 45
31 2 38
25 1 22
32 1 30
73 2 45
112 1 65
81 1 25
25 1 7
56 1 25
65 2 12
27 2 63
45 1 40
7 2 26
37 1 53
22 2 7
28 2 29
45 1 14
35 2 28
24 1 23
34 1 26
10 1 80
56 1 30
9 1 10
45 1 10
45 1 12
73 1 20
26 1 17
86 1 85
48 1 19
33 1 34
28 2 22
19 2 14
62 1 40
80 1 25
83 1 19
52 2 53
85 1 26
31 1 25
30 1 35
37 1 59
25 1 35
34 1 25
42 1 38
81 1 30
34 1 7
16 1 10
40 1 27
25 1 24
42 2 64
51 1 50
56 2 38
7 2 28
7 2 49
64 1 62
10 1 28
45 1 37
? 1 github_java_program_data/29/347.java

22 2 35
12 1 10
23 1 34
24 1 33
73 1 7
65 2 19
10 2 20
22 2 28
73 1 54
45 1 20
20 2 40
54 2 40
40 1 39
73 1 65
48 1 83
7 2 37
30 1 28
85 1 10
7 1 28
30 1 10
54 1 16
18 2 16
32 1 30
33 1 32
36 1 25
19 2 7
73 1 40
45 1 65
20 1 16
25 1 28
34 1 10
37 1 40
18 1 17
73 1 12
10 2 28
7 4 10
45 1 7
10 1 7
19 2 14
30 1 24
12 2 7
48 1 9
36 6 45
39 1 30
35 1 10
34 1 30
7 2 23
24 2 22
19 1 7
7 1 22
24 1 10
35 1 33
20 1 18
22 2 24
17 1 12
7 2 22
32 1 7
83 1 37
9 1 7
40 1 36
14 2 7
14 2 10
16 1 15
7 1 10
15 1 7
85 2 83
25 1 35
7 2 20
14 1 7
17 1 7
83 1 7
45 2 73
7 2 54
34 1 25
32 1 25
30 1 22
54 2 37
14 1 10
34 2 32
37 1 45
10 2 23
73 2 45
37 1 73
10 1 23
39 6 73
10 5 7
10 1 22
30 1 7
25 1 22
73 1 37
15 1 12
23 1 32
25 1 7
17 1 14
54 1 18
45 1 40
15 1 14
45 1 14
24 1 23
22 2 10
45 1 19
45 1 12
19 2 12
28 2 22
33 1 34
39 1 25
45 1 10
83 1 19
73 1 19
10 2 33
35 2 28
30 1 35
48 1 85
37 1 36
20 2 37
28 2 7
36 1 30
28 2 24
25 1 24
9 2 19
19 2 85
48 1 19
10 1 28
45 1 37
? 1 github_java_program_data/29/35.java

22 2 35
12 1 10
23 1 34
24 1 33
73 1 7
65 2 19
10 2 20
22 2 28
73 1 54
45 1 20
20 2 40
54 2 40
40 1 39
73 1 65
48 1 83
7 2 37
30 1 28
85 1 10
7 1 28
30 1 10
54 1 16
18 2 16
32 1 30
33 1 32
36 1 25
19 2 7
73 1 40
45 1 65
20 1 16
25 1 28
34 1 10
37 1 40
18 1 17
73 1 12
10 2 28
7 4 10
45 1 7
10 1 7
19 2 14
30 1 24
12 2 7
48 1 9
36 6 45
39 1 30
35 1 10
34 1 30
7 2 23
24 2 22
19 1 7
7 1 22
24 1 10
35 1 33
20 1 18
22 2 24
17 1 12
7 2 22
32 1 7
83 1 37
9 1 7
40 1 36
14 2 7
14 2 10
16 1 15
7 1 10
15 1 7
85 2 83
25 1 35
7 2 20
14 1 7
17 1 7
83 1 7
45 2 73
7 2 54
34 1 25
32 1 25
30 1 22
54 2 37
14 1 10
34 2 32
37 1 45
10 2 23
73 2 45
37 1 73
10 1 23
39 6 73
10 5 7
10 1 22
30 1 7
25 1 22
73 1 37
15 1 12
23 1 32
25 1 7
17 1 14
54 1 18
45 1 40
15 1 14
45 1 14
24 1 23
22 2 10
45 1 19
45 1 12
19 2 12
28 2 22
33 1 34
39 1 25
45 1 10
83 1 19
73 1 19
10 2 33
35 2 28
30 1 35
48 1 85
37 1 36
20 2 37
28 2 7
36 1 30
28 2 24
25 1 24
9 2 19
19 2 85
48 1 19
10 1 28
45 1 37
? 1 github_java_program_data/29/350.java

22 2 35
12 1 10
23 1 34
24 1 33
73 1 7
65 2 19
10 2 20
22 2 28
73 1 54
45 1 20
20 2 40
54 2 40
40 1 39
73 1 65
48 1 83
7 2 37
30 1 28
85 1 10
7 1 28
30 1 10
54 1 16
18 2 16
32 1 30
33 1 32
36 1 25
19 2 7
73 1 40
45 1 65
20 1 16
25 1 28
34 1 10
37 1 40
18 1 17
73 1 12
10 2 28
7 4 10
45 1 7
10 1 7
19 2 14
30 1 24
12 2 7
48 1 9
36 6 45
39 1 30
35 1 10
34 1 30
7 2 23
24 2 22
19 1 7
7 1 22
24 1 10
35 1 33
20 1 18
22 2 24
17 1 12
7 2 22
32 1 7
83 1 37
9 1 7
40 1 36
14 2 7
14 2 10
16 1 15
7 1 10
15 1 7
85 2 83
25 1 35
7 2 20
14 1 7
17 1 7
83 1 7
45 2 73
7 2 54
34 1 25
32 1 25
30 1 22
54 2 37
14 1 10
34 2 32
37 1 45
10 2 23
73 2 45
37 1 73
10 1 23
39 6 73
10 5 7
10 1 22
30 1 7
25 1 22
73 1 37
15 1 12
23 1 32
25 1 7
17 1 14
54 1 18
45 1 40
15 1 14
45 1 14
24 1 23
22 2 10
45 1 19
45 1 12
19 2 12
28 2 22
33 1 34
39 1 25
45 1 10
83 1 19
73 1 19
10 2 33
35 2 28
30 1 35
48 1 85
37 1 36
20 2 37
28 2 7
36 1 30
28 2 24
25 1 24
9 2 19
19 2 85
48 1 19
10 1 28
45 1 37
? 1 github_java_program_data/29/371.java

32 2 34
10 1 7
62 2 43
73 1 54
35 1 7
45 1 20
52 1 25
40 1 39
48 1 83
37 1 63
30 1 28
27 2 52
7 1 28
30 1 10
54 1 16
38 2 41
120 1 31
36 1 25
122 1 62
73 1 40
73 1 14
16 1 15
20 1 16
19 2 10
22 2 7
18 1 17
52 2 39
45 1 37
30 1 24
39 1 30
37 1 27
19 1 7
15 1 7
45 2 73
25 1 29
24 1 7
9 1 7
19 2 83
15 1 10
14 2 10
10 2 26
20 1 18
26 1 30
15 1 26
45 1 65
63 2 57
63 2 52
40 1 52
35 2 22
48 1 9
32 1 25
30 1 22
52 2 57
10 2 23
73 2 45
24 2 28
7 2 23
25 1 7
30 1 7
7 5 10
10 2 40
15 1 12
23 1 32
17 1 14
54 1 18
17 1 10
15 1 14
45 1 12
10 2 22
7 2 28
22 2 10
57 2 36
41 1 25
7 2 33
120 1 41
73 1 10
14 2 7
10 2 49
16 2 18
33 1 32
49 1 25
45 1 19
40 1 63
28 2 24
10 2 33
38 1 25
37 1 36
7 1 10
36 1 30
9 2 19
48 1 19
40 1 73
63 2 27
49 1 30
23 1 34
10 2 54
27 1 15
10 2 20
43 1 30
54 2 40
73 1 65
56 2 62
33 1 34
122 1 56
62 1 25
28 2 35
18 1 15
38 1 30
57 1 30
40 1 45
25 1 28
17 1 49
25 1 10
37 1 52
10 2 28
7 4 10
12 2 10
22 2 35
36 6 45
120 1 38
35 1 10
34 1 30
30 1 120
24 2 22
7 1 22
24 1 10
31 2 38
22 2 24
17 1 12
7 2 22
40 1 57
122 1 43
19 2 12
52 1 30
14 1 7
17 1 7
57 2 52
35 1 33
14 1 10
25 1 122
63 1 17
34 2 32
37 1 57
7 2 26
65 2 19
31 1 30
57 1 25
10 4 7
10 1 22
25 1 22
32 1 30
83 1 10
12 1 7
27 2 63
45 1 14
24 1 23
56 1 30
16 1 17
45 1 10
25 1 120
52 2 36
83 1 40
19 2 14
28 2 10
83 1 19
73 1 19
26 1 25
31 1 25
30 1 35
25 1 35
34 1 25
20 2 37
28 2 7
40 1 27
25 1 24
7 2 49
39 6 73
10 1 28
41 1 30
? 1 github_java_program_data/29/375.java

45 1 4
38 1 34
32 2 34
26 1 10
10 1 7
10 2 80
7 2 33
73 1 38
56 2 50
10 2 81
57 2 27
73 1 54
40 1 52
45 1 20
85 2 19
52 1 25
40 1 39
48 1 83
37 1 63
84 1 30
30 1 28
85 1 10
27 2 52
7 1 28
73 1 7
54 1 16
48 1 85
25 1 55
85 1 49
54 2 38
36 1 25
73 1 40
22 2 55
40 1 57
16 1 15
90 1 19
64 1 62
112 1 7
28 2 10
90 1 37
19 2 10
57 2 86
63 2 86
135 1 25
18 1 17
27 1 17
37 1 112
63 2 53
30 1 29
27 2 57
40 1 135
30 1 24
40 1 53
39 1 30
37 1 27
20 2 40
4 1 7
12 1 7
15 1 7
20 2 37
53 2 39
4 2 19
45 2 73
25 1 29
64 2 27
40 1 86
24 1 7
26 2 31
63 2 64
29 2 28
65 2 12
18 1 15
135 1 30
15 1 10
83 1 65
30 1 55
7 7 10
7 1 10
14 1 65
22 2 24
15 1 26
7 2 54
36 6 73
83 1 7
63 2 52
15 1 19
35 1 7
53 1 40
7 2 81
48 1 9
32 1 25
30 1 22
39 6 45
111 1 34
52 2 57
14 1 19
86 2 36
85 1 31
83 1 37
55 2 28
54 2 40
85 1 84
53 1 37
19 2 85
4 1 10
51 1 50
7 2 23
30 1 7
136 1 30
7 5 10
73 1 37
45 1 65
23 1 32
37 1 90
10 2 23
54 2 37
17 1 14
54 1 18
17 1 10
19 1 10
14 2 10
15 1 14
49 1 15
10 2 22
22 2 10
19 2 83
63 1 15
56 1 30
45 1 19
15 1 49
10 5 7
30 1 10
73 1 10
14 2 7
28 2 22
86 1 40
16 2 18
33 1 32
49 1 25
38 1 40
52 2 86
10 2 26
28 2 24
65 2 7
10 2 33
42 1 56
37 1 36
57 2 65
20 2 111
7 2 80
36 1 30
57 2 63
27 2 53
17 1 26
26 1 30
49 1 30
85 2 40
26 1 17
73 1 4
51 1 26
73 1 57
50 1 30
63 2 27
22 2 7
28 2 55
37 1 42
42 1 31
83 1 4
12 1 10
26 2 56
23 1 34
73 1 14
64 1 56
27 1 15
63 2 90
22 2 35
57 1 7
10 2 20
22 2 28
20 1 16
18 2 16
85 1 56
84 1 25
56 2 62
24 2 28
45 1 111
49 2 56
12 2 10
112 2 45
51 1 49
97 1 26
28 2 35
29 2 22
31 2 62
85 2 37
7 1 80
17 1 65
65 2 14
40 1 42
53 1 51
49 2 31
57 1 30
62 1 40
80 1 30
64 2 63
40 1 64
37 1 64
90 2 112
10 1 81
25 1 28
17 1 49
25 1 10
37 1 52
73 1 12
51 1 56
10 2 28
7 4 10
45 1 7
31 2 38
73 2 45
53 2 64
55 2 22
12 2 7
36 6 45
31 2 84
90 1 20
35 1 10
34 1 30
63 1 17
90 1 10
7 1 22
24 1 10
37 1 136
20 1 18
26 1 25
17 1 12
7 2 22
63 2 42
40 1 136
83 1 57
10 7 7
37 1 135
19 2 12
40 1 63
62 2 41
19 2 65
97 2 37
56 2 84
112 1 40
14 1 7
27 2 64
17 1 7
22 2 29
7 1 81
37 1 86
10 2 49
35 1 33
57 1 10
14 1 10
34 2 32
65 2 10
37 1 39
37 1 57
51 2 37
39 1 25
15 1 12
31 1 30
10 2 54
57 1 25
7 2 20
37 1 73
62 1 37
52 1 30
10 4 7
51 1 31
10 1 22
51 2 40
37 1 45
25 1 22
32 1 30
86 1 37
25 1 24
81 1 25
25 1 7
56 1 25
31 2 50
41 1 37
45 1 40
7 2 26
37 1 53
64 1 41
28 2 29
27 2 63
45 1 14
35 2 28
24 1 23
42 2 27
10 1 80
112 1 54
9 1 10
45 1 10
83 1 97
45 1 12
111 2 40
64 1 31
86 1 85
48 1 19
33 1 34
9 2 19
19 2 14
45 1 57
80 1 25
57 2 4
83 1 19
73 1 19
52 2 53
85 1 26
31 1 25
30 1 35
4 2 65
25 1 35
38 2 40
34 1 25
42 1 38
81 1 30
28 2 7
40 1 27
112 1 65
42 2 64
7 2 97
56 2 38
7 2 28
7 2 49
57 2 19
39 6 73
10 1 28
45 1 37
? 1 github_java_program_data/29/383.java

32 2 34
10 1 7
62 2 43
73 1 54
35 1 7
45 1 20
52 1 25
40 1 39
48 1 83
37 1 63
30 1 28
27 2 52
7 1 28
30 1 10
54 1 16
38 2 41
120 1 31
36 1 25
122 1 62
73 1 40
73 1 14
16 1 15
20 1 16
19 2 10
22 2 7
18 1 17
52 2 39
45 1 37
30 1 24
39 1 30
37 1 27
19 1 7
15 1 7
45 2 73
25 1 29
24 1 7
9 1 7
19 2 83
15 1 10
14 2 10
10 2 26
20 1 18
26 1 30
15 1 26
45 1 65
63 2 57
63 2 52
40 1 52
35 2 22
48 1 9
32 1 25
30 1 22
52 2 57
10 2 23
73 2 45
24 2 28
7 2 23
25 1 7
30 1 7
7 5 10
10 2 40
15 1 12
23 1 32
17 1 14
54 1 18
17 1 10
15 1 14
45 1 12
10 2 22
7 2 28
22 2 10
57 2 36
41 1 25
7 2 33
120 1 41
73 1 10
14 2 7
10 2 49
16 2 18
33 1 32
49 1 25
45 1 19
40 1 63
28 2 24
10 2 33
38 1 25
37 1 36
7 1 10
36 1 30
9 2 19
48 1 19
40 1 73
63 2 27
49 1 30
23 1 34
10 2 54
27 1 15
10 2 20
43 1 30
54 2 40
73 1 65
56 2 62
33 1 34
122 1 56
62 1 25
28 2 35
18 1 15
38 1 30
57 1 30
40 1 45
25 1 28
17 1 49
25 1 10
37 1 52
10 2 28
7 4 10
12 2 10
22 2 35
36 6 45
120 1 38
35 1 10
34 1 30
30 1 120
24 2 22
7 1 22
24 1 10
31 2 38
22 2 24
17 1 12
7 2 22
40 1 57
122 1 43
19 2 12
52 1 30
14 1 7
17 1 7
57 2 52
35 1 33
14 1 10
25 1 122
63 1 17
34 2 32
37 1 57
7 2 26
65 2 19
31 1 30
57 1 25
10 4 7
10 1 22
25 1 22
32 1 30
83 1 10
12 1 7
27 2 63
45 1 14
24 1 23
56 1 30
16 1 17
45 1 10
25 1 120
52 2 36
83 1 40
19 2 14
28 2 10
83 1 19
73 1 19
26 1 25
31 1 25
30 1 35
25 1 35
34 1 25
20 2 37
28 2 7
40 1 27
25 1 24
7 2 49
39 6 73
10 1 28
41 1 30
? 1 github_java_program_data/29/39.java

32 2 34
10 1 7
62 2 43
73 1 54
35 1 7
45 1 20
52 1 25
40 1 39
48 1 83
37 1 63
30 1 28
27 2 52
7 1 28
30 1 10
54 1 16
38 2 41
120 1 31
36 1 25
122 1 62
73 1 40
73 1 14
16 1 15
20 1 16
19 2 10
22 2 7
18 1 17
52 2 39
45 1 37
30 1 24
39 1 30
37 1 27
19 1 7
15 1 7
45 2 73
25 1 29
24 1 7
9 1 7
19 2 83
15 1 10
14 2 10
10 2 26
20 1 18
26 1 30
15 1 26
45 1 65
63 2 57
63 2 52
40 1 52
35 2 22
48 1 9
32 1 25
30 1 22
52 2 57
10 2 23
73 2 45
24 2 28
7 2 23
25 1 7
30 1 7
7 5 10
10 2 40
15 1 12
23 1 32
17 1 14
54 1 18
17 1 10
15 1 14
45 1 12
10 2 22
7 2 28
22 2 10
57 2 36
41 1 25
7 2 33
120 1 41
73 1 10
14 2 7
10 2 49
16 2 18
33 1 32
49 1 25
45 1 19
40 1 63
28 2 24
10 2 33
38 1 25
37 1 36
7 1 10
36 1 30
9 2 19
48 1 19
40 1 73
63 2 27
49 1 30
23 1 34
10 2 54
27 1 15
10 2 20
43 1 30
54 2 40
73 1 65
56 2 62
33 1 34
122 1 56
62 1 25
28 2 35
18 1 15
38 1 30
57 1 30
40 1 45
25 1 28
17 1 49
25 1 10
37 1 52
10 2 28
7 4 10
12 2 10
22 2 35
36 6 45
120 1 38
35 1 10
34 1 30
30 1 120
24 2 22
7 1 22
24 1 10
31 2 38
22 2 24
17 1 12
7 2 22
40 1 57
122 1 43
19 2 12
52 1 30
14 1 7
17 1 7
57 2 52
35 1 33
14 1 10
25 1 122
63 1 17
34 2 32
37 1 57
7 2 26
65 2 19
31 1 30
57 1 25
10 4 7
10 1 22
25 1 22
32 1 30
83 1 10
12 1 7
27 2 63
45 1 14
24 1 23
56 1 30
16 1 17
45 1 10
25 1 120
52 2 36
83 1 40
19 2 14
28 2 10
83 1 19
73 1 19
26 1 25
31 1 25
30 1 35
25 1 35
34 1 25
20 2 37
28 2 7
40 1 27
25 1 24
7 2 49
39 6 73
10 1 28
41 1 30
? 1 github_java_program_data/29/396.java

22 2 35
12 1 10
23 1 34
24 1 33
73 1 7
65 2 19
10 2 20
22 2 28
73 1 54
45 1 20
20 2 40
54 2 40
40 1 39
73 1 65
48 1 83
7 2 37
30 1 28
85 1 10
7 1 28
30 1 10
54 1 16
18 2 16
32 1 30
33 1 32
36 1 25
19 2 7
73 1 40
45 1 65
20 1 16
25 1 28
34 1 10
37 1 40
18 1 17
73 1 12
10 2 28
7 4 10
45 1 7
10 1 7
19 2 14
30 1 24
12 2 7
48 1 9
36 6 45
39 1 30
35 1 10
34 1 30
7 2 23
24 2 22
19 1 7
7 1 22
24 1 10
35 1 33
20 1 18
22 2 24
17 1 12
7 2 22
32 1 7
83 1 37
9 1 7
40 1 36
14 2 7
14 2 10
16 1 15
7 1 10
15 1 7
85 2 83
25 1 35
7 2 20
14 1 7
17 1 7
83 1 7
45 2 73
7 2 54
34 1 25
32 1 25
30 1 22
54 2 37
14 1 10
34 2 32
37 1 45
10 2 23
73 2 45
37 1 73
10 1 23
39 6 73
10 5 7
10 1 22
30 1 7
25 1 22
73 1 37
15 1 12
23 1 32
25 1 7
17 1 14
54 1 18
45 1 40
15 1 14
45 1 14
24 1 23
22 2 10
45 1 19
45 1 12
19 2 12
28 2 22
33 1 34
39 1 25
45 1 10
83 1 19
73 1 19
10 2 33
35 2 28
30 1 35
48 1 85
37 1 36
20 2 37
28 2 7
36 1 30
28 2 24
25 1 24
9 2 19
19 2 85
48 1 19
10 1 28
45 1 37
? 1 github_java_program_data/29/413.java

10 4 7
16 1 15
94 1 30
10 1 7
7 2 33
40 1 90
56 2 50
10 2 81
73 1 54
40 1 52
45 1 20
85 2 19
26 1 15
40 1 39
63 2 27
48 1 83
7 1 28
7 1 33
37 1 63
42 2 63
30 1 28
85 1 10
40 1 73
40 1 86
30 1 10
54 1 16
48 1 85
25 1 55
85 1 49
36 1 25
48 1 49
15 1 65
31 2 50
40 1 57
52 1 30
56 2 84
20 1 16
28 2 10
19 2 10
57 2 86
63 2 86
22 2 7
18 1 17
27 1 17
10 2 97
63 2 53
27 2 57
10 2 80
30 1 24
40 1 53
39 1 30
37 1 27
20 2 40
19 1 7
15 1 7
31 1 25
48 1 37
25 1 29
24 1 7
26 2 31
63 2 64
18 1 15
15 1 10
14 2 10
30 1 55
7 7 10
7 1 10
26 1 30
53 1 51
85 2 83
15 1 26
7 2 54
10 2 94
63 2 57
45 2 73
80 1 30
35 1 7
37 1 53
48 1 9
32 1 25
30 1 22
15 1 94
39 6 45
52 2 57
32 2 34
10 2 23
73 2 45
85 1 84
53 1 37
10 1 23
52 1 25
7 2 23
45 1 14
36 6 73
30 1 7
112 1 10
57 2 36
73 1 37
7 2 80
45 1 65
23 1 32
54 2 37
17 1 14
54 1 18
17 1 10
19 1 10
15 1 14
49 1 15
10 2 22
22 2 10
97 2 40
63 1 15
57 2 53
112 1 54
49 1 30
15 1 49
10 5 7
16 1 17
40 1 64
38 1 37
28 2 22
40 1 112
51 1 84
40 1 48
16 2 18
33 1 32
49 1 25
45 1 10
10 2 26
28 2 24
65 2 7
10 2 33
42 1 56
37 1 36
35 1 23
36 1 30
17 1 26
63 2 90
45 1 7
39 6 73
12 1 19
48 1 19
10 2 54
51 1 26
30 1 29
85 1 50
28 2 55
37 1 42
42 1 31
12 1 10
90 1 65
23 1 34
73 1 14
64 1 56
24 1 33
49 2 40
27 1 15
22 2 35
55 2 22
10 2 20
22 2 28
12 1 65
54 2 40
85 1 56
84 1 25
56 2 62
73 1 10
24 2 28
83 1 40
32 1 10
12 2 10
112 2 45
51 1 49
50 1 30
28 2 35
12 1 7
31 2 62
7 1 80
17 1 65
65 2 14
40 1 42
39 1 25
86 2 42
57 1 30
19 2 12
7 1 23
73 1 7
35 2 22
64 2 63
2 1 49
37 1 64
90 2 112
10 1 81
49 2 31
25 1 28
17 1 49
25 1 10
37 1 52
73 1 12
7 2 81
10 2 28
7 4 10
119 1 7
17 1 19
57 2 63
85 2 37
12 2 7
36 6 45
31 2 84
90 1 20
35 1 10
34 1 30
63 1 17
24 2 22
49 1 17
90 1 10
7 1 22
24 1 10
27 2 42
22 2 55
20 1 18
22 2 24
17 1 12
37 1 2
7 2 22
32 1 7
35 2 28
53 2 36
10 7 7
7 5 10
14 2 7
40 1 63
49 2 56
49 2 37
112 1 40
14 1 7
27 2 64
17 1 7
22 2 29
7 1 81
37 1 86
10 1 33
57 2 52
35 1 33
2 1 40
14 1 10
85 1 7
40 1 45
34 2 32
65 2 10
37 1 39
37 1 57
51 2 37
53 2 57
15 1 12
31 1 30
57 1 25
7 2 20
62 1 37
29 2 22
42 2 39
51 1 31
10 1 22
51 2 40
31 2 38
25 1 22
32 1 30
90 1 40
86 1 37
34 1 10
83 1 10
81 1 25
25 1 7
42 2 57
56 1 25
65 2 12
20 2 37
45 1 40
7 2 26
53 1 40
28 2 29
28 2 7
86 2 57
97 1 119
24 1 23
19 2 85
10 1 80
56 1 30
9 1 10
38 1 40
83 1 97
45 1 12
64 1 31
86 1 85
112 1 19
33 1 34
9 2 19
19 2 14
62 1 40
80 1 25
83 1 19
27 2 63
73 1 19
10 2 49
26 1 25
15 1 19
30 1 35
25 1 35
34 1 25
42 1 38
81 1 30
34 1 7
40 1 27
25 1 24
50 1 25
51 1 50
56 2 38
7 2 28
7 2 49
64 1 62
10 1 28
45 1 37
? 1 github_java_program_data/29/415.java

32 2 34
10 1 7
62 2 43
73 1 54
35 1 7
45 1 20
52 1 25
40 1 39
48 1 83
37 1 63
30 1 28
27 2 52
7 1 28
30 1 10
54 1 16
38 2 41
120 1 31
36 1 25
122 1 62
73 1 40
73 1 14
16 1 15
20 1 16
19 2 10
22 2 7
18 1 17
52 2 39
45 1 37
30 1 24
39 1 30
37 1 27
19 1 7
15 1 7
45 2 73
25 1 29
24 1 7
9 1 7
19 2 83
15 1 10
14 2 10
10 2 26
20 1 18
26 1 30
15 1 26
45 1 65
63 2 57
63 2 52
40 1 52
35 2 22
48 1 9
32 1 25
30 1 22
52 2 57
10 2 23
73 2 45
24 2 28
7 2 23
25 1 7
30 1 7
7 5 10
10 2 40
15 1 12
23 1 32
17 1 14
54 1 18
17 1 10
15 1 14
45 1 12
10 2 22
7 2 28
22 2 10
57 2 36
41 1 25
7 2 33
120 1 41
73 1 10
14 2 7
10 2 49
16 2 18
33 1 32
49 1 25
45 1 19
40 1 63
28 2 24
10 2 33
38 1 25
37 1 36
7 1 10
36 1 30
9 2 19
48 1 19
40 1 73
63 2 27
49 1 30
23 1 34
10 2 54
27 1 15
10 2 20
43 1 30
54 2 40
73 1 65
56 2 62
33 1 34
122 1 56
62 1 25
28 2 35
18 1 15
38 1 30
57 1 30
40 1 45
25 1 28
17 1 49
25 1 10
37 1 52
10 2 28
7 4 10
12 2 10
22 2 35
36 6 45
120 1 38
35 1 10
34 1 30
30 1 120
24 2 22
7 1 22
24 1 10
31 2 38
22 2 24
17 1 12
7 2 22
40 1 57
122 1 43
19 2 12
52 1 30
14 1 7
17 1 7
57 2 52
35 1 33
14 1 10
25 1 122
63 1 17
34 2 32
37 1 57
7 2 26
65 2 19
31 1 30
57 1 25
10 4 7
10 1 22
25 1 22
32 1 30
83 1 10
12 1 7
27 2 63
45 1 14
24 1 23
56 1 30
16 1 17
45 1 10
25 1 120
52 2 36
83 1 40
19 2 14
28 2 10
83 1 19
73 1 19
26 1 25
31 1 25
30 1 35
25 1 35
34 1 25
20 2 37
28 2 7
40 1 27
25 1 24
7 2 49
39 6 73
10 1 28
41 1 30
? 1 github_java_program_data/29/417.java

22 2 35
12 1 10
23 1 34
24 1 33
73 1 7
65 2 19
10 2 20
22 2 28
73 1 54
45 1 20
20 2 40
54 2 40
40 1 39
73 1 65
48 1 83
7 2 37
30 1 28
85 1 10
7 1 28
30 1 10
54 1 16
18 2 16
32 1 30
33 1 32
36 1 25
19 2 7
73 1 40
45 1 65
20 1 16
25 1 28
34 1 10
37 1 40
18 1 17
73 1 12
10 2 28
7 4 10
45 1 7
10 1 7
19 2 14
30 1 24
12 2 7
48 1 9
36 6 45
39 1 30
35 1 10
34 1 30
7 2 23
24 2 22
19 1 7
7 1 22
24 1 10
35 1 33
20 1 18
22 2 24
17 1 12
7 2 22
32 1 7
83 1 37
9 1 7
40 1 36
14 2 7
14 2 10
16 1 15
7 1 10
15 1 7
85 2 83
25 1 35
7 2 20
14 1 7
17 1 7
83 1 7
45 2 73
7 2 54
34 1 25
32 1 25
30 1 22
54 2 37
14 1 10
34 2 32
37 1 45
10 2 23
73 2 45
37 1 73
10 1 23
39 6 73
10 5 7
10 1 22
30 1 7
25 1 22
73 1 37
15 1 12
23 1 32
25 1 7
17 1 14
54 1 18
45 1 40
15 1 14
45 1 14
24 1 23
22 2 10
45 1 19
45 1 12
19 2 12
28 2 22
33 1 34
39 1 25
45 1 10
83 1 19
73 1 19
10 2 33
35 2 28
30 1 35
48 1 85
37 1 36
20 2 37
28 2 7
36 1 30
28 2 24
25 1 24
9 2 19
19 2 85
48 1 19
10 1 28
45 1 37
? 1 github_java_program_data/29/434.java

32 2 34
10 1 7
62 2 43
73 1 54
35 1 7
45 1 20
52 1 25
40 1 39
48 1 83
37 1 63
30 1 28
27 2 52
7 1 28
30 1 10
54 1 16
38 2 41
120 1 31
36 1 25
122 1 62
73 1 40
73 1 14
16 1 15
20 1 16
19 2 10
22 2 7
18 1 17
52 2 39
45 1 37
30 1 24
39 1 30
37 1 27
19 1 7
15 1 7
45 2 73
25 1 29
24 1 7
9 1 7
19 2 83
15 1 10
14 2 10
10 2 26
20 1 18
26 1 30
15 1 26
45 1 65
63 2 57
63 2 52
40 1 52
35 2 22
48 1 9
32 1 25
30 1 22
52 2 57
10 2 23
73 2 45
24 2 28
7 2 23
25 1 7
30 1 7
7 5 10
10 2 40
15 1 12
23 1 32
17 1 14
54 1 18
17 1 10
15 1 14
45 1 12
10 2 22
7 2 28
22 2 10
57 2 36
41 1 25
7 2 33
120 1 41
73 1 10
14 2 7
10 2 49
16 2 18
33 1 32
49 1 25
45 1 19
40 1 63
28 2 24
10 2 33
38 1 25
37 1 36
7 1 10
36 1 30
9 2 19
48 1 19
40 1 73
63 2 27
49 1 30
23 1 34
10 2 54
27 1 15
10 2 20
43 1 30
54 2 40
73 1 65
56 2 62
33 1 34
122 1 56
62 1 25
28 2 35
18 1 15
38 1 30
57 1 30
40 1 45
25 1 28
17 1 49
25 1 10
37 1 52
10 2 28
7 4 10
12 2 10
22 2 35
36 6 45
120 1 38
35 1 10
34 1 30
30 1 120
24 2 22
7 1 22
24 1 10
31 2 38
22 2 24
17 1 12
7 2 22
40 1 57
122 1 43
19 2 12
52 1 30
14 1 7
17 1 7
57 2 52
35 1 33
14 1 10
25 1 122
63 1 17
34 2 32
37 1 57
7 2 26
65 2 19
31 1 30
57 1 25
10 4 7
10 1 22
25 1 22
32 1 30
83 1 10
12 1 7
27 2 63
45 1 14
24 1 23
56 1 30
16 1 17
45 1 10
25 1 120
52 2 36
83 1 40
19 2 14
28 2 10
83 1 19
73 1 19
26 1 25
31 1 25
30 1 35
25 1 35
34 1 25
20 2 37
28 2 7
40 1 27
25 1 24
7 2 49
39 6 73
10 1 28
41 1 30
? 1 github_java_program_data/29/438.java

22 2 35
12 1 10
23 1 34
24 1 33
73 1 7
65 2 19
10 2 20
22 2 28
73 1 54
45 1 20
20 2 40
54 2 40
40 1 39
73 1 65
48 1 83
7 2 37
30 1 28
85 1 10
7 1 28
30 1 10
54 1 16
18 2 16
32 1 30
33 1 32
36 1 25
19 2 7
73 1 40
45 1 65
20 1 16
25 1 28
34 1 10
37 1 40
18 1 17
73 1 12
10 2 28
7 4 10
45 1 7
10 1 7
19 2 14
30 1 24
12 2 7
48 1 9
36 6 45
39 1 30
35 1 10
34 1 30
7 2 23
24 2 22
19 1 7
7 1 22
24 1 10
35 1 33
20 1 18
22 2 24
17 1 12
7 2 22
32 1 7
83 1 37
9 1 7
40 1 36
14 2 7
14 2 10
16 1 15
7 1 10
15 1 7
85 2 83
25 1 35
7 2 20
14 1 7
17 1 7
83 1 7
45 2 73
7 2 54
34 1 25
32 1 25
30 1 22
54 2 37
14 1 10
34 2 32
37 1 45
10 2 23
73 2 45
37 1 73
10 1 23
39 6 73
10 5 7
10 1 22
30 1 7
25 1 22
73 1 37
15 1 12
23 1 32
25 1 7
17 1 14
54 1 18
45 1 40
15 1 14
45 1 14
24 1 23
22 2 10
45 1 19
45 1 12
19 2 12
28 2 22
33 1 34
39 1 25
45 1 10
83 1 19
73 1 19
10 2 33
35 2 28
30 1 35
48 1 85
37 1 36
20 2 37
28 2 7
36 1 30
28 2 24
25 1 24
9 2 19
19 2 85
48 1 19
10 1 28
45 1 37
? 1 github_java_program_data/29/56.java

32 2 34
10 1 7
62 2 43
73 1 54
35 1 7
45 1 20
52 1 25
40 1 39
48 1 83
37 1 63
30 1 28
27 2 52
7 1 28
30 1 10
54 1 16
38 2 41
120 1 31
36 1 25
122 1 62
73 1 40
73 1 14
16 1 15
20 1 16
19 2 10
22 2 7
18 1 17
52 2 39
45 1 37
30 1 24
39 1 30
37 1 27
19 1 7
15 1 7
45 2 73
25 1 29
24 1 7
9 1 7
19 2 83
15 1 10
14 2 10
10 2 26
20 1 18
26 1 30
15 1 26
45 1 65
63 2 57
63 2 52
40 1 52
35 2 22
48 1 9
32 1 25
30 1 22
52 2 57
10 2 23
73 2 45
24 2 28
7 2 23
25 1 7
30 1 7
7 5 10
10 2 40
15 1 12
23 1 32
17 1 14
54 1 18
17 1 10
15 1 14
45 1 12
10 2 22
7 2 28
22 2 10
57 2 36
41 1 25
7 2 33
120 1 41
73 1 10
14 2 7
10 2 49
16 2 18
33 1 32
49 1 25
45 1 19
40 1 63
28 2 24
10 2 33
38 1 25
37 1 36
7 1 10
36 1 30
9 2 19
48 1 19
40 1 73
63 2 27
49 1 30
23 1 34
10 2 54
27 1 15
10 2 20
43 1 30
54 2 40
73 1 65
56 2 62
33 1 34
122 1 56
62 1 25
28 2 35
18 1 15
38 1 30
57 1 30
40 1 45
25 1 28
17 1 49
25 1 10
37 1 52
10 2 28
7 4 10
12 2 10
22 2 35
36 6 45
120 1 38
35 1 10
34 1 30
30 1 120
24 2 22
7 1 22
24 1 10
31 2 38
22 2 24
17 1 12
7 2 22
40 1 57
122 1 43
19 2 12
52 1 30
14 1 7
17 1 7
57 2 52
35 1 33
14 1 10
25 1 122
63 1 17
34 2 32
37 1 57
7 2 26
65 2 19
31 1 30
57 1 25
10 4 7
10 1 22
25 1 22
32 1 30
83 1 10
12 1 7
27 2 63
45 1 14
24 1 23
56 1 30
16 1 17
45 1 10
25 1 120
52 2 36
83 1 40
19 2 14
28 2 10
83 1 19
73 1 19
26 1 25
31 1 25
30 1 35
25 1 35
34 1 25
20 2 37
28 2 7
40 1 27
25 1 24
7 2 49
39 6 73
10 1 28
41 1 30
? 1 github_java_program_data/29/60.java

40 2 99
32 2 34
84 1 30
10 1 7
10 2 80
65 2 19
10 2 81
57 2 27
7 2 54
40 1 52
85 2 19
52 1 25
48 1 83
53 2 52
7 1 33
37 1 63
30 1 28
85 1 10
27 2 52
40 1 86
30 1 10
54 1 16
26 2 56
25 1 55
54 2 38
15 1 65
22 2 55
40 1 57
28 2 55
52 1 30
45 1 54
28 2 29
28 2 10
90 1 37
19 2 10
52 2 27
22 2 7
18 1 17
27 1 17
27 2 57
38 1 32
30 1 24
40 1 53
37 1 27
19 1 7
15 1 7
28 2 35
45 2 73
25 1 29
24 1 7
26 2 31
15 1 14
19 2 83
15 1 10
83 1 65
30 1 55
7 7 10
7 1 10
26 1 30
14 2 7
22 2 24
15 1 26
45 1 65
63 2 57
63 2 52
15 1 19
35 1 7
53 1 40
7 2 81
48 1 9
63 1 17
30 1 22
86 2 63
111 1 34
52 2 57
14 1 19
10 2 37
85 1 31
83 1 37
55 2 28
85 1 84
53 1 37
10 1 23
26 1 15
7 2 23
30 1 7
56 2 50
7 5 10
73 1 37
15 1 12
23 1 32
37 1 90
10 2 23
17 1 14
54 1 18
17 1 10
19 1 10
45 1 111
10 2 22
63 1 15
138 1 99
22 2 10
57 2 53
10 2 49
45 1 19
15 1 49
10 5 7
16 1 17
73 1 10
38 1 37
45 1 38
86 1 40
14 2 10
53 1 51
49 1 25
7 2 33
52 2 86
10 2 26
28 2 24
10 2 33
35 1 23
17 1 26
14 1 65
49 1 30
12 1 19
48 1 19
51 1 26
30 1 29
99 1 40
7 1 28
42 1 31
12 1 10
90 1 65
23 1 34
10 2 54
24 1 33
27 1 15
63 2 138
38 2 40
138 1 40
22 2 28
12 1 65
29 2 28
54 2 111
73 1 65
24 2 28
32 1 10
12 2 10
90 2 45
50 1 30
29 2 22
12 1 7
55 2 22
7 1 80
65 2 14
40 1 42
33 1 32
10 2 20
57 1 30
52 2 63
7 1 23
80 1 30
35 2 22
10 1 81
25 1 28
17 1 49
25 1 10
37 1 52
73 1 12
51 1 56
10 2 28
7 4 10
45 1 7
22 2 35
57 2 63
12 2 7
31 2 84
90 1 20
35 1 10
34 1 30
32 1 25
24 2 22
90 1 10
7 1 22
24 1 10
35 1 33
31 2 38
26 1 25
17 1 12
37 1 138
7 2 22
32 1 7
35 2 28
27 2 90
19 2 12
40 1 63
19 2 65
25 1 35
14 1 7
17 1 7
111 2 37
10 7 7
7 1 81
57 2 52
19 2 7
14 1 10
63 2 27
65 2 10
37 1 45
37 1 57
51 2 37
7 2 26
34 1 7
31 1 30
57 1 25
37 1 73
10 4 7
10 1 22
51 2 40
25 1 22
32 1 30
34 1 10
83 1 10
81 1 25
25 1 7
56 1 25
65 2 12
20 2 37
45 1 40
37 1 53
27 2 63
45 1 14
24 1 23
19 2 85
10 1 80
73 2 45
9 1 10
45 1 10
85 2 40
73 1 20
26 1 17
86 1 85
33 1 34
9 2 19
19 2 14
65 2 7
80 1 25
83 1 19
34 2 32
73 1 19
52 2 53
85 1 26
31 1 25
30 1 35
48 1 85
34 1 25
42 1 38
81 1 30
28 2 7
40 1 27
25 1 24
51 1 50
7 2 28
7 2 49
7 2 80
10 1 28
45 1 37
? 1 github_java_program_data/29/72.java

22 2 35
12 1 10
23 1 34
24 1 33
73 1 7
65 2 19
10 2 20
22 2 28
73 1 54
45 1 20
20 2 40
54 2 40
40 1 39
73 1 65
48 1 83
7 2 37
30 1 28
85 1 10
7 1 28
30 1 10
54 1 16
18 2 16
32 1 30
33 1 32
36 1 25
19 2 7
73 1 40
45 1 65
20 1 16
25 1 28
34 1 10
37 1 40
18 1 17
73 1 12
10 2 28
7 4 10
45 1 7
10 1 7
19 2 14
30 1 24
12 2 7
48 1 9
36 6 45
39 1 30
35 1 10
34 1 30
7 2 23
24 2 22
19 1 7
7 1 22
24 1 10
35 1 33
20 1 18
22 2 24
17 1 12
7 2 22
32 1 7
83 1 37
9 1 7
40 1 36
14 2 7
14 2 10
16 1 15
7 1 10
15 1 7
85 2 83
25 1 35
7 2 20
14 1 7
17 1 7
83 1 7
45 2 73
7 2 54
34 1 25
32 1 25
30 1 22
54 2 37
14 1 10
34 2 32
37 1 45
10 2 23
73 2 45
37 1 73
10 1 23
39 6 73
10 5 7
10 1 22
30 1 7
25 1 22
73 1 37
15 1 12
23 1 32
25 1 7
17 1 14
54 1 18
45 1 40
15 1 14
45 1 14
24 1 23
22 2 10
45 1 19
45 1 12
19 2 12
28 2 22
33 1 34
39 1 25
45 1 10
83 1 19
73 1 19
10 2 33
35 2 28
30 1 35
48 1 85
37 1 36
20 2 37
28 2 7
36 1 30
28 2 24
25 1 24
9 2 19
19 2 85
48 1 19
10 1 28
45 1 37
? 1 github_java_program_data/29/77.java

32 2 34
10 1 7
62 2 43
73 1 54
35 1 7
45 1 20
52 1 25
40 1 39
48 1 83
37 1 63
30 1 28
27 2 52
7 1 28
30 1 10
54 1 16
38 2 41
120 1 31
36 1 25
122 1 62
73 1 40
73 1 14
16 1 15
20 1 16
19 2 10
22 2 7
18 1 17
52 2 39
45 1 37
30 1 24
39 1 30
37 1 27
19 1 7
15 1 7
45 2 73
25 1 29
24 1 7
9 1 7
19 2 83
15 1 10
14 2 10
10 2 26
20 1 18
26 1 30
15 1 26
45 1 65
63 2 57
63 2 52
40 1 52
35 2 22
48 1 9
32 1 25
30 1 22
52 2 57
10 2 23
73 2 45
24 2 28
7 2 23
25 1 7
30 1 7
7 5 10
10 2 40
15 1 12
23 1 32
17 1 14
54 1 18
17 1 10
15 1 14
45 1 12
10 2 22
7 2 28
22 2 10
57 2 36
41 1 25
7 2 33
120 1 41
73 1 10
14 2 7
10 2 49
16 2 18
33 1 32
49 1 25
45 1 19
40 1 63
28 2 24
10 2 33
38 1 25
37 1 36
7 1 10
36 1 30
9 2 19
48 1 19
40 1 73
63 2 27
49 1 30
23 1 34
10 2 54
27 1 15
10 2 20
43 1 30
54 2 40
73 1 65
56 2 62
33 1 34
122 1 56
62 1 25
28 2 35
18 1 15
38 1 30
57 1 30
40 1 45
25 1 28
17 1 49
25 1 10
37 1 52
10 2 28
7 4 10
12 2 10
22 2 35
36 6 45
120 1 38
35 1 10
34 1 30
30 1 120
24 2 22
7 1 22
24 1 10
31 2 38
22 2 24
17 1 12
7 2 22
40 1 57
122 1 43
19 2 12
52 1 30
14 1 7
17 1 7
57 2 52
35 1 33
14 1 10
25 1 122
63 1 17
34 2 32
37 1 57
7 2 26
65 2 19
31 1 30
57 1 25
10 4 7
10 1 22
25 1 22
32 1 30
83 1 10
12 1 7
27 2 63
45 1 14
24 1 23
56 1 30
16 1 17
45 1 10
25 1 120
52 2 36
83 1 40
19 2 14
28 2 10
83 1 19
73 1 19
26 1 25
31 1 25
30 1 35
25 1 35
34 1 25
20 2 37
28 2 7
40 1 27
25 1 24
7 2 49
39 6 73
10 1 28
41 1 30
? 1 github_java_program_data/29/81.java

22 2 35
12 1 10
23 1 34
24 1 33
73 1 7
65 2 19
10 2 20
22 2 28
73 1 54
45 1 20
20 2 40
54 2 40
40 1 39
73 1 65
48 1 83
7 2 37
30 1 28
85 1 10
7 1 28
30 1 10
54 1 16
18 2 16
32 1 30
33 1 32
36 1 25
19 2 7
73 1 40
45 1 65
20 1 16
25 1 28
34 1 10
37 1 40
18 1 17
73 1 12
10 2 28
7 4 10
45 1 7
10 1 7
19 2 14
30 1 24
12 2 7
48 1 9
36 6 45
39 1 30
35 1 10
34 1 30
7 2 23
24 2 22
19 1 7
7 1 22
24 1 10
35 1 33
20 1 18
22 2 24
17 1 12
7 2 22
32 1 7
83 1 37
9 1 7
40 1 36
14 2 7
14 2 10
16 1 15
7 1 10
15 1 7
85 2 83
25 1 35
7 2 20
14 1 7
17 1 7
83 1 7
45 2 73
7 2 54
34 1 25
32 1 25
30 1 22
54 2 37
14 1 10
34 2 32
37 1 45
10 2 23
73 2 45
37 1 73
10 1 23
39 6 73
10 5 7
10 1 22
30 1 7
25 1 22
73 1 37
15 1 12
23 1 32
25 1 7
17 1 14
54 1 18
45 1 40
15 1 14
45 1 14
24 1 23
22 2 10
45 1 19
45 1 12
19 2 12
28 2 22
33 1 34
39 1 25
45 1 10
83 1 19
73 1 19
10 2 33
35 2 28
30 1 35
48 1 85
37 1 36
20 2 37
28 2 7
36 1 30
28 2 24
25 1 24
9 2 19
19 2 85
48 1 19
10 1 28
45 1 37
? 1 github_java_program_data/29/98.java

