17 2 35
33 2 35
38 1 103
89 1 16
170 1 47
129 1 26
89 1 24
35 2 16
50 2 99
46 2 38
8 4 16
16 2 52
25 1 170
22 2 61
75 1 16
89 2 49
101 2 143
8 2 52
92 1 53
89 2 63
53 2 25
196 2 31
89 1 8
40 1 16
58 1 8
40 1 26
17 2 16
43 2 226
54 2 38
23 1 47
22 1 26
31 1 41
43 2 28
26 1 17
63 1 226
84 1 40
35 1 8
89 1 46
38 1 61
196 2 170
75 1 25
8 7 16
63 1 28
8 2 84
226 2 8
24 2 160
16 2 25
28 1 16
16 4 8
207 1 36
89 1 43
8 2 35
106 1 8
46 2 16
27 1 40
99 1 25
46 1 30
8 1 35
8 1 48
17 2 8
8 2 48
42 2 18
160 1 30
103 1 25
46 1 40
92 1 56
16 2 37
8 2 24
25 1 49
37 1 26
18 2 75
49 1 16
26 1 58
24 2 25
26 1 45
101 1 207
45 2 35
50 2 38
35 2 36
48 1 207
30 1 16
63 1 43
46 2 43
25 1 207
35 2 17
70 1 54
142 6 63
38 1 196
41 1 20
48 1 26
16 2 35
47 1 226
226 1 16
63 1 8
16 1 81
47 1 16
38 1 92
63 1 46
196 2 89
16 2 24
16 7 8
38 1 22
16 2 38
26 1 33
207 1 45
33 2 17
37 2 53
89 1 160
61 1 99
143 1 207
24 2 38
49 1 43
26 1 36
25 1 196
17 2 36
37 1 207
170 2 196
18 1 8
89 1 226
41 2 160
75 1 46
41 2 46
143 1 26
51 1 75
38 1 63
25 1 143
52 1 207
56 2 140
207 1 17
106 1 16
40 1 207
43 2 8
38 1 222
26 1 35
33 1 84
25 1 63
43 2 46
47 1 52
35 2 8
22 1 207
170 1 106
42 1 8
35 2 33
16 2 41
92 1 140
89 1 28
27 1 30
8 2 81
8 1 27
16 1 48
89 1 25
22 2 101
143 6 89
16 2 17
103 1 53
63 1 38
81 1 207
43 2 16
47 1 37
24 2 46
28 2 16
53 1 207
20 1 106
40 2 30
63 1 25
38 1 142
41 1 23
36 2 17
33 1 8
8 2 27
33 1 16
89 1 41
222 2 92
106 1 37
63 2 89
54 1 37
47 1 8
30 1 26
26 1 200
54 1 129
196 2 101
140 1 38
70 1 38
61 1 50
106 1 52
222 1 50
200 1 25
54 1 53
22 2 170
41 2 25
63 1 24
53 1 26
16 2 27
81 1 26
53 2 129
196 1 47
51 1 42
17 2 45
31 1 38
196 1 106
89 1 46
25 1 70
25 1 101
37 1 47
226 2 16
92 2 22
58 1 16
50 1 207
16 5 8
17 2 33
226 1 43
16 1 17
20 2 23
8 2 37
8 1 81
106 1 46
89 1 38
30 1 207
53 2 56
47 1 28
103 2 142
63 1 16
47 1 46
226 1 8
16 2 84
170 2 70
8 1 17
35 2 42
26 1 16
31 2 63
101 1 26
207 1 16
47 1 43
8 1 84
52 1 26
207 1 35
18 2 42
38 1 89
38 1 31
25 1 89
200 1 41
17 2 58
207 1 33
8 1 16
41 2 38
58 1 27
222 1 38
38 1 101
106 1 28
16 2 48
31 1 16
16 2 81
38 1 170
16 1 8
51 1 35
207 1 8
51 1 18
63 1 46
26 1 8
49 1 46
16 1 35
28 2 8
160 2 25
28 1 8
25 1 22
8 5 16
46 2 226
56 1 25
8 2 17
207 1 58
142 1 26
106 1 226
84 1 30
46 2 28
35 2 45
35 2 58
101 2 22
49 1 38
? 1 github_java_program_data/19/104.java

33 2 35
130 1 16
89 1 16
52 1 17
85 1 38
28 2 16
33 1 27
89 1 24
35 2 16
58 2 17
50 2 99
25 1 61
50 2 56
16 2 48
26 1 33
16 2 52
24 1 23
25 1 170
8 2 55
16 2 41
92 1 53
58 1 84
196 2 31
55 2 25
92 1 50
226 2 16
58 1 8
61 2 101
103 2 92
82 2 38
17 2 16
50 2 76
23 1 47
22 1 26
31 1 41
43 2 28
26 1 17
28 2 8
84 1 40
84 1 30
196 2 170
8 7 16
40 1 26
8 2 84
37 2 50
55 1 130
226 2 8
25 1 70
207 1 36
89 1 43
8 2 35
16 2 17
99 1 25
8 1 35
16 2 84
8 2 48
103 1 25
92 1 56
16 2 37
16 5 8
63 2 89
56 1 25
26 1 58
24 2 25
31 2 89
26 1 45
89 1 38
170 1 47
35 2 26
50 2 38
35 2 36
48 1 207
16 2 81
63 1 43
16 2 27
31 1 43
46 2 43
35 2 17
70 1 54
8 5 16
170 2 22
41 1 20
48 1 26
16 2 35
47 1 226
16 1 81
47 1 16
106 1 8
45 2 17
37 1 17
85 1 54
52 2 53
16 2 24
16 7 8
82 1 53
38 1 22
207 1 45
33 2 17
37 2 53
61 1 99
36 2 35
26 1 36
25 1 196
53 2 56
37 1 207
170 2 196
89 1 226
54 2 38
16 1 8
196 2 22
143 1 26
63 1 16
25 1 143
17 2 26
70 2 85
52 1 207
56 2 140
207 1 17
106 1 16
85 2 143
76 1 26
106 2 47
26 1 8
49 1 25
25 1 222
25 1 63
47 1 52
35 2 8
22 1 207
170 1 106
43 2 226
35 2 33
50 1 26
92 1 140
89 1 28
27 1 30
8 2 81
53 2 25
16 1 48
89 1 25
89 2 63
103 1 53
49 1 55
49 1 8
81 1 207
43 2 16
53 1 207
20 1 106
63 1 25
82 1 37
76 1 207
25 1 103
36 2 17
33 1 8
8 2 27
207 1 16
31 1 25
106 1 37
54 1 37
47 1 8
30 1 26
47 2 106
129 1 26
54 1 129
140 1 38
70 1 38
61 1 50
222 1 50
82 2 25
54 1 53
41 2 25
27 1 40
37 1 26
222 2 22
81 1 26
53 2 129
70 1 25
85 1 82
196 1 47
101 2 85
17 2 45
25 1 89
196 1 106
89 1 46
25 1 85
25 1 101
143 6 63
37 1 47
82 1 52
92 2 22
58 1 16
17 2 8
26 2 35
50 1 207
31 1 16
17 2 33
16 1 17
16 4 8
8 2 37
70 1 82
8 1 81
101 1 207
30 1 207
51 1 49
82 1 50
35 2 58
82 1 76
47 1 28
58 2 35
33 1 16
47 1 46
226 1 8
170 2 70
8 1 17
26 1 16
24 2 38
8 2 17
101 1 26
45 2 35
17 2 35
52 1 26
207 1 35
8 1 48
222 1 38
17 2 58
207 1 33
101 2 92
54 2 25
40 1 207
17 2 36
38 1 101
106 1 28
63 1 41
63 1 226
38 1 170
22 2 101
207 1 8
22 2 70
26 1 35
207 2 17
16 1 35
8 4 16
56 1 38
28 1 8
25 1 22
53 2 76
46 2 226
106 1 226
25 1 31
207 1 58
8 1 16
38 1 196
35 2 45
25 1 92
54 1 52
52 1 35
? 1 github_java_program_data/19/105.java

130 1 16
30 1 26
85 1 38
28 2 16
33 1 27
35 2 16
101 2 103
61 2 101
50 2 56
53 2 38
24 1 23
25 1 170
38 1 70
222 2 101
92 1 53
58 1 84
92 1 50
89 1 8
26 1 45
16 4 8
140 1 25
17 2 16
54 2 38
47 1 28
22 1 26
43 2 28
26 1 17
26 1 16
84 1 40
84 1 30
38 1 61
101 2 70
196 2 170
8 7 16
226 1 16
40 1 26
8 2 84
55 1 130
22 2 92
28 1 16
207 1 36
8 2 55
89 1 43
8 2 35
16 2 17
63 1 24
46 1 30
101 2 22
8 1 48
17 2 8
8 2 48
45 2 17
92 2 61
92 1 56
226 2 8
16 2 37
53 1 26
26 1 58
50 2 25
101 1 207
170 1 47
8 2 41
103 1 38
48 1 207
16 2 81
35 2 17
38 1 92
16 1 48
41 1 20
46 2 25
48 1 26
16 2 35
47 1 226
24 1 20
16 1 81
47 1 16
106 1 8
38 1 63
54 1 50
85 1 54
52 2 53
196 2 89
16 7 8
222 1 25
82 1 53
38 1 22
207 1 45
70 1 25
61 1 99
36 2 35
50 2 129
26 1 36
25 1 196
17 2 36
170 2 196
33 1 8
16 1 8
63 1 16
196 2 101
25 1 143
52 1 207
56 2 140
23 2 20
222 1 38
76 1 26
106 2 47
26 1 8
50 2 99
16 2 52
35 2 8
22 1 207
170 1 106
8 4 16
50 1 26
92 1 140
89 1 28
99 1 38
27 1 30
81 1 207
25 1 103
22 2 85
89 1 25
70 2 101
89 2 63
103 1 53
49 1 55
49 1 8
8 2 81
47 1 37
24 2 46
53 1 207
20 1 106
40 2 30
63 1 25
41 1 23
16 5 8
8 2 27
207 1 16
222 2 92
106 1 37
61 2 92
47 1 8
8 2 17
47 2 106
106 1 226
54 1 129
53 2 76
61 1 50
106 1 52
222 1 50
82 2 25
41 2 25
27 1 40
37 1 26
16 2 27
81 1 26
16 2 24
222 1 53
196 1 47
17 2 45
207 1 17
196 1 106
52 2 50
25 1 85
25 1 101
129 1 207
82 1 52
92 2 22
58 1 16
50 1 207
20 2 23
8 2 37
70 1 82
8 1 81
30 1 207
51 1 49
53 2 56
82 1 76
23 1 47
33 1 16
47 1 46
52 1 106
226 1 8
16 2 84
8 5 16
58 1 8
170 2 22
101 1 26
89 1 41
17 2 35
207 1 35
38 1 89
106 1 16
207 1 33
30 2 40
35 2 36
40 1 207
38 1 101
106 1 28
16 2 48
63 1 226
22 2 101
38 1 222
207 1 8
63 1 46
26 1 35
28 2 8
56 1 38
28 1 8
25 1 22
55 2 38
46 2 226
56 1 25
226 2 16
207 1 58
8 1 16
38 1 196
35 2 45
54 1 52
49 1 38
? 1 github_java_program_data/19/106.java

33 2 35
89 1 16
28 2 16
33 1 27
89 1 24
35 2 16
8 4 16
16 2 52
53 2 38
24 1 23
25 1 170
23 1 106
22 1 207
16 2 41
58 1 84
89 1 8
58 1 8
63 1 28
17 2 16
49 2 89
47 1 28
31 1 41
43 2 28
26 1 17
28 2 8
84 1 40
84 1 30
89 1 46
196 2 170
75 1 25
8 7 16
226 1 16
40 1 26
8 2 84
44 1 26
226 2 8
207 1 36
89 1 43
8 2 35
16 2 17
46 1 30
8 1 35
16 2 25
42 2 18
160 1 40
46 1 40
16 2 37
16 5 8
25 1 49
16 1 84
222 2 143
18 2 75
49 1 16
26 1 58
24 2 25
31 2 89
20 2 23
101 1 207
170 1 47
8 2 41
38 1 101
16 2 81
63 1 43
70 2 22
46 2 43
70 1 54
142 6 63
41 1 20
46 2 25
54 2 38
16 2 35
47 1 226
24 1 20
63 1 8
47 1 16
16 2 84
63 1 46
75 1 8
26 1 33
207 1 45
24 2 38
25 1 196
17 2 36
37 1 207
170 2 196
89 1 226
41 2 160
30 1 26
58 1 27
41 2 46
143 1 26
51 1 75
63 1 16
196 2 101
46 2 8
17 2 8
17 2 35
106 1 16
40 1 207
26 1 35
49 1 25
25 1 222
33 1 84
25 1 63
47 1 52
35 2 8
18 1 16
170 1 106
43 2 226
35 2 33
30 1 8
170 2 31
28 1 16
20 1 47
27 1 30
89 1 25
143 6 89
89 2 63
63 1 38
8 2 44
47 1 37
24 2 46
53 1 207
20 1 106
40 2 30
63 1 25
207 1 8
38 1 142
160 2 38
143 1 207
33 1 8
8 2 27
207 1 16
31 1 25
63 2 89
47 1 8
8 2 17
63 1 160
106 1 226
70 1 38
106 1 52
41 2 25
27 1 40
38 1 143
196 2 143
37 1 26
40 1 8
16 2 27
142 1 207
16 2 24
222 1 53
196 1 47
51 1 42
25 1 89
196 1 106
89 1 46
25 1 70
106 1 44
226 2 16
58 1 16
31 1 16
17 2 33
16 1 17
16 4 8
207 1 17
8 1 81
89 1 38
30 1 207
16 1 27
35 2 58
23 1 47
33 1 16
8 2 37
52 1 106
226 1 8
8 2 52
75 1 46
8 1 17
8 2 25
26 1 16
101 1 26
25 1 143
52 1 26
207 1 35
18 2 42
222 1 38
17 2 58
207 1 33
42 1 16
106 1 28
63 1 41
63 1 226
38 1 170
16 1 8
106 1 8
51 1 18
63 1 46
26 1 8
8 2 24
16 1 35
28 1 8
25 1 22
8 5 16
46 2 226
25 1 31
207 1 58
8 1 16
38 1 196
54 1 52
? 1 github_java_program_data/19/112.java

33 2 35
89 1 16
28 2 16
33 1 27
89 1 24
35 2 16
8 4 16
16 2 52
53 2 38
24 1 23
25 1 170
23 1 106
22 1 207
16 2 41
58 1 84
89 1 8
58 1 8
63 1 28
17 2 16
49 2 89
47 1 28
31 1 41
43 2 28
26 1 17
28 2 8
84 1 40
84 1 30
89 1 46
196 2 170
75 1 25
8 7 16
226 1 16
40 1 26
8 2 84
44 1 26
226 2 8
207 1 36
89 1 43
8 2 35
16 2 17
46 1 30
8 1 35
16 2 25
42 2 18
160 1 40
46 1 40
16 2 37
16 5 8
25 1 49
16 1 84
222 2 143
18 2 75
49 1 16
26 1 58
24 2 25
31 2 89
20 2 23
101 1 207
170 1 47
8 2 41
38 1 101
16 2 81
63 1 43
70 2 22
46 2 43
70 1 54
142 6 63
41 1 20
46 2 25
54 2 38
16 2 35
47 1 226
24 1 20
63 1 8
47 1 16
16 2 84
63 1 46
75 1 8
26 1 33
207 1 45
24 2 38
25 1 196
17 2 36
37 1 207
170 2 196
89 1 226
41 2 160
30 1 26
58 1 27
41 2 46
143 1 26
51 1 75
63 1 16
196 2 101
46 2 8
17 2 8
17 2 35
106 1 16
40 1 207
26 1 35
49 1 25
25 1 222
33 1 84
25 1 63
47 1 52
35 2 8
18 1 16
170 1 106
43 2 226
35 2 33
30 1 8
170 2 31
28 1 16
20 1 47
27 1 30
89 1 25
143 6 89
89 2 63
63 1 38
8 2 44
47 1 37
24 2 46
53 1 207
20 1 106
40 2 30
63 1 25
207 1 8
38 1 142
160 2 38
143 1 207
33 1 8
8 2 27
207 1 16
31 1 25
63 2 89
47 1 8
8 2 17
63 1 160
106 1 226
70 1 38
106 1 52
41 2 25
27 1 40
38 1 143
196 2 143
37 1 26
40 1 8
16 2 27
142 1 207
16 2 24
222 1 53
196 1 47
51 1 42
25 1 89
196 1 106
89 1 46
25 1 70
106 1 44
226 2 16
58 1 16
31 1 16
17 2 33
16 1 17
16 4 8
207 1 17
8 1 81
89 1 38
30 1 207
16 1 27
35 2 58
23 1 47
33 1 16
8 2 37
52 1 106
226 1 8
8 2 52
75 1 46
8 1 17
8 2 25
26 1 16
101 1 26
25 1 143
52 1 26
207 1 35
18 2 42
222 1 38
17 2 58
207 1 33
42 1 16
106 1 28
63 1 41
63 1 226
38 1 170
16 1 8
106 1 8
51 1 18
63 1 46
26 1 8
8 2 24
16 1 35
28 1 8
25 1 22
8 5 16
46 2 226
25 1 31
207 1 58
8 1 16
38 1 196
54 1 52
? 1 github_java_program_data/19/117.java

28 2 16
33 1 27
35 2 16
50 2 56
70 1 54
16 2 52
85 1 25
25 1 170
23 1 106
207 1 16
92 1 53
89 2 63
92 1 50
89 1 8
26 1 45
16 4 8
103 2 92
17 2 16
54 2 38
47 1 28
16 2 48
28 2 8
38 1 61
196 2 170
8 7 16
24 1 20
226 2 8
38 1 85
89 1 43
92 1 140
8 2 35
16 2 17
99 1 25
8 1 35
17 2 8
8 2 48
82 1 53
92 1 56
16 2 37
53 1 207
143 6 63
50 2 25
101 1 207
61 1 53
8 2 41
103 1 38
48 1 207
16 2 81
49 1 46
35 2 17
25 1 103
41 1 20
142 6 89
48 1 26
16 2 35
47 1 226
226 1 16
25 1 142
16 1 81
47 1 16
106 1 8
45 2 17
16 7 8
16 2 24
222 1 25
38 1 22
26 1 33
207 1 45
37 2 53
61 1 99
143 1 207
24 2 38
26 1 36
25 1 196
89 1 226
17 2 36
37 1 207
33 1 8
16 1 8
143 1 26
46 2 8
207 1 36
170 2 70
56 2 140
25 1 89
106 1 16
85 2 143
76 1 26
38 1 222
26 1 35
49 1 25
70 2 142
25 1 63
47 1 52
35 2 8
22 1 207
170 1 106
43 2 226
50 1 26
25 1 70
20 1 47
142 1 26
26 1 8
27 1 30
81 1 207
16 1 48
89 1 25
222 2 61
63 1 38
49 1 8
8 2 81
35 2 49
35 1 16
20 1 106
53 2 76
82 1 37
41 1 23
16 5 8
8 2 27
45 2 35
106 1 37
54 1 37
47 1 8
8 2 17
129 1 26
54 1 129
140 1 38
70 1 38
222 1 50
82 2 25
54 1 53
41 2 25
63 1 24
38 1 143
53 1 26
81 1 26
170 2 85
53 2 129
103 1 50
85 1 82
196 1 47
17 2 45
207 1 17
28 1 16
25 1 101
37 1 47
226 2 16
50 1 207
16 1 17
20 2 23
8 1 81
30 1 207
51 1 49
53 2 56
82 1 76
63 1 16
8 2 37
226 1 8
8 2 52
8 1 17
8 2 25
26 1 16
101 1 26
89 1 41
52 1 26
207 1 35
8 1 48
50 2 38
8 4 16
8 1 16
35 2 36
38 1 101
106 1 28
26 1 17
63 1 226
38 1 170
51 1 35
207 1 8
53 2 99
16 1 35
56 1 38
28 1 8
25 1 22
56 1 25
8 5 16
101 2 92
106 1 226
38 1 196
35 2 45
25 1 92
101 2 22
? 1 github_java_program_data/19/12.java

17 2 35
33 2 35
38 1 103
89 1 16
170 1 47
129 1 26
89 1 24
35 2 16
50 2 99
46 2 38
8 4 16
16 2 52
25 1 170
22 2 61
75 1 16
89 2 49
101 2 143
8 2 52
92 1 53
89 2 63
53 2 25
196 2 31
89 1 8
40 1 16
58 1 8
40 1 26
17 2 16
43 2 226
54 2 38
23 1 47
22 1 26
31 1 41
43 2 28
26 1 17
63 1 226
84 1 40
35 1 8
89 1 46
38 1 61
196 2 170
75 1 25
8 7 16
63 1 28
8 2 84
226 2 8
24 2 160
16 2 25
28 1 16
16 4 8
207 1 36
89 1 43
8 2 35
106 1 8
46 2 16
27 1 40
99 1 25
46 1 30
8 1 35
8 1 48
17 2 8
8 2 48
42 2 18
160 1 30
103 1 25
46 1 40
92 1 56
16 2 37
8 2 24
25 1 49
37 1 26
18 2 75
49 1 16
26 1 58
24 2 25
26 1 45
101 1 207
45 2 35
50 2 38
35 2 36
48 1 207
30 1 16
63 1 43
46 2 43
25 1 207
35 2 17
70 1 54
142 6 63
38 1 196
41 1 20
48 1 26
16 2 35
47 1 226
226 1 16
63 1 8
16 1 81
47 1 16
38 1 92
63 1 46
196 2 89
16 2 24
16 7 8
38 1 22
16 2 38
26 1 33
207 1 45
33 2 17
37 2 53
89 1 160
61 1 99
143 1 207
24 2 38
49 1 43
26 1 36
25 1 196
17 2 36
37 1 207
170 2 196
18 1 8
89 1 226
41 2 160
75 1 46
41 2 46
143 1 26
51 1 75
38 1 63
25 1 143
52 1 207
56 2 140
207 1 17
106 1 16
40 1 207
43 2 8
38 1 222
26 1 35
33 1 84
25 1 63
43 2 46
47 1 52
35 2 8
22 1 207
170 1 106
42 1 8
35 2 33
16 2 41
92 1 140
89 1 28
27 1 30
8 2 81
8 1 27
16 1 48
89 1 25
22 2 101
143 6 89
16 2 17
103 1 53
63 1 38
81 1 207
43 2 16
47 1 37
24 2 46
28 2 16
53 1 207
20 1 106
40 2 30
63 1 25
38 1 142
41 1 23
36 2 17
33 1 8
8 2 27
33 1 16
89 1 41
222 2 92
106 1 37
63 2 89
54 1 37
47 1 8
30 1 26
26 1 200
54 1 129
196 2 101
140 1 38
70 1 38
61 1 50
106 1 52
222 1 50
200 1 25
54 1 53
22 2 170
41 2 25
63 1 24
53 1 26
16 2 27
81 1 26
53 2 129
196 1 47
51 1 42
17 2 45
31 1 38
196 1 106
89 1 46
25 1 70
25 1 101
37 1 47
226 2 16
92 2 22
58 1 16
50 1 207
16 5 8
17 2 33
226 1 43
16 1 17
20 2 23
8 2 37
8 1 81
106 1 46
89 1 38
30 1 207
53 2 56
47 1 28
103 2 142
63 1 16
47 1 46
226 1 8
16 2 84
170 2 70
8 1 17
35 2 42
26 1 16
31 2 63
101 1 26
207 1 16
47 1 43
8 1 84
52 1 26
207 1 35
18 2 42
38 1 89
38 1 31
25 1 89
200 1 41
17 2 58
207 1 33
8 1 16
41 2 38
58 1 27
222 1 38
38 1 101
106 1 28
16 2 48
31 1 16
16 2 81
38 1 170
16 1 8
51 1 35
207 1 8
51 1 18
63 1 46
26 1 8
49 1 46
16 1 35
28 2 8
160 2 25
28 1 8
25 1 22
8 5 16
46 2 226
56 1 25
8 2 17
207 1 58
142 1 26
106 1 226
84 1 30
46 2 28
35 2 45
35 2 58
101 2 22
49 1 38
? 1 github_java_program_data/19/14.java

33 2 35
130 1 16
89 1 16
52 1 17
85 1 38
28 2 16
33 1 27
89 1 24
35 2 16
58 2 17
50 2 99
25 1 61
50 2 56
16 2 48
26 1 33
16 2 52
24 1 23
25 1 170
8 2 55
16 2 41
92 1 53
58 1 84
196 2 31
55 2 25
92 1 50
226 2 16
58 1 8
61 2 101
103 2 92
82 2 38
17 2 16
50 2 76
23 1 47
22 1 26
31 1 41
43 2 28
26 1 17
28 2 8
84 1 40
84 1 30
196 2 170
8 7 16
40 1 26
8 2 84
37 2 50
55 1 130
226 2 8
25 1 70
207 1 36
89 1 43
8 2 35
16 2 17
99 1 25
8 1 35
16 2 84
8 2 48
103 1 25
92 1 56
16 2 37
16 5 8
63 2 89
56 1 25
26 1 58
24 2 25
31 2 89
26 1 45
89 1 38
170 1 47
35 2 26
50 2 38
35 2 36
48 1 207
16 2 81
63 1 43
16 2 27
31 1 43
46 2 43
35 2 17
70 1 54
8 5 16
170 2 22
41 1 20
48 1 26
16 2 35
47 1 226
16 1 81
47 1 16
106 1 8
45 2 17
37 1 17
85 1 54
52 2 53
16 2 24
16 7 8
82 1 53
38 1 22
207 1 45
33 2 17
37 2 53
61 1 99
36 2 35
26 1 36
25 1 196
53 2 56
37 1 207
170 2 196
89 1 226
54 2 38
16 1 8
196 2 22
143 1 26
63 1 16
25 1 143
17 2 26
70 2 85
52 1 207
56 2 140
207 1 17
106 1 16
85 2 143
76 1 26
106 2 47
26 1 8
49 1 25
25 1 222
25 1 63
47 1 52
35 2 8
22 1 207
170 1 106
43 2 226
35 2 33
50 1 26
92 1 140
89 1 28
27 1 30
8 2 81
53 2 25
16 1 48
89 1 25
89 2 63
103 1 53
49 1 55
49 1 8
81 1 207
43 2 16
53 1 207
20 1 106
63 1 25
82 1 37
76 1 207
25 1 103
36 2 17
33 1 8
8 2 27
207 1 16
31 1 25
106 1 37
54 1 37
47 1 8
30 1 26
47 2 106
129 1 26
54 1 129
140 1 38
70 1 38
61 1 50
222 1 50
82 2 25
54 1 53
41 2 25
27 1 40
37 1 26
222 2 22
81 1 26
53 2 129
70 1 25
85 1 82
196 1 47
101 2 85
17 2 45
25 1 89
196 1 106
89 1 46
25 1 85
25 1 101
143 6 63
37 1 47
82 1 52
92 2 22
58 1 16
17 2 8
26 2 35
50 1 207
31 1 16
17 2 33
16 1 17
16 4 8
8 2 37
70 1 82
8 1 81
101 1 207
30 1 207
51 1 49
82 1 50
35 2 58
82 1 76
47 1 28
58 2 35
33 1 16
47 1 46
226 1 8
170 2 70
8 1 17
26 1 16
24 2 38
8 2 17
101 1 26
45 2 35
17 2 35
52 1 26
207 1 35
8 1 48
222 1 38
17 2 58
207 1 33
101 2 92
54 2 25
40 1 207
17 2 36
38 1 101
106 1 28
63 1 41
63 1 226
38 1 170
22 2 101
207 1 8
22 2 70
26 1 35
207 2 17
16 1 35
8 4 16
56 1 38
28 1 8
25 1 22
53 2 76
46 2 226
106 1 226
25 1 31
207 1 58
8 1 16
38 1 196
35 2 45
25 1 92
54 1 52
52 1 35
? 1 github_java_program_data/19/15.java

33 2 35
38 1 103
89 1 16
75 1 55
33 1 16
33 1 27
89 1 24
35 2 16
58 2 17
8 4 16
85 1 25
24 1 23
25 1 170
23 1 106
75 1 16
16 2 41
101 2 22
8 2 52
92 1 53
58 1 84
196 2 31
92 1 50
89 1 8
28 2 16
58 1 8
40 1 26
207 2 35
8 1 81
17 2 16
43 2 226
82 2 25
54 2 38
47 1 28
22 1 26
20 2 23
31 1 41
43 2 28
92 1 99
26 1 17
28 2 8
84 1 40
84 1 30
38 1 61
196 2 170
8 7 16
24 1 20
63 1 28
8 2 84
42 2 49
55 1 130
38 1 85
79 1 41
28 1 16
16 4 8
50 2 38
196 2 85
89 1 43
64 1 53
106 1 8
63 1 24
99 1 25
8 1 35
38 1 89
17 2 8
8 2 48
38 1 63
92 1 56
226 2 8
56 1 26
8 2 24
63 2 89
53 1 26
222 2 143
26 1 58
24 2 25
31 2 89
26 1 45
101 1 207
64 1 71
45 2 35
35 2 26
8 2 41
103 1 38
38 1 101
16 2 81
49 1 46
31 1 43
46 2 43
22 2 222
35 2 17
50 2 76
70 1 54
142 6 63
170 2 22
41 1 20
142 6 89
48 1 26
16 2 35
47 1 226
8 2 35
226 1 16
63 1 8
25 1 142
16 1 81
47 1 16
38 1 92
63 1 46
53 2 38
52 2 53
16 7 8
16 2 24
222 1 25
38 1 22
26 1 33
207 1 45
33 2 17
61 1 99
24 2 38
26 1 36
25 1 196
41 2 38
37 1 207
170 2 196
89 1 226
207 1 64
30 1 26
196 2 22
143 1 26
51 1 75
63 1 16
103 2 92
46 2 8
25 1 143
79 1 38
56 2 140
207 1 17
106 1 16
183 1 56
76 1 26
43 2 8
38 1 222
26 1 35
49 1 25
48 1 207
196 1 106
50 2 99
52 1 47
35 2 8
22 1 207
170 1 106
222 2 22
36 2 35
35 2 33
52 2 50
50 1 26
92 1 140
20 1 47
27 1 30
8 2 81
16 1 48
89 1 25
22 2 101
143 6 89
16 2 17
103 1 53
56 2 71
38 1 79
63 1 38
49 1 8
81 1 207
43 2 16
47 1 37
53 1 207
20 1 106
40 2 30
63 1 25
207 1 8
38 1 142
17 2 183
41 1 23
36 2 17
33 1 8
8 2 27
207 1 16
170 2 79
31 1 25
106 1 37
47 1 8
8 2 17
47 2 106
106 1 226
54 1 129
79 1 8
70 1 38
61 1 50
106 1 52
222 1 50
140 1 25
54 1 53
50 1 207
41 2 25
27 1 40
38 1 143
37 1 26
45 2 17
53 2 56
16 2 27
64 1 56
81 1 26
142 1 207
53 2 129
85 1 82
196 1 47
51 1 42
17 2 45
25 1 89
25 1 222
89 1 46
25 1 70
25 1 101
143 6 63
89 1 28
35 2 64
16 5 8
226 2 16
82 1 52
92 2 22
58 1 16
71 1 26
183 1 140
61 2 22
89 2 63
17 2 33
16 1 17
50 2 25
16 2 37
79 1 43
207 1 36
89 1 38
143 1 207
51 1 49
82 1 50
35 2 58
82 1 76
46 2 28
58 2 35
170 1 47
8 2 37
79 2 63
226 1 8
207 1 183
75 1 43
16 2 84
8 5 16
8 1 17
8 2 25
26 1 16
130 1 8
16 2 55
30 1 207
101 1 26
89 1 41
17 2 35
52 1 26
207 1 35
8 1 48
222 1 38
75 1 38
17 2 58
207 1 33
101 2 92
30 2 40
35 2 36
42 1 16
40 1 207
17 2 36
52 1 207
106 1 28
16 2 48
63 1 226
38 1 170
140 1 26
31 1 8
22 2 70
26 1 8
49 2 75
63 1 43
16 1 35
56 1 38
28 1 8
25 1 22
183 1 53
55 2 38
46 2 226
47 1 46
25 1 31
103 2 61
16 1 8
207 1 58
8 1 16
38 1 196
35 2 45
54 1 52
52 1 35
85 2 143
? 1 github_java_program_data/19/17.java

33 2 35
89 1 16
28 2 16
33 1 27
89 1 24
35 2 16
8 4 16
16 2 52
53 2 38
24 1 23
25 1 170
23 1 106
22 1 207
16 2 41
58 1 84
89 1 8
58 1 8
63 1 28
17 2 16
49 2 89
47 1 28
31 1 41
43 2 28
26 1 17
28 2 8
84 1 40
84 1 30
89 1 46
196 2 170
75 1 25
8 7 16
226 1 16
40 1 26
8 2 84
44 1 26
226 2 8
207 1 36
89 1 43
8 2 35
16 2 17
46 1 30
8 1 35
16 2 25
42 2 18
160 1 40
46 1 40
16 2 37
16 5 8
25 1 49
16 1 84
222 2 143
18 2 75
49 1 16
26 1 58
24 2 25
31 2 89
20 2 23
101 1 207
170 1 47
8 2 41
38 1 101
16 2 81
63 1 43
70 2 22
46 2 43
70 1 54
142 6 63
41 1 20
46 2 25
54 2 38
16 2 35
47 1 226
24 1 20
63 1 8
47 1 16
16 2 84
63 1 46
75 1 8
26 1 33
207 1 45
24 2 38
25 1 196
17 2 36
37 1 207
170 2 196
89 1 226
41 2 160
30 1 26
58 1 27
41 2 46
143 1 26
51 1 75
63 1 16
196 2 101
46 2 8
17 2 8
17 2 35
106 1 16
40 1 207
26 1 35
49 1 25
25 1 222
33 1 84
25 1 63
47 1 52
35 2 8
18 1 16
170 1 106
43 2 226
35 2 33
30 1 8
170 2 31
28 1 16
20 1 47
27 1 30
89 1 25
143 6 89
89 2 63
63 1 38
8 2 44
47 1 37
24 2 46
53 1 207
20 1 106
40 2 30
63 1 25
207 1 8
38 1 142
160 2 38
143 1 207
33 1 8
8 2 27
207 1 16
31 1 25
63 2 89
47 1 8
8 2 17
63 1 160
106 1 226
70 1 38
106 1 52
41 2 25
27 1 40
38 1 143
196 2 143
37 1 26
40 1 8
16 2 27
142 1 207
16 2 24
222 1 53
196 1 47
51 1 42
25 1 89
196 1 106
89 1 46
25 1 70
106 1 44
226 2 16
58 1 16
31 1 16
17 2 33
16 1 17
16 4 8
207 1 17
8 1 81
89 1 38
30 1 207
16 1 27
35 2 58
23 1 47
33 1 16
8 2 37
52 1 106
226 1 8
8 2 52
75 1 46
8 1 17
8 2 25
26 1 16
101 1 26
25 1 143
52 1 26
207 1 35
18 2 42
222 1 38
17 2 58
207 1 33
42 1 16
106 1 28
63 1 41
63 1 226
38 1 170
16 1 8
106 1 8
51 1 18
63 1 46
26 1 8
8 2 24
16 1 35
28 1 8
25 1 22
8 5 16
46 2 226
25 1 31
207 1 58
8 1 16
38 1 196
54 1 52
? 1 github_java_program_data/19/22.java

85 2 101
33 2 35
38 1 103
89 1 16
75 1 55
170 1 47
33 1 27
119 2 25
89 1 24
35 2 16
58 2 17
50 2 99
25 1 61
101 2 103
8 4 16
16 2 48
196 2 170
16 2 52
85 1 25
24 1 23
25 1 170
79 1 8
8 2 119
35 2 8
23 1 106
22 2 139
22 1 207
89 2 49
8 2 52
222 2 101
92 1 53
58 1 84
196 2 31
226 2 16
40 1 16
8 1 17
40 1 26
46 2 28
38 1 63
17 2 16
25 1 139
47 1 28
22 1 26
20 2 23
31 1 41
16 2 35
26 1 17
28 2 8
84 1 40
84 1 30
89 1 134
8 7 16
24 1 20
63 1 28
8 2 84
170 2 196
35 2 33
55 1 130
8 2 39
38 1 85
226 2 8
28 1 16
63 1 16
207 1 36
196 2 85
89 1 43
8 2 35
106 1 8
63 1 24
20 1 47
8 1 35
38 1 89
17 2 8
8 2 48
42 2 18
103 1 25
22 2 92
33 2 17
92 1 56
72 1 16
38 1 31
170 2 70
63 2 89
37 1 26
16 1 84
134 1 16
18 2 75
53 1 207
16 7 8
26 1 58
24 2 25
31 2 89
26 1 45
89 1 38
106 1 43
131 1 16
48 1 207
30 1 16
63 1 43
31 1 43
46 2 43
35 2 17
79 1 24
70 1 54
37 1 106
63 1 72
170 2 22
41 1 20
142 6 89
48 1 26
43 2 28
47 1 226
226 1 16
44 1 26
25 1 142
47 1 16
16 1 81
63 1 46
53 2 38
103 2 22
75 1 8
72 2 46
222 1 25
38 1 22
26 1 33
89 1 226
222 1 53
61 1 99
99 1 25
49 1 43
26 1 36
25 1 196
17 2 36
37 1 207
139 1 25
33 1 8
25 1 79
30 1 26
58 1 27
196 2 22
143 1 26
51 1 75
119 1 131
139 1 261
46 2 8
25 1 143
35 2 58
52 1 207
8 1 84
222 1 38
40 1 207
43 2 8
130 1 16
49 1 25
196 1 106
33 1 84
25 1 63
52 1 47
47 1 52
261 1 24
18 1 16
170 1 106
43 2 226
207 1 45
16 2 41
49 1 119
25 1 70
89 1 28
39 1 26
26 1 8
27 1 30
8 2 81
8 1 27
16 1 48
16 2 44
89 1 25
22 2 101
170 2 101
16 2 17
103 1 53
63 1 38
49 1 8
81 1 207
28 2 16
35 1 16
20 1 106
40 2 30
63 1 25
31 1 8
45 2 17
36 2 35
38 1 49
143 1 207
16 5 8
8 2 27
207 1 16
31 1 25
106 1 37
92 2 101
54 1 37
47 1 8
47 1 39
101 2 196
47 2 106
106 1 226
16 4 8
196 2 101
140 1 38
70 1 38
61 1 50
222 1 50
82 2 25
41 2 25
27 1 40
38 1 143
53 1 26
40 1 8
16 2 27
81 1 26
16 2 24
103 1 50
85 1 82
196 1 47
51 1 42
17 2 45
207 1 17
61 1 140
25 1 222
89 1 46
25 1 92
25 1 101
143 6 63
106 1 44
75 1 46
82 1 52
58 1 16
50 1 207
89 2 63
17 2 33
16 1 17
50 2 25
16 2 37
43 2 46
79 1 43
8 1 81
101 1 207
30 1 207
16 1 27
53 2 56
23 1 47
70 2 143
33 1 16
8 2 37
79 2 63
226 1 8
261 1 38
16 2 84
79 1 38
58 1 8
72 2 43
35 2 42
26 1 16
24 2 38
23 2 20
8 2 41
101 1 26
89 1 41
47 1 43
17 2 35
25 2 261
207 1 35
18 2 42
8 1 48
106 1 16
53 2 25
75 1 38
17 2 58
207 1 33
142 1 26
30 2 40
35 2 36
41 2 38
42 1 16
8 2 55
38 1 101
106 1 28
63 1 41
63 1 226
16 2 81
38 1 170
16 1 8
51 1 35
207 1 8
51 1 18
54 2 38
26 1 35
8 2 24
16 1 35
56 1 38
28 1 8
25 1 22
8 5 16
55 2 38
196 2 79
46 2 226
47 1 46
8 2 17
134 2 46
207 1 58
8 1 16
38 1 196
22 2 143
35 2 45
99 2 140
101 2 22
101 2 142
? 1 github_java_program_data/19/23.java

85 2 101
51 1 85
85 1 38
33 1 16
33 1 27
80 2 101
35 2 16
58 2 17
25 1 61
101 2 103
71 1 38
36 2 8
50 2 56
22 2 196
211 1 196
51 1 22
85 1 25
24 1 23
25 1 170
35 2 17
23 1 106
8 7 16
207 2 253
27 2 8
92 1 53
58 1 84
49 2 22
92 1 50
89 1 8
28 2 16
58 1 8
140 1 25
82 2 38
17 2 16
8 2 33
50 2 76
47 1 28
22 1 26
92 1 99
26 1 17
80 1 8
132 1 92
26 2 35
38 1 61
51 1 101
196 2 170
33 2 16
226 1 16
253 1 26
40 1 26
8 2 84
37 2 50
45 2 16
183 1 50
226 2 8
38 1 85
207 2 211
25 1 70
54 2 38
50 2 38
89 1 43
64 1 53
106 1 8
63 1 24
99 1 25
38 1 92
8 1 48
17 2 8
8 2 48
61 1 132
52 1 26
35 2 101
92 2 61
92 1 56
16 2 37
63 1 25
51 1 70
53 1 26
99 2 71
38 1 22
16 2 52
26 1 58
24 2 25
26 1 45
101 1 207
61 1 53
8 2 41
103 1 38
48 1 207
16 2 81
22 2 253
49 1 46
45 2 35
25 1 103
37 1 106
196 2 70
170 2 22
41 1 20
48 1 26
16 2 35
47 1 226
8 2 35
24 1 20
63 1 8
47 1 16
16 1 81
63 1 46
54 1 50
85 1 54
35 2 196
45 2 36
26 2 211
16 7 8
82 1 53
26 1 33
253 1 207
103 1 50
37 2 53
61 1 99
54 2 25
70 1 101
85 2 61
26 1 36
25 1 196
89 1 226
17 2 36
37 1 207
170 2 196
33 1 8
207 1 64
30 1 26
99 2 132
253 1 101
26 1 183
38 1 63
46 2 8
207 1 36
70 2 85
52 1 207
56 2 140
211 1 35
106 1 16
40 1 207
26 1 8
211 1 253
196 1 106
50 2 99
70 1 35
47 1 52
35 2 8
22 1 207
170 1 106
43 2 226
207 1 45
253 1 80
50 1 26
28 1 16
20 1 47
35 2 183
99 1 38
8 2 58
27 1 30
8 2 81
16 1 48
89 1 25
211 2 80
8 1 35
45 2 8
16 2 17
26 2 253
49 1 8
81 1 207
47 1 37
129 1 26
53 1 207
20 1 106
40 2 30
16 2 84
92 1 71
82 1 37
76 1 207
196 2 222
41 1 23
36 2 17
16 5 8
8 2 27
61 1 56
207 1 16
106 1 37
54 1 37
47 1 8
8 2 17
47 2 106
106 1 226
51 1 253
140 1 38
70 1 38
25 1 60
61 1 50
106 1 52
36 2 16
211 1 207
51 1 211
41 2 25
27 1 40
37 1 26
16 2 27
81 1 26
170 2 85
53 2 129
222 1 53
196 1 47
17 2 45
207 1 17
61 1 140
25 1 222
8 2 16
8 4 16
25 1 92
25 1 101
253 1 211
16 4 8
37 1 47
226 2 16
58 1 16
101 2 211
50 1 207
35 2 36
89 2 63
16 1 17
20 2 23
70 1 82
8 1 81
82 1 129
30 1 207
51 1 49
53 2 99
53 2 56
23 1 47
54 1 76
53 2 38
8 2 24
170 1 47
8 2 37
226 1 8
47 1 27
8 2 52
16 2 8
8 1 17
26 1 16
101 1 26
89 1 41
211 1 26
207 1 35
22 2 101
38 1 89
222 1 38
207 1 33
30 2 40
23 2 20
8 2 45
38 1 101
106 1 28
16 2 48
63 1 226
38 1 170
16 1 8
207 1 8
22 2 70
8 2 38
26 1 35
196 2 101
16 1 35
28 2 8
56 1 38
28 1 8
25 1 22
8 5 16
253 2 22
46 2 226
58 2 35
56 1 25
84 1 40
207 1 58
8 1 16
35 2 45
101 2 22
49 1 38
? 1 github_java_program_data/19/24.java

33 2 35
89 1 16
28 2 16
33 1 27
89 1 24
35 2 16
8 4 16
16 2 52
53 2 38
24 1 23
25 1 170
23 1 106
22 1 207
16 2 41
58 1 84
89 1 8
58 1 8
63 1 28
17 2 16
49 2 89
47 1 28
31 1 41
43 2 28
26 1 17
28 2 8
84 1 40
84 1 30
89 1 46
196 2 170
75 1 25
8 7 16
226 1 16
40 1 26
8 2 84
44 1 26
226 2 8
207 1 36
89 1 43
8 2 35
16 2 17
46 1 30
8 1 35
16 2 25
42 2 18
160 1 40
46 1 40
16 2 37
16 5 8
25 1 49
16 1 84
222 2 143
18 2 75
49 1 16
26 1 58
24 2 25
31 2 89
20 2 23
101 1 207
170 1 47
8 2 41
38 1 101
16 2 81
63 1 43
70 2 22
46 2 43
70 1 54
142 6 63
41 1 20
46 2 25
54 2 38
16 2 35
47 1 226
24 1 20
63 1 8
47 1 16
16 2 84
63 1 46
75 1 8
26 1 33
207 1 45
24 2 38
25 1 196
17 2 36
37 1 207
170 2 196
89 1 226
41 2 160
30 1 26
58 1 27
41 2 46
143 1 26
51 1 75
63 1 16
196 2 101
46 2 8
17 2 8
17 2 35
106 1 16
40 1 207
26 1 35
49 1 25
25 1 222
33 1 84
25 1 63
47 1 52
35 2 8
18 1 16
170 1 106
43 2 226
35 2 33
30 1 8
170 2 31
28 1 16
20 1 47
27 1 30
89 1 25
143 6 89
89 2 63
63 1 38
8 2 44
47 1 37
24 2 46
53 1 207
20 1 106
40 2 30
63 1 25
207 1 8
38 1 142
160 2 38
143 1 207
33 1 8
8 2 27
207 1 16
31 1 25
63 2 89
47 1 8
8 2 17
63 1 160
106 1 226
70 1 38
106 1 52
41 2 25
27 1 40
38 1 143
196 2 143
37 1 26
40 1 8
16 2 27
142 1 207
16 2 24
222 1 53
196 1 47
51 1 42
25 1 89
196 1 106
89 1 46
25 1 70
106 1 44
226 2 16
58 1 16
31 1 16
17 2 33
16 1 17
16 4 8
207 1 17
8 1 81
89 1 38
30 1 207
16 1 27
35 2 58
23 1 47
33 1 16
8 2 37
52 1 106
226 1 8
8 2 52
75 1 46
8 1 17
8 2 25
26 1 16
101 1 26
25 1 143
52 1 26
207 1 35
18 2 42
222 1 38
17 2 58
207 1 33
42 1 16
106 1 28
63 1 41
63 1 226
38 1 170
16 1 8
106 1 8
51 1 18
63 1 46
26 1 8
8 2 24
16 1 35
28 1 8
25 1 22
8 5 16
46 2 226
25 1 31
207 1 58
8 1 16
38 1 196
54 1 52
? 1 github_java_program_data/19/27.java

38 1 103
85 1 38
28 2 16
33 1 27
35 2 16
58 2 17
22 2 196
16 2 52
25 1 170
23 1 106
92 1 53
58 1 84
89 1 8
58 1 8
103 2 92
82 2 38
17 2 16
54 2 38
47 1 28
22 1 26
26 1 17
28 2 8
84 1 40
84 1 30
38 1 61
196 2 170
8 7 16
24 1 20
40 1 26
8 2 84
226 2 8
28 1 16
16 4 8
207 1 36
196 2 85
89 1 43
8 2 35
16 2 17
46 2 16
63 1 24
99 1 25
8 1 35
8 1 48
17 2 8
8 2 48
38 1 63
8 2 38
92 1 56
16 2 37
16 5 8
37 1 26
26 1 58
24 2 25
50 2 25
101 1 207
8 2 41
103 1 38
48 1 207
16 2 81
63 1 43
35 2 17
38 1 92
70 1 54
8 5 16
170 2 22
41 1 20
48 1 26
16 2 35
47 1 226
226 1 16
89 1 25
89 1 41
47 1 16
106 1 8
45 2 17
52 2 53
16 7 8
16 2 24
222 1 25
82 1 53
26 1 33
207 1 45
37 2 53
43 2 8
26 1 36
25 1 196
37 1 207
170 2 196
89 1 226
16 1 8
46 2 8
25 1 143
52 1 207
16 2 84
106 1 16
85 2 143
40 1 207
61 1 99
38 1 222
26 1 35
50 2 99
47 1 52
35 2 8
22 1 207
170 1 106
43 2 226
35 2 33
50 1 26
25 1 85
20 1 47
92 2 61
27 1 30
8 2 81
16 1 48
28 1 46
89 2 63
49 1 8
81 1 207
43 2 16
53 1 207
20 1 106
63 1 25
33 1 16
76 1 207
143 1 207
36 2 17
33 1 8
8 2 27
207 1 16
222 2 92
106 1 37
92 2 101
54 1 37
47 1 8
30 1 26
129 1 26
54 1 129
70 1 38
61 1 50
222 1 50
54 1 53
41 2 25
27 1 40
53 1 26
16 2 27
81 1 26
53 2 129
103 1 50
85 1 82
196 1 47
17 2 45
207 1 17
8 4 16
25 1 70
25 1 101
143 6 63
37 1 47
226 2 16
82 1 52
58 1 16
50 1 207
17 2 33
226 1 43
16 1 17
20 2 23
8 1 81
41 1 23
51 1 49
53 2 56
82 1 76
58 2 35
63 1 16
8 2 37
52 1 106
226 1 8
8 2 52
170 2 70
8 1 17
26 1 16
30 1 207
101 1 26
45 2 35
52 1 26
207 1 35
38 1 89
50 2 38
17 2 58
207 1 33
35 2 36
38 1 101
106 1 28
16 2 48
63 1 226
22 2 101
207 1 8
26 1 8
49 1 46
16 1 35
56 1 38
28 1 8
25 1 22
53 2 76
56 1 25
8 2 17
207 1 58
8 1 16
106 1 226
35 2 45
49 1 38
? 1 github_java_program_data/19/30.java

17 2 35
38 1 103
89 1 16
85 1 38
63 1 16
33 1 27
89 1 24
35 2 16
50 2 99
46 2 38
61 2 101
8 4 16
16 2 48
16 2 52
53 2 38
24 1 23
25 1 170
23 1 106
22 1 207
16 2 41
8 2 52
92 1 53
58 1 84
89 1 8
28 2 16
58 1 8
63 1 28
46 2 25
82 2 38
17 2 16
49 2 89
50 2 76
47 1 28
22 1 26
31 1 41
47 1 44
18 2 42
26 1 17
28 2 8
84 1 40
84 1 30
89 1 46
38 1 61
196 2 170
8 7 16
226 1 16
40 1 26
8 2 84
37 2 50
226 2 8
24 2 160
16 2 25
28 1 16
16 4 8
196 2 85
89 1 43
8 2 35
106 1 8
89 1 28
8 1 35
38 1 89
17 2 8
8 2 48
42 2 18
160 1 30
103 1 25
160 1 40
46 1 40
92 1 56
16 2 37
16 5 8
63 2 89
53 1 26
16 1 84
222 2 143
18 2 75
49 1 16
26 1 58
31 2 89
26 1 45
101 1 207
8 2 41
8 2 44
35 2 36
48 1 207
16 2 81
63 1 43
70 2 22
70 1 54
37 1 106
142 6 63
41 1 20
207 1 17
48 1 26
16 2 35
47 1 226
24 1 20
63 1 8
25 1 142
47 1 16
16 1 81
63 1 46
54 1 50
85 2 142
75 1 8
38 1 22
26 1 33
207 1 45
70 1 25
89 1 160
61 1 99
36 2 35
50 2 129
26 1 36
25 1 196
89 1 226
17 2 36
37 1 207
170 2 196
42 1 16
41 2 160
30 1 26
58 1 27
143 1 26
75 1 38
51 1 75
38 1 63
46 2 8
8 1 81
170 2 101
52 1 207
8 1 84
106 1 16
40 1 207
101 2 196
26 1 35
49 1 25
33 1 84
25 1 63
52 1 47
47 1 52
35 2 8
18 1 16
170 1 106
43 2 226
35 2 33
52 2 50
30 1 8
170 2 31
50 1 26
25 1 85
20 1 47
99 1 38
27 1 30
8 2 81
53 2 25
16 1 48
89 1 25
143 6 89
16 2 17
103 1 53
44 1 207
63 1 38
170 2 70
81 1 207
47 1 37
24 2 46
53 1 207
20 1 106
63 1 25
38 1 142
82 1 37
76 1 207
160 2 38
226 2 16
36 2 17
33 1 8
8 2 27
207 1 16
160 2 25
31 1 25
106 1 37
47 1 8
8 2 17
63 1 160
106 1 226
54 1 129
61 1 50
106 1 52
140 1 25
89 2 63
41 2 25
27 1 40
38 1 143
37 1 26
40 1 8
53 2 56
16 2 27
81 1 26
142 1 207
16 2 24
222 1 53
85 1 82
196 1 47
51 1 42
17 2 45
25 1 89
61 1 140
25 1 222
38 1 49
89 1 46
25 1 92
25 1 101
196 2 101
129 1 207
58 1 16
50 1 207
31 1 16
17 2 33
16 1 17
20 2 23
43 2 46
207 1 36
89 1 38
30 1 207
16 1 27
35 2 58
82 1 76
23 1 47
70 2 143
33 1 16
8 2 37
226 1 8
16 2 84
75 1 46
8 1 17
26 1 16
24 2 38
101 1 26
45 2 35
33 2 17
25 1 143
52 1 26
207 1 35
8 1 48
222 1 38
82 1 50
17 2 58
207 1 33
8 1 16
30 2 40
54 2 25
41 2 38
38 1 70
38 1 101
106 1 28
63 1 41
63 1 226
38 1 170
16 1 8
46 2 28
207 1 8
51 1 18
8 2 38
26 1 8
8 2 24
16 1 35
56 1 38
28 1 8
25 1 22
8 5 16
46 2 226
25 1 31
103 2 61
207 1 58
142 1 26
38 1 196
35 2 45
99 2 140
54 1 52
? 1 github_java_program_data/19/36.java

33 2 35
31 1 46
89 1 16
33 1 16
33 1 27
89 1 24
35 2 16
58 2 17
170 2 92
16 1 48
25 1 61
71 1 38
50 2 56
16 2 48
16 2 52
53 2 38
24 1 23
25 1 170
22 1 207
8 2 52
92 1 53
58 1 84
196 2 31
226 2 16
28 2 16
58 1 8
40 1 26
17 2 16
47 1 28
22 1 26
31 1 41
18 2 42
92 1 99
26 1 17
28 2 8
84 1 40
84 1 30
89 1 46
38 1 61
71 1 207
196 2 170
64 2 35
8 7 16
226 1 16
63 1 28
8 2 84
37 2 50
42 2 49
35 2 33
226 2 8
16 4 8
207 1 36
41 2 25
89 1 43
8 2 35
106 1 8
103 2 143
99 1 25
8 1 35
17 2 8
8 2 48
42 2 18
61 1 132
45 2 17
46 1 40
92 1 56
56 1 26
63 2 89
37 1 26
99 2 71
26 1 58
143 6 63
64 1 50
31 2 89
20 2 23
101 1 207
64 1 71
8 2 41
103 1 38
48 1 207
16 2 81
49 1 46
35 2 17
70 1 54
170 2 22
41 1 20
16 2 35
47 1 226
24 1 20
63 1 8
16 1 81
47 1 16
16 2 17
63 1 46
54 1 50
16 7 8
38 1 22
26 1 33
89 1 226
70 1 25
61 1 99
132 2 140
24 2 38
50 2 129
26 1 36
25 1 196
17 2 36
37 1 207
170 2 196
33 1 8
30 1 26
50 2 99
46 2 226
196 2 22
143 1 26
46 2 8
25 1 143
35 2 58
52 1 207
56 2 140
25 1 89
222 1 38
40 1 207
101 2 196
26 1 35
49 1 25
46 2 38
196 1 106
25 1 63
43 2 46
47 1 52
35 2 8
18 1 16
170 1 106
43 2 226
207 1 45
50 1 26
92 1 140
20 1 47
99 1 38
27 1 30
8 2 81
25 1 103
222 2 61
22 2 101
89 2 63
103 1 53
56 2 71
49 1 8
81 1 207
47 1 37
132 1 92
24 2 46
53 1 207
20 1 106
40 2 30
63 1 25
31 1 8
22 2 70
41 1 23
16 5 8
8 2 27
61 1 56
207 1 16
31 1 25
106 1 37
54 1 37
47 1 8
8 2 17
47 2 106
129 1 26
54 1 129
140 1 38
196 2 103
61 1 71
106 1 52
61 1 50
140 1 25
22 2 170
38 1 70
27 1 40
53 1 26
16 2 27
64 1 56
81 1 26
16 2 24
222 1 53
196 1 47
51 1 42
17 2 45
207 1 17
61 1 140
25 1 222
89 1 46
28 1 16
25 1 101
35 2 64
37 1 47
101 2 170
58 1 16
50 1 207
16 1 17
26 1 45
16 2 37
8 2 37
8 1 81
89 1 38
30 1 207
51 1 49
53 2 99
53 2 56
23 1 47
170 1 47
56 1 25
226 1 8
16 2 84
8 5 16
8 1 17
8 2 25
26 1 16
23 2 20
101 1 26
47 1 43
17 2 35
52 1 26
26 1 64
207 1 35
8 1 48
106 1 16
17 2 58
207 1 33
35 2 36
54 2 25
42 1 16
38 1 101
106 1 28
63 1 41
33 2 17
38 1 170
16 1 8
46 2 28
207 1 8
51 1 18
26 1 8
16 1 35
8 4 16
28 1 8
25 1 22
170 2 222
56 2 132
106 1 226
25 1 31
207 1 58
8 1 16
38 1 196
35 2 45
25 1 92
? 1 github_java_program_data/19/37.java

17 2 35
38 1 103
89 1 16
85 1 38
33 1 16
33 1 27
89 1 24
35 2 16
50 2 99
46 2 38
8 4 16
16 2 48
16 2 52
53 2 38
24 1 23
25 1 170
23 1 106
38 1 70
16 2 41
92 1 53
58 1 84
89 1 8
40 1 16
8 1 17
40 1 26
82 2 38
17 2 16
43 2 226
50 2 76
47 1 28
22 1 26
31 1 41
43 2 28
26 1 17
28 2 8
84 1 40
84 1 30
89 1 46
38 1 61
196 2 170
8 7 16
226 1 16
63 1 28
8 2 84
63 1 8
226 2 8
24 2 160
61 2 101
28 1 16
16 4 8
196 2 85
89 1 43
8 2 35
106 1 8
46 2 16
89 1 28
46 1 30
8 1 35
38 1 89
16 2 84
8 2 48
42 2 18
103 1 25
160 1 40
46 1 40
92 1 56
16 2 37
63 2 89
53 1 26
16 1 84
222 2 143
18 2 75
26 1 58
31 2 89
26 1 45
89 1 38
45 2 35
8 2 41
8 2 44
35 2 36
38 1 101
16 2 81
63 1 43
70 2 22
35 2 17
70 1 54
37 1 106
196 2 70
41 1 20
46 2 25
48 1 26
16 2 35
47 1 226
24 1 20
89 1 25
25 1 142
47 1 16
16 1 81
63 1 46
54 1 50
85 2 142
16 7 8
38 1 22
16 2 38
26 1 33
207 1 45
70 1 25
89 1 160
61 1 99
36 2 35
50 2 129
26 1 36
25 1 196
89 1 226
17 2 36
37 1 207
170 2 196
18 1 8
33 1 8
41 2 160
30 1 26
143 1 26
75 1 38
51 1 75
63 1 16
38 1 63
8 1 81
170 2 101
170 2 22
207 1 17
106 1 16
40 1 207
101 2 196
26 1 8
49 1 25
48 1 207
33 1 84
25 1 63
43 2 46
47 1 52
35 2 8
22 1 207
170 1 106
42 1 8
35 2 33
170 2 31
50 1 26
25 1 85
20 1 47
99 1 38
27 1 30
8 2 81
53 2 25
30 1 8
143 6 89
89 2 63
103 1 53
44 1 207
63 1 38
49 1 8
16 2 17
47 1 37
24 2 46
28 2 16
53 1 207
20 1 106
40 2 30
63 1 25
207 1 8
38 1 142
82 1 37
76 1 207
160 2 38
226 2 16
36 2 17
16 5 8
8 2 27
207 1 16
160 2 25
31 1 25
106 1 37
54 1 37
47 1 8
8 2 17
63 1 160
129 1 26
54 1 129
61 1 50
106 1 52
140 1 25
41 2 25
27 1 40
38 1 143
37 1 26
40 1 8
53 2 56
16 2 27
81 1 26
142 1 207
16 2 24
222 1 53
85 1 82
196 1 47
51 1 42
17 2 45
25 1 89
61 1 140
25 1 222
38 1 49
89 1 46
25 1 92
25 1 101
106 1 44
75 1 46
58 1 16
17 2 8
50 1 207
17 2 33
16 1 17
20 2 23
207 1 36
101 1 207
30 1 207
82 1 50
35 2 58
82 1 76
46 2 28
49 2 89
70 2 143
170 1 47
8 2 37
226 1 8
35 1 8
8 2 52
8 1 84
58 1 8
8 2 25
35 2 42
26 1 16
24 2 38
170 2 103
101 1 26
37 2 50
33 2 17
25 1 143
52 1 26
207 1 35
18 2 42
8 1 48
222 1 38
16 1 27
17 2 58
207 1 33
8 1 16
142 6 63
54 2 25
41 2 38
58 1 27
75 1 16
52 1 207
106 1 28
63 1 41
63 1 226
38 1 170
16 1 8
51 1 35
31 1 8
51 1 18
26 1 35
8 2 24
16 1 35
56 1 38
28 1 8
25 1 22
8 5 16
46 2 226
106 1 226
25 1 31
103 2 61
207 1 58
142 1 26
38 1 196
35 2 45
99 2 140
? 1 github_java_program_data/19/43.java

17 2 35
33 2 35
38 1 103
89 1 16
170 1 47
129 1 26
89 1 24
35 2 16
50 2 99
46 2 38
8 4 16
16 2 52
25 1 170
22 2 61
75 1 16
89 2 49
101 2 143
8 2 52
92 1 53
89 2 63
53 2 25
196 2 31
89 1 8
40 1 16
58 1 8
40 1 26
17 2 16
43 2 226
54 2 38
23 1 47
22 1 26
31 1 41
43 2 28
26 1 17
63 1 226
84 1 40
35 1 8
89 1 46
38 1 61
196 2 170
75 1 25
8 7 16
63 1 28
8 2 84
226 2 8
24 2 160
16 2 25
28 1 16
16 4 8
207 1 36
89 1 43
8 2 35
106 1 8
46 2 16
27 1 40
99 1 25
46 1 30
8 1 35
8 1 48
17 2 8
8 2 48
42 2 18
160 1 30
103 1 25
46 1 40
92 1 56
16 2 37
8 2 24
25 1 49
37 1 26
18 2 75
49 1 16
26 1 58
24 2 25
26 1 45
101 1 207
45 2 35
50 2 38
35 2 36
48 1 207
30 1 16
63 1 43
46 2 43
25 1 207
35 2 17
70 1 54
142 6 63
38 1 196
41 1 20
48 1 26
16 2 35
47 1 226
226 1 16
63 1 8
16 1 81
47 1 16
38 1 92
63 1 46
196 2 89
16 2 24
16 7 8
38 1 22
16 2 38
26 1 33
207 1 45
33 2 17
37 2 53
89 1 160
61 1 99
143 1 207
24 2 38
49 1 43
26 1 36
25 1 196
17 2 36
37 1 207
170 2 196
18 1 8
89 1 226
41 2 160
75 1 46
41 2 46
143 1 26
51 1 75
38 1 63
25 1 143
52 1 207
56 2 140
207 1 17
106 1 16
40 1 207
43 2 8
38 1 222
26 1 35
33 1 84
25 1 63
43 2 46
47 1 52
35 2 8
22 1 207
170 1 106
42 1 8
35 2 33
16 2 41
92 1 140
89 1 28
27 1 30
8 2 81
8 1 27
16 1 48
89 1 25
22 2 101
143 6 89
16 2 17
103 1 53
63 1 38
81 1 207
43 2 16
47 1 37
24 2 46
28 2 16
53 1 207
20 1 106
40 2 30
63 1 25
38 1 142
41 1 23
36 2 17
33 1 8
8 2 27
33 1 16
89 1 41
222 2 92
106 1 37
63 2 89
54 1 37
47 1 8
30 1 26
26 1 200
54 1 129
196 2 101
140 1 38
70 1 38
61 1 50
106 1 52
222 1 50
200 1 25
54 1 53
22 2 170
41 2 25
63 1 24
53 1 26
16 2 27
81 1 26
53 2 129
196 1 47
51 1 42
17 2 45
31 1 38
196 1 106
89 1 46
25 1 70
25 1 101
37 1 47
226 2 16
92 2 22
58 1 16
50 1 207
16 5 8
17 2 33
226 1 43
16 1 17
20 2 23
8 2 37
8 1 81
106 1 46
89 1 38
30 1 207
53 2 56
47 1 28
103 2 142
63 1 16
47 1 46
226 1 8
16 2 84
170 2 70
8 1 17
35 2 42
26 1 16
31 2 63
101 1 26
207 1 16
47 1 43
8 1 84
52 1 26
207 1 35
18 2 42
38 1 89
38 1 31
25 1 89
200 1 41
17 2 58
207 1 33
8 1 16
41 2 38
58 1 27
222 1 38
38 1 101
106 1 28
16 2 48
31 1 16
16 2 81
38 1 170
16 1 8
51 1 35
207 1 8
51 1 18
63 1 46
26 1 8
49 1 46
16 1 35
28 2 8
160 2 25
28 1 8
25 1 22
8 5 16
46 2 226
56 1 25
8 2 17
207 1 58
142 1 26
106 1 226
84 1 30
46 2 28
35 2 45
35 2 58
101 2 22
49 1 38
? 1 github_java_program_data/19/44.java

33 2 35
130 1 16
89 1 16
52 1 17
85 1 38
28 2 16
33 1 27
89 1 24
35 2 16
58 2 17
50 2 99
25 1 61
50 2 56
16 2 48
26 1 33
16 2 52
24 1 23
25 1 170
8 2 55
16 2 41
92 1 53
58 1 84
196 2 31
55 2 25
92 1 50
226 2 16
58 1 8
61 2 101
103 2 92
82 2 38
17 2 16
50 2 76
23 1 47
22 1 26
31 1 41
43 2 28
26 1 17
28 2 8
84 1 40
84 1 30
196 2 170
8 7 16
40 1 26
8 2 84
37 2 50
55 1 130
226 2 8
25 1 70
207 1 36
89 1 43
8 2 35
16 2 17
99 1 25
8 1 35
16 2 84
8 2 48
103 1 25
92 1 56
16 2 37
16 5 8
63 2 89
56 1 25
26 1 58
24 2 25
31 2 89
26 1 45
89 1 38
170 1 47
35 2 26
50 2 38
35 2 36
48 1 207
16 2 81
63 1 43
16 2 27
31 1 43
46 2 43
35 2 17
70 1 54
8 5 16
170 2 22
41 1 20
48 1 26
16 2 35
47 1 226
16 1 81
47 1 16
106 1 8
45 2 17
37 1 17
85 1 54
52 2 53
16 2 24
16 7 8
82 1 53
38 1 22
207 1 45
33 2 17
37 2 53
61 1 99
36 2 35
26 1 36
25 1 196
53 2 56
37 1 207
170 2 196
89 1 226
54 2 38
16 1 8
196 2 22
143 1 26
63 1 16
25 1 143
17 2 26
70 2 85
52 1 207
56 2 140
207 1 17
106 1 16
85 2 143
76 1 26
106 2 47
26 1 8
49 1 25
25 1 222
25 1 63
47 1 52
35 2 8
22 1 207
170 1 106
43 2 226
35 2 33
50 1 26
92 1 140
89 1 28
27 1 30
8 2 81
53 2 25
16 1 48
89 1 25
89 2 63
103 1 53
49 1 55
49 1 8
81 1 207
43 2 16
53 1 207
20 1 106
63 1 25
82 1 37
76 1 207
25 1 103
36 2 17
33 1 8
8 2 27
207 1 16
31 1 25
106 1 37
54 1 37
47 1 8
30 1 26
47 2 106
129 1 26
54 1 129
140 1 38
70 1 38
61 1 50
222 1 50
82 2 25
54 1 53
41 2 25
27 1 40
37 1 26
222 2 22
81 1 26
53 2 129
70 1 25
85 1 82
196 1 47
101 2 85
17 2 45
25 1 89
196 1 106
89 1 46
25 1 85
25 1 101
143 6 63
37 1 47
82 1 52
92 2 22
58 1 16
17 2 8
26 2 35
50 1 207
31 1 16
17 2 33
16 1 17
16 4 8
8 2 37
70 1 82
8 1 81
101 1 207
30 1 207
51 1 49
82 1 50
35 2 58
82 1 76
47 1 28
58 2 35
33 1 16
47 1 46
226 1 8
170 2 70
8 1 17
26 1 16
24 2 38
8 2 17
101 1 26
45 2 35
17 2 35
52 1 26
207 1 35
8 1 48
222 1 38
17 2 58
207 1 33
101 2 92
54 2 25
40 1 207
17 2 36
38 1 101
106 1 28
63 1 41
63 1 226
38 1 170
22 2 101
207 1 8
22 2 70
26 1 35
207 2 17
16 1 35
8 4 16
56 1 38
28 1 8
25 1 22
53 2 76
46 2 226
106 1 226
25 1 31
207 1 58
8 1 16
38 1 196
35 2 45
25 1 92
54 1 52
52 1 35
? 1 github_java_program_data/19/45.java

130 1 16
30 1 26
85 1 38
28 2 16
33 1 27
35 2 16
101 2 103
61 2 101
50 2 56
53 2 38
24 1 23
25 1 170
38 1 70
222 2 101
92 1 53
58 1 84
92 1 50
89 1 8
26 1 45
16 4 8
140 1 25
17 2 16
54 2 38
47 1 28
22 1 26
43 2 28
26 1 17
26 1 16
84 1 40
84 1 30
38 1 61
101 2 70
196 2 170
8 7 16
226 1 16
40 1 26
8 2 84
55 1 130
22 2 92
28 1 16
207 1 36
8 2 55
89 1 43
8 2 35
16 2 17
63 1 24
46 1 30
101 2 22
8 1 48
17 2 8
8 2 48
45 2 17
92 2 61
92 1 56
226 2 8
16 2 37
53 1 26
26 1 58
50 2 25
101 1 207
170 1 47
8 2 41
103 1 38
48 1 207
16 2 81
35 2 17
38 1 92
16 1 48
41 1 20
46 2 25
48 1 26
16 2 35
47 1 226
24 1 20
16 1 81
47 1 16
106 1 8
38 1 63
54 1 50
85 1 54
52 2 53
196 2 89
16 7 8
222 1 25
82 1 53
38 1 22
207 1 45
70 1 25
61 1 99
36 2 35
50 2 129
26 1 36
25 1 196
17 2 36
170 2 196
33 1 8
16 1 8
63 1 16
196 2 101
25 1 143
52 1 207
56 2 140
23 2 20
222 1 38
76 1 26
106 2 47
26 1 8
50 2 99
16 2 52
35 2 8
22 1 207
170 1 106
8 4 16
50 1 26
92 1 140
89 1 28
99 1 38
27 1 30
81 1 207
25 1 103
22 2 85
89 1 25
70 2 101
89 2 63
103 1 53
49 1 55
49 1 8
8 2 81
47 1 37
24 2 46
53 1 207
20 1 106
40 2 30
63 1 25
41 1 23
16 5 8
8 2 27
207 1 16
222 2 92
106 1 37
61 2 92
47 1 8
8 2 17
47 2 106
106 1 226
54 1 129
53 2 76
61 1 50
106 1 52
222 1 50
82 2 25
41 2 25
27 1 40
37 1 26
16 2 27
81 1 26
16 2 24
222 1 53
196 1 47
17 2 45
207 1 17
196 1 106
52 2 50
25 1 85
25 1 101
129 1 207
82 1 52
92 2 22
58 1 16
50 1 207
20 2 23
8 2 37
70 1 82
8 1 81
30 1 207
51 1 49
53 2 56
82 1 76
23 1 47
33 1 16
47 1 46
52 1 106
226 1 8
16 2 84
8 5 16
58 1 8
170 2 22
101 1 26
89 1 41
17 2 35
207 1 35
38 1 89
106 1 16
207 1 33
30 2 40
35 2 36
40 1 207
38 1 101
106 1 28
16 2 48
63 1 226
22 2 101
38 1 222
207 1 8
63 1 46
26 1 35
28 2 8
56 1 38
28 1 8
25 1 22
55 2 38
46 2 226
56 1 25
226 2 16
207 1 58
8 1 16
38 1 196
35 2 45
54 1 52
49 1 38
? 1 github_java_program_data/19/46.java

30 1 26
28 2 16
33 1 27
35 2 16
58 2 17
71 1 38
50 2 56
22 2 196
16 2 52
53 2 38
25 1 170
23 1 106
8 2 52
92 1 53
58 1 84
92 1 50
89 1 8
8 1 17
140 1 25
17 2 16
43 2 226
47 1 28
92 1 99
26 1 17
28 2 8
84 1 40
84 1 30
38 1 61
196 2 170
8 7 16
226 1 16
40 1 26
8 2 84
226 2 8
222 2 142
142 6 89
16 4 8
89 1 43
8 2 35
106 1 8
63 1 24
103 2 143
8 1 35
8 1 48
17 2 8
8 2 48
38 1 63
8 2 38
92 1 56
16 2 37
16 5 8
170 2 103
26 1 58
24 2 25
20 2 23
101 1 207
61 1 53
8 2 41
103 1 38
38 1 101
49 1 46
38 1 92
25 1 103
41 1 20
48 1 26
16 2 35
47 1 226
24 1 20
63 1 8
25 1 142
47 1 16
16 1 81
63 1 46
16 7 8
38 1 22
26 1 33
207 1 45
33 2 17
61 1 99
35 2 49
26 1 36
33 1 16
17 2 36
37 1 207
170 2 196
89 1 226
196 1 47
143 1 26
46 2 8
8 1 81
61 1 71
170 2 22
89 2 63
106 1 16
40 1 207
53 2 99
25 1 222
47 1 52
35 2 8
22 1 207
170 1 106
71 1 25
35 2 33
50 1 26
92 1 140
20 1 47
99 1 38
26 1 8
27 1 30
81 1 207
16 1 48
89 1 25
25 1 196
16 2 17
103 1 53
56 2 71
49 1 8
8 2 81
47 1 37
35 1 16
20 1 106
92 1 71
196 2 222
53 1 207
33 1 8
8 2 27
61 1 56
207 1 16
106 1 37
61 2 92
47 1 8
8 2 17
106 1 226
63 1 25
61 1 50
106 1 52
41 2 25
27 1 40
53 1 26
16 2 27
81 1 26
142 1 207
222 1 53
16 1 8
17 2 45
207 1 17
61 1 140
196 1 106
8 4 16
28 1 16
25 1 101
143 6 63
226 2 16
58 1 16
50 1 207
17 2 33
16 1 17
26 1 45
25 1 143
41 1 23
51 1 49
35 2 58
170 1 47
8 2 37
226 1 8
16 2 84
58 1 8
26 1 16
30 1 207
101 1 26
89 1 41
52 1 26
207 1 35
38 1 89
222 1 38
17 2 58
207 1 33
106 1 28
16 2 48
63 1 226
22 2 101
51 1 35
207 1 8
26 1 35
8 2 24
16 1 35
56 1 38
28 1 8
25 1 22
46 2 226
56 1 25
8 5 16
207 1 58
8 1 16
35 2 45
99 2 140
101 2 22
49 1 38
? 1 github_java_program_data/19/50.java

33 2 35
89 1 16
28 2 16
33 1 27
89 1 24
35 2 16
8 4 16
16 2 52
53 2 38
24 1 23
25 1 170
23 1 106
22 1 207
16 2 41
58 1 84
89 1 8
58 1 8
63 1 28
17 2 16
49 2 89
47 1 28
31 1 41
43 2 28
26 1 17
28 2 8
84 1 40
84 1 30
89 1 46
196 2 170
75 1 25
8 7 16
226 1 16
40 1 26
8 2 84
44 1 26
226 2 8
207 1 36
89 1 43
8 2 35
16 2 17
46 1 30
8 1 35
16 2 25
42 2 18
160 1 40
46 1 40
16 2 37
16 5 8
25 1 49
16 1 84
222 2 143
18 2 75
49 1 16
26 1 58
24 2 25
31 2 89
20 2 23
101 1 207
170 1 47
8 2 41
38 1 101
16 2 81
63 1 43
70 2 22
46 2 43
70 1 54
142 6 63
41 1 20
46 2 25
54 2 38
16 2 35
47 1 226
24 1 20
63 1 8
47 1 16
16 2 84
63 1 46
75 1 8
26 1 33
207 1 45
24 2 38
25 1 196
17 2 36
37 1 207
170 2 196
89 1 226
41 2 160
30 1 26
58 1 27
41 2 46
143 1 26
51 1 75
63 1 16
196 2 101
46 2 8
17 2 8
17 2 35
106 1 16
40 1 207
26 1 35
49 1 25
25 1 222
33 1 84
25 1 63
47 1 52
35 2 8
18 1 16
170 1 106
43 2 226
35 2 33
30 1 8
170 2 31
28 1 16
20 1 47
27 1 30
89 1 25
143 6 89
89 2 63
63 1 38
8 2 44
47 1 37
24 2 46
53 1 207
20 1 106
40 2 30
63 1 25
207 1 8
38 1 142
160 2 38
143 1 207
33 1 8
8 2 27
207 1 16
31 1 25
63 2 89
47 1 8
8 2 17
63 1 160
106 1 226
70 1 38
106 1 52
41 2 25
27 1 40
38 1 143
196 2 143
37 1 26
40 1 8
16 2 27
142 1 207
16 2 24
222 1 53
196 1 47
51 1 42
25 1 89
196 1 106
89 1 46
25 1 70
106 1 44
226 2 16
58 1 16
31 1 16
17 2 33
16 1 17
16 4 8
207 1 17
8 1 81
89 1 38
30 1 207
16 1 27
35 2 58
23 1 47
33 1 16
8 2 37
52 1 106
226 1 8
8 2 52
75 1 46
8 1 17
8 2 25
26 1 16
101 1 26
25 1 143
52 1 26
207 1 35
18 2 42
222 1 38
17 2 58
207 1 33
42 1 16
106 1 28
63 1 41
63 1 226
38 1 170
16 1 8
106 1 8
51 1 18
63 1 46
26 1 8
8 2 24
16 1 35
28 1 8
25 1 22
8 5 16
46 2 226
25 1 31
207 1 58
8 1 16
38 1 196
54 1 52
? 1 github_java_program_data/19/52.java

85 2 101
51 1 85
85 1 38
33 1 16
33 1 27
80 2 101
35 2 16
58 2 17
25 1 61
101 2 103
71 1 38
36 2 8
50 2 56
22 2 196
211 1 196
51 1 22
85 1 25
24 1 23
25 1 170
35 2 17
23 1 106
8 7 16
207 2 253
27 2 8
92 1 53
58 1 84
49 2 22
92 1 50
89 1 8
28 2 16
58 1 8
140 1 25
82 2 38
17 2 16
8 2 33
50 2 76
47 1 28
22 1 26
92 1 99
26 1 17
80 1 8
132 1 92
26 2 35
38 1 61
51 1 101
196 2 170
33 2 16
226 1 16
253 1 26
40 1 26
8 2 84
37 2 50
45 2 16
183 1 50
226 2 8
38 1 85
207 2 211
25 1 70
54 2 38
50 2 38
89 1 43
64 1 53
106 1 8
63 1 24
99 1 25
38 1 92
8 1 48
17 2 8
8 2 48
61 1 132
52 1 26
35 2 101
92 2 61
92 1 56
16 2 37
63 1 25
51 1 70
53 1 26
99 2 71
38 1 22
16 2 52
26 1 58
24 2 25
26 1 45
101 1 207
61 1 53
8 2 41
103 1 38
48 1 207
16 2 81
22 2 253
49 1 46
45 2 35
25 1 103
37 1 106
196 2 70
170 2 22
41 1 20
48 1 26
16 2 35
47 1 226
8 2 35
24 1 20
63 1 8
47 1 16
16 1 81
63 1 46
54 1 50
85 1 54
35 2 196
45 2 36
26 2 211
16 7 8
82 1 53
26 1 33
253 1 207
103 1 50
37 2 53
61 1 99
54 2 25
70 1 101
85 2 61
26 1 36
25 1 196
89 1 226
17 2 36
37 1 207
170 2 196
33 1 8
207 1 64
30 1 26
99 2 132
253 1 101
26 1 183
38 1 63
46 2 8
207 1 36
70 2 85
52 1 207
56 2 140
211 1 35
106 1 16
40 1 207
26 1 8
211 1 253
196 1 106
50 2 99
70 1 35
47 1 52
35 2 8
22 1 207
170 1 106
43 2 226
207 1 45
253 1 80
50 1 26
28 1 16
20 1 47
35 2 183
99 1 38
8 2 58
27 1 30
8 2 81
16 1 48
89 1 25
211 2 80
8 1 35
45 2 8
16 2 17
26 2 253
49 1 8
81 1 207
47 1 37
129 1 26
53 1 207
20 1 106
40 2 30
16 2 84
92 1 71
82 1 37
76 1 207
196 2 222
41 1 23
36 2 17
16 5 8
8 2 27
61 1 56
207 1 16
106 1 37
54 1 37
47 1 8
8 2 17
47 2 106
106 1 226
51 1 253
140 1 38
70 1 38
25 1 60
61 1 50
106 1 52
36 2 16
211 1 207
51 1 211
41 2 25
27 1 40
37 1 26
16 2 27
81 1 26
170 2 85
53 2 129
222 1 53
196 1 47
17 2 45
207 1 17
61 1 140
25 1 222
8 2 16
8 4 16
25 1 92
25 1 101
253 1 211
16 4 8
37 1 47
226 2 16
58 1 16
101 2 211
50 1 207
35 2 36
89 2 63
16 1 17
20 2 23
70 1 82
8 1 81
82 1 129
30 1 207
51 1 49
53 2 99
53 2 56
23 1 47
54 1 76
53 2 38
8 2 24
170 1 47
8 2 37
226 1 8
47 1 27
8 2 52
16 2 8
8 1 17
26 1 16
101 1 26
89 1 41
211 1 26
207 1 35
22 2 101
38 1 89
222 1 38
207 1 33
30 2 40
23 2 20
8 2 45
38 1 101
106 1 28
16 2 48
63 1 226
38 1 170
16 1 8
207 1 8
22 2 70
8 2 38
26 1 35
196 2 101
16 1 35
28 2 8
56 1 38
28 1 8
25 1 22
8 5 16
253 2 22
46 2 226
58 2 35
56 1 25
84 1 40
207 1 58
8 1 16
35 2 45
101 2 22
49 1 38
? 1 github_java_program_data/19/54.java

89 1 16
30 1 26
28 2 16
33 1 27
35 2 16
58 2 17
50 2 99
25 1 61
71 1 38
50 2 56
22 2 196
16 2 52
24 1 23
26 1 8
38 1 70
16 2 41
92 1 53
58 1 84
92 1 50
226 2 16
8 1 17
140 1 25
17 2 16
47 1 28
22 1 26
43 2 28
92 1 99
26 1 17
28 2 8
84 1 40
8 7 16
226 1 16
63 1 28
8 2 84
226 2 8
40 1 26
16 4 8
89 1 43
8 2 35
106 1 8
8 1 35
33 2 17
8 2 48
16 2 37
53 1 26
222 2 143
26 1 58
143 6 63
26 1 45
89 1 38
170 1 47
61 1 53
35 2 36
48 1 207
16 2 81
49 1 46
35 2 17
38 1 92
70 1 54
41 1 20
48 1 26
16 2 35
47 1 226
24 1 20
63 1 8
16 1 81
47 1 16
101 2 22
63 1 46
52 2 53
196 2 89
16 7 8
222 1 25
38 1 22
26 1 33
207 1 45
143 1 207
24 2 38
26 1 36
25 1 196
41 2 38
37 1 207
33 1 8
16 1 8
46 2 8
8 1 81
170 2 70
25 1 89
106 1 16
40 1 207
38 1 222
26 1 35
49 1 25
25 1 63
47 1 52
35 2 8
22 1 207
35 2 33
50 1 26
92 1 140
89 1 28
99 1 38
27 1 30
8 2 81
16 1 48
16 2 17
56 2 71
63 1 38
49 1 8
81 1 207
47 1 37
53 1 207
20 1 106
196 2 222
35 1 16
16 5 8
8 2 27
61 1 56
207 1 16
106 1 37
47 1 8
8 2 17
47 2 106
106 1 226
54 1 129
52 1 207
61 1 71
106 1 52
61 1 50
54 1 53
63 1 24
38 1 143
37 1 26
53 2 56
16 2 27
81 1 26
53 2 129
70 1 25
196 1 47
17 2 45
207 1 17
196 1 106
8 4 16
28 1 16
25 1 101
101 2 170
58 1 16
17 2 8
50 1 207
89 2 63
17 2 33
16 1 17
50 2 25
207 1 36
101 1 207
30 1 207
51 1 49
35 2 58
23 1 47
58 2 35
33 1 16
8 2 37
52 1 106
226 1 8
16 2 84
58 1 8
8 2 25
26 1 16
23 2 20
101 1 26
89 1 41
52 1 26
207 1 35
8 1 48
35 2 49
17 2 58
207 1 33
222 1 50
54 2 25
17 2 36
38 1 101
106 1 28
16 2 48
38 1 170
22 2 101
51 1 35
207 1 8
53 2 99
8 2 24
16 1 35
28 1 8
25 1 22
56 1 25
8 5 16
207 1 58
8 1 16
38 1 196
46 2 28
35 2 45
99 2 140
54 1 52
? 1 github_java_program_data/19/56.java

38 1 103
89 1 16
33 1 16
33 1 27
35 2 16
58 2 17
50 2 99
25 1 61
101 2 103
50 2 56
16 2 52
24 1 23
25 1 170
23 1 106
8 2 52
92 1 53
58 1 84
92 1 50
89 1 8
40 1 16
58 1 8
61 1 71
53 2 99
99 2 140
17 2 16
47 1 28
22 1 26
92 1 99
26 1 17
28 2 8
84 1 40
84 1 30
25 1 89
38 1 61
223 1 207
8 7 16
226 1 16
63 1 28
8 2 84
42 2 49
226 2 8
222 2 142
40 1 26
16 4 8
207 1 36
89 1 43
8 2 35
16 2 17
63 1 24
99 1 25
8 1 35
43 2 46
8 2 48
103 1 25
92 1 132
92 1 56
38 1 144
16 2 37
8 2 24
63 2 89
53 1 26
53 1 207
26 1 58
24 2 25
20 2 23
89 1 38
61 1 53
8 2 41
35 2 36
48 1 207
30 1 16
63 1 43
53 2 25
45 2 35
38 1 92
142 6 63
41 1 20
48 1 26
16 2 35
47 1 226
24 1 20
63 1 8
25 1 142
16 1 81
47 1 16
106 1 8
63 1 46
16 7 8
38 1 22
26 1 33
207 1 45
61 1 99
143 1 207
36 2 35
26 1 36
25 1 196
89 1 226
17 2 36
37 1 207
170 2 196
33 1 8
50 2 38
30 1 26
58 1 27
196 2 22
63 1 16
196 2 101
46 2 8
8 1 81
89 1 25
52 1 207
207 1 17
222 1 38
40 1 207
106 2 47
26 1 35
92 2 196
49 1 25
196 1 106
33 1 84
25 1 63
47 1 52
35 2 8
22 1 207
170 1 106
71 1 25
35 2 33
16 2 41
50 1 26
92 1 140
20 1 47
27 1 30
8 2 81
8 1 27
16 1 48
30 1 8
143 6 89
92 2 170
103 1 53
56 2 71
196 1 47
63 1 38
49 1 8
81 1 207
47 1 37
28 2 16
35 1 16
40 2 30
25 1 223
63 1 25
41 1 23
36 2 17
16 5 8
8 2 27
61 1 56
207 1 16
106 1 37
61 2 92
47 1 8
8 2 17
47 2 106
106 1 226
140 1 38
61 1 50
106 1 52
222 1 50
22 2 170
41 2 25
27 1 40
38 1 143
37 1 26
16 2 27
81 1 26
16 2 24
16 1 8
51 1 42
17 2 45
132 1 61
25 1 222
89 1 46
28 1 16
25 1 101
170 2 222
226 2 16
58 1 16
17 2 8
50 1 207
89 2 63
17 2 33
16 1 17
26 1 45
25 1 143
101 1 207
30 1 207
51 1 49
16 1 27
53 2 56
46 2 28
196 2 61
170 1 47
8 2 37
226 1 8
16 2 84
8 1 17
8 2 25
35 2 42
26 1 16
24 2 38
101 1 26
89 1 41
8 1 84
52 1 26
207 1 35
8 1 48
106 1 16
17 2 58
207 1 33
8 1 16
30 2 40
23 2 20
41 2 38
42 1 16
38 1 101
106 1 28
16 2 48
16 2 81
22 2 101
51 1 35
144 1 26
207 1 8
26 1 8
49 1 46
16 1 35
8 4 16
56 1 38
28 1 8
25 1 22
46 2 226
56 2 132
56 1 25
8 5 16
207 1 58
142 1 26
38 1 196
35 2 45
25 1 92
101 2 22
? 1 github_java_program_data/19/59.java

17 2 35
38 1 103
89 1 16
28 2 16
33 1 27
35 2 16
58 2 17
25 1 61
99 2 71
50 2 56
16 2 52
53 2 38
24 1 23
25 1 170
23 1 106
8 7 16
16 2 41
92 1 53
58 1 84
92 1 50
226 2 16
8 1 17
17 2 16
43 2 226
47 1 28
22 1 26
92 1 99
26 1 17
26 1 16
84 1 40
84 1 30
196 2 170
51 1 63
226 1 16
40 1 26
8 2 84
226 2 8
101 1 26
142 6 89
16 4 8
89 1 43
8 2 35
16 2 17
63 1 24
8 1 35
17 2 8
8 2 48
103 1 25
92 1 132
92 1 56
16 5 8
37 1 26
26 1 58
20 2 23
101 1 207
170 1 47
61 1 53
35 2 36
48 1 207
16 2 81
63 1 43
46 2 43
35 2 17
38 1 92
41 1 20
48 1 26
16 2 35
47 1 226
24 1 20
25 1 142
16 1 81
47 1 16
106 1 8
63 1 46
16 7 8
38 1 22
26 1 33
207 1 45
143 1 207
24 2 38
26 1 36
25 1 196
22 2 222
37 1 207
89 1 226
30 1 26
99 2 132
63 1 16
196 2 101
207 1 36
52 1 207
56 2 140
207 1 17
222 1 38
40 1 207
106 2 47
26 1 35
196 1 106
50 2 99
47 1 52
35 2 8
22 1 207
22 2 103
71 1 25
35 2 33
8 4 16
50 1 26
92 1 140
20 1 47
99 1 38
81 1 207
53 2 25
16 1 48
89 1 25
22 2 101
89 2 63
103 1 53
63 1 38
8 2 81
53 1 207
20 1 106
92 1 71
106 1 16
41 1 23
33 1 8
8 2 27
61 1 56
207 1 16
106 1 37
92 2 101
47 1 8
8 2 17
47 2 106
106 1 226
140 1 38
61 1 50
41 2 25
27 1 40
53 1 26
16 2 27
81 1 26
16 2 24
222 1 53
196 1 47
17 2 45
132 1 61
61 1 140
25 1 222
89 1 46
28 1 16
25 1 101
16 1 17
58 1 16
50 1 207
17 2 33
51 1 89
26 1 45
8 1 81
30 1 207
53 2 56
23 1 47
58 2 35
33 1 16
8 2 37
226 1 8
16 2 84
58 1 8
170 2 22
222 2 142
89 1 41
25 1 143
52 1 26
207 1 35
8 1 48
207 1 58
17 2 58
207 1 33
142 1 26
30 2 40
17 2 36
38 1 101
106 1 28
63 1 226
16 1 8
207 1 8
26 1 8
16 1 35
28 2 8
28 1 8
25 1 22
56 1 25
8 5 16
22 2 61
8 1 16
38 1 196
25 1 92
101 2 22
132 2 140
? 1 github_java_program_data/19/61.java

38 1 103
89 1 16
28 2 16
33 1 27
35 2 16
25 1 61
101 2 103
71 1 38
50 2 56
22 2 196
16 2 52
24 1 23
25 1 170
23 1 106
16 2 41
92 1 53
58 1 84
92 1 50
226 2 16
16 4 8
140 1 25
17 2 16
54 2 38
47 1 28
22 1 26
92 1 99
26 1 17
28 2 8
132 1 92
35 1 8
38 1 61
196 2 170
8 7 16
24 1 20
40 1 26
37 2 50
226 2 8
28 1 16
89 1 43
8 2 35
16 2 17
46 2 16
99 1 25
16 1 81
8 1 48
17 2 8
8 2 48
61 1 132
103 1 25
92 2 61
92 1 56
16 2 37
16 5 8
63 2 89
37 1 26
49 1 16
26 1 58
20 2 23
101 1 207
170 1 47
61 1 53
35 2 36
48 1 207
16 2 81
63 1 43
70 2 22
45 2 17
38 1 92
70 1 54
170 2 22
41 1 20
48 1 26
16 2 35
47 1 226
226 1 16
47 1 16
106 1 8
38 1 63
54 1 50
16 7 8
222 1 25
38 1 22
16 2 38
26 1 33
207 1 45
61 1 99
36 2 35
50 2 129
26 1 36
25 1 196
17 2 36
37 1 207
170 2 196
89 1 226
30 1 26
99 2 132
222 2 22
63 1 16
196 2 101
207 1 36
25 1 92
52 1 207
56 2 140
23 2 20
106 1 16
101 2 196
106 2 47
26 1 8
196 1 106
50 2 99
43 2 46
47 1 52
35 2 8
22 1 207
170 1 106
24 2 38
92 1 140
20 1 47
99 1 38
27 1 30
81 1 207
53 2 25
16 1 48
89 1 25
8 1 35
89 2 63
103 1 53
56 2 71
63 1 38
8 2 81
47 1 37
26 1 35
40 2 30
16 2 84
196 2 222
41 1 23
36 2 17
33 1 8
8 2 27
61 1 56
207 1 16
106 1 37
54 1 37
47 1 8
8 2 17
129 1 26
54 1 129
70 1 38
61 1 71
106 1 52
61 1 50
41 2 25
63 1 24
53 1 26
16 2 27
81 1 26
16 2 24
222 1 53
196 1 47
17 2 45
207 1 17
61 1 140
25 1 222
89 1 46
25 1 70
25 1 101
37 1 47
58 1 16
50 1 207
17 2 33
16 1 17
26 1 45
8 1 81
30 1 207
51 1 49
53 2 56
23 1 47
33 1 16
8 2 37
226 1 8
8 2 52
8 5 16
8 1 17
26 1 16
101 1 26
89 1 41
17 2 35
52 1 26
207 1 35
38 1 89
35 2 49
17 2 58
207 1 33
30 2 40
84 1 30
38 1 101
106 1 28
16 2 48
63 1 226
38 1 170
22 2 101
51 1 35
207 1 8
22 2 70
53 2 99
49 1 46
16 1 35
8 4 16
56 1 38
28 1 8
25 1 22
63 1 46
46 2 226
56 1 25
84 1 40
16 1 8
207 1 58
8 1 16
106 1 226
38 1 196
35 2 45
99 2 140
101 2 22
49 1 38
? 1 github_java_program_data/19/68.java

17 2 35
33 2 35
38 1 103
89 1 16
170 1 47
129 1 26
89 1 24
35 2 16
50 2 99
46 2 38
8 4 16
16 2 52
25 1 170
22 2 61
75 1 16
89 2 49
101 2 143
8 2 52
92 1 53
89 2 63
53 2 25
196 2 31
89 1 8
40 1 16
58 1 8
40 1 26
17 2 16
43 2 226
54 2 38
23 1 47
22 1 26
31 1 41
43 2 28
26 1 17
63 1 226
84 1 40
35 1 8
89 1 46
38 1 61
196 2 170
75 1 25
8 7 16
63 1 28
8 2 84
226 2 8
24 2 160
16 2 25
28 1 16
16 4 8
207 1 36
89 1 43
8 2 35
106 1 8
46 2 16
27 1 40
99 1 25
46 1 30
8 1 35
8 1 48
17 2 8
8 2 48
42 2 18
160 1 30
103 1 25
46 1 40
92 1 56
16 2 37
8 2 24
25 1 49
37 1 26
18 2 75
49 1 16
26 1 58
24 2 25
26 1 45
101 1 207
45 2 35
50 2 38
35 2 36
48 1 207
30 1 16
63 1 43
46 2 43
25 1 207
35 2 17
70 1 54
142 6 63
38 1 196
41 1 20
48 1 26
16 2 35
47 1 226
226 1 16
63 1 8
16 1 81
47 1 16
38 1 92
63 1 46
196 2 89
16 2 24
16 7 8
38 1 22
16 2 38
26 1 33
207 1 45
33 2 17
37 2 53
89 1 160
61 1 99
143 1 207
24 2 38
49 1 43
26 1 36
25 1 196
17 2 36
37 1 207
170 2 196
18 1 8
89 1 226
41 2 160
75 1 46
41 2 46
143 1 26
51 1 75
38 1 63
25 1 143
52 1 207
56 2 140
207 1 17
106 1 16
40 1 207
43 2 8
38 1 222
26 1 35
33 1 84
25 1 63
43 2 46
47 1 52
35 2 8
22 1 207
170 1 106
42 1 8
35 2 33
16 2 41
92 1 140
89 1 28
27 1 30
8 2 81
8 1 27
16 1 48
89 1 25
22 2 101
143 6 89
16 2 17
103 1 53
63 1 38
81 1 207
43 2 16
47 1 37
24 2 46
28 2 16
53 1 207
20 1 106
40 2 30
63 1 25
38 1 142
41 1 23
36 2 17
33 1 8
8 2 27
33 1 16
89 1 41
222 2 92
106 1 37
63 2 89
54 1 37
47 1 8
30 1 26
26 1 200
54 1 129
196 2 101
140 1 38
70 1 38
61 1 50
106 1 52
222 1 50
200 1 25
54 1 53
22 2 170
41 2 25
63 1 24
53 1 26
16 2 27
81 1 26
53 2 129
196 1 47
51 1 42
17 2 45
31 1 38
196 1 106
89 1 46
25 1 70
25 1 101
37 1 47
226 2 16
92 2 22
58 1 16
50 1 207
16 5 8
17 2 33
226 1 43
16 1 17
20 2 23
8 2 37
8 1 81
106 1 46
89 1 38
30 1 207
53 2 56
47 1 28
103 2 142
63 1 16
47 1 46
226 1 8
16 2 84
170 2 70
8 1 17
35 2 42
26 1 16
31 2 63
101 1 26
207 1 16
47 1 43
8 1 84
52 1 26
207 1 35
18 2 42
38 1 89
38 1 31
25 1 89
200 1 41
17 2 58
207 1 33
8 1 16
41 2 38
58 1 27
222 1 38
38 1 101
106 1 28
16 2 48
31 1 16
16 2 81
38 1 170
16 1 8
51 1 35
207 1 8
51 1 18
63 1 46
26 1 8
49 1 46
16 1 35
28 2 8
160 2 25
28 1 8
25 1 22
8 5 16
46 2 226
56 1 25
8 2 17
207 1 58
142 1 26
106 1 226
84 1 30
46 2 28
35 2 45
35 2 58
101 2 22
49 1 38
? 1 github_java_program_data/19/74.java

130 1 16
30 1 26
85 1 38
28 2 16
33 1 27
35 2 16
101 2 103
61 2 101
50 2 56
53 2 38
24 1 23
25 1 170
38 1 70
222 2 101
92 1 53
58 1 84
92 1 50
89 1 8
26 1 45
16 4 8
140 1 25
17 2 16
54 2 38
47 1 28
22 1 26
43 2 28
26 1 17
26 1 16
84 1 40
84 1 30
38 1 61
101 2 70
196 2 170
8 7 16
226 1 16
40 1 26
8 2 84
55 1 130
22 2 92
28 1 16
207 1 36
8 2 55
89 1 43
8 2 35
16 2 17
63 1 24
46 1 30
101 2 22
8 1 48
17 2 8
8 2 48
45 2 17
92 2 61
92 1 56
226 2 8
16 2 37
53 1 26
26 1 58
50 2 25
101 1 207
170 1 47
8 2 41
103 1 38
48 1 207
16 2 81
35 2 17
38 1 92
16 1 48
41 1 20
46 2 25
48 1 26
16 2 35
47 1 226
24 1 20
16 1 81
47 1 16
106 1 8
38 1 63
54 1 50
85 1 54
52 2 53
196 2 89
16 7 8
222 1 25
82 1 53
38 1 22
207 1 45
70 1 25
61 1 99
36 2 35
50 2 129
26 1 36
25 1 196
17 2 36
170 2 196
33 1 8
16 1 8
63 1 16
196 2 101
25 1 143
52 1 207
56 2 140
23 2 20
222 1 38
76 1 26
106 2 47
26 1 8
50 2 99
16 2 52
35 2 8
22 1 207
170 1 106
8 4 16
50 1 26
92 1 140
89 1 28
99 1 38
27 1 30
81 1 207
25 1 103
22 2 85
89 1 25
70 2 101
89 2 63
103 1 53
49 1 55
49 1 8
8 2 81
47 1 37
24 2 46
53 1 207
20 1 106
40 2 30
63 1 25
41 1 23
16 5 8
8 2 27
207 1 16
222 2 92
106 1 37
61 2 92
47 1 8
8 2 17
47 2 106
106 1 226
54 1 129
53 2 76
61 1 50
106 1 52
222 1 50
82 2 25
41 2 25
27 1 40
37 1 26
16 2 27
81 1 26
16 2 24
222 1 53
196 1 47
17 2 45
207 1 17
196 1 106
52 2 50
25 1 85
25 1 101
129 1 207
82 1 52
92 2 22
58 1 16
50 1 207
20 2 23
8 2 37
70 1 82
8 1 81
30 1 207
51 1 49
53 2 56
82 1 76
23 1 47
33 1 16
47 1 46
52 1 106
226 1 8
16 2 84
8 5 16
58 1 8
170 2 22
101 1 26
89 1 41
17 2 35
207 1 35
38 1 89
106 1 16
207 1 33
30 2 40
35 2 36
40 1 207
38 1 101
106 1 28
16 2 48
63 1 226
22 2 101
38 1 222
207 1 8
63 1 46
26 1 35
28 2 8
56 1 38
28 1 8
25 1 22
55 2 38
46 2 226
56 1 25
226 2 16
207 1 58
8 1 16
38 1 196
35 2 45
54 1 52
49 1 38
? 1 github_java_program_data/19/76.java

33 2 35
89 1 16
28 2 16
33 1 27
35 2 16
50 2 99
25 1 61
46 2 38
50 2 56
16 2 52
24 1 23
25 1 170
23 1 106
22 1 207
16 2 41
222 2 101
8 2 52
58 1 84
92 1 50
89 1 8
8 1 17
40 1 26
99 2 140
8 1 81
17 2 16
71 1 25
47 1 28
22 1 26
43 2 28
92 1 99
26 1 17
170 2 22
132 1 92
84 1 30
89 1 46
38 1 61
196 2 170
8 7 16
226 1 16
63 1 28
8 2 84
226 2 8
16 4 8
89 1 43
8 2 35
16 2 17
63 1 24
99 1 25
46 1 30
8 1 35
17 2 8
8 2 48
42 2 18
61 1 132
33 2 17
92 1 56
16 2 37
63 2 89
53 1 26
222 2 143
26 1 58
24 2 25
26 1 45
101 1 207
170 1 47
61 1 53
8 2 41
103 1 38
48 1 207
16 2 81
49 1 46
46 2 43
25 1 103
41 1 20
48 1 26
16 2 35
47 1 226
24 1 20
63 1 8
25 1 142
16 1 81
47 1 16
106 1 8
63 1 46
196 2 89
16 7 8
222 1 25
38 1 22
26 1 33
207 1 45
103 1 50
61 1 99
24 2 38
26 1 36
25 1 196
17 2 36
37 1 207
170 2 196
33 1 8
92 2 61
30 1 26
46 2 226
41 2 46
99 2 132
143 1 26
196 2 101
46 2 8
25 1 143
52 1 207
56 2 140
25 1 89
106 1 16
40 1 207
101 2 196
38 1 222
26 1 35
49 1 25
25 1 63
47 1 52
35 2 8
18 1 16
170 1 106
43 2 226
35 2 33
8 4 16
50 1 26
92 1 140
89 1 28
99 1 38
27 1 30
53 2 25
16 1 48
89 1 25
89 2 63
56 2 71
196 1 47
63 1 38
49 1 8
47 1 37
53 1 207
20 1 106
40 2 30
63 1 25
196 2 222
143 1 207
16 5 8
8 2 27
61 1 56
89 1 41
170 2 143
106 1 37
47 1 8
8 2 17
106 1 226
140 1 38
196 2 103
61 1 71
106 1 52
140 1 25
41 2 25
27 1 40
38 1 143
37 1 26
53 2 56
16 2 27
81 1 26
222 1 53
16 1 8
51 1 42
17 2 45
207 1 17
61 1 140
196 1 106
89 1 46
28 1 16
25 1 101
143 6 63
226 2 16
101 2 170
58 1 16
50 1 207
17 2 33
16 1 17
20 2 23
207 1 36
106 1 46
89 1 38
41 1 23
51 1 49
53 2 99
35 2 58
23 1 47
35 2 36
33 1 16
8 2 37
226 1 8
16 2 84
8 5 16
58 1 8
8 2 25
26 1 16
30 1 207
101 1 26
207 1 16
47 1 43
17 2 35
52 1 26
207 1 35
8 1 48
50 2 38
18 2 49
17 2 58
207 1 33
8 1 16
30 2 40
23 2 20
42 1 16
38 1 101
106 1 28
63 1 226
38 1 170
22 2 101
46 2 28
106 2 47
207 1 8
51 1 18
26 1 8
8 2 24
16 1 35
28 2 8
56 1 38
28 1 8
25 1 22
170 2 222
84 1 40
207 1 58
142 1 26
38 1 196
35 2 45
25 1 92
101 2 22
? 1 github_java_program_data/19/79.java

33 2 35
16 1 8
43 2 46
47 1 52
170 1 106
63 1 16
33 1 27
35 2 16
25 1 92
20 1 47
25 1 61
99 1 38
50 2 99
25 1 143
8 4 16
16 1 48
226 1 46
28 1 46
43 2 16
25 1 170
61 1 99
23 1 106
51 1 35
49 1 55
63 1 38
16 2 17
92 1 53
58 1 84
16 2 41
53 1 207
28 2 16
41 1 20
63 1 28
38 1 142
17 2 16
41 1 23
47 1 28
26 1 35
8 2 27
207 1 16
170 2 143
106 1 37
28 2 8
47 1 8
8 2 17
35 1 8
106 1 226
131 1 8
61 2 196
196 2 170
28 1 43
16 2 55
61 1 50
106 1 52
43 2 8
89 2 63
41 2 25
63 1 24
89 1 72
72 1 16
37 1 26
16 2 27
81 1 26
8 2 35
106 1 8
46 2 16
16 2 24
55 2 25
8 1 35
89 1 16
17 2 8
207 1 17
226 1 43
196 1 106
45 2 17
89 1 46
28 1 16
92 2 61
92 1 56
16 2 37
226 2 16
196 2 142
50 1 207
49 1 16
26 1 58
16 1 17
20 2 23
26 1 45
72 2 46
8 1 81
143 6 89
143 1 207
51 1 49
35 2 36
53 2 56
16 2 81
46 2 28
63 1 43
46 2 43
33 1 16
226 1 8
8 2 52
35 2 49
8 1 17
8 2 84
47 1 226
24 1 20
89 1 25
16 4 8
89 1 41
47 1 16
16 1 81
63 1 46
207 1 35
106 1 16
35 2 45
55 1 131
207 1 33
142 1 26
142 6 63
26 1 33
207 1 45
52 1 207
106 1 28
24 2 38
25 1 63
49 1 43
26 1 36
25 1 196
89 1 226
207 1 8
33 1 8
196 1 47
49 1 46
143 1 26
28 1 8
8 2 48
46 2 8
207 1 36
46 2 226
56 1 25
8 5 16
25 1 89
207 1 58
8 1 16
38 1 196
26 1 8
35 2 58
58 1 8
49 1 25
? 1 github_java_program_data/19/81.java

33 2 35
89 1 16
28 2 16
33 1 27
89 1 24
35 2 16
8 4 16
16 2 52
53 2 38
24 1 23
25 1 170
23 1 106
22 1 207
16 2 41
58 1 84
89 1 8
58 1 8
63 1 28
17 2 16
49 2 89
47 1 28
31 1 41
43 2 28
26 1 17
28 2 8
84 1 40
84 1 30
89 1 46
196 2 170
75 1 25
8 7 16
226 1 16
40 1 26
8 2 84
44 1 26
226 2 8
207 1 36
89 1 43
8 2 35
16 2 17
46 1 30
8 1 35
16 2 25
42 2 18
160 1 40
46 1 40
16 2 37
16 5 8
25 1 49
16 1 84
222 2 143
18 2 75
49 1 16
26 1 58
24 2 25
31 2 89
20 2 23
101 1 207
170 1 47
8 2 41
38 1 101
16 2 81
63 1 43
70 2 22
46 2 43
70 1 54
142 6 63
41 1 20
46 2 25
54 2 38
16 2 35
47 1 226
24 1 20
63 1 8
47 1 16
16 2 84
63 1 46
75 1 8
26 1 33
207 1 45
24 2 38
25 1 196
17 2 36
37 1 207
170 2 196
89 1 226
41 2 160
30 1 26
58 1 27
41 2 46
143 1 26
51 1 75
63 1 16
196 2 101
46 2 8
17 2 8
17 2 35
106 1 16
40 1 207
26 1 35
49 1 25
25 1 222
33 1 84
25 1 63
47 1 52
35 2 8
18 1 16
170 1 106
43 2 226
35 2 33
30 1 8
170 2 31
28 1 16
20 1 47
27 1 30
89 1 25
143 6 89
89 2 63
63 1 38
8 2 44
47 1 37
24 2 46
53 1 207
20 1 106
40 2 30
63 1 25
207 1 8
38 1 142
160 2 38
143 1 207
33 1 8
8 2 27
207 1 16
31 1 25
63 2 89
47 1 8
8 2 17
63 1 160
106 1 226
70 1 38
106 1 52
41 2 25
27 1 40
38 1 143
196 2 143
37 1 26
40 1 8
16 2 27
142 1 207
16 2 24
222 1 53
196 1 47
51 1 42
25 1 89
196 1 106
89 1 46
25 1 70
106 1 44
226 2 16
58 1 16
31 1 16
17 2 33
16 1 17
16 4 8
207 1 17
8 1 81
89 1 38
30 1 207
16 1 27
35 2 58
23 1 47
33 1 16
8 2 37
52 1 106
226 1 8
8 2 52
75 1 46
8 1 17
8 2 25
26 1 16
101 1 26
25 1 143
52 1 26
207 1 35
18 2 42
222 1 38
17 2 58
207 1 33
42 1 16
106 1 28
63 1 41
63 1 226
38 1 170
16 1 8
106 1 8
51 1 18
63 1 46
26 1 8
8 2 24
16 1 35
28 1 8
25 1 22
8 5 16
46 2 226
25 1 31
207 1 58
8 1 16
38 1 196
54 1 52
? 1 github_java_program_data/19/82.java

33 2 35
89 1 16
28 2 16
33 1 27
89 1 24
35 2 16
8 4 16
16 2 52
53 2 38
24 1 23
25 1 170
23 1 106
22 1 207
16 2 41
58 1 84
89 1 8
58 1 8
63 1 28
17 2 16
49 2 89
47 1 28
31 1 41
43 2 28
26 1 17
28 2 8
84 1 40
84 1 30
89 1 46
196 2 170
75 1 25
8 7 16
226 1 16
40 1 26
8 2 84
44 1 26
226 2 8
207 1 36
89 1 43
8 2 35
16 2 17
46 1 30
8 1 35
16 2 25
42 2 18
160 1 40
46 1 40
16 2 37
16 5 8
25 1 49
16 1 84
222 2 143
18 2 75
49 1 16
26 1 58
24 2 25
31 2 89
20 2 23
101 1 207
170 1 47
8 2 41
38 1 101
16 2 81
63 1 43
70 2 22
46 2 43
70 1 54
142 6 63
41 1 20
46 2 25
54 2 38
16 2 35
47 1 226
24 1 20
63 1 8
47 1 16
16 2 84
63 1 46
75 1 8
26 1 33
207 1 45
24 2 38
25 1 196
17 2 36
37 1 207
170 2 196
89 1 226
41 2 160
30 1 26
58 1 27
41 2 46
143 1 26
51 1 75
63 1 16
196 2 101
46 2 8
17 2 8
17 2 35
106 1 16
40 1 207
26 1 35
49 1 25
25 1 222
33 1 84
25 1 63
47 1 52
35 2 8
18 1 16
170 1 106
43 2 226
35 2 33
30 1 8
170 2 31
28 1 16
20 1 47
27 1 30
89 1 25
143 6 89
89 2 63
63 1 38
8 2 44
47 1 37
24 2 46
53 1 207
20 1 106
40 2 30
63 1 25
207 1 8
38 1 142
160 2 38
143 1 207
33 1 8
8 2 27
207 1 16
31 1 25
63 2 89
47 1 8
8 2 17
63 1 160
106 1 226
70 1 38
106 1 52
41 2 25
27 1 40
38 1 143
196 2 143
37 1 26
40 1 8
16 2 27
142 1 207
16 2 24
222 1 53
196 1 47
51 1 42
25 1 89
196 1 106
89 1 46
25 1 70
106 1 44
226 2 16
58 1 16
31 1 16
17 2 33
16 1 17
16 4 8
207 1 17
8 1 81
89 1 38
30 1 207
16 1 27
35 2 58
23 1 47
33 1 16
8 2 37
52 1 106
226 1 8
8 2 52
75 1 46
8 1 17
8 2 25
26 1 16
101 1 26
25 1 143
52 1 26
207 1 35
18 2 42
222 1 38
17 2 58
207 1 33
42 1 16
106 1 28
63 1 41
63 1 226
38 1 170
16 1 8
106 1 8
51 1 18
63 1 46
26 1 8
8 2 24
16 1 35
28 1 8
25 1 22
8 5 16
46 2 226
25 1 31
207 1 58
8 1 16
38 1 196
54 1 52
? 1 github_java_program_data/19/87.java

17 2 35
89 1 16
170 1 47
33 1 27
89 1 24
35 2 16
58 2 17
99 1 207
25 1 61
71 1 38
50 2 56
22 2 196
16 2 48
16 2 52
85 1 25
24 1 23
25 1 170
23 1 106
8 7 16
22 1 207
16 2 41
58 1 84
16 5 8
196 2 31
92 1 50
89 1 8
28 2 16
8 1 17
40 1 26
103 2 92
17 2 16
43 2 226
54 2 38
23 1 47
22 1 26
31 1 41
64 1 99
18 2 42
92 1 99
26 1 17
28 2 8
84 1 40
84 1 30
89 1 46
101 2 70
196 2 170
64 2 35
28 1 43
24 1 20
63 1 28
8 2 84
226 2 8
38 1 85
28 1 16
16 4 8
207 1 36
89 1 43
8 2 35
106 1 8
99 1 25
46 1 30
8 1 35
38 1 89
17 2 8
23 2 20
42 2 18
38 1 63
92 1 132
92 1 56
16 2 37
63 1 25
63 2 89
37 1 26
170 2 103
99 2 71
26 1 58
143 6 63
64 1 50
31 2 89
26 1 45
89 1 38
61 1 53
38 1 31
103 1 38
48 1 207
30 1 16
49 1 46
35 2 17
70 1 54
170 2 22
41 1 20
46 2 25
48 1 26
16 2 35
47 1 226
226 1 16
44 1 26
16 1 81
47 1 16
38 1 92
63 1 46
53 2 38
52 2 53
16 7 8
222 1 25
38 1 22
26 1 33
207 1 45
33 2 17
61 1 99
143 1 207
24 2 38
50 2 129
26 1 36
33 1 16
89 1 226
17 2 36
37 1 207
170 2 196
42 1 16
207 1 64
16 1 8
99 2 132
101 2 222
196 2 101
46 2 8
25 1 143
170 2 101
52 1 207
56 2 140
207 1 17
222 1 38
40 1 207
43 2 8
26 1 35
132 2 71
25 1 222
50 2 99
52 1 47
47 1 52
35 2 8
18 1 16
170 1 106
71 1 25
35 2 33
52 2 50
16 2 44
50 1 26
92 1 140
20 1 47
8 2 38
27 1 30
8 2 81
53 2 25
16 1 48
22 2 85
89 1 25
222 2 61
25 1 196
16 2 17
103 1 53
49 1 8
81 1 207
47 1 37
24 2 46
53 1 207
20 1 106
40 2 30
92 1 71
207 1 8
76 1 207
25 1 103
41 1 23
36 2 17
33 1 8
8 2 27
61 1 56
207 1 16
31 1 25
106 1 37
47 1 8
30 1 26
101 2 196
106 1 226
140 1 38
70 1 38
25 1 60
61 1 71
106 1 52
82 2 25
54 1 53
222 2 143
41 2 25
27 1 40
53 1 26
53 2 56
16 2 27
81 1 26
16 2 24
222 1 53
85 1 82
196 1 47
51 1 42
17 2 45
132 1 61
18 2 49
196 1 106
89 1 46
25 1 70
25 1 101
89 1 28
106 1 44
35 2 64
170 2 222
129 1 207
82 1 52
58 1 16
50 1 207
89 2 63
17 2 33
16 1 17
20 2 23
43 2 46
82 1 129
8 1 81
101 1 207
30 1 207
51 1 49
82 1 50
35 2 58
47 1 28
54 1 76
99 2 140
58 2 35
63 1 16
8 2 37
52 1 106
226 1 8
196 2 70
8 2 52
8 5 16
58 1 8
26 1 16
8 2 17
8 2 41
101 1 26
16 2 84
47 1 43
8 1 84
52 1 26
207 1 35
22 2 101
8 1 48
106 1 16
16 1 27
17 2 58
207 1 33
101 2 92
30 2 40
35 2 36
64 1 140
31 1 46
38 1 101
106 1 28
63 1 41
16 2 81
38 1 170
140 1 26
46 2 28
31 1 8
51 1 18
26 1 8
8 2 24
16 1 35
8 4 16
56 1 38
28 1 8
25 1 22
53 2 76
8 2 48
53 2 99
56 1 25
226 2 16
207 1 58
8 1 16
38 1 196
35 2 45
25 1 92
54 1 52
49 1 38
? 1 github_java_program_data/19/88.java

89 1 16
85 1 38
170 1 47
33 1 27
89 1 24
35 2 16
58 2 17
50 2 99
46 2 38
50 2 56
16 2 48
16 2 52
53 2 38
24 1 23
25 1 170
22 1 207
16 2 41
8 2 52
58 1 84
92 1 50
89 1 8
28 2 16
58 1 8
63 1 28
103 2 92
8 1 81
82 2 38
17 2 16
49 2 89
47 1 28
70 2 143
31 1 41
47 1 44
18 2 42
26 1 17
28 2 8
84 1 40
84 1 30
89 1 46
38 1 61
196 2 170
8 7 16
24 1 20
40 1 26
8 2 84
226 2 8
24 2 160
16 2 25
28 1 16
196 2 85
89 1 43
8 2 35
106 1 8
99 1 25
46 1 30
8 1 35
38 1 89
17 2 8
8 2 48
42 2 18
38 1 63
160 1 40
46 1 40
92 1 56
16 2 37
16 5 8
63 2 89
37 1 26
16 1 84
222 2 143
18 2 75
49 1 16
26 1 58
31 2 89
26 1 45
89 1 38
8 2 41
8 2 44
103 1 38
38 1 101
16 2 81
63 1 43
35 2 17
70 1 54
37 1 106
142 6 63
41 1 20
46 2 25
48 1 26
16 2 35
47 1 226
226 1 16
63 1 8
25 1 142
47 1 16
16 1 81
63 1 46
54 1 50
85 2 142
75 1 8
82 1 53
38 1 22
207 1 45
70 1 25
37 2 53
89 1 160
61 1 99
36 2 35
50 2 129
26 1 36
26 1 33
89 1 226
17 2 36
37 1 207
170 2 196
42 1 16
41 2 160
30 1 26
58 1 27
196 2 22
143 1 26
51 1 75
63 1 16
46 2 8
25 1 143
170 2 70
56 2 140
207 1 17
106 1 16
40 1 207
26 1 35
49 1 25
25 1 222
33 1 84
25 1 63
52 1 47
47 1 52
35 2 8
18 1 16
170 1 106
43 2 226
35 2 33
52 2 50
30 1 8
170 2 31
50 1 26
92 1 140
20 1 47
8 2 38
27 1 30
8 2 81
16 1 48
89 1 25
25 1 196
143 6 89
16 2 17
103 1 53
44 1 207
63 1 38
81 1 207
47 1 37
24 2 46
53 1 207
20 1 106
40 2 30
63 1 25
38 1 142
82 1 37
76 1 207
160 2 38
25 1 103
41 1 23
33 1 8
8 2 27
207 1 16
160 2 25
31 1 25
106 1 37
47 1 8
8 2 17
63 1 160
106 1 226
54 1 129
140 1 38
53 2 76
61 1 50
106 1 52
70 2 101
89 2 63
22 2 170
41 2 25
27 1 40
38 1 143
53 1 26
40 1 8
16 2 27
81 1 26
142 1 207
16 2 24
222 1 53
85 1 82
196 1 47
51 1 42
17 2 45
25 1 89
196 1 106
38 1 49
89 1 46
25 1 85
89 1 28
129 1 207
58 1 16
50 1 207
31 1 16
17 2 33
16 1 17
16 4 8
43 2 46
207 1 36
101 1 207
30 1 207
16 1 27
35 2 58
82 1 76
23 1 47
35 2 36
226 2 16
33 1 16
8 2 37
52 1 106
226 1 8
16 2 84
75 1 46
8 1 17
26 1 16
24 2 38
101 1 26
45 2 35
33 2 17
17 2 35
52 1 26
207 1 35
8 1 48
222 1 38
75 1 38
17 2 58
207 1 33
8 1 16
23 2 20
54 2 25
41 2 38
38 1 70
52 1 207
106 1 28
63 1 41
63 1 226
38 1 170
16 1 8
46 2 28
207 1 8
51 1 18
26 1 8
8 2 24
16 1 35
8 4 16
28 1 8
25 1 22
8 5 16
46 2 226
58 2 35
56 1 25
25 1 31
207 1 58
142 1 26
38 1 196
35 2 45
25 1 92
54 1 52
? 1 github_java_program_data/19/92.java

33 2 35
89 1 16
85 1 38
63 1 16
33 1 27
89 1 24
35 2 16
50 2 99
16 1 48
99 2 71
61 2 101
50 2 56
16 2 48
16 2 52
53 2 38
24 1 23
25 1 170
23 1 106
22 1 207
16 2 41
92 1 53
58 1 84
92 1 50
89 1 8
28 2 16
58 1 8
63 1 28
82 2 38
17 2 16
43 2 226
54 2 38
47 1 28
22 1 26
31 1 41
47 1 44
43 2 28
92 1 99
26 1 17
63 1 226
84 1 40
84 1 30
89 1 46
38 1 61
196 2 170
75 1 25
8 7 16
226 1 16
40 1 26
8 2 84
44 1 26
226 2 8
38 1 85
16 2 25
16 4 8
89 1 43
8 2 35
106 1 8
99 1 25
8 1 35
17 2 8
8 2 48
42 2 18
160 1 30
160 1 40
46 1 40
92 1 56
16 2 37
63 1 25
25 1 49
53 1 26
16 1 84
222 2 143
18 2 75
49 1 16
26 1 58
22 2 67
31 2 89
26 1 45
101 1 207
170 1 47
61 1 53
50 2 38
8 2 44
103 1 38
38 1 101
16 2 81
63 1 43
70 2 22
46 2 43
50 2 76
70 1 54
142 6 63
41 1 20
46 2 25
48 1 26
16 2 35
47 1 226
24 1 20
63 1 8
16 1 81
47 1 16
38 1 92
63 1 46
54 1 50
75 1 8
16 7 8
38 1 22
26 1 33
207 1 45
103 1 50
61 1 99
24 2 38
50 2 129
26 1 36
25 1 196
89 1 226
53 2 56
37 1 207
170 2 196
42 1 16
41 2 160
30 1 26
58 1 27
41 2 46
143 1 26
51 1 75
46 2 8
207 1 36
170 2 101
170 2 70
56 2 140
207 1 17
106 1 16
40 1 207
49 2 89
26 1 35
49 1 25
196 1 106
33 1 84
25 1 63
52 1 47
47 1 52
35 2 8
18 1 16
170 1 106
71 1 25
35 2 33
52 2 50
8 4 16
30 1 8
170 2 31
50 1 26
25 1 70
20 1 47
99 1 38
27 1 30
8 2 81
25 1 103
22 2 85
89 1 25
16 5 8
143 6 89
89 2 63
63 1 38
16 2 17
47 1 37
24 2 46
53 1 207
92 1 71
38 1 142
76 1 207
160 2 38
143 1 207
33 1 8
8 2 27
61 1 56
207 1 16
31 1 25
106 1 37
63 2 89
54 1 37
47 1 8
8 2 17
61 2 143
63 1 160
129 1 26
54 1 129
70 1 38
25 1 60
61 1 50
106 1 52
140 1 25
41 2 25
27 1 40
38 1 143
37 1 26
40 1 8
16 2 27
81 1 26
142 1 207
16 2 24
222 1 53
85 1 82
25 1 67
196 1 47
51 1 42
17 2 45
25 1 89
61 1 140
25 1 222
89 1 46
28 1 16
25 1 101
24 2 25
89 1 28
37 1 47
226 2 16
82 1 52
58 1 16
50 1 207
17 2 33
16 1 17
20 2 23
8 2 37
25 1 143
89 1 38
30 1 207
16 1 27
35 2 58
82 1 76
85 2 61
58 2 35
33 1 16
56 1 25
52 1 106
226 1 8
16 2 84
75 1 46
8 1 17
8 2 25
22 2 60
26 1 16
8 2 41
101 1 26
33 2 17
17 2 35
52 1 26
207 1 35
18 2 42
8 1 48
222 1 38
82 1 50
17 2 58
207 1 33
101 2 92
30 2 40
35 2 36
38 1 70
17 2 36
52 1 207
106 1 28
63 1 41
31 1 16
101 2 61
38 1 170
16 1 8
46 2 28
207 1 8
51 1 18
63 1 46
26 1 8
8 2 24
16 1 35
28 2 8
56 1 38
28 1 8
25 1 22
8 5 16
53 2 99
106 1 226
25 1 31
207 1 58
8 1 16
38 1 196
35 2 45
54 1 52
? 1 github_java_program_data/19/94.java

89 1 16
28 2 16
33 1 27
89 1 24
35 2 16
58 2 17
50 2 56
22 2 196
16 2 48
16 2 52
53 2 38
24 1 23
25 1 170
16 2 41
101 2 22
8 2 52
92 1 53
58 1 84
92 1 50
226 2 16
58 1 8
140 1 25
17 2 16
71 1 25
54 2 38
47 1 28
22 1 26
31 1 41
92 1 99
26 1 17
63 1 226
132 1 92
84 1 30
38 1 61
101 2 70
196 2 170
8 7 16
40 1 26
8 2 84
63 1 8
226 2 8
22 2 92
28 1 16
8 2 35
16 2 17
99 1 25
8 1 35
8 1 48
17 2 8
8 2 48
61 1 132
38 1 63
92 1 56
16 2 37
63 1 25
49 1 16
26 1 58
24 2 25
31 2 89
26 1 45
101 1 207
61 1 53
50 2 38
103 1 38
48 1 207
16 2 81
63 1 43
31 1 43
35 2 17
38 1 92
70 1 54
41 1 20
48 1 26
16 2 35
47 1 226
226 1 16
44 1 26
16 1 81
47 1 16
106 1 8
63 1 46
16 7 8
38 1 22
16 2 38
26 1 33
207 1 45
103 1 50
132 2 140
35 2 49
26 1 36
33 1 16
17 2 36
37 1 207
170 2 196
89 1 226
25 1 222
196 1 47
196 2 101
207 1 36
170 2 101
170 2 22
17 2 35
106 1 16
40 1 207
106 2 47
26 1 8
258 1 61
43 2 46
47 1 52
35 2 8
22 1 207
170 1 106
43 2 226
35 2 33
8 4 16
16 2 44
170 2 31
50 1 26
25 1 70
20 1 47
99 1 38
81 1 207
16 1 48
89 1 25
25 1 196
89 2 63
8 2 81
43 2 16
47 1 37
53 1 207
20 1 106
92 1 71
99 2 258
25 1 103
46 2 16
36 2 17
33 1 8
8 2 27
61 1 56
207 1 16
31 1 25
106 1 37
47 1 8
30 1 26
47 2 106
106 1 226
258 2 71
70 1 38
196 2 103
61 1 50
106 1 52
41 2 25
27 1 40
53 1 26
16 2 27
81 1 26
16 2 24
222 1 53
16 1 8
17 2 45
207 1 17
61 1 140
196 1 106
89 1 46
25 1 92
25 1 101
106 1 44
16 5 8
101 2 170
58 1 16
50 1 207
31 1 16
17 2 33
16 1 17
16 4 8
8 1 81
106 1 46
51 1 49
53 2 99
53 2 56
23 1 47
58 2 35
170 1 47
8 2 37
52 1 106
226 1 8
16 2 84
8 5 16
8 1 17
26 1 16
8 2 41
101 1 26
47 1 43
52 1 26
207 1 35
38 1 89
38 1 31
207 1 33
35 2 36
222 1 38
22 2 222
38 1 101
106 1 28
63 1 41
38 1 196
38 1 170
22 2 101
51 1 35
207 1 8
26 1 35
49 1 46
16 1 35
28 2 8
56 1 38
28 1 8
25 1 22
92 1 258
46 2 226
56 2 132
56 1 25
8 2 17
207 1 58
8 1 16
35 1 8
46 2 28
35 2 45
54 1 52
49 1 38
? 1 github_java_program_data/19/99.java

