50 1 26
28 1 8
22 1 26
26 1 45
35 2 8
26 1 35
52 1 106
129 1 26
28 1 16
170 1 106
37 1 47
48 1 207
226 1 8
70 1 25
51 1 63
26 1 16
81 1 26
22 1 207
47 1 28
40 1 207
106 1 226
81 2 48
54 2 25
38 1 101
8 1 48
8 2 24
63 1 28
16 2 48
52 1 207
48 1 26
106 1 8
30 1 207
16 1 81
89 1 41
16 2 41
207 1 36
81 1 207
50 2 76
89 2 63
63 1 24
207 1 35
16 1 17
196 2 170
52 1 47
38 1 70
25 1 85
51 1 89
196 2 92
8 1 16
28 2 8
207 1 16
54 1 52
25 1 170
84 1 30
207 1 33
16 1 48
47 1 37
54 1 76
52 2 50
37 1 26
207 1 45
16 7 8
25 1 22
35 2 16
196 1 106
17 2 16
8 1 35
16 1 8
54 1 50
89 1 25
41 2 25
16 4 8
106 1 16
52 2 53
53 1 207
76 1 207
82 2 38
89 1 226
70 2 85
89 1 16
45 2 17
16 5 8
8 2 27
58 1 8
53 1 26
47 1 226
85 1 38
26 1 8
63 1 8
27 1 40
40 2 30
170 2 70
35 2 36
106 1 28
16 2 84
8 1 27
8 2 48
20 1 47
8 2 35
16 2 17
17 2 35
53 2 56
40 1 26
85 2 22
47 1 52
16 2 52
25 1 92
27 1 30
8 2 17
8 4 16
54 1 37
33 1 16
24 2 38
92 1 56
84 1 40
30 1 16
70 1 54
16 2 37
37 1 207
17 2 36
101 1 207
8 2 37
48 2 81
82 1 53
53 2 129
17 2 8
41 1 20
25 1 196
56 1 38
41 1 23
106 1 44
33 1 84
92 1 53
26 1 17
24 1 23
63 1 38
35 2 45
8 1 81
37 2 53
16 2 44
44 1 26
54 1 129
23 1 106
20 2 23
28 2 16
8 1 17
16 2 35
8 2 81
196 1 47
25 1 70
26 1 58
106 1 37
101 1 26
8 7 16
82 1 52
54 1 53
207 1 17
16 2 81
129 1 207
30 1 26
24 1 20
226 2 16
82 1 129
85 1 82
47 1 16
58 1 27
8 5 16
207 1 8
? 1 github_java_program_data/12/108.java

51 1 49
28 1 8
22 1 26
81 1 207
25 1 196
26 1 35
129 1 26
28 1 16
37 1 47
207 1 16
56 1 25
70 1 25
26 1 16
81 1 26
53 1 207
47 1 28
40 1 207
106 1 226
81 2 48
56 2 140
38 1 101
8 1 48
89 1 43
50 1 207
49 1 38
82 1 50
48 1 26
106 1 8
16 7 8
16 1 81
89 1 41
16 2 41
89 1 46
50 2 129
50 2 76
16 2 52
35 2 33
53 2 76
207 1 35
16 1 17
8 2 38
70 2 143
38 1 70
25 1 85
82 2 25
8 1 16
48 1 207
170 1 47
226 1 16
8 1 81
46 2 43
16 1 48
106 1 52
47 1 37
143 6 89
43 2 226
37 1 26
226 1 8
38 1 61
25 1 22
35 2 16
17 2 16
16 1 8
54 1 50
106 1 16
82 1 37
41 2 25
16 4 8
54 1 37
26 1 36
16 1 35
76 1 207
41 1 20
89 1 16
25 1 143
16 5 8
8 7 16
30 1 26
16 2 27
53 1 26
196 1 106
85 1 38
26 1 8
35 2 8
27 1 40
37 1 106
61 1 53
54 2 38
20 1 47
226 2 8
16 2 17
17 2 45
53 2 56
61 1 99
47 1 52
85 1 25
25 1 92
27 1 30
8 2 17
47 1 8
33 1 16
45 2 17
8 2 52
92 1 56
92 1 140
53 2 99
70 1 54
53 2 129
101 1 207
89 1 25
16 2 81
140 1 38
33 1 27
52 1 26
82 1 53
17 2 8
26 1 33
99 1 25
129 1 207
8 2 35
89 1 226
92 1 53
38 1 89
26 1 17
85 1 54
196 2 170
8 4 16
35 2 45
25 1 170
226 2 16
207 1 45
54 1 129
38 1 85
52 1 207
28 2 8
28 2 16
49 1 8
70 1 82
16 2 35
8 2 81
85 2 70
25 1 70
143 1 207
30 2 40
8 2 37
70 1 38
54 1 53
207 1 17
82 1 76
47 1 16
37 2 53
37 2 50
85 1 82
76 1 26
170 2 85
8 5 16
207 1 8
? 1 github_java_program_data/12/113.java

28 1 8
56 1 25
26 1 45
170 2 196
26 1 35
50 2 99
53 1 207
33 2 17
170 2 92
26 1 33
38 1 101
35 2 17
35 2 8
16 1 27
36 2 35
99 1 38
207 2 70
207 1 58
8 5 16
40 2 30
196 2 101
22 2 196
16 1 84
58 1 16
226 1 16
25 1 170
84 1 30
207 1 33
16 1 8
33 2 35
16 7 8
51 1 61
37 1 26
17 2 16
33 1 84
106 1 16
17 2 58
25 1 144
35 2 58
82 2 38
70 2 85
144 1 26
92 2 61
16 5 8
8 2 27
30 1 26
53 1 26
47 1 226
47 1 52
170 2 70
27 1 40
196 2 70
52 1 47
44 1 207
38 1 144
54 2 38
226 1 8
8 2 35
16 4 8
54 2 25
106 1 44
85 1 25
39 1 207
25 1 101
47 1 8
47 1 44
25 1 61
8 2 44
47 1 39
70 1 54
17 2 36
101 1 207
51 1 101
38 1 26
99 1 25
223 1 207
58 2 35
53 2 56
92 1 53
25 1 207
38 1 196
28 2 8
80 1 8
25 1 70
30 1 8
101 1 26
8 7 16
140 1 25
17 2 25
207 1 38
26 2 92
61 1 50
84 1 40
50 1 26
22 1 26
30 2 40
50 1 207
25 1 26
33 1 8
28 1 16
101 2 22
51 1 170
207 1 16
8 2 84
26 1 16
17 2 35
40 1 207
16 2 27
51 1 80
16 2 52
8 1 84
45 2 8
80 2 101
58 2 17
17 2 8
22 2 101
106 1 8
33 2 25
8 2 16
30 1 207
207 1 36
143 1 26
207 1 35
16 1 17
170 2 101
38 1 70
37 1 106
8 1 16
51 1 196
51 1 92
170 1 47
207 1 45
25 1 22
35 2 16
70 2 22
8 1 35
38 1 170
54 1 37
40 1 16
51 1 70
51 1 22
26 1 36
16 1 35
226 2 8
58 1 27
26 1 25
25 1 143
58 1 8
22 1 207
196 1 106
26 1 8
8 4 16
106 1 28
16 2 84
8 1 27
207 2 26
207 1 25
35 2 33
16 2 17
45 2 33
40 1 26
16 2 8
61 1 99
56 1 38
8 2 17
33 1 16
26 2 207
92 1 56
38 1 223
30 1 16
58 2 25
170 1 106
16 2 37
37 1 207
58 1 84
33 1 27
52 1 26
26 2 61
54 1 52
101 2 92
25 1 196
27 1 30
39 1 26
17 2 33
26 1 17
85 1 54
196 2 170
40 1 8
35 2 45
28 2 16
144 1 207
44 1 26
207 1 8
61 2 22
38 1 85
52 1 207
33 2 38
56 2 140
70 1 82
8 1 17
16 2 35
196 1 47
26 1 58
106 1 37
8 2 37
38 1 92
70 1 38
207 1 17
92 1 140
226 2 16
8 2 39
82 1 52
47 1 16
? 1 github_java_program_data/12/123.java

50 1 26
28 1 8
22 1 26
26 1 45
35 2 8
26 1 35
52 1 106
129 1 26
28 1 16
170 1 106
37 1 47
48 1 207
226 1 8
70 1 25
51 1 63
26 1 16
81 1 26
22 1 207
47 1 28
40 1 207
106 1 226
81 2 48
54 2 25
38 1 101
8 1 48
8 2 24
63 1 28
16 2 48
52 1 207
48 1 26
106 1 8
30 1 207
16 1 81
89 1 41
16 2 41
207 1 36
81 1 207
50 2 76
89 2 63
63 1 24
207 1 35
16 1 17
196 2 170
52 1 47
38 1 70
25 1 85
51 1 89
196 2 92
8 1 16
28 2 8
207 1 16
54 1 52
25 1 170
84 1 30
207 1 33
16 1 48
47 1 37
54 1 76
52 2 50
37 1 26
207 1 45
16 7 8
25 1 22
35 2 16
196 1 106
17 2 16
8 1 35
16 1 8
54 1 50
89 1 25
41 2 25
16 4 8
106 1 16
52 2 53
53 1 207
76 1 207
82 2 38
89 1 226
70 2 85
89 1 16
45 2 17
16 5 8
8 2 27
58 1 8
53 1 26
47 1 226
85 1 38
26 1 8
63 1 8
27 1 40
40 2 30
170 2 70
35 2 36
106 1 28
16 2 84
8 1 27
8 2 48
20 1 47
8 2 35
16 2 17
17 2 35
53 2 56
40 1 26
85 2 22
47 1 52
16 2 52
25 1 92
27 1 30
8 2 17
8 4 16
54 1 37
33 1 16
24 2 38
92 1 56
84 1 40
30 1 16
70 1 54
16 2 37
37 1 207
17 2 36
101 1 207
8 2 37
48 2 81
82 1 53
53 2 129
17 2 8
41 1 20
25 1 196
56 1 38
41 1 23
106 1 44
33 1 84
92 1 53
26 1 17
24 1 23
63 1 38
35 2 45
8 1 81
37 2 53
16 2 44
44 1 26
54 1 129
23 1 106
20 2 23
28 2 16
8 1 17
16 2 35
8 2 81
196 1 47
25 1 70
26 1 58
106 1 37
101 1 26
8 7 16
82 1 52
54 1 53
207 1 17
16 2 81
129 1 207
30 1 26
24 1 20
226 2 16
82 1 129
85 1 82
47 1 16
58 1 27
8 5 16
207 1 8
? 1 github_java_program_data/12/135.java

28 1 8
56 1 25
26 1 45
170 2 196
26 1 35
50 2 99
53 1 207
33 2 17
170 2 92
26 1 33
38 1 101
35 2 17
35 2 8
16 1 27
36 2 35
99 1 38
207 2 70
207 1 58
8 5 16
40 2 30
196 2 101
22 2 196
16 1 84
58 1 16
226 1 16
25 1 170
84 1 30
207 1 33
16 1 8
33 2 35
16 7 8
51 1 61
37 1 26
17 2 16
33 1 84
106 1 16
17 2 58
25 1 144
35 2 58
82 2 38
70 2 85
144 1 26
92 2 61
16 5 8
8 2 27
30 1 26
53 1 26
47 1 226
47 1 52
170 2 70
27 1 40
196 2 70
52 1 47
44 1 207
38 1 144
54 2 38
226 1 8
8 2 35
16 4 8
54 2 25
106 1 44
85 1 25
39 1 207
25 1 101
47 1 8
47 1 44
25 1 61
8 2 44
47 1 39
70 1 54
17 2 36
101 1 207
51 1 101
38 1 26
99 1 25
223 1 207
58 2 35
53 2 56
92 1 53
25 1 207
38 1 196
28 2 8
80 1 8
25 1 70
30 1 8
101 1 26
8 7 16
140 1 25
17 2 25
207 1 38
26 2 92
61 1 50
84 1 40
50 1 26
22 1 26
30 2 40
50 1 207
25 1 26
33 1 8
28 1 16
101 2 22
51 1 170
207 1 16
8 2 84
26 1 16
17 2 35
40 1 207
16 2 27
51 1 80
16 2 52
8 1 84
45 2 8
80 2 101
58 2 17
17 2 8
22 2 101
106 1 8
33 2 25
8 2 16
30 1 207
207 1 36
143 1 26
207 1 35
16 1 17
170 2 101
38 1 70
37 1 106
8 1 16
51 1 196
51 1 92
170 1 47
207 1 45
25 1 22
35 2 16
70 2 22
8 1 35
38 1 170
54 1 37
40 1 16
51 1 70
51 1 22
26 1 36
16 1 35
226 2 8
58 1 27
26 1 25
25 1 143
58 1 8
22 1 207
196 1 106
26 1 8
8 4 16
106 1 28
16 2 84
8 1 27
207 2 26
207 1 25
35 2 33
16 2 17
45 2 33
40 1 26
16 2 8
61 1 99
56 1 38
8 2 17
33 1 16
26 2 207
92 1 56
38 1 223
30 1 16
58 2 25
170 1 106
16 2 37
37 1 207
58 1 84
33 1 27
52 1 26
26 2 61
54 1 52
101 2 92
25 1 196
27 1 30
39 1 26
17 2 33
26 1 17
85 1 54
196 2 170
40 1 8
35 2 45
28 2 16
144 1 207
44 1 26
207 1 8
61 2 22
38 1 85
52 1 207
33 2 38
56 2 140
70 1 82
8 1 17
16 2 35
196 1 47
26 1 58
106 1 37
8 2 37
38 1 92
70 1 38
207 1 17
92 1 140
226 2 16
8 2 39
82 1 52
47 1 16
? 1 github_java_program_data/12/150.java

50 1 26
28 1 8
22 1 26
26 1 45
35 2 8
26 1 35
52 1 106
129 1 26
28 1 16
170 1 106
37 1 47
48 1 207
226 1 8
70 1 25
51 1 63
26 1 16
81 1 26
22 1 207
47 1 28
40 1 207
106 1 226
81 2 48
54 2 25
38 1 101
8 1 48
8 2 24
63 1 28
16 2 48
52 1 207
48 1 26
106 1 8
30 1 207
16 1 81
89 1 41
16 2 41
207 1 36
81 1 207
50 2 76
89 2 63
63 1 24
207 1 35
16 1 17
196 2 170
52 1 47
38 1 70
25 1 85
51 1 89
196 2 92
8 1 16
28 2 8
207 1 16
54 1 52
25 1 170
84 1 30
207 1 33
16 1 48
47 1 37
54 1 76
52 2 50
37 1 26
207 1 45
16 7 8
25 1 22
35 2 16
196 1 106
17 2 16
8 1 35
16 1 8
54 1 50
89 1 25
41 2 25
16 4 8
106 1 16
52 2 53
53 1 207
76 1 207
82 2 38
89 1 226
70 2 85
89 1 16
45 2 17
16 5 8
8 2 27
58 1 8
53 1 26
47 1 226
85 1 38
26 1 8
63 1 8
27 1 40
40 2 30
170 2 70
35 2 36
106 1 28
16 2 84
8 1 27
8 2 48
20 1 47
8 2 35
16 2 17
17 2 35
53 2 56
40 1 26
85 2 22
47 1 52
16 2 52
25 1 92
27 1 30
8 2 17
8 4 16
54 1 37
33 1 16
24 2 38
92 1 56
84 1 40
30 1 16
70 1 54
16 2 37
37 1 207
17 2 36
101 1 207
8 2 37
48 2 81
82 1 53
53 2 129
17 2 8
41 1 20
25 1 196
56 1 38
41 1 23
106 1 44
33 1 84
92 1 53
26 1 17
24 1 23
63 1 38
35 2 45
8 1 81
37 2 53
16 2 44
44 1 26
54 1 129
23 1 106
20 2 23
28 2 16
8 1 17
16 2 35
8 2 81
196 1 47
25 1 70
26 1 58
106 1 37
101 1 26
8 7 16
82 1 52
54 1 53
207 1 17
16 2 81
129 1 207
30 1 26
24 1 20
226 2 16
82 1 129
85 1 82
47 1 16
58 1 27
8 5 16
207 1 8
? 1 github_java_program_data/12/162.java

51 1 49
28 1 8
56 1 25
26 1 45
170 2 196
26 1 35
48 1 26
53 1 207
48 1 207
70 1 25
16 2 37
49 1 25
89 1 25
47 1 28
106 1 226
38 1 101
89 1 43
35 2 8
226 1 46
101 2 70
99 1 38
38 1 22
89 1 38
106 2 47
207 1 58
89 1 46
61 1 140
63 1 24
38 1 61
25 1 85
89 2 63
196 2 101
36 2 17
41 2 38
58 1 16
226 1 16
8 1 81
207 1 33
106 1 52
47 1 37
16 1 8
52 2 50
37 1 26
16 7 8
17 2 16
51 1 18
54 1 50
106 1 16
41 2 25
35 2 58
8 2 84
41 1 20
25 1 63
16 5 8
8 2 27
30 1 26
53 1 26
129 1 26
85 2 70
61 1 53
54 2 38
226 1 8
8 2 35
8 2 25
17 2 45
92 1 50
16 4 8
85 1 25
85 2 22
47 1 52
25 1 101
47 1 8
70 1 54
17 2 36
101 1 207
226 1 43
38 1 26
16 2 24
50 2 56
53 2 129
42 1 16
18 1 16
50 2 129
89 1 226
24 1 23
25 1 207
53 2 99
63 1 16
26 1 17
54 1 129
38 1 196
37 2 50
25 1 70
101 1 26
8 7 16
140 1 25
24 2 38
207 1 38
16 2 81
25 1 89
37 2 53
76 1 26
84 1 40
50 1 26
22 1 26
81 1 207
50 1 207
25 1 26
82 1 37
28 1 16
37 1 47
207 1 16
46 2 43
43 2 226
42 2 18
26 1 16
81 1 26
76 1 207
40 1 207
16 2 27
81 2 48
16 2 52
8 1 48
17 2 8
82 1 50
99 2 140
106 1 8
30 1 207
16 1 81
89 1 41
16 2 41
207 1 36
50 2 76
207 1 35
16 1 17
38 1 70
70 1 82
82 2 25
8 1 16
48 2 81
23 1 106
16 1 48
16 2 84
47 1 226
207 1 45
25 1 22
35 2 16
196 1 106
8 1 35
38 1 170
18 2 42
54 1 37
26 1 36
42 2 49
16 1 35
26 1 25
89 1 16
28 2 8
58 1 8
22 1 207
33 1 8
85 1 38
26 1 8
106 1 28
37 1 106
207 2 26
20 1 47
226 2 8
16 2 17
40 1 26
61 1 99
70 1 38
53 2 76
33 1 16
26 2 207
8 2 52
92 1 56
8 5 16
170 1 106
207 1 17
37 1 207
58 1 84
82 1 76
33 1 27
52 1 26
63 1 226
82 1 53
26 1 33
196 2 89
25 1 196
27 1 30
47 2 106
85 1 54
196 2 85
63 1 38
8 4 16
35 2 45
25 1 170
63 2 89
8 2 48
207 1 8
38 1 85
52 1 207
28 2 16
49 1 8
38 1 207
8 1 17
16 2 35
196 1 47
70 2 22
26 1 58
106 1 37
35 2 36
38 1 92
8 2 17
54 1 53
51 1 42
43 2 16
129 1 207
226 2 16
85 1 82
8 2 81
82 1 52
47 1 16
? 1 github_java_program_data/12/166.java

28 1 8
56 1 25
26 1 45
170 2 196
26 1 35
50 2 99
53 1 207
33 2 17
170 2 92
26 1 33
38 1 101
35 2 17
35 2 8
16 1 27
36 2 35
99 1 38
207 2 70
207 1 58
8 5 16
40 2 30
196 2 101
22 2 196
16 1 84
58 1 16
226 1 16
25 1 170
84 1 30
207 1 33
16 1 8
33 2 35
16 7 8
51 1 61
37 1 26
17 2 16
33 1 84
106 1 16
17 2 58
25 1 144
35 2 58
82 2 38
70 2 85
144 1 26
92 2 61
16 5 8
8 2 27
30 1 26
53 1 26
47 1 226
47 1 52
170 2 70
27 1 40
196 2 70
52 1 47
44 1 207
38 1 144
54 2 38
226 1 8
8 2 35
16 4 8
54 2 25
106 1 44
85 1 25
39 1 207
25 1 101
47 1 8
47 1 44
25 1 61
8 2 44
47 1 39
70 1 54
17 2 36
101 1 207
51 1 101
38 1 26
99 1 25
223 1 207
58 2 35
53 2 56
92 1 53
25 1 207
38 1 196
28 2 8
80 1 8
25 1 70
30 1 8
101 1 26
8 7 16
140 1 25
17 2 25
207 1 38
26 2 92
61 1 50
84 1 40
50 1 26
22 1 26
30 2 40
50 1 207
25 1 26
33 1 8
28 1 16
101 2 22
51 1 170
207 1 16
8 2 84
26 1 16
17 2 35
40 1 207
16 2 27
51 1 80
16 2 52
8 1 84
45 2 8
80 2 101
58 2 17
17 2 8
22 2 101
106 1 8
33 2 25
8 2 16
30 1 207
207 1 36
143 1 26
207 1 35
16 1 17
170 2 101
38 1 70
37 1 106
8 1 16
51 1 196
51 1 92
170 1 47
207 1 45
25 1 22
35 2 16
70 2 22
8 1 35
38 1 170
54 1 37
40 1 16
51 1 70
51 1 22
26 1 36
16 1 35
226 2 8
58 1 27
26 1 25
25 1 143
58 1 8
22 1 207
196 1 106
26 1 8
8 4 16
106 1 28
16 2 84
8 1 27
207 2 26
207 1 25
35 2 33
16 2 17
45 2 33
40 1 26
16 2 8
61 1 99
56 1 38
8 2 17
33 1 16
26 2 207
92 1 56
38 1 223
30 1 16
58 2 25
170 1 106
16 2 37
37 1 207
58 1 84
33 1 27
52 1 26
26 2 61
54 1 52
101 2 92
25 1 196
27 1 30
39 1 26
17 2 33
26 1 17
85 1 54
196 2 170
40 1 8
35 2 45
28 2 16
144 1 207
44 1 26
207 1 8
61 2 22
38 1 85
52 1 207
33 2 38
56 2 140
70 1 82
8 1 17
16 2 35
196 1 47
26 1 58
106 1 37
8 2 37
38 1 92
70 1 38
207 1 17
92 1 140
226 2 16
8 2 39
82 1 52
47 1 16
? 1 github_java_program_data/12/177.java

28 1 8
56 1 25
26 1 45
170 2 196
26 1 35
50 2 99
53 1 207
33 2 17
170 2 92
26 1 33
38 1 101
35 2 17
35 2 8
16 1 27
36 2 35
99 1 38
207 2 70
207 1 58
8 5 16
40 2 30
196 2 101
22 2 196
16 1 84
58 1 16
226 1 16
25 1 170
84 1 30
207 1 33
16 1 8
33 2 35
16 7 8
51 1 61
37 1 26
17 2 16
33 1 84
106 1 16
17 2 58
25 1 144
35 2 58
82 2 38
70 2 85
144 1 26
92 2 61
16 5 8
8 2 27
30 1 26
53 1 26
47 1 226
47 1 52
170 2 70
27 1 40
196 2 70
52 1 47
44 1 207
38 1 144
54 2 38
226 1 8
8 2 35
16 4 8
54 2 25
106 1 44
85 1 25
39 1 207
25 1 101
47 1 8
47 1 44
25 1 61
8 2 44
47 1 39
70 1 54
17 2 36
101 1 207
51 1 101
38 1 26
99 1 25
223 1 207
58 2 35
53 2 56
92 1 53
25 1 207
38 1 196
28 2 8
80 1 8
25 1 70
30 1 8
101 1 26
8 7 16
140 1 25
17 2 25
207 1 38
26 2 92
61 1 50
84 1 40
50 1 26
22 1 26
30 2 40
50 1 207
25 1 26
33 1 8
28 1 16
101 2 22
51 1 170
207 1 16
8 2 84
26 1 16
17 2 35
40 1 207
16 2 27
51 1 80
16 2 52
8 1 84
45 2 8
80 2 101
58 2 17
17 2 8
22 2 101
106 1 8
33 2 25
8 2 16
30 1 207
207 1 36
143 1 26
207 1 35
16 1 17
170 2 101
38 1 70
37 1 106
8 1 16
51 1 196
51 1 92
170 1 47
207 1 45
25 1 22
35 2 16
70 2 22
8 1 35
38 1 170
54 1 37
40 1 16
51 1 70
51 1 22
26 1 36
16 1 35
226 2 8
58 1 27
26 1 25
25 1 143
58 1 8
22 1 207
196 1 106
26 1 8
8 4 16
106 1 28
16 2 84
8 1 27
207 2 26
207 1 25
35 2 33
16 2 17
45 2 33
40 1 26
16 2 8
61 1 99
56 1 38
8 2 17
33 1 16
26 2 207
92 1 56
38 1 223
30 1 16
58 2 25
170 1 106
16 2 37
37 1 207
58 1 84
33 1 27
52 1 26
26 2 61
54 1 52
101 2 92
25 1 196
27 1 30
39 1 26
17 2 33
26 1 17
85 1 54
196 2 170
40 1 8
35 2 45
28 2 16
144 1 207
44 1 26
207 1 8
61 2 22
38 1 85
52 1 207
33 2 38
56 2 140
70 1 82
8 1 17
16 2 35
196 1 47
26 1 58
106 1 37
8 2 37
38 1 92
70 1 38
207 1 17
92 1 140
226 2 16
8 2 39
82 1 52
47 1 16
? 1 github_java_program_data/12/204.java

50 1 26
28 1 8
22 1 26
26 1 45
35 2 8
26 1 35
52 1 106
129 1 26
28 1 16
170 1 106
37 1 47
48 1 207
226 1 8
70 1 25
51 1 63
26 1 16
81 1 26
22 1 207
47 1 28
40 1 207
106 1 226
81 2 48
54 2 25
38 1 101
8 1 48
8 2 24
63 1 28
16 2 48
52 1 207
48 1 26
106 1 8
30 1 207
16 1 81
89 1 41
16 2 41
207 1 36
81 1 207
50 2 76
89 2 63
63 1 24
207 1 35
16 1 17
196 2 170
52 1 47
38 1 70
25 1 85
51 1 89
196 2 92
8 1 16
28 2 8
207 1 16
54 1 52
25 1 170
84 1 30
207 1 33
16 1 48
47 1 37
54 1 76
52 2 50
37 1 26
207 1 45
16 7 8
25 1 22
35 2 16
196 1 106
17 2 16
8 1 35
16 1 8
54 1 50
89 1 25
41 2 25
16 4 8
106 1 16
52 2 53
53 1 207
76 1 207
82 2 38
89 1 226
70 2 85
89 1 16
45 2 17
16 5 8
8 2 27
58 1 8
53 1 26
47 1 226
85 1 38
26 1 8
63 1 8
27 1 40
40 2 30
170 2 70
35 2 36
106 1 28
16 2 84
8 1 27
8 2 48
20 1 47
8 2 35
16 2 17
17 2 35
53 2 56
40 1 26
85 2 22
47 1 52
16 2 52
25 1 92
27 1 30
8 2 17
8 4 16
54 1 37
33 1 16
24 2 38
92 1 56
84 1 40
30 1 16
70 1 54
16 2 37
37 1 207
17 2 36
101 1 207
8 2 37
48 2 81
82 1 53
53 2 129
17 2 8
41 1 20
25 1 196
56 1 38
41 1 23
106 1 44
33 1 84
92 1 53
26 1 17
24 1 23
63 1 38
35 2 45
8 1 81
37 2 53
16 2 44
44 1 26
54 1 129
23 1 106
20 2 23
28 2 16
8 1 17
16 2 35
8 2 81
196 1 47
25 1 70
26 1 58
106 1 37
101 1 26
8 7 16
82 1 52
54 1 53
207 1 17
16 2 81
129 1 207
30 1 26
24 1 20
226 2 16
82 1 129
85 1 82
47 1 16
58 1 27
8 5 16
207 1 8
? 1 github_java_program_data/12/216.java

51 1 49
28 1 8
26 1 45
170 2 196
26 1 35
52 1 106
48 1 26
85 2 170
82 2 25
53 1 207
140 1 207
70 1 25
16 2 37
49 1 25
47 1 28
106 1 226
17 2 36
89 1 43
35 2 8
35 2 42
16 1 27
61 2 170
226 1 46
99 1 38
38 1 22
89 1 38
46 2 8
207 1 58
89 1 46
8 5 16
38 1 61
40 2 30
17 2 58
61 1 56
196 2 101
26 1 64
16 1 84
48 1 207
58 1 16
226 1 16
25 1 170
84 1 30
207 1 33
106 1 52
47 1 37
54 1 76
52 2 50
37 1 26
16 7 8
17 2 16
33 1 84
51 1 18
54 1 50
106 1 16
41 2 25
92 2 22
92 1 99
49 1 16
82 2 38
89 1 226
70 2 85
40 1 207
16 5 8
8 2 27
30 1 26
53 1 26
129 1 26
31 1 25
27 1 40
52 1 47
61 1 53
38 1 144
54 2 38
226 1 8
8 2 35
16 4 8
17 2 45
50 2 129
85 1 25
47 1 52
8 2 41
27 1 30
47 1 8
170 2 92
47 1 44
25 1 31
31 1 43
70 1 54
31 2 89
35 2 17
101 1 207
26 1 17
35 2 58
53 2 76
50 2 56
30 2 40
53 2 129
99 1 25
99 2 71
53 2 56
92 1 53
89 1 24
53 2 99
54 1 129
38 1 196
85 2 143
37 2 50
89 1 8
56 1 26
25 1 70
143 1 207
30 1 8
101 1 26
38 1 143
82 1 52
24 2 38
18 2 49
82 1 76
25 1 89
64 1 56
37 2 53
61 1 50
84 1 40
64 1 50
50 1 26
16 2 48
22 1 26
81 1 207
50 1 207
82 1 37
28 1 16
37 1 47
207 1 16
8 2 84
43 2 226
30 1 207
26 1 16
81 1 26
17 2 35
64 1 140
16 2 27
81 2 48
54 2 25
16 2 52
8 1 84
8 1 48
17 2 8
82 1 50
16 2 25
46 2 43
106 1 8
8 4 16
143 6 89
8 2 24
28 1 43
16 1 81
207 1 36
50 2 76
207 1 35
16 1 17
49 1 46
38 1 70
16 2 84
8 1 16
48 2 81
170 1 47
33 2 35
16 1 48
35 1 8
207 1 45
25 1 22
35 2 16
92 2 196
8 7 16
196 1 106
196 2 61
8 1 35
16 1 8
18 2 42
54 1 37
40 1 16
196 2 70
46 2 16
26 1 36
16 1 35
226 2 8
58 1 27
28 2 8
58 1 8
22 1 207
33 1 8
85 1 38
26 1 8
31 1 41
52 2 53
37 1 106
18 1 8
8 1 27
31 1 8
20 1 47
43 2 8
16 2 17
40 1 26
42 1 8
61 1 99
25 1 92
56 1 38
8 2 17
16 2 44
33 1 16
8 2 52
54 1 53
71 1 38
42 2 18
30 1 16
170 1 106
51 1 42
37 1 207
58 1 84
16 2 81
33 1 27
52 1 26
82 1 53
26 1 33
54 1 52
25 1 196
25 1 101
44 1 207
17 2 33
170 2 85
226 1 43
85 1 54
196 2 170
40 1 8
35 2 45
8 1 81
144 1 207
8 2 48
207 1 8
85 2 196
38 1 85
52 1 207
28 2 16
56 2 140
70 1 82
8 1 17
16 2 35
76 1 26
196 1 47
26 1 58
106 1 37
38 1 170
8 2 37
28 1 46
92 1 71
38 1 92
70 1 38
92 1 56
207 1 17
43 2 16
129 1 207
24 1 20
226 2 16
82 1 129
85 1 82
8 2 81
51 1 35
47 1 16
? 1 github_java_program_data/12/218.java

28 1 8
56 1 25
26 1 45
170 2 196
26 1 35
50 2 99
53 1 207
33 2 17
170 2 92
26 1 33
38 1 101
35 2 17
35 2 8
16 1 27
36 2 35
99 1 38
207 2 70
207 1 58
8 5 16
40 2 30
196 2 101
22 2 196
16 1 84
58 1 16
226 1 16
25 1 170
84 1 30
207 1 33
16 1 8
33 2 35
16 7 8
51 1 61
37 1 26
17 2 16
33 1 84
106 1 16
17 2 58
25 1 144
35 2 58
82 2 38
70 2 85
144 1 26
92 2 61
16 5 8
8 2 27
30 1 26
53 1 26
47 1 226
47 1 52
170 2 70
27 1 40
196 2 70
52 1 47
44 1 207
38 1 144
54 2 38
226 1 8
8 2 35
16 4 8
54 2 25
106 1 44
85 1 25
39 1 207
25 1 101
47 1 8
47 1 44
25 1 61
8 2 44
47 1 39
70 1 54
17 2 36
101 1 207
51 1 101
38 1 26
99 1 25
223 1 207
58 2 35
53 2 56
92 1 53
25 1 207
38 1 196
28 2 8
80 1 8
25 1 70
30 1 8
101 1 26
8 7 16
140 1 25
17 2 25
207 1 38
26 2 92
61 1 50
84 1 40
50 1 26
22 1 26
30 2 40
50 1 207
25 1 26
33 1 8
28 1 16
101 2 22
51 1 170
207 1 16
8 2 84
26 1 16
17 2 35
40 1 207
16 2 27
51 1 80
16 2 52
8 1 84
45 2 8
80 2 101
58 2 17
17 2 8
22 2 101
106 1 8
33 2 25
8 2 16
30 1 207
207 1 36
143 1 26
207 1 35
16 1 17
170 2 101
38 1 70
37 1 106
8 1 16
51 1 196
51 1 92
170 1 47
207 1 45
25 1 22
35 2 16
70 2 22
8 1 35
38 1 170
54 1 37
40 1 16
51 1 70
51 1 22
26 1 36
16 1 35
226 2 8
58 1 27
26 1 25
25 1 143
58 1 8
22 1 207
196 1 106
26 1 8
8 4 16
106 1 28
16 2 84
8 1 27
207 2 26
207 1 25
35 2 33
16 2 17
45 2 33
40 1 26
16 2 8
61 1 99
56 1 38
8 2 17
33 1 16
26 2 207
92 1 56
38 1 223
30 1 16
58 2 25
170 1 106
16 2 37
37 1 207
58 1 84
33 1 27
52 1 26
26 2 61
54 1 52
101 2 92
25 1 196
27 1 30
39 1 26
17 2 33
26 1 17
85 1 54
196 2 170
40 1 8
35 2 45
28 2 16
144 1 207
44 1 26
207 1 8
61 2 22
38 1 85
52 1 207
33 2 38
56 2 140
70 1 82
8 1 17
16 2 35
196 1 47
26 1 58
106 1 37
8 2 37
38 1 92
70 1 38
207 1 17
92 1 140
226 2 16
8 2 39
82 1 52
47 1 16
? 1 github_java_program_data/12/231.java

51 1 49
48 1 26
170 2 196
26 1 35
28 1 8
207 1 45
48 1 207
70 1 25
49 1 25
47 1 28
18 2 49
106 1 226
38 1 101
89 1 43
35 2 42
16 1 27
42 2 18
89 1 38
207 1 17
207 1 58
70 2 143
25 1 85
20 1 57
41 2 38
54 1 52
226 1 16
8 1 81
84 1 30
85 2 222
106 1 52
47 1 37
16 1 8
8 2 57
37 1 26
17 2 16
33 1 84
106 1 16
35 2 58
82 2 38
89 1 226
16 5 8
8 2 27
53 1 26
82 1 37
27 1 40
53 2 25
39 1 26
54 2 38
8 2 35
8 2 25
92 1 50
106 1 39
27 1 30
47 1 8
47 1 44
8 2 44
70 1 54
35 2 17
101 1 207
226 1 43
16 2 24
50 2 56
30 2 40
41 1 23
16 4 8
38 1 196
42 1 8
8 2 39
16 2 81
25 1 89
58 1 27
50 1 26
22 1 207
22 1 26
81 1 207
35 2 8
20 1 8
28 1 16
101 2 22
207 1 16
8 2 84
43 2 226
26 1 16
81 1 26
16 7 8
16 2 27
81 2 48
54 2 25
16 2 52
8 1 84
8 1 48
17 2 8
52 1 207
106 1 8
23 1 8
143 6 89
130 1 16
16 1 81
89 1 41
16 2 41
207 1 36
143 1 26
207 1 35
16 1 17
49 1 46
38 1 70
8 1 24
82 2 25
8 1 16
33 1 8
170 1 47
16 1 48
35 1 8
226 1 8
25 1 22
35 2 16
8 7 16
8 1 35
38 1 170
18 2 42
46 2 16
16 1 35
226 2 8
222 1 25
89 1 16
28 2 8
58 1 8
57 1 16
16 2 48
196 1 106
85 1 38
26 1 8
8 4 16
16 2 84
18 1 8
46 2 8
16 1 41
35 2 33
16 2 17
23 1 47
38 1 143
25 1 92
56 1 38
16 2 44
33 1 16
222 2 70
92 1 56
30 1 16
16 2 37
58 1 84
38 1 222
33 1 27
26 1 33
58 1 16
8 5 16
51 1 18
25 1 101
44 1 207
52 1 47
26 1 17
85 1 54
196 2 85
196 2 170
40 1 8
28 2 16
222 1 53
44 1 26
207 1 8
8 2 130
38 1 85
207 1 33
49 1 8
70 1 82
8 1 17
16 2 35
26 1 58
28 1 46
8 2 17
51 1 42
37 1 106
43 2 16
20 1 130
24 1 20
226 2 16
85 1 82
8 2 81
51 1 35
47 1 16
? 1 github_java_program_data/12/254.java

28 1 8
56 1 25
26 1 45
170 2 196
26 1 35
50 2 99
53 1 207
33 2 17
170 2 92
26 1 33
38 1 101
35 2 17
35 2 8
16 1 27
36 2 35
99 1 38
207 2 70
207 1 58
8 5 16
40 2 30
196 2 101
22 2 196
16 1 84
58 1 16
226 1 16
25 1 170
84 1 30
207 1 33
16 1 8
33 2 35
16 7 8
51 1 61
37 1 26
17 2 16
33 1 84
106 1 16
17 2 58
25 1 144
35 2 58
82 2 38
70 2 85
144 1 26
92 2 61
16 5 8
8 2 27
30 1 26
53 1 26
47 1 226
47 1 52
170 2 70
27 1 40
196 2 70
52 1 47
44 1 207
38 1 144
54 2 38
226 1 8
8 2 35
16 4 8
54 2 25
106 1 44
85 1 25
39 1 207
25 1 101
47 1 8
47 1 44
25 1 61
8 2 44
47 1 39
70 1 54
17 2 36
101 1 207
51 1 101
38 1 26
99 1 25
223 1 207
58 2 35
53 2 56
92 1 53
25 1 207
38 1 196
28 2 8
80 1 8
25 1 70
30 1 8
101 1 26
8 7 16
140 1 25
17 2 25
207 1 38
26 2 92
61 1 50
84 1 40
50 1 26
22 1 26
30 2 40
50 1 207
25 1 26
33 1 8
28 1 16
101 2 22
51 1 170
207 1 16
8 2 84
26 1 16
17 2 35
40 1 207
16 2 27
51 1 80
16 2 52
8 1 84
45 2 8
80 2 101
58 2 17
17 2 8
22 2 101
106 1 8
33 2 25
8 2 16
30 1 207
207 1 36
143 1 26
207 1 35
16 1 17
170 2 101
38 1 70
37 1 106
8 1 16
51 1 196
51 1 92
170 1 47
207 1 45
25 1 22
35 2 16
70 2 22
8 1 35
38 1 170
54 1 37
40 1 16
51 1 70
51 1 22
26 1 36
16 1 35
226 2 8
58 1 27
26 1 25
25 1 143
58 1 8
22 1 207
196 1 106
26 1 8
8 4 16
106 1 28
16 2 84
8 1 27
207 2 26
207 1 25
35 2 33
16 2 17
45 2 33
40 1 26
16 2 8
61 1 99
56 1 38
8 2 17
33 1 16
26 2 207
92 1 56
38 1 223
30 1 16
58 2 25
170 1 106
16 2 37
37 1 207
58 1 84
33 1 27
52 1 26
26 2 61
54 1 52
101 2 92
25 1 196
27 1 30
39 1 26
17 2 33
26 1 17
85 1 54
196 2 170
40 1 8
35 2 45
28 2 16
144 1 207
44 1 26
207 1 8
61 2 22
38 1 85
52 1 207
33 2 38
56 2 140
70 1 82
8 1 17
16 2 35
196 1 47
26 1 58
106 1 37
8 2 37
38 1 92
70 1 38
207 1 17
92 1 140
226 2 16
8 2 39
82 1 52
47 1 16
? 1 github_java_program_data/12/258.java

50 1 26
28 1 8
22 1 26
26 1 45
35 2 8
26 1 35
52 1 106
129 1 26
28 1 16
170 1 106
37 1 47
48 1 207
226 1 8
70 1 25
51 1 63
26 1 16
81 1 26
22 1 207
47 1 28
40 1 207
106 1 226
81 2 48
54 2 25
38 1 101
8 1 48
8 2 24
63 1 28
16 2 48
52 1 207
48 1 26
106 1 8
30 1 207
16 1 81
89 1 41
16 2 41
207 1 36
81 1 207
50 2 76
89 2 63
63 1 24
207 1 35
16 1 17
196 2 170
52 1 47
38 1 70
25 1 85
51 1 89
196 2 92
8 1 16
28 2 8
207 1 16
54 1 52
25 1 170
84 1 30
207 1 33
16 1 48
47 1 37
54 1 76
52 2 50
37 1 26
207 1 45
16 7 8
25 1 22
35 2 16
196 1 106
17 2 16
8 1 35
16 1 8
54 1 50
89 1 25
41 2 25
16 4 8
106 1 16
52 2 53
53 1 207
76 1 207
82 2 38
89 1 226
70 2 85
89 1 16
45 2 17
16 5 8
8 2 27
58 1 8
53 1 26
47 1 226
85 1 38
26 1 8
63 1 8
27 1 40
40 2 30
170 2 70
35 2 36
106 1 28
16 2 84
8 1 27
8 2 48
20 1 47
8 2 35
16 2 17
17 2 35
53 2 56
40 1 26
85 2 22
47 1 52
16 2 52
25 1 92
27 1 30
8 2 17
8 4 16
54 1 37
33 1 16
24 2 38
92 1 56
84 1 40
30 1 16
70 1 54
16 2 37
37 1 207
17 2 36
101 1 207
8 2 37
48 2 81
82 1 53
53 2 129
17 2 8
41 1 20
25 1 196
56 1 38
41 1 23
106 1 44
33 1 84
92 1 53
26 1 17
24 1 23
63 1 38
35 2 45
8 1 81
37 2 53
16 2 44
44 1 26
54 1 129
23 1 106
20 2 23
28 2 16
8 1 17
16 2 35
8 2 81
196 1 47
25 1 70
26 1 58
106 1 37
101 1 26
8 7 16
82 1 52
54 1 53
207 1 17
16 2 81
129 1 207
30 1 26
24 1 20
226 2 16
82 1 129
85 1 82
47 1 16
58 1 27
8 5 16
207 1 8
? 1 github_java_program_data/12/27.java

50 1 26
28 1 8
22 1 26
26 1 45
35 2 8
26 1 35
52 1 106
129 1 26
28 1 16
170 1 106
37 1 47
48 1 207
226 1 8
70 1 25
51 1 63
26 1 16
81 1 26
22 1 207
47 1 28
40 1 207
106 1 226
81 2 48
54 2 25
38 1 101
8 1 48
8 2 24
63 1 28
16 2 48
52 1 207
48 1 26
106 1 8
30 1 207
16 1 81
89 1 41
16 2 41
207 1 36
81 1 207
50 2 76
89 2 63
63 1 24
207 1 35
16 1 17
196 2 170
52 1 47
38 1 70
25 1 85
51 1 89
196 2 92
8 1 16
28 2 8
207 1 16
54 1 52
25 1 170
84 1 30
207 1 33
16 1 48
47 1 37
54 1 76
52 2 50
37 1 26
207 1 45
16 7 8
25 1 22
35 2 16
196 1 106
17 2 16
8 1 35
16 1 8
54 1 50
89 1 25
41 2 25
16 4 8
106 1 16
52 2 53
53 1 207
76 1 207
82 2 38
89 1 226
70 2 85
89 1 16
45 2 17
16 5 8
8 2 27
58 1 8
53 1 26
47 1 226
85 1 38
26 1 8
63 1 8
27 1 40
40 2 30
170 2 70
35 2 36
106 1 28
16 2 84
8 1 27
8 2 48
20 1 47
8 2 35
16 2 17
17 2 35
53 2 56
40 1 26
85 2 22
47 1 52
16 2 52
25 1 92
27 1 30
8 2 17
8 4 16
54 1 37
33 1 16
24 2 38
92 1 56
84 1 40
30 1 16
70 1 54
16 2 37
37 1 207
17 2 36
101 1 207
8 2 37
48 2 81
82 1 53
53 2 129
17 2 8
41 1 20
25 1 196
56 1 38
41 1 23
106 1 44
33 1 84
92 1 53
26 1 17
24 1 23
63 1 38
35 2 45
8 1 81
37 2 53
16 2 44
44 1 26
54 1 129
23 1 106
20 2 23
28 2 16
8 1 17
16 2 35
8 2 81
196 1 47
25 1 70
26 1 58
106 1 37
101 1 26
8 7 16
82 1 52
54 1 53
207 1 17
16 2 81
129 1 207
30 1 26
24 1 20
226 2 16
82 1 129
85 1 82
47 1 16
58 1 27
8 5 16
207 1 8
? 1 github_java_program_data/12/270.java

50 1 26
28 1 8
22 1 26
26 1 45
35 2 8
26 1 35
52 1 106
129 1 26
28 1 16
170 1 106
37 1 47
48 1 207
226 1 8
70 1 25
51 1 63
26 1 16
81 1 26
22 1 207
47 1 28
40 1 207
106 1 226
81 2 48
54 2 25
38 1 101
8 1 48
8 2 24
63 1 28
16 2 48
52 1 207
48 1 26
106 1 8
30 1 207
16 1 81
89 1 41
16 2 41
207 1 36
81 1 207
50 2 76
89 2 63
63 1 24
207 1 35
16 1 17
196 2 170
52 1 47
38 1 70
25 1 85
51 1 89
196 2 92
8 1 16
28 2 8
207 1 16
54 1 52
25 1 170
84 1 30
207 1 33
16 1 48
47 1 37
54 1 76
52 2 50
37 1 26
207 1 45
16 7 8
25 1 22
35 2 16
196 1 106
17 2 16
8 1 35
16 1 8
54 1 50
89 1 25
41 2 25
16 4 8
106 1 16
52 2 53
53 1 207
76 1 207
82 2 38
89 1 226
70 2 85
89 1 16
45 2 17
16 5 8
8 2 27
58 1 8
53 1 26
47 1 226
85 1 38
26 1 8
63 1 8
27 1 40
40 2 30
170 2 70
35 2 36
106 1 28
16 2 84
8 1 27
8 2 48
20 1 47
8 2 35
16 2 17
17 2 35
53 2 56
40 1 26
85 2 22
47 1 52
16 2 52
25 1 92
27 1 30
8 2 17
8 4 16
54 1 37
33 1 16
24 2 38
92 1 56
84 1 40
30 1 16
70 1 54
16 2 37
37 1 207
17 2 36
101 1 207
8 2 37
48 2 81
82 1 53
53 2 129
17 2 8
41 1 20
25 1 196
56 1 38
41 1 23
106 1 44
33 1 84
92 1 53
26 1 17
24 1 23
63 1 38
35 2 45
8 1 81
37 2 53
16 2 44
44 1 26
54 1 129
23 1 106
20 2 23
28 2 16
8 1 17
16 2 35
8 2 81
196 1 47
25 1 70
26 1 58
106 1 37
101 1 26
8 7 16
82 1 52
54 1 53
207 1 17
16 2 81
129 1 207
30 1 26
24 1 20
226 2 16
82 1 129
85 1 82
47 1 16
58 1 27
8 5 16
207 1 8
? 1 github_java_program_data/12/297.java

28 1 8
56 1 25
26 1 45
170 2 196
26 1 35
50 2 99
53 1 207
33 2 17
170 2 92
26 1 33
38 1 101
35 2 17
35 2 8
16 1 27
36 2 35
99 1 38
207 2 70
207 1 58
8 5 16
40 2 30
196 2 101
22 2 196
16 1 84
58 1 16
226 1 16
25 1 170
84 1 30
207 1 33
16 1 8
33 2 35
16 7 8
51 1 61
37 1 26
17 2 16
33 1 84
106 1 16
17 2 58
25 1 144
35 2 58
82 2 38
70 2 85
144 1 26
92 2 61
16 5 8
8 2 27
30 1 26
53 1 26
47 1 226
47 1 52
170 2 70
27 1 40
196 2 70
52 1 47
44 1 207
38 1 144
54 2 38
226 1 8
8 2 35
16 4 8
54 2 25
106 1 44
85 1 25
39 1 207
25 1 101
47 1 8
47 1 44
25 1 61
8 2 44
47 1 39
70 1 54
17 2 36
101 1 207
51 1 101
38 1 26
99 1 25
223 1 207
58 2 35
53 2 56
92 1 53
25 1 207
38 1 196
28 2 8
80 1 8
25 1 70
30 1 8
101 1 26
8 7 16
140 1 25
17 2 25
207 1 38
26 2 92
61 1 50
84 1 40
50 1 26
22 1 26
30 2 40
50 1 207
25 1 26
33 1 8
28 1 16
101 2 22
51 1 170
207 1 16
8 2 84
26 1 16
17 2 35
40 1 207
16 2 27
51 1 80
16 2 52
8 1 84
45 2 8
80 2 101
58 2 17
17 2 8
22 2 101
106 1 8
33 2 25
8 2 16
30 1 207
207 1 36
143 1 26
207 1 35
16 1 17
170 2 101
38 1 70
37 1 106
8 1 16
51 1 196
51 1 92
170 1 47
207 1 45
25 1 22
35 2 16
70 2 22
8 1 35
38 1 170
54 1 37
40 1 16
51 1 70
51 1 22
26 1 36
16 1 35
226 2 8
58 1 27
26 1 25
25 1 143
58 1 8
22 1 207
196 1 106
26 1 8
8 4 16
106 1 28
16 2 84
8 1 27
207 2 26
207 1 25
35 2 33
16 2 17
45 2 33
40 1 26
16 2 8
61 1 99
56 1 38
8 2 17
33 1 16
26 2 207
92 1 56
38 1 223
30 1 16
58 2 25
170 1 106
16 2 37
37 1 207
58 1 84
33 1 27
52 1 26
26 2 61
54 1 52
101 2 92
25 1 196
27 1 30
39 1 26
17 2 33
26 1 17
85 1 54
196 2 170
40 1 8
35 2 45
28 2 16
144 1 207
44 1 26
207 1 8
61 2 22
38 1 85
52 1 207
33 2 38
56 2 140
70 1 82
8 1 17
16 2 35
196 1 47
26 1 58
106 1 37
8 2 37
38 1 92
70 1 38
207 1 17
92 1 140
226 2 16
8 2 39
82 1 52
47 1 16
? 1 github_java_program_data/12/312.java

50 1 26
28 1 8
22 1 26
26 1 45
35 2 8
26 1 35
52 1 106
129 1 26
28 1 16
170 1 106
37 1 47
48 1 207
226 1 8
70 1 25
51 1 63
26 1 16
81 1 26
22 1 207
47 1 28
40 1 207
106 1 226
81 2 48
54 2 25
38 1 101
8 1 48
8 2 24
63 1 28
16 2 48
52 1 207
48 1 26
106 1 8
30 1 207
16 1 81
89 1 41
16 2 41
207 1 36
81 1 207
50 2 76
89 2 63
63 1 24
207 1 35
16 1 17
196 2 170
52 1 47
38 1 70
25 1 85
51 1 89
196 2 92
8 1 16
28 2 8
207 1 16
54 1 52
25 1 170
84 1 30
207 1 33
16 1 48
47 1 37
54 1 76
52 2 50
37 1 26
207 1 45
16 7 8
25 1 22
35 2 16
196 1 106
17 2 16
8 1 35
16 1 8
54 1 50
89 1 25
41 2 25
16 4 8
106 1 16
52 2 53
53 1 207
76 1 207
82 2 38
89 1 226
70 2 85
89 1 16
45 2 17
16 5 8
8 2 27
58 1 8
53 1 26
47 1 226
85 1 38
26 1 8
63 1 8
27 1 40
40 2 30
170 2 70
35 2 36
106 1 28
16 2 84
8 1 27
8 2 48
20 1 47
8 2 35
16 2 17
17 2 35
53 2 56
40 1 26
85 2 22
47 1 52
16 2 52
25 1 92
27 1 30
8 2 17
8 4 16
54 1 37
33 1 16
24 2 38
92 1 56
84 1 40
30 1 16
70 1 54
16 2 37
37 1 207
17 2 36
101 1 207
8 2 37
48 2 81
82 1 53
53 2 129
17 2 8
41 1 20
25 1 196
56 1 38
41 1 23
106 1 44
33 1 84
92 1 53
26 1 17
24 1 23
63 1 38
35 2 45
8 1 81
37 2 53
16 2 44
44 1 26
54 1 129
23 1 106
20 2 23
28 2 16
8 1 17
16 2 35
8 2 81
196 1 47
25 1 70
26 1 58
106 1 37
101 1 26
8 7 16
82 1 52
54 1 53
207 1 17
16 2 81
129 1 207
30 1 26
24 1 20
226 2 16
82 1 129
85 1 82
47 1 16
58 1 27
8 5 16
207 1 8
? 1 github_java_program_data/12/324.java

28 1 8
56 1 25
26 1 45
170 2 196
26 1 35
50 2 99
53 1 207
33 2 17
170 2 92
26 1 33
38 1 101
35 2 17
35 2 8
16 1 27
36 2 35
99 1 38
207 2 70
207 1 58
8 5 16
40 2 30
196 2 101
22 2 196
16 1 84
58 1 16
226 1 16
25 1 170
84 1 30
207 1 33
16 1 8
33 2 35
16 7 8
51 1 61
37 1 26
17 2 16
33 1 84
106 1 16
17 2 58
25 1 144
35 2 58
82 2 38
70 2 85
144 1 26
92 2 61
16 5 8
8 2 27
30 1 26
53 1 26
47 1 226
47 1 52
170 2 70
27 1 40
196 2 70
52 1 47
44 1 207
38 1 144
54 2 38
226 1 8
8 2 35
16 4 8
54 2 25
106 1 44
85 1 25
39 1 207
25 1 101
47 1 8
47 1 44
25 1 61
8 2 44
47 1 39
70 1 54
17 2 36
101 1 207
51 1 101
38 1 26
99 1 25
223 1 207
58 2 35
53 2 56
92 1 53
25 1 207
38 1 196
28 2 8
80 1 8
25 1 70
30 1 8
101 1 26
8 7 16
140 1 25
17 2 25
207 1 38
26 2 92
61 1 50
84 1 40
50 1 26
22 1 26
30 2 40
50 1 207
25 1 26
33 1 8
28 1 16
101 2 22
51 1 170
207 1 16
8 2 84
26 1 16
17 2 35
40 1 207
16 2 27
51 1 80
16 2 52
8 1 84
45 2 8
80 2 101
58 2 17
17 2 8
22 2 101
106 1 8
33 2 25
8 2 16
30 1 207
207 1 36
143 1 26
207 1 35
16 1 17
170 2 101
38 1 70
37 1 106
8 1 16
51 1 196
51 1 92
170 1 47
207 1 45
25 1 22
35 2 16
70 2 22
8 1 35
38 1 170
54 1 37
40 1 16
51 1 70
51 1 22
26 1 36
16 1 35
226 2 8
58 1 27
26 1 25
25 1 143
58 1 8
22 1 207
196 1 106
26 1 8
8 4 16
106 1 28
16 2 84
8 1 27
207 2 26
207 1 25
35 2 33
16 2 17
45 2 33
40 1 26
16 2 8
61 1 99
56 1 38
8 2 17
33 1 16
26 2 207
92 1 56
38 1 223
30 1 16
58 2 25
170 1 106
16 2 37
37 1 207
58 1 84
33 1 27
52 1 26
26 2 61
54 1 52
101 2 92
25 1 196
27 1 30
39 1 26
17 2 33
26 1 17
85 1 54
196 2 170
40 1 8
35 2 45
28 2 16
144 1 207
44 1 26
207 1 8
61 2 22
38 1 85
52 1 207
33 2 38
56 2 140
70 1 82
8 1 17
16 2 35
196 1 47
26 1 58
106 1 37
8 2 37
38 1 92
70 1 38
207 1 17
92 1 140
226 2 16
8 2 39
82 1 52
47 1 16
? 1 github_java_program_data/12/339.java

50 1 26
28 1 8
22 1 26
26 1 45
35 2 8
26 1 35
52 1 106
129 1 26
28 1 16
170 1 106
37 1 47
48 1 207
226 1 8
70 1 25
51 1 63
26 1 16
81 1 26
22 1 207
47 1 28
40 1 207
106 1 226
81 2 48
54 2 25
38 1 101
8 1 48
8 2 24
63 1 28
16 2 48
52 1 207
48 1 26
106 1 8
30 1 207
16 1 81
89 1 41
16 2 41
207 1 36
81 1 207
50 2 76
89 2 63
63 1 24
207 1 35
16 1 17
196 2 170
52 1 47
38 1 70
25 1 85
51 1 89
196 2 92
8 1 16
28 2 8
207 1 16
54 1 52
25 1 170
84 1 30
207 1 33
16 1 48
47 1 37
54 1 76
52 2 50
37 1 26
207 1 45
16 7 8
25 1 22
35 2 16
196 1 106
17 2 16
8 1 35
16 1 8
54 1 50
89 1 25
41 2 25
16 4 8
106 1 16
52 2 53
53 1 207
76 1 207
82 2 38
89 1 226
70 2 85
89 1 16
45 2 17
16 5 8
8 2 27
58 1 8
53 1 26
47 1 226
85 1 38
26 1 8
63 1 8
27 1 40
40 2 30
170 2 70
35 2 36
106 1 28
16 2 84
8 1 27
8 2 48
20 1 47
8 2 35
16 2 17
17 2 35
53 2 56
40 1 26
85 2 22
47 1 52
16 2 52
25 1 92
27 1 30
8 2 17
8 4 16
54 1 37
33 1 16
24 2 38
92 1 56
84 1 40
30 1 16
70 1 54
16 2 37
37 1 207
17 2 36
101 1 207
8 2 37
48 2 81
82 1 53
53 2 129
17 2 8
41 1 20
25 1 196
56 1 38
41 1 23
106 1 44
33 1 84
92 1 53
26 1 17
24 1 23
63 1 38
35 2 45
8 1 81
37 2 53
16 2 44
44 1 26
54 1 129
23 1 106
20 2 23
28 2 16
8 1 17
16 2 35
8 2 81
196 1 47
25 1 70
26 1 58
106 1 37
101 1 26
8 7 16
82 1 52
54 1 53
207 1 17
16 2 81
129 1 207
30 1 26
24 1 20
226 2 16
82 1 129
85 1 82
47 1 16
58 1 27
8 5 16
207 1 8
? 1 github_java_program_data/12/351.java

51 1 49
48 1 26
26 1 35
52 1 106
28 1 8
53 1 207
48 1 207
63 1 46
70 1 25
16 2 37
49 1 25
89 1 25
47 1 28
106 1 226
131 1 8
38 1 101
89 1 43
35 2 8
35 2 42
16 2 55
16 7 8
38 1 22
89 1 38
207 1 17
207 1 58
196 2 170
70 2 143
89 2 63
41 2 38
38 1 142
54 1 52
226 1 16
8 1 81
84 1 30
207 1 33
106 1 52
47 1 37
16 1 8
52 2 50
37 1 26
142 6 63
17 2 16
106 1 16
41 2 25
170 2 70
31 2 89
49 1 16
41 1 20
25 1 63
16 5 8
8 2 27
30 1 26
53 1 26
47 1 226
63 1 8
27 1 40
49 1 55
52 1 47
196 2 92
31 1 46
46 2 16
54 2 38
226 1 8
8 2 35
49 1 46
17 2 45
16 4 8
85 1 25
8 2 41
27 1 30
47 1 8
47 1 44
25 1 31
70 1 54
101 1 207
35 2 58
16 2 24
30 2 40
58 1 16
53 2 56
89 1 226
92 1 53
72 2 43
24 1 23
54 1 129
85 2 142
38 1 196
28 2 8
25 1 70
101 1 26
38 1 143
82 1 52
24 2 38
16 2 81
25 1 89
76 1 26
84 1 40
50 1 26
22 1 26
81 1 207
50 1 207
33 1 8
28 1 16
37 1 47
207 1 16
8 2 84
43 2 226
26 1 16
81 1 26
76 1 207
40 1 207
16 2 27
81 2 48
54 2 25
16 2 52
8 1 48
17 2 8
82 1 50
22 2 101
106 1 8
8 4 16
30 1 207
16 1 81
26 1 58
50 2 76
143 1 26
207 1 35
16 1 17
106 1 28
38 1 70
82 2 25
8 1 16
37 1 207
33 2 35
16 1 48
35 1 8
63 1 41
207 1 45
25 1 22
35 2 16
35 2 36
8 7 16
8 1 35
38 1 170
55 2 25
54 1 37
24 2 25
89 1 72
26 1 36
42 2 49
8 2 44
196 2 31
89 1 16
25 1 143
58 1 8
22 1 207
196 1 106
26 1 8
31 1 41
207 1 36
52 2 53
16 2 84
31 1 8
226 2 8
16 2 17
23 1 47
20 1 106
40 1 26
42 1 8
142 1 26
25 1 92
56 1 38
70 1 38
33 1 16
8 2 52
92 1 56
51 1 35
170 1 106
53 2 129
47 1 43
58 1 84
72 1 16
82 1 76
33 1 27
52 1 26
63 1 226
26 1 33
31 1 25
25 1 196
17 2 33
46 2 226
26 1 17
63 1 38
89 1 24
25 1 170
63 2 89
8 2 48
44 1 26
207 1 8
38 1 85
52 1 207
55 1 131
28 2 16
8 1 17
16 2 35
196 1 47
170 2 85
106 1 37
8 2 37
46 2 8
8 2 17
54 1 53
51 1 42
143 6 89
129 1 207
226 2 16
85 1 82
8 2 81
8 5 16
47 1 16
? 1 github_java_program_data/12/358.java

28 1 8
56 1 25
26 1 45
170 2 196
26 1 35
50 2 99
53 1 207
33 2 17
170 2 92
26 1 33
38 1 101
35 2 17
35 2 8
16 1 27
36 2 35
99 1 38
207 2 70
207 1 58
8 5 16
40 2 30
196 2 101
22 2 196
16 1 84
58 1 16
226 1 16
25 1 170
84 1 30
207 1 33
16 1 8
33 2 35
16 7 8
51 1 61
37 1 26
17 2 16
33 1 84
106 1 16
17 2 58
25 1 144
35 2 58
82 2 38
70 2 85
144 1 26
92 2 61
16 5 8
8 2 27
30 1 26
53 1 26
47 1 226
47 1 52
170 2 70
27 1 40
196 2 70
52 1 47
44 1 207
38 1 144
54 2 38
226 1 8
8 2 35
16 4 8
54 2 25
106 1 44
85 1 25
39 1 207
25 1 101
47 1 8
47 1 44
25 1 61
8 2 44
47 1 39
70 1 54
17 2 36
101 1 207
51 1 101
38 1 26
99 1 25
223 1 207
58 2 35
53 2 56
92 1 53
25 1 207
38 1 196
28 2 8
80 1 8
25 1 70
30 1 8
101 1 26
8 7 16
140 1 25
17 2 25
207 1 38
26 2 92
61 1 50
84 1 40
50 1 26
22 1 26
30 2 40
50 1 207
25 1 26
33 1 8
28 1 16
101 2 22
51 1 170
207 1 16
8 2 84
26 1 16
17 2 35
40 1 207
16 2 27
51 1 80
16 2 52
8 1 84
45 2 8
80 2 101
58 2 17
17 2 8
22 2 101
106 1 8
33 2 25
8 2 16
30 1 207
207 1 36
143 1 26
207 1 35
16 1 17
170 2 101
38 1 70
37 1 106
8 1 16
51 1 196
51 1 92
170 1 47
207 1 45
25 1 22
35 2 16
70 2 22
8 1 35
38 1 170
54 1 37
40 1 16
51 1 70
51 1 22
26 1 36
16 1 35
226 2 8
58 1 27
26 1 25
25 1 143
58 1 8
22 1 207
196 1 106
26 1 8
8 4 16
106 1 28
16 2 84
8 1 27
207 2 26
207 1 25
35 2 33
16 2 17
45 2 33
40 1 26
16 2 8
61 1 99
56 1 38
8 2 17
33 1 16
26 2 207
92 1 56
38 1 223
30 1 16
58 2 25
170 1 106
16 2 37
37 1 207
58 1 84
33 1 27
52 1 26
26 2 61
54 1 52
101 2 92
25 1 196
27 1 30
39 1 26
17 2 33
26 1 17
85 1 54
196 2 170
40 1 8
35 2 45
28 2 16
144 1 207
44 1 26
207 1 8
61 2 22
38 1 85
52 1 207
33 2 38
56 2 140
70 1 82
8 1 17
16 2 35
196 1 47
26 1 58
106 1 37
8 2 37
38 1 92
70 1 38
207 1 17
92 1 140
226 2 16
8 2 39
82 1 52
47 1 16
? 1 github_java_program_data/12/366.java

50 1 26
28 1 8
22 1 26
26 1 45
35 2 8
26 1 35
52 1 106
129 1 26
28 1 16
170 1 106
37 1 47
48 1 207
226 1 8
70 1 25
51 1 63
26 1 16
81 1 26
22 1 207
47 1 28
40 1 207
106 1 226
81 2 48
54 2 25
38 1 101
8 1 48
8 2 24
63 1 28
16 2 48
52 1 207
48 1 26
106 1 8
30 1 207
16 1 81
89 1 41
16 2 41
207 1 36
81 1 207
50 2 76
89 2 63
63 1 24
207 1 35
16 1 17
196 2 170
52 1 47
38 1 70
25 1 85
51 1 89
196 2 92
8 1 16
28 2 8
207 1 16
54 1 52
25 1 170
84 1 30
207 1 33
16 1 48
47 1 37
54 1 76
52 2 50
37 1 26
207 1 45
16 7 8
25 1 22
35 2 16
196 1 106
17 2 16
8 1 35
16 1 8
54 1 50
89 1 25
41 2 25
16 4 8
106 1 16
52 2 53
53 1 207
76 1 207
82 2 38
89 1 226
70 2 85
89 1 16
45 2 17
16 5 8
8 2 27
58 1 8
53 1 26
47 1 226
85 1 38
26 1 8
63 1 8
27 1 40
40 2 30
170 2 70
35 2 36
106 1 28
16 2 84
8 1 27
8 2 48
20 1 47
8 2 35
16 2 17
17 2 35
53 2 56
40 1 26
85 2 22
47 1 52
16 2 52
25 1 92
27 1 30
8 2 17
8 4 16
54 1 37
33 1 16
24 2 38
92 1 56
84 1 40
30 1 16
70 1 54
16 2 37
37 1 207
17 2 36
101 1 207
8 2 37
48 2 81
82 1 53
53 2 129
17 2 8
41 1 20
25 1 196
56 1 38
41 1 23
106 1 44
33 1 84
92 1 53
26 1 17
24 1 23
63 1 38
35 2 45
8 1 81
37 2 53
16 2 44
44 1 26
54 1 129
23 1 106
20 2 23
28 2 16
8 1 17
16 2 35
8 2 81
196 1 47
25 1 70
26 1 58
106 1 37
101 1 26
8 7 16
82 1 52
54 1 53
207 1 17
16 2 81
129 1 207
30 1 26
24 1 20
226 2 16
82 1 129
85 1 82
47 1 16
58 1 27
8 5 16
207 1 8
? 1 github_java_program_data/12/378.java

28 1 8
56 1 25
26 1 45
170 2 196
26 1 35
50 2 99
53 1 207
33 2 17
170 2 92
26 1 33
38 1 101
35 2 17
35 2 8
16 1 27
36 2 35
99 1 38
207 2 70
207 1 58
8 5 16
40 2 30
196 2 101
22 2 196
16 1 84
58 1 16
226 1 16
25 1 170
84 1 30
207 1 33
16 1 8
33 2 35
16 7 8
51 1 61
37 1 26
17 2 16
33 1 84
106 1 16
17 2 58
25 1 144
35 2 58
82 2 38
70 2 85
144 1 26
92 2 61
16 5 8
8 2 27
30 1 26
53 1 26
47 1 226
47 1 52
170 2 70
27 1 40
196 2 70
52 1 47
44 1 207
38 1 144
54 2 38
226 1 8
8 2 35
16 4 8
54 2 25
106 1 44
85 1 25
39 1 207
25 1 101
47 1 8
47 1 44
25 1 61
8 2 44
47 1 39
70 1 54
17 2 36
101 1 207
51 1 101
38 1 26
99 1 25
223 1 207
58 2 35
53 2 56
92 1 53
25 1 207
38 1 196
28 2 8
80 1 8
25 1 70
30 1 8
101 1 26
8 7 16
140 1 25
17 2 25
207 1 38
26 2 92
61 1 50
84 1 40
50 1 26
22 1 26
30 2 40
50 1 207
25 1 26
33 1 8
28 1 16
101 2 22
51 1 170
207 1 16
8 2 84
26 1 16
17 2 35
40 1 207
16 2 27
51 1 80
16 2 52
8 1 84
45 2 8
80 2 101
58 2 17
17 2 8
22 2 101
106 1 8
33 2 25
8 2 16
30 1 207
207 1 36
143 1 26
207 1 35
16 1 17
170 2 101
38 1 70
37 1 106
8 1 16
51 1 196
51 1 92
170 1 47
207 1 45
25 1 22
35 2 16
70 2 22
8 1 35
38 1 170
54 1 37
40 1 16
51 1 70
51 1 22
26 1 36
16 1 35
226 2 8
58 1 27
26 1 25
25 1 143
58 1 8
22 1 207
196 1 106
26 1 8
8 4 16
106 1 28
16 2 84
8 1 27
207 2 26
207 1 25
35 2 33
16 2 17
45 2 33
40 1 26
16 2 8
61 1 99
56 1 38
8 2 17
33 1 16
26 2 207
92 1 56
38 1 223
30 1 16
58 2 25
170 1 106
16 2 37
37 1 207
58 1 84
33 1 27
52 1 26
26 2 61
54 1 52
101 2 92
25 1 196
27 1 30
39 1 26
17 2 33
26 1 17
85 1 54
196 2 170
40 1 8
35 2 45
28 2 16
144 1 207
44 1 26
207 1 8
61 2 22
38 1 85
52 1 207
33 2 38
56 2 140
70 1 82
8 1 17
16 2 35
196 1 47
26 1 58
106 1 37
8 2 37
38 1 92
70 1 38
207 1 17
92 1 140
226 2 16
8 2 39
82 1 52
47 1 16
? 1 github_java_program_data/12/393.java

16 2 41
28 1 8
22 1 26
26 1 45
35 2 8
26 1 35
16 2 55
196 1 106
28 1 16
82 2 25
37 1 47
207 1 16
63 1 46
53 2 129
26 1 16
89 1 25
47 1 28
106 1 226
38 1 101
89 1 43
58 2 17
50 1 207
82 1 50
35 2 42
46 2 43
106 1 8
8 4 16
30 1 207
20 2 23
226 2 8
49 1 43
207 1 58
207 1 36
50 2 76
16 2 52
89 2 63
143 1 26
207 1 35
49 1 46
130 1 8
51 1 49
40 2 30
16 2 84
8 1 16
41 2 38
70 2 143
58 1 16
170 1 47
226 1 16
25 1 170
84 1 30
207 1 33
106 1 52
47 1 37
63 1 41
47 1 226
37 1 26
226 1 8
25 1 22
35 2 16
89 1 28
31 1 16
49 1 25
8 1 35
55 2 25
72 2 43
54 1 37
82 1 37
41 2 25
170 2 70
46 2 16
89 1 72
42 2 49
31 2 89
49 1 16
8 2 84
41 1 20
25 1 63
25 1 143
16 5 8
8 2 27
58 1 8
53 1 26
33 1 8
143 6 89
26 1 8
63 1 8
72 1 8
31 1 41
49 1 55
106 1 28
37 1 106
31 1 46
24 2 25
17 2 8
20 1 47
8 2 35
16 2 17
23 1 47
20 1 106
54 2 38
16 4 8
85 1 25
47 1 52
40 1 26
27 1 30
8 2 17
47 1 8
8 2 52
25 1 31
8 2 41
51 1 35
70 1 54
51 1 42
8 2 24
101 1 207
58 1 84
33 1 27
52 1 26
23 2 20
30 2 40
25 1 89
63 1 28
26 1 33
31 1 25
25 1 196
41 1 23
17 2 33
43 2 28
26 1 17
196 2 170
63 1 38
89 1 24
28 2 16
37 2 53
46 2 28
54 1 129
55 1 130
43 2 16
38 1 85
52 1 207
28 2 8
8 1 17
16 2 35
89 1 8
25 1 70
8 2 37
35 1 8
42 1 8
70 1 38
54 1 53
207 1 17
82 1 76
129 1 207
47 1 16
226 2 16
37 2 50
85 1 82
76 1 26
84 1 40
8 5 16
207 1 8
? 1 github_java_program_data/12/400.java

50 1 26
28 1 8
22 1 26
26 1 45
35 2 8
26 1 35
52 1 106
129 1 26
28 1 16
170 1 106
37 1 47
48 1 207
226 1 8
70 1 25
51 1 63
26 1 16
81 1 26
22 1 207
47 1 28
40 1 207
106 1 226
81 2 48
54 2 25
38 1 101
8 1 48
8 2 24
63 1 28
16 2 48
52 1 207
48 1 26
106 1 8
30 1 207
16 1 81
89 1 41
16 2 41
207 1 36
81 1 207
50 2 76
89 2 63
63 1 24
207 1 35
16 1 17
196 2 170
52 1 47
38 1 70
25 1 85
51 1 89
196 2 92
8 1 16
28 2 8
207 1 16
54 1 52
25 1 170
84 1 30
207 1 33
16 1 48
47 1 37
54 1 76
52 2 50
37 1 26
207 1 45
16 7 8
25 1 22
35 2 16
196 1 106
17 2 16
8 1 35
16 1 8
54 1 50
89 1 25
41 2 25
16 4 8
106 1 16
52 2 53
53 1 207
76 1 207
82 2 38
89 1 226
70 2 85
89 1 16
45 2 17
16 5 8
8 2 27
58 1 8
53 1 26
47 1 226
85 1 38
26 1 8
63 1 8
27 1 40
40 2 30
170 2 70
35 2 36
106 1 28
16 2 84
8 1 27
8 2 48
20 1 47
8 2 35
16 2 17
17 2 35
53 2 56
40 1 26
85 2 22
47 1 52
16 2 52
25 1 92
27 1 30
8 2 17
8 4 16
54 1 37
33 1 16
24 2 38
92 1 56
84 1 40
30 1 16
70 1 54
16 2 37
37 1 207
17 2 36
101 1 207
8 2 37
48 2 81
82 1 53
53 2 129
17 2 8
41 1 20
25 1 196
56 1 38
41 1 23
106 1 44
33 1 84
92 1 53
26 1 17
24 1 23
63 1 38
35 2 45
8 1 81
37 2 53
16 2 44
44 1 26
54 1 129
23 1 106
20 2 23
28 2 16
8 1 17
16 2 35
8 2 81
196 1 47
25 1 70
26 1 58
106 1 37
101 1 26
8 7 16
82 1 52
54 1 53
207 1 17
16 2 81
129 1 207
30 1 26
24 1 20
226 2 16
82 1 129
85 1 82
47 1 16
58 1 27
8 5 16
207 1 8
? 1 github_java_program_data/12/405.java

28 1 8
56 1 25
26 1 45
170 2 196
26 1 35
50 2 99
53 1 207
33 2 17
170 2 92
26 1 33
38 1 101
35 2 17
35 2 8
16 1 27
36 2 35
99 1 38
207 2 70
207 1 58
8 5 16
40 2 30
196 2 101
22 2 196
16 1 84
58 1 16
226 1 16
25 1 170
84 1 30
207 1 33
16 1 8
33 2 35
16 7 8
51 1 61
37 1 26
17 2 16
33 1 84
106 1 16
17 2 58
25 1 144
35 2 58
82 2 38
70 2 85
144 1 26
92 2 61
16 5 8
8 2 27
30 1 26
53 1 26
47 1 226
47 1 52
170 2 70
27 1 40
196 2 70
52 1 47
44 1 207
38 1 144
54 2 38
226 1 8
8 2 35
16 4 8
54 2 25
106 1 44
85 1 25
39 1 207
25 1 101
47 1 8
47 1 44
25 1 61
8 2 44
47 1 39
70 1 54
17 2 36
101 1 207
51 1 101
38 1 26
99 1 25
223 1 207
58 2 35
53 2 56
92 1 53
25 1 207
38 1 196
28 2 8
80 1 8
25 1 70
30 1 8
101 1 26
8 7 16
140 1 25
17 2 25
207 1 38
26 2 92
61 1 50
84 1 40
50 1 26
22 1 26
30 2 40
50 1 207
25 1 26
33 1 8
28 1 16
101 2 22
51 1 170
207 1 16
8 2 84
26 1 16
17 2 35
40 1 207
16 2 27
51 1 80
16 2 52
8 1 84
45 2 8
80 2 101
58 2 17
17 2 8
22 2 101
106 1 8
33 2 25
8 2 16
30 1 207
207 1 36
143 1 26
207 1 35
16 1 17
170 2 101
38 1 70
37 1 106
8 1 16
51 1 196
51 1 92
170 1 47
207 1 45
25 1 22
35 2 16
70 2 22
8 1 35
38 1 170
54 1 37
40 1 16
51 1 70
51 1 22
26 1 36
16 1 35
226 2 8
58 1 27
26 1 25
25 1 143
58 1 8
22 1 207
196 1 106
26 1 8
8 4 16
106 1 28
16 2 84
8 1 27
207 2 26
207 1 25
35 2 33
16 2 17
45 2 33
40 1 26
16 2 8
61 1 99
56 1 38
8 2 17
33 1 16
26 2 207
92 1 56
38 1 223
30 1 16
58 2 25
170 1 106
16 2 37
37 1 207
58 1 84
33 1 27
52 1 26
26 2 61
54 1 52
101 2 92
25 1 196
27 1 30
39 1 26
17 2 33
26 1 17
85 1 54
196 2 170
40 1 8
35 2 45
28 2 16
144 1 207
44 1 26
207 1 8
61 2 22
38 1 85
52 1 207
33 2 38
56 2 140
70 1 82
8 1 17
16 2 35
196 1 47
26 1 58
106 1 37
8 2 37
38 1 92
70 1 38
207 1 17
92 1 140
226 2 16
8 2 39
82 1 52
47 1 16
? 1 github_java_program_data/12/42.java

51 1 49
48 1 26
56 1 25
26 1 45
25 1 196
26 1 35
52 1 106
28 1 8
50 2 99
53 1 207
48 1 207
63 1 46
70 1 25
53 2 129
49 1 25
89 1 25
142 1 207
47 1 28
106 1 226
22 2 143
38 1 101
17 2 36
89 1 43
63 1 28
106 1 46
16 1 27
99 2 71
16 7 8
70 2 92
99 1 38
38 1 22
89 1 38
207 1 58
89 1 46
61 1 140
35 2 8
53 2 76
89 1 28
196 2 170
22 2 70
85 2 101
8 5 16
38 1 61
25 1 85
17 2 58
61 1 56
36 2 17
196 2 61
16 1 84
38 1 142
58 1 16
226 1 16
8 1 81
84 1 30
207 1 33
106 1 52
47 1 37
54 1 76
52 2 50
37 1 26
142 6 63
170 2 22
17 2 16
33 1 84
54 1 50
106 1 16
68 2 143
41 2 25
70 2 61
101 2 143
92 1 99
49 1 16
82 2 38
92 2 170
41 1 20
25 1 63
144 1 26
16 5 8
8 2 27
30 1 26
56 2 71
53 1 26
82 1 37
63 1 8
27 1 40
52 1 47
39 1 26
31 1 46
46 2 16
38 1 144
54 2 38
226 1 8
8 2 35
16 4 8
17 2 45
129 1 26
53 2 56
85 1 25
85 2 22
47 1 52
16 2 52
27 1 30
47 1 8
47 1 44
25 1 61
25 1 31
47 1 39
70 1 54
31 2 89
35 2 17
101 1 207
63 1 25
140 1 38
16 2 24
50 2 56
30 2 40
38 1 68
99 1 25
58 2 35
17 2 33
41 1 23
50 2 129
89 1 226
92 1 53
24 1 23
16 2 84
40 1 8
53 2 99
40 1 26
54 1 129
85 2 142
38 1 196
28 2 8
85 2 70
37 2 50
35 2 49
89 1 8
25 1 70
143 1 207
30 1 8
99 2 140
101 1 26
68 1 26
38 1 143
82 1 52
24 2 38
39 1 207
82 1 76
25 1 89
37 2 53
61 1 50
84 1 40
50 1 26
16 2 48
22 1 26
81 1 207
50 1 207
196 1 106
28 1 16
101 2 22
37 1 47
207 1 16
8 2 84
43 2 226
30 1 207
26 1 16
81 1 26
76 1 207
40 1 207
16 2 27
81 2 48
61 2 92
54 2 25
52 2 53
8 1 48
17 2 8
82 1 50
22 2 101
106 1 8
41 2 38
143 6 89
8 2 24
63 1 16
16 1 81
223 1 26
16 2 41
207 1 36
101 2 170
50 2 76
35 2 58
143 1 26
207 1 35
16 1 17
25 1 142
49 1 46
38 1 70
82 2 25
8 1 16
23 2 20
170 1 47
33 2 35
101 2 85
23 1 106
16 1 48
35 1 8
63 1 41
43 2 28
61 1 53
207 1 45
25 1 22
35 2 16
35 2 36
8 7 16
70 2 22
38 1 100
8 1 35
16 1 8
54 1 37
40 2 30
196 2 70
24 2 25
170 2 196
26 1 36
8 2 39
16 1 35
35 2 33
196 2 31
58 1 27
31 1 38
142 6 89
89 1 16
25 1 143
92 2 142
58 1 8
22 1 207
33 1 8
85 1 38
26 1 8
70 2 142
31 1 41
8 2 37
106 1 28
37 1 106
8 1 27
46 2 8
92 1 50
20 1 47
226 2 8
16 2 17
8 2 17
20 1 106
17 2 35
61 1 99
142 1 26
25 1 92
56 1 38
140 1 25
16 2 44
33 1 16
45 2 17
8 2 52
92 1 56
38 1 223
30 1 16
170 1 106
16 2 37
37 1 207
8 2 41
58 1 84
16 2 81
33 1 27
52 1 26
63 1 226
82 1 53
89 2 63
26 1 33
54 1 52
47 1 226
25 1 101
44 1 207
106 1 44
170 2 85
46 2 226
26 1 17
85 1 54
63 1 38
89 1 24
35 2 45
25 1 170
63 2 89
43 2 46
46 2 28
44 1 26
207 1 8
85 2 196
196 2 68
38 1 85
52 1 207
61 2 70
28 2 16
56 2 140
70 1 82
8 1 17
16 2 35
76 1 26
196 1 47
8 4 16
26 1 58
106 1 37
38 1 170
71 1 25
31 1 8
92 1 71
38 1 92
70 1 38
54 1 53
207 1 17
16 2 25
129 1 207
24 1 20
47 1 43
226 2 16
82 1 129
85 1 82
8 2 81
51 1 35
47 1 16
? 1 github_java_program_data/12/422.java

50 1 26
28 1 8
22 1 26
26 1 45
35 2 8
26 1 35
52 1 106
129 1 26
28 1 16
170 1 106
37 1 47
48 1 207
226 1 8
70 1 25
51 1 63
26 1 16
81 1 26
22 1 207
47 1 28
40 1 207
106 1 226
81 2 48
54 2 25
38 1 101
8 1 48
8 2 24
63 1 28
16 2 48
52 1 207
48 1 26
106 1 8
30 1 207
16 1 81
89 1 41
16 2 41
207 1 36
81 1 207
50 2 76
89 2 63
63 1 24
207 1 35
16 1 17
196 2 170
52 1 47
38 1 70
25 1 85
51 1 89
196 2 92
8 1 16
28 2 8
207 1 16
54 1 52
25 1 170
84 1 30
207 1 33
16 1 48
47 1 37
54 1 76
52 2 50
37 1 26
207 1 45
16 7 8
25 1 22
35 2 16
196 1 106
17 2 16
8 1 35
16 1 8
54 1 50
89 1 25
41 2 25
16 4 8
106 1 16
52 2 53
53 1 207
76 1 207
82 2 38
89 1 226
70 2 85
89 1 16
45 2 17
16 5 8
8 2 27
58 1 8
53 1 26
47 1 226
85 1 38
26 1 8
63 1 8
27 1 40
40 2 30
170 2 70
35 2 36
106 1 28
16 2 84
8 1 27
8 2 48
20 1 47
8 2 35
16 2 17
17 2 35
53 2 56
40 1 26
85 2 22
47 1 52
16 2 52
25 1 92
27 1 30
8 2 17
8 4 16
54 1 37
33 1 16
24 2 38
92 1 56
84 1 40
30 1 16
70 1 54
16 2 37
37 1 207
17 2 36
101 1 207
8 2 37
48 2 81
82 1 53
53 2 129
17 2 8
41 1 20
25 1 196
56 1 38
41 1 23
106 1 44
33 1 84
92 1 53
26 1 17
24 1 23
63 1 38
35 2 45
8 1 81
37 2 53
16 2 44
44 1 26
54 1 129
23 1 106
20 2 23
28 2 16
8 1 17
16 2 35
8 2 81
196 1 47
25 1 70
26 1 58
106 1 37
101 1 26
8 7 16
82 1 52
54 1 53
207 1 17
16 2 81
129 1 207
30 1 26
24 1 20
226 2 16
82 1 129
85 1 82
47 1 16
58 1 27
8 5 16
207 1 8
? 1 github_java_program_data/12/432.java

16 2 41
28 1 8
22 1 26
26 1 45
25 1 196
26 1 35
16 2 55
28 1 16
101 2 22
53 1 207
207 1 16
63 1 46
43 2 226
72 2 43
26 1 16
89 1 25
47 1 28
40 1 207
16 2 27
38 1 101
89 1 43
17 2 8
49 1 38
22 2 101
55 2 38
106 1 8
8 2 24
30 1 207
89 1 38
226 2 8
89 1 41
63 1 16
26 1 58
89 2 63
143 1 26
254 1 38
16 1 17
25 1 142
49 1 46
130 1 8
51 1 49
17 2 58
35 2 58
16 2 24
8 1 16
17 2 16
41 2 38
207 1 33
196 2 22
226 1 16
28 2 16
84 1 30
23 1 106
35 2 8
134 1 16
35 1 8
18 2 42
33 2 35
226 1 8
142 6 63
25 1 22
35 2 16
45 2 35
207 1 35
63 1 134
8 1 35
16 1 8
51 1 18
106 1 16
254 1 53
18 2 49
24 2 25
89 1 72
26 1 36
16 1 35
207 1 58
8 2 84
63 1 24
89 1 226
41 2 25
89 1 16
28 2 8
16 5 8
8 2 27
30 1 26
22 1 207
33 1 8
26 1 8
63 1 8
27 1 40
49 1 16
49 1 55
35 2 36
106 1 28
18 1 8
35 2 42
63 2 89
196 1 47
20 1 47
8 2 35
16 2 17
17 2 45
40 1 26
42 1 8
47 1 52
142 1 26
27 1 30
47 1 8
33 1 16
36 2 17
8 2 52
101 2 143
51 1 35
53 2 38
38 1 63
8 2 41
101 1 207
58 1 84
72 1 16
63 1 25
42 2 18
33 1 27
134 2 46
63 1 226
26 1 33
41 1 20
47 1 226
25 1 101
25 1 254
46 2 226
26 1 17
24 1 23
211 1 26
254 2 142
207 1 45
38 1 211
207 1 8
55 1 130
46 2 16
52 1 207
8 1 17
16 2 35
89 1 8
211 2 101
143 1 207
101 1 26
38 1 143
8 2 17
51 1 42
207 1 17
143 6 89
58 1 8
226 2 16
38 1 89
84 1 40
8 5 16
47 1 16
? 1 github_java_program_data/12/446.java

28 1 8
56 1 25
26 1 45
170 2 196
26 1 35
50 2 99
53 1 207
33 2 17
170 2 92
26 1 33
38 1 101
35 2 17
35 2 8
16 1 27
36 2 35
99 1 38
207 2 70
207 1 58
8 5 16
40 2 30
196 2 101
22 2 196
16 1 84
58 1 16
226 1 16
25 1 170
84 1 30
207 1 33
16 1 8
33 2 35
16 7 8
51 1 61
37 1 26
17 2 16
33 1 84
106 1 16
17 2 58
25 1 144
35 2 58
82 2 38
70 2 85
144 1 26
92 2 61
16 5 8
8 2 27
30 1 26
53 1 26
47 1 226
47 1 52
170 2 70
27 1 40
196 2 70
52 1 47
44 1 207
38 1 144
54 2 38
226 1 8
8 2 35
16 4 8
54 2 25
106 1 44
85 1 25
39 1 207
25 1 101
47 1 8
47 1 44
25 1 61
8 2 44
47 1 39
70 1 54
17 2 36
101 1 207
51 1 101
38 1 26
99 1 25
223 1 207
58 2 35
53 2 56
92 1 53
25 1 207
38 1 196
28 2 8
80 1 8
25 1 70
30 1 8
101 1 26
8 7 16
140 1 25
17 2 25
207 1 38
26 2 92
61 1 50
84 1 40
50 1 26
22 1 26
30 2 40
50 1 207
25 1 26
33 1 8
28 1 16
101 2 22
51 1 170
207 1 16
8 2 84
26 1 16
17 2 35
40 1 207
16 2 27
51 1 80
16 2 52
8 1 84
45 2 8
80 2 101
58 2 17
17 2 8
22 2 101
106 1 8
33 2 25
8 2 16
30 1 207
207 1 36
143 1 26
207 1 35
16 1 17
170 2 101
38 1 70
37 1 106
8 1 16
51 1 196
51 1 92
170 1 47
207 1 45
25 1 22
35 2 16
70 2 22
8 1 35
38 1 170
54 1 37
40 1 16
51 1 70
51 1 22
26 1 36
16 1 35
226 2 8
58 1 27
26 1 25
25 1 143
58 1 8
22 1 207
196 1 106
26 1 8
8 4 16
106 1 28
16 2 84
8 1 27
207 2 26
207 1 25
35 2 33
16 2 17
45 2 33
40 1 26
16 2 8
61 1 99
56 1 38
8 2 17
33 1 16
26 2 207
92 1 56
38 1 223
30 1 16
58 2 25
170 1 106
16 2 37
37 1 207
58 1 84
33 1 27
52 1 26
26 2 61
54 1 52
101 2 92
25 1 196
27 1 30
39 1 26
17 2 33
26 1 17
85 1 54
196 2 170
40 1 8
35 2 45
28 2 16
144 1 207
44 1 26
207 1 8
61 2 22
38 1 85
52 1 207
33 2 38
56 2 140
70 1 82
8 1 17
16 2 35
196 1 47
26 1 58
106 1 37
8 2 37
38 1 92
70 1 38
207 1 17
92 1 140
226 2 16
8 2 39
82 1 52
47 1 16
? 1 github_java_program_data/12/447.java

16 2 41
48 1 26
56 1 25
26 1 45
170 2 196
26 1 35
52 1 106
28 1 8
50 2 99
53 1 207
33 2 17
70 1 25
16 2 37
89 1 46
47 1 28
160 2 38
106 1 226
38 1 101
17 2 36
89 1 43
35 2 8
106 1 46
143 6 63
63 1 160
42 2 18
38 1 22
106 2 47
207 1 58
89 1 46
63 1 24
89 1 28
8 2 38
38 1 61
25 1 85
89 2 63
43 2 8
36 2 17
48 1 207
58 1 16
24 2 46
226 1 16
8 1 81
84 1 30
207 1 33
47 1 37
16 1 8
52 2 50
37 1 26
17 2 16
89 1 25
26 1 33
106 1 16
75 1 25
35 2 58
82 2 38
89 1 226
41 2 25
92 2 61
16 5 8
8 2 27
30 1 26
53 1 26
51 1 18
170 2 70
63 1 8
27 1 40
52 1 47
22 2 170
35 2 42
46 2 16
46 1 30
8 2 35
17 2 45
92 1 50
16 4 8
47 1 46
47 1 52
8 2 41
25 1 101
25 1 49
47 1 8
160 2 25
41 2 160
70 1 54
38 1 63
8 2 24
101 1 207
63 1 25
50 2 56
30 2 40
53 2 129
27 1 30
99 1 25
53 2 56
41 1 20
92 1 53
196 2 170
207 1 45
54 1 129
38 1 196
89 1 8
25 1 70
143 1 207
51 1 75
101 1 26
24 2 160
42 1 8
82 1 52
82 1 76
25 1 89
37 2 53
46 2 25
61 1 50
84 1 40
50 1 26
16 2 48
22 1 26
81 1 207
50 1 207
33 1 8
28 1 16
101 2 22
37 1 47
207 1 16
8 2 84
43 2 226
26 1 16
81 1 26
16 7 8
40 1 207
16 2 27
54 2 25
8 1 48
17 2 8
49 1 38
82 1 50
16 2 25
22 2 101
106 1 8
143 6 89
30 1 207
16 1 81
89 1 41
207 1 36
50 2 76
207 1 35
16 1 17
52 2 53
38 1 70
41 2 46
8 1 16
48 2 81
170 1 47
16 1 48
35 1 8
47 1 226
226 1 8
25 1 22
106 1 43
35 2 16
8 7 16
70 2 22
38 1 100
8 1 35
89 1 160
18 2 42
54 1 37
196 2 70
75 1 46
26 1 36
75 1 16
16 1 35
226 2 8
196 2 63
89 1 16
28 2 8
58 1 8
22 1 207
196 1 106
85 1 38
26 1 8
35 2 36
106 1 28
16 2 84
18 1 8
46 2 38
63 1 43
20 1 47
35 2 33
16 2 17
54 2 38
40 1 26
38 1 143
61 1 99
56 1 38
70 1 38
18 2 75
160 1 40
8 2 52
92 1 56
51 1 35
170 1 106
207 1 17
37 1 207
63 1 46
33 1 27
63 1 226
49 1 43
17 2 58
54 1 52
25 1 196
58 1 84
17 2 33
46 2 226
26 1 17
63 1 38
8 4 16
35 2 45
25 1 170
63 2 89
43 2 46
46 2 28
8 2 48
207 1 8
85 2 196
33 1 16
52 1 207
28 2 16
49 1 8
8 1 17
16 2 35
76 1 26
196 1 47
26 1 58
106 1 37
38 1 170
8 2 37
38 1 92
8 2 17
54 1 53
51 1 42
89 2 49
129 1 207
47 1 16
226 2 16
85 1 82
8 2 81
8 5 16
35 2 17
38 1 89
? 1 github_java_program_data/12/460.java

28 1 8
56 1 25
26 1 45
170 2 196
26 1 35
50 2 99
53 1 207
33 2 17
170 2 92
26 1 33
38 1 101
35 2 17
35 2 8
16 1 27
36 2 35
99 1 38
207 2 70
207 1 58
8 5 16
40 2 30
196 2 101
22 2 196
16 1 84
58 1 16
226 1 16
25 1 170
84 1 30
207 1 33
16 1 8
33 2 35
16 7 8
51 1 61
37 1 26
17 2 16
33 1 84
106 1 16
17 2 58
25 1 144
35 2 58
82 2 38
70 2 85
144 1 26
92 2 61
16 5 8
8 2 27
30 1 26
53 1 26
47 1 226
47 1 52
170 2 70
27 1 40
196 2 70
52 1 47
44 1 207
38 1 144
54 2 38
226 1 8
8 2 35
16 4 8
54 2 25
106 1 44
85 1 25
39 1 207
25 1 101
47 1 8
47 1 44
25 1 61
8 2 44
47 1 39
70 1 54
17 2 36
101 1 207
51 1 101
38 1 26
99 1 25
223 1 207
58 2 35
53 2 56
92 1 53
25 1 207
38 1 196
28 2 8
80 1 8
25 1 70
30 1 8
101 1 26
8 7 16
140 1 25
17 2 25
207 1 38
26 2 92
61 1 50
84 1 40
50 1 26
22 1 26
30 2 40
50 1 207
25 1 26
33 1 8
28 1 16
101 2 22
51 1 170
207 1 16
8 2 84
26 1 16
17 2 35
40 1 207
16 2 27
51 1 80
16 2 52
8 1 84
45 2 8
80 2 101
58 2 17
17 2 8
22 2 101
106 1 8
33 2 25
8 2 16
30 1 207
207 1 36
143 1 26
207 1 35
16 1 17
170 2 101
38 1 70
37 1 106
8 1 16
51 1 196
51 1 92
170 1 47
207 1 45
25 1 22
35 2 16
70 2 22
8 1 35
38 1 170
54 1 37
40 1 16
51 1 70
51 1 22
26 1 36
16 1 35
226 2 8
58 1 27
26 1 25
25 1 143
58 1 8
22 1 207
196 1 106
26 1 8
8 4 16
106 1 28
16 2 84
8 1 27
207 2 26
207 1 25
35 2 33
16 2 17
45 2 33
40 1 26
16 2 8
61 1 99
56 1 38
8 2 17
33 1 16
26 2 207
92 1 56
38 1 223
30 1 16
58 2 25
170 1 106
16 2 37
37 1 207
58 1 84
33 1 27
52 1 26
26 2 61
54 1 52
101 2 92
25 1 196
27 1 30
39 1 26
17 2 33
26 1 17
85 1 54
196 2 170
40 1 8
35 2 45
28 2 16
144 1 207
44 1 26
207 1 8
61 2 22
38 1 85
52 1 207
33 2 38
56 2 140
70 1 82
8 1 17
16 2 35
196 1 47
26 1 58
106 1 37
8 2 37
38 1 92
70 1 38
207 1 17
92 1 140
226 2 16
8 2 39
82 1 52
47 1 16
? 1 github_java_program_data/12/474.java

8 2 52
48 1 26
56 1 25
26 1 45
52 1 106
53 1 207
63 1 46
70 1 25
170 2 22
222 2 143
89 1 25
142 1 207
47 1 28
38 1 101
89 1 43
31 2 63
63 1 28
89 1 134
16 2 55
143 6 63
61 1 140
89 1 28
40 2 30
196 2 101
63 1 134
54 1 52
8 1 81
207 1 33
134 1 16
16 2 25
106 1 28
37 1 26
142 6 63
79 2 31
33 1 84
106 1 16
75 1 25
31 2 89
49 1 16
41 1 20
101 2 170
8 2 27
82 1 37
63 1 8
72 1 8
24 2 25
8 2 35
92 1 50
53 2 56
27 1 30
8 4 16
25 1 61
17 2 36
101 1 207
72 2 43
63 1 25
53 2 76
134 2 46
50 2 56
42 1 16
92 1 53
72 2 46
24 1 23
16 1 8
53 2 99
54 1 129
85 2 142
99 2 140
101 1 26
16 2 81
37 2 53
61 1 50
58 1 27
50 1 26
22 1 26
81 1 207
35 2 8
28 1 16
101 2 22
222 1 50
89 2 63
207 1 16
8 2 84
43 2 226
76 1 207
81 2 48
49 2 75
16 2 52
22 2 101
8 2 24
170 2 31
16 1 81
207 1 36
207 1 35
16 1 17
25 1 142
49 1 46
38 1 70
37 1 106
170 1 47
75 1 55
28 1 46
63 1 41
79 1 41
16 2 35
63 1 72
35 2 16
63 1 38
38 1 170
54 1 37
134 2 43
196 2 70
42 2 49
43 2 8
70 2 170
22 1 207
33 1 8
85 1 38
31 1 41
8 1 27
63 1 43
35 2 33
61 1 99
56 1 38
16 2 44
33 1 16
92 1 56
8 5 16
170 1 106
16 2 37
47 1 43
41 2 38
82 1 76
33 1 27
82 1 53
17 2 58
58 1 16
47 1 226
17 2 33
75 1 46
85 1 54
196 2 170
40 1 8
28 2 16
63 2 89
44 1 26
45 2 35
55 1 131
49 1 8
76 1 26
106 1 52
84 1 40
106 1 37
46 2 8
38 1 92
8 2 17
51 1 42
143 6 89
24 1 20
20 2 23
47 1 16
16 2 41
28 1 8
75 1 16
170 2 196
26 1 35
50 2 99
48 1 207
52 2 50
53 2 129
49 1 25
50 2 25
30 2 40
106 1 226
131 1 8
106 1 46
16 1 27
226 1 46
99 1 38
38 1 22
89 1 38
25 1 75
79 1 16
63 1 16
75 2 89
38 1 61
25 1 85
170 2 79
36 2 17
22 2 196
16 1 84
31 1 25
226 1 16
25 1 170
84 1 30
79 1 43
47 1 37
43 2 16
17 2 16
170 2 61
54 1 50
41 2 25
82 2 38
25 1 63
92 2 61
16 5 8
8 7 16
30 1 26
53 1 26
129 1 26
27 1 40
52 1 47
196 2 92
31 1 46
61 2 101
54 2 38
226 1 8
8 2 25
17 2 45
85 1 25
47 1 46
47 1 52
8 2 41
25 1 101
25 1 49
47 1 8
47 1 44
25 1 31
46 2 226
70 1 54
35 2 17
226 1 43
35 2 58
140 1 38
16 2 24
99 1 25
41 1 23
16 4 8
89 1 226
23 2 20
89 1 24
101 2 142
38 1 196
45 2 17
37 2 50
89 1 8
25 1 70
143 1 207
30 1 8
38 1 143
82 1 52
24 2 38
26 1 58
38 1 222
25 1 89
170 2 92
70 2 85
37 1 47
38 1 142
46 2 43
30 1 207
26 1 16
81 1 26
16 7 8
40 1 207
16 2 27
54 2 25
8 1 84
8 1 48
38 1 85
17 2 8
82 1 50
106 1 8
28 1 43
79 1 38
50 2 129
25 1 79
143 1 26
92 2 196
50 2 76
51 1 49
8 1 16
31 1 24
23 1 106
16 1 48
43 2 28
61 1 53
207 1 45
25 1 22
106 1 43
38 1 100
8 1 35
55 2 25
40 1 16
46 2 16
89 1 72
26 1 36
16 1 35
207 1 58
222 1 25
89 1 16
28 2 8
58 1 8
196 1 106
26 1 8
35 2 36
52 2 53
16 2 84
20 1 47
226 2 8
16 2 17
142 6 89
40 1 26
142 1 26
70 1 38
30 1 16
207 1 17
37 1 207
58 1 84
72 1 16
52 1 26
49 1 43
26 1 33
101 2 92
25 1 196
26 1 17
35 2 45
226 2 16
46 2 28
207 1 8
61 2 143
22 2 222
52 1 207
85 1 82
70 1 82
8 1 17
196 1 47
8 2 37
31 1 8
54 1 53
129 1 207
43 2 46
8 2 81
? 1 github_java_program_data/12/482.java

50 1 26
28 1 8
22 1 26
26 1 45
35 2 8
26 1 35
52 1 106
129 1 26
28 1 16
170 1 106
37 1 47
48 1 207
226 1 8
70 1 25
51 1 63
26 1 16
81 1 26
22 1 207
47 1 28
40 1 207
106 1 226
81 2 48
54 2 25
38 1 101
8 1 48
8 2 24
63 1 28
16 2 48
52 1 207
48 1 26
106 1 8
30 1 207
16 1 81
89 1 41
16 2 41
207 1 36
81 1 207
50 2 76
89 2 63
63 1 24
207 1 35
16 1 17
196 2 170
52 1 47
38 1 70
25 1 85
51 1 89
196 2 92
8 1 16
28 2 8
207 1 16
54 1 52
25 1 170
84 1 30
207 1 33
16 1 48
47 1 37
54 1 76
52 2 50
37 1 26
207 1 45
16 7 8
25 1 22
35 2 16
196 1 106
17 2 16
8 1 35
16 1 8
54 1 50
89 1 25
41 2 25
16 4 8
106 1 16
52 2 53
53 1 207
76 1 207
82 2 38
89 1 226
70 2 85
89 1 16
45 2 17
16 5 8
8 2 27
58 1 8
53 1 26
47 1 226
85 1 38
26 1 8
63 1 8
27 1 40
40 2 30
170 2 70
35 2 36
106 1 28
16 2 84
8 1 27
8 2 48
20 1 47
8 2 35
16 2 17
17 2 35
53 2 56
40 1 26
85 2 22
47 1 52
16 2 52
25 1 92
27 1 30
8 2 17
8 4 16
54 1 37
33 1 16
24 2 38
92 1 56
84 1 40
30 1 16
70 1 54
16 2 37
37 1 207
17 2 36
101 1 207
8 2 37
48 2 81
82 1 53
53 2 129
17 2 8
41 1 20
25 1 196
56 1 38
41 1 23
106 1 44
33 1 84
92 1 53
26 1 17
24 1 23
63 1 38
35 2 45
8 1 81
37 2 53
16 2 44
44 1 26
54 1 129
23 1 106
20 2 23
28 2 16
8 1 17
16 2 35
8 2 81
196 1 47
25 1 70
26 1 58
106 1 37
101 1 26
8 7 16
82 1 52
54 1 53
207 1 17
16 2 81
129 1 207
30 1 26
24 1 20
226 2 16
82 1 129
85 1 82
47 1 16
58 1 27
8 5 16
207 1 8
? 1 github_java_program_data/12/486.java

28 1 8
56 1 25
26 1 45
170 2 196
26 1 35
50 2 99
53 1 207
33 2 17
170 2 92
26 1 33
38 1 101
35 2 17
35 2 8
16 1 27
36 2 35
99 1 38
207 2 70
207 1 58
8 5 16
40 2 30
196 2 101
22 2 196
16 1 84
58 1 16
226 1 16
25 1 170
84 1 30
207 1 33
16 1 8
33 2 35
16 7 8
51 1 61
37 1 26
17 2 16
33 1 84
106 1 16
17 2 58
25 1 144
35 2 58
82 2 38
70 2 85
144 1 26
92 2 61
16 5 8
8 2 27
30 1 26
53 1 26
47 1 226
47 1 52
170 2 70
27 1 40
196 2 70
52 1 47
44 1 207
38 1 144
54 2 38
226 1 8
8 2 35
16 4 8
54 2 25
106 1 44
85 1 25
39 1 207
25 1 101
47 1 8
47 1 44
25 1 61
8 2 44
47 1 39
70 1 54
17 2 36
101 1 207
51 1 101
38 1 26
99 1 25
223 1 207
58 2 35
53 2 56
92 1 53
25 1 207
38 1 196
28 2 8
80 1 8
25 1 70
30 1 8
101 1 26
8 7 16
140 1 25
17 2 25
207 1 38
26 2 92
61 1 50
84 1 40
50 1 26
22 1 26
30 2 40
50 1 207
25 1 26
33 1 8
28 1 16
101 2 22
51 1 170
207 1 16
8 2 84
26 1 16
17 2 35
40 1 207
16 2 27
51 1 80
16 2 52
8 1 84
45 2 8
80 2 101
58 2 17
17 2 8
22 2 101
106 1 8
33 2 25
8 2 16
30 1 207
207 1 36
143 1 26
207 1 35
16 1 17
170 2 101
38 1 70
37 1 106
8 1 16
51 1 196
51 1 92
170 1 47
207 1 45
25 1 22
35 2 16
70 2 22
8 1 35
38 1 170
54 1 37
40 1 16
51 1 70
51 1 22
26 1 36
16 1 35
226 2 8
58 1 27
26 1 25
25 1 143
58 1 8
22 1 207
196 1 106
26 1 8
8 4 16
106 1 28
16 2 84
8 1 27
207 2 26
207 1 25
35 2 33
16 2 17
45 2 33
40 1 26
16 2 8
61 1 99
56 1 38
8 2 17
33 1 16
26 2 207
92 1 56
38 1 223
30 1 16
58 2 25
170 1 106
16 2 37
37 1 207
58 1 84
33 1 27
52 1 26
26 2 61
54 1 52
101 2 92
25 1 196
27 1 30
39 1 26
17 2 33
26 1 17
85 1 54
196 2 170
40 1 8
35 2 45
28 2 16
144 1 207
44 1 26
207 1 8
61 2 22
38 1 85
52 1 207
33 2 38
56 2 140
70 1 82
8 1 17
16 2 35
196 1 47
26 1 58
106 1 37
8 2 37
38 1 92
70 1 38
207 1 17
92 1 140
226 2 16
8 2 39
82 1 52
47 1 16
? 1 github_java_program_data/12/501.java

50 1 26
28 1 8
22 1 26
26 1 45
35 2 8
26 1 35
52 1 106
129 1 26
28 1 16
170 1 106
37 1 47
48 1 207
226 1 8
70 1 25
51 1 63
26 1 16
81 1 26
22 1 207
47 1 28
40 1 207
106 1 226
81 2 48
54 2 25
38 1 101
8 1 48
8 2 24
63 1 28
16 2 48
52 1 207
48 1 26
106 1 8
30 1 207
16 1 81
89 1 41
16 2 41
207 1 36
81 1 207
50 2 76
89 2 63
63 1 24
207 1 35
16 1 17
196 2 170
52 1 47
38 1 70
25 1 85
51 1 89
196 2 92
8 1 16
28 2 8
207 1 16
54 1 52
25 1 170
84 1 30
207 1 33
16 1 48
47 1 37
54 1 76
52 2 50
37 1 26
207 1 45
16 7 8
25 1 22
35 2 16
196 1 106
17 2 16
8 1 35
16 1 8
54 1 50
89 1 25
41 2 25
16 4 8
106 1 16
52 2 53
53 1 207
76 1 207
82 2 38
89 1 226
70 2 85
89 1 16
45 2 17
16 5 8
8 2 27
58 1 8
53 1 26
47 1 226
85 1 38
26 1 8
63 1 8
27 1 40
40 2 30
170 2 70
35 2 36
106 1 28
16 2 84
8 1 27
8 2 48
20 1 47
8 2 35
16 2 17
17 2 35
53 2 56
40 1 26
85 2 22
47 1 52
16 2 52
25 1 92
27 1 30
8 2 17
8 4 16
54 1 37
33 1 16
24 2 38
92 1 56
84 1 40
30 1 16
70 1 54
16 2 37
37 1 207
17 2 36
101 1 207
8 2 37
48 2 81
82 1 53
53 2 129
17 2 8
41 1 20
25 1 196
56 1 38
41 1 23
106 1 44
33 1 84
92 1 53
26 1 17
24 1 23
63 1 38
35 2 45
8 1 81
37 2 53
16 2 44
44 1 26
54 1 129
23 1 106
20 2 23
28 2 16
8 1 17
16 2 35
8 2 81
196 1 47
25 1 70
26 1 58
106 1 37
101 1 26
8 7 16
82 1 52
54 1 53
207 1 17
16 2 81
129 1 207
30 1 26
24 1 20
226 2 16
82 1 129
85 1 82
47 1 16
58 1 27
8 5 16
207 1 8
? 1 github_java_program_data/12/513.java

28 1 8
56 1 25
26 1 45
170 2 196
26 1 35
50 2 99
53 1 207
33 2 17
170 2 92
26 1 33
38 1 101
35 2 17
35 2 8
16 1 27
36 2 35
99 1 38
207 2 70
207 1 58
8 5 16
40 2 30
196 2 101
22 2 196
16 1 84
58 1 16
226 1 16
25 1 170
84 1 30
207 1 33
16 1 8
33 2 35
16 7 8
51 1 61
37 1 26
17 2 16
33 1 84
106 1 16
17 2 58
25 1 144
35 2 58
82 2 38
70 2 85
144 1 26
92 2 61
16 5 8
8 2 27
30 1 26
53 1 26
47 1 226
47 1 52
170 2 70
27 1 40
196 2 70
52 1 47
44 1 207
38 1 144
54 2 38
226 1 8
8 2 35
16 4 8
54 2 25
106 1 44
85 1 25
39 1 207
25 1 101
47 1 8
47 1 44
25 1 61
8 2 44
47 1 39
70 1 54
17 2 36
101 1 207
51 1 101
38 1 26
99 1 25
223 1 207
58 2 35
53 2 56
92 1 53
25 1 207
38 1 196
28 2 8
80 1 8
25 1 70
30 1 8
101 1 26
8 7 16
140 1 25
17 2 25
207 1 38
26 2 92
61 1 50
84 1 40
50 1 26
22 1 26
30 2 40
50 1 207
25 1 26
33 1 8
28 1 16
101 2 22
51 1 170
207 1 16
8 2 84
26 1 16
17 2 35
40 1 207
16 2 27
51 1 80
16 2 52
8 1 84
45 2 8
80 2 101
58 2 17
17 2 8
22 2 101
106 1 8
33 2 25
8 2 16
30 1 207
207 1 36
143 1 26
207 1 35
16 1 17
170 2 101
38 1 70
37 1 106
8 1 16
51 1 196
51 1 92
170 1 47
207 1 45
25 1 22
35 2 16
70 2 22
8 1 35
38 1 170
54 1 37
40 1 16
51 1 70
51 1 22
26 1 36
16 1 35
226 2 8
58 1 27
26 1 25
25 1 143
58 1 8
22 1 207
196 1 106
26 1 8
8 4 16
106 1 28
16 2 84
8 1 27
207 2 26
207 1 25
35 2 33
16 2 17
45 2 33
40 1 26
16 2 8
61 1 99
56 1 38
8 2 17
33 1 16
26 2 207
92 1 56
38 1 223
30 1 16
58 2 25
170 1 106
16 2 37
37 1 207
58 1 84
33 1 27
52 1 26
26 2 61
54 1 52
101 2 92
25 1 196
27 1 30
39 1 26
17 2 33
26 1 17
85 1 54
196 2 170
40 1 8
35 2 45
28 2 16
144 1 207
44 1 26
207 1 8
61 2 22
38 1 85
52 1 207
33 2 38
56 2 140
70 1 82
8 1 17
16 2 35
196 1 47
26 1 58
106 1 37
8 2 37
38 1 92
70 1 38
207 1 17
92 1 140
226 2 16
8 2 39
82 1 52
47 1 16
? 1 github_java_program_data/12/528.java

50 1 26
28 1 8
22 1 26
26 1 45
35 2 8
26 1 35
52 1 106
129 1 26
28 1 16
170 1 106
37 1 47
48 1 207
226 1 8
70 1 25
51 1 63
26 1 16
81 1 26
22 1 207
47 1 28
40 1 207
106 1 226
81 2 48
54 2 25
38 1 101
8 1 48
8 2 24
63 1 28
16 2 48
52 1 207
48 1 26
106 1 8
30 1 207
16 1 81
89 1 41
16 2 41
207 1 36
81 1 207
50 2 76
89 2 63
63 1 24
207 1 35
16 1 17
196 2 170
52 1 47
38 1 70
25 1 85
51 1 89
196 2 92
8 1 16
28 2 8
207 1 16
54 1 52
25 1 170
84 1 30
207 1 33
16 1 48
47 1 37
54 1 76
52 2 50
37 1 26
207 1 45
16 7 8
25 1 22
35 2 16
196 1 106
17 2 16
8 1 35
16 1 8
54 1 50
89 1 25
41 2 25
16 4 8
106 1 16
52 2 53
53 1 207
76 1 207
82 2 38
89 1 226
70 2 85
89 1 16
45 2 17
16 5 8
8 2 27
58 1 8
53 1 26
47 1 226
85 1 38
26 1 8
63 1 8
27 1 40
40 2 30
170 2 70
35 2 36
106 1 28
16 2 84
8 1 27
8 2 48
20 1 47
8 2 35
16 2 17
17 2 35
53 2 56
40 1 26
85 2 22
47 1 52
16 2 52
25 1 92
27 1 30
8 2 17
8 4 16
54 1 37
33 1 16
24 2 38
92 1 56
84 1 40
30 1 16
70 1 54
16 2 37
37 1 207
17 2 36
101 1 207
8 2 37
48 2 81
82 1 53
53 2 129
17 2 8
41 1 20
25 1 196
56 1 38
41 1 23
106 1 44
33 1 84
92 1 53
26 1 17
24 1 23
63 1 38
35 2 45
8 1 81
37 2 53
16 2 44
44 1 26
54 1 129
23 1 106
20 2 23
28 2 16
8 1 17
16 2 35
8 2 81
196 1 47
25 1 70
26 1 58
106 1 37
101 1 26
8 7 16
82 1 52
54 1 53
207 1 17
16 2 81
129 1 207
30 1 26
24 1 20
226 2 16
82 1 129
85 1 82
47 1 16
58 1 27
8 5 16
207 1 8
? 1 github_java_program_data/12/54.java

51 1 49
28 1 8
56 1 25
26 1 45
35 2 8
26 1 35
48 1 26
82 2 25
207 1 45
48 1 207
63 1 46
70 1 25
53 2 129
49 1 25
89 1 25
142 1 207
47 1 28
106 1 226
38 1 101
17 2 36
89 1 43
63 1 28
106 1 46
143 6 63
101 2 70
99 1 38
38 1 22
89 1 38
207 1 58
89 1 46
70 2 101
63 1 24
196 2 170
85 2 101
70 2 143
25 1 85
89 2 63
41 2 38
207 1 16
58 1 16
226 1 16
8 1 81
207 1 33
106 1 52
143 6 89
37 1 26
17 2 16
106 1 16
41 2 25
54 1 37
16 7 8
82 2 38
89 1 226
25 1 63
16 5 8
8 2 27
30 1 26
53 1 26
47 1 226
63 1 8
27 1 40
61 1 53
54 2 38
8 2 35
8 2 25
17 2 45
129 1 26
85 1 25
47 1 52
8 2 41
27 1 30
47 1 8
25 1 61
53 1 207
70 1 54
35 2 17
101 1 207
63 1 25
38 1 26
50 2 56
41 1 23
16 4 8
41 1 20
24 1 23
25 1 207
53 2 99
54 1 129
22 2 85
38 1 196
25 1 143
37 2 50
89 1 8
25 1 70
143 1 207
101 1 26
8 7 16
24 2 38
207 1 38
16 2 81
25 1 89
37 2 53
76 1 26
84 1 40
50 1 26
16 2 48
22 1 26
81 1 207
50 1 207
25 1 26
82 1 37
28 1 16
101 2 22
37 1 47
38 1 142
8 2 84
43 2 226
30 1 207
26 1 16
81 1 26
76 1 207
40 1 207
16 2 27
81 2 48
54 2 25
16 2 52
8 1 48
17 2 8
82 1 50
22 2 101
46 2 43
106 1 8
8 2 24
28 1 43
16 1 81
89 1 41
16 2 41
26 1 58
50 2 76
143 1 26
207 1 35
16 1 17
49 1 46
38 1 70
38 1 207
16 2 84
26 2 207
48 2 81
196 2 22
101 2 85
23 1 106
16 1 48
43 2 28
226 1 8
25 1 22
35 2 16
196 1 106
8 1 35
16 1 8
63 1 43
24 2 25
26 1 36
16 1 35
226 2 8
26 1 25
89 1 16
28 2 8
58 1 8
22 1 207
33 1 8
85 1 38
26 1 8
207 1 36
106 1 28
37 1 106
170 2 89
207 2 26
20 1 47
43 2 8
16 2 17
23 1 47
40 1 26
61 1 99
8 2 17
33 1 16
8 1 16
8 2 52
92 1 56
8 5 16
170 1 106
16 2 37
47 1 43
58 1 84
82 1 76
33 1 27
52 1 26
26 1 33
25 1 196
25 1 101
26 1 17
85 1 54
63 1 38
8 4 16
25 1 170
63 2 89
46 2 28
8 2 48
207 1 8
61 2 143
38 1 85
52 1 207
85 1 82
28 2 16
49 1 8
70 1 82
8 1 17
16 2 35
196 1 47
70 2 22
20 2 23
106 1 37
35 2 36
46 2 8
38 1 92
70 1 38
54 1 53
207 1 17
129 1 207
24 1 20
226 2 16
92 1 50
8 2 81
47 1 16
? 1 github_java_program_data/12/543.java

28 1 8
56 1 25
26 1 45
170 2 196
26 1 35
50 2 99
53 1 207
33 2 17
170 2 92
26 1 33
38 1 101
35 2 17
35 2 8
16 1 27
36 2 35
99 1 38
207 2 70
207 1 58
8 5 16
40 2 30
196 2 101
22 2 196
16 1 84
58 1 16
226 1 16
25 1 170
84 1 30
207 1 33
16 1 8
33 2 35
16 7 8
51 1 61
37 1 26
17 2 16
33 1 84
106 1 16
17 2 58
25 1 144
35 2 58
82 2 38
70 2 85
144 1 26
92 2 61
16 5 8
8 2 27
30 1 26
53 1 26
47 1 226
47 1 52
170 2 70
27 1 40
196 2 70
52 1 47
44 1 207
38 1 144
54 2 38
226 1 8
8 2 35
16 4 8
54 2 25
106 1 44
85 1 25
39 1 207
25 1 101
47 1 8
47 1 44
25 1 61
8 2 44
47 1 39
70 1 54
17 2 36
101 1 207
51 1 101
38 1 26
99 1 25
223 1 207
58 2 35
53 2 56
92 1 53
25 1 207
38 1 196
28 2 8
80 1 8
25 1 70
30 1 8
101 1 26
8 7 16
140 1 25
17 2 25
207 1 38
26 2 92
61 1 50
84 1 40
50 1 26
22 1 26
30 2 40
50 1 207
25 1 26
33 1 8
28 1 16
101 2 22
51 1 170
207 1 16
8 2 84
26 1 16
17 2 35
40 1 207
16 2 27
51 1 80
16 2 52
8 1 84
45 2 8
80 2 101
58 2 17
17 2 8
22 2 101
106 1 8
33 2 25
8 2 16
30 1 207
207 1 36
143 1 26
207 1 35
16 1 17
170 2 101
38 1 70
37 1 106
8 1 16
51 1 196
51 1 92
170 1 47
207 1 45
25 1 22
35 2 16
70 2 22
8 1 35
38 1 170
54 1 37
40 1 16
51 1 70
51 1 22
26 1 36
16 1 35
226 2 8
58 1 27
26 1 25
25 1 143
58 1 8
22 1 207
196 1 106
26 1 8
8 4 16
106 1 28
16 2 84
8 1 27
207 2 26
207 1 25
35 2 33
16 2 17
45 2 33
40 1 26
16 2 8
61 1 99
56 1 38
8 2 17
33 1 16
26 2 207
92 1 56
38 1 223
30 1 16
58 2 25
170 1 106
16 2 37
37 1 207
58 1 84
33 1 27
52 1 26
26 2 61
54 1 52
101 2 92
25 1 196
27 1 30
39 1 26
17 2 33
26 1 17
85 1 54
196 2 170
40 1 8
35 2 45
28 2 16
144 1 207
44 1 26
207 1 8
61 2 22
38 1 85
52 1 207
33 2 38
56 2 140
70 1 82
8 1 17
16 2 35
196 1 47
26 1 58
106 1 37
8 2 37
38 1 92
70 1 38
207 1 17
92 1 140
226 2 16
8 2 39
82 1 52
47 1 16
? 1 github_java_program_data/12/555.java

51 1 49
28 1 8
56 1 25
26 1 45
170 2 196
26 1 35
52 1 106
48 1 26
50 2 99
82 2 25
207 1 45
48 1 207
63 1 46
70 1 25
53 2 129
33 1 8
89 1 25
47 1 28
106 1 226
56 2 140
38 1 101
17 2 36
89 1 43
33 2 17
35 2 8
106 1 46
16 1 27
99 2 71
16 7 8
70 2 92
101 2 70
36 2 35
99 1 38
38 1 22
89 1 38
207 1 58
61 1 140
70 2 101
89 2 63
53 2 76
89 1 28
8 2 37
38 1 61
25 1 85
61 1 56
17 2 16
16 1 84
207 1 16
58 1 16
226 1 16
8 1 81
84 1 30
207 1 33
106 1 52
47 1 37
54 1 76
52 2 50
37 1 26
70 2 196
142 6 63
170 2 61
45 2 35
31 1 16
49 1 25
33 1 84
51 1 18
54 1 50
106 1 16
17 2 58
52 2 53
101 2 143
92 1 99
35 2 58
82 2 38
41 1 20
41 2 25
25 1 63
16 5 8
8 2 27
30 1 26
56 2 71
53 1 26
129 1 26
63 1 8
27 1 40
52 1 47
85 2 70
61 1 53
196 2 143
54 2 38
226 1 8
8 2 35
16 4 8
8 2 25
17 2 45
92 1 50
17 2 33
85 1 25
85 2 22
47 1 52
16 2 52
196 2 170
25 1 101
47 1 8
47 1 44
25 1 61
25 1 31
46 2 226
70 1 54
31 2 89
35 2 17
101 1 207
63 1 25
140 1 38
16 2 24
50 2 56
30 2 40
42 1 16
18 1 16
99 1 25
41 1 23
50 2 129
92 1 53
24 2 25
24 1 23
40 1 8
53 2 99
40 1 26
53 2 56
54 1 129
22 2 85
38 1 196
28 2 8
85 2 143
37 2 50
89 1 8
25 1 70
143 1 207
101 1 26
38 1 143
82 1 52
24 2 38
8 2 39
82 1 76
25 1 89
37 2 53
16 2 37
61 1 50
84 1 40
50 1 26
16 2 48
22 1 26
81 1 207
50 1 207
82 1 37
28 1 16
101 2 22
37 1 47
38 1 142
8 2 84
43 2 226
85 2 92
26 1 16
81 1 26
76 1 207
40 1 207
16 2 27
81 2 48
54 2 25
16 2 17
8 1 84
8 1 48
58 2 17
17 2 8
82 1 50
22 2 101
46 2 43
106 1 8
41 2 38
8 2 24
30 1 207
16 1 81
16 2 41
26 1 58
50 2 76
99 2 140
207 1 35
16 1 17
25 1 142
49 1 46
38 1 70
16 2 84
8 1 16
23 2 20
170 1 47
101 2 85
23 1 106
16 1 48
63 1 41
47 1 226
31 1 46
53 1 207
25 1 22
35 2 16
35 2 36
8 7 16
70 2 22
8 1 35
16 1 8
18 2 42
54 1 37
40 2 30
40 1 16
196 2 70
46 2 16
26 1 36
42 2 49
16 1 35
35 2 33
196 2 31
142 6 89
89 1 16
25 1 143
58 1 8
22 1 207
196 1 106
85 1 38
26 1 8
70 2 142
31 1 41
207 1 36
106 1 28
37 1 106
8 1 27
63 1 43
20 1 47
226 2 8
54 1 52
8 2 17
20 1 106
61 1 99
106 1 39
142 1 26
25 1 92
56 1 38
140 1 25
16 2 44
33 1 16
8 2 52
92 1 56
42 2 18
30 1 16
170 1 106
51 1 42
37 1 207
8 2 41
58 1 84
16 2 81
33 1 27
52 1 26
63 1 226
82 1 53
26 1 33
31 1 25
8 2 44
25 1 196
27 1 30
39 1 26
196 2 22
106 1 44
170 2 85
43 2 28
26 1 17
85 1 54
63 1 38
89 1 24
35 2 45
25 1 170
63 2 89
46 2 28
44 1 26
207 1 8
85 2 196
38 1 85
52 1 207
28 2 16
49 1 8
70 1 82
8 1 17
16 2 35
76 1 26
196 1 47
8 4 16
58 1 27
106 1 37
38 1 170
71 1 25
46 2 8
92 1 71
38 1 92
70 1 38
54 1 53
207 1 17
143 6 89
129 1 207
24 1 20
47 1 43
226 2 16
82 1 129
85 1 82
8 2 81
8 5 16
47 1 16
? 1 github_java_program_data/12/565.java

28 1 8
56 1 25
26 1 45
170 2 196
26 1 35
50 2 99
53 1 207
33 2 17
170 2 92
26 1 33
38 1 101
35 2 17
35 2 8
16 1 27
36 2 35
99 1 38
207 2 70
207 1 58
8 5 16
40 2 30
196 2 101
22 2 196
16 1 84
58 1 16
226 1 16
25 1 170
84 1 30
207 1 33
16 1 8
33 2 35
16 7 8
51 1 61
37 1 26
17 2 16
33 1 84
106 1 16
17 2 58
25 1 144
35 2 58
82 2 38
70 2 85
144 1 26
92 2 61
16 5 8
8 2 27
30 1 26
53 1 26
47 1 226
47 1 52
170 2 70
27 1 40
196 2 70
52 1 47
44 1 207
38 1 144
54 2 38
226 1 8
8 2 35
16 4 8
54 2 25
106 1 44
85 1 25
39 1 207
25 1 101
47 1 8
47 1 44
25 1 61
8 2 44
47 1 39
70 1 54
17 2 36
101 1 207
51 1 101
38 1 26
99 1 25
223 1 207
58 2 35
53 2 56
92 1 53
25 1 207
38 1 196
28 2 8
80 1 8
25 1 70
30 1 8
101 1 26
8 7 16
140 1 25
17 2 25
207 1 38
26 2 92
61 1 50
84 1 40
50 1 26
22 1 26
30 2 40
50 1 207
25 1 26
33 1 8
28 1 16
101 2 22
51 1 170
207 1 16
8 2 84
26 1 16
17 2 35
40 1 207
16 2 27
51 1 80
16 2 52
8 1 84
45 2 8
80 2 101
58 2 17
17 2 8
22 2 101
106 1 8
33 2 25
8 2 16
30 1 207
207 1 36
143 1 26
207 1 35
16 1 17
170 2 101
38 1 70
37 1 106
8 1 16
51 1 196
51 1 92
170 1 47
207 1 45
25 1 22
35 2 16
70 2 22
8 1 35
38 1 170
54 1 37
40 1 16
51 1 70
51 1 22
26 1 36
16 1 35
226 2 8
58 1 27
26 1 25
25 1 143
58 1 8
22 1 207
196 1 106
26 1 8
8 4 16
106 1 28
16 2 84
8 1 27
207 2 26
207 1 25
35 2 33
16 2 17
45 2 33
40 1 26
16 2 8
61 1 99
56 1 38
8 2 17
33 1 16
26 2 207
92 1 56
38 1 223
30 1 16
58 2 25
170 1 106
16 2 37
37 1 207
58 1 84
33 1 27
52 1 26
26 2 61
54 1 52
101 2 92
25 1 196
27 1 30
39 1 26
17 2 33
26 1 17
85 1 54
196 2 170
40 1 8
35 2 45
28 2 16
144 1 207
44 1 26
207 1 8
61 2 22
38 1 85
52 1 207
33 2 38
56 2 140
70 1 82
8 1 17
16 2 35
196 1 47
26 1 58
106 1 37
8 2 37
38 1 92
70 1 38
207 1 17
92 1 140
226 2 16
8 2 39
82 1 52
47 1 16
? 1 github_java_program_data/12/69.java

28 1 8
56 1 25
26 1 45
170 2 196
26 1 35
50 2 99
53 1 207
33 2 17
170 2 92
26 1 33
38 1 101
35 2 17
35 2 8
16 1 27
36 2 35
99 1 38
207 2 70
207 1 58
8 5 16
40 2 30
196 2 101
22 2 196
16 1 84
58 1 16
226 1 16
25 1 170
84 1 30
207 1 33
16 1 8
33 2 35
16 7 8
51 1 61
37 1 26
17 2 16
33 1 84
106 1 16
17 2 58
25 1 144
35 2 58
82 2 38
70 2 85
144 1 26
92 2 61
16 5 8
8 2 27
30 1 26
53 1 26
47 1 226
47 1 52
170 2 70
27 1 40
196 2 70
52 1 47
44 1 207
38 1 144
54 2 38
226 1 8
8 2 35
16 4 8
54 2 25
106 1 44
85 1 25
39 1 207
25 1 101
47 1 8
47 1 44
25 1 61
8 2 44
47 1 39
70 1 54
17 2 36
101 1 207
51 1 101
38 1 26
99 1 25
223 1 207
58 2 35
53 2 56
92 1 53
25 1 207
38 1 196
28 2 8
80 1 8
25 1 70
30 1 8
101 1 26
8 7 16
140 1 25
17 2 25
207 1 38
26 2 92
61 1 50
84 1 40
50 1 26
22 1 26
30 2 40
50 1 207
25 1 26
33 1 8
28 1 16
101 2 22
51 1 170
207 1 16
8 2 84
26 1 16
17 2 35
40 1 207
16 2 27
51 1 80
16 2 52
8 1 84
45 2 8
80 2 101
58 2 17
17 2 8
22 2 101
106 1 8
33 2 25
8 2 16
30 1 207
207 1 36
143 1 26
207 1 35
16 1 17
170 2 101
38 1 70
37 1 106
8 1 16
51 1 196
51 1 92
170 1 47
207 1 45
25 1 22
35 2 16
70 2 22
8 1 35
38 1 170
54 1 37
40 1 16
51 1 70
51 1 22
26 1 36
16 1 35
226 2 8
58 1 27
26 1 25
25 1 143
58 1 8
22 1 207
196 1 106
26 1 8
8 4 16
106 1 28
16 2 84
8 1 27
207 2 26
207 1 25
35 2 33
16 2 17
45 2 33
40 1 26
16 2 8
61 1 99
56 1 38
8 2 17
33 1 16
26 2 207
92 1 56
38 1 223
30 1 16
58 2 25
170 1 106
16 2 37
37 1 207
58 1 84
33 1 27
52 1 26
26 2 61
54 1 52
101 2 92
25 1 196
27 1 30
39 1 26
17 2 33
26 1 17
85 1 54
196 2 170
40 1 8
35 2 45
28 2 16
144 1 207
44 1 26
207 1 8
61 2 22
38 1 85
52 1 207
33 2 38
56 2 140
70 1 82
8 1 17
16 2 35
196 1 47
26 1 58
106 1 37
8 2 37
38 1 92
70 1 38
207 1 17
92 1 140
226 2 16
8 2 39
82 1 52
47 1 16
? 1 github_java_program_data/12/96.java

