16 2 35
79 1 25
23 2 20
92 2 170
51 1 35
79 2 89
119 2 25
61 1 50
226 1 16
196 2 92
51 1 42
89 1 226
92 1 50
44 1 207
89 2 31
70 1 54
89 1 46
53 1 26
55 2 38
8 1 84
46 2 226
53 1 207
196 1 106
72 2 226
38 1 63
222 2 61
27 1 40
196 2 31
17 2 58
16 1 17
16 2 84
47 1 8
53 2 38
18 1 8
106 1 8
170 1 47
25 1 92
170 2 22
35 2 45
8 1 17
226 1 8
40 1 16
49 1 55
134 1 16
207 1 16
16 2 119
25 1 85
130 1 8
50 2 56
16 1 84
43 2 46
57 1 16
89 1 41
38 1 101
31 1 24
196 2 22
8 2 24
131 1 16
54 1 50
160 1 30
56 1 38
8 2 52
24 2 38
89 1 46
143 6 63
92 1 140
8 5 16
52 1 26
79 1 43
30 1 207
41 2 160
63 1 226
38 1 89
101 2 22
89 1 43
106 1 16
28 2 16
49 2 75
170 2 89
226 2 8
51 1 18
41 2 25
99 1 25
35 2 58
54 1 76
58 2 17
28 2 8
25 1 70
55 1 57
33 1 8
58 1 8
222 1 53
31 1 46
47 1 16
43 2 8
26 1 58
79 1 16
8 1 27
16 2 24
16 1 27
46 2 25
35 2 8
40 1 26
170 2 70
207 1 33
8 2 17
63 1 25
37 1 47
16 2 37
54 1 52
40 1 8
84 1 40
89 1 28
101 2 196
16 7 8
17 2 16
28 1 8
25 1 89
54 1 37
16 2 41
16 1 8
38 1 31
170 2 79
18 2 75
8 4 16
89 2 63
170 1 106
30 2 40
106 1 28
51 1 75
40 2 30
226 1 43
16 2 27
20 1 47
25 1 22
38 1 49
54 1 129
28 1 16
76 1 207
17 2 8
22 1 207
82 2 25
25 1 170
16 1 81
196 1 47
75 1 25
52 1 207
54 1 53
89 1 16
47 1 37
63 1 72
26 1 45
196 2 85
72 1 16
38 1 75
26 1 36
35 2 16
47 1 226
25 1 79
16 1 35
50 2 99
25 1 222
58 2 35
52 2 53
207 1 17
8 1 35
45 2 17
160 2 25
30 1 16
16 5 8
25 1 143
35 2 42
35 1 8
222 1 38
75 2 49
196 2 101
92 1 53
33 1 27
30 1 26
56 2 140
30 1 8
52 1 47
70 2 101
84 1 30
89 1 24
85 1 82
92 1 71
53 2 56
8 1 16
26 1 8
16 4 8
24 2 46
140 1 25
31 1 38
75 1 16
129 1 207
79 1 24
50 2 76
26 1 17
16 2 52
25 1 196
24 2 25
75 1 119
50 1 26
22 2 101
36 2 35
196 2 170
46 2 28
75 1 46
26 1 16
56 2 71
46 2 16
43 2 16
226 2 16
37 1 26
41 1 20
85 1 25
37 1 207
207 1 36
8 2 84
33 2 17
106 1 52
207 1 35
17 2 45
42 1 8
58 1 16
63 1 46
27 1 30
63 1 16
31 1 8
24 1 20
22 1 26
55 1 131
17 2 33
38 1 22
41 1 23
61 2 101
143 1 207
63 1 43
16 2 44
38 1 92
196 2 222
47 1 44
41 2 38
207 1 45
35 2 36
101 1 207
8 2 81
22 2 196
20 2 23
72 2 46
119 1 130
38 1 196
20 1 106
71 1 25
63 1 160
46 1 30
63 1 41
106 1 37
58 1 84
92 1 56
17 2 36
70 2 170
75 1 38
43 2 226
37 2 50
89 1 134
134 2 28
18 2 42
8 2 37
8 7 16
33 1 84
33 1 16
101 1 26
24 1 23
58 1 27
53 2 129
89 1 38
16 2 17
47 1 52
207 1 8
54 2 38
23 1 47
89 1 25
8 2 27
47 1 28
26 1 35
40 1 207
46 2 8
38 1 170
8 2 35
82 1 52
49 2 89
8 2 55
106 1 226
49 1 8
35 2 33
50 1 207
61 1 99
85 2 196
49 1 38
31 2 63
23 1 106
42 2 18
63 1 28
25 1 101
70 1 38
16 2 38
26 1 33
25 1 61
207 1 58
170 2 196
? 1 github_java_program_data/2/11.java

16 2 35
51 1 35
196 2 31
226 1 16
58 1 84
226 2 8
89 1 46
53 1 26
8 1 84
143 6 89
17 2 16
38 1 63
27 1 40
75 2 17
8 1 35
16 2 84
47 1 8
18 1 8
28 2 16
35 2 45
58 2 35
26 1 75
47 1 43
226 1 8
40 1 16
8 2 35
207 1 16
42 2 18
8 2 38
17 2 58
8 1 17
33 1 8
56 1 38
25 1 101
41 1 20
89 1 43
106 1 16
51 1 18
75 1 27
84 1 40
28 2 8
89 1 28
31 1 16
31 1 46
25 1 92
55 1 8
26 1 58
35 2 33
35 2 8
207 1 33
8 2 17
49 1 46
51 1 49
72 1 27
41 2 25
58 2 17
35 2 16
35 2 75
18 2 49
28 1 8
16 2 41
16 1 8
38 1 31
55 2 27
207 2 30
170 1 106
30 2 40
106 1 28
40 2 30
16 2 27
26 1 35
25 1 22
38 1 49
28 1 16
18 2 42
47 1 16
16 1 81
196 1 47
58 1 8
89 1 16
17 2 36
30 1 207
26 1 36
226 2 16
47 1 226
134 2 43
207 1 17
16 5 8
24 1 20
35 2 42
35 1 8
92 1 53
33 1 27
30 1 26
84 1 30
89 1 24
8 5 16
16 4 8
53 2 56
8 1 16
106 1 8
26 1 8
16 2 24
33 2 35
26 1 17
24 2 25
49 1 16
27 2 38
25 1 30
196 2 170
106 1 46
46 2 28
26 1 16
25 1 207
31 1 41
46 2 16
49 1 72
38 1 89
16 1 35
31 1 25
207 1 36
35 2 25
89 2 63
207 1 35
42 1 8
58 1 16
63 1 46
27 1 30
63 1 16
25 1 143
22 1 26
17 2 33
41 1 23
143 1 207
63 1 43
92 2 22
38 1 144
101 1 207
8 2 81
207 1 45
49 1 43
38 1 196
20 1 106
207 1 25
134 1 27
63 1 41
16 2 38
51 1 42
92 1 56
75 1 38
43 2 226
89 1 134
8 2 84
8 7 16
33 1 84
33 1 16
72 1 8
20 2 23
58 1 27
16 2 17
207 1 8
23 1 47
89 1 25
8 2 27
22 2 101
40 1 207
46 2 8
38 1 170
63 1 25
106 1 226
49 1 8
49 2 89
16 7 8
134 1 8
144 1 26
75 1 55
49 1 38
72 2 43
26 1 45
63 1 28
43 2 46
26 1 33
207 1 58
170 2 196
? 1 github_java_program_data/2/111.java

16 2 35
79 1 25
23 2 20
63 1 41
51 1 35
79 2 89
106 1 43
61 1 50
226 1 16
51 1 42
92 1 50
44 1 207
200 1 41
70 1 54
89 1 46
53 1 26
55 2 38
8 1 84
43 2 28
53 1 207
70 1 25
92 1 56
38 1 63
27 1 40
196 2 31
17 2 58
16 1 17
56 1 26
47 1 8
54 2 25
72 1 8
64 1 53
18 1 8
106 1 8
170 1 47
43 2 46
35 2 45
8 1 17
47 1 43
226 1 8
8 2 35
207 1 16
119 2 84
42 2 18
49 1 84
8 2 38
16 1 84
38 1 222
89 1 41
38 1 101
143 6 89
49 1 119
63 1 24
131 1 16
49 2 75
37 1 106
33 1 8
56 1 38
25 1 75
24 2 38
33 1 16
143 6 63
35 2 42
52 1 26
101 1 26
75 1 43
63 1 226
41 1 20
101 2 22
89 1 43
106 1 16
28 2 16
35 2 17
226 2 8
51 1 18
41 2 25
106 1 46
99 1 25
35 2 58
143 1 26
28 2 8
46 2 43
58 2 17
89 1 28
58 1 8
31 1 16
222 2 170
31 1 46
25 1 92
26 1 58
79 1 16
8 1 27
49 2 17
16 1 27
35 2 8
40 1 26
46 2 226
64 1 140
207 1 33
8 2 17
49 1 46
8 2 44
16 2 81
16 2 37
8 1 81
8 4 16
72 1 27
40 1 8
84 1 40
38 1 61
17 2 16
28 1 8
25 1 89
54 1 37
16 2 41
25 1 63
16 1 8
38 1 31
170 2 79
18 2 75
119 1 16
64 1 56
170 1 106
70 2 222
8 2 41
106 1 28
51 1 75
26 1 200
40 2 30
16 2 27
20 1 47
25 1 22
33 2 17
92 1 99
28 1 16
200 1 25
17 2 8
22 1 207
16 2 84
196 1 47
75 1 25
52 1 207
38 1 143
63 1 72
26 1 45
30 1 207
35 2 33
26 1 36
226 2 16
47 1 226
17 2 35
50 2 99
134 2 43
207 1 17
8 1 35
142 6 89
30 1 16
16 5 8
63 2 89
170 2 22
75 1 55
35 1 8
222 1 38
196 2 101
142 1 26
92 1 53
75 2 63
33 1 27
140 1 207
30 1 26
56 2 140
30 1 8
222 1 50
84 2 25
84 1 30
89 1 24
8 5 16
92 1 71
53 2 56
8 1 16
35 2 16
26 1 8
16 4 8
8 2 52
196 2 70
37 1 26
79 1 24
30 2 40
33 2 35
26 1 17
24 2 25
89 1 8
207 1 49
16 2 52
50 1 26
22 2 101
25 1 30
196 2 170
46 2 28
75 1 46
207 2 30
72 1 84
26 1 16
25 1 207
31 1 41
38 1 70
46 2 16
16 2 25
49 1 72
75 1 16
38 1 89
63 1 38
72 2 46
61 1 99
31 1 25
207 1 36
35 2 25
89 2 63
207 1 35
17 2 45
42 1 8
58 1 16
63 1 46
27 1 30
24 1 20
22 1 26
55 1 131
17 2 33
38 1 22
41 1 23
25 1 142
143 1 207
63 1 43
49 1 25
16 7 8
41 2 38
38 1 144
35 2 36
101 1 207
63 1 8
46 2 8
106 1 44
207 1 45
49 1 43
38 1 196
20 1 106
56 1 25
207 1 25
47 1 16
106 1 37
58 1 84
38 1 79
196 1 106
17 2 36
75 1 38
43 2 226
89 1 134
18 2 42
8 2 84
8 7 16
33 1 84
26 1 64
75 1 8
24 1 23
20 2 23
99 2 71
58 1 27
71 1 38
89 1 38
16 2 24
47 1 52
207 1 8
35 2 49
23 1 47
89 1 25
8 2 24
8 2 27
26 1 35
40 1 207
92 2 22
38 1 170
79 1 46
22 2 143
8 2 55
106 1 226
49 1 8
61 2 143
50 1 207
50 2 38
89 1 16
134 1 8
47 1 46
144 1 26
61 1 53
16 1 35
25 1 49
61 1 56
49 1 38
16 2 17
72 2 43
23 1 106
36 2 35
63 1 28
25 1 101
106 2 47
26 1 33
207 1 58
72 1 16
170 2 196
? 1 github_java_program_data/2/112.java

8 2 84
51 1 35
23 2 20
56 1 38
61 1 50
226 1 16
58 1 84
89 1 226
70 1 54
89 1 46
53 1 26
8 1 84
46 2 226
53 1 207
70 1 25
17 2 16
48 1 26
38 1 63
27 1 40
16 1 17
16 2 84
47 1 8
54 2 25
28 2 16
170 1 47
25 1 92
35 2 45
226 1 8
40 1 16
8 2 35
207 1 16
42 2 49
8 2 38
17 2 58
38 1 142
8 1 17
89 1 41
38 1 101
8 2 52
63 1 24
37 1 106
33 1 8
222 2 22
8 2 24
16 2 81
52 1 26
25 1 170
63 1 226
38 1 89
89 1 43
222 1 50
226 2 8
99 1 25
35 2 58
143 1 26
28 2 8
25 1 70
47 1 16
26 1 58
35 2 33
8 1 27
35 2 8
40 1 26
207 1 33
8 2 17
49 1 46
51 1 49
8 1 81
143 6 89
41 2 25
84 1 40
45 2 35
28 1 8
54 1 37
37 2 53
42 1 16
16 1 8
61 2 92
16 2 37
8 4 16
89 2 63
170 1 106
70 2 222
8 2 41
16 2 48
40 2 30
38 1 170
20 1 47
25 1 22
54 1 129
28 1 16
17 2 8
22 1 207
53 2 129
170 2 70
58 1 8
54 1 53
47 1 37
26 1 45
30 1 207
26 1 36
35 2 16
47 1 226
16 1 35
50 2 99
25 1 222
142 6 63
207 1 17
8 1 35
30 1 16
16 5 8
25 1 143
35 2 42
222 1 38
196 2 101
92 1 53
33 1 27
30 1 26
106 1 16
84 1 30
8 5 16
45 2 17
53 2 56
8 1 16
106 1 8
26 1 8
16 4 8
37 1 26
129 1 207
33 2 35
26 1 17
25 1 196
24 2 25
16 2 52
50 1 26
101 2 142
196 2 170
89 1 8
26 1 16
22 2 143
16 2 35
226 2 16
41 1 20
37 1 207
207 1 36
106 1 52
207 1 35
17 2 45
58 1 16
63 1 46
27 1 30
26 1 35
24 1 20
22 1 26
38 1 22
16 1 48
63 1 43
35 1 16
207 1 45
35 2 36
101 1 207
63 1 8
38 1 196
106 1 37
51 1 42
92 1 56
17 2 36
8 7 16
101 1 26
24 1 23
196 1 106
16 2 17
47 1 52
207 1 8
92 2 61
196 1 47
89 1 25
8 2 27
47 1 28
22 2 101
40 1 207
46 2 8
101 2 22
63 1 25
52 1 207
106 1 28
106 1 226
49 1 8
50 1 207
50 2 38
61 1 99
49 1 38
23 1 106
43 2 46
26 1 33
25 1 61
207 1 58
170 2 196
? 1 github_java_program_data/2/113.java

8 2 84
54 1 52
23 2 20
51 1 35
79 2 89
56 1 38
61 1 50
48 1 207
226 1 16
51 1 42
89 1 226
70 1 54
89 1 46
53 1 26
55 2 38
8 1 84
46 2 226
53 1 207
70 1 25
196 1 106
48 1 26
38 1 63
27 1 40
196 2 31
207 2 26
79 1 38
16 1 17
17 2 35
47 1 8
54 2 25
8 2 44
50 2 99
106 1 8
170 1 47
43 2 46
35 2 45
134 2 43
226 1 8
40 1 16
49 1 55
16 2 48
8 2 35
207 1 16
92 2 143
53 2 129
46 2 16
25 1 85
36 2 17
42 2 18
16 1 84
8 1 17
89 1 41
38 1 101
38 1 26
63 1 24
131 1 16
37 1 106
33 1 8
134 1 16
8 2 52
16 2 81
25 1 26
92 1 140
8 5 16
52 1 26
101 1 26
25 1 170
63 1 226
38 1 89
101 2 22
89 1 43
106 1 16
28 2 16
35 2 17
226 2 8
51 1 18
41 2 25
99 1 25
101 2 85
70 2 101
58 2 17
28 2 8
61 1 71
25 1 70
89 1 28
8 2 37
47 1 16
43 2 8
26 1 58
79 1 16
8 1 27
16 1 27
35 2 8
40 1 26
43 2 28
207 1 33
8 2 17
49 1 46
31 1 43
63 1 25
24 2 38
16 2 37
33 1 27
26 1 38
8 1 81
8 4 16
8 1 48
40 1 8
84 1 40
38 1 61
17 2 16
28 1 8
25 1 89
143 6 63
16 2 41
42 1 16
16 1 8
61 2 92
54 1 53
143 6 89
25 1 63
222 2 101
89 2 63
25 1 142
170 1 106
17 2 58
30 2 40
106 1 28
51 1 75
40 2 30
16 2 27
20 1 47
25 1 22
33 2 17
54 1 129
28 1 16
17 2 8
22 1 207
81 1 207
16 1 81
196 1 47
75 1 25
38 1 170
38 1 143
47 1 37
25 1 101
18 2 75
30 1 207
26 1 36
35 2 16
47 1 226
16 1 35
82 2 38
25 1 222
58 2 35
52 2 53
207 1 17
8 1 35
142 6 89
30 1 16
16 5 8
63 2 89
35 2 42
222 1 38
18 2 42
196 2 101
142 1 26
92 1 53
222 1 50
18 1 16
30 1 26
56 2 140
30 1 8
52 1 47
84 1 30
85 1 82
16 4 8
53 2 56
8 1 16
26 1 8
140 1 25
196 2 70
37 1 26
129 1 207
79 1 24
82 1 37
8 2 41
101 1 207
25 1 196
24 2 25
25 1 49
16 2 52
16 1 48
45 2 35
50 1 26
22 2 101
16 2 84
196 2 170
75 1 46
89 1 8
26 1 16
25 1 207
16 2 35
31 1 41
170 2 22
226 2 16
16 2 24
41 1 20
63 1 38
8 2 55
37 1 207
31 1 25
207 1 36
106 1 52
35 2 58
207 1 35
17 2 45
58 1 16
63 1 46
27 1 30
31 1 8
24 1 20
22 1 26
55 1 131
17 2 33
38 1 22
41 1 23
143 1 207
63 1 43
85 1 38
38 1 92
35 1 16
16 7 8
41 2 38
207 1 45
35 2 36
26 1 17
63 1 8
106 1 44
20 2 23
72 2 43
38 1 196
20 1 106
56 1 25
207 1 25
8 2 48
58 1 84
38 1 79
92 1 56
17 2 36
101 2 222
75 1 8
89 1 134
8 2 25
8 7 16
33 1 84
33 1 16
72 1 8
24 1 23
63 2 49
99 2 71
58 1 27
71 1 38
89 1 38
16 2 17
44 1 26
207 1 8
38 1 31
43 2 226
23 1 47
89 1 25
8 2 27
38 1 207
26 1 35
40 1 207
46 2 8
58 1 8
79 1 46
52 1 207
31 2 79
106 1 226
49 1 8
35 2 33
50 1 207
89 1 16
47 1 28
26 2 207
50 2 38
61 1 99
49 1 38
89 1 72
23 1 106
36 2 35
63 1 28
26 1 45
26 1 33
207 1 58
8 2 24
170 2 196
? 1 github_java_program_data/2/115.java

16 2 35
51 1 35
16 2 55
16 2 38
226 1 16
89 1 226
92 1 50
44 1 207
70 1 54
89 1 46
53 1 26
8 1 84
46 2 226
143 6 89
196 1 106
37 2 53
38 1 63
27 1 40
170 2 143
16 1 17
16 2 84
47 1 8
28 2 16
170 1 47
38 1 85
226 1 8
40 1 16
49 1 55
8 2 35
207 1 16
46 2 16
55 1 130
50 2 56
8 1 35
38 1 142
8 1 17
89 1 41
38 1 101
8 2 52
63 1 24
37 1 106
33 1 8
47 1 16
8 2 24
24 2 38
25 1 26
52 1 26
25 1 170
63 1 226
41 1 20
89 1 43
106 1 16
35 2 17
226 2 8
40 1 8
35 2 58
143 1 26
28 2 8
46 2 43
142 1 207
8 2 37
16 2 17
130 1 16
26 1 58
35 2 33
16 1 27
35 2 8
40 1 26
170 2 70
207 1 33
8 2 17
49 1 46
41 2 25
84 1 40
35 2 16
17 2 16
28 1 8
143 6 63
54 1 37
16 2 41
16 1 8
54 1 53
8 4 16
89 2 63
170 1 106
30 2 40
106 1 28
51 1 75
40 2 30
200 1 24
16 2 27
20 1 47
25 1 22
38 1 49
54 1 129
28 1 16
200 1 25
17 2 8
75 1 38
82 2 25
16 1 81
196 1 47
38 1 170
63 1 46
47 1 37
17 2 36
30 1 207
8 5 16
226 2 16
106 1 8
207 1 17
30 1 16
16 5 8
63 2 89
35 1 8
196 2 101
33 1 27
30 1 26
30 1 8
52 1 47
84 1 30
85 1 82
16 4 8
8 1 16
26 1 8
35 2 75
75 1 16
129 1 207
26 1 17
25 1 196
24 2 25
49 1 16
16 2 52
50 1 26
101 2 142
196 2 170
75 1 46
26 1 16
170 2 85
38 1 92
38 1 70
23 1 106
43 2 16
55 2 25
37 1 26
38 1 89
63 1 38
85 1 25
37 1 207
207 1 36
8 2 84
33 2 17
106 1 52
207 1 35
85 2 143
58 1 16
38 1 143
27 1 30
63 1 16
25 1 143
22 1 26
17 2 33
143 1 207
63 1 43
16 2 44
49 1 25
47 1 44
41 2 38
207 1 45
63 1 8
49 1 43
8 2 81
38 1 196
56 1 25
63 1 41
106 1 37
58 1 84
92 1 56
22 1 207
43 2 226
33 1 84
33 1 16
101 1 26
24 1 23
63 2 49
58 1 27
53 2 129
89 1 38
47 1 52
207 1 8
142 6 89
54 2 38
89 1 25
8 2 27
47 1 28
26 1 35
40 1 207
58 1 8
82 1 52
52 1 207
106 1 226
89 1 16
16 1 35
28 1 43
70 2 196
207 1 200
43 2 46
70 1 38
26 1 33
207 1 58
? 1 github_java_program_data/2/116.java

30 1 207
16 2 35
56 2 132
26 1 36
35 2 16
8 4 16
61 1 50
226 1 16
207 1 17
51 1 42
89 1 226
196 2 22
41 2 46
226 2 8
222 1 38
226 2 16
16 1 17
42 2 18
92 1 53
53 1 207
18 1 16
17 2 16
30 1 26
50 2 56
58 1 16
27 1 40
84 1 30
8 5 16
22 2 196
8 1 16
16 2 84
47 1 8
53 2 38
26 1 8
140 1 25
28 2 16
170 1 47
43 2 46
37 1 26
25 1 222
101 1 207
226 1 8
25 1 196
8 2 35
207 1 16
50 1 26
22 2 101
196 2 170
61 1 132
8 2 38
89 1 8
8 1 35
35 2 45
8 1 17
89 1 41
38 1 101
8 2 52
41 1 20
33 1 8
47 1 16
25 1 22
53 2 99
170 2 222
207 1 36
89 1 46
106 1 52
52 1 26
207 1 35
132 1 92
25 1 170
17 2 33
27 1 30
26 1 35
38 1 89
22 1 26
89 1 43
106 1 16
38 1 22
49 1 38
51 1 18
101 2 22
35 2 8
35 2 58
89 1 46
28 2 8
22 2 170
196 2 61
35 2 36
207 1 45
222 1 53
8 2 37
16 2 17
26 1 58
38 1 196
35 2 33
61 1 56
132 2 140
46 1 30
58 1 84
40 1 26
46 2 226
196 1 106
207 1 33
8 2 17
49 1 46
99 1 38
28 1 8
51 1 49
8 2 84
33 1 27
8 1 81
33 1 16
101 1 26
16 2 81
84 1 40
38 1 61
46 2 25
18 2 49
207 1 8
89 1 25
42 1 16
16 1 8
47 1 28
61 1 140
40 1 207
46 2 8
58 1 8
16 2 52
106 1 8
8 2 27
106 1 226
49 1 8
16 4 8
8 2 41
16 2 27
20 1 47
16 1 35
17 2 45
56 1 25
92 1 99
28 1 16
17 2 8
22 1 207
26 1 45
52 1 207
26 1 33
47 1 37
207 1 58
25 1 101
170 2 196
? 1 github_java_program_data/2/118.java

16 2 35
30 1 207
23 2 20
8 2 48
46 2 28
51 1 35
79 2 89
106 1 43
22 2 92
48 1 207
226 1 16
51 1 42
89 1 226
92 1 50
25 1 60
70 1 54
89 1 46
53 1 26
160 1 30
8 1 84
43 2 28
53 1 207
53 2 99
70 1 25
196 1 106
48 1 26
38 1 63
27 1 40
82 1 52
70 2 22
17 2 58
16 1 17
16 2 84
47 1 8
54 2 25
8 2 44
18 1 8
28 2 16
170 1 47
85 2 22
43 2 46
35 2 45
49 1 46
170 2 101
38 1 222
47 1 43
226 1 8
40 1 16
226 1 46
8 2 35
207 1 16
53 2 129
50 2 76
8 2 38
50 2 56
8 1 35
92 2 101
8 1 17
89 1 41
38 1 101
196 2 22
8 2 24
63 1 24
54 1 50
37 1 106
33 1 8
47 1 16
8 2 52
63 1 160
16 2 81
89 1 46
82 2 38
92 1 140
223 1 207
52 1 26
25 1 170
160 2 38
38 1 89
101 2 22
89 1 43
106 1 16
16 2 39
35 2 17
226 2 8
51 1 18
41 2 25
106 1 46
99 1 25
35 2 58
222 1 38
58 2 17
28 2 8
61 1 71
222 2 196
85 1 54
25 1 70
58 1 8
31 1 16
222 1 53
8 2 37
25 1 92
43 2 8
26 1 58
35 2 33
82 1 53
37 1 207
8 1 27
16 1 27
46 2 25
35 2 8
40 1 26
46 2 226
8 1 81
47 1 52
207 1 33
8 2 17
38 1 85
31 1 43
49 2 196
16 2 37
33 1 27
54 1 52
8 1 48
40 1 8
84 1 40
45 2 35
17 2 16
28 1 8
54 1 37
16 2 41
42 1 16
16 1 8
38 1 31
170 2 79
18 2 75
8 4 16
89 2 63
25 1 142
170 1 106
70 1 82
30 2 40
106 1 28
51 1 75
140 1 38
226 1 43
16 2 27
20 1 47
25 1 22
38 1 49
54 1 129
28 1 16
76 1 207
85 2 196
17 2 8
22 1 207
82 2 25
81 1 207
16 1 81
196 1 47
52 1 207
54 1 53
89 1 16
25 1 144
26 1 45
79 1 25
26 1 36
35 2 16
47 1 226
52 2 50
17 2 35
58 2 35
52 2 53
207 1 17
22 2 85
30 1 16
16 5 8
8 2 41
35 2 42
35 1 8
54 1 76
142 1 26
16 1 84
18 1 16
38 1 223
30 1 26
56 2 140
30 1 8
52 1 47
84 1 30
75 1 38
85 1 82
45 2 17
8 1 16
24 2 160
26 1 8
16 4 8
196 2 70
37 1 26
129 1 207
70 2 142
79 1 24
82 1 37
53 2 38
33 2 35
101 1 207
17 2 36
25 1 196
79 1 46
143 6 89
106 1 39
16 2 52
16 1 48
50 1 26
22 2 101
36 2 35
196 2 170
82 1 129
75 1 46
40 2 30
89 1 8
26 1 16
22 2 143
31 1 41
38 1 70
46 2 16
43 2 16
226 2 16
75 1 16
79 1 8
41 1 20
63 1 38
85 1 25
61 1 99
31 1 25
207 1 36
61 2 170
8 2 84
33 2 17
106 1 52
207 1 35
17 2 45
42 1 8
58 1 16
38 1 143
27 1 30
24 1 20
22 1 26
41 2 46
17 2 33
38 1 22
41 1 23
101 2 85
61 2 101
143 1 207
63 1 43
38 1 92
16 7 8
92 2 22
207 1 45
35 2 36
26 1 17
8 7 16
63 1 8
106 1 44
20 2 23
49 1 43
8 2 81
38 1 196
56 1 25
170 2 31
46 1 30
52 1 106
106 1 37
58 1 84
38 1 79
92 1 56
24 2 25
39 1 26
43 2 226
99 1 38
16 2 48
81 1 26
18 2 42
46 2 38
63 2 89
33 1 84
33 1 16
101 1 26
24 1 23
170 2 222
99 2 71
58 1 27
71 1 38
89 1 38
16 2 17
44 1 26
207 1 8
142 6 89
54 2 38
89 1 25
8 2 27
47 1 28
26 1 35
40 1 207
46 2 8
38 1 170
106 1 8
8 5 16
106 1 226
49 1 8
50 1 207
47 1 46
144 1 26
61 1 53
16 1 35
47 1 37
49 1 38
22 2 61
28 1 43
28 1 46
23 1 106
42 2 18
63 1 28
25 1 101
70 1 38
16 2 38
26 1 33
25 1 61
207 1 58
170 2 196
? 1 github_java_program_data/2/119.java

16 2 35
51 1 35
196 2 31
226 1 16
58 1 84
226 2 8
89 1 46
53 1 26
8 1 84
143 6 89
17 2 16
38 1 63
27 1 40
75 2 17
8 1 35
16 2 84
47 1 8
18 1 8
28 2 16
35 2 45
58 2 35
26 1 75
47 1 43
226 1 8
40 1 16
8 2 35
207 1 16
42 2 18
8 2 38
17 2 58
8 1 17
33 1 8
56 1 38
25 1 101
41 1 20
89 1 43
106 1 16
51 1 18
75 1 27
84 1 40
28 2 8
89 1 28
31 1 16
31 1 46
25 1 92
55 1 8
26 1 58
35 2 33
35 2 8
207 1 33
8 2 17
49 1 46
51 1 49
72 1 27
41 2 25
58 2 17
35 2 16
35 2 75
18 2 49
28 1 8
16 2 41
16 1 8
38 1 31
55 2 27
207 2 30
170 1 106
30 2 40
106 1 28
40 2 30
16 2 27
26 1 35
25 1 22
38 1 49
28 1 16
18 2 42
47 1 16
16 1 81
196 1 47
58 1 8
89 1 16
17 2 36
30 1 207
26 1 36
226 2 16
47 1 226
134 2 43
207 1 17
16 5 8
24 1 20
35 2 42
35 1 8
92 1 53
33 1 27
30 1 26
84 1 30
89 1 24
8 5 16
16 4 8
53 2 56
8 1 16
106 1 8
26 1 8
16 2 24
33 2 35
26 1 17
24 2 25
49 1 16
27 2 38
25 1 30
196 2 170
106 1 46
46 2 28
26 1 16
25 1 207
31 1 41
46 2 16
49 1 72
38 1 89
16 1 35
31 1 25
207 1 36
35 2 25
89 2 63
207 1 35
42 1 8
58 1 16
63 1 46
27 1 30
63 1 16
25 1 143
22 1 26
17 2 33
41 1 23
143 1 207
63 1 43
92 2 22
38 1 144
101 1 207
8 2 81
207 1 45
49 1 43
38 1 196
20 1 106
207 1 25
134 1 27
63 1 41
16 2 38
51 1 42
92 1 56
75 1 38
43 2 226
89 1 134
8 2 84
8 7 16
33 1 84
33 1 16
72 1 8
20 2 23
58 1 27
16 2 17
207 1 8
23 1 47
89 1 25
8 2 27
22 2 101
40 1 207
46 2 8
38 1 170
63 1 25
106 1 226
49 1 8
49 2 89
16 7 8
134 1 8
144 1 26
75 1 55
49 1 38
72 2 43
26 1 45
63 1 28
43 2 46
26 1 33
207 1 58
170 2 196
? 1 github_java_program_data/2/141.java

16 2 35
79 1 25
23 2 20
63 1 41
51 1 35
79 2 89
106 1 43
61 1 50
226 1 16
51 1 42
92 1 50
44 1 207
200 1 41
70 1 54
89 1 46
53 1 26
55 2 38
8 1 84
43 2 28
53 1 207
70 1 25
92 1 56
38 1 63
27 1 40
196 2 31
17 2 58
16 1 17
56 1 26
47 1 8
54 2 25
72 1 8
64 1 53
18 1 8
106 1 8
170 1 47
43 2 46
35 2 45
8 1 17
47 1 43
226 1 8
8 2 35
207 1 16
119 2 84
42 2 18
49 1 84
8 2 38
16 1 84
38 1 222
89 1 41
38 1 101
143 6 89
49 1 119
63 1 24
131 1 16
49 2 75
37 1 106
33 1 8
56 1 38
25 1 75
24 2 38
33 1 16
143 6 63
35 2 42
52 1 26
101 1 26
75 1 43
63 1 226
41 1 20
101 2 22
89 1 43
106 1 16
28 2 16
35 2 17
226 2 8
51 1 18
41 2 25
106 1 46
99 1 25
35 2 58
143 1 26
28 2 8
46 2 43
58 2 17
89 1 28
58 1 8
31 1 16
222 2 170
31 1 46
25 1 92
26 1 58
79 1 16
8 1 27
49 2 17
16 1 27
35 2 8
40 1 26
46 2 226
64 1 140
207 1 33
8 2 17
49 1 46
8 2 44
16 2 81
16 2 37
8 1 81
8 4 16
72 1 27
40 1 8
84 1 40
38 1 61
17 2 16
28 1 8
25 1 89
54 1 37
16 2 41
25 1 63
16 1 8
38 1 31
170 2 79
18 2 75
119 1 16
64 1 56
170 1 106
70 2 222
8 2 41
106 1 28
51 1 75
26 1 200
40 2 30
16 2 27
20 1 47
25 1 22
33 2 17
92 1 99
28 1 16
200 1 25
17 2 8
22 1 207
16 2 84
196 1 47
75 1 25
52 1 207
38 1 143
63 1 72
26 1 45
30 1 207
35 2 33
26 1 36
226 2 16
47 1 226
17 2 35
50 2 99
134 2 43
207 1 17
8 1 35
142 6 89
30 1 16
16 5 8
63 2 89
170 2 22
75 1 55
35 1 8
222 1 38
196 2 101
142 1 26
92 1 53
75 2 63
33 1 27
140 1 207
30 1 26
56 2 140
30 1 8
222 1 50
84 2 25
84 1 30
89 1 24
8 5 16
92 1 71
53 2 56
8 1 16
35 2 16
26 1 8
16 4 8
8 2 52
196 2 70
37 1 26
79 1 24
30 2 40
33 2 35
26 1 17
24 2 25
89 1 8
207 1 49
16 2 52
50 1 26
22 2 101
25 1 30
196 2 170
46 2 28
75 1 46
207 2 30
72 1 84
26 1 16
25 1 207
31 1 41
38 1 70
46 2 16
16 2 25
49 1 72
75 1 16
38 1 89
63 1 38
72 2 46
61 1 99
31 1 25
207 1 36
35 2 25
89 2 63
207 1 35
17 2 45
42 1 8
58 1 16
63 1 46
27 1 30
24 1 20
22 1 26
55 1 131
17 2 33
38 1 22
41 1 23
25 1 142
143 1 207
63 1 43
49 1 25
16 7 8
41 2 38
38 1 144
35 2 36
101 1 207
63 1 8
46 2 8
106 1 44
207 1 45
49 1 43
38 1 196
20 1 106
56 1 25
207 1 25
47 1 16
106 1 37
58 1 84
38 1 79
196 1 106
17 2 36
75 1 38
43 2 226
89 1 134
18 2 42
8 2 84
8 7 16
33 1 84
26 1 64
75 1 8
24 1 23
20 2 23
99 2 71
58 1 27
71 1 38
89 1 38
16 2 24
47 1 52
207 1 8
35 2 49
23 1 47
89 1 25
8 2 24
8 2 27
26 1 35
40 1 207
92 2 22
38 1 170
79 1 46
22 2 143
8 2 55
106 1 226
49 1 8
61 2 143
50 1 207
50 2 38
89 1 16
134 1 8
47 1 46
144 1 26
61 1 53
16 1 35
25 1 49
61 1 56
49 1 38
16 2 17
72 2 43
23 1 106
36 2 35
63 1 28
25 1 101
106 2 47
26 1 33
207 1 58
72 1 16
170 2 196
? 1 github_java_program_data/2/142.java

16 2 35
51 1 35
196 2 31
226 1 16
58 1 84
226 2 8
89 1 46
53 1 26
8 1 84
143 6 89
17 2 16
38 1 63
27 1 40
8 1 35
16 2 84
47 1 8
18 1 8
28 2 16
35 2 45
26 1 75
47 1 43
226 1 8
40 1 16
8 2 35
207 1 16
8 2 38
17 2 58
8 1 17
33 1 8
56 1 38
25 1 101
41 1 20
89 1 43
106 1 16
17 2 75
51 1 18
41 2 25
75 1 27
35 2 58
84 1 40
28 2 8
89 1 28
31 1 16
31 1 46
25 1 92
55 1 8
26 1 58
16 7 8
35 2 8
49 1 46
51 1 49
72 1 27
75 2 35
58 2 17
35 2 16
18 2 49
28 1 8
16 2 41
42 2 18
38 1 31
55 2 27
207 2 30
16 1 8
30 2 40
106 1 28
16 2 27
26 1 35
25 1 22
38 1 49
28 1 16
18 2 42
47 1 16
16 1 81
196 1 47
89 1 16
17 2 36
30 1 207
26 1 36
226 2 16
47 1 226
134 2 43
8 2 17
16 5 8
24 1 20
35 2 42
35 1 8
92 1 53
33 1 27
30 1 26
170 1 106
84 1 30
89 1 24
8 5 16
16 4 8
53 2 56
8 1 16
106 1 8
26 1 8
16 2 24
33 2 35
26 1 17
24 2 25
49 1 16
27 2 38
25 1 30
196 2 170
106 1 46
46 2 28
26 1 16
25 1 207
31 1 41
46 2 16
49 1 72
38 1 89
16 1 35
31 1 25
207 1 36
35 2 25
89 2 63
207 1 35
42 1 8
58 1 16
63 1 46
27 1 30
63 1 16
25 1 143
22 1 26
17 2 33
41 1 23
143 1 207
63 1 43
92 2 22
38 1 144
101 1 207
8 2 81
207 1 45
49 1 43
38 1 196
20 1 106
207 1 25
134 1 27
63 1 41
16 2 38
51 1 42
92 1 56
75 1 38
43 2 226
89 1 134
8 2 84
8 7 16
33 1 84
33 1 16
72 1 8
20 2 23
58 1 27
16 2 17
207 1 8
23 1 47
89 1 25
8 2 27
22 2 101
40 1 207
46 2 8
38 1 170
63 1 25
106 1 226
49 1 8
49 2 89
134 1 8
144 1 26
75 1 55
49 1 38
72 2 43
26 1 45
63 1 28
43 2 46
26 1 33
170 2 196
? 1 github_java_program_data/2/144.java

16 2 35
51 1 35
16 2 55
16 2 38
226 1 16
89 1 226
92 1 50
44 1 207
70 1 54
89 1 46
53 1 26
8 1 84
46 2 226
143 6 89
196 1 106
37 2 53
38 1 63
27 1 40
170 2 143
16 1 17
16 2 84
47 1 8
28 2 16
170 1 47
38 1 85
226 1 8
40 1 16
49 1 55
8 2 35
207 1 16
46 2 16
55 1 130
50 2 56
8 1 35
38 1 142
8 1 17
89 1 41
38 1 101
8 2 52
63 1 24
37 1 106
33 1 8
47 1 16
8 2 24
24 2 38
25 1 26
52 1 26
25 1 170
63 1 226
41 1 20
89 1 43
106 1 16
35 2 17
226 2 8
40 1 8
35 2 58
143 1 26
28 2 8
46 2 43
142 1 207
8 2 37
16 2 17
130 1 16
26 1 58
35 2 33
16 1 27
35 2 8
40 1 26
170 2 70
207 1 33
8 2 17
49 1 46
41 2 25
84 1 40
35 2 16
17 2 16
28 1 8
143 6 63
54 1 37
16 2 41
16 1 8
54 1 53
8 4 16
89 2 63
170 1 106
30 2 40
106 1 28
51 1 75
40 2 30
200 1 24
16 2 27
20 1 47
25 1 22
38 1 49
54 1 129
28 1 16
200 1 25
17 2 8
75 1 38
82 2 25
16 1 81
196 1 47
38 1 170
63 1 46
47 1 37
17 2 36
30 1 207
8 5 16
226 2 16
106 1 8
207 1 17
30 1 16
16 5 8
63 2 89
35 1 8
196 2 101
33 1 27
30 1 26
30 1 8
52 1 47
84 1 30
85 1 82
16 4 8
8 1 16
26 1 8
35 2 75
75 1 16
129 1 207
26 1 17
25 1 196
24 2 25
49 1 16
16 2 52
50 1 26
101 2 142
196 2 170
75 1 46
26 1 16
170 2 85
38 1 92
38 1 70
23 1 106
43 2 16
55 2 25
37 1 26
38 1 89
63 1 38
85 1 25
37 1 207
207 1 36
8 2 84
33 2 17
106 1 52
207 1 35
85 2 143
58 1 16
38 1 143
27 1 30
63 1 16
25 1 143
22 1 26
17 2 33
143 1 207
63 1 43
16 2 44
49 1 25
47 1 44
41 2 38
207 1 45
63 1 8
49 1 43
8 2 81
38 1 196
56 1 25
63 1 41
106 1 37
58 1 84
92 1 56
22 1 207
43 2 226
33 1 84
33 1 16
101 1 26
24 1 23
63 2 49
58 1 27
53 2 129
89 1 38
47 1 52
207 1 8
142 6 89
54 2 38
89 1 25
8 2 27
47 1 28
26 1 35
40 1 207
58 1 8
82 1 52
52 1 207
106 1 226
89 1 16
16 1 35
28 1 43
70 2 196
207 1 200
43 2 46
70 1 38
26 1 33
207 1 58
? 1 github_java_program_data/2/146.java

16 2 35
30 1 207
23 2 20
8 2 48
46 2 28
51 1 35
79 2 89
106 1 43
22 2 92
48 1 207
226 1 16
51 1 42
89 1 226
92 1 50
25 1 60
70 1 54
89 1 46
53 1 26
160 1 30
8 1 84
43 2 28
53 1 207
53 2 99
70 1 25
196 1 106
48 1 26
38 1 63
27 1 40
82 1 52
70 2 22
17 2 58
16 1 17
16 2 84
47 1 8
54 2 25
8 2 44
18 1 8
28 2 16
170 1 47
85 2 22
43 2 46
35 2 45
49 1 46
170 2 101
38 1 222
47 1 43
226 1 8
40 1 16
226 1 46
8 2 35
207 1 16
53 2 129
50 2 76
8 2 38
50 2 56
8 1 35
92 2 101
8 1 17
89 1 41
38 1 101
196 2 22
8 2 24
63 1 24
54 1 50
37 1 106
33 1 8
47 1 16
8 2 52
63 1 160
16 2 81
89 1 46
82 2 38
92 1 140
223 1 207
52 1 26
25 1 170
160 2 38
38 1 89
101 2 22
89 1 43
106 1 16
16 2 39
35 2 17
226 2 8
51 1 18
41 2 25
106 1 46
99 1 25
35 2 58
222 1 38
58 2 17
28 2 8
61 1 71
222 2 196
85 1 54
25 1 70
58 1 8
31 1 16
222 1 53
8 2 37
25 1 92
43 2 8
26 1 58
35 2 33
82 1 53
37 1 207
8 1 27
16 1 27
46 2 25
35 2 8
40 1 26
46 2 226
8 1 81
47 1 52
207 1 33
8 2 17
38 1 85
31 1 43
49 2 196
16 2 37
33 1 27
54 1 52
8 1 48
40 1 8
84 1 40
45 2 35
17 2 16
28 1 8
54 1 37
16 2 41
42 1 16
16 1 8
38 1 31
170 2 79
18 2 75
8 4 16
89 2 63
25 1 142
170 1 106
70 1 82
30 2 40
106 1 28
51 1 75
140 1 38
226 1 43
16 2 27
20 1 47
25 1 22
38 1 49
54 1 129
28 1 16
76 1 207
85 2 196
17 2 8
22 1 207
82 2 25
81 1 207
16 1 81
196 1 47
52 1 207
54 1 53
89 1 16
25 1 144
26 1 45
79 1 25
26 1 36
35 2 16
47 1 226
52 2 50
17 2 35
58 2 35
52 2 53
207 1 17
22 2 85
30 1 16
16 5 8
8 2 41
35 2 42
35 1 8
54 1 76
142 1 26
16 1 84
18 1 16
38 1 223
30 1 26
56 2 140
30 1 8
52 1 47
84 1 30
75 1 38
85 1 82
45 2 17
8 1 16
24 2 160
26 1 8
16 4 8
196 2 70
37 1 26
129 1 207
70 2 142
79 1 24
82 1 37
53 2 38
33 2 35
101 1 207
17 2 36
25 1 196
79 1 46
143 6 89
106 1 39
16 2 52
16 1 48
50 1 26
22 2 101
36 2 35
196 2 170
82 1 129
75 1 46
40 2 30
89 1 8
26 1 16
22 2 143
31 1 41
38 1 70
46 2 16
43 2 16
226 2 16
75 1 16
79 1 8
41 1 20
63 1 38
85 1 25
61 1 99
31 1 25
207 1 36
61 2 170
8 2 84
33 2 17
106 1 52
207 1 35
17 2 45
42 1 8
58 1 16
38 1 143
27 1 30
24 1 20
22 1 26
41 2 46
17 2 33
38 1 22
41 1 23
101 2 85
61 2 101
143 1 207
63 1 43
38 1 92
16 7 8
92 2 22
207 1 45
35 2 36
26 1 17
8 7 16
63 1 8
106 1 44
20 2 23
49 1 43
8 2 81
38 1 196
56 1 25
170 2 31
46 1 30
52 1 106
106 1 37
58 1 84
38 1 79
92 1 56
24 2 25
39 1 26
43 2 226
99 1 38
16 2 48
81 1 26
18 2 42
46 2 38
63 2 89
33 1 84
33 1 16
101 1 26
24 1 23
170 2 222
99 2 71
58 1 27
71 1 38
89 1 38
16 2 17
44 1 26
207 1 8
142 6 89
54 2 38
89 1 25
8 2 27
47 1 28
26 1 35
40 1 207
46 2 8
38 1 170
106 1 8
8 5 16
106 1 226
49 1 8
50 1 207
47 1 46
144 1 26
61 1 53
16 1 35
47 1 37
49 1 38
22 2 61
28 1 43
28 1 46
23 1 106
42 2 18
63 1 28
25 1 101
70 1 38
16 2 38
26 1 33
25 1 61
207 1 58
170 2 196
? 1 github_java_program_data/2/149.java

51 1 35
226 2 16
47 1 226
226 1 8
25 1 196
47 1 52
49 1 16
35 2 49
16 2 52
8 2 27
49 1 25
35 1 8
33 1 27
46 2 16
16 2 25
35 2 33
51 1 49
33 1 8
47 1 16
207 1 33
49 1 46
196 1 47
52 1 207
207 1 35
? 1 github_java_program_data/2/16.java

16 2 35
30 1 207
23 2 20
63 1 41
51 1 35
106 1 43
61 1 50
226 1 16
196 2 92
51 1 42
89 1 226
92 1 50
70 1 54
89 1 46
53 1 26
55 2 38
8 1 84
43 2 28
53 1 207
53 2 99
70 1 25
196 1 106
37 2 53
38 1 63
27 1 40
8 2 39
17 2 58
16 1 17
17 2 35
47 1 8
54 2 25
18 1 8
106 1 8
170 1 47
35 2 45
49 1 46
170 2 101
56 2 71
85 2 70
47 1 43
226 1 8
52 1 106
49 1 55
8 2 35
207 1 16
42 2 18
50 2 76
36 2 17
50 2 56
16 1 84
38 1 142
8 1 17
38 1 101
196 2 22
8 2 24
82 2 38
131 1 16
37 1 106
33 1 8
25 1 92
8 2 52
63 2 89
24 2 38
56 1 38
143 6 63
92 1 140
8 5 16
52 1 26
50 2 38
25 1 170
17 2 33
63 1 226
38 1 89
101 2 22
89 1 43
106 1 16
28 2 16
35 2 17
82 1 76
51 1 18
41 2 25
99 1 25
35 2 58
76 1 26
143 1 26
28 2 8
46 2 43
25 1 70
89 1 28
8 2 37
47 1 16
26 1 58
35 2 33
8 1 27
16 2 24
16 1 27
70 2 85
35 2 8
40 1 26
46 2 226
47 1 52
207 1 33
8 2 17
38 1 85
63 1 25
37 1 47
16 2 37
92 2 61
143 6 89
40 1 8
84 1 40
101 2 196
38 1 61
17 2 16
28 1 8
25 1 89
8 2 27
54 1 37
16 2 41
25 1 63
16 1 8
61 2 92
54 1 53
18 2 75
8 4 16
89 2 63
25 1 142
170 1 106
70 2 222
8 2 41
106 1 28
51 1 75
140 1 38
16 2 27
20 1 47
25 1 22
33 2 17
54 1 129
92 1 99
28 1 16
47 1 39
17 2 8
22 1 207
82 2 25
16 2 84
16 1 81
196 1 47
75 1 25
38 1 170
38 1 143
47 1 37
63 1 72
25 1 101
72 1 16
26 1 36
35 2 16
47 1 226
52 2 50
16 1 35
25 1 222
142 6 63
207 1 17
8 1 35
45 2 17
142 6 89
30 1 16
16 5 8
25 1 143
35 2 42
24 2 25
35 1 8
222 1 38
142 1 26
92 1 53
33 1 27
30 1 26
56 2 140
30 1 8
222 1 50
84 1 30
89 1 24
85 1 82
92 1 71
53 2 56
8 1 16
16 2 44
26 1 8
16 4 8
196 2 70
37 1 26
85 1 25
82 1 37
30 2 40
26 1 17
25 1 196
31 2 89
25 1 49
16 2 52
45 2 35
50 1 26
22 2 101
36 2 35
196 2 170
75 1 46
40 2 30
89 1 8
26 1 16
22 2 143
170 2 85
31 1 41
38 1 70
46 2 16
16 2 25
226 2 16
75 1 16
101 2 142
41 1 20
63 1 38
37 1 207
31 1 25
207 1 36
85 2 142
8 2 84
106 1 52
207 1 35
17 2 45
42 1 8
58 1 16
63 1 46
27 1 30
63 1 16
31 1 8
24 1 20
22 1 26
55 1 131
129 1 26
38 1 22
41 1 23
143 1 207
63 1 43
85 1 38
38 1 92
16 7 8
41 2 38
22 2 170
207 1 45
35 2 36
101 1 207
63 1 8
106 1 44
20 2 23
170 2 31
8 2 81
38 1 196
20 1 106
71 1 25
56 1 25
226 2 8
40 1 16
106 1 37
58 1 84
92 1 56
17 2 36
39 1 26
43 2 226
33 1 84
33 1 16
101 1 26
24 1 23
58 1 27
53 2 129
89 1 38
82 1 50
44 1 26
207 1 8
38 1 31
170 2 70
23 1 47
89 1 25
37 2 50
47 1 28
26 1 35
40 1 207
46 2 8
58 1 8
196 2 85
82 1 52
52 1 207
8 2 55
196 2 49
106 1 226
49 1 8
49 2 89
50 1 207
222 2 143
89 1 16
47 1 46
61 1 53
61 1 99
61 1 56
49 1 38
16 2 17
72 2 43
23 1 106
70 2 143
63 1 28
26 1 45
85 2 101
26 1 33
25 1 61
207 1 58
170 2 196
? 1 github_java_program_data/2/17.java

16 2 35
8 2 84
23 2 20
22 2 61
196 2 31
16 2 55
106 1 43
50 2 25
226 1 16
51 1 42
89 1 226
92 1 50
70 1 54
89 1 46
53 1 26
55 2 38
8 1 84
46 2 226
53 1 207
53 2 99
70 1 25
92 1 56
70 2 142
27 1 40
17 2 58
16 1 17
16 2 84
92 1 71
54 2 25
8 2 44
18 1 8
106 1 8
170 1 47
170 2 22
35 2 45
131 1 8
170 2 101
8 1 17
226 1 8
52 1 106
49 1 55
8 2 35
207 1 16
42 2 49
25 1 85
51 1 49
50 2 56
8 1 35
38 1 142
43 2 16
38 1 222
222 2 22
89 1 41
38 1 101
31 1 24
8 2 52
82 2 38
49 2 75
37 1 106
33 1 8
56 1 38
8 2 24
63 2 89
24 2 38
222 1 25
143 6 63
92 1 140
8 5 16
52 1 26
132 1 92
75 1 43
25 1 170
17 2 33
63 1 226
38 1 89
101 2 22
89 1 43
106 1 16
28 2 16
226 2 8
51 1 18
41 2 25
99 1 25
35 2 58
143 1 26
28 2 8
58 2 17
89 1 28
8 2 37
170 2 85
47 1 16
43 2 8
26 1 58
35 2 33
8 1 27
16 1 27
35 2 8
40 1 26
43 2 28
44 1 26
207 1 33
8 2 17
38 1 85
31 1 43
63 1 25
25 1 92
33 1 27
54 1 52
56 2 71
40 1 8
84 1 40
38 1 61
17 2 16
28 1 8
25 1 89
42 2 18
42 1 16
16 1 8
61 2 92
16 2 37
143 6 89
25 1 63
8 4 16
89 2 63
170 1 106
56 2 132
85 2 222
8 2 41
106 1 28
51 1 75
140 1 38
38 1 170
20 1 47
25 1 22
85 2 143
92 1 99
28 1 16
47 1 39
17 2 8
22 1 207
196 1 47
75 1 25
52 1 207
47 1 37
25 1 101
30 1 207
26 1 36
35 2 16
47 1 226
16 1 35
50 2 99
58 2 35
207 1 17
70 2 170
142 6 89
30 1 16
16 5 8
25 1 143
142 1 26
92 1 53
16 1 84
18 1 16
30 1 26
56 2 140
30 1 8
52 1 47
84 1 30
89 1 24
85 1 82
47 1 8
53 2 56
8 1 16
16 2 44
26 1 8
16 4 8
31 1 38
75 1 16
82 1 37
30 2 40
33 2 35
26 1 17
25 1 196
49 1 16
106 1 39
16 2 52
50 1 26
22 2 101
196 2 170
46 2 28
61 1 132
40 2 30
89 1 8
26 1 16
17 2 35
38 1 70
16 2 25
16 2 27
226 2 16
41 1 20
63 1 38
37 1 207
207 1 36
22 2 142
207 1 35
17 2 45
42 1 8
58 1 16
63 1 46
27 1 30
31 1 8
24 1 20
22 1 26
55 1 131
8 2 39
38 1 22
41 1 23
143 1 207
85 1 38
38 1 92
47 1 44
41 2 38
207 1 45
35 2 36
101 1 207
63 1 8
39 1 207
106 1 44
20 2 23
38 1 196
20 1 106
56 1 25
63 1 41
106 1 37
58 1 84
196 1 106
17 2 36
25 1 31
39 1 26
43 2 226
99 1 38
18 2 42
40 1 16
8 7 16
33 1 84
33 1 16
101 1 26
24 1 23
58 1 27
16 7 8
71 1 38
89 1 38
16 2 17
47 1 52
207 1 8
92 2 61
89 1 25
8 2 27
47 1 28
26 1 35
40 1 207
58 1 8
196 2 85
82 1 52
106 1 226
196 2 70
61 2 143
50 1 207
47 1 46
61 1 53
61 1 99
61 1 56
49 1 38
31 2 63
23 1 106
222 1 50
63 1 28
26 1 45
26 1 33
25 1 61
207 1 58
170 2 196
? 1 github_java_program_data/2/18.java

16 2 35
51 1 35
196 2 31
226 1 16
58 1 84
226 2 8
89 1 46
53 1 26
8 1 84
143 6 89
17 2 16
38 1 63
27 1 40
75 2 17
8 1 35
16 2 84
47 1 8
18 1 8
28 2 16
35 2 45
58 2 35
26 1 75
47 1 43
226 1 8
40 1 16
8 2 35
207 1 16
42 2 18
8 2 38
17 2 58
8 1 17
33 1 8
56 1 38
25 1 101
41 1 20
89 1 43
106 1 16
51 1 18
75 1 27
84 1 40
28 2 8
89 1 28
31 1 16
31 1 46
25 1 92
55 1 8
26 1 58
35 2 33
35 2 8
207 1 33
8 2 17
49 1 46
51 1 49
72 1 27
41 2 25
58 2 17
35 2 16
35 2 75
18 2 49
28 1 8
16 2 41
16 1 8
38 1 31
55 2 27
207 2 30
170 1 106
30 2 40
106 1 28
40 2 30
16 2 27
26 1 35
25 1 22
38 1 49
28 1 16
18 2 42
47 1 16
16 1 81
196 1 47
58 1 8
89 1 16
17 2 36
30 1 207
26 1 36
226 2 16
47 1 226
134 2 43
207 1 17
16 5 8
24 1 20
35 2 42
35 1 8
92 1 53
33 1 27
30 1 26
84 1 30
89 1 24
8 5 16
16 4 8
53 2 56
8 1 16
106 1 8
26 1 8
16 2 24
33 2 35
26 1 17
24 2 25
49 1 16
27 2 38
25 1 30
196 2 170
106 1 46
46 2 28
26 1 16
25 1 207
31 1 41
46 2 16
49 1 72
38 1 89
16 1 35
31 1 25
207 1 36
35 2 25
89 2 63
207 1 35
42 1 8
58 1 16
63 1 46
27 1 30
63 1 16
25 1 143
22 1 26
17 2 33
41 1 23
143 1 207
63 1 43
92 2 22
38 1 144
101 1 207
8 2 81
207 1 45
49 1 43
38 1 196
20 1 106
207 1 25
134 1 27
63 1 41
16 2 38
51 1 42
92 1 56
75 1 38
43 2 226
89 1 134
8 2 84
8 7 16
33 1 84
33 1 16
72 1 8
20 2 23
58 1 27
16 2 17
207 1 8
23 1 47
89 1 25
8 2 27
22 2 101
40 1 207
46 2 8
38 1 170
63 1 25
106 1 226
49 1 8
49 2 89
16 7 8
134 1 8
144 1 26
75 1 55
49 1 38
72 2 43
26 1 45
63 1 28
43 2 46
26 1 33
207 1 58
170 2 196
? 1 github_java_program_data/2/21.java

16 2 35
79 1 25
23 2 20
63 1 41
51 1 35
79 2 89
106 1 43
61 1 50
226 1 16
51 1 42
92 1 50
44 1 207
200 1 41
70 1 54
89 1 46
53 1 26
55 2 38
8 1 84
43 2 28
53 1 207
70 1 25
92 1 56
38 1 63
27 1 40
196 2 31
17 2 58
16 1 17
56 1 26
47 1 8
54 2 25
72 1 8
64 1 53
18 1 8
106 1 8
170 1 47
43 2 46
35 2 45
8 1 17
47 1 43
226 1 8
8 2 35
207 1 16
119 2 84
42 2 18
49 1 84
8 2 38
16 1 84
38 1 222
89 1 41
38 1 101
143 6 89
49 1 119
63 1 24
131 1 16
49 2 75
37 1 106
33 1 8
56 1 38
25 1 75
24 2 38
33 1 16
143 6 63
35 2 42
52 1 26
101 1 26
75 1 43
63 1 226
41 1 20
101 2 22
89 1 43
106 1 16
28 2 16
35 2 17
226 2 8
51 1 18
41 2 25
106 1 46
99 1 25
35 2 58
143 1 26
28 2 8
46 2 43
58 2 17
89 1 28
58 1 8
31 1 16
222 2 170
31 1 46
25 1 92
26 1 58
79 1 16
8 1 27
49 2 17
16 1 27
35 2 8
40 1 26
46 2 226
64 1 140
207 1 33
8 2 17
49 1 46
8 2 44
16 2 81
16 2 37
8 1 81
8 4 16
72 1 27
40 1 8
84 1 40
38 1 61
17 2 16
28 1 8
25 1 89
54 1 37
16 2 41
25 1 63
16 1 8
38 1 31
170 2 79
18 2 75
119 1 16
64 1 56
170 1 106
70 2 222
8 2 41
106 1 28
51 1 75
26 1 200
40 2 30
16 2 27
20 1 47
25 1 22
33 2 17
92 1 99
28 1 16
200 1 25
17 2 8
22 1 207
16 2 84
196 1 47
75 1 25
52 1 207
38 1 143
63 1 72
26 1 45
30 1 207
35 2 33
26 1 36
226 2 16
47 1 226
17 2 35
50 2 99
134 2 43
207 1 17
8 1 35
142 6 89
30 1 16
16 5 8
63 2 89
170 2 22
75 1 55
35 1 8
222 1 38
196 2 101
142 1 26
92 1 53
75 2 63
33 1 27
140 1 207
30 1 26
56 2 140
30 1 8
222 1 50
84 2 25
84 1 30
89 1 24
8 5 16
92 1 71
53 2 56
8 1 16
35 2 16
26 1 8
16 4 8
8 2 52
196 2 70
37 1 26
79 1 24
30 2 40
33 2 35
26 1 17
24 2 25
89 1 8
207 1 49
16 2 52
50 1 26
22 2 101
25 1 30
196 2 170
46 2 28
75 1 46
207 2 30
72 1 84
26 1 16
25 1 207
31 1 41
38 1 70
46 2 16
16 2 25
49 1 72
75 1 16
38 1 89
63 1 38
72 2 46
61 1 99
31 1 25
207 1 36
35 2 25
89 2 63
207 1 35
17 2 45
42 1 8
58 1 16
63 1 46
27 1 30
24 1 20
22 1 26
55 1 131
17 2 33
38 1 22
41 1 23
25 1 142
143 1 207
63 1 43
49 1 25
16 7 8
41 2 38
38 1 144
35 2 36
101 1 207
63 1 8
46 2 8
106 1 44
207 1 45
49 1 43
38 1 196
20 1 106
56 1 25
207 1 25
47 1 16
106 1 37
58 1 84
38 1 79
196 1 106
17 2 36
75 1 38
43 2 226
89 1 134
18 2 42
8 2 84
8 7 16
33 1 84
26 1 64
75 1 8
24 1 23
20 2 23
99 2 71
58 1 27
71 1 38
89 1 38
16 2 24
47 1 52
207 1 8
35 2 49
23 1 47
89 1 25
8 2 24
8 2 27
26 1 35
40 1 207
92 2 22
38 1 170
79 1 46
22 2 143
8 2 55
106 1 226
49 1 8
61 2 143
50 1 207
50 2 38
89 1 16
134 1 8
47 1 46
144 1 26
61 1 53
16 1 35
25 1 49
61 1 56
49 1 38
16 2 17
72 2 43
23 1 106
36 2 35
63 1 28
25 1 101
106 2 47
26 1 33
207 1 58
72 1 16
170 2 196
? 1 github_java_program_data/2/22.java

16 2 35
51 1 35
196 2 31
226 1 16
58 1 84
226 2 8
89 1 46
53 1 26
8 1 84
143 6 89
17 2 16
38 1 63
27 1 40
8 1 35
16 2 84
47 1 8
18 1 8
28 2 16
35 2 45
26 1 75
47 1 43
226 1 8
40 1 16
8 2 35
207 1 16
8 2 38
17 2 58
8 1 17
33 1 8
56 1 38
25 1 101
41 1 20
89 1 43
106 1 16
17 2 75
51 1 18
41 2 25
75 1 27
35 2 58
84 1 40
28 2 8
89 1 28
31 1 16
31 1 46
25 1 92
55 1 8
26 1 58
16 7 8
35 2 8
49 1 46
51 1 49
72 1 27
75 2 35
58 2 17
35 2 16
18 2 49
28 1 8
16 2 41
42 2 18
38 1 31
55 2 27
207 2 30
16 1 8
30 2 40
106 1 28
16 2 27
26 1 35
25 1 22
38 1 49
28 1 16
18 2 42
47 1 16
16 1 81
196 1 47
89 1 16
17 2 36
30 1 207
26 1 36
226 2 16
47 1 226
134 2 43
8 2 17
16 5 8
24 1 20
35 2 42
35 1 8
92 1 53
33 1 27
30 1 26
170 1 106
84 1 30
89 1 24
8 5 16
16 4 8
53 2 56
8 1 16
106 1 8
26 1 8
16 2 24
33 2 35
26 1 17
24 2 25
49 1 16
27 2 38
25 1 30
196 2 170
106 1 46
46 2 28
26 1 16
25 1 207
31 1 41
46 2 16
49 1 72
38 1 89
16 1 35
31 1 25
207 1 36
35 2 25
89 2 63
207 1 35
42 1 8
58 1 16
63 1 46
27 1 30
63 1 16
25 1 143
22 1 26
17 2 33
41 1 23
143 1 207
63 1 43
92 2 22
38 1 144
101 1 207
8 2 81
207 1 45
49 1 43
38 1 196
20 1 106
207 1 25
134 1 27
63 1 41
16 2 38
51 1 42
92 1 56
75 1 38
43 2 226
89 1 134
8 2 84
8 7 16
33 1 84
33 1 16
72 1 8
20 2 23
58 1 27
16 2 17
207 1 8
23 1 47
89 1 25
8 2 27
22 2 101
40 1 207
46 2 8
38 1 170
63 1 25
106 1 226
49 1 8
49 2 89
134 1 8
144 1 26
75 1 55
49 1 38
72 2 43
26 1 45
63 1 28
43 2 46
26 1 33
170 2 196
? 1 github_java_program_data/2/24.java

16 2 35
51 1 35
16 2 55
16 2 38
226 1 16
89 1 226
92 1 50
44 1 207
70 1 54
89 1 46
53 1 26
8 1 84
46 2 226
143 6 89
196 1 106
37 2 53
38 1 63
27 1 40
170 2 143
16 1 17
16 2 84
47 1 8
28 2 16
170 1 47
38 1 85
226 1 8
40 1 16
49 1 55
8 2 35
207 1 16
46 2 16
55 1 130
50 2 56
8 1 35
38 1 142
8 1 17
89 1 41
38 1 101
8 2 52
63 1 24
37 1 106
33 1 8
47 1 16
8 2 24
24 2 38
25 1 26
52 1 26
25 1 170
63 1 226
41 1 20
89 1 43
106 1 16
35 2 17
226 2 8
40 1 8
35 2 58
143 1 26
28 2 8
46 2 43
142 1 207
8 2 37
16 2 17
130 1 16
26 1 58
35 2 33
16 1 27
35 2 8
40 1 26
170 2 70
207 1 33
8 2 17
49 1 46
41 2 25
84 1 40
35 2 16
17 2 16
28 1 8
143 6 63
54 1 37
16 2 41
16 1 8
54 1 53
8 4 16
89 2 63
170 1 106
30 2 40
106 1 28
51 1 75
40 2 30
200 1 24
16 2 27
20 1 47
25 1 22
38 1 49
54 1 129
28 1 16
200 1 25
17 2 8
75 1 38
82 2 25
16 1 81
196 1 47
38 1 170
63 1 46
47 1 37
17 2 36
30 1 207
8 5 16
226 2 16
106 1 8
207 1 17
30 1 16
16 5 8
63 2 89
35 1 8
196 2 101
33 1 27
30 1 26
30 1 8
52 1 47
84 1 30
85 1 82
16 4 8
8 1 16
26 1 8
35 2 75
75 1 16
129 1 207
26 1 17
25 1 196
24 2 25
49 1 16
16 2 52
50 1 26
101 2 142
196 2 170
75 1 46
26 1 16
170 2 85
38 1 92
38 1 70
23 1 106
43 2 16
55 2 25
37 1 26
38 1 89
63 1 38
85 1 25
37 1 207
207 1 36
8 2 84
33 2 17
106 1 52
207 1 35
85 2 143
58 1 16
38 1 143
27 1 30
63 1 16
25 1 143
22 1 26
17 2 33
143 1 207
63 1 43
16 2 44
49 1 25
47 1 44
41 2 38
207 1 45
63 1 8
49 1 43
8 2 81
38 1 196
56 1 25
63 1 41
106 1 37
58 1 84
92 1 56
22 1 207
43 2 226
33 1 84
33 1 16
101 1 26
24 1 23
63 2 49
58 1 27
53 2 129
89 1 38
47 1 52
207 1 8
142 6 89
54 2 38
89 1 25
8 2 27
47 1 28
26 1 35
40 1 207
58 1 8
82 1 52
52 1 207
106 1 226
89 1 16
16 1 35
28 1 43
70 2 196
207 1 200
43 2 46
70 1 38
26 1 33
207 1 58
? 1 github_java_program_data/2/26.java

16 2 35
51 1 35
63 1 41
46 2 28
101 2 61
61 1 50
226 1 16
51 1 42
89 1 226
92 1 50
44 1 207
70 1 54
70 2 101
53 1 26
55 2 38
8 1 84
43 2 28
53 1 207
53 2 99
70 1 25
17 2 16
27 1 40
70 2 22
17 2 58
16 1 17
56 1 26
47 1 8
54 2 25
64 1 53
18 1 8
28 2 16
170 1 47
170 2 22
35 2 45
16 7 8
142 6 63
47 1 43
226 1 8
52 1 106
207 1 64
49 1 55
50 2 129
8 2 35
207 1 16
17 2 64
25 1 85
36 2 17
50 2 56
8 1 35
38 1 142
8 1 17
38 1 101
37 2 50
196 2 22
8 2 24
82 2 38
131 1 16
54 1 50
37 1 106
33 1 8
47 1 16
8 2 52
50 2 76
24 2 38
143 6 63
8 5 16
52 1 26
72 1 8
25 1 170
17 2 33
63 1 226
38 1 89
101 2 22
89 1 43
106 1 16
35 2 17
226 2 8
51 1 18
41 2 25
183 1 71
25 1 49
35 2 58
54 1 76
143 1 26
28 2 8
58 2 17
142 1 207
25 1 70
89 1 28
31 1 16
222 1 53
31 1 46
82 1 50
26 1 58
35 2 33
8 1 27
16 1 27
35 2 8
40 1 26
170 2 70
64 1 140
207 1 33
8 2 17
38 1 85
8 2 37
63 1 25
37 1 47
196 2 31
31 2 89
54 1 52
101 2 143
46 2 226
143 6 89
40 1 8
84 1 40
38 1 61
8 7 16
28 1 8
25 1 89
16 2 41
42 1 16
16 1 8
16 2 37
25 1 63
8 4 16
89 2 63
25 1 142
170 1 106
207 1 183
30 2 40
106 1 28
51 1 75
40 2 30
38 1 170
20 1 47
25 1 22
33 2 17
92 1 99
28 1 16
17 2 8
22 1 207
82 2 25
16 2 84
142 6 89
64 1 56
222 1 38
52 1 207
63 1 46
47 1 37
26 1 45
30 1 207
26 1 36
226 2 16
47 1 226
52 2 50
22 2 92
17 2 35
50 2 99
25 1 222
58 2 35
16 2 27
207 1 17
75 1 25
30 1 16
16 5 8
25 1 143
35 2 42
35 1 8
76 1 26
18 2 42
196 2 101
142 1 26
92 1 53
16 1 84
33 1 27
30 1 26
56 2 140
30 1 8
52 1 47
84 1 30
89 1 24
85 1 82
45 2 17
53 2 56
8 1 16
35 2 16
16 2 44
26 1 8
16 4 8
37 1 26
85 1 25
82 1 37
8 2 41
33 2 35
170 2 142
101 1 207
25 1 196
24 2 25
16 2 52
53 2 38
45 2 35
50 1 26
22 2 101
196 2 170
106 1 46
82 1 129
75 1 46
35 2 64
89 1 8
26 1 16
22 2 143
31 1 41
38 1 70
46 2 16
71 1 26
16 2 24
41 1 20
63 1 38
37 1 207
31 1 25
207 1 36
85 2 142
8 2 84
106 1 52
207 1 35
17 2 45
42 1 8
58 1 16
38 1 143
27 1 30
63 1 16
24 1 20
22 1 26
55 1 131
129 1 26
38 1 22
41 1 23
143 1 207
85 1 38
38 1 92
99 1 207
41 2 38
22 2 170
207 1 45
35 2 36
26 1 17
63 1 8
46 2 8
183 1 53
20 2 23
42 2 75
38 1 196
20 1 106
101 2 170
61 1 56
40 1 16
106 1 37
58 1 84
196 1 106
17 2 36
25 1 31
43 2 226
75 1 8
99 1 38
72 2 43
8 2 25
106 1 44
63 2 89
33 1 84
33 1 16
101 1 26
24 1 23
63 2 49
99 2 71
58 1 27
89 1 38
16 2 17
47 1 52
207 1 8
92 2 61
196 1 47
23 1 47
89 1 25
8 2 27
47 1 28
26 1 35
40 1 207
92 2 22
58 1 8
196 2 85
106 1 8
8 2 55
106 1 226
49 1 8
50 1 207
222 2 143
38 1 60
89 1 16
61 1 53
16 1 35
54 2 38
56 1 25
49 1 38
183 1 99
89 1 72
23 1 106
42 2 18
63 1 28
25 1 101
70 1 38
56 1 207
26 1 33
207 1 58
140 1 26
170 2 196
? 1 github_java_program_data/2/44.java

8 2 84
72 1 16
99 2 132
46 2 28
51 1 35
79 2 89
106 1 43
61 1 50
226 1 16
63 1 46
51 1 42
89 1 226
44 1 207
70 1 54
89 1 46
142 1 207
55 2 38
8 1 84
43 2 28
53 1 207
53 2 99
70 1 25
92 1 56
18 2 75
38 1 63
27 1 40
132 1 61
79 1 38
16 1 17
16 2 84
47 1 8
54 2 25
18 1 8
106 1 8
170 1 47
35 2 45
49 1 46
170 2 101
8 1 17
142 6 63
47 1 43
226 1 8
40 1 16
49 1 55
226 1 46
8 2 35
207 1 16
42 2 18
25 1 85
37 1 47
50 2 56
8 1 35
38 1 142
38 1 222
89 1 41
38 1 101
37 2 50
8 2 52
63 1 24
131 1 16
54 1 50
37 1 106
33 1 8
56 1 38
8 2 24
50 2 76
24 2 38
222 1 25
82 2 38
92 1 140
8 5 16
52 1 26
75 1 8
25 1 170
17 2 33
63 1 226
38 1 89
101 2 22
89 1 43
222 1 50
28 2 16
226 2 8
51 1 18
41 2 25
106 1 46
99 1 25
35 2 58
143 1 26
28 2 8
61 1 71
58 2 17
53 1 26
25 1 70
89 1 28
8 2 37
170 2 85
47 1 16
43 2 8
26 1 58
35 2 33
8 1 27
16 1 27
35 2 8
40 1 26
46 2 226
207 1 33
8 2 17
92 1 132
31 1 43
196 2 31
25 1 92
18 1 16
8 4 16
143 6 89
40 1 8
84 1 40
16 7 8
17 2 16
28 1 8
25 1 89
143 6 63
54 1 37
16 2 41
42 1 16
16 1 8
16 2 37
25 1 63
92 2 196
89 2 63
25 1 142
170 1 106
17 2 58
24 2 25
30 2 40
106 1 28
51 1 75
140 1 38
16 2 27
26 1 35
25 1 22
17 2 45
92 1 99
28 1 16
76 1 207
17 2 8
22 1 207
196 1 47
75 1 25
38 1 170
89 1 16
47 1 37
63 1 72
26 1 45
101 2 61
30 1 207
50 2 129
26 1 36
35 2 16
47 1 226
16 1 35
50 2 99
31 2 89
58 2 35
207 1 17
30 1 16
16 5 8
25 1 143
35 2 42
35 1 8
54 1 76
18 2 42
222 2 142
196 2 101
142 1 26
92 1 53
16 1 84
33 1 27
30 1 26
56 2 140
30 1 8
106 1 16
84 1 30
89 1 24
85 1 82
92 1 71
53 2 56
8 1 16
50 2 25
16 2 44
26 1 8
16 4 8
140 1 25
37 1 26
79 1 24
82 1 37
8 2 41
33 2 35
26 1 17
196 2 79
25 1 196
79 1 46
16 2 52
132 2 71
50 1 26
22 2 101
36 2 35
196 2 170
82 1 129
75 1 46
101 2 142
40 2 30
89 1 8
26 1 16
16 2 35
31 1 41
38 1 70
226 2 16
16 2 24
79 1 8
41 1 20
63 1 38
37 1 207
31 1 25
207 1 36
106 1 52
207 1 35
85 2 143
42 1 8
58 1 16
38 1 143
27 1 30
63 1 16
31 1 8
24 1 20
22 1 26
55 1 131
129 1 26
38 1 22
41 1 23
70 2 142
143 1 207
63 1 43
85 1 38
38 1 92
41 2 38
22 2 170
207 1 45
35 2 36
101 1 207
8 7 16
63 1 8
106 1 44
20 2 23
72 2 46
38 1 196
20 1 106
56 1 25
63 1 41
106 1 37
58 1 84
38 1 79
196 1 106
17 2 36
25 1 31
43 2 226
99 1 38
8 2 25
63 2 89
33 1 84
33 1 16
101 1 26
24 1 23
170 2 222
99 2 71
58 1 27
71 1 38
89 1 38
82 1 50
47 1 52
207 1 8
142 6 89
170 2 70
23 1 47
89 1 25
8 2 27
47 1 28
20 1 47
40 1 207
46 2 8
58 1 8
63 1 25
52 1 207
8 2 55
106 1 226
49 1 8
170 2 92
50 1 207
25 1 49
47 1 46
61 1 53
61 1 99
54 2 38
61 1 56
49 1 38
16 2 17
28 1 46
23 1 106
63 2 49
70 2 143
63 1 28
25 1 101
70 1 38
26 1 33
25 1 61
207 1 58
170 2 196
? 1 github_java_program_data/2/45.java

51 1 35
226 2 16
47 1 226
226 1 8
25 1 196
47 1 52
49 1 16
35 2 49
16 2 52
8 2 27
49 1 25
35 1 8
33 1 27
46 2 16
16 2 25
35 2 33
51 1 49
33 1 8
47 1 16
207 1 33
49 1 46
196 1 47
52 1 207
207 1 35
? 1 github_java_program_data/2/46.java

16 2 35
51 1 35
196 2 31
226 1 16
58 1 84
226 2 8
89 1 46
53 1 26
8 1 84
143 6 89
17 2 16
38 1 63
27 1 40
75 2 17
8 1 35
16 2 84
47 1 8
18 1 8
28 2 16
35 2 45
58 2 35
26 1 75
47 1 43
226 1 8
40 1 16
8 2 35
207 1 16
42 2 18
8 2 38
17 2 58
8 1 17
33 1 8
56 1 38
25 1 101
41 1 20
89 1 43
106 1 16
51 1 18
75 1 27
84 1 40
28 2 8
89 1 28
31 1 16
31 1 46
25 1 92
55 1 8
26 1 58
35 2 33
35 2 8
207 1 33
8 2 17
49 1 46
51 1 49
72 1 27
41 2 25
58 2 17
35 2 16
35 2 75
18 2 49
28 1 8
16 2 41
16 1 8
38 1 31
55 2 27
207 2 30
170 1 106
30 2 40
106 1 28
40 2 30
16 2 27
26 1 35
25 1 22
38 1 49
28 1 16
18 2 42
47 1 16
16 1 81
196 1 47
58 1 8
89 1 16
17 2 36
30 1 207
26 1 36
226 2 16
47 1 226
134 2 43
207 1 17
16 5 8
24 1 20
35 2 42
35 1 8
92 1 53
33 1 27
30 1 26
84 1 30
89 1 24
8 5 16
16 4 8
53 2 56
8 1 16
106 1 8
26 1 8
16 2 24
33 2 35
26 1 17
24 2 25
49 1 16
27 2 38
25 1 30
196 2 170
106 1 46
46 2 28
26 1 16
25 1 207
31 1 41
46 2 16
49 1 72
38 1 89
16 1 35
31 1 25
207 1 36
35 2 25
89 2 63
207 1 35
42 1 8
58 1 16
63 1 46
27 1 30
63 1 16
25 1 143
22 1 26
17 2 33
41 1 23
143 1 207
63 1 43
92 2 22
38 1 144
101 1 207
8 2 81
207 1 45
49 1 43
38 1 196
20 1 106
207 1 25
134 1 27
63 1 41
16 2 38
51 1 42
92 1 56
75 1 38
43 2 226
89 1 134
8 2 84
8 7 16
33 1 84
33 1 16
72 1 8
20 2 23
58 1 27
16 2 17
207 1 8
23 1 47
89 1 25
8 2 27
22 2 101
40 1 207
46 2 8
38 1 170
63 1 25
106 1 226
49 1 8
49 2 89
16 7 8
134 1 8
144 1 26
75 1 55
49 1 38
72 2 43
26 1 45
63 1 28
43 2 46
26 1 33
207 1 58
170 2 196
? 1 github_java_program_data/2/51.java

16 2 35
51 1 35
196 2 31
226 1 16
58 1 84
226 2 8
89 1 46
53 1 26
8 1 84
143 6 89
17 2 16
38 1 63
27 1 40
8 1 35
16 2 84
47 1 8
18 1 8
28 2 16
35 2 45
26 1 75
47 1 43
226 1 8
40 1 16
8 2 35
207 1 16
8 2 38
17 2 58
8 1 17
33 1 8
56 1 38
25 1 101
41 1 20
89 1 43
106 1 16
17 2 75
51 1 18
41 2 25
75 1 27
35 2 58
84 1 40
28 2 8
89 1 28
31 1 16
31 1 46
25 1 92
55 1 8
26 1 58
16 7 8
35 2 8
49 1 46
51 1 49
72 1 27
75 2 35
58 2 17
35 2 16
18 2 49
28 1 8
16 2 41
42 2 18
38 1 31
55 2 27
207 2 30
16 1 8
30 2 40
106 1 28
16 2 27
26 1 35
25 1 22
38 1 49
28 1 16
18 2 42
47 1 16
16 1 81
196 1 47
89 1 16
17 2 36
30 1 207
26 1 36
226 2 16
47 1 226
134 2 43
8 2 17
16 5 8
24 1 20
35 2 42
35 1 8
92 1 53
33 1 27
30 1 26
170 1 106
84 1 30
89 1 24
8 5 16
16 4 8
53 2 56
8 1 16
106 1 8
26 1 8
16 2 24
33 2 35
26 1 17
24 2 25
49 1 16
27 2 38
25 1 30
196 2 170
106 1 46
46 2 28
26 1 16
25 1 207
31 1 41
46 2 16
49 1 72
38 1 89
16 1 35
31 1 25
207 1 36
35 2 25
89 2 63
207 1 35
42 1 8
58 1 16
63 1 46
27 1 30
63 1 16
25 1 143
22 1 26
17 2 33
41 1 23
143 1 207
63 1 43
92 2 22
38 1 144
101 1 207
8 2 81
207 1 45
49 1 43
38 1 196
20 1 106
207 1 25
134 1 27
63 1 41
16 2 38
51 1 42
92 1 56
75 1 38
43 2 226
89 1 134
8 2 84
8 7 16
33 1 84
33 1 16
72 1 8
20 2 23
58 1 27
16 2 17
207 1 8
23 1 47
89 1 25
8 2 27
22 2 101
40 1 207
46 2 8
38 1 170
63 1 25
106 1 226
49 1 8
49 2 89
134 1 8
144 1 26
75 1 55
49 1 38
72 2 43
26 1 45
63 1 28
43 2 46
26 1 33
170 2 196
? 1 github_java_program_data/2/54.java

16 2 35
51 1 35
16 2 55
16 2 38
226 1 16
89 1 226
92 1 50
44 1 207
70 1 54
89 1 46
53 1 26
8 1 84
46 2 226
143 6 89
196 1 106
37 2 53
38 1 63
27 1 40
170 2 143
16 1 17
16 2 84
47 1 8
28 2 16
170 1 47
38 1 85
226 1 8
40 1 16
49 1 55
8 2 35
207 1 16
46 2 16
55 1 130
50 2 56
8 1 35
38 1 142
8 1 17
89 1 41
38 1 101
8 2 52
63 1 24
37 1 106
33 1 8
47 1 16
8 2 24
24 2 38
25 1 26
52 1 26
25 1 170
63 1 226
41 1 20
89 1 43
106 1 16
35 2 17
226 2 8
40 1 8
35 2 58
143 1 26
28 2 8
46 2 43
142 1 207
8 2 37
16 2 17
130 1 16
26 1 58
35 2 33
16 1 27
35 2 8
40 1 26
170 2 70
207 1 33
8 2 17
49 1 46
41 2 25
84 1 40
35 2 16
17 2 16
28 1 8
143 6 63
54 1 37
16 2 41
16 1 8
54 1 53
8 4 16
89 2 63
170 1 106
30 2 40
106 1 28
51 1 75
40 2 30
200 1 24
16 2 27
20 1 47
25 1 22
38 1 49
54 1 129
28 1 16
200 1 25
17 2 8
75 1 38
82 2 25
16 1 81
196 1 47
38 1 170
63 1 46
47 1 37
17 2 36
30 1 207
8 5 16
226 2 16
106 1 8
207 1 17
30 1 16
16 5 8
63 2 89
35 1 8
196 2 101
33 1 27
30 1 26
30 1 8
52 1 47
84 1 30
85 1 82
16 4 8
8 1 16
26 1 8
35 2 75
75 1 16
129 1 207
26 1 17
25 1 196
24 2 25
49 1 16
16 2 52
50 1 26
101 2 142
196 2 170
75 1 46
26 1 16
170 2 85
38 1 92
38 1 70
23 1 106
43 2 16
55 2 25
37 1 26
38 1 89
63 1 38
85 1 25
37 1 207
207 1 36
8 2 84
33 2 17
106 1 52
207 1 35
85 2 143
58 1 16
38 1 143
27 1 30
63 1 16
25 1 143
22 1 26
17 2 33
143 1 207
63 1 43
16 2 44
49 1 25
47 1 44
41 2 38
207 1 45
63 1 8
49 1 43
8 2 81
38 1 196
56 1 25
63 1 41
106 1 37
58 1 84
92 1 56
22 1 207
43 2 226
33 1 84
33 1 16
101 1 26
24 1 23
63 2 49
58 1 27
53 2 129
89 1 38
47 1 52
207 1 8
142 6 89
54 2 38
89 1 25
8 2 27
47 1 28
26 1 35
40 1 207
58 1 8
82 1 52
52 1 207
106 1 226
89 1 16
16 1 35
28 1 43
70 2 196
207 1 200
43 2 46
70 1 38
26 1 33
207 1 58
? 1 github_java_program_data/2/56.java

16 2 35
30 1 207
23 2 20
8 2 48
46 2 28
51 1 35
79 2 89
106 1 43
22 2 92
48 1 207
226 1 16
51 1 42
89 1 226
92 1 50
25 1 60
70 1 54
89 1 46
53 1 26
160 1 30
8 1 84
43 2 28
53 1 207
53 2 99
70 1 25
196 1 106
48 1 26
38 1 63
27 1 40
82 1 52
70 2 22
17 2 58
16 1 17
16 2 84
47 1 8
54 2 25
8 2 44
18 1 8
28 2 16
170 1 47
85 2 22
43 2 46
35 2 45
49 1 46
170 2 101
38 1 222
47 1 43
226 1 8
40 1 16
226 1 46
8 2 35
207 1 16
53 2 129
50 2 76
8 2 38
50 2 56
8 1 35
92 2 101
8 1 17
89 1 41
38 1 101
196 2 22
8 2 24
63 1 24
54 1 50
37 1 106
33 1 8
47 1 16
8 2 52
63 1 160
16 2 81
89 1 46
82 2 38
92 1 140
223 1 207
52 1 26
25 1 170
160 2 38
38 1 89
101 2 22
89 1 43
106 1 16
16 2 39
35 2 17
226 2 8
51 1 18
41 2 25
106 1 46
99 1 25
35 2 58
222 1 38
58 2 17
28 2 8
61 1 71
222 2 196
85 1 54
25 1 70
58 1 8
31 1 16
222 1 53
8 2 37
25 1 92
43 2 8
26 1 58
35 2 33
82 1 53
37 1 207
8 1 27
16 1 27
46 2 25
35 2 8
40 1 26
46 2 226
8 1 81
47 1 52
207 1 33
8 2 17
38 1 85
31 1 43
49 2 196
16 2 37
33 1 27
54 1 52
8 1 48
40 1 8
84 1 40
45 2 35
17 2 16
28 1 8
54 1 37
16 2 41
42 1 16
16 1 8
38 1 31
170 2 79
18 2 75
8 4 16
89 2 63
25 1 142
170 1 106
70 1 82
30 2 40
106 1 28
51 1 75
140 1 38
226 1 43
16 2 27
20 1 47
25 1 22
38 1 49
54 1 129
28 1 16
76 1 207
85 2 196
17 2 8
22 1 207
82 2 25
81 1 207
16 1 81
196 1 47
52 1 207
54 1 53
89 1 16
25 1 144
26 1 45
79 1 25
26 1 36
35 2 16
47 1 226
52 2 50
17 2 35
58 2 35
52 2 53
207 1 17
22 2 85
30 1 16
16 5 8
8 2 41
35 2 42
35 1 8
54 1 76
142 1 26
16 1 84
18 1 16
38 1 223
30 1 26
56 2 140
30 1 8
52 1 47
84 1 30
75 1 38
85 1 82
45 2 17
8 1 16
24 2 160
26 1 8
16 4 8
196 2 70
37 1 26
129 1 207
70 2 142
79 1 24
82 1 37
53 2 38
33 2 35
101 1 207
17 2 36
25 1 196
79 1 46
143 6 89
106 1 39
16 2 52
16 1 48
50 1 26
22 2 101
36 2 35
196 2 170
82 1 129
75 1 46
40 2 30
89 1 8
26 1 16
22 2 143
31 1 41
38 1 70
46 2 16
43 2 16
226 2 16
75 1 16
79 1 8
41 1 20
63 1 38
85 1 25
61 1 99
31 1 25
207 1 36
61 2 170
8 2 84
33 2 17
106 1 52
207 1 35
17 2 45
42 1 8
58 1 16
38 1 143
27 1 30
24 1 20
22 1 26
41 2 46
17 2 33
38 1 22
41 1 23
101 2 85
61 2 101
143 1 207
63 1 43
38 1 92
16 7 8
92 2 22
207 1 45
35 2 36
26 1 17
8 7 16
63 1 8
106 1 44
20 2 23
49 1 43
8 2 81
38 1 196
56 1 25
170 2 31
46 1 30
52 1 106
106 1 37
58 1 84
38 1 79
92 1 56
24 2 25
39 1 26
43 2 226
99 1 38
16 2 48
81 1 26
18 2 42
46 2 38
63 2 89
33 1 84
33 1 16
101 1 26
24 1 23
170 2 222
99 2 71
58 1 27
71 1 38
89 1 38
16 2 17
44 1 26
207 1 8
142 6 89
54 2 38
89 1 25
8 2 27
47 1 28
26 1 35
40 1 207
46 2 8
38 1 170
106 1 8
8 5 16
106 1 226
49 1 8
50 1 207
47 1 46
144 1 26
61 1 53
16 1 35
47 1 37
49 1 38
22 2 61
28 1 43
28 1 46
23 1 106
42 2 18
63 1 28
25 1 101
70 1 38
16 2 38
26 1 33
25 1 61
207 1 58
170 2 196
? 1 github_java_program_data/2/59.java

8 2 84
51 1 35
63 1 41
61 1 50
226 1 16
58 1 84
89 1 226
44 1 207
70 1 54
89 1 46
53 1 26
8 1 84
46 2 226
143 6 89
17 2 16
48 1 26
27 1 40
17 2 58
16 1 17
16 2 84
47 1 8
8 2 44
106 1 8
50 2 25
38 1 85
8 1 17
26 1 35
47 1 43
226 1 8
52 1 106
226 1 46
8 2 35
207 1 16
42 2 18
37 1 47
16 1 84
38 1 142
38 1 222
38 1 101
196 2 22
8 2 52
33 1 8
47 1 16
8 2 24
16 2 81
222 1 25
92 1 140
223 1 207
52 1 26
25 1 170
63 1 226
101 2 22
222 1 50
28 2 16
35 2 17
226 2 8
51 1 18
41 2 25
106 1 46
35 2 58
143 1 26
28 2 8
46 2 43
58 2 17
142 1 207
89 1 28
8 2 37
25 1 92
43 2 8
26 1 58
35 2 33
8 1 27
16 1 27
70 2 85
35 2 8
40 1 26
43 2 28
170 2 31
207 1 33
8 2 17
49 1 46
31 1 43
63 1 25
51 1 49
8 1 81
8 1 48
40 1 8
84 1 40
16 7 8
18 2 49
28 1 8
25 1 89
54 1 37
16 2 41
42 1 16
16 1 8
61 2 92
25 1 63
8 4 16
89 2 63
25 1 142
170 1 106
8 2 41
106 1 28
140 1 38
226 1 43
16 2 27
20 1 47
25 1 22
33 2 17
28 1 16
17 2 8
22 1 207
82 2 25
81 1 207
196 1 47
58 1 8
89 1 16
47 1 37
26 1 45
30 1 207
26 1 36
35 2 16
47 1 226
16 1 35
50 2 99
31 2 89
142 6 63
207 1 17
8 1 35
30 1 16
16 5 8
63 2 89
35 2 42
18 2 42
222 2 142
142 1 26
92 1 53
18 1 16
30 1 26
56 2 140
30 1 8
106 1 16
84 1 30
89 1 24
85 1 82
16 4 8
53 2 56
8 1 16
25 1 101
26 1 8
16 2 24
85 1 25
8 2 39
33 2 35
101 1 207
25 1 196
24 2 25
30 2 40
106 1 39
16 2 52
50 1 26
22 2 101
196 2 170
46 2 28
40 2 30
89 1 8
26 1 16
22 2 143
16 2 35
31 1 41
38 1 70
43 2 16
226 2 16
41 1 20
63 1 38
37 1 207
31 1 25
207 1 36
106 1 52
207 1 35
17 2 45
58 1 16
38 1 143
27 1 30
63 1 16
31 1 8
25 1 143
17 2 33
38 1 22
63 1 43
49 1 25
35 1 16
47 1 44
41 2 38
207 1 45
35 2 36
26 1 17
63 1 8
24 2 38
8 2 81
56 1 25
40 1 16
8 2 48
51 1 42
92 1 56
17 2 36
39 1 26
43 2 226
99 1 38
8 2 25
8 7 16
33 1 84
33 1 16
101 1 26
24 1 23
170 2 222
58 1 27
89 1 38
16 2 17
47 1 52
207 1 8
92 2 61
54 2 38
89 1 25
8 2 27
47 1 28
25 1 31
40 1 207
46 2 8
38 1 170
82 1 52
52 1 207
106 1 226
49 1 8
50 1 207
144 1 26
61 1 99
25 1 144
23 1 106
63 1 28
38 1 223
70 1 38
26 1 33
25 1 61
207 1 58
170 2 196
? 1 github_java_program_data/2/69.java

16 2 35
30 1 207
23 2 20
51 1 35
16 2 55
61 1 50
226 1 16
55 2 25
58 1 84
89 1 226
70 1 54
89 1 46
142 1 207
8 1 84
46 2 226
53 1 207
143 6 89
196 1 106
170 2 79
27 1 40
89 1 16
196 2 31
79 1 38
16 1 17
16 2 84
47 1 8
8 2 44
28 2 16
170 1 47
25 1 92
43 2 46
35 2 45
131 1 8
16 7 8
8 1 17
142 6 63
47 1 43
226 1 8
52 1 106
170 2 70
222 2 101
8 2 35
207 1 16
42 2 49
42 2 18
36 2 17
79 2 63
8 1 35
38 1 222
89 1 41
38 1 101
25 1 75
63 1 24
49 2 75
33 1 8
134 1 16
8 2 52
24 2 38
222 1 25
53 2 25
92 1 140
35 2 42
70 2 222
101 1 26
75 1 43
25 1 170
63 1 226
101 2 22
89 1 43
106 1 16
226 2 8
51 1 18
106 1 46
99 1 25
35 2 58
143 1 26
28 2 8
58 2 17
53 1 26
89 1 28
222 1 53
8 2 37
47 1 16
26 1 58
45 2 35
37 1 207
8 1 27
16 2 24
35 2 8
40 1 26
43 2 28
47 1 52
207 1 33
8 2 17
49 1 46
63 1 25
51 1 49
33 1 27
54 1 52
41 2 25
84 1 40
38 1 61
17 2 16
28 1 8
25 1 89
16 2 41
42 1 16
16 1 8
16 2 37
25 1 63
8 4 16
89 2 63
25 1 142
170 1 106
24 2 25
61 2 196
8 2 41
47 1 28
40 2 30
16 2 27
26 1 35
25 1 22
79 1 41
28 1 16
17 2 8
22 1 207
196 1 47
75 1 25
38 1 170
38 1 143
47 1 37
26 1 45
72 1 16
26 1 36
35 2 16
47 1 226
25 1 79
16 1 35
50 2 99
31 2 89
134 2 43
207 1 17
30 1 16
16 5 8
63 2 89
170 2 22
18 2 42
142 1 26
92 1 53
75 2 63
18 1 16
30 1 26
56 2 140
84 1 30
89 1 24
8 5 16
45 2 17
53 2 56
8 1 16
26 1 8
16 4 8
75 1 16
30 2 40
26 1 17
25 1 196
79 1 46
49 1 16
16 2 52
22 2 101
36 2 35
196 2 170
46 2 28
75 1 46
89 1 8
26 1 16
17 2 35
31 1 41
38 1 70
46 2 16
16 2 25
226 2 16
37 1 26
79 1 8
41 1 20
63 1 38
72 2 46
61 1 99
31 1 25
207 1 36
8 2 84
106 1 52
207 1 35
17 2 45
58 1 16
63 1 46
27 1 30
63 1 16
31 1 8
24 1 20
22 1 26
55 1 131
17 2 33
38 1 22
41 1 23
63 1 43
49 1 25
35 1 16
47 2 106
41 2 38
63 1 134
35 2 36
101 1 207
63 1 8
106 1 44
207 1 45
49 1 43
20 1 106
56 1 25
40 1 16
51 1 42
92 1 56
17 2 36
25 1 31
43 2 226
99 1 38
8 2 25
8 7 16
33 1 84
33 1 16
72 1 8
24 1 23
20 2 23
58 1 27
89 1 38
16 2 17
44 1 26
207 1 8
92 2 61
54 2 38
23 1 47
8 2 27
140 1 38
20 1 47
40 1 207
46 2 8
58 1 8
106 1 8
52 1 207
106 1 28
106 1 226
49 1 8
35 2 33
50 1 207
26 1 33
134 1 8
75 1 55
196 2 142
89 1 72
23 1 106
63 1 28
25 1 101
70 1 38
25 1 49
25 1 61
207 1 58
8 2 24
170 2 196
? 1 github_java_program_data/2/73.java

51 1 35
226 2 16
47 1 226
226 1 8
25 1 196
47 1 52
49 1 16
35 2 49
16 2 52
8 2 27
49 1 25
35 1 8
33 1 27
46 2 16
16 2 25
35 2 33
51 1 49
33 1 8
47 1 16
207 1 33
49 1 46
196 1 47
52 1 207
207 1 35
? 1 github_java_program_data/2/76.java

16 2 35
51 1 35
196 2 31
226 1 16
58 1 84
226 2 8
89 1 46
53 1 26
8 1 84
143 6 89
17 2 16
38 1 63
27 1 40
75 2 17
8 1 35
16 2 84
47 1 8
18 1 8
28 2 16
35 2 45
58 2 35
26 1 75
47 1 43
226 1 8
40 1 16
8 2 35
207 1 16
42 2 18
8 2 38
17 2 58
8 1 17
33 1 8
56 1 38
25 1 101
41 1 20
89 1 43
106 1 16
51 1 18
75 1 27
84 1 40
28 2 8
89 1 28
31 1 16
31 1 46
25 1 92
55 1 8
26 1 58
35 2 33
35 2 8
207 1 33
8 2 17
49 1 46
51 1 49
72 1 27
41 2 25
58 2 17
35 2 16
35 2 75
18 2 49
28 1 8
16 2 41
16 1 8
38 1 31
55 2 27
207 2 30
170 1 106
30 2 40
106 1 28
40 2 30
16 2 27
26 1 35
25 1 22
38 1 49
28 1 16
18 2 42
47 1 16
16 1 81
196 1 47
58 1 8
89 1 16
17 2 36
30 1 207
26 1 36
226 2 16
47 1 226
134 2 43
207 1 17
16 5 8
24 1 20
35 2 42
35 1 8
92 1 53
33 1 27
30 1 26
84 1 30
89 1 24
8 5 16
16 4 8
53 2 56
8 1 16
106 1 8
26 1 8
16 2 24
33 2 35
26 1 17
24 2 25
49 1 16
27 2 38
25 1 30
196 2 170
106 1 46
46 2 28
26 1 16
25 1 207
31 1 41
46 2 16
49 1 72
38 1 89
16 1 35
31 1 25
207 1 36
35 2 25
89 2 63
207 1 35
42 1 8
58 1 16
63 1 46
27 1 30
63 1 16
25 1 143
22 1 26
17 2 33
41 1 23
143 1 207
63 1 43
92 2 22
38 1 144
101 1 207
8 2 81
207 1 45
49 1 43
38 1 196
20 1 106
207 1 25
134 1 27
63 1 41
16 2 38
51 1 42
92 1 56
75 1 38
43 2 226
89 1 134
8 2 84
8 7 16
33 1 84
33 1 16
72 1 8
20 2 23
58 1 27
16 2 17
207 1 8
23 1 47
89 1 25
8 2 27
22 2 101
40 1 207
46 2 8
38 1 170
63 1 25
106 1 226
49 1 8
49 2 89
16 7 8
134 1 8
144 1 26
75 1 55
49 1 38
72 2 43
26 1 45
63 1 28
43 2 46
26 1 33
207 1 58
170 2 196
? 1 github_java_program_data/2/81.java

16 2 35
79 1 25
23 2 20
63 1 41
51 1 35
79 2 89
106 1 43
61 1 50
226 1 16
51 1 42
92 1 50
44 1 207
200 1 41
70 1 54
89 1 46
53 1 26
55 2 38
8 1 84
43 2 28
53 1 207
70 1 25
92 1 56
38 1 63
27 1 40
196 2 31
17 2 58
16 1 17
56 1 26
47 1 8
54 2 25
72 1 8
64 1 53
18 1 8
106 1 8
170 1 47
43 2 46
35 2 45
8 1 17
47 1 43
226 1 8
8 2 35
207 1 16
119 2 84
42 2 18
49 1 84
8 2 38
16 1 84
38 1 222
89 1 41
38 1 101
143 6 89
49 1 119
63 1 24
131 1 16
49 2 75
37 1 106
33 1 8
56 1 38
25 1 75
24 2 38
33 1 16
143 6 63
35 2 42
52 1 26
101 1 26
75 1 43
63 1 226
41 1 20
101 2 22
89 1 43
106 1 16
28 2 16
35 2 17
226 2 8
51 1 18
41 2 25
106 1 46
99 1 25
35 2 58
143 1 26
28 2 8
46 2 43
58 2 17
89 1 28
58 1 8
31 1 16
222 2 170
31 1 46
25 1 92
26 1 58
79 1 16
8 1 27
49 2 17
16 1 27
35 2 8
40 1 26
46 2 226
64 1 140
207 1 33
8 2 17
49 1 46
8 2 44
16 2 81
16 2 37
8 1 81
8 4 16
72 1 27
40 1 8
84 1 40
38 1 61
17 2 16
28 1 8
25 1 89
54 1 37
16 2 41
25 1 63
16 1 8
38 1 31
170 2 79
18 2 75
119 1 16
64 1 56
170 1 106
70 2 222
8 2 41
106 1 28
51 1 75
26 1 200
40 2 30
16 2 27
20 1 47
25 1 22
33 2 17
92 1 99
28 1 16
200 1 25
17 2 8
22 1 207
16 2 84
196 1 47
75 1 25
52 1 207
38 1 143
63 1 72
26 1 45
30 1 207
35 2 33
26 1 36
226 2 16
47 1 226
17 2 35
50 2 99
134 2 43
207 1 17
8 1 35
142 6 89
30 1 16
16 5 8
63 2 89
170 2 22
75 1 55
35 1 8
222 1 38
196 2 101
142 1 26
92 1 53
75 2 63
33 1 27
140 1 207
30 1 26
56 2 140
30 1 8
222 1 50
84 2 25
84 1 30
89 1 24
8 5 16
92 1 71
53 2 56
8 1 16
35 2 16
26 1 8
16 4 8
8 2 52
196 2 70
37 1 26
79 1 24
30 2 40
33 2 35
26 1 17
24 2 25
89 1 8
207 1 49
16 2 52
50 1 26
22 2 101
25 1 30
196 2 170
46 2 28
75 1 46
207 2 30
72 1 84
26 1 16
25 1 207
31 1 41
38 1 70
46 2 16
16 2 25
49 1 72
75 1 16
38 1 89
63 1 38
72 2 46
61 1 99
31 1 25
207 1 36
35 2 25
89 2 63
207 1 35
17 2 45
42 1 8
58 1 16
63 1 46
27 1 30
24 1 20
22 1 26
55 1 131
17 2 33
38 1 22
41 1 23
25 1 142
143 1 207
63 1 43
49 1 25
16 7 8
41 2 38
38 1 144
35 2 36
101 1 207
63 1 8
46 2 8
106 1 44
207 1 45
49 1 43
38 1 196
20 1 106
56 1 25
207 1 25
47 1 16
106 1 37
58 1 84
38 1 79
196 1 106
17 2 36
75 1 38
43 2 226
89 1 134
18 2 42
8 2 84
8 7 16
33 1 84
26 1 64
75 1 8
24 1 23
20 2 23
99 2 71
58 1 27
71 1 38
89 1 38
16 2 24
47 1 52
207 1 8
35 2 49
23 1 47
89 1 25
8 2 24
8 2 27
26 1 35
40 1 207
92 2 22
38 1 170
79 1 46
22 2 143
8 2 55
106 1 226
49 1 8
61 2 143
50 1 207
50 2 38
89 1 16
134 1 8
47 1 46
144 1 26
61 1 53
16 1 35
25 1 49
61 1 56
49 1 38
16 2 17
72 2 43
23 1 106
36 2 35
63 1 28
25 1 101
106 2 47
26 1 33
207 1 58
72 1 16
170 2 196
? 1 github_java_program_data/2/82.java

16 2 35
51 1 35
16 2 55
16 2 38
226 1 16
89 1 226
92 1 50
44 1 207
70 1 54
89 1 46
53 1 26
8 1 84
46 2 226
143 6 89
196 1 106
37 2 53
38 1 63
27 1 40
170 2 143
16 1 17
16 2 84
47 1 8
28 2 16
170 1 47
38 1 85
226 1 8
40 1 16
49 1 55
8 2 35
207 1 16
46 2 16
55 1 130
50 2 56
8 1 35
38 1 142
8 1 17
89 1 41
38 1 101
8 2 52
63 1 24
37 1 106
33 1 8
47 1 16
8 2 24
24 2 38
25 1 26
52 1 26
25 1 170
63 1 226
41 1 20
89 1 43
106 1 16
35 2 17
226 2 8
40 1 8
35 2 58
143 1 26
28 2 8
46 2 43
142 1 207
8 2 37
16 2 17
130 1 16
26 1 58
35 2 33
16 1 27
35 2 8
40 1 26
170 2 70
207 1 33
8 2 17
49 1 46
41 2 25
84 1 40
35 2 16
17 2 16
28 1 8
143 6 63
54 1 37
16 2 41
16 1 8
54 1 53
8 4 16
89 2 63
170 1 106
30 2 40
106 1 28
51 1 75
40 2 30
200 1 24
16 2 27
20 1 47
25 1 22
38 1 49
54 1 129
28 1 16
200 1 25
17 2 8
75 1 38
82 2 25
16 1 81
196 1 47
38 1 170
63 1 46
47 1 37
17 2 36
30 1 207
8 5 16
226 2 16
106 1 8
207 1 17
30 1 16
16 5 8
63 2 89
35 1 8
196 2 101
33 1 27
30 1 26
30 1 8
52 1 47
84 1 30
85 1 82
16 4 8
8 1 16
26 1 8
35 2 75
75 1 16
129 1 207
26 1 17
25 1 196
24 2 25
49 1 16
16 2 52
50 1 26
101 2 142
196 2 170
75 1 46
26 1 16
170 2 85
38 1 92
38 1 70
23 1 106
43 2 16
55 2 25
37 1 26
38 1 89
63 1 38
85 1 25
37 1 207
207 1 36
8 2 84
33 2 17
106 1 52
207 1 35
85 2 143
58 1 16
38 1 143
27 1 30
63 1 16
25 1 143
22 1 26
17 2 33
143 1 207
63 1 43
16 2 44
49 1 25
47 1 44
41 2 38
207 1 45
63 1 8
49 1 43
8 2 81
38 1 196
56 1 25
63 1 41
106 1 37
58 1 84
92 1 56
22 1 207
43 2 226
33 1 84
33 1 16
101 1 26
24 1 23
63 2 49
58 1 27
53 2 129
89 1 38
47 1 52
207 1 8
142 6 89
54 2 38
89 1 25
8 2 27
47 1 28
26 1 35
40 1 207
58 1 8
82 1 52
52 1 207
106 1 226
89 1 16
16 1 35
28 1 43
70 2 196
207 1 200
43 2 46
70 1 38
26 1 33
207 1 58
? 1 github_java_program_data/2/86.java

16 2 35
30 1 207
23 2 20
8 2 48
46 2 28
51 1 35
79 2 89
106 1 43
22 2 92
48 1 207
226 1 16
51 1 42
89 1 226
92 1 50
25 1 60
70 1 54
89 1 46
53 1 26
160 1 30
8 1 84
43 2 28
53 1 207
53 2 99
70 1 25
196 1 106
48 1 26
38 1 63
27 1 40
82 1 52
70 2 22
17 2 58
16 1 17
16 2 84
47 1 8
54 2 25
8 2 44
18 1 8
28 2 16
170 1 47
85 2 22
43 2 46
35 2 45
49 1 46
170 2 101
38 1 222
47 1 43
226 1 8
40 1 16
226 1 46
8 2 35
207 1 16
53 2 129
50 2 76
8 2 38
50 2 56
8 1 35
92 2 101
8 1 17
89 1 41
38 1 101
196 2 22
8 2 24
63 1 24
54 1 50
37 1 106
33 1 8
47 1 16
8 2 52
63 1 160
16 2 81
89 1 46
82 2 38
92 1 140
223 1 207
52 1 26
25 1 170
160 2 38
38 1 89
101 2 22
89 1 43
106 1 16
16 2 39
35 2 17
226 2 8
51 1 18
41 2 25
106 1 46
99 1 25
35 2 58
222 1 38
58 2 17
28 2 8
61 1 71
222 2 196
85 1 54
25 1 70
58 1 8
31 1 16
222 1 53
8 2 37
25 1 92
43 2 8
26 1 58
35 2 33
82 1 53
37 1 207
8 1 27
16 1 27
46 2 25
35 2 8
40 1 26
46 2 226
8 1 81
47 1 52
207 1 33
8 2 17
38 1 85
31 1 43
49 2 196
16 2 37
33 1 27
54 1 52
8 1 48
40 1 8
84 1 40
45 2 35
17 2 16
28 1 8
54 1 37
16 2 41
42 1 16
16 1 8
38 1 31
170 2 79
18 2 75
8 4 16
89 2 63
25 1 142
170 1 106
70 1 82
30 2 40
106 1 28
51 1 75
140 1 38
226 1 43
16 2 27
20 1 47
25 1 22
38 1 49
54 1 129
28 1 16
76 1 207
85 2 196
17 2 8
22 1 207
82 2 25
81 1 207
16 1 81
196 1 47
52 1 207
54 1 53
89 1 16
25 1 144
26 1 45
79 1 25
26 1 36
35 2 16
47 1 226
52 2 50
17 2 35
58 2 35
52 2 53
207 1 17
22 2 85
30 1 16
16 5 8
8 2 41
35 2 42
35 1 8
54 1 76
142 1 26
16 1 84
18 1 16
38 1 223
30 1 26
56 2 140
30 1 8
52 1 47
84 1 30
75 1 38
85 1 82
45 2 17
8 1 16
24 2 160
26 1 8
16 4 8
196 2 70
37 1 26
129 1 207
70 2 142
79 1 24
82 1 37
53 2 38
33 2 35
101 1 207
17 2 36
25 1 196
79 1 46
143 6 89
106 1 39
16 2 52
16 1 48
50 1 26
22 2 101
36 2 35
196 2 170
82 1 129
75 1 46
40 2 30
89 1 8
26 1 16
22 2 143
31 1 41
38 1 70
46 2 16
43 2 16
226 2 16
75 1 16
79 1 8
41 1 20
63 1 38
85 1 25
61 1 99
31 1 25
207 1 36
61 2 170
8 2 84
33 2 17
106 1 52
207 1 35
17 2 45
42 1 8
58 1 16
38 1 143
27 1 30
24 1 20
22 1 26
41 2 46
17 2 33
38 1 22
41 1 23
101 2 85
61 2 101
143 1 207
63 1 43
38 1 92
16 7 8
92 2 22
207 1 45
35 2 36
26 1 17
8 7 16
63 1 8
106 1 44
20 2 23
49 1 43
8 2 81
38 1 196
56 1 25
170 2 31
46 1 30
52 1 106
106 1 37
58 1 84
38 1 79
92 1 56
24 2 25
39 1 26
43 2 226
99 1 38
16 2 48
81 1 26
18 2 42
46 2 38
63 2 89
33 1 84
33 1 16
101 1 26
24 1 23
170 2 222
99 2 71
58 1 27
71 1 38
89 1 38
16 2 17
44 1 26
207 1 8
142 6 89
54 2 38
89 1 25
8 2 27
47 1 28
26 1 35
40 1 207
46 2 8
38 1 170
106 1 8
8 5 16
106 1 226
49 1 8
50 1 207
47 1 46
144 1 26
61 1 53
16 1 35
47 1 37
49 1 38
22 2 61
28 1 43
28 1 46
23 1 106
42 2 18
63 1 28
25 1 101
70 1 38
16 2 38
26 1 33
25 1 61
207 1 58
170 2 196
? 1 github_java_program_data/2/89.java

16 2 35
8 2 84
23 2 20
8 2 48
196 2 31
106 1 43
226 1 16
55 2 25
89 1 226
92 1 50
17 2 16
70 1 54
89 1 46
53 1 26
46 2 226
53 1 207
70 1 25
196 1 106
48 1 26
170 2 79
27 1 40
138 1 26
132 1 61
79 1 38
16 1 17
16 2 84
47 1 8
54 2 25
119 2 25
106 1 8
170 1 47
35 2 45
38 1 85
170 2 101
57 1 16
142 6 63
47 1 43
226 1 8
31 2 89
49 1 55
226 1 46
8 2 35
207 1 16
42 2 49
16 2 119
36 2 17
37 1 47
130 1 8
50 2 56
16 1 84
43 2 16
8 1 17
38 1 101
31 1 24
8 2 24
131 1 16
68 1 207
8 1 81
47 1 16
8 2 52
24 2 38
8 5 16
25 1 68
52 1 26
79 1 43
75 1 43
25 1 170
63 1 226
99 2 132
101 2 22
89 1 43
106 1 16
49 2 75
226 2 8
41 2 25
222 2 142
143 1 26
28 2 8
46 2 43
58 2 17
142 1 207
25 1 70
55 1 57
33 1 8
222 1 53
31 1 46
56 1 38
20 1 47
26 1 58
79 1 16
37 1 207
16 2 24
16 1 27
35 2 8
40 1 26
43 2 28
44 1 26
49 1 25
207 1 33
8 2 17
49 1 46
31 1 43
25 1 92
16 2 37
54 1 52
16 2 81
40 1 8
84 1 40
89 1 28
45 2 35
54 1 129
28 1 8
25 1 89
16 2 41
42 1 16
16 1 8
54 1 53
143 6 89
25 1 63
8 4 16
89 2 63
25 1 142
170 1 106
17 2 58
8 2 41
106 1 28
51 1 75
40 2 30
38 1 170
25 1 31
25 1 22
51 1 49
79 1 41
92 1 99
28 1 16
85 2 196
17 2 8
38 1 138
82 2 25
81 1 207
16 1 81
196 1 47
75 1 25
52 1 207
38 1 143
47 1 37
25 1 101
30 1 207
26 1 36
35 2 16
47 1 226
25 1 79
50 2 99
25 1 222
58 2 35
52 2 53
207 1 17
8 1 35
196 2 22
16 5 8
63 2 89
70 2 68
222 1 38
75 2 49
138 2 92
92 1 132
30 1 26
30 1 8
52 1 47
84 1 30
89 1 24
85 1 82
16 4 8
53 2 56
8 1 16
53 2 38
26 1 8
31 1 38
75 1 16
129 1 207
82 1 37
30 2 40
101 1 207
25 1 196
75 1 119
28 2 16
22 2 101
196 2 170
46 2 28
89 1 8
26 1 16
170 2 85
31 1 41
46 2 16
16 2 25
16 2 27
226 2 16
37 1 26
41 1 20
63 1 38
47 2 106
85 1 25
31 1 16
31 1 25
207 1 36
33 2 17
106 1 52
207 1 35
17 2 45
58 1 16
63 1 46
27 1 30
63 1 16
31 1 8
24 1 20
22 1 26
55 1 131
17 2 33
38 1 22
41 1 23
16 1 48
63 1 43
16 2 44
38 1 92
47 1 44
41 2 38
207 1 45
35 2 36
26 1 17
8 2 81
20 2 23
119 1 130
38 1 196
20 1 106
61 1 56
63 1 41
106 1 37
51 1 42
92 1 56
17 2 36
22 1 207
43 2 226
99 1 38
16 2 48
81 1 26
8 2 37
8 7 16
33 1 84
33 1 16
101 1 26
24 1 23
58 1 27
16 7 8
53 2 129
89 1 38
16 2 17
47 1 52
207 1 8
142 6 89
170 2 70
23 1 47
43 2 8
8 2 27
47 1 28
26 1 35
40 1 207
46 2 8
58 1 8
16 2 52
63 1 25
8 2 55
106 1 226
49 1 8
50 1 207
89 1 16
47 1 46
61 1 53
16 1 35
68 2 222
56 1 25
28 1 43
23 1 106
63 1 28
26 1 45
26 1 33
207 1 58
? 1 github_java_program_data/2/91.java

