8 1 16
16 1 81
38 1 31
143 1 26
8 1 35
47 1 16
38 1 63
8 1 48
89 1 226
38 1 143
16 1 41
16 2 41
207 1 16
22 2 101
49 1 8
28 1 8
55 1 8
63 2 89
35 1 16
226 2 8
25 1 101
31 1 43
63 1 25
41 1 23
23 1 130
143 6 63
46 2 28
63 1 226
207 1 8
207 1 17
24 2 38
38 1 170
8 5 16
106 1 16
46 2 8
26 1 8
49 1 38
28 1 16
17 2 16
226 1 8
35 2 49
31 1 41
35 2 17
16 2 48
25 1 22
16 1 35
17 2 8
20 1 47
35 2 16
26 1 16
49 1 46
8 1 81
16 7 8
8 2 17
47 1 8
51 1 35
28 2 8
89 1 28
24 1 20
8 2 38
31 1 8
23 2 20
48 1 26
101 1 207
38 1 142
16 1 8
48 1 207
106 1 28
8 2 24
22 1 207
16 2 81
46 2 226
31 1 25
23 1 16
43 2 28
38 1 196
35 2 8
16 1 48
226 1 16
89 1 24
47 1 28
47 1 226
20 1 55
63 1 43
8 2 41
130 1 16
89 1 46
16 2 130
196 1 47
143 6 89
31 2 89
20 2 23
142 1 26
16 2 17
16 2 55
43 2 8
226 2 16
41 1 20
8 2 35
207 1 35
63 1 41
25 1 143
142 6 89
8 2 81
24 1 23
23 1 106
63 1 16
89 1 8
170 1 106
28 2 16
41 2 25
16 2 35
63 1 28
170 2 31
8 7 16
38 1 89
8 2 48
20 1 16
196 2 170
106 1 46
8 4 16
16 1 17
38 1 101
106 1 8
8 1 24
89 2 63
89 1 38
51 1 49
43 2 226
47 1 43
? 1 github_java_program_data/23/106.java

8 1 16
170 2 89
20 1 8
8 1 35
170 2 196
47 1 16
196 2 170
89 1 226
17 2 8
38 1 143
16 1 41
143 1 207
16 2 41
207 1 16
28 1 8
42 1 8
16 7 8
226 2 8
42 2 49
89 1 16
41 1 23
63 1 25
51 1 75
49 1 25
25 1 101
143 6 89
143 6 63
46 2 28
207 1 8
41 1 20
101 1 26
63 1 28
24 2 38
26 1 8
28 1 16
16 2 25
106 1 28
226 1 8
8 1 17
25 1 22
16 1 35
8 2 17
20 1 106
51 1 42
35 2 16
23 1 47
49 1 46
16 2 24
47 1 8
51 1 35
28 2 8
89 1 28
89 1 38
8 2 38
38 1 63
38 1 142
16 1 8
63 2 89
17 2 16
8 2 24
49 2 75
26 1 16
46 2 226
26 1 17
89 1 24
46 2 16
43 2 28
38 1 196
35 2 8
142 6 63
226 1 16
35 1 8
41 2 25
47 1 226
142 1 207
8 2 41
196 1 47
75 1 8
226 2 16
8 2 35
63 1 41
75 1 38
35 2 42
63 1 16
142 6 89
49 1 16
63 1 226
89 1 8
170 1 106
28 2 16
22 1 26
16 2 35
38 1 170
8 7 16
38 1 89
16 2 17
63 1 8
63 1 46
106 1 8
89 2 63
89 1 43
51 1 49
43 2 226
? 1 github_java_program_data/23/109.java

38 1 22
50 2 129
17 2 45
89 1 226
53 1 207
82 1 76
222 1 38
38 1 79
85 1 25
75 1 16
207 1 16
71 1 38
38 1 101
38 1 75
61 1 56
54 2 38
22 2 142
42 2 49
92 2 70
56 2 140
85 1 82
70 2 22
16 2 119
31 1 46
89 1 25
25 1 196
50 2 38
56 1 38
28 1 16
48 1 26
8 4 16
31 1 41
35 2 17
16 2 48
50 2 99
17 2 8
20 1 47
46 2 43
17 2 33
75 1 119
89 2 75
16 7 8
16 2 27
28 2 8
106 1 8
70 1 38
23 2 20
170 2 196
58 2 17
58 1 84
37 1 26
48 1 207
8 2 24
49 2 170
40 2 30
43 2 28
38 1 196
33 1 16
23 1 106
41 2 25
58 1 8
64 1 56
54 1 50
50 1 26
89 1 46
142 1 26
40 1 207
52 2 53
70 2 101
144 1 207
207 1 58
64 1 140
76 1 207
35 2 42
63 1 16
63 1 38
63 1 226
54 1 52
106 1 226
26 1 36
92 1 99
38 1 92
52 2 50
38 1 89
16 5 8
106 1 46
52 1 207
25 1 85
24 1 20
37 2 50
196 2 222
37 1 106
16 1 81
31 1 16
143 1 26
8 1 35
85 2 61
196 2 170
27 1 40
143 1 207
53 2 38
28 1 8
37 2 53
101 2 22
170 2 61
42 1 8
81 1 26
62 1 8
82 1 52
37 1 47
26 1 35
40 1 26
16 2 35
92 2 170
22 2 70
41 1 20
47 1 52
38 1 170
106 1 16
79 2 89
49 1 38
35 2 58
92 1 71
129 1 207
16 1 35
47 1 37
26 1 33
20 1 106
51 1 42
38 1 144
23 1 47
49 1 46
8 1 81
82 2 25
101 2 142
92 2 196
89 1 28
89 1 38
22 2 85
37 1 207
38 1 142
22 2 143
17 2 16
8 2 27
61 1 50
119 2 25
22 1 207
16 2 81
16 4 8
46 2 226
170 2 92
25 1 61
54 1 129
226 1 16
207 1 33
63 1 43
8 1 48
38 1 223
35 2 36
20 2 23
16 2 55
142 6 63
226 2 16
170 2 79
8 2 35
63 1 41
103 1 53
24 2 25
106 1 52
142 6 89
49 1 16
101 2 222
170 2 70
143 6 89
47 1 226
51 1 49
75 1 46
49 1 55
16 2 38
16 1 17
63 1 46
89 1 43
30 1 207
8 2 48
63 1 8
8 1 16
25 1 63
54 2 25
70 2 103
31 2 63
58 2 35
38 1 31
223 1 207
47 1 16
89 1 41
38 1 143
16 2 41
26 1 58
226 1 8
75 2 89
85 1 38
226 2 8
41 1 23
53 1 26
50 2 25
99 2 71
143 6 63
55 2 38
140 1 207
207 1 8
38 1 222
103 1 38
63 1 28
56 1 26
82 2 38
41 2 38
25 1 89
25 1 22
26 1 45
8 2 17
25 1 144
76 1 26
35 2 16
52 1 106
99 1 25
47 1 8
89 1 8
63 1 24
25 1 70
101 1 207
26 1 64
30 2 40
81 1 207
26 1 16
26 1 17
31 1 25
46 2 16
50 1 207
16 1 48
33 1 27
35 1 8
70 2 142
142 1 207
8 2 41
36 2 35
38 1 49
196 1 47
38 1 61
52 1 26
8 2 84
53 2 129
25 1 92
75 1 25
24 1 23
170 1 47
129 1 26
51 1 35
170 1 106
61 1 53
28 2 16
22 1 26
53 2 76
33 2 35
53 2 99
53 2 25
79 1 46
119 1 62
56 1 25
8 2 37
92 1 53
8 2 81
25 1 31
89 2 63
43 2 226
47 1 43
144 1 26
50 2 56
101 2 70
52 1 47
26 1 8
70 1 25
54 1 53
54 1 37
55 1 131
92 1 56
58 1 16
22 2 101
8 2 52
61 1 99
30 1 26
35 2 45
196 2 101
70 1 54
17 2 36
89 1 16
35 2 33
25 1 101
33 1 8
46 2 28
207 1 17
101 1 26
170 2 85
16 2 17
63 2 89
16 2 37
49 1 43
8 1 17
31 1 24
46 2 8
45 2 35
82 1 53
196 2 85
38 1 70
17 2 58
16 2 52
84 1 40
16 2 24
63 1 25
222 1 53
33 2 17
25 1 222
38 1 63
207 1 45
25 1 103
222 2 143
64 1 53
16 1 8
53 2 56
106 1 28
45 2 17
79 1 38
8 7 16
85 2 22
131 1 8
89 1 24
16 2 84
207 1 36
35 2 8
170 2 22
47 1 28
103 1 25
196 1 106
106 1 37
61 2 143
99 1 38
8 5 16
103 2 101
222 1 50
207 1 35
27 1 30
79 1 24
25 1 143
38 1 103
79 1 8
61 2 22
61 2 170
25 1 170
17 2 35
92 1 50
25 1 142
24 2 38
43 2 46
196 2 31
84 1 30
222 1 25
? 1 github_java_program_data/23/129.java

8 1 16
16 1 81
38 1 31
143 1 26
8 1 35
47 1 16
38 1 63
8 1 48
89 1 226
38 1 143
16 1 41
16 2 41
207 1 16
22 2 101
49 1 8
28 1 8
55 1 8
63 2 89
35 1 16
226 2 8
25 1 101
31 1 43
63 1 25
41 1 23
23 1 130
143 6 63
46 2 28
63 1 226
207 1 8
207 1 17
24 2 38
38 1 170
8 5 16
106 1 16
46 2 8
26 1 8
49 1 38
28 1 16
17 2 16
226 1 8
35 2 49
31 1 41
35 2 17
16 2 48
25 1 22
16 1 35
17 2 8
20 1 47
35 2 16
26 1 16
49 1 46
8 1 81
16 7 8
8 2 17
47 1 8
51 1 35
28 2 8
89 1 28
24 1 20
8 2 38
31 1 8
23 2 20
48 1 26
101 1 207
38 1 142
16 1 8
48 1 207
106 1 28
8 2 24
22 1 207
16 2 81
46 2 226
31 1 25
23 1 16
43 2 28
38 1 196
35 2 8
16 1 48
226 1 16
89 1 24
47 1 28
47 1 226
20 1 55
63 1 43
8 2 41
130 1 16
89 1 46
16 2 130
196 1 47
143 6 89
31 2 89
20 2 23
142 1 26
16 2 17
16 2 55
43 2 8
226 2 16
41 1 20
8 2 35
207 1 35
63 1 41
25 1 143
142 6 89
8 2 81
24 1 23
23 1 106
63 1 16
89 1 8
170 1 106
28 2 16
41 2 25
16 2 35
63 1 28
170 2 31
8 7 16
38 1 89
8 2 48
20 1 16
196 2 170
106 1 46
8 4 16
16 1 17
38 1 101
106 1 8
8 1 24
89 2 63
89 1 38
51 1 49
43 2 226
47 1 43
? 1 github_java_program_data/23/131.java

8 1 16
16 1 81
38 1 31
143 1 26
8 1 35
47 1 16
38 1 63
8 1 48
89 1 226
38 1 143
16 1 41
16 2 41
207 1 16
22 2 101
49 1 8
28 1 8
55 1 8
63 2 89
35 1 16
226 2 8
25 1 101
31 1 43
63 1 25
41 1 23
23 1 130
143 6 63
46 2 28
63 1 226
207 1 8
207 1 17
24 2 38
38 1 170
8 5 16
106 1 16
46 2 8
26 1 8
49 1 38
28 1 16
17 2 16
226 1 8
35 2 49
31 1 41
35 2 17
16 2 48
25 1 22
16 1 35
17 2 8
20 1 47
35 2 16
26 1 16
49 1 46
8 1 81
16 7 8
8 2 17
47 1 8
51 1 35
28 2 8
89 1 28
24 1 20
8 2 38
31 1 8
23 2 20
48 1 26
101 1 207
38 1 142
16 1 8
48 1 207
106 1 28
8 2 24
22 1 207
16 2 81
46 2 226
31 1 25
23 1 16
43 2 28
38 1 196
35 2 8
16 1 48
226 1 16
89 1 24
47 1 28
47 1 226
20 1 55
63 1 43
8 2 41
130 1 16
89 1 46
16 2 130
196 1 47
143 6 89
31 2 89
20 2 23
142 1 26
16 2 17
16 2 55
43 2 8
226 2 16
41 1 20
8 2 35
207 1 35
63 1 41
25 1 143
142 6 89
8 2 81
24 1 23
23 1 106
63 1 16
89 1 8
170 1 106
28 2 16
41 2 25
16 2 35
63 1 28
170 2 31
8 7 16
38 1 89
8 2 48
20 1 16
196 2 170
106 1 46
8 4 16
16 1 17
38 1 101
106 1 8
8 1 24
89 2 63
89 1 38
51 1 49
43 2 226
47 1 43
? 1 github_java_program_data/23/156.java

8 1 16
38 1 22
50 2 129
38 1 31
17 2 45
22 2 196
47 1 16
92 1 140
89 1 226
17 2 16
53 1 207
82 1 76
222 1 38
16 2 41
85 1 25
207 1 16
26 1 58
49 1 8
8 2 17
41 2 38
53 2 99
8 1 17
63 1 16
226 2 8
35 2 36
41 1 23
56 2 140
53 1 26
85 1 82
99 2 71
170 2 101
42 1 16
207 1 33
207 1 8
140 1 25
89 1 25
63 1 28
8 1 35
8 2 84
56 1 38
28 1 16
106 1 28
226 1 8
8 4 16
31 1 41
35 2 17
38 1 143
25 1 22
76 1 26
17 2 8
20 1 47
17 2 33
26 1 45
35 2 16
82 1 50
16 7 8
16 2 27
47 1 8
89 1 8
28 2 8
61 2 92
106 1 8
25 1 70
8 2 38
70 1 38
23 2 20
196 2 70
58 2 17
17 2 36
30 2 40
58 1 84
37 1 26
63 2 89
8 2 24
26 1 16
40 2 30
61 2 142
54 2 38
26 1 17
31 1 25
43 2 28
50 1 207
33 1 16
23 1 106
170 2 196
41 2 25
17 2 58
142 1 207
8 2 41
89 1 46
54 1 50
50 1 26
196 1 47
38 1 61
52 1 26
40 1 207
170 2 222
31 2 89
24 1 20
207 1 58
99 1 25
106 1 226
63 1 38
63 1 226
142 1 26
30 1 16
170 1 106
26 1 36
61 1 53
28 2 16
22 1 26
71 1 38
38 1 92
33 2 35
52 2 50
38 1 89
16 5 8
37 1 207
24 1 23
38 1 196
56 1 25
8 2 37
92 1 53
52 1 207
50 2 76
89 2 63
89 1 38
51 1 49
53 2 38
24 2 38
50 2 56
38 1 85
52 1 47
31 1 16
26 1 8
196 2 170
16 2 52
101 1 207
27 1 40
143 1 207
222 2 196
22 2 101
28 1 8
92 2 142
8 2 52
61 1 99
101 2 22
30 1 26
58 1 16
35 2 45
54 1 129
42 2 49
89 1 16
25 1 101
207 1 17
16 2 37
63 1 25
35 2 33
8 1 27
37 1 47
26 1 35
40 1 26
33 1 8
16 2 35
89 2 170
8 1 84
31 1 43
101 1 26
47 1 52
92 2 101
38 1 170
106 1 16
170 1 47
49 1 38
82 1 37
35 2 58
58 1 27
46 2 8
45 2 17
16 1 84
47 1 37
26 1 33
20 1 106
51 1 42
58 1 8
23 1 47
49 1 46
37 2 50
84 1 40
16 2 24
82 2 25
89 1 28
222 1 53
33 2 17
25 1 222
38 1 63
207 1 45
92 1 56
38 1 142
16 1 8
53 2 56
54 1 52
8 2 27
129 1 207
22 1 207
8 7 16
16 4 8
46 2 226
89 1 24
25 1 61
16 2 84
207 1 36
35 2 8
170 2 22
16 1 35
226 1 16
170 2 92
47 1 28
47 1 226
196 1 106
63 1 43
16 1 17
38 1 101
70 1 54
92 2 61
20 2 23
36 2 17
8 5 16
142 6 63
226 2 16
41 1 20
8 2 35
207 1 35
27 1 30
63 1 41
24 2 25
106 1 52
25 1 143
142 6 89
33 1 27
84 1 30
61 1 71
25 1 196
25 1 170
17 2 35
92 1 50
25 1 142
16 2 17
43 2 16
43 2 226
30 1 8
106 1 37
99 1 38
40 1 8
40 1 16
46 2 28
30 1 207
196 2 22
63 1 8
? 1 github_java_program_data/23/157.java

8 1 16
170 2 89
20 1 8
8 1 35
170 2 196
47 1 16
196 2 170
89 1 226
17 2 8
38 1 143
16 1 41
143 1 207
16 2 41
207 1 16
28 1 8
42 1 8
16 7 8
226 2 8
42 2 49
89 1 16
41 1 23
63 1 25
51 1 75
49 1 25
25 1 101
143 6 89
143 6 63
46 2 28
207 1 8
41 1 20
101 1 26
63 1 28
24 2 38
26 1 8
28 1 16
16 2 25
106 1 28
226 1 8
8 1 17
25 1 22
16 1 35
8 2 17
20 1 106
51 1 42
35 2 16
23 1 47
49 1 46
16 2 24
47 1 8
51 1 35
28 2 8
89 1 28
89 1 38
8 2 38
38 1 63
38 1 142
16 1 8
63 2 89
17 2 16
8 2 24
49 2 75
26 1 16
46 2 226
26 1 17
89 1 24
46 2 16
43 2 28
38 1 196
35 2 8
142 6 63
226 1 16
35 1 8
41 2 25
47 1 226
142 1 207
8 2 41
196 1 47
75 1 8
226 2 16
8 2 35
63 1 41
75 1 38
35 2 42
63 1 16
142 6 89
49 1 16
63 1 226
89 1 8
170 1 106
28 2 16
22 1 26
16 2 35
38 1 170
8 7 16
38 1 89
16 2 17
63 1 8
63 1 46
106 1 8
89 2 63
89 1 43
51 1 49
43 2 226
? 1 github_java_program_data/23/159.java

8 1 16
16 1 81
38 1 31
143 1 26
8 1 35
47 1 16
38 1 63
8 1 48
89 1 226
38 1 143
16 1 41
16 2 41
207 1 16
22 2 101
49 1 8
28 1 8
55 1 8
63 2 89
35 1 16
226 2 8
25 1 101
31 1 43
63 1 25
41 1 23
23 1 130
143 6 63
46 2 28
63 1 226
207 1 8
207 1 17
24 2 38
38 1 170
8 5 16
106 1 16
46 2 8
26 1 8
49 1 38
28 1 16
17 2 16
226 1 8
35 2 49
31 1 41
35 2 17
16 2 48
25 1 22
16 1 35
17 2 8
20 1 47
35 2 16
26 1 16
49 1 46
8 1 81
16 7 8
8 2 17
47 1 8
51 1 35
28 2 8
89 1 28
24 1 20
8 2 38
31 1 8
23 2 20
48 1 26
101 1 207
38 1 142
16 1 8
48 1 207
106 1 28
8 2 24
22 1 207
16 2 81
46 2 226
31 1 25
23 1 16
43 2 28
38 1 196
35 2 8
16 1 48
226 1 16
89 1 24
47 1 28
47 1 226
20 1 55
63 1 43
8 2 41
130 1 16
89 1 46
16 2 130
196 1 47
143 6 89
31 2 89
20 2 23
142 1 26
16 2 17
16 2 55
43 2 8
226 2 16
41 1 20
8 2 35
207 1 35
63 1 41
25 1 143
142 6 89
8 2 81
24 1 23
23 1 106
63 1 16
89 1 8
170 1 106
28 2 16
41 2 25
16 2 35
63 1 28
170 2 31
8 7 16
38 1 89
8 2 48
20 1 16
196 2 170
106 1 46
8 4 16
16 1 17
38 1 101
106 1 8
8 1 24
89 2 63
89 1 38
51 1 49
43 2 226
47 1 43
? 1 github_java_program_data/23/181.java

81 1 26
8 1 16
38 1 22
25 1 63
54 2 25
50 2 129
58 2 35
61 1 258
25 1 56
129 1 207
50 2 76
47 1 16
92 1 140
8 1 48
53 1 207
82 1 76
222 1 38
16 1 41
132 2 140
16 2 41
85 1 25
207 1 16
26 1 58
49 1 8
8 2 17
8 1 24
55 1 8
53 2 99
61 1 56
85 1 38
63 1 16
35 1 16
226 2 8
35 2 36
101 2 92
26 1 35
25 1 68
56 2 140
53 1 26
85 1 82
35 2 17
70 2 22
99 2 71
170 2 70
23 1 130
52 1 47
42 1 16
207 1 33
207 1 8
31 1 8
103 1 38
89 1 25
25 1 196
50 2 38
46 2 8
26 1 8
56 1 38
28 1 16
82 2 38
226 1 8
63 1 25
31 1 41
25 1 89
38 1 143
56 2 258
25 1 22
26 1 45
17 2 8
20 1 47
129 1 17
17 2 33
50 2 99
35 2 16
82 1 50
16 2 55
16 7 8
99 1 25
47 1 8
89 1 8
38 1 107
28 2 8
196 2 85
106 1 8
25 1 70
70 1 38
140 1 38
170 2 196
54 1 37
58 2 17
16 2 48
16 1 27
53 2 129
58 1 84
37 1 26
48 1 207
81 1 207
8 2 24
26 1 16
22 2 222
54 2 38
37 2 50
26 1 17
31 1 25
50 1 207
8 2 35
33 1 16
33 1 27
23 1 106
68 2 22
142 1 207
8 2 41
89 1 46
54 1 50
50 1 26
196 1 47
37 2 53
38 1 61
142 6 63
142 1 26
40 1 207
52 2 53
31 2 89
41 2 38
8 2 84
207 1 58
258 2 71
16 2 27
76 1 207
35 2 42
106 1 226
8 2 81
24 1 23
170 1 47
25 1 92
61 1 132
170 1 106
26 1 36
132 1 92
61 1 53
28 2 16
22 1 26
53 2 76
33 2 35
52 2 50
17 2 36
20 1 16
16 5 8
37 1 207
106 1 46
56 1 25
8 2 37
92 1 53
38 1 101
43 2 8
25 1 85
89 2 63
103 2 92
40 1 8
33 1 84
43 2 226
47 1 43
50 2 56
101 2 70
38 1 85
17 2 26
16 1 81
30 1 16
140 1 25
143 1 26
8 1 35
85 2 61
196 2 170
101 2 22
101 1 207
27 1 40
99 2 132
143 1 207
17 2 58
53 2 38
22 2 101
28 1 8
36 2 35
8 2 52
61 1 99
54 1 53
30 1 26
58 1 16
35 2 45
54 1 129
42 2 49
17 2 16
25 1 101
106 2 47
31 1 43
16 2 37
58 1 27
35 2 33
8 1 27
49 1 25
37 1 47
70 1 54
40 1 26
143 6 89
33 1 8
46 2 28
51 1 49
8 1 84
207 1 17
101 1 26
47 1 52
8 5 16
106 1 16
35 2 58
63 2 89
82 1 37
54 1 52
8 1 17
92 1 50
24 2 25
16 2 17
45 2 35
82 1 53
16 1 35
47 1 37
26 1 33
20 1 106
51 1 42
58 1 8
101 2 85
16 2 52
49 1 46
8 1 81
84 1 40
82 2 25
92 1 99
63 1 226
89 1 28
33 2 17
25 1 222
48 1 26
207 1 45
25 1 103
68 1 26
92 1 56
38 1 142
16 1 8
53 2 56
70 1 25
8 2 27
61 1 50
22 2 61
22 1 207
16 2 81
8 7 16
16 4 8
89 1 24
23 1 16
16 2 84
207 1 36
35 2 8
170 2 22
226 1 16
170 2 31
47 1 28
47 1 226
20 1 55
25 1 61
17 2 45
41 1 20
16 1 17
130 1 16
52 1 207
38 1 196
8 2 25
36 2 17
71 1 25
52 1 106
16 1 48
226 2 16
222 1 50
30 2 40
52 1 26
207 1 35
27 1 30
63 1 41
103 1 53
63 1 38
25 1 31
106 1 52
129 1 26
258 1 92
40 1 16
82 1 52
61 1 71
41 2 25
16 2 35
25 1 170
17 2 35
61 1 140
51 1 35
99 2 140
25 1 142
45 2 17
106 1 28
8 4 16
196 1 106
106 1 37
99 1 38
85 2 142
25 1 143
63 1 43
84 1 30
207 2 17
30 1 207
8 2 48
63 1 8
16 2 130
? 1 github_java_program_data/23/205.java

8 1 16
16 1 81
38 1 31
143 1 26
8 1 35
47 1 16
38 1 63
8 1 48
89 1 226
38 1 143
16 1 41
16 2 41
207 1 16
22 2 101
49 1 8
28 1 8
55 1 8
63 2 89
35 1 16
226 2 8
25 1 101
31 1 43
63 1 25
41 1 23
23 1 130
143 6 63
46 2 28
63 1 226
207 1 8
207 1 17
24 2 38
38 1 170
8 5 16
106 1 16
46 2 8
26 1 8
49 1 38
28 1 16
17 2 16
226 1 8
35 2 49
31 1 41
35 2 17
16 2 48
25 1 22
16 1 35
17 2 8
20 1 47
35 2 16
26 1 16
49 1 46
8 1 81
16 7 8
8 2 17
47 1 8
51 1 35
28 2 8
89 1 28
24 1 20
8 2 38
31 1 8
23 2 20
48 1 26
101 1 207
38 1 142
16 1 8
48 1 207
106 1 28
8 2 24
22 1 207
16 2 81
46 2 226
31 1 25
23 1 16
43 2 28
38 1 196
35 2 8
16 1 48
226 1 16
89 1 24
47 1 28
47 1 226
20 1 55
63 1 43
8 2 41
130 1 16
89 1 46
16 2 130
196 1 47
143 6 89
31 2 89
20 2 23
142 1 26
16 2 17
16 2 55
43 2 8
226 2 16
41 1 20
8 2 35
207 1 35
63 1 41
25 1 143
142 6 89
8 2 81
24 1 23
23 1 106
63 1 16
89 1 8
170 1 106
28 2 16
41 2 25
16 2 35
63 1 28
170 2 31
8 7 16
38 1 89
8 2 48
20 1 16
196 2 170
106 1 46
8 4 16
16 1 17
38 1 101
106 1 8
8 1 24
89 2 63
89 1 38
51 1 49
43 2 226
47 1 43
? 1 github_java_program_data/23/206.java

8 1 16
170 2 89
20 1 8
8 1 35
170 2 196
47 1 16
196 2 170
89 1 226
17 2 8
38 1 143
16 1 41
143 1 207
16 2 41
207 1 16
28 1 8
42 1 8
16 7 8
226 2 8
42 2 49
89 1 16
41 1 23
63 1 25
51 1 75
49 1 25
25 1 101
143 6 89
143 6 63
46 2 28
207 1 8
41 1 20
101 1 26
63 1 28
24 2 38
26 1 8
28 1 16
16 2 25
106 1 28
226 1 8
8 1 17
25 1 22
16 1 35
8 2 17
20 1 106
51 1 42
35 2 16
23 1 47
49 1 46
16 2 24
47 1 8
51 1 35
28 2 8
89 1 28
89 1 38
8 2 38
38 1 63
38 1 142
16 1 8
63 2 89
17 2 16
8 2 24
49 2 75
26 1 16
46 2 226
26 1 17
89 1 24
46 2 16
43 2 28
38 1 196
35 2 8
142 6 63
226 1 16
35 1 8
41 2 25
47 1 226
142 1 207
8 2 41
196 1 47
75 1 8
226 2 16
8 2 35
63 1 41
75 1 38
35 2 42
63 1 16
142 6 89
49 1 16
63 1 226
89 1 8
170 1 106
28 2 16
22 1 26
16 2 35
38 1 170
8 7 16
38 1 89
16 2 17
63 1 8
63 1 46
106 1 8
89 2 63
89 1 43
51 1 49
43 2 226
? 1 github_java_program_data/23/209.java

8 1 16
16 1 81
38 1 31
143 1 26
8 1 35
47 1 16
38 1 63
8 1 48
89 1 226
38 1 143
16 1 41
16 2 41
207 1 16
22 2 101
49 1 8
28 1 8
55 1 8
63 2 89
35 1 16
226 2 8
25 1 101
31 1 43
63 1 25
41 1 23
23 1 130
143 6 63
46 2 28
63 1 226
207 1 8
207 1 17
24 2 38
38 1 170
8 5 16
106 1 16
46 2 8
26 1 8
49 1 38
28 1 16
17 2 16
226 1 8
35 2 49
31 1 41
35 2 17
16 2 48
25 1 22
16 1 35
17 2 8
20 1 47
35 2 16
26 1 16
49 1 46
8 1 81
16 7 8
8 2 17
47 1 8
51 1 35
28 2 8
89 1 28
24 1 20
8 2 38
31 1 8
23 2 20
48 1 26
101 1 207
38 1 142
16 1 8
48 1 207
106 1 28
8 2 24
22 1 207
16 2 81
46 2 226
31 1 25
23 1 16
43 2 28
38 1 196
35 2 8
16 1 48
226 1 16
89 1 24
47 1 28
47 1 226
20 1 55
63 1 43
8 2 41
130 1 16
89 1 46
16 2 130
196 1 47
143 6 89
31 2 89
20 2 23
142 1 26
16 2 17
16 2 55
43 2 8
226 2 16
41 1 20
8 2 35
207 1 35
63 1 41
25 1 143
142 6 89
8 2 81
24 1 23
23 1 106
63 1 16
89 1 8
170 1 106
28 2 16
41 2 25
16 2 35
63 1 28
170 2 31
8 7 16
38 1 89
8 2 48
20 1 16
196 2 170
106 1 46
8 4 16
16 1 17
38 1 101
106 1 8
8 1 24
89 2 63
89 1 38
51 1 49
43 2 226
47 1 43
? 1 github_java_program_data/23/231.java

8 1 16
16 1 81
38 1 31
143 1 26
8 1 35
47 1 16
38 1 63
8 1 48
89 1 226
38 1 143
16 1 41
16 2 41
207 1 16
22 2 101
49 1 8
28 1 8
55 1 8
63 2 89
35 1 16
226 2 8
25 1 101
31 1 43
63 1 25
41 1 23
23 1 130
143 6 63
46 2 28
63 1 226
207 1 8
207 1 17
24 2 38
38 1 170
8 5 16
106 1 16
46 2 8
26 1 8
49 1 38
28 1 16
17 2 16
226 1 8
35 2 49
31 1 41
35 2 17
16 2 48
25 1 22
16 1 35
17 2 8
20 1 47
35 2 16
26 1 16
49 1 46
8 1 81
16 7 8
8 2 17
47 1 8
51 1 35
28 2 8
89 1 28
24 1 20
8 2 38
31 1 8
23 2 20
48 1 26
101 1 207
38 1 142
16 1 8
48 1 207
106 1 28
8 2 24
22 1 207
16 2 81
46 2 226
31 1 25
23 1 16
43 2 28
38 1 196
35 2 8
16 1 48
226 1 16
89 1 24
47 1 28
47 1 226
20 1 55
63 1 43
8 2 41
130 1 16
89 1 46
16 2 130
196 1 47
143 6 89
31 2 89
20 2 23
142 1 26
16 2 17
16 2 55
43 2 8
226 2 16
41 1 20
8 2 35
207 1 35
63 1 41
25 1 143
142 6 89
8 2 81
24 1 23
23 1 106
63 1 16
89 1 8
170 1 106
28 2 16
41 2 25
16 2 35
63 1 28
170 2 31
8 7 16
38 1 89
8 2 48
20 1 16
196 2 170
106 1 46
8 4 16
16 1 17
38 1 101
106 1 8
8 1 24
89 2 63
89 1 38
51 1 49
43 2 226
47 1 43
? 1 github_java_program_data/23/256.java

8 1 16
170 2 89
20 1 8
8 1 35
170 2 196
47 1 16
196 2 170
89 1 226
17 2 8
38 1 143
16 1 41
143 1 207
16 2 41
207 1 16
28 1 8
42 1 8
16 7 8
226 2 8
42 2 49
89 1 16
41 1 23
63 1 25
51 1 75
49 1 25
25 1 101
143 6 89
143 6 63
46 2 28
207 1 8
41 1 20
101 1 26
63 1 28
24 2 38
26 1 8
28 1 16
16 2 25
106 1 28
226 1 8
8 1 17
25 1 22
16 1 35
8 2 17
20 1 106
51 1 42
35 2 16
23 1 47
49 1 46
16 2 24
47 1 8
51 1 35
28 2 8
89 1 28
89 1 38
8 2 38
38 1 63
38 1 142
16 1 8
63 2 89
17 2 16
8 2 24
49 2 75
26 1 16
46 2 226
26 1 17
89 1 24
46 2 16
43 2 28
38 1 196
35 2 8
142 6 63
226 1 16
35 1 8
41 2 25
47 1 226
142 1 207
8 2 41
196 1 47
75 1 8
226 2 16
8 2 35
63 1 41
75 1 38
35 2 42
63 1 16
142 6 89
49 1 16
63 1 226
89 1 8
170 1 106
28 2 16
22 1 26
16 2 35
38 1 170
8 7 16
38 1 89
16 2 17
63 1 8
63 1 46
106 1 8
89 2 63
89 1 43
51 1 49
43 2 226
? 1 github_java_program_data/23/259.java

8 1 16
16 1 81
38 1 31
143 1 26
8 1 35
47 1 16
38 1 63
8 1 48
89 1 226
38 1 143
16 1 41
16 2 41
207 1 16
22 2 101
49 1 8
28 1 8
55 1 8
63 2 89
35 1 16
226 2 8
25 1 101
31 1 43
63 1 25
41 1 23
23 1 130
143 6 63
46 2 28
63 1 226
207 1 8
207 1 17
24 2 38
38 1 170
8 5 16
106 1 16
46 2 8
26 1 8
49 1 38
28 1 16
17 2 16
226 1 8
35 2 49
31 1 41
35 2 17
16 2 48
25 1 22
16 1 35
17 2 8
20 1 47
35 2 16
26 1 16
49 1 46
8 1 81
16 7 8
8 2 17
47 1 8
51 1 35
28 2 8
89 1 28
24 1 20
8 2 38
31 1 8
23 2 20
48 1 26
101 1 207
38 1 142
16 1 8
48 1 207
106 1 28
8 2 24
22 1 207
16 2 81
46 2 226
31 1 25
23 1 16
43 2 28
38 1 196
35 2 8
16 1 48
226 1 16
89 1 24
47 1 28
47 1 226
20 1 55
63 1 43
8 2 41
130 1 16
89 1 46
16 2 130
196 1 47
143 6 89
31 2 89
20 2 23
142 1 26
16 2 17
16 2 55
43 2 8
226 2 16
41 1 20
8 2 35
207 1 35
63 1 41
25 1 143
142 6 89
8 2 81
24 1 23
23 1 106
63 1 16
89 1 8
170 1 106
28 2 16
41 2 25
16 2 35
63 1 28
170 2 31
8 7 16
38 1 89
8 2 48
20 1 16
196 2 170
106 1 46
8 4 16
16 1 17
38 1 101
106 1 8
8 1 24
89 2 63
89 1 38
51 1 49
43 2 226
47 1 43
? 1 github_java_program_data/23/281.java

8 1 16
170 2 89
20 1 8
8 1 35
170 2 196
47 1 16
196 2 170
89 1 226
17 2 8
38 1 143
16 1 41
143 1 207
16 2 41
207 1 16
28 1 8
42 1 8
16 7 8
226 2 8
42 2 49
89 1 16
41 1 23
63 1 25
51 1 75
49 1 25
25 1 101
143 6 89
143 6 63
46 2 28
207 1 8
41 1 20
101 1 26
63 1 28
24 2 38
26 1 8
28 1 16
16 2 25
106 1 28
226 1 8
8 1 17
25 1 22
16 1 35
8 2 17
20 1 106
51 1 42
35 2 16
23 1 47
49 1 46
16 2 24
47 1 8
51 1 35
28 2 8
89 1 28
89 1 38
8 2 38
38 1 63
38 1 142
16 1 8
63 2 89
17 2 16
8 2 24
49 2 75
26 1 16
46 2 226
26 1 17
89 1 24
46 2 16
43 2 28
38 1 196
35 2 8
142 6 63
226 1 16
35 1 8
41 2 25
47 1 226
142 1 207
8 2 41
196 1 47
75 1 8
226 2 16
8 2 35
63 1 41
75 1 38
35 2 42
63 1 16
142 6 89
49 1 16
63 1 226
89 1 8
170 1 106
28 2 16
22 1 26
16 2 35
38 1 170
8 7 16
38 1 89
16 2 17
63 1 8
63 1 46
106 1 8
89 2 63
89 1 43
51 1 49
43 2 226
? 1 github_java_program_data/23/284.java

8 1 16
170 2 89
20 1 8
8 1 35
170 2 196
47 1 16
196 2 170
89 1 226
17 2 8
38 1 143
16 1 41
143 1 207
16 2 41
207 1 16
28 1 8
42 1 8
16 7 8
226 2 8
42 2 49
89 1 16
41 1 23
63 1 25
51 1 75
49 1 25
25 1 101
143 6 89
143 6 63
46 2 28
207 1 8
41 1 20
101 1 26
63 1 28
24 2 38
26 1 8
28 1 16
16 2 25
106 1 28
226 1 8
8 1 17
25 1 22
16 1 35
8 2 17
20 1 106
51 1 42
35 2 16
23 1 47
49 1 46
16 2 24
47 1 8
51 1 35
28 2 8
89 1 28
89 1 38
8 2 38
38 1 63
38 1 142
16 1 8
63 2 89
17 2 16
8 2 24
49 2 75
26 1 16
46 2 226
26 1 17
89 1 24
46 2 16
43 2 28
38 1 196
35 2 8
142 6 63
226 1 16
35 1 8
41 2 25
47 1 226
142 1 207
8 2 41
196 1 47
75 1 8
226 2 16
8 2 35
63 1 41
75 1 38
35 2 42
63 1 16
142 6 89
49 1 16
63 1 226
89 1 8
170 1 106
28 2 16
22 1 26
16 2 35
38 1 170
8 7 16
38 1 89
16 2 17
63 1 8
63 1 46
106 1 8
89 2 63
89 1 43
51 1 49
43 2 226
? 1 github_java_program_data/23/309.java

8 1 16
16 1 81
38 1 31
143 1 26
8 1 35
47 1 16
38 1 63
8 1 48
89 1 226
38 1 143
16 1 41
16 2 41
207 1 16
22 2 101
49 1 8
28 1 8
55 1 8
63 2 89
35 1 16
226 2 8
25 1 101
31 1 43
63 1 25
41 1 23
23 1 130
143 6 63
46 2 28
63 1 226
207 1 8
207 1 17
24 2 38
38 1 170
8 5 16
106 1 16
46 2 8
26 1 8
49 1 38
28 1 16
17 2 16
226 1 8
35 2 49
31 1 41
35 2 17
16 2 48
25 1 22
16 1 35
17 2 8
20 1 47
35 2 16
26 1 16
49 1 46
8 1 81
16 7 8
8 2 17
47 1 8
51 1 35
28 2 8
89 1 28
24 1 20
8 2 38
31 1 8
23 2 20
48 1 26
101 1 207
38 1 142
16 1 8
48 1 207
106 1 28
8 2 24
22 1 207
16 2 81
46 2 226
31 1 25
23 1 16
43 2 28
38 1 196
35 2 8
16 1 48
226 1 16
89 1 24
47 1 28
47 1 226
20 1 55
63 1 43
8 2 41
130 1 16
89 1 46
16 2 130
196 1 47
143 6 89
31 2 89
20 2 23
142 1 26
16 2 17
16 2 55
43 2 8
226 2 16
41 1 20
8 2 35
207 1 35
63 1 41
25 1 143
142 6 89
8 2 81
24 1 23
23 1 106
63 1 16
89 1 8
170 1 106
28 2 16
41 2 25
16 2 35
63 1 28
170 2 31
8 7 16
38 1 89
8 2 48
20 1 16
196 2 170
106 1 46
8 4 16
16 1 17
38 1 101
106 1 8
8 1 24
89 2 63
89 1 38
51 1 49
43 2 226
47 1 43
? 1 github_java_program_data/23/31.java

8 1 16
38 1 22
170 2 89
25 1 63
20 1 8
54 2 25
46 2 28
57 1 16
50 2 76
47 1 16
89 1 226
17 2 8
17 2 16
53 1 207
89 1 41
38 1 143
16 1 41
42 2 18
16 2 41
36 2 35
101 2 170
207 1 16
50 2 38
26 1 58
103 1 50
41 2 38
35 2 17
53 2 99
85 1 38
226 2 8
35 2 36
101 2 92
26 1 35
50 2 129
53 1 26
50 2 25
16 4 8
45 2 17
23 1 130
143 6 63
207 1 33
207 1 8
38 1 222
103 1 38
42 1 8
89 1 25
63 1 28
49 1 55
25 1 22
26 1 8
8 2 84
28 1 16
226 1 8
8 4 16
25 1 89
43 2 46
142 1 26
222 2 101
76 1 26
8 2 17
196 2 22
17 2 33
16 1 35
35 2 16
82 1 50
16 2 55
196 2 103
99 1 25
47 1 8
89 1 8
63 1 24
28 2 8
106 1 8
40 1 8
140 1 38
92 1 71
54 1 37
58 2 17
17 2 36
16 1 27
30 2 40
37 1 26
63 2 89
8 2 24
26 1 16
40 2 30
54 2 38
37 2 50
26 1 17
46 2 16
82 1 76
50 1 207
8 2 35
33 1 16
222 1 38
35 1 8
41 2 25
196 2 63
70 1 82
142 1 207
89 2 63
8 2 41
89 1 46
54 1 50
50 1 26
196 1 47
222 2 142
196 2 101
38 1 61
52 1 26
40 1 207
170 2 222
70 2 101
24 1 20
53 2 129
207 1 58
16 2 27
35 2 42
63 1 16
63 1 38
63 1 226
22 2 92
106 1 226
30 1 16
170 1 106
26 1 36
61 1 53
28 2 16
22 1 26
71 1 38
38 1 92
52 2 50
53 2 38
53 2 25
103 1 25
37 1 207
24 1 23
56 1 25
8 2 37
92 1 53
38 1 101
51 1 18
25 1 85
70 1 54
89 1 38
33 1 84
24 2 38
196 2 222
85 1 54
37 1 106
89 2 196
52 1 47
140 1 25
143 1 26
8 1 35
170 2 196
196 2 170
16 2 52
101 2 22
101 1 207
8 2 130
27 1 40
196 2 70
143 1 207
17 2 58
22 2 101
28 1 8
37 2 53
8 2 52
61 1 99
54 1 53
30 1 26
58 1 16
35 2 45
54 1 129
89 1 16
25 1 101
207 1 17
16 2 37
58 1 27
35 2 33
8 1 27
16 1 24
37 1 47
41 1 23
40 1 26
50 2 99
33 1 8
16 2 35
51 1 49
106 1 43
8 1 84
41 1 20
101 1 26
47 1 52
22 2 143
38 1 170
106 1 16
23 1 8
35 2 58
170 1 47
82 1 37
54 1 52
8 1 17
16 2 17
45 2 35
129 1 207
16 1 84
47 1 37
26 1 33
20 1 106
51 1 42
38 1 70
49 1 25
58 1 8
23 1 47
49 1 46
8 1 81
84 1 40
16 2 24
82 2 25
101 2 142
89 1 28
222 1 53
25 1 222
16 5 8
207 1 45
92 1 56
38 1 142
16 1 8
53 2 56
70 1 25
8 2 27
61 1 50
22 1 207
55 2 25
16 2 81
142 6 89
8 7 16
85 2 22
46 2 226
25 1 61
16 2 84
207 1 36
35 2 8
170 2 22
226 1 16
47 1 28
47 1 226
196 1 106
17 2 45
16 1 17
130 1 16
43 2 28
55 1 57
18 1 8
52 1 207
38 1 196
143 6 89
63 1 46
36 2 17
101 2 61
8 5 16
103 2 101
196 2 61
142 6 63
226 2 16
222 1 50
26 1 45
207 1 35
27 1 30
103 1 53
92 2 222
16 7 8
106 1 52
25 1 143
38 1 103
49 1 16
18 2 49
23 1 106
170 2 85
84 1 30
56 2 71
170 2 103
25 1 196
25 1 170
17 2 35
61 1 140
23 2 20
51 1 35
99 2 140
25 1 142
106 1 28
30 1 8
106 1 37
99 1 38
40 1 16
89 1 43
30 1 207
222 1 25
63 1 8
103 2 22
? 1 github_java_program_data/23/33.java

8 1 16
16 1 81
38 1 31
143 1 26
8 1 35
47 1 16
38 1 63
8 1 48
89 1 226
38 1 143
16 1 41
16 2 41
207 1 16
22 2 101
49 1 8
28 1 8
55 1 8
63 2 89
35 1 16
226 2 8
25 1 101
31 1 43
63 1 25
41 1 23
23 1 130
143 6 63
46 2 28
63 1 226
207 1 8
207 1 17
24 2 38
38 1 170
8 5 16
106 1 16
46 2 8
26 1 8
49 1 38
28 1 16
17 2 16
226 1 8
35 2 49
31 1 41
35 2 17
16 2 48
25 1 22
16 1 35
17 2 8
20 1 47
35 2 16
26 1 16
49 1 46
8 1 81
16 7 8
8 2 17
47 1 8
51 1 35
28 2 8
89 1 28
24 1 20
8 2 38
31 1 8
23 2 20
48 1 26
101 1 207
38 1 142
16 1 8
48 1 207
106 1 28
8 2 24
22 1 207
16 2 81
46 2 226
31 1 25
23 1 16
43 2 28
38 1 196
35 2 8
16 1 48
226 1 16
89 1 24
47 1 28
47 1 226
20 1 55
63 1 43
8 2 41
130 1 16
89 1 46
16 2 130
196 1 47
143 6 89
31 2 89
20 2 23
142 1 26
16 2 17
16 2 55
43 2 8
226 2 16
41 1 20
8 2 35
207 1 35
63 1 41
25 1 143
142 6 89
8 2 81
24 1 23
23 1 106
63 1 16
89 1 8
170 1 106
28 2 16
41 2 25
16 2 35
63 1 28
170 2 31
8 7 16
38 1 89
8 2 48
20 1 16
196 2 170
106 1 46
8 4 16
16 1 17
38 1 101
106 1 8
8 1 24
89 2 63
89 1 38
51 1 49
43 2 226
47 1 43
? 1 github_java_program_data/23/331.java

8 1 16
170 2 89
20 1 8
8 1 35
170 2 196
47 1 16
196 2 170
89 1 226
17 2 8
38 1 143
16 1 41
143 1 207
16 2 41
207 1 16
28 1 8
42 1 8
16 7 8
226 2 8
42 2 49
89 1 16
41 1 23
63 1 25
51 1 75
49 1 25
25 1 101
143 6 89
143 6 63
46 2 28
207 1 8
41 1 20
101 1 26
63 1 28
24 2 38
26 1 8
28 1 16
16 2 25
106 1 28
226 1 8
8 1 17
25 1 22
16 1 35
8 2 17
20 1 106
51 1 42
35 2 16
23 1 47
49 1 46
16 2 24
47 1 8
51 1 35
28 2 8
89 1 28
89 1 38
8 2 38
38 1 63
38 1 142
16 1 8
63 2 89
17 2 16
8 2 24
49 2 75
26 1 16
46 2 226
26 1 17
89 1 24
46 2 16
43 2 28
38 1 196
35 2 8
142 6 63
226 1 16
35 1 8
41 2 25
47 1 226
142 1 207
8 2 41
196 1 47
75 1 8
226 2 16
8 2 35
63 1 41
75 1 38
35 2 42
63 1 16
142 6 89
49 1 16
63 1 226
89 1 8
170 1 106
28 2 16
22 1 26
16 2 35
38 1 170
8 7 16
38 1 89
16 2 17
63 1 8
63 1 46
106 1 8
89 2 63
89 1 43
51 1 49
43 2 226
? 1 github_java_program_data/23/34.java

8 1 16
16 1 81
38 1 31
143 1 26
8 1 35
47 1 16
38 1 63
8 1 48
89 1 226
38 1 143
16 1 41
16 2 41
207 1 16
22 2 101
49 1 8
28 1 8
55 1 8
63 2 89
35 1 16
226 2 8
25 1 101
31 1 43
63 1 25
41 1 23
23 1 130
143 6 63
46 2 28
63 1 226
207 1 8
207 1 17
24 2 38
38 1 170
8 5 16
106 1 16
46 2 8
26 1 8
49 1 38
28 1 16
17 2 16
226 1 8
35 2 49
31 1 41
35 2 17
16 2 48
25 1 22
16 1 35
17 2 8
20 1 47
35 2 16
26 1 16
49 1 46
8 1 81
16 7 8
8 2 17
47 1 8
51 1 35
28 2 8
89 1 28
24 1 20
8 2 38
31 1 8
23 2 20
48 1 26
101 1 207
38 1 142
16 1 8
48 1 207
106 1 28
8 2 24
22 1 207
16 2 81
46 2 226
31 1 25
23 1 16
43 2 28
38 1 196
35 2 8
16 1 48
226 1 16
89 1 24
47 1 28
47 1 226
20 1 55
63 1 43
8 2 41
130 1 16
89 1 46
16 2 130
196 1 47
143 6 89
31 2 89
20 2 23
142 1 26
16 2 17
16 2 55
43 2 8
226 2 16
41 1 20
8 2 35
207 1 35
63 1 41
25 1 143
142 6 89
8 2 81
24 1 23
23 1 106
63 1 16
89 1 8
170 1 106
28 2 16
41 2 25
16 2 35
63 1 28
170 2 31
8 7 16
38 1 89
8 2 48
20 1 16
196 2 170
106 1 46
8 4 16
16 1 17
38 1 101
106 1 8
8 1 24
89 2 63
89 1 38
51 1 49
43 2 226
47 1 43
? 1 github_java_program_data/23/356.java

8 1 16
170 2 89
20 1 8
8 1 35
170 2 196
47 1 16
196 2 170
89 1 226
17 2 8
38 1 143
16 1 41
143 1 207
16 2 41
207 1 16
28 1 8
42 1 8
16 7 8
226 2 8
42 2 49
89 1 16
41 1 23
63 1 25
51 1 75
49 1 25
25 1 101
143 6 89
143 6 63
46 2 28
207 1 8
41 1 20
101 1 26
63 1 28
24 2 38
26 1 8
28 1 16
16 2 25
106 1 28
226 1 8
8 1 17
25 1 22
16 1 35
8 2 17
20 1 106
51 1 42
35 2 16
23 1 47
49 1 46
16 2 24
47 1 8
51 1 35
28 2 8
89 1 28
89 1 38
8 2 38
38 1 63
38 1 142
16 1 8
63 2 89
17 2 16
8 2 24
49 2 75
26 1 16
46 2 226
26 1 17
89 1 24
46 2 16
43 2 28
38 1 196
35 2 8
142 6 63
226 1 16
35 1 8
41 2 25
47 1 226
142 1 207
8 2 41
196 1 47
75 1 8
226 2 16
8 2 35
63 1 41
75 1 38
35 2 42
63 1 16
142 6 89
49 1 16
63 1 226
89 1 8
170 1 106
28 2 16
22 1 26
16 2 35
38 1 170
8 7 16
38 1 89
16 2 17
63 1 8
63 1 46
106 1 8
89 2 63
89 1 43
51 1 49
43 2 226
? 1 github_java_program_data/23/359.java

8 1 16
16 1 81
38 1 31
143 1 26
8 1 35
47 1 16
38 1 63
8 1 48
89 1 226
38 1 143
16 1 41
16 2 41
207 1 16
22 2 101
49 1 8
28 1 8
55 1 8
63 2 89
35 1 16
226 2 8
25 1 101
31 1 43
63 1 25
41 1 23
23 1 130
143 6 63
46 2 28
63 1 226
207 1 8
207 1 17
24 2 38
38 1 170
8 5 16
106 1 16
46 2 8
26 1 8
49 1 38
28 1 16
17 2 16
226 1 8
35 2 49
31 1 41
35 2 17
16 2 48
25 1 22
16 1 35
17 2 8
20 1 47
35 2 16
26 1 16
49 1 46
8 1 81
16 7 8
8 2 17
47 1 8
51 1 35
28 2 8
89 1 28
24 1 20
8 2 38
31 1 8
23 2 20
48 1 26
101 1 207
38 1 142
16 1 8
48 1 207
106 1 28
8 2 24
22 1 207
16 2 81
46 2 226
31 1 25
23 1 16
43 2 28
38 1 196
35 2 8
16 1 48
226 1 16
89 1 24
47 1 28
47 1 226
20 1 55
63 1 43
8 2 41
130 1 16
89 1 46
16 2 130
196 1 47
143 6 89
31 2 89
20 2 23
142 1 26
16 2 17
16 2 55
43 2 8
226 2 16
41 1 20
8 2 35
207 1 35
63 1 41
25 1 143
142 6 89
8 2 81
24 1 23
23 1 106
63 1 16
89 1 8
170 1 106
28 2 16
41 2 25
16 2 35
63 1 28
170 2 31
8 7 16
38 1 89
8 2 48
20 1 16
196 2 170
106 1 46
8 4 16
16 1 17
38 1 101
106 1 8
8 1 24
89 2 63
89 1 38
51 1 49
43 2 226
47 1 43
? 1 github_java_program_data/23/381.java

8 1 16
38 1 22
25 1 63
20 1 8
8 5 16
17 2 45
22 2 196
47 1 16
72 2 43
92 1 140
89 1 226
17 2 8
53 1 207
89 1 41
222 1 38
16 1 41
16 2 41
207 1 16
196 2 61
26 1 58
103 1 50
41 2 38
35 2 17
53 2 99
72 1 8
63 1 72
226 2 8
35 2 36
41 1 23
56 2 140
53 1 26
58 1 27
99 2 71
143 6 63
207 1 33
207 1 8
38 1 222
140 1 25
103 1 38
25 1 196
50 2 38
26 1 8
56 1 38
28 1 16
226 1 8
8 4 16
25 1 89
43 2 46
25 1 22
26 1 45
8 2 17
20 1 47
196 2 22
17 2 33
16 1 35
8 2 41
16 7 8
16 2 27
47 1 8
89 1 8
63 1 24
28 2 8
106 1 8
40 1 8
23 2 20
170 2 196
222 2 22
58 2 17
16 1 27
30 2 40
58 1 84
37 1 26
63 2 89
8 2 24
26 1 16
40 2 30
26 1 17
31 1 25
43 2 28
50 1 207
8 2 35
33 1 16
33 1 27
35 1 8
17 2 58
142 1 207
35 2 16
89 1 46
50 1 26
196 1 47
33 1 84
196 2 101
38 1 61
142 1 26
40 1 207
47 1 46
8 2 84
101 2 196
207 1 58
222 2 92
35 2 42
63 1 16
103 2 61
24 1 23
170 1 47
25 1 92
51 1 35
170 1 106
26 1 36
61 1 53
28 2 16
22 1 26
38 1 92
47 2 106
53 2 38
53 2 25
222 1 50
16 5 8
37 1 207
63 1 38
56 1 25
106 1 226
8 2 37
92 1 53
52 1 207
25 1 31
89 2 63
89 1 38
51 1 49
43 2 226
47 1 43
222 2 103
196 2 222
222 2 142
222 1 53
30 1 16
31 1 16
143 1 26
8 1 35
196 2 170
16 2 52
101 1 207
170 2 103
27 1 40
143 1 207
22 2 101
28 1 8
61 2 222
8 2 52
61 1 99
101 2 22
30 1 26
58 1 16
35 2 45
42 1 8
22 2 170
89 1 16
25 1 101
207 1 17
103 2 143
16 2 37
63 1 25
35 2 33
8 1 27
49 1 25
26 1 35
40 1 26
50 2 99
33 1 8
16 2 35
8 1 84
31 1 43
101 1 26
47 1 52
38 1 170
52 1 26
106 1 16
16 2 25
35 2 58
8 1 17
31 1 24
50 2 25
16 2 17
16 1 84
47 1 37
26 1 33
20 1 106
51 1 42
58 1 8
23 1 47
31 2 89
84 1 40
16 2 24
101 2 142
92 2 196
24 1 20
42 2 49
207 1 45
25 1 103
92 1 56
38 1 142
16 1 8
53 2 56
17 2 16
8 2 27
61 1 50
22 1 207
142 6 89
8 7 16
16 4 8
46 2 226
226 1 43
16 2 84
207 1 36
35 2 8
170 2 22
226 1 16
170 2 92
47 1 28
47 1 226
196 1 106
63 1 43
106 1 37
24 2 38
92 2 170
38 1 101
38 1 196
71 1 25
103 2 101
142 6 63
226 2 16
41 1 20
25 1 60
207 1 35
27 1 30
103 1 53
24 2 25
106 1 52
25 1 143
38 1 103
49 1 16
84 1 30
61 1 71
143 6 89
63 1 28
25 1 170
17 2 35
103 1 25
106 1 46
25 1 142
106 1 28
43 2 16
30 1 8
16 1 17
99 1 38
196 2 31
40 1 16
46 2 28
30 1 207
222 1 25
63 1 8
? 1 github_java_program_data/23/386.java

8 1 16
16 1 81
38 1 31
143 1 26
8 1 35
47 1 16
38 1 63
8 1 48
89 1 226
38 1 143
16 1 41
16 2 41
207 1 16
22 2 101
49 1 8
28 1 8
55 1 8
63 2 89
35 1 16
226 2 8
25 1 101
31 1 43
63 1 25
41 1 23
23 1 130
143 6 63
46 2 28
63 1 226
207 1 8
207 1 17
24 2 38
38 1 170
8 5 16
106 1 16
46 2 8
26 1 8
49 1 38
28 1 16
17 2 16
226 1 8
35 2 49
31 1 41
35 2 17
16 2 48
25 1 22
16 1 35
17 2 8
20 1 47
35 2 16
26 1 16
49 1 46
8 1 81
16 7 8
8 2 17
47 1 8
51 1 35
28 2 8
89 1 28
24 1 20
8 2 38
31 1 8
23 2 20
48 1 26
101 1 207
38 1 142
16 1 8
48 1 207
106 1 28
8 2 24
22 1 207
16 2 81
46 2 226
31 1 25
23 1 16
43 2 28
38 1 196
35 2 8
16 1 48
226 1 16
89 1 24
47 1 28
47 1 226
20 1 55
63 1 43
8 2 41
130 1 16
89 1 46
16 2 130
196 1 47
143 6 89
31 2 89
20 2 23
142 1 26
16 2 17
16 2 55
43 2 8
226 2 16
41 1 20
8 2 35
207 1 35
63 1 41
25 1 143
142 6 89
8 2 81
24 1 23
23 1 106
63 1 16
89 1 8
170 1 106
28 2 16
41 2 25
16 2 35
63 1 28
170 2 31
8 7 16
38 1 89
8 2 48
20 1 16
196 2 170
106 1 46
8 4 16
16 1 17
38 1 101
106 1 8
8 1 24
89 2 63
89 1 38
51 1 49
43 2 226
47 1 43
? 1 github_java_program_data/23/406.java

8 1 16
170 2 89
20 1 8
8 1 35
170 2 196
47 1 16
196 2 170
89 1 226
17 2 8
38 1 143
16 1 41
143 1 207
16 2 41
207 1 16
28 1 8
42 1 8
16 7 8
226 2 8
42 2 49
89 1 16
41 1 23
63 1 25
51 1 75
49 1 25
25 1 101
143 6 89
143 6 63
46 2 28
207 1 8
41 1 20
101 1 26
63 1 28
24 2 38
26 1 8
28 1 16
16 2 25
106 1 28
226 1 8
8 1 17
25 1 22
16 1 35
8 2 17
20 1 106
51 1 42
35 2 16
23 1 47
49 1 46
16 2 24
47 1 8
51 1 35
28 2 8
89 1 28
89 1 38
8 2 38
38 1 63
38 1 142
16 1 8
63 2 89
17 2 16
8 2 24
49 2 75
26 1 16
46 2 226
26 1 17
89 1 24
46 2 16
43 2 28
38 1 196
35 2 8
142 6 63
226 1 16
35 1 8
41 2 25
47 1 226
142 1 207
8 2 41
196 1 47
75 1 8
226 2 16
8 2 35
63 1 41
75 1 38
35 2 42
63 1 16
142 6 89
49 1 16
63 1 226
89 1 8
170 1 106
28 2 16
22 1 26
16 2 35
38 1 170
8 7 16
38 1 89
16 2 17
63 1 8
63 1 46
106 1 8
89 2 63
89 1 43
51 1 49
43 2 226
? 1 github_java_program_data/23/409.java

8 1 16
38 1 22
92 2 143
38 1 79
54 2 25
58 2 35
38 1 31
17 2 45
47 1 16
89 1 226
53 1 207
89 1 41
38 1 143
16 2 41
36 2 35
75 1 16
207 1 16
26 1 58
49 1 8
8 2 17
41 2 38
16 7 8
226 2 8
26 1 35
53 1 26
16 2 27
58 1 27
38 1 60
143 6 63
207 1 33
207 1 8
63 1 46
18 2 42
170 2 70
63 1 28
26 1 8
56 1 38
28 1 16
106 1 28
226 1 8
8 4 16
31 1 41
35 2 17
25 1 22
26 1 45
17 2 8
17 2 33
50 2 99
35 2 16
99 1 25
47 1 8
89 1 8
63 1 24
28 2 8
106 1 8
25 1 70
8 2 38
23 2 20
170 2 196
17 2 36
30 2 40
58 1 84
37 1 26
63 2 89
8 2 24
16 2 52
40 2 30
26 1 17
31 1 25
46 2 16
43 2 28
38 1 196
33 1 16
33 1 27
35 1 8
41 2 25
17 2 58
142 1 207
8 2 41
89 1 46
92 2 22
38 1 49
50 1 26
196 1 47
38 1 61
52 1 26
40 1 207
47 1 46
8 2 84
70 2 92
207 1 58
75 1 38
35 2 42
106 1 226
170 2 49
106 1 46
63 1 226
54 1 52
25 1 92
51 1 35
170 1 106
26 1 36
38 1 107
16 2 44
38 1 92
28 2 16
38 1 89
79 1 46
16 5 8
56 1 25
8 2 37
92 1 53
38 1 101
51 1 18
43 2 8
89 2 63
24 1 20
33 1 84
43 2 226
47 1 43
24 2 38
46 2 25
61 2 22
31 1 16
143 1 26
8 1 35
196 2 170
101 1 207
27 1 40
143 1 207
22 2 101
24 2 46
28 1 8
22 1 207
61 1 99
101 2 22
30 1 26
58 1 16
42 1 8
89 1 16
25 1 101
207 1 17
63 1 25
51 1 75
8 1 27
41 1 23
40 1 26
143 6 89
33 1 8
46 2 28
106 1 43
44 1 207
8 1 84
31 1 43
101 1 26
47 1 52
38 1 170
106 1 16
106 1 44
170 1 47
49 1 38
49 1 43
70 1 25
107 2 79
8 1 17
46 2 8
45 2 35
16 1 35
47 1 37
26 1 33
20 1 106
51 1 42
58 1 8
23 1 47
26 1 16
31 2 89
84 1 40
16 2 24
42 2 75
89 1 38
38 1 63
207 1 45
92 1 56
16 2 35
16 1 8
53 2 56
17 2 16
8 2 27
61 1 50
79 1 38
16 2 38
16 4 8
46 2 226
89 1 24
25 1 61
16 2 84
207 1 36
35 2 8
142 6 63
226 1 16
226 1 43
47 1 28
47 1 226
49 2 107
63 1 43
16 1 17
92 2 170
18 1 8
70 1 54
20 2 23
99 1 38
8 5 16
52 1 106
226 2 16
41 1 20
8 2 35
207 1 35
27 1 30
63 1 41
79 1 24
25 1 143
142 6 89
79 1 8
42 2 18
84 1 30
75 2 56
51 1 56
46 1 40
25 1 170
8 7 16
25 1 142
75 1 46
16 2 17
43 2 16
43 2 46
79 2 89
63 1 46
196 2 31
40 1 16
89 1 43
30 1 207
63 1 8
? 1 github_java_program_data/23/428.java

8 1 16
170 2 89
20 1 8
8 1 35
170 2 196
47 1 16
196 2 170
89 1 226
17 2 8
38 1 143
16 1 41
143 1 207
16 2 41
207 1 16
28 1 8
42 1 8
16 7 8
226 2 8
42 2 49
89 1 16
41 1 23
63 1 25
51 1 75
49 1 25
25 1 101
143 6 89
143 6 63
46 2 28
207 1 8
41 1 20
101 1 26
63 1 28
24 2 38
26 1 8
28 1 16
16 2 25
106 1 28
226 1 8
8 1 17
25 1 22
16 1 35
8 2 17
20 1 106
51 1 42
35 2 16
23 1 47
49 1 46
16 2 24
47 1 8
51 1 35
28 2 8
89 1 28
89 1 38
8 2 38
38 1 63
38 1 142
16 1 8
63 2 89
17 2 16
8 2 24
49 2 75
26 1 16
46 2 226
26 1 17
89 1 24
46 2 16
43 2 28
38 1 196
35 2 8
142 6 63
226 1 16
35 1 8
41 2 25
47 1 226
142 1 207
8 2 41
196 1 47
75 1 8
226 2 16
8 2 35
63 1 41
75 1 38
35 2 42
63 1 16
142 6 89
49 1 16
63 1 226
89 1 8
170 1 106
28 2 16
22 1 26
16 2 35
38 1 170
8 7 16
38 1 89
16 2 17
63 1 8
63 1 46
106 1 8
89 2 63
89 1 43
51 1 49
43 2 226
? 1 github_java_program_data/23/434.java

8 1 16
38 1 22
25 1 63
261 1 38
47 1 16
72 2 43
89 1 226
53 1 207
89 1 41
38 1 143
8 1 41
16 2 41
207 1 16
26 1 58
49 1 8
226 1 8
89 1 72
16 7 8
226 2 8
35 2 36
41 1 23
16 2 27
143 6 63
42 1 16
207 1 33
207 1 8
31 1 46
23 1 47
89 1 25
63 1 28
8 1 35
28 1 16
106 1 28
41 2 38
8 4 16
25 1 89
25 1 22
26 1 45
17 2 8
26 1 64
46 2 43
16 1 84
35 2 16
25 1 142
8 2 17
47 1 8
89 1 8
63 1 24
28 2 8
61 2 92
106 1 8
40 1 8
31 1 8
23 2 20
170 2 196
20 1 47
16 1 27
58 1 84
37 1 26
63 2 89
8 2 24
16 2 52
28 1 43
26 1 17
31 1 25
43 2 28
50 1 207
33 1 16
33 1 27
35 1 8
41 2 25
142 1 207
25 2 261
8 2 41
64 2 35
50 1 26
196 1 47
26 1 16
56 1 38
142 1 26
47 1 46
8 2 84
139 1 25
99 1 25
35 2 42
63 1 16
24 1 23
170 1 47
106 1 226
51 1 35
170 1 106
26 1 36
28 2 16
22 1 26
25 1 92
139 2 142
47 2 106
20 1 16
63 1 38
8 2 37
92 1 53
63 1 226
25 1 31
89 2 63
24 1 20
51 1 49
43 2 226
47 1 43
24 2 38
50 2 56
8 2 25
143 1 26
26 1 8
196 2 170
63 1 134
143 1 207
226 1 46
22 2 101
28 1 8
8 2 52
61 1 99
42 2 49
89 1 16
25 1 101
106 2 47
207 1 17
63 1 25
72 1 16
139 1 261
26 1 35
50 2 99
46 2 28
106 1 43
35 2 64
8 1 84
41 1 20
101 1 26
47 1 52
106 1 46
106 1 16
134 2 46
8 1 17
261 1 24
31 1 24
46 2 8
45 2 17
16 1 35
25 1 139
20 1 106
51 1 42
49 1 25
58 1 8
22 1 207
49 1 46
31 2 89
84 1 40
16 2 24
89 1 28
89 1 38
92 2 61
92 1 56
38 1 142
64 1 53
16 1 8
53 2 56
17 2 16
170 2 139
61 1 50
16 2 35
8 7 16
16 4 8
46 2 226
25 1 61
16 2 84
207 1 36
35 2 8
142 6 63
226 1 16
47 1 28
47 1 226
196 1 106
106 1 37
92 2 170
52 1 207
36 2 17
8 5 16
226 2 16
8 2 35
207 1 35
27 1 30
63 1 41
24 2 25
106 1 52
142 6 89
16 1 17
40 1 16
143 6 89
25 1 196
25 1 170
17 2 35
92 1 50
52 1 26
134 1 8
16 2 17
43 2 16
30 1 8
43 2 46
63 1 46
196 2 31
84 1 30
89 1 43
30 1 207
63 1 8
? 1 github_java_program_data/23/437.java

38 1 22
20 1 8
50 2 129
16 2 44
57 1 16
92 1 140
89 1 226
53 1 207
82 1 76
222 1 38
16 1 41
38 1 79
85 1 25
75 1 16
207 1 16
50 2 38
71 1 38
103 1 50
8 1 24
38 1 75
89 1 72
61 1 56
72 1 8
26 1 35
56 2 140
134 2 46
85 1 82
38 1 60
16 2 119
31 1 46
170 2 70
25 1 196
49 1 55
46 2 8
17 2 45
56 1 38
28 1 16
8 4 16
31 1 41
35 2 17
50 2 99
17 2 8
20 1 47
46 2 43
17 2 33
75 1 119
16 1 35
82 1 50
16 7 8
16 2 27
28 2 8
106 1 8
70 1 38
23 2 20
79 1 41
134 2 43
58 2 17
16 1 24
58 1 84
37 1 26
48 1 207
31 1 43
8 2 24
8 2 84
40 2 30
54 2 38
43 2 28
38 1 196
33 1 16
23 1 106
41 2 25
17 2 58
64 1 56
119 2 38
8 2 119
54 1 50
50 1 26
8 2 41
196 2 101
37 2 53
142 1 26
40 1 207
52 2 53
47 1 46
144 1 207
207 1 58
43 2 41
76 1 207
35 2 42
63 1 16
106 1 46
63 1 226
54 1 52
106 1 226
196 2 79
26 1 36
40 1 57
39 1 26
38 1 92
52 2 50
38 1 89
16 5 8
119 1 130
38 1 101
24 2 25
25 1 85
22 2 92
222 1 53
33 1 84
92 2 61
37 1 106
8 2 44
25 1 222
16 1 81
64 1 50
31 1 16
143 1 26
92 1 132
170 2 196
17 2 64
196 2 170
8 2 130
27 1 40
196 2 70
143 1 207
85 2 143
226 1 46
28 1 8
36 2 35
54 1 76
54 1 53
58 1 16
42 1 8
22 1 26
207 1 17
63 1 25
72 1 16
37 1 47
40 1 26
16 2 35
41 1 20
47 1 52
38 1 170
24 2 38
23 1 8
49 1 38
89 2 49
82 1 37
35 2 58
92 1 71
16 2 57
50 2 25
55 1 16
16 1 84
47 1 37
26 1 33
20 1 106
51 1 42
103 2 85
53 2 38
23 1 47
49 1 46
8 1 81
82 2 25
72 2 46
92 1 99
101 2 142
20 1 16
89 1 28
89 1 38
8 2 55
103 2 196
37 1 207
38 1 142
106 1 16
17 2 16
8 2 27
61 1 50
119 2 25
22 1 207
55 2 25
16 2 81
16 4 8
46 2 226
226 1 43
25 1 61
49 2 75
54 1 129
226 1 16
40 1 16
20 1 55
63 1 43
8 1 48
38 1 223
52 1 207
20 2 23
36 2 17
75 1 8
16 2 55
41 2 28
226 2 16
30 2 40
8 2 35
63 1 41
25 1 31
40 1 55
142 6 89
49 1 16
70 2 143
25 1 67
89 1 25
143 6 89
56 2 132
47 1 226
51 1 35
134 1 8
56 2 71
75 1 46
106 1 28
43 2 16
196 2 142
16 1 17
99 1 38
31 2 63
89 1 43
30 1 207
8 2 48
63 1 8
8 2 39
8 1 16
72 2 43
25 1 63
54 2 25
70 2 196
58 2 35
38 1 31
223 1 207
47 1 16
89 1 41
38 1 143
132 1 61
8 1 41
16 2 41
63 1 72
62 1 16
26 1 58
41 2 38
55 1 8
85 1 38
226 2 8
35 2 36
41 1 23
53 1 26
58 1 27
119 1 131
23 1 130
143 6 63
47 1 39
207 1 33
207 1 8
38 1 222
103 1 38
42 2 75
63 1 28
56 1 26
8 1 35
82 2 38
226 1 8
25 1 89
31 2 79
25 1 22
196 2 22
26 1 45
8 2 17
25 1 144
70 2 142
89 1 134
61 2 142
99 1 25
47 1 8
89 1 8
63 1 24
40 1 8
71 1 207
101 1 207
79 1 16
26 1 64
16 1 27
53 2 129
63 1 46
81 1 207
26 1 16
37 2 50
26 1 17
25 1 79
31 1 25
46 2 16
50 1 207
47 1 44
16 1 48
33 1 27
35 1 8
142 1 207
35 2 16
89 1 46
64 2 35
38 1 49
196 1 47
53 2 99
38 1 61
52 1 26
170 2 222
23 1 57
103 2 22
106 1 52
75 1 38
25 1 92
75 1 25
24 1 23
170 1 47
92 2 196
129 1 26
30 1 16
170 1 106
61 1 53
28 2 16
81 1 26
53 2 76
64 1 71
33 2 35
22 2 60
38 1 144
53 2 25
79 1 46
119 1 62
56 1 25
8 2 37
92 1 53
8 2 81
44 1 26
89 2 63
25 1 70
43 2 226
47 1 43
31 1 38
50 2 56
130 1 8
52 1 47
140 1 25
26 1 8
101 2 22
70 1 25
63 1 134
54 1 37
170 2 103
55 1 131
222 2 142
92 1 56
22 2 101
8 2 52
61 1 99
16 2 39
30 1 26
35 2 45
89 1 16
25 1 101
17 2 36
16 2 37
35 2 33
8 1 27
49 1 25
70 1 54
33 1 8
79 1 38
106 1 43
44 1 207
8 1 84
222 1 50
101 1 26
170 2 85
16 2 17
28 1 46
106 1 39
63 2 89
38 1 67
8 1 17
92 1 50
79 1 25
51 1 75
45 2 35
196 2 85
38 1 70
58 1 8
16 2 52
84 1 40
16 2 24
24 1 20
33 2 17
38 1 85
38 1 63
207 1 45
25 1 103
222 2 143
16 1 8
53 2 56
45 2 17
46 2 28
8 7 16
131 1 8
89 1 24
23 1 16
16 2 84
207 1 36
35 2 8
142 6 63
47 1 28
103 1 25
196 1 106
106 1 37
49 1 119
101 2 61
8 5 16
52 1 106
25 1 60
207 1 35
27 1 30
75 2 49
79 1 24
63 1 38
25 1 143
79 1 8
61 2 22
39 1 207
82 1 52
61 2 170
25 1 170
17 2 35
61 1 140
99 2 140
25 1 142
79 2 89
134 1 16
50 2 76
30 1 8
43 2 46
106 1 44
8 2 57
196 2 31
84 1 30
170 2 31
222 1 25
? 1 github_java_program_data/23/439.java

8 1 16
16 1 81
38 1 31
143 1 26
8 1 35
47 1 16
38 1 63
8 1 48
89 1 226
38 1 143
16 1 41
16 2 41
207 1 16
22 2 101
49 1 8
28 1 8
55 1 8
63 2 89
35 1 16
226 2 8
25 1 101
31 1 43
63 1 25
41 1 23
23 1 130
143 6 63
46 2 28
63 1 226
207 1 8
207 1 17
24 2 38
38 1 170
8 5 16
106 1 16
46 2 8
26 1 8
49 1 38
28 1 16
17 2 16
226 1 8
35 2 49
31 1 41
35 2 17
16 2 48
25 1 22
16 1 35
17 2 8
20 1 47
35 2 16
26 1 16
49 1 46
8 1 81
16 7 8
8 2 17
47 1 8
51 1 35
28 2 8
89 1 28
24 1 20
8 2 38
31 1 8
23 2 20
48 1 26
101 1 207
38 1 142
16 1 8
48 1 207
106 1 28
8 2 24
22 1 207
16 2 81
46 2 226
31 1 25
23 1 16
43 2 28
38 1 196
35 2 8
16 1 48
226 1 16
89 1 24
47 1 28
47 1 226
20 1 55
63 1 43
8 2 41
130 1 16
89 1 46
16 2 130
196 1 47
143 6 89
31 2 89
20 2 23
142 1 26
16 2 17
16 2 55
43 2 8
226 2 16
41 1 20
8 2 35
207 1 35
63 1 41
25 1 143
142 6 89
8 2 81
24 1 23
23 1 106
63 1 16
89 1 8
170 1 106
28 2 16
41 2 25
16 2 35
63 1 28
170 2 31
8 7 16
38 1 89
8 2 48
20 1 16
196 2 170
106 1 46
8 4 16
16 1 17
38 1 101
106 1 8
8 1 24
89 2 63
89 1 38
51 1 49
43 2 226
47 1 43
? 1 github_java_program_data/23/456.java

38 1 22
20 1 8
50 2 129
207 1 183
17 2 45
61 2 101
70 2 223
22 2 196
89 1 226
53 1 207
82 1 76
222 1 38
16 1 41
30 1 25
36 2 35
75 1 16
207 1 16
71 1 38
103 1 50
8 1 24
108 1 43
89 1 72
61 1 56
72 1 8
22 2 142
26 1 35
56 2 140
85 1 82
70 2 22
89 1 25
25 1 196
50 2 38
38 1 61
28 1 16
8 4 16
31 1 41
16 2 48
79 2 31
25 1 47
81 2 48
50 2 99
17 2 8
20 1 47
17 2 33
16 1 84
82 1 50
16 7 8
16 2 27
28 2 8
106 1 8
50 2 76
70 1 38
23 2 20
170 2 196
58 2 17
16 1 24
140 1 26
37 1 26
48 1 207
8 2 24
40 2 30
103 2 142
54 2 38
103 2 22
43 2 28
38 1 196
33 1 16
23 1 106
41 2 25
17 2 58
108 1 8
64 1 56
8 2 81
25 2 50
132 2 258
54 1 50
50 1 26
142 1 26
40 1 207
144 1 207
207 1 58
64 1 140
76 1 207
35 2 42
63 1 16
63 1 38
63 1 226
106 1 226
196 2 79
26 1 36
132 1 92
38 1 92
52 2 50
47 2 106
38 1 89
16 5 8
56 1 207
38 1 101
25 1 85
24 1 20
33 1 84
92 2 61
85 1 54
37 1 106
22 2 103
8 2 25
16 1 81
31 1 16
143 1 26
92 1 132
48 1 26
8 2 130
106 2 63
27 1 40
143 1 207
85 2 143
28 1 8
37 2 53
101 2 22
170 2 61
54 1 129
22 1 26
31 1 43
58 1 27
51 1 75
40 1 26
16 2 35
92 2 170
41 1 20
61 2 142
108 1 25
47 1 52
38 1 170
106 1 16
23 1 8
99 2 140
49 1 38
35 2 58
92 1 71
16 1 35
47 1 37
26 1 33
20 1 106
51 1 42
53 2 38
23 1 47
8 1 81
82 2 25
72 2 46
92 1 99
42 2 75
89 1 28
89 1 38
70 1 25
92 1 56
38 1 142
17 2 16
8 2 27
61 1 50
47 1 226
22 1 207
16 2 81
16 4 8
46 2 226
25 1 61
196 2 92
226 1 16
63 1 43
196 2 30
8 1 48
38 1 223
35 2 36
20 2 23
36 2 17
99 1 207
43 2 8
142 6 63
226 2 16
8 2 35
63 1 41
30 1 50
24 2 25
106 1 52
142 6 89
49 1 16
222 2 170
101 2 222
170 2 70
143 6 89
170 2 103
51 1 35
51 1 49
48 2 81
75 1 46
106 1 28
43 2 16
16 1 17
63 1 46
30 1 207
8 2 48
63 1 8
8 1 16
183 1 140
25 1 63
196 2 222
58 2 35
38 1 31
223 1 207
47 1 16
130 1 16
89 1 41
38 1 143
207 1 64
16 2 41
26 1 58
49 1 8
41 2 38
222 1 25
85 1 38
226 2 8
101 2 92
41 1 23
53 1 26
50 2 25
58 1 8
170 2 101
23 1 130
143 6 63
207 1 33
207 1 8
38 1 222
103 1 38
42 1 8
63 1 28
8 1 35
108 2 49
82 2 38
226 1 8
25 1 89
25 1 22
222 2 101
76 1 26
8 2 17
25 1 144
26 1 45
35 2 16
196 2 170
61 2 196
99 1 25
47 1 8
89 1 8
63 1 24
89 2 108
40 1 8
222 2 22
101 1 207
79 1 16
17 2 36
16 1 27
30 2 40
92 2 101
81 1 207
26 1 16
22 2 222
37 2 50
26 1 17
25 1 79
31 1 25
46 2 16
50 1 207
30 2 22
16 1 48
33 1 27
35 1 8
70 2 142
142 1 207
8 2 41
89 1 46
38 1 49
196 1 47
103 1 53
56 1 38
52 1 26
196 2 143
8 2 84
53 2 129
101 2 196
258 2 71
75 1 38
25 1 92
24 1 23
170 1 47
25 1 143
30 1 16
170 1 106
61 1 53
28 2 16
81 1 26
33 2 35
53 2 99
53 2 25
79 1 46
37 1 207
56 1 25
8 2 37
92 1 53
183 1 99
25 1 31
89 2 63
25 1 70
43 2 226
47 1 43
144 1 26
50 2 56
31 1 8
52 1 47
26 1 8
92 1 258
79 1 41
16 2 52
54 1 53
54 1 37
99 2 132
58 1 16
22 2 101
52 1 207
8 2 52
61 1 99
30 1 26
35 2 45
22 2 170
196 2 101
70 1 54
106 2 47
103 2 143
89 1 16
35 2 33
8 1 27
49 1 25
25 1 101
33 1 8
79 1 38
8 1 84
58 1 84
207 1 17
101 1 26
108 1 46
16 2 17
63 2 89
16 2 37
49 1 43
8 1 17
31 1 24
46 2 8
45 2 35
196 2 85
38 1 70
70 1 82
38 1 108
31 2 89
84 1 40
16 2 24
63 1 25
25 1 223
222 1 53
33 2 17
25 1 222
38 1 63
207 1 45
25 1 103
64 1 53
16 1 8
53 2 56
38 1 30
45 2 17
22 2 61
46 2 28
16 2 38
8 7 16
89 1 24
23 1 16
16 2 84
207 1 36
35 2 8
170 2 22
47 1 28
103 1 25
196 1 106
43 2 46
99 1 38
183 1 50
8 5 16
52 1 106
222 1 50
207 1 35
27 1 30
75 2 49
129 1 26
38 1 103
84 1 30
82 1 52
223 1 26
25 1 106
25 1 170
17 2 35
92 1 50
106 1 46
25 1 142
24 2 38
30 1 8
106 1 37
40 1 16
170 2 31
258 1 61
? 1 github_java_program_data/23/460.java

8 1 16
16 1 81
38 1 31
143 1 26
8 1 35
47 1 16
38 1 63
8 1 48
89 1 226
38 1 143
16 1 41
16 2 41
207 1 16
22 2 101
49 1 8
28 1 8
55 1 8
63 2 89
35 1 16
226 2 8
25 1 101
31 1 43
63 1 25
41 1 23
23 1 130
143 6 63
46 2 28
63 1 226
207 1 8
207 1 17
24 2 38
38 1 170
8 5 16
106 1 16
46 2 8
26 1 8
49 1 38
28 1 16
17 2 16
226 1 8
35 2 49
31 1 41
35 2 17
16 2 48
25 1 22
16 1 35
17 2 8
20 1 47
35 2 16
26 1 16
49 1 46
8 1 81
16 7 8
8 2 17
47 1 8
51 1 35
28 2 8
89 1 28
24 1 20
8 2 38
31 1 8
23 2 20
48 1 26
101 1 207
38 1 142
16 1 8
48 1 207
106 1 28
8 2 24
22 1 207
16 2 81
46 2 226
31 1 25
23 1 16
43 2 28
38 1 196
35 2 8
16 1 48
226 1 16
89 1 24
47 1 28
47 1 226
20 1 55
63 1 43
8 2 41
130 1 16
89 1 46
16 2 130
196 1 47
143 6 89
31 2 89
20 2 23
142 1 26
16 2 17
16 2 55
43 2 8
226 2 16
41 1 20
8 2 35
207 1 35
63 1 41
25 1 143
142 6 89
8 2 81
24 1 23
23 1 106
63 1 16
89 1 8
170 1 106
28 2 16
41 2 25
16 2 35
63 1 28
170 2 31
8 7 16
38 1 89
8 2 48
20 1 16
196 2 170
106 1 46
8 4 16
16 1 17
38 1 101
106 1 8
8 1 24
89 2 63
89 1 38
51 1 49
43 2 226
47 1 43
? 1 github_java_program_data/23/481.java

8 1 16
170 2 89
20 1 8
8 1 35
170 2 196
47 1 16
196 2 170
89 1 226
17 2 8
38 1 143
16 1 41
143 1 207
16 2 41
207 1 16
28 1 8
42 1 8
16 7 8
226 2 8
42 2 49
89 1 16
41 1 23
63 1 25
51 1 75
49 1 25
25 1 101
143 6 89
143 6 63
46 2 28
207 1 8
41 1 20
101 1 26
63 1 28
24 2 38
26 1 8
28 1 16
16 2 25
106 1 28
226 1 8
8 1 17
25 1 22
16 1 35
8 2 17
20 1 106
51 1 42
35 2 16
23 1 47
49 1 46
16 2 24
47 1 8
51 1 35
28 2 8
89 1 28
89 1 38
8 2 38
38 1 63
38 1 142
16 1 8
63 2 89
17 2 16
8 2 24
49 2 75
26 1 16
46 2 226
26 1 17
89 1 24
46 2 16
43 2 28
38 1 196
35 2 8
142 6 63
226 1 16
35 1 8
41 2 25
47 1 226
142 1 207
8 2 41
196 1 47
75 1 8
226 2 16
8 2 35
63 1 41
75 1 38
35 2 42
63 1 16
142 6 89
49 1 16
63 1 226
89 1 8
170 1 106
28 2 16
22 1 26
16 2 35
38 1 170
8 7 16
38 1 89
16 2 17
63 1 8
63 1 46
106 1 8
89 2 63
89 1 43
51 1 49
43 2 226
? 1 github_java_program_data/23/484.java

8 1 16
16 1 81
38 1 31
143 1 26
8 1 35
47 1 16
38 1 63
8 1 48
89 1 226
38 1 143
16 1 41
16 2 41
207 1 16
22 2 101
49 1 8
28 1 8
55 1 8
63 2 89
35 1 16
226 2 8
25 1 101
31 1 43
63 1 25
41 1 23
23 1 130
143 6 63
46 2 28
63 1 226
207 1 8
207 1 17
24 2 38
38 1 170
8 5 16
106 1 16
46 2 8
26 1 8
49 1 38
28 1 16
17 2 16
226 1 8
35 2 49
31 1 41
35 2 17
16 2 48
25 1 22
16 1 35
17 2 8
20 1 47
35 2 16
26 1 16
49 1 46
8 1 81
16 7 8
8 2 17
47 1 8
51 1 35
28 2 8
89 1 28
24 1 20
8 2 38
31 1 8
23 2 20
48 1 26
101 1 207
38 1 142
16 1 8
48 1 207
106 1 28
8 2 24
22 1 207
16 2 81
46 2 226
31 1 25
23 1 16
43 2 28
38 1 196
35 2 8
16 1 48
226 1 16
89 1 24
47 1 28
47 1 226
20 1 55
63 1 43
8 2 41
130 1 16
89 1 46
16 2 130
196 1 47
143 6 89
31 2 89
20 2 23
142 1 26
16 2 17
16 2 55
43 2 8
226 2 16
41 1 20
8 2 35
207 1 35
63 1 41
25 1 143
142 6 89
8 2 81
24 1 23
23 1 106
63 1 16
89 1 8
170 1 106
28 2 16
41 2 25
16 2 35
63 1 28
170 2 31
8 7 16
38 1 89
8 2 48
20 1 16
196 2 170
106 1 46
8 4 16
16 1 17
38 1 101
106 1 8
8 1 24
89 2 63
89 1 38
51 1 49
43 2 226
47 1 43
? 1 github_java_program_data/23/506.java

8 1 16
16 1 81
38 1 31
143 1 26
8 1 35
47 1 16
38 1 63
8 1 48
89 1 226
38 1 143
16 1 41
16 2 41
207 1 16
22 2 101
49 1 8
28 1 8
55 1 8
63 2 89
35 1 16
226 2 8
25 1 101
31 1 43
63 1 25
41 1 23
23 1 130
143 6 63
46 2 28
63 1 226
207 1 8
207 1 17
24 2 38
38 1 170
8 5 16
106 1 16
46 2 8
26 1 8
49 1 38
28 1 16
17 2 16
226 1 8
35 2 49
31 1 41
35 2 17
16 2 48
25 1 22
16 1 35
17 2 8
20 1 47
35 2 16
26 1 16
49 1 46
8 1 81
16 7 8
8 2 17
47 1 8
51 1 35
28 2 8
89 1 28
24 1 20
8 2 38
31 1 8
23 2 20
48 1 26
101 1 207
38 1 142
16 1 8
48 1 207
106 1 28
8 2 24
22 1 207
16 2 81
46 2 226
31 1 25
23 1 16
43 2 28
38 1 196
35 2 8
16 1 48
226 1 16
89 1 24
47 1 28
47 1 226
20 1 55
63 1 43
8 2 41
130 1 16
89 1 46
16 2 130
196 1 47
143 6 89
31 2 89
20 2 23
142 1 26
16 2 17
16 2 55
43 2 8
226 2 16
41 1 20
8 2 35
207 1 35
63 1 41
25 1 143
142 6 89
8 2 81
24 1 23
23 1 106
63 1 16
89 1 8
170 1 106
28 2 16
41 2 25
16 2 35
63 1 28
170 2 31
8 7 16
38 1 89
8 2 48
20 1 16
196 2 170
106 1 46
8 4 16
16 1 17
38 1 101
106 1 8
8 1 24
89 2 63
89 1 38
51 1 49
43 2 226
47 1 43
? 1 github_java_program_data/23/56.java

8 1 16
170 2 89
20 1 8
8 1 35
170 2 196
47 1 16
196 2 170
89 1 226
17 2 8
38 1 143
16 1 41
143 1 207
16 2 41
207 1 16
28 1 8
42 1 8
16 7 8
226 2 8
42 2 49
89 1 16
41 1 23
63 1 25
51 1 75
49 1 25
25 1 101
143 6 89
143 6 63
46 2 28
207 1 8
41 1 20
101 1 26
63 1 28
24 2 38
26 1 8
28 1 16
16 2 25
106 1 28
226 1 8
8 1 17
25 1 22
16 1 35
8 2 17
20 1 106
51 1 42
35 2 16
23 1 47
49 1 46
16 2 24
47 1 8
51 1 35
28 2 8
89 1 28
89 1 38
8 2 38
38 1 63
38 1 142
16 1 8
63 2 89
17 2 16
8 2 24
49 2 75
26 1 16
46 2 226
26 1 17
89 1 24
46 2 16
43 2 28
38 1 196
35 2 8
142 6 63
226 1 16
35 1 8
41 2 25
47 1 226
142 1 207
8 2 41
196 1 47
75 1 8
226 2 16
8 2 35
63 1 41
75 1 38
35 2 42
63 1 16
142 6 89
49 1 16
63 1 226
89 1 8
170 1 106
28 2 16
22 1 26
16 2 35
38 1 170
8 7 16
38 1 89
16 2 17
63 1 8
63 1 46
106 1 8
89 2 63
89 1 43
51 1 49
43 2 226
? 1 github_java_program_data/23/59.java

8 1 16
16 1 81
38 1 31
143 1 26
8 1 35
47 1 16
38 1 63
8 1 48
89 1 226
38 1 143
16 1 41
16 2 41
207 1 16
22 2 101
49 1 8
28 1 8
55 1 8
63 2 89
35 1 16
226 2 8
25 1 101
31 1 43
63 1 25
41 1 23
23 1 130
143 6 63
46 2 28
63 1 226
207 1 8
207 1 17
24 2 38
38 1 170
8 5 16
106 1 16
46 2 8
26 1 8
49 1 38
28 1 16
17 2 16
226 1 8
35 2 49
31 1 41
35 2 17
16 2 48
25 1 22
16 1 35
17 2 8
20 1 47
35 2 16
26 1 16
49 1 46
8 1 81
16 7 8
8 2 17
47 1 8
51 1 35
28 2 8
89 1 28
24 1 20
8 2 38
31 1 8
23 2 20
48 1 26
101 1 207
38 1 142
16 1 8
48 1 207
106 1 28
8 2 24
22 1 207
16 2 81
46 2 226
31 1 25
23 1 16
43 2 28
38 1 196
35 2 8
16 1 48
226 1 16
89 1 24
47 1 28
47 1 226
20 1 55
63 1 43
8 2 41
130 1 16
89 1 46
16 2 130
196 1 47
143 6 89
31 2 89
20 2 23
142 1 26
16 2 17
16 2 55
43 2 8
226 2 16
41 1 20
8 2 35
207 1 35
63 1 41
25 1 143
142 6 89
8 2 81
24 1 23
23 1 106
63 1 16
89 1 8
170 1 106
28 2 16
41 2 25
16 2 35
63 1 28
170 2 31
8 7 16
38 1 89
8 2 48
20 1 16
196 2 170
106 1 46
8 4 16
16 1 17
38 1 101
106 1 8
8 1 24
89 2 63
89 1 38
51 1 49
43 2 226
47 1 43
? 1 github_java_program_data/23/6.java

8 1 16
16 1 81
38 1 31
143 1 26
8 1 35
47 1 16
38 1 63
8 1 48
89 1 226
38 1 143
16 1 41
16 2 41
207 1 16
22 2 101
49 1 8
28 1 8
55 1 8
63 2 89
35 1 16
226 2 8
25 1 101
31 1 43
63 1 25
41 1 23
23 1 130
143 6 63
46 2 28
63 1 226
207 1 8
207 1 17
24 2 38
38 1 170
8 5 16
106 1 16
46 2 8
26 1 8
49 1 38
28 1 16
17 2 16
226 1 8
35 2 49
31 1 41
35 2 17
16 2 48
25 1 22
16 1 35
17 2 8
20 1 47
35 2 16
26 1 16
49 1 46
8 1 81
16 7 8
8 2 17
47 1 8
51 1 35
28 2 8
89 1 28
24 1 20
8 2 38
31 1 8
23 2 20
48 1 26
101 1 207
38 1 142
16 1 8
48 1 207
106 1 28
8 2 24
22 1 207
16 2 81
46 2 226
31 1 25
23 1 16
43 2 28
38 1 196
35 2 8
16 1 48
226 1 16
89 1 24
47 1 28
47 1 226
20 1 55
63 1 43
8 2 41
130 1 16
89 1 46
16 2 130
196 1 47
143 6 89
31 2 89
20 2 23
142 1 26
16 2 17
16 2 55
43 2 8
226 2 16
41 1 20
8 2 35
207 1 35
63 1 41
25 1 143
142 6 89
8 2 81
24 1 23
23 1 106
63 1 16
89 1 8
170 1 106
28 2 16
41 2 25
16 2 35
63 1 28
170 2 31
8 7 16
38 1 89
8 2 48
20 1 16
196 2 170
106 1 46
8 4 16
16 1 17
38 1 101
106 1 8
8 1 24
89 2 63
89 1 38
51 1 49
43 2 226
47 1 43
? 1 github_java_program_data/23/81.java

8 1 16
170 2 89
20 1 8
8 1 35
170 2 196
47 1 16
196 2 170
89 1 226
17 2 8
38 1 143
16 1 41
143 1 207
16 2 41
207 1 16
28 1 8
42 1 8
16 7 8
226 2 8
42 2 49
89 1 16
41 1 23
63 1 25
51 1 75
49 1 25
25 1 101
143 6 89
143 6 63
46 2 28
207 1 8
41 1 20
101 1 26
63 1 28
24 2 38
26 1 8
28 1 16
16 2 25
106 1 28
226 1 8
8 1 17
25 1 22
16 1 35
8 2 17
20 1 106
51 1 42
35 2 16
23 1 47
49 1 46
16 2 24
47 1 8
51 1 35
28 2 8
89 1 28
89 1 38
8 2 38
38 1 63
38 1 142
16 1 8
63 2 89
17 2 16
8 2 24
49 2 75
26 1 16
46 2 226
26 1 17
89 1 24
46 2 16
43 2 28
38 1 196
35 2 8
142 6 63
226 1 16
35 1 8
41 2 25
47 1 226
142 1 207
8 2 41
196 1 47
75 1 8
226 2 16
8 2 35
63 1 41
75 1 38
35 2 42
63 1 16
142 6 89
49 1 16
63 1 226
89 1 8
170 1 106
28 2 16
22 1 26
16 2 35
38 1 170
8 7 16
38 1 89
16 2 17
63 1 8
63 1 46
106 1 8
89 2 63
89 1 43
51 1 49
43 2 226
? 1 github_java_program_data/23/9.java

