25 1 35
1 2 8
5 2 3
63 1 71
1 2 23
1 5 3
44 1 71
4 1 49
44 1 1
3 2 108
25 1 108
25 1 24
24 1 7
71 2 5
22 2 3
7 1 6
2 2 3
0 1 3
26 1 3
31 2 21
82 2 2
5 2 1
32 1 31
2 2 1
49 1 9
21 1 11
14 1 13
9 1 3
44 1 3
20 1 19
15 1 7
63 1 1
44 1 82
63 1 109
86 1 1
3 1 23
18 1 7
1 4 3
23 2 3
7 1 1
3 2 23
26 1 25
13 1 15
108 1 7
3 4 1
63 1 62
7 1 22
1 2 4
4 2 32
20 1 1
109 2 71
44 1 32
44 2 63
3 2 15
22 2 1
0 2 82
26 1 1
7 1 20
3 2 22
1 2 22
25 1 3
2 1 3
63 1 35
86 2 25
31 1 11
44 1 0
21 2 31
23 2 1
62 2 35
31 1 7
1 2 62
13 1 2
108 2 35
35 1 44
19 1 18
44 1 4
82 2 71
71 2 3
63 2 44
25 1 71
109 1 1
35 1 63
1 2 19
45 1 25
22 2 20
20 1 3
32 1 21
3 2 19
35 1 31
1 1 23
2 1 1
1 1 22
63 1 5
7 1 10
3 2 25
3 1 1
5 1 3
3 2 4
9 1 5
1 1 3
13 1 3
11 1 20
45 1 86
71 2 2
1 2 25
11 1 26
14 2 21
32 1 14
3 1 22
3 1 8
44 1 2
? 1 github_java_program_data/2/10.java

25 1 35
1 2 8
5 2 3
63 1 71
1 2 23
1 5 3
44 1 71
4 1 49
44 1 1
3 2 108
25 1 108
25 1 24
24 1 7
71 2 5
22 2 3
7 1 6
2 2 3
0 1 3
26 1 3
31 2 21
82 2 2
5 2 1
32 1 31
2 2 1
49 1 9
21 1 11
14 1 13
9 1 3
44 1 3
20 1 19
15 1 7
63 1 1
44 1 82
63 1 109
86 1 1
3 1 23
18 1 7
1 4 3
23 2 3
7 1 1
3 2 23
26 1 25
13 1 15
108 1 7
3 4 1
63 1 62
7 1 22
1 2 4
4 2 32
20 1 1
109 2 71
44 1 32
44 2 63
3 2 15
22 2 1
0 2 82
26 1 1
7 1 20
3 2 22
1 2 22
25 1 3
2 1 3
63 1 35
86 2 25
31 1 11
44 1 0
21 2 31
23 2 1
62 2 35
31 1 7
1 2 62
13 1 2
108 2 35
35 1 44
19 1 18
44 1 4
82 2 71
71 2 3
63 2 44
25 1 71
109 1 1
35 1 63
1 2 19
45 1 25
22 2 20
20 1 3
32 1 21
3 2 19
35 1 31
1 1 23
2 1 1
1 1 22
63 1 5
7 1 10
3 2 25
3 1 1
5 1 3
3 2 4
9 1 5
1 1 3
13 1 3
11 1 20
45 1 86
71 2 2
1 2 25
11 1 26
14 2 21
32 1 14
3 1 22
3 1 8
44 1 2
? 1 github_java_program_data/2/100.java

63 1 0
32 1 34
82 2 2
4 2 35
21 2 64
23 2 22
5 2 3
32 1 40
18 1 3
65 2 43
4 1 49
39 1 11
64 6 63
44 1 1
3 1 1
32 1 87
23 2 6
3 7 1
3 1 25
31 2 65
3 5 1
51 1 78
0 1 3
39 1 35
35 1 21
45 1 46
24 1 3
26 1 25
30 2 32
14 2 17
32 1 56
63 1 71
3 2 16
44 1 109
1 2 25
4 2 32
20 1 19
63 1 1
44 1 82
3 1 23
27 2 39
23 2 20
65 1 32
22 2 23
10 2 23
9 1 15
108 1 1
20 2 22
3 1 19
64 1 7
3 2 25
67 2 21
109 1 3
34 1 30
17 2 21
63 1 4
7 1 22
23 2 26
30 2 35
14 2 68
40 2 34
40 2 14
21 2 67
22 2 6
7 1 1
23 2 1
9 1 2
5 1 3
61 1 7
7 1 20
0 2 71
35 1 40
56 1 7
20 1 3
3 2 22
1 2 22
51 1 3
35 1 65
1 2 73
63 1 35
13 1 71
31 1 11
26 2 22
65 2 64
67 2 64
21 2 31
25 1 24
40 2 17
49 1 108
14 1 9
3 2 78
31 1 7
51 1 13
17 1 9
10 2 22
7 1 3
5 1 1
26 2 23
42 1 35
1 1 23
44 2 63
20 2 23
35 1 43
19 1 24
0 1 1
19 1 18
1 1 19
27 1 11
43 6 63
6 2 22
3 2 15
64 1 11
40 1 27
39 2 61
63 2 44
25 1 71
5 2 1
1 2 19
22 2 1
20 1 25
1 2 23
34 2 31
63 1 32
11 1 3
2 1 1
63 1 3
63 1 5
73 1 7
7 1 10
67 1 30
11 1 26
68 1 71
2 2 3
14 2 65
7 1 26
62 1 49
13 1 3
109 2 71
76 1 39
11 1 20
43 6 44
13 1 1
71 2 2
24 2 18
49 1 3
3 2 4
3 4 1
7 1 23
27 2 35
1 1 62
32 1 14
44 1 62
34 2 14
68 1 32
26 1 3
9 1 16
79 2 46
1 2 15
44 1 2
76 1 61
34 2 40
65 2 67
17 1 13
31 2 21
67 2 31
17 2 14
25 1 32
21 2 40
51 1 9
31 2 17
1 7 3
67 1 35
16 1 7
3 2 108
24 1 11
68 2 44
35 1 87
65 2 34
33 1 32
1 1 25
46 1 3
32 1 64
71 2 5
22 2 3
71 2 1
35 1 64
7 1 6
22 2 10
13 1 16
79 1 3
32 1 43
40 2 21
3 1 22
2 1 3
35 1 67
30 1 7
32 1 31
18 1 1
2 2 1
43 1 7
14 1 13
32 1 17
9 1 3
25 1 18
44 1 3
49 1 13
11 1 6
63 1 109
11 1 23
65 1 27
18 1 7
3 1 4
17 2 67
22 2 20
34 1 42
39 1 32
9 1 1
45 1 79
27 1 7
3 2 23
65 2 21
31 2 43
40 1 30
13 1 15
34 1 33
1 5 3
11 1 10
32 1 63
30 2 39
24 1 1
11 1 22
1 2 4
33 1 35
20 1 1
7 1 3
6 2 23
43 1 11
35 1 56
44 1 32
73 2 32
0 2 82
15 1 7
21 1 11
32 1 67
26 1 1
23 2 10
11 1 76
65 2 14
33 2 42
35 1 17
17 2 65
35 1 34
34 2 17
62 2 35
67 1 32
44 1 0
18 2 24
16 1 11
68 1 4
1 4 3
25 1 1
22 2 26
35 1 14
87 1 7
30 1 11
76 1 27
13 1 2
67 2 34
46 2 79
13 1 5
67 2 40
87 1 11
3 2 62
27 2 32
40 1 39
23 2 3
62 2 32
109 1 1
65 2 31
45 1 25
68 1 1
32 1 21
9 1 82
3 2 19
35 1 31
21 1 7
82 2 5
65 1 30
1 1 22
44 1 35
109 2 82
32 1 65
34 1 27
4 1 51
9 1 5
32 1 68
63 1 2
65 1 35
1 1 3
1 2 16
27 2 33
62 1 51
32 1 44
65 2 87
30 2 33
67 1 27
26 1 19
78 1 3
11 1 1
24 1 7
14 2 21
31 2 34
25 1 73
49 1 9
15 1 11
44 1 5
1 2 62
18 1 11
79 2 25
? 1 github_java_program_data/2/116.java

63 1 0
32 1 34
5 2 3
63 1 71
18 1 3
4 1 49
44 1 1
25 1 108
108 1 37
3 7 1
3 1 25
3 5 1
14 2 65
2 2 3
1 1 62
35 1 21
13 1 5
24 1 3
26 1 25
14 2 40
3 2 16
37 1 3
82 2 1
4 2 32
20 1 19
86 1 3
17 2 68
44 1 82
3 1 23
27 2 32
73 1 30
34 1 27
22 2 23
10 2 23
9 1 15
44 2 63
20 2 22
3 1 19
3 2 25
74 1 32
109 1 3
108 2 32
63 1 4
7 1 22
23 2 26
30 2 35
46 2 25
109 2 71
1 2 19
22 2 6
7 1 1
82 2 5
9 1 2
1 1 25
7 1 20
0 2 71
35 1 40
17 1 13
20 1 3
3 2 22
32 2 27
1 2 22
22 2 1
63 1 35
13 1 71
31 1 11
26 2 22
65 2 64
21 2 31
33 1 32
63 2 44
23 2 1
14 1 9
43 1 7
31 1 7
68 1 4
32 1 73
51 2 49
7 1 3
26 2 23
1 1 23
27 2 39
14 2 64
35 1 43
51 1 78
0 1 1
19 1 18
1 1 19
27 1 11
82 2 71
9 1 71
6 2 22
14 2 17
64 1 11
40 1 27
1 1 22
25 1 71
5 2 1
63 1 5
22 2 20
20 1 25
1 2 23
49 2 51
63 1 32
11 1 3
2 1 1
63 1 3
51 1 1
68 2 44
7 1 10
5 1 1
5 1 3
22 2 10
7 1 26
62 1 49
11 1 23
2 1 82
11 1 20
43 6 44
13 1 1
74 2 43
68 1 71
24 2 18
3 2 4
11 1 26
7 1 23
0 1 3
32 1 14
44 1 62
68 1 32
26 1 3
9 1 16
34 2 21
1 2 15
44 1 2
65 2 67
23 2 22
46 1 1
1 2 108
17 2 14
25 1 32
51 1 9
1 2 78
1 7 3
64 1 7
21 2 14
24 1 11
32 1 63
25 1 24
32 1 64
43 6 63
71 2 5
22 2 3
71 2 1
35 1 64
7 1 6
13 1 3
13 1 16
79 1 3
32 1 43
40 2 21
3 1 22
31 2 21
82 2 2
32 1 31
13 1 82
18 1 1
2 2 1
49 1 9
14 1 13
32 1 17
9 1 3
25 1 18
1 2 25
44 1 3
49 1 13
15 1 7
63 1 109
86 2 79
19 1 24
32 1 48
18 1 7
1 4 3
23 2 3
39 1 32
9 1 1
45 1 79
3 2 23
14 2 73
16 1 7
13 1 15
34 1 33
11 1 10
24 1 1
11 1 22
1 2 4
20 1 1
71 2 2
43 1 11
17 1 9
44 1 32
3 2 15
11 1 6
21 1 11
32 1 67
26 1 1
1 2 62
23 2 10
63 1 1
17 2 65
5 1 82
2 1 3
67 1 32
44 1 0
64 6 44
18 2 24
16 1 11
62 2 35
25 1 1
22 2 26
45 1 46
35 1 14
30 1 11
13 1 2
67 2 17
35 2 30
3 1 4
1 5 3
4 2 35
73 2 43
3 2 62
40 1 39
23 2 6
23 2 20
62 2 32
109 1 1
0 2 82
45 1 25
68 1 1
32 1 21
9 1 82
3 2 19
35 1 31
21 1 7
35 1 74
65 1 30
49 1 1
44 1 35
32 1 65
3 1 1
4 1 51
9 1 5
32 1 68
63 1 2
65 1 35
1 1 3
79 2 46
27 2 33
62 1 51
32 1 44
45 1 86
67 1 27
26 1 19
78 1 3
11 1 1
24 1 7
74 1 27
3 4 1
15 1 11
44 1 5
1 2 16
73 1 35
18 1 11
? 1 github_java_program_data/2/117.java

25 1 35
1 2 8
5 2 3
63 1 71
1 2 23
1 5 3
44 1 71
4 1 49
44 1 1
3 2 108
25 1 108
25 1 24
24 1 7
71 2 5
22 2 3
7 1 6
2 2 3
0 1 3
26 1 3
31 2 21
82 2 2
5 2 1
32 1 31
2 2 1
49 1 9
21 1 11
14 1 13
9 1 3
44 1 3
20 1 19
15 1 7
63 1 1
44 1 82
63 1 109
86 1 1
3 1 23
18 1 7
1 4 3
23 2 3
7 1 1
3 2 23
26 1 25
13 1 15
108 1 7
3 4 1
63 1 62
7 1 22
1 2 4
4 2 32
20 1 1
109 2 71
44 1 32
44 2 63
3 2 15
22 2 1
0 2 82
26 1 1
7 1 20
3 2 22
1 2 22
25 1 3
2 1 3
63 1 35
86 2 25
31 1 11
44 1 0
21 2 31
23 2 1
62 2 35
31 1 7
1 2 62
13 1 2
108 2 35
35 1 44
19 1 18
44 1 4
82 2 71
71 2 3
63 2 44
25 1 71
109 1 1
35 1 63
1 2 19
45 1 25
22 2 20
20 1 3
32 1 21
3 2 19
35 1 31
1 1 23
2 1 1
1 1 22
63 1 5
7 1 10
3 2 25
3 1 1
5 1 3
3 2 4
9 1 5
1 1 3
13 1 3
11 1 20
45 1 86
71 2 2
1 2 25
11 1 26
14 2 21
32 1 14
3 1 22
3 1 8
44 1 2
? 1 github_java_program_data/2/130.java

32 1 34
25 1 35
1 2 8
23 2 22
5 2 3
32 1 40
1 2 23
67 2 43
44 1 71
4 1 49
64 6 63
44 1 1
34 1 61
23 2 6
41 2 21
29 2 32
3 5 1
2 2 3
39 1 35
35 1 21
15 2 30
33 1 32
40 1 30
30 2 28
40 1 33
21 2 36
27 2 37
4 2 32
20 1 19
63 1 1
3 1 12
3 1 23
27 2 32
23 2 20
34 1 39
65 1 32
42 1 32
22 2 23
10 2 23
9 1 15
44 2 63
20 2 22
64 1 7
3 2 25
40 2 43
67 2 21
34 1 30
28 1 11
63 1 4
7 1 22
23 2 26
30 2 35
17 2 68
1 2 19
38 1 37
7 1 1
14 2 36
23 2 1
9 1 2
5 1 3
7 1 20
35 1 40
17 1 13
36 1 35
3 2 22
1 2 22
3 1 1
35 1 65
3 7 1
14 1 13
13 1 71
31 1 11
21 2 43
26 2 22
1 1 12
11 1 22
29 1 30
82 2 2
14 1 9
31 1 7
68 1 4
16 2 30
38 1 15
7 1 3
5 1 1
26 2 23
14 2 41
29 1 28
21 1 7
22 2 6
27 2 28
35 1 43
19 1 24
82 2 5
19 1 18
15 1 9
27 1 11
43 6 63
6 2 22
14 2 17
64 1 11
40 1 27
39 2 61
63 2 44
25 1 71
5 2 1
18 2 24
29 1 16
44 1 35
8 1 7
29 1 27
63 1 32
11 1 3
2 1 1
63 1 3
63 1 5
68 2 44
7 1 10
67 1 30
11 1 23
40 2 21
7 1 26
17 2 41
18 1 11
13 1 3
38 2 35
37 1 7
11 1 20
43 6 44
38 2 32
13 1 1
71 2 2
24 2 18
38 1 27
36 1 29
3 2 4
11 1 26
7 1 23
27 2 35
32 1 14
44 1 62
68 1 32
26 1 3
9 1 16
3 1 8
1 2 15
44 1 2
63 1 82
31 2 21
30 2 37
27 2 39
21 2 40
1 2 62
1 7 3
33 2 42
68 1 82
31 2 14
24 1 11
25 1 24
14 2 67
22 2 1
32 1 64
71 2 5
22 2 3
71 2 1
1 2 35
7 1 6
22 2 10
13 1 16
32 1 43
37 1 11
3 1 22
2 1 3
35 1 67
30 1 7
32 1 31
12 1 7
2 2 1
43 1 7
32 1 17
49 1 9
25 1 18
67 1 35
44 1 3
49 1 13
11 1 6
31 2 40
25 1 1
36 1 32
65 1 27
18 1 7
17 2 67
22 2 20
34 1 42
39 1 32
9 1 1
3 2 16
27 1 7
9 1 3
68 1 3
16 1 7
13 1 15
34 1 33
21 2 31
11 1 10
30 2 39
1 2 4
33 1 35
20 1 1
41 1 35
41 1 32
6 2 23
43 1 11
17 1 9
44 1 32
3 2 15
15 1 7
21 1 11
32 1 67
26 1 1
23 2 10
3 2 23
29 1 15
15 1 13
1 1 8
35 1 17
17 2 65
16 1 11
35 1 34
36 2 31
11 1 1
12 1 11
62 2 35
67 1 32
1 2 25
17 2 14
64 6 44
82 2 3
26 1 25
51 1 13
1 4 3
40 2 64
3 2 12
22 2 26
35 1 14
27 2 33
30 1 11
13 1 2
31 2 34
35 1 44
13 1 5
1 5 3
29 2 35
15 2 27
3 2 62
41 2 31
40 1 39
21 2 34
62 2 32
35 1 63
3 2 8
65 2 31
45 1 25
20 1 3
32 1 21
9 1 82
3 2 19
35 1 31
1 1 23
65 1 30
1 1 22
61 1 35
32 1 65
34 1 27
35 1 36
34 2 64
35 1 64
9 1 5
63 1 2
65 1 35
1 1 3
36 2 21
32 1 41
8 1 11
23 2 3
62 1 51
35 1 68
30 2 33
67 1 27
41 1 38
24 1 7
14 2 21
20 2 23
16 2 27
3 4 1
15 1 11
44 1 5
1 2 16
1 2 12
38 1 16
38 1 30
? 1 github_java_program_data/2/134.java

63 1 0
32 1 34
82 2 2
4 2 35
21 2 64
23 2 22
5 2 3
32 1 40
18 1 3
65 2 43
4 1 49
39 1 11
64 6 63
44 1 1
3 1 1
32 1 87
23 2 6
3 7 1
3 1 25
31 2 65
3 5 1
51 1 78
0 1 3
39 1 35
35 1 21
45 1 46
24 1 3
26 1 25
30 2 32
14 2 17
32 1 56
63 1 71
3 2 16
44 1 109
1 2 25
4 2 32
20 1 19
63 1 1
44 1 82
3 1 23
27 2 39
23 2 20
65 1 32
22 2 23
10 2 23
9 1 15
108 1 1
20 2 22
3 1 19
64 1 7
3 2 25
67 2 21
109 1 3
34 1 30
17 2 21
63 1 4
7 1 22
23 2 26
30 2 35
14 2 68
40 2 34
40 2 14
21 2 67
22 2 6
7 1 1
23 2 1
9 1 2
5 1 3
61 1 7
7 1 20
0 2 71
35 1 40
56 1 7
20 1 3
3 2 22
1 2 22
51 1 3
35 1 65
1 2 73
63 1 35
13 1 71
31 1 11
26 2 22
65 2 64
67 2 64
21 2 31
25 1 24
40 2 17
49 1 108
14 1 9
3 2 78
31 1 7
51 1 13
17 1 9
10 2 22
7 1 3
5 1 1
26 2 23
42 1 35
1 1 23
44 2 63
20 2 23
35 1 43
19 1 24
0 1 1
19 1 18
1 1 19
27 1 11
43 6 63
6 2 22
3 2 15
64 1 11
40 1 27
39 2 61
63 2 44
25 1 71
5 2 1
1 2 19
22 2 1
20 1 25
1 2 23
34 2 31
63 1 32
11 1 3
2 1 1
63 1 3
63 1 5
73 1 7
7 1 10
67 1 30
11 1 26
68 1 71
2 2 3
14 2 65
7 1 26
62 1 49
13 1 3
109 2 71
76 1 39
11 1 20
43 6 44
13 1 1
71 2 2
24 2 18
49 1 3
3 2 4
3 4 1
7 1 23
27 2 35
1 1 62
32 1 14
44 1 62
34 2 14
68 1 32
26 1 3
9 1 16
79 2 46
1 2 15
44 1 2
76 1 61
34 2 40
65 2 67
17 1 13
31 2 21
67 2 31
17 2 14
25 1 32
21 2 40
51 1 9
31 2 17
1 7 3
67 1 35
16 1 7
3 2 108
24 1 11
68 2 44
35 1 87
65 2 34
33 1 32
1 1 25
46 1 3
32 1 64
71 2 5
22 2 3
71 2 1
35 1 64
7 1 6
22 2 10
13 1 16
79 1 3
32 1 43
40 2 21
3 1 22
2 1 3
35 1 67
30 1 7
32 1 31
18 1 1
2 2 1
43 1 7
14 1 13
32 1 17
9 1 3
25 1 18
44 1 3
49 1 13
11 1 6
63 1 109
11 1 23
65 1 27
18 1 7
3 1 4
17 2 67
22 2 20
34 1 42
39 1 32
9 1 1
45 1 79
27 1 7
3 2 23
65 2 21
31 2 43
40 1 30
13 1 15
34 1 33
1 5 3
11 1 10
32 1 63
30 2 39
24 1 1
11 1 22
1 2 4
33 1 35
20 1 1
7 1 3
6 2 23
43 1 11
35 1 56
44 1 32
73 2 32
0 2 82
15 1 7
21 1 11
32 1 67
26 1 1
23 2 10
11 1 76
65 2 14
33 2 42
35 1 17
17 2 65
35 1 34
34 2 17
62 2 35
67 1 32
44 1 0
18 2 24
16 1 11
68 1 4
1 4 3
25 1 1
22 2 26
35 1 14
87 1 7
30 1 11
76 1 27
13 1 2
67 2 34
46 2 79
13 1 5
67 2 40
87 1 11
3 2 62
27 2 32
40 1 39
23 2 3
62 2 32
109 1 1
65 2 31
45 1 25
68 1 1
32 1 21
9 1 82
3 2 19
35 1 31
21 1 7
82 2 5
65 1 30
1 1 22
44 1 35
109 2 82
32 1 65
34 1 27
4 1 51
9 1 5
32 1 68
63 1 2
65 1 35
1 1 3
1 2 16
27 2 33
62 1 51
32 1 44
65 2 87
30 2 33
67 1 27
26 1 19
78 1 3
11 1 1
24 1 7
14 2 21
31 2 34
25 1 73
49 1 9
15 1 11
44 1 5
1 2 62
18 1 11
79 2 25
? 1 github_java_program_data/2/146.java

63 1 0
32 1 34
5 2 3
63 1 71
18 1 3
4 1 49
44 1 1
25 1 108
108 1 37
3 7 1
3 1 25
3 5 1
14 2 65
2 2 3
1 1 62
35 1 21
13 1 5
24 1 3
26 1 25
14 2 40
3 2 16
37 1 3
82 2 1
4 2 32
20 1 19
86 1 3
17 2 68
44 1 82
3 1 23
27 2 32
73 1 30
34 1 27
22 2 23
10 2 23
9 1 15
44 2 63
20 2 22
3 1 19
3 2 25
74 1 32
109 1 3
108 2 32
63 1 4
7 1 22
23 2 26
30 2 35
46 2 25
109 2 71
1 2 19
22 2 6
7 1 1
82 2 5
9 1 2
1 1 25
7 1 20
0 2 71
35 1 40
17 1 13
20 1 3
3 2 22
32 2 27
1 2 22
22 2 1
63 1 35
13 1 71
31 1 11
26 2 22
65 2 64
21 2 31
33 1 32
63 2 44
23 2 1
14 1 9
43 1 7
31 1 7
68 1 4
32 1 73
51 2 49
7 1 3
26 2 23
1 1 23
27 2 39
14 2 64
35 1 43
51 1 78
0 1 1
19 1 18
1 1 19
27 1 11
82 2 71
9 1 71
6 2 22
14 2 17
64 1 11
40 1 27
1 1 22
25 1 71
5 2 1
63 1 5
22 2 20
20 1 25
1 2 23
49 2 51
63 1 32
11 1 3
2 1 1
63 1 3
51 1 1
68 2 44
7 1 10
5 1 1
5 1 3
22 2 10
7 1 26
62 1 49
11 1 23
2 1 82
11 1 20
43 6 44
13 1 1
74 2 43
68 1 71
24 2 18
3 2 4
11 1 26
7 1 23
0 1 3
32 1 14
44 1 62
68 1 32
26 1 3
9 1 16
34 2 21
1 2 15
44 1 2
65 2 67
23 2 22
46 1 1
1 2 108
17 2 14
25 1 32
51 1 9
1 2 78
1 7 3
64 1 7
21 2 14
24 1 11
32 1 63
25 1 24
32 1 64
43 6 63
71 2 5
22 2 3
71 2 1
35 1 64
7 1 6
13 1 3
13 1 16
79 1 3
32 1 43
40 2 21
3 1 22
31 2 21
82 2 2
32 1 31
13 1 82
18 1 1
2 2 1
49 1 9
14 1 13
32 1 17
9 1 3
25 1 18
1 2 25
44 1 3
49 1 13
15 1 7
63 1 109
86 2 79
19 1 24
32 1 48
18 1 7
1 4 3
23 2 3
39 1 32
9 1 1
45 1 79
3 2 23
14 2 73
16 1 7
13 1 15
34 1 33
11 1 10
24 1 1
11 1 22
1 2 4
20 1 1
71 2 2
43 1 11
17 1 9
44 1 32
3 2 15
11 1 6
21 1 11
32 1 67
26 1 1
1 2 62
23 2 10
63 1 1
17 2 65
5 1 82
2 1 3
67 1 32
44 1 0
64 6 44
18 2 24
16 1 11
62 2 35
25 1 1
22 2 26
45 1 46
35 1 14
30 1 11
13 1 2
67 2 17
35 2 30
3 1 4
1 5 3
4 2 35
73 2 43
3 2 62
40 1 39
23 2 6
23 2 20
62 2 32
109 1 1
0 2 82
45 1 25
68 1 1
32 1 21
9 1 82
3 2 19
35 1 31
21 1 7
35 1 74
65 1 30
49 1 1
44 1 35
32 1 65
3 1 1
4 1 51
9 1 5
32 1 68
63 1 2
65 1 35
1 1 3
79 2 46
27 2 33
62 1 51
32 1 44
45 1 86
67 1 27
26 1 19
78 1 3
11 1 1
24 1 7
74 1 27
3 4 1
15 1 11
44 1 5
1 2 16
73 1 35
18 1 11
? 1 github_java_program_data/2/147.java

25 1 35
1 2 8
5 2 3
63 1 71
1 2 23
1 5 3
44 1 71
4 1 49
44 1 1
3 2 108
25 1 108
25 1 24
24 1 7
71 2 5
22 2 3
7 1 6
2 2 3
0 1 3
26 1 3
31 2 21
82 2 2
5 2 1
32 1 31
2 2 1
49 1 9
21 1 11
14 1 13
9 1 3
44 1 3
20 1 19
15 1 7
63 1 1
44 1 82
63 1 109
86 1 1
3 1 23
18 1 7
1 4 3
23 2 3
7 1 1
3 2 23
26 1 25
13 1 15
108 1 7
3 4 1
63 1 62
7 1 22
1 2 4
4 2 32
20 1 1
109 2 71
44 1 32
44 2 63
3 2 15
22 2 1
0 2 82
26 1 1
7 1 20
3 2 22
1 2 22
25 1 3
2 1 3
63 1 35
86 2 25
31 1 11
44 1 0
21 2 31
23 2 1
62 2 35
31 1 7
1 2 62
13 1 2
108 2 35
35 1 44
19 1 18
44 1 4
82 2 71
71 2 3
63 2 44
25 1 71
109 1 1
35 1 63
1 2 19
45 1 25
22 2 20
20 1 3
32 1 21
3 2 19
35 1 31
1 1 23
2 1 1
1 1 22
63 1 5
7 1 10
3 2 25
3 1 1
5 1 3
3 2 4
9 1 5
1 1 3
13 1 3
11 1 20
45 1 86
71 2 2
1 2 25
11 1 26
14 2 21
32 1 14
3 1 22
3 1 8
44 1 2
? 1 github_java_program_data/2/160.java

1 2 8
5 2 3
32 1 40
65 2 43
4 1 49
34 1 61
27 1 11
40 1 61
67 2 40
35 1 21
26 1 25
40 1 33
63 1 71
1 7 3
21 2 67
20 1 19
44 1 82
3 1 23
27 2 32
23 2 20
34 1 39
65 1 32
29 1 27
32 1 11
20 2 22
3 2 25
1 2 16
28 1 11
7 1 22
30 2 35
39 2 42
16 2 30
44 2 63
40 1 42
63 1 32
5 1 3
7 1 20
21 2 14
17 1 13
3 2 22
63 1 35
31 1 11
16 1 13
11 1 22
43 1 11
31 1 7
51 1 13
17 1 9
4 2 35
42 1 35
27 2 28
18 1 11
82 2 5
15 1 9
23 2 6
9 1 71
3 2 15
40 1 27
61 1 32
13 2 9
8 1 7
20 1 25
11 1 3
9 2 13
63 1 5
11 1 23
32 1 7
14 2 68
14 2 65
7 1 26
11 1 26
37 1 7
2 1 82
11 1 20
43 6 44
38 2 32
13 1 1
68 1 71
24 2 18
36 2 43
44 1 62
9 1 16
34 2 21
3 1 8
1 2 15
46 1 1
51 1 9
64 1 7
35 1 11
25 1 24
14 2 67
32 1 64
1 1 12
30 2 32
13 1 16
32 1 43
2 1 3
82 2 2
30 1 7
32 1 31
35 1 55
18 1 1
2 2 1
32 1 17
9 1 3
25 1 18
11 1 6
61 1 35
33 2 61
2 1 1
65 1 27
82 2 1
17 2 67
34 1 42
9 1 1
40 2 21
27 1 7
32 1 55
31 2 43
40 1 30
13 1 15
1 2 4
23 2 1
10 2 23
14 2 41
22 2 1
32 1 67
23 2 10
29 1 15
21 2 36
33 2 42
35 1 34
36 1 32
62 2 35
3 2 12
35 1 64
68 1 1
13 1 2
35 1 44
3 2 62
71 2 1
71 2 3
3 4 1
35 1 63
32 1 46
36 1 35
9 1 82
21 1 7
65 1 30
45 1 86
44 1 35
9 1 5
63 1 2
86 2 79
11 1 32
30 2 33
67 1 27
26 1 19
41 1 38
1 2 25
45 1 25
44 1 5
79 2 46
1 2 12
32 1 34
25 1 35
31 2 17
1 2 23
44 1 1
14 2 36
3 7 1
3 5 1
36 2 17
32 1 36
2 2 3
39 1 35
45 1 46
30 2 28
4 2 32
1 2 62
63 1 1
3 1 12
5 1 71
27 2 39
34 1 27
42 1 32
62 2 32
9 1 15
28 1 7
3 1 19
34 1 30
63 1 4
7 1 1
24 1 11
35 1 67
9 1 2
35 1 40
17 2 14
79 1 1
25 1 3
35 1 65
14 1 13
31 2 67
29 2 32
41 2 40
29 1 30
14 1 9
68 1 4
51 2 49
38 1 15
7 1 3
26 2 23
29 1 28
38 1 37
20 2 23
35 1 43
19 1 24
19 1 18
18 2 24
82 2 71
14 2 17
64 1 11
39 2 61
1 1 22
25 1 71
5 2 1
1 2 19
22 2 20
49 2 51
64 6 63
34 2 41
63 1 3
23 2 26
68 2 44
7 1 10
7 1 6
5 1 1
62 1 49
13 1 3
38 2 35
21 2 65
14 2 40
71 2 2
36 1 29
4 1 51
82 2 3
7 1 23
27 2 35
32 1 14
26 1 3
44 1 2
23 2 22
30 2 37
21 2 40
67 1 35
65 2 34
33 1 32
71 2 5
22 2 3
1 2 22
67 1 30
22 2 10
37 1 11
3 1 22
31 2 21
12 1 7
15 2 27
43 1 7
49 1 9
44 1 3
86 1 1
7 1 32
18 1 7
1 4 3
27 2 33
39 1 32
3 2 16
3 2 23
35 1 68
16 1 7
34 1 33
21 2 31
32 1 21
11 1 10
30 2 39
33 1 35
20 1 1
41 1 35
41 1 32
44 1 32
31 2 65
15 1 7
21 1 11
26 1 1
15 1 13
1 1 8
35 1 17
35 1 41
12 1 11
67 1 32
24 1 7
15 2 30
16 1 11
17 2 34
22 2 26
35 1 14
30 1 11
35 1 48
13 1 5
1 5 3
29 2 35
41 2 43
40 1 39
3 2 8
17 2 21
46 2 25
20 1 3
16 1 9
3 2 19
35 1 31
1 1 23
63 2 44
32 1 65
3 1 1
35 1 36
7 1 35
3 2 4
17 2 40
65 1 35
1 1 3
3 2 35
32 1 41
8 1 11
23 2 3
62 1 51
65 2 21
22 2 6
11 1 1
31 2 34
68 1 35
15 1 11
45 1 79
38 1 30
38 1 16
? 1 github_java_program_data/2/171.java

3 2 4
63 1 82
82 2 5
82 2 2
1 1 23
25 1 32
18 1 3
44 1 71
4 1 49
68 1 82
44 1 1
24 1 11
32 1 63
1 2 23
25 1 24
3 2 32
32 1 64
43 6 63
54 1 1
22 2 3
54 1 71
54 1 32
13 1 3
79 1 3
32 1 43
3 1 22
35 1 21
20 1 25
14 2 44
11 1 23
32 1 31
54 2 44
5 2 3
18 1 1
2 2 1
43 1 7
63 1 35
32 1 17
9 1 3
1 2 25
44 1 3
49 1 13
11 1 6
71 2 3
44 1 82
3 7 1
25 1 1
3 1 23
43 6 44
63 2 54
45 1 104
82 2 1
1 2 32
1 7 3
23 2 3
68 1 62
9 1 1
32 1 54
3 2 23
3 1 19
64 1 7
26 1 25
25 2 104
13 1 15
17 2 68
63 1 62
63 1 4
7 1 22
1 2 4
20 1 1
68 1 3
43 1 11
17 1 9
44 1 32
44 2 63
7 1 1
22 2 1
9 1 2
5 1 3
7 1 20
104 1 32
68 1 1
3 2 22
1 2 22
2 1 3
54 1 62
14 1 13
31 1 11
26 1 3
24 1 7
3 2 35
17 2 14
64 6 44
104 2 25
23 2 1
14 1 9
51 1 13
31 1 7
68 1 4
7 1 3
35 1 14
68 2 63
44 2 68
35 1 64
62 2 32
13 1 2
35 1 43
35 1 44
13 1 5
19 1 18
1 1 19
44 1 4
4 2 35
3 2 62
14 2 17
64 1 11
23 2 6
45 1 79
25 1 71
5 2 1
35 1 63
44 1 35
45 1 25
104 1 3
32 1 21
71 2 1
3 2 19
35 1 31
11 1 3
2 1 1
63 1 3
1 1 22
63 1 5
68 2 44
64 6 63
3 2 25
5 1 1
68 1 71
4 1 51
9 1 5
32 1 68
63 1 2
1 1 3
62 1 49
3 1 1
63 1 32
1 2 19
62 1 51
32 1 44
13 1 1
71 2 2
21 1 7
2 2 3
11 1 1
104 1 35
11 1 26
7 1 23
32 1 14
44 1 62
68 1 32
68 1 35
49 1 9
15 1 11
44 1 5
1 2 62
1 2 15
44 1 2
79 2 25
? 1 github_java_program_data/2/174.java

63 1 0
32 1 34
82 2 2
4 2 35
21 2 64
23 2 22
5 2 3
32 1 40
18 1 3
65 2 43
4 1 49
39 1 11
64 6 63
44 1 1
3 1 1
32 1 87
23 2 6
3 7 1
3 1 25
31 2 65
3 5 1
51 1 78
0 1 3
39 1 35
35 1 21
45 1 46
24 1 3
26 1 25
30 2 32
14 2 17
32 1 56
63 1 71
3 2 16
44 1 109
1 2 25
4 2 32
20 1 19
63 1 1
44 1 82
3 1 23
27 2 39
23 2 20
65 1 32
22 2 23
10 2 23
9 1 15
108 1 1
20 2 22
3 1 19
64 1 7
3 2 25
67 2 21
109 1 3
34 1 30
17 2 21
63 1 4
7 1 22
23 2 26
30 2 35
14 2 68
40 2 34
40 2 14
21 2 67
22 2 6
7 1 1
23 2 1
9 1 2
5 1 3
61 1 7
7 1 20
0 2 71
35 1 40
56 1 7
20 1 3
3 2 22
1 2 22
51 1 3
35 1 65
1 2 73
63 1 35
13 1 71
31 1 11
26 2 22
65 2 64
67 2 64
21 2 31
25 1 24
40 2 17
49 1 108
14 1 9
3 2 78
31 1 7
51 1 13
17 1 9
10 2 22
7 1 3
5 1 1
26 2 23
42 1 35
1 1 23
44 2 63
20 2 23
35 1 43
19 1 24
0 1 1
19 1 18
1 1 19
27 1 11
43 6 63
6 2 22
3 2 15
64 1 11
40 1 27
39 2 61
63 2 44
25 1 71
5 2 1
1 2 19
22 2 1
20 1 25
1 2 23
34 2 31
63 1 32
11 1 3
2 1 1
63 1 3
63 1 5
73 1 7
7 1 10
67 1 30
11 1 26
68 1 71
2 2 3
14 2 65
7 1 26
62 1 49
13 1 3
109 2 71
76 1 39
11 1 20
43 6 44
13 1 1
71 2 2
24 2 18
49 1 3
3 2 4
3 4 1
7 1 23
27 2 35
1 1 62
32 1 14
44 1 62
34 2 14
68 1 32
26 1 3
9 1 16
79 2 46
1 2 15
44 1 2
76 1 61
34 2 40
65 2 67
17 1 13
31 2 21
67 2 31
17 2 14
25 1 32
21 2 40
51 1 9
31 2 17
1 7 3
67 1 35
16 1 7
3 2 108
24 1 11
68 2 44
35 1 87
65 2 34
33 1 32
1 1 25
46 1 3
32 1 64
71 2 5
22 2 3
71 2 1
35 1 64
7 1 6
22 2 10
13 1 16
79 1 3
32 1 43
40 2 21
3 1 22
2 1 3
35 1 67
30 1 7
32 1 31
18 1 1
2 2 1
43 1 7
14 1 13
32 1 17
9 1 3
25 1 18
44 1 3
49 1 13
11 1 6
63 1 109
11 1 23
65 1 27
18 1 7
3 1 4
17 2 67
22 2 20
34 1 42
39 1 32
9 1 1
45 1 79
27 1 7
3 2 23
65 2 21
31 2 43
40 1 30
13 1 15
34 1 33
1 5 3
11 1 10
32 1 63
30 2 39
24 1 1
11 1 22
1 2 4
33 1 35
20 1 1
7 1 3
6 2 23
43 1 11
35 1 56
44 1 32
73 2 32
0 2 82
15 1 7
21 1 11
32 1 67
26 1 1
23 2 10
11 1 76
65 2 14
33 2 42
35 1 17
17 2 65
35 1 34
34 2 17
62 2 35
67 1 32
44 1 0
18 2 24
16 1 11
68 1 4
1 4 3
25 1 1
22 2 26
35 1 14
87 1 7
30 1 11
76 1 27
13 1 2
67 2 34
46 2 79
13 1 5
67 2 40
87 1 11
3 2 62
27 2 32
40 1 39
23 2 3
62 2 32
109 1 1
65 2 31
45 1 25
68 1 1
32 1 21
9 1 82
3 2 19
35 1 31
21 1 7
82 2 5
65 1 30
1 1 22
44 1 35
109 2 82
32 1 65
34 1 27
4 1 51
9 1 5
32 1 68
63 1 2
65 1 35
1 1 3
1 2 16
27 2 33
62 1 51
32 1 44
65 2 87
30 2 33
67 1 27
26 1 19
78 1 3
11 1 1
24 1 7
14 2 21
31 2 34
25 1 73
49 1 9
15 1 11
44 1 5
1 2 62
18 1 11
79 2 25
? 1 github_java_program_data/2/176.java

32 1 34
25 1 35
23 2 22
5 2 3
32 1 40
1 2 23
44 1 71
4 1 49
44 1 1
3 7 1
3 5 1
67 2 40
39 1 35
35 1 21
11 1 23
26 1 25
1 7 3
82 2 1
21 2 67
20 1 19
33 1 7
17 2 68
3 1 23
27 2 32
65 1 32
3 4 1
9 1 15
67 1 35
3 2 25
67 2 21
23 2 3
63 1 4
7 1 22
30 2 35
44 2 63
7 1 1
7 1 76
22 2 20
9 1 2
5 1 3
7 1 20
17 1 13
68 1 1
3 2 22
1 2 22
25 1 3
63 1 35
13 1 71
31 1 11
21 2 31
25 1 24
14 1 9
43 1 7
31 1 7
68 1 4
76 1 27
7 1 3
42 1 35
21 1 7
18 1 11
19 1 18
18 2 24
27 1 11
14 2 17
30 2 32
63 2 44
25 1 71
5 2 1
1 2 19
22 2 1
64 6 63
11 1 3
2 1 1
63 1 3
68 2 44
7 1 10
5 1 1
7 1 26
3 1 1
11 1 20
43 6 44
71 2 2
24 2 18
2 2 3
11 1 26
7 1 23
4 2 35
32 1 14
44 1 62
68 1 32
3 1 22
9 1 16
44 1 2
76 1 61
65 2 67
63 1 82
31 2 21
17 2 14
1 2 62
68 1 82
24 1 11
65 2 34
33 1 32
71 2 5
22 2 3
35 1 64
7 1 6
13 1 3
13 1 16
32 1 43
26 1 3
76 1 33
82 2 2
30 1 7
32 1 31
64 1 7
2 2 1
49 1 9
32 1 17
9 1 3
25 1 18
44 1 3
49 1 13
11 1 6
33 2 61
86 1 1
19 1 24
18 1 7
1 4 3
34 1 42
9 1 1
3 2 16
27 1 7
3 2 23
40 1 30
34 1 33
11 1 10
30 2 39
11 1 22
1 2 4
4 2 32
20 1 1
23 2 1
17 1 9
44 1 32
3 2 15
15 1 7
21 1 11
32 1 67
26 1 1
23 2 10
33 2 42
35 1 17
17 2 65
2 1 3
86 2 25
67 1 32
1 2 25
3 2 35
64 6 44
16 1 11
51 1 13
22 2 26
35 1 14
27 2 35
30 1 11
13 1 2
35 1 44
13 1 5
1 5 3
61 1 11
3 2 62
40 1 39
71 2 3
62 2 32
35 1 63
45 1 25
20 1 3
32 1 21
9 1 82
3 2 19
35 1 31
1 1 23
65 1 30
1 1 22
32 1 65
34 1 27
3 2 4
9 1 5
63 1 2
65 1 35
1 1 3
21 2 17
27 2 33
62 1 51
35 1 68
45 1 86
67 1 27
11 1 1
24 1 7
15 1 11
44 1 5
1 2 16
14 2 21
? 1 github_java_program_data/2/178.java

54 2 63
32 1 34
25 1 35
23 2 22
5 2 3
63 1 71
18 1 3
27 2 37
44 1 71
4 1 49
44 1 1
37 1 7
14 2 36
25 1 108
27 1 11
22 2 1
41 2 21
3 1 25
29 2 32
3 4 1
54 1 71
104 2 63
14 2 31
32 1 36
2 2 3
1 1 62
68 2 54
39 1 35
35 1 21
44 2 63
45 1 46
24 1 3
40 1 30
30 2 32
30 2 28
32 1 40
3 2 16
71 2 1
82 2 1
4 2 32
20 1 19
78 1 1
82 2 3
44 1 82
3 1 23
73 2 32
27 2 32
23 2 20
44 2 104
34 1 27
25 1 71
17 2 54
9 1 15
28 1 7
20 2 22
3 1 19
64 1 7
3 5 1
3 2 25
40 2 43
30 2 39
54 1 4
25 2 14
34 1 30
63 1 62
63 1 4
7 1 22
30 2 35
39 2 42
1 2 19
38 1 37
7 1 1
40 1 42
9 1 2
35 1 54
5 1 3
35 1 104
7 1 20
35 1 40
17 1 13
104 1 3
3 2 22
26 1 25
79 1 1
51 1 3
35 1 65
3 7 1
14 1 13
31 1 11
26 2 22
16 1 13
11 1 22
29 1 30
23 2 1
14 1 9
31 1 7
51 1 13
51 2 49
38 1 15
7 1 3
1 5 3
21 2 43
42 1 35
29 1 28
1 1 23
9 2 13
20 2 23
35 1 43
51 1 78
82 2 5
19 1 18
1 1 19
108 1 37
71 2 5
14 2 17
64 1 11
22 2 23
63 2 44
32 1 54
5 2 1
14 2 40
29 1 16
23 2 26
22 2 20
20 1 25
1 2 23
68 2 44
49 2 51
63 1 32
11 1 3
2 1 1
63 1 3
63 1 5
73 1 7
7 1 10
67 1 30
5 1 1
1 1 25
22 2 10
7 1 26
18 1 11
62 1 49
3 1 1
38 2 35
1 1 4
11 1 20
43 6 44
38 2 32
13 1 1
71 2 2
24 2 18
38 1 27
36 1 29
49 1 3
3 2 4
11 1 26
7 1 23
27 2 35
1 2 108
32 1 14
44 1 62
14 2 68
26 1 3
9 1 16
79 2 46
1 2 15
44 1 2
63 1 82
44 1 5
63 1 2
17 2 14
25 1 32
51 1 9
31 2 17
1 7 3
68 1 82
24 1 11
15 2 27
32 1 63
104 1 73
25 1 24
3 2 78
46 1 3
32 1 64
43 6 63
54 1 1
22 2 3
35 1 44
54 1 32
7 1 6
13 1 3
13 1 16
79 1 3
32 1 43
37 1 11
3 1 22
41 1 38
82 2 2
30 1 7
32 1 31
1 2 22
18 1 1
2 2 1
43 1 7
63 1 35
32 1 17
9 1 3
25 1 18
44 1 3
49 1 13
15 1 7
22 2 6
36 2 40
25 1 1
86 1 1
86 2 79
19 1 24
37 1 1
14 2 65
65 1 27
18 1 7
54 1 82
17 2 67
1 4 3
23 2 3
39 1 32
9 1 1
45 1 79
27 1 7
3 2 23
54 2 68
35 1 68
68 1 3
16 1 7
13 1 15
34 1 33
21 2 31
32 1 21
11 1 10
30 2 33
24 1 1
1 2 4
33 1 35
20 1 1
41 1 35
41 1 32
43 1 11
17 1 9
44 1 32
36 2 41
3 2 15
11 1 6
21 1 11
32 1 67
26 1 1
40 2 41
23 2 10
29 1 15
15 1 13
35 1 17
2 1 3
54 1 62
3 2 73
62 2 35
36 1 32
1 2 25
15 2 30
64 6 44
35 1 25
18 2 24
16 1 11
68 1 4
14 2 25
17 2 34
45 1 25
22 2 26
35 1 14
108 2 35
35 1 64
13 1 2
67 2 34
46 2 79
67 1 32
13 1 5
3 2 32
44 1 4
4 2 35
54 1 35
3 2 62
40 1 39
23 2 6
62 2 32
63 1 1
35 1 63
26 2 23
3 2 19
65 2 31
35 1 41
30 1 11
20 1 3
16 1 9
104 1 32
35 1 31
21 1 7
65 1 30
1 1 22
44 1 35
32 1 65
25 1 3
65 1 32
4 1 51
9 1 5
11 1 23
65 1 35
1 1 3
67 2 14
34 2 43
1 2 16
32 1 41
27 2 33
62 1 51
32 1 44
45 1 86
7 1 3
26 1 19
17 2 36
11 1 1
24 1 7
27 2 28
16 2 27
68 1 35
49 1 9
15 1 11
29 1 27
1 2 62
31 2 21
38 1 16
79 2 25
? 1 github_java_program_data/2/184.java

82 2 5
1 2 8
5 2 3
32 1 40
44 1 71
0 1 25
4 1 49
54 1 3
27 1 11
3 1 25
54 1 71
67 2 40
35 1 21
26 1 25
40 1 33
27 2 37
20 1 19
34 1 33
44 1 82
33 2 47
3 1 23
27 2 32
23 2 20
34 1 39
65 1 32
11 1 10
29 1 27
20 2 22
3 2 25
63 1 4
7 1 22
30 2 35
40 2 34
16 2 30
38 1 37
40 1 42
63 1 32
1 1 25
40 1 39
7 1 20
21 2 14
17 1 13
3 2 22
63 1 35
31 1 11
16 1 13
11 1 22
43 1 11
31 1 7
51 1 13
4 2 35
21 2 43
42 1 35
27 2 28
18 1 11
0 1 1
15 1 9
23 2 6
2 1 71
9 1 71
40 1 27
22 2 23
13 2 9
31 2 64
29 1 16
8 1 7
20 1 25
11 1 3
2 1 1
63 1 5
34 2 31
11 1 26
14 2 68
14 2 65
7 1 26
11 1 23
37 1 7
11 1 20
43 6 44
38 2 32
13 1 1
24 2 18
38 1 27
46 2 79
44 1 62
9 1 16
3 1 8
1 2 15
54 1 0
46 1 1
51 1 9
74 1 35
64 1 7
24 1 11
25 1 24
14 2 67
32 1 64
1 1 12
30 2 32
73 2 40
13 1 16
32 1 43
35 1 34
82 2 2
30 1 7
32 1 31
13 1 82
18 1 1
15 2 27
32 1 17
9 1 3
25 1 18
49 1 13
11 1 6
65 1 27
82 2 1
17 2 67
23 2 3
40 2 14
9 1 1
40 2 21
27 1 7
1 7 3
47 1 34
31 2 43
40 1 30
13 1 15
24 1 1
1 2 4
32 1 65
23 2 1
17 1 9
22 2 1
32 1 67
23 2 10
29 1 15
36 2 34
33 2 42
5 1 82
2 1 3
54 1 62
67 2 43
36 1 32
64 6 44
35 1 25
62 2 35
3 2 12
73 2 34
35 1 64
68 1 1
13 1 2
35 1 44
3 2 62
41 2 31
31 2 36
71 2 1
71 2 3
62 2 32
109 1 1
35 1 63
104 1 3
79 2 46
9 1 82
40 2 31
21 1 7
35 1 74
65 1 30
44 1 35
109 2 82
54 2 44
36 2 31
63 1 2
34 2 43
32 1 44
30 2 33
26 1 19
1 2 25
16 2 27
32 2 30
1 2 16
73 1 35
1 2 12
32 1 34
3 2 32
21 2 64
63 1 82
1 5 3
18 1 3
44 1 1
29 2 35
3 7 1
65 2 36
3 1 19
14 2 31
32 1 36
2 2 3
39 1 35
45 1 46
24 1 3
4 1 51
30 2 28
35 1 46
21 2 36
44 1 109
4 2 32
1 2 62
63 1 1
3 1 12
27 2 39
73 1 30
34 1 27
3 4 1
9 1 15
28 1 7
40 1 47
67 1 35
3 5 1
34 1 30
28 1 11
17 2 54
7 1 1
22 2 20
9 1 2
35 1 40
17 2 14
79 1 1
25 1 3
35 1 65
14 1 13
13 1 71
26 2 22
29 2 32
41 2 40
29 1 30
14 1 9
68 1 4
32 1 73
51 2 49
38 1 15
7 1 3
26 2 23
21 2 46
1 1 23
9 2 13
20 2 23
35 1 43
19 1 24
19 1 18
1 1 19
82 2 71
14 2 17
64 1 11
63 2 44
25 1 71
5 2 1
3 1 22
1 2 19
1 4 3
1 2 23
49 2 51
64 6 63
63 1 3
23 2 26
68 2 44
7 1 10
7 1 6
63 2 25
5 1 1
5 1 3
62 1 49
13 1 3
38 2 35
14 2 40
71 2 2
36 1 29
104 1 35
7 1 23
35 2 30
32 1 14
9 1 5
26 1 3
44 1 2
34 2 40
23 2 22
31 2 21
30 2 37
25 1 32
68 1 82
65 2 34
33 1 32
31 2 73
43 6 63
71 2 5
22 2 3
1 2 22
54 1 32
0 2 71
67 1 30
22 2 10
37 1 11
74 2 14
41 1 38
21 2 73
79 2 104
21 2 41
12 1 7
2 2 1
43 1 7
36 2 14
49 1 9
44 1 3
18 1 7
36 2 21
27 2 33
39 1 32
3 2 16
104 1 71
3 2 23
16 1 7
31 2 41
21 2 34
21 2 31
32 1 21
73 1 32
30 2 39
33 1 35
20 1 1
41 1 35
41 1 32
44 1 32
71 2 82
3 2 15
15 1 7
21 1 11
26 1 1
1 1 8
35 1 17
44 2 63
12 1 11
14 2 74
24 1 7
15 2 30
18 2 24
16 1 11
22 2 26
35 1 14
30 1 11
35 1 73
13 1 5
31 2 17
44 1 4
36 1 35
3 2 8
17 2 21
35 1 41
20 1 3
16 1 9
3 2 19
35 1 31
32 1 54
74 1 30
1 1 22
17 2 31
3 1 1
35 1 36
15 1 11
3 2 4
29 1 28
17 2 40
44 1 5
1 1 3
3 2 35
32 1 41
8 1 11
62 1 51
35 1 68
22 2 6
11 1 1
45 1 104
14 2 21
31 2 34
68 1 35
34 2 17
34 2 64
45 1 79
38 1 30
38 1 16
? 1 github_java_program_data/2/186.java

32 1 34
25 1 35
1 2 8
23 2 22
5 2 3
31 2 21
1 2 23
44 1 71
4 1 49
44 1 1
23 2 6
3 7 1
3 5 1
14 2 65
2 2 3
39 1 35
35 1 21
45 1 46
11 1 23
16 1 7
30 2 32
14 2 17
3 2 16
71 2 1
4 2 32
20 1 19
63 1 1
3 1 12
44 1 82
3 1 23
27 2 32
23 2 20
65 1 32
42 1 32
22 2 23
9 1 15
67 2 65
67 1 35
3 2 25
40 2 43
67 2 21
1 2 16
34 1 30
17 2 21
63 1 4
7 1 22
30 2 35
39 2 42
46 2 25
1 2 19
22 2 6
7 1 1
40 1 42
9 1 2
5 1 3
65 2 17
7 1 20
35 1 40
17 1 13
20 1 3
3 2 22
26 1 25
79 1 1
25 1 3
35 1 65
63 1 35
13 1 71
31 1 11
65 2 64
67 2 64
21 2 31
25 1 24
82 2 2
14 1 9
31 1 7
51 1 13
51 2 49
10 2 22
7 1 3
21 1 7
44 2 63
20 2 23
35 1 43
19 1 24
82 2 5
19 1 18
18 2 24
27 1 11
82 2 71
6 2 22
11 1 6
64 1 11
40 1 27
63 2 44
25 1 71
5 2 1
14 2 40
23 2 26
8 1 7
68 2 44
49 2 51
64 6 63
11 1 3
2 1 1
63 1 3
30 2 33
63 1 5
34 2 31
7 1 10
67 1 30
5 1 1
68 1 71
22 2 10
7 1 26
62 1 49
3 1 1
11 1 20
21 2 65
13 1 1
79 2 46
24 2 18
3 2 4
11 1 26
7 1 23
27 2 35
32 1 14
44 1 62
68 1 32
26 1 3
9 1 16
3 1 8
1 2 15
34 2 40
63 1 82
46 1 1
44 1 5
17 2 14
51 1 9
86 2 79
1 7 3
23 2 1
64 1 7
31 2 14
24 1 11
65 2 34
33 1 32
14 2 67
32 1 64
43 6 63
71 2 5
22 2 3
1 2 22
7 1 6
13 1 3
13 1 16
32 1 43
3 1 22
2 1 3
35 1 67
30 1 7
32 1 31
13 1 82
2 2 1
43 1 7
14 1 13
32 1 17
49 1 9
25 1 18
44 1 3
49 1 13
15 1 7
86 1 1
43 6 44
65 1 27
18 1 7
17 2 67
1 4 3
23 2 3
39 1 32
9 1 1
45 1 79
27 1 7
9 1 3
65 2 21
31 2 43
40 1 30
13 1 15
34 1 33
11 1 10
30 2 39
11 1 22
1 2 4
33 1 35
20 1 1
43 1 11
17 1 9
44 1 32
71 2 82
3 2 15
22 2 1
21 1 11
32 1 67
26 1 1
23 2 10
3 2 23
1 1 8
35 1 17
17 2 65
35 1 34
6 2 23
62 2 35
67 1 32
1 2 25
3 2 35
16 1 11
68 1 4
3 2 12
22 2 26
35 1 14
35 1 64
13 1 2
35 1 44
13 1 5
1 5 3
32 1 65
4 2 35
3 2 62
27 2 39
40 1 39
71 2 3
62 2 32
35 1 63
3 2 8
65 2 31
45 1 25
68 1 1
32 1 21
9 1 82
3 2 19
35 1 31
1 1 23
65 1 30
1 1 22
44 1 35
30 1 11
34 1 27
4 1 51
9 1 5
63 1 2
65 1 35
1 1 3
12 1 7
8 1 11
27 2 33
62 1 51
35 1 68
45 1 86
67 1 27
11 1 1
24 1 7
3 4 1
15 1 11
1 1 12
1 2 62
17 2 68
18 1 11
1 2 12
? 1 github_java_program_data/2/189.java

1 4 3
23 2 22
35 1 21
25 1 35
5 2 3
32 1 40
1 2 23
44 1 71
4 1 49
44 1 1
3 2 22
23 2 6
3 7 1
33 1 32
17 2 65
40 1 61
71 2 5
22 2 3
1 2 22
1 2 35
7 1 6
13 1 16
2 2 3
3 1 22
39 1 35
35 1 65
35 1 67
11 1 23
32 1 31
14 2 44
2 2 1
40 1 33
3 2 16
9 1 3
4 2 32
49 1 13
11 1 6
44 1 82
25 1 1
3 1 23
27 2 32
34 1 39
17 2 67
42 1 32
34 1 42
22 2 23
9 1 1
9 1 15
27 1 7
35 1 34
3 5 1
16 1 7
21 2 34
11 1 10
34 1 30
30 2 39
7 1 22
1 2 4
30 2 35
39 2 42
67 1 27
23 2 1
17 1 9
44 1 32
22 2 6
7 1 1
3 2 15
15 1 7
21 1 11
5 1 3
23 2 10
3 2 23
65 2 14
17 2 14
35 1 17
9 1 2
14 1 9
3 1 1
2 1 3
14 1 13
31 1 11
67 1 32
11 1 22
16 1 11
31 1 7
33 2 61
10 2 22
7 1 3
35 1 14
27 2 33
30 1 11
13 1 2
35 1 44
1 5 3
44 1 4
82 2 71
9 1 71
14 2 17
71 2 1
40 1 27
25 1 71
5 2 1
67 2 31
45 1 25
22 2 1
32 1 21
9 1 82
35 1 31
11 1 3
2 1 1
65 1 30
1 1 22
61 1 35
7 1 10
5 1 1
9 1 5
65 1 35
1 1 3
13 1 3
23 2 3
13 1 1
71 2 2
21 1 7
11 1 1
1 1 23
7 1 23
1 7 3
3 4 1
15 1 11
44 1 5
1 2 16
1 2 15
31 2 21
? 1 github_java_program_data/2/195.java

3 2 4
63 1 82
82 2 5
82 2 2
1 1 23
25 1 32
18 1 3
44 1 71
4 1 49
68 1 82
44 1 1
24 1 11
32 1 63
1 2 23
25 1 24
3 2 32
32 1 64
43 6 63
54 1 1
22 2 3
54 1 71
54 1 32
13 1 3
79 1 3
32 1 43
3 1 22
35 1 21
20 1 25
14 2 44
11 1 23
32 1 31
54 2 44
5 2 3
18 1 1
2 2 1
43 1 7
63 1 35
32 1 17
9 1 3
1 2 25
44 1 3
49 1 13
11 1 6
71 2 3
44 1 82
3 7 1
25 1 1
3 1 23
43 6 44
63 2 54
45 1 104
82 2 1
1 2 32
1 7 3
23 2 3
68 1 62
9 1 1
32 1 54
3 2 23
3 1 19
64 1 7
26 1 25
25 2 104
13 1 15
17 2 68
63 1 62
63 1 4
7 1 22
1 2 4
20 1 1
68 1 3
43 1 11
17 1 9
44 1 32
44 2 63
7 1 1
22 2 1
9 1 2
5 1 3
7 1 20
104 1 32
68 1 1
3 2 22
1 2 22
2 1 3
54 1 62
14 1 13
31 1 11
26 1 3
24 1 7
3 2 35
17 2 14
64 6 44
104 2 25
23 2 1
14 1 9
51 1 13
31 1 7
68 1 4
7 1 3
35 1 14
68 2 63
44 2 68
35 1 64
62 2 32
13 1 2
35 1 43
35 1 44
13 1 5
19 1 18
1 1 19
44 1 4
4 2 35
3 2 62
14 2 17
64 1 11
23 2 6
45 1 79
25 1 71
5 2 1
35 1 63
44 1 35
45 1 25
104 1 3
32 1 21
71 2 1
3 2 19
35 1 31
11 1 3
2 1 1
63 1 3
1 1 22
63 1 5
68 2 44
64 6 63
3 2 25
5 1 1
68 1 71
4 1 51
9 1 5
32 1 68
63 1 2
1 1 3
62 1 49
3 1 1
63 1 32
1 2 19
62 1 51
32 1 44
13 1 1
71 2 2
21 1 7
2 2 3
11 1 1
104 1 35
11 1 26
7 1 23
32 1 14
44 1 62
68 1 32
68 1 35
49 1 9
15 1 11
44 1 5
1 2 62
1 2 15
44 1 2
79 2 25
? 1 github_java_program_data/2/204.java

63 1 0
32 1 34
5 2 3
63 1 71
18 1 3
4 1 49
44 1 1
25 1 108
108 1 37
3 7 1
3 1 25
3 5 1
14 2 65
2 2 3
1 1 62
35 1 21
13 1 5
24 1 3
26 1 25
14 2 40
3 2 16
37 1 3
82 2 1
4 2 32
20 1 19
86 1 3
17 2 68
44 1 82
3 1 23
27 2 32
73 1 30
34 1 27
22 2 23
10 2 23
9 1 15
44 2 63
20 2 22
3 1 19
3 2 25
74 1 32
109 1 3
108 2 32
63 1 4
7 1 22
23 2 26
30 2 35
46 2 25
109 2 71
1 2 19
22 2 6
7 1 1
82 2 5
9 1 2
1 1 25
7 1 20
0 2 71
35 1 40
17 1 13
20 1 3
3 2 22
32 2 27
1 2 22
22 2 1
63 1 35
13 1 71
31 1 11
26 2 22
65 2 64
21 2 31
33 1 32
63 2 44
23 2 1
14 1 9
43 1 7
31 1 7
68 1 4
32 1 73
51 2 49
7 1 3
26 2 23
1 1 23
27 2 39
14 2 64
35 1 43
51 1 78
0 1 1
19 1 18
1 1 19
27 1 11
82 2 71
9 1 71
6 2 22
14 2 17
64 1 11
40 1 27
1 1 22
25 1 71
5 2 1
63 1 5
22 2 20
20 1 25
1 2 23
49 2 51
63 1 32
11 1 3
2 1 1
63 1 3
51 1 1
68 2 44
7 1 10
5 1 1
5 1 3
22 2 10
7 1 26
62 1 49
11 1 23
2 1 82
11 1 20
43 6 44
13 1 1
74 2 43
68 1 71
24 2 18
3 2 4
11 1 26
7 1 23
0 1 3
32 1 14
44 1 62
68 1 32
26 1 3
9 1 16
34 2 21
1 2 15
44 1 2
65 2 67
23 2 22
46 1 1
1 2 108
17 2 14
25 1 32
51 1 9
1 2 78
1 7 3
64 1 7
21 2 14
24 1 11
32 1 63
25 1 24
32 1 64
43 6 63
71 2 5
22 2 3
71 2 1
35 1 64
7 1 6
13 1 3
13 1 16
79 1 3
32 1 43
40 2 21
3 1 22
31 2 21
82 2 2
32 1 31
13 1 82
18 1 1
2 2 1
49 1 9
14 1 13
32 1 17
9 1 3
25 1 18
1 2 25
44 1 3
49 1 13
15 1 7
63 1 109
86 2 79
19 1 24
32 1 48
18 1 7
1 4 3
23 2 3
39 1 32
9 1 1
45 1 79
3 2 23
14 2 73
16 1 7
13 1 15
34 1 33
11 1 10
24 1 1
11 1 22
1 2 4
20 1 1
71 2 2
43 1 11
17 1 9
44 1 32
3 2 15
11 1 6
21 1 11
32 1 67
26 1 1
1 2 62
23 2 10
63 1 1
17 2 65
5 1 82
2 1 3
67 1 32
44 1 0
64 6 44
18 2 24
16 1 11
62 2 35
25 1 1
22 2 26
45 1 46
35 1 14
30 1 11
13 1 2
67 2 17
35 2 30
3 1 4
1 5 3
4 2 35
73 2 43
3 2 62
40 1 39
23 2 6
23 2 20
62 2 32
109 1 1
0 2 82
45 1 25
68 1 1
32 1 21
9 1 82
3 2 19
35 1 31
21 1 7
35 1 74
65 1 30
49 1 1
44 1 35
32 1 65
3 1 1
4 1 51
9 1 5
32 1 68
63 1 2
65 1 35
1 1 3
79 2 46
27 2 33
62 1 51
32 1 44
45 1 86
67 1 27
26 1 19
78 1 3
11 1 1
24 1 7
74 1 27
3 4 1
15 1 11
44 1 5
1 2 16
73 1 35
18 1 11
? 1 github_java_program_data/2/207.java

63 1 0
32 1 34
3 2 32
52 1 40
63 1 71
1 2 23
44 1 71
4 1 49
64 6 63
44 1 1
23 2 6
47 2 52
3 7 1
40 1 61
56 1 35
3 5 1
56 1 27
14 2 31
2 2 3
0 1 3
39 1 35
35 1 21
11 1 23
26 1 25
5 2 3
65 2 43
40 1 33
32 1 40
3 2 16
52 2 47
82 2 1
4 2 32
20 1 19
63 1 1
44 1 82
33 2 47
54 2 55
3 1 23
27 2 39
23 2 20
34 1 39
65 1 32
40 1 52
3 4 1
9 1 15
44 2 63
20 2 22
40 1 47
64 1 7
3 2 25
1 2 16
34 1 30
63 1 4
7 1 22
23 2 26
32 1 56
40 2 34
39 2 52
53 1 7
7 1 1
40 1 42
9 1 2
5 1 3
7 1 20
35 1 40
17 1 13
68 1 1
3 2 22
1 2 22
25 1 3
35 1 65
63 1 35
31 1 11
26 2 22
21 2 31
33 1 32
63 2 44
23 2 1
14 1 9
31 1 7
51 1 13
10 2 23
10 2 22
7 1 3
26 2 23
42 1 35
21 1 7
22 2 6
20 2 23
35 1 43
19 1 24
82 2 5
19 1 18
27 1 11
82 2 71
14 2 17
64 1 11
40 1 27
39 2 61
61 1 32
25 1 71
5 2 1
1 2 19
22 2 1
14 2 56
48 2 54
68 2 44
63 1 32
11 1 3
2 1 1
63 1 3
63 1 5
34 2 31
7 1 10
34 2 63
5 1 1
22 2 10
7 1 26
55 2 53
35 1 53
62 1 49
3 1 1
35 1 54
43 6 44
13 1 1
71 2 2
47 2 42
3 2 4
11 1 26
7 1 23
27 2 35
32 1 14
44 1 62
68 1 32
3 1 22
9 1 16
44 2 34
1 2 15
44 1 2
34 2 40
63 1 82
31 2 21
17 2 14
25 1 32
21 2 40
51 1 9
1 7 3
68 1 82
1 1 22
24 1 11
32 1 63
25 1 24
32 1 64
43 6 63
71 2 5
22 2 3
79 1 1
7 1 6
13 1 3
13 1 16
32 1 43
40 2 21
26 1 3
2 1 3
82 2 2
30 1 7
54 1 11
35 1 55
14 2 44
2 2 1
43 1 7
14 1 13
32 1 17
9 1 3
25 1 18
44 1 3
49 1 13
15 1 7
31 2 40
11 1 20
65 1 27
35 1 48
22 2 20
23 2 3
39 1 32
9 1 1
45 1 79
27 1 7
3 2 23
47 1 34
31 2 43
16 1 7
13 1 15
34 1 33
11 1 10
30 2 39
63 1 62
11 1 22
1 2 4
33 1 35
20 1 1
43 1 11
17 1 9
44 1 32
71 2 82
3 2 15
11 1 6
21 1 11
26 1 1
23 2 10
1 1 8
35 1 17
17 2 65
35 1 34
62 2 35
1 2 25
32 1 31
64 6 44
68 1 4
1 4 3
22 2 26
35 1 14
30 1 11
13 1 2
35 1 44
13 1 5
1 5 3
44 1 4
4 2 35
3 2 62
40 1 39
71 2 3
62 2 32
40 1 30
35 1 63
3 2 8
0 2 82
45 1 25
40 2 44
20 1 3
32 1 21
3 2 19
35 1 31
1 1 23
6 2 22
18 1 7
44 1 35
52 1 34
34 1 27
4 1 51
9 1 5
32 1 68
17 2 40
63 1 2
63 2 68
27 2 32
1 1 3
21 2 17
27 2 33
62 1 51
32 1 44
30 2 33
11 1 1
24 1 7
14 2 21
31 2 34
53 2 48
49 1 9
15 1 11
44 1 5
1 2 62
18 1 11
79 2 25
? 1 github_java_program_data/2/215.java

32 1 34
82 2 2
23 2 22
5 2 3
32 1 40
1 2 23
44 1 71
4 1 49
64 6 63
44 1 1
34 1 61
23 2 6
3 7 1
40 1 61
3 5 1
2 2 3
35 1 21
33 1 32
26 1 25
14 2 40
65 2 43
40 1 33
40 2 17
3 2 16
71 2 1
82 2 1
4 2 32
20 1 19
63 1 1
17 2 68
44 1 82
3 1 23
27 2 32
23 2 20
34 1 39
34 1 27
42 1 32
25 1 71
9 1 15
44 2 63
40 1 47
67 1 35
3 2 25
67 2 21
34 1 30
17 2 21
63 1 4
7 1 22
23 2 26
30 2 35
39 2 42
1 2 19
9 2 13
7 1 1
40 1 42
9 1 2
5 1 3
7 1 20
35 1 40
17 1 13
68 1 1
3 2 22
1 2 22
14 1 13
31 1 11
67 2 64
21 2 31
11 1 22
63 2 44
23 2 1
14 1 9
31 1 7
51 1 13
10 2 23
7 1 3
21 2 43
42 1 35
21 1 7
22 2 6
20 2 23
35 1 43
19 1 24
82 2 5
19 1 18
27 1 11
43 6 63
6 2 22
14 2 17
64 1 11
40 1 27
39 2 61
61 1 32
22 2 23
5 2 1
13 2 9
44 1 35
22 2 1
17 2 31
63 1 32
11 1 3
2 1 1
63 1 3
63 1 5
68 2 44
7 1 10
67 1 30
11 1 23
22 2 10
7 1 26
62 1 49
5 1 1
11 1 20
21 2 65
13 1 1
71 2 2
3 2 4
11 1 26
7 1 23
27 2 35
32 1 14
44 1 62
68 1 32
26 1 3
9 1 16
1 2 15
44 1 2
63 1 82
31 2 21
67 2 31
17 2 14
25 1 32
51 1 9
1 7 3
68 1 82
31 2 14
24 1 11
32 1 63
65 2 34
25 1 24
14 2 67
32 1 64
71 2 5
22 2 3
7 1 6
13 1 3
13 1 16
79 1 3
32 1 43
3 1 22
2 1 3
35 1 67
30 1 7
32 1 31
64 1 7
2 2 1
43 1 7
32 1 17
9 1 3
25 1 18
44 1 3
49 1 13
11 1 6
31 2 40
25 1 1
16 1 7
43 6 44
65 1 27
35 1 48
1 2 32
17 2 67
1 4 3
34 1 42
39 1 32
9 1 1
45 1 79
27 1 7
3 2 23
65 2 21
47 1 34
40 1 30
13 1 15
34 1 33
11 1 10
30 2 39
1 2 4
33 1 35
20 1 1
43 1 11
17 1 9
44 1 32
71 2 82
3 2 15
15 1 7
21 1 11
32 1 67
26 1 1
23 2 10
33 2 42
35 1 17
35 1 34
67 2 43
62 2 35
67 1 32
1 2 25
64 6 44
16 1 11
68 1 4
33 2 61
22 2 26
35 1 14
34 2 65
27 2 33
35 1 64
13 1 2
13 1 5
1 5 3
32 1 65
3 2 62
40 1 39
62 2 32
65 2 31
45 1 25
20 1 3
32 1 21
3 2 19
35 1 31
1 1 23
65 1 30
1 1 22
61 1 35
30 1 11
3 1 1
34 2 64
4 1 51
9 1 5
32 1 68
17 2 40
63 1 2
65 1 35
1 1 3
1 2 16
23 2 3
62 1 51
32 1 44
67 1 27
18 1 7
11 1 1
24 1 7
14 2 21
31 2 34
39 2 47
3 4 1
49 1 9
15 1 11
44 1 5
1 2 62
18 1 11
79 2 25
? 1 github_java_program_data/2/228.java

3 2 4
63 1 82
82 2 5
82 2 2
1 1 23
25 1 32
18 1 3
44 1 71
4 1 49
68 1 82
44 1 1
24 1 11
32 1 63
1 2 23
25 1 24
3 2 32
32 1 64
43 6 63
54 1 1
22 2 3
54 1 71
54 1 32
13 1 3
79 1 3
32 1 43
3 1 22
35 1 21
20 1 25
14 2 44
11 1 23
32 1 31
54 2 44
5 2 3
18 1 1
2 2 1
43 1 7
63 1 35
32 1 17
9 1 3
1 2 25
44 1 3
49 1 13
11 1 6
71 2 3
44 1 82
3 7 1
25 1 1
3 1 23
43 6 44
63 2 54
45 1 104
82 2 1
1 2 32
1 7 3
23 2 3
68 1 62
9 1 1
32 1 54
3 2 23
3 1 19
64 1 7
26 1 25
25 2 104
13 1 15
17 2 68
63 1 62
63 1 4
7 1 22
1 2 4
20 1 1
68 1 3
43 1 11
17 1 9
44 1 32
44 2 63
7 1 1
22 2 1
9 1 2
5 1 3
7 1 20
104 1 32
68 1 1
3 2 22
1 2 22
2 1 3
54 1 62
14 1 13
31 1 11
26 1 3
24 1 7
3 2 35
17 2 14
64 6 44
104 2 25
23 2 1
14 1 9
51 1 13
31 1 7
68 1 4
7 1 3
35 1 14
68 2 63
44 2 68
35 1 64
62 2 32
13 1 2
35 1 43
35 1 44
13 1 5
19 1 18
1 1 19
44 1 4
4 2 35
3 2 62
14 2 17
64 1 11
23 2 6
45 1 79
25 1 71
5 2 1
35 1 63
44 1 35
45 1 25
104 1 3
32 1 21
71 2 1
3 2 19
35 1 31
11 1 3
2 1 1
63 1 3
1 1 22
63 1 5
68 2 44
64 6 63
3 2 25
5 1 1
68 1 71
4 1 51
9 1 5
32 1 68
63 1 2
1 1 3
62 1 49
3 1 1
63 1 32
1 2 19
62 1 51
32 1 44
13 1 1
71 2 2
21 1 7
2 2 3
11 1 1
104 1 35
11 1 26
7 1 23
32 1 14
44 1 62
68 1 32
68 1 35
49 1 9
15 1 11
44 1 5
1 2 62
1 2 15
44 1 2
79 2 25
? 1 github_java_program_data/2/234.java

63 1 0
32 1 34
5 2 3
63 1 71
18 1 3
4 1 49
44 1 1
25 1 108
108 1 37
3 7 1
3 1 25
3 5 1
14 2 65
2 2 3
1 1 62
35 1 21
13 1 5
24 1 3
26 1 25
14 2 40
3 2 16
37 1 3
82 2 1
4 2 32
20 1 19
86 1 3
17 2 68
44 1 82
3 1 23
27 2 32
73 1 30
34 1 27
22 2 23
10 2 23
9 1 15
44 2 63
20 2 22
3 1 19
3 2 25
74 1 32
109 1 3
108 2 32
63 1 4
7 1 22
23 2 26
30 2 35
46 2 25
109 2 71
1 2 19
22 2 6
7 1 1
82 2 5
9 1 2
1 1 25
7 1 20
0 2 71
35 1 40
17 1 13
20 1 3
3 2 22
32 2 27
1 2 22
22 2 1
63 1 35
13 1 71
31 1 11
26 2 22
65 2 64
21 2 31
33 1 32
63 2 44
23 2 1
14 1 9
43 1 7
31 1 7
68 1 4
32 1 73
51 2 49
7 1 3
26 2 23
1 1 23
27 2 39
14 2 64
35 1 43
51 1 78
0 1 1
19 1 18
1 1 19
27 1 11
82 2 71
9 1 71
6 2 22
14 2 17
64 1 11
40 1 27
1 1 22
25 1 71
5 2 1
63 1 5
22 2 20
20 1 25
1 2 23
49 2 51
63 1 32
11 1 3
2 1 1
63 1 3
51 1 1
68 2 44
7 1 10
5 1 1
5 1 3
22 2 10
7 1 26
62 1 49
11 1 23
2 1 82
11 1 20
43 6 44
13 1 1
74 2 43
68 1 71
24 2 18
3 2 4
11 1 26
7 1 23
0 1 3
32 1 14
44 1 62
68 1 32
26 1 3
9 1 16
34 2 21
1 2 15
44 1 2
65 2 67
23 2 22
46 1 1
1 2 108
17 2 14
25 1 32
51 1 9
1 2 78
1 7 3
64 1 7
21 2 14
24 1 11
32 1 63
25 1 24
32 1 64
43 6 63
71 2 5
22 2 3
71 2 1
35 1 64
7 1 6
13 1 3
13 1 16
79 1 3
32 1 43
40 2 21
3 1 22
31 2 21
82 2 2
32 1 31
13 1 82
18 1 1
2 2 1
49 1 9
14 1 13
32 1 17
9 1 3
25 1 18
1 2 25
44 1 3
49 1 13
15 1 7
63 1 109
86 2 79
19 1 24
32 1 48
18 1 7
1 4 3
23 2 3
39 1 32
9 1 1
45 1 79
3 2 23
14 2 73
16 1 7
13 1 15
34 1 33
11 1 10
24 1 1
11 1 22
1 2 4
20 1 1
71 2 2
43 1 11
17 1 9
44 1 32
3 2 15
11 1 6
21 1 11
32 1 67
26 1 1
1 2 62
23 2 10
63 1 1
17 2 65
5 1 82
2 1 3
67 1 32
44 1 0
64 6 44
18 2 24
16 1 11
62 2 35
25 1 1
22 2 26
45 1 46
35 1 14
30 1 11
13 1 2
67 2 17
35 2 30
3 1 4
1 5 3
4 2 35
73 2 43
3 2 62
40 1 39
23 2 6
23 2 20
62 2 32
109 1 1
0 2 82
45 1 25
68 1 1
32 1 21
9 1 82
3 2 19
35 1 31
21 1 7
35 1 74
65 1 30
49 1 1
44 1 35
32 1 65
3 1 1
4 1 51
9 1 5
32 1 68
63 1 2
65 1 35
1 1 3
79 2 46
27 2 33
62 1 51
32 1 44
45 1 86
67 1 27
26 1 19
78 1 3
11 1 1
24 1 7
74 1 27
3 4 1
15 1 11
44 1 5
1 2 16
73 1 35
18 1 11
? 1 github_java_program_data/2/237.java

3 2 4
63 1 82
82 2 5
82 2 2
1 1 23
25 1 32
18 1 3
44 1 71
4 1 49
68 1 82
44 1 1
24 1 11
32 1 63
1 2 23
25 1 24
3 2 32
32 1 64
43 6 63
54 1 1
22 2 3
54 1 71
54 1 32
13 1 3
79 1 3
32 1 43
3 1 22
35 1 21
20 1 25
14 2 44
11 1 23
32 1 31
54 2 44
5 2 3
18 1 1
2 2 1
43 1 7
63 1 35
32 1 17
9 1 3
1 2 25
44 1 3
49 1 13
11 1 6
71 2 3
44 1 82
3 7 1
25 1 1
3 1 23
43 6 44
63 2 54
45 1 104
82 2 1
1 2 32
1 7 3
23 2 3
68 1 62
9 1 1
32 1 54
3 2 23
3 1 19
64 1 7
26 1 25
25 2 104
13 1 15
17 2 68
63 1 62
63 1 4
7 1 22
1 2 4
20 1 1
68 1 3
43 1 11
17 1 9
44 1 32
44 2 63
7 1 1
22 2 1
9 1 2
5 1 3
7 1 20
104 1 32
68 1 1
3 2 22
1 2 22
2 1 3
54 1 62
14 1 13
31 1 11
26 1 3
24 1 7
3 2 35
17 2 14
64 6 44
104 2 25
23 2 1
14 1 9
51 1 13
31 1 7
68 1 4
7 1 3
35 1 14
68 2 63
44 2 68
35 1 64
62 2 32
13 1 2
35 1 43
35 1 44
13 1 5
19 1 18
1 1 19
44 1 4
4 2 35
3 2 62
14 2 17
64 1 11
23 2 6
45 1 79
25 1 71
5 2 1
35 1 63
44 1 35
45 1 25
104 1 3
32 1 21
71 2 1
3 2 19
35 1 31
11 1 3
2 1 1
63 1 3
1 1 22
63 1 5
68 2 44
64 6 63
3 2 25
5 1 1
68 1 71
4 1 51
9 1 5
32 1 68
63 1 2
1 1 3
62 1 49
3 1 1
63 1 32
1 2 19
62 1 51
32 1 44
13 1 1
71 2 2
21 1 7
2 2 3
11 1 1
104 1 35
11 1 26
7 1 23
32 1 14
44 1 62
68 1 32
68 1 35
49 1 9
15 1 11
44 1 5
1 2 62
1 2 15
44 1 2
79 2 25
? 1 github_java_program_data/2/24.java

25 1 35
1 2 8
5 2 3
63 1 71
1 2 23
1 5 3
44 1 71
4 1 49
44 1 1
3 2 108
25 1 108
25 1 24
24 1 7
71 2 5
22 2 3
7 1 6
2 2 3
0 1 3
26 1 3
31 2 21
82 2 2
5 2 1
32 1 31
2 2 1
49 1 9
21 1 11
14 1 13
9 1 3
44 1 3
20 1 19
15 1 7
63 1 1
44 1 82
63 1 109
86 1 1
3 1 23
18 1 7
1 4 3
23 2 3
7 1 1
3 2 23
26 1 25
13 1 15
108 1 7
3 4 1
63 1 62
7 1 22
1 2 4
4 2 32
20 1 1
109 2 71
44 1 32
44 2 63
3 2 15
22 2 1
0 2 82
26 1 1
7 1 20
3 2 22
1 2 22
25 1 3
2 1 3
63 1 35
86 2 25
31 1 11
44 1 0
21 2 31
23 2 1
62 2 35
31 1 7
1 2 62
13 1 2
108 2 35
35 1 44
19 1 18
44 1 4
82 2 71
71 2 3
63 2 44
25 1 71
109 1 1
35 1 63
1 2 19
45 1 25
22 2 20
20 1 3
32 1 21
3 2 19
35 1 31
1 1 23
2 1 1
1 1 22
63 1 5
7 1 10
3 2 25
3 1 1
5 1 3
3 2 4
9 1 5
1 1 3
13 1 3
11 1 20
45 1 86
71 2 2
1 2 25
11 1 26
14 2 21
32 1 14
3 1 22
3 1 8
44 1 2
? 1 github_java_program_data/2/250.java

63 1 0
32 1 34
82 2 2
4 2 35
21 2 64
23 2 22
5 2 3
32 1 40
18 1 3
65 2 43
4 1 49
39 1 11
64 6 63
44 1 1
3 1 1
32 1 87
23 2 6
3 7 1
3 1 25
31 2 65
3 5 1
51 1 78
0 1 3
39 1 35
35 1 21
45 1 46
24 1 3
26 1 25
30 2 32
14 2 17
32 1 56
63 1 71
3 2 16
44 1 109
1 2 25
4 2 32
20 1 19
63 1 1
44 1 82
3 1 23
27 2 39
23 2 20
65 1 32
22 2 23
10 2 23
9 1 15
108 1 1
20 2 22
3 1 19
64 1 7
3 2 25
67 2 21
109 1 3
34 1 30
17 2 21
63 1 4
7 1 22
23 2 26
30 2 35
14 2 68
40 2 34
40 2 14
21 2 67
22 2 6
7 1 1
23 2 1
9 1 2
5 1 3
61 1 7
7 1 20
0 2 71
35 1 40
56 1 7
20 1 3
3 2 22
1 2 22
51 1 3
35 1 65
1 2 73
63 1 35
13 1 71
31 1 11
26 2 22
65 2 64
67 2 64
21 2 31
25 1 24
40 2 17
49 1 108
14 1 9
3 2 78
31 1 7
51 1 13
17 1 9
10 2 22
7 1 3
5 1 1
26 2 23
42 1 35
1 1 23
44 2 63
20 2 23
35 1 43
19 1 24
0 1 1
19 1 18
1 1 19
27 1 11
43 6 63
6 2 22
3 2 15
64 1 11
40 1 27
39 2 61
63 2 44
25 1 71
5 2 1
1 2 19
22 2 1
20 1 25
1 2 23
34 2 31
63 1 32
11 1 3
2 1 1
63 1 3
63 1 5
73 1 7
7 1 10
67 1 30
11 1 26
68 1 71
2 2 3
14 2 65
7 1 26
62 1 49
13 1 3
109 2 71
76 1 39
11 1 20
43 6 44
13 1 1
71 2 2
24 2 18
49 1 3
3 2 4
3 4 1
7 1 23
27 2 35
1 1 62
32 1 14
44 1 62
34 2 14
68 1 32
26 1 3
9 1 16
79 2 46
1 2 15
44 1 2
76 1 61
34 2 40
65 2 67
17 1 13
31 2 21
67 2 31
17 2 14
25 1 32
21 2 40
51 1 9
31 2 17
1 7 3
67 1 35
16 1 7
3 2 108
24 1 11
68 2 44
35 1 87
65 2 34
33 1 32
1 1 25
46 1 3
32 1 64
71 2 5
22 2 3
71 2 1
35 1 64
7 1 6
22 2 10
13 1 16
79 1 3
32 1 43
40 2 21
3 1 22
2 1 3
35 1 67
30 1 7
32 1 31
18 1 1
2 2 1
43 1 7
14 1 13
32 1 17
9 1 3
25 1 18
44 1 3
49 1 13
11 1 6
63 1 109
11 1 23
65 1 27
18 1 7
3 1 4
17 2 67
22 2 20
34 1 42
39 1 32
9 1 1
45 1 79
27 1 7
3 2 23
65 2 21
31 2 43
40 1 30
13 1 15
34 1 33
1 5 3
11 1 10
32 1 63
30 2 39
24 1 1
11 1 22
1 2 4
33 1 35
20 1 1
7 1 3
6 2 23
43 1 11
35 1 56
44 1 32
73 2 32
0 2 82
15 1 7
21 1 11
32 1 67
26 1 1
23 2 10
11 1 76
65 2 14
33 2 42
35 1 17
17 2 65
35 1 34
34 2 17
62 2 35
67 1 32
44 1 0
18 2 24
16 1 11
68 1 4
1 4 3
25 1 1
22 2 26
35 1 14
87 1 7
30 1 11
76 1 27
13 1 2
67 2 34
46 2 79
13 1 5
67 2 40
87 1 11
3 2 62
27 2 32
40 1 39
23 2 3
62 2 32
109 1 1
65 2 31
45 1 25
68 1 1
32 1 21
9 1 82
3 2 19
35 1 31
21 1 7
82 2 5
65 1 30
1 1 22
44 1 35
109 2 82
32 1 65
34 1 27
4 1 51
9 1 5
32 1 68
63 1 2
65 1 35
1 1 3
1 2 16
27 2 33
62 1 51
32 1 44
65 2 87
30 2 33
67 1 27
26 1 19
78 1 3
11 1 1
24 1 7
14 2 21
31 2 34
25 1 73
49 1 9
15 1 11
44 1 5
1 2 62
18 1 11
79 2 25
? 1 github_java_program_data/2/26.java

3 2 4
63 1 82
82 2 5
82 2 2
1 1 23
25 1 32
18 1 3
44 1 71
4 1 49
68 1 82
44 1 1
24 1 11
32 1 63
1 2 23
25 1 24
3 2 32
32 1 64
43 6 63
54 1 1
22 2 3
54 1 71
54 1 32
13 1 3
79 1 3
32 1 43
3 1 22
35 1 21
20 1 25
14 2 44
11 1 23
32 1 31
54 2 44
5 2 3
18 1 1
2 2 1
43 1 7
63 1 35
32 1 17
9 1 3
1 2 25
44 1 3
49 1 13
11 1 6
71 2 3
44 1 82
3 7 1
25 1 1
3 1 23
43 6 44
63 2 54
45 1 104
82 2 1
1 2 32
1 7 3
23 2 3
68 1 62
9 1 1
32 1 54
3 2 23
3 1 19
64 1 7
26 1 25
25 2 104
13 1 15
17 2 68
63 1 62
63 1 4
7 1 22
1 2 4
20 1 1
68 1 3
43 1 11
17 1 9
44 1 32
44 2 63
7 1 1
22 2 1
9 1 2
5 1 3
7 1 20
104 1 32
68 1 1
3 2 22
1 2 22
2 1 3
54 1 62
14 1 13
31 1 11
26 1 3
24 1 7
3 2 35
17 2 14
64 6 44
104 2 25
23 2 1
14 1 9
51 1 13
31 1 7
68 1 4
7 1 3
35 1 14
68 2 63
44 2 68
35 1 64
62 2 32
13 1 2
35 1 43
35 1 44
13 1 5
19 1 18
1 1 19
44 1 4
4 2 35
3 2 62
14 2 17
64 1 11
23 2 6
45 1 79
25 1 71
5 2 1
35 1 63
44 1 35
45 1 25
104 1 3
32 1 21
71 2 1
3 2 19
35 1 31
11 1 3
2 1 1
63 1 3
1 1 22
63 1 5
68 2 44
64 6 63
3 2 25
5 1 1
68 1 71
4 1 51
9 1 5
32 1 68
63 1 2
1 1 3
62 1 49
3 1 1
63 1 32
1 2 19
62 1 51
32 1 44
13 1 1
71 2 2
21 1 7
2 2 3
11 1 1
104 1 35
11 1 26
7 1 23
32 1 14
44 1 62
68 1 32
68 1 35
49 1 9
15 1 11
44 1 5
1 2 62
1 2 15
44 1 2
79 2 25
? 1 github_java_program_data/2/264.java

63 1 0
82 2 5
1 2 8
25 2 32
5 2 3
32 1 40
44 1 71
13 1 0
4 1 49
34 1 61
27 1 11
3 1 25
29 2 32
104 1 108
8 2 23
73 1 3
0 1 3
35 1 21
7 1 8
40 1 30
32 1 56
40 1 33
63 1 71
27 2 37
21 2 67
20 1 19
36 1 38
21 2 34
44 1 82
3 1 23
46 2 104
27 2 32
23 2 20
34 1 39
65 1 32
0 1 25
29 1 27
20 2 22
3 2 25
52 2 42
63 1 4
7 1 22
39 2 42
34 1 47
47 1 40
38 1 37
32 1 87
40 1 42
63 1 32
5 1 3
7 1 20
21 2 14
17 1 13
3 2 22
63 1 35
31 1 11
16 1 13
11 1 22
63 2 44
43 1 11
31 1 7
51 1 13
10 2 23
10 2 22
4 2 35
21 2 43
42 1 35
108 2 35
27 2 28
18 1 11
0 1 1
15 1 9
108 1 37
2 1 71
40 1 27
22 2 23
31 2 64
29 1 16
51 1 1
22 2 1
20 1 25
11 1 3
2 1 1
63 1 5
34 2 31
11 1 23
68 1 71
0 1 19
14 2 65
7 1 26
14 2 31
5 1 1
37 1 7
2 1 82
11 1 20
43 6 44
38 2 32
13 1 109
13 1 1
24 2 18
38 1 27
11 1 26
1 2 108
44 1 62
9 1 16
34 2 21
3 1 8
1 2 15
63 1 82
46 1 1
51 1 9
1 7 3
64 1 7
31 2 14
24 1 11
11 1 12
32 1 63
25 1 24
32 1 64
30 2 32
8 2 12
9 2 13
11 1 8
13 1 16
32 1 43
109 2 5
35 1 34
82 2 2
30 1 7
32 1 31
35 1 55
12 2 8
18 1 1
2 2 1
41 2 34
32 1 17
9 1 3
25 1 18
49 1 13
15 1 7
17 2 34
32 1 48
40 2 17
82 2 1
17 2 67
23 2 3
40 2 14
9 1 1
40 2 21
27 1 7
37 1 3
44 1 0
26 1 25
13 1 15
11 1 25
24 1 1
1 2 4
23 2 1
17 1 9
36 2 41
8 1 7
23 2 10
29 1 15
21 2 36
17 2 65
5 1 82
2 1 3
36 2 31
44 2 68
36 1 32
109 2 2
23 2 6
64 6 44
62 2 35
3 2 12
104 1 1
35 1 64
13 1 2
35 1 44
3 2 62
41 2 31
71 2 1
71 2 3
62 2 32
109 1 1
35 1 63
31 2 43
36 1 35
9 1 82
40 2 31
21 1 7
65 1 30
45 1 86
61 1 35
109 2 82
8 2 22
17 2 63
9 1 5
63 1 2
1 2 78
40 1 52
34 2 43
21 2 17
32 1 44
30 2 33
67 1 27
26 1 19
17 2 36
0 2 5
1 2 25
16 2 27
39 2 47
3 4 1
44 1 5
1 2 16
1 2 12
32 1 34
21 2 64
18 1 3
41 1 29
44 1 1
14 2 36
44 1 4
3 7 1
3 5 1
47 2 61
32 1 36
2 2 3
1 1 62
39 1 35
109 1 25
45 1 46
24 1 3
4 1 51
30 2 28
35 1 46
44 1 109
4 2 32
1 2 62
63 1 1
3 1 12
5 1 71
27 2 39
34 1 27
68 1 62
9 1 15
26 2 12
28 1 7
3 1 19
33 2 52
109 1 3
34 1 30
28 1 11
109 2 71
17 2 21
7 1 1
22 2 20
9 1 2
73 2 25
9 1 109
26 2 8
35 1 40
56 1 7
17 2 14
7 1 12
79 1 1
13 1 3
35 1 65
14 1 13
13 1 71
26 2 22
65 2 64
1 1 12
20 2 12
29 1 30
14 1 9
109 1 19
38 1 15
7 1 3
26 2 23
64 6 63
29 1 28
22 2 6
20 2 23
35 1 43
51 1 78
16 2 30
19 1 18
1 1 19
14 2 17
64 1 11
49 1 1
5 2 1
44 1 35
1 4 3
1 2 23
49 2 51
0 2 82
63 1 3
23 2 26
7 1 10
17 2 31
1 1 25
12 2 23
62 1 49
25 1 25
38 2 35
14 2 40
71 2 2
23 2 25
36 1 29
9 1 0
104 1 35
82 2 3
7 1 23
27 2 35
32 1 14
31 2 36
68 1 32
3 1 22
14 2 21
41 2 21
44 1 2
34 2 40
23 2 22
31 2 21
30 2 37
25 1 32
21 2 40
86 2 79
17 2 43
35 1 67
33 1 32
43 6 63
71 2 5
22 2 3
1 2 22
0 2 71
7 1 6
22 2 10
37 1 11
26 1 3
41 1 38
14 2 44
21 2 41
68 2 63
12 1 7
15 2 27
43 1 7
49 1 9
44 1 3
63 1 109
86 1 1
18 1 7
3 1 4
36 2 21
27 2 33
39 1 32
45 1 79
104 1 71
3 2 23
20 2 8
68 1 3
16 1 7
34 1 33
21 2 31
32 1 21
11 1 10
30 2 39
63 1 62
33 1 35
20 1 1
41 1 35
41 1 32
44 1 32
71 2 82
3 2 15
11 1 6
21 1 11
26 1 1
12 2 22
1 1 8
35 1 17
44 2 63
11 1 1
12 1 11
67 1 32
24 1 7
15 2 30
16 1 11
22 2 26
35 1 14
0 2 2
30 1 11
13 1 5
1 5 3
25 1 73
29 2 35
87 1 11
40 2 34
41 2 43
40 1 39
14 2 41
3 2 8
65 2 31
35 1 41
20 1 3
16 1 9
65 1 27
3 2 19
35 1 31
1 1 23
6 2 22
1 1 22
52 1 34
3 1 1
35 1 36
3 2 4
21 2 46
17 2 40
65 1 35
1 1 3
79 2 46
32 1 41
8 1 11
1 2 19
62 1 51
35 1 68
78 1 3
6 2 23
45 1 104
34 2 36
38 1 16
31 2 34
34 2 17
15 1 11
3 2 16
38 1 30
19 1 24
? 1 github_java_program_data/2/265.java

63 1 0
32 1 34
5 2 3
63 1 71
18 1 3
4 1 49
44 1 1
25 1 108
108 1 37
3 7 1
3 1 25
3 5 1
14 2 65
2 2 3
1 1 62
35 1 21
13 1 5
24 1 3
26 1 25
14 2 40
3 2 16
37 1 3
82 2 1
4 2 32
20 1 19
86 1 3
17 2 68
44 1 82
3 1 23
27 2 32
73 1 30
34 1 27
22 2 23
10 2 23
9 1 15
44 2 63
20 2 22
3 1 19
3 2 25
74 1 32
109 1 3
108 2 32
63 1 4
7 1 22
23 2 26
30 2 35
46 2 25
109 2 71
1 2 19
22 2 6
7 1 1
82 2 5
9 1 2
1 1 25
7 1 20
0 2 71
35 1 40
17 1 13
20 1 3
3 2 22
32 2 27
1 2 22
22 2 1
63 1 35
13 1 71
31 1 11
26 2 22
65 2 64
21 2 31
33 1 32
63 2 44
23 2 1
14 1 9
43 1 7
31 1 7
68 1 4
32 1 73
51 2 49
7 1 3
26 2 23
1 1 23
27 2 39
14 2 64
35 1 43
51 1 78
0 1 1
19 1 18
1 1 19
27 1 11
82 2 71
9 1 71
6 2 22
14 2 17
64 1 11
40 1 27
1 1 22
25 1 71
5 2 1
63 1 5
22 2 20
20 1 25
1 2 23
49 2 51
63 1 32
11 1 3
2 1 1
63 1 3
51 1 1
68 2 44
7 1 10
5 1 1
5 1 3
22 2 10
7 1 26
62 1 49
11 1 23
2 1 82
11 1 20
43 6 44
13 1 1
74 2 43
68 1 71
24 2 18
3 2 4
11 1 26
7 1 23
0 1 3
32 1 14
44 1 62
68 1 32
26 1 3
9 1 16
34 2 21
1 2 15
44 1 2
65 2 67
23 2 22
46 1 1
1 2 108
17 2 14
25 1 32
51 1 9
1 2 78
1 7 3
64 1 7
21 2 14
24 1 11
32 1 63
25 1 24
32 1 64
43 6 63
71 2 5
22 2 3
71 2 1
35 1 64
7 1 6
13 1 3
13 1 16
79 1 3
32 1 43
40 2 21
3 1 22
31 2 21
82 2 2
32 1 31
13 1 82
18 1 1
2 2 1
49 1 9
14 1 13
32 1 17
9 1 3
25 1 18
1 2 25
44 1 3
49 1 13
15 1 7
63 1 109
86 2 79
19 1 24
32 1 48
18 1 7
1 4 3
23 2 3
39 1 32
9 1 1
45 1 79
3 2 23
14 2 73
16 1 7
13 1 15
34 1 33
11 1 10
24 1 1
11 1 22
1 2 4
20 1 1
71 2 2
43 1 11
17 1 9
44 1 32
3 2 15
11 1 6
21 1 11
32 1 67
26 1 1
1 2 62
23 2 10
63 1 1
17 2 65
5 1 82
2 1 3
67 1 32
44 1 0
64 6 44
18 2 24
16 1 11
62 2 35
25 1 1
22 2 26
45 1 46
35 1 14
30 1 11
13 1 2
67 2 17
35 2 30
3 1 4
1 5 3
4 2 35
73 2 43
3 2 62
40 1 39
23 2 6
23 2 20
62 2 32
109 1 1
0 2 82
45 1 25
68 1 1
32 1 21
9 1 82
3 2 19
35 1 31
21 1 7
35 1 74
65 1 30
49 1 1
44 1 35
32 1 65
3 1 1
4 1 51
9 1 5
32 1 68
63 1 2
65 1 35
1 1 3
79 2 46
27 2 33
62 1 51
32 1 44
45 1 86
67 1 27
26 1 19
78 1 3
11 1 1
24 1 7
74 1 27
3 4 1
15 1 11
44 1 5
1 2 16
73 1 35
18 1 11
? 1 github_java_program_data/2/267.java

63 1 0
32 1 34
5 2 3
63 1 71
18 1 3
4 1 49
44 1 1
25 1 108
108 1 37
3 7 1
3 1 25
3 5 1
14 2 65
2 2 3
1 1 62
35 1 21
13 1 5
24 1 3
26 1 25
14 2 40
3 2 16
37 1 3
82 2 1
4 2 32
20 1 19
86 1 3
17 2 68
44 1 82
3 1 23
27 2 32
73 1 30
34 1 27
22 2 23
10 2 23
9 1 15
44 2 63
20 2 22
3 1 19
3 2 25
74 1 32
109 1 3
108 2 32
63 1 4
7 1 22
23 2 26
30 2 35
46 2 25
109 2 71
1 2 19
22 2 6
7 1 1
82 2 5
9 1 2
1 1 25
7 1 20
0 2 71
35 1 40
17 1 13
20 1 3
3 2 22
32 2 27
1 2 22
22 2 1
63 1 35
13 1 71
31 1 11
26 2 22
65 2 64
21 2 31
33 1 32
63 2 44
23 2 1
14 1 9
43 1 7
31 1 7
68 1 4
32 1 73
51 2 49
7 1 3
26 2 23
1 1 23
27 2 39
14 2 64
35 1 43
51 1 78
0 1 1
19 1 18
1 1 19
27 1 11
82 2 71
9 1 71
6 2 22
14 2 17
64 1 11
40 1 27
1 1 22
25 1 71
5 2 1
63 1 5
22 2 20
20 1 25
1 2 23
49 2 51
63 1 32
11 1 3
2 1 1
63 1 3
51 1 1
68 2 44
7 1 10
5 1 1
5 1 3
22 2 10
7 1 26
62 1 49
11 1 23
2 1 82
11 1 20
43 6 44
13 1 1
74 2 43
68 1 71
24 2 18
3 2 4
11 1 26
7 1 23
0 1 3
32 1 14
44 1 62
68 1 32
26 1 3
9 1 16
34 2 21
1 2 15
44 1 2
65 2 67
23 2 22
46 1 1
1 2 108
17 2 14
25 1 32
51 1 9
1 2 78
1 7 3
64 1 7
21 2 14
24 1 11
32 1 63
25 1 24
32 1 64
43 6 63
71 2 5
22 2 3
71 2 1
35 1 64
7 1 6
13 1 3
13 1 16
79 1 3
32 1 43
40 2 21
3 1 22
31 2 21
82 2 2
32 1 31
13 1 82
18 1 1
2 2 1
49 1 9
14 1 13
32 1 17
9 1 3
25 1 18
1 2 25
44 1 3
49 1 13
15 1 7
63 1 109
86 2 79
19 1 24
32 1 48
18 1 7
1 4 3
23 2 3
39 1 32
9 1 1
45 1 79
3 2 23
14 2 73
16 1 7
13 1 15
34 1 33
11 1 10
24 1 1
11 1 22
1 2 4
20 1 1
71 2 2
43 1 11
17 1 9
44 1 32
3 2 15
11 1 6
21 1 11
32 1 67
26 1 1
1 2 62
23 2 10
63 1 1
17 2 65
5 1 82
2 1 3
67 1 32
44 1 0
64 6 44
18 2 24
16 1 11
62 2 35
25 1 1
22 2 26
45 1 46
35 1 14
30 1 11
13 1 2
67 2 17
35 2 30
3 1 4
1 5 3
4 2 35
73 2 43
3 2 62
40 1 39
23 2 6
23 2 20
62 2 32
109 1 1
0 2 82
45 1 25
68 1 1
32 1 21
9 1 82
3 2 19
35 1 31
21 1 7
35 1 74
65 1 30
49 1 1
44 1 35
32 1 65
3 1 1
4 1 51
9 1 5
32 1 68
63 1 2
65 1 35
1 1 3
79 2 46
27 2 33
62 1 51
32 1 44
45 1 86
67 1 27
26 1 19
78 1 3
11 1 1
24 1 7
74 1 27
3 4 1
15 1 11
44 1 5
1 2 16
73 1 35
18 1 11
? 1 github_java_program_data/2/27.java

3 1 4
25 1 35
1 2 8
52 1 40
63 1 71
18 1 3
4 1 49
64 6 63
34 1 61
29 2 35
41 2 21
29 2 32
9 2 13
3 5 1
32 1 36
2 2 3
1 1 62
39 1 35
35 1 21
44 2 63
15 2 30
11 1 23
16 1 7
5 2 3
30 2 28
40 1 33
32 1 40
3 2 16
27 2 37
1 2 25
4 2 32
20 1 19
3 1 12
44 1 82
33 2 47
3 1 23
79 2 25
27 2 39
34 1 39
34 1 27
42 1 32
22 2 23
52 2 61
1 1 12
28 1 7
20 2 22
3 1 19
67 1 35
3 2 25
34 1 30
28 1 11
7 1 22
23 2 26
30 2 35
39 2 42
34 1 47
39 2 52
33 2 42
47 1 40
38 1 37
7 1 1
14 2 36
40 1 42
9 1 2
35 1 54
5 1 3
7 1 20
25 1 24
17 1 13
36 1 35
3 2 22
1 2 22
51 1 3
41 1 38
3 7 1
14 1 13
13 1 71
31 1 11
16 1 13
11 1 22
63 2 44
29 1 30
49 1 108
14 1 9
31 1 7
68 1 4
16 2 30
38 1 15
7 1 3
1 5 3
26 2 23
42 1 35
29 1 28
1 1 23
22 2 6
27 2 28
35 1 43
51 1 78
19 1 18
1 1 19
27 1 11
71 2 5
32 1 72
6 2 22
14 2 17
64 1 11
40 1 27
61 1 32
25 1 71
5 2 1
29 1 16
1 2 19
22 2 20
20 1 25
21 2 41
1 2 23
63 1 32
11 1 3
2 1 1
63 1 3
63 1 5
7 1 10
5 1 1
1 1 25
37 1 22
7 1 26
18 1 11
62 1 49
13 1 3
38 2 35
37 1 7
11 1 20
21 2 65
32 1 34
71 2 1
20 1 3
13 1 1
38 1 27
36 1 29
49 1 3
47 2 42
11 1 26
7 1 23
4 2 35
36 2 43
32 1 14
31 2 36
68 1 32
3 1 22
9 1 16
3 1 8
1 2 15
44 1 2
22 2 7
23 2 22
31 2 21
30 2 37
51 1 9
68 2 54
1 7 3
11 2 22
23 2 1
64 1 7
3 2 108
24 1 11
24 1 3
33 1 32
3 2 78
22 2 1
32 1 64
54 1 1
22 2 3
54 1 32
1 2 35
7 1 6
22 2 10
13 1 16
79 1 3
43 6 44
32 1 43
37 1 11
26 1 3
2 1 3
82 2 2
30 1 7
32 1 31
12 1 7
18 1 1
2 2 1
49 1 9
63 1 35
32 1 17
9 1 3
25 1 18
44 1 3
11 1 6
31 2 40
25 1 1
19 1 24
18 1 7
38 2 32
1 4 3
34 1 42
39 1 32
9 1 1
45 1 79
27 1 7
3 2 23
40 1 30
31 2 41
13 1 15
34 1 33
21 2 31
32 1 21
11 1 10
30 2 39
63 1 62
1 2 4
33 1 35
20 1 1
41 1 35
41 1 32
14 2 41
43 1 11
10 2 23
44 1 32
3 2 15
8 1 7
21 1 11
32 1 67
26 1 1
23 2 10
29 1 15
15 1 13
1 1 8
35 1 17
16 1 11
35 1 34
54 1 62
6 2 23
12 1 11
36 1 32
23 2 6
17 2 14
18 2 24
26 1 25
62 2 35
33 2 61
3 2 12
22 2 26
36 2 31
35 1 14
27 2 33
27 2 35
30 1 11
34 1 52
13 1 2
10 2 22
35 1 44
13 1 5
67 2 40
44 1 4
15 2 27
36 2 34
3 2 62
40 1 39
21 2 34
62 2 32
108 1 1
35 1 63
3 2 8
35 1 41
68 1 1
16 1 9
9 1 82
3 2 19
35 1 31
21 1 7
17 2 68
65 1 30
1 1 22
44 1 35
32 1 65
3 1 1
35 1 36
54 2 44
3 2 4
9 1 5
65 1 35
1 1 3
1 2 16
32 1 41
8 1 11
23 2 3
62 1 51
35 1 68
30 2 33
67 1 27
26 1 19
78 1 3
11 1 1
24 1 7
14 2 21
16 2 27
15 1 7
35 1 70
3 4 1
45 1 25
15 1 11
29 1 27
1 2 62
1 2 12
38 1 16
38 1 30
? 1 github_java_program_data/2/273.java

63 1 0
32 1 34
3 2 32
52 1 40
63 1 71
1 2 23
44 1 71
4 1 49
64 6 63
44 1 1
23 2 6
47 2 52
3 7 1
40 1 61
56 1 35
3 5 1
56 1 27
14 2 31
2 2 3
0 1 3
39 1 35
35 1 21
11 1 23
26 1 25
5 2 3
65 2 43
40 1 33
32 1 40
3 2 16
52 2 47
82 2 1
4 2 32
20 1 19
63 1 1
44 1 82
33 2 47
54 2 55
3 1 23
27 2 39
23 2 20
34 1 39
65 1 32
40 1 52
3 4 1
9 1 15
44 2 63
20 2 22
40 1 47
64 1 7
3 2 25
1 2 16
34 1 30
63 1 4
7 1 22
23 2 26
32 1 56
40 2 34
39 2 52
53 1 7
7 1 1
40 1 42
9 1 2
5 1 3
7 1 20
35 1 40
17 1 13
68 1 1
3 2 22
1 2 22
25 1 3
35 1 65
63 1 35
31 1 11
26 2 22
21 2 31
33 1 32
63 2 44
23 2 1
14 1 9
31 1 7
51 1 13
10 2 23
10 2 22
7 1 3
26 2 23
42 1 35
21 1 7
22 2 6
20 2 23
35 1 43
19 1 24
82 2 5
19 1 18
27 1 11
82 2 71
14 2 17
64 1 11
40 1 27
39 2 61
61 1 32
25 1 71
5 2 1
1 2 19
22 2 1
14 2 56
48 2 54
68 2 44
63 1 32
11 1 3
2 1 1
63 1 3
63 1 5
34 2 31
7 1 10
34 2 63
5 1 1
22 2 10
7 1 26
55 2 53
35 1 53
62 1 49
3 1 1
35 1 54
43 6 44
13 1 1
71 2 2
47 2 42
3 2 4
11 1 26
7 1 23
27 2 35
32 1 14
44 1 62
68 1 32
3 1 22
9 1 16
44 2 34
1 2 15
44 1 2
34 2 40
63 1 82
31 2 21
17 2 14
25 1 32
21 2 40
51 1 9
1 7 3
68 1 82
1 1 22
24 1 11
32 1 63
25 1 24
32 1 64
43 6 63
71 2 5
22 2 3
79 1 1
7 1 6
13 1 3
13 1 16
32 1 43
40 2 21
26 1 3
2 1 3
82 2 2
30 1 7
54 1 11
35 1 55
14 2 44
2 2 1
43 1 7
14 1 13
32 1 17
9 1 3
25 1 18
44 1 3
49 1 13
15 1 7
31 2 40
11 1 20
65 1 27
35 1 48
22 2 20
23 2 3
39 1 32
9 1 1
45 1 79
27 1 7
3 2 23
47 1 34
31 2 43
16 1 7
13 1 15
34 1 33
11 1 10
30 2 39
63 1 62
11 1 22
1 2 4
33 1 35
20 1 1
43 1 11
17 1 9
44 1 32
71 2 82
3 2 15
11 1 6
21 1 11
26 1 1
23 2 10
1 1 8
35 1 17
17 2 65
35 1 34
62 2 35
1 2 25
32 1 31
64 6 44
68 1 4
1 4 3
22 2 26
35 1 14
30 1 11
13 1 2
35 1 44
13 1 5
1 5 3
44 1 4
4 2 35
3 2 62
40 1 39
71 2 3
62 2 32
40 1 30
35 1 63
3 2 8
0 2 82
45 1 25
40 2 44
20 1 3
32 1 21
3 2 19
35 1 31
1 1 23
6 2 22
18 1 7
44 1 35
52 1 34
34 1 27
4 1 51
9 1 5
32 1 68
17 2 40
63 1 2
63 2 68
27 2 32
1 1 3
21 2 17
27 2 33
62 1 51
32 1 44
30 2 33
11 1 1
24 1 7
14 2 21
31 2 34
53 2 48
49 1 9
15 1 11
44 1 5
1 2 62
18 1 11
79 2 25
? 1 github_java_program_data/2/275.java

25 1 35
1 2 8
5 2 3
63 1 71
1 2 23
1 5 3
44 1 71
4 1 49
44 1 1
3 2 108
25 1 108
25 1 24
24 1 7
71 2 5
22 2 3
7 1 6
2 2 3
0 1 3
26 1 3
31 2 21
82 2 2
5 2 1
32 1 31
2 2 1
49 1 9
21 1 11
14 1 13
9 1 3
44 1 3
20 1 19
15 1 7
63 1 1
44 1 82
63 1 109
86 1 1
3 1 23
18 1 7
1 4 3
23 2 3
7 1 1
3 2 23
26 1 25
13 1 15
108 1 7
3 4 1
63 1 62
7 1 22
1 2 4
4 2 32
20 1 1
109 2 71
44 1 32
44 2 63
3 2 15
22 2 1
0 2 82
26 1 1
7 1 20
3 2 22
1 2 22
25 1 3
2 1 3
63 1 35
86 2 25
31 1 11
44 1 0
21 2 31
23 2 1
62 2 35
31 1 7
1 2 62
13 1 2
108 2 35
35 1 44
19 1 18
44 1 4
82 2 71
71 2 3
63 2 44
25 1 71
109 1 1
35 1 63
1 2 19
45 1 25
22 2 20
20 1 3
32 1 21
3 2 19
35 1 31
1 1 23
2 1 1
1 1 22
63 1 5
7 1 10
3 2 25
3 1 1
5 1 3
3 2 4
9 1 5
1 1 3
13 1 3
11 1 20
45 1 86
71 2 2
1 2 25
11 1 26
14 2 21
32 1 14
3 1 22
3 1 8
44 1 2
? 1 github_java_program_data/2/280.java

3 2 4
63 1 82
82 2 5
82 2 2
1 1 23
25 1 32
18 1 3
44 1 71
4 1 49
68 1 82
44 1 1
24 1 11
32 1 63
1 2 23
25 1 24
3 2 32
32 1 64
43 6 63
54 1 1
22 2 3
54 1 71
54 1 32
13 1 3
79 1 3
32 1 43
3 1 22
35 1 21
20 1 25
14 2 44
11 1 23
32 1 31
54 2 44
5 2 3
18 1 1
2 2 1
43 1 7
63 1 35
32 1 17
9 1 3
1 2 25
44 1 3
49 1 13
11 1 6
71 2 3
44 1 82
3 7 1
25 1 1
3 1 23
43 6 44
63 2 54
45 1 104
82 2 1
1 2 32
1 7 3
23 2 3
68 1 62
9 1 1
32 1 54
3 2 23
3 1 19
64 1 7
26 1 25
25 2 104
13 1 15
17 2 68
63 1 62
63 1 4
7 1 22
1 2 4
20 1 1
68 1 3
43 1 11
17 1 9
44 1 32
44 2 63
7 1 1
22 2 1
9 1 2
5 1 3
7 1 20
104 1 32
68 1 1
3 2 22
1 2 22
2 1 3
54 1 62
14 1 13
31 1 11
26 1 3
24 1 7
3 2 35
17 2 14
64 6 44
104 2 25
23 2 1
14 1 9
51 1 13
31 1 7
68 1 4
7 1 3
35 1 14
68 2 63
44 2 68
35 1 64
62 2 32
13 1 2
35 1 43
35 1 44
13 1 5
19 1 18
1 1 19
44 1 4
4 2 35
3 2 62
14 2 17
64 1 11
23 2 6
45 1 79
25 1 71
5 2 1
35 1 63
44 1 35
45 1 25
104 1 3
32 1 21
71 2 1
3 2 19
35 1 31
11 1 3
2 1 1
63 1 3
1 1 22
63 1 5
68 2 44
64 6 63
3 2 25
5 1 1
68 1 71
4 1 51
9 1 5
32 1 68
63 1 2
1 1 3
62 1 49
3 1 1
63 1 32
1 2 19
62 1 51
32 1 44
13 1 1
71 2 2
21 1 7
2 2 3
11 1 1
104 1 35
11 1 26
7 1 23
32 1 14
44 1 62
68 1 32
68 1 35
49 1 9
15 1 11
44 1 5
1 2 62
1 2 15
44 1 2
79 2 25
? 1 github_java_program_data/2/294.java

63 1 0
32 1 34
5 2 3
63 1 71
18 1 3
4 1 49
44 1 1
25 1 108
108 1 37
3 7 1
3 1 25
3 5 1
14 2 65
2 2 3
1 1 62
35 1 21
13 1 5
24 1 3
26 1 25
14 2 40
3 2 16
37 1 3
82 2 1
4 2 32
20 1 19
86 1 3
17 2 68
44 1 82
3 1 23
27 2 32
73 1 30
34 1 27
22 2 23
10 2 23
9 1 15
44 2 63
20 2 22
3 1 19
3 2 25
74 1 32
109 1 3
108 2 32
63 1 4
7 1 22
23 2 26
30 2 35
46 2 25
109 2 71
1 2 19
22 2 6
7 1 1
82 2 5
9 1 2
1 1 25
7 1 20
0 2 71
35 1 40
17 1 13
20 1 3
3 2 22
32 2 27
1 2 22
22 2 1
63 1 35
13 1 71
31 1 11
26 2 22
65 2 64
21 2 31
33 1 32
63 2 44
23 2 1
14 1 9
43 1 7
31 1 7
68 1 4
32 1 73
51 2 49
7 1 3
26 2 23
1 1 23
27 2 39
14 2 64
35 1 43
51 1 78
0 1 1
19 1 18
1 1 19
27 1 11
82 2 71
9 1 71
6 2 22
14 2 17
64 1 11
40 1 27
1 1 22
25 1 71
5 2 1
63 1 5
22 2 20
20 1 25
1 2 23
49 2 51
63 1 32
11 1 3
2 1 1
63 1 3
51 1 1
68 2 44
7 1 10
5 1 1
5 1 3
22 2 10
7 1 26
62 1 49
11 1 23
2 1 82
11 1 20
43 6 44
13 1 1
74 2 43
68 1 71
24 2 18
3 2 4
11 1 26
7 1 23
0 1 3
32 1 14
44 1 62
68 1 32
26 1 3
9 1 16
34 2 21
1 2 15
44 1 2
65 2 67
23 2 22
46 1 1
1 2 108
17 2 14
25 1 32
51 1 9
1 2 78
1 7 3
64 1 7
21 2 14
24 1 11
32 1 63
25 1 24
32 1 64
43 6 63
71 2 5
22 2 3
71 2 1
35 1 64
7 1 6
13 1 3
13 1 16
79 1 3
32 1 43
40 2 21
3 1 22
31 2 21
82 2 2
32 1 31
13 1 82
18 1 1
2 2 1
49 1 9
14 1 13
32 1 17
9 1 3
25 1 18
1 2 25
44 1 3
49 1 13
15 1 7
63 1 109
86 2 79
19 1 24
32 1 48
18 1 7
1 4 3
23 2 3
39 1 32
9 1 1
45 1 79
3 2 23
14 2 73
16 1 7
13 1 15
34 1 33
11 1 10
24 1 1
11 1 22
1 2 4
20 1 1
71 2 2
43 1 11
17 1 9
44 1 32
3 2 15
11 1 6
21 1 11
32 1 67
26 1 1
1 2 62
23 2 10
63 1 1
17 2 65
5 1 82
2 1 3
67 1 32
44 1 0
64 6 44
18 2 24
16 1 11
62 2 35
25 1 1
22 2 26
45 1 46
35 1 14
30 1 11
13 1 2
67 2 17
35 2 30
3 1 4
1 5 3
4 2 35
73 2 43
3 2 62
40 1 39
23 2 6
23 2 20
62 2 32
109 1 1
0 2 82
45 1 25
68 1 1
32 1 21
9 1 82
3 2 19
35 1 31
21 1 7
35 1 74
65 1 30
49 1 1
44 1 35
32 1 65
3 1 1
4 1 51
9 1 5
32 1 68
63 1 2
65 1 35
1 1 3
79 2 46
27 2 33
62 1 51
32 1 44
45 1 86
67 1 27
26 1 19
78 1 3
11 1 1
24 1 7
74 1 27
3 4 1
15 1 11
44 1 5
1 2 16
73 1 35
18 1 11
? 1 github_java_program_data/2/297.java

63 1 0
32 1 34
3 2 32
52 1 40
63 1 71
1 2 23
44 1 71
4 1 49
64 6 63
44 1 1
23 2 6
47 2 52
3 7 1
40 1 61
56 1 35
3 5 1
56 1 27
14 2 31
2 2 3
0 1 3
39 1 35
35 1 21
11 1 23
26 1 25
5 2 3
65 2 43
40 1 33
32 1 40
3 2 16
52 2 47
82 2 1
4 2 32
20 1 19
63 1 1
44 1 82
33 2 47
54 2 55
3 1 23
27 2 39
23 2 20
34 1 39
65 1 32
40 1 52
3 4 1
9 1 15
44 2 63
20 2 22
40 1 47
64 1 7
3 2 25
1 2 16
34 1 30
63 1 4
7 1 22
23 2 26
32 1 56
40 2 34
39 2 52
53 1 7
7 1 1
40 1 42
9 1 2
5 1 3
7 1 20
35 1 40
17 1 13
68 1 1
3 2 22
1 2 22
25 1 3
35 1 65
63 1 35
31 1 11
26 2 22
21 2 31
33 1 32
63 2 44
23 2 1
14 1 9
31 1 7
51 1 13
10 2 23
10 2 22
7 1 3
26 2 23
42 1 35
21 1 7
22 2 6
20 2 23
35 1 43
19 1 24
82 2 5
19 1 18
27 1 11
82 2 71
14 2 17
64 1 11
40 1 27
39 2 61
61 1 32
25 1 71
5 2 1
1 2 19
22 2 1
14 2 56
48 2 54
68 2 44
63 1 32
11 1 3
2 1 1
63 1 3
63 1 5
34 2 31
7 1 10
34 2 63
5 1 1
22 2 10
7 1 26
55 2 53
35 1 53
62 1 49
3 1 1
35 1 54
43 6 44
13 1 1
71 2 2
47 2 42
3 2 4
11 1 26
7 1 23
27 2 35
32 1 14
44 1 62
68 1 32
3 1 22
9 1 16
44 2 34
1 2 15
44 1 2
34 2 40
63 1 82
31 2 21
17 2 14
25 1 32
21 2 40
51 1 9
1 7 3
68 1 82
1 1 22
24 1 11
32 1 63
25 1 24
32 1 64
43 6 63
71 2 5
22 2 3
79 1 1
7 1 6
13 1 3
13 1 16
32 1 43
40 2 21
26 1 3
2 1 3
82 2 2
30 1 7
54 1 11
35 1 55
14 2 44
2 2 1
43 1 7
14 1 13
32 1 17
9 1 3
25 1 18
44 1 3
49 1 13
15 1 7
31 2 40
11 1 20
65 1 27
35 1 48
22 2 20
23 2 3
39 1 32
9 1 1
45 1 79
27 1 7
3 2 23
47 1 34
31 2 43
16 1 7
13 1 15
34 1 33
11 1 10
30 2 39
63 1 62
11 1 22
1 2 4
33 1 35
20 1 1
43 1 11
17 1 9
44 1 32
71 2 82
3 2 15
11 1 6
21 1 11
26 1 1
23 2 10
1 1 8
35 1 17
17 2 65
35 1 34
62 2 35
1 2 25
32 1 31
64 6 44
68 1 4
1 4 3
22 2 26
35 1 14
30 1 11
13 1 2
35 1 44
13 1 5
1 5 3
44 1 4
4 2 35
3 2 62
40 1 39
71 2 3
62 2 32
40 1 30
35 1 63
3 2 8
0 2 82
45 1 25
40 2 44
20 1 3
32 1 21
3 2 19
35 1 31
1 1 23
6 2 22
18 1 7
44 1 35
52 1 34
34 1 27
4 1 51
9 1 5
32 1 68
17 2 40
63 1 2
63 2 68
27 2 32
1 1 3
21 2 17
27 2 33
62 1 51
32 1 44
30 2 33
11 1 1
24 1 7
14 2 21
31 2 34
53 2 48
49 1 9
15 1 11
44 1 5
1 2 62
18 1 11
79 2 25
? 1 github_java_program_data/2/305.java

3 2 4
63 1 82
82 2 5
82 2 2
1 1 23
25 1 32
18 1 3
44 1 71
4 1 49
68 1 82
44 1 1
24 1 11
32 1 63
1 2 23
25 1 24
3 2 32
32 1 64
43 6 63
54 1 1
22 2 3
54 1 71
54 1 32
13 1 3
79 1 3
32 1 43
3 1 22
35 1 21
20 1 25
14 2 44
11 1 23
32 1 31
54 2 44
5 2 3
18 1 1
2 2 1
43 1 7
63 1 35
32 1 17
9 1 3
1 2 25
44 1 3
49 1 13
11 1 6
71 2 3
44 1 82
3 7 1
25 1 1
3 1 23
43 6 44
63 2 54
45 1 104
82 2 1
1 2 32
1 7 3
23 2 3
68 1 62
9 1 1
32 1 54
3 2 23
3 1 19
64 1 7
26 1 25
25 2 104
13 1 15
17 2 68
63 1 62
63 1 4
7 1 22
1 2 4
20 1 1
68 1 3
43 1 11
17 1 9
44 1 32
44 2 63
7 1 1
22 2 1
9 1 2
5 1 3
7 1 20
104 1 32
68 1 1
3 2 22
1 2 22
2 1 3
54 1 62
14 1 13
31 1 11
26 1 3
24 1 7
3 2 35
17 2 14
64 6 44
104 2 25
23 2 1
14 1 9
51 1 13
31 1 7
68 1 4
7 1 3
35 1 14
68 2 63
44 2 68
35 1 64
62 2 32
13 1 2
35 1 43
35 1 44
13 1 5
19 1 18
1 1 19
44 1 4
4 2 35
3 2 62
14 2 17
64 1 11
23 2 6
45 1 79
25 1 71
5 2 1
35 1 63
44 1 35
45 1 25
104 1 3
32 1 21
71 2 1
3 2 19
35 1 31
11 1 3
2 1 1
63 1 3
1 1 22
63 1 5
68 2 44
64 6 63
3 2 25
5 1 1
68 1 71
4 1 51
9 1 5
32 1 68
63 1 2
1 1 3
62 1 49
3 1 1
63 1 32
1 2 19
62 1 51
32 1 44
13 1 1
71 2 2
21 1 7
2 2 3
11 1 1
104 1 35
11 1 26
7 1 23
32 1 14
44 1 62
68 1 32
68 1 35
49 1 9
15 1 11
44 1 5
1 2 62
1 2 15
44 1 2
79 2 25
? 1 github_java_program_data/2/324.java

63 1 0
32 1 34
82 2 2
4 2 35
21 2 64
23 2 22
5 2 3
32 1 40
18 1 3
65 2 43
4 1 49
39 1 11
64 6 63
44 1 1
3 1 1
32 1 87
23 2 6
3 7 1
3 1 25
31 2 65
3 5 1
51 1 78
0 1 3
39 1 35
35 1 21
45 1 46
24 1 3
26 1 25
30 2 32
14 2 17
32 1 56
63 1 71
3 2 16
44 1 109
1 2 25
4 2 32
20 1 19
63 1 1
44 1 82
3 1 23
27 2 39
23 2 20
65 1 32
22 2 23
10 2 23
9 1 15
108 1 1
20 2 22
3 1 19
64 1 7
3 2 25
67 2 21
109 1 3
34 1 30
17 2 21
63 1 4
7 1 22
23 2 26
30 2 35
14 2 68
40 2 34
40 2 14
21 2 67
22 2 6
7 1 1
23 2 1
9 1 2
5 1 3
61 1 7
7 1 20
0 2 71
35 1 40
56 1 7
20 1 3
3 2 22
1 2 22
51 1 3
35 1 65
1 2 73
63 1 35
13 1 71
31 1 11
26 2 22
65 2 64
67 2 64
21 2 31
25 1 24
40 2 17
49 1 108
14 1 9
3 2 78
31 1 7
51 1 13
17 1 9
10 2 22
7 1 3
5 1 1
26 2 23
42 1 35
1 1 23
44 2 63
20 2 23
35 1 43
19 1 24
0 1 1
19 1 18
1 1 19
27 1 11
43 6 63
6 2 22
3 2 15
64 1 11
40 1 27
39 2 61
63 2 44
25 1 71
5 2 1
1 2 19
22 2 1
20 1 25
1 2 23
34 2 31
63 1 32
11 1 3
2 1 1
63 1 3
63 1 5
73 1 7
7 1 10
67 1 30
11 1 26
68 1 71
2 2 3
14 2 65
7 1 26
62 1 49
13 1 3
109 2 71
76 1 39
11 1 20
43 6 44
13 1 1
71 2 2
24 2 18
49 1 3
3 2 4
3 4 1
7 1 23
27 2 35
1 1 62
32 1 14
44 1 62
34 2 14
68 1 32
26 1 3
9 1 16
79 2 46
1 2 15
44 1 2
76 1 61
34 2 40
65 2 67
17 1 13
31 2 21
67 2 31
17 2 14
25 1 32
21 2 40
51 1 9
31 2 17
1 7 3
67 1 35
16 1 7
3 2 108
24 1 11
68 2 44
35 1 87
65 2 34
33 1 32
1 1 25
46 1 3
32 1 64
71 2 5
22 2 3
71 2 1
35 1 64
7 1 6
22 2 10
13 1 16
79 1 3
32 1 43
40 2 21
3 1 22
2 1 3
35 1 67
30 1 7
32 1 31
18 1 1
2 2 1
43 1 7
14 1 13
32 1 17
9 1 3
25 1 18
44 1 3
49 1 13
11 1 6
63 1 109
11 1 23
65 1 27
18 1 7
3 1 4
17 2 67
22 2 20
34 1 42
39 1 32
9 1 1
45 1 79
27 1 7
3 2 23
65 2 21
31 2 43
40 1 30
13 1 15
34 1 33
1 5 3
11 1 10
32 1 63
30 2 39
24 1 1
11 1 22
1 2 4
33 1 35
20 1 1
7 1 3
6 2 23
43 1 11
35 1 56
44 1 32
73 2 32
0 2 82
15 1 7
21 1 11
32 1 67
26 1 1
23 2 10
11 1 76
65 2 14
33 2 42
35 1 17
17 2 65
35 1 34
34 2 17
62 2 35
67 1 32
44 1 0
18 2 24
16 1 11
68 1 4
1 4 3
25 1 1
22 2 26
35 1 14
87 1 7
30 1 11
76 1 27
13 1 2
67 2 34
46 2 79
13 1 5
67 2 40
87 1 11
3 2 62
27 2 32
40 1 39
23 2 3
62 2 32
109 1 1
65 2 31
45 1 25
68 1 1
32 1 21
9 1 82
3 2 19
35 1 31
21 1 7
82 2 5
65 1 30
1 1 22
44 1 35
109 2 82
32 1 65
34 1 27
4 1 51
9 1 5
32 1 68
63 1 2
65 1 35
1 1 3
1 2 16
27 2 33
62 1 51
32 1 44
65 2 87
30 2 33
67 1 27
26 1 19
78 1 3
11 1 1
24 1 7
14 2 21
31 2 34
25 1 73
49 1 9
15 1 11
44 1 5
1 2 62
18 1 11
79 2 25
? 1 github_java_program_data/2/326.java

63 1 0
32 1 34
3 2 32
52 1 40
63 1 71
1 2 23
44 1 71
4 1 49
64 6 63
44 1 1
23 2 6
47 2 52
3 7 1
40 1 61
56 1 35
3 5 1
56 1 27
14 2 31
2 2 3
0 1 3
39 1 35
35 1 21
11 1 23
26 1 25
5 2 3
65 2 43
40 1 33
32 1 40
3 2 16
52 2 47
82 2 1
4 2 32
20 1 19
63 1 1
44 1 82
33 2 47
54 2 55
3 1 23
27 2 39
23 2 20
34 1 39
65 1 32
40 1 52
3 4 1
9 1 15
44 2 63
20 2 22
40 1 47
64 1 7
3 2 25
1 2 16
34 1 30
63 1 4
7 1 22
23 2 26
32 1 56
40 2 34
39 2 52
53 1 7
7 1 1
40 1 42
9 1 2
5 1 3
7 1 20
35 1 40
17 1 13
68 1 1
3 2 22
1 2 22
25 1 3
35 1 65
63 1 35
31 1 11
26 2 22
21 2 31
33 1 32
63 2 44
23 2 1
14 1 9
31 1 7
51 1 13
10 2 23
10 2 22
7 1 3
26 2 23
42 1 35
21 1 7
22 2 6
20 2 23
35 1 43
19 1 24
82 2 5
19 1 18
27 1 11
82 2 71
14 2 17
64 1 11
40 1 27
39 2 61
61 1 32
25 1 71
5 2 1
1 2 19
22 2 1
14 2 56
48 2 54
68 2 44
63 1 32
11 1 3
2 1 1
63 1 3
63 1 5
34 2 31
7 1 10
34 2 63
5 1 1
22 2 10
7 1 26
55 2 53
35 1 53
62 1 49
3 1 1
35 1 54
43 6 44
13 1 1
71 2 2
47 2 42
3 2 4
11 1 26
7 1 23
27 2 35
32 1 14
44 1 62
68 1 32
3 1 22
9 1 16
44 2 34
1 2 15
44 1 2
34 2 40
63 1 82
31 2 21
17 2 14
25 1 32
21 2 40
51 1 9
1 7 3
68 1 82
1 1 22
24 1 11
32 1 63
25 1 24
32 1 64
43 6 63
71 2 5
22 2 3
79 1 1
7 1 6
13 1 3
13 1 16
32 1 43
40 2 21
26 1 3
2 1 3
82 2 2
30 1 7
54 1 11
35 1 55
14 2 44
2 2 1
43 1 7
14 1 13
32 1 17
9 1 3
25 1 18
44 1 3
49 1 13
15 1 7
31 2 40
11 1 20
65 1 27
35 1 48
22 2 20
23 2 3
39 1 32
9 1 1
45 1 79
27 1 7
3 2 23
47 1 34
31 2 43
16 1 7
13 1 15
34 1 33
11 1 10
30 2 39
63 1 62
11 1 22
1 2 4
33 1 35
20 1 1
43 1 11
17 1 9
44 1 32
71 2 82
3 2 15
11 1 6
21 1 11
26 1 1
23 2 10
1 1 8
35 1 17
17 2 65
35 1 34
62 2 35
1 2 25
32 1 31
64 6 44
68 1 4
1 4 3
22 2 26
35 1 14
30 1 11
13 1 2
35 1 44
13 1 5
1 5 3
44 1 4
4 2 35
3 2 62
40 1 39
71 2 3
62 2 32
40 1 30
35 1 63
3 2 8
0 2 82
45 1 25
40 2 44
20 1 3
32 1 21
3 2 19
35 1 31
1 1 23
6 2 22
18 1 7
44 1 35
52 1 34
34 1 27
4 1 51
9 1 5
32 1 68
17 2 40
63 1 2
63 2 68
27 2 32
1 1 3
21 2 17
27 2 33
62 1 51
32 1 44
30 2 33
11 1 1
24 1 7
14 2 21
31 2 34
53 2 48
49 1 9
15 1 11
44 1 5
1 2 62
18 1 11
79 2 25
? 1 github_java_program_data/2/335.java

2 1 71
3 2 32
41 2 64
1 2 8
23 2 22
5 2 3
32 1 40
1 2 23
27 2 37
44 1 71
36 2 40
4 1 49
30 2 37
44 1 1
32 1 34
23 2 6
41 2 21
3 4 1
35 1 92
21 2 64
32 1 36
2 2 3
32 2 62
39 1 35
35 1 21
44 2 63
45 1 46
16 1 7
17 2 92
30 2 32
14 2 40
25 1 82
35 1 46
40 1 30
10 1 35
71 2 1
82 2 1
30 2 33
20 1 19
3 1 12
3 1 23
27 2 32
65 2 43
40 2 46
65 1 32
22 2 23
27 2 33
23 2 26
9 1 15
28 1 7
64 1 7
3 2 25
34 1 30
28 1 11
63 1 4
7 1 22
27 2 39
30 2 35
46 2 25
40 2 14
16 2 30
38 1 37
7 1 1
14 2 36
35 1 41
9 1 2
5 1 3
7 1 20
35 1 40
17 1 13
36 1 35
3 2 22
79 1 1
25 1 3
35 1 65
3 7 1
63 1 35
31 1 11
21 2 43
26 2 22
16 1 13
25 1 24
63 2 44
29 1 30
82 2 2
14 1 9
43 1 7
31 1 7
51 1 13
51 2 49
38 1 15
7 1 3
67 2 43
26 2 23
42 1 35
29 1 28
21 1 7
22 2 6
27 2 28
35 1 43
18 1 11
82 2 5
19 1 18
18 2 24
27 1 11
3 5 1
9 1 71
6 2 22
14 2 17
64 1 11
40 1 27
35 2 10
25 1 71
5 2 1
31 2 64
29 1 16
1 2 19
8 1 7
29 1 27
68 2 44
49 2 51
64 6 63
11 1 3
2 1 1
63 1 3
17 2 116
63 1 5
34 2 31
7 1 10
67 1 30
5 1 1
14 2 68
14 2 65
7 1 26
17 2 41
62 1 49
11 1 23
38 2 35
37 1 7
11 1 20
43 6 44
38 2 32
20 1 3
13 1 1
71 2 2
24 2 18
38 1 27
36 1 29
40 2 31
3 2 4
11 1 26
7 1 23
4 2 35
32 1 14
44 1 62
1 7 3
3 1 22
9 1 16
34 2 21
3 1 8
1 2 15
44 1 2
63 1 82
46 1 1
44 1 5
17 2 14
25 1 32
116 1 10
1 2 62
3 2 16
33 2 42
23 2 1
68 1 82
30 2 28
24 1 11
32 1 63
33 1 32
22 2 10
22 2 1
32 1 64
43 6 63
71 2 5
22 2 3
1 2 22
9 2 13
7 1 6
13 1 3
13 1 16
32 1 43
37 1 11
26 1 3
2 1 3
35 1 67
30 1 7
32 1 31
31 2 40
12 1 7
2 2 1
49 1 9
14 1 13
32 1 17
9 1 3
25 1 18
1 2 25
44 1 3
49 1 13
11 1 6
34 2 17
92 1 32
41 2 40
86 1 1
86 2 79
36 1 32
21 2 31
18 1 7
17 2 67
22 2 20
34 1 42
39 1 32
9 1 1
116 1 35
45 1 79
27 1 7
3 2 23
26 1 25
13 1 15
34 1 33
29 2 32
32 1 21
11 1 10
30 2 39
11 1 22
1 2 4
33 1 35
20 1 1
41 1 35
41 1 32
6 2 23
43 1 11
17 1 9
44 1 32
71 2 82
3 2 15
15 1 7
21 1 11
32 1 67
26 1 1
40 2 41
23 2 10
29 1 15
15 1 13
1 1 8
35 1 17
17 2 65
5 1 82
35 1 34
36 2 31
11 1 1
12 1 11
62 2 35
67 1 32
24 1 7
15 2 30
64 6 44
82 2 3
16 1 11
68 1 4
1 4 3
40 2 64
3 2 12
22 2 26
35 1 14
17 2 36
92 1 62
35 1 64
13 1 2
67 2 34
62 1 32
13 1 5
1 5 3
32 1 65
29 2 35
15 2 27
3 2 62
40 1 39
71 2 3
32 1 116
62 2 32
14 2 41
3 2 8
65 2 31
32 1 46
68 1 1
16 1 9
9 1 82
3 2 19
35 1 31
1 1 23
65 1 30
1 1 22
44 1 35
30 1 11
3 1 1
35 1 36
4 1 51
9 1 5
32 1 68
63 1 2
65 1 35
1 1 3
79 2 46
32 1 41
17 2 34
8 1 11
23 2 3
62 1 51
32 1 44
45 1 86
67 1 27
14 2 34
34 1 27
41 1 38
32 1 66
38 1 16
16 2 27
68 1 35
45 1 25
15 1 11
1 1 12
1 2 16
1 2 12
31 2 21
19 1 24
38 1 30
? 1 github_java_program_data/2/337.java

63 1 0
32 1 34
3 2 32
52 1 40
63 1 71
1 2 23
44 1 71
4 1 49
64 6 63
44 1 1
23 2 6
47 2 52
3 7 1
40 1 61
56 1 35
3 5 1
56 1 27
14 2 31
2 2 3
0 1 3
39 1 35
35 1 21
11 1 23
26 1 25
5 2 3
65 2 43
40 1 33
32 1 40
3 2 16
52 2 47
82 2 1
4 2 32
20 1 19
63 1 1
44 1 82
33 2 47
54 2 55
3 1 23
27 2 39
23 2 20
34 1 39
65 1 32
40 1 52
3 4 1
9 1 15
44 2 63
20 2 22
40 1 47
64 1 7
3 2 25
1 2 16
34 1 30
63 1 4
7 1 22
23 2 26
32 1 56
40 2 34
39 2 52
53 1 7
7 1 1
40 1 42
9 1 2
5 1 3
7 1 20
35 1 40
17 1 13
68 1 1
3 2 22
1 2 22
25 1 3
35 1 65
63 1 35
31 1 11
26 2 22
21 2 31
33 1 32
63 2 44
23 2 1
14 1 9
31 1 7
51 1 13
10 2 23
10 2 22
7 1 3
26 2 23
42 1 35
21 1 7
22 2 6
20 2 23
35 1 43
19 1 24
82 2 5
19 1 18
27 1 11
82 2 71
14 2 17
64 1 11
40 1 27
39 2 61
61 1 32
25 1 71
5 2 1
1 2 19
22 2 1
14 2 56
48 2 54
68 2 44
63 1 32
11 1 3
2 1 1
63 1 3
63 1 5
34 2 31
7 1 10
34 2 63
5 1 1
22 2 10
7 1 26
55 2 53
35 1 53
62 1 49
3 1 1
35 1 54
43 6 44
13 1 1
71 2 2
47 2 42
3 2 4
11 1 26
7 1 23
27 2 35
32 1 14
44 1 62
68 1 32
3 1 22
9 1 16
44 2 34
1 2 15
44 1 2
34 2 40
63 1 82
31 2 21
17 2 14
25 1 32
21 2 40
51 1 9
1 7 3
68 1 82
1 1 22
24 1 11
32 1 63
25 1 24
32 1 64
43 6 63
71 2 5
22 2 3
79 1 1
7 1 6
13 1 3
13 1 16
32 1 43
40 2 21
26 1 3
2 1 3
82 2 2
30 1 7
54 1 11
35 1 55
14 2 44
2 2 1
43 1 7
14 1 13
32 1 17
9 1 3
25 1 18
44 1 3
49 1 13
15 1 7
31 2 40
11 1 20
65 1 27
35 1 48
22 2 20
23 2 3
39 1 32
9 1 1
45 1 79
27 1 7
3 2 23
47 1 34
31 2 43
16 1 7
13 1 15
34 1 33
11 1 10
30 2 39
63 1 62
11 1 22
1 2 4
33 1 35
20 1 1
43 1 11
17 1 9
44 1 32
71 2 82
3 2 15
11 1 6
21 1 11
26 1 1
23 2 10
1 1 8
35 1 17
17 2 65
35 1 34
62 2 35
1 2 25
32 1 31
64 6 44
68 1 4
1 4 3
22 2 26
35 1 14
30 1 11
13 1 2
35 1 44
13 1 5
1 5 3
44 1 4
4 2 35
3 2 62
40 1 39
71 2 3
62 2 32
40 1 30
35 1 63
3 2 8
0 2 82
45 1 25
40 2 44
20 1 3
32 1 21
3 2 19
35 1 31
1 1 23
6 2 22
18 1 7
44 1 35
52 1 34
34 1 27
4 1 51
9 1 5
32 1 68
17 2 40
63 1 2
63 2 68
27 2 32
1 1 3
21 2 17
27 2 33
62 1 51
32 1 44
30 2 33
11 1 1
24 1 7
14 2 21
31 2 34
53 2 48
49 1 9
15 1 11
44 1 5
1 2 62
18 1 11
79 2 25
? 1 github_java_program_data/2/35.java

3 2 4
25 1 35
23 2 22
5 2 3
32 1 40
1 2 23
4 1 49
34 1 61
3 7 1
3 5 1
14 2 31
32 1 36
2 2 3
33 2 61
39 1 35
35 1 21
17 2 44
26 1 25
30 2 32
40 1 33
63 1 71
3 2 16
40 1 39
1 2 25
4 2 32
20 1 19
63 1 1
82 2 3
2 1 3
3 1 23
27 2 32
23 2 20
34 1 39
65 1 32
42 1 32
3 4 1
104 1 82
29 1 27
44 2 63
20 2 22
3 2 25
34 1 30
63 1 4
28 1 11
7 1 22
23 2 26
39 2 42
21 2 67
9 2 13
7 1 1
14 2 36
40 1 42
9 1 2
5 1 3
65 2 17
7 1 20
35 1 40
17 1 13
104 1 3
3 2 22
1 2 22
35 1 65
63 1 35
31 1 11
26 2 22
21 2 31
33 1 32
63 2 44
14 1 9
43 1 7
31 1 7
68 1 4
51 2 49
10 2 22
7 1 3
26 2 23
29 1 28
1 1 23
22 2 6
27 2 28
35 1 43
19 1 24
82 2 5
19 1 18
15 1 9
23 2 6
14 2 17
64 1 11
40 1 27
61 1 32
22 2 23
5 2 1
1 2 19
22 2 20
49 2 51
63 1 32
11 1 3
2 1 1
63 1 3
63 1 5
7 1 10
5 1 1
68 1 71
22 2 10
7 1 26
62 1 49
11 1 23
11 1 20
20 1 3
13 1 1
14 2 68
24 2 18
36 1 29
104 1 35
11 1 26
7 1 23
27 2 35
32 1 14
44 1 62
68 1 32
26 1 3
9 1 16
1 2 15
44 1 2
63 1 82
17 2 14
51 1 9
1 7 3
67 1 35
24 1 11
15 2 27
65 2 34
25 1 24
32 1 64
22 2 3
1 2 35
7 1 6
13 1 3
13 1 16
79 1 3
32 1 43
3 1 22
31 2 21
30 1 7
32 1 31
2 2 1
49 1 9
14 1 13
32 1 17
9 1 3
25 1 18
44 1 3
49 1 13
11 1 6
31 2 40
25 1 1
14 2 65
65 1 27
18 1 7
40 2 64
23 2 3
39 1 32
9 1 1
45 1 79
27 1 7
3 2 23
40 1 30
25 2 104
13 1 15
34 1 33
11 1 10
30 2 39
11 1 22
1 2 4
33 1 35
20 1 1
23 2 1
17 1 9
44 1 32
71 2 82
3 2 15
22 2 1
21 1 11
32 1 67
26 1 1
23 2 10
29 1 15
1 1 8
35 1 17
35 1 34
62 2 35
24 1 7
18 2 24
16 1 11
51 1 13
1 4 3
17 2 34
22 2 26
35 1 14
30 1 11
13 1 2
35 1 44
13 1 5
1 5 3
29 2 35
4 2 35
3 2 62
71 2 1
62 2 32
35 1 63
3 2 8
45 1 25
68 1 1
32 1 21
3 2 19
35 1 31
21 1 7
65 1 30
1 1 22
44 1 35
64 6 63
3 1 1
4 1 51
9 1 5
17 2 40
63 1 2
44 1 5
1 1 3
36 2 21
3 2 35
36 1 35
27 2 33
62 1 51
35 1 68
30 2 33
67 1 27
34 1 27
11 1 1
45 1 104
31 2 34
15 1 7
15 1 11
9 1 15
1 2 16
18 1 11
79 2 25
? 1 github_java_program_data/2/352.java

63 1 0
32 1 34
82 2 2
4 2 35
21 2 64
23 2 22
5 2 3
32 1 40
18 1 3
65 2 43
4 1 49
39 1 11
64 6 63
44 1 1
3 1 1
32 1 87
23 2 6
3 7 1
3 1 25
31 2 65
3 5 1
51 1 78
0 1 3
39 1 35
35 1 21
45 1 46
24 1 3
26 1 25
30 2 32
14 2 17
32 1 56
63 1 71
3 2 16
44 1 109
1 2 25
4 2 32
20 1 19
63 1 1
44 1 82
3 1 23
27 2 39
23 2 20
65 1 32
22 2 23
10 2 23
9 1 15
108 1 1
20 2 22
3 1 19
64 1 7
3 2 25
67 2 21
109 1 3
34 1 30
17 2 21
63 1 4
7 1 22
23 2 26
30 2 35
14 2 68
40 2 34
40 2 14
21 2 67
22 2 6
7 1 1
23 2 1
9 1 2
5 1 3
61 1 7
7 1 20
0 2 71
35 1 40
56 1 7
20 1 3
3 2 22
1 2 22
51 1 3
35 1 65
1 2 73
63 1 35
13 1 71
31 1 11
26 2 22
65 2 64
67 2 64
21 2 31
25 1 24
40 2 17
49 1 108
14 1 9
3 2 78
31 1 7
51 1 13
17 1 9
10 2 22
7 1 3
5 1 1
26 2 23
42 1 35
1 1 23
44 2 63
20 2 23
35 1 43
19 1 24
0 1 1
19 1 18
1 1 19
27 1 11
43 6 63
6 2 22
3 2 15
64 1 11
40 1 27
39 2 61
63 2 44
25 1 71
5 2 1
1 2 19
22 2 1
20 1 25
1 2 23
34 2 31
63 1 32
11 1 3
2 1 1
63 1 3
63 1 5
73 1 7
7 1 10
67 1 30
11 1 26
68 1 71
2 2 3
14 2 65
7 1 26
62 1 49
13 1 3
109 2 71
76 1 39
11 1 20
43 6 44
13 1 1
71 2 2
24 2 18
49 1 3
3 2 4
3 4 1
7 1 23
27 2 35
1 1 62
32 1 14
44 1 62
34 2 14
68 1 32
26 1 3
9 1 16
79 2 46
1 2 15
44 1 2
76 1 61
34 2 40
65 2 67
17 1 13
31 2 21
67 2 31
17 2 14
25 1 32
21 2 40
51 1 9
31 2 17
1 7 3
67 1 35
16 1 7
3 2 108
24 1 11
68 2 44
35 1 87
65 2 34
33 1 32
1 1 25
46 1 3
32 1 64
71 2 5
22 2 3
71 2 1
35 1 64
7 1 6
22 2 10
13 1 16
79 1 3
32 1 43
40 2 21
3 1 22
2 1 3
35 1 67
30 1 7
32 1 31
18 1 1
2 2 1
43 1 7
14 1 13
32 1 17
9 1 3
25 1 18
44 1 3
49 1 13
11 1 6
63 1 109
11 1 23
65 1 27
18 1 7
3 1 4
17 2 67
22 2 20
34 1 42
39 1 32
9 1 1
45 1 79
27 1 7
3 2 23
65 2 21
31 2 43
40 1 30
13 1 15
34 1 33
1 5 3
11 1 10
32 1 63
30 2 39
24 1 1
11 1 22
1 2 4
33 1 35
20 1 1
7 1 3
6 2 23
43 1 11
35 1 56
44 1 32
73 2 32
0 2 82
15 1 7
21 1 11
32 1 67
26 1 1
23 2 10
11 1 76
65 2 14
33 2 42
35 1 17
17 2 65
35 1 34
34 2 17
62 2 35
67 1 32
44 1 0
18 2 24
16 1 11
68 1 4
1 4 3
25 1 1
22 2 26
35 1 14
87 1 7
30 1 11
76 1 27
13 1 2
67 2 34
46 2 79
13 1 5
67 2 40
87 1 11
3 2 62
27 2 32
40 1 39
23 2 3
62 2 32
109 1 1
65 2 31
45 1 25
68 1 1
32 1 21
9 1 82
3 2 19
35 1 31
21 1 7
82 2 5
65 1 30
1 1 22
44 1 35
109 2 82
32 1 65
34 1 27
4 1 51
9 1 5
32 1 68
63 1 2
65 1 35
1 1 3
1 2 16
27 2 33
62 1 51
32 1 44
65 2 87
30 2 33
67 1 27
26 1 19
78 1 3
11 1 1
24 1 7
14 2 21
31 2 34
25 1 73
49 1 9
15 1 11
44 1 5
1 2 62
18 1 11
79 2 25
? 1 github_java_program_data/2/356.java

63 1 0
32 1 34
5 2 3
63 1 71
18 1 3
4 1 49
44 1 1
25 1 108
108 1 37
3 7 1
3 1 25
3 5 1
14 2 65
2 2 3
1 1 62
35 1 21
13 1 5
24 1 3
26 1 25
14 2 40
3 2 16
37 1 3
82 2 1
4 2 32
20 1 19
86 1 3
17 2 68
44 1 82
3 1 23
27 2 32
73 1 30
34 1 27
22 2 23
10 2 23
9 1 15
44 2 63
20 2 22
3 1 19
3 2 25
74 1 32
109 1 3
108 2 32
63 1 4
7 1 22
23 2 26
30 2 35
46 2 25
109 2 71
1 2 19
22 2 6
7 1 1
82 2 5
9 1 2
1 1 25
7 1 20
0 2 71
35 1 40
17 1 13
20 1 3
3 2 22
32 2 27
1 2 22
22 2 1
63 1 35
13 1 71
31 1 11
26 2 22
65 2 64
21 2 31
33 1 32
63 2 44
23 2 1
14 1 9
43 1 7
31 1 7
68 1 4
32 1 73
51 2 49
7 1 3
26 2 23
1 1 23
27 2 39
14 2 64
35 1 43
51 1 78
0 1 1
19 1 18
1 1 19
27 1 11
82 2 71
9 1 71
6 2 22
14 2 17
64 1 11
40 1 27
1 1 22
25 1 71
5 2 1
63 1 5
22 2 20
20 1 25
1 2 23
49 2 51
63 1 32
11 1 3
2 1 1
63 1 3
51 1 1
68 2 44
7 1 10
5 1 1
5 1 3
22 2 10
7 1 26
62 1 49
11 1 23
2 1 82
11 1 20
43 6 44
13 1 1
74 2 43
68 1 71
24 2 18
3 2 4
11 1 26
7 1 23
0 1 3
32 1 14
44 1 62
68 1 32
26 1 3
9 1 16
34 2 21
1 2 15
44 1 2
65 2 67
23 2 22
46 1 1
1 2 108
17 2 14
25 1 32
51 1 9
1 2 78
1 7 3
64 1 7
21 2 14
24 1 11
32 1 63
25 1 24
32 1 64
43 6 63
71 2 5
22 2 3
71 2 1
35 1 64
7 1 6
13 1 3
13 1 16
79 1 3
32 1 43
40 2 21
3 1 22
31 2 21
82 2 2
32 1 31
13 1 82
18 1 1
2 2 1
49 1 9
14 1 13
32 1 17
9 1 3
25 1 18
1 2 25
44 1 3
49 1 13
15 1 7
63 1 109
86 2 79
19 1 24
32 1 48
18 1 7
1 4 3
23 2 3
39 1 32
9 1 1
45 1 79
3 2 23
14 2 73
16 1 7
13 1 15
34 1 33
11 1 10
24 1 1
11 1 22
1 2 4
20 1 1
71 2 2
43 1 11
17 1 9
44 1 32
3 2 15
11 1 6
21 1 11
32 1 67
26 1 1
1 2 62
23 2 10
63 1 1
17 2 65
5 1 82
2 1 3
67 1 32
44 1 0
64 6 44
18 2 24
16 1 11
62 2 35
25 1 1
22 2 26
45 1 46
35 1 14
30 1 11
13 1 2
67 2 17
35 2 30
3 1 4
1 5 3
4 2 35
73 2 43
3 2 62
40 1 39
23 2 6
23 2 20
62 2 32
109 1 1
0 2 82
45 1 25
68 1 1
32 1 21
9 1 82
3 2 19
35 1 31
21 1 7
35 1 74
65 1 30
49 1 1
44 1 35
32 1 65
3 1 1
4 1 51
9 1 5
32 1 68
63 1 2
65 1 35
1 1 3
79 2 46
27 2 33
62 1 51
32 1 44
45 1 86
67 1 27
26 1 19
78 1 3
11 1 1
24 1 7
74 1 27
3 4 1
15 1 11
44 1 5
1 2 16
73 1 35
18 1 11
? 1 github_java_program_data/2/357.java

32 1 34
25 1 35
21 2 64
5 2 3
63 1 71
1 2 23
4 1 49
64 6 63
44 1 1
23 2 6
3 7 1
40 1 61
3 5 1
14 2 31
32 1 36
2 2 3
39 1 35
35 1 21
44 2 63
26 1 25
30 2 32
30 2 28
32 1 40
3 2 16
71 2 1
4 2 32
20 1 19
63 1 1
21 2 34
44 1 82
3 1 23
27 2 32
23 2 20
65 1 32
22 2 23
10 2 23
9 1 15
28 1 7
67 2 65
67 1 35
3 2 25
67 2 21
17 2 21
63 1 4
7 1 22
27 2 39
30 2 35
14 2 68
1 2 19
22 2 6
7 1 1
35 1 67
9 1 2
5 1 3
7 1 20
35 1 40
17 1 13
36 1 35
3 2 22
1 2 22
35 1 65
63 1 35
13 1 71
31 1 11
31 2 67
26 2 22
65 2 64
21 2 31
25 1 24
29 1 30
23 2 1
14 1 9
31 1 7
51 1 13
51 2 49
10 2 22
7 1 3
5 1 1
42 1 35
29 1 28
21 1 7
9 2 13
20 2 23
35 1 43
18 1 11
82 2 5
19 1 18
18 2 24
27 1 11
43 6 63
6 2 22
14 2 17
64 1 11
40 1 27
39 2 61
63 2 44
25 1 71
5 2 1
13 2 9
31 2 64
44 1 35
22 2 20
17 2 31
3 2 15
49 2 51
63 1 32
11 1 3
2 1 1
63 1 3
63 1 5
68 2 44
7 1 10
67 1 30
11 1 23
68 1 71
22 2 10
7 1 26
62 1 49
3 1 1
11 1 20
21 2 65
13 1 1
71 2 2
24 2 18
36 1 29
3 2 4
11 1 26
7 1 23
27 2 35
32 1 14
44 1 62
68 1 32
26 1 3
9 1 16
34 2 21
1 2 15
44 1 2
23 2 22
67 2 31
17 2 14
21 2 40
51 1 9
1 7 3
64 1 7
24 1 11
65 2 34
33 1 32
14 2 67
32 1 64
71 2 5
22 2 3
1 2 35
7 1 6
13 1 3
13 1 16
79 1 3
32 1 43
3 1 22
31 2 21
82 2 2
30 1 7
32 1 31
2 2 1
43 1 7
14 1 13
32 1 17
9 1 3
25 1 18
44 1 3
49 1 13
11 1 6
25 1 1
16 1 7
43 6 44
65 1 27
35 1 48
36 2 21
34 1 42
39 1 32
9 1 1
45 1 79
27 1 7
3 2 23
65 2 21
68 1 3
31 2 43
40 1 30
13 1 15
34 1 33
11 1 10
30 2 39
11 1 22
1 2 4
20 1 1
43 1 11
17 1 9
44 1 32
31 2 65
22 2 1
21 1 11
32 1 67
26 1 1
23 2 10
29 1 15
21 2 36
33 2 42
35 1 17
2 1 3
6 2 23
67 2 43
62 2 35
67 1 32
1 2 25
15 2 30
64 6 44
68 1 4
1 4 3
22 2 26
35 1 14
27 2 33
35 1 64
13 1 2
35 1 44
13 1 5
1 5 3
32 1 65
29 2 35
4 2 35
3 2 62
40 1 39
71 2 3
62 2 32
40 2 65
35 1 63
65 2 31
45 1 25
20 1 3
32 1 21
9 1 82
3 2 19
35 1 31
1 1 23
65 1 30
1 1 22
61 1 35
30 1 11
34 1 27
4 1 51
9 1 5
63 1 2
65 1 35
1 1 3
21 2 17
23 2 3
62 1 51
35 1 68
67 1 27
18 1 7
11 1 1
24 1 7
14 2 21
15 1 7
3 4 1
49 1 9
15 1 11
44 1 5
1 2 62
19 1 24
79 2 25
? 1 github_java_program_data/2/42.java

25 1 35
23 2 22
5 2 3
63 1 71
1 2 23
44 1 71
4 1 49
44 1 1
29 2 35
3 7 1
65 2 36
3 5 1
16 1 9
14 2 31
32 1 36
67 1 27
35 1 21
44 2 63
11 1 23
16 1 7
30 2 28
27 2 37
4 2 32
20 1 19
63 1 1
44 1 82
3 1 23
27 2 32
23 2 20
3 4 1
29 1 27
28 1 7
20 2 22
67 1 35
3 2 25
34 1 30
63 1 4
28 1 11
7 1 22
23 2 26
30 2 35
65 2 31
38 1 37
7 1 1
23 2 1
9 1 2
5 1 3
7 1 20
17 1 13
20 1 3
3 2 22
1 2 22
41 1 38
63 1 35
13 1 71
31 1 11
31 2 67
26 2 22
21 2 31
25 1 24
29 1 30
82 2 2
14 1 9
31 1 7
51 1 13
51 2 49
38 1 15
7 1 3
26 2 23
64 6 63
29 1 28
21 1 7
9 2 13
27 2 28
18 1 11
82 2 5
19 1 18
15 1 9
27 1 11
43 6 63
9 1 71
14 2 17
64 1 11
30 2 32
63 2 44
25 1 71
5 2 1
13 2 9
29 1 16
1 2 19
22 2 1
17 2 31
3 2 15
49 2 51
63 1 32
11 1 3
2 1 1
63 1 3
63 1 5
34 2 31
11 1 26
67 1 30
5 1 1
68 1 71
15 2 27
7 1 26
62 1 49
13 1 3
38 2 35
37 1 7
2 1 82
11 1 20
43 6 44
63 2 68
13 1 1
71 2 2
38 1 27
36 1 29
2 2 3
3 2 4
82 2 3
7 1 23
27 2 35
32 1 14
44 1 62
1 7 3
26 1 3
9 1 16
1 2 15
44 1 2
63 1 82
44 1 5
67 2 31
17 2 14
51 1 9
1 5 3
64 1 7
31 2 14
24 1 11
68 2 44
33 1 32
32 1 64
71 2 5
22 2 3
1 2 35
7 1 6
22 2 10
13 1 16
32 1 43
3 1 22
2 1 3
35 1 67
30 1 7
32 1 31
13 1 82
14 2 44
2 2 1
43 1 7
14 1 13
32 1 17
9 1 3
25 1 18
44 1 3
49 1 13
15 1 7
25 1 1
36 1 32
14 2 65
65 1 27
18 1 7
22 2 20
23 2 3
9 1 1
3 2 23
68 1 3
26 1 25
13 1 15
34 1 33
29 2 32
11 1 10
63 1 62
11 1 22
1 2 4
21 2 67
20 1 1
41 1 35
43 1 11
17 1 9
44 1 32
31 2 65
11 1 6
21 1 11
32 1 67
26 1 1
23 2 10
29 1 15
15 1 13
35 1 17
5 1 82
35 1 34
62 2 35
67 1 32
1 2 25
15 2 30
64 6 44
18 2 24
16 1 11
68 1 4
1 4 3
1 2 62
22 2 26
35 1 14
30 1 11
65 2 41
13 1 2
35 1 44
13 1 5
31 2 17
44 1 4
4 2 35
3 2 62
31 2 36
71 2 1
71 2 3
62 2 32
35 1 63
17 2 21
45 1 25
36 1 35
32 1 21
9 1 82
3 2 19
35 1 31
1 1 23
65 1 30
1 1 22
32 1 65
3 1 1
35 1 36
4 1 51
9 1 5
63 1 2
65 1 35
1 1 3
32 1 41
62 1 51
35 1 68
30 2 33
22 2 6
11 1 1
24 1 7
20 2 23
16 2 27
68 1 35
49 1 9
15 1 11
9 1 15
1 2 16
31 2 21
19 1 24
? 1 github_java_program_data/2/47.java

3 2 4
63 1 82
82 2 5
82 2 2
1 1 23
25 1 32
18 1 3
44 1 71
4 1 49
68 1 82
44 1 1
24 1 11
32 1 63
1 2 23
25 1 24
3 2 32
32 1 64
43 6 63
54 1 1
22 2 3
54 1 71
54 1 32
13 1 3
79 1 3
32 1 43
3 1 22
35 1 21
20 1 25
14 2 44
11 1 23
32 1 31
54 2 44
5 2 3
18 1 1
2 2 1
43 1 7
63 1 35
32 1 17
9 1 3
1 2 25
44 1 3
49 1 13
11 1 6
71 2 3
44 1 82
3 7 1
25 1 1
3 1 23
43 6 44
63 2 54
45 1 104
82 2 1
1 2 32
1 7 3
23 2 3
68 1 62
9 1 1
32 1 54
3 2 23
3 1 19
64 1 7
26 1 25
25 2 104
13 1 15
17 2 68
63 1 62
63 1 4
7 1 22
1 2 4
20 1 1
68 1 3
43 1 11
17 1 9
44 1 32
44 2 63
7 1 1
22 2 1
9 1 2
5 1 3
7 1 20
104 1 32
68 1 1
3 2 22
1 2 22
2 1 3
54 1 62
14 1 13
31 1 11
26 1 3
24 1 7
3 2 35
17 2 14
64 6 44
104 2 25
23 2 1
14 1 9
51 1 13
31 1 7
68 1 4
7 1 3
35 1 14
68 2 63
44 2 68
35 1 64
62 2 32
13 1 2
35 1 43
35 1 44
13 1 5
19 1 18
1 1 19
44 1 4
4 2 35
3 2 62
14 2 17
64 1 11
23 2 6
45 1 79
25 1 71
5 2 1
35 1 63
44 1 35
45 1 25
104 1 3
32 1 21
71 2 1
3 2 19
35 1 31
11 1 3
2 1 1
63 1 3
1 1 22
63 1 5
68 2 44
64 6 63
3 2 25
5 1 1
68 1 71
4 1 51
9 1 5
32 1 68
63 1 2
1 1 3
62 1 49
3 1 1
63 1 32
1 2 19
62 1 51
32 1 44
13 1 1
71 2 2
21 1 7
2 2 3
11 1 1
104 1 35
11 1 26
7 1 23
32 1 14
44 1 62
68 1 32
68 1 35
49 1 9
15 1 11
44 1 5
1 2 62
1 2 15
44 1 2
79 2 25
? 1 github_java_program_data/2/54.java

63 1 0
32 1 34
82 2 2
4 2 35
21 2 64
23 2 22
5 2 3
32 1 40
18 1 3
65 2 43
4 1 49
39 1 11
64 6 63
44 1 1
3 1 1
32 1 87
23 2 6
3 7 1
3 1 25
31 2 65
3 5 1
51 1 78
0 1 3
39 1 35
35 1 21
45 1 46
24 1 3
26 1 25
30 2 32
14 2 17
32 1 56
63 1 71
3 2 16
44 1 109
1 2 25
4 2 32
20 1 19
63 1 1
44 1 82
3 1 23
27 2 39
23 2 20
65 1 32
22 2 23
10 2 23
9 1 15
108 1 1
20 2 22
3 1 19
64 1 7
3 2 25
67 2 21
109 1 3
34 1 30
17 2 21
63 1 4
7 1 22
23 2 26
30 2 35
14 2 68
40 2 34
40 2 14
21 2 67
22 2 6
7 1 1
23 2 1
9 1 2
5 1 3
61 1 7
7 1 20
0 2 71
35 1 40
56 1 7
20 1 3
3 2 22
1 2 22
51 1 3
35 1 65
1 2 73
63 1 35
13 1 71
31 1 11
26 2 22
65 2 64
67 2 64
21 2 31
25 1 24
40 2 17
49 1 108
14 1 9
3 2 78
31 1 7
51 1 13
17 1 9
10 2 22
7 1 3
5 1 1
26 2 23
42 1 35
1 1 23
44 2 63
20 2 23
35 1 43
19 1 24
0 1 1
19 1 18
1 1 19
27 1 11
43 6 63
6 2 22
3 2 15
64 1 11
40 1 27
39 2 61
63 2 44
25 1 71
5 2 1
1 2 19
22 2 1
20 1 25
1 2 23
34 2 31
63 1 32
11 1 3
2 1 1
63 1 3
63 1 5
73 1 7
7 1 10
67 1 30
11 1 26
68 1 71
2 2 3
14 2 65
7 1 26
62 1 49
13 1 3
109 2 71
76 1 39
11 1 20
43 6 44
13 1 1
71 2 2
24 2 18
49 1 3
3 2 4
3 4 1
7 1 23
27 2 35
1 1 62
32 1 14
44 1 62
34 2 14
68 1 32
26 1 3
9 1 16
79 2 46
1 2 15
44 1 2
76 1 61
34 2 40
65 2 67
17 1 13
31 2 21
67 2 31
17 2 14
25 1 32
21 2 40
51 1 9
31 2 17
1 7 3
67 1 35
16 1 7
3 2 108
24 1 11
68 2 44
35 1 87
65 2 34
33 1 32
1 1 25
46 1 3
32 1 64
71 2 5
22 2 3
71 2 1
35 1 64
7 1 6
22 2 10
13 1 16
79 1 3
32 1 43
40 2 21
3 1 22
2 1 3
35 1 67
30 1 7
32 1 31
18 1 1
2 2 1
43 1 7
14 1 13
32 1 17
9 1 3
25 1 18
44 1 3
49 1 13
11 1 6
63 1 109
11 1 23
65 1 27
18 1 7
3 1 4
17 2 67
22 2 20
34 1 42
39 1 32
9 1 1
45 1 79
27 1 7
3 2 23
65 2 21
31 2 43
40 1 30
13 1 15
34 1 33
1 5 3
11 1 10
32 1 63
30 2 39
24 1 1
11 1 22
1 2 4
33 1 35
20 1 1
7 1 3
6 2 23
43 1 11
35 1 56
44 1 32
73 2 32
0 2 82
15 1 7
21 1 11
32 1 67
26 1 1
23 2 10
11 1 76
65 2 14
33 2 42
35 1 17
17 2 65
35 1 34
34 2 17
62 2 35
67 1 32
44 1 0
18 2 24
16 1 11
68 1 4
1 4 3
25 1 1
22 2 26
35 1 14
87 1 7
30 1 11
76 1 27
13 1 2
67 2 34
46 2 79
13 1 5
67 2 40
87 1 11
3 2 62
27 2 32
40 1 39
23 2 3
62 2 32
109 1 1
65 2 31
45 1 25
68 1 1
32 1 21
9 1 82
3 2 19
35 1 31
21 1 7
82 2 5
65 1 30
1 1 22
44 1 35
109 2 82
32 1 65
34 1 27
4 1 51
9 1 5
32 1 68
63 1 2
65 1 35
1 1 3
1 2 16
27 2 33
62 1 51
32 1 44
65 2 87
30 2 33
67 1 27
26 1 19
78 1 3
11 1 1
24 1 7
14 2 21
31 2 34
25 1 73
49 1 9
15 1 11
44 1 5
1 2 62
18 1 11
79 2 25
? 1 github_java_program_data/2/56.java

63 1 0
32 1 34
3 2 32
52 1 40
63 1 71
1 2 23
44 1 71
4 1 49
64 6 63
44 1 1
23 2 6
47 2 52
3 7 1
40 1 61
56 1 35
3 5 1
56 1 27
14 2 31
2 2 3
0 1 3
39 1 35
35 1 21
11 1 23
26 1 25
5 2 3
65 2 43
40 1 33
32 1 40
3 2 16
52 2 47
82 2 1
4 2 32
20 1 19
63 1 1
44 1 82
33 2 47
54 2 55
3 1 23
27 2 39
23 2 20
34 1 39
65 1 32
40 1 52
3 4 1
9 1 15
44 2 63
20 2 22
40 1 47
64 1 7
3 2 25
1 2 16
34 1 30
63 1 4
7 1 22
23 2 26
32 1 56
40 2 34
39 2 52
53 1 7
7 1 1
40 1 42
9 1 2
5 1 3
7 1 20
35 1 40
17 1 13
68 1 1
3 2 22
1 2 22
25 1 3
35 1 65
63 1 35
31 1 11
26 2 22
21 2 31
33 1 32
63 2 44
23 2 1
14 1 9
31 1 7
51 1 13
10 2 23
10 2 22
7 1 3
26 2 23
42 1 35
21 1 7
22 2 6
20 2 23
35 1 43
19 1 24
82 2 5
19 1 18
27 1 11
82 2 71
14 2 17
64 1 11
40 1 27
39 2 61
61 1 32
25 1 71
5 2 1
1 2 19
22 2 1
14 2 56
48 2 54
68 2 44
63 1 32
11 1 3
2 1 1
63 1 3
63 1 5
34 2 31
7 1 10
34 2 63
5 1 1
22 2 10
7 1 26
55 2 53
35 1 53
62 1 49
3 1 1
35 1 54
43 6 44
13 1 1
71 2 2
47 2 42
3 2 4
11 1 26
7 1 23
27 2 35
32 1 14
44 1 62
68 1 32
3 1 22
9 1 16
44 2 34
1 2 15
44 1 2
34 2 40
63 1 82
31 2 21
17 2 14
25 1 32
21 2 40
51 1 9
1 7 3
68 1 82
1 1 22
24 1 11
32 1 63
25 1 24
32 1 64
43 6 63
71 2 5
22 2 3
79 1 1
7 1 6
13 1 3
13 1 16
32 1 43
40 2 21
26 1 3
2 1 3
82 2 2
30 1 7
54 1 11
35 1 55
14 2 44
2 2 1
43 1 7
14 1 13
32 1 17
9 1 3
25 1 18
44 1 3
49 1 13
15 1 7
31 2 40
11 1 20
65 1 27
35 1 48
22 2 20
23 2 3
39 1 32
9 1 1
45 1 79
27 1 7
3 2 23
47 1 34
31 2 43
16 1 7
13 1 15
34 1 33
11 1 10
30 2 39
63 1 62
11 1 22
1 2 4
33 1 35
20 1 1
43 1 11
17 1 9
44 1 32
71 2 82
3 2 15
11 1 6
21 1 11
26 1 1
23 2 10
1 1 8
35 1 17
17 2 65
35 1 34
62 2 35
1 2 25
32 1 31
64 6 44
68 1 4
1 4 3
22 2 26
35 1 14
30 1 11
13 1 2
35 1 44
13 1 5
1 5 3
44 1 4
4 2 35
3 2 62
40 1 39
71 2 3
62 2 32
40 1 30
35 1 63
3 2 8
0 2 82
45 1 25
40 2 44
20 1 3
32 1 21
3 2 19
35 1 31
1 1 23
6 2 22
18 1 7
44 1 35
52 1 34
34 1 27
4 1 51
9 1 5
32 1 68
17 2 40
63 1 2
63 2 68
27 2 32
1 1 3
21 2 17
27 2 33
62 1 51
32 1 44
30 2 33
11 1 1
24 1 7
14 2 21
31 2 34
53 2 48
49 1 9
15 1 11
44 1 5
1 2 62
18 1 11
79 2 25
? 1 github_java_program_data/2/65.java

25 1 35
1 2 8
5 2 3
63 1 71
1 2 23
1 5 3
44 1 71
4 1 49
44 1 1
3 2 108
25 1 108
25 1 24
24 1 7
71 2 5
22 2 3
7 1 6
2 2 3
0 1 3
26 1 3
31 2 21
82 2 2
5 2 1
32 1 31
2 2 1
49 1 9
21 1 11
14 1 13
9 1 3
44 1 3
20 1 19
15 1 7
63 1 1
44 1 82
63 1 109
86 1 1
3 1 23
18 1 7
1 4 3
23 2 3
7 1 1
3 2 23
26 1 25
13 1 15
108 1 7
3 4 1
63 1 62
7 1 22
1 2 4
4 2 32
20 1 1
109 2 71
44 1 32
44 2 63
3 2 15
22 2 1
0 2 82
26 1 1
7 1 20
3 2 22
1 2 22
25 1 3
2 1 3
63 1 35
86 2 25
31 1 11
44 1 0
21 2 31
23 2 1
62 2 35
31 1 7
1 2 62
13 1 2
108 2 35
35 1 44
19 1 18
44 1 4
82 2 71
71 2 3
63 2 44
25 1 71
109 1 1
35 1 63
1 2 19
45 1 25
22 2 20
20 1 3
32 1 21
3 2 19
35 1 31
1 1 23
2 1 1
1 1 22
63 1 5
7 1 10
3 2 25
3 1 1
5 1 3
3 2 4
9 1 5
1 1 3
13 1 3
11 1 20
45 1 86
71 2 2
1 2 25
11 1 26
14 2 21
32 1 14
3 1 22
3 1 8
44 1 2
? 1 github_java_program_data/2/70.java

3 2 4
63 1 82
82 2 5
82 2 2
1 1 23
25 1 32
18 1 3
44 1 71
4 1 49
68 1 82
44 1 1
24 1 11
32 1 63
1 2 23
25 1 24
3 2 32
32 1 64
43 6 63
54 1 1
22 2 3
54 1 71
54 1 32
13 1 3
79 1 3
32 1 43
3 1 22
35 1 21
20 1 25
14 2 44
11 1 23
32 1 31
54 2 44
5 2 3
18 1 1
2 2 1
43 1 7
63 1 35
32 1 17
9 1 3
1 2 25
44 1 3
49 1 13
11 1 6
71 2 3
44 1 82
3 7 1
25 1 1
3 1 23
43 6 44
63 2 54
45 1 104
82 2 1
1 2 32
1 7 3
23 2 3
68 1 62
9 1 1
32 1 54
3 2 23
3 1 19
64 1 7
26 1 25
25 2 104
13 1 15
17 2 68
63 1 62
63 1 4
7 1 22
1 2 4
20 1 1
68 1 3
43 1 11
17 1 9
44 1 32
44 2 63
7 1 1
22 2 1
9 1 2
5 1 3
7 1 20
104 1 32
68 1 1
3 2 22
1 2 22
2 1 3
54 1 62
14 1 13
31 1 11
26 1 3
24 1 7
3 2 35
17 2 14
64 6 44
104 2 25
23 2 1
14 1 9
51 1 13
31 1 7
68 1 4
7 1 3
35 1 14
68 2 63
44 2 68
35 1 64
62 2 32
13 1 2
35 1 43
35 1 44
13 1 5
19 1 18
1 1 19
44 1 4
4 2 35
3 2 62
14 2 17
64 1 11
23 2 6
45 1 79
25 1 71
5 2 1
35 1 63
44 1 35
45 1 25
104 1 3
32 1 21
71 2 1
3 2 19
35 1 31
11 1 3
2 1 1
63 1 3
1 1 22
63 1 5
68 2 44
64 6 63
3 2 25
5 1 1
68 1 71
4 1 51
9 1 5
32 1 68
63 1 2
1 1 3
62 1 49
3 1 1
63 1 32
1 2 19
62 1 51
32 1 44
13 1 1
71 2 2
21 1 7
2 2 3
11 1 1
104 1 35
11 1 26
7 1 23
32 1 14
44 1 62
68 1 32
68 1 35
49 1 9
15 1 11
44 1 5
1 2 62
1 2 15
44 1 2
79 2 25
? 1 github_java_program_data/2/84.java

63 1 0
32 1 34
82 2 2
4 2 35
21 2 64
23 2 22
5 2 3
32 1 40
18 1 3
65 2 43
4 1 49
39 1 11
64 6 63
44 1 1
3 1 1
32 1 87
23 2 6
3 7 1
3 1 25
31 2 65
3 5 1
51 1 78
0 1 3
39 1 35
35 1 21
45 1 46
24 1 3
26 1 25
30 2 32
14 2 17
32 1 56
63 1 71
3 2 16
44 1 109
1 2 25
4 2 32
20 1 19
63 1 1
44 1 82
3 1 23
27 2 39
23 2 20
65 1 32
22 2 23
10 2 23
9 1 15
108 1 1
20 2 22
3 1 19
64 1 7
3 2 25
67 2 21
109 1 3
34 1 30
17 2 21
63 1 4
7 1 22
23 2 26
30 2 35
14 2 68
40 2 34
40 2 14
21 2 67
22 2 6
7 1 1
23 2 1
9 1 2
5 1 3
61 1 7
7 1 20
0 2 71
35 1 40
56 1 7
20 1 3
3 2 22
1 2 22
51 1 3
35 1 65
1 2 73
63 1 35
13 1 71
31 1 11
26 2 22
65 2 64
67 2 64
21 2 31
25 1 24
40 2 17
49 1 108
14 1 9
3 2 78
31 1 7
51 1 13
17 1 9
10 2 22
7 1 3
5 1 1
26 2 23
42 1 35
1 1 23
44 2 63
20 2 23
35 1 43
19 1 24
0 1 1
19 1 18
1 1 19
27 1 11
43 6 63
6 2 22
3 2 15
64 1 11
40 1 27
39 2 61
63 2 44
25 1 71
5 2 1
1 2 19
22 2 1
20 1 25
1 2 23
34 2 31
63 1 32
11 1 3
2 1 1
63 1 3
63 1 5
73 1 7
7 1 10
67 1 30
11 1 26
68 1 71
2 2 3
14 2 65
7 1 26
62 1 49
13 1 3
109 2 71
76 1 39
11 1 20
43 6 44
13 1 1
71 2 2
24 2 18
49 1 3
3 2 4
3 4 1
7 1 23
27 2 35
1 1 62
32 1 14
44 1 62
34 2 14
68 1 32
26 1 3
9 1 16
79 2 46
1 2 15
44 1 2
76 1 61
34 2 40
65 2 67
17 1 13
31 2 21
67 2 31
17 2 14
25 1 32
21 2 40
51 1 9
31 2 17
1 7 3
67 1 35
16 1 7
3 2 108
24 1 11
68 2 44
35 1 87
65 2 34
33 1 32
1 1 25
46 1 3
32 1 64
71 2 5
22 2 3
71 2 1
35 1 64
7 1 6
22 2 10
13 1 16
79 1 3
32 1 43
40 2 21
3 1 22
2 1 3
35 1 67
30 1 7
32 1 31
18 1 1
2 2 1
43 1 7
14 1 13
32 1 17
9 1 3
25 1 18
44 1 3
49 1 13
11 1 6
63 1 109
11 1 23
65 1 27
18 1 7
3 1 4
17 2 67
22 2 20
34 1 42
39 1 32
9 1 1
45 1 79
27 1 7
3 2 23
65 2 21
31 2 43
40 1 30
13 1 15
34 1 33
1 5 3
11 1 10
32 1 63
30 2 39
24 1 1
11 1 22
1 2 4
33 1 35
20 1 1
7 1 3
6 2 23
43 1 11
35 1 56
44 1 32
73 2 32
0 2 82
15 1 7
21 1 11
32 1 67
26 1 1
23 2 10
11 1 76
65 2 14
33 2 42
35 1 17
17 2 65
35 1 34
34 2 17
62 2 35
67 1 32
44 1 0
18 2 24
16 1 11
68 1 4
1 4 3
25 1 1
22 2 26
35 1 14
87 1 7
30 1 11
76 1 27
13 1 2
67 2 34
46 2 79
13 1 5
67 2 40
87 1 11
3 2 62
27 2 32
40 1 39
23 2 3
62 2 32
109 1 1
65 2 31
45 1 25
68 1 1
32 1 21
9 1 82
3 2 19
35 1 31
21 1 7
82 2 5
65 1 30
1 1 22
44 1 35
109 2 82
32 1 65
34 1 27
4 1 51
9 1 5
32 1 68
63 1 2
65 1 35
1 1 3
1 2 16
27 2 33
62 1 51
32 1 44
65 2 87
30 2 33
67 1 27
26 1 19
78 1 3
11 1 1
24 1 7
14 2 21
31 2 34
25 1 73
49 1 9
15 1 11
44 1 5
1 2 62
18 1 11
79 2 25
? 1 github_java_program_data/2/86.java

63 1 0
32 1 34
3 2 32
52 1 40
63 1 71
1 2 23
44 1 71
4 1 49
64 6 63
44 1 1
23 2 6
47 2 52
3 7 1
40 1 61
56 1 35
3 5 1
56 1 27
14 2 31
2 2 3
0 1 3
39 1 35
35 1 21
11 1 23
26 1 25
5 2 3
65 2 43
40 1 33
32 1 40
3 2 16
52 2 47
82 2 1
4 2 32
20 1 19
63 1 1
44 1 82
33 2 47
54 2 55
3 1 23
27 2 39
23 2 20
34 1 39
65 1 32
40 1 52
3 4 1
9 1 15
44 2 63
20 2 22
40 1 47
64 1 7
3 2 25
1 2 16
34 1 30
63 1 4
7 1 22
23 2 26
32 1 56
40 2 34
39 2 52
53 1 7
7 1 1
40 1 42
9 1 2
5 1 3
7 1 20
35 1 40
17 1 13
68 1 1
3 2 22
1 2 22
25 1 3
35 1 65
63 1 35
31 1 11
26 2 22
21 2 31
33 1 32
63 2 44
23 2 1
14 1 9
31 1 7
51 1 13
10 2 23
10 2 22
7 1 3
26 2 23
42 1 35
21 1 7
22 2 6
20 2 23
35 1 43
19 1 24
82 2 5
19 1 18
27 1 11
82 2 71
14 2 17
64 1 11
40 1 27
39 2 61
61 1 32
25 1 71
5 2 1
1 2 19
22 2 1
14 2 56
48 2 54
68 2 44
63 1 32
11 1 3
2 1 1
63 1 3
63 1 5
34 2 31
7 1 10
34 2 63
5 1 1
22 2 10
7 1 26
55 2 53
35 1 53
62 1 49
3 1 1
35 1 54
43 6 44
13 1 1
71 2 2
47 2 42
3 2 4
11 1 26
7 1 23
27 2 35
32 1 14
44 1 62
68 1 32
3 1 22
9 1 16
44 2 34
1 2 15
44 1 2
34 2 40
63 1 82
31 2 21
17 2 14
25 1 32
21 2 40
51 1 9
1 7 3
68 1 82
1 1 22
24 1 11
32 1 63
25 1 24
32 1 64
43 6 63
71 2 5
22 2 3
79 1 1
7 1 6
13 1 3
13 1 16
32 1 43
40 2 21
26 1 3
2 1 3
82 2 2
30 1 7
54 1 11
35 1 55
14 2 44
2 2 1
43 1 7
14 1 13
32 1 17
9 1 3
25 1 18
44 1 3
49 1 13
15 1 7
31 2 40
11 1 20
65 1 27
35 1 48
22 2 20
23 2 3
39 1 32
9 1 1
45 1 79
27 1 7
3 2 23
47 1 34
31 2 43
16 1 7
13 1 15
34 1 33
11 1 10
30 2 39
63 1 62
11 1 22
1 2 4
33 1 35
20 1 1
43 1 11
17 1 9
44 1 32
71 2 82
3 2 15
11 1 6
21 1 11
26 1 1
23 2 10
1 1 8
35 1 17
17 2 65
35 1 34
62 2 35
1 2 25
32 1 31
64 6 44
68 1 4
1 4 3
22 2 26
35 1 14
30 1 11
13 1 2
35 1 44
13 1 5
1 5 3
44 1 4
4 2 35
3 2 62
40 1 39
71 2 3
62 2 32
40 1 30
35 1 63
3 2 8
0 2 82
45 1 25
40 2 44
20 1 3
32 1 21
3 2 19
35 1 31
1 1 23
6 2 22
18 1 7
44 1 35
52 1 34
34 1 27
4 1 51
9 1 5
32 1 68
17 2 40
63 1 2
63 2 68
27 2 32
1 1 3
21 2 17
27 2 33
62 1 51
32 1 44
30 2 33
11 1 1
24 1 7
14 2 21
31 2 34
53 2 48
49 1 9
15 1 11
44 1 5
1 2 62
18 1 11
79 2 25
? 1 github_java_program_data/2/95.java

