0 2 71
63 1 5
104 1 73
82 2 2
49 1 13
25 1 108
23 2 20
44 1 35
11 1 22
73 2 32
26 2 22
22 2 20
29 1 16
71 2 2
32 1 113
31 1 11
25 1 18
42 1 32
20 1 1
11 1 1
20 2 22
0 1 1
1 2 4
44 1 5
0 1 3
19 1 18
23 2 22
30 1 7
108 1 78
13 1 3
2 1 71
26 1 25
1 1 19
13 1 2
19 1 24
1 2 25
7 1 3
46 2 25
52 2 35
51 2 49
82 2 71
64 1 11
40 1 30
5 1 3
71 2 3
3 1 22
25 1 32
18 2 24
85 2 31
13 1 5
1 2 22
44 1 32
46 2 79
22 2 3
71 2 82
2 2 1
40 1 39
104 1 32
35 1 34
36 1 29
4 2 32
32 1 34
3 2 23
25 2 104
33 2 47
11 1 3
34 1 39
9 1 71
23 2 26
3 2 16
3 1 25
45 1 79
2 1 3
25 1 0
21 2 31
44 1 3
63 1 62
7 1 26
62 1 49
31 2 34
22 2 1
62 2 35
9 1 5
7 1 20
109 2 82
1 2 16
23 2 1
5 1 1
20 1 19
1 1 22
11 1 10
9 1 1
51 1 13
63 1 3
17 2 14
5 2 1
20 2 23
10 2 22
21 1 11
32 1 43
1 1 23
3 1 19
40 1 27
13 1 82
7 1 23
14 2 17
27 2 39
63 2 113
34 1 33
26 1 1
108 2 32
44 1 4
3 2 4
44 1 0
18 1 7
10 2 23
20 1 3
33 1 32
26 1 19
35 1 31
3 2 19
63 1 82
35 1 36
26 2 23
2 1 82
82 2 1
62 2 82
11 1 6
63 1 82
15 1 11
40 1 52
24 1 3
46 1 1
24 1 1
34 1 30
1 2 15
1 2 23
2 2 3
35 2 70
23 2 6
86 1 3
40 2 31
45 1 46
25 1 71
26 1 3
52 2 42
9 1 63
52 1 24
63 2 44
39 1 35
82 2 3
30 2 39
32 1 63
24 1 7
25 1 3
16 1 11
5 1 71
47 1 40
31 2 40
14 1 9
1 5 3
79 2 46
23 2 3
32 1 44
37 1 1
44 1 62
17 1 13
32 1 40
52 1 18
22 2 23
40 1 47
113 1 1
62 1 51
47 2 52
24 2 18
35 1 85
35 1 21
63 1 7
3 2 108
29 2 32
11 1 20
71 2 5
85 1 3
104 1 82
0 1 19
3 2 73
15 1 7
22 2 10
63 1 109
18 1 1
30 2 33
104 1 3
45 1 86
113 1 4
35 1 64
18 1 11
34 2 31
30 1 11
43 1 11
1 2 63
44 2 63
71 2 1
3 2 15
34 1 27
18 1 3
23 2 10
13 1 16
64 6 63
7 1 22
40 1 42
1 1 3
11 1 26
3 2 25
104 1 71
22 2 6
3 2 22
13 1 71
3 1 23
9 1 15
27 1 11
78 1 3
63 1 2
9 1 3
7 1 6
82 2 35
109 1 3
4 2 35
51 1 9
31 1 7
82 1 24
13 1 1
73 1 37
14 2 44
21 1 7
45 1 25
1 1 25
20 1 25
32 1 21
22 2 26
3 5 1
35 1 40
39 1 70
44 1 71
4 1 49
45 1 104
36 1 32
27 1 7
25 1 24
3 1 1
3 2 62
49 1 9
43 6 44
2 1 1
9 1 2
9 1 82
24 1 11
1 4 3
3 4 1
82 2 5
79 1 1
7 1 10
44 1 52
63 1 35
27 2 33
62 2 52
40 1 33
46 1 3
79 1 3
1 2 19
52 1 34
86 2 79
32 1 17
32 1 14
5 2 3
11 1 23
7 1 1
16 1 9
32 1 31
? 1 github_java_program_data/1/124.java

0 2 71
63 1 5
104 1 73
82 2 2
49 1 13
25 1 108
23 2 20
44 1 35
11 1 22
73 2 32
26 2 22
22 2 20
29 1 16
71 2 2
32 1 113
31 1 11
25 1 18
42 1 32
20 1 1
11 1 1
20 2 22
0 1 1
1 2 4
44 1 5
0 1 3
19 1 18
23 2 22
30 1 7
108 1 78
13 1 3
2 1 71
26 1 25
1 1 19
13 1 2
19 1 24
1 2 25
7 1 3
46 2 25
52 2 35
51 2 49
82 2 71
64 1 11
40 1 30
5 1 3
71 2 3
3 1 22
25 1 32
18 2 24
85 2 31
13 1 5
1 2 22
44 1 32
46 2 79
22 2 3
71 2 82
2 2 1
40 1 39
104 1 32
35 1 34
36 1 29
4 2 32
32 1 34
3 2 23
25 2 104
33 2 47
11 1 3
34 1 39
9 1 71
23 2 26
3 2 16
3 1 25
45 1 79
2 1 3
25 1 0
21 2 31
44 1 3
63 1 62
7 1 26
62 1 49
31 2 34
22 2 1
62 2 35
9 1 5
7 1 20
109 2 82
1 2 16
23 2 1
5 1 1
20 1 19
1 1 22
11 1 10
9 1 1
51 1 13
63 1 3
17 2 14
5 2 1
20 2 23
10 2 22
21 1 11
32 1 43
1 1 23
3 1 19
40 1 27
13 1 82
7 1 23
14 2 17
27 2 39
63 2 113
34 1 33
26 1 1
108 2 32
44 1 4
3 2 4
44 1 0
18 1 7
10 2 23
20 1 3
33 1 32
26 1 19
35 1 31
3 2 19
63 1 82
35 1 36
26 2 23
2 1 82
82 2 1
62 2 82
11 1 6
63 1 82
15 1 11
40 1 52
24 1 3
46 1 1
24 1 1
34 1 30
1 2 15
1 2 23
2 2 3
35 2 70
23 2 6
86 1 3
40 2 31
45 1 46
25 1 71
26 1 3
52 2 42
9 1 63
52 1 24
63 2 44
39 1 35
82 2 3
30 2 39
32 1 63
24 1 7
25 1 3
16 1 11
5 1 71
47 1 40
31 2 40
14 1 9
1 5 3
79 2 46
23 2 3
32 1 44
37 1 1
44 1 62
17 1 13
32 1 40
52 1 18
22 2 23
40 1 47
113 1 1
62 1 51
47 2 52
24 2 18
35 1 85
35 1 21
63 1 7
3 2 108
29 2 32
11 1 20
71 2 5
85 1 3
104 1 82
0 1 19
3 2 73
15 1 7
22 2 10
63 1 109
18 1 1
30 2 33
104 1 3
45 1 86
113 1 4
35 1 64
18 1 11
34 2 31
30 1 11
43 1 11
1 2 63
44 2 63
71 2 1
3 2 15
34 1 27
18 1 3
23 2 10
13 1 16
64 6 63
7 1 22
40 1 42
1 1 3
11 1 26
3 2 25
104 1 71
22 2 6
3 2 22
13 1 71
3 1 23
9 1 15
27 1 11
78 1 3
63 1 2
9 1 3
7 1 6
82 2 35
109 1 3
4 2 35
51 1 9
31 1 7
82 1 24
13 1 1
73 1 37
14 2 44
21 1 7
45 1 25
1 1 25
20 1 25
32 1 21
22 2 26
3 5 1
35 1 40
39 1 70
44 1 71
4 1 49
45 1 104
36 1 32
27 1 7
25 1 24
3 1 1
3 2 62
49 1 9
43 6 44
2 1 1
9 1 2
9 1 82
24 1 11
1 4 3
3 4 1
82 2 5
79 1 1
7 1 10
44 1 52
63 1 35
27 2 33
62 2 52
40 1 33
46 1 3
79 1 3
1 2 19
52 1 34
86 2 79
32 1 17
32 1 14
5 2 3
11 1 23
7 1 1
16 1 9
32 1 31
? 1 github_java_program_data/1/125.java

0 2 71
63 1 5
104 1 73
82 2 2
49 1 13
25 1 108
23 2 20
44 1 35
11 1 22
73 2 32
26 2 22
22 2 20
29 1 16
71 2 2
32 1 113
31 1 11
25 1 18
42 1 32
20 1 1
11 1 1
20 2 22
0 1 1
1 2 4
44 1 5
0 1 3
19 1 18
23 2 22
30 1 7
108 1 78
13 1 3
2 1 71
26 1 25
1 1 19
13 1 2
19 1 24
1 2 25
7 1 3
46 2 25
52 2 35
51 2 49
82 2 71
64 1 11
40 1 30
5 1 3
71 2 3
3 1 22
25 1 32
18 2 24
85 2 31
13 1 5
1 2 22
44 1 32
46 2 79
22 2 3
71 2 82
2 2 1
40 1 39
104 1 32
35 1 34
36 1 29
4 2 32
32 1 34
3 2 23
25 2 104
33 2 47
11 1 3
34 1 39
9 1 71
23 2 26
3 2 16
3 1 25
45 1 79
2 1 3
25 1 0
21 2 31
44 1 3
63 1 62
7 1 26
62 1 49
31 2 34
22 2 1
62 2 35
9 1 5
7 1 20
109 2 82
1 2 16
23 2 1
5 1 1
20 1 19
1 1 22
11 1 10
9 1 1
51 1 13
63 1 3
17 2 14
5 2 1
20 2 23
10 2 22
21 1 11
32 1 43
1 1 23
3 1 19
40 1 27
13 1 82
7 1 23
14 2 17
27 2 39
63 2 113
34 1 33
26 1 1
108 2 32
44 1 4
3 2 4
44 1 0
18 1 7
10 2 23
20 1 3
33 1 32
26 1 19
35 1 31
3 2 19
63 1 82
35 1 36
26 2 23
2 1 82
82 2 1
62 2 82
11 1 6
63 1 82
15 1 11
40 1 52
24 1 3
46 1 1
24 1 1
34 1 30
1 2 15
1 2 23
2 2 3
35 2 70
23 2 6
86 1 3
40 2 31
45 1 46
25 1 71
26 1 3
52 2 42
9 1 63
52 1 24
63 2 44
39 1 35
82 2 3
30 2 39
32 1 63
24 1 7
25 1 3
16 1 11
5 1 71
47 1 40
31 2 40
14 1 9
1 5 3
79 2 46
23 2 3
32 1 44
37 1 1
44 1 62
17 1 13
32 1 40
52 1 18
22 2 23
40 1 47
113 1 1
62 1 51
47 2 52
24 2 18
35 1 85
35 1 21
63 1 7
3 2 108
29 2 32
11 1 20
71 2 5
85 1 3
104 1 82
0 1 19
3 2 73
15 1 7
22 2 10
63 1 109
18 1 1
30 2 33
104 1 3
45 1 86
113 1 4
35 1 64
18 1 11
34 2 31
30 1 11
43 1 11
1 2 63
44 2 63
71 2 1
3 2 15
34 1 27
18 1 3
23 2 10
13 1 16
64 6 63
7 1 22
40 1 42
1 1 3
11 1 26
3 2 25
104 1 71
22 2 6
3 2 22
13 1 71
3 1 23
9 1 15
27 1 11
78 1 3
63 1 2
9 1 3
7 1 6
82 2 35
109 1 3
4 2 35
51 1 9
31 1 7
82 1 24
13 1 1
73 1 37
14 2 44
21 1 7
45 1 25
1 1 25
20 1 25
32 1 21
22 2 26
3 5 1
35 1 40
39 1 70
44 1 71
4 1 49
45 1 104
36 1 32
27 1 7
25 1 24
3 1 1
3 2 62
49 1 9
43 6 44
2 1 1
9 1 2
9 1 82
24 1 11
1 4 3
3 4 1
82 2 5
79 1 1
7 1 10
44 1 52
63 1 35
27 2 33
62 2 52
40 1 33
46 1 3
79 1 3
1 2 19
52 1 34
86 2 79
32 1 17
32 1 14
5 2 3
11 1 23
7 1 1
16 1 9
32 1 31
? 1 github_java_program_data/1/154.java

0 2 71
63 1 5
104 1 73
82 2 2
49 1 13
25 1 108
23 2 20
44 1 35
11 1 22
73 2 32
26 2 22
22 2 20
29 1 16
71 2 2
32 1 113
31 1 11
25 1 18
42 1 32
20 1 1
11 1 1
20 2 22
0 1 1
1 2 4
44 1 5
0 1 3
19 1 18
23 2 22
30 1 7
108 1 78
13 1 3
2 1 71
26 1 25
1 1 19
13 1 2
19 1 24
1 2 25
7 1 3
46 2 25
52 2 35
51 2 49
82 2 71
64 1 11
40 1 30
5 1 3
71 2 3
3 1 22
25 1 32
18 2 24
85 2 31
13 1 5
1 2 22
44 1 32
46 2 79
22 2 3
71 2 82
2 2 1
40 1 39
104 1 32
35 1 34
36 1 29
4 2 32
32 1 34
3 2 23
25 2 104
33 2 47
11 1 3
34 1 39
9 1 71
23 2 26
3 2 16
3 1 25
45 1 79
2 1 3
25 1 0
21 2 31
44 1 3
63 1 62
7 1 26
62 1 49
31 2 34
22 2 1
62 2 35
9 1 5
7 1 20
109 2 82
1 2 16
23 2 1
5 1 1
20 1 19
1 1 22
11 1 10
9 1 1
51 1 13
63 1 3
17 2 14
5 2 1
20 2 23
10 2 22
21 1 11
32 1 43
1 1 23
3 1 19
40 1 27
13 1 82
7 1 23
14 2 17
27 2 39
63 2 113
34 1 33
26 1 1
108 2 32
44 1 4
3 2 4
44 1 0
18 1 7
10 2 23
20 1 3
33 1 32
26 1 19
35 1 31
3 2 19
63 1 82
35 1 36
26 2 23
2 1 82
82 2 1
62 2 82
11 1 6
63 1 82
15 1 11
40 1 52
24 1 3
46 1 1
24 1 1
34 1 30
1 2 15
1 2 23
2 2 3
35 2 70
23 2 6
86 1 3
40 2 31
45 1 46
25 1 71
26 1 3
52 2 42
9 1 63
52 1 24
63 2 44
39 1 35
82 2 3
30 2 39
32 1 63
24 1 7
25 1 3
16 1 11
5 1 71
47 1 40
31 2 40
14 1 9
1 5 3
79 2 46
23 2 3
32 1 44
37 1 1
44 1 62
17 1 13
32 1 40
52 1 18
22 2 23
40 1 47
113 1 1
62 1 51
47 2 52
24 2 18
35 1 85
35 1 21
63 1 7
3 2 108
29 2 32
11 1 20
71 2 5
85 1 3
104 1 82
0 1 19
3 2 73
15 1 7
22 2 10
63 1 109
18 1 1
30 2 33
104 1 3
45 1 86
113 1 4
35 1 64
18 1 11
34 2 31
30 1 11
43 1 11
1 2 63
44 2 63
71 2 1
3 2 15
34 1 27
18 1 3
23 2 10
13 1 16
64 6 63
7 1 22
40 1 42
1 1 3
11 1 26
3 2 25
104 1 71
22 2 6
3 2 22
13 1 71
3 1 23
9 1 15
27 1 11
78 1 3
63 1 2
9 1 3
7 1 6
82 2 35
109 1 3
4 2 35
51 1 9
31 1 7
82 1 24
13 1 1
73 1 37
14 2 44
21 1 7
45 1 25
1 1 25
20 1 25
32 1 21
22 2 26
3 5 1
35 1 40
39 1 70
44 1 71
4 1 49
45 1 104
36 1 32
27 1 7
25 1 24
3 1 1
3 2 62
49 1 9
43 6 44
2 1 1
9 1 2
9 1 82
24 1 11
1 4 3
3 4 1
82 2 5
79 1 1
7 1 10
44 1 52
63 1 35
27 2 33
62 2 52
40 1 33
46 1 3
79 1 3
1 2 19
52 1 34
86 2 79
32 1 17
32 1 14
5 2 3
11 1 23
7 1 1
16 1 9
32 1 31
? 1 github_java_program_data/1/155.java

3 7 1
28 1 11
63 1 5
86 1 1
35 1 63
8 2 12
32 1 7
82 2 2
11 1 20
3 2 25
11 1 22
3 2 8
26 2 22
31 2 65
29 1 16
34 2 40
31 1 11
25 1 18
17 2 21
20 1 1
11 1 1
20 2 22
22 2 1
23 2 3
35 1 14
19 1 18
7 1 32
23 2 22
3 1 12
71 2 3
2 2 3
30 1 7
13 1 3
17 2 34
7 1 6
1 1 19
13 1 2
19 1 24
38 1 16
7 1 3
44 1 2
8 1 7
38 2 32
51 2 49
40 2 34
40 1 30
27 2 35
5 1 3
35 1 36
3 1 22
25 1 35
37 1 7
1 2 22
44 1 32
21 2 31
16 2 27
46 2 25
23 2 6
40 1 39
35 1 41
44 2 63
63 1 32
27 2 28
4 2 32
71 2 82
32 1 34
3 2 23
3 2 35
11 1 3
35 1 44
41 1 35
23 2 26
27 2 37
3 2 16
3 1 25
45 1 79
7 1 1
29 2 35
44 1 3
63 1 62
7 1 26
38 1 27
27 1 11
16 2 30
3 4 1
86 2 79
9 1 5
32 1 11
31 2 21
1 2 16
5 1 1
20 1 19
1 1 22
11 1 10
9 1 1
35 1 11
32 1 46
5 2 1
20 2 23
10 2 22
21 1 11
32 1 43
1 1 23
3 1 19
44 1 82
7 1 23
14 2 17
34 1 33
29 1 30
65 2 36
44 1 4
1 5 3
17 1 13
18 1 7
35 1 17
20 1 3
33 1 32
1 2 19
35 1 31
12 1 7
3 2 19
63 1 82
32 1 31
51 1 13
65 1 35
31 2 14
11 1 6
15 1 11
28 1 7
24 1 3
46 1 1
12 1 11
22 2 20
1 2 15
1 2 23
38 1 30
26 1 1
8 1 11
30 2 37
13 1 5
45 1 46
65 1 27
25 1 71
26 1 3
36 2 64
39 1 35
30 2 39
64 6 44
1 1 12
25 1 3
16 1 11
3 1 8
14 1 9
38 2 35
1 1 3
79 2 46
32 1 65
17 2 41
16 1 13
40 2 21
1 1 8
32 1 40
3 2 15
22 2 23
62 1 51
1 2 62
1 2 8
11 1 35
9 1 16
63 1 1
29 2 32
1 1 25
17 1 9
13 1 15
15 1 7
3 2 12
22 2 10
1 2 12
45 1 86
11 2 7
23 2 1
18 2 24
18 1 11
17 2 14
30 1 11
43 1 11
31 1 7
3 2 4
2 1 3
34 1 27
18 1 3
64 1 7
23 2 10
12 2 8
7 1 22
35 1 66
11 1 26
2 2 1
14 1 13
1 7 3
22 2 6
3 2 22
35 1 7
3 1 23
9 1 15
63 1 71
41 1 29
9 1 3
13 1 1
24 2 18
23 2 20
24 1 11
62 2 32
26 1 25
4 1 49
4 1 51
36 1 29
36 1 35
21 1 7
45 1 25
14 2 21
32 1 21
22 2 26
3 5 1
29 1 28
30 2 28
22 2 3
17 2 36
36 1 32
27 1 7
32 1 41
25 1 24
6 2 23
3 1 1
1 2 25
49 1 9
2 1 1
9 1 2
29 1 27
51 1 9
38 1 37
7 2 11
1 4 3
49 2 51
16 1 7
82 2 5
79 1 1
7 1 10
27 2 33
13 1 16
36 1 38
41 1 32
32 1 36
32 1 64
41 2 31
32 1 17
32 1 14
5 2 3
11 1 23
16 1 9
7 1 20
? 1 github_java_program_data/1/171.java

0 2 71
63 1 5
104 1 73
82 2 2
49 1 13
25 1 108
23 2 20
44 1 35
11 1 22
73 2 32
26 2 22
22 2 20
29 1 16
71 2 2
32 1 113
31 1 11
25 1 18
42 1 32
20 1 1
11 1 1
20 2 22
0 1 1
1 2 4
44 1 5
0 1 3
19 1 18
23 2 22
30 1 7
108 1 78
13 1 3
2 1 71
26 1 25
1 1 19
13 1 2
19 1 24
1 2 25
7 1 3
46 2 25
52 2 35
51 2 49
82 2 71
64 1 11
40 1 30
5 1 3
71 2 3
3 1 22
25 1 32
18 2 24
85 2 31
13 1 5
1 2 22
44 1 32
46 2 79
22 2 3
71 2 82
2 2 1
40 1 39
104 1 32
35 1 34
36 1 29
4 2 32
32 1 34
3 2 23
25 2 104
33 2 47
11 1 3
34 1 39
9 1 71
23 2 26
3 2 16
3 1 25
45 1 79
2 1 3
25 1 0
21 2 31
44 1 3
63 1 62
7 1 26
62 1 49
31 2 34
22 2 1
62 2 35
9 1 5
7 1 20
109 2 82
1 2 16
23 2 1
5 1 1
20 1 19
1 1 22
11 1 10
9 1 1
51 1 13
63 1 3
17 2 14
5 2 1
20 2 23
10 2 22
21 1 11
32 1 43
1 1 23
3 1 19
40 1 27
13 1 82
7 1 23
14 2 17
27 2 39
63 2 113
34 1 33
26 1 1
108 2 32
44 1 4
3 2 4
44 1 0
18 1 7
10 2 23
20 1 3
33 1 32
26 1 19
35 1 31
3 2 19
63 1 82
35 1 36
26 2 23
2 1 82
82 2 1
62 2 82
11 1 6
63 1 82
15 1 11
40 1 52
24 1 3
46 1 1
24 1 1
34 1 30
1 2 15
1 2 23
2 2 3
35 2 70
23 2 6
86 1 3
40 2 31
45 1 46
25 1 71
26 1 3
52 2 42
9 1 63
52 1 24
63 2 44
39 1 35
82 2 3
30 2 39
32 1 63
24 1 7
25 1 3
16 1 11
5 1 71
47 1 40
31 2 40
14 1 9
1 5 3
79 2 46
23 2 3
32 1 44
37 1 1
44 1 62
17 1 13
32 1 40
52 1 18
22 2 23
40 1 47
113 1 1
62 1 51
47 2 52
24 2 18
35 1 85
35 1 21
63 1 7
3 2 108
29 2 32
11 1 20
71 2 5
85 1 3
104 1 82
0 1 19
3 2 73
15 1 7
22 2 10
63 1 109
18 1 1
30 2 33
104 1 3
45 1 86
113 1 4
35 1 64
18 1 11
34 2 31
30 1 11
43 1 11
1 2 63
44 2 63
71 2 1
3 2 15
34 1 27
18 1 3
23 2 10
13 1 16
64 6 63
7 1 22
40 1 42
1 1 3
11 1 26
3 2 25
104 1 71
22 2 6
3 2 22
13 1 71
3 1 23
9 1 15
27 1 11
78 1 3
63 1 2
9 1 3
7 1 6
82 2 35
109 1 3
4 2 35
51 1 9
31 1 7
82 1 24
13 1 1
73 1 37
14 2 44
21 1 7
45 1 25
1 1 25
20 1 25
32 1 21
22 2 26
3 5 1
35 1 40
39 1 70
44 1 71
4 1 49
45 1 104
36 1 32
27 1 7
25 1 24
3 1 1
3 2 62
49 1 9
43 6 44
2 1 1
9 1 2
9 1 82
24 1 11
1 4 3
3 4 1
82 2 5
79 1 1
7 1 10
44 1 52
63 1 35
27 2 33
62 2 52
40 1 33
46 1 3
79 1 3
1 2 19
52 1 34
86 2 79
32 1 17
32 1 14
5 2 3
11 1 23
7 1 1
16 1 9
32 1 31
? 1 github_java_program_data/1/184.java

0 2 71
63 1 5
104 1 73
82 2 2
49 1 13
25 1 108
23 2 20
44 1 35
11 1 22
73 2 32
26 2 22
22 2 20
29 1 16
71 2 2
32 1 113
31 1 11
25 1 18
42 1 32
20 1 1
11 1 1
20 2 22
0 1 1
1 2 4
44 1 5
0 1 3
19 1 18
23 2 22
30 1 7
108 1 78
13 1 3
2 1 71
26 1 25
1 1 19
13 1 2
19 1 24
1 2 25
7 1 3
46 2 25
52 2 35
51 2 49
82 2 71
64 1 11
40 1 30
5 1 3
71 2 3
3 1 22
25 1 32
18 2 24
85 2 31
13 1 5
1 2 22
44 1 32
46 2 79
22 2 3
71 2 82
2 2 1
40 1 39
104 1 32
35 1 34
36 1 29
4 2 32
32 1 34
3 2 23
25 2 104
33 2 47
11 1 3
34 1 39
9 1 71
23 2 26
3 2 16
3 1 25
45 1 79
2 1 3
25 1 0
21 2 31
44 1 3
63 1 62
7 1 26
62 1 49
31 2 34
22 2 1
62 2 35
9 1 5
7 1 20
109 2 82
1 2 16
23 2 1
5 1 1
20 1 19
1 1 22
11 1 10
9 1 1
51 1 13
63 1 3
17 2 14
5 2 1
20 2 23
10 2 22
21 1 11
32 1 43
1 1 23
3 1 19
40 1 27
13 1 82
7 1 23
14 2 17
27 2 39
63 2 113
34 1 33
26 1 1
108 2 32
44 1 4
3 2 4
44 1 0
18 1 7
10 2 23
20 1 3
33 1 32
26 1 19
35 1 31
3 2 19
63 1 82
35 1 36
26 2 23
2 1 82
82 2 1
62 2 82
11 1 6
63 1 82
15 1 11
40 1 52
24 1 3
46 1 1
24 1 1
34 1 30
1 2 15
1 2 23
2 2 3
35 2 70
23 2 6
86 1 3
40 2 31
45 1 46
25 1 71
26 1 3
52 2 42
9 1 63
52 1 24
63 2 44
39 1 35
82 2 3
30 2 39
32 1 63
24 1 7
25 1 3
16 1 11
5 1 71
47 1 40
31 2 40
14 1 9
1 5 3
79 2 46
23 2 3
32 1 44
37 1 1
44 1 62
17 1 13
32 1 40
52 1 18
22 2 23
40 1 47
113 1 1
62 1 51
47 2 52
24 2 18
35 1 85
35 1 21
63 1 7
3 2 108
29 2 32
11 1 20
71 2 5
85 1 3
104 1 82
0 1 19
3 2 73
15 1 7
22 2 10
63 1 109
18 1 1
30 2 33
104 1 3
45 1 86
113 1 4
35 1 64
18 1 11
34 2 31
30 1 11
43 1 11
1 2 63
44 2 63
71 2 1
3 2 15
34 1 27
18 1 3
23 2 10
13 1 16
64 6 63
7 1 22
40 1 42
1 1 3
11 1 26
3 2 25
104 1 71
22 2 6
3 2 22
13 1 71
3 1 23
9 1 15
27 1 11
78 1 3
63 1 2
9 1 3
7 1 6
82 2 35
109 1 3
4 2 35
51 1 9
31 1 7
82 1 24
13 1 1
73 1 37
14 2 44
21 1 7
45 1 25
1 1 25
20 1 25
32 1 21
22 2 26
3 5 1
35 1 40
39 1 70
44 1 71
4 1 49
45 1 104
36 1 32
27 1 7
25 1 24
3 1 1
3 2 62
49 1 9
43 6 44
2 1 1
9 1 2
9 1 82
24 1 11
1 4 3
3 4 1
82 2 5
79 1 1
7 1 10
44 1 52
63 1 35
27 2 33
62 2 52
40 1 33
46 1 3
79 1 3
1 2 19
52 1 34
86 2 79
32 1 17
32 1 14
5 2 3
11 1 23
7 1 1
16 1 9
32 1 31
? 1 github_java_program_data/1/214.java

0 2 71
63 1 5
104 1 73
82 2 2
49 1 13
25 1 108
23 2 20
44 1 35
11 1 22
73 2 32
26 2 22
22 2 20
29 1 16
71 2 2
32 1 113
31 1 11
25 1 18
42 1 32
20 1 1
11 1 1
20 2 22
0 1 1
1 2 4
44 1 5
0 1 3
19 1 18
23 2 22
30 1 7
108 1 78
13 1 3
2 1 71
26 1 25
1 1 19
13 1 2
19 1 24
1 2 25
7 1 3
46 2 25
52 2 35
51 2 49
82 2 71
64 1 11
40 1 30
5 1 3
71 2 3
3 1 22
25 1 32
18 2 24
85 2 31
13 1 5
1 2 22
44 1 32
46 2 79
22 2 3
71 2 82
2 2 1
40 1 39
104 1 32
35 1 34
36 1 29
4 2 32
32 1 34
3 2 23
25 2 104
33 2 47
11 1 3
34 1 39
9 1 71
23 2 26
3 2 16
3 1 25
45 1 79
2 1 3
25 1 0
21 2 31
44 1 3
63 1 62
7 1 26
62 1 49
31 2 34
22 2 1
62 2 35
9 1 5
7 1 20
109 2 82
1 2 16
23 2 1
5 1 1
20 1 19
1 1 22
11 1 10
9 1 1
51 1 13
63 1 3
17 2 14
5 2 1
20 2 23
10 2 22
21 1 11
32 1 43
1 1 23
3 1 19
40 1 27
13 1 82
7 1 23
14 2 17
27 2 39
63 2 113
34 1 33
26 1 1
108 2 32
44 1 4
3 2 4
44 1 0
18 1 7
10 2 23
20 1 3
33 1 32
26 1 19
35 1 31
3 2 19
63 1 82
35 1 36
26 2 23
2 1 82
82 2 1
62 2 82
11 1 6
63 1 82
15 1 11
40 1 52
24 1 3
46 1 1
24 1 1
34 1 30
1 2 15
1 2 23
2 2 3
35 2 70
23 2 6
86 1 3
40 2 31
45 1 46
25 1 71
26 1 3
52 2 42
9 1 63
52 1 24
63 2 44
39 1 35
82 2 3
30 2 39
32 1 63
24 1 7
25 1 3
16 1 11
5 1 71
47 1 40
31 2 40
14 1 9
1 5 3
79 2 46
23 2 3
32 1 44
37 1 1
44 1 62
17 1 13
32 1 40
52 1 18
22 2 23
40 1 47
113 1 1
62 1 51
47 2 52
24 2 18
35 1 85
35 1 21
63 1 7
3 2 108
29 2 32
11 1 20
71 2 5
85 1 3
104 1 82
0 1 19
3 2 73
15 1 7
22 2 10
63 1 109
18 1 1
30 2 33
104 1 3
45 1 86
113 1 4
35 1 64
18 1 11
34 2 31
30 1 11
43 1 11
1 2 63
44 2 63
71 2 1
3 2 15
34 1 27
18 1 3
23 2 10
13 1 16
64 6 63
7 1 22
40 1 42
1 1 3
11 1 26
3 2 25
104 1 71
22 2 6
3 2 22
13 1 71
3 1 23
9 1 15
27 1 11
78 1 3
63 1 2
9 1 3
7 1 6
82 2 35
109 1 3
4 2 35
51 1 9
31 1 7
82 1 24
13 1 1
73 1 37
14 2 44
21 1 7
45 1 25
1 1 25
20 1 25
32 1 21
22 2 26
3 5 1
35 1 40
39 1 70
44 1 71
4 1 49
45 1 104
36 1 32
27 1 7
25 1 24
3 1 1
3 2 62
49 1 9
43 6 44
2 1 1
9 1 2
9 1 82
24 1 11
1 4 3
3 4 1
82 2 5
79 1 1
7 1 10
44 1 52
63 1 35
27 2 33
62 2 52
40 1 33
46 1 3
79 1 3
1 2 19
52 1 34
86 2 79
32 1 17
32 1 14
5 2 3
11 1 23
7 1 1
16 1 9
32 1 31
? 1 github_java_program_data/1/215.java

0 2 71
63 1 5
104 1 73
82 2 2
49 1 13
25 1 108
23 2 20
44 1 35
11 1 22
73 2 32
26 2 22
22 2 20
29 1 16
71 2 2
32 1 113
31 1 11
25 1 18
42 1 32
20 1 1
11 1 1
20 2 22
0 1 1
1 2 4
44 1 5
0 1 3
19 1 18
23 2 22
30 1 7
108 1 78
13 1 3
2 1 71
26 1 25
1 1 19
13 1 2
19 1 24
1 2 25
7 1 3
46 2 25
52 2 35
51 2 49
82 2 71
64 1 11
40 1 30
5 1 3
71 2 3
3 1 22
25 1 32
18 2 24
85 2 31
13 1 5
1 2 22
44 1 32
46 2 79
22 2 3
71 2 82
2 2 1
40 1 39
104 1 32
35 1 34
36 1 29
4 2 32
32 1 34
3 2 23
25 2 104
33 2 47
11 1 3
34 1 39
9 1 71
23 2 26
3 2 16
3 1 25
45 1 79
2 1 3
25 1 0
21 2 31
44 1 3
63 1 62
7 1 26
62 1 49
31 2 34
22 2 1
62 2 35
9 1 5
7 1 20
109 2 82
1 2 16
23 2 1
5 1 1
20 1 19
1 1 22
11 1 10
9 1 1
51 1 13
63 1 3
17 2 14
5 2 1
20 2 23
10 2 22
21 1 11
32 1 43
1 1 23
3 1 19
40 1 27
13 1 82
7 1 23
14 2 17
27 2 39
63 2 113
34 1 33
26 1 1
108 2 32
44 1 4
3 2 4
44 1 0
18 1 7
10 2 23
20 1 3
33 1 32
26 1 19
35 1 31
3 2 19
63 1 82
35 1 36
26 2 23
2 1 82
82 2 1
62 2 82
11 1 6
63 1 82
15 1 11
40 1 52
24 1 3
46 1 1
24 1 1
34 1 30
1 2 15
1 2 23
2 2 3
35 2 70
23 2 6
86 1 3
40 2 31
45 1 46
25 1 71
26 1 3
52 2 42
9 1 63
52 1 24
63 2 44
39 1 35
82 2 3
30 2 39
32 1 63
24 1 7
25 1 3
16 1 11
5 1 71
47 1 40
31 2 40
14 1 9
1 5 3
79 2 46
23 2 3
32 1 44
37 1 1
44 1 62
17 1 13
32 1 40
52 1 18
22 2 23
40 1 47
113 1 1
62 1 51
47 2 52
24 2 18
35 1 85
35 1 21
63 1 7
3 2 108
29 2 32
11 1 20
71 2 5
85 1 3
104 1 82
0 1 19
3 2 73
15 1 7
22 2 10
63 1 109
18 1 1
30 2 33
104 1 3
45 1 86
113 1 4
35 1 64
18 1 11
34 2 31
30 1 11
43 1 11
1 2 63
44 2 63
71 2 1
3 2 15
34 1 27
18 1 3
23 2 10
13 1 16
64 6 63
7 1 22
40 1 42
1 1 3
11 1 26
3 2 25
104 1 71
22 2 6
3 2 22
13 1 71
3 1 23
9 1 15
27 1 11
78 1 3
63 1 2
9 1 3
7 1 6
82 2 35
109 1 3
4 2 35
51 1 9
31 1 7
82 1 24
13 1 1
73 1 37
14 2 44
21 1 7
45 1 25
1 1 25
20 1 25
32 1 21
22 2 26
3 5 1
35 1 40
39 1 70
44 1 71
4 1 49
45 1 104
36 1 32
27 1 7
25 1 24
3 1 1
3 2 62
49 1 9
43 6 44
2 1 1
9 1 2
9 1 82
24 1 11
1 4 3
3 4 1
82 2 5
79 1 1
7 1 10
44 1 52
63 1 35
27 2 33
62 2 52
40 1 33
46 1 3
79 1 3
1 2 19
52 1 34
86 2 79
32 1 17
32 1 14
5 2 3
11 1 23
7 1 1
16 1 9
32 1 31
? 1 github_java_program_data/1/245.java

67 1 35
40 2 64
82 2 2
49 1 13
25 1 108
11 1 22
31 2 65
67 1 27
31 1 11
25 1 18
20 2 23
20 1 1
11 1 1
20 2 22
22 2 1
68 2 44
23 2 3
5 1 3
19 1 18
11 1 6
30 1 7
108 1 78
13 1 3
0 2 82
17 2 34
26 1 25
1 1 19
13 1 2
19 1 24
1 2 25
26 2 22
23 2 6
18 2 24
51 2 49
65 2 17
27 2 35
35 1 14
71 2 3
3 1 22
14 2 67
25 1 35
14 2 68
35 1 43
1 2 22
44 1 32
46 2 79
21 2 31
40 1 39
35 1 34
4 2 32
7 1 6
3 2 23
11 1 3
35 1 44
23 2 26
3 2 16
44 1 82
45 1 79
7 1 1
3 5 1
7 1 26
3 4 1
86 2 79
9 1 5
7 1 20
17 2 31
1 2 16
5 1 1
1 1 22
11 1 10
9 1 1
65 1 30
21 1 11
31 2 21
32 1 67
1 1 23
3 1 19
40 1 27
0 1 1
7 1 23
14 2 17
34 1 33
26 1 1
1 5 3
44 1 0
18 1 7
35 1 17
24 2 18
33 1 32
68 1 4
26 1 19
35 1 31
3 2 19
4 1 49
26 2 23
68 1 71
79 2 25
68 1 32
15 1 11
24 1 3
46 1 1
24 1 1
34 1 30
1 2 15
1 2 23
2 2 3
44 1 2
13 1 5
45 1 46
65 1 27
25 1 71
26 1 3
62 1 49
108 2 35
39 1 35
27 2 39
64 6 44
78 1 1
24 1 7
25 1 3
20 1 19
46 1 3
14 1 9
79 2 46
32 1 65
9 1 15
17 1 9
44 1 62
32 1 40
3 2 15
62 1 51
1 2 62
24 1 11
20 1 3
16 1 11
35 1 21
11 1 20
65 1 32
15 1 7
65 2 40
18 1 1
45 1 86
23 2 1
18 1 11
17 2 14
30 1 11
43 1 11
35 1 68
3 2 4
2 1 3
18 1 3
64 1 7
23 2 10
7 1 22
17 2 65
1 1 3
11 1 26
2 2 1
14 1 13
1 7 3
3 2 108
86 1 1
67 2 21
30 2 33
3 1 23
3 2 25
32 1 64
3 1 25
9 1 3
22 2 20
31 1 7
13 1 1
32 1 31
21 1 7
65 1 35
45 1 25
14 2 21
1 1 25
20 1 25
32 1 21
22 2 26
22 2 3
9 1 2
27 1 7
25 1 24
3 1 1
68 1 3
2 1 1
7 1 3
9 1 82
51 1 9
1 4 3
62 2 32
16 1 7
79 1 1
7 1 10
30 2 32
44 1 1
13 1 16
3 2 22
1 2 19
32 1 17
32 1 14
5 2 3
11 1 23
5 2 1
? 1 github_java_program_data/1/263.java

0 2 71
63 1 5
104 1 73
82 2 2
49 1 13
25 1 108
23 2 20
44 1 35
11 1 22
73 2 32
26 2 22
22 2 20
29 1 16
71 2 2
32 1 113
31 1 11
25 1 18
42 1 32
20 1 1
11 1 1
20 2 22
0 1 1
1 2 4
44 1 5
0 1 3
19 1 18
23 2 22
30 1 7
108 1 78
13 1 3
2 1 71
26 1 25
1 1 19
13 1 2
19 1 24
1 2 25
7 1 3
46 2 25
52 2 35
51 2 49
82 2 71
64 1 11
40 1 30
5 1 3
71 2 3
3 1 22
25 1 32
18 2 24
85 2 31
13 1 5
1 2 22
44 1 32
46 2 79
22 2 3
71 2 82
2 2 1
40 1 39
104 1 32
35 1 34
36 1 29
4 2 32
32 1 34
3 2 23
25 2 104
33 2 47
11 1 3
34 1 39
9 1 71
23 2 26
3 2 16
3 1 25
45 1 79
2 1 3
25 1 0
21 2 31
44 1 3
63 1 62
7 1 26
62 1 49
31 2 34
22 2 1
62 2 35
9 1 5
7 1 20
109 2 82
1 2 16
23 2 1
5 1 1
20 1 19
1 1 22
11 1 10
9 1 1
51 1 13
63 1 3
17 2 14
5 2 1
20 2 23
10 2 22
21 1 11
32 1 43
1 1 23
3 1 19
40 1 27
13 1 82
7 1 23
14 2 17
27 2 39
63 2 113
34 1 33
26 1 1
108 2 32
44 1 4
3 2 4
44 1 0
18 1 7
10 2 23
20 1 3
33 1 32
26 1 19
35 1 31
3 2 19
63 1 82
35 1 36
26 2 23
2 1 82
82 2 1
62 2 82
11 1 6
63 1 82
15 1 11
40 1 52
24 1 3
46 1 1
24 1 1
34 1 30
1 2 15
1 2 23
2 2 3
35 2 70
23 2 6
86 1 3
40 2 31
45 1 46
25 1 71
26 1 3
52 2 42
9 1 63
52 1 24
63 2 44
39 1 35
82 2 3
30 2 39
32 1 63
24 1 7
25 1 3
16 1 11
5 1 71
47 1 40
31 2 40
14 1 9
1 5 3
79 2 46
23 2 3
32 1 44
37 1 1
44 1 62
17 1 13
32 1 40
52 1 18
22 2 23
40 1 47
113 1 1
62 1 51
47 2 52
24 2 18
35 1 85
35 1 21
63 1 7
3 2 108
29 2 32
11 1 20
71 2 5
85 1 3
104 1 82
0 1 19
3 2 73
15 1 7
22 2 10
63 1 109
18 1 1
30 2 33
104 1 3
45 1 86
113 1 4
35 1 64
18 1 11
34 2 31
30 1 11
43 1 11
1 2 63
44 2 63
71 2 1
3 2 15
34 1 27
18 1 3
23 2 10
13 1 16
64 6 63
7 1 22
40 1 42
1 1 3
11 1 26
3 2 25
104 1 71
22 2 6
3 2 22
13 1 71
3 1 23
9 1 15
27 1 11
78 1 3
63 1 2
9 1 3
7 1 6
82 2 35
109 1 3
4 2 35
51 1 9
31 1 7
82 1 24
13 1 1
73 1 37
14 2 44
21 1 7
45 1 25
1 1 25
20 1 25
32 1 21
22 2 26
3 5 1
35 1 40
39 1 70
44 1 71
4 1 49
45 1 104
36 1 32
27 1 7
25 1 24
3 1 1
3 2 62
49 1 9
43 6 44
2 1 1
9 1 2
9 1 82
24 1 11
1 4 3
3 4 1
82 2 5
79 1 1
7 1 10
44 1 52
63 1 35
27 2 33
62 2 52
40 1 33
46 1 3
79 1 3
1 2 19
52 1 34
86 2 79
32 1 17
32 1 14
5 2 3
11 1 23
7 1 1
16 1 9
32 1 31
? 1 github_java_program_data/1/275.java

21 1 7
1 2 12
82 2 2
11 1 20
30 2 35
44 1 35
32 1 36
29 1 16
71 2 2
51 1 13
25 1 18
20 2 23
20 1 1
11 1 1
22 2 1
68 2 44
44 1 5
23 2 3
35 1 14
19 1 18
3 1 12
33 1 35
13 1 3
1 2 62
26 1 25
36 1 35
38 2 32
19 1 24
1 2 25
7 1 3
44 1 2
8 1 7
15 1 7
23 2 22
5 1 3
71 2 3
3 1 22
25 1 32
49 2 51
14 2 68
49 1 13
35 1 43
1 2 22
44 1 32
21 2 31
35 1 41
51 1 9
21 2 64
63 1 32
1 2 32
4 2 32
32 1 34
3 2 23
11 1 3
3 2 16
44 1 82
45 1 79
7 1 1
29 2 35
44 1 3
3 5 1
7 1 26
3 4 1
62 2 35
9 1 5
7 1 20
5 1 1
1 1 22
11 1 10
9 1 1
63 1 3
5 2 1
21 1 11
31 2 21
63 1 4
1 1 23
7 1 23
14 2 17
34 1 33
26 1 1
71 2 1
27 2 28
20 1 3
68 1 4
35 1 31
14 2 41
3 2 19
16 2 27
32 1 31
4 1 49
65 1 35
68 1 71
79 2 25
38 1 15
11 1 6
63 1 7
15 1 11
24 1 3
17 1 13
12 1 11
22 2 20
1 2 23
2 2 3
8 1 11
13 1 5
25 1 71
26 1 3
9 1 63
63 2 44
3 7 1
7 1 22
24 1 7
20 1 19
3 1 8
14 1 9
1 5 3
32 1 65
9 1 15
32 1 44
17 2 21
44 1 62
1 1 8
3 2 15
68 1 32
31 1 11
1 2 8
35 1 21
43 6 44
1 1 25
15 1 9
17 1 9
25 1 1
3 2 12
22 2 10
23 2 1
18 1 11
17 2 14
30 1 11
43 1 11
1 2 63
44 2 63
3 2 4
2 1 3
34 1 27
3 1 23
64 1 7
23 2 10
64 6 63
1 1 12
1 1 3
11 1 26
2 2 1
14 1 13
1 7 3
3 2 22
12 1 7
13 1 71
18 1 3
3 2 25
63 1 71
63 1 2
32 1 64
4 1 51
9 1 3
62 2 32
7 1 10
11 1 23
36 1 29
1 1 19
28 1 11
45 1 25
32 1 21
23 2 6
29 1 28
65 1 30
22 2 3
27 1 7
25 1 24
3 1 1
3 2 62
68 1 3
2 1 1
9 1 2
29 1 27
9 1 82
24 1 11
1 4 3
32 1 68
16 1 7
82 2 5
31 1 7
44 1 1
71 2 5
27 2 33
21 2 65
13 1 16
41 1 32
79 1 3
1 2 19
41 1 38
32 1 17
32 1 14
5 2 3
32 1 63
16 1 9
3 2 8
? 1 github_java_program_data/1/297.java

0 2 71
63 1 5
104 1 73
82 2 2
49 1 13
25 1 108
23 2 20
44 1 35
11 1 22
73 2 32
26 2 22
22 2 20
29 1 16
71 2 2
32 1 113
31 1 11
25 1 18
42 1 32
20 1 1
11 1 1
20 2 22
0 1 1
1 2 4
44 1 5
0 1 3
19 1 18
23 2 22
30 1 7
108 1 78
13 1 3
2 1 71
26 1 25
1 1 19
13 1 2
19 1 24
1 2 25
7 1 3
46 2 25
52 2 35
51 2 49
82 2 71
64 1 11
40 1 30
5 1 3
71 2 3
3 1 22
25 1 32
18 2 24
85 2 31
13 1 5
1 2 22
44 1 32
46 2 79
22 2 3
71 2 82
2 2 1
40 1 39
104 1 32
35 1 34
36 1 29
4 2 32
32 1 34
3 2 23
25 2 104
33 2 47
11 1 3
34 1 39
9 1 71
23 2 26
3 2 16
3 1 25
45 1 79
2 1 3
25 1 0
21 2 31
44 1 3
63 1 62
7 1 26
62 1 49
31 2 34
22 2 1
62 2 35
9 1 5
7 1 20
109 2 82
1 2 16
23 2 1
5 1 1
20 1 19
1 1 22
11 1 10
9 1 1
51 1 13
63 1 3
17 2 14
5 2 1
20 2 23
10 2 22
21 1 11
32 1 43
1 1 23
3 1 19
40 1 27
13 1 82
7 1 23
14 2 17
27 2 39
63 2 113
34 1 33
26 1 1
108 2 32
44 1 4
3 2 4
44 1 0
18 1 7
10 2 23
20 1 3
33 1 32
26 1 19
35 1 31
3 2 19
63 1 82
35 1 36
26 2 23
2 1 82
82 2 1
62 2 82
11 1 6
63 1 82
15 1 11
40 1 52
24 1 3
46 1 1
24 1 1
34 1 30
1 2 15
1 2 23
2 2 3
35 2 70
23 2 6
86 1 3
40 2 31
45 1 46
25 1 71
26 1 3
52 2 42
9 1 63
52 1 24
63 2 44
39 1 35
82 2 3
30 2 39
32 1 63
24 1 7
25 1 3
16 1 11
5 1 71
47 1 40
31 2 40
14 1 9
1 5 3
79 2 46
23 2 3
32 1 44
37 1 1
44 1 62
17 1 13
32 1 40
52 1 18
22 2 23
40 1 47
113 1 1
62 1 51
47 2 52
24 2 18
35 1 85
35 1 21
63 1 7
3 2 108
29 2 32
11 1 20
71 2 5
85 1 3
104 1 82
0 1 19
3 2 73
15 1 7
22 2 10
63 1 109
18 1 1
30 2 33
104 1 3
45 1 86
113 1 4
35 1 64
18 1 11
34 2 31
30 1 11
43 1 11
1 2 63
44 2 63
71 2 1
3 2 15
34 1 27
18 1 3
23 2 10
13 1 16
64 6 63
7 1 22
40 1 42
1 1 3
11 1 26
3 2 25
104 1 71
22 2 6
3 2 22
13 1 71
3 1 23
9 1 15
27 1 11
78 1 3
63 1 2
9 1 3
7 1 6
82 2 35
109 1 3
4 2 35
51 1 9
31 1 7
82 1 24
13 1 1
73 1 37
14 2 44
21 1 7
45 1 25
1 1 25
20 1 25
32 1 21
22 2 26
3 5 1
35 1 40
39 1 70
44 1 71
4 1 49
45 1 104
36 1 32
27 1 7
25 1 24
3 1 1
3 2 62
49 1 9
43 6 44
2 1 1
9 1 2
9 1 82
24 1 11
1 4 3
3 4 1
82 2 5
79 1 1
7 1 10
44 1 52
63 1 35
27 2 33
62 2 52
40 1 33
46 1 3
79 1 3
1 2 19
52 1 34
86 2 79
32 1 17
32 1 14
5 2 3
11 1 23
7 1 1
16 1 9
32 1 31
? 1 github_java_program_data/1/305.java

1 2 108
63 1 5
35 1 63
49 1 13
25 1 108
23 2 20
11 1 22
22 2 20
31 1 11
25 1 18
44 1 82
6 2 22
20 1 1
11 1 1
20 2 22
22 2 1
1 2 4
44 1 5
23 2 3
5 1 3
19 1 18
3 1 12
3 7 1
108 1 78
13 1 3
17 2 34
26 1 25
1 1 19
13 1 2
19 1 24
1 2 25
26 2 22
23 2 6
8 1 7
15 1 7
82 2 71
64 1 11
40 1 30
27 2 35
35 1 14
33 1 35
3 1 22
25 1 35
1 2 22
44 1 32
46 2 79
21 2 31
40 1 39
43 1 7
63 1 32
32 1 64
32 1 34
3 2 23
26 1 3
11 1 3
35 1 44
13 1 15
23 2 26
3 2 16
44 1 82
45 1 79
25 1 24
13 2 9
63 1 62
7 1 26
3 4 1
9 1 5
7 1 20
32 1 43
1 2 16
5 1 1
1 1 22
11 1 10
9 1 1
63 1 3
7 1 6
20 2 23
10 2 22
21 1 11
31 2 21
1 1 23
40 1 27
7 1 23
30 2 39
34 1 33
26 1 1
44 1 4
1 5 3
17 1 13
18 1 7
35 1 17
20 1 3
35 1 31
3 2 19
63 1 82
32 1 31
16 1 11
65 1 35
79 2 25
34 2 17
11 1 6
15 1 11
24 1 3
12 1 11
34 1 30
1 2 15
1 2 23
79 1 3
2 2 3
8 1 11
13 1 5
45 1 46
65 1 27
25 1 71
39 1 32
108 2 35
82 2 32
27 2 39
7 1 22
24 1 7
20 1 19
46 1 3
14 1 9
79 2 46
32 1 65
9 1 15
11 1 26
1 1 8
32 1 40
3 2 15
34 2 40
10 2 23
9 1 16
24 2 18
17 2 31
35 1 21
11 1 20
82 1 18
17 1 9
25 1 1
4 2 82
3 2 12
22 2 10
35 1 34
1 2 12
23 2 1
18 2 24
18 1 11
30 1 11
44 2 63
71 2 1
34 1 27
3 1 23
23 2 10
64 6 63
12 2 8
1 1 12
1 1 3
17 2 21
2 2 1
14 1 13
1 7 3
22 2 6
3 1 8
12 1 7
30 2 33
18 1 3
3 2 25
27 1 11
78 1 3
9 1 3
13 1 1
24 1 11
62 2 32
31 1 7
4 1 49
11 1 23
5 2 1
14 2 44
21 1 7
26 2 23
45 1 25
14 2 21
1 1 25
32 1 21
22 2 26
3 5 1
35 1 40
22 2 3
9 1 2
27 1 7
2 1 3
3 1 1
3 2 62
14 2 40
2 1 1
7 1 3
31 2 14
1 4 3
16 1 7
82 2 5
7 1 10
44 1 1
71 2 5
27 2 33
65 2 64
3 2 22
44 1 71
1 2 19
32 1 17
32 1 14
5 2 3
40 2 34
7 1 1
3 2 8
? 1 github_java_program_data/1/331.java

0 2 71
63 1 5
104 1 73
82 2 2
49 1 13
25 1 108
23 2 20
44 1 35
11 1 22
73 2 32
26 2 22
22 2 20
29 1 16
71 2 2
32 1 113
31 1 11
25 1 18
42 1 32
20 1 1
11 1 1
20 2 22
0 1 1
1 2 4
44 1 5
0 1 3
19 1 18
23 2 22
30 1 7
108 1 78
13 1 3
2 1 71
26 1 25
1 1 19
13 1 2
19 1 24
1 2 25
7 1 3
46 2 25
52 2 35
51 2 49
82 2 71
64 1 11
40 1 30
5 1 3
71 2 3
3 1 22
25 1 32
18 2 24
85 2 31
13 1 5
1 2 22
44 1 32
46 2 79
22 2 3
71 2 82
2 2 1
40 1 39
104 1 32
35 1 34
36 1 29
4 2 32
32 1 34
3 2 23
25 2 104
33 2 47
11 1 3
34 1 39
9 1 71
23 2 26
3 2 16
3 1 25
45 1 79
2 1 3
25 1 0
21 2 31
44 1 3
63 1 62
7 1 26
62 1 49
31 2 34
22 2 1
62 2 35
9 1 5
7 1 20
109 2 82
1 2 16
23 2 1
5 1 1
20 1 19
1 1 22
11 1 10
9 1 1
51 1 13
63 1 3
17 2 14
5 2 1
20 2 23
10 2 22
21 1 11
32 1 43
1 1 23
3 1 19
40 1 27
13 1 82
7 1 23
14 2 17
27 2 39
63 2 113
34 1 33
26 1 1
108 2 32
44 1 4
3 2 4
44 1 0
18 1 7
10 2 23
20 1 3
33 1 32
26 1 19
35 1 31
3 2 19
63 1 82
35 1 36
26 2 23
2 1 82
82 2 1
62 2 82
11 1 6
63 1 82
15 1 11
40 1 52
24 1 3
46 1 1
24 1 1
34 1 30
1 2 15
1 2 23
2 2 3
35 2 70
23 2 6
86 1 3
40 2 31
45 1 46
25 1 71
26 1 3
52 2 42
9 1 63
52 1 24
63 2 44
39 1 35
82 2 3
30 2 39
32 1 63
24 1 7
25 1 3
16 1 11
5 1 71
47 1 40
31 2 40
14 1 9
1 5 3
79 2 46
23 2 3
32 1 44
37 1 1
44 1 62
17 1 13
32 1 40
52 1 18
22 2 23
40 1 47
113 1 1
62 1 51
47 2 52
24 2 18
35 1 85
35 1 21
63 1 7
3 2 108
29 2 32
11 1 20
71 2 5
85 1 3
104 1 82
0 1 19
3 2 73
15 1 7
22 2 10
63 1 109
18 1 1
30 2 33
104 1 3
45 1 86
113 1 4
35 1 64
18 1 11
34 2 31
30 1 11
43 1 11
1 2 63
44 2 63
71 2 1
3 2 15
34 1 27
18 1 3
23 2 10
13 1 16
64 6 63
7 1 22
40 1 42
1 1 3
11 1 26
3 2 25
104 1 71
22 2 6
3 2 22
13 1 71
3 1 23
9 1 15
27 1 11
78 1 3
63 1 2
9 1 3
7 1 6
82 2 35
109 1 3
4 2 35
51 1 9
31 1 7
82 1 24
13 1 1
73 1 37
14 2 44
21 1 7
45 1 25
1 1 25
20 1 25
32 1 21
22 2 26
3 5 1
35 1 40
39 1 70
44 1 71
4 1 49
45 1 104
36 1 32
27 1 7
25 1 24
3 1 1
3 2 62
49 1 9
43 6 44
2 1 1
9 1 2
9 1 82
24 1 11
1 4 3
3 4 1
82 2 5
79 1 1
7 1 10
44 1 52
63 1 35
27 2 33
62 2 52
40 1 33
46 1 3
79 1 3
1 2 19
52 1 34
86 2 79
32 1 17
32 1 14
5 2 3
11 1 23
7 1 1
16 1 9
32 1 31
? 1 github_java_program_data/1/335.java

0 2 71
63 1 5
104 1 73
82 2 2
49 1 13
25 1 108
23 2 20
44 1 35
11 1 22
73 2 32
26 2 22
22 2 20
29 1 16
71 2 2
32 1 113
31 1 11
25 1 18
42 1 32
20 1 1
11 1 1
20 2 22
0 1 1
1 2 4
44 1 5
0 1 3
19 1 18
23 2 22
30 1 7
108 1 78
13 1 3
2 1 71
26 1 25
1 1 19
13 1 2
19 1 24
1 2 25
7 1 3
46 2 25
52 2 35
51 2 49
82 2 71
64 1 11
40 1 30
5 1 3
71 2 3
3 1 22
25 1 32
18 2 24
85 2 31
13 1 5
1 2 22
44 1 32
46 2 79
22 2 3
71 2 82
2 2 1
40 1 39
104 1 32
35 1 34
36 1 29
4 2 32
32 1 34
3 2 23
25 2 104
33 2 47
11 1 3
34 1 39
9 1 71
23 2 26
3 2 16
3 1 25
45 1 79
2 1 3
25 1 0
21 2 31
44 1 3
63 1 62
7 1 26
62 1 49
31 2 34
22 2 1
62 2 35
9 1 5
7 1 20
109 2 82
1 2 16
23 2 1
5 1 1
20 1 19
1 1 22
11 1 10
9 1 1
51 1 13
63 1 3
17 2 14
5 2 1
20 2 23
10 2 22
21 1 11
32 1 43
1 1 23
3 1 19
40 1 27
13 1 82
7 1 23
14 2 17
27 2 39
63 2 113
34 1 33
26 1 1
108 2 32
44 1 4
3 2 4
44 1 0
18 1 7
10 2 23
20 1 3
33 1 32
26 1 19
35 1 31
3 2 19
63 1 82
35 1 36
26 2 23
2 1 82
82 2 1
62 2 82
11 1 6
63 1 82
15 1 11
40 1 52
24 1 3
46 1 1
24 1 1
34 1 30
1 2 15
1 2 23
2 2 3
35 2 70
23 2 6
86 1 3
40 2 31
45 1 46
25 1 71
26 1 3
52 2 42
9 1 63
52 1 24
63 2 44
39 1 35
82 2 3
30 2 39
32 1 63
24 1 7
25 1 3
16 1 11
5 1 71
47 1 40
31 2 40
14 1 9
1 5 3
79 2 46
23 2 3
32 1 44
37 1 1
44 1 62
17 1 13
32 1 40
52 1 18
22 2 23
40 1 47
113 1 1
62 1 51
47 2 52
24 2 18
35 1 85
35 1 21
63 1 7
3 2 108
29 2 32
11 1 20
71 2 5
85 1 3
104 1 82
0 1 19
3 2 73
15 1 7
22 2 10
63 1 109
18 1 1
30 2 33
104 1 3
45 1 86
113 1 4
35 1 64
18 1 11
34 2 31
30 1 11
43 1 11
1 2 63
44 2 63
71 2 1
3 2 15
34 1 27
18 1 3
23 2 10
13 1 16
64 6 63
7 1 22
40 1 42
1 1 3
11 1 26
3 2 25
104 1 71
22 2 6
3 2 22
13 1 71
3 1 23
9 1 15
27 1 11
78 1 3
63 1 2
9 1 3
7 1 6
82 2 35
109 1 3
4 2 35
51 1 9
31 1 7
82 1 24
13 1 1
73 1 37
14 2 44
21 1 7
45 1 25
1 1 25
20 1 25
32 1 21
22 2 26
3 5 1
35 1 40
39 1 70
44 1 71
4 1 49
45 1 104
36 1 32
27 1 7
25 1 24
3 1 1
3 2 62
49 1 9
43 6 44
2 1 1
9 1 2
9 1 82
24 1 11
1 4 3
3 4 1
82 2 5
79 1 1
7 1 10
44 1 52
63 1 35
27 2 33
62 2 52
40 1 33
46 1 3
79 1 3
1 2 19
52 1 34
86 2 79
32 1 17
32 1 14
5 2 3
11 1 23
7 1 1
16 1 9
32 1 31
? 1 github_java_program_data/1/34.java

1 5 3
11 1 80
21 2 17
23 2 76
3 2 18
86 1 1
38 2 32
68 1 62
82 2 2
49 1 13
30 2 35
3 2 25
44 1 35
11 1 22
1 2 32
22 2 20
29 1 16
32 1 68
71 2 2
14 2 44
31 1 11
25 1 18
20 1 1
11 1 1
20 2 22
22 2 1
1 2 4
44 1 5
23 2 3
35 1 14
19 1 18
17 2 40
23 2 22
2 2 3
30 1 7
15 2 30
13 1 3
41 2 36
17 2 34
26 1 25
1 1 19
13 1 2
68 2 63
19 1 24
38 1 16
7 1 3
25 1 1
40 2 43
51 2 49
64 1 11
40 1 30
71 2 5
5 1 3
33 1 35
3 1 22
25 1 32
49 2 51
18 2 24
0 2 71
35 1 43
1 2 22
44 1 32
46 2 79
65 2 43
21 2 31
32 1 63
40 1 39
3 2 22
35 1 41
35 1 34
43 1 7
43 6 44
63 1 32
27 2 28
4 2 32
32 1 34
3 2 23
26 1 3
11 1 3
41 1 35
23 2 26
63 1 0
44 1 82
45 1 79
25 1 24
29 2 35
44 1 3
3 5 1
7 1 26
9 1 63
3 4 1
62 2 35
9 1 5
7 1 20
31 2 21
1 2 16
22 2 76
5 1 1
20 1 19
1 1 22
11 1 10
9 1 1
18 1 11
7 1 6
5 2 1
80 1 30
21 1 11
32 1 43
63 1 4
1 1 23
3 1 19
44 2 68
40 1 27
0 1 1
7 1 23
14 2 17
30 2 39
34 1 33
26 1 1
44 1 4
71 2 1
13 1 18
17 1 13
18 1 7
35 1 17
20 1 3
33 1 32
1 2 19
26 1 19
35 1 31
18 1 7
3 2 19
16 2 27
16 1 11
65 1 35
76 1 27
38 1 15
11 1 6
63 1 7
15 1 11
24 1 3
46 1 1
24 1 1
34 1 30
1 2 15
1 2 23
38 1 30
46 2 25
44 1 2
30 2 37
13 1 5
45 1 46
25 1 71
39 1 32
62 1 49
63 2 44
39 1 35
82 2 3
27 2 39
7 1 80
24 1 7
35 1 36
46 1 3
14 1 9
38 2 35
79 2 46
32 1 65
16 1 13
32 1 44
40 2 21
44 1 62
34 2 21
32 1 40
3 2 15
22 2 23
2 2 1
62 1 51
1 2 62
18 1 11
32 1 41
9 1 16
63 1 1
17 2 31
1 7 3
35 1 21
24 1 11
29 2 32
11 1 20
7 1 76
17 1 9
13 1 15
15 1 7
22 2 10
18 1 1
34 2 41
30 2 33
45 1 86
23 2 1
14 2 31
65 1 30
17 2 14
30 1 11
43 1 11
1 2 63
44 2 63
3 2 4
34 1 27
3 1 23
64 1 7
3 2 16
7 1 22
1 1 3
11 1 26
3 1 25
14 1 13
29 1 15
22 2 6
15 1 9
27 1 11
13 1 71
32 1 36
11 1 76
9 1 15
63 1 71
63 1 2
9 1 3
13 1 1
24 2 18
23 2 20
41 1 38
4 2 35
51 1 9
31 1 7
4 1 49
11 1 23
36 1 29
36 1 35
21 1 7
26 2 23
45 1 25
1 1 25
20 1 25
32 1 21
22 2 26
35 1 40
29 1 28
68 1 82
44 1 71
22 2 3
36 1 32
43 6 63
27 1 7
2 1 3
3 1 1
1 2 25
3 2 62
68 1 3
2 1 1
9 1 2
29 1 27
9 1 82
68 1 35
38 1 37
1 4 3
18 1 3
16 1 7
3 7 1
41 2 40
79 1 1
14 2 40
7 1 10
44 1 1
63 1 35
27 2 33
21 2 65
0 1 25
13 1 16
41 1 32
79 1 3
32 1 64
15 1 13
86 2 79
32 1 17
32 1 14
5 2 3
40 2 34
7 1 1
21 2 40
16 1 9
32 1 31
? 1 github_java_program_data/1/355.java

0 2 71
63 1 5
104 1 73
82 2 2
49 1 13
25 1 108
23 2 20
44 1 35
11 1 22
73 2 32
26 2 22
22 2 20
29 1 16
71 2 2
32 1 113
31 1 11
25 1 18
42 1 32
20 1 1
11 1 1
20 2 22
0 1 1
1 2 4
44 1 5
0 1 3
19 1 18
23 2 22
30 1 7
108 1 78
13 1 3
2 1 71
26 1 25
1 1 19
13 1 2
19 1 24
1 2 25
7 1 3
46 2 25
52 2 35
51 2 49
82 2 71
64 1 11
40 1 30
5 1 3
71 2 3
3 1 22
25 1 32
18 2 24
85 2 31
13 1 5
1 2 22
44 1 32
46 2 79
22 2 3
71 2 82
2 2 1
40 1 39
104 1 32
35 1 34
36 1 29
4 2 32
32 1 34
3 2 23
25 2 104
33 2 47
11 1 3
34 1 39
9 1 71
23 2 26
3 2 16
3 1 25
45 1 79
2 1 3
25 1 0
21 2 31
44 1 3
63 1 62
7 1 26
62 1 49
31 2 34
22 2 1
62 2 35
9 1 5
7 1 20
109 2 82
1 2 16
23 2 1
5 1 1
20 1 19
1 1 22
11 1 10
9 1 1
51 1 13
63 1 3
17 2 14
5 2 1
20 2 23
10 2 22
21 1 11
32 1 43
1 1 23
3 1 19
40 1 27
13 1 82
7 1 23
14 2 17
27 2 39
63 2 113
34 1 33
26 1 1
108 2 32
44 1 4
3 2 4
44 1 0
18 1 7
10 2 23
20 1 3
33 1 32
26 1 19
35 1 31
3 2 19
63 1 82
35 1 36
26 2 23
2 1 82
82 2 1
62 2 82
11 1 6
63 1 82
15 1 11
40 1 52
24 1 3
46 1 1
24 1 1
34 1 30
1 2 15
1 2 23
2 2 3
35 2 70
23 2 6
86 1 3
40 2 31
45 1 46
25 1 71
26 1 3
52 2 42
9 1 63
52 1 24
63 2 44
39 1 35
82 2 3
30 2 39
32 1 63
24 1 7
25 1 3
16 1 11
5 1 71
47 1 40
31 2 40
14 1 9
1 5 3
79 2 46
23 2 3
32 1 44
37 1 1
44 1 62
17 1 13
32 1 40
52 1 18
22 2 23
40 1 47
113 1 1
62 1 51
47 2 52
24 2 18
35 1 85
35 1 21
63 1 7
3 2 108
29 2 32
11 1 20
71 2 5
85 1 3
104 1 82
0 1 19
3 2 73
15 1 7
22 2 10
63 1 109
18 1 1
30 2 33
104 1 3
45 1 86
113 1 4
35 1 64
18 1 11
34 2 31
30 1 11
43 1 11
1 2 63
44 2 63
71 2 1
3 2 15
34 1 27
18 1 3
23 2 10
13 1 16
64 6 63
7 1 22
40 1 42
1 1 3
11 1 26
3 2 25
104 1 71
22 2 6
3 2 22
13 1 71
3 1 23
9 1 15
27 1 11
78 1 3
63 1 2
9 1 3
7 1 6
82 2 35
109 1 3
4 2 35
51 1 9
31 1 7
82 1 24
13 1 1
73 1 37
14 2 44
21 1 7
45 1 25
1 1 25
20 1 25
32 1 21
22 2 26
3 5 1
35 1 40
39 1 70
44 1 71
4 1 49
45 1 104
36 1 32
27 1 7
25 1 24
3 1 1
3 2 62
49 1 9
43 6 44
2 1 1
9 1 2
9 1 82
24 1 11
1 4 3
3 4 1
82 2 5
79 1 1
7 1 10
44 1 52
63 1 35
27 2 33
62 2 52
40 1 33
46 1 3
79 1 3
1 2 19
52 1 34
86 2 79
32 1 17
32 1 14
5 2 3
11 1 23
7 1 1
16 1 9
32 1 31
? 1 github_java_program_data/1/364.java

3 7 1
1 5 3
40 1 61
21 2 17
33 2 47
63 1 5
3 2 26
35 1 63
82 2 2
49 1 13
25 1 108
23 2 20
44 1 35
11 1 22
1 2 32
3 2 8
21 2 65
17 2 68
22 2 20
29 1 16
32 1 104
32 1 25
25 2 44
31 1 11
35 1 36
25 1 18
42 1 32
6 2 22
20 1 1
11 1 1
20 2 22
22 2 1
1 2 4
44 1 5
23 2 3
35 1 14
19 1 18
3 2 22
5 1 82
3 1 12
71 2 3
2 2 3
30 1 7
13 1 3
3 2 20
2 1 71
9 1 1
7 1 6
104 2 25
13 1 2
19 1 24
1 2 25
9 1 2
23 2 6
8 1 7
18 2 24
54 1 82
51 2 49
82 2 71
64 1 11
40 1 30
71 2 5
5 1 3
33 1 35
3 1 22
25 1 35
35 1 43
1 2 22
44 1 32
65 2 43
22 2 3
71 2 82
2 2 1
7 1 1
40 1 39
45 1 79
104 1 32
18 1 1
43 1 7
44 2 63
63 1 32
35 1 65
4 2 32
1 2 19
32 1 34
3 2 23
3 2 35
26 1 3
11 1 3
34 1 39
35 1 44
13 1 15
23 2 26
3 2 16
44 1 82
42 1 35
7 1 1
47 1 34
44 1 3
63 1 62
7 1 26
62 1 49
31 2 34
62 2 35
9 1 5
7 1 20
31 2 21
1 2 16
5 1 1
20 1 19
1 1 22
14 2 31
11 1 10
108 2 35
108 1 7
51 1 13
63 1 3
46 2 104
5 2 1
27 2 32
38 2 35
10 2 22
21 1 11
3 4 1
21 2 31
32 1 43
63 1 4
1 1 23
3 1 19
33 2 42
40 1 27
25 2 63
0 1 1
7 1 23
14 2 17
71 2 2
13 1 82
61 1 35
26 1 1
44 1 4
3 2 4
17 1 13
18 1 7
35 1 17
20 1 3
33 1 32
68 1 32
26 1 19
1 1 12
35 1 31
18 1 7
3 2 19
63 1 82
32 1 31
4 1 49
26 2 23
68 1 71
82 2 1
38 1 15
3 2 63
3 2 32
21 2 64
11 1 6
17 2 40
54 1 3
14 2 63
24 1 3
34 1 33
54 1 32
24 1 1
34 1 30
1 2 15
1 2 23
41 1 35
44 1 2
13 1 5
40 2 31
45 1 46
65 1 27
25 1 71
39 1 32
9 1 63
35 1 54
63 2 44
39 1 35
82 2 3
30 2 39
64 6 44
32 1 63
24 1 7
25 1 3
16 1 11
5 1 71
31 2 41
14 1 9
79 1 1
79 2 46
17 2 25
17 2 43
14 2 34
32 1 44
17 2 21
27 2 39
44 1 62
1 1 8
32 1 40
3 2 15
40 1 47
17 2 14
62 1 51
1 2 62
6 2 23
32 1 41
24 1 11
63 1 1
17 2 31
1 7 3
35 1 21
43 6 44
63 2 54
3 2 108
29 2 32
1 2 12
1 1 25
68 1 4
104 1 82
17 1 9
9 1 71
15 1 7
27 2 33
3 2 12
1 2 26
22 2 10
30 2 33
35 1 34
3 2 25
104 1 3
45 1 86
23 2 1
35 1 64
18 1 11
34 2 31
30 1 11
43 1 11
35 1 68
71 2 1
2 1 3
34 1 27
44 1 0
64 1 7
23 2 10
13 1 16
64 6 63
7 1 22
40 1 42
1 1 3
11 1 26
3 1 25
14 1 13
104 1 71
22 2 6
15 1 9
27 1 11
13 1 71
0 2 82
3 1 23
9 1 15
63 1 71
63 1 2
9 1 3
4 1 51
24 2 18
41 1 38
4 2 35
51 1 9
62 2 32
31 1 7
40 1 33
104 1 1
13 1 1
36 1 29
65 1 32
21 1 7
14 2 21
20 1 25
32 1 21
22 2 26
3 5 1
35 1 40
31 2 17
1 2 50
63 1 11
45 1 104
36 1 32
43 6 63
27 1 7
25 1 24
34 2 64
39 2 61
3 1 1
3 2 62
49 1 9
21 2 14
2 1 1
7 1 3
11 1 20
9 1 82
2 1 82
1 2 20
1 4 3
49 2 51
16 1 7
82 2 5
5 1 50
7 1 10
54 2 44
10 2 23
44 1 1
63 1 35
34 1 42
15 1 11
54 1 62
86 1 1
44 1 71
32 1 64
9 1 18
86 2 79
32 1 17
32 1 14
5 2 3
11 1 23
47 2 42
46 1 1
16 1 9
68 1 1
3 2 18
? 1 github_java_program_data/1/367.java

3 7 1
109 2 82
40 1 61
21 2 17
0 2 71
63 1 5
35 1 63
82 2 2
1 1 25
25 1 108
3 2 25
11 1 22
26 2 22
22 2 20
31 1 11
25 1 18
42 1 32
6 2 22
20 1 1
11 1 1
20 2 22
22 2 1
1 2 4
44 1 5
23 2 3
5 1 3
19 1 18
1 2 108
30 1 7
108 1 78
13 1 3
26 1 25
1 1 19
13 1 2
19 1 24
1 2 25
7 1 3
33 2 42
15 1 7
64 1 11
40 1 30
27 2 35
35 1 14
33 1 35
3 1 22
40 2 65
25 1 35
35 1 43
1 2 22
44 1 32
46 2 79
35 1 55
40 1 39
18 1 1
33 2 61
63 1 32
4 2 32
32 1 34
3 2 23
26 1 3
11 1 3
34 1 39
35 1 44
13 1 15
23 2 26
40 2 17
3 2 16
3 1 25
45 1 79
7 1 1
21 2 31
63 1 62
7 1 26
3 4 1
31 2 48
9 1 5
7 1 20
31 2 21
1 2 16
5 1 1
20 1 19
1 1 22
11 1 10
108 2 35
9 1 1
31 2 55
24 2 18
7 1 6
20 2 23
10 2 22
21 1 11
32 1 43
1 1 23
3 1 19
40 1 27
0 1 1
7 1 23
27 2 39
34 1 33
61 1 35
26 1 1
44 1 4
1 5 3
17 1 13
18 1 7
10 2 23
20 1 3
33 1 32
14 2 34
26 1 19
35 1 31
3 2 19
63 1 82
51 1 13
65 1 35
11 1 6
17 2 40
15 1 11
109 1 1
46 1 1
24 1 1
34 1 30
1 2 15
1 2 23
79 1 3
2 2 3
46 2 25
23 2 6
13 1 5
45 1 46
65 1 27
25 1 71
39 1 32
62 1 49
63 2 44
39 1 35
30 2 39
21 2 48
24 1 7
16 1 11
46 1 3
31 2 40
14 1 9
79 2 46
32 1 65
34 2 14
11 1 26
44 1 0
63 1 109
3 2 15
22 2 23
18 2 24
34 2 40
1 2 62
9 1 16
63 1 1
17 2 31
35 1 21
43 6 44
22 2 6
11 1 20
17 1 9
25 1 1
27 2 33
22 2 10
32 1 40
35 1 34
45 1 86
23 2 1
35 1 64
18 1 11
34 2 31
30 1 11
43 1 11
44 2 63
71 2 1
2 1 3
34 1 27
18 1 3
7 1 22
1 1 3
17 2 21
2 2 1
14 1 13
1 7 3
23 2 20
86 1 1
42 1 35
30 2 33
3 1 23
9 1 15
27 1 11
78 1 3
9 1 3
13 1 1
21 2 34
39 2 61
32 1 48
62 2 32
31 1 7
40 1 33
4 1 51
32 1 31
14 2 44
21 1 7
45 1 25
14 2 43
20 1 25
32 1 21
22 2 26
3 5 1
35 1 40
40 2 21
22 2 3
27 1 7
25 1 24
3 1 1
14 2 40
2 1 1
9 1 2
9 1 82
24 1 11
1 4 3
16 1 7
82 2 5
79 1 1
7 1 10
11 1 23
44 1 1
71 2 5
34 1 42
13 1 16
3 2 22
44 1 71
1 2 19
86 2 79
32 1 17
32 1 14
34 1 61
5 2 3
49 1 9
5 2 1
? 1 github_java_program_data/1/371.java

0 2 71
63 1 5
104 1 73
82 2 2
49 1 13
25 1 108
23 2 20
44 1 35
11 1 22
73 2 32
26 2 22
22 2 20
29 1 16
71 2 2
32 1 113
31 1 11
25 1 18
42 1 32
20 1 1
11 1 1
20 2 22
0 1 1
1 2 4
44 1 5
0 1 3
19 1 18
23 2 22
30 1 7
108 1 78
13 1 3
2 1 71
26 1 25
1 1 19
13 1 2
19 1 24
1 2 25
7 1 3
46 2 25
52 2 35
51 2 49
82 2 71
64 1 11
40 1 30
5 1 3
71 2 3
3 1 22
25 1 32
18 2 24
85 2 31
13 1 5
1 2 22
44 1 32
46 2 79
22 2 3
71 2 82
2 2 1
40 1 39
104 1 32
35 1 34
36 1 29
4 2 32
32 1 34
3 2 23
25 2 104
33 2 47
11 1 3
34 1 39
9 1 71
23 2 26
3 2 16
3 1 25
45 1 79
2 1 3
25 1 0
21 2 31
44 1 3
63 1 62
7 1 26
62 1 49
31 2 34
22 2 1
62 2 35
9 1 5
7 1 20
109 2 82
1 2 16
23 2 1
5 1 1
20 1 19
1 1 22
11 1 10
9 1 1
51 1 13
63 1 3
17 2 14
5 2 1
20 2 23
10 2 22
21 1 11
32 1 43
1 1 23
3 1 19
40 1 27
13 1 82
7 1 23
14 2 17
27 2 39
63 2 113
34 1 33
26 1 1
108 2 32
44 1 4
3 2 4
44 1 0
18 1 7
10 2 23
20 1 3
33 1 32
26 1 19
35 1 31
3 2 19
63 1 82
35 1 36
26 2 23
2 1 82
82 2 1
62 2 82
11 1 6
63 1 82
15 1 11
40 1 52
24 1 3
46 1 1
24 1 1
34 1 30
1 2 15
1 2 23
2 2 3
35 2 70
23 2 6
86 1 3
40 2 31
45 1 46
25 1 71
26 1 3
52 2 42
9 1 63
52 1 24
63 2 44
39 1 35
82 2 3
30 2 39
32 1 63
24 1 7
25 1 3
16 1 11
5 1 71
47 1 40
31 2 40
14 1 9
1 5 3
79 2 46
23 2 3
32 1 44
37 1 1
44 1 62
17 1 13
32 1 40
52 1 18
22 2 23
40 1 47
113 1 1
62 1 51
47 2 52
24 2 18
35 1 85
35 1 21
63 1 7
3 2 108
29 2 32
11 1 20
71 2 5
85 1 3
104 1 82
0 1 19
3 2 73
15 1 7
22 2 10
63 1 109
18 1 1
30 2 33
104 1 3
45 1 86
113 1 4
35 1 64
18 1 11
34 2 31
30 1 11
43 1 11
1 2 63
44 2 63
71 2 1
3 2 15
34 1 27
18 1 3
23 2 10
13 1 16
64 6 63
7 1 22
40 1 42
1 1 3
11 1 26
3 2 25
104 1 71
22 2 6
3 2 22
13 1 71
3 1 23
9 1 15
27 1 11
78 1 3
63 1 2
9 1 3
7 1 6
82 2 35
109 1 3
4 2 35
51 1 9
31 1 7
82 1 24
13 1 1
73 1 37
14 2 44
21 1 7
45 1 25
1 1 25
20 1 25
32 1 21
22 2 26
3 5 1
35 1 40
39 1 70
44 1 71
4 1 49
45 1 104
36 1 32
27 1 7
25 1 24
3 1 1
3 2 62
49 1 9
43 6 44
2 1 1
9 1 2
9 1 82
24 1 11
1 4 3
3 4 1
82 2 5
79 1 1
7 1 10
44 1 52
63 1 35
27 2 33
62 2 52
40 1 33
46 1 3
79 1 3
1 2 19
52 1 34
86 2 79
32 1 17
32 1 14
5 2 3
11 1 23
7 1 1
16 1 9
32 1 31
? 1 github_java_program_data/1/395.java

0 2 71
63 1 5
104 1 73
82 2 2
49 1 13
25 1 108
23 2 20
44 1 35
11 1 22
73 2 32
26 2 22
22 2 20
29 1 16
71 2 2
32 1 113
31 1 11
25 1 18
42 1 32
20 1 1
11 1 1
20 2 22
0 1 1
1 2 4
44 1 5
0 1 3
19 1 18
23 2 22
30 1 7
108 1 78
13 1 3
2 1 71
26 1 25
1 1 19
13 1 2
19 1 24
1 2 25
7 1 3
46 2 25
52 2 35
51 2 49
82 2 71
64 1 11
40 1 30
5 1 3
71 2 3
3 1 22
25 1 32
18 2 24
85 2 31
13 1 5
1 2 22
44 1 32
46 2 79
22 2 3
71 2 82
2 2 1
40 1 39
104 1 32
35 1 34
36 1 29
4 2 32
32 1 34
3 2 23
25 2 104
33 2 47
11 1 3
34 1 39
9 1 71
23 2 26
3 2 16
3 1 25
45 1 79
2 1 3
25 1 0
21 2 31
44 1 3
63 1 62
7 1 26
62 1 49
31 2 34
22 2 1
62 2 35
9 1 5
7 1 20
109 2 82
1 2 16
23 2 1
5 1 1
20 1 19
1 1 22
11 1 10
9 1 1
51 1 13
63 1 3
17 2 14
5 2 1
20 2 23
10 2 22
21 1 11
32 1 43
1 1 23
3 1 19
40 1 27
13 1 82
7 1 23
14 2 17
27 2 39
63 2 113
34 1 33
26 1 1
108 2 32
44 1 4
3 2 4
44 1 0
18 1 7
10 2 23
20 1 3
33 1 32
26 1 19
35 1 31
3 2 19
63 1 82
35 1 36
26 2 23
2 1 82
82 2 1
62 2 82
11 1 6
63 1 82
15 1 11
40 1 52
24 1 3
46 1 1
24 1 1
34 1 30
1 2 15
1 2 23
2 2 3
35 2 70
23 2 6
86 1 3
40 2 31
45 1 46
25 1 71
26 1 3
52 2 42
9 1 63
52 1 24
63 2 44
39 1 35
82 2 3
30 2 39
32 1 63
24 1 7
25 1 3
16 1 11
5 1 71
47 1 40
31 2 40
14 1 9
1 5 3
79 2 46
23 2 3
32 1 44
37 1 1
44 1 62
17 1 13
32 1 40
52 1 18
22 2 23
40 1 47
113 1 1
62 1 51
47 2 52
24 2 18
35 1 85
35 1 21
63 1 7
3 2 108
29 2 32
11 1 20
71 2 5
85 1 3
104 1 82
0 1 19
3 2 73
15 1 7
22 2 10
63 1 109
18 1 1
30 2 33
104 1 3
45 1 86
113 1 4
35 1 64
18 1 11
34 2 31
30 1 11
43 1 11
1 2 63
44 2 63
71 2 1
3 2 15
34 1 27
18 1 3
23 2 10
13 1 16
64 6 63
7 1 22
40 1 42
1 1 3
11 1 26
3 2 25
104 1 71
22 2 6
3 2 22
13 1 71
3 1 23
9 1 15
27 1 11
78 1 3
63 1 2
9 1 3
7 1 6
82 2 35
109 1 3
4 2 35
51 1 9
31 1 7
82 1 24
13 1 1
73 1 37
14 2 44
21 1 7
45 1 25
1 1 25
20 1 25
32 1 21
22 2 26
3 5 1
35 1 40
39 1 70
44 1 71
4 1 49
45 1 104
36 1 32
27 1 7
25 1 24
3 1 1
3 2 62
49 1 9
43 6 44
2 1 1
9 1 2
9 1 82
24 1 11
1 4 3
3 4 1
82 2 5
79 1 1
7 1 10
44 1 52
63 1 35
27 2 33
62 2 52
40 1 33
46 1 3
79 1 3
1 2 19
52 1 34
86 2 79
32 1 17
32 1 14
5 2 3
11 1 23
7 1 1
16 1 9
32 1 31
? 1 github_java_program_data/1/4.java

0 2 71
63 1 5
104 1 73
82 2 2
49 1 13
25 1 108
23 2 20
44 1 35
11 1 22
73 2 32
26 2 22
22 2 20
29 1 16
71 2 2
32 1 113
31 1 11
25 1 18
42 1 32
20 1 1
11 1 1
20 2 22
0 1 1
1 2 4
44 1 5
0 1 3
19 1 18
23 2 22
30 1 7
108 1 78
13 1 3
2 1 71
26 1 25
1 1 19
13 1 2
19 1 24
1 2 25
7 1 3
46 2 25
52 2 35
51 2 49
82 2 71
64 1 11
40 1 30
5 1 3
71 2 3
3 1 22
25 1 32
18 2 24
85 2 31
13 1 5
1 2 22
44 1 32
46 2 79
22 2 3
71 2 82
2 2 1
40 1 39
104 1 32
35 1 34
36 1 29
4 2 32
32 1 34
3 2 23
25 2 104
33 2 47
11 1 3
34 1 39
9 1 71
23 2 26
3 2 16
3 1 25
45 1 79
2 1 3
25 1 0
21 2 31
44 1 3
63 1 62
7 1 26
62 1 49
31 2 34
22 2 1
62 2 35
9 1 5
7 1 20
109 2 82
1 2 16
23 2 1
5 1 1
20 1 19
1 1 22
11 1 10
9 1 1
51 1 13
63 1 3
17 2 14
5 2 1
20 2 23
10 2 22
21 1 11
32 1 43
1 1 23
3 1 19
40 1 27
13 1 82
7 1 23
14 2 17
27 2 39
63 2 113
34 1 33
26 1 1
108 2 32
44 1 4
3 2 4
44 1 0
18 1 7
10 2 23
20 1 3
33 1 32
26 1 19
35 1 31
3 2 19
63 1 82
35 1 36
26 2 23
2 1 82
82 2 1
62 2 82
11 1 6
63 1 82
15 1 11
40 1 52
24 1 3
46 1 1
24 1 1
34 1 30
1 2 15
1 2 23
2 2 3
35 2 70
23 2 6
86 1 3
40 2 31
45 1 46
25 1 71
26 1 3
52 2 42
9 1 63
52 1 24
63 2 44
39 1 35
82 2 3
30 2 39
32 1 63
24 1 7
25 1 3
16 1 11
5 1 71
47 1 40
31 2 40
14 1 9
1 5 3
79 2 46
23 2 3
32 1 44
37 1 1
44 1 62
17 1 13
32 1 40
52 1 18
22 2 23
40 1 47
113 1 1
62 1 51
47 2 52
24 2 18
35 1 85
35 1 21
63 1 7
3 2 108
29 2 32
11 1 20
71 2 5
85 1 3
104 1 82
0 1 19
3 2 73
15 1 7
22 2 10
63 1 109
18 1 1
30 2 33
104 1 3
45 1 86
113 1 4
35 1 64
18 1 11
34 2 31
30 1 11
43 1 11
1 2 63
44 2 63
71 2 1
3 2 15
34 1 27
18 1 3
23 2 10
13 1 16
64 6 63
7 1 22
40 1 42
1 1 3
11 1 26
3 2 25
104 1 71
22 2 6
3 2 22
13 1 71
3 1 23
9 1 15
27 1 11
78 1 3
63 1 2
9 1 3
7 1 6
82 2 35
109 1 3
4 2 35
51 1 9
31 1 7
82 1 24
13 1 1
73 1 37
14 2 44
21 1 7
45 1 25
1 1 25
20 1 25
32 1 21
22 2 26
3 5 1
35 1 40
39 1 70
44 1 71
4 1 49
45 1 104
36 1 32
27 1 7
25 1 24
3 1 1
3 2 62
49 1 9
43 6 44
2 1 1
9 1 2
9 1 82
24 1 11
1 4 3
3 4 1
82 2 5
79 1 1
7 1 10
44 1 52
63 1 35
27 2 33
62 2 52
40 1 33
46 1 3
79 1 3
1 2 19
52 1 34
86 2 79
32 1 17
32 1 14
5 2 3
11 1 23
7 1 1
16 1 9
32 1 31
? 1 github_java_program_data/1/424.java

0 2 71
63 1 5
104 1 73
82 2 2
49 1 13
25 1 108
23 2 20
44 1 35
11 1 22
73 2 32
26 2 22
22 2 20
29 1 16
71 2 2
32 1 113
31 1 11
25 1 18
42 1 32
20 1 1
11 1 1
20 2 22
0 1 1
1 2 4
44 1 5
0 1 3
19 1 18
23 2 22
30 1 7
108 1 78
13 1 3
2 1 71
26 1 25
1 1 19
13 1 2
19 1 24
1 2 25
7 1 3
46 2 25
52 2 35
51 2 49
82 2 71
64 1 11
40 1 30
5 1 3
71 2 3
3 1 22
25 1 32
18 2 24
85 2 31
13 1 5
1 2 22
44 1 32
46 2 79
22 2 3
71 2 82
2 2 1
40 1 39
104 1 32
35 1 34
36 1 29
4 2 32
32 1 34
3 2 23
25 2 104
33 2 47
11 1 3
34 1 39
9 1 71
23 2 26
3 2 16
3 1 25
45 1 79
2 1 3
25 1 0
21 2 31
44 1 3
63 1 62
7 1 26
62 1 49
31 2 34
22 2 1
62 2 35
9 1 5
7 1 20
109 2 82
1 2 16
23 2 1
5 1 1
20 1 19
1 1 22
11 1 10
9 1 1
51 1 13
63 1 3
17 2 14
5 2 1
20 2 23
10 2 22
21 1 11
32 1 43
1 1 23
3 1 19
40 1 27
13 1 82
7 1 23
14 2 17
27 2 39
63 2 113
34 1 33
26 1 1
108 2 32
44 1 4
3 2 4
44 1 0
18 1 7
10 2 23
20 1 3
33 1 32
26 1 19
35 1 31
3 2 19
63 1 82
35 1 36
26 2 23
2 1 82
82 2 1
62 2 82
11 1 6
63 1 82
15 1 11
40 1 52
24 1 3
46 1 1
24 1 1
34 1 30
1 2 15
1 2 23
2 2 3
35 2 70
23 2 6
86 1 3
40 2 31
45 1 46
25 1 71
26 1 3
52 2 42
9 1 63
52 1 24
63 2 44
39 1 35
82 2 3
30 2 39
32 1 63
24 1 7
25 1 3
16 1 11
5 1 71
47 1 40
31 2 40
14 1 9
1 5 3
79 2 46
23 2 3
32 1 44
37 1 1
44 1 62
17 1 13
32 1 40
52 1 18
22 2 23
40 1 47
113 1 1
62 1 51
47 2 52
24 2 18
35 1 85
35 1 21
63 1 7
3 2 108
29 2 32
11 1 20
71 2 5
85 1 3
104 1 82
0 1 19
3 2 73
15 1 7
22 2 10
63 1 109
18 1 1
30 2 33
104 1 3
45 1 86
113 1 4
35 1 64
18 1 11
34 2 31
30 1 11
43 1 11
1 2 63
44 2 63
71 2 1
3 2 15
34 1 27
18 1 3
23 2 10
13 1 16
64 6 63
7 1 22
40 1 42
1 1 3
11 1 26
3 2 25
104 1 71
22 2 6
3 2 22
13 1 71
3 1 23
9 1 15
27 1 11
78 1 3
63 1 2
9 1 3
7 1 6
82 2 35
109 1 3
4 2 35
51 1 9
31 1 7
82 1 24
13 1 1
73 1 37
14 2 44
21 1 7
45 1 25
1 1 25
20 1 25
32 1 21
22 2 26
3 5 1
35 1 40
39 1 70
44 1 71
4 1 49
45 1 104
36 1 32
27 1 7
25 1 24
3 1 1
3 2 62
49 1 9
43 6 44
2 1 1
9 1 2
9 1 82
24 1 11
1 4 3
3 4 1
82 2 5
79 1 1
7 1 10
44 1 52
63 1 35
27 2 33
62 2 52
40 1 33
46 1 3
79 1 3
1 2 19
52 1 34
86 2 79
32 1 17
32 1 14
5 2 3
11 1 23
7 1 1
16 1 9
32 1 31
? 1 github_java_program_data/1/425.java

0 2 71
63 1 5
104 1 73
82 2 2
49 1 13
25 1 108
23 2 20
44 1 35
11 1 22
73 2 32
26 2 22
22 2 20
29 1 16
71 2 2
32 1 113
31 1 11
25 1 18
42 1 32
20 1 1
11 1 1
20 2 22
0 1 1
1 2 4
44 1 5
0 1 3
19 1 18
23 2 22
30 1 7
108 1 78
13 1 3
2 1 71
26 1 25
1 1 19
13 1 2
19 1 24
1 2 25
7 1 3
46 2 25
52 2 35
51 2 49
82 2 71
64 1 11
40 1 30
5 1 3
71 2 3
3 1 22
25 1 32
18 2 24
85 2 31
13 1 5
1 2 22
44 1 32
46 2 79
22 2 3
71 2 82
2 2 1
40 1 39
104 1 32
35 1 34
36 1 29
4 2 32
32 1 34
3 2 23
25 2 104
33 2 47
11 1 3
34 1 39
9 1 71
23 2 26
3 2 16
3 1 25
45 1 79
2 1 3
25 1 0
21 2 31
44 1 3
63 1 62
7 1 26
62 1 49
31 2 34
22 2 1
62 2 35
9 1 5
7 1 20
109 2 82
1 2 16
23 2 1
5 1 1
20 1 19
1 1 22
11 1 10
9 1 1
51 1 13
63 1 3
17 2 14
5 2 1
20 2 23
10 2 22
21 1 11
32 1 43
1 1 23
3 1 19
40 1 27
13 1 82
7 1 23
14 2 17
27 2 39
63 2 113
34 1 33
26 1 1
108 2 32
44 1 4
3 2 4
44 1 0
18 1 7
10 2 23
20 1 3
33 1 32
26 1 19
35 1 31
3 2 19
63 1 82
35 1 36
26 2 23
2 1 82
82 2 1
62 2 82
11 1 6
63 1 82
15 1 11
40 1 52
24 1 3
46 1 1
24 1 1
34 1 30
1 2 15
1 2 23
2 2 3
35 2 70
23 2 6
86 1 3
40 2 31
45 1 46
25 1 71
26 1 3
52 2 42
9 1 63
52 1 24
63 2 44
39 1 35
82 2 3
30 2 39
32 1 63
24 1 7
25 1 3
16 1 11
5 1 71
47 1 40
31 2 40
14 1 9
1 5 3
79 2 46
23 2 3
32 1 44
37 1 1
44 1 62
17 1 13
32 1 40
52 1 18
22 2 23
40 1 47
113 1 1
62 1 51
47 2 52
24 2 18
35 1 85
35 1 21
63 1 7
3 2 108
29 2 32
11 1 20
71 2 5
85 1 3
104 1 82
0 1 19
3 2 73
15 1 7
22 2 10
63 1 109
18 1 1
30 2 33
104 1 3
45 1 86
113 1 4
35 1 64
18 1 11
34 2 31
30 1 11
43 1 11
1 2 63
44 2 63
71 2 1
3 2 15
34 1 27
18 1 3
23 2 10
13 1 16
64 6 63
7 1 22
40 1 42
1 1 3
11 1 26
3 2 25
104 1 71
22 2 6
3 2 22
13 1 71
3 1 23
9 1 15
27 1 11
78 1 3
63 1 2
9 1 3
7 1 6
82 2 35
109 1 3
4 2 35
51 1 9
31 1 7
82 1 24
13 1 1
73 1 37
14 2 44
21 1 7
45 1 25
1 1 25
20 1 25
32 1 21
22 2 26
3 5 1
35 1 40
39 1 70
44 1 71
4 1 49
45 1 104
36 1 32
27 1 7
25 1 24
3 1 1
3 2 62
49 1 9
43 6 44
2 1 1
9 1 2
9 1 82
24 1 11
1 4 3
3 4 1
82 2 5
79 1 1
7 1 10
44 1 52
63 1 35
27 2 33
62 2 52
40 1 33
46 1 3
79 1 3
1 2 19
52 1 34
86 2 79
32 1 17
32 1 14
5 2 3
11 1 23
7 1 1
16 1 9
32 1 31
? 1 github_java_program_data/1/454.java

0 2 71
63 1 5
104 1 73
82 2 2
49 1 13
25 1 108
23 2 20
44 1 35
11 1 22
73 2 32
26 2 22
22 2 20
29 1 16
71 2 2
32 1 113
31 1 11
25 1 18
42 1 32
20 1 1
11 1 1
20 2 22
0 1 1
1 2 4
44 1 5
0 1 3
19 1 18
23 2 22
30 1 7
108 1 78
13 1 3
2 1 71
26 1 25
1 1 19
13 1 2
19 1 24
1 2 25
7 1 3
46 2 25
52 2 35
51 2 49
82 2 71
64 1 11
40 1 30
5 1 3
71 2 3
3 1 22
25 1 32
18 2 24
85 2 31
13 1 5
1 2 22
44 1 32
46 2 79
22 2 3
71 2 82
2 2 1
40 1 39
104 1 32
35 1 34
36 1 29
4 2 32
32 1 34
3 2 23
25 2 104
33 2 47
11 1 3
34 1 39
9 1 71
23 2 26
3 2 16
3 1 25
45 1 79
2 1 3
25 1 0
21 2 31
44 1 3
63 1 62
7 1 26
62 1 49
31 2 34
22 2 1
62 2 35
9 1 5
7 1 20
109 2 82
1 2 16
23 2 1
5 1 1
20 1 19
1 1 22
11 1 10
9 1 1
51 1 13
63 1 3
17 2 14
5 2 1
20 2 23
10 2 22
21 1 11
32 1 43
1 1 23
3 1 19
40 1 27
13 1 82
7 1 23
14 2 17
27 2 39
63 2 113
34 1 33
26 1 1
108 2 32
44 1 4
3 2 4
44 1 0
18 1 7
10 2 23
20 1 3
33 1 32
26 1 19
35 1 31
3 2 19
63 1 82
35 1 36
26 2 23
2 1 82
82 2 1
62 2 82
11 1 6
63 1 82
15 1 11
40 1 52
24 1 3
46 1 1
24 1 1
34 1 30
1 2 15
1 2 23
2 2 3
35 2 70
23 2 6
86 1 3
40 2 31
45 1 46
25 1 71
26 1 3
52 2 42
9 1 63
52 1 24
63 2 44
39 1 35
82 2 3
30 2 39
32 1 63
24 1 7
25 1 3
16 1 11
5 1 71
47 1 40
31 2 40
14 1 9
1 5 3
79 2 46
23 2 3
32 1 44
37 1 1
44 1 62
17 1 13
32 1 40
52 1 18
22 2 23
40 1 47
113 1 1
62 1 51
47 2 52
24 2 18
35 1 85
35 1 21
63 1 7
3 2 108
29 2 32
11 1 20
71 2 5
85 1 3
104 1 82
0 1 19
3 2 73
15 1 7
22 2 10
63 1 109
18 1 1
30 2 33
104 1 3
45 1 86
113 1 4
35 1 64
18 1 11
34 2 31
30 1 11
43 1 11
1 2 63
44 2 63
71 2 1
3 2 15
34 1 27
18 1 3
23 2 10
13 1 16
64 6 63
7 1 22
40 1 42
1 1 3
11 1 26
3 2 25
104 1 71
22 2 6
3 2 22
13 1 71
3 1 23
9 1 15
27 1 11
78 1 3
63 1 2
9 1 3
7 1 6
82 2 35
109 1 3
4 2 35
51 1 9
31 1 7
82 1 24
13 1 1
73 1 37
14 2 44
21 1 7
45 1 25
1 1 25
20 1 25
32 1 21
22 2 26
3 5 1
35 1 40
39 1 70
44 1 71
4 1 49
45 1 104
36 1 32
27 1 7
25 1 24
3 1 1
3 2 62
49 1 9
43 6 44
2 1 1
9 1 2
9 1 82
24 1 11
1 4 3
3 4 1
82 2 5
79 1 1
7 1 10
44 1 52
63 1 35
27 2 33
62 2 52
40 1 33
46 1 3
79 1 3
1 2 19
52 1 34
86 2 79
32 1 17
32 1 14
5 2 3
11 1 23
7 1 1
16 1 9
32 1 31
? 1 github_java_program_data/1/455.java

3 7 1
67 1 35
22 2 20
1 2 15
1 2 23
1 2 16
2 2 3
44 1 2
23 2 22
23 2 20
11 1 1
11 1 22
26 1 3
13 1 16
14 2 21
67 1 27
44 1 32
71 2 2
4 2 32
24 1 7
16 1 11
25 1 18
20 1 1
14 1 9
22 2 1
23 2 3
5 1 3
3 2 23
22 2 26
65 1 32
17 1 13
30 1 7
3 2 15
30 2 32
2 2 1
7 1 6
13 1 2
19 1 24
1 2 25
7 1 3
23 2 6
11 1 20
27 2 35
35 1 14
3 1 22
15 1 7
22 2 10
1 2 22
26 1 25
21 2 31
23 2 1
65 1 30
17 2 14
3 2 4
35 1 65
7 1 22
1 1 3
11 1 26
45 1 44
9 1 15
11 1 3
22 2 6
3 1 23
3 2 25
67 2 21
7 1 1
9 1 3
13 1 1
44 1 3
3 5 1
7 1 26
24 1 11
3 4 1
31 1 7
9 1 5
7 1 20
21 1 7
5 1 1
20 1 19
1 1 22
3 1 1
32 1 21
11 1 10
9 1 1
18 1 11
14 2 65
22 2 3
5 2 1
27 1 7
21 1 11
2 1 3
31 2 21
32 1 67
1 1 23
2 1 1
7 1 23
26 1 1
1 4 3
44 1 4
1 5 3
7 1 10
18 1 7
35 1 17
20 1 3
21 2 67
3 2 19
3 2 22
44 1 71
1 2 19
31 1 11
26 2 23
32 1 14
5 2 3
11 1 23
11 1 6
32 1 31
? 1 github_java_program_data/1/46.java

1 5 3
63 1 5
1 2 12
82 2 2
1 1 25
23 2 20
44 1 35
11 1 22
1 2 32
3 2 8
17 2 68
29 1 16
32 1 68
71 2 2
31 1 11
25 1 18
20 1 1
11 1 1
17 1 9
22 2 1
68 2 44
44 1 5
23 2 3
35 1 14
3 1 12
13 1 3
26 1 25
36 1 35
13 1 2
19 1 24
1 2 25
9 1 2
44 1 2
8 1 7
15 1 7
23 2 22
82 2 71
64 1 11
5 1 3
35 1 36
3 1 22
25 1 32
13 1 5
1 2 22
21 2 31
16 2 27
68 1 32
63 1 32
35 1 65
27 2 28
4 2 32
3 2 25
7 1 6
3 2 23
11 1 3
41 1 35
3 2 16
45 1 79
7 1 1
29 2 35
44 1 3
3 5 1
7 1 26
3 4 1
62 2 35
9 1 5
7 1 20
32 1 43
5 1 1
20 1 19
1 1 22
11 1 10
9 1 1
63 1 3
9 1 71
21 1 11
31 2 21
63 1 4
17 2 41
1 1 23
7 1 23
14 2 17
34 1 33
26 1 1
71 2 1
32 1 63
33 1 32
68 1 4
35 1 31
63 1 82
32 1 31
51 1 13
3 2 63
11 1 6
63 1 7
28 1 7
24 1 3
17 1 13
12 1 11
22 2 20
1 2 15
1 2 23
2 2 3
46 2 25
8 1 11
86 1 3
45 1 46
25 1 71
26 1 3
62 1 49
63 2 44
82 2 3
3 7 1
64 6 44
1 1 12
16 1 11
3 1 8
14 1 9
38 2 35
79 2 46
16 1 13
32 1 44
44 1 62
1 1 8
36 2 21
22 2 23
62 1 51
1 2 62
1 2 8
32 1 41
9 1 16
35 1 21
11 1 20
65 1 32
13 1 15
25 1 1
3 2 12
35 1 34
45 1 86
23 2 1
35 1 64
18 1 11
17 2 14
30 1 11
43 1 11
44 2 63
3 2 4
34 1 27
18 1 3
23 2 10
7 1 22
1 1 3
11 1 26
2 2 1
1 7 3
22 2 6
46 1 3
12 1 7
13 1 71
3 1 23
14 2 36
9 1 15
27 1 11
9 1 3
4 1 51
24 1 11
31 1 7
4 1 49
13 1 1
36 1 29
1 1 19
21 1 7
45 1 25
32 1 21
22 2 26
29 1 28
68 1 82
65 1 30
22 2 3
43 6 63
27 1 7
2 1 3
3 1 1
38 1 16
3 2 62
68 1 3
44 1 71
2 1 1
7 1 3
29 1 27
9 1 82
2 1 82
1 4 3
49 2 51
82 2 5
7 1 10
30 2 32
11 1 23
44 1 1
71 2 5
27 2 33
13 1 63
21 2 65
3 2 22
79 1 3
1 2 19
41 1 38
86 2 79
32 1 17
32 1 14
5 2 3
49 1 9
5 2 1
? 1 github_java_program_data/1/463.java

0 2 71
63 1 5
104 1 73
82 2 2
49 1 13
25 1 108
23 2 20
44 1 35
11 1 22
73 2 32
26 2 22
22 2 20
29 1 16
71 2 2
32 1 113
31 1 11
25 1 18
42 1 32
20 1 1
11 1 1
20 2 22
0 1 1
1 2 4
44 1 5
0 1 3
19 1 18
23 2 22
30 1 7
108 1 78
13 1 3
2 1 71
26 1 25
1 1 19
13 1 2
19 1 24
1 2 25
7 1 3
46 2 25
52 2 35
51 2 49
82 2 71
64 1 11
40 1 30
5 1 3
71 2 3
3 1 22
25 1 32
18 2 24
85 2 31
13 1 5
1 2 22
44 1 32
46 2 79
22 2 3
71 2 82
2 2 1
40 1 39
104 1 32
35 1 34
36 1 29
4 2 32
32 1 34
3 2 23
25 2 104
33 2 47
11 1 3
34 1 39
9 1 71
23 2 26
3 2 16
3 1 25
45 1 79
2 1 3
25 1 0
21 2 31
44 1 3
63 1 62
7 1 26
62 1 49
31 2 34
22 2 1
62 2 35
9 1 5
7 1 20
109 2 82
1 2 16
23 2 1
5 1 1
20 1 19
1 1 22
11 1 10
9 1 1
51 1 13
63 1 3
17 2 14
5 2 1
20 2 23
10 2 22
21 1 11
32 1 43
1 1 23
3 1 19
40 1 27
13 1 82
7 1 23
14 2 17
27 2 39
63 2 113
34 1 33
26 1 1
108 2 32
44 1 4
3 2 4
44 1 0
18 1 7
10 2 23
20 1 3
33 1 32
26 1 19
35 1 31
3 2 19
63 1 82
35 1 36
26 2 23
2 1 82
82 2 1
62 2 82
11 1 6
63 1 82
15 1 11
40 1 52
24 1 3
46 1 1
24 1 1
34 1 30
1 2 15
1 2 23
2 2 3
35 2 70
23 2 6
86 1 3
40 2 31
45 1 46
25 1 71
26 1 3
52 2 42
9 1 63
52 1 24
63 2 44
39 1 35
82 2 3
30 2 39
32 1 63
24 1 7
25 1 3
16 1 11
5 1 71
47 1 40
31 2 40
14 1 9
1 5 3
79 2 46
23 2 3
32 1 44
37 1 1
44 1 62
17 1 13
32 1 40
52 1 18
22 2 23
40 1 47
113 1 1
62 1 51
47 2 52
24 2 18
35 1 85
35 1 21
63 1 7
3 2 108
29 2 32
11 1 20
71 2 5
85 1 3
104 1 82
0 1 19
3 2 73
15 1 7
22 2 10
63 1 109
18 1 1
30 2 33
104 1 3
45 1 86
113 1 4
35 1 64
18 1 11
34 2 31
30 1 11
43 1 11
1 2 63
44 2 63
71 2 1
3 2 15
34 1 27
18 1 3
23 2 10
13 1 16
64 6 63
7 1 22
40 1 42
1 1 3
11 1 26
3 2 25
104 1 71
22 2 6
3 2 22
13 1 71
3 1 23
9 1 15
27 1 11
78 1 3
63 1 2
9 1 3
7 1 6
82 2 35
109 1 3
4 2 35
51 1 9
31 1 7
82 1 24
13 1 1
73 1 37
14 2 44
21 1 7
45 1 25
1 1 25
20 1 25
32 1 21
22 2 26
3 5 1
35 1 40
39 1 70
44 1 71
4 1 49
45 1 104
36 1 32
27 1 7
25 1 24
3 1 1
3 2 62
49 1 9
43 6 44
2 1 1
9 1 2
9 1 82
24 1 11
1 4 3
3 4 1
82 2 5
79 1 1
7 1 10
44 1 52
63 1 35
27 2 33
62 2 52
40 1 33
46 1 3
79 1 3
1 2 19
52 1 34
86 2 79
32 1 17
32 1 14
5 2 3
11 1 23
7 1 1
16 1 9
32 1 31
? 1 github_java_program_data/1/485.java

0 2 71
63 1 5
104 1 73
82 2 2
49 1 13
25 1 108
23 2 20
44 1 35
11 1 22
73 2 32
26 2 22
22 2 20
29 1 16
71 2 2
32 1 113
31 1 11
25 1 18
42 1 32
20 1 1
11 1 1
20 2 22
0 1 1
1 2 4
44 1 5
0 1 3
19 1 18
23 2 22
30 1 7
108 1 78
13 1 3
2 1 71
26 1 25
1 1 19
13 1 2
19 1 24
1 2 25
7 1 3
46 2 25
52 2 35
51 2 49
82 2 71
64 1 11
40 1 30
5 1 3
71 2 3
3 1 22
25 1 32
18 2 24
85 2 31
13 1 5
1 2 22
44 1 32
46 2 79
22 2 3
71 2 82
2 2 1
40 1 39
104 1 32
35 1 34
36 1 29
4 2 32
32 1 34
3 2 23
25 2 104
33 2 47
11 1 3
34 1 39
9 1 71
23 2 26
3 2 16
3 1 25
45 1 79
2 1 3
25 1 0
21 2 31
44 1 3
63 1 62
7 1 26
62 1 49
31 2 34
22 2 1
62 2 35
9 1 5
7 1 20
109 2 82
1 2 16
23 2 1
5 1 1
20 1 19
1 1 22
11 1 10
9 1 1
51 1 13
63 1 3
17 2 14
5 2 1
20 2 23
10 2 22
21 1 11
32 1 43
1 1 23
3 1 19
40 1 27
13 1 82
7 1 23
14 2 17
27 2 39
63 2 113
34 1 33
26 1 1
108 2 32
44 1 4
3 2 4
44 1 0
18 1 7
10 2 23
20 1 3
33 1 32
26 1 19
35 1 31
3 2 19
63 1 82
35 1 36
26 2 23
2 1 82
82 2 1
62 2 82
11 1 6
63 1 82
15 1 11
40 1 52
24 1 3
46 1 1
24 1 1
34 1 30
1 2 15
1 2 23
2 2 3
35 2 70
23 2 6
86 1 3
40 2 31
45 1 46
25 1 71
26 1 3
52 2 42
9 1 63
52 1 24
63 2 44
39 1 35
82 2 3
30 2 39
32 1 63
24 1 7
25 1 3
16 1 11
5 1 71
47 1 40
31 2 40
14 1 9
1 5 3
79 2 46
23 2 3
32 1 44
37 1 1
44 1 62
17 1 13
32 1 40
52 1 18
22 2 23
40 1 47
113 1 1
62 1 51
47 2 52
24 2 18
35 1 85
35 1 21
63 1 7
3 2 108
29 2 32
11 1 20
71 2 5
85 1 3
104 1 82
0 1 19
3 2 73
15 1 7
22 2 10
63 1 109
18 1 1
30 2 33
104 1 3
45 1 86
113 1 4
35 1 64
18 1 11
34 2 31
30 1 11
43 1 11
1 2 63
44 2 63
71 2 1
3 2 15
34 1 27
18 1 3
23 2 10
13 1 16
64 6 63
7 1 22
40 1 42
1 1 3
11 1 26
3 2 25
104 1 71
22 2 6
3 2 22
13 1 71
3 1 23
9 1 15
27 1 11
78 1 3
63 1 2
9 1 3
7 1 6
82 2 35
109 1 3
4 2 35
51 1 9
31 1 7
82 1 24
13 1 1
73 1 37
14 2 44
21 1 7
45 1 25
1 1 25
20 1 25
32 1 21
22 2 26
3 5 1
35 1 40
39 1 70
44 1 71
4 1 49
45 1 104
36 1 32
27 1 7
25 1 24
3 1 1
3 2 62
49 1 9
43 6 44
2 1 1
9 1 2
9 1 82
24 1 11
1 4 3
3 4 1
82 2 5
79 1 1
7 1 10
44 1 52
63 1 35
27 2 33
62 2 52
40 1 33
46 1 3
79 1 3
1 2 19
52 1 34
86 2 79
32 1 17
32 1 14
5 2 3
11 1 23
7 1 1
16 1 9
32 1 31
? 1 github_java_program_data/1/5.java

0 2 71
63 1 5
104 1 73
82 2 2
49 1 13
25 1 108
23 2 20
44 1 35
11 1 22
73 2 32
26 2 22
22 2 20
29 1 16
71 2 2
32 1 113
31 1 11
25 1 18
42 1 32
20 1 1
11 1 1
20 2 22
0 1 1
1 2 4
44 1 5
0 1 3
19 1 18
23 2 22
30 1 7
108 1 78
13 1 3
2 1 71
26 1 25
1 1 19
13 1 2
19 1 24
1 2 25
7 1 3
46 2 25
52 2 35
51 2 49
82 2 71
64 1 11
40 1 30
5 1 3
71 2 3
3 1 22
25 1 32
18 2 24
85 2 31
13 1 5
1 2 22
44 1 32
46 2 79
22 2 3
71 2 82
2 2 1
40 1 39
104 1 32
35 1 34
36 1 29
4 2 32
32 1 34
3 2 23
25 2 104
33 2 47
11 1 3
34 1 39
9 1 71
23 2 26
3 2 16
3 1 25
45 1 79
2 1 3
25 1 0
21 2 31
44 1 3
63 1 62
7 1 26
62 1 49
31 2 34
22 2 1
62 2 35
9 1 5
7 1 20
109 2 82
1 2 16
23 2 1
5 1 1
20 1 19
1 1 22
11 1 10
9 1 1
51 1 13
63 1 3
17 2 14
5 2 1
20 2 23
10 2 22
21 1 11
32 1 43
1 1 23
3 1 19
40 1 27
13 1 82
7 1 23
14 2 17
27 2 39
63 2 113
34 1 33
26 1 1
108 2 32
44 1 4
3 2 4
44 1 0
18 1 7
10 2 23
20 1 3
33 1 32
26 1 19
35 1 31
3 2 19
63 1 82
35 1 36
26 2 23
2 1 82
82 2 1
62 2 82
11 1 6
63 1 82
15 1 11
40 1 52
24 1 3
46 1 1
24 1 1
34 1 30
1 2 15
1 2 23
2 2 3
35 2 70
23 2 6
86 1 3
40 2 31
45 1 46
25 1 71
26 1 3
52 2 42
9 1 63
52 1 24
63 2 44
39 1 35
82 2 3
30 2 39
32 1 63
24 1 7
25 1 3
16 1 11
5 1 71
47 1 40
31 2 40
14 1 9
1 5 3
79 2 46
23 2 3
32 1 44
37 1 1
44 1 62
17 1 13
32 1 40
52 1 18
22 2 23
40 1 47
113 1 1
62 1 51
47 2 52
24 2 18
35 1 85
35 1 21
63 1 7
3 2 108
29 2 32
11 1 20
71 2 5
85 1 3
104 1 82
0 1 19
3 2 73
15 1 7
22 2 10
63 1 109
18 1 1
30 2 33
104 1 3
45 1 86
113 1 4
35 1 64
18 1 11
34 2 31
30 1 11
43 1 11
1 2 63
44 2 63
71 2 1
3 2 15
34 1 27
18 1 3
23 2 10
13 1 16
64 6 63
7 1 22
40 1 42
1 1 3
11 1 26
3 2 25
104 1 71
22 2 6
3 2 22
13 1 71
3 1 23
9 1 15
27 1 11
78 1 3
63 1 2
9 1 3
7 1 6
82 2 35
109 1 3
4 2 35
51 1 9
31 1 7
82 1 24
13 1 1
73 1 37
14 2 44
21 1 7
45 1 25
1 1 25
20 1 25
32 1 21
22 2 26
3 5 1
35 1 40
39 1 70
44 1 71
4 1 49
45 1 104
36 1 32
27 1 7
25 1 24
3 1 1
3 2 62
49 1 9
43 6 44
2 1 1
9 1 2
9 1 82
24 1 11
1 4 3
3 4 1
82 2 5
79 1 1
7 1 10
44 1 52
63 1 35
27 2 33
62 2 52
40 1 33
46 1 3
79 1 3
1 2 19
52 1 34
86 2 79
32 1 17
32 1 14
5 2 3
11 1 23
7 1 1
16 1 9
32 1 31
? 1 github_java_program_data/1/514.java

0 2 71
63 1 5
104 1 73
82 2 2
49 1 13
25 1 108
23 2 20
44 1 35
11 1 22
73 2 32
26 2 22
22 2 20
29 1 16
71 2 2
32 1 113
31 1 11
25 1 18
42 1 32
20 1 1
11 1 1
20 2 22
0 1 1
1 2 4
44 1 5
0 1 3
19 1 18
23 2 22
30 1 7
108 1 78
13 1 3
2 1 71
26 1 25
1 1 19
13 1 2
19 1 24
1 2 25
7 1 3
46 2 25
52 2 35
51 2 49
82 2 71
64 1 11
40 1 30
5 1 3
71 2 3
3 1 22
25 1 32
18 2 24
85 2 31
13 1 5
1 2 22
44 1 32
46 2 79
22 2 3
71 2 82
2 2 1
40 1 39
104 1 32
35 1 34
36 1 29
4 2 32
32 1 34
3 2 23
25 2 104
33 2 47
11 1 3
34 1 39
9 1 71
23 2 26
3 2 16
3 1 25
45 1 79
2 1 3
25 1 0
21 2 31
44 1 3
63 1 62
7 1 26
62 1 49
31 2 34
22 2 1
62 2 35
9 1 5
7 1 20
109 2 82
1 2 16
23 2 1
5 1 1
20 1 19
1 1 22
11 1 10
9 1 1
51 1 13
63 1 3
17 2 14
5 2 1
20 2 23
10 2 22
21 1 11
32 1 43
1 1 23
3 1 19
40 1 27
13 1 82
7 1 23
14 2 17
27 2 39
63 2 113
34 1 33
26 1 1
108 2 32
44 1 4
3 2 4
44 1 0
18 1 7
10 2 23
20 1 3
33 1 32
26 1 19
35 1 31
3 2 19
63 1 82
35 1 36
26 2 23
2 1 82
82 2 1
62 2 82
11 1 6
63 1 82
15 1 11
40 1 52
24 1 3
46 1 1
24 1 1
34 1 30
1 2 15
1 2 23
2 2 3
35 2 70
23 2 6
86 1 3
40 2 31
45 1 46
25 1 71
26 1 3
52 2 42
9 1 63
52 1 24
63 2 44
39 1 35
82 2 3
30 2 39
32 1 63
24 1 7
25 1 3
16 1 11
5 1 71
47 1 40
31 2 40
14 1 9
1 5 3
79 2 46
23 2 3
32 1 44
37 1 1
44 1 62
17 1 13
32 1 40
52 1 18
22 2 23
40 1 47
113 1 1
62 1 51
47 2 52
24 2 18
35 1 85
35 1 21
63 1 7
3 2 108
29 2 32
11 1 20
71 2 5
85 1 3
104 1 82
0 1 19
3 2 73
15 1 7
22 2 10
63 1 109
18 1 1
30 2 33
104 1 3
45 1 86
113 1 4
35 1 64
18 1 11
34 2 31
30 1 11
43 1 11
1 2 63
44 2 63
71 2 1
3 2 15
34 1 27
18 1 3
23 2 10
13 1 16
64 6 63
7 1 22
40 1 42
1 1 3
11 1 26
3 2 25
104 1 71
22 2 6
3 2 22
13 1 71
3 1 23
9 1 15
27 1 11
78 1 3
63 1 2
9 1 3
7 1 6
82 2 35
109 1 3
4 2 35
51 1 9
31 1 7
82 1 24
13 1 1
73 1 37
14 2 44
21 1 7
45 1 25
1 1 25
20 1 25
32 1 21
22 2 26
3 5 1
35 1 40
39 1 70
44 1 71
4 1 49
45 1 104
36 1 32
27 1 7
25 1 24
3 1 1
3 2 62
49 1 9
43 6 44
2 1 1
9 1 2
9 1 82
24 1 11
1 4 3
3 4 1
82 2 5
79 1 1
7 1 10
44 1 52
63 1 35
27 2 33
62 2 52
40 1 33
46 1 3
79 1 3
1 2 19
52 1 34
86 2 79
32 1 17
32 1 14
5 2 3
11 1 23
7 1 1
16 1 9
32 1 31
? 1 github_java_program_data/1/515.java

0 2 71
63 1 5
104 1 73
82 2 2
49 1 13
25 1 108
23 2 20
44 1 35
11 1 22
73 2 32
26 2 22
22 2 20
29 1 16
71 2 2
32 1 113
31 1 11
25 1 18
42 1 32
20 1 1
11 1 1
20 2 22
0 1 1
1 2 4
44 1 5
0 1 3
19 1 18
23 2 22
30 1 7
108 1 78
13 1 3
2 1 71
26 1 25
1 1 19
13 1 2
19 1 24
1 2 25
7 1 3
46 2 25
52 2 35
51 2 49
82 2 71
64 1 11
40 1 30
5 1 3
71 2 3
3 1 22
25 1 32
18 2 24
85 2 31
13 1 5
1 2 22
44 1 32
46 2 79
22 2 3
71 2 82
2 2 1
40 1 39
104 1 32
35 1 34
36 1 29
4 2 32
32 1 34
3 2 23
25 2 104
33 2 47
11 1 3
34 1 39
9 1 71
23 2 26
3 2 16
3 1 25
45 1 79
2 1 3
25 1 0
21 2 31
44 1 3
63 1 62
7 1 26
62 1 49
31 2 34
22 2 1
62 2 35
9 1 5
7 1 20
109 2 82
1 2 16
23 2 1
5 1 1
20 1 19
1 1 22
11 1 10
9 1 1
51 1 13
63 1 3
17 2 14
5 2 1
20 2 23
10 2 22
21 1 11
32 1 43
1 1 23
3 1 19
40 1 27
13 1 82
7 1 23
14 2 17
27 2 39
63 2 113
34 1 33
26 1 1
108 2 32
44 1 4
3 2 4
44 1 0
18 1 7
10 2 23
20 1 3
33 1 32
26 1 19
35 1 31
3 2 19
63 1 82
35 1 36
26 2 23
2 1 82
82 2 1
62 2 82
11 1 6
63 1 82
15 1 11
40 1 52
24 1 3
46 1 1
24 1 1
34 1 30
1 2 15
1 2 23
2 2 3
35 2 70
23 2 6
86 1 3
40 2 31
45 1 46
25 1 71
26 1 3
52 2 42
9 1 63
52 1 24
63 2 44
39 1 35
82 2 3
30 2 39
32 1 63
24 1 7
25 1 3
16 1 11
5 1 71
47 1 40
31 2 40
14 1 9
1 5 3
79 2 46
23 2 3
32 1 44
37 1 1
44 1 62
17 1 13
32 1 40
52 1 18
22 2 23
40 1 47
113 1 1
62 1 51
47 2 52
24 2 18
35 1 85
35 1 21
63 1 7
3 2 108
29 2 32
11 1 20
71 2 5
85 1 3
104 1 82
0 1 19
3 2 73
15 1 7
22 2 10
63 1 109
18 1 1
30 2 33
104 1 3
45 1 86
113 1 4
35 1 64
18 1 11
34 2 31
30 1 11
43 1 11
1 2 63
44 2 63
71 2 1
3 2 15
34 1 27
18 1 3
23 2 10
13 1 16
64 6 63
7 1 22
40 1 42
1 1 3
11 1 26
3 2 25
104 1 71
22 2 6
3 2 22
13 1 71
3 1 23
9 1 15
27 1 11
78 1 3
63 1 2
9 1 3
7 1 6
82 2 35
109 1 3
4 2 35
51 1 9
31 1 7
82 1 24
13 1 1
73 1 37
14 2 44
21 1 7
45 1 25
1 1 25
20 1 25
32 1 21
22 2 26
3 5 1
35 1 40
39 1 70
44 1 71
4 1 49
45 1 104
36 1 32
27 1 7
25 1 24
3 1 1
3 2 62
49 1 9
43 6 44
2 1 1
9 1 2
9 1 82
24 1 11
1 4 3
3 4 1
82 2 5
79 1 1
7 1 10
44 1 52
63 1 35
27 2 33
62 2 52
40 1 33
46 1 3
79 1 3
1 2 19
52 1 34
86 2 79
32 1 17
32 1 14
5 2 3
11 1 23
7 1 1
16 1 9
32 1 31
? 1 github_java_program_data/1/544.java

0 2 71
63 1 5
104 1 73
82 2 2
49 1 13
25 1 108
23 2 20
44 1 35
11 1 22
73 2 32
26 2 22
22 2 20
29 1 16
71 2 2
32 1 113
31 1 11
25 1 18
42 1 32
20 1 1
11 1 1
20 2 22
0 1 1
1 2 4
44 1 5
0 1 3
19 1 18
23 2 22
30 1 7
108 1 78
13 1 3
2 1 71
26 1 25
1 1 19
13 1 2
19 1 24
1 2 25
7 1 3
46 2 25
52 2 35
51 2 49
82 2 71
64 1 11
40 1 30
5 1 3
71 2 3
3 1 22
25 1 32
18 2 24
85 2 31
13 1 5
1 2 22
44 1 32
46 2 79
22 2 3
71 2 82
2 2 1
40 1 39
104 1 32
35 1 34
36 1 29
4 2 32
32 1 34
3 2 23
25 2 104
33 2 47
11 1 3
34 1 39
9 1 71
23 2 26
3 2 16
3 1 25
45 1 79
2 1 3
25 1 0
21 2 31
44 1 3
63 1 62
7 1 26
62 1 49
31 2 34
22 2 1
62 2 35
9 1 5
7 1 20
109 2 82
1 2 16
23 2 1
5 1 1
20 1 19
1 1 22
11 1 10
9 1 1
51 1 13
63 1 3
17 2 14
5 2 1
20 2 23
10 2 22
21 1 11
32 1 43
1 1 23
3 1 19
40 1 27
13 1 82
7 1 23
14 2 17
27 2 39
63 2 113
34 1 33
26 1 1
108 2 32
44 1 4
3 2 4
44 1 0
18 1 7
10 2 23
20 1 3
33 1 32
26 1 19
35 1 31
3 2 19
63 1 82
35 1 36
26 2 23
2 1 82
82 2 1
62 2 82
11 1 6
63 1 82
15 1 11
40 1 52
24 1 3
46 1 1
24 1 1
34 1 30
1 2 15
1 2 23
2 2 3
35 2 70
23 2 6
86 1 3
40 2 31
45 1 46
25 1 71
26 1 3
52 2 42
9 1 63
52 1 24
63 2 44
39 1 35
82 2 3
30 2 39
32 1 63
24 1 7
25 1 3
16 1 11
5 1 71
47 1 40
31 2 40
14 1 9
1 5 3
79 2 46
23 2 3
32 1 44
37 1 1
44 1 62
17 1 13
32 1 40
52 1 18
22 2 23
40 1 47
113 1 1
62 1 51
47 2 52
24 2 18
35 1 85
35 1 21
63 1 7
3 2 108
29 2 32
11 1 20
71 2 5
85 1 3
104 1 82
0 1 19
3 2 73
15 1 7
22 2 10
63 1 109
18 1 1
30 2 33
104 1 3
45 1 86
113 1 4
35 1 64
18 1 11
34 2 31
30 1 11
43 1 11
1 2 63
44 2 63
71 2 1
3 2 15
34 1 27
18 1 3
23 2 10
13 1 16
64 6 63
7 1 22
40 1 42
1 1 3
11 1 26
3 2 25
104 1 71
22 2 6
3 2 22
13 1 71
3 1 23
9 1 15
27 1 11
78 1 3
63 1 2
9 1 3
7 1 6
82 2 35
109 1 3
4 2 35
51 1 9
31 1 7
82 1 24
13 1 1
73 1 37
14 2 44
21 1 7
45 1 25
1 1 25
20 1 25
32 1 21
22 2 26
3 5 1
35 1 40
39 1 70
44 1 71
4 1 49
45 1 104
36 1 32
27 1 7
25 1 24
3 1 1
3 2 62
49 1 9
43 6 44
2 1 1
9 1 2
9 1 82
24 1 11
1 4 3
3 4 1
82 2 5
79 1 1
7 1 10
44 1 52
63 1 35
27 2 33
62 2 52
40 1 33
46 1 3
79 1 3
1 2 19
52 1 34
86 2 79
32 1 17
32 1 14
5 2 3
11 1 23
7 1 1
16 1 9
32 1 31
? 1 github_java_program_data/1/545.java

67 1 35
21 1 7
63 1 5
35 1 63
49 1 13
30 2 35
23 2 20
11 1 22
24 1 1
17 2 68
22 2 20
29 1 16
71 2 2
31 1 11
35 1 36
25 1 18
11 1 1
20 2 22
22 2 1
1 2 4
23 2 3
35 1 14
19 1 18
3 1 12
30 1 7
13 1 3
17 2 34
26 1 25
13 1 2
1 2 35
19 1 24
9 1 2
8 1 7
15 1 7
51 2 49
1 2 19
5 1 3
33 1 35
3 1 22
25 1 35
86 1 3
1 2 22
44 1 32
21 2 31
44 2 63
63 1 32
35 1 65
4 2 32
32 1 34
3 2 23
11 1 3
35 1 44
13 1 15
23 2 26
3 2 16
3 1 25
45 1 79
7 1 1
44 1 3
3 5 1
7 1 26
3 4 1
86 2 79
9 1 5
7 1 20
1 2 16
5 1 1
1 1 22
32 1 67
11 1 10
9 1 1
7 1 6
5 2 1
21 1 11
63 1 4
3 1 19
7 1 23
14 2 17
34 1 33
26 1 1
1 5 3
27 2 28
18 1 7
35 1 17
20 1 3
68 1 4
26 1 19
35 1 31
3 2 19
16 2 27
32 1 31
16 1 11
82 2 1
11 1 6
15 1 11
17 1 13
12 1 11
34 1 30
1 2 15
1 2 23
2 2 3
46 2 25
44 1 2
13 1 5
45 1 46
65 1 27
25 1 71
26 1 3
62 1 49
3 7 1
1 1 12
24 1 7
68 2 44
20 1 19
46 1 3
14 1 9
79 2 46
16 1 13
17 2 21
44 1 62
1 1 8
3 2 15
22 2 23
62 1 51
1 2 8
9 1 16
63 1 1
35 1 21
29 2 32
11 1 20
67 1 30
17 1 9
68 1 35
25 1 1
3 2 12
18 1 1
1 2 12
45 1 86
23 2 1
18 1 11
30 1 11
31 2 67
35 1 68
71 2 1
2 1 3
31 2 36
23 2 10
7 1 22
1 1 3
11 1 26
2 2 1
14 1 13
1 7 3
22 2 6
3 1 8
12 1 7
30 2 33
3 1 23
3 2 25
9 1 3
4 1 51
63 1 82
4 2 35
51 1 9
62 2 32
7 1 10
4 1 49
13 1 1
68 1 1
65 1 32
28 1 11
45 1 25
20 1 25
32 1 21
22 2 26
29 1 28
68 1 82
44 1 71
14 2 65
22 2 3
36 1 32
27 1 7
25 1 24
3 1 1
3 2 62
49 1 9
2 1 1
7 1 3
29 1 27
31 2 14
1 4 3
82 2 5
31 1 7
27 2 32
3 2 22
79 1 3
3 2 8
32 1 17
32 1 14
5 2 3
11 1 23
36 1 29
? 1 github_java_program_data/1/570.java

0 2 71
63 1 5
104 1 73
82 2 2
49 1 13
25 1 108
23 2 20
44 1 35
11 1 22
73 2 32
26 2 22
22 2 20
29 1 16
71 2 2
32 1 113
31 1 11
25 1 18
42 1 32
20 1 1
11 1 1
20 2 22
0 1 1
1 2 4
44 1 5
0 1 3
19 1 18
23 2 22
30 1 7
108 1 78
13 1 3
2 1 71
26 1 25
1 1 19
13 1 2
19 1 24
1 2 25
7 1 3
46 2 25
52 2 35
51 2 49
82 2 71
64 1 11
40 1 30
5 1 3
71 2 3
3 1 22
25 1 32
18 2 24
85 2 31
13 1 5
1 2 22
44 1 32
46 2 79
22 2 3
71 2 82
2 2 1
40 1 39
104 1 32
35 1 34
36 1 29
4 2 32
32 1 34
3 2 23
25 2 104
33 2 47
11 1 3
34 1 39
9 1 71
23 2 26
3 2 16
3 1 25
45 1 79
2 1 3
25 1 0
21 2 31
44 1 3
63 1 62
7 1 26
62 1 49
31 2 34
22 2 1
62 2 35
9 1 5
7 1 20
109 2 82
1 2 16
23 2 1
5 1 1
20 1 19
1 1 22
11 1 10
9 1 1
51 1 13
63 1 3
17 2 14
5 2 1
20 2 23
10 2 22
21 1 11
32 1 43
1 1 23
3 1 19
40 1 27
13 1 82
7 1 23
14 2 17
27 2 39
63 2 113
34 1 33
26 1 1
108 2 32
44 1 4
3 2 4
44 1 0
18 1 7
10 2 23
20 1 3
33 1 32
26 1 19
35 1 31
3 2 19
63 1 82
35 1 36
26 2 23
2 1 82
82 2 1
62 2 82
11 1 6
63 1 82
15 1 11
40 1 52
24 1 3
46 1 1
24 1 1
34 1 30
1 2 15
1 2 23
2 2 3
35 2 70
23 2 6
86 1 3
40 2 31
45 1 46
25 1 71
26 1 3
52 2 42
9 1 63
52 1 24
63 2 44
39 1 35
82 2 3
30 2 39
32 1 63
24 1 7
25 1 3
16 1 11
5 1 71
47 1 40
31 2 40
14 1 9
1 5 3
79 2 46
23 2 3
32 1 44
37 1 1
44 1 62
17 1 13
32 1 40
52 1 18
22 2 23
40 1 47
113 1 1
62 1 51
47 2 52
24 2 18
35 1 85
35 1 21
63 1 7
3 2 108
29 2 32
11 1 20
71 2 5
85 1 3
104 1 82
0 1 19
3 2 73
15 1 7
22 2 10
63 1 109
18 1 1
30 2 33
104 1 3
45 1 86
113 1 4
35 1 64
18 1 11
34 2 31
30 1 11
43 1 11
1 2 63
44 2 63
71 2 1
3 2 15
34 1 27
18 1 3
23 2 10
13 1 16
64 6 63
7 1 22
40 1 42
1 1 3
11 1 26
3 2 25
104 1 71
22 2 6
3 2 22
13 1 71
3 1 23
9 1 15
27 1 11
78 1 3
63 1 2
9 1 3
7 1 6
82 2 35
109 1 3
4 2 35
51 1 9
31 1 7
82 1 24
13 1 1
73 1 37
14 2 44
21 1 7
45 1 25
1 1 25
20 1 25
32 1 21
22 2 26
3 5 1
35 1 40
39 1 70
44 1 71
4 1 49
45 1 104
36 1 32
27 1 7
25 1 24
3 1 1
3 2 62
49 1 9
43 6 44
2 1 1
9 1 2
9 1 82
24 1 11
1 4 3
3 4 1
82 2 5
79 1 1
7 1 10
44 1 52
63 1 35
27 2 33
62 2 52
40 1 33
46 1 3
79 1 3
1 2 19
52 1 34
86 2 79
32 1 17
32 1 14
5 2 3
11 1 23
7 1 1
16 1 9
32 1 31
? 1 github_java_program_data/1/574.java

3 7 1
86 1 1
35 1 63
38 2 32
82 2 2
49 1 13
25 1 108
23 2 20
44 1 35
11 1 22
26 2 22
31 2 65
22 2 20
29 1 16
71 2 2
31 1 11
25 1 18
17 2 21
20 1 1
11 1 1
17 1 9
22 2 1
1 2 4
44 1 5
0 1 3
5 1 3
19 1 18
71 2 3
30 1 7
13 1 3
0 2 82
9 1 1
26 1 25
1 1 19
13 1 2
19 1 24
1 2 25
9 1 2
25 1 35
27 2 32
23 2 22
40 2 34
40 1 30
35 1 14
33 1 35
3 1 22
18 2 24
14 2 68
7 1 1
68 1 1
1 2 19
46 2 79
21 2 31
68 1 32
16 2 27
35 1 43
40 1 39
35 1 41
35 1 34
44 2 63
63 1 32
35 1 65
4 2 32
32 1 34
3 2 23
11 1 3
35 1 44
13 1 63
23 2 26
63 1 0
3 1 25
45 1 79
7 1 1
44 1 3
3 5 1
7 1 26
31 2 34
62 2 35
9 1 5
7 1 20
1 2 16
5 1 1
20 1 19
1 1 22
11 1 10
108 2 35
108 1 7
51 1 13
63 1 3
7 1 6
5 2 1
20 2 23
10 2 22
21 1 11
31 2 21
63 1 4
1 1 23
7 1 23
14 2 17
34 1 33
26 1 1
1 5 3
17 1 13
18 1 7
35 1 17
20 1 3
33 1 32
68 1 4
26 1 19
35 1 31
3 2 19
63 1 82
31 2 41
16 1 11
26 2 23
82 2 1
68 2 44
38 1 15
11 1 6
15 1 11
28 1 7
24 1 3
46 1 1
24 1 1
34 1 30
1 2 15
1 2 23
2 2 3
46 2 25
44 1 2
13 1 5
45 1 46
65 1 27
25 1 71
26 1 3
62 1 49
63 2 44
39 1 35
30 2 39
64 6 44
24 1 7
25 1 3
35 1 36
14 1 9
79 2 46
23 2 3
36 2 43
65 1 32
27 2 28
32 1 40
3 2 15
22 2 23
2 2 1
62 1 51
10 2 23
6 2 23
9 1 16
63 1 1
35 1 21
43 6 44
3 2 108
29 2 32
11 1 20
44 1 62
13 1 15
15 1 7
22 2 10
18 1 1
25 1 24
30 2 33
45 1 86
23 2 1
35 1 64
18 1 11
17 2 14
30 1 11
43 1 11
1 2 63
35 1 68
3 2 4
34 1 27
18 1 3
64 1 7
23 2 10
34 2 43
64 6 63
3 2 16
7 1 22
1 1 3
11 1 26
3 2 25
14 1 13
1 7 3
22 2 6
41 1 32
13 1 71
1 2 22
3 1 23
9 1 15
27 1 11
63 1 2
9 1 3
13 1 1
24 2 18
15 1 13
24 1 11
31 1 7
4 1 49
11 1 23
36 1 29
1 2 62
21 1 7
45 1 25
1 1 25
32 1 21
22 2 26
35 1 40
29 1 28
68 1 82
20 2 22
63 1 11
22 2 3
36 1 32
27 1 7
2 1 3
3 1 1
3 2 62
14 2 40
2 1 1
7 1 3
29 1 27
9 1 82
1 4 3
3 4 1
16 1 7
51 2 49
79 1 1
7 1 10
44 1 1
71 2 5
27 2 33
65 2 64
13 1 16
3 2 22
44 1 71
32 1 64
41 1 38
86 2 79
32 1 17
32 1 14
5 2 3
49 1 9
16 1 9
32 1 31
? 1 github_java_program_data/1/58.java

28 1 11
63 1 5
86 1 1
35 1 63
8 2 12
82 2 2
35 1 67
30 2 35
3 2 25
44 1 35
11 1 22
24 1 1
26 2 22
67 1 27
29 1 16
31 1 11
25 1 18
20 1 1
11 1 1
22 2 1
1 2 4
44 1 5
23 2 3
35 1 14
19 1 18
5 1 82
3 1 12
71 2 3
2 2 3
3 7 1
13 1 3
2 1 71
26 1 25
1 1 19
13 1 2
19 1 24
1 2 25
7 1 3
23 2 6
8 1 7
38 2 32
64 1 11
40 1 30
5 1 3
33 1 35
3 1 22
25 1 35
14 2 68
49 1 13
35 1 43
1 2 22
1 2 19
46 2 79
21 2 31
16 2 27
23 2 20
3 2 22
35 1 41
35 1 34
43 1 7
44 2 63
63 1 32
27 2 28
67 1 32
32 1 34
3 2 23
3 2 35
31 2 36
11 1 3
34 1 39
35 1 44
13 1 15
27 2 37
44 1 82
45 1 79
7 1 1
3 5 1
7 1 26
38 1 27
3 4 1
62 2 35
9 1 5
7 1 20
31 2 21
1 2 16
5 1 1
20 1 19
1 1 22
11 1 10
9 1 1
65 1 30
7 1 6
5 2 1
21 1 11
37 1 11
32 1 43
63 1 4
3 1 19
1 1 23
13 1 82
7 1 23
14 2 17
34 1 33
26 1 1
67 2 43
17 1 13
18 1 7
35 1 17
20 1 3
33 1 32
68 1 4
26 1 19
35 1 31
12 1 7
3 2 19
63 1 82
31 2 41
4 1 49
65 1 35
68 1 71
79 2 25
68 2 44
38 1 15
11 1 6
15 1 11
24 1 3
46 1 1
12 1 11
34 1 30
1 2 15
1 2 23
11 1 20
8 1 11
13 1 5
45 1 46
25 1 71
26 1 3
62 1 49
39 1 35
82 2 3
27 2 39
1 1 12
24 1 7
25 1 3
16 1 11
3 1 8
14 1 9
79 2 46
32 1 65
16 1 13
17 2 21
44 1 62
1 1 8
14 2 34
3 2 15
22 2 23
2 2 1
68 1 32
1 2 62
1 2 8
9 1 16
63 1 1
4 2 32
35 1 21
34 2 67
43 6 44
29 2 32
1 1 25
40 2 31
17 1 9
15 1 7
3 2 12
22 2 10
18 1 1
30 2 33
1 2 12
45 1 86
39 2 42
23 2 1
35 1 64
18 1 11
17 2 14
30 1 11
43 1 11
35 1 68
3 2 4
36 2 21
2 1 3
34 1 27
3 1 23
31 2 64
23 2 10
12 2 8
7 1 22
1 1 3
11 1 26
3 1 25
14 1 13
1 7 3
22 2 6
15 1 9
42 1 35
13 1 71
18 1 3
9 1 15
27 1 11
9 1 3
13 1 1
51 1 9
22 2 20
31 1 7
40 1 33
4 1 51
36 1 29
21 1 7
45 1 25
20 1 25
32 1 21
22 2 26
35 1 40
29 1 28
31 2 17
14 2 65
22 2 3
36 1 32
27 1 7
25 1 24
3 1 1
21 2 43
68 1 3
21 2 14
2 1 1
9 1 2
29 1 27
9 1 82
24 1 11
38 1 37
1 4 3
49 2 51
82 2 5
79 1 1
44 1 1
71 2 5
34 1 42
27 2 32
41 1 32
32 1 36
3 2 8
41 1 38
86 2 79
15 2 27
32 1 17
32 1 14
5 2 3
11 1 23
32 1 31
? 1 github_java_program_data/1/582.java

0 2 71
63 1 5
104 1 73
82 2 2
49 1 13
25 1 108
23 2 20
44 1 35
11 1 22
73 2 32
26 2 22
22 2 20
29 1 16
71 2 2
32 1 113
31 1 11
25 1 18
42 1 32
20 1 1
11 1 1
20 2 22
0 1 1
1 2 4
44 1 5
0 1 3
19 1 18
23 2 22
30 1 7
108 1 78
13 1 3
2 1 71
26 1 25
1 1 19
13 1 2
19 1 24
1 2 25
7 1 3
46 2 25
52 2 35
51 2 49
82 2 71
64 1 11
40 1 30
5 1 3
71 2 3
3 1 22
25 1 32
18 2 24
85 2 31
13 1 5
1 2 22
44 1 32
46 2 79
22 2 3
71 2 82
2 2 1
40 1 39
104 1 32
35 1 34
36 1 29
4 2 32
32 1 34
3 2 23
25 2 104
33 2 47
11 1 3
34 1 39
9 1 71
23 2 26
3 2 16
3 1 25
45 1 79
2 1 3
25 1 0
21 2 31
44 1 3
63 1 62
7 1 26
62 1 49
31 2 34
22 2 1
62 2 35
9 1 5
7 1 20
109 2 82
1 2 16
23 2 1
5 1 1
20 1 19
1 1 22
11 1 10
9 1 1
51 1 13
63 1 3
17 2 14
5 2 1
20 2 23
10 2 22
21 1 11
32 1 43
1 1 23
3 1 19
40 1 27
13 1 82
7 1 23
14 2 17
27 2 39
63 2 113
34 1 33
26 1 1
108 2 32
44 1 4
3 2 4
44 1 0
18 1 7
10 2 23
20 1 3
33 1 32
26 1 19
35 1 31
3 2 19
63 1 82
35 1 36
26 2 23
2 1 82
82 2 1
62 2 82
11 1 6
63 1 82
15 1 11
40 1 52
24 1 3
46 1 1
24 1 1
34 1 30
1 2 15
1 2 23
2 2 3
35 2 70
23 2 6
86 1 3
40 2 31
45 1 46
25 1 71
26 1 3
52 2 42
9 1 63
52 1 24
63 2 44
39 1 35
82 2 3
30 2 39
32 1 63
24 1 7
25 1 3
16 1 11
5 1 71
47 1 40
31 2 40
14 1 9
1 5 3
79 2 46
23 2 3
32 1 44
37 1 1
44 1 62
17 1 13
32 1 40
52 1 18
22 2 23
40 1 47
113 1 1
62 1 51
47 2 52
24 2 18
35 1 85
35 1 21
63 1 7
3 2 108
29 2 32
11 1 20
71 2 5
85 1 3
104 1 82
0 1 19
3 2 73
15 1 7
22 2 10
63 1 109
18 1 1
30 2 33
104 1 3
45 1 86
113 1 4
35 1 64
18 1 11
34 2 31
30 1 11
43 1 11
1 2 63
44 2 63
71 2 1
3 2 15
34 1 27
18 1 3
23 2 10
13 1 16
64 6 63
7 1 22
40 1 42
1 1 3
11 1 26
3 2 25
104 1 71
22 2 6
3 2 22
13 1 71
3 1 23
9 1 15
27 1 11
78 1 3
63 1 2
9 1 3
7 1 6
82 2 35
109 1 3
4 2 35
51 1 9
31 1 7
82 1 24
13 1 1
73 1 37
14 2 44
21 1 7
45 1 25
1 1 25
20 1 25
32 1 21
22 2 26
3 5 1
35 1 40
39 1 70
44 1 71
4 1 49
45 1 104
36 1 32
27 1 7
25 1 24
3 1 1
3 2 62
49 1 9
43 6 44
2 1 1
9 1 2
9 1 82
24 1 11
1 4 3
3 4 1
82 2 5
79 1 1
7 1 10
44 1 52
63 1 35
27 2 33
62 2 52
40 1 33
46 1 3
79 1 3
1 2 19
52 1 34
86 2 79
32 1 17
32 1 14
5 2 3
11 1 23
7 1 1
16 1 9
32 1 31
? 1 github_java_program_data/1/605.java

21 1 7
1 2 12
32 1 7
11 1 20
46 2 79
11 1 22
22 2 20
29 1 16
71 2 2
31 1 11
25 1 18
42 1 32
20 1 1
11 1 1
22 2 1
23 2 3
35 1 14
19 1 18
7 1 32
3 1 12
13 1 3
7 1 6
1 1 19
13 1 2
1 2 35
19 1 24
1 2 25
7 1 3
23 2 6
18 2 24
82 2 71
27 2 35
5 1 3
71 2 3
3 1 22
25 1 35
7 1 35
1 2 22
44 1 32
21 2 31
35 1 34
11 1 32
4 2 32
3 2 23
3 2 35
11 1 3
35 1 44
23 2 26
3 2 16
44 1 82
45 1 79
7 1 1
29 2 35
44 1 3
3 5 1
7 1 26
11 1 10
3 4 1
31 2 48
9 1 5
7 1 20
32 1 43
1 2 16
5 1 1
1 1 22
21 2 36
9 1 1
32 1 11
35 1 11
5 2 1
21 1 11
31 2 21
3 1 19
1 1 23
7 1 23
34 1 33
26 1 1
44 1 4
1 5 3
27 2 28
18 1 7
20 1 3
33 1 32
14 2 34
35 1 31
3 2 19
16 2 27
32 1 31
16 1 11
65 1 35
3 2 32
11 1 6
15 1 11
24 1 3
17 1 13
24 1 1
34 1 30
1 2 15
1 2 23
2 2 3
46 2 25
44 1 2
45 1 46
65 1 27
25 1 71
26 1 3
1 1 12
24 1 7
25 1 3
20 1 19
3 1 8
14 1 9
79 2 46
32 1 65
9 1 15
11 1 26
1 1 8
26 1 25
3 2 15
1 2 8
11 1 35
1 1 25
15 1 7
3 2 12
18 1 1
25 1 24
45 1 86
11 2 7
23 2 1
18 1 11
30 1 11
43 1 11
3 2 4
18 1 3
7 1 22
1 1 3
17 2 21
2 2 1
86 1 1
12 1 7
30 2 33
3 1 23
3 2 25
35 1 7
32 1 48
3 1 25
9 1 3
7 1 10
13 1 1
36 1 29
36 1 35
28 1 11
45 1 25
14 2 21
65 2 21
32 1 21
29 1 28
31 2 17
44 1 71
22 2 3
7 2 11
27 1 7
2 1 3
3 1 1
21 2 43
2 1 1
29 1 27
24 1 11
1 4 3
33 2 42
79 1 1
31 1 7
43 6 44
34 1 42
21 2 65
13 1 16
3 2 22
32 1 36
1 2 19
86 2 79
32 1 17
32 1 14
5 2 3
11 1 23
46 1 1
16 1 9
3 2 8
? 1 github_java_program_data/1/619.java

1 5 3
24 1 1
34 1 30
1 2 15
1 2 23
2 2 3
44 1 2
1 1 25
46 2 79
45 1 46
65 1 27
11 1 22
26 1 3
11 1 1
31 2 65
22 2 20
29 1 16
22 2 1
71 2 2
24 1 7
25 1 3
31 1 11
25 1 18
20 1 1
14 1 9
44 1 35
45 1 25
79 2 46
23 2 3
16 1 13
19 1 18
3 2 23
65 1 32
3 2 19
13 1 3
2 2 1
32 1 44
26 1 25
36 1 35
13 1 2
19 1 24
1 2 25
7 1 3
16 1 11
35 1 21
46 2 25
44 1 82
11 1 20
82 2 71
5 1 3
71 2 3
3 1 22
25 1 32
15 1 7
35 1 34
1 2 22
1 2 19
45 1 86
23 2 1
18 1 11
17 2 14
30 1 11
1 2 63
23 2 20
3 2 4
18 1 1
3 1 23
35 1 65
25 1 71
3 2 25
1 1 3
11 1 26
3 1 25
11 1 3
3 2 22
13 1 63
45 1 79
30 2 33
3 4 1
18 1 3
3 2 16
9 1 15
27 1 11
2 1 3
29 2 35
9 1 3
4 1 51
44 1 3
3 5 1
7 1 26
27 2 32
4 2 35
24 1 11
35 1 14
31 1 7
4 1 49
86 2 79
13 1 1
36 1 29
1 1 19
21 1 7
5 1 1
20 1 19
1 1 22
20 1 25
32 1 21
22 2 26
9 1 1
44 1 71
63 1 11
22 2 3
5 2 1
21 1 11
25 1 24
21 2 31
14 2 36
3 1 1
9 1 5
3 1 19
1 1 23
2 1 1
7 1 23
14 2 17
34 1 33
26 1 1
1 4 3
49 2 51
16 1 7
44 1 4
79 1 1
17 1 13
18 1 7
35 1 17
20 1 3
33 1 32
26 1 19
35 1 31
14 2 21
13 1 16
86 1 1
32 1 36
32 1 31
51 1 13
32 1 17
32 1 14
5 2 3
49 1 9
3 2 32
7 1 20
24 1 3
46 1 1
? 1 github_java_program_data/1/622.java

0 2 71
63 1 5
104 1 73
82 2 2
49 1 13
25 1 108
23 2 20
44 1 35
11 1 22
73 2 32
26 2 22
22 2 20
29 1 16
71 2 2
32 1 113
31 1 11
25 1 18
42 1 32
20 1 1
11 1 1
20 2 22
0 1 1
1 2 4
44 1 5
0 1 3
19 1 18
23 2 22
30 1 7
108 1 78
13 1 3
2 1 71
26 1 25
1 1 19
13 1 2
19 1 24
1 2 25
7 1 3
46 2 25
52 2 35
51 2 49
82 2 71
64 1 11
40 1 30
5 1 3
71 2 3
3 1 22
25 1 32
18 2 24
85 2 31
13 1 5
1 2 22
44 1 32
46 2 79
22 2 3
71 2 82
2 2 1
40 1 39
104 1 32
35 1 34
36 1 29
4 2 32
32 1 34
3 2 23
25 2 104
33 2 47
11 1 3
34 1 39
9 1 71
23 2 26
3 2 16
3 1 25
45 1 79
2 1 3
25 1 0
21 2 31
44 1 3
63 1 62
7 1 26
62 1 49
31 2 34
22 2 1
62 2 35
9 1 5
7 1 20
109 2 82
1 2 16
23 2 1
5 1 1
20 1 19
1 1 22
11 1 10
9 1 1
51 1 13
63 1 3
17 2 14
5 2 1
20 2 23
10 2 22
21 1 11
32 1 43
1 1 23
3 1 19
40 1 27
13 1 82
7 1 23
14 2 17
27 2 39
63 2 113
34 1 33
26 1 1
108 2 32
44 1 4
3 2 4
44 1 0
18 1 7
10 2 23
20 1 3
33 1 32
26 1 19
35 1 31
3 2 19
63 1 82
35 1 36
26 2 23
2 1 82
82 2 1
62 2 82
11 1 6
63 1 82
15 1 11
40 1 52
24 1 3
46 1 1
24 1 1
34 1 30
1 2 15
1 2 23
2 2 3
35 2 70
23 2 6
86 1 3
40 2 31
45 1 46
25 1 71
26 1 3
52 2 42
9 1 63
52 1 24
63 2 44
39 1 35
82 2 3
30 2 39
32 1 63
24 1 7
25 1 3
16 1 11
5 1 71
47 1 40
31 2 40
14 1 9
1 5 3
79 2 46
23 2 3
32 1 44
37 1 1
44 1 62
17 1 13
32 1 40
52 1 18
22 2 23
40 1 47
113 1 1
62 1 51
47 2 52
24 2 18
35 1 85
35 1 21
63 1 7
3 2 108
29 2 32
11 1 20
71 2 5
85 1 3
104 1 82
0 1 19
3 2 73
15 1 7
22 2 10
63 1 109
18 1 1
30 2 33
104 1 3
45 1 86
113 1 4
35 1 64
18 1 11
34 2 31
30 1 11
43 1 11
1 2 63
44 2 63
71 2 1
3 2 15
34 1 27
18 1 3
23 2 10
13 1 16
64 6 63
7 1 22
40 1 42
1 1 3
11 1 26
3 2 25
104 1 71
22 2 6
3 2 22
13 1 71
3 1 23
9 1 15
27 1 11
78 1 3
63 1 2
9 1 3
7 1 6
82 2 35
109 1 3
4 2 35
51 1 9
31 1 7
82 1 24
13 1 1
73 1 37
14 2 44
21 1 7
45 1 25
1 1 25
20 1 25
32 1 21
22 2 26
3 5 1
35 1 40
39 1 70
44 1 71
4 1 49
45 1 104
36 1 32
27 1 7
25 1 24
3 1 1
3 2 62
49 1 9
43 6 44
2 1 1
9 1 2
9 1 82
24 1 11
1 4 3
3 4 1
82 2 5
79 1 1
7 1 10
44 1 52
63 1 35
27 2 33
62 2 52
40 1 33
46 1 3
79 1 3
1 2 19
52 1 34
86 2 79
32 1 17
32 1 14
5 2 3
11 1 23
7 1 1
16 1 9
32 1 31
? 1 github_java_program_data/1/64.java

82 2 2
11 1 20
25 1 108
44 1 35
11 1 22
31 2 65
22 2 20
65 2 21
31 1 11
25 1 18
20 1 1
65 1 27
20 2 22
22 2 1
0 1 3
5 1 3
19 1 18
13 1 3
0 2 82
9 1 1
26 1 25
1 1 19
13 1 2
19 1 24
1 2 25
7 1 3
23 2 22
35 1 14
71 2 3
3 1 22
25 1 32
18 2 24
7 1 1
1 2 22
46 2 79
21 2 31
35 1 43
40 1 39
35 1 34
35 1 65
32 1 34
3 2 23
11 1 3
13 1 63
3 2 16
44 1 82
45 1 79
7 1 1
29 2 35
44 1 3
3 5 1
7 1 26
3 4 1
62 2 35
9 1 5
7 1 20
1 2 16
5 1 1
20 1 19
1 1 22
11 1 10
108 1 7
32 1 46
21 1 11
17 2 31
40 1 27
3 1 19
1 1 23
14 2 17
40 2 17
26 1 1
108 2 32
34 2 40
1 5 3
44 1 0
18 1 7
10 2 23
24 2 18
33 1 32
14 2 34
26 1 19
35 1 31
3 2 19
4 1 49
79 2 25
11 1 6
24 1 3
34 1 33
24 1 1
34 1 30
1 2 23
79 1 3
2 2 3
44 1 2
3 1 4
45 1 46
11 1 1
25 1 71
26 1 3
39 1 35
27 2 39
7 1 22
24 1 7
25 1 3
16 1 11
79 2 46
23 2 3
32 1 44
11 1 26
65 1 32
44 1 62
32 1 40
3 2 15
62 1 51
35 1 17
9 1 16
20 1 3
1 7 3
35 1 21
3 2 108
1 1 25
17 1 9
13 1 15
15 1 7
18 1 1
25 1 24
45 1 86
23 2 1
18 1 11
30 1 11
43 1 11
1 2 63
3 2 4
3 1 23
21 2 48
1 1 3
17 2 21
2 2 1
14 1 13
29 1 15
22 2 6
86 1 1
30 2 33
18 1 3
3 2 25
27 1 11
32 1 48
3 1 25
9 1 3
31 1 7
27 2 32
13 1 1
5 2 1
36 1 35
21 1 7
45 1 25
20 1 25
32 1 21
22 2 26
63 1 11
22 2 3
17 2 36
27 1 7
2 1 3
3 1 1
21 2 43
3 2 62
21 2 14
2 1 1
26 2 22
24 1 11
1 4 3
16 1 7
49 1 1
79 1 1
34 2 21
43 6 44
3 2 22
32 1 36
1 2 19
15 1 13
86 2 79
32 1 17
32 1 14
5 2 3
11 1 23
46 1 1
51 1 9
36 1 29
? 1 github_java_program_data/1/84.java

0 2 71
63 1 5
104 1 73
82 2 2
49 1 13
25 1 108
23 2 20
44 1 35
11 1 22
73 2 32
26 2 22
22 2 20
29 1 16
71 2 2
32 1 113
31 1 11
25 1 18
42 1 32
20 1 1
11 1 1
20 2 22
0 1 1
1 2 4
44 1 5
0 1 3
19 1 18
23 2 22
30 1 7
108 1 78
13 1 3
2 1 71
26 1 25
1 1 19
13 1 2
19 1 24
1 2 25
7 1 3
46 2 25
52 2 35
51 2 49
82 2 71
64 1 11
40 1 30
5 1 3
71 2 3
3 1 22
25 1 32
18 2 24
85 2 31
13 1 5
1 2 22
44 1 32
46 2 79
22 2 3
71 2 82
2 2 1
40 1 39
104 1 32
35 1 34
36 1 29
4 2 32
32 1 34
3 2 23
25 2 104
33 2 47
11 1 3
34 1 39
9 1 71
23 2 26
3 2 16
3 1 25
45 1 79
2 1 3
25 1 0
21 2 31
44 1 3
63 1 62
7 1 26
62 1 49
31 2 34
22 2 1
62 2 35
9 1 5
7 1 20
109 2 82
1 2 16
23 2 1
5 1 1
20 1 19
1 1 22
11 1 10
9 1 1
51 1 13
63 1 3
17 2 14
5 2 1
20 2 23
10 2 22
21 1 11
32 1 43
1 1 23
3 1 19
40 1 27
13 1 82
7 1 23
14 2 17
27 2 39
63 2 113
34 1 33
26 1 1
108 2 32
44 1 4
3 2 4
44 1 0
18 1 7
10 2 23
20 1 3
33 1 32
26 1 19
35 1 31
3 2 19
63 1 82
35 1 36
26 2 23
2 1 82
82 2 1
62 2 82
11 1 6
63 1 82
15 1 11
40 1 52
24 1 3
46 1 1
24 1 1
34 1 30
1 2 15
1 2 23
2 2 3
35 2 70
23 2 6
86 1 3
40 2 31
45 1 46
25 1 71
26 1 3
52 2 42
9 1 63
52 1 24
63 2 44
39 1 35
82 2 3
30 2 39
32 1 63
24 1 7
25 1 3
16 1 11
5 1 71
47 1 40
31 2 40
14 1 9
1 5 3
79 2 46
23 2 3
32 1 44
37 1 1
44 1 62
17 1 13
32 1 40
52 1 18
22 2 23
40 1 47
113 1 1
62 1 51
47 2 52
24 2 18
35 1 85
35 1 21
63 1 7
3 2 108
29 2 32
11 1 20
71 2 5
85 1 3
104 1 82
0 1 19
3 2 73
15 1 7
22 2 10
63 1 109
18 1 1
30 2 33
104 1 3
45 1 86
113 1 4
35 1 64
18 1 11
34 2 31
30 1 11
43 1 11
1 2 63
44 2 63
71 2 1
3 2 15
34 1 27
18 1 3
23 2 10
13 1 16
64 6 63
7 1 22
40 1 42
1 1 3
11 1 26
3 2 25
104 1 71
22 2 6
3 2 22
13 1 71
3 1 23
9 1 15
27 1 11
78 1 3
63 1 2
9 1 3
7 1 6
82 2 35
109 1 3
4 2 35
51 1 9
31 1 7
82 1 24
13 1 1
73 1 37
14 2 44
21 1 7
45 1 25
1 1 25
20 1 25
32 1 21
22 2 26
3 5 1
35 1 40
39 1 70
44 1 71
4 1 49
45 1 104
36 1 32
27 1 7
25 1 24
3 1 1
3 2 62
49 1 9
43 6 44
2 1 1
9 1 2
9 1 82
24 1 11
1 4 3
3 4 1
82 2 5
79 1 1
7 1 10
44 1 52
63 1 35
27 2 33
62 2 52
40 1 33
46 1 3
79 1 3
1 2 19
52 1 34
86 2 79
32 1 17
32 1 14
5 2 3
11 1 23
7 1 1
16 1 9
32 1 31
? 1 github_java_program_data/1/94.java

1 5 3
67 1 35
14 2 41
3 2 18
38 2 32
82 2 2
46 2 79
23 2 20
11 1 22
26 2 22
31 2 65
67 1 27
29 1 16
71 2 2
65 2 21
51 1 13
25 1 18
20 1 1
11 1 1
20 2 22
22 2 1
1 2 4
23 2 3
35 1 14
19 1 18
76 1 30
30 1 7
13 1 3
17 2 34
7 1 6
13 1 2
19 1 24
38 1 16
7 1 3
23 2 6
15 1 7
40 1 30
27 2 35
5 1 3
33 1 35
3 1 22
25 1 32
1 2 22
44 1 32
21 2 31
40 1 39
35 1 41
35 1 34
33 2 61
4 2 32
32 1 34
3 2 23
26 1 3
11 1 3
41 1 35
23 2 26
42 1 11
44 1 82
45 1 79
7 1 1
63 1 62
7 1 26
27 1 11
31 2 34
62 2 35
9 1 5
7 1 20
17 2 31
1 2 16
5 1 1
1 1 22
11 1 10
9 1 1
63 1 3
10 2 22
21 1 11
31 2 21
32 1 67
3 1 19
1 1 23
80 1 39
36 2 14
7 1 23
1 2 63
27 2 39
34 1 33
26 1 1
80 1 42
71 2 1
13 1 18
17 1 13
18 1 7
35 1 17
20 1 3
33 1 32
26 1 19
35 1 31
3 2 19
32 1 31
35 1 36
65 1 35
79 2 25
38 1 15
11 1 6
44 1 4
14 2 17
1 2 32
34 1 30
1 2 15
1 2 23
79 1 3
2 2 3
44 1 2
13 1 5
45 1 46
65 1 27
25 1 71
39 1 32
30 2 39
7 1 80
24 1 7
16 1 11
14 1 9
38 2 35
79 2 46
32 1 65
9 1 15
16 1 13
32 1 44
17 2 21
67 2 40
32 1 40
76 1 33
22 2 23
17 2 67
62 1 51
31 1 11
18 1 11
6 2 23
32 1 41
9 1 16
1 7 3
35 1 21
29 2 32
11 1 20
7 1 76
17 1 9
13 1 15
39 1 7
61 1 11
22 2 10
18 1 1
41 1 32
39 2 42
23 2 1
18 1 11
33 1 7
44 2 63
13 1 63
3 2 15
2 1 3
34 1 27
63 1 7
7 1 22
40 1 42
1 1 3
11 1 26
2 2 1
29 1 15
22 2 6
46 1 3
76 1 61
42 1 35
30 2 33
3 1 23
14 2 36
3 2 25
63 1 71
63 1 2
9 1 3
13 1 1
41 1 38
24 1 11
7 1 10
4 1 49
11 1 23
36 1 29
21 1 7
45 1 25
20 1 25
32 1 21
3 5 1
63 1 11
22 2 3
36 1 32
27 1 7
25 1 24
80 1 27
3 1 1
1 2 25
3 2 62
3 2 63
2 1 1
9 1 2
1 4 3
3 4 1
16 1 7
3 7 1
1 2 18
31 1 7
10 2 23
44 1 1
63 1 35
27 2 33
13 1 16
3 2 22
32 1 36
1 2 19
15 1 13
36 2 21
32 1 17
32 1 14
5 2 3
49 1 9
32 1 63
25 1 1
5 2 1
? 1 github_java_program_data/1/96.java

