7 1 20
4 1 49
24 1 11
33 1 32
22 2 26
20 1 19
30 2 37
2 2 3
9 1 3
9 1 2
1 2 15
38 1 15
14 2 44
15 1 7
1 7 3
15 2 30
44 1 1
44 1 71
27 1 7
18 1 7
34 1 33
31 1 7
63 1 1
71 2 82
44 1 82
5 1 3
26 1 1
11 1 6
1 2 16
5 2 1
23 2 1
23 2 6
13 1 16
49 1 13
71 2 3
37 1 7
13 1 1
38 1 30
44 2 63
17 1 13
62 1 49
9 1 5
13 1 5
35 1 31
14 1 9
21 1 7
1 1 23
11 1 23
3 2 22
3 1 12
7 1 22
45 1 25
32 1 63
16 1 11
44 1 4
1 2 19
11 1 22
36 1 38
8 1 11
29 1 27
2 1 3
20 1 1
31 1 11
62 2 32
23 2 3
28 1 11
22 2 6
17 2 41
3 1 23
49 1 9
8 1 7
1 4 3
25 1 3
3 1 8
34 1 27
9 1 82
13 1 15
14 2 31
7 1 3
35 1 34
62 1 51
3 2 23
27 1 11
4 2 35
13 1 2
11 1 20
63 1 5
3 1 1
32 1 36
3 2 8
5 1 1
21 2 31
7 1 23
22 2 1
1 1 3
27 2 28
3 4 1
9 1 16
35 1 21
15 1 9
51 1 13
29 2 32
30 1 11
15 2 27
1 2 4
63 1 62
23 2 22
7 1 10
22 2 3
15 1 13
1 1 12
32 1 44
49 2 51
86 1 1
1 5 3
35 1 17
82 2 5
1 2 12
17 2 21
26 1 25
44 1 35
9 1 1
44 1 5
12 1 7
3 5 1
22 2 10
7 1 1
41 1 29
13 1 3
11 1 1
7 1 6
38 1 37
45 1 86
3 2 32
29 1 28
25 1 71
12 1 11
25 1 32
63 2 44
3 7 1
27 2 33
17 1 9
1 2 22
1 2 25
7 1 26
1 2 8
18 2 24
16 1 7
11 1 3
3 2 16
29 1 15
2 2 1
63 1 32
32 1 21
31 2 21
36 1 35
1 2 23
41 1 32
1 1 22
32 1 14
35 1 41
32 1 31
19 1 18
1 2 62
19 1 24
23 2 10
82 2 2
86 2 25
38 2 35
11 1 10
5 2 3
21 1 11
? 1 github_java_program_data/25/198.java

86 2 79
34 1 30
7 1 20
41 2 36
24 1 11
21 2 36
20 1 3
20 1 19
30 2 37
3 5 1
2 2 3
16 1 11
9 1 3
65 1 35
29 2 35
38 1 15
18 1 11
44 1 4
71 2 2
82 2 71
23 2 1
15 1 7
32 1 48
29 2 32
31 2 65
44 1 71
27 1 7
18 1 7
34 1 33
31 1 7
22 2 10
71 2 3
44 1 82
5 1 3
11 1 6
32 1 41
1 2 16
45 1 79
5 2 1
25 1 24
23 2 6
25 1 18
13 1 16
37 1 7
13 1 1
65 1 27
38 1 30
17 1 13
14 2 21
3 2 25
9 1 5
35 1 31
16 2 27
14 1 9
21 1 7
3 2 12
34 2 31
1 1 23
11 1 23
3 2 22
36 1 29
25 1 35
21 2 41
3 1 12
29 1 27
33 2 42
3 2 35
45 1 25
23 2 20
3 2 4
1 2 19
11 1 22
86 1 1
8 1 11
38 2 32
32 1 17
2 1 3
79 1 1
20 1 1
31 1 11
23 2 3
28 1 11
49 1 9
14 2 17
29 1 16
79 2 25
1 4 3
3 1 8
27 2 35
44 1 32
3 1 23
7 1 3
35 1 34
3 2 23
27 1 11
13 1 2
32 1 21
25 1 3
17 2 14
3 4 1
3 1 1
32 1 36
3 2 8
5 1 1
41 1 38
7 1 23
22 2 1
1 1 3
27 2 28
11 1 26
32 1 65
3 2 19
35 1 44
35 1 21
44 1 2
41 1 32
15 2 30
30 1 11
2 1 1
4 1 49
7 1 10
22 2 3
1 1 12
33 1 35
26 1 3
1 5 3
14 1 13
1 2 12
11 1 20
1 1 8
9 1 1
9 1 15
36 1 32
3 1 22
12 1 7
8 1 7
1 7 3
7 1 1
9 2 13
11 1 1
7 1 6
38 1 37
45 1 86
34 1 42
24 1 7
29 1 28
25 1 71
12 1 11
3 7 1
3 2 15
1 2 22
21 2 31
7 1 26
1 2 8
7 1 22
11 1 3
2 2 1
5 2 3
44 1 3
31 2 21
36 2 21
36 1 35
1 2 23
13 2 9
28 1 7
1 1 22
4 2 32
32 1 14
32 1 31
30 2 33
19 1 18
19 1 24
23 2 10
26 1 25
16 1 7
11 1 10
42 1 32
21 1 11
? 1 github_java_program_data/25/233.java

35 1 65
63 1 2
7 1 20
29 1 28
33 1 32
35 1 14
43 1 11
20 1 19
44 2 63
2 2 3
9 1 3
1 2 35
9 1 2
1 2 15
29 2 35
29 1 30
20 2 23
71 2 2
1 7 3
15 2 30
63 2 44
44 1 71
27 1 7
71 2 1
34 1 33
31 1 7
63 1 1
27 2 64
3 7 1
44 1 62
5 1 3
26 1 1
11 1 6
25 1 1
86 2 25
20 1 3
1 2 16
5 2 1
23 2 1
14 2 21
86 1 3
68 1 35
13 1 1
65 1 27
17 1 13
6 2 23
1 1 3
9 1 5
13 1 5
35 1 31
14 1 9
21 1 7
3 2 12
14 1 13
10 2 22
11 1 23
3 2 22
11 1 35
36 1 29
15 2 43
65 1 32
25 1 35
1 2 12
3 1 12
33 2 42
3 2 35
45 1 25
23 2 20
1 2 19
11 1 22
8 1 11
32 1 17
2 1 3
44 1 32
20 1 1
31 1 11
62 2 32
23 2 3
35 1 68
43 6 63
49 1 9
8 1 7
63 1 35
1 4 3
1 1 12
3 1 8
34 1 27
9 1 82
13 1 15
32 1 27
7 1 3
35 1 34
3 2 23
68 2 44
27 1 11
15 1 7
4 2 35
13 1 2
22 2 10
32 1 21
3 1 23
3 1 1
32 1 36
3 2 8
5 1 1
21 2 31
7 1 23
11 1 26
3 4 1
3 2 19
9 1 16
35 1 44
35 1 21
35 1 15
15 1 9
35 1 7
14 2 17
9 2 13
30 1 11
1 2 4
2 1 1
4 1 49
23 2 22
7 1 10
22 2 3
11 1 20
71 2 5
17 2 68
15 1 11
68 1 82
68 1 1
1 5 3
35 1 17
22 2 6
82 2 1
13 1 71
26 1 25
1 1 8
9 1 1
44 1 2
68 1 4
44 1 5
3 1 22
12 1 7
3 5 1
30 2 28
32 1 64
63 1 82
7 1 1
65 2 31
13 1 3
11 1 1
7 1 6
45 1 86
34 1 42
35 1 43
25 1 71
12 1 11
64 6 44
44 1 1
64 1 11
27 2 33
17 1 9
27 1 7
1 2 22
1 2 25
1 2 8
16 1 7
11 1 3
17 2 36
29 1 15
2 2 1
5 2 3
44 1 3
63 1 4
31 2 21
36 1 35
35 1 63
1 2 23
21 2 65
28 1 7
1 1 22
32 1 14
32 1 31
27 2 32
1 2 62
23 2 10
82 2 2
7 1 22
3 2 62
11 1 10
42 1 32
21 1 11
? 1 github_java_program_data/25/294.java

35 1 65
7 1 20
4 1 49
24 1 11
65 1 30
35 1 14
20 1 3
22 2 26
20 1 19
44 2 63
30 1 7
2 2 3
43 1 7
9 1 3
9 1 2
1 2 15
29 2 35
38 1 15
18 1 11
3 2 4
71 2 2
82 2 71
23 2 1
15 1 7
1 7 3
14 2 17
31 2 14
44 1 71
18 1 7
44 1 3
31 1 7
22 2 10
3 7 1
41 2 43
44 1 82
5 1 3
26 1 1
25 1 1
32 1 41
38 1 27
1 2 16
45 1 79
5 2 1
25 1 24
27 2 37
23 2 6
25 1 18
49 1 13
32 1 21
37 1 7
13 1 1
17 2 31
17 1 13
1 1 3
9 1 5
13 1 5
35 1 31
16 2 27
14 1 9
21 1 7
3 2 12
14 1 13
1 1 23
11 1 23
3 2 22
63 1 82
36 1 29
65 1 32
3 1 12
15 1 11
32 1 43
46 1 3
45 1 25
32 1 63
23 2 20
44 1 4
1 2 19
11 1 22
63 2 44
8 1 11
32 1 17
2 1 3
20 1 1
16 1 13
62 2 32
23 2 3
35 1 64
36 2 31
17 2 41
49 1 9
29 1 16
5 2 3
32 1 44
3 2 23
3 1 8
79 2 46
44 1 32
13 1 15
3 1 23
7 1 3
41 1 35
62 1 51
3 1 1
31 1 11
27 1 11
4 2 35
13 1 2
29 1 27
11 1 20
63 1 5
17 2 14
79 1 3
32 1 36
3 2 8
5 1 1
14 2 36
7 1 23
22 2 1
3 2 25
27 2 28
11 1 26
3 4 1
41 1 38
21 2 65
35 1 21
15 1 9
15 2 27
1 2 4
2 1 1
63 1 62
7 1 10
22 2 3
71 2 5
1 1 12
45 1 46
46 2 25
26 2 22
26 1 3
1 5 3
35 1 17
22 2 6
3 5 1
1 2 12
26 1 25
71 2 1
44 1 35
1 1 8
9 1 1
44 1 2
44 1 5
3 1 22
12 1 7
8 1 7
10 2 23
64 6 44
7 1 1
3 2 19
13 1 3
11 1 1
63 1 32
38 1 37
9 1 16
24 1 7
29 1 28
25 1 71
12 1 11
25 1 32
1 4 3
44 1 1
64 1 11
3 2 15
1 2 22
21 2 31
1 2 25
7 1 26
1 2 8
16 1 7
11 1 3
51 1 9
3 2 16
43 6 63
2 2 1
7 1 6
63 1 71
31 2 21
36 1 35
63 1 3
1 2 23
13 2 9
28 1 7
1 1 22
4 2 32
32 1 14
14 2 64
32 1 31
1 2 32
19 1 24
30 2 32
7 1 22
3 2 62
38 2 35
19 1 18
21 1 11
? 1 github_java_program_data/25/344.java

34 1 30
7 1 20
4 1 49
24 1 11
21 2 36
33 1 32
35 1 14
20 1 3
20 1 19
30 2 37
30 1 7
2 2 3
9 1 3
9 1 2
29 2 35
38 1 15
18 1 11
44 1 4
62 2 35
71 2 2
82 2 71
23 2 1
15 1 7
1 7 3
29 2 32
63 2 44
7 2 11
44 1 71
63 1 35
18 1 7
44 1 3
31 1 7
71 2 3
44 1 82
5 1 3
26 1 1
11 1 6
86 2 25
32 1 41
51 2 49
1 2 16
5 2 1
25 1 24
1 2 22
25 1 18
13 1 16
49 1 13
13 1 1
38 1 30
44 2 63
14 2 21
3 2 25
9 1 5
13 1 5
35 1 31
16 2 27
21 1 7
3 2 12
14 1 13
1 1 23
11 1 23
3 2 22
63 1 82
36 1 29
3 1 12
29 1 27
45 1 25
32 1 63
16 1 11
3 2 4
25 1 32
11 1 22
36 1 38
86 1 1
8 1 11
38 2 32
32 1 17
2 1 3
20 1 1
16 1 13
3 1 23
25 1 3
36 2 31
17 2 41
49 1 9
8 1 7
1 4 3
1 1 12
32 1 44
3 1 8
4 1 51
13 1 15
7 1 3
35 1 34
41 1 35
62 1 51
3 2 23
31 1 11
27 1 11
4 2 35
13 1 2
32 1 21
63 1 5
3 1 1
3 2 8
5 1 1
21 2 31
7 1 23
22 2 1
62 1 49
27 2 28
11 1 26
3 4 1
23 2 3
3 2 19
9 1 16
35 1 21
15 1 9
51 1 13
15 2 30
15 2 27
1 2 4
2 1 1
63 1 62
37 1 11
7 1 10
35 1 36
22 2 3
32 1 11
71 2 5
15 1 13
15 1 11
26 1 3
11 2 7
1 5 3
22 2 6
3 5 1
1 2 12
11 1 32
11 1 20
44 1 35
1 1 8
9 1 1
44 1 2
44 1 5
36 1 32
3 1 22
12 1 7
29 1 16
1 1 3
7 1 1
41 1 29
13 1 3
11 1 1
7 1 6
38 1 37
45 1 86
3 2 32
24 1 7
29 1 28
25 1 71
12 1 11
44 1 1
3 7 1
32 1 7
3 2 15
17 1 9
1 2 19
1 2 25
7 1 26
1 2 8
18 2 24
7 1 22
11 1 3
51 1 9
3 2 16
29 1 15
2 2 1
5 2 3
63 1 71
31 2 21
63 1 3
1 2 23
34 1 33
28 1 7
1 1 22
32 1 31
30 2 33
11 1 10
19 1 24
23 2 10
26 1 25
16 1 7
21 1 11
19 1 18
3 2 62
? 1 github_java_program_data/25/403.java

9 1 71
86 2 79
7 1 20
41 2 36
35 1 14
20 1 3
22 2 26
20 1 19
30 2 37
30 1 7
2 2 3
9 1 3
65 1 35
9 1 2
1 2 15
29 2 35
29 1 30
18 1 11
14 2 44
71 2 2
82 2 71
17 2 31
15 1 7
1 7 3
29 2 32
44 1 71
31 1 7
22 2 10
71 2 3
44 1 82
5 1 3
26 1 1
11 1 6
32 1 41
1 2 16
45 1 79
5 2 1
23 2 1
23 2 6
13 1 16
49 1 13
32 1 21
13 1 1
65 1 27
38 1 30
17 1 13
6 2 23
1 1 3
9 1 5
35 1 31
14 1 9
21 1 7
3 2 12
14 1 13
1 1 23
11 1 23
3 2 22
36 1 29
25 1 35
14 2 65
3 1 12
29 1 27
3 2 35
45 1 25
16 1 11
44 1 4
1 2 19
11 1 22
8 1 11
38 2 32
32 1 17
2 1 3
79 1 1
20 1 1
16 1 13
23 2 3
16 1 9
38 1 16
29 1 16
79 2 25
1 4 3
1 1 12
3 1 8
27 2 35
9 1 82
13 1 15
7 1 3
3 2 23
31 1 11
27 1 11
13 1 2
11 1 20
25 1 3
3 4 1
3 1 1
32 1 36
3 2 8
5 1 1
41 1 38
7 1 23
22 2 1
27 2 28
32 1 65
3 2 19
9 1 16
35 1 44
35 1 21
15 1 9
41 1 32
30 1 11
15 2 27
1 2 4
2 1 1
4 1 49
37 1 11
7 1 10
22 2 3
71 2 5
15 1 11
86 1 1
1 5 3
35 1 17
22 2 6
3 5 1
44 1 32
17 2 21
26 1 25
1 1 8
9 1 1
9 1 15
44 1 5
36 1 32
3 1 22
12 1 7
8 1 7
30 2 28
7 1 1
13 1 3
11 1 1
7 1 6
38 1 37
45 1 86
24 1 7
29 1 28
25 1 71
12 1 11
44 1 1
3 7 1
3 2 15
17 1 9
1 2 22
22 2 20
1 2 25
7 1 26
1 2 8
7 1 22
11 1 3
3 2 16
29 1 15
2 2 1
5 2 3
36 2 41
31 2 21
36 1 35
1 2 23
28 1 7
1 1 22
4 2 32
32 1 14
21 2 31
11 1 10
16 2 30
19 1 24
23 2 10
16 1 7
19 1 18
21 1 11
? 1 github_java_program_data/25/422.java

86 2 79
41 2 21
34 1 30
7 1 20
29 1 28
4 1 49
24 1 11
33 1 32
35 1 14
20 1 3
20 1 19
30 2 37
30 1 7
2 2 3
43 1 7
9 1 3
9 1 2
1 2 15
29 2 35
23 2 22
18 1 11
3 2 4
62 2 35
71 2 2
82 2 71
25 1 24
15 1 7
1 7 3
14 2 17
46 1 1
44 1 71
27 1 7
18 1 7
44 1 3
31 1 7
22 2 10
71 2 3
44 1 82
5 1 3
26 1 1
11 1 6
32 1 41
45 1 79
5 2 1
23 2 1
14 2 41
23 2 6
25 1 18
37 1 7
13 1 1
38 1 30
44 2 63
1 1 3
9 1 5
13 1 5
35 1 31
16 2 27
14 1 9
21 1 7
3 2 12
14 1 13
1 1 23
11 1 23
3 2 22
63 1 82
36 1 29
22 2 23
17 2 36
3 1 12
45 1 25
32 1 63
23 2 20
44 1 4
1 2 19
11 1 22
36 1 38
8 1 11
38 2 32
29 1 27
2 1 3
79 1 1
20 1 1
16 1 13
23 2 3
28 1 11
16 1 9
38 1 16
49 1 9
36 2 43
8 1 7
63 1 35
1 4 3
1 1 12
32 1 44
3 1 8
79 2 46
13 1 15
3 1 23
7 1 3
35 1 34
41 1 35
62 1 51
3 2 23
31 1 11
27 1 11
4 2 35
13 1 2
32 1 21
63 1 5
3 1 1
3 2 8
5 1 1
41 1 38
7 1 23
22 2 1
27 2 28
11 1 26
3 4 1
21 2 31
9 1 16
35 1 21
63 1 71
44 1 2
29 2 32
30 1 11
25 1 3
2 1 1
63 1 62
37 1 11
7 1 10
35 1 36
22 2 3
71 2 5
15 1 11
45 1 46
46 2 25
86 1 1
1 5 3
35 1 17
22 2 6
3 5 1
1 2 12
11 1 20
44 1 35
1 1 8
9 1 1
9 1 15
36 1 32
12 1 7
29 1 16
63 1 1
7 1 1
41 1 29
13 1 3
11 1 1
7 1 6
38 1 37
45 1 86
3 2 32
31 2 36
35 1 43
25 1 71
12 1 11
25 1 32
3 2 19
3 7 1
3 2 15
17 1 9
1 2 22
1 2 25
7 1 26
1 2 8
7 1 22
11 1 3
51 1 9
3 2 16
43 6 63
2 2 1
5 2 3
36 2 41
31 2 21
1 2 23
34 1 33
28 1 7
1 1 22
32 1 14
35 1 41
32 1 31
30 2 33
11 1 10
16 2 30
1 2 62
19 1 24
23 2 10
26 1 25
16 1 7
38 2 35
19 1 18
21 1 11
? 1 github_java_program_data/25/428.java

35 1 65
63 1 2
82 2 1
7 1 20
35 1 43
4 1 49
24 1 11
65 1 30
35 1 14
22 2 26
20 1 19
30 2 37
30 1 7
2 2 3
35 1 63
2 1 1
9 1 3
26 2 23
9 1 2
1 2 15
67 1 30
18 1 11
82 2 5
3 2 4
17 2 14
7 1 10
15 1 7
1 7 3
14 2 17
44 1 1
44 1 71
27 1 7
18 1 7
34 1 33
31 1 7
22 2 10
3 2 25
6 2 22
71 2 82
3 7 1
68 1 32
44 1 62
44 1 82
5 1 3
76 1 42
11 1 6
11 1 76
86 2 25
20 1 3
51 2 49
82 2 62
5 2 1
25 1 24
62 2 32
27 2 33
23 2 6
25 1 18
24 2 18
49 1 13
71 2 3
37 1 7
49 1 37
13 1 1
17 2 31
38 1 30
44 2 63
35 1 44
22 2 76
6 2 23
1 1 3
9 1 5
13 1 5
35 1 31
16 2 27
80 1 27
21 1 7
3 2 108
14 1 13
1 1 23
11 1 23
3 2 22
63 1 82
36 1 29
30 2 39
1 2 25
25 1 35
32 1 67
3 1 12
29 1 27
108 1 1
3 2 35
45 1 25
16 1 11
39 1 7
44 1 4
14 2 67
1 2 19
11 1 22
76 1 30
36 1 38
26 1 3
3 2 37
40 1 30
8 1 11
32 1 17
18 1 108
3 2 78
80 1 30
35 1 64
1 2 8
33 2 61
40 1 27
20 1 1
16 1 13
7 1 76
11 1 20
28 1 11
16 1 9
2 1 3
22 2 6
38 1 16
49 1 9
76 1 39
8 1 7
22 2 80
21 2 31
5 2 3
4 2 32
3 1 8
40 2 17
29 2 35
4 1 51
34 1 27
49 1 78
13 1 15
1 1 8
27 2 39
7 1 3
1 2 12
3 1 19
62 1 51
3 2 23
61 1 11
68 2 44
39 2 42
27 1 11
10 2 22
13 1 2
31 2 21
65 2 31
26 1 25
23 2 3
25 1 3
3 2 15
3 4 1
3 1 1
32 1 36
3 2 8
5 1 1
35 1 68
61 1 7
7 1 23
22 2 1
63 1 3
62 1 49
27 2 28
11 1 26
1 2 16
42 1 7
3 2 19
9 1 16
32 1 40
35 1 21
80 1 61
63 1 71
44 1 2
51 1 13
29 2 32
30 1 11
1 2 4
35 1 48
63 1 62
40 1 39
80 1 33
22 2 3
20 1 25
62 2 2
18 1 73
3 2 73
1 1 12
68 1 82
33 1 35
49 2 51
86 1 1
1 5 3
3 2 12
35 1 17
32 1 34
17 2 65
3 5 1
44 1 32
63 2 44
18 1 3
32 1 21
39 1 11
49 1 3
9 1 1
9 1 15
39 1 35
68 1 4
44 1 5
12 1 7
29 1 16
10 2 23
34 2 36
23 2 1
7 1 1
42 1 11
13 1 3
11 1 1
63 1 32
37 1 3
45 1 86
24 1 7
29 1 28
25 1 71
12 1 11
11 1 80
23 2 10
67 1 32
1 4 3
23 2 26
76 1 27
41 1 29
17 1 9
23 2 20
1 2 22
22 2 20
65 1 32
7 1 26
68 1 1
18 2 24
7 1 22
11 1 3
51 1 9
3 2 16
2 2 1
7 1 6
44 1 3
63 1 4
33 1 7
38 1 37
73 1 1
31 1 11
36 1 35
78 1 3
1 2 23
41 1 32
28 1 7
1 1 22
15 1 11
38 2 35
32 1 14
35 1 41
32 1 31
30 2 33
19 1 18
16 2 30
1 2 62
19 1 24
26 1 1
30 2 32
16 1 7
33 1 11
7 1 80
40 2 36
67 2 40
11 1 10
21 1 11
? 1 github_java_program_data/25/431.java

34 1 27
35 1 65
13 1 15
7 1 20
7 1 3
65 1 30
79 1 3
35 1 14
27 2 28
20 1 19
3 5 1
27 1 11
2 2 3
13 1 2
9 1 3
1 2 35
1 2 16
1 2 15
26 1 25
23 2 3
18 1 11
17 2 14
3 4 1
3 1 1
32 1 36
3 2 8
5 1 1
82 2 71
25 1 24
21 2 31
7 1 23
22 2 1
7 2 11
1 1 8
27 1 7
11 1 26
71 2 1
34 1 33
14 2 36
9 1 16
35 1 44
9 1 5
3 7 1
15 1 9
44 1 82
5 1 3
11 1 6
25 1 1
15 2 27
1 2 4
2 1 1
4 1 49
45 1 79
5 2 1
7 1 10
36 2 31
23 2 1
22 2 3
23 2 6
3 2 25
1 1 12
44 1 71
13 1 16
33 1 35
26 1 3
11 2 7
1 5 3
3 2 12
35 1 17
32 1 34
14 1 13
44 1 32
1 7 3
11 1 32
17 1 13
32 1 21
71 2 2
14 2 65
1 1 3
9 1 1
9 1 15
35 1 31
14 1 9
21 1 7
3 1 22
12 1 7
15 1 11
1 1 23
11 1 23
3 2 22
79 2 25
36 1 29
7 1 1
22 2 23
13 1 3
11 1 1
1 2 12
7 1 6
1 4 3
30 1 7
45 1 25
24 1 7
29 1 28
25 1 71
12 1 11
44 1 4
23 2 10
44 1 1
1 2 19
11 1 22
35 1 21
32 1 7
27 2 33
34 2 21
25 1 35
1 2 22
8 1 11
65 1 32
29 1 27
1 2 8
7 1 22
11 1 3
2 1 3
29 1 15
2 2 1
5 2 3
20 1 1
31 1 11
3 1 23
36 1 35
29 2 35
1 2 23
3 2 16
13 1 1
28 1 7
32 1 11
4 2 32
49 1 9
32 1 14
32 1 31
8 1 7
11 1 10
44 1 2
30 2 32
16 1 7
3 2 23
3 1 8
19 1 18
21 1 11
? 1 github_java_program_data/25/446.java

35 1 65
24 1 7
41 2 21
7 1 20
41 2 36
65 1 30
35 1 14
20 1 19
30 2 37
2 2 3
9 1 3
1 2 15
29 2 35
38 1 15
18 1 11
1 2 32
71 2 2
82 2 71
23 2 1
15 1 7
1 7 3
29 2 32
44 1 71
27 1 7
18 1 7
31 1 7
6 2 22
3 7 1
44 1 82
5 1 3
26 1 1
11 1 6
25 1 1
20 1 3
38 1 27
1 2 16
45 1 79
5 2 1
25 1 24
27 2 37
23 2 6
25 1 18
13 1 16
37 1 7
13 1 1
38 1 30
17 1 13
3 2 25
9 1 5
35 1 31
14 1 9
21 1 7
3 2 12
14 1 13
1 1 23
11 1 23
3 2 22
36 1 29
65 1 32
21 2 41
3 1 12
45 1 25
16 1 11
44 1 4
1 2 19
11 1 22
8 1 11
38 2 32
29 1 27
2 1 3
20 1 1
31 1 11
23 2 3
28 1 11
22 2 6
36 2 31
49 1 9
8 1 7
79 2 25
1 4 3
1 1 12
32 1 44
3 2 23
3 1 8
13 1 15
31 2 41
7 1 3
41 1 35
79 1 3
27 1 11
4 2 35
13 1 2
11 1 20
3 1 23
3 1 1
3 2 8
5 1 1
41 1 38
7 1 23
22 2 1
1 1 3
17 2 31
11 1 26
3 4 1
3 2 19
21 2 65
35 1 21
15 1 9
41 1 32
15 2 30
30 1 11
15 2 27
1 2 4
2 1 1
4 1 49
23 2 22
7 1 10
35 1 36
22 2 3
15 1 13
15 1 11
26 1 3
1 5 3
35 1 17
27 2 28
1 2 12
17 2 21
32 1 21
71 2 1
44 1 35
1 1 8
9 1 1
44 1 2
36 1 32
3 1 22
12 1 7
3 5 1
7 1 1
65 2 31
13 1 3
11 1 1
7 1 6
38 1 37
9 1 16
31 2 36
29 1 28
25 1 71
12 1 11
25 1 32
44 1 1
21 2 14
1 2 22
22 2 20
1 2 25
7 1 26
1 2 8
7 1 22
11 1 3
3 2 16
29 1 15
2 2 1
5 2 3
31 2 21
36 2 21
36 1 35
1 2 23
13 2 9
28 1 7
1 1 22
14 2 17
35 1 41
32 1 31
11 1 10
23 2 10
30 2 32
26 1 25
16 1 7
38 2 35
19 1 18
21 1 11
? 1 github_java_program_data/25/448.java

9 1 71
78 1 1
34 1 30
7 1 20
24 1 11
65 1 30
35 1 14
20 1 3
22 2 26
20 1 19
44 2 63
30 1 7
82 2 2
2 2 3
23 2 20
13 1 35
9 1 3
14 2 40
65 1 35
9 1 2
1 2 15
67 1 30
38 1 15
23 2 22
18 1 11
17 2 67
86 2 79
71 2 2
82 2 71
25 1 24
15 1 7
1 7 3
14 2 17
44 1 1
44 1 71
27 1 7
18 1 7
44 1 3
31 1 7
63 1 1
13 1 15
23 2 26
35 1 67
44 1 62
44 1 82
5 1 3
26 1 1
11 1 6
34 1 39
32 1 41
23 2 6
0 2 82
3 2 23
45 1 79
5 2 1
23 2 1
27 2 37
3 2 15
38 1 27
30 2 35
25 1 18
24 2 18
13 1 16
86 1 3
49 1 13
41 1 35
13 1 1
1 2 19
17 2 31
44 1 0
17 1 13
6 2 23
62 1 49
9 1 5
13 1 5
35 1 31
14 1 9
21 1 7
22 2 20
3 2 12
14 1 13
1 1 23
11 1 23
3 2 22
36 1 29
30 2 39
25 1 35
14 2 65
1 2 12
3 1 12
29 1 27
3 7 1
46 1 3
45 1 25
16 1 11
3 2 4
32 1 13
63 1 35
11 1 22
14 2 68
8 1 11
15 2 35
32 1 17
2 1 3
1 2 8
68 1 71
40 1 27
79 1 1
20 1 1
31 1 11
62 2 32
3 1 23
35 1 68
32 1 40
67 2 31
63 1 4
8 1 7
79 2 25
1 4 3
2 1 82
1 1 12
25 1 3
3 1 8
108 1 78
4 1 51
79 2 46
9 1 82
13 1 15
3 2 25
7 1 3
47 1 34
31 2 36
3 1 1
68 2 44
27 1 11
10 2 22
4 2 35
68 1 3
13 1 2
32 1 21
21 2 17
63 1 5
17 2 14
3 4 1
79 1 3
3 2 8
5 1 1
0 1 3
41 1 38
7 1 23
22 2 1
1 1 3
27 2 28
11 1 26
32 1 65
23 2 3
3 2 19
9 1 16
35 1 44
35 1 21
15 1 9
44 1 2
29 2 32
30 1 11
21 2 14
15 2 27
1 2 4
2 1 1
4 1 49
37 1 11
7 1 10
35 1 36
68 1 32
22 2 3
32 1 11
46 2 79
71 2 5
15 1 13
15 1 11
45 1 46
40 2 13
33 1 35
26 1 3
11 2 7
1 5 3
3 2 108
35 1 17
22 2 6
1 2 16
44 1 32
63 2 44
11 1 32
17 2 21
11 1 20
108 2 35
1 1 8
9 1 1
9 1 15
39 1 35
68 1 4
44 1 5
36 1 32
3 1 22
12 1 7
3 5 1
10 2 23
22 2 10
7 1 1
65 2 31
13 1 3
82 2 3
7 1 6
38 1 37
45 1 86
40 1 33
24 1 7
29 1 28
25 1 71
12 1 11
67 1 32
71 2 3
32 1 7
27 2 33
17 1 9
25 1 108
1 2 22
21 2 31
33 2 47
1 2 25
7 1 26
11 1 1
13 2 31
18 2 24
7 1 22
11 1 3
51 1 9
3 2 16
29 1 15
2 2 1
5 2 3
63 1 71
31 2 21
40 1 47
35 1 63
1 2 23
28 1 7
1 1 22
4 2 32
32 1 14
32 1 31
11 1 10
1 2 62
19 1 24
23 2 10
30 2 32
26 1 25
16 1 7
3 2 62
38 2 35
19 1 18
21 1 11
? 1 github_java_program_data/25/500.java

1 2 12
13 1 15
31 2 41
7 1 20
21 1 7
7 1 3
41 1 35
24 1 11
1 4 3
79 1 3
3 2 23
32 1 41
22 2 26
20 1 19
30 2 37
27 1 11
2 2 3
13 1 2
9 1 3
32 1 17
1 2 35
1 2 16
1 2 15
32 1 21
45 1 79
18 1 11
3 2 15
3 4 1
3 1 1
14 2 36
32 1 36
3 2 8
5 1 1
82 2 71
23 2 1
15 1 7
7 1 23
22 2 1
1 1 8
27 1 7
23 2 3
18 1 7
4 2 32
31 1 7
22 2 10
41 1 38
9 1 16
35 1 44
6 2 22
9 1 1
3 7 1
44 1 82
29 2 32
5 1 3
26 1 1
11 1 6
25 1 1
71 2 1
16 1 13
20 1 3
1 2 4
2 1 1
4 1 49
37 1 11
5 2 1
7 1 10
8 1 7
22 2 3
23 2 6
1 1 22
36 1 32
1 2 25
25 1 18
15 1 11
44 1 71
3 2 19
21 2 41
3 2 25
26 1 3
1 5 3
3 2 12
13 1 1
27 2 28
38 1 30
3 5 1
44 1 32
1 7 3
11 1 20
71 2 2
1 1 3
9 1 5
9 1 15
35 1 31
16 2 27
14 1 9
30 1 7
3 1 22
12 1 7
14 1 13
1 1 23
11 1 23
3 2 22
79 2 25
36 1 29
7 1 1
41 1 29
13 1 3
11 1 1
17 2 36
7 1 6
38 1 37
7 1 26
45 1 25
29 1 28
25 1 71
12 1 11
16 1 11
44 1 4
23 2 10
44 1 1
1 2 19
11 1 22
35 1 21
36 1 38
17 1 9
25 1 35
1 2 22
22 2 20
8 1 11
38 2 32
29 1 27
1 2 8
11 1 3
36 2 14
2 1 3
2 2 1
3 1 12
20 1 1
31 1 11
3 1 23
36 2 21
28 1 11
16 1 9
1 2 23
28 1 7
38 1 16
14 2 17
49 1 9
32 1 14
32 1 31
29 1 16
19 1 18
16 2 30
21 2 31
19 1 24
44 1 2
1 1 12
26 1 25
7 1 22
29 2 35
38 2 35
11 1 10
5 2 3
? 1 github_java_program_data/25/51.java

7 1 20
4 1 49
24 1 11
21 2 36
33 1 32
35 1 14
20 1 3
22 2 26
20 1 19
30 2 37
1 2 4
14 2 31
2 2 3
9 1 3
65 1 35
9 1 2
1 2 15
29 1 30
14 2 44
82 2 71
15 1 7
1 7 3
29 2 32
7 2 11
44 1 71
27 1 7
18 1 7
34 1 33
31 1 7
22 2 10
6 2 22
71 2 3
5 1 3
11 1 6
86 2 25
32 1 41
1 2 16
5 2 1
23 2 1
27 2 33
23 2 6
49 1 13
37 1 7
13 1 1
65 1 27
38 1 30
44 2 63
17 1 13
3 2 25
9 1 5
13 1 5
35 1 31
14 1 9
3 2 12
1 1 12
1 1 23
11 1 23
3 2 22
63 1 82
36 1 29
25 1 35
14 2 65
1 2 12
3 1 12
3 2 35
45 1 25
16 1 13
16 1 11
44 1 4
11 1 22
86 1 1
32 1 17
2 1 3
31 1 11
62 2 32
23 2 3
16 1 9
38 1 16
8 1 7
5 2 3
25 1 3
3 1 8
27 2 35
2 1 50
34 1 27
9 1 82
13 1 15
3 1 23
7 1 3
41 1 35
62 1 51
3 2 23
34 2 21
27 1 11
13 1 2
11 1 20
63 1 5
17 2 14
3 4 1
3 1 1
32 1 36
3 2 8
5 1 1
41 1 38
7 1 23
22 2 1
1 1 3
32 1 65
3 2 19
32 1 43
35 1 44
35 1 21
43 6 44
63 1 71
35 1 7
30 1 11
9 1 16
3 2 50
2 1 1
63 1 62
23 2 22
7 1 10
30 2 28
22 2 3
71 2 5
15 1 11
26 1 25
26 1 3
11 2 7
1 5 3
7 1 35
32 1 34
3 5 1
44 1 32
32 1 21
1 1 8
9 1 1
9 1 15
44 1 5
36 1 32
3 1 22
12 1 7
29 1 16
10 2 23
63 1 1
7 1 1
65 2 31
13 1 3
11 1 1
63 1 32
38 1 37
45 1 86
29 1 28
25 1 71
12 1 11
1 4 3
44 1 1
3 7 1
35 1 11
3 2 15
1 2 22
7 1 26
1 2 8
7 1 22
11 1 3
51 1 9
3 2 16
2 2 1
7 1 6
36 2 41
31 2 21
35 1 63
1 2 23
28 1 7
1 1 22
4 2 32
32 1 14
32 1 31
19 1 18
16 2 30
1 2 62
19 1 24
23 2 10
82 2 2
16 1 7
38 2 35
11 1 10
21 1 11
? 1 github_java_program_data/25/516.java

35 1 65
34 1 30
7 1 20
31 2 34
24 1 11
65 1 30
33 1 32
35 1 14
43 1 11
20 1 19
44 2 63
30 1 7
82 2 2
2 2 3
35 1 48
9 1 3
65 1 35
63 1 62
1 2 15
44 1 4
7 1 10
15 1 7
1 7 3
14 2 17
34 1 61
32 1 34
34 1 47
18 1 7
34 1 33
31 1 7
22 2 10
6 2 22
33 2 47
3 7 1
44 1 82
5 1 3
26 1 1
11 1 6
71 2 82
34 1 39
20 1 3
1 2 16
5 2 1
23 2 1
34 2 48
3 2 15
23 2 6
30 2 35
25 1 18
13 1 16
32 1 21
13 1 1
65 1 27
17 1 13
14 2 21
1 1 3
40 1 42
13 1 5
35 1 31
14 1 9
21 1 7
14 1 13
1 1 23
11 1 23
3 2 22
63 1 82
30 2 39
1 2 25
25 1 35
14 2 65
32 1 67
3 1 12
32 1 43
3 2 35
45 1 25
16 1 11
9 1 5
71 2 3
1 2 19
11 1 22
67 1 27
26 1 3
40 1 30
32 1 17
2 1 3
9 1 2
40 1 27
20 1 1
31 1 11
65 2 34
23 2 3
7 1 6
32 1 40
82 2 5
3 2 23
49 1 9
1 4 3
25 1 3
3 1 8
11 1 10
34 1 27
1 2 12
13 1 15
3 1 23
27 2 39
7 1 3
35 1 34
62 1 51
35 1 40
86 2 25
39 2 42
3 2 4
27 1 11
10 2 22
13 1 2
33 2 61
47 1 40
63 1 5
17 2 14
3 4 1
3 1 1
40 2 21
5 1 1
21 2 31
7 1 23
22 2 1
63 1 3
3 2 25
11 1 26
32 1 65
64 1 7
9 1 16
35 1 44
27 1 7
63 1 71
44 1 2
30 1 11
23 2 26
2 1 1
4 1 49
40 1 39
22 2 3
34 2 14
15 1 11
33 1 35
86 1 1
1 5 3
7 1 35
35 1 17
22 2 6
34 2 31
44 1 32
62 2 32
11 1 20
9 1 1
9 1 15
39 1 35
3 1 22
3 5 1
67 2 34
32 1 64
64 6 44
7 1 1
3 2 19
13 1 3
11 1 1
63 1 32
45 1 86
40 1 33
25 1 71
67 1 32
35 1 21
35 1 11
27 2 33
17 1 9
1 2 22
65 1 32
7 1 26
1 2 8
7 1 22
11 1 3
51 1 9
61 1 32
3 2 16
2 2 1
5 2 3
44 1 3
65 2 64
35 1 63
1 2 23
13 2 9
1 1 22
4 2 32
32 1 14
32 1 31
30 2 33
27 2 32
19 1 24
23 2 10
26 1 25
16 1 7
3 2 62
19 1 18
42 1 32
21 1 11
? 1 github_java_program_data/25/544.java

35 1 65
13 1 15
41 2 21
7 1 3
65 1 30
3 2 23
35 1 14
31 1 11
20 1 19
3 2 4
27 1 11
2 2 3
21 2 43
4 2 35
43 1 7
13 1 2
29 1 16
1 2 16
1 2 15
11 1 20
38 1 15
25 1 3
3 4 1
3 1 1
3 2 8
5 1 1
82 2 71
23 2 1
41 1 38
7 1 23
22 2 1
9 1 63
1 1 8
27 2 28
18 1 7
44 1 3
38 2 32
22 2 10
15 1 7
9 1 16
9 1 5
3 7 1
43 6 44
15 1 9
44 1 82
41 1 32
14 2 17
5 1 3
22 2 3
11 1 6
86 2 25
2 1 1
4 1 49
23 2 22
5 2 1
7 1 10
35 1 36
63 1 7
23 2 6
30 1 11
65 2 21
1 1 12
44 1 71
13 1 16
49 1 9
86 1 1
71 2 3
1 5 3
3 2 12
35 1 17
13 1 1
1 2 19
29 2 35
3 5 1
1 2 12
1 7 3
17 1 13
32 1 21
71 2 2
44 1 35
1 1 3
10 2 23
9 1 1
9 1 15
16 2 27
14 1 9
21 1 7
3 1 22
12 1 7
14 1 13
1 1 23
11 1 23
3 2 22
36 1 29
7 1 1
22 2 23
13 1 3
11 1 1
17 2 36
3 1 12
45 1 86
3 2 32
45 1 25
29 1 28
25 1 71
12 1 11
16 1 11
44 1 4
1 4 3
25 1 32
11 1 22
35 1 21
3 2 15
17 1 9
1 2 22
21 2 31
8 1 11
65 1 32
29 1 27
1 2 8
35 1 43
11 1 3
2 1 3
2 2 1
7 1 6
20 1 1
16 1 13
36 2 41
1 2 63
23 2 3
36 1 35
32 1 44
1 2 23
3 2 16
22 2 6
28 1 7
1 1 22
44 1 2
17 2 65
35 1 41
32 1 31
8 1 7
11 1 10
23 2 10
30 2 32
7 1 22
3 1 8
19 1 18
21 1 11
? 1 github_java_program_data/25/571.java

63 1 2
86 2 79
7 1 20
29 1 28
21 2 36
35 1 14
43 1 11
20 1 19
30 2 37
30 1 7
2 2 3
16 1 11
9 1 3
65 1 35
9 1 2
1 2 15
29 2 35
29 1 30
18 1 11
44 1 4
14 2 44
62 2 35
82 2 71
23 2 1
64 1 7
1 7 3
14 2 17
31 2 14
44 1 71
27 1 7
18 1 7
44 1 3
63 1 1
23 2 26
3 7 1
41 2 43
44 1 82
5 1 3
26 1 1
11 1 6
20 1 3
1 2 16
45 1 79
5 2 1
25 1 24
1 2 22
23 2 6
23 2 22
25 1 18
13 1 16
49 1 13
13 1 1
65 1 27
38 1 30
44 2 63
17 1 13
64 6 63
15 1 11
3 2 25
9 1 5
13 1 5
35 1 31
14 1 9
21 1 7
3 2 12
14 1 13
1 1 23
11 1 23
3 2 22
63 1 82
36 1 29
1 2 25
3 1 12
29 1 27
45 1 25
32 1 63
23 2 20
3 2 4
13 1 2
11 1 22
86 1 1
36 2 64
8 1 11
38 2 32
32 1 17
35 1 64
79 1 1
20 1 1
16 1 13
62 2 32
3 1 23
28 1 11
16 1 9
2 1 3
38 1 16
49 1 9
29 1 16
79 2 25
63 1 35
5 2 3
32 1 44
3 1 8
27 2 35
15 1 7
1 2 12
13 1 15
7 1 3
63 1 62
62 1 51
3 2 23
31 1 11
27 1 11
10 2 22
4 2 35
25 1 32
32 1 21
25 1 3
17 2 14
3 4 1
3 1 1
32 1 36
3 2 8
5 1 1
14 2 36
7 1 23
22 2 1
1 1 3
27 2 28
11 1 26
32 1 65
23 2 3
41 1 38
9 1 16
35 1 21
43 6 44
44 1 2
51 1 13
29 2 32
15 2 27
2 1 1
4 1 49
37 1 11
7 1 10
35 1 36
22 2 3
17 2 41
11 1 20
71 2 5
15 1 13
1 1 12
26 1 3
1 5 3
35 1 17
17 2 65
3 5 1
44 1 32
17 2 21
26 1 25
44 1 35
1 1 8
9 1 1
9 1 15
44 1 5
36 1 32
3 1 22
12 1 7
8 1 7
30 2 28
7 1 1
3 2 19
13 1 3
11 1 1
63 1 32
38 1 37
45 1 86
3 2 32
24 1 7
35 1 43
25 1 71
12 1 11
1 4 3
63 2 44
71 2 3
3 2 15
17 1 9
1 2 19
21 2 31
22 2 23
7 1 26
1 2 8
16 1 7
11 1 3
3 2 16
29 1 15
2 2 1
7 1 6
31 2 21
36 1 35
63 1 3
1 2 23
41 1 32
28 1 7
1 1 22
4 2 32
32 1 14
35 1 41
32 1 31
19 1 18
16 2 30
1 2 62
23 2 10
82 2 2
7 1 22
3 2 62
11 1 10
21 1 11
? 1 github_java_program_data/25/577.java

35 1 65
13 1 15
41 2 21
31 2 65
7 1 3
65 1 30
3 2 23
35 1 14
31 1 11
20 1 19
3 2 4
27 1 11
45 1 86
2 2 3
4 2 35
13 1 2
9 1 3
1 2 15
11 1 20
25 1 3
3 4 1
3 1 1
3 2 8
5 1 1
82 2 71
23 2 1
41 1 38
7 1 23
3 2 22
1 1 8
27 2 28
18 1 7
44 1 3
23 2 3
15 1 7
27 2 37
6 2 22
9 1 1
3 7 1
9 1 15
41 1 32
22 2 1
5 1 3
26 1 1
30 1 11
86 2 25
23 2 6
2 1 1
4 1 49
23 2 22
5 2 1
7 1 10
35 1 36
8 1 7
22 2 3
38 1 27
1 1 22
65 2 21
1 2 25
1 1 12
44 1 71
86 1 1
71 2 3
37 1 7
1 5 3
3 2 12
35 1 17
13 1 1
1 2 19
29 2 35
3 5 1
1 2 12
1 7 3
32 1 21
71 2 2
44 1 35
1 1 3
10 2 23
9 1 5
44 1 2
35 1 31
16 2 27
21 1 7
38 2 32
12 1 7
14 1 13
1 1 23
11 1 23
22 2 10
36 1 29
7 1 1
22 2 23
11 1 1
17 2 36
3 1 12
38 1 37
29 1 27
3 2 32
45 1 25
29 1 28
25 1 71
44 1 4
1 4 3
25 1 32
11 1 22
35 1 21
3 2 15
17 1 9
1 2 22
21 2 31
8 1 11
65 1 32
7 1 26
1 2 8
7 1 22
11 1 3
2 1 3
2 2 1
7 1 6
20 1 1
16 1 13
36 2 41
44 1 82
3 1 23
36 1 35
16 1 9
1 2 23
22 2 6
28 1 7
38 1 16
14 2 17
49 1 9
35 1 41
32 1 31
29 1 16
11 1 10
23 2 10
30 2 32
26 1 25
32 1 44
3 1 8
10 2 22
19 1 18
5 2 3
21 1 11
? 1 github_java_program_data/25/612.java

34 1 27
35 1 65
13 1 15
7 1 20
7 1 3
3 1 19
24 1 11
62 1 51
33 1 32
35 1 14
43 1 11
22 2 26
86 2 79
71 2 4
45 1 86
2 2 3
13 1 2
9 1 3
22 2 10
65 1 35
1 2 16
62 2 32
32 1 21
25 1 3
18 1 11
3 2 15
17 2 67
3 1 1
20 2 23
5 1 1
64 1 7
25 1 24
15 1 7
7 1 23
22 2 1
82 2 71
44 1 71
27 1 7
11 1 26
18 1 7
34 1 33
31 1 7
23 2 3
24 1 3
32 1 43
35 1 44
6 2 22
1 1 19
21 2 14
44 1 62
44 1 82
14 2 17
26 1 1
30 1 11
40 2 31
18 1 1
20 1 3
1 1 25
2 1 1
4 1 49
45 1 79
40 1 39
67 1 35
44 1 32
22 2 3
23 2 6
3 2 25
20 1 25
34 2 14
30 2 35
25 1 18
15 1 11
24 2 18
13 1 16
30 2 39
26 1 3
71 2 3
1 5 3
35 1 17
13 1 1
65 1 27
3 5 1
49 1 78
65 2 40
1 7 3
11 1 20
3 4 1
35 1 40
1 1 3
9 1 5
9 1 15
35 1 31
21 1 7
22 2 20
14 1 13
1 1 23
11 1 23
3 2 22
79 2 25
32 1 64
64 6 44
7 1 1
3 2 19
13 1 3
11 1 1
32 1 67
7 1 6
7 1 10
32 1 17
7 1 22
3 2 35
67 2 64
45 1 25
24 1 7
67 1 30
44 1 4
23 2 10
1 2 19
11 1 22
35 1 21
26 1 19
27 2 33
25 1 71
17 1 9
86 1 1
23 2 1
25 1 35
1 2 22
40 1 30
1 2 25
7 1 26
1 4 3
32 1 34
39 1 32
11 1 3
51 1 9
2 1 3
2 2 1
1 2 78
44 1 3
79 1 1
20 1 1
31 1 11
31 2 21
3 1 23
78 1 3
1 2 23
22 2 6
3 2 23
1 1 22
4 2 2
44 1 2
32 1 14
18 1 3
21 2 31
19 1 18
49 1 1
17 2 65
19 1 24
5 2 3
16 1 7
11 1 6
27 2 35
3 2 62
11 1 10
21 1 11
? 1 github_java_program_data/25/70.java

