18 1 11
23 2 1
71 2 1
24 1 7
51 1 13
26 1 1
39 1 32
2 2 3
29 1 27
64 6 63
71 2 2
25 1 1
5 2 3
7 1 6
3 1 22
29 1 16
21 1 7
29 1 28
20 1 19
1 2 15
2 1 3
3 2 22
40 1 39
44 1 82
36 2 43
1 2 62
25 1 71
11 1 23
30 2 33
32 1 34
7 1 26
23 2 3
63 1 3
23 2 26
22 2 20
33 2 42
1 2 32
44 1 35
63 1 1
63 1 5
16 2 27
5 1 3
11 1 3
22 2 1
63 1 2
16 1 7
71 2 5
38 2 32
17 2 41
9 1 2
63 1 71
49 1 13
15 1 11
4 1 49
62 1 51
9 1 15
40 1 61
35 1 14
26 1 25
13 2 9
3 2 16
3 5 1
35 1 43
11 1 20
1 1 3
20 1 3
17 1 13
35 1 36
27 1 11
44 1 1
1 2 4
16 1 13
34 1 42
22 2 6
7 1 3
39 2 61
2 2 1
33 1 32
35 1 31
43 6 44
25 1 24
35 1 41
64 1 7
15 1 7
45 1 25
35 1 64
9 1 1
27 2 28
22 2 26
5 2 1
27 1 7
2 1 1
7 1 10
34 1 30
62 2 35
1 1 22
13 1 5
9 2 13
23 2 6
38 1 27
49 1 9
36 1 29
32 1 21
7 1 1
3 2 23
3 2 25
3 2 4
25 1 32
6 2 23
24 1 11
61 1 35
44 1 3
82 2 2
49 2 51
3 2 15
1 2 23
7 1 23
18 1 7
16 1 9
4 1 51
31 1 7
21 1 11
42 1 35
3 2 19
13 1 3
44 1 32
9 1 3
14 1 9
13 1 15
4 2 32
44 2 63
3 1 1
32 1 43
30 2 39
3 2 62
27 2 37
7 1 20
35 1 17
19 1 18
11 1 1
11 1 6
13 1 2
13 1 16
31 1 11
29 2 32
30 1 7
63 1 62
63 2 44
3 1 23
43 1 11
20 2 22
32 1 44
63 1 35
62 1 49
19 1 24
4 2 35
1 5 3
37 1 7
13 1 1
7 1 22
18 2 24
1 2 25
41 1 38
40 1 30
38 1 37
11 1 26
38 1 16
9 1 5
44 1 4
16 1 11
32 1 40
32 1 63
26 2 23
25 1 18
30 1 11
1 4 3
36 1 32
14 2 36
11 1 10
44 1 2
23 2 10
11 1 22
41 2 64
41 1 32
22 2 3
1 2 22
26 1 3
51 1 9
9 1 16
28 1 11
5 1 1
3 4 1
34 1 33
? 1 github_java_program_data/14/107.java

18 1 11
44 1 4
23 2 1
21 2 31
38 1 30
7 1 39
22 2 20
1 1 19
51 1 13
35 1 48
49 1 1
32 1 40
46 2 79
2 2 3
64 6 63
71 2 2
79 2 46
21 2 48
7 1 6
32 1 43
37 1 11
40 2 31
21 1 7
29 1 28
36 1 35
4 2 5
23 2 22
1 2 15
43 1 7
2 1 3
29 1 30
14 1 13
3 2 22
40 1 39
44 1 82
1 5 3
1 2 62
25 1 71
11 1 23
32 1 34
7 1 26
23 2 3
63 1 3
26 2 23
26 1 19
86 2 79
35 1 34
24 1 7
44 1 35
18 1 1
63 1 1
6 2 22
63 1 5
46 1 1
16 2 27
5 1 3
11 1 3
22 2 1
63 1 2
16 1 7
71 2 3
71 2 5
38 2 32
62 2 35
17 2 41
38 2 35
9 1 2
63 1 4
35 1 55
40 1 27
14 2 36
49 1 13
15 1 11
63 1 82
4 1 49
62 1 51
9 1 15
35 1 14
26 1 25
16 2 30
35 1 40
3 2 16
3 5 1
11 1 20
1 1 3
23 2 26
20 1 3
20 1 25
64 6 44
35 1 36
27 1 11
44 1 1
1 2 4
5 2 3
16 1 13
29 2 35
32 1 31
22 2 6
7 1 3
63 2 44
41 2 43
44 1 71
33 1 35
2 2 1
33 1 32
35 1 31
36 2 64
25 1 24
24 1 1
32 1 41
35 1 41
64 1 7
15 1 7
45 1 25
44 1 5
25 1 35
35 1 64
1 1 23
9 1 1
51 2 49
17 1 13
21 2 64
25 1 18
3 1 25
11 1 26
27 1 7
2 1 1
22 2 10
7 1 10
45 1 46
5 2 1
18 1 3
1 1 22
13 1 5
32 1 17
79 1 1
15 1 9
39 1 32
1 4 3
23 2 6
38 1 27
15 2 30
49 1 9
36 1 29
32 1 21
7 1 1
3 2 23
3 2 25
3 2 4
79 2 25
15 1 13
24 1 11
3 7 1
44 1 3
49 2 51
3 2 15
1 2 23
62 2 32
7 1 23
18 1 7
16 1 9
4 1 51
31 1 7
21 1 11
3 2 19
13 1 3
44 1 32
28 1 7
9 1 3
14 1 9
13 1 15
29 1 15
30 2 37
4 2 32
44 2 63
36 2 17
22 2 3
39 1 62
1 2 19
3 1 22
30 2 39
3 2 62
27 2 37
7 1 20
35 1 17
19 1 18
1 2 22
24 2 18
11 1 6
34 2 14
13 1 2
13 1 16
31 1 11
29 2 32
30 1 7
63 1 62
20 2 22
24 1 3
22 2 26
3 1 23
32 1 14
1 1 25
30 2 28
62 1 49
19 1 24
1 2 16
37 1 7
13 1 1
20 2 23
7 1 22
82 2 71
18 2 24
27 2 33
1 2 25
41 1 38
35 1 21
40 1 30
38 1 37
34 1 27
38 1 16
32 1 11
9 1 5
31 2 34
20 1 1
17 1 9
16 1 11
26 1 1
39 1 35
63 1 32
20 1 19
71 2 4
3 1 19
30 1 11
51 1 9
43 6 44
35 1 44
45 1 86
36 1 32
27 2 39
63 1 71
1 7 3
11 1 10
44 1 2
32 1 36
3 2 35
23 2 10
11 1 22
35 1 63
51 1 3
41 1 32
32 1 64
3 1 1
11 1 1
44 1 62
45 1 79
26 1 3
41 1 35
4 2 2
86 1 1
9 1 16
26 2 22
31 2 55
28 1 11
5 1 1
23 2 20
25 1 3
41 2 40
3 4 1
34 1 33
? 1 github_java_program_data/14/113.java

18 1 11
44 1 4
23 2 1
3 2 12
31 2 17
51 1 13
65 1 35
26 1 1
31 2 21
39 1 32
2 2 3
29 1 27
71 2 2
5 2 3
7 1 6
3 1 22
65 2 14
29 1 28
20 1 19
10 2 23
8 1 11
30 2 32
1 2 15
86 2 25
43 1 7
2 1 3
14 1 13
1 1 3
40 1 39
44 1 82
1 5 3
25 1 71
27 2 35
11 1 23
30 2 33
32 1 34
7 1 26
23 2 3
63 1 3
2 2 1
21 2 31
24 1 7
44 1 35
21 1 7
35 1 67
5 1 3
22 2 1
63 1 2
67 1 27
71 2 3
71 2 5
11 2 7
3 2 32
9 1 2
40 2 43
31 2 34
49 1 13
15 1 11
63 1 82
4 1 49
62 1 51
9 1 15
35 1 14
1 1 8
1 2 12
26 1 25
13 2 9
67 1 32
35 1 40
3 2 16
3 5 1
35 1 43
11 1 20
3 2 22
22 2 6
17 1 13
27 1 11
67 1 30
44 1 2
3 1 12
29 2 35
7 2 11
7 1 3
63 2 44
43 6 63
44 1 71
3 1 23
17 2 14
35 1 31
43 6 44
25 1 24
14 2 17
5 2 1
15 1 7
45 1 25
44 1 5
35 1 64
1 1 23
9 1 1
27 2 28
14 2 21
65 1 27
11 1 26
27 1 7
2 1 1
22 2 10
7 1 10
22 2 23
34 1 30
1 1 22
13 1 5
32 1 17
34 2 17
32 1 31
3 1 8
23 2 6
11 1 3
49 1 9
36 1 29
32 1 21
7 1 1
3 2 23
3 2 25
3 2 4
25 1 32
6 2 23
24 1 11
44 1 3
17 2 65
3 2 15
1 2 23
62 2 32
7 1 23
18 1 7
23 2 22
63 1 32
31 1 7
21 1 11
14 2 67
13 1 3
44 1 32
4 2 35
28 1 7
32 1 7
9 1 3
14 1 9
13 1 15
29 1 15
4 2 32
44 2 63
67 2 43
3 1 1
1 2 19
32 1 43
30 2 39
3 2 62
35 1 65
7 1 20
35 1 17
19 1 18
1 2 22
11 1 6
13 1 2
13 1 16
31 1 11
12 1 11
30 1 7
63 1 62
31 2 36
33 1 35
32 1 14
15 2 27
65 1 32
32 1 63
32 1 44
1 2 16
67 2 17
13 1 1
7 1 22
82 2 71
27 2 33
1 2 25
8 1 7
35 1 21
40 1 30
34 1 27
32 1 11
9 1 5
27 2 32
20 1 1
17 1 9
16 1 11
32 1 40
39 1 35
64 1 11
3 2 8
36 1 35
36 2 31
32 1 65
30 1 11
12 1 7
1 4 3
1 2 8
45 1 86
63 1 71
1 7 3
11 1 10
1 1 12
32 1 36
23 2 10
11 1 22
65 2 40
7 1 32
3 7 1
22 2 3
11 1 1
26 1 3
86 1 1
9 1 16
16 1 7
10 2 22
14 2 31
5 1 1
23 2 20
25 1 3
3 4 1
34 1 33
? 1 github_java_program_data/14/136.java

18 1 11
23 2 1
71 2 1
24 1 7
51 1 13
26 1 1
39 1 32
2 2 3
29 1 27
64 6 63
71 2 2
25 1 1
5 2 3
7 1 6
3 1 22
29 1 16
21 1 7
29 1 28
20 1 19
1 2 15
2 1 3
3 2 22
40 1 39
44 1 82
36 2 43
1 2 62
25 1 71
11 1 23
30 2 33
32 1 34
7 1 26
23 2 3
63 1 3
23 2 26
22 2 20
33 2 42
1 2 32
44 1 35
63 1 1
63 1 5
16 2 27
5 1 3
11 1 3
22 2 1
63 1 2
16 1 7
71 2 5
38 2 32
17 2 41
9 1 2
63 1 71
49 1 13
15 1 11
4 1 49
62 1 51
9 1 15
40 1 61
35 1 14
26 1 25
13 2 9
3 2 16
3 5 1
35 1 43
11 1 20
1 1 3
20 1 3
17 1 13
35 1 36
27 1 11
44 1 1
1 2 4
16 1 13
34 1 42
22 2 6
7 1 3
39 2 61
2 2 1
33 1 32
35 1 31
43 6 44
25 1 24
35 1 41
64 1 7
15 1 7
45 1 25
35 1 64
9 1 1
27 2 28
22 2 26
5 2 1
27 1 7
2 1 1
7 1 10
34 1 30
62 2 35
1 1 22
13 1 5
9 2 13
23 2 6
38 1 27
49 1 9
36 1 29
32 1 21
7 1 1
3 2 23
3 2 25
3 2 4
25 1 32
6 2 23
24 1 11
61 1 35
44 1 3
82 2 2
49 2 51
3 2 15
1 2 23
7 1 23
18 1 7
16 1 9
4 1 51
31 1 7
21 1 11
42 1 35
3 2 19
13 1 3
44 1 32
9 1 3
14 1 9
13 1 15
4 2 32
44 2 63
3 1 1
32 1 43
30 2 39
3 2 62
27 2 37
7 1 20
35 1 17
19 1 18
11 1 1
11 1 6
13 1 2
13 1 16
31 1 11
29 2 32
30 1 7
63 1 62
63 2 44
3 1 23
43 1 11
20 2 22
32 1 44
63 1 35
62 1 49
19 1 24
4 2 35
1 5 3
37 1 7
13 1 1
7 1 22
18 2 24
1 2 25
41 1 38
40 1 30
38 1 37
11 1 26
38 1 16
9 1 5
44 1 4
16 1 11
32 1 40
32 1 63
26 2 23
25 1 18
30 1 11
1 4 3
36 1 32
14 2 36
11 1 10
44 1 2
23 2 10
11 1 22
41 2 64
41 1 32
22 2 3
1 2 22
26 1 3
51 1 9
9 1 16
28 1 11
5 1 1
3 4 1
34 1 33
? 1 github_java_program_data/14/137.java

3 4 1
18 1 11
17 1 9
23 2 1
1 4 3
71 2 1
11 1 3
15 2 30
49 1 9
51 1 13
32 1 21
7 1 1
3 2 23
3 2 25
1 2 32
25 1 32
29 1 28
15 1 13
24 1 11
25 1 1
5 2 3
7 1 6
30 2 28
34 1 33
3 2 15
21 1 7
63 1 82
4 2 35
20 1 19
79 1 3
18 1 7
4 1 51
1 2 15
13 1 15
21 1 11
2 1 3
29 1 30
14 1 13
29 2 35
1 1 3
13 1 3
44 1 82
44 1 32
1 2 62
25 1 71
28 1 7
11 1 23
9 1 3
14 1 9
63 1 71
29 1 15
23 2 3
4 2 32
44 2 63
22 2 20
22 2 3
35 1 34
24 1 7
33 2 42
1 2 19
44 1 35
3 1 22
63 1 1
34 1 42
7 1 20
19 1 18
11 1 1
24 2 18
36 1 29
16 1 7
7 1 23
5 1 3
13 1 2
13 1 16
31 1 11
11 1 6
63 1 62
63 2 44
3 1 23
32 1 14
14 2 17
32 1 63
32 1 44
63 1 35
34 1 27
19 1 24
27 2 33
1 5 3
36 1 35
13 1 1
3 2 22
7 1 22
82 2 71
15 1 11
18 2 24
2 2 3
1 2 25
22 2 1
4 1 49
62 1 51
9 1 15
63 1 2
35 1 14
1 1 8
9 1 5
26 1 25
71 2 2
20 1 1
44 1 4
26 1 1
14 2 34
3 5 1
3 2 8
11 1 20
25 1 18
20 1 3
30 1 11
62 2 35
7 1 3
44 1 1
3 2 16
1 2 4
31 1 7
7 1 26
3 2 19
11 1 10
22 2 6
44 1 2
32 1 36
44 1 71
79 2 25
11 1 22
2 2 1
33 1 32
35 1 31
25 1 24
5 2 1
15 1 7
45 1 25
27 1 11
3 1 1
1 1 23
9 1 1
17 2 21
45 1 79
1 2 22
26 1 3
49 2 51
11 1 26
26 2 22
2 1 1
22 2 10
9 1 16
1 2 23
5 1 1
23 2 20
42 1 32
1 1 22
13 1 5
32 1 17
? 1 github_java_program_data/14/148.java

18 1 11
23 2 1
71 2 1
24 1 7
51 1 13
26 1 1
39 1 32
2 2 3
29 1 27
64 6 63
71 2 2
25 1 1
5 2 3
7 1 6
3 1 22
29 1 16
21 1 7
29 1 28
20 1 19
1 2 15
2 1 3
3 2 22
40 1 39
44 1 82
36 2 43
1 2 62
25 1 71
11 1 23
30 2 33
32 1 34
7 1 26
23 2 3
63 1 3
23 2 26
22 2 20
33 2 42
1 2 32
44 1 35
63 1 1
63 1 5
16 2 27
5 1 3
11 1 3
22 2 1
63 1 2
16 1 7
71 2 5
38 2 32
17 2 41
9 1 2
63 1 71
49 1 13
15 1 11
4 1 49
62 1 51
9 1 15
40 1 61
35 1 14
26 1 25
13 2 9
3 2 16
3 5 1
35 1 43
11 1 20
1 1 3
20 1 3
17 1 13
35 1 36
27 1 11
44 1 1
1 2 4
16 1 13
34 1 42
22 2 6
7 1 3
39 2 61
2 2 1
33 1 32
35 1 31
43 6 44
25 1 24
35 1 41
64 1 7
15 1 7
45 1 25
35 1 64
9 1 1
27 2 28
22 2 26
5 2 1
27 1 7
2 1 1
7 1 10
34 1 30
62 2 35
1 1 22
13 1 5
9 2 13
23 2 6
38 1 27
49 1 9
36 1 29
32 1 21
7 1 1
3 2 23
3 2 25
3 2 4
25 1 32
6 2 23
24 1 11
61 1 35
44 1 3
82 2 2
49 2 51
3 2 15
1 2 23
7 1 23
18 1 7
16 1 9
4 1 51
31 1 7
21 1 11
42 1 35
3 2 19
13 1 3
44 1 32
9 1 3
14 1 9
13 1 15
4 2 32
44 2 63
3 1 1
32 1 43
30 2 39
3 2 62
27 2 37
7 1 20
35 1 17
19 1 18
11 1 1
11 1 6
13 1 2
13 1 16
31 1 11
29 2 32
30 1 7
63 1 62
63 2 44
3 1 23
43 1 11
20 2 22
32 1 44
63 1 35
62 1 49
19 1 24
4 2 35
1 5 3
37 1 7
13 1 1
7 1 22
18 2 24
1 2 25
41 1 38
40 1 30
38 1 37
11 1 26
38 1 16
9 1 5
44 1 4
16 1 11
32 1 40
32 1 63
26 2 23
25 1 18
30 1 11
1 4 3
36 1 32
14 2 36
11 1 10
44 1 2
23 2 10
11 1 22
41 2 64
41 1 32
22 2 3
1 2 22
26 1 3
51 1 9
9 1 16
28 1 11
5 1 1
3 4 1
34 1 33
? 1 github_java_program_data/14/167.java

18 1 11
44 1 4
23 2 1
21 2 31
38 1 30
7 1 39
22 2 20
1 1 19
51 1 13
35 1 48
49 1 1
32 1 40
46 2 79
2 2 3
64 6 63
71 2 2
79 2 46
21 2 48
7 1 6
32 1 43
37 1 11
40 2 31
21 1 7
29 1 28
36 1 35
4 2 5
23 2 22
1 2 15
43 1 7
2 1 3
29 1 30
14 1 13
3 2 22
40 1 39
44 1 82
1 5 3
1 2 62
25 1 71
11 1 23
32 1 34
7 1 26
23 2 3
63 1 3
26 2 23
26 1 19
86 2 79
35 1 34
24 1 7
44 1 35
18 1 1
63 1 1
6 2 22
63 1 5
46 1 1
16 2 27
5 1 3
11 1 3
22 2 1
63 1 2
16 1 7
71 2 3
71 2 5
38 2 32
62 2 35
17 2 41
38 2 35
9 1 2
63 1 4
35 1 55
40 1 27
14 2 36
49 1 13
15 1 11
63 1 82
4 1 49
62 1 51
9 1 15
35 1 14
26 1 25
16 2 30
35 1 40
3 2 16
3 5 1
11 1 20
1 1 3
23 2 26
20 1 3
20 1 25
64 6 44
35 1 36
27 1 11
44 1 1
1 2 4
5 2 3
16 1 13
29 2 35
32 1 31
22 2 6
7 1 3
63 2 44
41 2 43
44 1 71
33 1 35
2 2 1
33 1 32
35 1 31
36 2 64
25 1 24
24 1 1
32 1 41
35 1 41
64 1 7
15 1 7
45 1 25
44 1 5
25 1 35
35 1 64
1 1 23
9 1 1
51 2 49
17 1 13
21 2 64
25 1 18
3 1 25
11 1 26
27 1 7
2 1 1
22 2 10
7 1 10
45 1 46
5 2 1
18 1 3
1 1 22
13 1 5
32 1 17
79 1 1
15 1 9
39 1 32
1 4 3
23 2 6
38 1 27
15 2 30
49 1 9
36 1 29
32 1 21
7 1 1
3 2 23
3 2 25
3 2 4
79 2 25
15 1 13
24 1 11
3 7 1
44 1 3
49 2 51
3 2 15
1 2 23
62 2 32
7 1 23
18 1 7
16 1 9
4 1 51
31 1 7
21 1 11
3 2 19
13 1 3
44 1 32
28 1 7
9 1 3
14 1 9
13 1 15
29 1 15
30 2 37
4 2 32
44 2 63
36 2 17
22 2 3
39 1 62
1 2 19
3 1 22
30 2 39
3 2 62
27 2 37
7 1 20
35 1 17
19 1 18
1 2 22
24 2 18
11 1 6
34 2 14
13 1 2
13 1 16
31 1 11
29 2 32
30 1 7
63 1 62
20 2 22
24 1 3
22 2 26
3 1 23
32 1 14
1 1 25
30 2 28
62 1 49
19 1 24
1 2 16
37 1 7
13 1 1
20 2 23
7 1 22
82 2 71
18 2 24
27 2 33
1 2 25
41 1 38
35 1 21
40 1 30
38 1 37
34 1 27
38 1 16
32 1 11
9 1 5
31 2 34
20 1 1
17 1 9
16 1 11
26 1 1
39 1 35
63 1 32
20 1 19
71 2 4
3 1 19
30 1 11
51 1 9
43 6 44
35 1 44
45 1 86
36 1 32
27 2 39
63 1 71
1 7 3
11 1 10
44 1 2
32 1 36
3 2 35
23 2 10
11 1 22
35 1 63
51 1 3
41 1 32
32 1 64
3 1 1
11 1 1
44 1 62
45 1 79
26 1 3
41 1 35
4 2 2
86 1 1
9 1 16
26 2 22
31 2 55
28 1 11
5 1 1
23 2 20
25 1 3
41 2 40
3 4 1
34 1 33
? 1 github_java_program_data/14/173.java

3 4 1
18 1 11
17 1 9
23 2 1
1 4 3
71 2 1
11 1 3
15 2 30
49 1 9
51 1 13
32 1 21
7 1 1
3 2 23
3 2 25
1 2 32
25 1 32
29 1 28
15 1 13
24 1 11
25 1 1
5 2 3
7 1 6
30 2 28
34 1 33
3 2 15
21 1 7
63 1 82
4 2 35
20 1 19
79 1 3
18 1 7
4 1 51
1 2 15
13 1 15
21 1 11
2 1 3
29 1 30
14 1 13
29 2 35
1 1 3
13 1 3
44 1 82
44 1 32
1 2 62
25 1 71
28 1 7
11 1 23
9 1 3
14 1 9
63 1 71
29 1 15
23 2 3
4 2 32
44 2 63
22 2 20
22 2 3
35 1 34
24 1 7
33 2 42
1 2 19
44 1 35
3 1 22
63 1 1
34 1 42
7 1 20
19 1 18
11 1 1
24 2 18
36 1 29
16 1 7
7 1 23
5 1 3
13 1 2
13 1 16
31 1 11
11 1 6
63 1 62
63 2 44
3 1 23
32 1 14
14 2 17
32 1 63
32 1 44
63 1 35
34 1 27
19 1 24
27 2 33
1 5 3
36 1 35
13 1 1
3 2 22
7 1 22
82 2 71
15 1 11
18 2 24
2 2 3
1 2 25
22 2 1
4 1 49
62 1 51
9 1 15
63 1 2
35 1 14
1 1 8
9 1 5
26 1 25
71 2 2
20 1 1
44 1 4
26 1 1
14 2 34
3 5 1
3 2 8
11 1 20
25 1 18
20 1 3
30 1 11
62 2 35
7 1 3
44 1 1
3 2 16
1 2 4
31 1 7
7 1 26
3 2 19
11 1 10
22 2 6
44 1 2
32 1 36
44 1 71
79 2 25
11 1 22
2 2 1
33 1 32
35 1 31
25 1 24
5 2 1
15 1 7
45 1 25
27 1 11
3 1 1
1 1 23
9 1 1
17 2 21
45 1 79
1 2 22
26 1 3
49 2 51
11 1 26
26 2 22
2 1 1
22 2 10
9 1 16
1 2 23
5 1 1
23 2 20
42 1 32
1 1 22
13 1 5
32 1 17
? 1 github_java_program_data/14/178.java

1 1 19
44 1 4
23 2 1
21 2 31
109 1 3
38 1 30
54 2 63
14 2 68
22 2 20
35 1 25
18 1 11
15 1 9
21 2 55
26 1 1
31 2 21
39 1 32
36 2 17
2 2 3
29 1 27
17 2 14
71 2 2
25 1 1
0 2 82
5 2 3
7 1 6
44 1 0
3 1 22
37 1 11
40 1 47
29 1 16
63 1 1
29 1 28
38 1 15
30 2 39
45 1 104
8 1 11
1 2 15
71 2 1
34 1 39
43 1 7
2 1 3
29 1 30
14 1 13
3 2 22
1 1 25
44 1 82
1 5 3
1 2 62
11 1 23
30 2 33
32 1 34
12 1 11
0 1 1
23 2 3
63 1 3
26 2 23
26 1 19
86 2 79
35 1 34
24 1 7
44 1 35
21 1 7
6 2 22
31 2 40
33 2 47
24 2 18
63 1 5
13 1 82
1 2 108
16 2 27
5 1 3
11 1 3
27 1 11
63 1 2
16 1 7
34 2 31
71 2 5
38 2 32
62 2 35
32 1 48
47 1 34
45 1 46
73 1 105
9 1 2
40 1 33
3 2 12
109 2 71
108 2 35
40 1 27
63 1 71
49 1 13
15 1 11
20 1 25
22 2 1
4 1 49
0 2 71
25 1 18
21 2 40
9 1 15
6 2 23
35 1 14
7 1 1
1 2 12
104 1 71
13 2 9
11 1 10
35 1 40
3 2 16
3 5 1
35 1 43
11 1 20
25 1 73
14 2 54
1 1 3
20 1 3
40 1 39
17 1 13
44 2 25
35 1 36
44 1 2
44 1 1
38 2 35
1 2 4
3 1 12
22 2 6
7 1 3
63 2 44
54 1 3
14 2 17
41 2 43
44 1 71
3 7 1
33 1 35
31 2 48
2 2 1
33 1 32
35 1 31
43 6 44
25 1 24
17 2 34
32 1 41
16 1 13
63 1 32
68 1 1
108 1 7
32 1 63
35 1 64
1 1 23
9 1 1
27 2 28
22 2 26
40 2 64
54 1 4
64 1 7
32 1 54
11 1 26
27 1 7
2 1 1
12 1 7
7 1 10
22 2 23
34 1 30
5 2 1
18 1 3
1 1 22
13 1 5
32 1 17
46 2 79
54 1 35
32 1 31
86 1 3
1 4 3
3 1 8
23 2 6
38 1 27
1 2 73
15 2 30
36 1 29
32 1 21
7 1 1
3 2 23
3 2 25
3 2 4
79 2 46
25 1 32
15 1 13
24 1 11
68 1 4
44 1 3
64 6 63
82 2 2
105 1 1
3 2 15
1 2 23
62 2 32
7 1 23
82 2 1
79 1 3
18 1 7
23 2 22
16 1 9
4 1 51
25 1 82
31 1 7
21 1 11
15 1 7
3 2 19
13 1 3
16 2 30
4 2 35
14 2 41
28 1 7
9 1 3
63 1 109
14 1 9
13 1 15
29 1 15
30 2 37
4 2 32
44 2 63
35 1 56
9 1 82
22 2 3
68 1 32
21 2 41
1 2 19
32 1 43
10 2 23
3 2 62
27 2 37
7 1 20
35 1 17
19 1 18
1 2 22
56 1 7
11 1 6
13 1 2
13 1 16
31 1 11
29 2 32
30 1 7
63 1 62
20 2 22
24 1 3
31 2 36
3 1 23
32 1 14
15 2 27
43 1 11
35 1 55
9 1 71
104 1 35
63 1 35
30 2 28
41 1 35
32 1 44
37 1 7
13 1 1
7 1 22
18 2 24
27 2 33
41 1 38
8 1 7
35 1 21
40 1 30
38 1 37
34 1 27
38 1 16
68 2 44
9 1 5
20 1 1
17 1 9
1 2 16
16 1 11
32 1 40
39 1 35
64 1 11
3 2 8
20 1 19
0 1 3
36 2 31
41 2 36
30 1 11
22 2 10
73 2 32
35 1 44
1 2 8
45 1 86
36 1 32
27 2 39
7 1 26
17 2 31
46 1 3
1 1 12
32 1 36
23 2 10
11 1 22
104 1 108
40 2 56
41 1 32
32 1 64
1 1 8
104 1 1
3 1 1
11 1 1
44 1 62
45 1 79
26 1 3
51 1 9
9 1 16
10 2 22
28 1 11
5 1 1
23 2 20
35 1 68
1 7 3
79 2 104
3 4 1
34 1 33
? 1 github_java_program_data/14/194.java

18 1 11
23 2 1
71 2 1
24 1 7
51 1 13
26 1 1
39 1 32
2 2 3
29 1 27
64 6 63
71 2 2
25 1 1
5 2 3
7 1 6
3 1 22
29 1 16
21 1 7
29 1 28
20 1 19
1 2 15
2 1 3
3 2 22
40 1 39
44 1 82
36 2 43
1 2 62
25 1 71
11 1 23
30 2 33
32 1 34
7 1 26
23 2 3
63 1 3
23 2 26
22 2 20
33 2 42
1 2 32
44 1 35
63 1 1
63 1 5
16 2 27
5 1 3
11 1 3
22 2 1
63 1 2
16 1 7
71 2 5
38 2 32
17 2 41
9 1 2
63 1 71
49 1 13
15 1 11
4 1 49
62 1 51
9 1 15
40 1 61
35 1 14
26 1 25
13 2 9
3 2 16
3 5 1
35 1 43
11 1 20
1 1 3
20 1 3
17 1 13
35 1 36
27 1 11
44 1 1
1 2 4
16 1 13
34 1 42
22 2 6
7 1 3
39 2 61
2 2 1
33 1 32
35 1 31
43 6 44
25 1 24
35 1 41
64 1 7
15 1 7
45 1 25
35 1 64
9 1 1
27 2 28
22 2 26
5 2 1
27 1 7
2 1 1
7 1 10
34 1 30
62 2 35
1 1 22
13 1 5
9 2 13
23 2 6
38 1 27
49 1 9
36 1 29
32 1 21
7 1 1
3 2 23
3 2 25
3 2 4
25 1 32
6 2 23
24 1 11
61 1 35
44 1 3
82 2 2
49 2 51
3 2 15
1 2 23
7 1 23
18 1 7
16 1 9
4 1 51
31 1 7
21 1 11
42 1 35
3 2 19
13 1 3
44 1 32
9 1 3
14 1 9
13 1 15
4 2 32
44 2 63
3 1 1
32 1 43
30 2 39
3 2 62
27 2 37
7 1 20
35 1 17
19 1 18
11 1 1
11 1 6
13 1 2
13 1 16
31 1 11
29 2 32
30 1 7
63 1 62
63 2 44
3 1 23
43 1 11
20 2 22
32 1 44
63 1 35
62 1 49
19 1 24
4 2 35
1 5 3
37 1 7
13 1 1
7 1 22
18 2 24
1 2 25
41 1 38
40 1 30
38 1 37
11 1 26
38 1 16
9 1 5
44 1 4
16 1 11
32 1 40
32 1 63
26 2 23
25 1 18
30 1 11
1 4 3
36 1 32
14 2 36
11 1 10
44 1 2
23 2 10
11 1 22
41 2 64
41 1 32
22 2 3
1 2 22
26 1 3
51 1 9
9 1 16
28 1 11
5 1 1
3 4 1
34 1 33
? 1 github_java_program_data/14/197.java

18 1 11
44 1 4
23 2 1
21 2 31
38 1 30
7 1 39
22 2 20
1 1 19
51 1 13
35 1 48
49 1 1
32 1 40
46 2 79
2 2 3
64 6 63
71 2 2
79 2 46
21 2 48
7 1 6
32 1 43
37 1 11
40 2 31
21 1 7
29 1 28
36 1 35
4 2 5
23 2 22
1 2 15
43 1 7
2 1 3
29 1 30
14 1 13
3 2 22
40 1 39
44 1 82
1 5 3
1 2 62
25 1 71
11 1 23
32 1 34
7 1 26
23 2 3
63 1 3
26 2 23
26 1 19
86 2 79
35 1 34
24 1 7
44 1 35
18 1 1
63 1 1
6 2 22
63 1 5
46 1 1
16 2 27
5 1 3
11 1 3
22 2 1
63 1 2
16 1 7
71 2 3
71 2 5
38 2 32
62 2 35
17 2 41
38 2 35
9 1 2
63 1 4
35 1 55
40 1 27
14 2 36
49 1 13
15 1 11
63 1 82
4 1 49
62 1 51
9 1 15
35 1 14
26 1 25
16 2 30
35 1 40
3 2 16
3 5 1
11 1 20
1 1 3
23 2 26
20 1 3
20 1 25
64 6 44
35 1 36
27 1 11
44 1 1
1 2 4
5 2 3
16 1 13
29 2 35
32 1 31
22 2 6
7 1 3
63 2 44
41 2 43
44 1 71
33 1 35
2 2 1
33 1 32
35 1 31
36 2 64
25 1 24
24 1 1
32 1 41
35 1 41
64 1 7
15 1 7
45 1 25
44 1 5
25 1 35
35 1 64
1 1 23
9 1 1
51 2 49
17 1 13
21 2 64
25 1 18
3 1 25
11 1 26
27 1 7
2 1 1
22 2 10
7 1 10
45 1 46
5 2 1
18 1 3
1 1 22
13 1 5
32 1 17
79 1 1
15 1 9
39 1 32
1 4 3
23 2 6
38 1 27
15 2 30
49 1 9
36 1 29
32 1 21
7 1 1
3 2 23
3 2 25
3 2 4
79 2 25
15 1 13
24 1 11
3 7 1
44 1 3
49 2 51
3 2 15
1 2 23
62 2 32
7 1 23
18 1 7
16 1 9
4 1 51
31 1 7
21 1 11
3 2 19
13 1 3
44 1 32
28 1 7
9 1 3
14 1 9
13 1 15
29 1 15
30 2 37
4 2 32
44 2 63
36 2 17
22 2 3
39 1 62
1 2 19
3 1 22
30 2 39
3 2 62
27 2 37
7 1 20
35 1 17
19 1 18
1 2 22
24 2 18
11 1 6
34 2 14
13 1 2
13 1 16
31 1 11
29 2 32
30 1 7
63 1 62
20 2 22
24 1 3
22 2 26
3 1 23
32 1 14
1 1 25
30 2 28
62 1 49
19 1 24
1 2 16
37 1 7
13 1 1
20 2 23
7 1 22
82 2 71
18 2 24
27 2 33
1 2 25
41 1 38
35 1 21
40 1 30
38 1 37
34 1 27
38 1 16
32 1 11
9 1 5
31 2 34
20 1 1
17 1 9
16 1 11
26 1 1
39 1 35
63 1 32
20 1 19
71 2 4
3 1 19
30 1 11
51 1 9
43 6 44
35 1 44
45 1 86
36 1 32
27 2 39
63 1 71
1 7 3
11 1 10
44 1 2
32 1 36
3 2 35
23 2 10
11 1 22
35 1 63
51 1 3
41 1 32
32 1 64
3 1 1
11 1 1
44 1 62
45 1 79
26 1 3
41 1 35
4 2 2
86 1 1
9 1 16
26 2 22
31 2 55
28 1 11
5 1 1
23 2 20
25 1 3
41 2 40
3 4 1
34 1 33
? 1 github_java_program_data/14/203.java

3 4 1
18 1 11
17 1 9
23 2 1
1 4 3
71 2 1
11 1 3
15 2 30
49 1 9
51 1 13
32 1 21
7 1 1
3 2 23
3 2 25
1 2 32
25 1 32
29 1 28
15 1 13
24 1 11
25 1 1
5 2 3
7 1 6
30 2 28
34 1 33
3 2 15
21 1 7
63 1 82
4 2 35
20 1 19
79 1 3
18 1 7
4 1 51
1 2 15
13 1 15
21 1 11
2 1 3
29 1 30
14 1 13
29 2 35
1 1 3
13 1 3
44 1 82
44 1 32
1 2 62
25 1 71
28 1 7
11 1 23
9 1 3
14 1 9
63 1 71
29 1 15
23 2 3
4 2 32
44 2 63
22 2 20
22 2 3
35 1 34
24 1 7
33 2 42
1 2 19
44 1 35
3 1 22
63 1 1
34 1 42
7 1 20
19 1 18
11 1 1
24 2 18
36 1 29
16 1 7
7 1 23
5 1 3
13 1 2
13 1 16
31 1 11
11 1 6
63 1 62
63 2 44
3 1 23
32 1 14
14 2 17
32 1 63
32 1 44
63 1 35
34 1 27
19 1 24
27 2 33
1 5 3
36 1 35
13 1 1
3 2 22
7 1 22
82 2 71
15 1 11
18 2 24
2 2 3
1 2 25
22 2 1
4 1 49
62 1 51
9 1 15
63 1 2
35 1 14
1 1 8
9 1 5
26 1 25
71 2 2
20 1 1
44 1 4
26 1 1
14 2 34
3 5 1
3 2 8
11 1 20
25 1 18
20 1 3
30 1 11
62 2 35
7 1 3
44 1 1
3 2 16
1 2 4
31 1 7
7 1 26
3 2 19
11 1 10
22 2 6
44 1 2
32 1 36
44 1 71
79 2 25
11 1 22
2 2 1
33 1 32
35 1 31
25 1 24
5 2 1
15 1 7
45 1 25
27 1 11
3 1 1
1 1 23
9 1 1
17 2 21
45 1 79
1 2 22
26 1 3
49 2 51
11 1 26
26 2 22
2 1 1
22 2 10
9 1 16
1 2 23
5 1 1
23 2 20
42 1 32
1 1 22
13 1 5
32 1 17
? 1 github_java_program_data/14/208.java

1 1 19
44 1 4
23 2 1
36 2 41
38 1 30
71 2 1
24 1 7
18 1 11
51 1 13
45 1 79
26 1 1
2 2 3
25 1 1
5 2 3
7 1 6
3 1 22
37 1 11
29 1 16
29 1 28
36 1 35
1 2 15
2 1 3
29 1 30
1 1 3
40 1 39
44 1 82
1 5 3
25 1 71
11 1 23
32 1 34
7 1 26
23 2 3
23 2 26
86 2 79
35 1 34
20 2 23
1 2 32
44 1 35
18 1 1
24 2 18
39 2 42
5 1 3
22 2 1
38 2 32
86 1 3
40 1 27
15 1 11
4 1 49
25 1 18
9 1 15
35 1 14
26 1 25
40 1 42
35 1 40
3 2 16
14 2 34
3 5 1
35 1 43
11 1 20
3 2 22
20 1 3
17 1 13
35 1 36
27 1 11
44 1 1
1 2 4
16 1 13
29 2 35
22 2 6
7 1 3
2 2 1
33 1 32
11 1 3
36 2 64
25 1 24
24 1 1
35 1 41
64 1 7
15 1 7
45 1 25
30 2 37
35 1 64
1 1 23
9 1 1
3 1 25
5 2 1
27 1 7
2 1 1
22 2 10
7 1 10
17 2 40
79 2 25
18 1 3
1 1 22
32 1 31
1 4 3
15 2 30
49 1 9
36 1 29
32 1 21
7 1 1
3 2 23
3 2 25
25 1 32
15 1 13
24 1 11
61 1 35
64 6 44
82 2 2
49 2 51
3 2 15
1 2 23
7 1 23
79 1 3
18 1 7
16 2 30
4 1 51
31 1 7
21 1 11
3 2 19
13 1 3
34 1 61
4 2 35
9 1 3
14 1 9
13 1 15
29 1 15
3 1 1
13 1 63
1 2 19
32 1 43
30 2 39
7 1 20
35 1 17
19 1 18
1 2 22
33 2 61
11 1 6
13 1 2
13 1 16
29 2 32
30 1 7
24 1 3
3 1 23
32 1 14
14 2 17
11 1 26
43 1 11
20 2 22
32 1 44
30 2 28
19 1 24
1 2 16
41 2 36
13 1 1
7 1 22
18 2 24
27 2 33
1 2 25
41 1 38
35 1 21
40 1 30
38 1 37
34 1 27
38 1 16
9 1 5
20 1 1
17 1 9
16 1 11
32 1 40
39 1 35
20 1 19
17 2 14
63 1 11
45 1 86
36 1 32
27 2 39
14 2 36
11 1 10
44 1 2
41 1 32
22 2 3
11 1 1
34 2 14
26 1 3
9 1 16
26 2 22
28 1 11
5 1 1
23 2 20
3 2 63
42 1 32
3 4 1
34 1 33
? 1 github_java_program_data/14/229.java

18 1 11
44 1 4
23 2 1
21 2 31
38 1 30
7 1 39
22 2 20
1 1 19
51 1 13
35 1 48
49 1 1
32 1 40
46 2 79
2 2 3
64 6 63
71 2 2
79 2 46
21 2 48
7 1 6
32 1 43
37 1 11
40 2 31
21 1 7
29 1 28
36 1 35
4 2 5
23 2 22
1 2 15
43 1 7
2 1 3
29 1 30
14 1 13
3 2 22
40 1 39
44 1 82
1 5 3
1 2 62
25 1 71
11 1 23
32 1 34
7 1 26
23 2 3
63 1 3
26 2 23
26 1 19
86 2 79
35 1 34
24 1 7
44 1 35
18 1 1
63 1 1
6 2 22
63 1 5
46 1 1
16 2 27
5 1 3
11 1 3
22 2 1
63 1 2
16 1 7
71 2 3
71 2 5
38 2 32
62 2 35
17 2 41
38 2 35
9 1 2
63 1 4
35 1 55
40 1 27
14 2 36
49 1 13
15 1 11
63 1 82
4 1 49
62 1 51
9 1 15
35 1 14
26 1 25
16 2 30
35 1 40
3 2 16
3 5 1
11 1 20
1 1 3
23 2 26
20 1 3
20 1 25
64 6 44
35 1 36
27 1 11
44 1 1
1 2 4
5 2 3
16 1 13
29 2 35
32 1 31
22 2 6
7 1 3
63 2 44
41 2 43
44 1 71
33 1 35
2 2 1
33 1 32
35 1 31
36 2 64
25 1 24
24 1 1
32 1 41
35 1 41
64 1 7
15 1 7
45 1 25
44 1 5
25 1 35
35 1 64
1 1 23
9 1 1
51 2 49
17 1 13
21 2 64
25 1 18
3 1 25
11 1 26
27 1 7
2 1 1
22 2 10
7 1 10
45 1 46
5 2 1
18 1 3
1 1 22
13 1 5
32 1 17
79 1 1
15 1 9
39 1 32
1 4 3
23 2 6
38 1 27
15 2 30
49 1 9
36 1 29
32 1 21
7 1 1
3 2 23
3 2 25
3 2 4
79 2 25
15 1 13
24 1 11
3 7 1
44 1 3
49 2 51
3 2 15
1 2 23
62 2 32
7 1 23
18 1 7
16 1 9
4 1 51
31 1 7
21 1 11
3 2 19
13 1 3
44 1 32
28 1 7
9 1 3
14 1 9
13 1 15
29 1 15
30 2 37
4 2 32
44 2 63
36 2 17
22 2 3
39 1 62
1 2 19
3 1 22
30 2 39
3 2 62
27 2 37
7 1 20
35 1 17
19 1 18
1 2 22
24 2 18
11 1 6
34 2 14
13 1 2
13 1 16
31 1 11
29 2 32
30 1 7
63 1 62
20 2 22
24 1 3
22 2 26
3 1 23
32 1 14
1 1 25
30 2 28
62 1 49
19 1 24
1 2 16
37 1 7
13 1 1
20 2 23
7 1 22
82 2 71
18 2 24
27 2 33
1 2 25
41 1 38
35 1 21
40 1 30
38 1 37
34 1 27
38 1 16
32 1 11
9 1 5
31 2 34
20 1 1
17 1 9
16 1 11
26 1 1
39 1 35
63 1 32
20 1 19
71 2 4
3 1 19
30 1 11
51 1 9
43 6 44
35 1 44
45 1 86
36 1 32
27 2 39
63 1 71
1 7 3
11 1 10
44 1 2
32 1 36
3 2 35
23 2 10
11 1 22
35 1 63
51 1 3
41 1 32
32 1 64
3 1 1
11 1 1
44 1 62
45 1 79
26 1 3
41 1 35
4 2 2
86 1 1
9 1 16
26 2 22
31 2 55
28 1 11
5 1 1
23 2 20
25 1 3
41 2 40
3 4 1
34 1 33
? 1 github_java_program_data/14/23.java

3 4 1
18 1 11
17 1 9
23 2 1
1 4 3
71 2 1
11 1 3
15 2 30
49 1 9
51 1 13
32 1 21
7 1 1
3 2 23
3 2 25
1 2 32
25 1 32
29 1 28
15 1 13
24 1 11
25 1 1
5 2 3
7 1 6
30 2 28
34 1 33
3 2 15
21 1 7
63 1 82
4 2 35
20 1 19
79 1 3
18 1 7
4 1 51
1 2 15
13 1 15
21 1 11
2 1 3
29 1 30
14 1 13
29 2 35
1 1 3
13 1 3
44 1 82
44 1 32
1 2 62
25 1 71
28 1 7
11 1 23
9 1 3
14 1 9
63 1 71
29 1 15
23 2 3
4 2 32
44 2 63
22 2 20
22 2 3
35 1 34
24 1 7
33 2 42
1 2 19
44 1 35
3 1 22
63 1 1
34 1 42
7 1 20
19 1 18
11 1 1
24 2 18
36 1 29
16 1 7
7 1 23
5 1 3
13 1 2
13 1 16
31 1 11
11 1 6
63 1 62
63 2 44
3 1 23
32 1 14
14 2 17
32 1 63
32 1 44
63 1 35
34 1 27
19 1 24
27 2 33
1 5 3
36 1 35
13 1 1
3 2 22
7 1 22
82 2 71
15 1 11
18 2 24
2 2 3
1 2 25
22 2 1
4 1 49
62 1 51
9 1 15
63 1 2
35 1 14
1 1 8
9 1 5
26 1 25
71 2 2
20 1 1
44 1 4
26 1 1
14 2 34
3 5 1
3 2 8
11 1 20
25 1 18
20 1 3
30 1 11
62 2 35
7 1 3
44 1 1
3 2 16
1 2 4
31 1 7
7 1 26
3 2 19
11 1 10
22 2 6
44 1 2
32 1 36
44 1 71
79 2 25
11 1 22
2 2 1
33 1 32
35 1 31
25 1 24
5 2 1
15 1 7
45 1 25
27 1 11
3 1 1
1 1 23
9 1 1
17 2 21
45 1 79
1 2 22
26 1 3
49 2 51
11 1 26
26 2 22
2 1 1
22 2 10
9 1 16
1 2 23
5 1 1
23 2 20
42 1 32
1 1 22
13 1 5
32 1 17
? 1 github_java_program_data/14/238.java

1 1 19
17 1 9
23 2 1
21 2 31
3 2 12
38 1 30
23 2 6
20 2 23
18 1 11
51 1 13
15 1 9
26 1 1
31 2 21
39 1 32
2 2 3
29 1 27
71 2 2
30 2 35
34 2 36
5 2 3
7 1 6
32 1 43
37 1 11
29 1 16
21 1 7
29 1 28
41 2 14
20 1 19
8 1 11
98 1 35
1 2 15
22 2 10
2 1 3
29 1 30
14 1 13
3 2 22
1 1 25
44 1 82
1 5 3
31 2 17
25 1 71
11 1 23
30 2 33
32 1 34
12 1 11
23 2 3
63 1 3
26 2 23
23 2 26
22 2 20
27 2 37
86 2 79
35 1 34
24 1 7
44 1 35
18 1 1
63 1 1
17 2 31
35 1 67
63 1 5
46 1 1
16 2 27
5 1 3
11 1 3
27 1 11
63 1 2
16 1 7
34 2 64
71 2 3
71 2 5
38 2 32
62 2 35
14 2 21
17 2 41
46 2 79
9 1 2
40 2 36
21 2 17
67 1 35
40 1 27
14 2 36
49 1 13
15 1 11
63 1 82
22 2 1
4 1 49
62 1 51
3 7 1
9 1 15
31 2 67
35 1 14
1 1 8
67 1 27
26 1 25
67 1 32
35 1 40
3 2 16
14 2 34
3 5 1
35 1 43
11 1 20
34 2 40
1 1 3
20 1 3
17 1 13
79 2 46
35 1 36
44 1 2
67 1 30
36 2 34
3 1 12
16 1 13
14 2 65
65 2 31
29 2 35
22 2 6
7 1 3
17 2 92
44 1 71
33 1 35
63 1 7
2 2 1
33 1 32
35 1 31
41 2 21
25 1 24
92 1 98
32 1 41
35 1 41
63 1 32
15 1 7
45 1 25
32 1 36
7 1 26
1 1 23
9 1 1
51 2 49
22 2 26
65 1 27
25 1 18
3 1 25
11 1 26
27 1 7
2 1 1
12 1 7
7 1 10
34 1 30
9 1 18
18 1 3
1 1 22
13 1 5
32 1 17
79 1 1
32 1 31
21 2 43
1 4 3
3 1 8
98 1 62
38 1 27
15 2 30
49 1 9
36 1 29
32 1 21
7 1 1
3 2 23
3 2 25
3 2 4
79 2 25
24 1 11
15 2 27
44 1 3
32 2 98
24 1 1
41 2 34
17 2 65
49 2 51
3 2 15
1 2 23
62 2 32
7 1 23
18 1 7
23 2 22
16 2 30
4 1 51
31 1 7
21 1 11
3 2 19
14 2 67
17 2 40
13 1 3
44 1 32
4 2 35
28 1 7
9 1 3
14 1 9
13 1 15
29 1 15
25 1 35
4 2 32
44 2 63
18 1 11
22 2 3
13 1 63
1 2 19
17 2 21
3 1 22
30 2 39
3 2 62
35 1 65
7 1 20
35 1 17
19 1 18
1 2 22
24 2 18
11 1 6
27 2 28
31 2 41
13 1 2
13 1 16
31 1 11
29 2 32
30 1 7
63 1 62
24 1 3
63 2 44
3 1 23
32 1 14
14 2 17
65 1 32
40 1 39
1 2 62
63 1 35
30 2 28
62 1 49
19 1 24
1 2 16
41 2 36
37 1 7
13 1 1
10 2 22
7 1 22
82 2 71
32 1 67
18 2 24
1 2 12
1 2 25
41 1 38
8 1 7
35 1 21
40 1 30
38 1 37
92 1 32
34 1 27
38 1 16
27 2 33
9 1 5
27 2 32
20 1 1
44 1 4
16 1 11
32 1 40
39 1 35
3 2 8
36 1 35
3 1 19
40 2 43
30 1 11
17 2 14
35 1 44
1 2 8
45 1 86
36 1 32
27 2 39
63 1 71
1 7 3
11 1 10
1 1 12
45 1 46
3 2 35
30 2 37
23 2 10
11 1 22
35 1 63
92 2 17
41 1 32
32 1 64
32 1 92
3 1 1
11 1 1
45 1 79
5 2 1
26 1 3
51 1 9
86 1 1
9 1 16
26 2 22
1 2 18
14 2 31
28 1 11
5 1 1
23 2 20
3 2 63
25 1 3
3 4 1
34 1 33
? 1 github_java_program_data/14/246.java

18 1 11
44 1 4
23 2 1
21 2 31
38 1 30
7 1 39
22 2 20
1 1 19
51 1 13
35 1 48
49 1 1
32 1 40
46 2 79
2 2 3
64 6 63
71 2 2
79 2 46
21 2 48
7 1 6
32 1 43
37 1 11
40 2 31
21 1 7
29 1 28
36 1 35
4 2 5
23 2 22
1 2 15
43 1 7
2 1 3
29 1 30
14 1 13
3 2 22
40 1 39
44 1 82
1 5 3
1 2 62
25 1 71
11 1 23
32 1 34
7 1 26
23 2 3
63 1 3
26 2 23
26 1 19
86 2 79
35 1 34
24 1 7
44 1 35
18 1 1
63 1 1
6 2 22
63 1 5
46 1 1
16 2 27
5 1 3
11 1 3
22 2 1
63 1 2
16 1 7
71 2 3
71 2 5
38 2 32
62 2 35
17 2 41
38 2 35
9 1 2
63 1 4
35 1 55
40 1 27
14 2 36
49 1 13
15 1 11
63 1 82
4 1 49
62 1 51
9 1 15
35 1 14
26 1 25
16 2 30
35 1 40
3 2 16
3 5 1
11 1 20
1 1 3
23 2 26
20 1 3
20 1 25
64 6 44
35 1 36
27 1 11
44 1 1
1 2 4
5 2 3
16 1 13
29 2 35
32 1 31
22 2 6
7 1 3
63 2 44
41 2 43
44 1 71
33 1 35
2 2 1
33 1 32
35 1 31
36 2 64
25 1 24
24 1 1
32 1 41
35 1 41
64 1 7
15 1 7
45 1 25
44 1 5
25 1 35
35 1 64
1 1 23
9 1 1
51 2 49
17 1 13
21 2 64
25 1 18
3 1 25
11 1 26
27 1 7
2 1 1
22 2 10
7 1 10
45 1 46
5 2 1
18 1 3
1 1 22
13 1 5
32 1 17
79 1 1
15 1 9
39 1 32
1 4 3
23 2 6
38 1 27
15 2 30
49 1 9
36 1 29
32 1 21
7 1 1
3 2 23
3 2 25
3 2 4
79 2 25
15 1 13
24 1 11
3 7 1
44 1 3
49 2 51
3 2 15
1 2 23
62 2 32
7 1 23
18 1 7
16 1 9
4 1 51
31 1 7
21 1 11
3 2 19
13 1 3
44 1 32
28 1 7
9 1 3
14 1 9
13 1 15
29 1 15
30 2 37
4 2 32
44 2 63
36 2 17
22 2 3
39 1 62
1 2 19
3 1 22
30 2 39
3 2 62
27 2 37
7 1 20
35 1 17
19 1 18
1 2 22
24 2 18
11 1 6
34 2 14
13 1 2
13 1 16
31 1 11
29 2 32
30 1 7
63 1 62
20 2 22
24 1 3
22 2 26
3 1 23
32 1 14
1 1 25
30 2 28
62 1 49
19 1 24
1 2 16
37 1 7
13 1 1
20 2 23
7 1 22
82 2 71
18 2 24
27 2 33
1 2 25
41 1 38
35 1 21
40 1 30
38 1 37
34 1 27
38 1 16
32 1 11
9 1 5
31 2 34
20 1 1
17 1 9
16 1 11
26 1 1
39 1 35
63 1 32
20 1 19
71 2 4
3 1 19
30 1 11
51 1 9
43 6 44
35 1 44
45 1 86
36 1 32
27 2 39
63 1 71
1 7 3
11 1 10
44 1 2
32 1 36
3 2 35
23 2 10
11 1 22
35 1 63
51 1 3
41 1 32
32 1 64
3 1 1
11 1 1
44 1 62
45 1 79
26 1 3
41 1 35
4 2 2
86 1 1
9 1 16
26 2 22
31 2 55
28 1 11
5 1 1
23 2 20
25 1 3
41 2 40
3 4 1
34 1 33
? 1 github_java_program_data/14/263.java

3 4 1
18 1 11
17 1 9
23 2 1
1 4 3
71 2 1
11 1 3
15 2 30
49 1 9
51 1 13
32 1 21
7 1 1
3 2 23
3 2 25
1 2 32
25 1 32
29 1 28
15 1 13
24 1 11
25 1 1
5 2 3
7 1 6
30 2 28
34 1 33
3 2 15
21 1 7
63 1 82
4 2 35
20 1 19
79 1 3
18 1 7
4 1 51
1 2 15
13 1 15
21 1 11
2 1 3
29 1 30
14 1 13
29 2 35
1 1 3
13 1 3
44 1 82
44 1 32
1 2 62
25 1 71
28 1 7
11 1 23
9 1 3
14 1 9
63 1 71
29 1 15
23 2 3
4 2 32
44 2 63
22 2 20
22 2 3
35 1 34
24 1 7
33 2 42
1 2 19
44 1 35
3 1 22
63 1 1
34 1 42
7 1 20
19 1 18
11 1 1
24 2 18
36 1 29
16 1 7
7 1 23
5 1 3
13 1 2
13 1 16
31 1 11
11 1 6
63 1 62
63 2 44
3 1 23
32 1 14
14 2 17
32 1 63
32 1 44
63 1 35
34 1 27
19 1 24
27 2 33
1 5 3
36 1 35
13 1 1
3 2 22
7 1 22
82 2 71
15 1 11
18 2 24
2 2 3
1 2 25
22 2 1
4 1 49
62 1 51
9 1 15
63 1 2
35 1 14
1 1 8
9 1 5
26 1 25
71 2 2
20 1 1
44 1 4
26 1 1
14 2 34
3 5 1
3 2 8
11 1 20
25 1 18
20 1 3
30 1 11
62 2 35
7 1 3
44 1 1
3 2 16
1 2 4
31 1 7
7 1 26
3 2 19
11 1 10
22 2 6
44 1 2
32 1 36
44 1 71
79 2 25
11 1 22
2 2 1
33 1 32
35 1 31
25 1 24
5 2 1
15 1 7
45 1 25
27 1 11
3 1 1
1 1 23
9 1 1
17 2 21
45 1 79
1 2 22
26 1 3
49 2 51
11 1 26
26 2 22
2 1 1
22 2 10
9 1 16
1 2 23
5 1 1
23 2 20
42 1 32
1 1 22
13 1 5
32 1 17
? 1 github_java_program_data/14/268.java

3 4 1
18 1 11
17 1 9
23 2 1
1 4 3
71 2 1
11 1 3
15 2 30
49 1 9
51 1 13
32 1 21
7 1 1
3 2 23
3 2 25
1 2 32
25 1 32
29 1 28
15 1 13
24 1 11
25 1 1
5 2 3
7 1 6
30 2 28
34 1 33
3 2 15
21 1 7
63 1 82
4 2 35
20 1 19
79 1 3
18 1 7
4 1 51
1 2 15
13 1 15
21 1 11
2 1 3
29 1 30
14 1 13
29 2 35
1 1 3
13 1 3
44 1 82
44 1 32
1 2 62
25 1 71
28 1 7
11 1 23
9 1 3
14 1 9
63 1 71
29 1 15
23 2 3
4 2 32
44 2 63
22 2 20
22 2 3
35 1 34
24 1 7
33 2 42
1 2 19
44 1 35
3 1 22
63 1 1
34 1 42
7 1 20
19 1 18
11 1 1
24 2 18
36 1 29
16 1 7
7 1 23
5 1 3
13 1 2
13 1 16
31 1 11
11 1 6
63 1 62
63 2 44
3 1 23
32 1 14
14 2 17
32 1 63
32 1 44
63 1 35
34 1 27
19 1 24
27 2 33
1 5 3
36 1 35
13 1 1
3 2 22
7 1 22
82 2 71
15 1 11
18 2 24
2 2 3
1 2 25
22 2 1
4 1 49
62 1 51
9 1 15
63 1 2
35 1 14
1 1 8
9 1 5
26 1 25
71 2 2
20 1 1
44 1 4
26 1 1
14 2 34
3 5 1
3 2 8
11 1 20
25 1 18
20 1 3
30 1 11
62 2 35
7 1 3
44 1 1
3 2 16
1 2 4
31 1 7
7 1 26
3 2 19
11 1 10
22 2 6
44 1 2
32 1 36
44 1 71
79 2 25
11 1 22
2 2 1
33 1 32
35 1 31
25 1 24
5 2 1
15 1 7
45 1 25
27 1 11
3 1 1
1 1 23
9 1 1
17 2 21
45 1 79
1 2 22
26 1 3
49 2 51
11 1 26
26 2 22
2 1 1
22 2 10
9 1 16
1 2 23
5 1 1
23 2 20
42 1 32
1 1 22
13 1 5
32 1 17
? 1 github_java_program_data/14/28.java

18 1 11
23 2 1
71 2 1
24 1 7
51 1 13
26 1 1
39 1 32
2 2 3
29 1 27
64 6 63
71 2 2
25 1 1
5 2 3
7 1 6
3 1 22
29 1 16
21 1 7
29 1 28
20 1 19
1 2 15
2 1 3
3 2 22
40 1 39
44 1 82
36 2 43
1 2 62
25 1 71
11 1 23
30 2 33
32 1 34
7 1 26
23 2 3
63 1 3
23 2 26
22 2 20
33 2 42
1 2 32
44 1 35
63 1 1
63 1 5
16 2 27
5 1 3
11 1 3
22 2 1
63 1 2
16 1 7
71 2 5
38 2 32
17 2 41
9 1 2
63 1 71
49 1 13
15 1 11
4 1 49
62 1 51
9 1 15
40 1 61
35 1 14
26 1 25
13 2 9
3 2 16
3 5 1
35 1 43
11 1 20
1 1 3
20 1 3
17 1 13
35 1 36
27 1 11
44 1 1
1 2 4
16 1 13
34 1 42
22 2 6
7 1 3
39 2 61
2 2 1
33 1 32
35 1 31
43 6 44
25 1 24
35 1 41
64 1 7
15 1 7
45 1 25
35 1 64
9 1 1
27 2 28
22 2 26
5 2 1
27 1 7
2 1 1
7 1 10
34 1 30
62 2 35
1 1 22
13 1 5
9 2 13
23 2 6
38 1 27
49 1 9
36 1 29
32 1 21
7 1 1
3 2 23
3 2 25
3 2 4
25 1 32
6 2 23
24 1 11
61 1 35
44 1 3
82 2 2
49 2 51
3 2 15
1 2 23
7 1 23
18 1 7
16 1 9
4 1 51
31 1 7
21 1 11
42 1 35
3 2 19
13 1 3
44 1 32
9 1 3
14 1 9
13 1 15
4 2 32
44 2 63
3 1 1
32 1 43
30 2 39
3 2 62
27 2 37
7 1 20
35 1 17
19 1 18
11 1 1
11 1 6
13 1 2
13 1 16
31 1 11
29 2 32
30 1 7
63 1 62
63 2 44
3 1 23
43 1 11
20 2 22
32 1 44
63 1 35
62 1 49
19 1 24
4 2 35
1 5 3
37 1 7
13 1 1
7 1 22
18 2 24
1 2 25
41 1 38
40 1 30
38 1 37
11 1 26
38 1 16
9 1 5
44 1 4
16 1 11
32 1 40
32 1 63
26 2 23
25 1 18
30 1 11
1 4 3
36 1 32
14 2 36
11 1 10
44 1 2
23 2 10
11 1 22
41 2 64
41 1 32
22 2 3
1 2 22
26 1 3
51 1 9
9 1 16
28 1 11
5 1 1
3 4 1
34 1 33
? 1 github_java_program_data/14/287.java

18 1 11
44 1 4
23 2 1
21 2 31
38 1 30
7 1 39
22 2 20
1 1 19
51 1 13
35 1 48
49 1 1
32 1 40
46 2 79
2 2 3
64 6 63
71 2 2
79 2 46
21 2 48
7 1 6
32 1 43
37 1 11
40 2 31
21 1 7
29 1 28
36 1 35
4 2 5
23 2 22
1 2 15
43 1 7
2 1 3
29 1 30
14 1 13
3 2 22
40 1 39
44 1 82
1 5 3
1 2 62
25 1 71
11 1 23
32 1 34
7 1 26
23 2 3
63 1 3
26 2 23
26 1 19
86 2 79
35 1 34
24 1 7
44 1 35
18 1 1
63 1 1
6 2 22
63 1 5
46 1 1
16 2 27
5 1 3
11 1 3
22 2 1
63 1 2
16 1 7
71 2 3
71 2 5
38 2 32
62 2 35
17 2 41
38 2 35
9 1 2
63 1 4
35 1 55
40 1 27
14 2 36
49 1 13
15 1 11
63 1 82
4 1 49
62 1 51
9 1 15
35 1 14
26 1 25
16 2 30
35 1 40
3 2 16
3 5 1
11 1 20
1 1 3
23 2 26
20 1 3
20 1 25
64 6 44
35 1 36
27 1 11
44 1 1
1 2 4
5 2 3
16 1 13
29 2 35
32 1 31
22 2 6
7 1 3
63 2 44
41 2 43
44 1 71
33 1 35
2 2 1
33 1 32
35 1 31
36 2 64
25 1 24
24 1 1
32 1 41
35 1 41
64 1 7
15 1 7
45 1 25
44 1 5
25 1 35
35 1 64
1 1 23
9 1 1
51 2 49
17 1 13
21 2 64
25 1 18
3 1 25
11 1 26
27 1 7
2 1 1
22 2 10
7 1 10
45 1 46
5 2 1
18 1 3
1 1 22
13 1 5
32 1 17
79 1 1
15 1 9
39 1 32
1 4 3
23 2 6
38 1 27
15 2 30
49 1 9
36 1 29
32 1 21
7 1 1
3 2 23
3 2 25
3 2 4
79 2 25
15 1 13
24 1 11
3 7 1
44 1 3
49 2 51
3 2 15
1 2 23
62 2 32
7 1 23
18 1 7
16 1 9
4 1 51
31 1 7
21 1 11
3 2 19
13 1 3
44 1 32
28 1 7
9 1 3
14 1 9
13 1 15
29 1 15
30 2 37
4 2 32
44 2 63
36 2 17
22 2 3
39 1 62
1 2 19
3 1 22
30 2 39
3 2 62
27 2 37
7 1 20
35 1 17
19 1 18
1 2 22
24 2 18
11 1 6
34 2 14
13 1 2
13 1 16
31 1 11
29 2 32
30 1 7
63 1 62
20 2 22
24 1 3
22 2 26
3 1 23
32 1 14
1 1 25
30 2 28
62 1 49
19 1 24
1 2 16
37 1 7
13 1 1
20 2 23
7 1 22
82 2 71
18 2 24
27 2 33
1 2 25
41 1 38
35 1 21
40 1 30
38 1 37
34 1 27
38 1 16
32 1 11
9 1 5
31 2 34
20 1 1
17 1 9
16 1 11
26 1 1
39 1 35
63 1 32
20 1 19
71 2 4
3 1 19
30 1 11
51 1 9
43 6 44
35 1 44
45 1 86
36 1 32
27 2 39
63 1 71
1 7 3
11 1 10
44 1 2
32 1 36
3 2 35
23 2 10
11 1 22
35 1 63
51 1 3
41 1 32
32 1 64
3 1 1
11 1 1
44 1 62
45 1 79
26 1 3
41 1 35
4 2 2
86 1 1
9 1 16
26 2 22
31 2 55
28 1 11
5 1 1
23 2 20
25 1 3
41 2 40
3 4 1
34 1 33
? 1 github_java_program_data/14/293.java

3 4 1
18 1 11
17 1 9
23 2 1
1 4 3
71 2 1
11 1 3
15 2 30
49 1 9
51 1 13
32 1 21
7 1 1
3 2 23
3 2 25
1 2 32
25 1 32
29 1 28
15 1 13
24 1 11
25 1 1
5 2 3
7 1 6
30 2 28
34 1 33
3 2 15
21 1 7
63 1 82
4 2 35
20 1 19
79 1 3
18 1 7
4 1 51
1 2 15
13 1 15
21 1 11
2 1 3
29 1 30
14 1 13
29 2 35
1 1 3
13 1 3
44 1 82
44 1 32
1 2 62
25 1 71
28 1 7
11 1 23
9 1 3
14 1 9
63 1 71
29 1 15
23 2 3
4 2 32
44 2 63
22 2 20
22 2 3
35 1 34
24 1 7
33 2 42
1 2 19
44 1 35
3 1 22
63 1 1
34 1 42
7 1 20
19 1 18
11 1 1
24 2 18
36 1 29
16 1 7
7 1 23
5 1 3
13 1 2
13 1 16
31 1 11
11 1 6
63 1 62
63 2 44
3 1 23
32 1 14
14 2 17
32 1 63
32 1 44
63 1 35
34 1 27
19 1 24
27 2 33
1 5 3
36 1 35
13 1 1
3 2 22
7 1 22
82 2 71
15 1 11
18 2 24
2 2 3
1 2 25
22 2 1
4 1 49
62 1 51
9 1 15
63 1 2
35 1 14
1 1 8
9 1 5
26 1 25
71 2 2
20 1 1
44 1 4
26 1 1
14 2 34
3 5 1
3 2 8
11 1 20
25 1 18
20 1 3
30 1 11
62 2 35
7 1 3
44 1 1
3 2 16
1 2 4
31 1 7
7 1 26
3 2 19
11 1 10
22 2 6
44 1 2
32 1 36
44 1 71
79 2 25
11 1 22
2 2 1
33 1 32
35 1 31
25 1 24
5 2 1
15 1 7
45 1 25
27 1 11
3 1 1
1 1 23
9 1 1
17 2 21
45 1 79
1 2 22
26 1 3
49 2 51
11 1 26
26 2 22
2 1 1
22 2 10
9 1 16
1 2 23
5 1 1
23 2 20
42 1 32
1 1 22
13 1 5
32 1 17
? 1 github_java_program_data/14/298.java

18 1 11
23 2 1
71 2 1
24 1 7
51 1 13
26 1 1
39 1 32
2 2 3
29 1 27
64 6 63
71 2 2
25 1 1
5 2 3
7 1 6
3 1 22
29 1 16
21 1 7
29 1 28
20 1 19
1 2 15
2 1 3
3 2 22
40 1 39
44 1 82
36 2 43
1 2 62
25 1 71
11 1 23
30 2 33
32 1 34
7 1 26
23 2 3
63 1 3
23 2 26
22 2 20
33 2 42
1 2 32
44 1 35
63 1 1
63 1 5
16 2 27
5 1 3
11 1 3
22 2 1
63 1 2
16 1 7
71 2 5
38 2 32
17 2 41
9 1 2
63 1 71
49 1 13
15 1 11
4 1 49
62 1 51
9 1 15
40 1 61
35 1 14
26 1 25
13 2 9
3 2 16
3 5 1
35 1 43
11 1 20
1 1 3
20 1 3
17 1 13
35 1 36
27 1 11
44 1 1
1 2 4
16 1 13
34 1 42
22 2 6
7 1 3
39 2 61
2 2 1
33 1 32
35 1 31
43 6 44
25 1 24
35 1 41
64 1 7
15 1 7
45 1 25
35 1 64
9 1 1
27 2 28
22 2 26
5 2 1
27 1 7
2 1 1
7 1 10
34 1 30
62 2 35
1 1 22
13 1 5
9 2 13
23 2 6
38 1 27
49 1 9
36 1 29
32 1 21
7 1 1
3 2 23
3 2 25
3 2 4
25 1 32
6 2 23
24 1 11
61 1 35
44 1 3
82 2 2
49 2 51
3 2 15
1 2 23
7 1 23
18 1 7
16 1 9
4 1 51
31 1 7
21 1 11
42 1 35
3 2 19
13 1 3
44 1 32
9 1 3
14 1 9
13 1 15
4 2 32
44 2 63
3 1 1
32 1 43
30 2 39
3 2 62
27 2 37
7 1 20
35 1 17
19 1 18
11 1 1
11 1 6
13 1 2
13 1 16
31 1 11
29 2 32
30 1 7
63 1 62
63 2 44
3 1 23
43 1 11
20 2 22
32 1 44
63 1 35
62 1 49
19 1 24
4 2 35
1 5 3
37 1 7
13 1 1
7 1 22
18 2 24
1 2 25
41 1 38
40 1 30
38 1 37
11 1 26
38 1 16
9 1 5
44 1 4
16 1 11
32 1 40
32 1 63
26 2 23
25 1 18
30 1 11
1 4 3
36 1 32
14 2 36
11 1 10
44 1 2
23 2 10
11 1 22
41 2 64
41 1 32
22 2 3
1 2 22
26 1 3
51 1 9
9 1 16
28 1 11
5 1 1
3 4 1
34 1 33
? 1 github_java_program_data/14/317.java

18 1 11
44 1 4
23 2 1
21 2 31
38 1 30
7 1 39
22 2 20
1 1 19
51 1 13
35 1 48
49 1 1
32 1 40
46 2 79
2 2 3
64 6 63
71 2 2
79 2 46
21 2 48
7 1 6
32 1 43
37 1 11
40 2 31
21 1 7
29 1 28
36 1 35
4 2 5
23 2 22
1 2 15
43 1 7
2 1 3
29 1 30
14 1 13
3 2 22
40 1 39
44 1 82
1 5 3
1 2 62
25 1 71
11 1 23
32 1 34
7 1 26
23 2 3
63 1 3
26 2 23
26 1 19
86 2 79
35 1 34
24 1 7
44 1 35
18 1 1
63 1 1
6 2 22
63 1 5
46 1 1
16 2 27
5 1 3
11 1 3
22 2 1
63 1 2
16 1 7
71 2 3
71 2 5
38 2 32
62 2 35
17 2 41
38 2 35
9 1 2
63 1 4
35 1 55
40 1 27
14 2 36
49 1 13
15 1 11
63 1 82
4 1 49
62 1 51
9 1 15
35 1 14
26 1 25
16 2 30
35 1 40
3 2 16
3 5 1
11 1 20
1 1 3
23 2 26
20 1 3
20 1 25
64 6 44
35 1 36
27 1 11
44 1 1
1 2 4
5 2 3
16 1 13
29 2 35
32 1 31
22 2 6
7 1 3
63 2 44
41 2 43
44 1 71
33 1 35
2 2 1
33 1 32
35 1 31
36 2 64
25 1 24
24 1 1
32 1 41
35 1 41
64 1 7
15 1 7
45 1 25
44 1 5
25 1 35
35 1 64
1 1 23
9 1 1
51 2 49
17 1 13
21 2 64
25 1 18
3 1 25
11 1 26
27 1 7
2 1 1
22 2 10
7 1 10
45 1 46
5 2 1
18 1 3
1 1 22
13 1 5
32 1 17
79 1 1
15 1 9
39 1 32
1 4 3
23 2 6
38 1 27
15 2 30
49 1 9
36 1 29
32 1 21
7 1 1
3 2 23
3 2 25
3 2 4
79 2 25
15 1 13
24 1 11
3 7 1
44 1 3
49 2 51
3 2 15
1 2 23
62 2 32
7 1 23
18 1 7
16 1 9
4 1 51
31 1 7
21 1 11
3 2 19
13 1 3
44 1 32
28 1 7
9 1 3
14 1 9
13 1 15
29 1 15
30 2 37
4 2 32
44 2 63
36 2 17
22 2 3
39 1 62
1 2 19
3 1 22
30 2 39
3 2 62
27 2 37
7 1 20
35 1 17
19 1 18
1 2 22
24 2 18
11 1 6
34 2 14
13 1 2
13 1 16
31 1 11
29 2 32
30 1 7
63 1 62
20 2 22
24 1 3
22 2 26
3 1 23
32 1 14
1 1 25
30 2 28
62 1 49
19 1 24
1 2 16
37 1 7
13 1 1
20 2 23
7 1 22
82 2 71
18 2 24
27 2 33
1 2 25
41 1 38
35 1 21
40 1 30
38 1 37
34 1 27
38 1 16
32 1 11
9 1 5
31 2 34
20 1 1
17 1 9
16 1 11
26 1 1
39 1 35
63 1 32
20 1 19
71 2 4
3 1 19
30 1 11
51 1 9
43 6 44
35 1 44
45 1 86
36 1 32
27 2 39
63 1 71
1 7 3
11 1 10
44 1 2
32 1 36
3 2 35
23 2 10
11 1 22
35 1 63
51 1 3
41 1 32
32 1 64
3 1 1
11 1 1
44 1 62
45 1 79
26 1 3
41 1 35
4 2 2
86 1 1
9 1 16
26 2 22
31 2 55
28 1 11
5 1 1
23 2 20
25 1 3
41 2 40
3 4 1
34 1 33
? 1 github_java_program_data/14/323.java

3 4 1
18 1 11
17 1 9
23 2 1
1 4 3
71 2 1
11 1 3
15 2 30
49 1 9
51 1 13
32 1 21
7 1 1
3 2 23
3 2 25
1 2 32
25 1 32
29 1 28
15 1 13
24 1 11
25 1 1
5 2 3
7 1 6
30 2 28
34 1 33
3 2 15
21 1 7
63 1 82
4 2 35
20 1 19
79 1 3
18 1 7
4 1 51
1 2 15
13 1 15
21 1 11
2 1 3
29 1 30
14 1 13
29 2 35
1 1 3
13 1 3
44 1 82
44 1 32
1 2 62
25 1 71
28 1 7
11 1 23
9 1 3
14 1 9
63 1 71
29 1 15
23 2 3
4 2 32
44 2 63
22 2 20
22 2 3
35 1 34
24 1 7
33 2 42
1 2 19
44 1 35
3 1 22
63 1 1
34 1 42
7 1 20
19 1 18
11 1 1
24 2 18
36 1 29
16 1 7
7 1 23
5 1 3
13 1 2
13 1 16
31 1 11
11 1 6
63 1 62
63 2 44
3 1 23
32 1 14
14 2 17
32 1 63
32 1 44
63 1 35
34 1 27
19 1 24
27 2 33
1 5 3
36 1 35
13 1 1
3 2 22
7 1 22
82 2 71
15 1 11
18 2 24
2 2 3
1 2 25
22 2 1
4 1 49
62 1 51
9 1 15
63 1 2
35 1 14
1 1 8
9 1 5
26 1 25
71 2 2
20 1 1
44 1 4
26 1 1
14 2 34
3 5 1
3 2 8
11 1 20
25 1 18
20 1 3
30 1 11
62 2 35
7 1 3
44 1 1
3 2 16
1 2 4
31 1 7
7 1 26
3 2 19
11 1 10
22 2 6
44 1 2
32 1 36
44 1 71
79 2 25
11 1 22
2 2 1
33 1 32
35 1 31
25 1 24
5 2 1
15 1 7
45 1 25
27 1 11
3 1 1
1 1 23
9 1 1
17 2 21
45 1 79
1 2 22
26 1 3
49 2 51
11 1 26
26 2 22
2 1 1
22 2 10
9 1 16
1 2 23
5 1 1
23 2 20
42 1 32
1 1 22
13 1 5
32 1 17
? 1 github_java_program_data/14/328.java

15 1 9
23 2 1
3 2 12
20 2 22
1 4 3
3 1 8
23 2 6
11 1 3
15 2 30
49 1 9
51 1 13
7 1 1
3 2 23
3 2 25
39 1 32
2 2 3
15 1 13
71 2 2
44 1 3
5 2 3
7 1 6
3 2 4
32 1 43
36 2 41
49 2 51
1 2 23
45 1 44
29 1 28
11 1 20
20 1 19
30 2 39
8 1 11
4 1 51
1 2 15
21 1 11
2 1 3
29 1 30
3 2 19
29 2 35
3 2 22
40 1 39
44 1 32
28 1 7
11 1 23
9 1 3
32 1 34
14 1 9
12 1 11
29 1 15
23 2 3
4 2 32
23 2 26
22 2 3
22 2 20
1 2 19
3 5 1
3 1 22
43 1 7
31 2 40
27 2 37
7 1 20
11 1 1
36 1 29
16 1 7
7 1 23
5 1 3
13 1 2
27 1 11
31 1 11
1 2 12
30 1 7
38 1 15
3 1 23
32 1 14
15 2 27
22 2 1
11 1 26
43 1 11
13 1 3
1 2 22
30 2 28
1 2 16
1 5 3
37 1 7
13 1 1
7 1 22
38 2 35
15 1 11
27 2 33
1 2 25
41 1 38
13 1 16
4 1 49
35 1 21
40 1 30
38 1 37
9 1 15
34 1 27
1 1 8
9 1 5
26 1 25
8 1 7
20 1 1
44 1 4
35 1 40
26 1 1
14 2 34
64 1 11
3 2 8
36 1 35
1 1 3
20 1 3
30 1 11
34 2 36
7 1 3
1 2 8
44 1 2
3 1 12
7 1 26
11 1 10
1 1 12
41 2 43
44 1 71
11 1 22
2 2 1
33 1 32
38 1 27
43 6 44
32 1 41
32 1 64
5 2 1
32 1 36
3 1 1
1 1 23
9 1 1
22 2 26
26 1 3
41 1 35
35 1 31
9 1 16
27 1 7
2 1 1
12 1 7
7 1 10
5 1 1
3 2 16
3 4 1
34 1 33
? 1 github_java_program_data/14/330.java

18 1 11
23 2 1
71 2 1
24 1 7
51 1 13
26 1 1
39 1 32
2 2 3
29 1 27
64 6 63
71 2 2
25 1 1
5 2 3
7 1 6
3 1 22
29 1 16
21 1 7
29 1 28
20 1 19
1 2 15
2 1 3
3 2 22
40 1 39
44 1 82
36 2 43
1 2 62
25 1 71
11 1 23
30 2 33
32 1 34
7 1 26
23 2 3
63 1 3
23 2 26
22 2 20
33 2 42
1 2 32
44 1 35
63 1 1
63 1 5
16 2 27
5 1 3
11 1 3
22 2 1
63 1 2
16 1 7
71 2 5
38 2 32
17 2 41
9 1 2
63 1 71
49 1 13
15 1 11
4 1 49
62 1 51
9 1 15
40 1 61
35 1 14
26 1 25
13 2 9
3 2 16
3 5 1
35 1 43
11 1 20
1 1 3
20 1 3
17 1 13
35 1 36
27 1 11
44 1 1
1 2 4
16 1 13
34 1 42
22 2 6
7 1 3
39 2 61
2 2 1
33 1 32
35 1 31
43 6 44
25 1 24
35 1 41
64 1 7
15 1 7
45 1 25
35 1 64
9 1 1
27 2 28
22 2 26
5 2 1
27 1 7
2 1 1
7 1 10
34 1 30
62 2 35
1 1 22
13 1 5
9 2 13
23 2 6
38 1 27
49 1 9
36 1 29
32 1 21
7 1 1
3 2 23
3 2 25
3 2 4
25 1 32
6 2 23
24 1 11
61 1 35
44 1 3
82 2 2
49 2 51
3 2 15
1 2 23
7 1 23
18 1 7
16 1 9
4 1 51
31 1 7
21 1 11
42 1 35
3 2 19
13 1 3
44 1 32
9 1 3
14 1 9
13 1 15
4 2 32
44 2 63
3 1 1
32 1 43
30 2 39
3 2 62
27 2 37
7 1 20
35 1 17
19 1 18
11 1 1
11 1 6
13 1 2
13 1 16
31 1 11
29 2 32
30 1 7
63 1 62
63 2 44
3 1 23
43 1 11
20 2 22
32 1 44
63 1 35
62 1 49
19 1 24
4 2 35
1 5 3
37 1 7
13 1 1
7 1 22
18 2 24
1 2 25
41 1 38
40 1 30
38 1 37
11 1 26
38 1 16
9 1 5
44 1 4
16 1 11
32 1 40
32 1 63
26 2 23
25 1 18
30 1 11
1 4 3
36 1 32
14 2 36
11 1 10
44 1 2
23 2 10
11 1 22
41 2 64
41 1 32
22 2 3
1 2 22
26 1 3
51 1 9
9 1 16
28 1 11
5 1 1
3 4 1
34 1 33
? 1 github_java_program_data/14/347.java

18 1 11
44 1 4
23 2 1
21 2 31
38 1 30
7 1 39
22 2 20
1 1 19
51 1 13
35 1 48
49 1 1
32 1 40
46 2 79
2 2 3
64 6 63
71 2 2
79 2 46
21 2 48
7 1 6
32 1 43
37 1 11
40 2 31
21 1 7
29 1 28
36 1 35
4 2 5
23 2 22
1 2 15
43 1 7
2 1 3
29 1 30
14 1 13
3 2 22
40 1 39
44 1 82
1 5 3
1 2 62
25 1 71
11 1 23
32 1 34
7 1 26
23 2 3
63 1 3
26 2 23
26 1 19
86 2 79
35 1 34
24 1 7
44 1 35
18 1 1
63 1 1
6 2 22
63 1 5
46 1 1
16 2 27
5 1 3
11 1 3
22 2 1
63 1 2
16 1 7
71 2 3
71 2 5
38 2 32
62 2 35
17 2 41
38 2 35
9 1 2
63 1 4
35 1 55
40 1 27
14 2 36
49 1 13
15 1 11
63 1 82
4 1 49
62 1 51
9 1 15
35 1 14
26 1 25
16 2 30
35 1 40
3 2 16
3 5 1
11 1 20
1 1 3
23 2 26
20 1 3
20 1 25
64 6 44
35 1 36
27 1 11
44 1 1
1 2 4
5 2 3
16 1 13
29 2 35
32 1 31
22 2 6
7 1 3
63 2 44
41 2 43
44 1 71
33 1 35
2 2 1
33 1 32
35 1 31
36 2 64
25 1 24
24 1 1
32 1 41
35 1 41
64 1 7
15 1 7
45 1 25
44 1 5
25 1 35
35 1 64
1 1 23
9 1 1
51 2 49
17 1 13
21 2 64
25 1 18
3 1 25
11 1 26
27 1 7
2 1 1
22 2 10
7 1 10
45 1 46
5 2 1
18 1 3
1 1 22
13 1 5
32 1 17
79 1 1
15 1 9
39 1 32
1 4 3
23 2 6
38 1 27
15 2 30
49 1 9
36 1 29
32 1 21
7 1 1
3 2 23
3 2 25
3 2 4
79 2 25
15 1 13
24 1 11
3 7 1
44 1 3
49 2 51
3 2 15
1 2 23
62 2 32
7 1 23
18 1 7
16 1 9
4 1 51
31 1 7
21 1 11
3 2 19
13 1 3
44 1 32
28 1 7
9 1 3
14 1 9
13 1 15
29 1 15
30 2 37
4 2 32
44 2 63
36 2 17
22 2 3
39 1 62
1 2 19
3 1 22
30 2 39
3 2 62
27 2 37
7 1 20
35 1 17
19 1 18
1 2 22
24 2 18
11 1 6
34 2 14
13 1 2
13 1 16
31 1 11
29 2 32
30 1 7
63 1 62
20 2 22
24 1 3
22 2 26
3 1 23
32 1 14
1 1 25
30 2 28
62 1 49
19 1 24
1 2 16
37 1 7
13 1 1
20 2 23
7 1 22
82 2 71
18 2 24
27 2 33
1 2 25
41 1 38
35 1 21
40 1 30
38 1 37
34 1 27
38 1 16
32 1 11
9 1 5
31 2 34
20 1 1
17 1 9
16 1 11
26 1 1
39 1 35
63 1 32
20 1 19
71 2 4
3 1 19
30 1 11
51 1 9
43 6 44
35 1 44
45 1 86
36 1 32
27 2 39
63 1 71
1 7 3
11 1 10
44 1 2
32 1 36
3 2 35
23 2 10
11 1 22
35 1 63
51 1 3
41 1 32
32 1 64
3 1 1
11 1 1
44 1 62
45 1 79
26 1 3
41 1 35
4 2 2
86 1 1
9 1 16
26 2 22
31 2 55
28 1 11
5 1 1
23 2 20
25 1 3
41 2 40
3 4 1
34 1 33
? 1 github_java_program_data/14/353.java

3 4 1
18 1 11
17 1 9
23 2 1
1 4 3
71 2 1
11 1 3
15 2 30
49 1 9
51 1 13
32 1 21
7 1 1
3 2 23
3 2 25
1 2 32
25 1 32
29 1 28
15 1 13
24 1 11
25 1 1
5 2 3
7 1 6
30 2 28
34 1 33
3 2 15
21 1 7
63 1 82
4 2 35
20 1 19
79 1 3
18 1 7
4 1 51
1 2 15
13 1 15
21 1 11
2 1 3
29 1 30
14 1 13
29 2 35
1 1 3
13 1 3
44 1 82
44 1 32
1 2 62
25 1 71
28 1 7
11 1 23
9 1 3
14 1 9
63 1 71
29 1 15
23 2 3
4 2 32
44 2 63
22 2 20
22 2 3
35 1 34
24 1 7
33 2 42
1 2 19
44 1 35
3 1 22
63 1 1
34 1 42
7 1 20
19 1 18
11 1 1
24 2 18
36 1 29
16 1 7
7 1 23
5 1 3
13 1 2
13 1 16
31 1 11
11 1 6
63 1 62
63 2 44
3 1 23
32 1 14
14 2 17
32 1 63
32 1 44
63 1 35
34 1 27
19 1 24
27 2 33
1 5 3
36 1 35
13 1 1
3 2 22
7 1 22
82 2 71
15 1 11
18 2 24
2 2 3
1 2 25
22 2 1
4 1 49
62 1 51
9 1 15
63 1 2
35 1 14
1 1 8
9 1 5
26 1 25
71 2 2
20 1 1
44 1 4
26 1 1
14 2 34
3 5 1
3 2 8
11 1 20
25 1 18
20 1 3
30 1 11
62 2 35
7 1 3
44 1 1
3 2 16
1 2 4
31 1 7
7 1 26
3 2 19
11 1 10
22 2 6
44 1 2
32 1 36
44 1 71
79 2 25
11 1 22
2 2 1
33 1 32
35 1 31
25 1 24
5 2 1
15 1 7
45 1 25
27 1 11
3 1 1
1 1 23
9 1 1
17 2 21
45 1 79
1 2 22
26 1 3
49 2 51
11 1 26
26 2 22
2 1 1
22 2 10
9 1 16
1 2 23
5 1 1
23 2 20
42 1 32
1 1 22
13 1 5
32 1 17
? 1 github_java_program_data/14/358.java

18 1 11
23 2 1
71 2 1
24 1 7
51 1 13
26 1 1
39 1 32
2 2 3
29 1 27
64 6 63
71 2 2
25 1 1
5 2 3
7 1 6
3 1 22
29 1 16
21 1 7
29 1 28
20 1 19
1 2 15
2 1 3
3 2 22
40 1 39
44 1 82
36 2 43
1 2 62
25 1 71
11 1 23
30 2 33
32 1 34
7 1 26
23 2 3
63 1 3
23 2 26
22 2 20
33 2 42
1 2 32
44 1 35
63 1 1
63 1 5
16 2 27
5 1 3
11 1 3
22 2 1
63 1 2
16 1 7
71 2 5
38 2 32
17 2 41
9 1 2
63 1 71
49 1 13
15 1 11
4 1 49
62 1 51
9 1 15
40 1 61
35 1 14
26 1 25
13 2 9
3 2 16
3 5 1
35 1 43
11 1 20
1 1 3
20 1 3
17 1 13
35 1 36
27 1 11
44 1 1
1 2 4
16 1 13
34 1 42
22 2 6
7 1 3
39 2 61
2 2 1
33 1 32
35 1 31
43 6 44
25 1 24
35 1 41
64 1 7
15 1 7
45 1 25
35 1 64
9 1 1
27 2 28
22 2 26
5 2 1
27 1 7
2 1 1
7 1 10
34 1 30
62 2 35
1 1 22
13 1 5
9 2 13
23 2 6
38 1 27
49 1 9
36 1 29
32 1 21
7 1 1
3 2 23
3 2 25
3 2 4
25 1 32
6 2 23
24 1 11
61 1 35
44 1 3
82 2 2
49 2 51
3 2 15
1 2 23
7 1 23
18 1 7
16 1 9
4 1 51
31 1 7
21 1 11
42 1 35
3 2 19
13 1 3
44 1 32
9 1 3
14 1 9
13 1 15
4 2 32
44 2 63
3 1 1
32 1 43
30 2 39
3 2 62
27 2 37
7 1 20
35 1 17
19 1 18
11 1 1
11 1 6
13 1 2
13 1 16
31 1 11
29 2 32
30 1 7
63 1 62
63 2 44
3 1 23
43 1 11
20 2 22
32 1 44
63 1 35
62 1 49
19 1 24
4 2 35
1 5 3
37 1 7
13 1 1
7 1 22
18 2 24
1 2 25
41 1 38
40 1 30
38 1 37
11 1 26
38 1 16
9 1 5
44 1 4
16 1 11
32 1 40
32 1 63
26 2 23
25 1 18
30 1 11
1 4 3
36 1 32
14 2 36
11 1 10
44 1 2
23 2 10
11 1 22
41 2 64
41 1 32
22 2 3
1 2 22
26 1 3
51 1 9
9 1 16
28 1 11
5 1 1
3 4 1
34 1 33
? 1 github_java_program_data/14/377.java

3 4 1
18 1 11
17 1 9
23 2 1
1 4 3
71 2 1
11 1 3
15 2 30
49 1 9
51 1 13
32 1 21
7 1 1
3 2 23
3 2 25
1 2 32
25 1 32
29 1 28
15 1 13
24 1 11
25 1 1
5 2 3
7 1 6
30 2 28
34 1 33
3 2 15
21 1 7
63 1 82
4 2 35
20 1 19
79 1 3
18 1 7
4 1 51
1 2 15
13 1 15
21 1 11
2 1 3
29 1 30
14 1 13
29 2 35
1 1 3
13 1 3
44 1 82
44 1 32
1 2 62
25 1 71
28 1 7
11 1 23
9 1 3
14 1 9
63 1 71
29 1 15
23 2 3
4 2 32
44 2 63
22 2 20
22 2 3
35 1 34
24 1 7
33 2 42
1 2 19
44 1 35
3 1 22
63 1 1
34 1 42
7 1 20
19 1 18
11 1 1
24 2 18
36 1 29
16 1 7
7 1 23
5 1 3
13 1 2
13 1 16
31 1 11
11 1 6
63 1 62
63 2 44
3 1 23
32 1 14
14 2 17
32 1 63
32 1 44
63 1 35
34 1 27
19 1 24
27 2 33
1 5 3
36 1 35
13 1 1
3 2 22
7 1 22
82 2 71
15 1 11
18 2 24
2 2 3
1 2 25
22 2 1
4 1 49
62 1 51
9 1 15
63 1 2
35 1 14
1 1 8
9 1 5
26 1 25
71 2 2
20 1 1
44 1 4
26 1 1
14 2 34
3 5 1
3 2 8
11 1 20
25 1 18
20 1 3
30 1 11
62 2 35
7 1 3
44 1 1
3 2 16
1 2 4
31 1 7
7 1 26
3 2 19
11 1 10
22 2 6
44 1 2
32 1 36
44 1 71
79 2 25
11 1 22
2 2 1
33 1 32
35 1 31
25 1 24
5 2 1
15 1 7
45 1 25
27 1 11
3 1 1
1 1 23
9 1 1
17 2 21
45 1 79
1 2 22
26 1 3
49 2 51
11 1 26
26 2 22
2 1 1
22 2 10
9 1 16
1 2 23
5 1 1
23 2 20
42 1 32
1 1 22
13 1 5
32 1 17
? 1 github_java_program_data/14/388.java

18 1 11
23 2 1
71 2 1
24 1 7
51 1 13
26 1 1
39 1 32
2 2 3
29 1 27
64 6 63
71 2 2
25 1 1
5 2 3
7 1 6
3 1 22
29 1 16
21 1 7
29 1 28
20 1 19
1 2 15
2 1 3
3 2 22
40 1 39
44 1 82
36 2 43
1 2 62
25 1 71
11 1 23
30 2 33
32 1 34
7 1 26
23 2 3
63 1 3
23 2 26
22 2 20
33 2 42
1 2 32
44 1 35
63 1 1
63 1 5
16 2 27
5 1 3
11 1 3
22 2 1
63 1 2
16 1 7
71 2 5
38 2 32
17 2 41
9 1 2
63 1 71
49 1 13
15 1 11
4 1 49
62 1 51
9 1 15
40 1 61
35 1 14
26 1 25
13 2 9
3 2 16
3 5 1
35 1 43
11 1 20
1 1 3
20 1 3
17 1 13
35 1 36
27 1 11
44 1 1
1 2 4
16 1 13
34 1 42
22 2 6
7 1 3
39 2 61
2 2 1
33 1 32
35 1 31
43 6 44
25 1 24
35 1 41
64 1 7
15 1 7
45 1 25
35 1 64
9 1 1
27 2 28
22 2 26
5 2 1
27 1 7
2 1 1
7 1 10
34 1 30
62 2 35
1 1 22
13 1 5
9 2 13
23 2 6
38 1 27
49 1 9
36 1 29
32 1 21
7 1 1
3 2 23
3 2 25
3 2 4
25 1 32
6 2 23
24 1 11
61 1 35
44 1 3
82 2 2
49 2 51
3 2 15
1 2 23
7 1 23
18 1 7
16 1 9
4 1 51
31 1 7
21 1 11
42 1 35
3 2 19
13 1 3
44 1 32
9 1 3
14 1 9
13 1 15
4 2 32
44 2 63
3 1 1
32 1 43
30 2 39
3 2 62
27 2 37
7 1 20
35 1 17
19 1 18
11 1 1
11 1 6
13 1 2
13 1 16
31 1 11
29 2 32
30 1 7
63 1 62
63 2 44
3 1 23
43 1 11
20 2 22
32 1 44
63 1 35
62 1 49
19 1 24
4 2 35
1 5 3
37 1 7
13 1 1
7 1 22
18 2 24
1 2 25
41 1 38
40 1 30
38 1 37
11 1 26
38 1 16
9 1 5
44 1 4
16 1 11
32 1 40
32 1 63
26 2 23
25 1 18
30 1 11
1 4 3
36 1 32
14 2 36
11 1 10
44 1 2
23 2 10
11 1 22
41 2 64
41 1 32
22 2 3
1 2 22
26 1 3
51 1 9
9 1 16
28 1 11
5 1 1
3 4 1
34 1 33
? 1 github_java_program_data/14/407.java

18 1 11
17 1 9
23 2 1
3 2 12
38 1 30
1 1 19
51 1 13
45 1 79
31 2 21
42 1 35
79 2 46
5 2 3
7 1 6
3 1 22
37 1 11
46 2 25
29 1 28
8 1 11
1 2 15
2 1 3
29 1 30
14 1 13
3 2 22
1 1 25
44 1 82
1 5 3
25 1 71
11 1 23
32 1 34
63 1 71
23 2 3
63 1 3
26 1 19
86 2 79
21 2 31
24 1 7
33 2 42
44 1 35
18 1 1
21 1 7
33 2 61
63 1 5
35 1 36
5 1 3
27 1 11
16 1 7
71 2 3
71 2 5
38 2 32
17 2 34
7 1 26
3 2 32
9 1 2
40 1 27
49 1 13
15 1 11
2 2 3
63 1 82
22 2 1
4 1 49
25 1 18
3 7 1
9 1 15
35 1 14
1 1 8
1 2 12
26 1 25
16 2 30
35 1 40
3 2 16
3 5 1
11 1 20
1 1 3
20 1 3
20 1 25
64 6 44
46 1 1
44 1 2
44 1 1
1 2 4
3 1 12
34 1 42
40 2 41
7 1 3
43 6 63
44 1 71
33 1 35
2 2 1
33 1 32
35 1 31
31 2 14
25 1 24
24 1 1
35 1 41
63 1 32
15 1 7
45 1 25
44 1 5
32 1 63
35 1 64
1 1 23
9 1 1
51 2 49
17 1 13
14 2 21
21 2 64
3 1 25
5 2 1
27 1 7
2 1 1
12 1 7
7 1 10
45 1 46
18 1 3
1 1 22
13 1 5
32 1 17
79 1 1
32 1 31
3 1 8
23 2 6
11 1 3
15 2 30
49 1 9
36 1 29
32 1 21
7 1 1
3 2 23
3 2 25
3 2 4
25 1 32
15 1 13
24 1 11
61 1 35
44 1 3
82 2 2
49 2 51
3 2 15
1 2 23
62 2 32
7 1 23
18 1 7
16 1 9
4 1 51
13 1 15
21 1 11
3 2 19
13 1 3
34 1 61
44 1 32
28 1 7
9 1 3
14 1 9
31 1 7
29 1 15
30 2 37
4 2 32
44 2 63
3 1 1
1 2 19
32 1 43
3 2 62
7 1 20
35 1 17
19 1 18
1 2 22
24 2 18
11 1 6
13 1 2
13 1 16
31 1 11
29 2 32
30 1 7
63 1 62
24 1 3
63 2 44
3 1 23
32 1 14
11 1 26
43 1 11
40 1 39
32 1 44
30 2 28
62 1 49
19 1 24
4 2 35
13 1 1
7 1 22
18 2 24
27 2 33
1 2 25
41 1 38
8 1 7
35 1 21
38 1 37
34 1 27
38 1 16
9 1 5
20 1 1
44 1 4
16 1 11
26 1 1
39 1 35
64 1 11
3 2 8
20 1 19
62 1 51
30 1 11
22 2 10
1 4 3
1 2 8
45 1 86
36 1 32
27 2 39
12 1 11
1 7 3
71 2 82
1 1 12
17 2 40
11 1 22
41 1 32
22 2 3
11 1 1
23 2 26
26 1 3
51 1 9
86 1 1
9 1 16
82 2 5
14 2 31
5 1 1
25 1 3
34 2 43
3 4 1
34 1 33
? 1 github_java_program_data/14/417.java

3 4 1
18 1 11
17 1 9
23 2 1
1 4 3
71 2 1
11 1 3
15 2 30
49 1 9
51 1 13
32 1 21
7 1 1
3 2 23
3 2 25
1 2 32
25 1 32
29 1 28
15 1 13
24 1 11
25 1 1
5 2 3
7 1 6
30 2 28
34 1 33
3 2 15
21 1 7
63 1 82
4 2 35
20 1 19
79 1 3
18 1 7
4 1 51
1 2 15
13 1 15
21 1 11
2 1 3
29 1 30
14 1 13
29 2 35
1 1 3
13 1 3
44 1 82
44 1 32
1 2 62
25 1 71
28 1 7
11 1 23
9 1 3
14 1 9
63 1 71
29 1 15
23 2 3
4 2 32
44 2 63
22 2 20
22 2 3
35 1 34
24 1 7
33 2 42
1 2 19
44 1 35
3 1 22
63 1 1
34 1 42
7 1 20
19 1 18
11 1 1
24 2 18
36 1 29
16 1 7
7 1 23
5 1 3
13 1 2
13 1 16
31 1 11
11 1 6
63 1 62
63 2 44
3 1 23
32 1 14
14 2 17
32 1 63
32 1 44
63 1 35
34 1 27
19 1 24
27 2 33
1 5 3
36 1 35
13 1 1
3 2 22
7 1 22
82 2 71
15 1 11
18 2 24
2 2 3
1 2 25
22 2 1
4 1 49
62 1 51
9 1 15
63 1 2
35 1 14
1 1 8
9 1 5
26 1 25
71 2 2
20 1 1
44 1 4
26 1 1
14 2 34
3 5 1
3 2 8
11 1 20
25 1 18
20 1 3
30 1 11
62 2 35
7 1 3
44 1 1
3 2 16
1 2 4
31 1 7
7 1 26
3 2 19
11 1 10
22 2 6
44 1 2
32 1 36
44 1 71
79 2 25
11 1 22
2 2 1
33 1 32
35 1 31
25 1 24
5 2 1
15 1 7
45 1 25
27 1 11
3 1 1
1 1 23
9 1 1
17 2 21
45 1 79
1 2 22
26 1 3
49 2 51
11 1 26
26 2 22
2 1 1
22 2 10
9 1 16
1 2 23
5 1 1
23 2 20
42 1 32
1 1 22
13 1 5
32 1 17
? 1 github_java_program_data/14/418.java

18 1 11
44 1 4
23 2 1
21 2 31
38 1 30
7 1 39
22 2 20
1 1 19
51 1 13
35 1 48
49 1 1
32 1 40
46 2 79
2 2 3
64 6 63
71 2 2
79 2 46
21 2 48
7 1 6
32 1 43
37 1 11
40 2 31
21 1 7
29 1 28
36 1 35
4 2 5
23 2 22
1 2 15
43 1 7
2 1 3
29 1 30
14 1 13
3 2 22
40 1 39
44 1 82
1 5 3
1 2 62
25 1 71
11 1 23
32 1 34
7 1 26
23 2 3
63 1 3
26 2 23
26 1 19
86 2 79
35 1 34
24 1 7
44 1 35
18 1 1
63 1 1
6 2 22
63 1 5
46 1 1
16 2 27
5 1 3
11 1 3
22 2 1
63 1 2
16 1 7
71 2 3
71 2 5
38 2 32
62 2 35
17 2 41
38 2 35
9 1 2
63 1 4
35 1 55
40 1 27
14 2 36
49 1 13
15 1 11
63 1 82
4 1 49
62 1 51
9 1 15
35 1 14
26 1 25
16 2 30
35 1 40
3 2 16
3 5 1
11 1 20
1 1 3
23 2 26
20 1 3
20 1 25
64 6 44
35 1 36
27 1 11
44 1 1
1 2 4
5 2 3
16 1 13
29 2 35
32 1 31
22 2 6
7 1 3
63 2 44
41 2 43
44 1 71
33 1 35
2 2 1
33 1 32
35 1 31
36 2 64
25 1 24
24 1 1
32 1 41
35 1 41
64 1 7
15 1 7
45 1 25
44 1 5
25 1 35
35 1 64
1 1 23
9 1 1
51 2 49
17 1 13
21 2 64
25 1 18
3 1 25
11 1 26
27 1 7
2 1 1
22 2 10
7 1 10
45 1 46
5 2 1
18 1 3
1 1 22
13 1 5
32 1 17
79 1 1
15 1 9
39 1 32
1 4 3
23 2 6
38 1 27
15 2 30
49 1 9
36 1 29
32 1 21
7 1 1
3 2 23
3 2 25
3 2 4
79 2 25
15 1 13
24 1 11
3 7 1
44 1 3
49 2 51
3 2 15
1 2 23
62 2 32
7 1 23
18 1 7
16 1 9
4 1 51
31 1 7
21 1 11
3 2 19
13 1 3
44 1 32
28 1 7
9 1 3
14 1 9
13 1 15
29 1 15
30 2 37
4 2 32
44 2 63
36 2 17
22 2 3
39 1 62
1 2 19
3 1 22
30 2 39
3 2 62
27 2 37
7 1 20
35 1 17
19 1 18
1 2 22
24 2 18
11 1 6
34 2 14
13 1 2
13 1 16
31 1 11
29 2 32
30 1 7
63 1 62
20 2 22
24 1 3
22 2 26
3 1 23
32 1 14
1 1 25
30 2 28
62 1 49
19 1 24
1 2 16
37 1 7
13 1 1
20 2 23
7 1 22
82 2 71
18 2 24
27 2 33
1 2 25
41 1 38
35 1 21
40 1 30
38 1 37
34 1 27
38 1 16
32 1 11
9 1 5
31 2 34
20 1 1
17 1 9
16 1 11
26 1 1
39 1 35
63 1 32
20 1 19
71 2 4
3 1 19
30 1 11
51 1 9
43 6 44
35 1 44
45 1 86
36 1 32
27 2 39
63 1 71
1 7 3
11 1 10
44 1 2
32 1 36
3 2 35
23 2 10
11 1 22
35 1 63
51 1 3
41 1 32
32 1 64
3 1 1
11 1 1
44 1 62
45 1 79
26 1 3
41 1 35
4 2 2
86 1 1
9 1 16
26 2 22
31 2 55
28 1 11
5 1 1
23 2 20
25 1 3
41 2 40
3 4 1
34 1 33
? 1 github_java_program_data/14/443.java

3 4 1
18 1 11
17 1 9
23 2 1
1 4 3
71 2 1
11 1 3
15 2 30
49 1 9
51 1 13
32 1 21
7 1 1
3 2 23
3 2 25
1 2 32
25 1 32
29 1 28
15 1 13
24 1 11
25 1 1
5 2 3
7 1 6
30 2 28
34 1 33
3 2 15
21 1 7
63 1 82
4 2 35
20 1 19
79 1 3
18 1 7
4 1 51
1 2 15
13 1 15
21 1 11
2 1 3
29 1 30
14 1 13
29 2 35
1 1 3
13 1 3
44 1 82
44 1 32
1 2 62
25 1 71
28 1 7
11 1 23
9 1 3
14 1 9
63 1 71
29 1 15
23 2 3
4 2 32
44 2 63
22 2 20
22 2 3
35 1 34
24 1 7
33 2 42
1 2 19
44 1 35
3 1 22
63 1 1
34 1 42
7 1 20
19 1 18
11 1 1
24 2 18
36 1 29
16 1 7
7 1 23
5 1 3
13 1 2
13 1 16
31 1 11
11 1 6
63 1 62
63 2 44
3 1 23
32 1 14
14 2 17
32 1 63
32 1 44
63 1 35
34 1 27
19 1 24
27 2 33
1 5 3
36 1 35
13 1 1
3 2 22
7 1 22
82 2 71
15 1 11
18 2 24
2 2 3
1 2 25
22 2 1
4 1 49
62 1 51
9 1 15
63 1 2
35 1 14
1 1 8
9 1 5
26 1 25
71 2 2
20 1 1
44 1 4
26 1 1
14 2 34
3 5 1
3 2 8
11 1 20
25 1 18
20 1 3
30 1 11
62 2 35
7 1 3
44 1 1
3 2 16
1 2 4
31 1 7
7 1 26
3 2 19
11 1 10
22 2 6
44 1 2
32 1 36
44 1 71
79 2 25
11 1 22
2 2 1
33 1 32
35 1 31
25 1 24
5 2 1
15 1 7
45 1 25
27 1 11
3 1 1
1 1 23
9 1 1
17 2 21
45 1 79
1 2 22
26 1 3
49 2 51
11 1 26
26 2 22
2 1 1
22 2 10
9 1 16
1 2 23
5 1 1
23 2 20
42 1 32
1 1 22
13 1 5
32 1 17
? 1 github_java_program_data/14/448.java

18 1 11
44 1 4
23 2 1
21 2 31
3 2 12
38 1 30
2 1 82
71 2 1
80 1 39
17 2 31
51 1 13
65 1 35
32 1 31
26 1 1
31 2 21
1 2 19
42 1 35
7 2 11
71 2 2
25 1 1
79 2 46
5 2 3
7 1 6
37 1 11
29 1 16
29 1 28
33 1 11
20 1 19
10 2 23
30 2 39
82 2 1
8 1 11
1 2 15
34 1 39
2 1 3
29 1 30
14 1 13
3 2 22
40 1 39
44 1 82
1 5 3
25 1 71
11 1 23
32 1 34
80 1 42
63 1 71
39 1 7
63 1 3
61 1 32
35 1 34
24 1 7
33 2 42
1 2 32
44 1 35
21 1 7
6 2 22
33 2 61
39 2 42
63 1 5
16 2 27
5 1 3
11 1 3
27 1 11
63 1 2
11 1 6
71 2 3
14 2 65
38 2 32
80 1 30
14 2 21
46 2 79
9 1 2
3 2 25
40 1 33
40 1 27
49 1 13
15 1 11
46 1 3
2 2 3
22 2 1
4 1 49
62 1 51
3 7 1
9 1 15
40 1 61
35 1 14
1 1 8
1 2 12
26 1 25
11 1 10
3 2 16
3 5 1
11 1 20
1 1 3
20 1 3
17 1 13
44 1 2
44 1 1
1 2 4
3 1 12
16 1 13
76 1 42
29 2 35
5 1 82
22 2 6
7 1 3
39 2 61
44 1 71
3 1 23
2 2 1
33 1 32
35 1 31
25 1 24
35 1 41
63 1 32
15 1 7
34 1 61
32 1 36
30 2 37
1 1 23
9 1 1
51 2 49
16 2 30
11 1 26
27 1 7
2 1 1
12 1 7
7 1 10
17 2 36
34 1 30
5 2 1
62 2 35
1 1 22
13 1 5
32 1 17
71 2 82
63 1 82
21 2 14
3 1 8
23 2 6
38 1 27
49 1 9
36 1 29
32 1 21
7 1 1
3 2 23
82 2 3
3 2 4
79 2 25
25 1 32
76 1 33
6 2 23
24 1 11
61 1 35
44 1 3
82 2 2
49 2 51
3 2 15
1 2 23
62 2 32
7 1 23
79 1 3
18 1 7
16 1 9
4 1 51
31 1 7
21 1 11
3 2 19
13 1 3
45 1 25
44 1 32
4 2 35
28 1 7
32 1 7
9 1 3
13 1 15
65 1 30
4 2 32
44 2 63
3 1 1
36 2 21
30 2 35
3 1 22
42 1 7
3 2 62
27 2 37
7 1 20
35 1 17
19 1 18
1 2 22
24 2 18
16 1 7
11 1 76
17 2 21
13 1 2
13 1 16
31 1 11
30 1 7
63 1 62
63 2 44
33 1 35
32 1 14
14 2 17
22 2 3
32 1 63
32 1 44
63 1 35
30 2 28
62 1 49
19 1 24
12 1 11
37 1 7
13 1 1
22 2 10
7 1 22
5 1 71
18 2 24
27 2 33
1 2 25
41 1 38
11 2 7
8 1 7
35 1 21
38 1 37
34 1 27
38 1 16
32 1 11
9 1 5
20 1 1
17 1 9
1 2 16
16 1 11
32 1 40
39 1 35
3 2 8
36 1 35
25 1 18
32 1 65
30 1 11
17 2 14
1 4 3
1 2 8
27 2 39
7 1 26
1 7 3
40 1 42
1 1 12
45 1 46
23 2 3
23 2 10
11 1 22
7 1 32
41 1 32
11 1 80
11 1 1
45 1 79
26 1 3
76 1 27
51 1 9
9 1 16
10 2 22
82 2 5
14 2 31
5 1 1
2 1 71
3 4 1
34 1 33
? 1 github_java_program_data/14/454.java

18 1 11
23 2 1
71 2 1
24 1 7
51 1 13
26 1 1
39 1 32
2 2 3
29 1 27
64 6 63
71 2 2
25 1 1
5 2 3
7 1 6
3 1 22
29 1 16
21 1 7
29 1 28
20 1 19
1 2 15
2 1 3
3 2 22
40 1 39
44 1 82
36 2 43
1 2 62
25 1 71
11 1 23
30 2 33
32 1 34
7 1 26
23 2 3
63 1 3
23 2 26
22 2 20
33 2 42
1 2 32
44 1 35
63 1 1
63 1 5
16 2 27
5 1 3
11 1 3
22 2 1
63 1 2
16 1 7
71 2 5
38 2 32
17 2 41
9 1 2
63 1 71
49 1 13
15 1 11
4 1 49
62 1 51
9 1 15
40 1 61
35 1 14
26 1 25
13 2 9
3 2 16
3 5 1
35 1 43
11 1 20
1 1 3
20 1 3
17 1 13
35 1 36
27 1 11
44 1 1
1 2 4
16 1 13
34 1 42
22 2 6
7 1 3
39 2 61
2 2 1
33 1 32
35 1 31
43 6 44
25 1 24
35 1 41
64 1 7
15 1 7
45 1 25
35 1 64
9 1 1
27 2 28
22 2 26
5 2 1
27 1 7
2 1 1
7 1 10
34 1 30
62 2 35
1 1 22
13 1 5
9 2 13
23 2 6
38 1 27
49 1 9
36 1 29
32 1 21
7 1 1
3 2 23
3 2 25
3 2 4
25 1 32
6 2 23
24 1 11
61 1 35
44 1 3
82 2 2
49 2 51
3 2 15
1 2 23
7 1 23
18 1 7
16 1 9
4 1 51
31 1 7
21 1 11
42 1 35
3 2 19
13 1 3
44 1 32
9 1 3
14 1 9
13 1 15
4 2 32
44 2 63
3 1 1
32 1 43
30 2 39
3 2 62
27 2 37
7 1 20
35 1 17
19 1 18
11 1 1
11 1 6
13 1 2
13 1 16
31 1 11
29 2 32
30 1 7
63 1 62
63 2 44
3 1 23
43 1 11
20 2 22
32 1 44
63 1 35
62 1 49
19 1 24
4 2 35
1 5 3
37 1 7
13 1 1
7 1 22
18 2 24
1 2 25
41 1 38
40 1 30
38 1 37
11 1 26
38 1 16
9 1 5
44 1 4
16 1 11
32 1 40
32 1 63
26 2 23
25 1 18
30 1 11
1 4 3
36 1 32
14 2 36
11 1 10
44 1 2
23 2 10
11 1 22
41 2 64
41 1 32
22 2 3
1 2 22
26 1 3
51 1 9
9 1 16
28 1 11
5 1 1
3 4 1
34 1 33
? 1 github_java_program_data/14/467.java

18 1 11
44 1 4
23 2 1
21 2 31
38 1 30
7 1 39
22 2 20
1 1 19
51 1 13
35 1 48
49 1 1
32 1 40
46 2 79
2 2 3
64 6 63
71 2 2
79 2 46
21 2 48
7 1 6
32 1 43
37 1 11
40 2 31
21 1 7
29 1 28
36 1 35
4 2 5
23 2 22
1 2 15
43 1 7
2 1 3
29 1 30
14 1 13
3 2 22
40 1 39
44 1 82
1 5 3
1 2 62
25 1 71
11 1 23
32 1 34
7 1 26
23 2 3
63 1 3
26 2 23
26 1 19
86 2 79
35 1 34
24 1 7
44 1 35
18 1 1
63 1 1
6 2 22
63 1 5
46 1 1
16 2 27
5 1 3
11 1 3
22 2 1
63 1 2
16 1 7
71 2 3
71 2 5
38 2 32
62 2 35
17 2 41
38 2 35
9 1 2
63 1 4
35 1 55
40 1 27
14 2 36
49 1 13
15 1 11
63 1 82
4 1 49
62 1 51
9 1 15
35 1 14
26 1 25
16 2 30
35 1 40
3 2 16
3 5 1
11 1 20
1 1 3
23 2 26
20 1 3
20 1 25
64 6 44
35 1 36
27 1 11
44 1 1
1 2 4
5 2 3
16 1 13
29 2 35
32 1 31
22 2 6
7 1 3
63 2 44
41 2 43
44 1 71
33 1 35
2 2 1
33 1 32
35 1 31
36 2 64
25 1 24
24 1 1
32 1 41
35 1 41
64 1 7
15 1 7
45 1 25
44 1 5
25 1 35
35 1 64
1 1 23
9 1 1
51 2 49
17 1 13
21 2 64
25 1 18
3 1 25
11 1 26
27 1 7
2 1 1
22 2 10
7 1 10
45 1 46
5 2 1
18 1 3
1 1 22
13 1 5
32 1 17
79 1 1
15 1 9
39 1 32
1 4 3
23 2 6
38 1 27
15 2 30
49 1 9
36 1 29
32 1 21
7 1 1
3 2 23
3 2 25
3 2 4
79 2 25
15 1 13
24 1 11
3 7 1
44 1 3
49 2 51
3 2 15
1 2 23
62 2 32
7 1 23
18 1 7
16 1 9
4 1 51
31 1 7
21 1 11
3 2 19
13 1 3
44 1 32
28 1 7
9 1 3
14 1 9
13 1 15
29 1 15
30 2 37
4 2 32
44 2 63
36 2 17
22 2 3
39 1 62
1 2 19
3 1 22
30 2 39
3 2 62
27 2 37
7 1 20
35 1 17
19 1 18
1 2 22
24 2 18
11 1 6
34 2 14
13 1 2
13 1 16
31 1 11
29 2 32
30 1 7
63 1 62
20 2 22
24 1 3
22 2 26
3 1 23
32 1 14
1 1 25
30 2 28
62 1 49
19 1 24
1 2 16
37 1 7
13 1 1
20 2 23
7 1 22
82 2 71
18 2 24
27 2 33
1 2 25
41 1 38
35 1 21
40 1 30
38 1 37
34 1 27
38 1 16
32 1 11
9 1 5
31 2 34
20 1 1
17 1 9
16 1 11
26 1 1
39 1 35
63 1 32
20 1 19
71 2 4
3 1 19
30 1 11
51 1 9
43 6 44
35 1 44
45 1 86
36 1 32
27 2 39
63 1 71
1 7 3
11 1 10
44 1 2
32 1 36
3 2 35
23 2 10
11 1 22
35 1 63
51 1 3
41 1 32
32 1 64
3 1 1
11 1 1
44 1 62
45 1 79
26 1 3
41 1 35
4 2 2
86 1 1
9 1 16
26 2 22
31 2 55
28 1 11
5 1 1
23 2 20
25 1 3
41 2 40
3 4 1
34 1 33
? 1 github_java_program_data/14/473.java

3 4 1
18 1 11
17 1 9
23 2 1
1 4 3
71 2 1
11 1 3
15 2 30
49 1 9
51 1 13
32 1 21
7 1 1
3 2 23
3 2 25
1 2 32
25 1 32
29 1 28
15 1 13
24 1 11
25 1 1
5 2 3
7 1 6
30 2 28
34 1 33
3 2 15
21 1 7
63 1 82
4 2 35
20 1 19
79 1 3
18 1 7
4 1 51
1 2 15
13 1 15
21 1 11
2 1 3
29 1 30
14 1 13
29 2 35
1 1 3
13 1 3
44 1 82
44 1 32
1 2 62
25 1 71
28 1 7
11 1 23
9 1 3
14 1 9
63 1 71
29 1 15
23 2 3
4 2 32
44 2 63
22 2 20
22 2 3
35 1 34
24 1 7
33 2 42
1 2 19
44 1 35
3 1 22
63 1 1
34 1 42
7 1 20
19 1 18
11 1 1
24 2 18
36 1 29
16 1 7
7 1 23
5 1 3
13 1 2
13 1 16
31 1 11
11 1 6
63 1 62
63 2 44
3 1 23
32 1 14
14 2 17
32 1 63
32 1 44
63 1 35
34 1 27
19 1 24
27 2 33
1 5 3
36 1 35
13 1 1
3 2 22
7 1 22
82 2 71
15 1 11
18 2 24
2 2 3
1 2 25
22 2 1
4 1 49
62 1 51
9 1 15
63 1 2
35 1 14
1 1 8
9 1 5
26 1 25
71 2 2
20 1 1
44 1 4
26 1 1
14 2 34
3 5 1
3 2 8
11 1 20
25 1 18
20 1 3
30 1 11
62 2 35
7 1 3
44 1 1
3 2 16
1 2 4
31 1 7
7 1 26
3 2 19
11 1 10
22 2 6
44 1 2
32 1 36
44 1 71
79 2 25
11 1 22
2 2 1
33 1 32
35 1 31
25 1 24
5 2 1
15 1 7
45 1 25
27 1 11
3 1 1
1 1 23
9 1 1
17 2 21
45 1 79
1 2 22
26 1 3
49 2 51
11 1 26
26 2 22
2 1 1
22 2 10
9 1 16
1 2 23
5 1 1
23 2 20
42 1 32
1 1 22
13 1 5
32 1 17
? 1 github_java_program_data/14/478.java

18 1 11
44 1 4
23 2 1
21 2 31
38 1 30
7 1 39
22 2 20
1 1 19
51 1 13
35 1 48
49 1 1
32 1 40
46 2 79
2 2 3
64 6 63
71 2 2
79 2 46
21 2 48
7 1 6
32 1 43
37 1 11
40 2 31
21 1 7
29 1 28
36 1 35
4 2 5
23 2 22
1 2 15
43 1 7
2 1 3
29 1 30
14 1 13
3 2 22
40 1 39
44 1 82
1 5 3
1 2 62
25 1 71
11 1 23
32 1 34
7 1 26
23 2 3
63 1 3
26 2 23
26 1 19
86 2 79
35 1 34
24 1 7
44 1 35
18 1 1
63 1 1
6 2 22
63 1 5
46 1 1
16 2 27
5 1 3
11 1 3
22 2 1
63 1 2
16 1 7
71 2 3
71 2 5
38 2 32
62 2 35
17 2 41
38 2 35
9 1 2
63 1 4
35 1 55
40 1 27
14 2 36
49 1 13
15 1 11
63 1 82
4 1 49
62 1 51
9 1 15
35 1 14
26 1 25
16 2 30
35 1 40
3 2 16
3 5 1
11 1 20
1 1 3
23 2 26
20 1 3
20 1 25
64 6 44
35 1 36
27 1 11
44 1 1
1 2 4
5 2 3
16 1 13
29 2 35
32 1 31
22 2 6
7 1 3
63 2 44
41 2 43
44 1 71
33 1 35
2 2 1
33 1 32
35 1 31
36 2 64
25 1 24
24 1 1
32 1 41
35 1 41
64 1 7
15 1 7
45 1 25
44 1 5
25 1 35
35 1 64
1 1 23
9 1 1
51 2 49
17 1 13
21 2 64
25 1 18
3 1 25
11 1 26
27 1 7
2 1 1
22 2 10
7 1 10
45 1 46
5 2 1
18 1 3
1 1 22
13 1 5
32 1 17
79 1 1
15 1 9
39 1 32
1 4 3
23 2 6
38 1 27
15 2 30
49 1 9
36 1 29
32 1 21
7 1 1
3 2 23
3 2 25
3 2 4
79 2 25
15 1 13
24 1 11
3 7 1
44 1 3
49 2 51
3 2 15
1 2 23
62 2 32
7 1 23
18 1 7
16 1 9
4 1 51
31 1 7
21 1 11
3 2 19
13 1 3
44 1 32
28 1 7
9 1 3
14 1 9
13 1 15
29 1 15
30 2 37
4 2 32
44 2 63
36 2 17
22 2 3
39 1 62
1 2 19
3 1 22
30 2 39
3 2 62
27 2 37
7 1 20
35 1 17
19 1 18
1 2 22
24 2 18
11 1 6
34 2 14
13 1 2
13 1 16
31 1 11
29 2 32
30 1 7
63 1 62
20 2 22
24 1 3
22 2 26
3 1 23
32 1 14
1 1 25
30 2 28
62 1 49
19 1 24
1 2 16
37 1 7
13 1 1
20 2 23
7 1 22
82 2 71
18 2 24
27 2 33
1 2 25
41 1 38
35 1 21
40 1 30
38 1 37
34 1 27
38 1 16
32 1 11
9 1 5
31 2 34
20 1 1
17 1 9
16 1 11
26 1 1
39 1 35
63 1 32
20 1 19
71 2 4
3 1 19
30 1 11
51 1 9
43 6 44
35 1 44
45 1 86
36 1 32
27 2 39
63 1 71
1 7 3
11 1 10
44 1 2
32 1 36
3 2 35
23 2 10
11 1 22
35 1 63
51 1 3
41 1 32
32 1 64
3 1 1
11 1 1
44 1 62
45 1 79
26 1 3
41 1 35
4 2 2
86 1 1
9 1 16
26 2 22
31 2 55
28 1 11
5 1 1
23 2 20
25 1 3
41 2 40
3 4 1
34 1 33
? 1 github_java_program_data/14/503.java

3 4 1
18 1 11
17 1 9
23 2 1
1 4 3
71 2 1
11 1 3
15 2 30
49 1 9
51 1 13
32 1 21
7 1 1
3 2 23
3 2 25
1 2 32
25 1 32
29 1 28
15 1 13
24 1 11
25 1 1
5 2 3
7 1 6
30 2 28
34 1 33
3 2 15
21 1 7
63 1 82
4 2 35
20 1 19
79 1 3
18 1 7
4 1 51
1 2 15
13 1 15
21 1 11
2 1 3
29 1 30
14 1 13
29 2 35
1 1 3
13 1 3
44 1 82
44 1 32
1 2 62
25 1 71
28 1 7
11 1 23
9 1 3
14 1 9
63 1 71
29 1 15
23 2 3
4 2 32
44 2 63
22 2 20
22 2 3
35 1 34
24 1 7
33 2 42
1 2 19
44 1 35
3 1 22
63 1 1
34 1 42
7 1 20
19 1 18
11 1 1
24 2 18
36 1 29
16 1 7
7 1 23
5 1 3
13 1 2
13 1 16
31 1 11
11 1 6
63 1 62
63 2 44
3 1 23
32 1 14
14 2 17
32 1 63
32 1 44
63 1 35
34 1 27
19 1 24
27 2 33
1 5 3
36 1 35
13 1 1
3 2 22
7 1 22
82 2 71
15 1 11
18 2 24
2 2 3
1 2 25
22 2 1
4 1 49
62 1 51
9 1 15
63 1 2
35 1 14
1 1 8
9 1 5
26 1 25
71 2 2
20 1 1
44 1 4
26 1 1
14 2 34
3 5 1
3 2 8
11 1 20
25 1 18
20 1 3
30 1 11
62 2 35
7 1 3
44 1 1
3 2 16
1 2 4
31 1 7
7 1 26
3 2 19
11 1 10
22 2 6
44 1 2
32 1 36
44 1 71
79 2 25
11 1 22
2 2 1
33 1 32
35 1 31
25 1 24
5 2 1
15 1 7
45 1 25
27 1 11
3 1 1
1 1 23
9 1 1
17 2 21
45 1 79
1 2 22
26 1 3
49 2 51
11 1 26
26 2 22
2 1 1
22 2 10
9 1 16
1 2 23
5 1 1
23 2 20
42 1 32
1 1 22
13 1 5
32 1 17
? 1 github_java_program_data/14/508.java

18 1 11
23 2 1
71 2 1
24 1 7
51 1 13
26 1 1
39 1 32
2 2 3
29 1 27
64 6 63
71 2 2
25 1 1
5 2 3
7 1 6
3 1 22
29 1 16
21 1 7
29 1 28
20 1 19
1 2 15
2 1 3
3 2 22
40 1 39
44 1 82
36 2 43
1 2 62
25 1 71
11 1 23
30 2 33
32 1 34
7 1 26
23 2 3
63 1 3
23 2 26
22 2 20
33 2 42
1 2 32
44 1 35
63 1 1
63 1 5
16 2 27
5 1 3
11 1 3
22 2 1
63 1 2
16 1 7
71 2 5
38 2 32
17 2 41
9 1 2
63 1 71
49 1 13
15 1 11
4 1 49
62 1 51
9 1 15
40 1 61
35 1 14
26 1 25
13 2 9
3 2 16
3 5 1
35 1 43
11 1 20
1 1 3
20 1 3
17 1 13
35 1 36
27 1 11
44 1 1
1 2 4
16 1 13
34 1 42
22 2 6
7 1 3
39 2 61
2 2 1
33 1 32
35 1 31
43 6 44
25 1 24
35 1 41
64 1 7
15 1 7
45 1 25
35 1 64
9 1 1
27 2 28
22 2 26
5 2 1
27 1 7
2 1 1
7 1 10
34 1 30
62 2 35
1 1 22
13 1 5
9 2 13
23 2 6
38 1 27
49 1 9
36 1 29
32 1 21
7 1 1
3 2 23
3 2 25
3 2 4
25 1 32
6 2 23
24 1 11
61 1 35
44 1 3
82 2 2
49 2 51
3 2 15
1 2 23
7 1 23
18 1 7
16 1 9
4 1 51
31 1 7
21 1 11
42 1 35
3 2 19
13 1 3
44 1 32
9 1 3
14 1 9
13 1 15
4 2 32
44 2 63
3 1 1
32 1 43
30 2 39
3 2 62
27 2 37
7 1 20
35 1 17
19 1 18
11 1 1
11 1 6
13 1 2
13 1 16
31 1 11
29 2 32
30 1 7
63 1 62
63 2 44
3 1 23
43 1 11
20 2 22
32 1 44
63 1 35
62 1 49
19 1 24
4 2 35
1 5 3
37 1 7
13 1 1
7 1 22
18 2 24
1 2 25
41 1 38
40 1 30
38 1 37
11 1 26
38 1 16
9 1 5
44 1 4
16 1 11
32 1 40
32 1 63
26 2 23
25 1 18
30 1 11
1 4 3
36 1 32
14 2 36
11 1 10
44 1 2
23 2 10
11 1 22
41 2 64
41 1 32
22 2 3
1 2 22
26 1 3
51 1 9
9 1 16
28 1 11
5 1 1
3 4 1
34 1 33
? 1 github_java_program_data/14/527.java

18 1 11
44 1 4
23 2 1
21 2 31
38 1 30
7 1 39
22 2 20
1 1 19
51 1 13
35 1 48
49 1 1
32 1 40
46 2 79
2 2 3
64 6 63
71 2 2
79 2 46
21 2 48
7 1 6
32 1 43
37 1 11
40 2 31
21 1 7
29 1 28
36 1 35
4 2 5
23 2 22
1 2 15
43 1 7
2 1 3
29 1 30
14 1 13
3 2 22
40 1 39
44 1 82
1 5 3
1 2 62
25 1 71
11 1 23
32 1 34
7 1 26
23 2 3
63 1 3
26 2 23
26 1 19
86 2 79
35 1 34
24 1 7
44 1 35
18 1 1
63 1 1
6 2 22
63 1 5
46 1 1
16 2 27
5 1 3
11 1 3
22 2 1
63 1 2
16 1 7
71 2 3
71 2 5
38 2 32
62 2 35
17 2 41
38 2 35
9 1 2
63 1 4
35 1 55
40 1 27
14 2 36
49 1 13
15 1 11
63 1 82
4 1 49
62 1 51
9 1 15
35 1 14
26 1 25
16 2 30
35 1 40
3 2 16
3 5 1
11 1 20
1 1 3
23 2 26
20 1 3
20 1 25
64 6 44
35 1 36
27 1 11
44 1 1
1 2 4
5 2 3
16 1 13
29 2 35
32 1 31
22 2 6
7 1 3
63 2 44
41 2 43
44 1 71
33 1 35
2 2 1
33 1 32
35 1 31
36 2 64
25 1 24
24 1 1
32 1 41
35 1 41
64 1 7
15 1 7
45 1 25
44 1 5
25 1 35
35 1 64
1 1 23
9 1 1
51 2 49
17 1 13
21 2 64
25 1 18
3 1 25
11 1 26
27 1 7
2 1 1
22 2 10
7 1 10
45 1 46
5 2 1
18 1 3
1 1 22
13 1 5
32 1 17
79 1 1
15 1 9
39 1 32
1 4 3
23 2 6
38 1 27
15 2 30
49 1 9
36 1 29
32 1 21
7 1 1
3 2 23
3 2 25
3 2 4
79 2 25
15 1 13
24 1 11
3 7 1
44 1 3
49 2 51
3 2 15
1 2 23
62 2 32
7 1 23
18 1 7
16 1 9
4 1 51
31 1 7
21 1 11
3 2 19
13 1 3
44 1 32
28 1 7
9 1 3
14 1 9
13 1 15
29 1 15
30 2 37
4 2 32
44 2 63
36 2 17
22 2 3
39 1 62
1 2 19
3 1 22
30 2 39
3 2 62
27 2 37
7 1 20
35 1 17
19 1 18
1 2 22
24 2 18
11 1 6
34 2 14
13 1 2
13 1 16
31 1 11
29 2 32
30 1 7
63 1 62
20 2 22
24 1 3
22 2 26
3 1 23
32 1 14
1 1 25
30 2 28
62 1 49
19 1 24
1 2 16
37 1 7
13 1 1
20 2 23
7 1 22
82 2 71
18 2 24
27 2 33
1 2 25
41 1 38
35 1 21
40 1 30
38 1 37
34 1 27
38 1 16
32 1 11
9 1 5
31 2 34
20 1 1
17 1 9
16 1 11
26 1 1
39 1 35
63 1 32
20 1 19
71 2 4
3 1 19
30 1 11
51 1 9
43 6 44
35 1 44
45 1 86
36 1 32
27 2 39
63 1 71
1 7 3
11 1 10
44 1 2
32 1 36
3 2 35
23 2 10
11 1 22
35 1 63
51 1 3
41 1 32
32 1 64
3 1 1
11 1 1
44 1 62
45 1 79
26 1 3
41 1 35
4 2 2
86 1 1
9 1 16
26 2 22
31 2 55
28 1 11
5 1 1
23 2 20
25 1 3
41 2 40
3 4 1
34 1 33
? 1 github_java_program_data/14/53.java

3 4 1
18 1 11
17 1 9
23 2 1
1 4 3
71 2 1
11 1 3
15 2 30
49 1 9
51 1 13
32 1 21
7 1 1
3 2 23
3 2 25
1 2 32
25 1 32
29 1 28
15 1 13
24 1 11
25 1 1
5 2 3
7 1 6
30 2 28
34 1 33
3 2 15
21 1 7
63 1 82
4 2 35
20 1 19
79 1 3
18 1 7
4 1 51
1 2 15
13 1 15
21 1 11
2 1 3
29 1 30
14 1 13
29 2 35
1 1 3
13 1 3
44 1 82
44 1 32
1 2 62
25 1 71
28 1 7
11 1 23
9 1 3
14 1 9
63 1 71
29 1 15
23 2 3
4 2 32
44 2 63
22 2 20
22 2 3
35 1 34
24 1 7
33 2 42
1 2 19
44 1 35
3 1 22
63 1 1
34 1 42
7 1 20
19 1 18
11 1 1
24 2 18
36 1 29
16 1 7
7 1 23
5 1 3
13 1 2
13 1 16
31 1 11
11 1 6
63 1 62
63 2 44
3 1 23
32 1 14
14 2 17
32 1 63
32 1 44
63 1 35
34 1 27
19 1 24
27 2 33
1 5 3
36 1 35
13 1 1
3 2 22
7 1 22
82 2 71
15 1 11
18 2 24
2 2 3
1 2 25
22 2 1
4 1 49
62 1 51
9 1 15
63 1 2
35 1 14
1 1 8
9 1 5
26 1 25
71 2 2
20 1 1
44 1 4
26 1 1
14 2 34
3 5 1
3 2 8
11 1 20
25 1 18
20 1 3
30 1 11
62 2 35
7 1 3
44 1 1
3 2 16
1 2 4
31 1 7
7 1 26
3 2 19
11 1 10
22 2 6
44 1 2
32 1 36
44 1 71
79 2 25
11 1 22
2 2 1
33 1 32
35 1 31
25 1 24
5 2 1
15 1 7
45 1 25
27 1 11
3 1 1
1 1 23
9 1 1
17 2 21
45 1 79
1 2 22
26 1 3
49 2 51
11 1 26
26 2 22
2 1 1
22 2 10
9 1 16
1 2 23
5 1 1
23 2 20
42 1 32
1 1 22
13 1 5
32 1 17
? 1 github_java_program_data/14/538.java

25 1 71
18 1 11
17 1 9
23 2 1
21 2 31
40 1 47
38 1 30
2 1 82
71 2 1
20 2 23
22 2 20
51 1 13
15 1 9
31 2 21
39 1 32
46 2 79
2 2 3
29 1 27
1 2 108
71 2 2
25 1 1
0 2 82
5 2 3
7 1 6
44 1 0
3 1 22
109 1 3
40 2 31
29 1 16
56 1 11
21 1 7
29 1 28
36 1 35
108 2 32
64 6 44
30 2 39
82 2 1
8 1 11
1 2 15
34 1 39
43 1 7
54 1 32
14 1 13
36 1 38
3 2 22
40 1 39
44 1 82
1 5 3
1 2 62
87 1 7
11 1 23
30 2 33
25 1 18
12 1 11
0 1 1
54 1 62
63 1 3
26 2 23
23 2 26
86 2 79
35 1 34
24 1 7
44 1 35
63 1 1
33 2 47
63 1 5
46 1 1
17 2 68
16 2 27
5 1 3
32 1 44
22 2 1
63 1 2
11 1 6
71 2 5
51 2 49
32 1 48
47 1 34
45 1 46
1 2 4
9 1 2
3 2 25
40 1 33
52 1 34
3 2 12
109 2 71
63 1 0
40 1 27
63 1 71
49 1 13
15 1 11
63 1 82
54 1 71
4 1 49
62 1 51
9 1 15
64 6 63
35 1 14
1 1 8
1 2 12
26 1 25
40 1 42
35 1 40
3 2 16
3 5 1
35 1 43
38 1 15
34 2 40
1 1 3
11 1 20
17 1 13
79 2 46
35 1 36
27 1 11
44 1 1
38 2 35
44 1 2
3 1 12
29 2 35
32 1 31
22 2 6
7 1 3
63 2 44
14 2 17
44 1 71
43 6 44
33 1 35
2 2 1
33 1 32
38 1 27
36 2 64
25 1 24
32 1 41
35 1 41
63 1 32
15 1 7
45 1 25
44 1 5
30 2 37
14 2 21
1 1 23
9 1 1
27 2 28
22 2 26
64 1 7
35 1 31
11 1 26
27 1 7
2 1 1
12 1 7
7 1 10
22 2 23
34 1 30
5 2 1
62 2 35
1 1 22
13 1 5
32 1 17
71 2 82
68 1 3
20 2 22
1 4 3
3 1 8
52 2 42
11 1 3
15 2 30
49 1 9
36 1 29
32 1 21
7 1 1
3 2 23
82 2 3
3 2 4
79 2 25
25 1 32
15 1 13
24 1 11
3 7 1
44 1 3
41 1 29
0 1 3
82 2 2
32 1 68
3 2 15
1 2 23
62 2 32
7 1 23
79 1 3
18 1 7
23 2 22
16 1 9
4 1 51
31 1 7
21 1 11
3 2 19
7 1 3
17 2 40
13 1 3
44 1 109
4 2 35
14 2 41
28 1 7
9 1 3
68 1 35
14 1 9
13 1 15
29 1 15
44 2 63
35 1 56
9 1 82
22 2 3
1 2 19
32 1 43
40 1 52
3 2 62
27 2 37
7 1 20
35 1 17
2 1 3
19 1 18
1 2 22
16 1 7
68 2 54
54 2 44
13 1 2
13 1 16
31 1 11
29 2 32
30 1 7
63 1 62
31 2 36
3 1 23
32 1 14
15 2 27
43 1 11
32 1 63
9 1 71
63 1 35
62 1 49
19 1 24
1 2 16
32 1 87
37 1 7
13 1 1
22 2 10
7 1 22
82 2 71
32 1 54
18 2 24
1 2 25
41 1 38
8 1 7
35 1 21
54 1 1
38 1 37
34 1 27
23 2 3
9 1 5
20 1 1
44 1 4
16 1 11
26 1 1
39 1 35
64 1 11
3 2 8
20 1 19
40 1 30
30 1 11
25 1 108
51 1 9
21 2 48
20 1 3
1 2 8
45 1 86
36 1 32
27 2 39
7 1 26
1 7 3
11 1 10
17 2 64
1 1 12
32 1 36
13 1 71
23 2 10
11 1 22
40 2 21
68 1 82
68 1 4
108 1 7
32 1 64
3 1 1
11 1 1
45 1 79
26 1 3
33 2 52
41 1 35
86 1 1
9 1 16
10 2 22
82 2 5
28 1 11
5 1 1
23 2 20
42 1 32
41 2 40
3 4 1
34 1 33
? 1 github_java_program_data/14/539.java

18 1 11
17 1 9
23 2 1
21 2 41
71 2 1
51 1 13
32 1 31
31 2 21
2 2 3
71 2 2
25 1 1
5 2 3
7 1 6
37 1 11
29 1 16
29 1 28
11 1 20
8 1 11
86 2 25
2 1 3
29 1 30
14 1 13
36 1 38
1 1 3
41 2 21
44 1 82
1 5 3
25 1 71
11 1 23
32 1 34
63 1 71
23 2 3
63 1 3
33 2 42
21 1 7
6 2 22
5 1 3
27 1 11
63 1 2
1 2 12
38 2 32
7 1 26
86 1 3
9 1 2
36 1 35
49 1 13
15 1 11
63 1 82
22 2 1
4 1 49
25 1 18
9 1 15
1 1 8
26 1 25
34 1 42
3 2 16
3 5 1
38 1 15
3 2 22
20 1 3
35 1 36
1 1 12
44 1 1
1 2 4
3 1 12
29 2 35
22 2 6
7 1 3
44 1 71
3 1 23
2 2 1
35 1 31
25 1 24
32 1 41
16 1 13
63 1 32
15 1 7
45 1 25
32 1 36
25 1 35
1 1 23
9 1 1
16 2 30
11 1 26
42 1 35
2 1 1
22 2 10
7 1 10
17 2 36
1 2 35
5 2 1
1 1 22
13 1 5
32 1 17
38 1 27
15 1 9
1 4 3
3 1 8
11 1 3
15 2 30
49 1 9
36 1 29
32 1 21
7 1 1
3 2 23
3 2 25
27 1 7
15 1 13
24 1 11
3 7 1
41 1 29
49 2 51
3 2 15
1 2 23
62 2 32
7 1 23
18 1 7
16 1 9
4 1 51
31 1 7
21 1 11
3 2 19
13 1 3
44 1 32
28 1 7
9 1 3
13 1 15
29 1 15
4 2 32
44 2 63
3 1 1
36 2 21
3 1 22
11 1 6
3 2 62
27 2 37
7 1 20
35 1 41
19 1 18
1 2 22
24 2 18
16 1 7
13 1 2
13 1 16
31 1 11
12 1 11
29 2 32
30 1 7
63 1 62
33 1 35
32 1 14
15 2 27
30 2 28
62 1 49
19 1 24
1 2 16
37 1 7
13 1 1
7 1 22
82 2 71
18 2 24
27 2 33
1 2 25
41 1 38
8 1 7
35 1 21
38 1 37
34 1 27
9 1 5
44 1 4
16 1 11
26 1 1
3 2 8
20 1 19
30 1 11
12 1 7
35 1 44
45 1 86
36 1 32
14 2 36
1 7 3
11 1 10
36 2 31
44 1 2
23 2 10
11 1 22
35 1 63
41 1 32
22 2 3
11 1 1
26 1 3
41 1 35
9 1 16
28 1 11
5 1 1
3 4 1
34 1 33
? 1 github_java_program_data/14/55.java

18 1 11
44 1 4
23 2 1
3 2 12
21 2 41
73 2 64
22 2 20
1 1 19
51 1 13
65 1 35
35 1 48
32 1 40
31 2 21
36 2 21
2 2 3
29 1 27
65 2 21
71 2 2
5 2 3
7 1 6
32 1 43
37 1 11
29 1 16
63 1 1
29 1 28
20 1 19
8 1 11
3 2 62
1 2 15
2 1 3
29 1 30
14 1 13
3 2 22
1 1 25
44 1 82
1 5 3
1 2 62
25 1 71
27 2 35
11 1 23
30 2 33
32 1 34
63 1 71
23 2 3
63 1 3
27 2 37
38 2 35
21 2 31
24 1 7
44 1 35
18 1 1
21 1 7
31 2 40
35 1 67
63 1 5
16 2 27
5 1 3
11 1 3
22 2 1
63 1 2
11 1 6
86 2 79
71 2 3
71 2 5
62 2 35
14 2 21
45 1 86
9 1 2
11 2 7
40 1 27
49 1 13
15 1 11
63 1 82
4 1 49
62 1 51
9 1 15
31 2 67
23 2 10
64 6 63
35 1 14
1 1 8
1 2 12
26 1 25
67 1 32
34 2 43
3 2 16
3 5 1
11 1 20
1 1 3
20 1 3
17 1 13
35 1 36
27 1 11
44 1 1
67 1 30
44 1 2
3 1 12
16 1 13
29 2 35
22 2 6
7 1 3
63 2 44
44 1 71
33 1 35
31 2 48
2 2 1
33 1 32
35 1 31
31 2 14
25 1 24
24 1 1
32 1 41
35 1 41
63 1 32
15 1 7
45 1 25
44 1 5
32 1 63
35 1 64
1 1 23
9 1 1
51 2 49
16 2 30
21 2 73
65 1 27
3 1 25
11 1 26
27 1 7
2 1 1
12 1 7
7 1 10
17 2 36
34 1 30
5 2 1
18 1 3
1 1 22
13 1 5
32 1 17
79 1 1
32 1 31
3 2 32
3 1 8
23 2 6
38 1 27
15 2 30
49 1 9
36 1 29
32 1 21
7 1 1
3 2 23
3 2 25
3 2 4
79 2 25
25 1 32
31 2 43
24 1 11
44 1 3
17 2 65
49 2 51
3 2 15
1 2 23
62 2 32
7 1 23
4 2 35
18 1 7
41 2 21
16 1 9
11 1 32
4 1 51
13 1 15
21 1 11
3 2 19
30 2 32
13 1 3
44 1 32
1 2 16
28 1 7
32 1 7
9 1 3
14 1 9
31 1 7
29 1 15
4 2 32
44 2 63
22 2 3
1 2 19
3 1 22
30 2 39
3 1 19
35 1 65
7 1 20
35 1 17
19 1 18
1 2 22
24 2 18
16 1 7
27 2 28
1 2 4
13 1 2
13 1 16
31 1 11
29 2 32
30 1 7
63 1 62
24 1 3
22 2 26
3 1 23
32 1 14
14 2 17
43 1 11
40 1 39
32 1 44
63 1 35
30 2 28
62 1 49
19 1 24
12 1 11
37 1 7
13 1 1
7 1 22
82 2 71
18 2 24
27 2 33
1 2 25
41 1 38
8 1 7
35 1 21
40 1 30
38 1 37
34 1 27
38 1 16
32 1 11
9 1 5
32 2 30
20 1 1
17 1 9
16 1 11
26 1 1
39 1 35
64 1 11
3 2 8
36 1 35
25 1 18
36 2 31
17 2 14
30 1 11
22 2 10
51 1 9
43 6 44
1 4 3
1 2 8
35 1 73
36 1 32
27 2 39
7 1 26
1 7 3
11 1 10
1 1 12
32 1 36
73 1 32
11 1 22
41 2 64
7 2 11
34 2 41
3 7 1
73 1 30
32 1 64
67 2 31
3 1 1
11 1 1
45 1 79
17 2 21
26 1 3
36 2 34
41 1 35
86 1 1
9 1 16
28 1 11
5 1 1
23 2 20
25 1 3
3 4 1
34 1 33
? 1 github_java_program_data/14/551.java

18 1 11
23 2 1
21 2 31
3 2 12
71 2 1
17 2 31
51 1 13
32 1 31
31 2 21
39 1 32
2 2 3
64 6 63
71 2 2
25 1 1
34 2 36
5 2 3
7 1 6
37 1 11
29 1 16
21 1 7
29 1 28
1 2 35
8 1 11
1 2 15
2 1 3
29 1 30
14 1 13
1 1 3
40 1 39
44 1 82
1 5 3
1 2 62
25 1 71
11 1 23
12 1 11
23 2 3
35 1 34
24 1 7
44 1 35
63 1 1
36 1 29
16 2 27
5 1 3
11 1 3
22 2 1
11 1 6
14 2 21
17 2 41
3 1 1
9 1 2
49 1 13
15 1 11
4 1 49
62 1 51
9 1 15
35 1 14
1 1 8
1 2 12
26 1 25
16 1 9
35 1 40
3 2 16
35 1 43
11 1 20
3 2 22
20 1 3
17 1 13
35 1 36
27 1 11
44 1 1
1 2 4
3 1 12
7 2 11
7 1 3
44 1 71
33 1 35
2 2 1
35 1 31
25 1 24
32 1 41
16 1 13
64 1 7
45 1 25
25 1 35
9 1 1
51 2 49
5 2 1
27 1 7
2 1 1
12 1 7
79 2 25
41 2 64
1 1 22
13 1 5
32 1 17
45 1 79
1 4 3
3 1 8
23 2 6
38 1 27
49 1 9
63 1 5
32 1 21
7 1 1
3 2 23
1 2 8
31 2 43
24 1 11
1 1 12
49 2 51
3 2 15
1 2 23
62 2 32
63 1 82
79 1 3
18 1 7
16 2 30
11 1 32
4 1 51
31 1 7
21 1 11
3 2 19
13 1 3
32 1 7
9 1 3
14 1 9
13 1 15
44 2 63
82 2 5
1 2 19
3 1 22
27 2 37
7 1 20
19 1 18
1 2 22
24 2 18
16 1 7
7 1 23
13 1 2
13 1 16
31 1 11
29 2 32
30 1 7
63 1 62
63 2 44
3 1 23
32 1 14
14 2 17
11 1 26
30 2 39
30 2 28
62 1 49
19 1 24
4 2 35
51 1 9
13 1 1
7 1 22
82 2 71
18 2 24
27 2 33
1 2 25
41 1 38
8 1 7
35 1 21
40 1 30
38 1 37
34 1 27
38 1 16
32 1 11
9 1 5
20 1 1
44 1 4
16 1 11
26 1 1
63 1 32
3 2 8
20 1 19
25 1 18
22 2 10
35 1 44
11 2 7
38 2 35
36 1 32
1 7 3
11 1 10
44 1 2
11 1 22
40 2 21
35 1 63
3 7 1
32 1 64
22 2 3
11 1 1
41 1 35
28 1 11
5 1 1
3 4 1
34 1 33
? 1 github_java_program_data/14/558.java

18 1 11
44 1 4
23 2 1
21 2 31
38 1 30
7 1 39
22 2 20
1 1 19
51 1 13
35 1 48
49 1 1
32 1 40
46 2 79
2 2 3
64 6 63
71 2 2
79 2 46
21 2 48
7 1 6
32 1 43
37 1 11
40 2 31
21 1 7
29 1 28
36 1 35
4 2 5
23 2 22
1 2 15
43 1 7
2 1 3
29 1 30
14 1 13
3 2 22
40 1 39
44 1 82
1 5 3
1 2 62
25 1 71
11 1 23
32 1 34
7 1 26
23 2 3
63 1 3
26 2 23
26 1 19
86 2 79
35 1 34
24 1 7
44 1 35
18 1 1
63 1 1
6 2 22
63 1 5
46 1 1
16 2 27
5 1 3
11 1 3
22 2 1
63 1 2
16 1 7
71 2 3
71 2 5
38 2 32
62 2 35
17 2 41
38 2 35
9 1 2
63 1 4
35 1 55
40 1 27
14 2 36
49 1 13
15 1 11
63 1 82
4 1 49
62 1 51
9 1 15
35 1 14
26 1 25
16 2 30
35 1 40
3 2 16
3 5 1
11 1 20
1 1 3
23 2 26
20 1 3
20 1 25
64 6 44
35 1 36
27 1 11
44 1 1
1 2 4
5 2 3
16 1 13
29 2 35
32 1 31
22 2 6
7 1 3
63 2 44
41 2 43
44 1 71
33 1 35
2 2 1
33 1 32
35 1 31
36 2 64
25 1 24
24 1 1
32 1 41
35 1 41
64 1 7
15 1 7
45 1 25
44 1 5
25 1 35
35 1 64
1 1 23
9 1 1
51 2 49
17 1 13
21 2 64
25 1 18
3 1 25
11 1 26
27 1 7
2 1 1
22 2 10
7 1 10
45 1 46
5 2 1
18 1 3
1 1 22
13 1 5
32 1 17
79 1 1
15 1 9
39 1 32
1 4 3
23 2 6
38 1 27
15 2 30
49 1 9
36 1 29
32 1 21
7 1 1
3 2 23
3 2 25
3 2 4
79 2 25
15 1 13
24 1 11
3 7 1
44 1 3
49 2 51
3 2 15
1 2 23
62 2 32
7 1 23
18 1 7
16 1 9
4 1 51
31 1 7
21 1 11
3 2 19
13 1 3
44 1 32
28 1 7
9 1 3
14 1 9
13 1 15
29 1 15
30 2 37
4 2 32
44 2 63
36 2 17
22 2 3
39 1 62
1 2 19
3 1 22
30 2 39
3 2 62
27 2 37
7 1 20
35 1 17
19 1 18
1 2 22
24 2 18
11 1 6
34 2 14
13 1 2
13 1 16
31 1 11
29 2 32
30 1 7
63 1 62
20 2 22
24 1 3
22 2 26
3 1 23
32 1 14
1 1 25
30 2 28
62 1 49
19 1 24
1 2 16
37 1 7
13 1 1
20 2 23
7 1 22
82 2 71
18 2 24
27 2 33
1 2 25
41 1 38
35 1 21
40 1 30
38 1 37
34 1 27
38 1 16
32 1 11
9 1 5
31 2 34
20 1 1
17 1 9
16 1 11
26 1 1
39 1 35
63 1 32
20 1 19
71 2 4
3 1 19
30 1 11
51 1 9
43 6 44
35 1 44
45 1 86
36 1 32
27 2 39
63 1 71
1 7 3
11 1 10
44 1 2
32 1 36
3 2 35
23 2 10
11 1 22
35 1 63
51 1 3
41 1 32
32 1 64
3 1 1
11 1 1
44 1 62
45 1 79
26 1 3
41 1 35
4 2 2
86 1 1
9 1 16
26 2 22
31 2 55
28 1 11
5 1 1
23 2 20
25 1 3
41 2 40
3 4 1
34 1 33
? 1 github_java_program_data/14/563.java

3 4 1
18 1 11
17 1 9
23 2 1
1 4 3
71 2 1
11 1 3
15 2 30
49 1 9
51 1 13
32 1 21
7 1 1
3 2 23
3 2 25
1 2 32
25 1 32
29 1 28
15 1 13
24 1 11
25 1 1
5 2 3
7 1 6
30 2 28
34 1 33
3 2 15
21 1 7
63 1 82
4 2 35
20 1 19
79 1 3
18 1 7
4 1 51
1 2 15
13 1 15
21 1 11
2 1 3
29 1 30
14 1 13
29 2 35
1 1 3
13 1 3
44 1 82
44 1 32
1 2 62
25 1 71
28 1 7
11 1 23
9 1 3
14 1 9
63 1 71
29 1 15
23 2 3
4 2 32
44 2 63
22 2 20
22 2 3
35 1 34
24 1 7
33 2 42
1 2 19
44 1 35
3 1 22
63 1 1
34 1 42
7 1 20
19 1 18
11 1 1
24 2 18
36 1 29
16 1 7
7 1 23
5 1 3
13 1 2
13 1 16
31 1 11
11 1 6
63 1 62
63 2 44
3 1 23
32 1 14
14 2 17
32 1 63
32 1 44
63 1 35
34 1 27
19 1 24
27 2 33
1 5 3
36 1 35
13 1 1
3 2 22
7 1 22
82 2 71
15 1 11
18 2 24
2 2 3
1 2 25
22 2 1
4 1 49
62 1 51
9 1 15
63 1 2
35 1 14
1 1 8
9 1 5
26 1 25
71 2 2
20 1 1
44 1 4
26 1 1
14 2 34
3 5 1
3 2 8
11 1 20
25 1 18
20 1 3
30 1 11
62 2 35
7 1 3
44 1 1
3 2 16
1 2 4
31 1 7
7 1 26
3 2 19
11 1 10
22 2 6
44 1 2
32 1 36
44 1 71
79 2 25
11 1 22
2 2 1
33 1 32
35 1 31
25 1 24
5 2 1
15 1 7
45 1 25
27 1 11
3 1 1
1 1 23
9 1 1
17 2 21
45 1 79
1 2 22
26 1 3
49 2 51
11 1 26
26 2 22
2 1 1
22 2 10
9 1 16
1 2 23
5 1 1
23 2 20
42 1 32
1 1 22
13 1 5
32 1 17
? 1 github_java_program_data/14/58.java

18 1 11
23 2 1
71 2 1
24 1 7
51 1 13
26 1 1
39 1 32
2 2 3
29 1 27
64 6 63
71 2 2
25 1 1
5 2 3
7 1 6
3 1 22
29 1 16
21 1 7
29 1 28
20 1 19
1 2 15
2 1 3
3 2 22
40 1 39
44 1 82
36 2 43
1 2 62
25 1 71
11 1 23
30 2 33
32 1 34
7 1 26
23 2 3
63 1 3
23 2 26
22 2 20
33 2 42
1 2 32
44 1 35
63 1 1
63 1 5
16 2 27
5 1 3
11 1 3
22 2 1
63 1 2
16 1 7
71 2 5
38 2 32
17 2 41
9 1 2
63 1 71
49 1 13
15 1 11
4 1 49
62 1 51
9 1 15
40 1 61
35 1 14
26 1 25
13 2 9
3 2 16
3 5 1
35 1 43
11 1 20
1 1 3
20 1 3
17 1 13
35 1 36
27 1 11
44 1 1
1 2 4
16 1 13
34 1 42
22 2 6
7 1 3
39 2 61
2 2 1
33 1 32
35 1 31
43 6 44
25 1 24
35 1 41
64 1 7
15 1 7
45 1 25
35 1 64
9 1 1
27 2 28
22 2 26
5 2 1
27 1 7
2 1 1
7 1 10
34 1 30
62 2 35
1 1 22
13 1 5
9 2 13
23 2 6
38 1 27
49 1 9
36 1 29
32 1 21
7 1 1
3 2 23
3 2 25
3 2 4
25 1 32
6 2 23
24 1 11
61 1 35
44 1 3
82 2 2
49 2 51
3 2 15
1 2 23
7 1 23
18 1 7
16 1 9
4 1 51
31 1 7
21 1 11
42 1 35
3 2 19
13 1 3
44 1 32
9 1 3
14 1 9
13 1 15
4 2 32
44 2 63
3 1 1
32 1 43
30 2 39
3 2 62
27 2 37
7 1 20
35 1 17
19 1 18
11 1 1
11 1 6
13 1 2
13 1 16
31 1 11
29 2 32
30 1 7
63 1 62
63 2 44
3 1 23
43 1 11
20 2 22
32 1 44
63 1 35
62 1 49
19 1 24
4 2 35
1 5 3
37 1 7
13 1 1
7 1 22
18 2 24
1 2 25
41 1 38
40 1 30
38 1 37
11 1 26
38 1 16
9 1 5
44 1 4
16 1 11
32 1 40
32 1 63
26 2 23
25 1 18
30 1 11
1 4 3
36 1 32
14 2 36
11 1 10
44 1 2
23 2 10
11 1 22
41 2 64
41 1 32
22 2 3
1 2 22
26 1 3
51 1 9
9 1 16
28 1 11
5 1 1
3 4 1
34 1 33
? 1 github_java_program_data/14/587.java

18 1 11
44 1 4
23 2 1
21 2 31
38 1 30
7 1 39
22 2 20
1 1 19
51 1 13
35 1 48
49 1 1
32 1 40
46 2 79
2 2 3
64 6 63
71 2 2
79 2 46
21 2 48
7 1 6
32 1 43
37 1 11
40 2 31
21 1 7
29 1 28
36 1 35
4 2 5
23 2 22
1 2 15
43 1 7
2 1 3
29 1 30
14 1 13
3 2 22
40 1 39
44 1 82
1 5 3
1 2 62
25 1 71
11 1 23
32 1 34
7 1 26
23 2 3
63 1 3
26 2 23
26 1 19
86 2 79
35 1 34
24 1 7
44 1 35
18 1 1
63 1 1
6 2 22
63 1 5
46 1 1
16 2 27
5 1 3
11 1 3
22 2 1
63 1 2
16 1 7
71 2 3
71 2 5
38 2 32
62 2 35
17 2 41
38 2 35
9 1 2
63 1 4
35 1 55
40 1 27
14 2 36
49 1 13
15 1 11
63 1 82
4 1 49
62 1 51
9 1 15
35 1 14
26 1 25
16 2 30
35 1 40
3 2 16
3 5 1
11 1 20
1 1 3
23 2 26
20 1 3
20 1 25
64 6 44
35 1 36
27 1 11
44 1 1
1 2 4
5 2 3
16 1 13
29 2 35
32 1 31
22 2 6
7 1 3
63 2 44
41 2 43
44 1 71
33 1 35
2 2 1
33 1 32
35 1 31
36 2 64
25 1 24
24 1 1
32 1 41
35 1 41
64 1 7
15 1 7
45 1 25
44 1 5
25 1 35
35 1 64
1 1 23
9 1 1
51 2 49
17 1 13
21 2 64
25 1 18
3 1 25
11 1 26
27 1 7
2 1 1
22 2 10
7 1 10
45 1 46
5 2 1
18 1 3
1 1 22
13 1 5
32 1 17
79 1 1
15 1 9
39 1 32
1 4 3
23 2 6
38 1 27
15 2 30
49 1 9
36 1 29
32 1 21
7 1 1
3 2 23
3 2 25
3 2 4
79 2 25
15 1 13
24 1 11
3 7 1
44 1 3
49 2 51
3 2 15
1 2 23
62 2 32
7 1 23
18 1 7
16 1 9
4 1 51
31 1 7
21 1 11
3 2 19
13 1 3
44 1 32
28 1 7
9 1 3
14 1 9
13 1 15
29 1 15
30 2 37
4 2 32
44 2 63
36 2 17
22 2 3
39 1 62
1 2 19
3 1 22
30 2 39
3 2 62
27 2 37
7 1 20
35 1 17
19 1 18
1 2 22
24 2 18
11 1 6
34 2 14
13 1 2
13 1 16
31 1 11
29 2 32
30 1 7
63 1 62
20 2 22
24 1 3
22 2 26
3 1 23
32 1 14
1 1 25
30 2 28
62 1 49
19 1 24
1 2 16
37 1 7
13 1 1
20 2 23
7 1 22
82 2 71
18 2 24
27 2 33
1 2 25
41 1 38
35 1 21
40 1 30
38 1 37
34 1 27
38 1 16
32 1 11
9 1 5
31 2 34
20 1 1
17 1 9
16 1 11
26 1 1
39 1 35
63 1 32
20 1 19
71 2 4
3 1 19
30 1 11
51 1 9
43 6 44
35 1 44
45 1 86
36 1 32
27 2 39
63 1 71
1 7 3
11 1 10
44 1 2
32 1 36
3 2 35
23 2 10
11 1 22
35 1 63
51 1 3
41 1 32
32 1 64
3 1 1
11 1 1
44 1 62
45 1 79
26 1 3
41 1 35
4 2 2
86 1 1
9 1 16
26 2 22
31 2 55
28 1 11
5 1 1
23 2 20
25 1 3
41 2 40
3 4 1
34 1 33
? 1 github_java_program_data/14/593.java

3 4 1
18 1 11
17 1 9
23 2 1
1 4 3
71 2 1
11 1 3
15 2 30
49 1 9
51 1 13
32 1 21
7 1 1
3 2 23
3 2 25
1 2 32
25 1 32
29 1 28
15 1 13
24 1 11
25 1 1
5 2 3
7 1 6
30 2 28
34 1 33
3 2 15
21 1 7
63 1 82
4 2 35
20 1 19
79 1 3
18 1 7
4 1 51
1 2 15
13 1 15
21 1 11
2 1 3
29 1 30
14 1 13
29 2 35
1 1 3
13 1 3
44 1 82
44 1 32
1 2 62
25 1 71
28 1 7
11 1 23
9 1 3
14 1 9
63 1 71
29 1 15
23 2 3
4 2 32
44 2 63
22 2 20
22 2 3
35 1 34
24 1 7
33 2 42
1 2 19
44 1 35
3 1 22
63 1 1
34 1 42
7 1 20
19 1 18
11 1 1
24 2 18
36 1 29
16 1 7
7 1 23
5 1 3
13 1 2
13 1 16
31 1 11
11 1 6
63 1 62
63 2 44
3 1 23
32 1 14
14 2 17
32 1 63
32 1 44
63 1 35
34 1 27
19 1 24
27 2 33
1 5 3
36 1 35
13 1 1
3 2 22
7 1 22
82 2 71
15 1 11
18 2 24
2 2 3
1 2 25
22 2 1
4 1 49
62 1 51
9 1 15
63 1 2
35 1 14
1 1 8
9 1 5
26 1 25
71 2 2
20 1 1
44 1 4
26 1 1
14 2 34
3 5 1
3 2 8
11 1 20
25 1 18
20 1 3
30 1 11
62 2 35
7 1 3
44 1 1
3 2 16
1 2 4
31 1 7
7 1 26
3 2 19
11 1 10
22 2 6
44 1 2
32 1 36
44 1 71
79 2 25
11 1 22
2 2 1
33 1 32
35 1 31
25 1 24
5 2 1
15 1 7
45 1 25
27 1 11
3 1 1
1 1 23
9 1 1
17 2 21
45 1 79
1 2 22
26 1 3
49 2 51
11 1 26
26 2 22
2 1 1
22 2 10
9 1 16
1 2 23
5 1 1
23 2 20
42 1 32
1 1 22
13 1 5
32 1 17
? 1 github_java_program_data/14/598.java

18 1 11
23 2 1
71 2 1
24 1 7
51 1 13
26 1 1
39 1 32
2 2 3
29 1 27
64 6 63
71 2 2
25 1 1
5 2 3
7 1 6
3 1 22
29 1 16
21 1 7
29 1 28
20 1 19
1 2 15
2 1 3
3 2 22
40 1 39
44 1 82
36 2 43
1 2 62
25 1 71
11 1 23
30 2 33
32 1 34
7 1 26
23 2 3
63 1 3
23 2 26
22 2 20
33 2 42
1 2 32
44 1 35
63 1 1
63 1 5
16 2 27
5 1 3
11 1 3
22 2 1
63 1 2
16 1 7
71 2 5
38 2 32
17 2 41
9 1 2
63 1 71
49 1 13
15 1 11
4 1 49
62 1 51
9 1 15
40 1 61
35 1 14
26 1 25
13 2 9
3 2 16
3 5 1
35 1 43
11 1 20
1 1 3
20 1 3
17 1 13
35 1 36
27 1 11
44 1 1
1 2 4
16 1 13
34 1 42
22 2 6
7 1 3
39 2 61
2 2 1
33 1 32
35 1 31
43 6 44
25 1 24
35 1 41
64 1 7
15 1 7
45 1 25
35 1 64
9 1 1
27 2 28
22 2 26
5 2 1
27 1 7
2 1 1
7 1 10
34 1 30
62 2 35
1 1 22
13 1 5
9 2 13
23 2 6
38 1 27
49 1 9
36 1 29
32 1 21
7 1 1
3 2 23
3 2 25
3 2 4
25 1 32
6 2 23
24 1 11
61 1 35
44 1 3
82 2 2
49 2 51
3 2 15
1 2 23
7 1 23
18 1 7
16 1 9
4 1 51
31 1 7
21 1 11
42 1 35
3 2 19
13 1 3
44 1 32
9 1 3
14 1 9
13 1 15
4 2 32
44 2 63
3 1 1
32 1 43
30 2 39
3 2 62
27 2 37
7 1 20
35 1 17
19 1 18
11 1 1
11 1 6
13 1 2
13 1 16
31 1 11
29 2 32
30 1 7
63 1 62
63 2 44
3 1 23
43 1 11
20 2 22
32 1 44
63 1 35
62 1 49
19 1 24
4 2 35
1 5 3
37 1 7
13 1 1
7 1 22
18 2 24
1 2 25
41 1 38
40 1 30
38 1 37
11 1 26
38 1 16
9 1 5
44 1 4
16 1 11
32 1 40
32 1 63
26 2 23
25 1 18
30 1 11
1 4 3
36 1 32
14 2 36
11 1 10
44 1 2
23 2 10
11 1 22
41 2 64
41 1 32
22 2 3
1 2 22
26 1 3
51 1 9
9 1 16
28 1 11
5 1 1
3 4 1
34 1 33
? 1 github_java_program_data/14/617.java

18 1 11
44 1 4
23 2 1
21 2 31
38 1 30
7 1 39
22 2 20
1 1 19
51 1 13
35 1 48
49 1 1
32 1 40
46 2 79
2 2 3
64 6 63
71 2 2
79 2 46
21 2 48
7 1 6
32 1 43
37 1 11
40 2 31
21 1 7
29 1 28
36 1 35
4 2 5
23 2 22
1 2 15
43 1 7
2 1 3
29 1 30
14 1 13
3 2 22
40 1 39
44 1 82
1 5 3
1 2 62
25 1 71
11 1 23
32 1 34
7 1 26
23 2 3
63 1 3
26 2 23
26 1 19
86 2 79
35 1 34
24 1 7
44 1 35
18 1 1
63 1 1
6 2 22
63 1 5
46 1 1
16 2 27
5 1 3
11 1 3
22 2 1
63 1 2
16 1 7
71 2 3
71 2 5
38 2 32
62 2 35
17 2 41
38 2 35
9 1 2
63 1 4
35 1 55
40 1 27
14 2 36
49 1 13
15 1 11
63 1 82
4 1 49
62 1 51
9 1 15
35 1 14
26 1 25
16 2 30
35 1 40
3 2 16
3 5 1
11 1 20
1 1 3
23 2 26
20 1 3
20 1 25
64 6 44
35 1 36
27 1 11
44 1 1
1 2 4
5 2 3
16 1 13
29 2 35
32 1 31
22 2 6
7 1 3
63 2 44
41 2 43
44 1 71
33 1 35
2 2 1
33 1 32
35 1 31
36 2 64
25 1 24
24 1 1
32 1 41
35 1 41
64 1 7
15 1 7
45 1 25
44 1 5
25 1 35
35 1 64
1 1 23
9 1 1
51 2 49
17 1 13
21 2 64
25 1 18
3 1 25
11 1 26
27 1 7
2 1 1
22 2 10
7 1 10
45 1 46
5 2 1
18 1 3
1 1 22
13 1 5
32 1 17
79 1 1
15 1 9
39 1 32
1 4 3
23 2 6
38 1 27
15 2 30
49 1 9
36 1 29
32 1 21
7 1 1
3 2 23
3 2 25
3 2 4
79 2 25
15 1 13
24 1 11
3 7 1
44 1 3
49 2 51
3 2 15
1 2 23
62 2 32
7 1 23
18 1 7
16 1 9
4 1 51
31 1 7
21 1 11
3 2 19
13 1 3
44 1 32
28 1 7
9 1 3
14 1 9
13 1 15
29 1 15
30 2 37
4 2 32
44 2 63
36 2 17
22 2 3
39 1 62
1 2 19
3 1 22
30 2 39
3 2 62
27 2 37
7 1 20
35 1 17
19 1 18
1 2 22
24 2 18
11 1 6
34 2 14
13 1 2
13 1 16
31 1 11
29 2 32
30 1 7
63 1 62
20 2 22
24 1 3
22 2 26
3 1 23
32 1 14
1 1 25
30 2 28
62 1 49
19 1 24
1 2 16
37 1 7
13 1 1
20 2 23
7 1 22
82 2 71
18 2 24
27 2 33
1 2 25
41 1 38
35 1 21
40 1 30
38 1 37
34 1 27
38 1 16
32 1 11
9 1 5
31 2 34
20 1 1
17 1 9
16 1 11
26 1 1
39 1 35
63 1 32
20 1 19
71 2 4
3 1 19
30 1 11
51 1 9
43 6 44
35 1 44
45 1 86
36 1 32
27 2 39
63 1 71
1 7 3
11 1 10
44 1 2
32 1 36
3 2 35
23 2 10
11 1 22
35 1 63
51 1 3
41 1 32
32 1 64
3 1 1
11 1 1
44 1 62
45 1 79
26 1 3
41 1 35
4 2 2
86 1 1
9 1 16
26 2 22
31 2 55
28 1 11
5 1 1
23 2 20
25 1 3
41 2 40
3 4 1
34 1 33
? 1 github_java_program_data/14/623.java

18 1 11
23 2 1
71 2 1
24 1 7
51 1 13
26 1 1
39 1 32
2 2 3
29 1 27
64 6 63
71 2 2
25 1 1
5 2 3
7 1 6
3 1 22
29 1 16
21 1 7
29 1 28
20 1 19
1 2 15
2 1 3
3 2 22
40 1 39
44 1 82
36 2 43
1 2 62
25 1 71
11 1 23
30 2 33
32 1 34
7 1 26
23 2 3
63 1 3
23 2 26
22 2 20
33 2 42
1 2 32
44 1 35
63 1 1
63 1 5
16 2 27
5 1 3
11 1 3
22 2 1
63 1 2
16 1 7
71 2 5
38 2 32
17 2 41
9 1 2
63 1 71
49 1 13
15 1 11
4 1 49
62 1 51
9 1 15
40 1 61
35 1 14
26 1 25
13 2 9
3 2 16
3 5 1
35 1 43
11 1 20
1 1 3
20 1 3
17 1 13
35 1 36
27 1 11
44 1 1
1 2 4
16 1 13
34 1 42
22 2 6
7 1 3
39 2 61
2 2 1
33 1 32
35 1 31
43 6 44
25 1 24
35 1 41
64 1 7
15 1 7
45 1 25
35 1 64
9 1 1
27 2 28
22 2 26
5 2 1
27 1 7
2 1 1
7 1 10
34 1 30
62 2 35
1 1 22
13 1 5
9 2 13
23 2 6
38 1 27
49 1 9
36 1 29
32 1 21
7 1 1
3 2 23
3 2 25
3 2 4
25 1 32
6 2 23
24 1 11
61 1 35
44 1 3
82 2 2
49 2 51
3 2 15
1 2 23
7 1 23
18 1 7
16 1 9
4 1 51
31 1 7
21 1 11
42 1 35
3 2 19
13 1 3
44 1 32
9 1 3
14 1 9
13 1 15
4 2 32
44 2 63
3 1 1
32 1 43
30 2 39
3 2 62
27 2 37
7 1 20
35 1 17
19 1 18
11 1 1
11 1 6
13 1 2
13 1 16
31 1 11
29 2 32
30 1 7
63 1 62
63 2 44
3 1 23
43 1 11
20 2 22
32 1 44
63 1 35
62 1 49
19 1 24
4 2 35
1 5 3
37 1 7
13 1 1
7 1 22
18 2 24
1 2 25
41 1 38
40 1 30
38 1 37
11 1 26
38 1 16
9 1 5
44 1 4
16 1 11
32 1 40
32 1 63
26 2 23
25 1 18
30 1 11
1 4 3
36 1 32
14 2 36
11 1 10
44 1 2
23 2 10
11 1 22
41 2 64
41 1 32
22 2 3
1 2 22
26 1 3
51 1 9
9 1 16
28 1 11
5 1 1
3 4 1
34 1 33
? 1 github_java_program_data/14/77.java

18 1 11
44 1 4
23 2 1
21 2 31
38 1 30
7 1 39
22 2 20
1 1 19
51 1 13
35 1 48
49 1 1
32 1 40
46 2 79
2 2 3
64 6 63
71 2 2
79 2 46
21 2 48
7 1 6
32 1 43
37 1 11
40 2 31
21 1 7
29 1 28
36 1 35
4 2 5
23 2 22
1 2 15
43 1 7
2 1 3
29 1 30
14 1 13
3 2 22
40 1 39
44 1 82
1 5 3
1 2 62
25 1 71
11 1 23
32 1 34
7 1 26
23 2 3
63 1 3
26 2 23
26 1 19
86 2 79
35 1 34
24 1 7
44 1 35
18 1 1
63 1 1
6 2 22
63 1 5
46 1 1
16 2 27
5 1 3
11 1 3
22 2 1
63 1 2
16 1 7
71 2 3
71 2 5
38 2 32
62 2 35
17 2 41
38 2 35
9 1 2
63 1 4
35 1 55
40 1 27
14 2 36
49 1 13
15 1 11
63 1 82
4 1 49
62 1 51
9 1 15
35 1 14
26 1 25
16 2 30
35 1 40
3 2 16
3 5 1
11 1 20
1 1 3
23 2 26
20 1 3
20 1 25
64 6 44
35 1 36
27 1 11
44 1 1
1 2 4
5 2 3
16 1 13
29 2 35
32 1 31
22 2 6
7 1 3
63 2 44
41 2 43
44 1 71
33 1 35
2 2 1
33 1 32
35 1 31
36 2 64
25 1 24
24 1 1
32 1 41
35 1 41
64 1 7
15 1 7
45 1 25
44 1 5
25 1 35
35 1 64
1 1 23
9 1 1
51 2 49
17 1 13
21 2 64
25 1 18
3 1 25
11 1 26
27 1 7
2 1 1
22 2 10
7 1 10
45 1 46
5 2 1
18 1 3
1 1 22
13 1 5
32 1 17
79 1 1
15 1 9
39 1 32
1 4 3
23 2 6
38 1 27
15 2 30
49 1 9
36 1 29
32 1 21
7 1 1
3 2 23
3 2 25
3 2 4
79 2 25
15 1 13
24 1 11
3 7 1
44 1 3
49 2 51
3 2 15
1 2 23
62 2 32
7 1 23
18 1 7
16 1 9
4 1 51
31 1 7
21 1 11
3 2 19
13 1 3
44 1 32
28 1 7
9 1 3
14 1 9
13 1 15
29 1 15
30 2 37
4 2 32
44 2 63
36 2 17
22 2 3
39 1 62
1 2 19
3 1 22
30 2 39
3 2 62
27 2 37
7 1 20
35 1 17
19 1 18
1 2 22
24 2 18
11 1 6
34 2 14
13 1 2
13 1 16
31 1 11
29 2 32
30 1 7
63 1 62
20 2 22
24 1 3
22 2 26
3 1 23
32 1 14
1 1 25
30 2 28
62 1 49
19 1 24
1 2 16
37 1 7
13 1 1
20 2 23
7 1 22
82 2 71
18 2 24
27 2 33
1 2 25
41 1 38
35 1 21
40 1 30
38 1 37
34 1 27
38 1 16
32 1 11
9 1 5
31 2 34
20 1 1
17 1 9
16 1 11
26 1 1
39 1 35
63 1 32
20 1 19
71 2 4
3 1 19
30 1 11
51 1 9
43 6 44
35 1 44
45 1 86
36 1 32
27 2 39
63 1 71
1 7 3
11 1 10
44 1 2
32 1 36
3 2 35
23 2 10
11 1 22
35 1 63
51 1 3
41 1 32
32 1 64
3 1 1
11 1 1
44 1 62
45 1 79
26 1 3
41 1 35
4 2 2
86 1 1
9 1 16
26 2 22
31 2 55
28 1 11
5 1 1
23 2 20
25 1 3
41 2 40
3 4 1
34 1 33
? 1 github_java_program_data/14/83.java

