9 1 3
3 2 22
44 1 62
25 1 71
9 1 1
4 1 51
24 1 11
27 2 33
14 2 17
3 2 23
34 2 31
9 1 15
31 1 11
43 1 11
32 1 43
3 5 1
79 2 25
2 1 1
49 2 51
63 1 5
14 1 9
21 1 7
23 2 26
35 1 64
22 2 23
24 1 7
2 2 1
25 1 18
35 1 21
11 1 3
68 2 44
3 4 1
11 1 23
44 1 71
51 1 13
7 1 3
1 1 3
32 1 34
1 2 15
1 2 22
11 1 1
1 2 4
44 1 32
63 2 44
32 1 31
34 1 33
22 2 26
18 1 11
15 1 7
25 1 24
11 1 26
1 1 23
1 2 32
44 1 2
68 1 82
32 1 63
3 2 25
33 1 35
1 4 3
82 2 5
43 6 63
51 2 49
22 2 1
26 1 1
27 1 7
3 7 1
16 1 11
63 1 4
5 1 3
13 1 3
43 6 44
7 1 23
13 1 16
1 7 3
44 1 3
46 2 79
3 2 16
18 1 7
7 1 6
7 1 22
1 5 3
11 1 20
23 2 22
79 2 46
7 1 1
64 6 63
45 1 86
62 1 51
23 2 1
32 1 68
11 1 22
4 1 49
31 2 21
3 1 23
11 1 6
23 2 3
44 2 63
21 2 31
13 1 2
20 1 19
32 1 44
2 1 3
17 2 14
19 1 18
13 1 1
68 1 1
82 2 2
71 2 1
3 1 22
45 1 46
62 2 32
32 1 14
79 1 3
23 2 20
2 2 3
17 1 13
18 2 24
9 1 2
20 1 1
86 1 3
13 1 5
49 1 9
68 1 32
64 1 7
68 1 4
1 2 19
71 2 5
24 1 1
1 1 22
5 2 3
13 1 71
46 1 3
71 2 2
3 2 19
45 1 25
4 2 32
1 2 23
63 1 1
3 2 15
63 1 82
35 1 43
3 1 19
3 1 1
19 1 24
26 1 3
23 2 6
32 1 21
45 1 79
26 1 19
21 1 11
32 1 17
17 2 68
20 1 25
5 1 1
3 2 62
24 2 18
7 1 10
34 1 27
26 1 25
44 1 5
86 2 79
5 2 1
63 1 35
25 1 1
22 2 3
1 2 25
82 2 1
25 1 32
4 2 35
9 1 82
? 1 github_java_program_data/8/113.java

17 2 64
1 1 8
2 2 3
4 1 51
25 2 104
24 1 11
1 4 3
3 2 8
9 1 15
3 5 1
1 1 25
62 2 32
31 1 7
54 1 71
104 1 32
1 2 10
22 2 1
11 1 3
64 6 44
109 1 1
0 2 82
29 1 30
32 1 20
82 2 71
23 2 1
46 2 25
11 1 23
18 1 3
27 2 33
15 1 7
7 1 8
32 1 17
26 2 3
68 2 63
20 1 3
29 1 16
27 1 7
77 1 4
7 1 26
51 1 1
64 1 11
77 1 3
9 1 2
13 1 16
44 1 3
29 2 35
13 2 9
1 2 23
32 1 14
32 1 22
22 2 20
23 2 12
30 2 39
7 1 1
33 1 35
51 2 49
5 1 3
1 2 62
13 1 2
20 1 19
63 1 0
63 1 32
51 1 3
7 1 32
13 1 1
35 1 44
7 2 11
108 2 35
80 1 33
71 2 3
17 1 13
18 2 24
30 2 33
20 1 1
2 1 71
34 1 47
31 1 22
64 1 7
68 1 4
16 1 9
45 1 44
20 2 32
61 1 11
9 1 71
63 1 3
1 2 108
3 4 1
71 2 4
35 1 43
3 1 19
3 2 32
7 1 35
23 2 3
3 1 4
14 2 31
109 1 3
68 2 77
24 2 18
54 1 32
37 1 1
19 1 18
71 2 1
44 1 5
80 1 27
34 1 42
49 1 1
82 2 1
33 2 61
36 1 35
16 2 30
28 1 11
23 2 26
25 1 71
44 1 109
82 2 3
29 1 28
34 2 31
7 1 76
43 6 44
43 1 11
35 1 68
11 2 7
4 2 5
35 1 64
40 1 39
39 1 32
35 1 14
35 1 21
3 7 1
42 1 7
11 1 26
51 1 13
7 2 1
14 2 54
44 1 35
20 1 25
108 1 78
11 2 22
9 1 16
18 1 11
25 1 24
32 1 12
8 1 7
78 1 3
47 2 42
82 2 5
15 1 11
21 1 23
45 1 46
32 1 1
22 2 10
1 2 22
7 1 22
30 1 11
3 2 1
11 1 20
44 2 68
0 2 71
22 2 6
4 1 49
3 1 23
2 2 1
3 2 108
3 1 8
20 2 23
11 1 80
24 1 3
42 1 11
51 1 9
32 1 3
3 1 22
23 2 7
32 1 44
63 1 82
17 1 9
5 1 82
45 1 63
23 2 11
49 1 9
68 1 32
3 2 22
22 2 7
68 1 3
77 1 71
10 2 22
3 2 19
1 2 35
11 1 76
6 2 23
3 1 1
40 1 30
63 1 62
23 2 6
8 2 22
0 1 3
21 1 11
3 1 12
7 1 6
9 1 82
44 1 4
34 1 27
1 2 4
35 1 25
63 1 35
5 2 3
44 2 63
1 1 12
30 1 7
16 1 7
26 2 23
68 2 14
0 1 1
3 2 15
40 2 34
104 1 3
9 1 1
3 2 23
44 1 0
35 2 3
11 1 12
2 1 1
44 1 82
76 1 42
44 1 62
32 1 64
26 1 19
63 1 2
24 1 7
62 2 35
49 1 13
54 1 1
33 1 7
23 2 10
54 2 63
1 1 23
47 1 40
17 2 31
34 1 33
68 1 35
3 2 25
73 1 37
25 1 108
20 2 22
44 1 2
32 1 63
35 1 63
78 1 1
63 1 71
26 1 1
35 1 15
15 1 7
39 1 11
54 2 44
13 1 3
7 1 23
27 2 39
32 1 11
44 2 104
2 1 82
40 1 33
39 2 47
1 5 3
11 1 10
63 2 44
62 1 51
11 1 22
22 2 12
64 6 63
14 2 68
3 2 73
82 2 4
35 1 104
22 2 8
9 1 5
1 1 4
32 1 36
25 2 63
1 1 19
1 2 16
39 2 42
12 2 22
104 1 73
71 2 5
24 1 1
1 2 26
26 2 32
23 2 22
80 1 61
104 2 25
35 1 17
39 1 7
7 2 23
26 1 3
32 1 21
25 2 44
77 1 62
34 2 21
2 1 3
17 2 63
4 2 32
62 1 49
7 1 20
61 1 7
21 2 15
77 1 82
35 1 40
8 2 23
10 2 23
9 1 3
1 7 3
82 2 2
11 1 1
32 1 31
3 2 4
1 2 3
76 1 39
11 2 23
31 1 11
31 2 21
32 1 43
9 2 13
25 1 3
63 1 5
14 1 9
21 1 7
35 1 11
23 2 8
22 2 23
79 2 46
39 1 35
25 1 18
12 1 11
33 1 11
79 1 1
44 1 71
21 2 43
7 1 3
1 1 3
32 1 34
45 1 79
32 1 54
25 1 82
35 1 77
22 2 26
11 1 8
33 1 32
62 2 2
20 2 35
46 1 1
54 1 3
12 1 7
17 2 43
68 1 62
71 2 82
63 1 4
32 1 23
3 2 12
14 2 17
21 2 14
76 1 30
7 1 80
109 2 82
3 2 16
18 1 7
7 1 10
49 2 51
35 1 7
1 2 15
14 1 13
31 1 23
49 1 3
11 1 6
21 2 31
18 1 1
3 1 25
34 1 39
17 2 14
6 2 22
22 2 3
77 1 2
44 1 32
23 2 20
1 2 19
104 1 71
42 1 35
12 2 23
13 1 5
68 1 82
35 1 31
21 2 64
44 1 1
5 1 71
54 1 62
7 1 12
1 1 22
25 1 1
71 2 2
35 1 34
45 1 25
63 1 1
27 1 11
4 2 2
25 1 35
1 2 12
16 1 11
19 1 24
73 2 32
8 1 11
36 1 29
43 6 63
13 1 15
30 2 28
1 2 8
5 1 1
3 2 62
104 2 44
17 2 54
5 2 1
32 1 7
71 2 62
1 2 25
43 1 7
4 2 35
26 2 22
? 1 github_java_program_data/8/116.java

14 1 3
9 1 3
71 2 5
79 1 1
9 1 1
62 1 51
3 2 4
46 1 1
4 1 49
77 1 82
52 1 24
71 2 2
1 2 62
13 1 2
14 1 32
62 1 49
86 1 1
2 1 1
62 2 82
84 1 71
4 2 52
84 1 82
51 1 9
45 1 86
2 1 3
1 2 4
22 2 3
77 1 2
2 2 1
49 1 13
71 2 3
9 1 5
11 1 3
7 1 1
13 1 5
1 2 22
84 1 4
77 2 84
82 1 18
1 1 3
82 2 71
23 2 1
1 1 23
1 1 22
77 1 71
32 1 77
4 1 51
18 1 7
79 2 46
13 1 1
84 1 5
5 2 1
14 1 71
86 2 79
2 2 3
79 2 14
51 2 49
45 1 14
84 2 77
24 1 11
45 1 79
77 1 82
77 1 1
3 2 62
77 1 62
84 1 52
3 2 32
5 1 1
45 1 46
5 1 3
13 1 3
77 1 3
32 1 84
9 1 2
77 1 5
49 1 1
5 2 3
84 1 2
3 2 23
46 2 79
3 1 4
84 1 1
? 1 github_java_program_data/8/136.java

9 1 3
3 2 22
44 1 62
25 1 71
9 1 1
4 1 51
24 1 11
27 2 33
14 2 17
3 2 23
34 2 31
9 1 15
31 1 11
43 1 11
32 1 43
3 5 1
79 2 25
2 1 1
49 2 51
63 1 5
14 1 9
21 1 7
23 2 26
35 1 64
22 2 23
24 1 7
2 2 1
25 1 18
35 1 21
11 1 3
68 2 44
3 4 1
11 1 23
44 1 71
51 1 13
7 1 3
1 1 3
32 1 34
1 2 15
1 2 22
11 1 1
1 2 4
44 1 32
63 2 44
32 1 31
34 1 33
22 2 26
18 1 11
15 1 7
25 1 24
11 1 26
1 1 23
1 2 32
44 1 2
68 1 82
32 1 63
3 2 25
33 1 35
1 4 3
82 2 5
43 6 63
51 2 49
22 2 1
26 1 1
27 1 7
3 7 1
16 1 11
63 1 4
5 1 3
13 1 3
43 6 44
7 1 23
13 1 16
1 7 3
44 1 3
46 2 79
3 2 16
18 1 7
7 1 6
7 1 22
1 5 3
11 1 20
23 2 22
79 2 46
7 1 1
64 6 63
45 1 86
62 1 51
23 2 1
32 1 68
11 1 22
4 1 49
31 2 21
3 1 23
11 1 6
23 2 3
44 2 63
21 2 31
13 1 2
20 1 19
32 1 44
2 1 3
17 2 14
19 1 18
13 1 1
68 1 1
82 2 2
71 2 1
3 1 22
45 1 46
62 2 32
32 1 14
79 1 3
23 2 20
2 2 3
17 1 13
18 2 24
9 1 2
20 1 1
86 1 3
13 1 5
49 1 9
68 1 32
64 1 7
68 1 4
1 2 19
71 2 5
24 1 1
1 1 22
5 2 3
13 1 71
46 1 3
71 2 2
3 2 19
45 1 25
4 2 32
1 2 23
63 1 1
3 2 15
63 1 82
35 1 43
3 1 19
3 1 1
19 1 24
26 1 3
23 2 6
32 1 21
45 1 79
26 1 19
21 1 11
32 1 17
17 2 68
20 1 25
5 1 1
3 2 62
24 2 18
7 1 10
34 1 27
26 1 25
44 1 5
86 2 79
5 2 1
63 1 35
25 1 1
22 2 3
1 2 25
82 2 1
25 1 32
4 2 35
9 1 82
? 1 github_java_program_data/8/143.java

9 1 3
82 2 2
25 1 71
44 1 109
11 1 1
4 1 51
3 2 4
24 1 11
3 2 23
43 6 44
32 1 43
1 1 25
2 1 1
25 1 3
44 1 62
84 2 44
2 1 3
49 1 13
82 2 5
2 2 1
3 2 78
44 1 71
84 1 4
77 2 84
1 1 3
23 2 1
20 1 25
25 1 82
44 1 32
109 1 1
3 2 25
84 1 5
25 1 24
2 2 3
44 1 2
84 2 77
35 1 84
78 1 1
20 1 3
51 2 49
71 2 82
49 1 78
45 1 46
3 1 23
13 1 3
77 1 3
9 1 2
1 2 22
82 2 3
46 2 79
18 1 7
3 1 4
25 1 0
49 2 51
79 2 46
79 1 1
45 1 86
62 1 51
46 1 1
4 1 49
49 1 3
1 1 23
1 2 62
13 1 2
0 1 19
24 1 3
86 1 1
84 1 71
84 1 82
51 1 9
35 1 44
1 2 4
22 2 3
77 1 2
46 2 25
9 1 5
1 2 19
62 2 32
18 1 3
13 1 5
1 1 19
0 2 71
44 1 1
1 1 22
77 1 71
71 2 2
3 2 19
45 1 25
86 2 79
25 1 35
109 2 71
3 1 1
3 2 35
45 1 79
35 1 77
0 1 3
84 1 3
77 1 62
7 1 6
5 1 1
3 2 62
19 1 18
62 1 49
7 1 20
5 2 3
1 2 25
43 1 7
77 1 82
? 1 github_java_program_data/8/157.java

20 2 22
41 2 21
1 1 8
40 2 34
104 1 3
38 1 15
9 1 1
11 1 23
7 1 6
24 1 11
63 2 44
14 2 17
3 2 23
1 4 3
9 1 15
3 2 15
71 2 5
1 1 25
38 1 16
2 1 1
29 2 35
31 1 7
82 2 2
32 1 64
29 2 32
63 1 2
24 1 7
62 2 35
49 1 13
35 1 63
22 2 1
11 1 3
13 1 18
8 2 12
49 2 51
54 1 35
13 1 82
32 1 36
82 2 3
82 2 71
31 1 11
1 1 23
27 2 39
4 1 51
34 1 33
34 1 47
3 2 25
15 1 7
71 2 82
36 1 38
3 1 12
9 1 63
44 1 82
23 2 20
44 1 2
40 2 31
13 1 5
38 2 35
3 2 18
68 1 32
40 1 27
20 1 3
63 1 71
26 1 1
27 1 7
34 2 40
7 1 26
22 2 10
68 1 4
13 1 3
7 1 23
13 1 16
44 1 3
21 2 41
54 1 4
34 2 31
13 2 9
2 1 82
1 2 23
32 1 14
40 1 33
14 2 41
22 2 20
104 1 35
33 2 47
43 6 44
30 2 39
11 1 10
7 1 1
47 1 34
62 1 51
33 1 35
36 1 32
31 2 21
35 1 56
51 2 49
1 2 62
35 1 68
13 1 2
41 1 29
20 1 19
104 1 71
63 1 32
42 1 35
64 1 11
13 1 1
68 1 1
35 1 44
26 1 25
3 5 1
62 2 32
35 1 21
3 2 8
71 2 3
9 1 5
17 1 13
71 2 2
9 1 2
47 2 52
20 1 1
2 1 71
18 1 3
35 1 41
64 1 7
3 2 12
35 1 34
1 7 3
3 2 19
25 1 32
24 1 1
9 1 71
63 1 3
23 2 22
3 4 1
12 2 8
63 1 5
3 1 19
1 2 63
23 2 3
56 1 11
26 1 3
32 1 21
63 1 7
52 1 40
40 2 43
3 2 35
2 1 3
24 2 18
7 1 10
19 1 18
62 1 49
44 1 5
35 1 43
34 1 42
45 1 104
82 2 1
36 1 35
22 2 23
35 1 40
16 1 7
17 2 34
28 1 11
16 1 13
9 1 3
44 1 62
25 1 71
32 1 40
11 1 1
32 1 31
3 2 4
1 2 3
29 1 28
27 2 33
38 2 32
37 1 7
34 2 64
15 1 11
43 1 11
32 1 43
9 2 13
19 1 24
25 1 3
52 2 42
35 1 17
1 2 16
14 1 9
21 1 7
23 2 26
35 1 64
40 1 39
5 2 1
39 1 35
39 1 32
25 1 18
23 2 6
3 2 32
12 1 11
3 7 1
64 6 44
34 2 17
31 2 40
44 1 71
21 2 43
51 1 13
15 2 30
7 1 3
1 1 3
32 1 34
44 1 35
1 2 15
14 2 68
45 1 86
32 1 54
25 1 82
15 1 13
18 2 24
68 2 44
22 2 26
24 1 23
18 1 11
22 2 6
25 1 24
11 1 26
1 5 3
35 1 14
23 2 10
8 1 7
11 1 22
17 2 40
82 2 5
4 1 49
12 1 7
26 2 22
35 1 36
18 1 11
34 1 52
13 1 15
16 1 11
63 1 4
5 1 3
1 2 25
29 1 27
1 2 22
14 2 54
27 2 28
54 1 3
34 1 30
3 2 16
18 1 7
38 1 37
7 1 22
30 1 11
41 2 64
3 2 1
11 1 20
64 6 63
2 2 1
23 2 1
14 1 13
3 1 23
11 1 6
21 2 31
3 1 8
24 1 3
18 1 1
41 1 32
40 2 17
34 1 39
71 2 1
4 2 32
17 2 14
51 1 9
36 2 31
30 2 37
3 1 22
22 2 3
29 1 15
7 1 20
86 1 1
2 2 3
63 1 82
1 2 19
34 2 43
17 1 9
5 1 82
18 1 23
49 1 9
35 1 31
41 1 35
15 2 27
44 1 1
5 1 71
1 1 22
14 2 40
9 1 16
38 1 30
63 1 1
32 1 41
1 1 12
63 1 35
3 2 22
1 2 12
3 1 1
40 1 30
86 2 104
30 2 33
44 1 32
8 1 11
44 2 25
43 6 63
21 1 11
32 1 17
13 1 71
5 1 1
3 2 62
21 2 64
34 1 27
1 2 4
33 1 32
35 1 25
9 1 82
5 2 3
44 2 63
27 1 11
30 1 7
43 1 7
4 2 35
26 2 23
68 1 71
15 1 9
? 1 github_java_program_data/8/159.java

14 1 3
9 1 3
71 2 5
79 1 1
9 1 1
62 1 51
3 2 4
46 1 1
4 1 49
77 1 82
52 1 24
71 2 2
1 2 62
13 1 2
14 1 32
62 1 49
86 1 1
2 1 1
62 2 82
84 1 71
4 2 52
84 1 82
51 1 9
45 1 86
2 1 3
1 2 4
22 2 3
77 1 2
2 2 1
49 1 13
71 2 3
9 1 5
11 1 3
7 1 1
13 1 5
1 2 22
84 1 4
77 2 84
82 1 18
1 1 3
82 2 71
23 2 1
1 1 23
1 1 22
77 1 71
32 1 77
4 1 51
18 1 7
79 2 46
13 1 1
84 1 5
5 2 1
14 1 71
86 2 79
2 2 3
79 2 14
51 2 49
45 1 14
84 2 77
24 1 11
45 1 79
77 1 82
77 1 1
3 2 62
77 1 62
84 1 52
3 2 32
5 1 1
45 1 46
5 1 3
13 1 3
77 1 3
32 1 84
9 1 2
77 1 5
49 1 1
5 2 3
84 1 2
3 2 23
46 2 79
3 1 4
84 1 1
? 1 github_java_program_data/8/166.java

9 1 3
3 2 22
44 1 62
25 1 71
9 1 1
4 1 51
24 1 11
27 2 33
14 2 17
3 2 23
34 2 31
9 1 15
31 1 11
43 1 11
32 1 43
3 5 1
79 2 25
2 1 1
49 2 51
63 1 5
14 1 9
21 1 7
23 2 26
35 1 64
22 2 23
24 1 7
2 2 1
25 1 18
35 1 21
11 1 3
68 2 44
3 4 1
11 1 23
44 1 71
51 1 13
7 1 3
1 1 3
32 1 34
1 2 15
1 2 22
11 1 1
1 2 4
44 1 32
63 2 44
32 1 31
34 1 33
22 2 26
18 1 11
15 1 7
25 1 24
11 1 26
1 1 23
1 2 32
44 1 2
68 1 82
32 1 63
3 2 25
33 1 35
1 4 3
82 2 5
43 6 63
51 2 49
22 2 1
26 1 1
27 1 7
3 7 1
16 1 11
63 1 4
5 1 3
13 1 3
43 6 44
7 1 23
13 1 16
1 7 3
44 1 3
46 2 79
3 2 16
18 1 7
7 1 6
7 1 22
1 5 3
11 1 20
23 2 22
79 2 46
7 1 1
64 6 63
45 1 86
62 1 51
23 2 1
32 1 68
11 1 22
4 1 49
31 2 21
3 1 23
11 1 6
23 2 3
44 2 63
21 2 31
13 1 2
20 1 19
32 1 44
2 1 3
17 2 14
19 1 18
13 1 1
68 1 1
82 2 2
71 2 1
3 1 22
45 1 46
62 2 32
32 1 14
79 1 3
23 2 20
2 2 3
17 1 13
18 2 24
9 1 2
20 1 1
86 1 3
13 1 5
49 1 9
68 1 32
64 1 7
68 1 4
1 2 19
71 2 5
24 1 1
1 1 22
5 2 3
13 1 71
46 1 3
71 2 2
3 2 19
45 1 25
4 2 32
1 2 23
63 1 1
3 2 15
63 1 82
35 1 43
3 1 19
3 1 1
19 1 24
26 1 3
23 2 6
32 1 21
45 1 79
26 1 19
21 1 11
32 1 17
17 2 68
20 1 25
5 1 1
3 2 62
24 2 18
7 1 10
34 1 27
26 1 25
44 1 5
86 2 79
5 2 1
63 1 35
25 1 1
22 2 3
1 2 25
82 2 1
25 1 32
4 2 35
9 1 82
? 1 github_java_program_data/8/173.java

9 1 3
82 2 2
25 1 71
44 1 109
11 1 1
4 1 51
3 2 4
24 1 11
3 2 23
43 6 44
32 1 43
1 1 25
2 1 1
25 1 3
44 1 62
84 2 44
2 1 3
49 1 13
82 2 5
2 2 1
3 2 78
44 1 71
84 1 4
77 2 84
1 1 3
23 2 1
20 1 25
25 1 82
44 1 32
109 1 1
3 2 25
84 1 5
25 1 24
2 2 3
44 1 2
84 2 77
35 1 84
78 1 1
20 1 3
51 2 49
71 2 82
49 1 78
45 1 46
3 1 23
13 1 3
77 1 3
9 1 2
1 2 22
82 2 3
46 2 79
18 1 7
3 1 4
25 1 0
49 2 51
79 2 46
79 1 1
45 1 86
62 1 51
46 1 1
4 1 49
49 1 3
1 1 23
1 2 62
13 1 2
0 1 19
24 1 3
86 1 1
84 1 71
84 1 82
51 1 9
35 1 44
1 2 4
22 2 3
77 1 2
46 2 25
9 1 5
1 2 19
62 2 32
18 1 3
13 1 5
1 1 19
0 2 71
44 1 1
1 1 22
77 1 71
71 2 2
3 2 19
45 1 25
86 2 79
25 1 35
109 2 71
3 1 1
3 2 35
45 1 79
35 1 77
0 1 3
84 1 3
77 1 62
7 1 6
5 1 1
3 2 62
19 1 18
62 1 49
7 1 20
5 2 3
1 2 25
43 1 7
77 1 82
? 1 github_java_program_data/8/187.java

14 1 3
9 1 3
71 2 5
79 1 1
9 1 1
62 1 51
3 2 4
46 1 1
4 1 49
77 1 82
52 1 24
71 2 2
1 2 62
13 1 2
14 1 32
62 1 49
86 1 1
2 1 1
62 2 82
84 1 71
4 2 52
84 1 82
51 1 9
45 1 86
2 1 3
1 2 4
22 2 3
77 1 2
2 2 1
49 1 13
71 2 3
9 1 5
11 1 3
7 1 1
13 1 5
1 2 22
84 1 4
77 2 84
82 1 18
1 1 3
82 2 71
23 2 1
1 1 23
1 1 22
77 1 71
32 1 77
4 1 51
18 1 7
79 2 46
13 1 1
84 1 5
5 2 1
14 1 71
86 2 79
2 2 3
79 2 14
51 2 49
45 1 14
84 2 77
24 1 11
45 1 79
77 1 82
77 1 1
3 2 62
77 1 62
84 1 52
3 2 32
5 1 1
45 1 46
5 1 3
13 1 3
77 1 3
32 1 84
9 1 2
77 1 5
49 1 1
5 2 3
84 1 2
3 2 23
46 2 79
3 1 4
84 1 1
? 1 github_java_program_data/8/196.java

17 2 64
1 1 8
2 2 3
4 1 51
25 2 104
24 1 11
1 4 3
3 2 8
9 1 15
3 5 1
1 1 25
62 2 32
31 1 7
54 1 71
104 1 32
1 2 10
22 2 1
11 1 3
64 6 44
109 1 1
0 2 82
29 1 30
32 1 20
82 2 71
23 2 1
46 2 25
11 1 23
18 1 3
27 2 33
15 1 7
7 1 8
32 1 17
26 2 3
68 2 63
20 1 3
29 1 16
27 1 7
77 1 4
7 1 26
51 1 1
64 1 11
77 1 3
9 1 2
13 1 16
44 1 3
29 2 35
13 2 9
1 2 23
32 1 14
32 1 22
22 2 20
23 2 12
30 2 39
7 1 1
33 1 35
51 2 49
5 1 3
1 2 62
13 1 2
20 1 19
63 1 0
63 1 32
51 1 3
7 1 32
13 1 1
35 1 44
7 2 11
108 2 35
80 1 33
71 2 3
17 1 13
18 2 24
30 2 33
20 1 1
2 1 71
34 1 47
31 1 22
64 1 7
68 1 4
16 1 9
45 1 44
20 2 32
61 1 11
9 1 71
63 1 3
1 2 108
3 4 1
71 2 4
35 1 43
3 1 19
3 2 32
7 1 35
23 2 3
3 1 4
14 2 31
109 1 3
68 2 77
24 2 18
54 1 32
37 1 1
19 1 18
71 2 1
44 1 5
80 1 27
34 1 42
49 1 1
82 2 1
33 2 61
36 1 35
16 2 30
28 1 11
23 2 26
25 1 71
44 1 109
82 2 3
29 1 28
34 2 31
7 1 76
43 6 44
43 1 11
35 1 68
11 2 7
4 2 5
35 1 64
40 1 39
39 1 32
35 1 14
35 1 21
3 7 1
42 1 7
11 1 26
51 1 13
7 2 1
14 2 54
44 1 35
20 1 25
108 1 78
11 2 22
9 1 16
18 1 11
25 1 24
32 1 12
8 1 7
78 1 3
47 2 42
82 2 5
15 1 11
21 1 23
45 1 46
32 1 1
22 2 10
1 2 22
7 1 22
30 1 11
3 2 1
11 1 20
44 2 68
0 2 71
22 2 6
4 1 49
3 1 23
2 2 1
3 2 108
3 1 8
20 2 23
11 1 80
24 1 3
42 1 11
51 1 9
32 1 3
3 1 22
23 2 7
32 1 44
63 1 82
17 1 9
5 1 82
45 1 63
23 2 11
49 1 9
68 1 32
3 2 22
22 2 7
68 1 3
77 1 71
10 2 22
3 2 19
1 2 35
11 1 76
6 2 23
3 1 1
40 1 30
63 1 62
23 2 6
8 2 22
0 1 3
21 1 11
3 1 12
7 1 6
9 1 82
44 1 4
34 1 27
1 2 4
35 1 25
63 1 35
5 2 3
44 2 63
1 1 12
30 1 7
16 1 7
26 2 23
68 2 14
0 1 1
3 2 15
40 2 34
104 1 3
9 1 1
3 2 23
44 1 0
35 2 3
11 1 12
2 1 1
44 1 82
76 1 42
44 1 62
32 1 64
26 1 19
63 1 2
24 1 7
62 2 35
49 1 13
54 1 1
33 1 7
23 2 10
54 2 63
1 1 23
47 1 40
17 2 31
34 1 33
68 1 35
3 2 25
73 1 37
25 1 108
20 2 22
44 1 2
32 1 63
35 1 63
78 1 1
63 1 71
26 1 1
35 1 15
15 1 7
39 1 11
54 2 44
13 1 3
7 1 23
27 2 39
32 1 11
44 2 104
2 1 82
40 1 33
39 2 47
1 5 3
11 1 10
63 2 44
62 1 51
11 1 22
22 2 12
64 6 63
14 2 68
3 2 73
82 2 4
35 1 104
22 2 8
9 1 5
1 1 4
32 1 36
25 2 63
1 1 19
1 2 16
39 2 42
12 2 22
104 1 73
71 2 5
24 1 1
1 2 26
26 2 32
23 2 22
80 1 61
104 2 25
35 1 17
39 1 7
7 2 23
26 1 3
32 1 21
25 2 44
77 1 62
34 2 21
2 1 3
17 2 63
4 2 32
62 1 49
7 1 20
61 1 7
21 2 15
77 1 82
35 1 40
8 2 23
10 2 23
9 1 3
1 7 3
82 2 2
11 1 1
32 1 31
3 2 4
1 2 3
76 1 39
11 2 23
31 1 11
31 2 21
32 1 43
9 2 13
25 1 3
63 1 5
14 1 9
21 1 7
35 1 11
23 2 8
22 2 23
79 2 46
39 1 35
25 1 18
12 1 11
33 1 11
79 1 1
44 1 71
21 2 43
7 1 3
1 1 3
32 1 34
45 1 79
32 1 54
25 1 82
35 1 77
22 2 26
11 1 8
33 1 32
62 2 2
20 2 35
46 1 1
54 1 3
12 1 7
17 2 43
68 1 62
71 2 82
63 1 4
32 1 23
3 2 12
14 2 17
21 2 14
76 1 30
7 1 80
109 2 82
3 2 16
18 1 7
7 1 10
49 2 51
35 1 7
1 2 15
14 1 13
31 1 23
49 1 3
11 1 6
21 2 31
18 1 1
3 1 25
34 1 39
17 2 14
6 2 22
22 2 3
77 1 2
44 1 32
23 2 20
1 2 19
104 1 71
42 1 35
12 2 23
13 1 5
68 1 82
35 1 31
21 2 64
44 1 1
5 1 71
54 1 62
7 1 12
1 1 22
25 1 1
71 2 2
35 1 34
45 1 25
63 1 1
27 1 11
4 2 2
25 1 35
1 2 12
16 1 11
19 1 24
73 2 32
8 1 11
36 1 29
43 6 63
13 1 15
30 2 28
1 2 8
5 1 1
3 2 62
104 2 44
17 2 54
5 2 1
32 1 7
71 2 62
1 2 25
43 1 7
4 2 35
26 2 22
? 1 github_java_program_data/8/206.java

9 1 3
82 2 2
25 1 71
44 1 109
11 1 1
4 1 51
3 2 4
24 1 11
3 2 23
43 6 44
32 1 43
1 1 25
2 1 1
25 1 3
44 1 62
84 2 44
2 1 3
49 1 13
82 2 5
2 2 1
3 2 78
44 1 71
84 1 4
77 2 84
1 1 3
23 2 1
20 1 25
25 1 82
44 1 32
109 1 1
3 2 25
84 1 5
25 1 24
2 2 3
44 1 2
84 2 77
35 1 84
78 1 1
20 1 3
51 2 49
71 2 82
49 1 78
45 1 46
3 1 23
13 1 3
77 1 3
9 1 2
1 2 22
82 2 3
46 2 79
18 1 7
3 1 4
25 1 0
49 2 51
79 2 46
79 1 1
45 1 86
62 1 51
46 1 1
4 1 49
49 1 3
1 1 23
1 2 62
13 1 2
0 1 19
24 1 3
86 1 1
84 1 71
84 1 82
51 1 9
35 1 44
1 2 4
22 2 3
77 1 2
46 2 25
9 1 5
1 2 19
62 2 32
18 1 3
13 1 5
1 1 19
0 2 71
44 1 1
1 1 22
77 1 71
71 2 2
3 2 19
45 1 25
86 2 79
25 1 35
109 2 71
3 1 1
3 2 35
45 1 79
35 1 77
0 1 3
84 1 3
77 1 62
7 1 6
5 1 1
3 2 62
19 1 18
62 1 49
7 1 20
5 2 3
1 2 25
43 1 7
77 1 82
? 1 github_java_program_data/8/217.java

9 1 3
3 2 22
44 1 62
25 1 71
9 1 1
4 1 51
24 1 11
27 2 33
14 2 17
3 2 23
34 2 31
9 1 15
31 1 11
43 1 11
32 1 43
3 5 1
79 2 25
2 1 1
49 2 51
63 1 5
14 1 9
21 1 7
23 2 26
35 1 64
22 2 23
24 1 7
2 2 1
25 1 18
35 1 21
11 1 3
68 2 44
3 4 1
11 1 23
44 1 71
51 1 13
7 1 3
1 1 3
32 1 34
1 2 15
1 2 22
11 1 1
1 2 4
44 1 32
63 2 44
32 1 31
34 1 33
22 2 26
18 1 11
15 1 7
25 1 24
11 1 26
1 1 23
1 2 32
44 1 2
68 1 82
32 1 63
3 2 25
33 1 35
1 4 3
82 2 5
43 6 63
51 2 49
22 2 1
26 1 1
27 1 7
3 7 1
16 1 11
63 1 4
5 1 3
13 1 3
43 6 44
7 1 23
13 1 16
1 7 3
44 1 3
46 2 79
3 2 16
18 1 7
7 1 6
7 1 22
1 5 3
11 1 20
23 2 22
79 2 46
7 1 1
64 6 63
45 1 86
62 1 51
23 2 1
32 1 68
11 1 22
4 1 49
31 2 21
3 1 23
11 1 6
23 2 3
44 2 63
21 2 31
13 1 2
20 1 19
32 1 44
2 1 3
17 2 14
19 1 18
13 1 1
68 1 1
82 2 2
71 2 1
3 1 22
45 1 46
62 2 32
32 1 14
79 1 3
23 2 20
2 2 3
17 1 13
18 2 24
9 1 2
20 1 1
86 1 3
13 1 5
49 1 9
68 1 32
64 1 7
68 1 4
1 2 19
71 2 5
24 1 1
1 1 22
5 2 3
13 1 71
46 1 3
71 2 2
3 2 19
45 1 25
4 2 32
1 2 23
63 1 1
3 2 15
63 1 82
35 1 43
3 1 19
3 1 1
19 1 24
26 1 3
23 2 6
32 1 21
45 1 79
26 1 19
21 1 11
32 1 17
17 2 68
20 1 25
5 1 1
3 2 62
24 2 18
7 1 10
34 1 27
26 1 25
44 1 5
86 2 79
5 2 1
63 1 35
25 1 1
22 2 3
1 2 25
82 2 1
25 1 32
4 2 35
9 1 82
? 1 github_java_program_data/8/233.java

17 2 64
1 1 8
2 2 3
4 1 51
25 2 104
24 1 11
1 4 3
3 2 8
9 1 15
3 5 1
1 1 25
62 2 32
31 1 7
54 1 71
104 1 32
1 2 10
22 2 1
11 1 3
64 6 44
109 1 1
0 2 82
29 1 30
32 1 20
82 2 71
23 2 1
46 2 25
11 1 23
18 1 3
27 2 33
15 1 7
7 1 8
32 1 17
26 2 3
68 2 63
20 1 3
29 1 16
27 1 7
77 1 4
7 1 26
51 1 1
64 1 11
77 1 3
9 1 2
13 1 16
44 1 3
29 2 35
13 2 9
1 2 23
32 1 14
32 1 22
22 2 20
23 2 12
30 2 39
7 1 1
33 1 35
51 2 49
5 1 3
1 2 62
13 1 2
20 1 19
63 1 0
63 1 32
51 1 3
7 1 32
13 1 1
35 1 44
7 2 11
108 2 35
80 1 33
71 2 3
17 1 13
18 2 24
30 2 33
20 1 1
2 1 71
34 1 47
31 1 22
64 1 7
68 1 4
16 1 9
45 1 44
20 2 32
61 1 11
9 1 71
63 1 3
1 2 108
3 4 1
71 2 4
35 1 43
3 1 19
3 2 32
7 1 35
23 2 3
3 1 4
14 2 31
109 1 3
68 2 77
24 2 18
54 1 32
37 1 1
19 1 18
71 2 1
44 1 5
80 1 27
34 1 42
49 1 1
82 2 1
33 2 61
36 1 35
16 2 30
28 1 11
23 2 26
25 1 71
44 1 109
82 2 3
29 1 28
34 2 31
7 1 76
43 6 44
43 1 11
35 1 68
11 2 7
4 2 5
35 1 64
40 1 39
39 1 32
35 1 14
35 1 21
3 7 1
42 1 7
11 1 26
51 1 13
7 2 1
14 2 54
44 1 35
20 1 25
108 1 78
11 2 22
9 1 16
18 1 11
25 1 24
32 1 12
8 1 7
78 1 3
47 2 42
82 2 5
15 1 11
21 1 23
45 1 46
32 1 1
22 2 10
1 2 22
7 1 22
30 1 11
3 2 1
11 1 20
44 2 68
0 2 71
22 2 6
4 1 49
3 1 23
2 2 1
3 2 108
3 1 8
20 2 23
11 1 80
24 1 3
42 1 11
51 1 9
32 1 3
3 1 22
23 2 7
32 1 44
63 1 82
17 1 9
5 1 82
45 1 63
23 2 11
49 1 9
68 1 32
3 2 22
22 2 7
68 1 3
77 1 71
10 2 22
3 2 19
1 2 35
11 1 76
6 2 23
3 1 1
40 1 30
63 1 62
23 2 6
8 2 22
0 1 3
21 1 11
3 1 12
7 1 6
9 1 82
44 1 4
34 1 27
1 2 4
35 1 25
63 1 35
5 2 3
44 2 63
1 1 12
30 1 7
16 1 7
26 2 23
68 2 14
0 1 1
3 2 15
40 2 34
104 1 3
9 1 1
3 2 23
44 1 0
35 2 3
11 1 12
2 1 1
44 1 82
76 1 42
44 1 62
32 1 64
26 1 19
63 1 2
24 1 7
62 2 35
49 1 13
54 1 1
33 1 7
23 2 10
54 2 63
1 1 23
47 1 40
17 2 31
34 1 33
68 1 35
3 2 25
73 1 37
25 1 108
20 2 22
44 1 2
32 1 63
35 1 63
78 1 1
63 1 71
26 1 1
35 1 15
15 1 7
39 1 11
54 2 44
13 1 3
7 1 23
27 2 39
32 1 11
44 2 104
2 1 82
40 1 33
39 2 47
1 5 3
11 1 10
63 2 44
62 1 51
11 1 22
22 2 12
64 6 63
14 2 68
3 2 73
82 2 4
35 1 104
22 2 8
9 1 5
1 1 4
32 1 36
25 2 63
1 1 19
1 2 16
39 2 42
12 2 22
104 1 73
71 2 5
24 1 1
1 2 26
26 2 32
23 2 22
80 1 61
104 2 25
35 1 17
39 1 7
7 2 23
26 1 3
32 1 21
25 2 44
77 1 62
34 2 21
2 1 3
17 2 63
4 2 32
62 1 49
7 1 20
61 1 7
21 2 15
77 1 82
35 1 40
8 2 23
10 2 23
9 1 3
1 7 3
82 2 2
11 1 1
32 1 31
3 2 4
1 2 3
76 1 39
11 2 23
31 1 11
31 2 21
32 1 43
9 2 13
25 1 3
63 1 5
14 1 9
21 1 7
35 1 11
23 2 8
22 2 23
79 2 46
39 1 35
25 1 18
12 1 11
33 1 11
79 1 1
44 1 71
21 2 43
7 1 3
1 1 3
32 1 34
45 1 79
32 1 54
25 1 82
35 1 77
22 2 26
11 1 8
33 1 32
62 2 2
20 2 35
46 1 1
54 1 3
12 1 7
17 2 43
68 1 62
71 2 82
63 1 4
32 1 23
3 2 12
14 2 17
21 2 14
76 1 30
7 1 80
109 2 82
3 2 16
18 1 7
7 1 10
49 2 51
35 1 7
1 2 15
14 1 13
31 1 23
49 1 3
11 1 6
21 2 31
18 1 1
3 1 25
34 1 39
17 2 14
6 2 22
22 2 3
77 1 2
44 1 32
23 2 20
1 2 19
104 1 71
42 1 35
12 2 23
13 1 5
68 1 82
35 1 31
21 2 64
44 1 1
5 1 71
54 1 62
7 1 12
1 1 22
25 1 1
71 2 2
35 1 34
45 1 25
63 1 1
27 1 11
4 2 2
25 1 35
1 2 12
16 1 11
19 1 24
73 2 32
8 1 11
36 1 29
43 6 63
13 1 15
30 2 28
1 2 8
5 1 1
3 2 62
104 2 44
17 2 54
5 2 1
32 1 7
71 2 62
1 2 25
43 1 7
4 2 35
26 2 22
? 1 github_java_program_data/8/236.java

9 1 3
3 2 22
44 1 62
25 1 71
9 1 1
4 1 51
24 1 11
27 2 33
14 2 17
3 2 23
34 2 31
9 1 15
31 1 11
43 1 11
32 1 43
3 5 1
79 2 25
2 1 1
49 2 51
63 1 5
14 1 9
21 1 7
23 2 26
35 1 64
22 2 23
24 1 7
2 2 1
25 1 18
35 1 21
11 1 3
68 2 44
3 4 1
11 1 23
44 1 71
51 1 13
7 1 3
1 1 3
32 1 34
1 2 15
1 2 22
11 1 1
1 2 4
44 1 32
63 2 44
32 1 31
34 1 33
22 2 26
18 1 11
15 1 7
25 1 24
11 1 26
1 1 23
1 2 32
44 1 2
68 1 82
32 1 63
3 2 25
33 1 35
1 4 3
82 2 5
43 6 63
51 2 49
22 2 1
26 1 1
27 1 7
3 7 1
16 1 11
63 1 4
5 1 3
13 1 3
43 6 44
7 1 23
13 1 16
1 7 3
44 1 3
46 2 79
3 2 16
18 1 7
7 1 6
7 1 22
1 5 3
11 1 20
23 2 22
79 2 46
7 1 1
64 6 63
45 1 86
62 1 51
23 2 1
32 1 68
11 1 22
4 1 49
31 2 21
3 1 23
11 1 6
23 2 3
44 2 63
21 2 31
13 1 2
20 1 19
32 1 44
2 1 3
17 2 14
19 1 18
13 1 1
68 1 1
82 2 2
71 2 1
3 1 22
45 1 46
62 2 32
32 1 14
79 1 3
23 2 20
2 2 3
17 1 13
18 2 24
9 1 2
20 1 1
86 1 3
13 1 5
49 1 9
68 1 32
64 1 7
68 1 4
1 2 19
71 2 5
24 1 1
1 1 22
5 2 3
13 1 71
46 1 3
71 2 2
3 2 19
45 1 25
4 2 32
1 2 23
63 1 1
3 2 15
63 1 82
35 1 43
3 1 19
3 1 1
19 1 24
26 1 3
23 2 6
32 1 21
45 1 79
26 1 19
21 1 11
32 1 17
17 2 68
20 1 25
5 1 1
3 2 62
24 2 18
7 1 10
34 1 27
26 1 25
44 1 5
86 2 79
5 2 1
63 1 35
25 1 1
22 2 3
1 2 25
82 2 1
25 1 32
4 2 35
9 1 82
? 1 github_java_program_data/8/25.java

3 2 15
9 1 1
11 1 23
24 1 11
36 2 41
1 4 3
9 1 15
9 1 2
3 5 1
71 2 3
2 1 1
31 1 7
17 1 13
14 2 34
24 1 7
62 2 35
22 2 1
11 1 3
23 2 10
13 1 82
20 1 1
82 2 32
82 2 71
23 2 1
2 2 1
46 2 25
3 2 22
3 2 25
15 1 7
32 1 17
44 1 82
44 1 2
32 1 63
38 2 35
13 1 63
63 1 11
20 1 3
63 1 71
26 1 1
7 1 26
41 1 38
44 1 1
13 1 3
7 1 23
13 1 16
46 2 79
11 1 6
1 2 23
32 1 14
22 2 20
1 5 3
15 2 27
7 1 1
45 1 86
33 1 35
36 1 32
14 2 21
1 2 62
13 1 2
20 1 19
23 2 20
13 1 1
63 1 35
42 1 32
26 1 25
17 1 9
3 2 8
9 1 5
29 2 32
29 1 27
32 1 36
46 1 1
3 2 19
71 2 5
9 1 71
3 4 1
35 1 17
1 2 63
23 2 3
26 1 3
3 2 16
32 1 21
17 2 44
16 1 11
2 1 3
19 1 18
1 2 8
7 1 20
35 1 43
34 1 42
1 2 16
9 1 82
16 1 7
16 1 13
9 1 3
25 1 71
11 1 1
32 1 31
20 2 22
29 1 28
25 1 18
3 1 1
31 2 21
25 1 3
4 2 82
63 1 5
14 1 9
21 1 7
79 2 46
35 1 14
23 2 6
35 1 21
3 7 1
33 2 42
79 1 1
44 1 71
7 1 3
1 1 3
1 2 15
44 1 32
22 2 26
9 1 16
18 1 11
25 1 24
11 1 26
28 1 7
38 1 16
11 1 22
14 1 13
15 1 11
12 1 7
82 1 18
13 1 15
45 1 46
5 1 3
14 2 17
1 2 22
27 2 28
3 2 23
34 1 30
14 2 36
18 1 7
7 1 10
7 1 22
30 1 11
11 1 20
3 2 12
4 1 49
3 1 23
1 1 23
21 2 31
3 1 8
32 1 44
17 2 14
27 1 11
1 2 4
22 2 3
44 1 82
29 1 15
86 1 1
2 2 3
63 1 82
1 2 19
34 2 43
63 1 62
13 1 5
49 1 9
35 1 31
41 1 35
34 1 33
1 1 22
13 1 71
71 2 2
35 1 34
45 1 25
63 1 1
32 1 41
1 2 25
86 2 79
31 1 11
19 1 24
30 2 33
43 1 7
45 1 79
8 1 11
43 6 63
21 1 11
3 1 12
7 1 6
5 1 1
44 1 4
3 1 22
5 2 1
5 2 3
44 2 63
1 1 12
25 1 32
36 1 29
26 2 23
3 2 32
15 1 9
? 1 github_java_program_data/8/252.java

3 1 1
29 1 15
1 1 8
40 2 34
28 1 11
38 1 15
16 2 30
9 1 1
11 1 23
24 1 11
19 1 24
104 1 32
3 2 23
1 4 3
3 2 8
9 1 15
36 2 41
3 2 15
3 5 1
1 1 25
71 2 3
2 1 1
29 2 35
31 1 7
82 2 2
32 1 64
29 2 32
63 1 2
24 1 7
62 2 35
49 1 13
54 1 1
22 2 1
11 1 3
1 2 32
49 2 51
29 1 30
20 2 23
20 1 1
23 2 1
1 1 23
4 1 51
34 1 33
68 1 35
3 2 25
15 1 7
32 1 17
104 1 1
63 1 71
37 1 11
44 1 2
40 2 31
32 1 63
38 2 35
21 1 11
68 1 32
40 1 27
20 1 3
44 1 82
79 2 104
26 1 1
29 1 16
27 1 7
34 2 40
7 1 26
41 1 38
22 2 10
54 2 44
13 1 3
7 1 23
13 1 16
44 1 3
31 2 64
82 2 3
13 2 9
23 2 10
1 2 23
32 1 14
40 1 33
54 1 82
1 5 3
30 2 39
11 1 10
7 1 1
62 1 51
33 1 35
36 1 32
31 2 21
51 2 49
14 2 21
1 2 62
13 1 2
20 1 19
104 1 71
63 1 32
34 2 41
64 1 11
13 1 1
45 1 104
42 1 32
26 1 25
26 2 22
20 2 22
40 2 21
3 2 22
9 1 5
17 1 13
18 2 24
9 1 2
32 1 36
18 1 3
25 2 63
1 1 19
14 2 17
3 2 12
68 1 4
16 1 9
3 2 19
24 1 1
1 2 16
63 1 3
23 2 22
3 4 1
35 1 43
3 1 19
32 1 25
23 2 3
41 2 64
26 1 3
32 1 21
40 2 43
21 1 7
38 1 27
24 2 18
17 2 34
38 1 37
19 1 18
62 1 49
7 1 20
6 2 23
34 1 42
82 2 1
30 1 11
22 2 23
35 1 40
16 1 7
10 2 23
9 1 82
9 1 3
21 2 40
44 1 62
32 1 40
11 1 1
32 1 31
22 2 20
3 2 4
29 1 28
27 2 33
34 2 31
35 1 14
43 6 44
31 1 11
43 1 11
32 1 43
9 2 13
12 1 11
25 1 3
35 1 17
14 1 9
3 1 12
2 1 3
23 2 26
35 1 64
40 1 39
2 2 1
39 1 35
39 1 32
25 1 18
23 2 6
35 1 21
3 7 1
33 2 42
63 2 44
44 1 71
21 2 43
51 1 13
15 2 30
7 1 3
1 1 3
32 1 34
44 1 35
1 2 15
14 2 68
20 1 25
32 1 54
25 1 82
44 1 32
64 6 63
22 2 26
9 1 16
18 1 11
25 1 24
11 1 26
33 1 32
27 2 37
54 1 35
28 1 7
8 1 7
11 1 22
17 2 40
14 1 13
12 1 7
35 1 36
16 1 11
63 1 4
5 1 3
29 1 27
1 2 22
68 2 54
27 2 28
31 2 17
34 1 30
3 2 16
18 1 7
7 1 10
7 1 22
36 1 35
1 2 8
11 1 20
27 2 39
22 2 6
32 1 68
4 1 49
3 1 23
11 1 6
21 2 31
62 2 32
3 1 8
24 1 3
18 1 1
32 1 44
3 1 25
34 1 39
4 2 32
17 2 14
51 1 9
71 2 1
3 1 22
22 2 3
15 1 13
79 1 3
23 2 20
2 2 3
26 1 19
1 2 19
34 2 43
17 1 9
13 1 5
49 1 9
35 1 31
41 1 35
15 2 27
44 1 1
1 7 3
1 1 22
14 2 40
10 2 22
71 2 2
35 1 34
44 2 63
41 2 31
3 2 32
32 1 41
27 1 11
6 2 22
1 2 25
1 2 12
15 1 11
40 1 30
30 2 33
25 1 32
45 1 79
8 1 11
44 2 25
43 6 63
68 1 62
13 1 15
30 2 28
7 1 6
5 1 1
3 2 62
21 2 64
44 1 4
34 1 27
1 2 4
5 2 1
54 1 62
5 2 3
68 1 3
1 1 12
30 1 7
43 1 7
36 1 29
26 2 23
68 1 71
15 1 9
? 1 github_java_program_data/8/257.java

17 2 64
1 1 8
2 2 3
4 1 51
25 2 104
24 1 11
1 4 3
3 2 8
9 1 15
3 5 1
1 1 25
62 2 32
31 1 7
54 1 71
104 1 32
1 2 10
22 2 1
11 1 3
64 6 44
109 1 1
0 2 82
29 1 30
32 1 20
82 2 71
23 2 1
46 2 25
11 1 23
18 1 3
27 2 33
15 1 7
7 1 8
32 1 17
26 2 3
68 2 63
20 1 3
29 1 16
27 1 7
77 1 4
7 1 26
51 1 1
64 1 11
77 1 3
9 1 2
13 1 16
44 1 3
29 2 35
13 2 9
1 2 23
32 1 14
32 1 22
22 2 20
23 2 12
30 2 39
7 1 1
33 1 35
51 2 49
5 1 3
1 2 62
13 1 2
20 1 19
63 1 0
63 1 32
51 1 3
7 1 32
13 1 1
35 1 44
7 2 11
108 2 35
80 1 33
71 2 3
17 1 13
18 2 24
30 2 33
20 1 1
2 1 71
34 1 47
31 1 22
64 1 7
68 1 4
16 1 9
45 1 44
20 2 32
61 1 11
9 1 71
63 1 3
1 2 108
3 4 1
71 2 4
35 1 43
3 1 19
3 2 32
7 1 35
23 2 3
3 1 4
14 2 31
109 1 3
68 2 77
24 2 18
54 1 32
37 1 1
19 1 18
71 2 1
44 1 5
80 1 27
34 1 42
49 1 1
82 2 1
33 2 61
36 1 35
16 2 30
28 1 11
23 2 26
25 1 71
44 1 109
82 2 3
29 1 28
34 2 31
7 1 76
43 6 44
43 1 11
35 1 68
11 2 7
4 2 5
35 1 64
40 1 39
39 1 32
35 1 14
35 1 21
3 7 1
42 1 7
11 1 26
51 1 13
7 2 1
14 2 54
44 1 35
20 1 25
108 1 78
11 2 22
9 1 16
18 1 11
25 1 24
32 1 12
8 1 7
78 1 3
47 2 42
82 2 5
15 1 11
21 1 23
45 1 46
32 1 1
22 2 10
1 2 22
7 1 22
30 1 11
3 2 1
11 1 20
44 2 68
0 2 71
22 2 6
4 1 49
3 1 23
2 2 1
3 2 108
3 1 8
20 2 23
11 1 80
24 1 3
42 1 11
51 1 9
32 1 3
3 1 22
23 2 7
32 1 44
63 1 82
17 1 9
5 1 82
45 1 63
23 2 11
49 1 9
68 1 32
3 2 22
22 2 7
68 1 3
77 1 71
10 2 22
3 2 19
1 2 35
11 1 76
6 2 23
3 1 1
40 1 30
63 1 62
23 2 6
8 2 22
0 1 3
21 1 11
3 1 12
7 1 6
9 1 82
44 1 4
34 1 27
1 2 4
35 1 25
63 1 35
5 2 3
44 2 63
1 1 12
30 1 7
16 1 7
26 2 23
68 2 14
0 1 1
3 2 15
40 2 34
104 1 3
9 1 1
3 2 23
44 1 0
35 2 3
11 1 12
2 1 1
44 1 82
76 1 42
44 1 62
32 1 64
26 1 19
63 1 2
24 1 7
62 2 35
49 1 13
54 1 1
33 1 7
23 2 10
54 2 63
1 1 23
47 1 40
17 2 31
34 1 33
68 1 35
3 2 25
73 1 37
25 1 108
20 2 22
44 1 2
32 1 63
35 1 63
78 1 1
63 1 71
26 1 1
35 1 15
15 1 7
39 1 11
54 2 44
13 1 3
7 1 23
27 2 39
32 1 11
44 2 104
2 1 82
40 1 33
39 2 47
1 5 3
11 1 10
63 2 44
62 1 51
11 1 22
22 2 12
64 6 63
14 2 68
3 2 73
82 2 4
35 1 104
22 2 8
9 1 5
1 1 4
32 1 36
25 2 63
1 1 19
1 2 16
39 2 42
12 2 22
104 1 73
71 2 5
24 1 1
1 2 26
26 2 32
23 2 22
80 1 61
104 2 25
35 1 17
39 1 7
7 2 23
26 1 3
32 1 21
25 2 44
77 1 62
34 2 21
2 1 3
17 2 63
4 2 32
62 1 49
7 1 20
61 1 7
21 2 15
77 1 82
35 1 40
8 2 23
10 2 23
9 1 3
1 7 3
82 2 2
11 1 1
32 1 31
3 2 4
1 2 3
76 1 39
11 2 23
31 1 11
31 2 21
32 1 43
9 2 13
25 1 3
63 1 5
14 1 9
21 1 7
35 1 11
23 2 8
22 2 23
79 2 46
39 1 35
25 1 18
12 1 11
33 1 11
79 1 1
44 1 71
21 2 43
7 1 3
1 1 3
32 1 34
45 1 79
32 1 54
25 1 82
35 1 77
22 2 26
11 1 8
33 1 32
62 2 2
20 2 35
46 1 1
54 1 3
12 1 7
17 2 43
68 1 62
71 2 82
63 1 4
32 1 23
3 2 12
14 2 17
21 2 14
76 1 30
7 1 80
109 2 82
3 2 16
18 1 7
7 1 10
49 2 51
35 1 7
1 2 15
14 1 13
31 1 23
49 1 3
11 1 6
21 2 31
18 1 1
3 1 25
34 1 39
17 2 14
6 2 22
22 2 3
77 1 2
44 1 32
23 2 20
1 2 19
104 1 71
42 1 35
12 2 23
13 1 5
68 1 82
35 1 31
21 2 64
44 1 1
5 1 71
54 1 62
7 1 12
1 1 22
25 1 1
71 2 2
35 1 34
45 1 25
63 1 1
27 1 11
4 2 2
25 1 35
1 2 12
16 1 11
19 1 24
73 2 32
8 1 11
36 1 29
43 6 63
13 1 15
30 2 28
1 2 8
5 1 1
3 2 62
104 2 44
17 2 54
5 2 1
32 1 7
71 2 62
1 2 25
43 1 7
4 2 35
26 2 22
? 1 github_java_program_data/8/26.java

17 2 64
1 1 8
2 2 3
4 1 51
25 2 104
24 1 11
1 4 3
3 2 8
9 1 15
3 5 1
1 1 25
62 2 32
31 1 7
54 1 71
104 1 32
1 2 10
22 2 1
11 1 3
64 6 44
109 1 1
0 2 82
29 1 30
32 1 20
82 2 71
23 2 1
46 2 25
11 1 23
18 1 3
27 2 33
15 1 7
7 1 8
32 1 17
26 2 3
68 2 63
20 1 3
29 1 16
27 1 7
77 1 4
7 1 26
51 1 1
64 1 11
77 1 3
9 1 2
13 1 16
44 1 3
29 2 35
13 2 9
1 2 23
32 1 14
32 1 22
22 2 20
23 2 12
30 2 39
7 1 1
33 1 35
51 2 49
5 1 3
1 2 62
13 1 2
20 1 19
63 1 0
63 1 32
51 1 3
7 1 32
13 1 1
35 1 44
7 2 11
108 2 35
80 1 33
71 2 3
17 1 13
18 2 24
30 2 33
20 1 1
2 1 71
34 1 47
31 1 22
64 1 7
68 1 4
16 1 9
45 1 44
20 2 32
61 1 11
9 1 71
63 1 3
1 2 108
3 4 1
71 2 4
35 1 43
3 1 19
3 2 32
7 1 35
23 2 3
3 1 4
14 2 31
109 1 3
68 2 77
24 2 18
54 1 32
37 1 1
19 1 18
71 2 1
44 1 5
80 1 27
34 1 42
49 1 1
82 2 1
33 2 61
36 1 35
16 2 30
28 1 11
23 2 26
25 1 71
44 1 109
82 2 3
29 1 28
34 2 31
7 1 76
43 6 44
43 1 11
35 1 68
11 2 7
4 2 5
35 1 64
40 1 39
39 1 32
35 1 14
35 1 21
3 7 1
42 1 7
11 1 26
51 1 13
7 2 1
14 2 54
44 1 35
20 1 25
108 1 78
11 2 22
9 1 16
18 1 11
25 1 24
32 1 12
8 1 7
78 1 3
47 2 42
82 2 5
15 1 11
21 1 23
45 1 46
32 1 1
22 2 10
1 2 22
7 1 22
30 1 11
3 2 1
11 1 20
44 2 68
0 2 71
22 2 6
4 1 49
3 1 23
2 2 1
3 2 108
3 1 8
20 2 23
11 1 80
24 1 3
42 1 11
51 1 9
32 1 3
3 1 22
23 2 7
32 1 44
63 1 82
17 1 9
5 1 82
45 1 63
23 2 11
49 1 9
68 1 32
3 2 22
22 2 7
68 1 3
77 1 71
10 2 22
3 2 19
1 2 35
11 1 76
6 2 23
3 1 1
40 1 30
63 1 62
23 2 6
8 2 22
0 1 3
21 1 11
3 1 12
7 1 6
9 1 82
44 1 4
34 1 27
1 2 4
35 1 25
63 1 35
5 2 3
44 2 63
1 1 12
30 1 7
16 1 7
26 2 23
68 2 14
0 1 1
3 2 15
40 2 34
104 1 3
9 1 1
3 2 23
44 1 0
35 2 3
11 1 12
2 1 1
44 1 82
76 1 42
44 1 62
32 1 64
26 1 19
63 1 2
24 1 7
62 2 35
49 1 13
54 1 1
33 1 7
23 2 10
54 2 63
1 1 23
47 1 40
17 2 31
34 1 33
68 1 35
3 2 25
73 1 37
25 1 108
20 2 22
44 1 2
32 1 63
35 1 63
78 1 1
63 1 71
26 1 1
35 1 15
15 1 7
39 1 11
54 2 44
13 1 3
7 1 23
27 2 39
32 1 11
44 2 104
2 1 82
40 1 33
39 2 47
1 5 3
11 1 10
63 2 44
62 1 51
11 1 22
22 2 12
64 6 63
14 2 68
3 2 73
82 2 4
35 1 104
22 2 8
9 1 5
1 1 4
32 1 36
25 2 63
1 1 19
1 2 16
39 2 42
12 2 22
104 1 73
71 2 5
24 1 1
1 2 26
26 2 32
23 2 22
80 1 61
104 2 25
35 1 17
39 1 7
7 2 23
26 1 3
32 1 21
25 2 44
77 1 62
34 2 21
2 1 3
17 2 63
4 2 32
62 1 49
7 1 20
61 1 7
21 2 15
77 1 82
35 1 40
8 2 23
10 2 23
9 1 3
1 7 3
82 2 2
11 1 1
32 1 31
3 2 4
1 2 3
76 1 39
11 2 23
31 1 11
31 2 21
32 1 43
9 2 13
25 1 3
63 1 5
14 1 9
21 1 7
35 1 11
23 2 8
22 2 23
79 2 46
39 1 35
25 1 18
12 1 11
33 1 11
79 1 1
44 1 71
21 2 43
7 1 3
1 1 3
32 1 34
45 1 79
32 1 54
25 1 82
35 1 77
22 2 26
11 1 8
33 1 32
62 2 2
20 2 35
46 1 1
54 1 3
12 1 7
17 2 43
68 1 62
71 2 82
63 1 4
32 1 23
3 2 12
14 2 17
21 2 14
76 1 30
7 1 80
109 2 82
3 2 16
18 1 7
7 1 10
49 2 51
35 1 7
1 2 15
14 1 13
31 1 23
49 1 3
11 1 6
21 2 31
18 1 1
3 1 25
34 1 39
17 2 14
6 2 22
22 2 3
77 1 2
44 1 32
23 2 20
1 2 19
104 1 71
42 1 35
12 2 23
13 1 5
68 1 82
35 1 31
21 2 64
44 1 1
5 1 71
54 1 62
7 1 12
1 1 22
25 1 1
71 2 2
35 1 34
45 1 25
63 1 1
27 1 11
4 2 2
25 1 35
1 2 12
16 1 11
19 1 24
73 2 32
8 1 11
36 1 29
43 6 63
13 1 15
30 2 28
1 2 8
5 1 1
3 2 62
104 2 44
17 2 54
5 2 1
32 1 7
71 2 62
1 2 25
43 1 7
4 2 35
26 2 22
? 1 github_java_program_data/8/266.java

9 1 3
82 2 2
25 1 71
44 1 109
11 1 1
4 1 51
3 2 4
24 1 11
3 2 23
43 6 44
32 1 43
1 1 25
2 1 1
25 1 3
44 1 62
84 2 44
2 1 3
49 1 13
82 2 5
2 2 1
3 2 78
44 1 71
84 1 4
77 2 84
1 1 3
23 2 1
20 1 25
25 1 82
44 1 32
109 1 1
3 2 25
84 1 5
25 1 24
2 2 3
44 1 2
84 2 77
35 1 84
78 1 1
20 1 3
51 2 49
71 2 82
49 1 78
45 1 46
3 1 23
13 1 3
77 1 3
9 1 2
1 2 22
82 2 3
46 2 79
18 1 7
3 1 4
25 1 0
49 2 51
79 2 46
79 1 1
45 1 86
62 1 51
46 1 1
4 1 49
49 1 3
1 1 23
1 2 62
13 1 2
0 1 19
24 1 3
86 1 1
84 1 71
84 1 82
51 1 9
35 1 44
1 2 4
22 2 3
77 1 2
46 2 25
9 1 5
1 2 19
62 2 32
18 1 3
13 1 5
1 1 19
0 2 71
44 1 1
1 1 22
77 1 71
71 2 2
3 2 19
45 1 25
86 2 79
25 1 35
109 2 71
3 1 1
3 2 35
45 1 79
35 1 77
0 1 3
84 1 3
77 1 62
7 1 6
5 1 1
3 2 62
19 1 18
62 1 49
7 1 20
5 2 3
1 2 25
43 1 7
77 1 82
? 1 github_java_program_data/8/277.java

9 1 3
3 2 22
44 1 62
25 1 71
9 1 1
4 1 51
24 1 11
27 2 33
14 2 17
3 2 23
34 2 31
9 1 15
31 1 11
43 1 11
32 1 43
3 5 1
79 2 25
2 1 1
49 2 51
63 1 5
14 1 9
21 1 7
23 2 26
35 1 64
22 2 23
24 1 7
2 2 1
25 1 18
35 1 21
11 1 3
68 2 44
3 4 1
11 1 23
44 1 71
51 1 13
7 1 3
1 1 3
32 1 34
1 2 15
1 2 22
11 1 1
1 2 4
44 1 32
63 2 44
32 1 31
34 1 33
22 2 26
18 1 11
15 1 7
25 1 24
11 1 26
1 1 23
1 2 32
44 1 2
68 1 82
32 1 63
3 2 25
33 1 35
1 4 3
82 2 5
43 6 63
51 2 49
22 2 1
26 1 1
27 1 7
3 7 1
16 1 11
63 1 4
5 1 3
13 1 3
43 6 44
7 1 23
13 1 16
1 7 3
44 1 3
46 2 79
3 2 16
18 1 7
7 1 6
7 1 22
1 5 3
11 1 20
23 2 22
79 2 46
7 1 1
64 6 63
45 1 86
62 1 51
23 2 1
32 1 68
11 1 22
4 1 49
31 2 21
3 1 23
11 1 6
23 2 3
44 2 63
21 2 31
13 1 2
20 1 19
32 1 44
2 1 3
17 2 14
19 1 18
13 1 1
68 1 1
82 2 2
71 2 1
3 1 22
45 1 46
62 2 32
32 1 14
79 1 3
23 2 20
2 2 3
17 1 13
18 2 24
9 1 2
20 1 1
86 1 3
13 1 5
49 1 9
68 1 32
64 1 7
68 1 4
1 2 19
71 2 5
24 1 1
1 1 22
5 2 3
13 1 71
46 1 3
71 2 2
3 2 19
45 1 25
4 2 32
1 2 23
63 1 1
3 2 15
63 1 82
35 1 43
3 1 19
3 1 1
19 1 24
26 1 3
23 2 6
32 1 21
45 1 79
26 1 19
21 1 11
32 1 17
17 2 68
20 1 25
5 1 1
3 2 62
24 2 18
7 1 10
34 1 27
26 1 25
44 1 5
86 2 79
5 2 1
63 1 35
25 1 1
22 2 3
1 2 25
82 2 1
25 1 32
4 2 35
9 1 82
? 1 github_java_program_data/8/293.java

17 2 64
1 1 8
2 2 3
4 1 51
25 2 104
24 1 11
1 4 3
3 2 8
9 1 15
3 5 1
1 1 25
62 2 32
31 1 7
54 1 71
104 1 32
1 2 10
22 2 1
11 1 3
64 6 44
109 1 1
0 2 82
29 1 30
32 1 20
82 2 71
23 2 1
46 2 25
11 1 23
18 1 3
27 2 33
15 1 7
7 1 8
32 1 17
26 2 3
68 2 63
20 1 3
29 1 16
27 1 7
77 1 4
7 1 26
51 1 1
64 1 11
77 1 3
9 1 2
13 1 16
44 1 3
29 2 35
13 2 9
1 2 23
32 1 14
32 1 22
22 2 20
23 2 12
30 2 39
7 1 1
33 1 35
51 2 49
5 1 3
1 2 62
13 1 2
20 1 19
63 1 0
63 1 32
51 1 3
7 1 32
13 1 1
35 1 44
7 2 11
108 2 35
80 1 33
71 2 3
17 1 13
18 2 24
30 2 33
20 1 1
2 1 71
34 1 47
31 1 22
64 1 7
68 1 4
16 1 9
45 1 44
20 2 32
61 1 11
9 1 71
63 1 3
1 2 108
3 4 1
71 2 4
35 1 43
3 1 19
3 2 32
7 1 35
23 2 3
3 1 4
14 2 31
109 1 3
68 2 77
24 2 18
54 1 32
37 1 1
19 1 18
71 2 1
44 1 5
80 1 27
34 1 42
49 1 1
82 2 1
33 2 61
36 1 35
16 2 30
28 1 11
23 2 26
25 1 71
44 1 109
82 2 3
29 1 28
34 2 31
7 1 76
43 6 44
43 1 11
35 1 68
11 2 7
4 2 5
35 1 64
40 1 39
39 1 32
35 1 14
35 1 21
3 7 1
42 1 7
11 1 26
51 1 13
7 2 1
14 2 54
44 1 35
20 1 25
108 1 78
11 2 22
9 1 16
18 1 11
25 1 24
32 1 12
8 1 7
78 1 3
47 2 42
82 2 5
15 1 11
21 1 23
45 1 46
32 1 1
22 2 10
1 2 22
7 1 22
30 1 11
3 2 1
11 1 20
44 2 68
0 2 71
22 2 6
4 1 49
3 1 23
2 2 1
3 2 108
3 1 8
20 2 23
11 1 80
24 1 3
42 1 11
51 1 9
32 1 3
3 1 22
23 2 7
32 1 44
63 1 82
17 1 9
5 1 82
45 1 63
23 2 11
49 1 9
68 1 32
3 2 22
22 2 7
68 1 3
77 1 71
10 2 22
3 2 19
1 2 35
11 1 76
6 2 23
3 1 1
40 1 30
63 1 62
23 2 6
8 2 22
0 1 3
21 1 11
3 1 12
7 1 6
9 1 82
44 1 4
34 1 27
1 2 4
35 1 25
63 1 35
5 2 3
44 2 63
1 1 12
30 1 7
16 1 7
26 2 23
68 2 14
0 1 1
3 2 15
40 2 34
104 1 3
9 1 1
3 2 23
44 1 0
35 2 3
11 1 12
2 1 1
44 1 82
76 1 42
44 1 62
32 1 64
26 1 19
63 1 2
24 1 7
62 2 35
49 1 13
54 1 1
33 1 7
23 2 10
54 2 63
1 1 23
47 1 40
17 2 31
34 1 33
68 1 35
3 2 25
73 1 37
25 1 108
20 2 22
44 1 2
32 1 63
35 1 63
78 1 1
63 1 71
26 1 1
35 1 15
15 1 7
39 1 11
54 2 44
13 1 3
7 1 23
27 2 39
32 1 11
44 2 104
2 1 82
40 1 33
39 2 47
1 5 3
11 1 10
63 2 44
62 1 51
11 1 22
22 2 12
64 6 63
14 2 68
3 2 73
82 2 4
35 1 104
22 2 8
9 1 5
1 1 4
32 1 36
25 2 63
1 1 19
1 2 16
39 2 42
12 2 22
104 1 73
71 2 5
24 1 1
1 2 26
26 2 32
23 2 22
80 1 61
104 2 25
35 1 17
39 1 7
7 2 23
26 1 3
32 1 21
25 2 44
77 1 62
34 2 21
2 1 3
17 2 63
4 2 32
62 1 49
7 1 20
61 1 7
21 2 15
77 1 82
35 1 40
8 2 23
10 2 23
9 1 3
1 7 3
82 2 2
11 1 1
32 1 31
3 2 4
1 2 3
76 1 39
11 2 23
31 1 11
31 2 21
32 1 43
9 2 13
25 1 3
63 1 5
14 1 9
21 1 7
35 1 11
23 2 8
22 2 23
79 2 46
39 1 35
25 1 18
12 1 11
33 1 11
79 1 1
44 1 71
21 2 43
7 1 3
1 1 3
32 1 34
45 1 79
32 1 54
25 1 82
35 1 77
22 2 26
11 1 8
33 1 32
62 2 2
20 2 35
46 1 1
54 1 3
12 1 7
17 2 43
68 1 62
71 2 82
63 1 4
32 1 23
3 2 12
14 2 17
21 2 14
76 1 30
7 1 80
109 2 82
3 2 16
18 1 7
7 1 10
49 2 51
35 1 7
1 2 15
14 1 13
31 1 23
49 1 3
11 1 6
21 2 31
18 1 1
3 1 25
34 1 39
17 2 14
6 2 22
22 2 3
77 1 2
44 1 32
23 2 20
1 2 19
104 1 71
42 1 35
12 2 23
13 1 5
68 1 82
35 1 31
21 2 64
44 1 1
5 1 71
54 1 62
7 1 12
1 1 22
25 1 1
71 2 2
35 1 34
45 1 25
63 1 1
27 1 11
4 2 2
25 1 35
1 2 12
16 1 11
19 1 24
73 2 32
8 1 11
36 1 29
43 6 63
13 1 15
30 2 28
1 2 8
5 1 1
3 2 62
104 2 44
17 2 54
5 2 1
32 1 7
71 2 62
1 2 25
43 1 7
4 2 35
26 2 22
? 1 github_java_program_data/8/296.java

14 1 3
9 1 3
71 2 5
79 1 1
9 1 1
62 1 51
3 2 4
46 1 1
4 1 49
77 1 82
52 1 24
71 2 2
1 2 62
13 1 2
14 1 32
62 1 49
86 1 1
2 1 1
62 2 82
84 1 71
4 2 52
84 1 82
51 1 9
45 1 86
2 1 3
1 2 4
22 2 3
77 1 2
2 2 1
49 1 13
71 2 3
9 1 5
11 1 3
7 1 1
13 1 5
1 2 22
84 1 4
77 2 84
82 1 18
1 1 3
82 2 71
23 2 1
1 1 23
1 1 22
77 1 71
32 1 77
4 1 51
18 1 7
79 2 46
13 1 1
84 1 5
5 2 1
14 1 71
86 2 79
2 2 3
79 2 14
51 2 49
45 1 14
84 2 77
24 1 11
45 1 79
77 1 82
77 1 1
3 2 62
77 1 62
84 1 52
3 2 32
5 1 1
45 1 46
5 1 3
13 1 3
77 1 3
32 1 84
9 1 2
77 1 5
49 1 1
5 2 3
84 1 2
3 2 23
46 2 79
3 1 4
84 1 1
? 1 github_java_program_data/8/316.java

20 2 22
29 1 15
1 1 8
38 1 15
9 1 1
4 1 51
7 1 6
24 1 11
19 1 24
63 2 44
14 2 17
3 2 23
1 4 3
40 2 21
9 1 15
21 2 36
45 1 46
3 5 1
79 2 25
1 1 25
71 2 3
2 1 1
39 2 61
31 1 7
82 2 2
32 1 64
29 2 32
65 1 30
63 1 2
14 2 34
24 1 7
62 2 35
49 1 13
35 1 63
22 2 1
11 1 3
68 2 44
49 2 51
29 1 30
20 2 23
31 1 11
1 1 23
47 1 40
17 2 31
35 1 65
11 1 23
34 1 33
18 1 3
3 2 25
15 1 7
3 1 12
44 1 82
23 2 20
44 1 2
38 2 35
35 1 31
13 1 63
40 1 27
20 1 3
63 1 71
26 1 1
27 1 7
7 1 26
40 1 61
22 2 10
86 2 79
13 1 3
9 1 2
13 1 16
44 1 3
26 2 22
79 2 46
41 1 38
32 1 14
40 1 33
39 2 47
22 2 20
1 5 3
43 6 44
30 2 39
11 1 10
7 1 1
45 1 86
62 1 51
33 1 35
36 1 32
31 2 21
31 2 43
1 2 62
35 1 68
13 1 2
20 1 19
14 2 68
86 1 1
42 1 35
64 1 11
13 1 1
63 1 35
35 1 44
42 1 32
26 1 25
62 2 32
3 2 8
3 2 22
9 1 5
17 1 13
18 2 24
7 1 23
20 1 1
34 1 47
21 2 14
1 1 19
64 1 7
46 1 1
68 1 4
3 2 19
71 2 5
24 1 1
17 2 21
63 1 3
23 2 22
3 4 1
63 1 5
14 2 31
1 2 63
46 2 79
23 2 3
27 2 39
26 1 3
32 1 21
63 1 7
52 1 40
3 2 35
21 1 7
24 2 18
17 2 34
1 2 23
19 1 18
62 1 49
7 1 20
35 1 43
34 1 42
1 2 16
22 2 23
9 1 82
16 1 7
10 2 23
28 1 11
9 1 3
44 1 62
25 1 71
32 1 40
11 1 1
32 1 31
3 2 4
29 1 28
27 2 33
35 1 14
34 2 64
15 1 11
43 1 11
32 1 43
12 1 11
25 1 3
35 1 17
14 1 9
2 1 3
23 2 26
35 1 64
40 1 39
2 2 1
39 1 35
39 1 32
25 1 18
23 2 6
35 1 21
3 7 1
33 2 42
79 1 1
11 1 26
51 1 13
15 2 30
7 1 3
1 1 3
32 1 34
44 1 35
1 2 15
20 1 25
15 1 13
22 2 26
9 1 16
18 1 11
22 2 6
25 1 24
34 1 39
33 1 32
23 2 10
8 1 7
11 1 22
82 2 5
14 1 13
12 1 7
35 1 36
33 2 52
34 1 52
13 1 15
16 1 11
63 1 4
5 1 3
41 1 35
1 2 22
1 7 3
14 2 65
34 1 30
3 2 16
18 1 7
7 1 10
7 1 22
30 1 11
11 1 20
3 2 12
23 2 1
4 1 49
61 1 35
3 1 23
11 1 6
44 2 63
21 2 31
3 1 8
24 1 3
64 6 63
3 1 25
31 2 64
1 2 8
17 2 14
51 1 9
3 1 22
22 2 3
65 1 32
44 1 5
3 2 15
63 1 32
2 2 3
26 1 19
1 2 19
34 2 43
17 1 9
13 1 5
49 1 9
68 1 32
21 2 64
44 1 1
1 1 22
30 2 32
71 2 2
35 1 34
45 1 25
4 2 32
63 1 1
32 1 41
27 1 11
6 2 23
25 1 35
1 2 25
1 2 12
3 1 1
40 1 30
30 2 33
44 1 32
64 6 44
45 1 79
8 1 11
4 2 35
21 1 11
32 1 17
26 2 23
13 1 71
5 1 1
3 2 62
34 1 27
1 2 4
5 2 1
5 2 3
68 1 3
1 1 12
30 1 7
43 1 7
36 1 29
30 2 28
68 1 71
? 1 github_java_program_data/8/32.java

17 2 64
1 1 8
2 2 3
4 1 51
25 2 104
24 1 11
1 4 3
3 2 8
9 1 15
3 5 1
1 1 25
62 2 32
31 1 7
54 1 71
104 1 32
1 2 10
22 2 1
11 1 3
64 6 44
109 1 1
0 2 82
29 1 30
32 1 20
82 2 71
23 2 1
46 2 25
11 1 23
18 1 3
27 2 33
15 1 7
7 1 8
32 1 17
26 2 3
68 2 63
20 1 3
29 1 16
27 1 7
77 1 4
7 1 26
51 1 1
64 1 11
77 1 3
9 1 2
13 1 16
44 1 3
29 2 35
13 2 9
1 2 23
32 1 14
32 1 22
22 2 20
23 2 12
30 2 39
7 1 1
33 1 35
51 2 49
5 1 3
1 2 62
13 1 2
20 1 19
63 1 0
63 1 32
51 1 3
7 1 32
13 1 1
35 1 44
7 2 11
108 2 35
80 1 33
71 2 3
17 1 13
18 2 24
30 2 33
20 1 1
2 1 71
34 1 47
31 1 22
64 1 7
68 1 4
16 1 9
45 1 44
20 2 32
61 1 11
9 1 71
63 1 3
1 2 108
3 4 1
71 2 4
35 1 43
3 1 19
3 2 32
7 1 35
23 2 3
3 1 4
14 2 31
109 1 3
68 2 77
24 2 18
54 1 32
37 1 1
19 1 18
71 2 1
44 1 5
80 1 27
34 1 42
49 1 1
82 2 1
33 2 61
36 1 35
16 2 30
28 1 11
23 2 26
25 1 71
44 1 109
82 2 3
29 1 28
34 2 31
7 1 76
43 6 44
43 1 11
35 1 68
11 2 7
4 2 5
35 1 64
40 1 39
39 1 32
35 1 14
35 1 21
3 7 1
42 1 7
11 1 26
51 1 13
7 2 1
14 2 54
44 1 35
20 1 25
108 1 78
11 2 22
9 1 16
18 1 11
25 1 24
32 1 12
8 1 7
78 1 3
47 2 42
82 2 5
15 1 11
21 1 23
45 1 46
32 1 1
22 2 10
1 2 22
7 1 22
30 1 11
3 2 1
11 1 20
44 2 68
0 2 71
22 2 6
4 1 49
3 1 23
2 2 1
3 2 108
3 1 8
20 2 23
11 1 80
24 1 3
42 1 11
51 1 9
32 1 3
3 1 22
23 2 7
32 1 44
63 1 82
17 1 9
5 1 82
45 1 63
23 2 11
49 1 9
68 1 32
3 2 22
22 2 7
68 1 3
77 1 71
10 2 22
3 2 19
1 2 35
11 1 76
6 2 23
3 1 1
40 1 30
63 1 62
23 2 6
8 2 22
0 1 3
21 1 11
3 1 12
7 1 6
9 1 82
44 1 4
34 1 27
1 2 4
35 1 25
63 1 35
5 2 3
44 2 63
1 1 12
30 1 7
16 1 7
26 2 23
68 2 14
0 1 1
3 2 15
40 2 34
104 1 3
9 1 1
3 2 23
44 1 0
35 2 3
11 1 12
2 1 1
44 1 82
76 1 42
44 1 62
32 1 64
26 1 19
63 1 2
24 1 7
62 2 35
49 1 13
54 1 1
33 1 7
23 2 10
54 2 63
1 1 23
47 1 40
17 2 31
34 1 33
68 1 35
3 2 25
73 1 37
25 1 108
20 2 22
44 1 2
32 1 63
35 1 63
78 1 1
63 1 71
26 1 1
35 1 15
15 1 7
39 1 11
54 2 44
13 1 3
7 1 23
27 2 39
32 1 11
44 2 104
2 1 82
40 1 33
39 2 47
1 5 3
11 1 10
63 2 44
62 1 51
11 1 22
22 2 12
64 6 63
14 2 68
3 2 73
82 2 4
35 1 104
22 2 8
9 1 5
1 1 4
32 1 36
25 2 63
1 1 19
1 2 16
39 2 42
12 2 22
104 1 73
71 2 5
24 1 1
1 2 26
26 2 32
23 2 22
80 1 61
104 2 25
35 1 17
39 1 7
7 2 23
26 1 3
32 1 21
25 2 44
77 1 62
34 2 21
2 1 3
17 2 63
4 2 32
62 1 49
7 1 20
61 1 7
21 2 15
77 1 82
35 1 40
8 2 23
10 2 23
9 1 3
1 7 3
82 2 2
11 1 1
32 1 31
3 2 4
1 2 3
76 1 39
11 2 23
31 1 11
31 2 21
32 1 43
9 2 13
25 1 3
63 1 5
14 1 9
21 1 7
35 1 11
23 2 8
22 2 23
79 2 46
39 1 35
25 1 18
12 1 11
33 1 11
79 1 1
44 1 71
21 2 43
7 1 3
1 1 3
32 1 34
45 1 79
32 1 54
25 1 82
35 1 77
22 2 26
11 1 8
33 1 32
62 2 2
20 2 35
46 1 1
54 1 3
12 1 7
17 2 43
68 1 62
71 2 82
63 1 4
32 1 23
3 2 12
14 2 17
21 2 14
76 1 30
7 1 80
109 2 82
3 2 16
18 1 7
7 1 10
49 2 51
35 1 7
1 2 15
14 1 13
31 1 23
49 1 3
11 1 6
21 2 31
18 1 1
3 1 25
34 1 39
17 2 14
6 2 22
22 2 3
77 1 2
44 1 32
23 2 20
1 2 19
104 1 71
42 1 35
12 2 23
13 1 5
68 1 82
35 1 31
21 2 64
44 1 1
5 1 71
54 1 62
7 1 12
1 1 22
25 1 1
71 2 2
35 1 34
45 1 25
63 1 1
27 1 11
4 2 2
25 1 35
1 2 12
16 1 11
19 1 24
73 2 32
8 1 11
36 1 29
43 6 63
13 1 15
30 2 28
1 2 8
5 1 1
3 2 62
104 2 44
17 2 54
5 2 1
32 1 7
71 2 62
1 2 25
43 1 7
4 2 35
26 2 22
? 1 github_java_program_data/8/326.java

9 1 3
82 2 2
25 1 71
44 1 109
11 1 1
4 1 51
3 2 4
24 1 11
3 2 23
43 6 44
32 1 43
1 1 25
2 1 1
25 1 3
44 1 62
84 2 44
2 1 3
49 1 13
82 2 5
2 2 1
3 2 78
44 1 71
84 1 4
77 2 84
1 1 3
23 2 1
20 1 25
25 1 82
44 1 32
109 1 1
3 2 25
84 1 5
25 1 24
2 2 3
44 1 2
84 2 77
35 1 84
78 1 1
20 1 3
51 2 49
71 2 82
49 1 78
45 1 46
3 1 23
13 1 3
77 1 3
9 1 2
1 2 22
82 2 3
46 2 79
18 1 7
3 1 4
25 1 0
49 2 51
79 2 46
79 1 1
45 1 86
62 1 51
46 1 1
4 1 49
49 1 3
1 1 23
1 2 62
13 1 2
0 1 19
24 1 3
86 1 1
84 1 71
84 1 82
51 1 9
35 1 44
1 2 4
22 2 3
77 1 2
46 2 25
9 1 5
1 2 19
62 2 32
18 1 3
13 1 5
1 1 19
0 2 71
44 1 1
1 1 22
77 1 71
71 2 2
3 2 19
45 1 25
86 2 79
25 1 35
109 2 71
3 1 1
3 2 35
45 1 79
35 1 77
0 1 3
84 1 3
77 1 62
7 1 6
5 1 1
3 2 62
19 1 18
62 1 49
7 1 20
5 2 3
1 2 25
43 1 7
77 1 82
? 1 github_java_program_data/8/337.java

14 1 3
9 1 3
71 2 5
79 1 1
9 1 1
62 1 51
3 2 4
46 1 1
4 1 49
77 1 82
52 1 24
71 2 2
1 2 62
13 1 2
14 1 32
62 1 49
86 1 1
2 1 1
62 2 82
84 1 71
4 2 52
84 1 82
51 1 9
45 1 86
2 1 3
1 2 4
22 2 3
77 1 2
2 2 1
49 1 13
71 2 3
9 1 5
11 1 3
7 1 1
13 1 5
1 2 22
84 1 4
77 2 84
82 1 18
1 1 3
82 2 71
23 2 1
1 1 23
1 1 22
77 1 71
32 1 77
4 1 51
18 1 7
79 2 46
13 1 1
84 1 5
5 2 1
14 1 71
86 2 79
2 2 3
79 2 14
51 2 49
45 1 14
84 2 77
24 1 11
45 1 79
77 1 82
77 1 1
3 2 62
77 1 62
84 1 52
3 2 32
5 1 1
45 1 46
5 1 3
13 1 3
77 1 3
32 1 84
9 1 2
77 1 5
49 1 1
5 2 3
84 1 2
3 2 23
46 2 79
3 1 4
84 1 1
? 1 github_java_program_data/8/346.java

9 1 3
3 2 22
44 1 62
25 1 71
9 1 1
4 1 51
24 1 11
27 2 33
14 2 17
3 2 23
34 2 31
9 1 15
31 1 11
43 1 11
32 1 43
3 5 1
79 2 25
2 1 1
49 2 51
63 1 5
14 1 9
21 1 7
23 2 26
35 1 64
22 2 23
24 1 7
2 2 1
25 1 18
35 1 21
11 1 3
68 2 44
3 4 1
11 1 23
44 1 71
51 1 13
7 1 3
1 1 3
32 1 34
1 2 15
1 2 22
11 1 1
1 2 4
44 1 32
63 2 44
32 1 31
34 1 33
22 2 26
18 1 11
15 1 7
25 1 24
11 1 26
1 1 23
1 2 32
44 1 2
68 1 82
32 1 63
3 2 25
33 1 35
1 4 3
82 2 5
43 6 63
51 2 49
22 2 1
26 1 1
27 1 7
3 7 1
16 1 11
63 1 4
5 1 3
13 1 3
43 6 44
7 1 23
13 1 16
1 7 3
44 1 3
46 2 79
3 2 16
18 1 7
7 1 6
7 1 22
1 5 3
11 1 20
23 2 22
79 2 46
7 1 1
64 6 63
45 1 86
62 1 51
23 2 1
32 1 68
11 1 22
4 1 49
31 2 21
3 1 23
11 1 6
23 2 3
44 2 63
21 2 31
13 1 2
20 1 19
32 1 44
2 1 3
17 2 14
19 1 18
13 1 1
68 1 1
82 2 2
71 2 1
3 1 22
45 1 46
62 2 32
32 1 14
79 1 3
23 2 20
2 2 3
17 1 13
18 2 24
9 1 2
20 1 1
86 1 3
13 1 5
49 1 9
68 1 32
64 1 7
68 1 4
1 2 19
71 2 5
24 1 1
1 1 22
5 2 3
13 1 71
46 1 3
71 2 2
3 2 19
45 1 25
4 2 32
1 2 23
63 1 1
3 2 15
63 1 82
35 1 43
3 1 19
3 1 1
19 1 24
26 1 3
23 2 6
32 1 21
45 1 79
26 1 19
21 1 11
32 1 17
17 2 68
20 1 25
5 1 1
3 2 62
24 2 18
7 1 10
34 1 27
26 1 25
44 1 5
86 2 79
5 2 1
63 1 35
25 1 1
22 2 3
1 2 25
82 2 1
25 1 32
4 2 35
9 1 82
? 1 github_java_program_data/8/353.java

9 1 3
82 2 2
25 1 71
44 1 109
11 1 1
4 1 51
3 2 4
24 1 11
3 2 23
43 6 44
32 1 43
1 1 25
2 1 1
25 1 3
44 1 62
84 2 44
2 1 3
49 1 13
82 2 5
2 2 1
3 2 78
44 1 71
84 1 4
77 2 84
1 1 3
23 2 1
20 1 25
25 1 82
44 1 32
109 1 1
3 2 25
84 1 5
25 1 24
2 2 3
44 1 2
84 2 77
35 1 84
78 1 1
20 1 3
51 2 49
71 2 82
49 1 78
45 1 46
3 1 23
13 1 3
77 1 3
9 1 2
1 2 22
82 2 3
46 2 79
18 1 7
3 1 4
25 1 0
49 2 51
79 2 46
79 1 1
45 1 86
62 1 51
46 1 1
4 1 49
49 1 3
1 1 23
1 2 62
13 1 2
0 1 19
24 1 3
86 1 1
84 1 71
84 1 82
51 1 9
35 1 44
1 2 4
22 2 3
77 1 2
46 2 25
9 1 5
1 2 19
62 2 32
18 1 3
13 1 5
1 1 19
0 2 71
44 1 1
1 1 22
77 1 71
71 2 2
3 2 19
45 1 25
86 2 79
25 1 35
109 2 71
3 1 1
3 2 35
45 1 79
35 1 77
0 1 3
84 1 3
77 1 62
7 1 6
5 1 1
3 2 62
19 1 18
62 1 49
7 1 20
5 2 3
1 2 25
43 1 7
77 1 82
? 1 github_java_program_data/8/367.java

9 1 3
82 2 2
25 1 71
44 1 109
11 1 1
4 1 51
3 2 4
24 1 11
3 2 23
43 6 44
32 1 43
1 1 25
2 1 1
25 1 3
44 1 62
84 2 44
2 1 3
49 1 13
82 2 5
2 2 1
3 2 78
44 1 71
84 1 4
77 2 84
1 1 3
23 2 1
20 1 25
25 1 82
44 1 32
109 1 1
3 2 25
84 1 5
25 1 24
2 2 3
44 1 2
84 2 77
35 1 84
78 1 1
20 1 3
51 2 49
71 2 82
49 1 78
45 1 46
3 1 23
13 1 3
77 1 3
9 1 2
1 2 22
82 2 3
46 2 79
18 1 7
3 1 4
25 1 0
49 2 51
79 2 46
79 1 1
45 1 86
62 1 51
46 1 1
4 1 49
49 1 3
1 1 23
1 2 62
13 1 2
0 1 19
24 1 3
86 1 1
84 1 71
84 1 82
51 1 9
35 1 44
1 2 4
22 2 3
77 1 2
46 2 25
9 1 5
1 2 19
62 2 32
18 1 3
13 1 5
1 1 19
0 2 71
44 1 1
1 1 22
77 1 71
71 2 2
3 2 19
45 1 25
86 2 79
25 1 35
109 2 71
3 1 1
3 2 35
45 1 79
35 1 77
0 1 3
84 1 3
77 1 62
7 1 6
5 1 1
3 2 62
19 1 18
62 1 49
7 1 20
5 2 3
1 2 25
43 1 7
77 1 82
? 1 github_java_program_data/8/37.java

9 1 3
3 2 22
44 1 62
25 1 71
9 1 1
4 1 51
24 1 11
27 2 33
14 2 17
3 2 23
34 2 31
9 1 15
31 1 11
43 1 11
32 1 43
3 5 1
79 2 25
2 1 1
49 2 51
63 1 5
14 1 9
21 1 7
23 2 26
35 1 64
22 2 23
24 1 7
2 2 1
25 1 18
35 1 21
11 1 3
68 2 44
3 4 1
11 1 23
44 1 71
51 1 13
7 1 3
1 1 3
32 1 34
1 2 15
1 2 22
11 1 1
1 2 4
44 1 32
63 2 44
32 1 31
34 1 33
22 2 26
18 1 11
15 1 7
25 1 24
11 1 26
1 1 23
1 2 32
44 1 2
68 1 82
32 1 63
3 2 25
33 1 35
1 4 3
82 2 5
43 6 63
51 2 49
22 2 1
26 1 1
27 1 7
3 7 1
16 1 11
63 1 4
5 1 3
13 1 3
43 6 44
7 1 23
13 1 16
1 7 3
44 1 3
46 2 79
3 2 16
18 1 7
7 1 6
7 1 22
1 5 3
11 1 20
23 2 22
79 2 46
7 1 1
64 6 63
45 1 86
62 1 51
23 2 1
32 1 68
11 1 22
4 1 49
31 2 21
3 1 23
11 1 6
23 2 3
44 2 63
21 2 31
13 1 2
20 1 19
32 1 44
2 1 3
17 2 14
19 1 18
13 1 1
68 1 1
82 2 2
71 2 1
3 1 22
45 1 46
62 2 32
32 1 14
79 1 3
23 2 20
2 2 3
17 1 13
18 2 24
9 1 2
20 1 1
86 1 3
13 1 5
49 1 9
68 1 32
64 1 7
68 1 4
1 2 19
71 2 5
24 1 1
1 1 22
5 2 3
13 1 71
46 1 3
71 2 2
3 2 19
45 1 25
4 2 32
1 2 23
63 1 1
3 2 15
63 1 82
35 1 43
3 1 19
3 1 1
19 1 24
26 1 3
23 2 6
32 1 21
45 1 79
26 1 19
21 1 11
32 1 17
17 2 68
20 1 25
5 1 1
3 2 62
24 2 18
7 1 10
34 1 27
26 1 25
44 1 5
86 2 79
5 2 1
63 1 35
25 1 1
22 2 3
1 2 25
82 2 1
25 1 32
4 2 35
9 1 82
? 1 github_java_program_data/8/383.java

17 2 64
1 1 8
2 2 3
4 1 51
25 2 104
24 1 11
1 4 3
3 2 8
9 1 15
3 5 1
1 1 25
62 2 32
31 1 7
54 1 71
104 1 32
1 2 10
22 2 1
11 1 3
64 6 44
109 1 1
0 2 82
29 1 30
32 1 20
82 2 71
23 2 1
46 2 25
11 1 23
18 1 3
27 2 33
15 1 7
7 1 8
32 1 17
26 2 3
68 2 63
20 1 3
29 1 16
27 1 7
77 1 4
7 1 26
51 1 1
64 1 11
77 1 3
9 1 2
13 1 16
44 1 3
29 2 35
13 2 9
1 2 23
32 1 14
32 1 22
22 2 20
23 2 12
30 2 39
7 1 1
33 1 35
51 2 49
5 1 3
1 2 62
13 1 2
20 1 19
63 1 0
63 1 32
51 1 3
7 1 32
13 1 1
35 1 44
7 2 11
108 2 35
80 1 33
71 2 3
17 1 13
18 2 24
30 2 33
20 1 1
2 1 71
34 1 47
31 1 22
64 1 7
68 1 4
16 1 9
45 1 44
20 2 32
61 1 11
9 1 71
63 1 3
1 2 108
3 4 1
71 2 4
35 1 43
3 1 19
3 2 32
7 1 35
23 2 3
3 1 4
14 2 31
109 1 3
68 2 77
24 2 18
54 1 32
37 1 1
19 1 18
71 2 1
44 1 5
80 1 27
34 1 42
49 1 1
82 2 1
33 2 61
36 1 35
16 2 30
28 1 11
23 2 26
25 1 71
44 1 109
82 2 3
29 1 28
34 2 31
7 1 76
43 6 44
43 1 11
35 1 68
11 2 7
4 2 5
35 1 64
40 1 39
39 1 32
35 1 14
35 1 21
3 7 1
42 1 7
11 1 26
51 1 13
7 2 1
14 2 54
44 1 35
20 1 25
108 1 78
11 2 22
9 1 16
18 1 11
25 1 24
32 1 12
8 1 7
78 1 3
47 2 42
82 2 5
15 1 11
21 1 23
45 1 46
32 1 1
22 2 10
1 2 22
7 1 22
30 1 11
3 2 1
11 1 20
44 2 68
0 2 71
22 2 6
4 1 49
3 1 23
2 2 1
3 2 108
3 1 8
20 2 23
11 1 80
24 1 3
42 1 11
51 1 9
32 1 3
3 1 22
23 2 7
32 1 44
63 1 82
17 1 9
5 1 82
45 1 63
23 2 11
49 1 9
68 1 32
3 2 22
22 2 7
68 1 3
77 1 71
10 2 22
3 2 19
1 2 35
11 1 76
6 2 23
3 1 1
40 1 30
63 1 62
23 2 6
8 2 22
0 1 3
21 1 11
3 1 12
7 1 6
9 1 82
44 1 4
34 1 27
1 2 4
35 1 25
63 1 35
5 2 3
44 2 63
1 1 12
30 1 7
16 1 7
26 2 23
68 2 14
0 1 1
3 2 15
40 2 34
104 1 3
9 1 1
3 2 23
44 1 0
35 2 3
11 1 12
2 1 1
44 1 82
76 1 42
44 1 62
32 1 64
26 1 19
63 1 2
24 1 7
62 2 35
49 1 13
54 1 1
33 1 7
23 2 10
54 2 63
1 1 23
47 1 40
17 2 31
34 1 33
68 1 35
3 2 25
73 1 37
25 1 108
20 2 22
44 1 2
32 1 63
35 1 63
78 1 1
63 1 71
26 1 1
35 1 15
15 1 7
39 1 11
54 2 44
13 1 3
7 1 23
27 2 39
32 1 11
44 2 104
2 1 82
40 1 33
39 2 47
1 5 3
11 1 10
63 2 44
62 1 51
11 1 22
22 2 12
64 6 63
14 2 68
3 2 73
82 2 4
35 1 104
22 2 8
9 1 5
1 1 4
32 1 36
25 2 63
1 1 19
1 2 16
39 2 42
12 2 22
104 1 73
71 2 5
24 1 1
1 2 26
26 2 32
23 2 22
80 1 61
104 2 25
35 1 17
39 1 7
7 2 23
26 1 3
32 1 21
25 2 44
77 1 62
34 2 21
2 1 3
17 2 63
4 2 32
62 1 49
7 1 20
61 1 7
21 2 15
77 1 82
35 1 40
8 2 23
10 2 23
9 1 3
1 7 3
82 2 2
11 1 1
32 1 31
3 2 4
1 2 3
76 1 39
11 2 23
31 1 11
31 2 21
32 1 43
9 2 13
25 1 3
63 1 5
14 1 9
21 1 7
35 1 11
23 2 8
22 2 23
79 2 46
39 1 35
25 1 18
12 1 11
33 1 11
79 1 1
44 1 71
21 2 43
7 1 3
1 1 3
32 1 34
45 1 79
32 1 54
25 1 82
35 1 77
22 2 26
11 1 8
33 1 32
62 2 2
20 2 35
46 1 1
54 1 3
12 1 7
17 2 43
68 1 62
71 2 82
63 1 4
32 1 23
3 2 12
14 2 17
21 2 14
76 1 30
7 1 80
109 2 82
3 2 16
18 1 7
7 1 10
49 2 51
35 1 7
1 2 15
14 1 13
31 1 23
49 1 3
11 1 6
21 2 31
18 1 1
3 1 25
34 1 39
17 2 14
6 2 22
22 2 3
77 1 2
44 1 32
23 2 20
1 2 19
104 1 71
42 1 35
12 2 23
13 1 5
68 1 82
35 1 31
21 2 64
44 1 1
5 1 71
54 1 62
7 1 12
1 1 22
25 1 1
71 2 2
35 1 34
45 1 25
63 1 1
27 1 11
4 2 2
25 1 35
1 2 12
16 1 11
19 1 24
73 2 32
8 1 11
36 1 29
43 6 63
13 1 15
30 2 28
1 2 8
5 1 1
3 2 62
104 2 44
17 2 54
5 2 1
32 1 7
71 2 62
1 2 25
43 1 7
4 2 35
26 2 22
? 1 github_java_program_data/8/386.java

14 1 3
9 1 3
71 2 5
79 1 1
9 1 1
62 1 51
3 2 4
46 1 1
4 1 49
77 1 82
52 1 24
71 2 2
1 2 62
13 1 2
14 1 32
62 1 49
86 1 1
2 1 1
62 2 82
84 1 71
4 2 52
84 1 82
51 1 9
45 1 86
2 1 3
1 2 4
22 2 3
77 1 2
2 2 1
49 1 13
71 2 3
9 1 5
11 1 3
7 1 1
13 1 5
1 2 22
84 1 4
77 2 84
82 1 18
1 1 3
82 2 71
23 2 1
1 1 23
1 1 22
77 1 71
32 1 77
4 1 51
18 1 7
79 2 46
13 1 1
84 1 5
5 2 1
14 1 71
86 2 79
2 2 3
79 2 14
51 2 49
45 1 14
84 2 77
24 1 11
45 1 79
77 1 82
77 1 1
3 2 62
77 1 62
84 1 52
3 2 32
5 1 1
45 1 46
5 1 3
13 1 3
77 1 3
32 1 84
9 1 2
77 1 5
49 1 1
5 2 3
84 1 2
3 2 23
46 2 79
3 1 4
84 1 1
? 1 github_java_program_data/8/406.java

9 1 3
3 2 22
44 1 62
25 1 71
9 1 1
4 1 51
24 1 11
27 2 33
14 2 17
3 2 23
34 2 31
9 1 15
31 1 11
43 1 11
32 1 43
3 5 1
79 2 25
2 1 1
49 2 51
63 1 5
14 1 9
21 1 7
23 2 26
35 1 64
22 2 23
24 1 7
2 2 1
25 1 18
35 1 21
11 1 3
68 2 44
3 4 1
11 1 23
44 1 71
51 1 13
7 1 3
1 1 3
32 1 34
1 2 15
1 2 22
11 1 1
1 2 4
44 1 32
63 2 44
32 1 31
34 1 33
22 2 26
18 1 11
15 1 7
25 1 24
11 1 26
1 1 23
1 2 32
44 1 2
68 1 82
32 1 63
3 2 25
33 1 35
1 4 3
82 2 5
43 6 63
51 2 49
22 2 1
26 1 1
27 1 7
3 7 1
16 1 11
63 1 4
5 1 3
13 1 3
43 6 44
7 1 23
13 1 16
1 7 3
44 1 3
46 2 79
3 2 16
18 1 7
7 1 6
7 1 22
1 5 3
11 1 20
23 2 22
79 2 46
7 1 1
64 6 63
45 1 86
62 1 51
23 2 1
32 1 68
11 1 22
4 1 49
31 2 21
3 1 23
11 1 6
23 2 3
44 2 63
21 2 31
13 1 2
20 1 19
32 1 44
2 1 3
17 2 14
19 1 18
13 1 1
68 1 1
82 2 2
71 2 1
3 1 22
45 1 46
62 2 32
32 1 14
79 1 3
23 2 20
2 2 3
17 1 13
18 2 24
9 1 2
20 1 1
86 1 3
13 1 5
49 1 9
68 1 32
64 1 7
68 1 4
1 2 19
71 2 5
24 1 1
1 1 22
5 2 3
13 1 71
46 1 3
71 2 2
3 2 19
45 1 25
4 2 32
1 2 23
63 1 1
3 2 15
63 1 82
35 1 43
3 1 19
3 1 1
19 1 24
26 1 3
23 2 6
32 1 21
45 1 79
26 1 19
21 1 11
32 1 17
17 2 68
20 1 25
5 1 1
3 2 62
24 2 18
7 1 10
34 1 27
26 1 25
44 1 5
86 2 79
5 2 1
63 1 35
25 1 1
22 2 3
1 2 25
82 2 1
25 1 32
4 2 35
9 1 82
? 1 github_java_program_data/8/413.java

9 1 3
82 2 2
25 1 71
44 1 109
11 1 1
4 1 51
3 2 4
24 1 11
3 2 23
43 6 44
32 1 43
1 1 25
2 1 1
25 1 3
44 1 62
84 2 44
2 1 3
49 1 13
82 2 5
2 2 1
3 2 78
44 1 71
84 1 4
77 2 84
1 1 3
23 2 1
20 1 25
25 1 82
44 1 32
109 1 1
3 2 25
84 1 5
25 1 24
2 2 3
44 1 2
84 2 77
35 1 84
78 1 1
20 1 3
51 2 49
71 2 82
49 1 78
45 1 46
3 1 23
13 1 3
77 1 3
9 1 2
1 2 22
82 2 3
46 2 79
18 1 7
3 1 4
25 1 0
49 2 51
79 2 46
79 1 1
45 1 86
62 1 51
46 1 1
4 1 49
49 1 3
1 1 23
1 2 62
13 1 2
0 1 19
24 1 3
86 1 1
84 1 71
84 1 82
51 1 9
35 1 44
1 2 4
22 2 3
77 1 2
46 2 25
9 1 5
1 2 19
62 2 32
18 1 3
13 1 5
1 1 19
0 2 71
44 1 1
1 1 22
77 1 71
71 2 2
3 2 19
45 1 25
86 2 79
25 1 35
109 2 71
3 1 1
3 2 35
45 1 79
35 1 77
0 1 3
84 1 3
77 1 62
7 1 6
5 1 1
3 2 62
19 1 18
62 1 49
7 1 20
5 2 3
1 2 25
43 1 7
77 1 82
? 1 github_java_program_data/8/427.java

1 1 8
9 1 1
11 1 23
24 1 11
3 2 23
1 4 3
9 1 15
3 2 15
3 5 1
2 1 1
29 2 35
43 1 7
31 1 7
23 2 1
32 1 64
14 2 34
22 2 1
11 1 3
1 2 32
23 2 10
20 2 23
20 1 1
16 2 27
2 2 1
17 2 31
36 2 64
35 1 65
4 1 51
34 1 33
20 1 3
15 1 7
3 1 12
32 1 63
34 2 17
44 1 82
29 1 16
26 1 1
7 1 26
44 1 1
9 1 2
13 1 16
44 1 3
11 1 6
1 2 23
32 1 14
14 2 65
22 2 20
1 5 3
11 1 10
7 1 1
45 1 86
11 1 22
1 2 62
13 1 2
20 1 19
23 2 20
13 1 1
26 1 25
62 2 32
35 1 21
27 2 32
9 1 5
17 1 13
22 2 10
32 1 36
86 1 3
64 1 7
16 1 9
71 2 5
1 2 16
23 2 22
3 4 1
35 1 17
23 2 3
63 1 1
26 1 3
32 1 21
2 1 3
19 1 18
62 1 49
7 1 20
30 1 11
9 1 82
16 1 7
10 2 23
9 1 3
82 2 2
25 1 71
11 1 1
32 1 31
3 2 4
29 1 28
31 1 11
32 1 43
21 2 17
63 1 5
14 1 9
21 1 7
23 2 26
35 1 14
12 1 11
3 7 1
63 2 44
11 1 26
51 1 13
7 1 3
1 1 3
32 1 34
44 1 35
1 2 15
64 6 63
17 1 9
65 1 27
18 1 11
25 1 24
44 1 71
33 1 32
28 1 7
8 1 7
82 2 5
7 1 6
15 1 11
12 1 7
71 2 82
13 1 15
16 1 11
5 1 3
14 2 44
29 1 27
1 2 22
1 7 3
27 2 28
34 1 30
14 2 36
18 1 7
7 1 10
7 1 22
36 1 35
11 1 20
3 2 12
22 2 6
14 1 13
3 1 23
1 1 23
79 2 25
21 2 31
3 1 8
32 1 44
17 2 14
6 2 22
71 2 1
1 2 4
22 2 3
65 1 32
44 1 5
79 1 3
63 1 32
2 2 3
63 1 82
1 2 19
63 1 62
13 1 5
49 1 9
35 1 31
3 2 22
1 1 22
5 2 3
10 2 22
9 1 16
3 2 19
45 1 25
3 2 25
1 1 12
86 2 79
1 2 25
1 2 12
3 1 1
30 2 33
23 2 6
45 1 79
8 1 11
36 1 29
7 1 23
21 1 11
32 1 17
1 2 8
5 1 1
44 1 4
3 1 22
5 2 1
25 1 1
44 2 63
27 1 11
25 1 32
4 2 35
? 1 github_java_program_data/8/431.java

29 1 15
3 2 15
9 1 1
4 1 51
24 1 11
3 2 23
1 4 3
45 1 46
3 5 1
2 1 1
31 1 7
29 2 32
63 1 2
14 2 34
24 1 7
62 2 35
22 2 1
11 1 3
1 2 32
23 2 10
82 2 71
23 2 1
2 2 1
11 1 23
3 2 22
27 2 33
15 1 7
63 1 71
44 1 2
98 1 35
32 1 63
14 2 64
20 1 3
44 1 82
26 1 1
7 1 26
44 1 1
13 1 3
9 1 2
13 1 16
44 1 3
46 2 79
1 2 23
32 1 14
22 2 20
1 5 3
43 6 44
11 1 10
7 1 1
45 1 86
62 1 51
11 1 22
35 1 34
51 2 49
14 2 21
1 2 62
13 1 2
20 1 19
23 2 20
98 1 62
64 1 11
13 1 1
63 1 35
42 1 32
26 1 25
9 1 5
17 1 13
18 2 24
7 1 23
20 1 1
86 1 3
17 2 92
1 2 22
14 2 17
3 2 19
17 2 21
46 1 3
23 2 22
3 4 1
14 2 31
92 2 31
23 2 3
63 1 1
26 1 3
32 1 21
49 1 9
24 2 18
4 2 32
62 1 49
7 1 20
86 2 79
34 1 42
16 1 7
28 1 11
9 1 3
82 2 2
25 1 71
11 1 1
32 1 31
3 2 4
29 1 28
25 1 18
32 2 98
15 1 11
43 1 11
32 1 43
92 1 98
35 1 17
14 1 9
2 1 3
23 2 26
35 1 64
79 2 46
35 1 14
35 1 21
33 2 42
31 1 11
63 2 44
11 1 26
51 1 13
15 2 30
7 1 3
1 1 3
44 1 35
1 2 15
44 1 32
17 1 9
9 1 16
18 1 11
25 1 24
44 1 71
29 1 30
33 1 35
4 1 49
35 1 92
35 1 36
13 1 15
16 1 11
5 1 3
11 1 6
21 2 14
1 7 3
3 2 16
18 1 7
31 2 17
7 1 22
7 1 6
14 1 13
3 1 23
1 1 23
79 2 25
3 1 8
32 1 44
19 1 18
17 2 14
51 1 9
71 2 1
1 2 4
22 2 3
15 1 13
31 2 36
79 1 3
2 2 3
1 2 19
63 1 62
13 1 5
5 2 1
35 1 31
34 1 33
1 1 22
25 1 1
71 2 2
36 1 32
45 1 25
3 2 25
27 1 11
6 2 23
3 1 1
19 1 24
43 1 7
45 1 79
4 2 35
43 6 63
21 1 11
1 2 16
1 2 8
5 1 1
44 1 4
34 1 27
3 1 22
92 1 32
5 2 3
44 2 63
1 2 25
30 1 7
25 1 32
36 1 29
30 2 28
? 1 github_java_program_data/8/442.java

9 1 3
3 2 22
44 1 62
25 1 71
9 1 1
4 1 51
24 1 11
27 2 33
14 2 17
3 2 23
34 2 31
9 1 15
31 1 11
43 1 11
32 1 43
3 5 1
79 2 25
2 1 1
49 2 51
63 1 5
14 1 9
21 1 7
23 2 26
35 1 64
22 2 23
24 1 7
2 2 1
25 1 18
35 1 21
11 1 3
68 2 44
3 4 1
11 1 23
44 1 71
51 1 13
7 1 3
1 1 3
32 1 34
1 2 15
1 2 22
11 1 1
1 2 4
44 1 32
63 2 44
32 1 31
34 1 33
22 2 26
18 1 11
15 1 7
25 1 24
11 1 26
1 1 23
1 2 32
44 1 2
68 1 82
32 1 63
3 2 25
33 1 35
1 4 3
82 2 5
43 6 63
51 2 49
22 2 1
26 1 1
27 1 7
3 7 1
16 1 11
63 1 4
5 1 3
13 1 3
43 6 44
7 1 23
13 1 16
1 7 3
44 1 3
46 2 79
3 2 16
18 1 7
7 1 6
7 1 22
1 5 3
11 1 20
23 2 22
79 2 46
7 1 1
64 6 63
45 1 86
62 1 51
23 2 1
32 1 68
11 1 22
4 1 49
31 2 21
3 1 23
11 1 6
23 2 3
44 2 63
21 2 31
13 1 2
20 1 19
32 1 44
2 1 3
17 2 14
19 1 18
13 1 1
68 1 1
82 2 2
71 2 1
3 1 22
45 1 46
62 2 32
32 1 14
79 1 3
23 2 20
2 2 3
17 1 13
18 2 24
9 1 2
20 1 1
86 1 3
13 1 5
49 1 9
68 1 32
64 1 7
68 1 4
1 2 19
71 2 5
24 1 1
1 1 22
5 2 3
13 1 71
46 1 3
71 2 2
3 2 19
45 1 25
4 2 32
1 2 23
63 1 1
3 2 15
63 1 82
35 1 43
3 1 19
3 1 1
19 1 24
26 1 3
23 2 6
32 1 21
45 1 79
26 1 19
21 1 11
32 1 17
17 2 68
20 1 25
5 1 1
3 2 62
24 2 18
7 1 10
34 1 27
26 1 25
44 1 5
86 2 79
5 2 1
63 1 35
25 1 1
22 2 3
1 2 25
82 2 1
25 1 32
4 2 35
9 1 82
? 1 github_java_program_data/8/443.java

9 1 3
82 2 2
25 1 71
44 1 109
11 1 1
4 1 51
3 2 4
24 1 11
3 2 23
43 6 44
32 1 43
1 1 25
2 1 1
25 1 3
44 1 62
84 2 44
2 1 3
49 1 13
82 2 5
2 2 1
3 2 78
44 1 71
84 1 4
77 2 84
1 1 3
23 2 1
20 1 25
25 1 82
44 1 32
109 1 1
3 2 25
84 1 5
25 1 24
2 2 3
44 1 2
84 2 77
35 1 84
78 1 1
20 1 3
51 2 49
71 2 82
49 1 78
45 1 46
3 1 23
13 1 3
77 1 3
9 1 2
1 2 22
82 2 3
46 2 79
18 1 7
3 1 4
25 1 0
49 2 51
79 2 46
79 1 1
45 1 86
62 1 51
46 1 1
4 1 49
49 1 3
1 1 23
1 2 62
13 1 2
0 1 19
24 1 3
86 1 1
84 1 71
84 1 82
51 1 9
35 1 44
1 2 4
22 2 3
77 1 2
46 2 25
9 1 5
1 2 19
62 2 32
18 1 3
13 1 5
1 1 19
0 2 71
44 1 1
1 1 22
77 1 71
71 2 2
3 2 19
45 1 25
86 2 79
25 1 35
109 2 71
3 1 1
3 2 35
45 1 79
35 1 77
0 1 3
84 1 3
77 1 62
7 1 6
5 1 1
3 2 62
19 1 18
62 1 49
7 1 20
5 2 3
1 2 25
43 1 7
77 1 82
? 1 github_java_program_data/8/457.java

14 1 3
9 1 3
71 2 5
79 1 1
9 1 1
62 1 51
3 2 4
46 1 1
4 1 49
77 1 82
52 1 24
71 2 2
1 2 62
13 1 2
14 1 32
62 1 49
86 1 1
2 1 1
62 2 82
84 1 71
4 2 52
84 1 82
51 1 9
45 1 86
2 1 3
1 2 4
22 2 3
77 1 2
2 2 1
49 1 13
71 2 3
9 1 5
11 1 3
7 1 1
13 1 5
1 2 22
84 1 4
77 2 84
82 1 18
1 1 3
82 2 71
23 2 1
1 1 23
1 1 22
77 1 71
32 1 77
4 1 51
18 1 7
79 2 46
13 1 1
84 1 5
5 2 1
14 1 71
86 2 79
2 2 3
79 2 14
51 2 49
45 1 14
84 2 77
24 1 11
45 1 79
77 1 82
77 1 1
3 2 62
77 1 62
84 1 52
3 2 32
5 1 1
45 1 46
5 1 3
13 1 3
77 1 3
32 1 84
9 1 2
77 1 5
49 1 1
5 2 3
84 1 2
3 2 23
46 2 79
3 1 4
84 1 1
? 1 github_java_program_data/8/46.java

9 1 3
3 2 22
44 1 62
25 1 71
9 1 1
4 1 51
24 1 11
27 2 33
14 2 17
3 2 23
34 2 31
9 1 15
31 1 11
43 1 11
32 1 43
3 5 1
79 2 25
2 1 1
49 2 51
63 1 5
14 1 9
21 1 7
23 2 26
35 1 64
22 2 23
24 1 7
2 2 1
25 1 18
35 1 21
11 1 3
68 2 44
3 4 1
11 1 23
44 1 71
51 1 13
7 1 3
1 1 3
32 1 34
1 2 15
1 2 22
11 1 1
1 2 4
44 1 32
63 2 44
32 1 31
34 1 33
22 2 26
18 1 11
15 1 7
25 1 24
11 1 26
1 1 23
1 2 32
44 1 2
68 1 82
32 1 63
3 2 25
33 1 35
1 4 3
82 2 5
43 6 63
51 2 49
22 2 1
26 1 1
27 1 7
3 7 1
16 1 11
63 1 4
5 1 3
13 1 3
43 6 44
7 1 23
13 1 16
1 7 3
44 1 3
46 2 79
3 2 16
18 1 7
7 1 6
7 1 22
1 5 3
11 1 20
23 2 22
79 2 46
7 1 1
64 6 63
45 1 86
62 1 51
23 2 1
32 1 68
11 1 22
4 1 49
31 2 21
3 1 23
11 1 6
23 2 3
44 2 63
21 2 31
13 1 2
20 1 19
32 1 44
2 1 3
17 2 14
19 1 18
13 1 1
68 1 1
82 2 2
71 2 1
3 1 22
45 1 46
62 2 32
32 1 14
79 1 3
23 2 20
2 2 3
17 1 13
18 2 24
9 1 2
20 1 1
86 1 3
13 1 5
49 1 9
68 1 32
64 1 7
68 1 4
1 2 19
71 2 5
24 1 1
1 1 22
5 2 3
13 1 71
46 1 3
71 2 2
3 2 19
45 1 25
4 2 32
1 2 23
63 1 1
3 2 15
63 1 82
35 1 43
3 1 19
3 1 1
19 1 24
26 1 3
23 2 6
32 1 21
45 1 79
26 1 19
21 1 11
32 1 17
17 2 68
20 1 25
5 1 1
3 2 62
24 2 18
7 1 10
34 1 27
26 1 25
44 1 5
86 2 79
5 2 1
63 1 35
25 1 1
22 2 3
1 2 25
82 2 1
25 1 32
4 2 35
9 1 82
? 1 github_java_program_data/8/473.java

17 2 64
1 1 8
2 2 3
4 1 51
25 2 104
24 1 11
1 4 3
3 2 8
9 1 15
3 5 1
1 1 25
62 2 32
31 1 7
54 1 71
104 1 32
1 2 10
22 2 1
11 1 3
64 6 44
109 1 1
0 2 82
29 1 30
32 1 20
82 2 71
23 2 1
46 2 25
11 1 23
18 1 3
27 2 33
15 1 7
7 1 8
32 1 17
26 2 3
68 2 63
20 1 3
29 1 16
27 1 7
77 1 4
7 1 26
51 1 1
64 1 11
77 1 3
9 1 2
13 1 16
44 1 3
29 2 35
13 2 9
1 2 23
32 1 14
32 1 22
22 2 20
23 2 12
30 2 39
7 1 1
33 1 35
51 2 49
5 1 3
1 2 62
13 1 2
20 1 19
63 1 0
63 1 32
51 1 3
7 1 32
13 1 1
35 1 44
7 2 11
108 2 35
80 1 33
71 2 3
17 1 13
18 2 24
30 2 33
20 1 1
2 1 71
34 1 47
31 1 22
64 1 7
68 1 4
16 1 9
45 1 44
20 2 32
61 1 11
9 1 71
63 1 3
1 2 108
3 4 1
71 2 4
35 1 43
3 1 19
3 2 32
7 1 35
23 2 3
3 1 4
14 2 31
109 1 3
68 2 77
24 2 18
54 1 32
37 1 1
19 1 18
71 2 1
44 1 5
80 1 27
34 1 42
49 1 1
82 2 1
33 2 61
36 1 35
16 2 30
28 1 11
23 2 26
25 1 71
44 1 109
82 2 3
29 1 28
34 2 31
7 1 76
43 6 44
43 1 11
35 1 68
11 2 7
4 2 5
35 1 64
40 1 39
39 1 32
35 1 14
35 1 21
3 7 1
42 1 7
11 1 26
51 1 13
7 2 1
14 2 54
44 1 35
20 1 25
108 1 78
11 2 22
9 1 16
18 1 11
25 1 24
32 1 12
8 1 7
78 1 3
47 2 42
82 2 5
15 1 11
21 1 23
45 1 46
32 1 1
22 2 10
1 2 22
7 1 22
30 1 11
3 2 1
11 1 20
44 2 68
0 2 71
22 2 6
4 1 49
3 1 23
2 2 1
3 2 108
3 1 8
20 2 23
11 1 80
24 1 3
42 1 11
51 1 9
32 1 3
3 1 22
23 2 7
32 1 44
63 1 82
17 1 9
5 1 82
45 1 63
23 2 11
49 1 9
68 1 32
3 2 22
22 2 7
68 1 3
77 1 71
10 2 22
3 2 19
1 2 35
11 1 76
6 2 23
3 1 1
40 1 30
63 1 62
23 2 6
8 2 22
0 1 3
21 1 11
3 1 12
7 1 6
9 1 82
44 1 4
34 1 27
1 2 4
35 1 25
63 1 35
5 2 3
44 2 63
1 1 12
30 1 7
16 1 7
26 2 23
68 2 14
0 1 1
3 2 15
40 2 34
104 1 3
9 1 1
3 2 23
44 1 0
35 2 3
11 1 12
2 1 1
44 1 82
76 1 42
44 1 62
32 1 64
26 1 19
63 1 2
24 1 7
62 2 35
49 1 13
54 1 1
33 1 7
23 2 10
54 2 63
1 1 23
47 1 40
17 2 31
34 1 33
68 1 35
3 2 25
73 1 37
25 1 108
20 2 22
44 1 2
32 1 63
35 1 63
78 1 1
63 1 71
26 1 1
35 1 15
15 1 7
39 1 11
54 2 44
13 1 3
7 1 23
27 2 39
32 1 11
44 2 104
2 1 82
40 1 33
39 2 47
1 5 3
11 1 10
63 2 44
62 1 51
11 1 22
22 2 12
64 6 63
14 2 68
3 2 73
82 2 4
35 1 104
22 2 8
9 1 5
1 1 4
32 1 36
25 2 63
1 1 19
1 2 16
39 2 42
12 2 22
104 1 73
71 2 5
24 1 1
1 2 26
26 2 32
23 2 22
80 1 61
104 2 25
35 1 17
39 1 7
7 2 23
26 1 3
32 1 21
25 2 44
77 1 62
34 2 21
2 1 3
17 2 63
4 2 32
62 1 49
7 1 20
61 1 7
21 2 15
77 1 82
35 1 40
8 2 23
10 2 23
9 1 3
1 7 3
82 2 2
11 1 1
32 1 31
3 2 4
1 2 3
76 1 39
11 2 23
31 1 11
31 2 21
32 1 43
9 2 13
25 1 3
63 1 5
14 1 9
21 1 7
35 1 11
23 2 8
22 2 23
79 2 46
39 1 35
25 1 18
12 1 11
33 1 11
79 1 1
44 1 71
21 2 43
7 1 3
1 1 3
32 1 34
45 1 79
32 1 54
25 1 82
35 1 77
22 2 26
11 1 8
33 1 32
62 2 2
20 2 35
46 1 1
54 1 3
12 1 7
17 2 43
68 1 62
71 2 82
63 1 4
32 1 23
3 2 12
14 2 17
21 2 14
76 1 30
7 1 80
109 2 82
3 2 16
18 1 7
7 1 10
49 2 51
35 1 7
1 2 15
14 1 13
31 1 23
49 1 3
11 1 6
21 2 31
18 1 1
3 1 25
34 1 39
17 2 14
6 2 22
22 2 3
77 1 2
44 1 32
23 2 20
1 2 19
104 1 71
42 1 35
12 2 23
13 1 5
68 1 82
35 1 31
21 2 64
44 1 1
5 1 71
54 1 62
7 1 12
1 1 22
25 1 1
71 2 2
35 1 34
45 1 25
63 1 1
27 1 11
4 2 2
25 1 35
1 2 12
16 1 11
19 1 24
73 2 32
8 1 11
36 1 29
43 6 63
13 1 15
30 2 28
1 2 8
5 1 1
3 2 62
104 2 44
17 2 54
5 2 1
32 1 7
71 2 62
1 2 25
43 1 7
4 2 35
26 2 22
? 1 github_java_program_data/8/476.java

14 1 3
9 1 3
71 2 5
79 1 1
9 1 1
62 1 51
3 2 4
46 1 1
4 1 49
77 1 82
52 1 24
71 2 2
1 2 62
13 1 2
14 1 32
62 1 49
86 1 1
2 1 1
62 2 82
84 1 71
4 2 52
84 1 82
51 1 9
45 1 86
2 1 3
1 2 4
22 2 3
77 1 2
2 2 1
49 1 13
71 2 3
9 1 5
11 1 3
7 1 1
13 1 5
1 2 22
84 1 4
77 2 84
82 1 18
1 1 3
82 2 71
23 2 1
1 1 23
1 1 22
77 1 71
32 1 77
4 1 51
18 1 7
79 2 46
13 1 1
84 1 5
5 2 1
14 1 71
86 2 79
2 2 3
79 2 14
51 2 49
45 1 14
84 2 77
24 1 11
45 1 79
77 1 82
77 1 1
3 2 62
77 1 62
84 1 52
3 2 32
5 1 1
45 1 46
5 1 3
13 1 3
77 1 3
32 1 84
9 1 2
77 1 5
49 1 1
5 2 3
84 1 2
3 2 23
46 2 79
3 1 4
84 1 1
? 1 github_java_program_data/8/496.java

9 1 3
3 2 22
44 1 62
25 1 71
9 1 1
4 1 51
24 1 11
27 2 33
14 2 17
3 2 23
34 2 31
9 1 15
31 1 11
43 1 11
32 1 43
3 5 1
79 2 25
2 1 1
49 2 51
63 1 5
14 1 9
21 1 7
23 2 26
35 1 64
22 2 23
24 1 7
2 2 1
25 1 18
35 1 21
11 1 3
68 2 44
3 4 1
11 1 23
44 1 71
51 1 13
7 1 3
1 1 3
32 1 34
1 2 15
1 2 22
11 1 1
1 2 4
44 1 32
63 2 44
32 1 31
34 1 33
22 2 26
18 1 11
15 1 7
25 1 24
11 1 26
1 1 23
1 2 32
44 1 2
68 1 82
32 1 63
3 2 25
33 1 35
1 4 3
82 2 5
43 6 63
51 2 49
22 2 1
26 1 1
27 1 7
3 7 1
16 1 11
63 1 4
5 1 3
13 1 3
43 6 44
7 1 23
13 1 16
1 7 3
44 1 3
46 2 79
3 2 16
18 1 7
7 1 6
7 1 22
1 5 3
11 1 20
23 2 22
79 2 46
7 1 1
64 6 63
45 1 86
62 1 51
23 2 1
32 1 68
11 1 22
4 1 49
31 2 21
3 1 23
11 1 6
23 2 3
44 2 63
21 2 31
13 1 2
20 1 19
32 1 44
2 1 3
17 2 14
19 1 18
13 1 1
68 1 1
82 2 2
71 2 1
3 1 22
45 1 46
62 2 32
32 1 14
79 1 3
23 2 20
2 2 3
17 1 13
18 2 24
9 1 2
20 1 1
86 1 3
13 1 5
49 1 9
68 1 32
64 1 7
68 1 4
1 2 19
71 2 5
24 1 1
1 1 22
5 2 3
13 1 71
46 1 3
71 2 2
3 2 19
45 1 25
4 2 32
1 2 23
63 1 1
3 2 15
63 1 82
35 1 43
3 1 19
3 1 1
19 1 24
26 1 3
23 2 6
32 1 21
45 1 79
26 1 19
21 1 11
32 1 17
17 2 68
20 1 25
5 1 1
3 2 62
24 2 18
7 1 10
34 1 27
26 1 25
44 1 5
86 2 79
5 2 1
63 1 35
25 1 1
22 2 3
1 2 25
82 2 1
25 1 32
4 2 35
9 1 82
? 1 github_java_program_data/8/503.java

9 1 3
82 2 2
25 1 71
44 1 109
11 1 1
4 1 51
3 2 4
24 1 11
3 2 23
43 6 44
32 1 43
1 1 25
2 1 1
25 1 3
44 1 62
84 2 44
2 1 3
49 1 13
82 2 5
2 2 1
3 2 78
44 1 71
84 1 4
77 2 84
1 1 3
23 2 1
20 1 25
25 1 82
44 1 32
109 1 1
3 2 25
84 1 5
25 1 24
2 2 3
44 1 2
84 2 77
35 1 84
78 1 1
20 1 3
51 2 49
71 2 82
49 1 78
45 1 46
3 1 23
13 1 3
77 1 3
9 1 2
1 2 22
82 2 3
46 2 79
18 1 7
3 1 4
25 1 0
49 2 51
79 2 46
79 1 1
45 1 86
62 1 51
46 1 1
4 1 49
49 1 3
1 1 23
1 2 62
13 1 2
0 1 19
24 1 3
86 1 1
84 1 71
84 1 82
51 1 9
35 1 44
1 2 4
22 2 3
77 1 2
46 2 25
9 1 5
1 2 19
62 2 32
18 1 3
13 1 5
1 1 19
0 2 71
44 1 1
1 1 22
77 1 71
71 2 2
3 2 19
45 1 25
86 2 79
25 1 35
109 2 71
3 1 1
3 2 35
45 1 79
35 1 77
0 1 3
84 1 3
77 1 62
7 1 6
5 1 1
3 2 62
19 1 18
62 1 49
7 1 20
5 2 3
1 2 25
43 1 7
77 1 82
? 1 github_java_program_data/8/517.java

3 2 22
9 1 1
11 1 23
7 1 6
24 1 11
63 2 44
14 2 17
3 2 23
1 4 3
9 1 15
45 1 46
3 5 1
1 1 25
71 2 3
2 1 1
31 1 7
17 1 13
65 1 30
63 1 2
68 1 62
24 1 7
62 2 35
49 1 13
22 2 1
11 1 3
68 2 44
49 2 51
63 1 62
29 2 32
32 1 65
1 1 23
63 1 11
4 1 51
34 1 33
3 2 25
15 1 7
22 2 10
32 1 17
44 1 82
20 2 22
44 1 2
40 2 31
32 1 63
68 1 32
78 1 1
13 1 63
40 1 27
20 1 3
63 1 71
26 1 1
27 1 7
34 2 40
7 1 26
49 1 78
86 2 79
3 2 63
13 1 3
7 1 23
13 1 16
44 1 3
46 2 79
1 2 23
32 1 14
14 2 65
22 2 20
1 5 3
43 6 44
30 2 39
11 1 10
7 1 1
45 1 86
62 1 51
11 1 22
31 2 21
51 2 49
31 2 43
1 2 62
14 2 34
13 1 2
20 1 19
34 1 61
63 1 32
42 1 35
64 1 11
13 1 1
68 1 1
26 1 25
62 2 32
40 2 21
9 1 5
40 1 42
18 2 24
9 1 2
20 1 1
86 1 3
18 1 3
21 2 14
1 1 19
64 1 7
39 2 42
35 1 34
21 2 34
3 2 19
71 2 5
24 1 1
17 2 21
46 1 3
63 1 3
23 2 22
3 4 1
3 2 15
35 1 17
3 1 19
21 2 40
23 2 3
4 2 35
26 1 3
32 1 21
3 1 4
40 2 43
61 1 35
24 2 18
37 1 1
19 1 18
62 1 49
44 1 5
35 1 43
33 2 61
1 2 16
22 2 23
35 1 40
16 1 7
17 2 34
36 2 43
9 1 3
18 1 78
82 2 2
25 1 71
1 2 78
32 1 40
11 1 1
32 1 31
3 2 4
14 2 64
27 2 33
34 2 31
40 1 33
34 2 64
15 1 11
43 1 11
32 1 43
19 1 24
25 1 3
63 1 5
14 1 9
21 1 7
23 2 26
35 1 64
40 1 39
2 2 1
39 1 35
39 1 32
25 1 18
23 2 6
3 2 32
35 1 21
3 7 1
64 6 44
31 1 11
3 2 37
11 1 26
51 1 13
7 1 3
1 1 3
32 1 34
44 1 35
1 2 15
14 2 68
20 1 25
44 1 32
64 6 63
22 2 26
9 1 16
18 1 11
22 2 6
25 1 24
34 1 39
33 1 32
23 2 10
78 1 3
17 2 40
82 2 5
14 1 13
35 1 36
16 1 11
49 1 3
5 1 3
2 1 3
1 2 22
1 7 3
31 2 17
34 1 30
3 2 16
18 1 7
7 1 10
7 1 22
30 1 11
11 1 20
3 2 78
27 2 39
23 2 1
32 1 68
4 1 49
3 1 23
11 1 6
79 2 25
21 2 31
20 2 23
24 1 3
18 1 1
32 1 44
3 1 25
31 2 64
4 2 32
17 2 14
51 1 9
71 2 1
3 1 22
22 2 3
29 1 15
7 1 20
79 1 3
23 2 20
2 2 3
26 1 19
1 2 19
34 2 43
17 1 9
13 1 5
49 1 9
35 1 31
44 1 1
1 1 22
71 2 2
36 1 32
45 1 25
79 2 46
15 1 13
63 1 1
1 2 25
63 1 35
26 2 22
3 1 1
40 1 30
30 2 33
43 1 7
45 1 79
65 1 35
24 1 37
30 2 35
43 6 63
21 1 11
13 1 15
13 1 71
5 1 1
3 2 62
44 1 4
34 1 27
1 2 4
5 2 1
9 1 82
5 2 3
44 2 63
27 1 11
30 1 7
25 1 32
36 1 29
26 2 23
68 1 71
35 1 14
? 1 github_java_program_data/8/523.java

9 1 3
3 2 22
44 1 62
25 1 71
9 1 1
4 1 51
24 1 11
27 2 33
14 2 17
3 2 23
34 2 31
9 1 15
31 1 11
43 1 11
32 1 43
3 5 1
79 2 25
2 1 1
49 2 51
63 1 5
14 1 9
21 1 7
23 2 26
35 1 64
22 2 23
24 1 7
2 2 1
25 1 18
35 1 21
11 1 3
68 2 44
3 4 1
11 1 23
44 1 71
51 1 13
7 1 3
1 1 3
32 1 34
1 2 15
1 2 22
11 1 1
1 2 4
44 1 32
63 2 44
32 1 31
34 1 33
22 2 26
18 1 11
15 1 7
25 1 24
11 1 26
1 1 23
1 2 32
44 1 2
68 1 82
32 1 63
3 2 25
33 1 35
1 4 3
82 2 5
43 6 63
51 2 49
22 2 1
26 1 1
27 1 7
3 7 1
16 1 11
63 1 4
5 1 3
13 1 3
43 6 44
7 1 23
13 1 16
1 7 3
44 1 3
46 2 79
3 2 16
18 1 7
7 1 6
7 1 22
1 5 3
11 1 20
23 2 22
79 2 46
7 1 1
64 6 63
45 1 86
62 1 51
23 2 1
32 1 68
11 1 22
4 1 49
31 2 21
3 1 23
11 1 6
23 2 3
44 2 63
21 2 31
13 1 2
20 1 19
32 1 44
2 1 3
17 2 14
19 1 18
13 1 1
68 1 1
82 2 2
71 2 1
3 1 22
45 1 46
62 2 32
32 1 14
79 1 3
23 2 20
2 2 3
17 1 13
18 2 24
9 1 2
20 1 1
86 1 3
13 1 5
49 1 9
68 1 32
64 1 7
68 1 4
1 2 19
71 2 5
24 1 1
1 1 22
5 2 3
13 1 71
46 1 3
71 2 2
3 2 19
45 1 25
4 2 32
1 2 23
63 1 1
3 2 15
63 1 82
35 1 43
3 1 19
3 1 1
19 1 24
26 1 3
23 2 6
32 1 21
45 1 79
26 1 19
21 1 11
32 1 17
17 2 68
20 1 25
5 1 1
3 2 62
24 2 18
7 1 10
34 1 27
26 1 25
44 1 5
86 2 79
5 2 1
63 1 35
25 1 1
22 2 3
1 2 25
82 2 1
25 1 32
4 2 35
9 1 82
? 1 github_java_program_data/8/53.java

9 1 3
3 2 22
44 1 62
25 1 71
9 1 1
4 1 51
24 1 11
27 2 33
14 2 17
3 2 23
34 2 31
9 1 15
31 1 11
43 1 11
32 1 43
3 5 1
79 2 25
2 1 1
49 2 51
63 1 5
14 1 9
21 1 7
23 2 26
35 1 64
22 2 23
24 1 7
2 2 1
25 1 18
35 1 21
11 1 3
68 2 44
3 4 1
11 1 23
44 1 71
51 1 13
7 1 3
1 1 3
32 1 34
1 2 15
1 2 22
11 1 1
1 2 4
44 1 32
63 2 44
32 1 31
34 1 33
22 2 26
18 1 11
15 1 7
25 1 24
11 1 26
1 1 23
1 2 32
44 1 2
68 1 82
32 1 63
3 2 25
33 1 35
1 4 3
82 2 5
43 6 63
51 2 49
22 2 1
26 1 1
27 1 7
3 7 1
16 1 11
63 1 4
5 1 3
13 1 3
43 6 44
7 1 23
13 1 16
1 7 3
44 1 3
46 2 79
3 2 16
18 1 7
7 1 6
7 1 22
1 5 3
11 1 20
23 2 22
79 2 46
7 1 1
64 6 63
45 1 86
62 1 51
23 2 1
32 1 68
11 1 22
4 1 49
31 2 21
3 1 23
11 1 6
23 2 3
44 2 63
21 2 31
13 1 2
20 1 19
32 1 44
2 1 3
17 2 14
19 1 18
13 1 1
68 1 1
82 2 2
71 2 1
3 1 22
45 1 46
62 2 32
32 1 14
79 1 3
23 2 20
2 2 3
17 1 13
18 2 24
9 1 2
20 1 1
86 1 3
13 1 5
49 1 9
68 1 32
64 1 7
68 1 4
1 2 19
71 2 5
24 1 1
1 1 22
5 2 3
13 1 71
46 1 3
71 2 2
3 2 19
45 1 25
4 2 32
1 2 23
63 1 1
3 2 15
63 1 82
35 1 43
3 1 19
3 1 1
19 1 24
26 1 3
23 2 6
32 1 21
45 1 79
26 1 19
21 1 11
32 1 17
17 2 68
20 1 25
5 1 1
3 2 62
24 2 18
7 1 10
34 1 27
26 1 25
44 1 5
86 2 79
5 2 1
63 1 35
25 1 1
22 2 3
1 2 25
82 2 1
25 1 32
4 2 35
9 1 82
? 1 github_java_program_data/8/533.java

9 1 3
82 2 2
25 1 71
44 1 109
11 1 1
4 1 51
3 2 4
24 1 11
3 2 23
43 6 44
32 1 43
1 1 25
2 1 1
25 1 3
44 1 62
84 2 44
2 1 3
49 1 13
82 2 5
2 2 1
3 2 78
44 1 71
84 1 4
77 2 84
1 1 3
23 2 1
20 1 25
25 1 82
44 1 32
109 1 1
3 2 25
84 1 5
25 1 24
2 2 3
44 1 2
84 2 77
35 1 84
78 1 1
20 1 3
51 2 49
71 2 82
49 1 78
45 1 46
3 1 23
13 1 3
77 1 3
9 1 2
1 2 22
82 2 3
46 2 79
18 1 7
3 1 4
25 1 0
49 2 51
79 2 46
79 1 1
45 1 86
62 1 51
46 1 1
4 1 49
49 1 3
1 1 23
1 2 62
13 1 2
0 1 19
24 1 3
86 1 1
84 1 71
84 1 82
51 1 9
35 1 44
1 2 4
22 2 3
77 1 2
46 2 25
9 1 5
1 2 19
62 2 32
18 1 3
13 1 5
1 1 19
0 2 71
44 1 1
1 1 22
77 1 71
71 2 2
3 2 19
45 1 25
86 2 79
25 1 35
109 2 71
3 1 1
3 2 35
45 1 79
35 1 77
0 1 3
84 1 3
77 1 62
7 1 6
5 1 1
3 2 62
19 1 18
62 1 49
7 1 20
5 2 3
1 2 25
43 1 7
77 1 82
? 1 github_java_program_data/8/547.java

14 1 3
9 1 3
71 2 5
79 1 1
9 1 1
62 1 51
3 2 4
46 1 1
4 1 49
77 1 82
52 1 24
71 2 2
1 2 62
13 1 2
14 1 32
62 1 49
86 1 1
2 1 1
62 2 82
84 1 71
4 2 52
84 1 82
51 1 9
45 1 86
2 1 3
1 2 4
22 2 3
77 1 2
2 2 1
49 1 13
71 2 3
9 1 5
11 1 3
7 1 1
13 1 5
1 2 22
84 1 4
77 2 84
82 1 18
1 1 3
82 2 71
23 2 1
1 1 23
1 1 22
77 1 71
32 1 77
4 1 51
18 1 7
79 2 46
13 1 1
84 1 5
5 2 1
14 1 71
86 2 79
2 2 3
79 2 14
51 2 49
45 1 14
84 2 77
24 1 11
45 1 79
77 1 82
77 1 1
3 2 62
77 1 62
84 1 52
3 2 32
5 1 1
45 1 46
5 1 3
13 1 3
77 1 3
32 1 84
9 1 2
77 1 5
49 1 1
5 2 3
84 1 2
3 2 23
46 2 79
3 1 4
84 1 1
? 1 github_java_program_data/8/556.java

9 1 3
3 2 22
44 1 62
25 1 71
9 1 1
4 1 51
24 1 11
27 2 33
14 2 17
3 2 23
34 2 31
9 1 15
31 1 11
43 1 11
32 1 43
3 5 1
79 2 25
2 1 1
49 2 51
63 1 5
14 1 9
21 1 7
23 2 26
35 1 64
22 2 23
24 1 7
2 2 1
25 1 18
35 1 21
11 1 3
68 2 44
3 4 1
11 1 23
44 1 71
51 1 13
7 1 3
1 1 3
32 1 34
1 2 15
1 2 22
11 1 1
1 2 4
44 1 32
63 2 44
32 1 31
34 1 33
22 2 26
18 1 11
15 1 7
25 1 24
11 1 26
1 1 23
1 2 32
44 1 2
68 1 82
32 1 63
3 2 25
33 1 35
1 4 3
82 2 5
43 6 63
51 2 49
22 2 1
26 1 1
27 1 7
3 7 1
16 1 11
63 1 4
5 1 3
13 1 3
43 6 44
7 1 23
13 1 16
1 7 3
44 1 3
46 2 79
3 2 16
18 1 7
7 1 6
7 1 22
1 5 3
11 1 20
23 2 22
79 2 46
7 1 1
64 6 63
45 1 86
62 1 51
23 2 1
32 1 68
11 1 22
4 1 49
31 2 21
3 1 23
11 1 6
23 2 3
44 2 63
21 2 31
13 1 2
20 1 19
32 1 44
2 1 3
17 2 14
19 1 18
13 1 1
68 1 1
82 2 2
71 2 1
3 1 22
45 1 46
62 2 32
32 1 14
79 1 3
23 2 20
2 2 3
17 1 13
18 2 24
9 1 2
20 1 1
86 1 3
13 1 5
49 1 9
68 1 32
64 1 7
68 1 4
1 2 19
71 2 5
24 1 1
1 1 22
5 2 3
13 1 71
46 1 3
71 2 2
3 2 19
45 1 25
4 2 32
1 2 23
63 1 1
3 2 15
63 1 82
35 1 43
3 1 19
3 1 1
19 1 24
26 1 3
23 2 6
32 1 21
45 1 79
26 1 19
21 1 11
32 1 17
17 2 68
20 1 25
5 1 1
3 2 62
24 2 18
7 1 10
34 1 27
26 1 25
44 1 5
86 2 79
5 2 1
63 1 35
25 1 1
22 2 3
1 2 25
82 2 1
25 1 32
4 2 35
9 1 82
? 1 github_java_program_data/8/563.java

17 2 64
1 1 8
2 2 3
4 1 51
25 2 104
24 1 11
1 4 3
3 2 8
9 1 15
3 5 1
1 1 25
62 2 32
31 1 7
54 1 71
104 1 32
1 2 10
22 2 1
11 1 3
64 6 44
109 1 1
0 2 82
29 1 30
32 1 20
82 2 71
23 2 1
46 2 25
11 1 23
18 1 3
27 2 33
15 1 7
7 1 8
32 1 17
26 2 3
68 2 63
20 1 3
29 1 16
27 1 7
77 1 4
7 1 26
51 1 1
64 1 11
77 1 3
9 1 2
13 1 16
44 1 3
29 2 35
13 2 9
1 2 23
32 1 14
32 1 22
22 2 20
23 2 12
30 2 39
7 1 1
33 1 35
51 2 49
5 1 3
1 2 62
13 1 2
20 1 19
63 1 0
63 1 32
51 1 3
7 1 32
13 1 1
35 1 44
7 2 11
108 2 35
80 1 33
71 2 3
17 1 13
18 2 24
30 2 33
20 1 1
2 1 71
34 1 47
31 1 22
64 1 7
68 1 4
16 1 9
45 1 44
20 2 32
61 1 11
9 1 71
63 1 3
1 2 108
3 4 1
71 2 4
35 1 43
3 1 19
3 2 32
7 1 35
23 2 3
3 1 4
14 2 31
109 1 3
68 2 77
24 2 18
54 1 32
37 1 1
19 1 18
71 2 1
44 1 5
80 1 27
34 1 42
49 1 1
82 2 1
33 2 61
36 1 35
16 2 30
28 1 11
23 2 26
25 1 71
44 1 109
82 2 3
29 1 28
34 2 31
7 1 76
43 6 44
43 1 11
35 1 68
11 2 7
4 2 5
35 1 64
40 1 39
39 1 32
35 1 14
35 1 21
3 7 1
42 1 7
11 1 26
51 1 13
7 2 1
14 2 54
44 1 35
20 1 25
108 1 78
11 2 22
9 1 16
18 1 11
25 1 24
32 1 12
8 1 7
78 1 3
47 2 42
82 2 5
15 1 11
21 1 23
45 1 46
32 1 1
22 2 10
1 2 22
7 1 22
30 1 11
3 2 1
11 1 20
44 2 68
0 2 71
22 2 6
4 1 49
3 1 23
2 2 1
3 2 108
3 1 8
20 2 23
11 1 80
24 1 3
42 1 11
51 1 9
32 1 3
3 1 22
23 2 7
32 1 44
63 1 82
17 1 9
5 1 82
45 1 63
23 2 11
49 1 9
68 1 32
3 2 22
22 2 7
68 1 3
77 1 71
10 2 22
3 2 19
1 2 35
11 1 76
6 2 23
3 1 1
40 1 30
63 1 62
23 2 6
8 2 22
0 1 3
21 1 11
3 1 12
7 1 6
9 1 82
44 1 4
34 1 27
1 2 4
35 1 25
63 1 35
5 2 3
44 2 63
1 1 12
30 1 7
16 1 7
26 2 23
68 2 14
0 1 1
3 2 15
40 2 34
104 1 3
9 1 1
3 2 23
44 1 0
35 2 3
11 1 12
2 1 1
44 1 82
76 1 42
44 1 62
32 1 64
26 1 19
63 1 2
24 1 7
62 2 35
49 1 13
54 1 1
33 1 7
23 2 10
54 2 63
1 1 23
47 1 40
17 2 31
34 1 33
68 1 35
3 2 25
73 1 37
25 1 108
20 2 22
44 1 2
32 1 63
35 1 63
78 1 1
63 1 71
26 1 1
35 1 15
15 1 7
39 1 11
54 2 44
13 1 3
7 1 23
27 2 39
32 1 11
44 2 104
2 1 82
40 1 33
39 2 47
1 5 3
11 1 10
63 2 44
62 1 51
11 1 22
22 2 12
64 6 63
14 2 68
3 2 73
82 2 4
35 1 104
22 2 8
9 1 5
1 1 4
32 1 36
25 2 63
1 1 19
1 2 16
39 2 42
12 2 22
104 1 73
71 2 5
24 1 1
1 2 26
26 2 32
23 2 22
80 1 61
104 2 25
35 1 17
39 1 7
7 2 23
26 1 3
32 1 21
25 2 44
77 1 62
34 2 21
2 1 3
17 2 63
4 2 32
62 1 49
7 1 20
61 1 7
21 2 15
77 1 82
35 1 40
8 2 23
10 2 23
9 1 3
1 7 3
82 2 2
11 1 1
32 1 31
3 2 4
1 2 3
76 1 39
11 2 23
31 1 11
31 2 21
32 1 43
9 2 13
25 1 3
63 1 5
14 1 9
21 1 7
35 1 11
23 2 8
22 2 23
79 2 46
39 1 35
25 1 18
12 1 11
33 1 11
79 1 1
44 1 71
21 2 43
7 1 3
1 1 3
32 1 34
45 1 79
32 1 54
25 1 82
35 1 77
22 2 26
11 1 8
33 1 32
62 2 2
20 2 35
46 1 1
54 1 3
12 1 7
17 2 43
68 1 62
71 2 82
63 1 4
32 1 23
3 2 12
14 2 17
21 2 14
76 1 30
7 1 80
109 2 82
3 2 16
18 1 7
7 1 10
49 2 51
35 1 7
1 2 15
14 1 13
31 1 23
49 1 3
11 1 6
21 2 31
18 1 1
3 1 25
34 1 39
17 2 14
6 2 22
22 2 3
77 1 2
44 1 32
23 2 20
1 2 19
104 1 71
42 1 35
12 2 23
13 1 5
68 1 82
35 1 31
21 2 64
44 1 1
5 1 71
54 1 62
7 1 12
1 1 22
25 1 1
71 2 2
35 1 34
45 1 25
63 1 1
27 1 11
4 2 2
25 1 35
1 2 12
16 1 11
19 1 24
73 2 32
8 1 11
36 1 29
43 6 63
13 1 15
30 2 28
1 2 8
5 1 1
3 2 62
104 2 44
17 2 54
5 2 1
32 1 7
71 2 62
1 2 25
43 1 7
4 2 35
26 2 22
? 1 github_java_program_data/8/566.java

9 1 3
82 2 2
25 1 71
44 1 109
11 1 1
4 1 51
3 2 4
24 1 11
3 2 23
43 6 44
32 1 43
1 1 25
2 1 1
25 1 3
44 1 62
84 2 44
2 1 3
49 1 13
82 2 5
2 2 1
3 2 78
44 1 71
84 1 4
77 2 84
1 1 3
23 2 1
20 1 25
25 1 82
44 1 32
109 1 1
3 2 25
84 1 5
25 1 24
2 2 3
44 1 2
84 2 77
35 1 84
78 1 1
20 1 3
51 2 49
71 2 82
49 1 78
45 1 46
3 1 23
13 1 3
77 1 3
9 1 2
1 2 22
82 2 3
46 2 79
18 1 7
3 1 4
25 1 0
49 2 51
79 2 46
79 1 1
45 1 86
62 1 51
46 1 1
4 1 49
49 1 3
1 1 23
1 2 62
13 1 2
0 1 19
24 1 3
86 1 1
84 1 71
84 1 82
51 1 9
35 1 44
1 2 4
22 2 3
77 1 2
46 2 25
9 1 5
1 2 19
62 2 32
18 1 3
13 1 5
1 1 19
0 2 71
44 1 1
1 1 22
77 1 71
71 2 2
3 2 19
45 1 25
86 2 79
25 1 35
109 2 71
3 1 1
3 2 35
45 1 79
35 1 77
0 1 3
84 1 3
77 1 62
7 1 6
5 1 1
3 2 62
19 1 18
62 1 49
7 1 20
5 2 3
1 2 25
43 1 7
77 1 82
? 1 github_java_program_data/8/577.java

14 1 3
9 1 3
71 2 5
79 1 1
9 1 1
62 1 51
3 2 4
46 1 1
4 1 49
77 1 82
52 1 24
71 2 2
1 2 62
13 1 2
14 1 32
62 1 49
86 1 1
2 1 1
62 2 82
84 1 71
4 2 52
84 1 82
51 1 9
45 1 86
2 1 3
1 2 4
22 2 3
77 1 2
2 2 1
49 1 13
71 2 3
9 1 5
11 1 3
7 1 1
13 1 5
1 2 22
84 1 4
77 2 84
82 1 18
1 1 3
82 2 71
23 2 1
1 1 23
1 1 22
77 1 71
32 1 77
4 1 51
18 1 7
79 2 46
13 1 1
84 1 5
5 2 1
14 1 71
86 2 79
2 2 3
79 2 14
51 2 49
45 1 14
84 2 77
24 1 11
45 1 79
77 1 82
77 1 1
3 2 62
77 1 62
84 1 52
3 2 32
5 1 1
45 1 46
5 1 3
13 1 3
77 1 3
32 1 84
9 1 2
77 1 5
49 1 1
5 2 3
84 1 2
3 2 23
46 2 79
3 1 4
84 1 1
? 1 github_java_program_data/8/586.java

17 2 64
1 1 8
2 2 3
4 1 51
25 2 104
24 1 11
1 4 3
3 2 8
9 1 15
3 5 1
1 1 25
62 2 32
31 1 7
54 1 71
104 1 32
1 2 10
22 2 1
11 1 3
64 6 44
109 1 1
0 2 82
29 1 30
32 1 20
82 2 71
23 2 1
46 2 25
11 1 23
18 1 3
27 2 33
15 1 7
7 1 8
32 1 17
26 2 3
68 2 63
20 1 3
29 1 16
27 1 7
77 1 4
7 1 26
51 1 1
64 1 11
77 1 3
9 1 2
13 1 16
44 1 3
29 2 35
13 2 9
1 2 23
32 1 14
32 1 22
22 2 20
23 2 12
30 2 39
7 1 1
33 1 35
51 2 49
5 1 3
1 2 62
13 1 2
20 1 19
63 1 0
63 1 32
51 1 3
7 1 32
13 1 1
35 1 44
7 2 11
108 2 35
80 1 33
71 2 3
17 1 13
18 2 24
30 2 33
20 1 1
2 1 71
34 1 47
31 1 22
64 1 7
68 1 4
16 1 9
45 1 44
20 2 32
61 1 11
9 1 71
63 1 3
1 2 108
3 4 1
71 2 4
35 1 43
3 1 19
3 2 32
7 1 35
23 2 3
3 1 4
14 2 31
109 1 3
68 2 77
24 2 18
54 1 32
37 1 1
19 1 18
71 2 1
44 1 5
80 1 27
34 1 42
49 1 1
82 2 1
33 2 61
36 1 35
16 2 30
28 1 11
23 2 26
25 1 71
44 1 109
82 2 3
29 1 28
34 2 31
7 1 76
43 6 44
43 1 11
35 1 68
11 2 7
4 2 5
35 1 64
40 1 39
39 1 32
35 1 14
35 1 21
3 7 1
42 1 7
11 1 26
51 1 13
7 2 1
14 2 54
44 1 35
20 1 25
108 1 78
11 2 22
9 1 16
18 1 11
25 1 24
32 1 12
8 1 7
78 1 3
47 2 42
82 2 5
15 1 11
21 1 23
45 1 46
32 1 1
22 2 10
1 2 22
7 1 22
30 1 11
3 2 1
11 1 20
44 2 68
0 2 71
22 2 6
4 1 49
3 1 23
2 2 1
3 2 108
3 1 8
20 2 23
11 1 80
24 1 3
42 1 11
51 1 9
32 1 3
3 1 22
23 2 7
32 1 44
63 1 82
17 1 9
5 1 82
45 1 63
23 2 11
49 1 9
68 1 32
3 2 22
22 2 7
68 1 3
77 1 71
10 2 22
3 2 19
1 2 35
11 1 76
6 2 23
3 1 1
40 1 30
63 1 62
23 2 6
8 2 22
0 1 3
21 1 11
3 1 12
7 1 6
9 1 82
44 1 4
34 1 27
1 2 4
35 1 25
63 1 35
5 2 3
44 2 63
1 1 12
30 1 7
16 1 7
26 2 23
68 2 14
0 1 1
3 2 15
40 2 34
104 1 3
9 1 1
3 2 23
44 1 0
35 2 3
11 1 12
2 1 1
44 1 82
76 1 42
44 1 62
32 1 64
26 1 19
63 1 2
24 1 7
62 2 35
49 1 13
54 1 1
33 1 7
23 2 10
54 2 63
1 1 23
47 1 40
17 2 31
34 1 33
68 1 35
3 2 25
73 1 37
25 1 108
20 2 22
44 1 2
32 1 63
35 1 63
78 1 1
63 1 71
26 1 1
35 1 15
15 1 7
39 1 11
54 2 44
13 1 3
7 1 23
27 2 39
32 1 11
44 2 104
2 1 82
40 1 33
39 2 47
1 5 3
11 1 10
63 2 44
62 1 51
11 1 22
22 2 12
64 6 63
14 2 68
3 2 73
82 2 4
35 1 104
22 2 8
9 1 5
1 1 4
32 1 36
25 2 63
1 1 19
1 2 16
39 2 42
12 2 22
104 1 73
71 2 5
24 1 1
1 2 26
26 2 32
23 2 22
80 1 61
104 2 25
35 1 17
39 1 7
7 2 23
26 1 3
32 1 21
25 2 44
77 1 62
34 2 21
2 1 3
17 2 63
4 2 32
62 1 49
7 1 20
61 1 7
21 2 15
77 1 82
35 1 40
8 2 23
10 2 23
9 1 3
1 7 3
82 2 2
11 1 1
32 1 31
3 2 4
1 2 3
76 1 39
11 2 23
31 1 11
31 2 21
32 1 43
9 2 13
25 1 3
63 1 5
14 1 9
21 1 7
35 1 11
23 2 8
22 2 23
79 2 46
39 1 35
25 1 18
12 1 11
33 1 11
79 1 1
44 1 71
21 2 43
7 1 3
1 1 3
32 1 34
45 1 79
32 1 54
25 1 82
35 1 77
22 2 26
11 1 8
33 1 32
62 2 2
20 2 35
46 1 1
54 1 3
12 1 7
17 2 43
68 1 62
71 2 82
63 1 4
32 1 23
3 2 12
14 2 17
21 2 14
76 1 30
7 1 80
109 2 82
3 2 16
18 1 7
7 1 10
49 2 51
35 1 7
1 2 15
14 1 13
31 1 23
49 1 3
11 1 6
21 2 31
18 1 1
3 1 25
34 1 39
17 2 14
6 2 22
22 2 3
77 1 2
44 1 32
23 2 20
1 2 19
104 1 71
42 1 35
12 2 23
13 1 5
68 1 82
35 1 31
21 2 64
44 1 1
5 1 71
54 1 62
7 1 12
1 1 22
25 1 1
71 2 2
35 1 34
45 1 25
63 1 1
27 1 11
4 2 2
25 1 35
1 2 12
16 1 11
19 1 24
73 2 32
8 1 11
36 1 29
43 6 63
13 1 15
30 2 28
1 2 8
5 1 1
3 2 62
104 2 44
17 2 54
5 2 1
32 1 7
71 2 62
1 2 25
43 1 7
4 2 35
26 2 22
? 1 github_java_program_data/8/596.java

9 1 3
82 2 2
25 1 71
44 1 109
11 1 1
4 1 51
3 2 4
24 1 11
3 2 23
43 6 44
32 1 43
1 1 25
2 1 1
25 1 3
44 1 62
84 2 44
2 1 3
49 1 13
82 2 5
2 2 1
3 2 78
44 1 71
84 1 4
77 2 84
1 1 3
23 2 1
20 1 25
25 1 82
44 1 32
109 1 1
3 2 25
84 1 5
25 1 24
2 2 3
44 1 2
84 2 77
35 1 84
78 1 1
20 1 3
51 2 49
71 2 82
49 1 78
45 1 46
3 1 23
13 1 3
77 1 3
9 1 2
1 2 22
82 2 3
46 2 79
18 1 7
3 1 4
25 1 0
49 2 51
79 2 46
79 1 1
45 1 86
62 1 51
46 1 1
4 1 49
49 1 3
1 1 23
1 2 62
13 1 2
0 1 19
24 1 3
86 1 1
84 1 71
84 1 82
51 1 9
35 1 44
1 2 4
22 2 3
77 1 2
46 2 25
9 1 5
1 2 19
62 2 32
18 1 3
13 1 5
1 1 19
0 2 71
44 1 1
1 1 22
77 1 71
71 2 2
3 2 19
45 1 25
86 2 79
25 1 35
109 2 71
3 1 1
3 2 35
45 1 79
35 1 77
0 1 3
84 1 3
77 1 62
7 1 6
5 1 1
3 2 62
19 1 18
62 1 49
7 1 20
5 2 3
1 2 25
43 1 7
77 1 82
? 1 github_java_program_data/8/607.java

1 1 8
9 1 1
11 1 23
24 1 11
23 2 26
1 4 3
9 1 15
45 1 46
3 5 1
1 1 25
71 2 3
2 1 1
31 1 7
23 2 1
26 1 19
63 1 2
24 1 7
49 1 13
22 2 1
11 1 3
49 2 51
82 2 71
32 1 65
2 2 1
3 2 22
3 2 25
15 1 7
32 1 17
32 1 63
35 1 31
20 1 3
63 1 71
26 1 1
7 1 26
86 2 79
13 1 3
7 1 23
13 1 16
17 2 21
46 2 79
1 2 23
32 1 14
14 2 65
22 2 20
1 5 3
11 1 10
7 1 1
45 1 86
62 1 51
11 1 22
31 2 21
1 2 62
13 1 2
20 1 19
23 2 20
62 2 82
13 1 1
68 1 1
26 1 25
3 2 8
9 1 5
17 1 13
18 2 24
9 1 2
20 1 1
18 1 3
1 2 22
1 1 19
68 1 4
71 2 5
24 1 1
23 2 22
3 4 1
3 1 19
3 2 32
23 2 3
26 1 3
32 1 21
14 2 31
2 1 3
4 2 32
62 1 49
44 1 5
6 2 23
82 2 1
16 1 7
9 1 3
44 1 62
25 1 71
11 1 1
32 1 31
43 6 44
31 1 11
43 1 11
32 1 43
25 1 3
14 1 9
21 1 7
22 2 23
79 2 46
25 1 18
35 1 21
3 7 1
79 1 1
44 1 71
21 2 43
7 1 3
1 1 3
1 2 15
20 1 25
44 1 32
22 2 26
65 1 27
18 1 11
25 1 24
11 1 26
1 1 23
46 1 1
15 1 11
65 2 21
27 2 35
82 1 18
16 1 11
63 1 4
5 1 3
14 2 17
21 2 14
1 7 3
3 2 23
3 2 16
18 1 7
7 1 10
7 1 22
11 1 20
22 2 6
32 1 68
4 1 49
3 1 23
11 1 6
79 2 25
21 2 31
82 2 32
24 1 3
18 1 1
32 1 44
3 1 25
82 1 24
19 1 18
17 2 14
51 1 9
1 2 4
22 2 3
44 1 82
7 1 20
79 1 3
86 1 1
2 2 3
63 1 82
1 2 19
68 2 44
13 1 5
68 1 82
68 1 32
44 1 1
1 1 22
71 2 2
3 2 19
45 1 25
63 1 1
27 1 11
63 1 35
3 1 1
19 1 24
45 1 79
65 1 35
21 1 11
1 2 16
17 2 68
7 1 6
5 1 1
3 1 22
5 2 1
5 2 3
44 2 63
1 2 25
25 1 32
4 2 35
26 2 23
? 1 github_java_program_data/8/610.java

14 1 3
9 1 3
71 2 5
79 1 1
9 1 1
62 1 51
3 2 4
46 1 1
4 1 49
77 1 82
52 1 24
71 2 2
1 2 62
13 1 2
14 1 32
62 1 49
86 1 1
2 1 1
62 2 82
84 1 71
4 2 52
84 1 82
51 1 9
45 1 86
2 1 3
1 2 4
22 2 3
77 1 2
2 2 1
49 1 13
71 2 3
9 1 5
11 1 3
7 1 1
13 1 5
1 2 22
84 1 4
77 2 84
82 1 18
1 1 3
82 2 71
23 2 1
1 1 23
1 1 22
77 1 71
32 1 77
4 1 51
18 1 7
79 2 46
13 1 1
84 1 5
5 2 1
14 1 71
86 2 79
2 2 3
79 2 14
51 2 49
45 1 14
84 2 77
24 1 11
45 1 79
77 1 82
77 1 1
3 2 62
77 1 62
84 1 52
3 2 32
5 1 1
45 1 46
5 1 3
13 1 3
77 1 3
32 1 84
9 1 2
77 1 5
49 1 1
5 2 3
84 1 2
3 2 23
46 2 79
3 1 4
84 1 1
? 1 github_java_program_data/8/616.java

17 2 64
1 1 8
2 2 3
4 1 51
25 2 104
24 1 11
1 4 3
3 2 8
9 1 15
3 5 1
1 1 25
62 2 32
31 1 7
54 1 71
104 1 32
1 2 10
22 2 1
11 1 3
64 6 44
109 1 1
0 2 82
29 1 30
32 1 20
82 2 71
23 2 1
46 2 25
11 1 23
18 1 3
27 2 33
15 1 7
7 1 8
32 1 17
26 2 3
68 2 63
20 1 3
29 1 16
27 1 7
77 1 4
7 1 26
51 1 1
64 1 11
77 1 3
9 1 2
13 1 16
44 1 3
29 2 35
13 2 9
1 2 23
32 1 14
32 1 22
22 2 20
23 2 12
30 2 39
7 1 1
33 1 35
51 2 49
5 1 3
1 2 62
13 1 2
20 1 19
63 1 0
63 1 32
51 1 3
7 1 32
13 1 1
35 1 44
7 2 11
108 2 35
80 1 33
71 2 3
17 1 13
18 2 24
30 2 33
20 1 1
2 1 71
34 1 47
31 1 22
64 1 7
68 1 4
16 1 9
45 1 44
20 2 32
61 1 11
9 1 71
63 1 3
1 2 108
3 4 1
71 2 4
35 1 43
3 1 19
3 2 32
7 1 35
23 2 3
3 1 4
14 2 31
109 1 3
68 2 77
24 2 18
54 1 32
37 1 1
19 1 18
71 2 1
44 1 5
80 1 27
34 1 42
49 1 1
82 2 1
33 2 61
36 1 35
16 2 30
28 1 11
23 2 26
25 1 71
44 1 109
82 2 3
29 1 28
34 2 31
7 1 76
43 6 44
43 1 11
35 1 68
11 2 7
4 2 5
35 1 64
40 1 39
39 1 32
35 1 14
35 1 21
3 7 1
42 1 7
11 1 26
51 1 13
7 2 1
14 2 54
44 1 35
20 1 25
108 1 78
11 2 22
9 1 16
18 1 11
25 1 24
32 1 12
8 1 7
78 1 3
47 2 42
82 2 5
15 1 11
21 1 23
45 1 46
32 1 1
22 2 10
1 2 22
7 1 22
30 1 11
3 2 1
11 1 20
44 2 68
0 2 71
22 2 6
4 1 49
3 1 23
2 2 1
3 2 108
3 1 8
20 2 23
11 1 80
24 1 3
42 1 11
51 1 9
32 1 3
3 1 22
23 2 7
32 1 44
63 1 82
17 1 9
5 1 82
45 1 63
23 2 11
49 1 9
68 1 32
3 2 22
22 2 7
68 1 3
77 1 71
10 2 22
3 2 19
1 2 35
11 1 76
6 2 23
3 1 1
40 1 30
63 1 62
23 2 6
8 2 22
0 1 3
21 1 11
3 1 12
7 1 6
9 1 82
44 1 4
34 1 27
1 2 4
35 1 25
63 1 35
5 2 3
44 2 63
1 1 12
30 1 7
16 1 7
26 2 23
68 2 14
0 1 1
3 2 15
40 2 34
104 1 3
9 1 1
3 2 23
44 1 0
35 2 3
11 1 12
2 1 1
44 1 82
76 1 42
44 1 62
32 1 64
26 1 19
63 1 2
24 1 7
62 2 35
49 1 13
54 1 1
33 1 7
23 2 10
54 2 63
1 1 23
47 1 40
17 2 31
34 1 33
68 1 35
3 2 25
73 1 37
25 1 108
20 2 22
44 1 2
32 1 63
35 1 63
78 1 1
63 1 71
26 1 1
35 1 15
15 1 7
39 1 11
54 2 44
13 1 3
7 1 23
27 2 39
32 1 11
44 2 104
2 1 82
40 1 33
39 2 47
1 5 3
11 1 10
63 2 44
62 1 51
11 1 22
22 2 12
64 6 63
14 2 68
3 2 73
82 2 4
35 1 104
22 2 8
9 1 5
1 1 4
32 1 36
25 2 63
1 1 19
1 2 16
39 2 42
12 2 22
104 1 73
71 2 5
24 1 1
1 2 26
26 2 32
23 2 22
80 1 61
104 2 25
35 1 17
39 1 7
7 2 23
26 1 3
32 1 21
25 2 44
77 1 62
34 2 21
2 1 3
17 2 63
4 2 32
62 1 49
7 1 20
61 1 7
21 2 15
77 1 82
35 1 40
8 2 23
10 2 23
9 1 3
1 7 3
82 2 2
11 1 1
32 1 31
3 2 4
1 2 3
76 1 39
11 2 23
31 1 11
31 2 21
32 1 43
9 2 13
25 1 3
63 1 5
14 1 9
21 1 7
35 1 11
23 2 8
22 2 23
79 2 46
39 1 35
25 1 18
12 1 11
33 1 11
79 1 1
44 1 71
21 2 43
7 1 3
1 1 3
32 1 34
45 1 79
32 1 54
25 1 82
35 1 77
22 2 26
11 1 8
33 1 32
62 2 2
20 2 35
46 1 1
54 1 3
12 1 7
17 2 43
68 1 62
71 2 82
63 1 4
32 1 23
3 2 12
14 2 17
21 2 14
76 1 30
7 1 80
109 2 82
3 2 16
18 1 7
7 1 10
49 2 51
35 1 7
1 2 15
14 1 13
31 1 23
49 1 3
11 1 6
21 2 31
18 1 1
3 1 25
34 1 39
17 2 14
6 2 22
22 2 3
77 1 2
44 1 32
23 2 20
1 2 19
104 1 71
42 1 35
12 2 23
13 1 5
68 1 82
35 1 31
21 2 64
44 1 1
5 1 71
54 1 62
7 1 12
1 1 22
25 1 1
71 2 2
35 1 34
45 1 25
63 1 1
27 1 11
4 2 2
25 1 35
1 2 12
16 1 11
19 1 24
73 2 32
8 1 11
36 1 29
43 6 63
13 1 15
30 2 28
1 2 8
5 1 1
3 2 62
104 2 44
17 2 54
5 2 1
32 1 7
71 2 62
1 2 25
43 1 7
4 2 35
26 2 22
? 1 github_java_program_data/8/626.java

32 1 56
40 2 14
17 2 64
3 2 15
40 2 34
104 1 3
9 1 1
11 1 23
7 1 6
24 1 11
14 2 17
3 2 23
1 4 3
79 1 3
9 1 15
45 1 46
3 5 1
1 1 25
71 2 3
2 1 1
31 1 7
54 1 71
14 2 34
24 1 7
62 2 35
2 2 1
54 1 1
35 1 63
22 2 1
11 1 3
64 6 44
1 2 32
25 2 54
63 1 62
13 1 82
82 2 71
31 1 11
1 1 23
86 1 3
4 1 51
34 1 33
68 1 35
3 2 25
15 1 7
32 1 17
44 1 82
2 2 3
20 2 22
44 1 2
49 1 9
32 1 63
40 2 31
68 2 63
68 1 32
78 1 1
40 1 27
20 1 3
63 1 71
79 2 104
26 1 1
27 1 7
34 2 40
7 1 26
49 1 78
13 1 3
7 1 23
13 1 16
44 1 3
82 2 3
46 2 79
2 1 82
1 2 23
32 1 14
22 2 20
1 5 3
30 2 39
11 1 10
7 1 1
45 1 86
62 1 51
33 1 35
31 2 21
35 1 56
51 2 49
23 2 3
1 2 62
35 1 68
13 1 2
20 1 19
104 1 71
87 1 7
63 1 32
64 1 11
13 1 1
63 1 35
35 1 44
26 1 25
62 2 32
40 2 21
3 2 22
9 1 5
17 1 13
18 2 24
9 1 2
20 1 1
2 1 71
18 1 3
5 2 1
1 1 19
64 1 7
3 2 35
68 1 4
3 2 19
71 2 5
24 1 1
9 1 71
46 1 3
63 1 3
23 2 22
3 4 1
35 1 43
3 1 19
17 2 40
35 1 17
26 1 3
32 1 21
18 1 7
34 2 21
21 1 7
24 2 18
54 1 32
19 1 18
62 1 49
44 1 5
86 2 79
63 1 2
82 2 1
22 2 23
35 1 40
16 1 7
9 1 82
9 1 3
82 2 2
25 1 71
32 1 40
11 1 1
32 1 31
3 2 4
27 2 33
35 1 54
34 2 31
35 1 14
34 2 64
15 1 11
43 1 11
32 1 43
19 1 24
49 2 51
63 1 5
5 1 82
2 1 3
23 2 26
35 1 64
40 1 39
79 2 46
39 1 35
39 1 32
25 1 18
23 2 6
35 1 21
3 7 1
14 1 9
63 2 44
11 1 26
21 2 43
51 1 13
40 2 17
7 1 3
1 1 3
32 1 34
44 1 35
1 2 15
14 2 68
20 1 25
25 1 82
44 1 32
64 6 63
22 2 26
9 1 16
18 1 11
22 2 6
25 1 24
1 2 16
33 1 32
54 2 68
23 2 10
14 2 25
56 1 11
11 1 22
82 2 5
4 1 49
68 1 62
104 1 35
16 1 11
49 1 3
5 1 3
22 2 10
1 2 22
1 7 3
34 1 30
3 2 16
3 1 4
7 1 10
7 1 22
30 1 11
56 1 7
11 1 20
3 2 78
27 2 39
23 2 1
32 1 68
14 1 13
3 1 23
11 1 6
44 2 63
21 2 31
20 2 23
18 1 1
32 1 44
3 1 25
31 2 64
4 2 32
17 2 14
51 1 9
71 2 1
3 1 22
22 2 3
7 1 20
32 1 87
23 2 20
87 1 11
26 1 19
1 2 19
68 2 44
17 1 9
31 2 43
13 1 5
68 1 82
35 1 31
44 1 1
1 1 22
5 2 3
71 2 2
35 1 34
35 1 87
63 1 1
1 2 25
45 1 104
26 2 22
3 1 1
40 1 30
30 2 33
43 1 7
45 1 79
43 6 63
21 1 11
13 1 15
13 1 71
5 1 1
3 2 62
44 1 4
34 1 27
1 2 4
35 1 25
54 1 62
25 1 1
68 1 3
27 1 11
30 1 7
25 1 32
4 2 35
26 2 23
68 1 71
? 1 github_java_program_data/8/628.java

3 2 15
40 2 34
108 1 7
11 1 23
45 1 79
7 1 6
24 1 11
3 2 23
1 4 3
9 1 15
108 2 35
45 1 46
3 5 1
71 2 3
2 1 1
31 1 7
82 2 2
32 1 64
63 1 2
14 2 34
24 1 7
62 2 35
49 1 13
22 2 1
11 1 3
64 6 44
23 2 10
82 2 71
23 2 1
2 2 1
17 2 31
4 1 51
34 1 33
18 1 3
27 2 33
15 1 7
32 1 17
25 1 108
79 2 25
68 2 63
35 1 63
20 1 3
44 1 82
26 1 1
27 1 7
34 2 40
7 1 26
22 2 10
13 1 3
9 1 2
13 1 16
44 1 3
82 2 3
46 2 79
2 1 82
1 2 23
32 1 14
22 2 20
1 2 6
1 5 3
43 6 44
30 2 39
11 1 10
7 1 1
45 1 86
62 1 51
33 1 35
51 2 49
31 2 43
1 2 62
35 1 68
13 1 2
1 2 108
20 1 19
14 2 68
63 1 32
34 2 14
64 1 11
13 1 1
35 1 44
26 1 25
62 2 32
3 2 22
9 1 5
17 1 13
18 2 24
7 1 23
44 2 17
20 1 1
86 1 3
71 2 2
1 1 19
64 1 7
35 1 34
71 2 5
24 1 1
17 2 21
9 1 71
46 1 3
63 1 3
23 2 22
3 4 1
14 2 43
35 1 17
3 1 19
14 2 40
23 2 3
26 1 3
32 1 21
2 1 3
24 2 18
31 2 17
19 1 18
62 1 49
7 1 20
35 1 43
14 2 31
1 2 16
40 2 64
9 1 82
16 1 7
9 1 3
44 1 62
25 1 71
32 1 40
11 1 1
32 1 31
3 2 4
14 2 17
25 1 18
34 2 64
15 1 11
43 1 11
32 1 43
19 1 24
3 2 10
11 1 20
63 1 5
14 1 9
21 1 7
23 2 26
35 1 64
40 1 39
79 2 46
39 1 35
18 1 22
35 1 14
35 1 21
3 7 1
31 1 11
63 2 44
44 1 71
51 1 13
7 1 3
1 1 3
32 1 34
44 1 35
1 2 15
20 1 25
44 1 32
22 2 26
24 1 23
18 1 11
25 1 24
11 1 26
33 1 32
11 1 22
82 2 5
4 1 49
21 1 11
71 2 82
16 1 11
63 1 4
5 1 3
14 2 44
11 1 6
1 2 22
1 7 3
3 2 16
18 1 7
7 1 10
7 1 22
30 1 11
3 2 1
49 2 51
7 1 1
22 2 6
14 1 13
3 1 23
1 1 23
44 2 63
21 2 31
24 1 3
44 1 4
18 1 1
64 6 63
3 2 25
31 2 64
4 2 32
17 2 14
51 1 9
71 2 1
3 1 22
22 2 3
44 1 5
79 1 3
17 2 34
2 2 3
63 1 82
1 2 19
7 1 3
17 1 9
13 1 5
49 1 9
68 1 32
44 1 1
1 1 22
25 1 1
9 1 16
3 2 19
45 1 25
63 1 1
27 1 11
86 2 79
25 1 35
3 1 1
40 1 30
23 2 6
9 1 1
43 6 63
68 1 62
13 1 15
13 1 71
5 1 1
3 2 62
35 1 31
34 1 27
1 2 4
5 2 1
35 1 40
5 2 3
68 1 3
1 2 25
30 1 7
43 1 7
4 2 35
68 1 71
? 1 github_java_program_data/8/68.java

9 1 3
82 2 2
25 1 71
44 1 109
11 1 1
4 1 51
3 2 4
24 1 11
3 2 23
43 6 44
32 1 43
1 1 25
2 1 1
25 1 3
44 1 62
84 2 44
2 1 3
49 1 13
82 2 5
2 2 1
3 2 78
44 1 71
84 1 4
77 2 84
1 1 3
23 2 1
20 1 25
25 1 82
44 1 32
109 1 1
3 2 25
84 1 5
25 1 24
2 2 3
44 1 2
84 2 77
35 1 84
78 1 1
20 1 3
51 2 49
71 2 82
49 1 78
45 1 46
3 1 23
13 1 3
77 1 3
9 1 2
1 2 22
82 2 3
46 2 79
18 1 7
3 1 4
25 1 0
49 2 51
79 2 46
79 1 1
45 1 86
62 1 51
46 1 1
4 1 49
49 1 3
1 1 23
1 2 62
13 1 2
0 1 19
24 1 3
86 1 1
84 1 71
84 1 82
51 1 9
35 1 44
1 2 4
22 2 3
77 1 2
46 2 25
9 1 5
1 2 19
62 2 32
18 1 3
13 1 5
1 1 19
0 2 71
44 1 1
1 1 22
77 1 71
71 2 2
3 2 19
45 1 25
86 2 79
25 1 35
109 2 71
3 1 1
3 2 35
45 1 79
35 1 77
0 1 3
84 1 3
77 1 62
7 1 6
5 1 1
3 2 62
19 1 18
62 1 49
7 1 20
5 2 3
1 2 25
43 1 7
77 1 82
? 1 github_java_program_data/8/7.java

65 1 32
3 2 15
38 1 15
108 1 7
11 1 23
32 1 13
24 1 11
13 1 35
1 4 3
44 1 0
38 2 35
3 5 1
77 1 16
1 1 25
2 1 1
29 2 35
31 1 7
82 2 2
26 1 19
63 1 2
65 2 41
24 1 7
62 2 35
116 1 32
116 1 35
22 2 1
11 1 3
13 1 18
3 4 1
92 1 48
109 1 1
35 2 48
78 2 7
29 2 32
13 1 82
13 1 16
20 1 1
82 2 71
31 1 11
1 1 23
35 2 98
35 1 65
4 1 51
34 1 33
3 2 25
15 1 7
116 1 10
44 2 77
9 1 63
25 1 108
18 1 7
44 1 2
68 1 82
9 1 18
9 1 0
3 2 18
68 1 32
78 1 1
13 1 63
20 1 3
29 1 16
26 1 1
27 1 7
34 2 40
7 1 26
41 1 38
22 2 10
49 2 51
3 2 63
77 1 62
13 1 3
77 1 3
9 1 2
35 1 41
44 1 3
82 2 3
38 2 32
1 2 23
22 2 20
1 5 3
30 2 39
11 1 10
7 1 1
45 1 86
62 1 51
98 1 4
33 1 35
36 1 32
51 2 49
15 2 35
23 2 3
1 2 62
32 1 92
13 1 2
20 1 19
77 1 82
86 1 1
35 1 63
35 1 70
13 1 1
16 2 35
35 1 44
26 1 25
35 1 116
26 2 22
32 1 67
41 1 32
3 2 22
9 1 5
17 1 13
71 2 2
7 1 23
32 1 36
18 1 3
67 1 30
14 2 17
68 1 4
16 1 9
3 2 19
71 2 5
24 1 1
9 1 71
35 1 72
46 1 3
63 1 3
23 2 22
98 2 62
92 1 35
3 1 19
92 2 31
23 2 20
35 1 17
21 2 36
4 2 35
26 1 3
29 1 15
32 1 21
31 2 92
46 2 79
18 1 7
109 1 3
48 1 32
2 1 3
24 2 18
19 1 18
62 1 49
44 1 5
13 1 15
3 2 108
21 2 65
63 2 72
30 1 11
77 1 32
35 1 40
16 1 7
63 1 109
9 1 3
1 7 3
44 1 62
25 1 71
44 1 109
11 1 1
32 1 31
3 2 4
49 1 13
27 2 33
41 2 36
27 2 32
35 1 14
15 1 11
31 2 21
35 1 68
92 1 98
19 1 24
25 1 3
27 2 35
63 1 5
14 1 9
21 1 7
63 2 44
40 1 39
2 2 1
39 1 32
25 1 18
23 2 6
35 1 21
3 7 1
79 1 1
11 1 26
51 1 13
7 1 3
1 1 3
44 1 35
45 1 79
14 2 68
20 1 25
25 1 82
15 1 13
70 2 63
18 2 24
68 2 44
22 2 26
65 1 27
18 1 11
22 2 6
25 1 24
44 1 71
33 1 32
72 2 44
23 2 10
38 1 16
11 1 22
82 2 5
79 2 25
21 2 116
35 1 92
35 1 36
18 1 11
67 1 35
71 2 82
13 1 15
45 1 46
63 1 4
5 1 3
67 2 41
41 1 35
1 2 22
92 1 62
22 2 23
3 2 23
109 2 82
63 1 7
7 1 10
7 1 22
36 1 35
98 1 32
11 1 20
0 2 71
23 2 1
4 1 49
3 1 23
62 1 35
44 2 70
44 2 63
21 2 31
62 2 32
24 1 3
10 1 35
18 1 1
35 1 77
3 1 25
36 2 31
4 2 32
17 2 14
51 1 9
3 1 22
22 2 3
77 1 2
108 1 78
7 1 20
79 1 3
63 1 32
2 2 3
63 1 82
1 2 19
7 1 3
63 1 62
1 2 18
13 1 5
49 1 9
35 1 31
44 1 1
16 2 32
1 1 22
77 1 71
32 2 10
48 1 62
35 1 34
45 1 25
79 2 46
63 1 1
32 1 41
116 1 98
35 1 77
86 2 79
25 1 35
1 2 25
109 2 71
3 1 1
40 1 30
36 2 21
44 1 32
9 1 1
65 1 35
0 1 3
30 2 35
21 1 11
32 1 116
7 1 6
5 1 1
3 2 62
44 1 4
34 1 27
1 2 4
5 2 1
5 2 3
68 1 3
27 1 11
30 1 7
36 1 29
108 2 35
0 1 1
? 1 github_java_program_data/8/80.java

9 1 3
3 2 22
44 1 62
25 1 71
9 1 1
4 1 51
24 1 11
27 2 33
14 2 17
3 2 23
34 2 31
9 1 15
31 1 11
43 1 11
32 1 43
3 5 1
79 2 25
2 1 1
49 2 51
63 1 5
14 1 9
21 1 7
23 2 26
35 1 64
22 2 23
24 1 7
2 2 1
25 1 18
35 1 21
11 1 3
68 2 44
3 4 1
11 1 23
44 1 71
51 1 13
7 1 3
1 1 3
32 1 34
1 2 15
1 2 22
11 1 1
1 2 4
44 1 32
63 2 44
32 1 31
34 1 33
22 2 26
18 1 11
15 1 7
25 1 24
11 1 26
1 1 23
1 2 32
44 1 2
68 1 82
32 1 63
3 2 25
33 1 35
1 4 3
82 2 5
43 6 63
51 2 49
22 2 1
26 1 1
27 1 7
3 7 1
16 1 11
63 1 4
5 1 3
13 1 3
43 6 44
7 1 23
13 1 16
1 7 3
44 1 3
46 2 79
3 2 16
18 1 7
7 1 6
7 1 22
1 5 3
11 1 20
23 2 22
79 2 46
7 1 1
64 6 63
45 1 86
62 1 51
23 2 1
32 1 68
11 1 22
4 1 49
31 2 21
3 1 23
11 1 6
23 2 3
44 2 63
21 2 31
13 1 2
20 1 19
32 1 44
2 1 3
17 2 14
19 1 18
13 1 1
68 1 1
82 2 2
71 2 1
3 1 22
45 1 46
62 2 32
32 1 14
79 1 3
23 2 20
2 2 3
17 1 13
18 2 24
9 1 2
20 1 1
86 1 3
13 1 5
49 1 9
68 1 32
64 1 7
68 1 4
1 2 19
71 2 5
24 1 1
1 1 22
5 2 3
13 1 71
46 1 3
71 2 2
3 2 19
45 1 25
4 2 32
1 2 23
63 1 1
3 2 15
63 1 82
35 1 43
3 1 19
3 1 1
19 1 24
26 1 3
23 2 6
32 1 21
45 1 79
26 1 19
21 1 11
32 1 17
17 2 68
20 1 25
5 1 1
3 2 62
24 2 18
7 1 10
34 1 27
26 1 25
44 1 5
86 2 79
5 2 1
63 1 35
25 1 1
22 2 3
1 2 25
82 2 1
25 1 32
4 2 35
9 1 82
? 1 github_java_program_data/8/83.java

9 1 3
82 2 2
25 1 71
44 1 109
11 1 1
4 1 51
3 2 4
24 1 11
3 2 23
43 6 44
32 1 43
1 1 25
2 1 1
25 1 3
44 1 62
84 2 44
2 1 3
49 1 13
82 2 5
2 2 1
3 2 78
44 1 71
84 1 4
77 2 84
1 1 3
23 2 1
20 1 25
25 1 82
44 1 32
109 1 1
3 2 25
84 1 5
25 1 24
2 2 3
44 1 2
84 2 77
35 1 84
78 1 1
20 1 3
51 2 49
71 2 82
49 1 78
45 1 46
3 1 23
13 1 3
77 1 3
9 1 2
1 2 22
82 2 3
46 2 79
18 1 7
3 1 4
25 1 0
49 2 51
79 2 46
79 1 1
45 1 86
62 1 51
46 1 1
4 1 49
49 1 3
1 1 23
1 2 62
13 1 2
0 1 19
24 1 3
86 1 1
84 1 71
84 1 82
51 1 9
35 1 44
1 2 4
22 2 3
77 1 2
46 2 25
9 1 5
1 2 19
62 2 32
18 1 3
13 1 5
1 1 19
0 2 71
44 1 1
1 1 22
77 1 71
71 2 2
3 2 19
45 1 25
86 2 79
25 1 35
109 2 71
3 1 1
3 2 35
45 1 79
35 1 77
0 1 3
84 1 3
77 1 62
7 1 6
5 1 1
3 2 62
19 1 18
62 1 49
7 1 20
5 2 3
1 2 25
43 1 7
77 1 82
? 1 github_java_program_data/8/97.java

