43 1 7
23 2 20
29 1 27
14 1 9
3 1 12
44 2 63
7 1 26
22 2 20
14 2 36
7 1 23
14 2 17
1 1 22
35 1 34
20 1 1
18 1 11
27 2 33
14 1 13
29 1 15
44 1 32
62 2 35
20 2 23
82 2 5
15 1 13
62 2 32
30 1 11
40 1 39
32 1 44
63 1 35
63 1 62
4 2 35
32 1 43
43 6 63
65 2 64
22 2 10
11 1 1
44 1 4
11 1 6
22 2 3
1 2 62
44 1 35
11 1 26
32 1 17
11 1 3
64 6 44
2 1 1
35 1 43
7 1 22
1 5 3
71 2 2
25 1 24
15 1 11
25 1 3
3 2 22
45 1 25
17 2 14
43 6 44
15 1 7
40 2 64
3 5 1
15 2 27
9 1 1
24 2 18
63 2 44
25 1 18
7 1 1
3 1 1
51 2 49
2 2 1
49 1 13
49 1 9
4 2 32
65 1 27
1 2 15
17 1 13
3 2 8
13 1 5
17 2 64
22 2 6
82 2 2
7 1 6
1 2 25
71 2 3
25 1 32
13 1 3
27 2 35
63 1 5
3 1 23
49 2 51
79 2 25
28 1 11
26 1 1
4 1 49
35 1 21
39 1 62
20 1 19
44 1 2
35 1 14
27 2 28
34 1 30
36 1 29
30 1 7
30 2 33
7 1 3
64 6 63
13 1 1
3 2 16
9 1 16
1 2 19
22 2 23
51 1 13
21 1 7
19 1 18
40 1 30
36 2 43
5 1 3
17 2 34
18 2 24
5 2 1
34 2 40
17 2 65
11 1 22
22 2 1
29 2 35
3 1 22
30 2 39
44 1 82
33 1 32
27 1 7
26 1 25
3 2 12
33 1 35
40 2 34
34 1 27
16 1 7
35 1 64
20 1 3
26 2 23
19 1 24
11 1 10
32 1 64
3 4 1
26 1 3
24 1 7
20 2 22
26 2 22
11 1 20
2 1 3
7 1 20
86 1 3
25 1 71
71 2 5
14 2 43
23 2 1
2 2 3
64 1 7
1 1 23
7 1 39
63 1 3
62 1 51
22 2 26
23 2 6
32 1 14
23 2 10
7 1 10
63 1 2
9 1 2
44 1 3
65 1 35
79 1 1
32 1 36
9 1 3
51 1 9
35 1 40
1 2 22
32 1 63
13 1 2
18 1 7
5 1 1
63 1 71
1 4 3
13 1 16
44 1 1
3 2 62
3 2 23
45 1 86
11 1 23
36 1 35
63 1 1
1 2 23
3 2 4
32 1 65
3 2 32
1 1 8
39 1 32
39 1 32
3 2 15
1 2 16
1 1 3
17 1 9
3 2 19
64 1 11
29 1 28
43 1 11
23 2 3
3 2 25
13 1 15
24 1 11
35 1 17
12 1 7
16 1 11
86 2 79
45 1 79
44 1 5
62 1 49
5 2 3
32 1 11
23 2 22
1 2 4
9 1 5
9 1 15
23 2 26
63 1 32
34 1 33
? 1 github_java_program_data/28/120.java

11 1 22
9 1 16
22 2 1
23 2 20
29 1 27
3 1 22
30 2 39
44 1 82
38 1 16
11 1 1
18 1 7
27 1 7
14 2 36
7 1 23
26 1 25
5 1 1
35 1 34
3 2 16
20 1 1
35 1 41
1 2 15
18 1 11
35 1 44
20 1 3
14 1 13
26 2 23
19 1 24
41 1 32
29 1 15
44 1 32
20 2 23
32 1 64
11 1 20
35 1 64
35 1 17
26 1 3
24 1 7
16 1 13
2 1 3
40 1 39
63 1 35
63 1 62
7 1 20
86 1 3
25 1 71
44 2 63
32 1 43
36 2 64
63 1 71
23 2 1
41 2 64
39 1 35
33 1 32
27 2 37
2 2 3
64 1 7
1 1 23
11 1 6
63 2 44
22 2 3
5 2 3
27 1 11
3 1 1
11 1 3
62 1 51
86 2 25
1 2 4
64 6 44
26 2 22
32 1 14
35 1 43
7 1 22
7 1 10
41 1 38
43 1 11
25 1 24
9 1 2
28 1 11
63 1 2
32 1 40
3 2 22
45 1 25
35 1 63
1 2 35
1 1 22
32 1 36
3 5 1
15 2 27
40 1 30
1 2 22
13 1 2
15 1 9
9 1 1
7 1 26
11 1 10
64 6 63
38 1 37
29 2 35
25 1 18
7 1 1
44 1 1
2 2 1
4 2 32
49 1 9
22 2 10
25 1 1
29 1 28
3 2 23
45 1 86
13 1 5
11 1 23
36 1 35
64 1 11
1 2 23
82 2 2
7 1 6
1 2 25
5 2 1
43 6 44
38 2 32
71 2 2
3 1 23
2 1 1
1 5 3
37 1 7
36 1 29
15 1 7
1 1 3
4 1 49
71 2 1
17 1 9
25 1 35
20 1 19
44 1 2
13 1 3
27 2 28
34 1 30
62 2 35
44 1 4
30 1 7
1 2 19
30 2 33
7 1 3
3 2 25
13 1 1
23 2 26
22 2 20
13 1 15
24 1 11
38 1 27
11 1 26
16 1 11
51 1 13
43 1 7
1 4 3
19 1 18
17 2 41
9 1 3
5 1 3
3 2 19
22 2 6
63 1 3
30 1 11
9 1 5
26 1 1
23 2 3
16 2 27
3 2 62
34 1 33
3 4 1
? 1 github_java_program_data/28/125.java

14 2 34
23 2 20
29 1 27
14 1 9
3 1 12
44 2 63
11 1 1
22 2 20
14 2 36
7 1 23
4 2 32
1 1 22
35 1 34
9 1 82
20 1 1
18 1 11
14 1 13
29 1 15
44 1 32
62 2 35
3 2 8
40 1 39
32 1 44
63 1 35
63 1 62
11 1 26
71 2 5
7 1 26
44 1 4
11 1 6
22 2 3
1 2 62
5 2 3
3 1 1
32 1 17
11 1 3
2 1 1
7 1 22
71 2 2
1 2 12
25 1 24
15 1 11
25 1 3
32 1 40
3 2 22
45 1 25
17 2 14
15 1 7
3 5 1
15 2 27
82 2 71
86 2 25
32 1 21
38 1 37
38 2 32
63 1 82
7 1 1
2 2 1
49 1 13
29 1 28
36 2 21
13 1 5
22 2 6
35 1 31
7 1 6
1 2 25
71 2 3
25 1 32
35 1 14
3 1 23
1 5 3
26 1 1
4 1 49
35 1 21
20 1 19
13 1 3
27 2 28
34 1 30
36 1 29
30 1 7
30 2 33
7 1 3
38 1 15
3 2 16
38 1 27
1 2 19
39 1 35
51 1 13
86 1 1
21 1 7
19 1 18
3 2 32
5 1 3
9 1 71
14 2 17
18 2 24
5 2 1
32 1 31
32 1 63
31 1 7
11 1 22
22 2 1
3 1 8
3 1 22
30 2 39
44 1 82
33 1 32
15 1 9
26 1 25
3 2 12
14 2 40
35 1 41
16 1 7
24 1 11
26 2 23
19 1 24
41 1 32
11 1 10
3 4 1
26 1 3
24 1 7
20 2 22
11 1 20
2 1 3
1 2 8
7 1 20
25 1 71
8 1 11
1 7 3
23 2 1
27 2 37
2 2 3
31 1 11
1 1 23
12 1 11
27 1 11
62 1 51
22 2 26
21 1 11
23 2 6
32 1 14
7 1 10
41 1 38
63 1 2
9 1 2
44 1 3
25 1 18
32 1 36
44 1 5
40 1 30
1 2 22
44 1 71
13 1 2
18 1 7
5 1 1
63 1 71
14 2 44
21 2 31
1 4 3
13 1 16
3 2 23
45 1 86
11 1 23
36 1 35
63 1 1
1 2 23
3 2 4
1 1 8
3 2 15
1 2 16
37 1 7
1 1 3
17 1 9
9 1 5
41 2 31
17 1 13
9 1 16
23 2 3
3 2 25
13 1 15
20 1 3
35 1 17
12 1 7
1 1 12
28 1 7
10 2 22
9 1 3
13 1 1
29 2 35
3 2 19
31 2 21
9 1 15
6 2 23
34 1 33
? 1 github_java_program_data/28/140.java

43 1 7
23 2 20
29 1 27
14 1 9
3 1 12
44 2 63
7 1 26
22 2 20
14 2 36
7 1 23
14 2 17
1 1 22
35 1 34
20 1 1
18 1 11
27 2 33
14 1 13
29 1 15
44 1 32
62 2 35
20 2 23
82 2 5
15 1 13
62 2 32
30 1 11
40 1 39
32 1 44
63 1 35
63 1 62
4 2 35
32 1 43
43 6 63
65 2 64
22 2 10
11 1 1
44 1 4
11 1 6
22 2 3
1 2 62
44 1 35
11 1 26
32 1 17
11 1 3
64 6 44
2 1 1
35 1 43
7 1 22
1 5 3
71 2 2
25 1 24
15 1 11
25 1 3
3 2 22
45 1 25
17 2 14
43 6 44
15 1 7
40 2 64
3 5 1
15 2 27
9 1 1
24 2 18
63 2 44
25 1 18
7 1 1
3 1 1
51 2 49
2 2 1
49 1 13
49 1 9
4 2 32
65 1 27
1 2 15
17 1 13
3 2 8
13 1 5
17 2 64
22 2 6
82 2 2
7 1 6
1 2 25
71 2 3
25 1 32
13 1 3
27 2 35
63 1 5
3 1 23
49 2 51
79 2 25
28 1 11
26 1 1
4 1 49
35 1 21
39 1 62
20 1 19
44 1 2
35 1 14
27 2 28
34 1 30
36 1 29
30 1 7
30 2 33
7 1 3
64 6 63
13 1 1
3 2 16
9 1 16
1 2 19
22 2 23
51 1 13
21 1 7
19 1 18
40 1 30
36 2 43
5 1 3
17 2 34
18 2 24
5 2 1
34 2 40
17 2 65
11 1 22
22 2 1
29 2 35
3 1 22
30 2 39
44 1 82
33 1 32
27 1 7
26 1 25
3 2 12
33 1 35
40 2 34
34 1 27
16 1 7
35 1 64
20 1 3
26 2 23
19 1 24
11 1 10
32 1 64
3 4 1
26 1 3
24 1 7
20 2 22
26 2 22
11 1 20
2 1 3
7 1 20
86 1 3
25 1 71
71 2 5
14 2 43
23 2 1
2 2 3
64 1 7
1 1 23
7 1 39
63 1 3
62 1 51
22 2 26
23 2 6
32 1 14
23 2 10
7 1 10
63 1 2
9 1 2
44 1 3
65 1 35
79 1 1
32 1 36
9 1 3
51 1 9
35 1 40
1 2 22
32 1 63
13 1 2
18 1 7
5 1 1
63 1 71
1 4 3
13 1 16
44 1 1
3 2 62
3 2 23
45 1 86
11 1 23
36 1 35
63 1 1
1 2 23
3 2 4
32 1 65
3 2 32
1 1 8
39 1 32
39 1 32
3 2 15
1 2 16
1 1 3
17 1 9
3 2 19
64 1 11
29 1 28
43 1 11
23 2 3
3 2 25
13 1 15
24 1 11
35 1 17
12 1 7
16 1 11
86 2 79
45 1 79
44 1 5
62 1 49
5 2 3
32 1 11
23 2 22
1 2 4
9 1 5
9 1 15
23 2 26
63 1 32
34 1 33
? 1 github_java_program_data/28/150.java

1 1 3
18 1 7
3 1 22
46 2 57
1 1 23
0 1 19
57 1 32
22 2 3
1 1 22
7 1 3
79 2 46
3 1 1
57 1 1
0 2 71
1 2 19
46 1 3
3 2 23
45 1 86
57 1 71
45 1 79
19 1 18
45 1 46
71 2 1
22 2 1
3 2 22
57 1 0
0 1 1
79 1 1
23 2 1
3 1 23
86 1 3
86 2 79
1 2 32
45 1 57
1 2 22
? 1 github_java_program_data/28/156.java

35 1 65
21 2 48
23 2 20
3 1 1
14 1 9
43 1 7
44 2 63
32 1 17
7 1 26
22 2 20
7 1 23
71 2 82
1 1 22
35 1 34
9 1 82
20 1 1
18 1 11
35 1 44
14 1 13
44 1 32
20 2 23
82 2 5
3 2 8
31 2 40
64 6 44
30 1 11
63 1 35
63 1 62
21 2 43
32 1 43
40 1 33
43 6 63
62 2 35
22 2 10
11 1 1
44 1 4
11 1 6
22 2 3
44 1 35
11 1 26
10 2 23
11 1 3
33 2 42
25 1 1
3 2 15
35 1 43
7 1 22
25 1 24
15 1 11
61 1 35
3 2 22
45 1 25
35 1 63
17 2 14
1 2 35
43 6 44
15 1 7
3 5 1
21 2 55
9 1 1
32 1 21
63 2 44
2 1 1
63 1 82
7 1 1
65 1 30
2 2 1
49 1 13
49 1 9
4 2 32
1 2 15
17 1 13
13 1 5
22 2 6
9 1 5
82 2 2
7 1 6
1 2 25
13 1 3
3 1 23
1 5 3
4 1 49
35 1 21
20 1 19
44 1 2
35 1 14
35 1 55
22 2 23
30 2 33
7 1 3
13 1 1
3 2 16
43 1 11
1 2 19
51 1 13
27 2 39
21 1 7
19 1 18
35 1 40
5 1 3
17 2 34
25 1 35
5 2 1
34 1 39
3 2 62
17 2 65
31 1 7
11 1 22
26 1 3
3 1 22
44 1 82
33 1 32
27 1 7
26 1 25
30 2 32
33 1 35
34 1 27
16 1 7
35 1 64
20 1 3
26 2 23
19 1 24
11 1 10
3 4 1
71 2 1
22 2 1
24 1 7
20 2 22
11 1 20
2 1 3
7 1 20
34 2 64
25 1 71
17 2 31
1 7 3
23 2 1
2 2 3
31 1 11
1 1 23
34 1 61
27 1 11
63 1 3
32 1 48
62 1 51
22 2 26
21 1 11
32 1 14
23 2 10
31 2 34
7 1 10
63 1 2
9 1 2
44 1 3
25 1 18
26 1 1
44 1 5
27 2 33
40 1 30
1 2 22
44 1 71
13 1 2
18 1 7
5 1 1
63 1 71
65 2 21
14 2 17
14 2 44
21 2 31
1 4 3
13 1 16
44 1 1
42 1 32
24 2 18
3 2 23
11 1 23
1 2 23
3 2 4
6 2 22
1 1 8
39 1 32
26 2 22
1 2 16
1 1 3
34 2 31
17 1 9
4 2 35
65 1 32
64 1 7
9 1 16
32 1 31
23 2 3
3 2 25
13 1 15
24 1 11
35 1 17
16 1 11
32 1 34
39 2 61
9 1 3
5 2 3
1 2 4
3 2 19
31 2 21
9 1 15
23 2 26
40 1 42
35 1 31
34 1 33
? 1 github_java_program_data/28/167.java

43 1 7
23 2 20
29 1 27
14 1 9
3 1 12
44 2 63
7 1 26
22 2 20
14 2 36
7 1 23
14 2 17
1 1 22
35 1 34
20 1 1
18 1 11
27 2 33
14 1 13
29 1 15
44 1 32
62 2 35
20 2 23
82 2 5
15 1 13
62 2 32
30 1 11
40 1 39
32 1 44
63 1 35
63 1 62
4 2 35
32 1 43
43 6 63
65 2 64
22 2 10
11 1 1
44 1 4
11 1 6
22 2 3
1 2 62
44 1 35
11 1 26
32 1 17
11 1 3
64 6 44
2 1 1
35 1 43
7 1 22
1 5 3
71 2 2
25 1 24
15 1 11
25 1 3
3 2 22
45 1 25
17 2 14
43 6 44
15 1 7
40 2 64
3 5 1
15 2 27
9 1 1
24 2 18
63 2 44
25 1 18
7 1 1
3 1 1
51 2 49
2 2 1
49 1 13
49 1 9
4 2 32
65 1 27
1 2 15
17 1 13
3 2 8
13 1 5
17 2 64
22 2 6
82 2 2
7 1 6
1 2 25
71 2 3
25 1 32
13 1 3
27 2 35
63 1 5
3 1 23
49 2 51
79 2 25
28 1 11
26 1 1
4 1 49
35 1 21
39 1 62
20 1 19
44 1 2
35 1 14
27 2 28
34 1 30
36 1 29
30 1 7
30 2 33
7 1 3
64 6 63
13 1 1
3 2 16
9 1 16
1 2 19
22 2 23
51 1 13
21 1 7
19 1 18
40 1 30
36 2 43
5 1 3
17 2 34
18 2 24
5 2 1
34 2 40
17 2 65
11 1 22
22 2 1
29 2 35
3 1 22
30 2 39
44 1 82
33 1 32
27 1 7
26 1 25
3 2 12
33 1 35
40 2 34
34 1 27
16 1 7
35 1 64
20 1 3
26 2 23
19 1 24
11 1 10
32 1 64
3 4 1
26 1 3
24 1 7
20 2 22
26 2 22
11 1 20
2 1 3
7 1 20
86 1 3
25 1 71
71 2 5
14 2 43
23 2 1
2 2 3
64 1 7
1 1 23
7 1 39
63 1 3
62 1 51
22 2 26
23 2 6
32 1 14
23 2 10
7 1 10
63 1 2
9 1 2
44 1 3
65 1 35
79 1 1
32 1 36
9 1 3
51 1 9
35 1 40
1 2 22
32 1 63
13 1 2
18 1 7
5 1 1
63 1 71
1 4 3
13 1 16
44 1 1
3 2 62
3 2 23
45 1 86
11 1 23
36 1 35
63 1 1
1 2 23
3 2 4
32 1 65
3 2 32
1 1 8
39 1 32
39 1 32
3 2 15
1 2 16
1 1 3
17 1 9
3 2 19
64 1 11
29 1 28
43 1 11
23 2 3
3 2 25
13 1 15
24 1 11
35 1 17
12 1 7
16 1 11
86 2 79
45 1 79
44 1 5
62 1 49
5 2 3
32 1 11
23 2 22
1 2 4
9 1 5
9 1 15
23 2 26
63 1 32
34 1 33
? 1 github_java_program_data/28/180.java

11 1 22
9 1 16
22 2 1
23 2 20
29 1 27
3 1 22
30 2 39
44 1 82
38 1 16
11 1 1
18 1 7
27 1 7
14 2 36
7 1 23
26 1 25
5 1 1
35 1 34
3 2 16
20 1 1
35 1 41
1 2 15
18 1 11
35 1 44
20 1 3
14 1 13
26 2 23
19 1 24
41 1 32
29 1 15
44 1 32
20 2 23
32 1 64
11 1 20
35 1 64
35 1 17
26 1 3
24 1 7
16 1 13
2 1 3
40 1 39
63 1 35
63 1 62
7 1 20
86 1 3
25 1 71
44 2 63
32 1 43
36 2 64
63 1 71
23 2 1
41 2 64
39 1 35
33 1 32
27 2 37
2 2 3
64 1 7
1 1 23
11 1 6
63 2 44
22 2 3
5 2 3
27 1 11
3 1 1
11 1 3
62 1 51
86 2 25
1 2 4
64 6 44
26 2 22
32 1 14
35 1 43
7 1 22
7 1 10
41 1 38
43 1 11
25 1 24
9 1 2
28 1 11
63 1 2
32 1 40
3 2 22
45 1 25
35 1 63
1 2 35
1 1 22
32 1 36
3 5 1
15 2 27
40 1 30
1 2 22
13 1 2
15 1 9
9 1 1
7 1 26
11 1 10
64 6 63
38 1 37
29 2 35
25 1 18
7 1 1
44 1 1
2 2 1
4 2 32
49 1 9
22 2 10
25 1 1
29 1 28
3 2 23
45 1 86
13 1 5
11 1 23
36 1 35
64 1 11
1 2 23
82 2 2
7 1 6
1 2 25
5 2 1
43 6 44
38 2 32
71 2 2
3 1 23
2 1 1
1 5 3
37 1 7
36 1 29
15 1 7
1 1 3
4 1 49
71 2 1
17 1 9
25 1 35
20 1 19
44 1 2
13 1 3
27 2 28
34 1 30
62 2 35
44 1 4
30 1 7
1 2 19
30 2 33
7 1 3
3 2 25
13 1 1
23 2 26
22 2 20
13 1 15
24 1 11
38 1 27
11 1 26
16 1 11
51 1 13
43 1 7
1 4 3
19 1 18
17 2 41
9 1 3
5 1 3
3 2 19
22 2 6
63 1 3
30 1 11
9 1 5
26 1 1
23 2 3
16 2 27
3 2 62
34 1 33
3 4 1
? 1 github_java_program_data/28/185.java

43 1 7
23 2 20
29 1 27
14 1 9
3 1 12
44 2 63
7 1 26
22 2 20
14 2 36
7 1 23
14 2 17
1 1 22
35 1 34
20 1 1
18 1 11
27 2 33
14 1 13
29 1 15
44 1 32
62 2 35
20 2 23
82 2 5
15 1 13
62 2 32
30 1 11
40 1 39
32 1 44
63 1 35
63 1 62
4 2 35
32 1 43
43 6 63
65 2 64
22 2 10
11 1 1
44 1 4
11 1 6
22 2 3
1 2 62
44 1 35
11 1 26
32 1 17
11 1 3
64 6 44
2 1 1
35 1 43
7 1 22
1 5 3
71 2 2
25 1 24
15 1 11
25 1 3
3 2 22
45 1 25
17 2 14
43 6 44
15 1 7
40 2 64
3 5 1
15 2 27
9 1 1
24 2 18
63 2 44
25 1 18
7 1 1
3 1 1
51 2 49
2 2 1
49 1 13
49 1 9
4 2 32
65 1 27
1 2 15
17 1 13
3 2 8
13 1 5
17 2 64
22 2 6
82 2 2
7 1 6
1 2 25
71 2 3
25 1 32
13 1 3
27 2 35
63 1 5
3 1 23
49 2 51
79 2 25
28 1 11
26 1 1
4 1 49
35 1 21
39 1 62
20 1 19
44 1 2
35 1 14
27 2 28
34 1 30
36 1 29
30 1 7
30 2 33
7 1 3
64 6 63
13 1 1
3 2 16
9 1 16
1 2 19
22 2 23
51 1 13
21 1 7
19 1 18
40 1 30
36 2 43
5 1 3
17 2 34
18 2 24
5 2 1
34 2 40
17 2 65
11 1 22
22 2 1
29 2 35
3 1 22
30 2 39
44 1 82
33 1 32
27 1 7
26 1 25
3 2 12
33 1 35
40 2 34
34 1 27
16 1 7
35 1 64
20 1 3
26 2 23
19 1 24
11 1 10
32 1 64
3 4 1
26 1 3
24 1 7
20 2 22
26 2 22
11 1 20
2 1 3
7 1 20
86 1 3
25 1 71
71 2 5
14 2 43
23 2 1
2 2 3
64 1 7
1 1 23
7 1 39
63 1 3
62 1 51
22 2 26
23 2 6
32 1 14
23 2 10
7 1 10
63 1 2
9 1 2
44 1 3
65 1 35
79 1 1
32 1 36
9 1 3
51 1 9
35 1 40
1 2 22
32 1 63
13 1 2
18 1 7
5 1 1
63 1 71
1 4 3
13 1 16
44 1 1
3 2 62
3 2 23
45 1 86
11 1 23
36 1 35
63 1 1
1 2 23
3 2 4
32 1 65
3 2 32
1 1 8
39 1 32
39 1 32
3 2 15
1 2 16
1 1 3
17 1 9
3 2 19
64 1 11
29 1 28
43 1 11
23 2 3
3 2 25
13 1 15
24 1 11
35 1 17
12 1 7
16 1 11
86 2 79
45 1 79
44 1 5
62 1 49
5 2 3
32 1 11
23 2 22
1 2 4
9 1 5
9 1 15
23 2 26
63 1 32
34 1 33
? 1 github_java_program_data/28/210.java

11 1 22
9 1 16
22 2 1
23 2 20
29 1 27
3 1 22
30 2 39
44 1 82
38 1 16
11 1 1
18 1 7
27 1 7
14 2 36
7 1 23
26 1 25
5 1 1
35 1 34
3 2 16
20 1 1
35 1 41
1 2 15
18 1 11
35 1 44
20 1 3
14 1 13
26 2 23
19 1 24
41 1 32
29 1 15
44 1 32
20 2 23
32 1 64
11 1 20
35 1 64
35 1 17
26 1 3
24 1 7
16 1 13
2 1 3
40 1 39
63 1 35
63 1 62
7 1 20
86 1 3
25 1 71
44 2 63
32 1 43
36 2 64
63 1 71
23 2 1
41 2 64
39 1 35
33 1 32
27 2 37
2 2 3
64 1 7
1 1 23
11 1 6
63 2 44
22 2 3
5 2 3
27 1 11
3 1 1
11 1 3
62 1 51
86 2 25
1 2 4
64 6 44
26 2 22
32 1 14
35 1 43
7 1 22
7 1 10
41 1 38
43 1 11
25 1 24
9 1 2
28 1 11
63 1 2
32 1 40
3 2 22
45 1 25
35 1 63
1 2 35
1 1 22
32 1 36
3 5 1
15 2 27
40 1 30
1 2 22
13 1 2
15 1 9
9 1 1
7 1 26
11 1 10
64 6 63
38 1 37
29 2 35
25 1 18
7 1 1
44 1 1
2 2 1
4 2 32
49 1 9
22 2 10
25 1 1
29 1 28
3 2 23
45 1 86
13 1 5
11 1 23
36 1 35
64 1 11
1 2 23
82 2 2
7 1 6
1 2 25
5 2 1
43 6 44
38 2 32
71 2 2
3 1 23
2 1 1
1 5 3
37 1 7
36 1 29
15 1 7
1 1 3
4 1 49
71 2 1
17 1 9
25 1 35
20 1 19
44 1 2
13 1 3
27 2 28
34 1 30
62 2 35
44 1 4
30 1 7
1 2 19
30 2 33
7 1 3
3 2 25
13 1 1
23 2 26
22 2 20
13 1 15
24 1 11
38 1 27
11 1 26
16 1 11
51 1 13
43 1 7
1 4 3
19 1 18
17 2 41
9 1 3
5 1 3
3 2 19
22 2 6
63 1 3
30 1 11
9 1 5
26 1 1
23 2 3
16 2 27
3 2 62
34 1 33
3 4 1
? 1 github_java_program_data/28/215.java

43 1 7
23 2 20
29 1 27
14 1 9
3 1 12
44 2 63
7 1 26
22 2 20
14 2 36
7 1 23
14 2 17
1 1 22
35 1 34
20 1 1
18 1 11
27 2 33
14 1 13
29 1 15
44 1 32
62 2 35
20 2 23
82 2 5
15 1 13
62 2 32
30 1 11
40 1 39
32 1 44
63 1 35
63 1 62
4 2 35
32 1 43
43 6 63
65 2 64
22 2 10
11 1 1
44 1 4
11 1 6
22 2 3
1 2 62
44 1 35
11 1 26
32 1 17
11 1 3
64 6 44
2 1 1
35 1 43
7 1 22
1 5 3
71 2 2
25 1 24
15 1 11
25 1 3
3 2 22
45 1 25
17 2 14
43 6 44
15 1 7
40 2 64
3 5 1
15 2 27
9 1 1
24 2 18
63 2 44
25 1 18
7 1 1
3 1 1
51 2 49
2 2 1
49 1 13
49 1 9
4 2 32
65 1 27
1 2 15
17 1 13
3 2 8
13 1 5
17 2 64
22 2 6
82 2 2
7 1 6
1 2 25
71 2 3
25 1 32
13 1 3
27 2 35
63 1 5
3 1 23
49 2 51
79 2 25
28 1 11
26 1 1
4 1 49
35 1 21
39 1 62
20 1 19
44 1 2
35 1 14
27 2 28
34 1 30
36 1 29
30 1 7
30 2 33
7 1 3
64 6 63
13 1 1
3 2 16
9 1 16
1 2 19
22 2 23
51 1 13
21 1 7
19 1 18
40 1 30
36 2 43
5 1 3
17 2 34
18 2 24
5 2 1
34 2 40
17 2 65
11 1 22
22 2 1
29 2 35
3 1 22
30 2 39
44 1 82
33 1 32
27 1 7
26 1 25
3 2 12
33 1 35
40 2 34
34 1 27
16 1 7
35 1 64
20 1 3
26 2 23
19 1 24
11 1 10
32 1 64
3 4 1
26 1 3
24 1 7
20 2 22
26 2 22
11 1 20
2 1 3
7 1 20
86 1 3
25 1 71
71 2 5
14 2 43
23 2 1
2 2 3
64 1 7
1 1 23
7 1 39
63 1 3
62 1 51
22 2 26
23 2 6
32 1 14
23 2 10
7 1 10
63 1 2
9 1 2
44 1 3
65 1 35
79 1 1
32 1 36
9 1 3
51 1 9
35 1 40
1 2 22
32 1 63
13 1 2
18 1 7
5 1 1
63 1 71
1 4 3
13 1 16
44 1 1
3 2 62
3 2 23
45 1 86
11 1 23
36 1 35
63 1 1
1 2 23
3 2 4
32 1 65
3 2 32
1 1 8
39 1 32
39 1 32
3 2 15
1 2 16
1 1 3
17 1 9
3 2 19
64 1 11
29 1 28
43 1 11
23 2 3
3 2 25
13 1 15
24 1 11
35 1 17
12 1 7
16 1 11
86 2 79
45 1 79
44 1 5
62 1 49
5 2 3
32 1 11
23 2 22
1 2 4
9 1 5
9 1 15
23 2 26
63 1 32
34 1 33
? 1 github_java_program_data/28/240.java

11 1 22
9 1 16
22 2 1
23 2 20
29 1 27
3 1 22
30 2 39
44 1 82
38 1 16
11 1 1
18 1 7
27 1 7
14 2 36
7 1 23
26 1 25
5 1 1
35 1 34
3 2 16
20 1 1
35 1 41
1 2 15
18 1 11
35 1 44
20 1 3
14 1 13
26 2 23
19 1 24
41 1 32
29 1 15
44 1 32
20 2 23
32 1 64
11 1 20
35 1 64
35 1 17
26 1 3
24 1 7
16 1 13
2 1 3
40 1 39
63 1 35
63 1 62
7 1 20
86 1 3
25 1 71
44 2 63
32 1 43
36 2 64
63 1 71
23 2 1
41 2 64
39 1 35
33 1 32
27 2 37
2 2 3
64 1 7
1 1 23
11 1 6
63 2 44
22 2 3
5 2 3
27 1 11
3 1 1
11 1 3
62 1 51
86 2 25
1 2 4
64 6 44
26 2 22
32 1 14
35 1 43
7 1 22
7 1 10
41 1 38
43 1 11
25 1 24
9 1 2
28 1 11
63 1 2
32 1 40
3 2 22
45 1 25
35 1 63
1 2 35
1 1 22
32 1 36
3 5 1
15 2 27
40 1 30
1 2 22
13 1 2
15 1 9
9 1 1
7 1 26
11 1 10
64 6 63
38 1 37
29 2 35
25 1 18
7 1 1
44 1 1
2 2 1
4 2 32
49 1 9
22 2 10
25 1 1
29 1 28
3 2 23
45 1 86
13 1 5
11 1 23
36 1 35
64 1 11
1 2 23
82 2 2
7 1 6
1 2 25
5 2 1
43 6 44
38 2 32
71 2 2
3 1 23
2 1 1
1 5 3
37 1 7
36 1 29
15 1 7
1 1 3
4 1 49
71 2 1
17 1 9
25 1 35
20 1 19
44 1 2
13 1 3
27 2 28
34 1 30
62 2 35
44 1 4
30 1 7
1 2 19
30 2 33
7 1 3
3 2 25
13 1 1
23 2 26
22 2 20
13 1 15
24 1 11
38 1 27
11 1 26
16 1 11
51 1 13
43 1 7
1 4 3
19 1 18
17 2 41
9 1 3
5 1 3
3 2 19
22 2 6
63 1 3
30 1 11
9 1 5
26 1 1
23 2 3
16 2 27
3 2 62
34 1 33
3 4 1
? 1 github_java_program_data/28/245.java

29 1 27
3 1 12
11 1 1
7 1 23
23 2 22
1 1 22
31 2 41
35 1 34
20 1 1
18 1 11
35 1 44
14 1 13
44 1 32
3 2 8
31 2 40
30 1 11
40 1 39
23 2 1
13 2 9
29 1 16
22 2 10
7 1 26
44 1 4
11 1 6
22 2 3
5 2 3
3 1 1
32 1 17
11 1 3
2 1 1
7 1 22
1 5 3
71 2 2
1 2 12
25 1 24
15 1 11
32 1 40
3 2 22
45 1 25
17 2 14
1 2 35
15 1 7
3 5 1
15 2 27
8 1 7
82 2 71
9 1 1
14 2 31
32 1 21
38 1 37
25 1 18
7 1 1
2 2 1
4 2 32
49 1 9
1 2 15
38 2 32
22 2 6
35 1 31
7 1 6
1 2 25
3 1 23
17 2 36
28 1 11
26 1 1
4 1 49
35 1 21
20 1 19
44 1 2
13 1 3
27 2 28
34 1 30
79 1 3
36 1 29
22 2 23
30 2 33
7 1 3
38 1 15
3 2 16
38 1 27
1 2 19
39 1 35
21 1 7
19 1 18
29 2 35
5 1 3
14 2 17
25 1 35
5 2 1
32 1 31
16 2 27
30 1 7
31 1 7
11 1 22
22 2 1
13 1 1
3 1 22
30 2 39
44 1 82
33 1 32
27 1 7
26 1 25
3 2 12
32 1 41
16 1 7
24 1 11
19 1 24
41 1 32
3 4 1
71 2 1
26 1 3
24 1 7
11 1 20
2 1 3
1 2 8
7 1 20
25 1 71
8 1 11
1 7 3
27 2 37
2 2 3
31 1 11
1 1 23
31 2 34
27 1 11
22 2 26
21 1 11
23 2 6
32 1 14
23 2 10
21 2 14
7 1 10
41 1 38
1 4 3
31 2 17
32 1 36
79 2 25
40 1 30
1 2 22
44 1 71
13 1 2
18 1 7
5 1 1
11 1 10
21 2 31
44 1 1
24 2 18
3 2 23
25 1 1
36 1 35
1 2 23
1 1 8
29 1 28
3 2 15
1 2 16
37 1 7
1 1 3
17 1 9
9 1 5
41 2 31
9 2 13
17 1 13
9 1 16
11 1 23
23 2 3
3 2 25
13 1 15
20 1 3
36 2 31
11 1 26
12 1 7
1 1 12
16 1 11
45 1 79
9 1 3
1 2 4
3 2 19
31 2 21
23 2 26
3 7 1
34 1 33
? 1 github_java_program_data/28/264.java

14 2 64
21 2 17
23 2 20
29 1 27
14 1 9
44 2 63
7 1 26
22 2 20
7 1 23
4 2 32
1 1 22
35 1 34
20 1 1
18 1 11
14 1 13
29 1 15
44 1 32
36 2 43
82 2 5
62 2 32
30 1 11
17 2 41
32 1 44
23 2 1
63 1 62
4 2 35
11 1 26
32 1 43
11 1 1
44 1 4
11 1 6
38 2 35
22 2 3
1 2 62
44 1 35
3 1 1
32 1 17
11 1 3
3 2 15
35 1 43
7 1 22
41 1 35
71 2 2
25 1 24
15 1 11
3 2 22
45 1 25
17 2 14
43 6 44
15 1 7
31 2 48
3 5 1
15 2 27
86 2 25
80 1 61
9 1 1
32 1 21
38 1 37
25 1 18
7 1 1
2 2 1
49 1 13
76 1 30
17 2 43
1 2 15
29 1 28
13 1 5
39 2 42
22 2 6
35 1 31
7 1 6
1 2 25
25 1 32
13 1 3
80 1 27
7 1 80
3 1 23
1 5 3
32 1 36
4 1 49
14 2 21
35 1 21
20 1 19
44 1 2
35 1 14
27 2 28
34 1 30
36 1 29
30 1 7
30 2 33
7 1 3
64 6 63
29 2 35
61 1 11
43 1 11
1 2 19
20 2 23
33 1 7
51 1 13
32 1 64
19 1 18
5 1 3
14 2 17
18 2 24
5 2 1
32 1 31
16 2 27
28 1 7
31 1 7
11 1 22
26 1 3
13 1 1
3 1 22
30 2 39
42 1 7
44 1 82
38 1 16
33 1 32
15 1 9
26 1 25
32 1 41
11 1 76
16 1 7
20 1 3
26 2 23
19 1 24
38 1 27
76 1 39
16 1 13
3 4 1
71 2 1
22 2 1
24 1 7
20 2 22
11 1 20
2 1 3
39 1 11
7 1 20
86 1 3
25 1 71
1 7 3
27 2 37
2 2 3
64 1 7
1 1 23
63 2 44
27 1 11
33 2 61
32 1 48
62 1 51
22 2 26
21 1 11
21 1 7
32 1 14
23 2 10
1 2 32
7 1 10
41 1 38
63 1 2
9 1 2
44 1 3
26 1 1
9 1 3
3 2 16
27 2 33
1 2 22
32 1 63
13 1 2
18 1 7
5 1 1
63 1 71
11 1 10
1 4 3
44 1 1
49 1 9
25 1 1
3 2 23
45 1 86
11 1 23
36 1 35
63 1 1
1 2 23
3 2 4
80 1 33
2 1 1
1 2 16
37 1 7
41 2 14
1 1 3
17 1 9
9 1 5
9 1 16
23 2 3
3 2 25
13 1 15
24 1 11
35 1 17
16 1 11
23 2 6
44 1 5
76 1 42
5 2 3
21 2 36
1 2 4
3 2 19
9 1 15
23 2 26
63 1 32
3 7 1
82 2 2
34 1 33
? 1 github_java_program_data/28/27.java

11 1 22
9 1 16
22 2 1
23 2 20
29 1 27
3 1 22
30 2 39
44 1 82
38 1 16
11 1 1
18 1 7
27 1 7
14 2 36
7 1 23
26 1 25
5 1 1
35 1 34
3 2 16
20 1 1
35 1 41
1 2 15
18 1 11
35 1 44
20 1 3
14 1 13
26 2 23
19 1 24
41 1 32
29 1 15
44 1 32
20 2 23
32 1 64
11 1 20
35 1 64
35 1 17
26 1 3
24 1 7
16 1 13
2 1 3
40 1 39
63 1 35
63 1 62
7 1 20
86 1 3
25 1 71
44 2 63
32 1 43
36 2 64
63 1 71
23 2 1
41 2 64
39 1 35
33 1 32
27 2 37
2 2 3
64 1 7
1 1 23
11 1 6
63 2 44
22 2 3
5 2 3
27 1 11
3 1 1
11 1 3
62 1 51
86 2 25
1 2 4
64 6 44
26 2 22
32 1 14
35 1 43
7 1 22
7 1 10
41 1 38
43 1 11
25 1 24
9 1 2
28 1 11
63 1 2
32 1 40
3 2 22
45 1 25
35 1 63
1 2 35
1 1 22
32 1 36
3 5 1
15 2 27
40 1 30
1 2 22
13 1 2
15 1 9
9 1 1
7 1 26
11 1 10
64 6 63
38 1 37
29 2 35
25 1 18
7 1 1
44 1 1
2 2 1
4 2 32
49 1 9
22 2 10
25 1 1
29 1 28
3 2 23
45 1 86
13 1 5
11 1 23
36 1 35
64 1 11
1 2 23
82 2 2
7 1 6
1 2 25
5 2 1
43 6 44
38 2 32
71 2 2
3 1 23
2 1 1
1 5 3
37 1 7
36 1 29
15 1 7
1 1 3
4 1 49
71 2 1
17 1 9
25 1 35
20 1 19
44 1 2
13 1 3
27 2 28
34 1 30
62 2 35
44 1 4
30 1 7
1 2 19
30 2 33
7 1 3
3 2 25
13 1 1
23 2 26
22 2 20
13 1 15
24 1 11
38 1 27
11 1 26
16 1 11
51 1 13
43 1 7
1 4 3
19 1 18
17 2 41
9 1 3
5 1 3
3 2 19
22 2 6
63 1 3
30 1 11
9 1 5
26 1 1
23 2 3
16 2 27
3 2 62
34 1 33
3 4 1
? 1 github_java_program_data/28/275.java

1 1 3
18 1 7
3 1 22
46 2 57
1 1 23
0 1 19
57 1 32
22 2 3
1 1 22
7 1 3
79 2 46
3 1 1
57 1 1
0 2 71
1 2 19
46 1 3
3 2 23
45 1 86
57 1 71
45 1 79
19 1 18
45 1 46
71 2 1
22 2 1
3 2 22
57 1 0
0 1 1
79 1 1
23 2 1
3 1 23
86 1 3
86 2 79
1 2 32
45 1 57
1 2 22
? 1 github_java_program_data/28/276.java

31 1 7
11 1 22
22 2 1
23 2 20
29 1 27
14 1 9
43 1 7
44 1 82
11 1 1
18 1 7
27 1 7
7 1 23
26 1 25
5 1 1
34 1 42
35 1 34
9 1 82
20 1 1
31 2 36
1 2 15
18 1 11
35 1 44
24 1 11
29 1 15
32 1 64
11 1 20
3 4 1
1 2 19
3 1 22
24 1 7
64 6 44
62 2 32
30 1 11
2 1 3
23 2 1
63 1 62
7 1 20
4 2 35
25 1 71
44 2 63
36 1 29
1 2 8
3 2 19
71 2 5
22 2 10
7 1 26
22 2 6
33 1 35
44 1 4
11 1 6
23 2 10
22 2 3
44 1 35
22 2 20
11 1 26
11 1 3
62 1 51
21 1 11
26 2 22
29 2 32
35 1 43
7 1 22
7 1 10
71 2 2
25 1 24
9 1 2
1 4 3
79 2 25
63 1 2
3 2 22
45 1 25
35 1 63
17 2 14
1 2 35
1 1 22
26 1 1
9 1 3
3 5 1
15 2 27
33 2 42
1 2 22
44 1 71
13 1 2
15 1 9
9 1 1
63 1 71
11 1 10
32 1 21
31 2 21
14 2 44
21 2 31
63 1 82
7 1 1
13 1 16
44 1 1
2 2 1
49 1 13
42 1 32
25 1 1
17 1 13
3 2 23
3 1 8
36 1 32
13 1 5
11 1 23
20 1 19
36 2 34
1 2 23
35 1 31
7 1 6
1 2 25
3 1 1
13 1 82
29 1 28
3 1 23
71 2 1
2 1 1
1 2 16
28 1 11
15 1 7
1 1 3
4 1 49
2 2 3
35 1 21
25 1 35
64 1 11
35 1 14
27 2 28
34 1 30
79 1 3
14 2 17
1 1 23
32 1 31
30 2 33
7 1 3
3 7 1
13 1 1
3 2 16
20 1 3
9 1 16
35 1 17
13 1 71
16 1 11
51 1 13
45 1 79
19 1 18
44 1 5
5 1 3
9 1 71
5 2 3
35 1 36
63 1 3
1 2 4
9 1 5
5 2 1
9 1 15
23 2 3
63 1 32
82 2 71
3 2 62
34 1 33
? 1 github_java_program_data/28/283.java

43 1 7
23 2 20
29 1 27
14 1 9
3 1 12
44 2 63
7 1 26
22 2 20
14 2 36
7 1 23
14 2 17
1 1 22
35 1 34
20 1 1
18 1 11
27 2 33
14 1 13
29 1 15
44 1 32
62 2 35
20 2 23
82 2 5
15 1 13
62 2 32
30 1 11
40 1 39
32 1 44
63 1 35
63 1 62
4 2 35
32 1 43
43 6 63
65 2 64
22 2 10
11 1 1
44 1 4
11 1 6
22 2 3
1 2 62
44 1 35
11 1 26
32 1 17
11 1 3
64 6 44
2 1 1
35 1 43
7 1 22
1 5 3
71 2 2
25 1 24
15 1 11
25 1 3
3 2 22
45 1 25
17 2 14
43 6 44
15 1 7
40 2 64
3 5 1
15 2 27
9 1 1
24 2 18
63 2 44
25 1 18
7 1 1
3 1 1
51 2 49
2 2 1
49 1 13
49 1 9
4 2 32
65 1 27
1 2 15
17 1 13
3 2 8
13 1 5
17 2 64
22 2 6
82 2 2
7 1 6
1 2 25
71 2 3
25 1 32
13 1 3
27 2 35
63 1 5
3 1 23
49 2 51
79 2 25
28 1 11
26 1 1
4 1 49
35 1 21
39 1 62
20 1 19
44 1 2
35 1 14
27 2 28
34 1 30
36 1 29
30 1 7
30 2 33
7 1 3
64 6 63
13 1 1
3 2 16
9 1 16
1 2 19
22 2 23
51 1 13
21 1 7
19 1 18
40 1 30
36 2 43
5 1 3
17 2 34
18 2 24
5 2 1
34 2 40
17 2 65
11 1 22
22 2 1
29 2 35
3 1 22
30 2 39
44 1 82
33 1 32
27 1 7
26 1 25
3 2 12
33 1 35
40 2 34
34 1 27
16 1 7
35 1 64
20 1 3
26 2 23
19 1 24
11 1 10
32 1 64
3 4 1
26 1 3
24 1 7
20 2 22
26 2 22
11 1 20
2 1 3
7 1 20
86 1 3
25 1 71
71 2 5
14 2 43
23 2 1
2 2 3
64 1 7
1 1 23
7 1 39
63 1 3
62 1 51
22 2 26
23 2 6
32 1 14
23 2 10
7 1 10
63 1 2
9 1 2
44 1 3
65 1 35
79 1 1
32 1 36
9 1 3
51 1 9
35 1 40
1 2 22
32 1 63
13 1 2
18 1 7
5 1 1
63 1 71
1 4 3
13 1 16
44 1 1
3 2 62
3 2 23
45 1 86
11 1 23
36 1 35
63 1 1
1 2 23
3 2 4
32 1 65
3 2 32
1 1 8
39 1 32
39 1 32
3 2 15
1 2 16
1 1 3
17 1 9
3 2 19
64 1 11
29 1 28
43 1 11
23 2 3
3 2 25
13 1 15
24 1 11
35 1 17
12 1 7
16 1 11
86 2 79
45 1 79
44 1 5
62 1 49
5 2 3
32 1 11
23 2 22
1 2 4
9 1 5
9 1 15
23 2 26
63 1 32
34 1 33
? 1 github_java_program_data/28/30.java

11 1 22
9 1 16
22 2 1
23 2 20
29 1 27
3 1 22
30 2 39
44 1 82
38 1 16
11 1 1
18 1 7
27 1 7
14 2 36
7 1 23
26 1 25
5 1 1
35 1 34
3 2 16
20 1 1
35 1 41
1 2 15
18 1 11
35 1 44
20 1 3
14 1 13
26 2 23
19 1 24
41 1 32
29 1 15
44 1 32
20 2 23
32 1 64
11 1 20
35 1 64
35 1 17
26 1 3
24 1 7
16 1 13
2 1 3
40 1 39
63 1 35
63 1 62
7 1 20
86 1 3
25 1 71
44 2 63
32 1 43
36 2 64
63 1 71
23 2 1
41 2 64
39 1 35
33 1 32
27 2 37
2 2 3
64 1 7
1 1 23
11 1 6
63 2 44
22 2 3
5 2 3
27 1 11
3 1 1
11 1 3
62 1 51
86 2 25
1 2 4
64 6 44
26 2 22
32 1 14
35 1 43
7 1 22
7 1 10
41 1 38
43 1 11
25 1 24
9 1 2
28 1 11
63 1 2
32 1 40
3 2 22
45 1 25
35 1 63
1 2 35
1 1 22
32 1 36
3 5 1
15 2 27
40 1 30
1 2 22
13 1 2
15 1 9
9 1 1
7 1 26
11 1 10
64 6 63
38 1 37
29 2 35
25 1 18
7 1 1
44 1 1
2 2 1
4 2 32
49 1 9
22 2 10
25 1 1
29 1 28
3 2 23
45 1 86
13 1 5
11 1 23
36 1 35
64 1 11
1 2 23
82 2 2
7 1 6
1 2 25
5 2 1
43 6 44
38 2 32
71 2 2
3 1 23
2 1 1
1 5 3
37 1 7
36 1 29
15 1 7
1 1 3
4 1 49
71 2 1
17 1 9
25 1 35
20 1 19
44 1 2
13 1 3
27 2 28
34 1 30
62 2 35
44 1 4
30 1 7
1 2 19
30 2 33
7 1 3
3 2 25
13 1 1
23 2 26
22 2 20
13 1 15
24 1 11
38 1 27
11 1 26
16 1 11
51 1 13
43 1 7
1 4 3
19 1 18
17 2 41
9 1 3
5 1 3
3 2 19
22 2 6
63 1 3
30 1 11
9 1 5
26 1 1
23 2 3
16 2 27
3 2 62
34 1 33
3 4 1
? 1 github_java_program_data/28/305.java

1 1 3
18 1 7
3 1 22
46 2 57
1 1 23
0 1 19
57 1 32
22 2 3
1 1 22
7 1 3
79 2 46
3 1 1
57 1 1
0 2 71
1 2 19
46 1 3
3 2 23
45 1 86
57 1 71
45 1 79
19 1 18
45 1 46
71 2 1
22 2 1
3 2 22
57 1 0
0 1 1
79 1 1
23 2 1
3 1 23
86 1 3
86 2 79
1 2 32
45 1 57
1 2 22
? 1 github_java_program_data/28/306.java

11 1 22
22 2 1
11 1 26
3 1 22
44 1 82
11 1 1
27 1 7
7 1 23
26 1 25
1 1 22
34 1 42
3 2 16
20 1 1
16 1 7
14 1 13
19 1 24
11 1 20
3 4 1
1 2 19
3 2 8
26 1 3
24 1 7
27 2 39
30 1 11
2 1 3
40 1 39
32 1 44
23 2 1
1 2 8
7 1 20
4 2 35
1 2 32
8 1 11
35 1 48
3 1 12
33 1 32
2 2 3
31 1 11
44 1 4
11 1 6
22 2 3
44 1 35
27 1 11
3 1 1
11 1 3
33 2 42
21 1 11
61 1 32
45 1 79
34 2 21
23 2 10
7 1 22
1 5 3
7 1 10
1 2 12
14 2 17
15 1 11
3 2 22
45 1 25
17 2 14
1 4 3
35 1 65
26 1 1
31 2 48
3 5 1
79 2 25
35 1 40
14 2 65
1 2 22
44 1 71
13 1 2
42 1 35
18 1 7
5 1 1
11 1 10
32 1 21
27 2 32
25 1 18
7 1 1
44 1 1
2 2 1
71 2 82
49 1 9
25 1 1
65 1 27
1 2 15
65 2 40
40 1 27
65 1 32
1 2 23
40 1 61
35 1 31
7 1 6
1 2 25
25 1 32
35 1 14
3 1 23
2 1 1
3 2 23
23 2 3
1 1 3
4 1 49
17 1 9
3 2 19
20 1 19
44 1 2
13 1 3
34 1 30
79 1 3
1 1 23
30 2 33
7 1 3
3 2 25
3 1 8
3 2 15
13 1 15
20 1 3
9 1 16
35 1 17
12 1 7
39 1 35
32 1 34
21 1 7
19 1 18
39 2 61
9 1 3
10 2 22
5 1 3
13 1 1
22 2 6
1 2 4
9 1 5
5 2 3
22 2 20
82 2 2
34 1 33
? 1 github_java_program_data/28/322.java

43 1 7
23 2 20
29 1 27
14 1 9
3 1 12
44 2 63
7 1 26
22 2 20
14 2 36
7 1 23
14 2 17
1 1 22
35 1 34
20 1 1
18 1 11
27 2 33
14 1 13
29 1 15
44 1 32
62 2 35
20 2 23
82 2 5
15 1 13
62 2 32
30 1 11
40 1 39
32 1 44
63 1 35
63 1 62
4 2 35
32 1 43
43 6 63
65 2 64
22 2 10
11 1 1
44 1 4
11 1 6
22 2 3
1 2 62
44 1 35
11 1 26
32 1 17
11 1 3
64 6 44
2 1 1
35 1 43
7 1 22
1 5 3
71 2 2
25 1 24
15 1 11
25 1 3
3 2 22
45 1 25
17 2 14
43 6 44
15 1 7
40 2 64
3 5 1
15 2 27
9 1 1
24 2 18
63 2 44
25 1 18
7 1 1
3 1 1
51 2 49
2 2 1
49 1 13
49 1 9
4 2 32
65 1 27
1 2 15
17 1 13
3 2 8
13 1 5
17 2 64
22 2 6
82 2 2
7 1 6
1 2 25
71 2 3
25 1 32
13 1 3
27 2 35
63 1 5
3 1 23
49 2 51
79 2 25
28 1 11
26 1 1
4 1 49
35 1 21
39 1 62
20 1 19
44 1 2
35 1 14
27 2 28
34 1 30
36 1 29
30 1 7
30 2 33
7 1 3
64 6 63
13 1 1
3 2 16
9 1 16
1 2 19
22 2 23
51 1 13
21 1 7
19 1 18
40 1 30
36 2 43
5 1 3
17 2 34
18 2 24
5 2 1
34 2 40
17 2 65
11 1 22
22 2 1
29 2 35
3 1 22
30 2 39
44 1 82
33 1 32
27 1 7
26 1 25
3 2 12
33 1 35
40 2 34
34 1 27
16 1 7
35 1 64
20 1 3
26 2 23
19 1 24
11 1 10
32 1 64
3 4 1
26 1 3
24 1 7
20 2 22
26 2 22
11 1 20
2 1 3
7 1 20
86 1 3
25 1 71
71 2 5
14 2 43
23 2 1
2 2 3
64 1 7
1 1 23
7 1 39
63 1 3
62 1 51
22 2 26
23 2 6
32 1 14
23 2 10
7 1 10
63 1 2
9 1 2
44 1 3
65 1 35
79 1 1
32 1 36
9 1 3
51 1 9
35 1 40
1 2 22
32 1 63
13 1 2
18 1 7
5 1 1
63 1 71
1 4 3
13 1 16
44 1 1
3 2 62
3 2 23
45 1 86
11 1 23
36 1 35
63 1 1
1 2 23
3 2 4
32 1 65
3 2 32
1 1 8
39 1 32
39 1 32
3 2 15
1 2 16
1 1 3
17 1 9
3 2 19
64 1 11
29 1 28
43 1 11
23 2 3
3 2 25
13 1 15
24 1 11
35 1 17
12 1 7
16 1 11
86 2 79
45 1 79
44 1 5
62 1 49
5 2 3
32 1 11
23 2 22
1 2 4
9 1 5
9 1 15
23 2 26
63 1 32
34 1 33
? 1 github_java_program_data/28/330.java

1 1 3
18 1 7
3 1 22
46 2 57
1 1 23
0 1 19
57 1 32
22 2 3
1 1 22
7 1 3
79 2 46
3 1 1
57 1 1
0 2 71
1 2 19
46 1 3
3 2 23
45 1 86
57 1 71
45 1 79
19 1 18
45 1 46
71 2 1
22 2 1
3 2 22
57 1 0
0 1 1
79 1 1
23 2 1
3 1 23
86 1 3
86 2 79
1 2 32
45 1 57
1 2 22
? 1 github_java_program_data/28/336.java

31 1 7
11 1 22
22 2 1
23 2 20
11 1 26
3 1 22
30 2 39
31 2 40
44 1 82
4 2 82
7 1 26
46 2 79
22 2 20
7 1 23
26 1 25
5 1 1
35 1 34
34 1 27
20 1 1
16 1 7
18 1 11
24 1 11
14 1 13
19 1 24
34 2 14
3 4 1
1 2 19
26 1 3
2 2 1
24 1 7
20 2 22
11 1 20
2 1 3
40 1 39
32 1 44
23 2 1
1 2 8
7 1 20
25 1 71
23 2 6
11 1 1
17 2 31
22 2 10
33 1 32
2 2 3
14 2 17
44 1 4
11 1 6
82 2 71
22 2 3
79 2 46
44 1 35
27 1 11
3 1 1
11 1 3
71 2 2
21 1 11
3 2 15
45 1 79
7 1 22
1 5 3
7 1 10
25 1 24
44 1 3
25 1 3
3 2 22
45 1 25
45 1 46
1 4 3
1 1 22
79 1 1
26 1 1
15 1 11
3 5 1
3 2 16
27 2 33
35 1 40
1 2 22
44 1 71
13 1 2
18 1 7
9 1 1
14 2 31
11 1 10
32 1 21
31 2 34
25 1 18
7 1 1
42 1 32
17 2 21
49 1 9
1 2 15
3 2 23
45 1 86
11 1 23
46 1 1
39 2 42
1 2 23
35 1 31
3 2 4
1 2 25
71 2 3
25 1 32
13 1 3
3 2 32
3 1 23
2 1 1
1 2 16
23 2 3
21 2 14
15 1 7
1 1 3
4 1 49
35 1 21
3 2 19
20 1 19
44 1 2
35 1 14
17 1 9
1 1 23
30 1 7
82 1 18
7 1 3
3 2 25
3 1 8
5 2 3
10 2 22
13 1 15
20 1 3
9 1 16
35 1 17
39 1 35
79 2 25
86 1 1
21 1 7
19 1 18
9 1 3
44 1 82
5 1 3
13 1 1
40 1 30
82 2 35
9 1 5
5 2 1
32 1 31
23 2 26
86 2 79
40 1 42
34 1 33
? 1 github_java_program_data/28/341.java

11 1 22
9 1 16
22 2 1
23 2 20
29 1 27
3 1 22
30 2 39
44 1 82
38 1 16
11 1 1
18 1 7
27 1 7
14 2 36
7 1 23
26 1 25
5 1 1
35 1 34
3 2 16
20 1 1
35 1 41
1 2 15
18 1 11
35 1 44
20 1 3
14 1 13
26 2 23
19 1 24
41 1 32
29 1 15
44 1 32
20 2 23
32 1 64
11 1 20
35 1 64
35 1 17
26 1 3
24 1 7
16 1 13
2 1 3
40 1 39
63 1 35
63 1 62
7 1 20
86 1 3
25 1 71
44 2 63
32 1 43
36 2 64
63 1 71
23 2 1
41 2 64
39 1 35
33 1 32
27 2 37
2 2 3
64 1 7
1 1 23
11 1 6
63 2 44
22 2 3
5 2 3
27 1 11
3 1 1
11 1 3
62 1 51
86 2 25
1 2 4
64 6 44
26 2 22
32 1 14
35 1 43
7 1 22
7 1 10
41 1 38
43 1 11
25 1 24
9 1 2
28 1 11
63 1 2
32 1 40
3 2 22
45 1 25
35 1 63
1 2 35
1 1 22
32 1 36
3 5 1
15 2 27
40 1 30
1 2 22
13 1 2
15 1 9
9 1 1
7 1 26
11 1 10
64 6 63
38 1 37
29 2 35
25 1 18
7 1 1
44 1 1
2 2 1
4 2 32
49 1 9
22 2 10
25 1 1
29 1 28
3 2 23
45 1 86
13 1 5
11 1 23
36 1 35
64 1 11
1 2 23
82 2 2
7 1 6
1 2 25
5 2 1
43 6 44
38 2 32
71 2 2
3 1 23
2 1 1
1 5 3
37 1 7
36 1 29
15 1 7
1 1 3
4 1 49
71 2 1
17 1 9
25 1 35
20 1 19
44 1 2
13 1 3
27 2 28
34 1 30
62 2 35
44 1 4
30 1 7
1 2 19
30 2 33
7 1 3
3 2 25
13 1 1
23 2 26
22 2 20
13 1 15
24 1 11
38 1 27
11 1 26
16 1 11
51 1 13
43 1 7
1 4 3
19 1 18
17 2 41
9 1 3
5 1 3
3 2 19
22 2 6
63 1 3
30 1 11
9 1 5
26 1 1
23 2 3
16 2 27
3 2 62
34 1 33
3 4 1
? 1 github_java_program_data/28/35.java

43 1 7
29 1 27
14 1 9
32 1 34
44 2 63
7 1 26
22 2 20
7 1 23
4 2 32
35 1 34
20 1 1
40 2 41
18 1 11
14 1 13
34 2 14
44 1 32
30 1 11
40 1 39
32 1 44
63 1 35
63 1 62
11 1 26
29 1 16
36 2 64
71 2 5
22 2 10
11 1 1
44 1 4
11 1 6
22 2 3
1 2 62
40 2 17
3 1 1
10 2 23
11 1 3
64 6 44
23 2 11
35 1 43
7 1 22
71 2 2
43 1 11
33 1 35
15 1 11
25 1 24
32 1 40
3 2 22
45 1 25
15 1 7
3 5 1
82 2 71
16 1 9
9 1 1
32 1 21
38 1 37
38 2 32
63 1 82
7 1 1
2 2 1
17 2 21
49 1 9
1 2 15
29 1 28
40 1 27
13 1 5
37 1 23
39 2 42
22 2 6
35 1 31
7 1 6
1 2 25
25 1 32
13 1 3
63 1 5
3 1 23
1 5 3
28 1 11
26 1 1
4 1 49
35 1 21
20 1 19
44 1 2
35 1 14
27 2 28
34 1 30
36 1 29
30 1 7
30 2 33
7 1 3
64 6 63
29 2 35
7 2 23
28 1 23
1 2 19
39 1 35
27 2 33
27 2 39
21 1 7
19 1 18
38 1 30
35 1 40
5 1 3
17 2 34
5 2 1
16 2 27
44 1 71
31 1 7
11 1 22
26 1 3
13 1 1
3 1 22
30 2 39
44 1 82
38 1 16
33 1 32
16 2 30
27 1 7
26 1 25
34 1 27
35 1 41
16 1 7
35 1 64
24 1 11
41 1 32
30 2 37
11 1 10
32 1 64
11 1 20
3 4 1
71 2 1
22 2 1
24 1 7
20 2 22
16 1 13
2 1 3
7 1 20
25 1 71
11 2 23
1 7 3
23 2 1
41 2 64
2 2 3
64 1 7
1 1 23
27 1 11
62 1 51
22 2 26
21 1 11
23 2 6
32 1 14
23 2 10
1 2 32
7 1 10
41 1 38
9 1 2
1 4 3
32 1 43
37 1 11
32 1 36
51 1 9
40 1 30
1 2 22
32 1 63
13 1 2
18 1 7
63 1 71
14 2 17
44 1 1
42 1 32
25 1 1
3 2 23
11 1 23
36 1 35
63 1 1
1 2 23
6 2 22
17 1 13
3 2 15
1 2 16
37 1 7
1 1 3
9 1 5
64 1 11
23 2 7
9 2 13
62 2 35
9 1 16
23 2 3
3 2 25
14 2 40
20 1 3
35 1 17
21 2 40
16 1 11
28 1 7
10 2 22
13 1 15
1 2 4
3 2 19
40 2 36
6 2 23
40 1 42
3 7 1
34 1 33
? 1 github_java_program_data/28/355.java

43 1 7
23 2 20
29 1 27
14 1 9
3 1 12
44 2 63
7 1 26
22 2 20
14 2 36
7 1 23
14 2 17
1 1 22
35 1 34
20 1 1
18 1 11
27 2 33
14 1 13
29 1 15
44 1 32
62 2 35
20 2 23
82 2 5
15 1 13
62 2 32
30 1 11
40 1 39
32 1 44
63 1 35
63 1 62
4 2 35
32 1 43
43 6 63
65 2 64
22 2 10
11 1 1
44 1 4
11 1 6
22 2 3
1 2 62
44 1 35
11 1 26
32 1 17
11 1 3
64 6 44
2 1 1
35 1 43
7 1 22
1 5 3
71 2 2
25 1 24
15 1 11
25 1 3
3 2 22
45 1 25
17 2 14
43 6 44
15 1 7
40 2 64
3 5 1
15 2 27
9 1 1
24 2 18
63 2 44
25 1 18
7 1 1
3 1 1
51 2 49
2 2 1
49 1 13
49 1 9
4 2 32
65 1 27
1 2 15
17 1 13
3 2 8
13 1 5
17 2 64
22 2 6
82 2 2
7 1 6
1 2 25
71 2 3
25 1 32
13 1 3
27 2 35
63 1 5
3 1 23
49 2 51
79 2 25
28 1 11
26 1 1
4 1 49
35 1 21
39 1 62
20 1 19
44 1 2
35 1 14
27 2 28
34 1 30
36 1 29
30 1 7
30 2 33
7 1 3
64 6 63
13 1 1
3 2 16
9 1 16
1 2 19
22 2 23
51 1 13
21 1 7
19 1 18
40 1 30
36 2 43
5 1 3
17 2 34
18 2 24
5 2 1
34 2 40
17 2 65
11 1 22
22 2 1
29 2 35
3 1 22
30 2 39
44 1 82
33 1 32
27 1 7
26 1 25
3 2 12
33 1 35
40 2 34
34 1 27
16 1 7
35 1 64
20 1 3
26 2 23
19 1 24
11 1 10
32 1 64
3 4 1
26 1 3
24 1 7
20 2 22
26 2 22
11 1 20
2 1 3
7 1 20
86 1 3
25 1 71
71 2 5
14 2 43
23 2 1
2 2 3
64 1 7
1 1 23
7 1 39
63 1 3
62 1 51
22 2 26
23 2 6
32 1 14
23 2 10
7 1 10
63 1 2
9 1 2
44 1 3
65 1 35
79 1 1
32 1 36
9 1 3
51 1 9
35 1 40
1 2 22
32 1 63
13 1 2
18 1 7
5 1 1
63 1 71
1 4 3
13 1 16
44 1 1
3 2 62
3 2 23
45 1 86
11 1 23
36 1 35
63 1 1
1 2 23
3 2 4
32 1 65
3 2 32
1 1 8
39 1 32
39 1 32
3 2 15
1 2 16
1 1 3
17 1 9
3 2 19
64 1 11
29 1 28
43 1 11
23 2 3
3 2 25
13 1 15
24 1 11
35 1 17
12 1 7
16 1 11
86 2 79
45 1 79
44 1 5
62 1 49
5 2 3
32 1 11
23 2 22
1 2 4
9 1 5
9 1 15
23 2 26
63 1 32
34 1 33
? 1 github_java_program_data/28/360.java

11 1 22
22 2 1
3 1 8
14 1 9
3 1 22
44 1 82
7 1 26
71 2 1
27 1 7
7 1 23
26 1 25
9 1 1
27 2 32
16 1 7
18 1 11
14 1 13
19 1 24
44 1 32
11 1 20
3 4 1
82 2 5
3 2 8
3 1 12
24 1 7
20 1 19
30 1 11
2 1 3
6 2 22
32 1 44
63 1 35
63 1 62
7 1 20
86 1 3
25 1 71
1 2 32
44 2 63
23 2 1
11 1 1
63 1 5
1 2 8
31 1 11
44 1 4
11 1 6
82 2 71
22 2 3
5 2 3
22 2 20
3 1 1
11 1 3
62 1 51
86 2 25
21 1 11
32 1 14
35 1 43
7 1 22
7 1 10
1 2 12
71 2 2
33 1 35
9 1 2
15 1 11
63 1 82
3 2 22
45 1 25
17 2 14
1 4 3
35 1 65
15 1 7
31 2 21
3 5 1
51 1 9
8 1 7
1 2 22
44 1 71
13 1 2
5 1 1
34 2 31
32 1 21
12 1 11
25 1 18
7 1 1
13 1 16
44 1 1
2 2 1
4 2 32
49 1 9
25 1 1
65 1 27
1 2 15
17 1 13
3 2 23
45 1 86
13 1 5
35 1 64
64 1 11
1 2 23
7 1 6
1 2 25
25 1 32
32 1 34
1 1 8
3 1 23
1 2 16
65 2 64
26 1 1
1 1 3
4 1 49
14 2 21
3 2 19
65 1 32
44 1 2
35 1 14
34 1 30
62 2 35
9 1 15
11 1 23
7 1 3
64 6 63
13 1 1
13 1 15
20 1 3
35 1 17
1 1 12
43 1 7
21 1 7
9 1 3
5 1 3
14 2 65
22 2 6
30 2 33
63 1 3
1 2 4
9 1 5
5 2 1
32 1 31
23 2 3
32 1 63
3 2 62
34 1 33
? 1 github_java_program_data/28/361.java

1 1 3
18 1 7
3 1 22
46 2 57
1 1 23
0 1 19
57 1 32
22 2 3
1 1 22
7 1 3
79 2 46
3 1 1
57 1 1
0 2 71
1 2 19
46 1 3
3 2 23
45 1 86
57 1 71
45 1 79
19 1 18
45 1 46
71 2 1
22 2 1
3 2 22
57 1 0
0 1 1
79 1 1
23 2 1
3 1 23
86 1 3
86 2 79
1 2 32
45 1 57
1 2 22
? 1 github_java_program_data/28/366.java

32 1 34
11 1 26
14 1 9
44 2 63
32 1 17
7 1 26
7 1 23
23 2 22
1 1 22
34 1 42
20 1 1
18 1 11
35 1 44
14 1 13
44 1 32
62 2 32
30 1 11
23 2 1
63 1 62
32 1 43
71 2 5
22 2 10
11 1 1
44 1 4
11 1 6
22 2 3
5 2 3
3 1 1
10 2 23
11 1 3
7 1 22
71 2 2
25 1 24
15 1 11
25 1 3
3 2 22
45 1 25
35 1 63
17 2 14
15 1 7
3 5 1
82 2 71
86 2 25
1 1 3
80 1 61
9 1 1
80 1 30
32 1 21
76 1 33
63 1 82
7 1 1
2 2 1
4 2 32
49 1 9
65 1 27
1 2 15
17 1 13
13 1 5
22 2 6
9 1 5
35 1 31
7 1 6
1 2 25
71 2 3
39 1 7
27 2 35
63 1 5
7 1 80
33 1 11
1 5 3
76 1 27
4 1 49
14 2 21
35 1 21
20 1 19
44 1 2
13 1 3
34 1 30
22 2 23
30 2 33
7 1 3
64 6 63
13 1 1
3 2 16
43 1 11
1 2 19
30 1 7
27 2 33
86 1 1
21 1 7
19 1 18
5 1 3
3 2 35
5 2 1
32 1 31
3 2 62
31 1 7
11 1 22
22 2 1
3 1 8
30 2 39
42 1 7
44 1 82
33 1 32
80 2 23
27 1 7
26 1 25
61 1 11
16 1 7
35 1 64
22 2 76
3 4 1
11 1 10
24 1 7
11 1 20
2 1 3
1 2 8
7 1 20
25 1 71
17 2 31
16 1 11
2 2 3
31 1 11
1 1 23
63 1 3
62 1 51
21 1 11
23 2 6
32 1 14
23 2 10
7 1 10
80 1 39
9 1 2
44 1 3
65 1 35
26 1 1
51 1 9
33 2 42
14 2 65
1 2 22
44 1 71
13 1 2
18 1 7
5 1 1
11 1 76
63 1 71
21 2 31
13 1 16
22 2 80
3 2 23
45 1 86
11 1 23
1 2 23
3 2 4
32 1 65
2 1 1
42 1 35
25 1 35
64 1 7
65 2 34
23 2 3
3 7 1
13 1 15
24 1 11
35 1 17
63 1 32
76 2 23
39 2 61
9 1 3
76 1 42
1 4 3
31 2 21
9 1 15
6 2 23
34 1 33
? 1 github_java_program_data/28/388.java

31 1 7
11 1 22
22 2 1
23 2 20
11 1 26
14 1 9
43 1 7
44 1 82
11 1 1
27 1 7
7 1 23
26 1 25
9 1 1
27 2 32
3 2 16
20 1 1
16 1 7
18 1 11
20 1 3
14 1 13
19 1 24
64 6 63
11 1 10
20 2 23
32 1 64
3 4 1
1 2 19
3 2 8
26 1 3
24 1 7
26 2 22
62 2 32
11 1 20
2 1 3
32 1 44
23 2 1
63 1 62
7 1 20
25 1 71
13 2 9
44 2 63
3 2 32
65 2 43
1 7 3
71 2 5
22 2 10
7 1 26
63 1 5
2 2 3
31 1 11
1 1 23
11 1 6
23 2 10
22 2 3
1 2 62
44 1 35
22 2 20
3 1 1
32 1 17
11 1 3
62 1 51
86 2 25
21 1 11
3 2 15
23 2 6
32 1 14
35 1 43
7 1 22
1 5 3
7 1 10
71 2 2
25 1 24
9 1 2
44 1 3
25 1 3
3 2 4
3 2 22
45 1 25
3 1 22
1 4 3
1 1 22
35 1 65
26 1 1
15 1 11
3 5 1
51 1 9
14 2 65
1 2 22
44 1 71
13 1 2
18 1 7
5 1 1
63 1 71
32 1 21
63 2 44
21 2 31
25 1 18
7 1 1
13 1 16
44 1 1
2 2 1
17 2 21
49 1 9
65 1 27
1 2 15
17 1 13
3 2 23
45 1 86
13 1 5
11 1 23
65 1 32
63 1 1
22 2 6
35 1 31
7 1 6
1 2 25
71 2 3
25 1 32
13 1 3
43 6 44
1 1 8
3 1 23
2 1 1
1 2 16
23 2 3
15 1 7
1 1 3
4 1 49
35 1 21
4 2 35
20 1 19
44 1 2
35 1 14
64 1 7
31 2 21
44 1 4
22 2 23
7 1 3
3 2 25
13 1 1
23 2 26
13 1 15
24 1 11
9 1 16
35 1 17
6 2 23
82 2 71
16 1 11
86 1 1
21 1 7
19 1 18
9 1 3
5 1 3
3 2 19
1 2 23
23 2 22
1 2 4
9 1 5
5 2 1
32 1 31
5 2 3
63 1 32
32 1 63
82 2 2
14 2 64
? 1 github_java_program_data/28/394.java

11 1 22
9 1 16
22 2 1
23 2 20
29 1 27
3 1 22
30 2 39
44 1 82
38 1 16
11 1 1
18 1 7
27 1 7
14 2 36
7 1 23
26 1 25
5 1 1
35 1 34
3 2 16
20 1 1
35 1 41
1 2 15
18 1 11
35 1 44
20 1 3
14 1 13
26 2 23
19 1 24
41 1 32
29 1 15
44 1 32
20 2 23
32 1 64
11 1 20
35 1 64
35 1 17
26 1 3
24 1 7
16 1 13
2 1 3
40 1 39
63 1 35
63 1 62
7 1 20
86 1 3
25 1 71
44 2 63
32 1 43
36 2 64
63 1 71
23 2 1
41 2 64
39 1 35
33 1 32
27 2 37
2 2 3
64 1 7
1 1 23
11 1 6
63 2 44
22 2 3
5 2 3
27 1 11
3 1 1
11 1 3
62 1 51
86 2 25
1 2 4
64 6 44
26 2 22
32 1 14
35 1 43
7 1 22
7 1 10
41 1 38
43 1 11
25 1 24
9 1 2
28 1 11
63 1 2
32 1 40
3 2 22
45 1 25
35 1 63
1 2 35
1 1 22
32 1 36
3 5 1
15 2 27
40 1 30
1 2 22
13 1 2
15 1 9
9 1 1
7 1 26
11 1 10
64 6 63
38 1 37
29 2 35
25 1 18
7 1 1
44 1 1
2 2 1
4 2 32
49 1 9
22 2 10
25 1 1
29 1 28
3 2 23
45 1 86
13 1 5
11 1 23
36 1 35
64 1 11
1 2 23
82 2 2
7 1 6
1 2 25
5 2 1
43 6 44
38 2 32
71 2 2
3 1 23
2 1 1
1 5 3
37 1 7
36 1 29
15 1 7
1 1 3
4 1 49
71 2 1
17 1 9
25 1 35
20 1 19
44 1 2
13 1 3
27 2 28
34 1 30
62 2 35
44 1 4
30 1 7
1 2 19
30 2 33
7 1 3
3 2 25
13 1 1
23 2 26
22 2 20
13 1 15
24 1 11
38 1 27
11 1 26
16 1 11
51 1 13
43 1 7
1 4 3
19 1 18
17 2 41
9 1 3
5 1 3
3 2 19
22 2 6
63 1 3
30 1 11
9 1 5
26 1 1
23 2 3
16 2 27
3 2 62
34 1 33
3 4 1
? 1 github_java_program_data/28/395.java

43 1 7
3 2 4
23 2 20
3 1 1
14 1 9
44 2 63
11 1 1
7 1 23
4 2 32
1 1 22
31 2 41
35 1 34
20 1 1
18 1 11
35 1 44
27 2 33
14 1 13
18 2 24
29 1 15
44 1 32
20 2 23
82 2 5
15 1 13
62 2 32
30 1 11
40 1 39
63 1 35
63 1 62
21 2 43
32 1 43
71 2 5
35 2 62
63 1 11
7 1 26
44 1 4
11 1 6
38 2 35
22 2 3
17 2 92
44 1 35
1 5 3
11 1 26
32 1 17
11 1 3
64 6 44
2 1 1
35 1 43
7 1 22
41 1 35
71 2 2
25 1 24
3 2 22
45 1 25
35 1 63
1 2 35
15 1 7
3 5 1
82 2 71
4 1 51
9 1 1
32 1 41
63 2 44
13 1 18
25 1 18
7 1 1
2 2 1
49 1 9
43 6 63
17 1 13
13 1 5
22 2 6
9 1 5
35 1 31
7 1 6
1 2 25
13 1 3
63 1 5
3 1 23
79 2 25
4 1 49
14 2 21
35 1 21
20 1 19
44 1 2
35 1 14
79 1 3
32 1 92
36 1 29
22 2 23
7 1 3
13 1 1
9 1 16
1 2 19
51 1 13
21 1 7
19 1 18
35 1 40
5 1 3
14 2 17
17 2 44
25 1 35
5 2 1
32 1 31
3 2 8
31 1 7
11 1 22
22 2 1
3 1 22
30 2 39
44 1 82
38 1 16
33 1 32
71 2 1
27 1 7
26 1 25
1 2 18
34 1 27
16 1 7
35 1 64
24 1 11
26 2 23
19 1 24
32 1 64
11 1 20
3 4 1
62 1 35
26 1 3
24 1 7
20 2 22
16 1 13
2 1 3
92 1 62
7 1 20
25 1 71
1 2 62
32 1 21
1 7 3
23 2 1
41 2 64
2 2 3
31 1 11
1 1 23
22 2 26
21 1 11
32 1 14
7 1 10
41 1 38
9 1 2
44 1 3
1 2 63
63 1 82
29 2 32
26 1 1
9 1 3
51 1 9
40 1 30
1 2 22
44 1 71
13 1 2
18 1 7
5 1 1
63 1 71
11 1 10
92 1 35
21 2 31
1 4 3
44 1 1
18 1 7
25 1 1
3 2 23
36 1 32
11 1 23
63 1 1
1 2 23
22 2 10
1 1 8
39 1 32
3 2 15
1 2 16
1 1 3
17 1 9
13 1 63
64 1 11
64 1 7
62 2 35
43 1 11
23 2 3
3 2 25
13 1 15
20 1 3
35 1 17
63 1 32
45 1 79
4 2 35
44 1 5
62 1 49
31 2 36
5 2 3
35 1 36
23 2 22
1 2 4
3 2 19
31 2 21
23 2 26
6 2 23
3 7 1
34 1 33
? 1 github_java_program_data/28/400.java

43 1 7
23 2 20
29 1 27
14 1 9
3 1 12
44 2 63
7 1 26
22 2 20
14 2 36
7 1 23
14 2 17
1 1 22
35 1 34
20 1 1
18 1 11
27 2 33
14 1 13
29 1 15
44 1 32
62 2 35
20 2 23
82 2 5
15 1 13
62 2 32
30 1 11
40 1 39
32 1 44
63 1 35
63 1 62
4 2 35
32 1 43
43 6 63
65 2 64
22 2 10
11 1 1
44 1 4
11 1 6
22 2 3
1 2 62
44 1 35
11 1 26
32 1 17
11 1 3
64 6 44
2 1 1
35 1 43
7 1 22
1 5 3
71 2 2
25 1 24
15 1 11
25 1 3
3 2 22
45 1 25
17 2 14
43 6 44
15 1 7
40 2 64
3 5 1
15 2 27
9 1 1
24 2 18
63 2 44
25 1 18
7 1 1
3 1 1
51 2 49
2 2 1
49 1 13
49 1 9
4 2 32
65 1 27
1 2 15
17 1 13
3 2 8
13 1 5
17 2 64
22 2 6
82 2 2
7 1 6
1 2 25
71 2 3
25 1 32
13 1 3
27 2 35
63 1 5
3 1 23
49 2 51
79 2 25
28 1 11
26 1 1
4 1 49
35 1 21
39 1 62
20 1 19
44 1 2
35 1 14
27 2 28
34 1 30
36 1 29
30 1 7
30 2 33
7 1 3
64 6 63
13 1 1
3 2 16
9 1 16
1 2 19
22 2 23
51 1 13
21 1 7
19 1 18
40 1 30
36 2 43
5 1 3
17 2 34
18 2 24
5 2 1
34 2 40
17 2 65
11 1 22
22 2 1
29 2 35
3 1 22
30 2 39
44 1 82
33 1 32
27 1 7
26 1 25
3 2 12
33 1 35
40 2 34
34 1 27
16 1 7
35 1 64
20 1 3
26 2 23
19 1 24
11 1 10
32 1 64
3 4 1
26 1 3
24 1 7
20 2 22
26 2 22
11 1 20
2 1 3
7 1 20
86 1 3
25 1 71
71 2 5
14 2 43
23 2 1
2 2 3
64 1 7
1 1 23
7 1 39
63 1 3
62 1 51
22 2 26
23 2 6
32 1 14
23 2 10
7 1 10
63 1 2
9 1 2
44 1 3
65 1 35
79 1 1
32 1 36
9 1 3
51 1 9
35 1 40
1 2 22
32 1 63
13 1 2
18 1 7
5 1 1
63 1 71
1 4 3
13 1 16
44 1 1
3 2 62
3 2 23
45 1 86
11 1 23
36 1 35
63 1 1
1 2 23
3 2 4
32 1 65
3 2 32
1 1 8
39 1 32
39 1 32
3 2 15
1 2 16
1 1 3
17 1 9
3 2 19
64 1 11
29 1 28
43 1 11
23 2 3
3 2 25
13 1 15
24 1 11
35 1 17
12 1 7
16 1 11
86 2 79
45 1 79
44 1 5
62 1 49
5 2 3
32 1 11
23 2 22
1 2 4
9 1 5
9 1 15
23 2 26
63 1 32
34 1 33
? 1 github_java_program_data/28/420.java

1 1 3
18 1 7
3 1 22
46 2 57
1 1 23
0 1 19
57 1 32
22 2 3
1 1 22
7 1 3
79 2 46
3 1 1
57 1 1
0 2 71
1 2 19
46 1 3
3 2 23
45 1 86
57 1 71
45 1 79
19 1 18
45 1 46
71 2 1
22 2 1
3 2 22
57 1 0
0 1 1
79 1 1
23 2 1
3 1 23
86 1 3
86 2 79
1 2 32
45 1 57
1 2 22
? 1 github_java_program_data/28/426.java

43 1 7
23 2 20
11 1 26
14 1 9
68 1 32
44 2 63
7 1 26
22 2 20
7 1 23
4 2 32
1 1 22
35 1 34
42 1 11
20 1 1
18 1 11
35 1 44
14 1 13
29 1 15
44 1 32
82 2 5
15 1 13
17 2 68
44 1 62
62 2 32
30 1 11
23 2 1
38 1 28
1 2 16
32 1 43
1 1 19
62 2 35
11 1 1
11 1 6
38 2 35
22 2 3
3 1 23
44 1 35
1 5 3
3 1 1
32 1 17
11 1 3
64 6 44
46 1 3
63 1 4
46 2 25
7 1 22
68 1 4
71 2 2
25 1 24
76 2 23
15 1 11
18 1 1
3 2 22
45 1 25
35 1 63
1 2 35
15 1 7
31 2 48
3 5 1
82 2 71
4 1 51
9 1 1
32 1 21
63 2 44
7 1 1
2 2 1
17 2 21
49 1 9
43 6 63
1 2 15
17 1 13
13 1 5
39 2 42
22 2 6
9 1 5
35 1 31
7 1 6
1 2 25
39 1 7
13 1 3
1 2 62
17 2 36
36 2 14
76 1 27
32 1 36
35 1 21
20 1 19
44 1 2
35 1 14
27 2 28
34 1 30
79 1 3
36 1 29
22 2 23
30 2 33
7 1 3
3 1 8
68 2 44
38 1 27
1 2 19
51 1 13
27 2 39
21 1 7
19 1 18
10 2 22
5 1 3
35 1 68
14 2 17
25 1 35
5 2 1
32 1 31
46 2 79
16 2 27
28 1 7
3 2 62
14 2 41
20 1 25
31 1 7
11 1 22
9 1 16
26 1 3
13 1 1
3 1 22
44 1 82
38 1 16
33 1 32
26 1 25
3 2 12
32 1 41
16 1 7
35 1 64
20 1 3
26 2 23
29 2 35
3 1 19
76 1 39
11 1 20
3 4 1
71 2 1
22 2 1
24 1 7
16 1 13
2 1 3
1 2 8
7 1 20
25 1 71
3 1 25
2 2 3
31 1 11
1 1 23
63 1 7
27 1 11
63 1 3
32 1 48
21 1 11
23 2 76
3 2 15
32 1 14
23 2 10
21 2 14
7 1 10
41 1 38
63 1 2
9 1 2
44 1 3
68 1 3
45 1 46
26 1 1
3 2 63
44 1 5
79 2 46
1 2 22
44 1 71
13 1 2
18 1 7
5 1 1
63 1 71
11 1 10
21 2 31
1 4 3
44 1 1
1 7 3
25 1 1
3 2 23
11 1 23
36 1 35
1 2 23
3 2 4
6 2 22
2 1 1
41 1 35
1 1 3
17 1 9
13 1 63
64 1 11
7 1 76
23 2 3
3 2 25
23 2 26
13 1 15
24 1 11
35 1 17
1 1 12
16 1 11
45 1 79
9 1 3
24 1 1
62 1 49
76 1 42
41 2 21
3 2 19
31 2 21
5 2 3
63 1 32
3 7 1
82 2 2
34 1 33
? 1 github_java_program_data/28/446.java

14 2 34
35 1 65
23 2 20
29 1 27
14 1 9
3 1 12
44 2 63
10 2 23
11 1 1
22 2 20
14 2 36
7 1 23
14 2 17
1 1 22
34 1 42
20 1 1
18 1 11
27 2 33
14 1 13
44 1 32
62 2 35
3 2 8
62 2 32
30 1 11
40 1 39
32 1 44
63 1 35
63 1 62
4 2 35
11 1 26
29 1 16
1 1 8
65 2 43
43 6 63
71 2 5
22 2 10
7 1 26
44 1 4
11 1 6
22 2 3
44 1 35
3 1 1
32 1 17
11 1 3
33 2 42
64 6 44
3 2 15
43 6 44
35 1 43
7 1 22
1 5 3
71 2 2
1 2 12
25 1 24
15 1 11
32 1 40
3 2 22
45 1 25
30 2 35
17 2 14
63 2 44
15 1 7
31 2 48
3 5 1
8 1 7
67 2 43
82 2 71
1 1 3
4 1 51
9 1 1
32 1 21
24 2 18
67 1 30
27 2 32
63 1 82
7 1 1
27 2 39
2 2 1
49 1 13
49 1 9
4 2 32
65 1 27
1 2 15
29 1 28
40 1 27
13 1 5
32 1 67
17 2 64
39 2 42
22 2 6
35 1 31
7 1 6
1 2 25
25 1 32
13 1 3
63 1 5
3 1 23
49 2 51
61 1 32
79 2 25
26 1 1
4 1 49
35 1 21
20 1 19
44 1 2
35 1 14
27 2 28
34 1 30
79 1 3
36 1 29
22 2 23
30 2 33
7 1 3
3 1 8
17 2 40
3 2 16
43 1 11
1 2 19
39 1 35
51 1 13
43 1 7
21 1 7
19 1 18
17 2 67
35 1 40
5 1 3
35 1 55
18 2 24
33 1 35
32 1 31
16 2 27
44 1 71
30 1 7
31 1 7
11 1 22
22 2 1
16 1 9
13 1 1
3 1 22
30 2 39
44 1 82
33 1 32
27 1 7
26 1 25
3 2 12
34 1 27
16 1 7
35 1 64
24 1 11
19 1 24
11 1 10
32 1 64
3 4 1
71 2 1
26 1 3
24 1 7
26 2 22
11 1 20
2 1 3
3 2 62
1 2 8
7 1 20
25 1 71
8 1 11
1 7 3
23 2 1
2 2 3
31 1 11
1 1 23
12 1 11
27 1 11
63 1 3
32 1 48
62 1 51
21 1 11
32 1 14
51 2 49
31 2 34
1 2 32
7 1 10
9 1 2
1 4 3
25 1 18
29 2 32
31 2 17
32 1 43
9 1 3
51 1 9
40 1 30
14 2 65
1 2 22
32 1 63
13 1 2
18 1 7
5 1 1
63 1 71
40 2 21
21 2 31
13 1 16
44 1 1
25 1 1
3 2 23
36 1 32
11 1 23
1 2 23
40 1 61
67 1 35
33 2 61
40 1 33
39 1 32
2 1 1
1 2 16
42 1 35
17 1 9
9 1 5
65 1 32
64 1 7
5 2 1
17 1 13
9 1 16
34 1 39
23 2 3
3 2 25
23 2 26
13 1 15
20 1 3
35 1 17
12 1 7
1 1 12
16 1 11
28 1 7
32 1 34
45 1 79
39 2 61
44 1 5
21 2 55
62 1 49
35 1 36
1 2 4
3 2 19
31 2 21
9 1 15
5 2 3
63 1 32
3 7 1
34 1 33
? 1 github_java_program_data/28/452.java

11 1 22
9 1 16
22 2 1
23 2 20
29 1 27
3 1 22
30 2 39
44 1 82
38 1 16
11 1 1
18 1 7
27 1 7
14 2 36
7 1 23
26 1 25
5 1 1
35 1 34
3 2 16
20 1 1
35 1 41
1 2 15
18 1 11
35 1 44
20 1 3
14 1 13
26 2 23
19 1 24
41 1 32
29 1 15
44 1 32
20 2 23
32 1 64
11 1 20
35 1 64
35 1 17
26 1 3
24 1 7
16 1 13
2 1 3
40 1 39
63 1 35
63 1 62
7 1 20
86 1 3
25 1 71
44 2 63
32 1 43
36 2 64
63 1 71
23 2 1
41 2 64
39 1 35
33 1 32
27 2 37
2 2 3
64 1 7
1 1 23
11 1 6
63 2 44
22 2 3
5 2 3
27 1 11
3 1 1
11 1 3
62 1 51
86 2 25
1 2 4
64 6 44
26 2 22
32 1 14
35 1 43
7 1 22
7 1 10
41 1 38
43 1 11
25 1 24
9 1 2
28 1 11
63 1 2
32 1 40
3 2 22
45 1 25
35 1 63
1 2 35
1 1 22
32 1 36
3 5 1
15 2 27
40 1 30
1 2 22
13 1 2
15 1 9
9 1 1
7 1 26
11 1 10
64 6 63
38 1 37
29 2 35
25 1 18
7 1 1
44 1 1
2 2 1
4 2 32
49 1 9
22 2 10
25 1 1
29 1 28
3 2 23
45 1 86
13 1 5
11 1 23
36 1 35
64 1 11
1 2 23
82 2 2
7 1 6
1 2 25
5 2 1
43 6 44
38 2 32
71 2 2
3 1 23
2 1 1
1 5 3
37 1 7
36 1 29
15 1 7
1 1 3
4 1 49
71 2 1
17 1 9
25 1 35
20 1 19
44 1 2
13 1 3
27 2 28
34 1 30
62 2 35
44 1 4
30 1 7
1 2 19
30 2 33
7 1 3
3 2 25
13 1 1
23 2 26
22 2 20
13 1 15
24 1 11
38 1 27
11 1 26
16 1 11
51 1 13
43 1 7
1 4 3
19 1 18
17 2 41
9 1 3
5 1 3
3 2 19
22 2 6
63 1 3
30 1 11
9 1 5
26 1 1
23 2 3
16 2 27
3 2 62
34 1 33
3 4 1
? 1 github_java_program_data/28/455.java

43 1 7
21 2 48
23 2 20
3 1 1
14 1 9
44 2 63
7 1 26
22 2 20
7 1 23
1 1 25
1 1 22
34 1 42
35 1 34
20 1 1
31 2 36
29 1 30
18 1 11
14 1 13
44 1 32
41 1 29
18 1 3
14 2 41
62 2 32
30 1 11
40 1 39
32 1 44
23 2 1
63 1 62
4 2 35
1 2 32
13 2 9
29 1 16
1 1 19
71 2 5
22 2 10
11 1 1
79 2 46
44 1 4
11 1 6
26 1 19
22 2 3
5 2 3
11 1 26
32 1 17
11 1 3
64 6 44
46 1 3
7 1 22
1 5 3
71 2 2
43 1 11
25 1 24
15 1 11
18 1 1
32 1 40
3 2 22
45 1 25
17 2 14
15 1 7
3 5 1
82 2 71
1 1 3
9 1 1
32 1 41
24 2 18
38 1 37
38 2 32
63 1 82
7 1 1
2 2 1
4 2 32
49 1 9
43 6 63
65 1 27
16 1 7
17 1 13
40 1 27
13 1 5
39 2 42
35 1 31
7 1 6
1 2 25
25 1 32
13 1 3
27 2 35
63 1 5
3 1 23
61 1 32
79 2 25
26 1 1
4 1 49
35 1 21
20 1 19
44 1 2
35 1 14
34 1 30
79 1 3
30 1 7
30 2 33
7 1 3
13 1 1
3 2 15
3 2 16
38 1 27
1 2 19
20 2 23
39 1 35
27 2 33
27 2 39
21 1 7
19 1 18
33 2 42
5 1 3
14 2 17
18 2 24
5 2 1
32 1 31
46 2 79
16 2 27
28 1 7
3 2 62
17 2 65
31 1 7
11 1 22
26 1 3
29 2 35
3 1 22
30 2 39
44 1 82
38 1 16
33 1 32
16 2 30
27 1 7
26 1 25
41 2 43
33 1 35
34 1 27
1 2 15
35 1 64
20 1 3
26 2 23
19 1 24
11 1 10
16 1 13
3 4 1
71 2 1
22 2 1
24 1 7
26 2 22
11 1 20
2 1 3
42 1 35
7 1 20
25 1 71
32 1 21
3 1 25
27 2 37
2 2 3
64 1 7
1 1 23
63 2 44
34 1 61
27 1 11
63 1 3
32 1 48
62 1 51
22 2 26
21 1 11
23 2 6
32 1 14
23 2 10
31 2 34
7 1 10
9 1 2
1 4 3
25 1 18
45 1 46
65 1 35
32 1 43
51 1 9
40 1 30
1 2 22
44 1 71
13 1 2
18 1 7
5 1 1
63 1 71
24 1 3
22 2 23
36 1 38
13 1 16
44 1 1
1 7 3
42 1 32
25 1 1
65 2 40
3 2 23
36 1 32
11 1 23
32 1 63
21 2 40
1 2 23
32 1 65
33 2 61
29 1 28
39 1 32
2 1 1
41 1 35
37 1 7
16 1 9
34 2 31
17 1 9
9 1 5
31 1 11
17 2 31
9 1 16
23 2 3
3 2 25
23 2 26
13 1 15
24 1 11
35 1 17
16 1 11
45 1 79
9 1 3
24 1 1
30 2 28
35 1 36
1 2 4
3 2 19
31 2 21
9 1 15
44 1 35
63 1 32
40 1 42
34 1 33
? 1 github_java_program_data/28/459.java

31 1 7
11 1 22
22 2 1
29 1 27
14 1 9
43 1 7
30 2 39
44 1 82
67 2 65
11 1 1
6 2 22
27 1 7
21 2 36
7 1 23
14 2 17
1 1 22
9 1 1
34 1 27
1 2 15
32 1 67
35 1 44
14 1 13
36 2 17
34 2 14
29 1 15
44 1 32
32 1 64
3 4 1
3 1 22
2 1 3
40 1 39
23 2 1
25 1 71
32 1 43
44 1 4
65 2 43
1 7 3
22 2 10
33 1 32
2 2 3
31 1 11
1 1 23
11 1 6
22 2 3
5 2 3
27 1 11
3 1 1
32 1 17
11 1 3
86 2 25
21 1 11
3 2 15
23 2 6
32 1 14
23 2 10
7 1 22
1 5 3
7 1 10
44 1 3
45 1 86
25 1 3
3 2 4
3 2 22
45 1 25
17 2 14
65 1 35
32 1 36
15 1 11
3 5 1
3 2 16
27 2 33
35 1 40
1 2 22
13 1 2
15 1 9
5 1 1
11 1 10
40 2 21
32 1 21
67 1 30
21 2 31
1 4 3
7 1 1
13 1 16
65 1 30
2 2 1
4 2 32
49 1 9
29 2 32
65 1 27
29 1 28
3 2 23
36 1 32
11 1 23
3 2 35
1 2 23
35 1 31
7 1 6
71 2 3
67 1 35
32 1 65
43 6 44
32 1 34
17 1 13
39 1 32
3 1 23
2 1 1
1 2 16
28 1 11
36 1 29
15 1 7
1 1 3
4 1 49
14 2 21
14 2 67
35 1 21
25 1 35
64 1 11
44 1 2
13 1 3
27 2 28
82 2 2
31 2 21
17 1 9
43 1 11
30 1 7
7 1 3
3 7 1
13 1 1
13 1 15
30 2 35
9 1 16
16 1 11
15 2 27
86 1 1
21 1 7
9 1 3
10 2 22
5 1 3
22 2 6
65 2 14
40 1 30
27 2 35
9 1 5
5 2 1
32 1 31
23 2 3
17 2 65
34 1 33
? 1 github_java_program_data/28/479.java

11 1 22
9 1 16
22 2 1
23 2 20
29 1 27
3 1 22
30 2 39
44 1 82
38 1 16
11 1 1
18 1 7
27 1 7
14 2 36
7 1 23
26 1 25
5 1 1
35 1 34
3 2 16
20 1 1
35 1 41
1 2 15
18 1 11
35 1 44
20 1 3
14 1 13
26 2 23
19 1 24
41 1 32
29 1 15
44 1 32
20 2 23
32 1 64
11 1 20
35 1 64
35 1 17
26 1 3
24 1 7
16 1 13
2 1 3
40 1 39
63 1 35
63 1 62
7 1 20
86 1 3
25 1 71
44 2 63
32 1 43
36 2 64
63 1 71
23 2 1
41 2 64
39 1 35
33 1 32
27 2 37
2 2 3
64 1 7
1 1 23
11 1 6
63 2 44
22 2 3
5 2 3
27 1 11
3 1 1
11 1 3
62 1 51
86 2 25
1 2 4
64 6 44
26 2 22
32 1 14
35 1 43
7 1 22
7 1 10
41 1 38
43 1 11
25 1 24
9 1 2
28 1 11
63 1 2
32 1 40
3 2 22
45 1 25
35 1 63
1 2 35
1 1 22
32 1 36
3 5 1
15 2 27
40 1 30
1 2 22
13 1 2
15 1 9
9 1 1
7 1 26
11 1 10
64 6 63
38 1 37
29 2 35
25 1 18
7 1 1
44 1 1
2 2 1
4 2 32
49 1 9
22 2 10
25 1 1
29 1 28
3 2 23
45 1 86
13 1 5
11 1 23
36 1 35
64 1 11
1 2 23
82 2 2
7 1 6
1 2 25
5 2 1
43 6 44
38 2 32
71 2 2
3 1 23
2 1 1
1 5 3
37 1 7
36 1 29
15 1 7
1 1 3
4 1 49
71 2 1
17 1 9
25 1 35
20 1 19
44 1 2
13 1 3
27 2 28
34 1 30
62 2 35
44 1 4
30 1 7
1 2 19
30 2 33
7 1 3
3 2 25
13 1 1
23 2 26
22 2 20
13 1 15
24 1 11
38 1 27
11 1 26
16 1 11
51 1 13
43 1 7
1 4 3
19 1 18
17 2 41
9 1 3
5 1 3
3 2 19
22 2 6
63 1 3
30 1 11
9 1 5
26 1 1
23 2 3
16 2 27
3 2 62
34 1 33
3 4 1
? 1 github_java_program_data/28/485.java

1 1 3
18 1 7
3 1 22
46 2 57
1 1 23
0 1 19
57 1 32
22 2 3
1 1 22
7 1 3
79 2 46
3 1 1
57 1 1
0 2 71
1 2 19
46 1 3
3 2 23
45 1 86
57 1 71
45 1 79
19 1 18
45 1 46
71 2 1
22 2 1
3 2 22
57 1 0
0 1 1
79 1 1
23 2 1
3 1 23
86 1 3
86 2 79
1 2 32
45 1 57
1 2 22
? 1 github_java_program_data/28/486.java

43 1 7
23 2 20
29 1 27
14 1 9
3 1 12
44 2 63
7 1 26
22 2 20
14 2 36
7 1 23
14 2 17
1 1 22
35 1 34
20 1 1
18 1 11
27 2 33
14 1 13
29 1 15
44 1 32
62 2 35
20 2 23
82 2 5
15 1 13
62 2 32
30 1 11
40 1 39
32 1 44
63 1 35
63 1 62
4 2 35
32 1 43
43 6 63
65 2 64
22 2 10
11 1 1
44 1 4
11 1 6
22 2 3
1 2 62
44 1 35
11 1 26
32 1 17
11 1 3
64 6 44
2 1 1
35 1 43
7 1 22
1 5 3
71 2 2
25 1 24
15 1 11
25 1 3
3 2 22
45 1 25
17 2 14
43 6 44
15 1 7
40 2 64
3 5 1
15 2 27
9 1 1
24 2 18
63 2 44
25 1 18
7 1 1
3 1 1
51 2 49
2 2 1
49 1 13
49 1 9
4 2 32
65 1 27
1 2 15
17 1 13
3 2 8
13 1 5
17 2 64
22 2 6
82 2 2
7 1 6
1 2 25
71 2 3
25 1 32
13 1 3
27 2 35
63 1 5
3 1 23
49 2 51
79 2 25
28 1 11
26 1 1
4 1 49
35 1 21
39 1 62
20 1 19
44 1 2
35 1 14
27 2 28
34 1 30
36 1 29
30 1 7
30 2 33
7 1 3
64 6 63
13 1 1
3 2 16
9 1 16
1 2 19
22 2 23
51 1 13
21 1 7
19 1 18
40 1 30
36 2 43
5 1 3
17 2 34
18 2 24
5 2 1
34 2 40
17 2 65
11 1 22
22 2 1
29 2 35
3 1 22
30 2 39
44 1 82
33 1 32
27 1 7
26 1 25
3 2 12
33 1 35
40 2 34
34 1 27
16 1 7
35 1 64
20 1 3
26 2 23
19 1 24
11 1 10
32 1 64
3 4 1
26 1 3
24 1 7
20 2 22
26 2 22
11 1 20
2 1 3
7 1 20
86 1 3
25 1 71
71 2 5
14 2 43
23 2 1
2 2 3
64 1 7
1 1 23
7 1 39
63 1 3
62 1 51
22 2 26
23 2 6
32 1 14
23 2 10
7 1 10
63 1 2
9 1 2
44 1 3
65 1 35
79 1 1
32 1 36
9 1 3
51 1 9
35 1 40
1 2 22
32 1 63
13 1 2
18 1 7
5 1 1
63 1 71
1 4 3
13 1 16
44 1 1
3 2 62
3 2 23
45 1 86
11 1 23
36 1 35
63 1 1
1 2 23
3 2 4
32 1 65
3 2 32
1 1 8
39 1 32
39 1 32
3 2 15
1 2 16
1 1 3
17 1 9
3 2 19
64 1 11
29 1 28
43 1 11
23 2 3
3 2 25
13 1 15
24 1 11
35 1 17
12 1 7
16 1 11
86 2 79
45 1 79
44 1 5
62 1 49
5 2 3
32 1 11
23 2 22
1 2 4
9 1 5
9 1 15
23 2 26
63 1 32
34 1 33
? 1 github_java_program_data/28/510.java

11 1 22
9 1 16
22 2 1
23 2 20
29 1 27
3 1 22
30 2 39
44 1 82
38 1 16
11 1 1
18 1 7
27 1 7
14 2 36
7 1 23
26 1 25
5 1 1
35 1 34
3 2 16
20 1 1
35 1 41
1 2 15
18 1 11
35 1 44
20 1 3
14 1 13
26 2 23
19 1 24
41 1 32
29 1 15
44 1 32
20 2 23
32 1 64
11 1 20
35 1 64
35 1 17
26 1 3
24 1 7
16 1 13
2 1 3
40 1 39
63 1 35
63 1 62
7 1 20
86 1 3
25 1 71
44 2 63
32 1 43
36 2 64
63 1 71
23 2 1
41 2 64
39 1 35
33 1 32
27 2 37
2 2 3
64 1 7
1 1 23
11 1 6
63 2 44
22 2 3
5 2 3
27 1 11
3 1 1
11 1 3
62 1 51
86 2 25
1 2 4
64 6 44
26 2 22
32 1 14
35 1 43
7 1 22
7 1 10
41 1 38
43 1 11
25 1 24
9 1 2
28 1 11
63 1 2
32 1 40
3 2 22
45 1 25
35 1 63
1 2 35
1 1 22
32 1 36
3 5 1
15 2 27
40 1 30
1 2 22
13 1 2
15 1 9
9 1 1
7 1 26
11 1 10
64 6 63
38 1 37
29 2 35
25 1 18
7 1 1
44 1 1
2 2 1
4 2 32
49 1 9
22 2 10
25 1 1
29 1 28
3 2 23
45 1 86
13 1 5
11 1 23
36 1 35
64 1 11
1 2 23
82 2 2
7 1 6
1 2 25
5 2 1
43 6 44
38 2 32
71 2 2
3 1 23
2 1 1
1 5 3
37 1 7
36 1 29
15 1 7
1 1 3
4 1 49
71 2 1
17 1 9
25 1 35
20 1 19
44 1 2
13 1 3
27 2 28
34 1 30
62 2 35
44 1 4
30 1 7
1 2 19
30 2 33
7 1 3
3 2 25
13 1 1
23 2 26
22 2 20
13 1 15
24 1 11
38 1 27
11 1 26
16 1 11
51 1 13
43 1 7
1 4 3
19 1 18
17 2 41
9 1 3
5 1 3
3 2 19
22 2 6
63 1 3
30 1 11
9 1 5
26 1 1
23 2 3
16 2 27
3 2 62
34 1 33
3 4 1
? 1 github_java_program_data/28/515.java

21 2 17
3 1 1
14 1 9
3 1 12
44 2 63
7 1 26
22 2 20
14 2 36
7 1 23
4 2 32
1 1 22
20 1 1
29 1 30
18 1 11
35 1 44
14 1 13
44 1 32
3 2 8
62 2 32
40 1 39
23 2 1
63 1 62
13 2 9
29 1 16
71 2 5
11 1 1
44 1 4
11 1 6
22 2 3
3 1 23
5 2 3
11 1 26
32 1 17
11 1 3
2 1 1
7 1 22
1 5 3
71 2 2
1 2 12
25 1 24
15 1 11
32 1 40
3 2 22
45 1 25
35 1 63
17 2 14
1 2 35
31 2 48
3 5 1
82 2 71
16 1 9
9 1 1
14 2 31
32 1 21
63 1 82
7 1 1
2 2 1
49 1 9
1 2 15
29 1 28
40 1 27
36 2 21
13 1 5
22 2 6
9 1 5
35 1 31
7 1 6
1 2 25
13 1 3
63 1 5
1 2 62
79 2 25
28 1 11
4 1 49
14 2 21
35 1 21
20 1 19
44 1 2
35 1 14
79 1 3
36 1 29
30 1 7
7 1 3
13 1 1
3 2 16
28 1 23
1 2 19
39 1 35
27 2 33
27 2 39
21 1 7
19 1 18
5 1 3
18 2 24
5 2 1
32 1 31
28 1 7
31 1 7
11 1 22
22 2 1
3 1 22
44 1 82
16 2 30
26 1 25
3 2 12
33 1 35
34 1 27
16 1 7
20 1 3
11 1 10
16 1 13
3 4 1
71 2 1
26 1 3
24 1 7
11 1 20
2 1 3
1 2 8
7 1 20
25 1 71
11 2 23
8 1 11
35 1 48
2 2 3
31 1 11
1 1 23
27 1 11
62 1 51
21 1 11
10 2 22
32 1 14
23 2 10
7 1 10
9 1 2
1 4 3
25 1 18
29 2 32
26 1 1
51 1 9
1 2 22
44 1 71
13 1 2
18 1 7
5 1 1
63 1 71
13 1 16
44 1 1
25 1 1
3 2 23
36 1 32
11 1 23
63 1 1
1 2 23
1 1 8
3 2 15
1 2 16
1 1 3
17 1 9
25 1 35
23 2 7
17 1 13
9 1 16
23 2 3
3 2 25
13 1 15
24 1 11
35 1 17
12 1 7
32 1 34
45 1 79
9 1 3
30 2 28
35 1 36
1 2 4
3 2 19
31 2 21
9 1 15
63 1 32
34 1 33
? 1 github_java_program_data/28/518.java

31 1 7
11 1 22
22 2 1
23 2 20
29 1 27
14 1 9
3 1 22
44 1 82
11 1 1
7 1 26
14 2 36
7 1 23
26 1 25
1 1 22
34 1 42
3 2 16
20 1 1
3 7 1
16 1 7
18 1 11
35 1 44
24 1 11
14 1 13
19 1 24
29 1 15
44 1 32
20 2 23
3 4 1
1 2 19
15 1 13
26 1 3
24 1 7
62 2 32
2 1 3
23 2 1
63 1 62
7 1 20
86 1 3
25 1 71
44 2 63
32 1 43
71 2 5
33 1 32
63 1 5
1 2 8
44 1 4
11 1 6
82 2 71
22 2 3
5 2 3
27 1 11
3 1 1
32 1 17
11 1 3
62 1 51
86 2 25
21 1 11
3 2 15
32 1 14
23 2 10
7 1 22
7 1 10
71 2 2
25 1 24
9 1 2
15 1 11
63 1 82
3 2 22
45 1 25
35 1 63
17 2 14
1 2 35
15 1 7
51 1 9
33 2 42
1 2 22
44 1 71
13 1 2
1 1 3
5 1 1
63 1 71
32 1 21
29 2 35
25 1 18
7 1 1
13 1 16
44 1 1
2 2 1
4 2 32
49 1 9
25 1 1
17 1 13
3 2 23
45 1 86
13 1 5
35 1 64
36 1 35
20 1 19
36 2 34
1 4 3
22 2 6
35 1 31
7 1 6
21 2 64
29 1 28
3 1 23
2 1 1
1 5 3
32 1 36
42 1 35
4 1 49
14 2 21
2 2 3
35 1 21
25 1 35
64 1 11
44 1 2
13 1 3
27 2 28
34 1 30
36 1 29
30 1 7
30 2 33
7 1 3
3 2 25
3 1 8
13 1 15
20 1 3
43 1 11
11 1 26
15 2 27
32 1 34
21 1 7
19 1 18
9 1 3
5 1 3
3 2 19
1 2 23
63 1 3
1 2 4
9 1 5
71 2 1
9 1 15
23 2 26
63 1 32
28 1 7
3 2 62
34 1 33
64 6 63
? 1 github_java_program_data/28/524.java

14 2 34
86 2 25
26 1 3
29 1 27
14 1 9
3 1 22
44 1 82
11 1 1
18 1 7
27 1 7
14 2 36
7 1 23
26 1 25
5 1 1
35 1 34
3 2 16
1 2 15
35 1 44
14 1 13
19 1 24
29 1 15
44 1 32
32 1 64
3 4 1
71 2 1
22 2 1
24 1 7
11 1 20
2 1 3
23 2 1
7 1 20
86 1 3
25 1 71
11 1 26
32 1 43
36 2 64
22 2 10
33 1 32
64 1 7
44 1 4
11 1 6
22 2 3
5 2 3
3 1 1
4 2 32
71 2 2
64 6 44
32 1 14
7 1 22
1 5 3
7 1 10
15 1 11
3 2 22
45 1 25
17 2 14
1 2 35
32 1 36
3 5 1
15 2 27
1 2 22
44 1 71
13 1 2
15 1 9
9 1 1
11 1 10
29 2 35
25 1 18
7 1 1
13 1 16
44 1 1
2 2 1
49 1 9
25 1 1
29 1 28
3 2 23
45 1 86
11 1 23
36 1 35
1 2 23
7 1 6
17 1 13
3 1 23
1 2 16
28 1 11
36 1 29
15 1 7
4 1 49
9 1 5
20 1 19
44 1 2
35 1 14
27 2 28
34 1 30
9 1 16
30 1 7
30 2 33
7 1 3
3 2 25
13 1 1
13 1 15
20 1 3
43 1 11
35 1 17
16 1 11
1 4 3
9 1 3
5 1 3
3 2 19
22 2 6
1 2 4
25 1 35
5 2 1
9 1 15
23 2 3
6 2 23
82 2 71
34 1 33
? 1 github_java_program_data/28/543.java

11 1 22
9 1 16
22 2 1
23 2 20
29 1 27
3 1 22
30 2 39
44 1 82
38 1 16
11 1 1
18 1 7
27 1 7
14 2 36
7 1 23
26 1 25
5 1 1
35 1 34
3 2 16
20 1 1
35 1 41
1 2 15
18 1 11
35 1 44
20 1 3
14 1 13
26 2 23
19 1 24
41 1 32
29 1 15
44 1 32
20 2 23
32 1 64
11 1 20
35 1 64
35 1 17
26 1 3
24 1 7
16 1 13
2 1 3
40 1 39
63 1 35
63 1 62
7 1 20
86 1 3
25 1 71
44 2 63
32 1 43
36 2 64
63 1 71
23 2 1
41 2 64
39 1 35
33 1 32
27 2 37
2 2 3
64 1 7
1 1 23
11 1 6
63 2 44
22 2 3
5 2 3
27 1 11
3 1 1
11 1 3
62 1 51
86 2 25
1 2 4
64 6 44
26 2 22
32 1 14
35 1 43
7 1 22
7 1 10
41 1 38
43 1 11
25 1 24
9 1 2
28 1 11
63 1 2
32 1 40
3 2 22
45 1 25
35 1 63
1 2 35
1 1 22
32 1 36
3 5 1
15 2 27
40 1 30
1 2 22
13 1 2
15 1 9
9 1 1
7 1 26
11 1 10
64 6 63
38 1 37
29 2 35
25 1 18
7 1 1
44 1 1
2 2 1
4 2 32
49 1 9
22 2 10
25 1 1
29 1 28
3 2 23
45 1 86
13 1 5
11 1 23
36 1 35
64 1 11
1 2 23
82 2 2
7 1 6
1 2 25
5 2 1
43 6 44
38 2 32
71 2 2
3 1 23
2 1 1
1 5 3
37 1 7
36 1 29
15 1 7
1 1 3
4 1 49
71 2 1
17 1 9
25 1 35
20 1 19
44 1 2
13 1 3
27 2 28
34 1 30
62 2 35
44 1 4
30 1 7
1 2 19
30 2 33
7 1 3
3 2 25
13 1 1
23 2 26
22 2 20
13 1 15
24 1 11
38 1 27
11 1 26
16 1 11
51 1 13
43 1 7
1 4 3
19 1 18
17 2 41
9 1 3
5 1 3
3 2 19
22 2 6
63 1 3
30 1 11
9 1 5
26 1 1
23 2 3
16 2 27
3 2 62
34 1 33
3 4 1
? 1 github_java_program_data/28/545.java

43 1 7
23 2 20
29 1 27
14 1 9
3 1 12
44 2 63
7 1 26
22 2 20
14 2 36
7 1 23
14 2 17
1 1 22
35 1 34
20 1 1
18 1 11
27 2 33
14 1 13
29 1 15
44 1 32
62 2 35
20 2 23
82 2 5
15 1 13
62 2 32
30 1 11
40 1 39
32 1 44
63 1 35
63 1 62
4 2 35
32 1 43
43 6 63
65 2 64
22 2 10
11 1 1
44 1 4
11 1 6
22 2 3
1 2 62
44 1 35
11 1 26
32 1 17
11 1 3
64 6 44
2 1 1
35 1 43
7 1 22
1 5 3
71 2 2
25 1 24
15 1 11
25 1 3
3 2 22
45 1 25
17 2 14
43 6 44
15 1 7
40 2 64
3 5 1
15 2 27
9 1 1
24 2 18
63 2 44
25 1 18
7 1 1
3 1 1
51 2 49
2 2 1
49 1 13
49 1 9
4 2 32
65 1 27
1 2 15
17 1 13
3 2 8
13 1 5
17 2 64
22 2 6
82 2 2
7 1 6
1 2 25
71 2 3
25 1 32
13 1 3
27 2 35
63 1 5
3 1 23
49 2 51
79 2 25
28 1 11
26 1 1
4 1 49
35 1 21
39 1 62
20 1 19
44 1 2
35 1 14
27 2 28
34 1 30
36 1 29
30 1 7
30 2 33
7 1 3
64 6 63
13 1 1
3 2 16
9 1 16
1 2 19
22 2 23
51 1 13
21 1 7
19 1 18
40 1 30
36 2 43
5 1 3
17 2 34
18 2 24
5 2 1
34 2 40
17 2 65
11 1 22
22 2 1
29 2 35
3 1 22
30 2 39
44 1 82
33 1 32
27 1 7
26 1 25
3 2 12
33 1 35
40 2 34
34 1 27
16 1 7
35 1 64
20 1 3
26 2 23
19 1 24
11 1 10
32 1 64
3 4 1
26 1 3
24 1 7
20 2 22
26 2 22
11 1 20
2 1 3
7 1 20
86 1 3
25 1 71
71 2 5
14 2 43
23 2 1
2 2 3
64 1 7
1 1 23
7 1 39
63 1 3
62 1 51
22 2 26
23 2 6
32 1 14
23 2 10
7 1 10
63 1 2
9 1 2
44 1 3
65 1 35
79 1 1
32 1 36
9 1 3
51 1 9
35 1 40
1 2 22
32 1 63
13 1 2
18 1 7
5 1 1
63 1 71
1 4 3
13 1 16
44 1 1
3 2 62
3 2 23
45 1 86
11 1 23
36 1 35
63 1 1
1 2 23
3 2 4
32 1 65
3 2 32
1 1 8
39 1 32
39 1 32
3 2 15
1 2 16
1 1 3
17 1 9
3 2 19
64 1 11
29 1 28
43 1 11
23 2 3
3 2 25
13 1 15
24 1 11
35 1 17
12 1 7
16 1 11
86 2 79
45 1 79
44 1 5
62 1 49
5 2 3
32 1 11
23 2 22
1 2 4
9 1 5
9 1 15
23 2 26
63 1 32
34 1 33
? 1 github_java_program_data/28/570.java

11 1 22
9 1 16
22 2 1
23 2 20
29 1 27
3 1 22
30 2 39
44 1 82
38 1 16
11 1 1
18 1 7
27 1 7
14 2 36
7 1 23
26 1 25
5 1 1
35 1 34
3 2 16
20 1 1
35 1 41
1 2 15
18 1 11
35 1 44
20 1 3
14 1 13
26 2 23
19 1 24
41 1 32
29 1 15
44 1 32
20 2 23
32 1 64
11 1 20
35 1 64
35 1 17
26 1 3
24 1 7
16 1 13
2 1 3
40 1 39
63 1 35
63 1 62
7 1 20
86 1 3
25 1 71
44 2 63
32 1 43
36 2 64
63 1 71
23 2 1
41 2 64
39 1 35
33 1 32
27 2 37
2 2 3
64 1 7
1 1 23
11 1 6
63 2 44
22 2 3
5 2 3
27 1 11
3 1 1
11 1 3
62 1 51
86 2 25
1 2 4
64 6 44
26 2 22
32 1 14
35 1 43
7 1 22
7 1 10
41 1 38
43 1 11
25 1 24
9 1 2
28 1 11
63 1 2
32 1 40
3 2 22
45 1 25
35 1 63
1 2 35
1 1 22
32 1 36
3 5 1
15 2 27
40 1 30
1 2 22
13 1 2
15 1 9
9 1 1
7 1 26
11 1 10
64 6 63
38 1 37
29 2 35
25 1 18
7 1 1
44 1 1
2 2 1
4 2 32
49 1 9
22 2 10
25 1 1
29 1 28
3 2 23
45 1 86
13 1 5
11 1 23
36 1 35
64 1 11
1 2 23
82 2 2
7 1 6
1 2 25
5 2 1
43 6 44
38 2 32
71 2 2
3 1 23
2 1 1
1 5 3
37 1 7
36 1 29
15 1 7
1 1 3
4 1 49
71 2 1
17 1 9
25 1 35
20 1 19
44 1 2
13 1 3
27 2 28
34 1 30
62 2 35
44 1 4
30 1 7
1 2 19
30 2 33
7 1 3
3 2 25
13 1 1
23 2 26
22 2 20
13 1 15
24 1 11
38 1 27
11 1 26
16 1 11
51 1 13
43 1 7
1 4 3
19 1 18
17 2 41
9 1 3
5 1 3
3 2 19
22 2 6
63 1 3
30 1 11
9 1 5
26 1 1
23 2 3
16 2 27
3 2 62
34 1 33
3 4 1
? 1 github_java_program_data/28/575.java

31 1 7
11 1 22
22 2 1
23 2 20
29 1 27
3 1 22
44 1 82
7 1 26
15 1 9
44 1 4
7 1 23
26 1 25
5 1 1
34 1 42
35 1 34
3 2 16
20 1 1
16 1 7
18 1 11
20 1 3
14 1 13
18 2 24
29 1 15
36 2 31
20 2 23
3 4 1
1 2 19
26 1 3
2 2 1
24 1 7
20 2 22
11 1 20
2 1 3
32 1 44
23 2 1
1 2 8
7 1 20
4 2 35
25 1 71
11 1 26
3 2 32
1 7 3
22 2 10
11 1 1
2 2 3
31 1 11
1 1 23
11 1 6
82 2 71
22 2 3
44 1 35
27 1 11
3 1 1
10 2 23
11 1 3
71 2 2
22 2 26
21 1 11
26 2 22
45 1 79
23 2 10
7 1 22
1 5 3
7 1 10
33 1 35
15 1 11
25 1 24
25 1 3
3 2 4
3 2 22
45 1 25
1 4 3
1 1 22
79 1 1
26 1 1
44 1 3
3 5 1
15 2 27
33 2 42
1 2 22
44 1 71
13 1 2
18 1 7
9 1 1
11 1 10
32 1 21
31 2 21
31 2 34
21 2 31
25 1 18
7 1 1
49 1 9
17 2 21
42 1 32
45 1 86
24 2 18
1 2 15
17 1 13
3 2 23
36 1 32
11 1 23
1 2 23
35 1 31
7 1 6
1 2 25
71 2 3
25 1 32
35 1 14
29 1 28
3 1 23
2 1 1
79 2 25
1 1 3
4 1 49
9 2 13
35 1 21
3 2 19
20 1 19
44 1 2
13 1 3
27 2 28
34 1 30
17 1 9
9 1 16
30 1 7
5 2 3
30 2 33
7 1 3
3 2 25
3 1 8
23 2 26
13 1 15
24 1 11
36 1 29
35 1 17
86 2 79
23 2 6
29 2 32
86 1 1
21 1 7
19 1 18
9 1 3
5 1 3
31 2 36
13 1 1
35 1 36
14 2 17
9 1 5
5 2 1
32 1 31
23 2 3
22 2 20
28 1 7
3 7 1
34 1 33
? 1 github_java_program_data/28/582.java

1 1 3
18 1 7
3 1 22
46 2 57
1 1 23
0 1 19
57 1 32
22 2 3
1 1 22
7 1 3
79 2 46
3 1 1
57 1 1
0 2 71
1 2 19
46 1 3
3 2 23
45 1 86
57 1 71
45 1 79
19 1 18
45 1 46
71 2 1
22 2 1
3 2 22
57 1 0
0 1 1
79 1 1
23 2 1
3 1 23
86 1 3
86 2 79
1 2 32
45 1 57
1 2 22
? 1 github_java_program_data/28/6.java

43 1 7
23 2 20
29 1 27
14 1 9
3 1 12
44 2 63
7 1 26
22 2 20
14 2 36
7 1 23
14 2 17
1 1 22
35 1 34
20 1 1
18 1 11
27 2 33
14 1 13
29 1 15
44 1 32
62 2 35
20 2 23
82 2 5
15 1 13
62 2 32
30 1 11
40 1 39
32 1 44
63 1 35
63 1 62
4 2 35
32 1 43
43 6 63
65 2 64
22 2 10
11 1 1
44 1 4
11 1 6
22 2 3
1 2 62
44 1 35
11 1 26
32 1 17
11 1 3
64 6 44
2 1 1
35 1 43
7 1 22
1 5 3
71 2 2
25 1 24
15 1 11
25 1 3
3 2 22
45 1 25
17 2 14
43 6 44
15 1 7
40 2 64
3 5 1
15 2 27
9 1 1
24 2 18
63 2 44
25 1 18
7 1 1
3 1 1
51 2 49
2 2 1
49 1 13
49 1 9
4 2 32
65 1 27
1 2 15
17 1 13
3 2 8
13 1 5
17 2 64
22 2 6
82 2 2
7 1 6
1 2 25
71 2 3
25 1 32
13 1 3
27 2 35
63 1 5
3 1 23
49 2 51
79 2 25
28 1 11
26 1 1
4 1 49
35 1 21
39 1 62
20 1 19
44 1 2
35 1 14
27 2 28
34 1 30
36 1 29
30 1 7
30 2 33
7 1 3
64 6 63
13 1 1
3 2 16
9 1 16
1 2 19
22 2 23
51 1 13
21 1 7
19 1 18
40 1 30
36 2 43
5 1 3
17 2 34
18 2 24
5 2 1
34 2 40
17 2 65
11 1 22
22 2 1
29 2 35
3 1 22
30 2 39
44 1 82
33 1 32
27 1 7
26 1 25
3 2 12
33 1 35
40 2 34
34 1 27
16 1 7
35 1 64
20 1 3
26 2 23
19 1 24
11 1 10
32 1 64
3 4 1
26 1 3
24 1 7
20 2 22
26 2 22
11 1 20
2 1 3
7 1 20
86 1 3
25 1 71
71 2 5
14 2 43
23 2 1
2 2 3
64 1 7
1 1 23
7 1 39
63 1 3
62 1 51
22 2 26
23 2 6
32 1 14
23 2 10
7 1 10
63 1 2
9 1 2
44 1 3
65 1 35
79 1 1
32 1 36
9 1 3
51 1 9
35 1 40
1 2 22
32 1 63
13 1 2
18 1 7
5 1 1
63 1 71
1 4 3
13 1 16
44 1 1
3 2 62
3 2 23
45 1 86
11 1 23
36 1 35
63 1 1
1 2 23
3 2 4
32 1 65
3 2 32
1 1 8
39 1 32
39 1 32
3 2 15
1 2 16
1 1 3
17 1 9
3 2 19
64 1 11
29 1 28
43 1 11
23 2 3
3 2 25
13 1 15
24 1 11
35 1 17
12 1 7
16 1 11
86 2 79
45 1 79
44 1 5
62 1 49
5 2 3
32 1 11
23 2 22
1 2 4
9 1 5
9 1 15
23 2 26
63 1 32
34 1 33
? 1 github_java_program_data/28/600.java

11 1 22
9 1 16
22 2 1
23 2 20
29 1 27
3 1 22
30 2 39
44 1 82
38 1 16
11 1 1
18 1 7
27 1 7
14 2 36
7 1 23
26 1 25
5 1 1
35 1 34
3 2 16
20 1 1
35 1 41
1 2 15
18 1 11
35 1 44
20 1 3
14 1 13
26 2 23
19 1 24
41 1 32
29 1 15
44 1 32
20 2 23
32 1 64
11 1 20
35 1 64
35 1 17
26 1 3
24 1 7
16 1 13
2 1 3
40 1 39
63 1 35
63 1 62
7 1 20
86 1 3
25 1 71
44 2 63
32 1 43
36 2 64
63 1 71
23 2 1
41 2 64
39 1 35
33 1 32
27 2 37
2 2 3
64 1 7
1 1 23
11 1 6
63 2 44
22 2 3
5 2 3
27 1 11
3 1 1
11 1 3
62 1 51
86 2 25
1 2 4
64 6 44
26 2 22
32 1 14
35 1 43
7 1 22
7 1 10
41 1 38
43 1 11
25 1 24
9 1 2
28 1 11
63 1 2
32 1 40
3 2 22
45 1 25
35 1 63
1 2 35
1 1 22
32 1 36
3 5 1
15 2 27
40 1 30
1 2 22
13 1 2
15 1 9
9 1 1
7 1 26
11 1 10
64 6 63
38 1 37
29 2 35
25 1 18
7 1 1
44 1 1
2 2 1
4 2 32
49 1 9
22 2 10
25 1 1
29 1 28
3 2 23
45 1 86
13 1 5
11 1 23
36 1 35
64 1 11
1 2 23
82 2 2
7 1 6
1 2 25
5 2 1
43 6 44
38 2 32
71 2 2
3 1 23
2 1 1
1 5 3
37 1 7
36 1 29
15 1 7
1 1 3
4 1 49
71 2 1
17 1 9
25 1 35
20 1 19
44 1 2
13 1 3
27 2 28
34 1 30
62 2 35
44 1 4
30 1 7
1 2 19
30 2 33
7 1 3
3 2 25
13 1 1
23 2 26
22 2 20
13 1 15
24 1 11
38 1 27
11 1 26
16 1 11
51 1 13
43 1 7
1 4 3
19 1 18
17 2 41
9 1 3
5 1 3
3 2 19
22 2 6
63 1 3
30 1 11
9 1 5
26 1 1
23 2 3
16 2 27
3 2 62
34 1 33
3 4 1
? 1 github_java_program_data/28/605.java

14 2 34
11 1 22
22 2 1
35 1 21
11 1 26
63 1 82
43 1 7
44 1 82
33 1 32
7 1 26
7 1 23
26 1 25
1 1 22
34 1 42
35 1 34
1 1 23
34 1 27
20 1 1
23 2 20
16 1 7
18 1 11
14 1 13
26 2 23
19 1 24
29 1 15
36 2 43
30 1 11
3 4 1
1 2 19
26 1 3
24 1 7
20 2 22
11 1 20
2 1 3
40 1 39
32 1 44
63 1 35
63 1 62
7 1 20
45 1 104
1 2 32
23 2 1
35 1 48
22 2 10
11 1 1
1 2 8
31 1 11
44 1 4
11 1 6
82 2 71
22 2 3
44 1 35
27 1 11
3 1 1
11 1 3
62 1 51
1 2 15
22 2 26
21 1 11
26 2 22
29 2 32
23 2 6
43 6 44
35 1 43
7 1 22
71 2 2
15 2 30
63 1 2
1 4 3
32 1 40
3 2 22
45 1 25
3 1 22
17 2 14
4 2 35
26 1 1
104 1 3
3 5 1
27 2 33
33 2 42
1 2 22
44 1 71
13 1 2
42 1 35
15 1 9
9 1 1
63 1 71
11 1 10
32 1 21
14 2 17
61 1 35
25 1 18
7 1 1
3 2 23
44 1 1
2 2 1
71 2 82
49 1 9
25 1 1
29 1 30
29 1 28
40 1 27
3 1 8
36 1 32
13 1 5
11 1 23
32 1 63
1 2 23
40 1 61
35 1 31
7 1 6
1 2 25
71 2 3
25 1 32
104 1 32
6 2 22
39 1 32
3 1 23
2 1 1
1 2 16
15 1 7
1 1 3
4 1 49
2 2 3
17 1 9
3 2 19
20 1 19
44 1 2
35 1 14
104 1 71
31 2 48
62 2 35
9 1 16
34 2 36
7 1 3
3 2 25
13 1 1
13 1 15
20 1 3
36 1 29
35 1 17
16 1 11
51 1 13
27 2 39
21 1 7
19 1 18
25 2 104
39 2 61
3 2 32
5 1 3
30 2 28
35 1 36
63 1 3
1 2 4
9 1 5
5 2 1
22 2 20
28 1 7
3 2 62
82 2 2
34 1 33
? 1 github_java_program_data/28/615.java

31 1 7
11 1 22
21 2 48
22 2 1
35 1 21
29 1 27
3 1 22
11 1 3
44 1 82
4 2 82
7 1 26
46 2 79
27 1 7
7 1 23
26 1 25
1 1 22
35 1 34
3 2 16
23 2 20
16 1 7
18 1 11
35 1 44
20 1 3
14 1 13
82 2 32
19 1 24
3 2 35
44 1 32
20 2 23
3 4 1
3 2 8
26 1 3
3 2 4
16 1 13
22 2 26
40 1 39
23 2 1
1 2 8
7 1 20
25 1 71
23 2 6
29 1 16
44 1 4
17 2 36
22 2 10
3 1 12
11 1 1
2 2 3
1 1 23
11 1 6
22 2 3
36 2 40
5 2 3
1 5 3
3 1 1
32 1 17
32 1 48
27 2 39
21 1 11
3 2 15
45 1 79
32 1 14
7 1 22
1 2 16
7 1 10
1 2 12
71 2 2
25 1 24
15 1 11
25 1 3
32 1 40
3 2 22
45 1 25
45 1 46
1 4 3
3 2 12
79 1 1
26 1 1
44 1 3
3 5 1
82 2 71
79 2 46
8 1 7
1 2 22
44 1 71
13 1 2
1 1 3
18 1 7
9 1 1
11 1 10
32 1 21
5 1 1
12 1 11
29 2 35
25 1 18
7 1 1
2 2 1
49 1 9
1 2 15
29 1 28
40 1 27
45 1 86
11 1 23
36 1 35
46 1 1
33 1 32
39 2 42
1 2 23
7 1 6
1 2 25
71 2 3
39 1 32
3 1 23
2 1 1
3 2 23
28 1 11
32 1 36
42 1 35
4 1 49
17 1 9
25 1 35
20 1 19
44 1 2
13 1 3
27 2 28
34 1 30
9 1 16
30 1 7
82 1 18
30 2 33
7 1 3
3 2 25
3 1 8
13 1 15
24 1 11
36 1 29
11 1 26
86 2 79
1 1 12
79 2 25
86 1 1
21 1 7
19 1 18
17 2 14
9 1 3
44 1 82
5 1 3
3 2 19
13 1 1
14 2 17
9 1 5
5 2 1
32 1 31
23 2 3
16 2 27
40 1 42
34 1 33
? 1 github_java_program_data/28/621.java

1 1 3
18 1 7
3 1 22
46 2 57
1 1 23
0 1 19
57 1 32
22 2 3
1 1 22
7 1 3
79 2 46
3 1 1
57 1 1
0 2 71
1 2 19
46 1 3
3 2 23
45 1 86
57 1 71
45 1 79
19 1 18
45 1 46
71 2 1
22 2 1
3 2 22
57 1 0
0 1 1
79 1 1
23 2 1
3 1 23
86 1 3
86 2 79
1 2 32
45 1 57
1 2 22
? 1 github_java_program_data/28/66.java

43 1 7
23 2 20
29 1 27
14 1 9
3 1 12
44 2 63
7 1 26
22 2 20
14 2 36
7 1 23
14 2 17
1 1 22
35 1 34
20 1 1
18 1 11
27 2 33
14 1 13
29 1 15
44 1 32
62 2 35
20 2 23
82 2 5
15 1 13
62 2 32
30 1 11
40 1 39
32 1 44
63 1 35
63 1 62
4 2 35
32 1 43
43 6 63
65 2 64
22 2 10
11 1 1
44 1 4
11 1 6
22 2 3
1 2 62
44 1 35
11 1 26
32 1 17
11 1 3
64 6 44
2 1 1
35 1 43
7 1 22
1 5 3
71 2 2
25 1 24
15 1 11
25 1 3
3 2 22
45 1 25
17 2 14
43 6 44
15 1 7
40 2 64
3 5 1
15 2 27
9 1 1
24 2 18
63 2 44
25 1 18
7 1 1
3 1 1
51 2 49
2 2 1
49 1 13
49 1 9
4 2 32
65 1 27
1 2 15
17 1 13
3 2 8
13 1 5
17 2 64
22 2 6
82 2 2
7 1 6
1 2 25
71 2 3
25 1 32
13 1 3
27 2 35
63 1 5
3 1 23
49 2 51
79 2 25
28 1 11
26 1 1
4 1 49
35 1 21
39 1 62
20 1 19
44 1 2
35 1 14
27 2 28
34 1 30
36 1 29
30 1 7
30 2 33
7 1 3
64 6 63
13 1 1
3 2 16
9 1 16
1 2 19
22 2 23
51 1 13
21 1 7
19 1 18
40 1 30
36 2 43
5 1 3
17 2 34
18 2 24
5 2 1
34 2 40
17 2 65
11 1 22
22 2 1
29 2 35
3 1 22
30 2 39
44 1 82
33 1 32
27 1 7
26 1 25
3 2 12
33 1 35
40 2 34
34 1 27
16 1 7
35 1 64
20 1 3
26 2 23
19 1 24
11 1 10
32 1 64
3 4 1
26 1 3
24 1 7
20 2 22
26 2 22
11 1 20
2 1 3
7 1 20
86 1 3
25 1 71
71 2 5
14 2 43
23 2 1
2 2 3
64 1 7
1 1 23
7 1 39
63 1 3
62 1 51
22 2 26
23 2 6
32 1 14
23 2 10
7 1 10
63 1 2
9 1 2
44 1 3
65 1 35
79 1 1
32 1 36
9 1 3
51 1 9
35 1 40
1 2 22
32 1 63
13 1 2
18 1 7
5 1 1
63 1 71
1 4 3
13 1 16
44 1 1
3 2 62
3 2 23
45 1 86
11 1 23
36 1 35
63 1 1
1 2 23
3 2 4
32 1 65
3 2 32
1 1 8
39 1 32
39 1 32
3 2 15
1 2 16
1 1 3
17 1 9
3 2 19
64 1 11
29 1 28
43 1 11
23 2 3
3 2 25
13 1 15
24 1 11
35 1 17
12 1 7
16 1 11
86 2 79
45 1 79
44 1 5
62 1 49
5 2 3
32 1 11
23 2 22
1 2 4
9 1 5
9 1 15
23 2 26
63 1 32
34 1 33
? 1 github_java_program_data/28/90.java

1 1 3
18 1 7
3 1 22
46 2 57
1 1 23
0 1 19
57 1 32
22 2 3
1 1 22
7 1 3
79 2 46
3 1 1
57 1 1
0 2 71
1 2 19
46 1 3
3 2 23
45 1 86
57 1 71
45 1 79
19 1 18
45 1 46
71 2 1
22 2 1
3 2 22
57 1 0
0 1 1
79 1 1
23 2 1
3 1 23
86 1 3
86 2 79
1 2 32
45 1 57
1 2 22
? 1 github_java_program_data/28/96.java

