22 2 26
3 1 23
18 1 7
20 1 3
86 2 25
21 2 31
82 2 71
3 1 1
20 1 19
1 2 23
19 1 18
7 1 23
71 2 2
13 1 1
1 1 8
6 2 22
4 2 32
7 1 20
44 1 1
7 1 6
11 1 23
2 1 3
1 1 22
9 1 16
24 1 11
21 1 11
35 1 44
1 2 19
14 1 13
3 2 16
21 1 7
31 1 7
7 1 26
24 2 18
18 1 1
25 1 24
3 5 1
1 5 3
25 1 18
11 1 6
6 2 23
11 1 10
1 2 15
19 1 24
16 1 11
7 1 10
26 1 1
1 1 19
32 1 14
32 1 17
13 1 15
18 1 3
1 2 22
26 1 25
71 2 1
25 1 1
44 1 4
26 1 3
1 2 35
1 1 23
10 2 22
14 2 31
3 4 1
22 2 3
23 2 1
25 1 71
9 1 5
23 2 20
9 1 3
49 1 9
31 2 21
23 2 3
32 1 21
2 2 1
44 1 32
24 1 1
3 2 23
44 1 71
3 2 22
4 1 49
7 1 22
11 1 26
20 1 1
3 1 22
3 1 25
15 1 7
5 1 1
1 1 3
86 1 3
3 2 25
21 2 17
3 2 8
3 2 19
22 2 1
32 1 31
45 1 86
13 1 2
1 2 4
44 1 2
45 1 25
10 2 23
24 1 3
5 2 3
21 2 14
17 2 31
31 1 11
1 2 25
17 1 9
1 4 3
44 1 82
18 1 11
24 1 7
11 1 20
25 1 35
? 1 github_java_program_data/20/72.java

39 1 35
68 1 71
63 1 1
4 2 32
35 1 31
1 2 4
65 1 35
3 1 1
13 1 5
20 1 19
19 1 24
51 2 49
35 1 21
71 2 2
24 2 18
43 1 7
11 1 23
47 1 40
27 2 39
49 1 13
64 1 7
30 2 35
21 2 34
43 6 63
30 2 39
20 1 3
64 1 11
40 1 33
40 2 34
33 2 42
21 1 11
35 1 44
1 2 19
34 1 39
40 1 42
68 2 44
7 1 26
13 1 1
26 2 22
34 2 40
25 1 24
27 1 11
1 5 3
11 1 6
34 1 27
1 2 15
1 2 62
71 2 3
33 1 35
34 1 47
39 1 32
19 1 18
34 1 30
7 1 23
63 1 2
39 2 61
65 1 30
1 2 22
26 1 25
47 2 61
11 1 3
32 1 40
3 2 19
3 1 22
34 1 33
5 1 3
22 2 3
25 1 71
82 2 2
44 2 63
1 7 3
23 2 20
40 2 31
13 1 3
17 1 13
43 1 11
35 1 14
32 1 21
2 2 1
44 1 32
63 1 32
3 2 23
3 2 22
4 1 49
7 1 22
63 1 4
11 1 26
61 1 35
3 2 4
11 1 22
27 1 7
15 1 7
32 1 65
32 1 43
35 1 64
27 2 33
33 1 32
34 1 52
1 1 3
2 1 3
62 1 51
3 2 25
44 1 3
5 2 3
68 1 3
4 2 35
34 1 61
44 1 82
22 2 1
11 1 20
25 1 35
3 2 62
31 2 43
35 1 17
22 2 26
42 1 35
3 1 23
34 1 42
40 1 47
1 2 23
51 1 9
63 1 71
35 1 63
68 1 4
62 2 32
39 2 42
51 1 13
7 1 1
9 1 1
13 1 2
68 1 32
63 1 5
7 1 20
40 1 39
11 1 1
44 1 1
3 7 1
32 1 31
33 2 52
22 2 20
24 1 11
62 1 49
63 1 35
17 2 34
44 1 62
21 1 7
1 4 3
31 1 7
35 1 43
3 5 1
25 1 18
35 1 34
2 2 3
44 1 35
14 1 9
30 2 33
40 1 30
30 1 7
26 1 1
21 2 40
21 2 31
13 1 15
3 4 1
18 1 7
2 1 1
71 2 1
35 1 68
26 1 3
1 2 35
1 1 23
47 1 34
32 1 64
14 2 68
40 1 27
71 2 5
25 1 1
23 2 26
23 2 1
9 1 5
63 1 3
52 1 40
34 2 65
61 1 32
82 2 5
9 1 3
49 1 9
40 1 61
31 2 21
23 2 3
5 2 1
63 2 44
9 1 82
32 1 34
20 1 1
7 1 3
62 2 35
42 1 32
5 1 1
1 1 22
9 1 2
52 2 61
33 2 47
64 6 44
18 2 24
34 2 21
40 2 64
44 1 2
45 1 25
35 1 40
44 1 5
31 1 11
39 2 47
30 1 11
18 1 11
24 1 7
1 2 25
4 1 51
? 1 github_java_program_data/20/79.java

