16 1 11
25 1 1
3 1 4
23 2 1
4 1 49
63 2 44
13 1 82
71 2 2
11 1 10
104 1 3
64 1 7
14 2 17
7 1 3
44 1 2
3 2 62
14 1 9
35 1 43
11 1 1
32 1 25
9 1 82
51 1 1
17 1 13
2 2 1
7 1 1
104 1 71
71 2 3
62 1 51
5 2 3
9 1 15
82 2 71
32 1 64
3 2 23
44 1 3
1 2 62
1 5 3
32 1 14
2 1 82
4 2 32
3 2 32
9 1 5
63 1 2
1 2 4
49 1 9
62 1 49
7 1 23
82 2 1
1 2 22
25 2 44
4 1 51
3 1 22
3 1 1
3 4 1
3 2 16
15 1 7
32 1 63
44 1 35
2 1 3
7 1 6
44 2 63
32 1 44
63 1 4
45 1 104
13 1 5
17 1 9
104 1 32
20 1 3
1 2 32
22 2 1
5 1 71
1 1 3
13 1 71
13 1 3
71 2 1
13 1 16
82 2 5
3 2 19
5 1 3
6 2 23
25 1 71
2 2 3
44 1 1
13 2 9
1 2 23
44 1 5
19 1 18
25 1 32
63 1 1
9 1 71
44 1 82
49 1 3
82 2 2
62 2 35
9 1 3
51 1 13
2 1 1
14 2 25
63 1 32
44 1 62
14 1 13
7 1 22
49 2 51
7 1 20
9 1 1
22 2 6
13 1 2
18 1 11
13 1 1
64 6 63
43 6 44
71 2 82
20 1 19
3 2 15
3 2 22
71 2 5
9 1 2
32 1 17
1 1 23
17 2 14
5 2 1
63 1 71
43 1 7
5 1 1
23 2 3
? 1 github_java_program_data/15/119.java

14 2 44
23 2 1
82 2 3
17 1 13
4 2 35
71 2 2
11 1 10
31 1 11
104 1 3
2 2 3
32 1 13
7 1 3
44 1 2
44 1 82
11 1 1
32 1 25
68 1 1
4 1 49
45 1 86
7 1 1
104 1 71
3 1 23
25 1 82
62 1 51
86 2 79
5 2 3
1 4 3
13 1 82
3 2 23
11 1 23
1 2 62
32 1 14
17 2 14
17 2 68
68 1 4
9 1 5
2 2 1
5 1 1
1 2 4
49 1 9
5 2 1
7 1 23
1 2 23
1 2 22
32 1 9
44 1 71
3 1 22
3 1 1
3 7 1
44 1 35
2 1 3
7 1 6
1 5 3
32 1 44
45 1 104
13 1 5
1 1 8
51 1 9
104 1 32
35 1 21
79 2 104
86 1 1
1 2 32
22 2 1
79 1 1
1 1 3
86 1 32
45 1 79
13 1 3
13 1 71
7 1 22
35 1 31
5 1 3
25 1 3
86 2 25
9 2 13
21 2 31
44 1 1
32 1 68
82 2 5
3 2 32
25 1 32
11 1 3
9 1 71
86 1 1
62 2 35
9 1 1
82 2 71
2 1 1
44 1 62
14 1 13
68 1 35
21 1 7
9 1 3
31 2 21
23 2 10
13 1 1
71 2 3
14 2 17
3 2 8
22 2 3
71 2 5
14 1 9
23 2 6
1 7 3
9 1 2
32 1 17
1 1 23
25 2 14
11 1 22
3 2 22
23 2 3
1 1 22
32 1 86
? 1 github_java_program_data/15/138.java

53 1 7
82 2 3
35 1 54
23 2 1
21 1 11
27 2 32
54 2 63
35 1 40
13 1 15
25 1 35
32 1 48
88 1 30
25 1 18
31 1 11
26 1 25
2 2 3
47 2 52
34 1 39
16 1 7
43 2 53
14 2 40
30 2 33
21 2 34
31 2 48
3 2 35
63 1 71
108 1 78
51 1 13
32 1 25
25 1 1
2 1 71
4 1 49
104 1 71
1 4 3
32 1 43
56 2 40
3 1 23
34 1 61
63 1 35
5 2 3
63 1 5
17 2 31
32 1 54
30 2 32
34 2 31
32 1 21
47 1 40
104 1 35
32 1 64
43 6 63
44 1 3
32 1 27
32 1 14
5 2 1
82 2 71
46 1 3
20 2 23
35 1 17
64 6 44
15 1 11
49 1 9
62 1 49
33 2 42
7 1 23
1 2 22
68 2 44
44 1 71
3 2 73
25 1 71
15 1 7
3 7 1
73 1 37
31 2 21
23 2 20
15 1 11
64 1 11
9 1 16
63 1 4
13 1 5
14 2 63
48 2 54
51 1 9
3 5 1
35 1 21
54 1 4
20 1 3
4 2 35
1 2 4
1 1 3
35 1 64
45 1 79
13 1 3
3 2 62
3 1 22
5 1 3
32 1 104
32 1 53
27 2 39
64 1 7
54 2 68
45 1 46
71 2 5
79 1 3
32 1 68
22 2 6
19 1 18
3 4 1
64 6 63
63 1 2
9 1 1
43 6 44
40 1 42
34 1 30
71 2 1
1 2 108
32 1 63
42 1 32
21 1 7
7 1 20
9 1 3
1 2 16
54 1 32
33 2 47
13 1 2
26 1 1
18 1 11
23 2 10
22 2 10
53 2 31
22 2 26
9 1 15
35 1 88
20 1 19
7 1 6
68 1 3
3 2 15
104 2 63
54 1 7
33 1 35
4 2 32
104 1 73
63 1 82
54 1 11
32 1 55
33 2 61
47 1 34
6 2 23
61 1 35
35 1 43
68 1 62
43 1 7
24 1 7
3 2 22
108 2 32
52 1 34
16 1 11
46 2 25
21 2 27
62 2 32
75 2 21
54 1 62
44 2 25
32 1 34
63 2 44
7 1 1
79 2 46
33 1 32
71 2 2
27 2 33
2 1 3
40 1 30
17 1 9
11 1 26
14 2 17
19 1 24
7 1 3
54 2 21
47 2 42
44 1 2
20 1 1
14 1 9
18 2 24
63 2 54
21 2 43
73 2 35
11 1 1
1 7 3
68 1 1
30 1 11
32 1 40
2 2 1
7 1 1
44 2 63
35 1 34
33 2 52
71 2 3
26 2 22
88 1 32
68 1 4
62 1 51
54 1 82
1 2 15
34 1 33
3 2 4
56 1 27
13 1 82
49 1 13
3 2 23
7 1 26
1 2 62
54 1 3
54 1 71
2 1 82
45 1 25
10 2 22
26 1 3
22 2 3
20 2 22
40 1 33
9 1 5
34 2 40
40 1 39
68 1 82
11 1 6
44 1 32
40 1 47
1 2 23
21 2 31
17 2 40
64 2 75
4 1 51
11 1 23
3 1 1
31 2 34
43 1 11
3 2 16
3 2 25
32 1 75
44 1 35
55 2 53
1 2 25
32 1 44
82 2 1
27 1 7
40 2 21
104 1 3
25 1 108
26 2 23
108 1 7
63 1 62
78 1 3
23 2 26
27 1 11
22 2 1
13 1 16
31 1 7
49 2 51
1 5 3
24 1 11
21 2 55
35 1 31
3 2 19
35 1 68
35 1 15
40 1 27
44 1 1
7 1 10
68 1 32
82 2 5
44 1 5
44 2 14
25 1 32
63 1 1
34 1 27
11 1 3
9 1 71
44 1 82
24 2 18
82 2 2
62 2 35
11 1 10
25 1 3
25 1 24
2 1 1
63 1 3
21 2 14
63 1 32
44 1 62
14 1 13
78 2 7
7 1 22
35 1 14
35 1 56
18 1 7
39 1 32
25 2 104
44 1 4
40 2 64
35 1 44
27 1 7
39 1 35
13 1 1
40 2 34
35 1 63
11 1 20
30 1 7
52 2 47
22 2 20
68 2 63
56 1 32
31 2 64
5 1 1
37 1 1
23 2 22
40 1 52
51 2 49
30 2 39
23 2 6
14 2 34
9 1 2
32 1 17
31 2 43
1 1 23
17 2 14
34 1 42
17 1 13
11 1 22
17 2 68
1 2 19
32 1 31
23 2 3
1 1 22
54 1 35
? 1 github_java_program_data/15/163.java

14 2 44
23 2 1
82 2 3
17 1 13
4 2 35
71 2 2
11 1 10
31 1 11
104 1 3
2 2 3
32 1 13
7 1 3
44 1 2
44 1 82
11 1 1
32 1 25
68 1 1
4 1 49
45 1 86
7 1 1
104 1 71
3 1 23
25 1 82
62 1 51
86 2 79
5 2 3
1 4 3
13 1 82
3 2 23
11 1 23
1 2 62
32 1 14
17 2 14
17 2 68
68 1 4
9 1 5
2 2 1
5 1 1
1 2 4
49 1 9
5 2 1
7 1 23
1 2 23
1 2 22
32 1 9
44 1 71
3 1 22
3 1 1
3 7 1
44 1 35
2 1 3
7 1 6
1 5 3
32 1 44
45 1 104
13 1 5
1 1 8
51 1 9
104 1 32
35 1 21
79 2 104
86 1 1
1 2 32
22 2 1
79 1 1
1 1 3
86 1 32
45 1 79
13 1 3
13 1 71
7 1 22
35 1 31
5 1 3
25 1 3
86 2 25
9 2 13
21 2 31
44 1 1
32 1 68
82 2 5
3 2 32
25 1 32
11 1 3
9 1 71
86 1 1
62 2 35
9 1 1
82 2 71
2 1 1
44 1 62
14 1 13
68 1 35
21 1 7
9 1 3
31 2 21
23 2 10
13 1 1
71 2 3
14 2 17
3 2 8
22 2 3
71 2 5
14 1 9
23 2 6
1 7 3
9 1 2
32 1 17
1 1 23
25 2 14
11 1 22
3 2 22
23 2 3
1 1 22
32 1 86
? 1 github_java_program_data/15/168.java

14 2 44
23 2 1
82 2 3
17 1 13
4 2 35
71 2 2
11 1 10
31 1 11
104 1 3
2 2 3
32 1 13
7 1 3
44 1 2
44 1 82
11 1 1
32 1 25
68 1 1
4 1 49
45 1 86
7 1 1
104 1 71
3 1 23
25 1 82
62 1 51
86 2 79
5 2 3
1 4 3
13 1 82
3 2 23
11 1 23
1 2 62
32 1 14
17 2 14
17 2 68
68 1 4
9 1 5
2 2 1
5 1 1
1 2 4
49 1 9
5 2 1
7 1 23
1 2 23
1 2 22
32 1 9
44 1 71
3 1 22
3 1 1
3 7 1
44 1 35
2 1 3
7 1 6
1 5 3
32 1 44
45 1 104
13 1 5
1 1 8
51 1 9
104 1 32
35 1 21
79 2 104
86 1 1
1 2 32
22 2 1
79 1 1
1 1 3
86 1 32
45 1 79
13 1 3
13 1 71
7 1 22
35 1 31
5 1 3
25 1 3
86 2 25
9 2 13
21 2 31
44 1 1
32 1 68
82 2 5
3 2 32
25 1 32
11 1 3
9 1 71
86 1 1
62 2 35
9 1 1
82 2 71
2 1 1
44 1 62
14 1 13
68 1 35
21 1 7
9 1 3
31 2 21
23 2 10
13 1 1
71 2 3
14 2 17
3 2 8
22 2 3
71 2 5
14 1 9
23 2 6
1 7 3
9 1 2
32 1 17
1 1 23
25 2 14
11 1 22
3 2 22
23 2 3
1 1 22
32 1 86
? 1 github_java_program_data/15/18.java

14 2 44
23 2 1
82 2 3
17 1 13
4 2 35
71 2 2
11 1 10
31 1 11
104 1 3
2 2 3
32 1 13
7 1 3
44 1 2
44 1 82
11 1 1
32 1 25
68 1 1
4 1 49
45 1 86
7 1 1
104 1 71
3 1 23
25 1 82
62 1 51
86 2 79
5 2 3
1 4 3
13 1 82
3 2 23
11 1 23
1 2 62
32 1 14
17 2 14
17 2 68
68 1 4
9 1 5
2 2 1
5 1 1
1 2 4
49 1 9
5 2 1
7 1 23
1 2 23
1 2 22
32 1 9
44 1 71
3 1 22
3 1 1
3 7 1
44 1 35
2 1 3
7 1 6
1 5 3
32 1 44
45 1 104
13 1 5
1 1 8
51 1 9
104 1 32
35 1 21
79 2 104
86 1 1
1 2 32
22 2 1
79 1 1
1 1 3
86 1 32
45 1 79
13 1 3
13 1 71
7 1 22
35 1 31
5 1 3
25 1 3
86 2 25
9 2 13
21 2 31
44 1 1
32 1 68
82 2 5
3 2 32
25 1 32
11 1 3
9 1 71
86 1 1
62 2 35
9 1 1
82 2 71
2 1 1
44 1 62
14 1 13
68 1 35
21 1 7
9 1 3
31 2 21
23 2 10
13 1 1
71 2 3
14 2 17
3 2 8
22 2 3
71 2 5
14 1 9
23 2 6
1 7 3
9 1 2
32 1 17
1 1 23
25 2 14
11 1 22
3 2 22
23 2 3
1 1 22
32 1 86
? 1 github_java_program_data/15/198.java

14 2 44
23 2 1
82 2 3
17 1 13
4 2 35
71 2 2
11 1 10
31 1 11
104 1 3
2 2 3
32 1 13
7 1 3
44 1 2
44 1 82
11 1 1
32 1 25
68 1 1
4 1 49
45 1 86
7 1 1
104 1 71
3 1 23
25 1 82
62 1 51
86 2 79
5 2 3
1 4 3
13 1 82
3 2 23
11 1 23
1 2 62
32 1 14
17 2 14
17 2 68
68 1 4
9 1 5
2 2 1
5 1 1
1 2 4
49 1 9
5 2 1
7 1 23
1 2 23
1 2 22
32 1 9
44 1 71
3 1 22
3 1 1
3 7 1
44 1 35
2 1 3
7 1 6
1 5 3
32 1 44
45 1 104
13 1 5
1 1 8
51 1 9
104 1 32
35 1 21
79 2 104
86 1 1
1 2 32
22 2 1
79 1 1
1 1 3
86 1 32
45 1 79
13 1 3
13 1 71
7 1 22
35 1 31
5 1 3
25 1 3
86 2 25
9 2 13
21 2 31
44 1 1
32 1 68
82 2 5
3 2 32
25 1 32
11 1 3
9 1 71
86 1 1
62 2 35
9 1 1
82 2 71
2 1 1
44 1 62
14 1 13
68 1 35
21 1 7
9 1 3
31 2 21
23 2 10
13 1 1
71 2 3
14 2 17
3 2 8
22 2 3
71 2 5
14 1 9
23 2 6
1 7 3
9 1 2
32 1 17
1 1 23
25 2 14
11 1 22
3 2 22
23 2 3
1 1 22
32 1 86
? 1 github_java_program_data/15/228.java

16 1 11
25 1 1
3 1 4
23 2 1
4 1 49
63 2 44
13 1 82
71 2 2
11 1 10
104 1 3
64 1 7
14 2 17
7 1 3
44 1 2
3 2 62
14 1 9
35 1 43
11 1 1
32 1 25
9 1 82
51 1 1
17 1 13
2 2 1
7 1 1
104 1 71
71 2 3
62 1 51
5 2 3
9 1 15
82 2 71
32 1 64
3 2 23
44 1 3
1 2 62
1 5 3
32 1 14
2 1 82
4 2 32
3 2 32
9 1 5
63 1 2
1 2 4
49 1 9
62 1 49
7 1 23
82 2 1
1 2 22
25 2 44
4 1 51
3 1 22
3 1 1
3 4 1
3 2 16
15 1 7
32 1 63
44 1 35
2 1 3
7 1 6
44 2 63
32 1 44
63 1 4
45 1 104
13 1 5
17 1 9
104 1 32
20 1 3
1 2 32
22 2 1
5 1 71
1 1 3
13 1 71
13 1 3
71 2 1
13 1 16
82 2 5
3 2 19
5 1 3
6 2 23
25 1 71
2 2 3
44 1 1
13 2 9
1 2 23
44 1 5
19 1 18
25 1 32
63 1 1
9 1 71
44 1 82
49 1 3
82 2 2
62 2 35
9 1 3
51 1 13
2 1 1
14 2 25
63 1 32
44 1 62
14 1 13
7 1 22
49 2 51
7 1 20
9 1 1
22 2 6
13 1 2
18 1 11
13 1 1
64 6 63
43 6 44
71 2 82
20 1 19
3 2 15
3 2 22
71 2 5
9 1 2
32 1 17
1 1 23
17 2 14
5 2 1
63 1 71
43 1 7
5 1 1
23 2 3
? 1 github_java_program_data/15/239.java

16 1 11
25 1 1
3 1 4
23 2 1
4 1 49
63 2 44
13 1 82
71 2 2
11 1 10
104 1 3
64 1 7
14 2 17
7 1 3
44 1 2
3 2 62
14 1 9
35 1 43
11 1 1
32 1 25
9 1 82
51 1 1
17 1 13
2 2 1
7 1 1
104 1 71
71 2 3
62 1 51
5 2 3
9 1 15
82 2 71
32 1 64
3 2 23
44 1 3
1 2 62
1 5 3
32 1 14
2 1 82
4 2 32
3 2 32
9 1 5
63 1 2
1 2 4
49 1 9
62 1 49
7 1 23
82 2 1
1 2 22
25 2 44
4 1 51
3 1 22
3 1 1
3 4 1
3 2 16
15 1 7
32 1 63
44 1 35
2 1 3
7 1 6
44 2 63
32 1 44
63 1 4
45 1 104
13 1 5
17 1 9
104 1 32
20 1 3
1 2 32
22 2 1
5 1 71
1 1 3
13 1 71
13 1 3
71 2 1
13 1 16
82 2 5
3 2 19
5 1 3
6 2 23
25 1 71
2 2 3
44 1 1
13 2 9
1 2 23
44 1 5
19 1 18
25 1 32
63 1 1
9 1 71
44 1 82
49 1 3
82 2 2
62 2 35
9 1 3
51 1 13
2 1 1
14 2 25
63 1 32
44 1 62
14 1 13
7 1 22
49 2 51
7 1 20
9 1 1
22 2 6
13 1 2
18 1 11
13 1 1
64 6 63
43 6 44
71 2 82
20 1 19
3 2 15
3 2 22
71 2 5
9 1 2
32 1 17
1 1 23
17 2 14
5 2 1
63 1 71
43 1 7
5 1 1
23 2 3
? 1 github_java_program_data/15/269.java

14 2 44
23 2 1
82 2 3
17 1 13
4 2 35
71 2 2
11 1 10
31 1 11
104 1 3
2 2 3
32 1 13
7 1 3
44 1 2
44 1 82
11 1 1
32 1 25
68 1 1
4 1 49
45 1 86
7 1 1
104 1 71
3 1 23
25 1 82
62 1 51
86 2 79
5 2 3
1 4 3
13 1 82
3 2 23
11 1 23
1 2 62
32 1 14
17 2 14
17 2 68
68 1 4
9 1 5
2 2 1
5 1 1
1 2 4
49 1 9
5 2 1
7 1 23
1 2 23
1 2 22
32 1 9
44 1 71
3 1 22
3 1 1
3 7 1
44 1 35
2 1 3
7 1 6
1 5 3
32 1 44
45 1 104
13 1 5
1 1 8
51 1 9
104 1 32
35 1 21
79 2 104
86 1 1
1 2 32
22 2 1
79 1 1
1 1 3
86 1 32
45 1 79
13 1 3
13 1 71
7 1 22
35 1 31
5 1 3
25 1 3
86 2 25
9 2 13
21 2 31
44 1 1
32 1 68
82 2 5
3 2 32
25 1 32
11 1 3
9 1 71
86 1 1
62 2 35
9 1 1
82 2 71
2 1 1
44 1 62
14 1 13
68 1 35
21 1 7
9 1 3
31 2 21
23 2 10
13 1 1
71 2 3
14 2 17
3 2 8
22 2 3
71 2 5
14 1 9
23 2 6
1 7 3
9 1 2
32 1 17
1 1 23
25 2 14
11 1 22
3 2 22
23 2 3
1 1 22
32 1 86
? 1 github_java_program_data/15/288.java

16 1 11
25 1 1
3 1 4
23 2 1
4 1 49
63 2 44
13 1 82
71 2 2
11 1 10
104 1 3
64 1 7
14 2 17
7 1 3
44 1 2
3 2 62
14 1 9
35 1 43
11 1 1
32 1 25
9 1 82
51 1 1
17 1 13
2 2 1
7 1 1
104 1 71
71 2 3
62 1 51
5 2 3
9 1 15
82 2 71
32 1 64
3 2 23
44 1 3
1 2 62
1 5 3
32 1 14
2 1 82
4 2 32
3 2 32
9 1 5
63 1 2
1 2 4
49 1 9
62 1 49
7 1 23
82 2 1
1 2 22
25 2 44
4 1 51
3 1 22
3 1 1
3 4 1
3 2 16
15 1 7
32 1 63
44 1 35
2 1 3
7 1 6
44 2 63
32 1 44
63 1 4
45 1 104
13 1 5
17 1 9
104 1 32
20 1 3
1 2 32
22 2 1
5 1 71
1 1 3
13 1 71
13 1 3
71 2 1
13 1 16
82 2 5
3 2 19
5 1 3
6 2 23
25 1 71
2 2 3
44 1 1
13 2 9
1 2 23
44 1 5
19 1 18
25 1 32
63 1 1
9 1 71
44 1 82
49 1 3
82 2 2
62 2 35
9 1 3
51 1 13
2 1 1
14 2 25
63 1 32
44 1 62
14 1 13
7 1 22
49 2 51
7 1 20
9 1 1
22 2 6
13 1 2
18 1 11
13 1 1
64 6 63
43 6 44
71 2 82
20 1 19
3 2 15
3 2 22
71 2 5
9 1 2
32 1 17
1 1 23
17 2 14
5 2 1
63 1 71
43 1 7
5 1 1
23 2 3
? 1 github_java_program_data/15/299.java

14 2 44
23 2 1
82 2 3
17 1 13
4 2 35
71 2 2
11 1 10
31 1 11
104 1 3
2 2 3
32 1 13
7 1 3
44 1 2
44 1 82
11 1 1
32 1 25
68 1 1
4 1 49
45 1 86
7 1 1
104 1 71
3 1 23
25 1 82
62 1 51
86 2 79
5 2 3
1 4 3
13 1 82
3 2 23
11 1 23
1 2 62
32 1 14
17 2 14
17 2 68
68 1 4
9 1 5
2 2 1
5 1 1
1 2 4
49 1 9
5 2 1
7 1 23
1 2 23
1 2 22
32 1 9
44 1 71
3 1 22
3 1 1
3 7 1
44 1 35
2 1 3
7 1 6
1 5 3
32 1 44
45 1 104
13 1 5
1 1 8
51 1 9
104 1 32
35 1 21
79 2 104
86 1 1
1 2 32
22 2 1
79 1 1
1 1 3
86 1 32
45 1 79
13 1 3
13 1 71
7 1 22
35 1 31
5 1 3
25 1 3
86 2 25
9 2 13
21 2 31
44 1 1
32 1 68
82 2 5
3 2 32
25 1 32
11 1 3
9 1 71
86 1 1
62 2 35
9 1 1
82 2 71
2 1 1
44 1 62
14 1 13
68 1 35
21 1 7
9 1 3
31 2 21
23 2 10
13 1 1
71 2 3
14 2 17
3 2 8
22 2 3
71 2 5
14 1 9
23 2 6
1 7 3
9 1 2
32 1 17
1 1 23
25 2 14
11 1 22
3 2 22
23 2 3
1 1 22
32 1 86
? 1 github_java_program_data/15/318.java

16 1 11
25 1 1
3 1 4
23 2 1
4 1 49
63 2 44
13 1 82
71 2 2
11 1 10
104 1 3
64 1 7
14 2 17
7 1 3
44 1 2
3 2 62
14 1 9
35 1 43
11 1 1
32 1 25
9 1 82
51 1 1
17 1 13
2 2 1
7 1 1
104 1 71
71 2 3
62 1 51
5 2 3
9 1 15
82 2 71
32 1 64
3 2 23
44 1 3
1 2 62
1 5 3
32 1 14
2 1 82
4 2 32
3 2 32
9 1 5
63 1 2
1 2 4
49 1 9
62 1 49
7 1 23
82 2 1
1 2 22
25 2 44
4 1 51
3 1 22
3 1 1
3 4 1
3 2 16
15 1 7
32 1 63
44 1 35
2 1 3
7 1 6
44 2 63
32 1 44
63 1 4
45 1 104
13 1 5
17 1 9
104 1 32
20 1 3
1 2 32
22 2 1
5 1 71
1 1 3
13 1 71
13 1 3
71 2 1
13 1 16
82 2 5
3 2 19
5 1 3
6 2 23
25 1 71
2 2 3
44 1 1
13 2 9
1 2 23
44 1 5
19 1 18
25 1 32
63 1 1
9 1 71
44 1 82
49 1 3
82 2 2
62 2 35
9 1 3
51 1 13
2 1 1
14 2 25
63 1 32
44 1 62
14 1 13
7 1 22
49 2 51
7 1 20
9 1 1
22 2 6
13 1 2
18 1 11
13 1 1
64 6 63
43 6 44
71 2 82
20 1 19
3 2 15
3 2 22
71 2 5
9 1 2
32 1 17
1 1 23
17 2 14
5 2 1
63 1 71
43 1 7
5 1 1
23 2 3
? 1 github_java_program_data/15/329.java

23 2 1
82 2 3
27 2 15
27 2 35
17 1 13
26 1 3
32 1 27
35 1 25
25 1 35
35 1 68
104 1 35
25 1 18
31 1 11
26 1 25
2 2 3
47 2 52
34 1 39
16 1 7
30 2 33
3 2 35
35 1 43
51 2 49
26 2 23
2 1 71
4 1 49
104 1 71
32 1 43
1 4 3
3 1 23
11 1 23
63 1 35
51 1 3
5 2 3
27 1 11
17 2 31
20 2 22
32 1 21
45 1 104
82 2 71
32 1 64
43 6 63
44 1 3
13 1 15
34 2 17
32 1 14
5 2 1
17 2 68
35 1 17
64 6 44
15 1 11
49 1 9
62 1 49
7 1 23
17 2 14
1 2 22
25 2 44
44 1 71
25 1 71
17 2 34
40 2 31
15 1 7
3 7 1
51 1 78
23 2 20
11 1 10
7 1 6
63 1 3
63 1 4
3 1 19
13 1 5
40 2 43
17 1 9
3 5 1
35 1 21
4 1 51
79 2 104
20 1 3
15 2 14
1 2 4
1 1 3
13 1 71
24 1 1
13 1 3
15 1 7
40 1 27
5 1 3
27 2 39
64 1 7
42 1 32
18 1 3
79 1 3
1 2 23
18 1 1
49 2 51
3 4 1
52 1 40
63 1 2
49 1 3
9 1 3
3 2 25
40 1 42
34 1 30
71 2 1
21 1 11
21 1 7
7 1 20
9 1 1
1 2 16
31 2 21
33 2 47
13 1 2
26 1 1
18 1 11
23 2 10
22 2 10
64 6 63
22 2 26
71 2 3
26 1 19
20 1 19
65 1 27
1 2 25
64 1 11
35 1 34
3 2 15
40 1 33
4 2 32
63 1 82
14 2 34
15 2 27
47 1 34
6 2 23
43 1 7
24 1 7
3 2 22
52 1 34
16 1 11
62 2 32
43 6 44
32 1 34
63 2 44
71 2 82
3 2 8
33 1 32
71 2 2
27 2 33
2 1 3
40 1 30
51 1 9
11 1 26
14 2 17
19 1 24
7 1 3
3 1 25
14 2 65
44 1 2
20 1 1
1 1 19
14 1 9
18 2 24
21 2 43
65 2 64
11 1 1
1 1 4
9 1 82
68 1 1
30 1 11
32 1 40
2 2 1
7 1 1
44 2 63
33 2 52
26 2 22
68 1 4
35 1 27
1 2 15
34 1 33
3 2 4
9 1 15
25 1 24
49 1 13
3 2 23
33 1 35
7 1 26
32 1 65
1 5 3
3 2 62
2 1 82
14 2 21
35 1 40
22 2 3
3 2 78
9 1 5
34 2 40
40 1 39
68 1 82
11 1 6
21 2 17
44 1 32
40 1 47
82 2 1
21 2 31
17 2 40
1 1 62
3 1 22
3 1 1
43 1 11
3 2 16
5 1 82
44 1 35
40 2 17
45 1 79
62 1 51
1 1 8
27 1 7
30 2 39
6 2 22
15 2 21
35 1 64
20 2 23
23 2 26
63 1 5
22 2 1
5 1 71
24 1 11
31 1 7
24 1 3
13 1 16
35 1 31
3 2 19
4 2 35
25 1 3
31 2 64
32 1 17
44 1 1
7 1 10
68 1 32
82 2 5
44 1 5
17 2 21
1 7 3
63 1 1
34 1 27
11 1 3
14 2 40
44 1 82
65 1 35
24 2 18
82 2 2
62 2 35
35 1 15
51 1 13
2 1 1
9 1 16
14 2 25
63 1 32
44 1 62
14 1 13
7 1 22
35 1 14
19 1 18
18 1 7
39 1 32
22 2 6
40 2 64
35 1 44
27 2 17
27 1 7
39 1 35
13 1 1
40 2 34
35 1 63
11 1 20
1 2 35
30 1 7
52 2 47
22 2 20
1 2 62
32 1 31
71 2 5
34 2 64
40 1 52
78 1 1
23 2 6
1 1 25
9 1 2
52 2 42
20 1 25
31 2 43
1 1 23
104 1 1
11 1 22
1 2 19
5 1 1
23 2 3
1 1 22
34 2 43
? 1 github_java_program_data/15/339.java

16 1 11
25 1 1
3 1 4
23 2 1
4 1 49
63 2 44
13 1 82
71 2 2
11 1 10
104 1 3
64 1 7
14 2 17
7 1 3
44 1 2
3 2 62
14 1 9
35 1 43
11 1 1
32 1 25
9 1 82
51 1 1
17 1 13
2 2 1
7 1 1
104 1 71
71 2 3
62 1 51
5 2 3
9 1 15
82 2 71
32 1 64
3 2 23
44 1 3
1 2 62
1 5 3
32 1 14
2 1 82
4 2 32
3 2 32
9 1 5
63 1 2
1 2 4
49 1 9
62 1 49
7 1 23
82 2 1
1 2 22
25 2 44
4 1 51
3 1 22
3 1 1
3 4 1
3 2 16
15 1 7
32 1 63
44 1 35
2 1 3
7 1 6
44 2 63
32 1 44
63 1 4
45 1 104
13 1 5
17 1 9
104 1 32
20 1 3
1 2 32
22 2 1
5 1 71
1 1 3
13 1 71
13 1 3
71 2 1
13 1 16
82 2 5
3 2 19
5 1 3
6 2 23
25 1 71
2 2 3
44 1 1
13 2 9
1 2 23
44 1 5
19 1 18
25 1 32
63 1 1
9 1 71
44 1 82
49 1 3
82 2 2
62 2 35
9 1 3
51 1 13
2 1 1
14 2 25
63 1 32
44 1 62
14 1 13
7 1 22
49 2 51
7 1 20
9 1 1
22 2 6
13 1 2
18 1 11
13 1 1
64 6 63
43 6 44
71 2 82
20 1 19
3 2 15
3 2 22
71 2 5
9 1 2
32 1 17
1 1 23
17 2 14
5 2 1
63 1 71
43 1 7
5 1 1
23 2 3
? 1 github_java_program_data/15/359.java

14 2 44
23 2 1
82 2 3
17 1 13
4 2 35
71 2 2
11 1 10
31 1 11
104 1 3
2 2 3
32 1 13
7 1 3
44 1 2
44 1 82
11 1 1
32 1 25
68 1 1
4 1 49
45 1 86
7 1 1
104 1 71
3 1 23
25 1 82
62 1 51
86 2 79
5 2 3
1 4 3
13 1 82
3 2 23
11 1 23
1 2 62
32 1 14
17 2 14
17 2 68
68 1 4
9 1 5
2 2 1
5 1 1
1 2 4
49 1 9
5 2 1
7 1 23
1 2 23
1 2 22
32 1 9
44 1 71
3 1 22
3 1 1
3 7 1
44 1 35
2 1 3
7 1 6
1 5 3
32 1 44
45 1 104
13 1 5
1 1 8
51 1 9
104 1 32
35 1 21
79 2 104
86 1 1
1 2 32
22 2 1
79 1 1
1 1 3
86 1 32
45 1 79
13 1 3
13 1 71
7 1 22
35 1 31
5 1 3
25 1 3
86 2 25
9 2 13
21 2 31
44 1 1
32 1 68
82 2 5
3 2 32
25 1 32
11 1 3
9 1 71
86 1 1
62 2 35
9 1 1
82 2 71
2 1 1
44 1 62
14 1 13
68 1 35
21 1 7
9 1 3
31 2 21
23 2 10
13 1 1
71 2 3
14 2 17
3 2 8
22 2 3
71 2 5
14 1 9
23 2 6
1 7 3
9 1 2
32 1 17
1 1 23
25 2 14
11 1 22
3 2 22
23 2 3
1 1 22
32 1 86
? 1 github_java_program_data/15/378.java

14 2 44
23 2 1
82 2 3
17 1 13
4 2 35
71 2 2
11 1 10
31 1 11
104 1 3
2 2 3
32 1 13
7 1 3
44 1 2
44 1 82
11 1 1
32 1 25
68 1 1
4 1 49
45 1 86
7 1 1
104 1 71
3 1 23
25 1 82
62 1 51
86 2 79
5 2 3
1 4 3
13 1 82
3 2 23
11 1 23
1 2 62
32 1 14
17 2 14
17 2 68
68 1 4
9 1 5
2 2 1
5 1 1
1 2 4
49 1 9
5 2 1
7 1 23
1 2 23
1 2 22
32 1 9
44 1 71
3 1 22
3 1 1
3 7 1
44 1 35
2 1 3
7 1 6
1 5 3
32 1 44
45 1 104
13 1 5
1 1 8
51 1 9
104 1 32
35 1 21
79 2 104
86 1 1
1 2 32
22 2 1
79 1 1
1 1 3
86 1 32
45 1 79
13 1 3
13 1 71
7 1 22
35 1 31
5 1 3
25 1 3
86 2 25
9 2 13
21 2 31
44 1 1
32 1 68
82 2 5
3 2 32
25 1 32
11 1 3
9 1 71
86 1 1
62 2 35
9 1 1
82 2 71
2 1 1
44 1 62
14 1 13
68 1 35
21 1 7
9 1 3
31 2 21
23 2 10
13 1 1
71 2 3
14 2 17
3 2 8
22 2 3
71 2 5
14 1 9
23 2 6
1 7 3
9 1 2
32 1 17
1 1 23
25 2 14
11 1 22
3 2 22
23 2 3
1 1 22
32 1 86
? 1 github_java_program_data/15/408.java

25 1 1
21 2 34
23 2 1
21 1 11
35 1 40
13 1 15
25 1 35
35 1 68
25 1 18
31 1 11
26 1 25
2 2 3
47 2 52
34 1 39
16 1 7
14 2 40
30 2 33
3 1 62
63 1 71
51 2 49
32 1 67
32 1 25
39 2 42
51 1 1
4 1 49
104 1 71
40 1 61
32 1 43
1 4 3
3 1 23
34 1 61
63 1 35
86 2 79
5 2 3
63 1 5
17 2 31
11 1 6
21 2 64
47 1 40
82 2 71
32 1 64
79 1 1
43 6 63
44 1 3
32 1 14
5 2 1
20 2 23
33 2 42
35 1 17
21 2 40
64 6 44
15 1 11
49 1 9
62 1 49
63 1 32
56 1 7
35 1 87
1 2 22
39 2 52
65 1 30
25 1 71
15 1 7
3 7 1
32 1 63
51 1 78
23 2 20
2 1 3
64 1 11
63 1 3
63 1 4
45 1 104
13 1 5
52 2 61
51 1 9
3 5 1
104 1 32
35 1 21
79 2 104
61 1 32
20 1 3
4 2 35
1 2 4
1 1 3
13 1 71
45 1 79
13 1 3
71 2 1
32 1 87
40 1 27
47 2 61
5 1 3
27 2 39
64 1 7
67 1 35
71 2 5
13 2 9
9 1 1
49 2 51
3 4 1
52 1 40
26 2 23
9 1 3
3 2 32
40 2 43
40 1 42
34 1 30
25 2 44
42 1 32
21 1 7
7 1 20
56 1 11
1 2 16
31 2 21
13 1 2
26 1 1
18 1 11
23 2 10
22 2 10
64 6 63
22 2 26
71 2 82
27 2 35
3 2 62
20 1 19
7 1 6
35 1 34
3 2 15
33 1 35
4 2 32
67 2 64
17 2 14
32 1 56
1 1 23
47 1 34
61 1 35
35 1 43
51 1 13
43 1 7
24 1 7
3 2 22
52 1 34
16 1 11
10 2 23
62 2 32
65 2 43
43 6 44
3 1 4
32 1 34
63 2 44
33 1 32
71 2 2
87 1 7
11 1 10
40 1 30
17 1 9
11 1 26
39 2 61
14 2 17
19 1 24
7 1 3
34 1 52
30 2 35
44 1 2
20 1 1
14 1 9
18 2 24
21 2 43
39 2 47
11 1 1
2 2 1
9 1 82
68 1 1
30 1 11
32 1 40
45 1 86
7 1 1
44 2 63
47 2 42
67 1 27
71 2 3
26 2 22
22 2 23
68 1 4
62 1 51
1 2 15
34 1 33
3 2 4
25 1 24
49 1 13
3 2 23
7 1 26
32 1 65
23 2 22
1 7 3
2 1 82
86 1 1
10 2 22
26 1 3
22 2 3
20 2 22
9 1 5
34 2 40
63 1 2
32 1 21
44 1 32
40 1 47
1 2 23
21 2 31
17 2 40
4 1 51
11 1 23
3 1 1
43 1 11
3 2 16
3 2 25
7 1 23
44 1 35
40 2 17
14 2 68
1 2 25
32 1 44
82 2 1
40 1 39
30 2 39
104 1 3
3 1 22
35 1 64
78 1 3
23 2 26
27 1 11
22 2 1
5 1 71
24 1 11
31 1 7
9 1 2
13 1 16
35 1 31
3 2 19
62 2 35
27 2 33
44 1 1
7 1 10
68 1 32
82 2 5
44 1 5
40 2 21
63 1 1
34 1 27
11 1 3
9 1 71
44 1 82
65 1 35
24 2 18
82 2 2
1 5 3
17 2 65
6 2 23
13 1 82
2 1 1
9 1 16
14 2 25
40 1 33
44 1 62
14 1 13
14 2 31
7 1 22
35 1 14
19 1 18
18 1 7
39 1 32
22 2 6
27 1 7
39 1 35
13 1 1
40 2 34
1 2 78
11 1 20
1 2 35
30 1 7
22 2 20
34 2 21
1 2 62
32 1 31
34 2 64
40 1 52
33 2 47
23 2 6
14 2 34
35 1 56
32 1 17
49 1 1
9 1 15
87 1 11
34 1 42
17 1 13
11 1 22
1 2 19
5 1 1
23 2 3
1 1 22
34 2 43
? 1 github_java_program_data/15/412.java

14 2 44
23 2 1
82 2 3
17 1 13
4 2 35
71 2 2
11 1 10
31 1 11
104 1 3
2 2 3
32 1 13
7 1 3
44 1 2
44 1 82
11 1 1
32 1 25
68 1 1
4 1 49
45 1 86
7 1 1
104 1 71
3 1 23
25 1 82
62 1 51
86 2 79
5 2 3
1 4 3
13 1 82
3 2 23
11 1 23
1 2 62
32 1 14
17 2 14
17 2 68
68 1 4
9 1 5
2 2 1
5 1 1
1 2 4
49 1 9
5 2 1
7 1 23
1 2 23
1 2 22
32 1 9
44 1 71
3 1 22
3 1 1
3 7 1
44 1 35
2 1 3
7 1 6
1 5 3
32 1 44
45 1 104
13 1 5
1 1 8
51 1 9
104 1 32
35 1 21
79 2 104
86 1 1
1 2 32
22 2 1
79 1 1
1 1 3
86 1 32
45 1 79
13 1 3
13 1 71
7 1 22
35 1 31
5 1 3
25 1 3
86 2 25
9 2 13
21 2 31
44 1 1
32 1 68
82 2 5
3 2 32
25 1 32
11 1 3
9 1 71
86 1 1
62 2 35
9 1 1
82 2 71
2 1 1
44 1 62
14 1 13
68 1 35
21 1 7
9 1 3
31 2 21
23 2 10
13 1 1
71 2 3
14 2 17
3 2 8
22 2 3
71 2 5
14 1 9
23 2 6
1 7 3
9 1 2
32 1 17
1 1 23
25 2 14
11 1 22
3 2 22
23 2 3
1 1 22
32 1 86
? 1 github_java_program_data/15/438.java

25 1 1
23 2 1
21 1 11
26 1 3
13 1 15
25 1 18
31 1 11
26 1 25
2 2 3
34 1 39
16 1 7
30 2 33
35 1 43
51 2 49
26 2 23
51 1 1
14 2 65
4 1 49
40 1 61
32 1 43
1 4 3
3 1 23
11 1 23
63 1 35
86 2 79
5 2 3
27 1 11
11 1 6
21 2 64
32 1 64
79 1 1
43 6 63
44 1 3
32 1 27
1 1 25
5 2 1
54 1 35
32 1 14
20 2 23
35 1 17
64 6 44
15 1 11
49 1 9
62 1 49
33 2 42
7 1 23
1 2 22
44 1 71
25 1 71
17 2 34
40 2 31
15 1 7
2 1 1
32 1 63
51 1 78
23 2 20
15 1 11
7 1 6
9 1 16
54 2 44
3 1 19
13 1 5
51 1 9
3 5 1
35 1 21
4 1 51
61 1 32
27 1 11
79 2 25
4 2 35
1 2 4
1 1 3
24 1 1
13 1 3
3 2 62
40 2 14
5 1 3
27 2 39
11 1 26
18 1 3
33 2 47
32 1 68
18 1 1
9 1 1
49 2 51
64 6 63
63 1 2
49 1 3
68 2 54
9 1 3
40 2 34
40 1 42
34 1 30
71 2 1
3 7 1
1 2 108
42 1 32
21 1 7
7 1 20
56 1 11
1 2 16
31 2 21
13 1 2
65 1 27
18 1 11
23 2 10
22 2 10
22 2 26
2 2 1
27 2 35
26 1 19
20 1 19
26 1 1
64 1 11
35 1 34
3 2 15
40 1 33
4 2 32
14 2 68
63 1 82
32 1 56
14 2 34
47 1 34
49 1 1
43 1 7
24 1 7
3 2 22
108 1 3
14 2 43
16 1 11
10 2 23
62 2 32
43 6 44
54 1 62
32 1 34
63 2 44
33 1 32
71 2 2
2 1 3
40 1 30
17 1 9
64 1 7
39 2 61
14 2 17
19 1 24
7 1 3
3 1 25
44 1 2
20 1 1
1 1 19
14 1 9
18 2 24
21 2 43
65 2 64
11 1 1
1 1 4
68 1 1
30 1 11
32 1 40
45 1 86
7 1 1
44 2 63
47 2 42
26 2 22
15 2 31
68 1 4
62 1 51
1 2 15
34 1 33
3 2 4
9 1 15
20 1 3
51 1 13
49 1 13
3 2 23
33 1 35
7 1 26
32 1 65
23 2 22
1 7 3
27 2 33
86 1 1
45 1 25
35 1 40
22 2 3
27 2 21
20 2 22
9 1 5
40 1 39
68 1 82
32 1 21
21 2 17
44 1 32
40 1 47
1 2 23
21 2 31
17 2 40
1 1 62
3 1 22
3 1 1
3 4 1
3 2 16
3 2 25
54 1 1
44 1 35
45 1 79
11 1 20
1 2 25
32 1 44
82 2 1
30 2 39
35 1 64
63 1 62
34 2 40
23 2 26
63 1 5
22 2 1
34 2 21
13 1 16
31 1 7
1 5 3
24 1 3
24 1 11
22 2 6
35 1 31
3 2 19
62 2 35
35 1 15
31 2 64
20 1 25
44 1 1
7 1 10
68 1 32
82 2 5
44 1 5
25 1 32
63 1 1
34 1 27
11 1 3
14 2 40
65 1 35
24 2 18
82 2 2
11 1 10
6 2 23
25 1 24
35 1 48
63 1 3
63 1 32
1 2 32
14 1 13
7 1 22
35 1 14
19 1 18
18 1 7
39 1 32
44 1 4
34 2 14
27 1 7
39 1 35
13 1 1
49 1 108
1 2 78
42 1 35
30 1 7
22 2 20
1 2 62
5 1 1
71 2 5
34 2 64
78 1 1
23 2 6
32 1 54
9 1 2
32 1 17
1 1 23
17 2 14
34 1 42
17 1 13
11 1 22
1 2 19
32 1 31
23 2 3
1 1 22
? 1 github_java_program_data/15/440.java

25 1 1
15 2 30
35 1 54
23 2 1
17 1 13
27 2 32
26 1 3
13 1 15
35 1 25
25 1 35
30 2 28
29 2 32
35 1 68
71 2 1
25 1 18
31 1 11
26 1 25
36 1 32
47 2 52
34 1 39
16 1 7
29 1 28
30 2 33
82 1 24
21 2 34
2 2 3
3 2 35
63 1 71
40 2 31
62 2 32
32 1 67
52 2 32
9 1 5
2 1 71
21 1 11
104 1 71
80 1 42
32 1 43
1 4 3
3 1 23
34 1 61
63 1 35
86 2 79
5 2 3
63 1 5
17 2 31
11 1 76
21 2 64
47 1 40
82 2 71
104 2 54
79 1 1
43 6 63
44 1 3
60 2 14
34 2 17
32 1 14
5 2 1
17 2 68
46 1 3
20 2 23
3 2 32
35 1 17
104 1 82
67 2 43
11 1 6
45 1 46
15 1 11
49 1 9
62 1 49
33 2 42
40 1 47
35 1 87
1 2 22
44 1 71
1 2 8
3 1 8
25 1 71
3 2 25
15 1 7
3 7 1
32 1 63
31 2 21
23 2 20
11 1 10
7 1 6
9 1 16
54 2 44
63 1 4
13 1 5
29 1 15
35 1 60
17 1 9
3 5 1
104 1 32
35 1 21
76 1 33
61 1 32
20 1 3
52 1 24
4 2 35
1 2 4
1 1 3
13 1 71
14 1 13
45 1 79
13 1 3
23 2 26
14 2 31
32 1 87
3 1 22
40 2 14
5 1 3
27 2 39
11 1 26
76 1 42
67 1 35
71 2 5
33 2 47
22 2 6
9 1 1
33 1 11
17 2 60
52 2 35
39 1 11
26 2 23
64 6 44
9 1 3
5 1 82
40 1 42
34 1 30
76 1 39
1 2 16
35 1 36
14 2 67
35 1 104
31 2 65
21 1 7
7 1 20
56 1 11
62 2 52
13 1 2
65 1 27
18 1 11
23 2 10
64 6 63
22 2 26
60 1 35
27 2 35
3 2 62
20 1 19
26 1 1
35 1 65
64 1 11
35 1 34
3 2 15
40 1 33
4 2 32
63 1 82
17 2 14
65 1 32
25 2 104
32 1 56
86 1 3
61 1 35
13 1 1
24 1 7
3 2 22
4 2 82
32 1 34
52 1 34
16 1 11
46 2 25
17 2 44
51 2 49
65 2 40
43 6 44
54 1 62
4 1 49
63 2 44
71 2 82
13 1 82
79 2 46
76 1 30
33 1 32
42 1 35
71 2 2
87 1 7
2 1 3
9 1 82
39 2 42
80 1 39
40 1 30
22 2 3
64 1 7
39 2 61
14 2 17
19 1 24
7 1 3
11 1 80
44 1 2
20 1 1
14 1 9
18 2 24
21 2 43
65 2 64
11 1 1
2 2 1
61 1 11
68 1 1
30 1 11
32 1 40
45 1 86
7 1 1
44 2 63
67 1 27
71 2 3
26 2 22
22 2 23
25 1 82
62 1 51
54 1 82
82 2 35
34 1 33
3 2 4
9 1 15
51 1 13
49 1 13
3 2 23
11 1 23
7 1 26
39 1 7
1 5 3
1 7 3
2 1 82
45 1 25
35 1 40
20 2 22
42 1 7
63 1 2
32 1 21
63 1 52
44 1 32
7 1 23
1 2 23
21 2 31
4 1 51
68 1 4
3 1 1
43 1 11
3 2 16
44 1 82
54 1 1
44 1 35
36 1 29
1 2 25
32 1 44
82 2 1
40 1 39
40 2 21
104 1 3
6 2 22
35 1 64
63 1 62
35 1 56
31 2 34
27 1 11
22 2 1
5 1 71
24 1 11
31 1 7
13 1 16
23 2 80
80 1 27
35 1 31
3 2 19
62 2 35
25 1 3
40 1 27
44 1 1
7 1 10
68 1 32
82 2 5
44 1 5
23 2 76
63 1 1
34 1 27
11 1 3
9 1 71
44 1 82
65 1 35
82 2 2
17 2 65
33 1 35
31 2 40
25 1 24
2 1 1
63 1 3
63 1 32
44 1 62
7 1 76
76 1 61
7 1 22
35 1 14
19 1 18
18 1 7
39 1 32
21 2 36
44 1 4
63 2 14
3 4 1
35 1 44
27 1 7
39 1 35
43 1 7
35 1 63
11 1 20
1 2 35
30 1 7
22 2 20
29 1 30
34 2 21
1 2 62
5 1 1
27 2 33
40 1 52
30 2 39
23 2 6
9 1 2
52 2 42
32 1 17
31 2 43
1 1 23
87 1 11
34 1 42
11 1 22
1 2 19
32 1 31
23 2 3
1 1 22
54 1 35
? 1 github_java_program_data/15/455.java

14 2 44
23 2 1
82 2 3
17 1 13
4 2 35
71 2 2
11 1 10
31 1 11
104 1 3
2 2 3
32 1 13
7 1 3
44 1 2
44 1 82
11 1 1
32 1 25
68 1 1
4 1 49
45 1 86
7 1 1
104 1 71
3 1 23
25 1 82
62 1 51
86 2 79
5 2 3
1 4 3
13 1 82
3 2 23
11 1 23
1 2 62
32 1 14
17 2 14
17 2 68
68 1 4
9 1 5
2 2 1
5 1 1
1 2 4
49 1 9
5 2 1
7 1 23
1 2 23
1 2 22
32 1 9
44 1 71
3 1 22
3 1 1
3 7 1
44 1 35
2 1 3
7 1 6
1 5 3
32 1 44
45 1 104
13 1 5
1 1 8
51 1 9
104 1 32
35 1 21
79 2 104
86 1 1
1 2 32
22 2 1
79 1 1
1 1 3
86 1 32
45 1 79
13 1 3
13 1 71
7 1 22
35 1 31
5 1 3
25 1 3
86 2 25
9 2 13
21 2 31
44 1 1
32 1 68
82 2 5
3 2 32
25 1 32
11 1 3
9 1 71
86 1 1
62 2 35
9 1 1
82 2 71
2 1 1
44 1 62
14 1 13
68 1 35
21 1 7
9 1 3
31 2 21
23 2 10
13 1 1
71 2 3
14 2 17
3 2 8
22 2 3
71 2 5
14 1 9
23 2 6
1 7 3
9 1 2
32 1 17
1 1 23
25 2 14
11 1 22
3 2 22
23 2 3
1 1 22
32 1 86
? 1 github_java_program_data/15/468.java

14 2 44
23 2 1
82 2 3
17 1 13
4 2 35
71 2 2
11 1 10
31 1 11
104 1 3
2 2 3
32 1 13
7 1 3
44 1 2
44 1 82
11 1 1
32 1 25
68 1 1
4 1 49
45 1 86
7 1 1
104 1 71
3 1 23
25 1 82
62 1 51
86 2 79
5 2 3
1 4 3
13 1 82
3 2 23
11 1 23
1 2 62
32 1 14
17 2 14
17 2 68
68 1 4
9 1 5
2 2 1
5 1 1
1 2 4
49 1 9
5 2 1
7 1 23
1 2 23
1 2 22
32 1 9
44 1 71
3 1 22
3 1 1
3 7 1
44 1 35
2 1 3
7 1 6
1 5 3
32 1 44
45 1 104
13 1 5
1 1 8
51 1 9
104 1 32
35 1 21
79 2 104
86 1 1
1 2 32
22 2 1
79 1 1
1 1 3
86 1 32
45 1 79
13 1 3
13 1 71
7 1 22
35 1 31
5 1 3
25 1 3
86 2 25
9 2 13
21 2 31
44 1 1
32 1 68
82 2 5
3 2 32
25 1 32
11 1 3
9 1 71
86 1 1
62 2 35
9 1 1
82 2 71
2 1 1
44 1 62
14 1 13
68 1 35
21 1 7
9 1 3
31 2 21
23 2 10
13 1 1
71 2 3
14 2 17
3 2 8
22 2 3
71 2 5
14 1 9
23 2 6
1 7 3
9 1 2
32 1 17
1 1 23
25 2 14
11 1 22
3 2 22
23 2 3
1 1 22
32 1 86
? 1 github_java_program_data/15/48.java

14 2 44
23 2 1
82 2 3
17 1 13
4 2 35
71 2 2
11 1 10
31 1 11
104 1 3
2 2 3
32 1 13
7 1 3
44 1 2
44 1 82
11 1 1
32 1 25
68 1 1
4 1 49
45 1 86
7 1 1
104 1 71
3 1 23
25 1 82
62 1 51
86 2 79
5 2 3
1 4 3
13 1 82
3 2 23
11 1 23
1 2 62
32 1 14
17 2 14
17 2 68
68 1 4
9 1 5
2 2 1
5 1 1
1 2 4
49 1 9
5 2 1
7 1 23
1 2 23
1 2 22
32 1 9
44 1 71
3 1 22
3 1 1
3 7 1
44 1 35
2 1 3
7 1 6
1 5 3
32 1 44
45 1 104
13 1 5
1 1 8
51 1 9
104 1 32
35 1 21
79 2 104
86 1 1
1 2 32
22 2 1
79 1 1
1 1 3
86 1 32
45 1 79
13 1 3
13 1 71
7 1 22
35 1 31
5 1 3
25 1 3
86 2 25
9 2 13
21 2 31
44 1 1
32 1 68
82 2 5
3 2 32
25 1 32
11 1 3
9 1 71
86 1 1
62 2 35
9 1 1
82 2 71
2 1 1
44 1 62
14 1 13
68 1 35
21 1 7
9 1 3
31 2 21
23 2 10
13 1 1
71 2 3
14 2 17
3 2 8
22 2 3
71 2 5
14 1 9
23 2 6
1 7 3
9 1 2
32 1 17
1 1 23
25 2 14
11 1 22
3 2 22
23 2 3
1 1 22
32 1 86
? 1 github_java_program_data/15/498.java

14 2 44
23 2 1
82 2 3
17 1 13
4 2 35
71 2 2
11 1 10
31 1 11
104 1 3
2 2 3
32 1 13
7 1 3
44 1 2
44 1 82
11 1 1
32 1 25
68 1 1
4 1 49
45 1 86
7 1 1
104 1 71
3 1 23
25 1 82
62 1 51
86 2 79
5 2 3
1 4 3
13 1 82
3 2 23
11 1 23
1 2 62
32 1 14
17 2 14
17 2 68
68 1 4
9 1 5
2 2 1
5 1 1
1 2 4
49 1 9
5 2 1
7 1 23
1 2 23
1 2 22
32 1 9
44 1 71
3 1 22
3 1 1
3 7 1
44 1 35
2 1 3
7 1 6
1 5 3
32 1 44
45 1 104
13 1 5
1 1 8
51 1 9
104 1 32
35 1 21
79 2 104
86 1 1
1 2 32
22 2 1
79 1 1
1 1 3
86 1 32
45 1 79
13 1 3
13 1 71
7 1 22
35 1 31
5 1 3
25 1 3
86 2 25
9 2 13
21 2 31
44 1 1
32 1 68
82 2 5
3 2 32
25 1 32
11 1 3
9 1 71
86 1 1
62 2 35
9 1 1
82 2 71
2 1 1
44 1 62
14 1 13
68 1 35
21 1 7
9 1 3
31 2 21
23 2 10
13 1 1
71 2 3
14 2 17
3 2 8
22 2 3
71 2 5
14 1 9
23 2 6
1 7 3
9 1 2
32 1 17
1 1 23
25 2 14
11 1 22
3 2 22
23 2 3
1 1 22
32 1 86
? 1 github_java_program_data/15/528.java

16 1 11
25 1 1
3 1 4
23 2 1
4 1 49
63 2 44
13 1 82
71 2 2
11 1 10
104 1 3
64 1 7
14 2 17
7 1 3
44 1 2
3 2 62
14 1 9
35 1 43
11 1 1
32 1 25
9 1 82
51 1 1
17 1 13
2 2 1
7 1 1
104 1 71
71 2 3
62 1 51
5 2 3
9 1 15
82 2 71
32 1 64
3 2 23
44 1 3
1 2 62
1 5 3
32 1 14
2 1 82
4 2 32
3 2 32
9 1 5
63 1 2
1 2 4
49 1 9
62 1 49
7 1 23
82 2 1
1 2 22
25 2 44
4 1 51
3 1 22
3 1 1
3 4 1
3 2 16
15 1 7
32 1 63
44 1 35
2 1 3
7 1 6
44 2 63
32 1 44
63 1 4
45 1 104
13 1 5
17 1 9
104 1 32
20 1 3
1 2 32
22 2 1
5 1 71
1 1 3
13 1 71
13 1 3
71 2 1
13 1 16
82 2 5
3 2 19
5 1 3
6 2 23
25 1 71
2 2 3
44 1 1
13 2 9
1 2 23
44 1 5
19 1 18
25 1 32
63 1 1
9 1 71
44 1 82
49 1 3
82 2 2
62 2 35
9 1 3
51 1 13
2 1 1
14 2 25
63 1 32
44 1 62
14 1 13
7 1 22
49 2 51
7 1 20
9 1 1
22 2 6
13 1 2
18 1 11
13 1 1
64 6 63
43 6 44
71 2 82
20 1 19
3 2 15
3 2 22
71 2 5
9 1 2
32 1 17
1 1 23
17 2 14
5 2 1
63 1 71
43 1 7
5 1 1
23 2 3
? 1 github_java_program_data/15/539.java

16 1 11
25 1 1
3 1 4
23 2 1
4 1 49
63 2 44
13 1 82
71 2 2
11 1 10
104 1 3
64 1 7
14 2 17
7 1 3
44 1 2
3 2 62
14 1 9
35 1 43
11 1 1
32 1 25
9 1 82
51 1 1
17 1 13
2 2 1
7 1 1
104 1 71
71 2 3
62 1 51
5 2 3
9 1 15
82 2 71
32 1 64
3 2 23
44 1 3
1 2 62
1 5 3
32 1 14
2 1 82
4 2 32
3 2 32
9 1 5
63 1 2
1 2 4
49 1 9
62 1 49
7 1 23
82 2 1
1 2 22
25 2 44
4 1 51
3 1 22
3 1 1
3 4 1
3 2 16
15 1 7
32 1 63
44 1 35
2 1 3
7 1 6
44 2 63
32 1 44
63 1 4
45 1 104
13 1 5
17 1 9
104 1 32
20 1 3
1 2 32
22 2 1
5 1 71
1 1 3
13 1 71
13 1 3
71 2 1
13 1 16
82 2 5
3 2 19
5 1 3
6 2 23
25 1 71
2 2 3
44 1 1
13 2 9
1 2 23
44 1 5
19 1 18
25 1 32
63 1 1
9 1 71
44 1 82
49 1 3
82 2 2
62 2 35
9 1 3
51 1 13
2 1 1
14 2 25
63 1 32
44 1 62
14 1 13
7 1 22
49 2 51
7 1 20
9 1 1
22 2 6
13 1 2
18 1 11
13 1 1
64 6 63
43 6 44
71 2 82
20 1 19
3 2 15
3 2 22
71 2 5
9 1 2
32 1 17
1 1 23
17 2 14
5 2 1
63 1 71
43 1 7
5 1 1
23 2 3
? 1 github_java_program_data/15/569.java

14 2 44
23 2 1
82 2 3
17 1 13
4 2 35
71 2 2
11 1 10
31 1 11
104 1 3
2 2 3
32 1 13
7 1 3
44 1 2
44 1 82
11 1 1
32 1 25
68 1 1
4 1 49
45 1 86
7 1 1
104 1 71
3 1 23
25 1 82
62 1 51
86 2 79
5 2 3
1 4 3
13 1 82
3 2 23
11 1 23
1 2 62
32 1 14
17 2 14
17 2 68
68 1 4
9 1 5
2 2 1
5 1 1
1 2 4
49 1 9
5 2 1
7 1 23
1 2 23
1 2 22
32 1 9
44 1 71
3 1 22
3 1 1
3 7 1
44 1 35
2 1 3
7 1 6
1 5 3
32 1 44
45 1 104
13 1 5
1 1 8
51 1 9
104 1 32
35 1 21
79 2 104
86 1 1
1 2 32
22 2 1
79 1 1
1 1 3
86 1 32
45 1 79
13 1 3
13 1 71
7 1 22
35 1 31
5 1 3
25 1 3
86 2 25
9 2 13
21 2 31
44 1 1
32 1 68
82 2 5
3 2 32
25 1 32
11 1 3
9 1 71
86 1 1
62 2 35
9 1 1
82 2 71
2 1 1
44 1 62
14 1 13
68 1 35
21 1 7
9 1 3
31 2 21
23 2 10
13 1 1
71 2 3
14 2 17
3 2 8
22 2 3
71 2 5
14 1 9
23 2 6
1 7 3
9 1 2
32 1 17
1 1 23
25 2 14
11 1 22
3 2 22
23 2 3
1 1 22
32 1 86
? 1 github_java_program_data/15/588.java

25 1 1
82 2 3
14 2 21
21 2 34
23 2 1
21 1 11
26 1 3
13 1 15
76 1 39
25 1 18
31 1 11
26 1 25
2 2 3
34 1 39
11 1 20
30 2 33
73 2 32
63 1 71
51 2 49
39 2 42
4 1 49
34 1 47
44 2 68
40 1 61
32 1 43
1 4 3
3 1 23
34 1 61
63 1 35
51 1 3
5 2 3
63 1 5
17 2 31
20 2 22
34 2 31
11 1 76
21 2 64
44 1 3
108 1 1
5 2 1
35 1 17
15 1 11
49 1 9
62 1 49
33 2 42
1 2 22
4 2 35
32 1 21
25 1 71
17 2 34
40 2 31
15 1 7
3 7 1
32 1 63
51 1 78
23 2 20
11 1 10
64 1 11
63 1 3
43 1 7
3 1 19
13 1 5
51 1 9
61 1 7
35 1 21
1 1 62
61 1 32
20 1 3
1 2 4
1 1 3
24 1 1
13 1 3
3 2 62
14 2 31
3 1 22
5 1 3
68 1 35
27 2 39
64 1 7
18 1 3
32 1 68
18 1 1
49 2 51
3 4 1
71 2 5
52 1 40
26 2 23
49 1 3
68 2 54
9 1 3
40 2 43
40 1 42
16 1 7
71 2 1
34 1 52
1 2 73
73 1 37
42 1 32
21 1 7
7 1 20
9 1 1
1 2 16
31 2 21
54 1 32
13 1 2
26 1 1
18 1 11
23 2 10
22 2 10
64 6 63
22 2 26
71 2 3
26 1 19
20 1 19
7 1 6
35 1 34
3 2 15
33 1 35
4 2 32
14 2 34
33 2 61
1 1 23
47 1 34
61 1 35
68 1 62
4 1 51
24 1 7
3 2 22
16 1 11
10 2 23
43 6 44
3 1 4
32 1 34
63 2 44
76 1 30
33 1 32
2 1 3
40 1 30
17 1 9
11 1 26
39 2 61
14 2 17
19 1 24
34 1 30
3 1 25
44 1 2
20 1 1
37 1 3
1 1 19
14 1 9
18 2 24
21 2 43
39 2 47
11 1 1
30 1 11
32 1 40
2 2 1
7 1 1
44 2 63
68 1 3
33 2 52
26 2 22
22 2 23
20 2 23
62 1 51
68 1 71
1 2 15
34 1 33
3 2 4
9 1 15
25 1 24
49 1 13
3 2 23
7 1 26
1 2 62
54 1 3
1 7 3
27 2 33
45 1 25
10 2 22
35 1 40
1 1 25
22 2 3
3 2 78
40 1 33
9 1 5
40 1 39
11 1 6
25 1 73
44 1 32
7 1 23
1 2 23
21 2 31
17 2 40
54 1 4
7 1 3
11 1 23
3 1 1
43 1 11
3 2 16
3 2 25
44 1 35
1 2 25
32 1 44
54 1 82
54 2 63
35 1 64
63 1 62
78 1 3
23 2 26
27 1 11
22 2 1
24 1 11
31 1 7
1 5 3
24 1 3
13 1 16
22 2 6
35 1 31
3 2 19
62 2 35
6 2 23
20 1 25
40 1 27
44 1 1
7 1 10
82 2 5
44 1 5
17 2 21
25 1 32
63 1 1
34 1 27
11 1 3
14 2 40
44 1 82
24 2 18
82 2 2
51 1 13
2 1 1
9 1 16
32 1 14
14 1 13
76 1 61
7 1 22
35 1 14
19 1 18
18 1 7
44 1 4
14 2 44
27 1 7
39 1 35
13 1 1
49 1 108
42 1 35
3 5 1
30 1 7
22 2 20
47 2 42
31 2 64
32 1 31
3 2 108
31 2 34
23 2 22
30 2 39
32 1 54
9 1 2
52 2 42
32 1 17
31 2 43
39 1 11
17 2 14
34 1 42
17 1 13
11 1 22
1 2 19
5 1 1
23 2 3
1 1 22
? 1 github_java_program_data/15/595.java

16 1 11
25 1 1
3 1 4
23 2 1
4 1 49
63 2 44
13 1 82
71 2 2
11 1 10
104 1 3
64 1 7
14 2 17
7 1 3
44 1 2
3 2 62
14 1 9
35 1 43
11 1 1
32 1 25
9 1 82
51 1 1
17 1 13
2 2 1
7 1 1
104 1 71
71 2 3
62 1 51
5 2 3
9 1 15
82 2 71
32 1 64
3 2 23
44 1 3
1 2 62
1 5 3
32 1 14
2 1 82
4 2 32
3 2 32
9 1 5
63 1 2
1 2 4
49 1 9
62 1 49
7 1 23
82 2 1
1 2 22
25 2 44
4 1 51
3 1 22
3 1 1
3 4 1
3 2 16
15 1 7
32 1 63
44 1 35
2 1 3
7 1 6
44 2 63
32 1 44
63 1 4
45 1 104
13 1 5
17 1 9
104 1 32
20 1 3
1 2 32
22 2 1
5 1 71
1 1 3
13 1 71
13 1 3
71 2 1
13 1 16
82 2 5
3 2 19
5 1 3
6 2 23
25 1 71
2 2 3
44 1 1
13 2 9
1 2 23
44 1 5
19 1 18
25 1 32
63 1 1
9 1 71
44 1 82
49 1 3
82 2 2
62 2 35
9 1 3
51 1 13
2 1 1
14 2 25
63 1 32
44 1 62
14 1 13
7 1 22
49 2 51
7 1 20
9 1 1
22 2 6
13 1 2
18 1 11
13 1 1
64 6 63
43 6 44
71 2 82
20 1 19
3 2 15
3 2 22
71 2 5
9 1 2
32 1 17
1 1 23
17 2 14
5 2 1
63 1 71
43 1 7
5 1 1
23 2 3
? 1 github_java_program_data/15/599.java

25 1 1
82 2 3
23 2 1
21 1 11
27 2 32
35 1 40
13 1 15
29 2 32
45 1 104
25 1 18
31 1 11
26 1 25
36 1 32
47 2 52
34 1 39
16 1 7
29 1 28
14 2 40
30 2 33
63 1 71
51 2 49
26 2 23
17 1 13
34 1 47
40 1 61
32 1 43
1 4 3
3 1 23
11 1 23
63 1 35
5 2 3
27 1 11
17 2 31
32 1 21
21 2 64
82 2 71
32 1 64
43 6 63
44 1 3
36 2 14
32 1 14
5 2 1
46 1 3
29 1 16
33 2 42
35 1 17
64 6 44
15 1 11
49 1 9
62 1 49
63 1 32
7 1 23
1 2 22
44 1 71
25 1 71
17 2 34
15 1 7
3 7 1
32 1 63
31 2 21
23 2 20
11 1 10
7 1 6
9 1 16
63 1 4
62 2 35
13 1 5
52 2 61
51 1 9
3 5 1
104 1 32
35 1 21
61 1 32
20 1 3
4 2 35
1 2 4
1 1 3
13 1 71
45 1 79
13 1 3
23 2 26
40 1 27
5 1 3
27 2 39
2 2 3
45 1 46
71 2 5
79 1 3
32 1 68
22 2 6
3 4 1
0 1 3
52 1 40
63 1 2
9 1 3
7 1 3
71 2 1
35 1 36
68 1 35
42 1 32
21 1 7
7 1 20
9 1 1
1 2 16
13 1 2
65 1 27
18 1 11
108 1 7
22 2 10
64 6 63
22 2 26
71 2 3
26 1 19
20 1 19
26 1 1
35 1 65
64 1 11
35 1 34
3 2 15
33 1 35
4 2 32
0 2 71
65 1 32
23 2 10
47 1 34
35 1 43
68 1 62
43 1 7
24 1 7
3 2 22
108 2 32
52 1 34
16 1 11
46 2 25
62 2 32
43 6 44
32 1 34
63 2 44
7 1 1
13 1 82
79 2 46
33 1 32
71 2 2
2 1 3
16 2 27
40 1 30
17 1 9
11 1 26
14 2 17
19 1 24
34 1 30
34 1 52
44 1 2
20 1 1
104 1 108
1 1 19
14 1 9
21 2 43
65 2 64
11 1 1
1 7 3
9 1 82
3 2 8
30 1 11
32 1 40
2 2 1
7 1 1
44 2 63
68 1 3
33 2 52
34 2 40
62 1 51
1 2 15
34 1 33
3 2 4
51 1 13
49 1 13
3 2 23
7 1 26
1 5 3
3 2 62
2 1 82
45 1 25
26 1 3
22 2 3
20 2 22
9 1 5
40 1 39
11 1 6
44 1 32
40 1 47
1 2 23
21 2 31
4 1 51
3 1 22
3 1 1
43 1 11
3 2 16
3 2 25
44 1 35
40 2 17
36 1 29
14 2 68
1 2 25
32 1 44
71 2 82
1 1 8
30 2 39
104 1 3
35 1 64
63 1 62
20 2 23
17 2 36
63 1 5
27 2 28
22 2 1
5 1 71
13 1 16
31 1 7
28 1 11
24 1 3
24 1 11
35 1 31
3 2 19
4 1 49
27 2 33
32 1 17
44 1 1
7 1 10
82 2 5
44 1 5
25 1 32
9 1 15
34 1 27
11 1 3
9 1 71
44 1 82
24 2 18
82 2 2
29 1 27
63 1 0
25 1 24
2 1 1
63 1 3
40 1 33
1 2 32
14 1 13
14 2 31
7 1 22
35 1 14
19 1 18
18 1 7
39 1 32
25 2 104
44 1 4
40 2 64
14 2 44
27 1 7
39 1 35
13 1 1
40 2 34
11 1 20
30 1 7
22 2 20
68 2 63
5 1 1
16 1 13
3 2 108
34 2 64
40 1 52
33 2 47
23 2 6
14 2 34
9 1 2
20 1 25
1 1 23
17 2 14
34 1 42
11 1 22
1 2 19
32 1 31
23 2 3
1 1 22
? 1 github_java_program_data/15/611.java

14 2 44
23 2 1
82 2 3
17 1 13
4 2 35
71 2 2
11 1 10
31 1 11
104 1 3
2 2 3
32 1 13
7 1 3
44 1 2
44 1 82
11 1 1
32 1 25
68 1 1
4 1 49
45 1 86
7 1 1
104 1 71
3 1 23
25 1 82
62 1 51
86 2 79
5 2 3
1 4 3
13 1 82
3 2 23
11 1 23
1 2 62
32 1 14
17 2 14
17 2 68
68 1 4
9 1 5
2 2 1
5 1 1
1 2 4
49 1 9
5 2 1
7 1 23
1 2 23
1 2 22
32 1 9
44 1 71
3 1 22
3 1 1
3 7 1
44 1 35
2 1 3
7 1 6
1 5 3
32 1 44
45 1 104
13 1 5
1 1 8
51 1 9
104 1 32
35 1 21
79 2 104
86 1 1
1 2 32
22 2 1
79 1 1
1 1 3
86 1 32
45 1 79
13 1 3
13 1 71
7 1 22
35 1 31
5 1 3
25 1 3
86 2 25
9 2 13
21 2 31
44 1 1
32 1 68
82 2 5
3 2 32
25 1 32
11 1 3
9 1 71
86 1 1
62 2 35
9 1 1
82 2 71
2 1 1
44 1 62
14 1 13
68 1 35
21 1 7
9 1 3
31 2 21
23 2 10
13 1 1
71 2 3
14 2 17
3 2 8
22 2 3
71 2 5
14 1 9
23 2 6
1 7 3
9 1 2
32 1 17
1 1 23
25 2 14
11 1 22
3 2 22
23 2 3
1 1 22
32 1 86
? 1 github_java_program_data/15/618.java

14 2 44
23 2 1
82 2 3
17 1 13
4 2 35
71 2 2
11 1 10
31 1 11
104 1 3
2 2 3
32 1 13
7 1 3
44 1 2
44 1 82
11 1 1
32 1 25
68 1 1
4 1 49
45 1 86
7 1 1
104 1 71
3 1 23
25 1 82
62 1 51
86 2 79
5 2 3
1 4 3
13 1 82
3 2 23
11 1 23
1 2 62
32 1 14
17 2 14
17 2 68
68 1 4
9 1 5
2 2 1
5 1 1
1 2 4
49 1 9
5 2 1
7 1 23
1 2 23
1 2 22
32 1 9
44 1 71
3 1 22
3 1 1
3 7 1
44 1 35
2 1 3
7 1 6
1 5 3
32 1 44
45 1 104
13 1 5
1 1 8
51 1 9
104 1 32
35 1 21
79 2 104
86 1 1
1 2 32
22 2 1
79 1 1
1 1 3
86 1 32
45 1 79
13 1 3
13 1 71
7 1 22
35 1 31
5 1 3
25 1 3
86 2 25
9 2 13
21 2 31
44 1 1
32 1 68
82 2 5
3 2 32
25 1 32
11 1 3
9 1 71
86 1 1
62 2 35
9 1 1
82 2 71
2 1 1
44 1 62
14 1 13
68 1 35
21 1 7
9 1 3
31 2 21
23 2 10
13 1 1
71 2 3
14 2 17
3 2 8
22 2 3
71 2 5
14 1 9
23 2 6
1 7 3
9 1 2
32 1 17
1 1 23
25 2 14
11 1 22
3 2 22
23 2 3
1 1 22
32 1 86
? 1 github_java_program_data/15/78.java

23 2 1
35 1 40
25 1 18
31 1 11
26 1 25
2 2 3
34 1 39
11 1 20
52 2 61
30 2 33
63 1 71
51 2 49
32 1 34
34 1 47
40 1 61
32 1 43
1 4 3
3 1 23
11 1 23
63 1 35
5 2 3
27 1 11
11 1 6
21 2 64
47 1 40
32 1 64
43 6 63
44 1 3
32 1 14
40 2 34
20 2 23
35 1 17
5 1 1
64 6 44
62 1 49
33 2 42
1 2 22
4 2 35
25 1 71
17 2 34
17 1 9
5 2 1
15 1 7
32 1 63
23 2 20
71 2 3
64 1 11
44 2 63
63 1 4
13 1 5
10 2 23
63 1 32
61 1 32
20 1 3
1 2 32
1 2 4
1 2 23
23 2 26
40 1 27
5 1 3
27 2 39
11 1 26
71 2 5
32 1 68
19 1 18
3 4 1
64 6 63
26 2 23
9 1 3
40 2 43
16 1 7
21 1 7
7 1 20
9 1 1
1 2 16
13 1 2
26 1 1
18 1 11
23 2 10
22 2 10
22 2 26
3 2 62
20 1 19
7 1 6
35 1 34
3 2 15
33 1 35
4 2 32
1 1 23
35 1 43
43 1 7
24 1 7
3 2 22
52 1 34
25 1 1
43 6 44
4 1 49
63 2 44
33 1 32
71 2 2
2 1 3
40 1 30
51 1 9
64 1 7
39 2 61
19 1 24
34 1 30
44 1 2
20 1 1
14 1 9
18 2 24
39 2 47
11 1 1
9 1 82
68 2 44
30 1 11
2 2 1
7 1 1
68 1 3
33 2 52
26 2 22
68 1 4
62 1 51
68 1 71
34 1 33
3 2 4
25 1 24
49 1 13
3 2 23
7 1 26
1 2 62
1 5 3
1 7 3
45 1 25
26 1 3
20 2 22
9 1 5
63 1 2
32 1 21
7 1 23
1 1 3
4 1 51
7 1 3
3 1 22
3 1 1
43 1 11
3 2 25
44 1 35
40 2 17
14 2 68
1 2 25
32 1 44
40 1 39
35 1 64
34 2 40
71 2 1
63 1 5
22 2 1
24 1 11
31 1 7
32 1 31
13 1 16
35 1 31
3 2 19
62 2 35
6 2 23
44 1 1
7 1 10
68 1 32
82 2 5
44 1 5
25 1 32
63 1 1
34 1 27
11 1 3
14 2 40
44 1 82
24 2 18
82 2 2
11 1 10
2 1 1
3 5 1
40 1 33
44 1 62
14 1 13
7 1 22
35 1 14
49 2 51
18 1 7
39 1 32
22 2 6
40 2 64
34 2 14
27 1 7
39 1 35
13 1 1
42 1 35
30 1 7
22 2 20
27 2 33
40 1 52
30 2 39
23 2 6
9 1 2
31 2 43
9 1 15
34 1 42
11 1 22
1 2 19
22 2 3
23 2 3
1 1 22
34 2 43
? 1 github_java_program_data/15/8.java

