39 1 35
63 1 1
1 1 25
40 2 34
22 2 23
3 2 78
0 1 3
84 1 5
10 2 23
18 1 11
7 1 20
44 1 35
26 1 3
3 1 23
7 1 6
18 2 24
3 1 1
3 2 62
17 2 14
19 1 18
78 1 1
35 1 43
35 1 40
32 1 77
51 1 9
23 2 3
0 1 1
22 2 26
3 1 25
9 1 82
44 1 4
77 1 62
11 1 1
3 2 4
24 1 7
56 1 11
71 2 3
25 1 32
18 1 1
49 1 13
3 2 22
71 2 1
84 1 1
11 1 6
51 1 13
44 1 3
63 1 35
44 1 32
3 7 1
12 1 11
7 1 3
62 1 51
23 2 1
22 2 3
3 4 1
24 1 11
1 2 8
43 1 11
1 1 22
27 1 11
25 1 3
68 1 35
14 1 32
40 1 39
13 1 71
77 1 1
35 1 64
109 1 1
3 1 8
4 1 51
3 2 12
3 2 8
1 2 32
13 1 1
51 1 3
24 2 18
82 2 5
49 1 9
62 1 49
44 1 82
3 2 25
62 2 32
62 2 35
82 2 2
104 1 3
22 2 6
23 2 10
34 1 27
40 1 30
6 2 23
35 1 25
26 1 1
2 1 1
9 1 1
1 1 19
3 2 23
44 1 5
64 6 63
3 2 108
1 2 4
9 1 2
5 1 3
44 1 1
14 2 68
11 1 22
25 1 108
35 1 14
9 1 71
82 2 1
14 2 25
9 1 3
31 2 21
5 1 82
17 1 13
68 1 71
12 1 7
1 4 3
63 1 5
68 1 62
63 1 32
20 1 1
51 2 49
33 1 32
45 1 104
32 1 63
7 1 22
0 2 71
3 1 62
11 1 3
71 2 2
32 1 17
44 1 109
20 1 19
51 1 1
31 1 7
1 2 19
11 1 23
35 1 87
109 2 82
31 1 11
14 2 14
2 2 3
18 1 7
49 1 3
24 1 3
3 5 1
24 1 1
2 1 50
7 1 1
13 1 2
22 2 20
2 1 3
68 1 1
44 2 63
11 1 10
1 2 12
34 2 31
21 2 31
32 1 64
1 1 12
84 1 4
87 1 7
1 5 3
25 1 24
9 1 5
27 2 33
32 1 43
63 1 62
18 1 3
77 1 5
7 1 23
3 2 35
1 1 23
7 1 1
68 1 0
25 1 82
35 1 31
3 1 12
63 2 44
7 1 10
64 1 11
30 2 39
35 1 21
3 2 19
13 1 3
63 1 3
26 1 19
1 2 25
3 1 19
34 2 43
1 1 3
63 1 2
1 2 22
32 1 68
5 2 3
11 1 26
4 2 35
35 1 14
14 1 1
1 2 23
1 1 4
14 1 9
35 1 34
21 1 7
32 1 14
23 2 22
51 1 78
13 1 5
71 2 5
77 2 84
3 1 4
109 1 3
82 2 3
30 1 7
20 1 3
32 1 84
1 7 3
3 2 50
63 1 0
14 1 71
32 1 44
2 2 1
32 1 56
5 2 1
104 1 71
2 1 82
20 1 25
1 2 62
84 1 2
104 1 35
64 1 7
1 1 8
34 1 33
43 6 44
8 1 7
4 1 49
68 2 44
108 1 7
84 2 77
108 2 32
19 1 24
22 2 1
5 1 1
4 2 32
3 1 22
0 1 25
63 1 71
? 1 github_java_program_data/11/104.java

34 1 61
68 1 32
27 1 7
63 1 1
3 2 19
25 1 18
3 2 108
45 1 86
18 1 11
44 1 35
47 1 34
7 1 6
44 1 71
3 1 1
45 1 25
1 2 15
9 1 16
32 1 40
19 1 18
78 1 1
35 1 43
35 1 40
7 1 23
23 2 3
1 1 25
33 2 47
3 1 25
9 1 82
1 2 23
1 1 4
11 1 1
3 2 4
24 1 7
35 1 17
33 1 35
18 1 1
23 2 10
3 2 22
11 1 6
39 1 32
51 1 13
44 1 3
63 2 44
63 1 35
44 1 32
7 1 3
62 1 51
40 1 42
22 2 3
20 1 1
3 4 1
24 1 11
3 2 78
1 1 22
27 1 11
108 2 35
25 1 3
2 1 71
44 1 62
40 1 39
26 2 22
109 1 1
9 1 1
25 1 71
26 2 23
13 1 1
51 1 3
35 1 21
3 2 16
49 1 9
34 2 21
44 1 0
44 1 82
62 2 32
62 2 35
82 2 2
49 1 3
22 2 6
44 1 2
34 1 27
40 1 30
43 1 7
26 1 1
71 2 82
2 1 1
4 1 51
1 1 19
3 2 23
1 2 16
44 1 5
64 6 63
17 2 21
26 1 19
9 1 2
5 1 3
44 1 1
11 1 22
25 1 108
35 1 14
1 2 19
32 1 21
9 1 3
20 2 23
9 1 5
11 1 20
68 1 71
1 4 3
63 1 5
63 1 82
20 2 22
63 1 32
23 2 1
21 2 40
7 1 22
11 1 3
0 2 82
26 1 25
40 1 33
20 1 19
68 1 3
31 1 7
9 1 71
11 1 23
20 1 25
3 2 62
86 2 25
31 1 11
13 1 15
2 2 3
17 2 14
18 1 7
24 1 3
13 1 82
3 5 1
24 1 1
7 1 1
13 1 2
86 1 3
2 1 3
44 2 63
11 1 10
40 1 47
21 2 34
32 1 64
30 2 39
1 2 25
1 5 3
25 1 24
27 2 33
71 2 2
35 1 68
18 1 3
39 2 42
63 1 109
23 2 20
1 1 23
7 1 1
7 1 20
3 1 23
68 1 4
35 1 31
25 1 35
3 1 19
33 2 61
7 1 10
64 1 11
47 2 42
0 1 1
13 1 3
63 1 3
1 2 4
34 1 39
1 1 3
63 1 2
1 2 22
63 1 4
22 2 10
5 2 3
11 1 26
34 1 30
4 2 35
109 2 71
61 1 32
35 1 63
14 1 9
35 1 34
21 1 7
21 1 11
82 2 5
51 1 78
13 1 5
22 2 26
30 1 7
7 1 26
20 1 3
1 7 3
15 1 7
71 2 3
23 2 6
40 1 27
3 2 25
2 2 1
16 1 11
5 2 1
26 1 3
64 6 44
3 1 62
1 2 62
17 1 13
34 1 33
43 6 44
42 1 35
30 1 11
4 1 49
14 2 17
62 1 49
35 1 44
68 2 44
108 1 7
32 1 31
40 2 21
19 1 24
17 2 68
22 2 1
5 1 1
4 2 32
3 1 22
63 1 71
? 1 github_java_program_data/11/122.java

34 1 61
39 1 35
1 1 23
27 1 7
63 1 1
108 1 105
3 2 19
22 2 23
42 1 11
61 1 35
14 2 21
36 1 32
7 1 6
44 1 71
40 2 64
1 2 15
17 2 14
3 2 4
13 2 9
27 2 32
7 1 23
45 1 46
23 2 3
108 2 32
9 1 82
44 1 4
13 1 15
11 1 1
24 1 7
32 1 54
3 1 12
3 2 22
39 1 7
44 1 32
31 2 67
64 1 11
39 2 47
23 2 1
22 2 3
65 2 64
24 1 11
1 2 8
25 1 3
32 1 63
40 1 39
32 1 104
3 1 8
4 1 51
20 1 19
25 2 14
1 2 32
1 2 108
13 1 1
51 2 49
35 1 21
62 1 49
44 1 82
82 2 2
44 1 2
22 2 26
26 1 1
63 1 3
9 1 1
3 2 23
17 2 21
3 2 8
5 1 3
43 6 44
11 1 22
14 2 104
32 1 17
1 2 19
32 1 14
9 1 3
73 1 3
9 1 5
13 1 16
29 1 27
104 1 25
32 1 34
63 1 5
63 1 82
34 1 47
26 1 3
7 1 22
1 2 16
3 2 108
27 2 35
26 1 25
40 1 33
23 2 11
73 2 25
68 1 3
71 2 3
3 2 62
67 1 35
24 1 3
13 1 82
11 1 26
19 1 18
32 1 25
44 2 63
1 2 12
25 2 35
1 1 12
82 2 71
14 1 35
25 1 24
54 1 82
27 2 33
30 2 33
21 2 43
18 1 3
39 2 42
21 2 67
68 1 32
23 2 10
104 1 73
25 1 82
54 2 63
25 1 35
14 1 3
7 1 10
21 2 17
24 2 18
46 1 3
44 2 25
1 2 4
17 2 36
34 1 39
35 1 34
11 1 3
1 2 22
63 1 4
76 1 39
1 2 23
14 1 9
12 1 7
21 1 7
32 1 14
21 1 11
82 2 5
71 2 5
13 1 5
43 6 63
76 1 27
82 2 3
30 1 7
29 1 28
20 1 3
15 1 7
23 2 6
40 1 27
2 2 1
5 2 1
63 1 32
46 2 79
30 2 35
64 6 44
16 2 27
49 2 51
33 1 32
104 1 1
30 1 11
79 1 1
4 1 49
3 2 15
35 1 44
68 2 44
108 1 7
68 2 54
32 1 31
1 2 62
19 1 24
9 1 15
3 1 22
63 1 71
1 1 25
25 1 18
8 1 11
45 1 86
54 1 1
18 1 11
44 1 35
39 2 61
7 2 23
32 1 67
3 1 1
45 1 25
9 1 16
1 7 3
15 1 11
35 1 43
35 1 40
51 1 9
35 1 17
11 1 23
49 1 13
71 2 1
11 1 6
39 1 32
51 1 13
44 1 3
36 2 34
63 1 35
3 2 25
29 1 16
35 1 67
3 7 1
12 1 11
7 1 3
62 1 51
22 2 104
3 4 1
22 2 6
86 1 1
43 1 11
67 1 27
1 1 22
27 1 11
108 2 35
47 1 40
44 1 62
14 1 13
26 2 22
13 1 71
35 1 64
11 1 10
32 1 43
3 2 12
65 1 35
67 1 30
25 1 71
25 1 32
35 1 36
86 2 79
65 2 31
49 1 9
67 1 32
62 2 32
62 2 35
35 1 54
34 1 27
40 1 30
43 1 7
71 2 82
2 1 1
1 1 19
64 6 63
44 1 5
18 2 24
9 1 2
36 1 29
31 2 65
44 1 1
14 2 68
25 1 108
29 2 32
9 1 71
82 2 1
20 2 23
67 2 34
17 1 13
68 1 71
54 1 4
1 4 3
68 1 62
20 1 1
1 1 8
8 1 7
27 2 28
54 1 32
31 1 7
33 1 35
104 1 108
31 1 11
34 1 33
16 1 23
2 2 3
18 1 7
3 5 1
65 1 30
7 1 1
13 1 2
22 2 20
2 1 3
68 1 1
71 2 2
23 2 26
26 1 19
76 1 42
32 1 64
30 2 39
1 2 25
17 2 31
21 2 31
63 1 62
35 1 68
23 2 20
3 2 35
7 1 1
7 1 20
3 1 23
68 1 4
35 1 31
46 2 25
21 2 40
63 2 44
32 1 21
7 1 76
13 1 3
40 2 14
17 2 44
6 2 22
105 1 3
14 2 54
26 2 23
32 1 68
22 2 10
27 2 39
34 1 30
4 2 35
1 5 3
11 1 20
35 1 63
1 1 3
5 2 3
23 2 22
79 2 46
104 1 82
17 1 9
7 1 26
31 2 21
40 2 43
32 1 65
14 1 71
32 1 44
7 1 104
16 1 11
28 1 11
14 2 67
3 2 16
67 2 31
2 1 82
20 1 25
45 1 79
104 1 35
64 1 7
25 1 1
35 1 14
16 1 7
14 2 17
14 2 65
63 1 2
17 2 68
22 2 1
5 1 1
4 2 32
? 1 github_java_program_data/11/127.java

39 1 35
68 1 32
27 1 7
63 1 1
3 2 19
14 2 34
22 2 23
34 2 14
10 2 23
14 2 21
31 2 64
36 1 32
7 1 6
9 1 63
44 1 71
17 2 67
1 2 15
17 2 14
19 1 18
6 2 23
7 1 23
45 1 46
23 2 3
78 1 3
30 2 37
35 1 31
44 1 4
1 1 4
11 1 1
24 1 7
18 1 1
3 2 22
44 1 32
39 2 47
23 2 1
22 2 3
31 2 40
24 1 11
43 6 44
20 2 22
68 1 35
9 1 5
40 1 39
7 1 80
2 1 1
14 2 41
4 1 51
38 1 30
1 2 32
13 1 1
51 2 49
35 1 21
34 2 21
62 1 49
24 1 22
44 1 82
82 2 2
17 2 40
44 1 2
22 2 26
3 5 1
38 2 35
26 1 1
40 2 14
9 1 1
3 2 8
3 2 23
17 2 21
3 2 18
5 1 3
36 2 31
9 1 18
68 1 82
11 1 22
36 2 64
35 1 14
1 2 19
47 1 34
71 2 82
9 1 3
42 1 7
31 2 21
15 1 9
34 1 42
80 1 61
29 1 27
32 1 34
63 1 5
63 1 82
34 1 47
63 1 32
7 1 22
52 1 40
63 1 2
27 2 35
26 1 25
32 1 17
68 1 3
65 1 27
71 2 3
51 1 37
3 2 62
79 2 25
32 1 21
39 1 11
38 1 37
24 1 3
24 1 1
11 1 26
3 2 4
15 2 30
44 2 63
34 2 31
54 1 62
21 2 34
82 2 71
47 2 42
25 1 24
54 1 82
27 2 33
30 2 33
18 1 3
1 1 23
23 2 10
25 1 82
25 1 35
32 1 36
36 1 35
7 1 10
64 1 11
34 2 40
24 2 18
24 1 23
1 2 35
14 2 36
1 2 4
17 2 36
34 1 39
35 1 34
11 1 3
1 2 22
63 1 4
1 4 3
1 2 23
13 1 15
14 1 9
21 1 7
32 1 14
21 1 11
82 2 5
34 2 43
13 1 5
51 1 78
43 6 63
3 1 4
28 1 7
79 1 1
82 2 3
30 1 7
29 1 28
20 1 3
29 1 15
31 2 43
15 1 7
23 2 6
65 2 40
40 1 27
34 1 52
2 2 1
79 2 46
5 2 1
26 1 3
41 1 32
64 6 44
3 1 62
82 2 1
49 2 51
33 1 32
104 1 32
14 2 40
34 1 33
30 1 11
4 1 49
3 2 15
35 1 44
68 2 54
32 1 31
1 2 62
19 1 24
9 1 15
3 1 22
71 2 5
1 2 16
1 1 25
25 1 18
63 1 11
31 2 14
45 1 86
54 1 1
18 1 11
44 1 35
39 2 61
32 1 67
104 2 63
3 1 1
45 1 25
9 1 16
1 7 3
15 1 11
35 1 43
35 1 40
51 1 9
33 2 52
3 1 25
35 1 17
11 1 23
54 2 44
49 1 13
30 2 28
71 2 1
11 1 6
39 1 32
51 1 13
44 1 3
63 1 35
32 1 40
46 1 1
44 2 104
3 7 1
7 1 3
62 1 51
29 2 32
3 4 1
22 2 6
86 1 1
43 1 11
1 1 22
27 1 11
1 1 62
44 1 62
14 1 13
26 2 22
13 1 71
35 1 64
11 1 10
32 1 43
54 1 35
29 1 30
65 1 35
67 1 30
25 1 71
35 1 36
21 2 65
104 1 71
49 1 9
67 1 32
46 2 79
62 2 32
62 2 35
35 1 54
14 2 25
34 1 27
40 1 30
43 1 7
35 1 25
21 2 40
76 1 30
11 1 76
1 1 19
64 6 63
18 1 7
44 1 5
18 2 24
9 1 2
36 1 29
44 1 1
14 2 68
40 1 33
1 2 63
20 2 23
67 2 34
49 1 1
17 1 13
65 1 32
21 2 64
68 1 62
20 1 1
1 1 8
36 2 21
27 2 28
1 2 78
32 1 41
20 1 19
51 1 1
31 1 7
37 1 7
33 1 35
65 1 30
37 1 3
31 1 11
38 1 15
104 1 1
2 2 3
18 1 7
86 2 79
35 1 104
61 1 11
68 1 71
13 1 2
22 2 20
41 1 38
2 1 3
71 2 2
23 2 26
21 2 31
32 1 64
30 2 39
1 2 25
17 2 31
3 2 10
76 1 42
35 1 65
33 1 7
63 1 62
35 1 68
29 2 35
23 2 20
15 1 13
80 1 27
7 1 1
7 1 20
3 1 23
15 2 27
68 1 4
9 1 82
3 1 19
63 2 44
80 1 39
14 2 31
41 1 35
13 1 3
63 1 3
26 1 19
6 2 22
13 1 16
26 2 23
32 1 68
22 2 10
27 2 39
34 1 30
4 2 35
1 5 3
11 1 20
35 1 63
1 1 3
5 2 3
23 2 22
40 2 34
104 1 82
17 1 9
25 2 63
7 1 26
40 2 43
32 1 65
3 2 25
16 1 11
17 2 34
30 2 32
3 2 16
33 2 42
20 1 25
45 1 79
38 2 32
76 1 33
64 1 7
1 2 37
10 2 22
42 1 35
25 1 1
16 1 7
14 2 17
35 1 41
14 2 65
40 2 21
63 1 71
22 2 1
5 1 1
4 2 32
? 1 github_java_program_data/11/130.java

34 1 61
39 1 35
1 1 23
27 1 7
63 1 1
3 2 19
25 1 18
40 2 14
22 2 23
34 2 14
45 1 86
54 1 1
35 1 54
18 1 11
44 1 35
7 1 6
44 1 71
3 1 1
45 1 25
1 2 15
3 2 62
17 2 14
19 1 18
35 1 43
35 1 40
7 1 23
51 1 9
23 2 3
31 2 17
9 1 82
44 1 4
13 1 15
11 1 1
22 2 26
24 1 7
35 1 17
56 1 11
33 1 35
54 2 44
1 2 62
49 1 13
3 2 22
71 2 1
11 1 6
39 1 32
51 1 13
44 1 3
63 2 44
63 1 35
44 1 32
3 7 1
7 1 3
62 1 51
40 1 42
22 2 3
3 4 1
24 1 11
22 2 6
32 1 56
1 1 22
27 1 11
20 2 22
40 1 39
14 1 13
35 1 64
71 2 2
40 2 31
32 1 43
9 1 1
54 1 35
25 1 71
26 2 23
13 1 1
24 2 18
3 2 16
49 1 9
34 2 21
62 1 49
14 2 21
3 2 25
62 2 32
62 2 35
82 2 2
14 2 34
44 1 2
34 1 27
40 1 30
43 1 7
26 1 1
43 1 11
2 1 1
4 1 51
3 2 8
3 2 23
1 2 16
44 1 5
64 6 63
18 2 24
9 1 2
5 1 3
44 1 1
14 2 68
11 1 22
17 2 64
35 1 14
1 2 19
32 1 21
9 1 3
31 2 21
9 1 5
11 1 20
13 1 2
1 4 3
63 1 5
63 1 82
15 1 11
26 1 3
23 2 1
1 1 8
7 1 22
11 1 3
26 1 25
32 1 17
20 1 19
68 1 3
31 1 7
11 1 23
9 1 16
86 2 25
31 1 11
2 2 3
18 1 7
3 5 1
42 1 35
68 1 71
3 2 4
22 2 20
86 1 3
2 1 3
44 2 63
11 1 10
54 1 62
21 2 31
32 1 64
82 2 71
30 2 39
1 2 25
1 5 3
25 1 24
10 2 23
54 1 82
27 2 33
63 1 62
35 1 68
39 2 42
23 2 20
68 1 32
7 1 1
7 1 20
3 1 23
68 1 4
35 1 31
25 1 35
21 2 40
33 2 61
7 1 10
64 1 11
34 2 40
14 2 31
35 1 21
1 2 35
13 1 3
63 1 3
1 2 4
13 1 16
17 2 43
1 1 3
63 1 2
1 2 22
22 2 10
21 1 7
11 1 26
4 2 35
23 2 10
40 2 17
1 2 23
61 1 32
35 1 63
14 1 9
35 1 34
5 2 3
32 1 14
21 1 11
82 2 5
71 2 5
13 1 5
43 6 63
17 1 9
30 1 7
7 1 26
20 1 3
1 7 3
15 1 7
71 2 3
23 2 6
32 1 40
2 2 1
16 1 11
5 2 1
63 1 32
64 6 44
20 1 1
82 2 1
49 2 51
33 1 32
17 1 13
64 1 7
34 1 33
43 6 44
25 1 1
9 1 15
30 1 11
4 1 49
16 1 7
14 2 17
3 2 15
35 1 44
68 2 54
32 1 31
19 1 24
22 2 1
5 1 1
4 2 32
3 1 22
63 1 71
? 1 github_java_program_data/11/137.java

39 1 35
63 1 1
1 1 25
40 2 34
22 2 23
3 2 78
0 1 3
84 1 5
10 2 23
18 1 11
7 1 20
44 1 35
26 1 3
3 1 23
7 1 6
18 2 24
3 1 1
3 2 62
17 2 14
19 1 18
78 1 1
35 1 43
35 1 40
32 1 77
51 1 9
23 2 3
0 1 1
22 2 26
3 1 25
9 1 82
44 1 4
77 1 62
11 1 1
3 2 4
24 1 7
56 1 11
71 2 3
25 1 32
18 1 1
49 1 13
3 2 22
71 2 1
84 1 1
11 1 6
51 1 13
44 1 3
63 1 35
44 1 32
3 7 1
12 1 11
7 1 3
62 1 51
23 2 1
22 2 3
3 4 1
24 1 11
1 2 8
43 1 11
1 1 22
27 1 11
25 1 3
68 1 35
14 1 32
40 1 39
13 1 71
77 1 1
35 1 64
109 1 1
3 1 8
4 1 51
3 2 12
3 2 8
1 2 32
13 1 1
51 1 3
24 2 18
82 2 5
49 1 9
62 1 49
44 1 82
3 2 25
62 2 32
62 2 35
82 2 2
104 1 3
22 2 6
23 2 10
34 1 27
40 1 30
6 2 23
35 1 25
26 1 1
2 1 1
9 1 1
1 1 19
3 2 23
44 1 5
64 6 63
3 2 108
1 2 4
9 1 2
5 1 3
44 1 1
14 2 68
11 1 22
25 1 108
35 1 14
9 1 71
82 2 1
14 2 25
9 1 3
31 2 21
5 1 82
17 1 13
68 1 71
12 1 7
1 4 3
63 1 5
68 1 62
63 1 32
20 1 1
51 2 49
33 1 32
45 1 104
32 1 63
7 1 22
0 2 71
3 1 62
11 1 3
71 2 2
32 1 17
44 1 109
20 1 19
51 1 1
31 1 7
1 2 19
11 1 23
35 1 87
109 2 82
31 1 11
14 2 14
2 2 3
18 1 7
49 1 3
24 1 3
3 5 1
24 1 1
2 1 50
7 1 1
13 1 2
22 2 20
2 1 3
68 1 1
44 2 63
11 1 10
1 2 12
34 2 31
21 2 31
32 1 64
1 1 12
84 1 4
87 1 7
1 5 3
25 1 24
9 1 5
27 2 33
32 1 43
63 1 62
18 1 3
77 1 5
7 1 23
3 2 35
1 1 23
7 1 1
68 1 0
25 1 82
35 1 31
3 1 12
63 2 44
7 1 10
64 1 11
30 2 39
35 1 21
3 2 19
13 1 3
63 1 3
26 1 19
1 2 25
3 1 19
34 2 43
1 1 3
63 1 2
1 2 22
32 1 68
5 2 3
11 1 26
4 2 35
35 1 14
14 1 1
1 2 23
1 1 4
14 1 9
35 1 34
21 1 7
32 1 14
23 2 22
51 1 78
13 1 5
71 2 5
77 2 84
3 1 4
109 1 3
82 2 3
30 1 7
20 1 3
32 1 84
1 7 3
3 2 50
63 1 0
14 1 71
32 1 44
2 2 1
32 1 56
5 2 1
104 1 71
2 1 82
20 1 25
1 2 62
84 1 2
104 1 35
64 1 7
1 1 8
34 1 33
43 6 44
8 1 7
4 1 49
68 2 44
108 1 7
84 2 77
108 2 32
19 1 24
22 2 1
5 1 1
4 2 32
3 1 22
0 1 25
63 1 71
? 1 github_java_program_data/11/14.java

34 1 61
68 1 32
27 1 7
63 1 1
3 2 19
25 1 18
3 2 108
45 1 86
18 1 11
44 1 35
47 1 34
7 1 6
44 1 71
3 1 1
45 1 25
1 2 15
9 1 16
32 1 40
19 1 18
78 1 1
35 1 43
35 1 40
7 1 23
23 2 3
1 1 25
33 2 47
3 1 25
9 1 82
1 2 23
1 1 4
11 1 1
3 2 4
24 1 7
35 1 17
33 1 35
18 1 1
23 2 10
3 2 22
11 1 6
39 1 32
51 1 13
44 1 3
63 2 44
63 1 35
44 1 32
7 1 3
62 1 51
40 1 42
22 2 3
20 1 1
3 4 1
24 1 11
3 2 78
1 1 22
27 1 11
108 2 35
25 1 3
2 1 71
44 1 62
40 1 39
26 2 22
109 1 1
9 1 1
25 1 71
26 2 23
13 1 1
51 1 3
35 1 21
3 2 16
49 1 9
34 2 21
44 1 0
44 1 82
62 2 32
62 2 35
82 2 2
49 1 3
22 2 6
44 1 2
34 1 27
40 1 30
43 1 7
26 1 1
71 2 82
2 1 1
4 1 51
1 1 19
3 2 23
1 2 16
44 1 5
64 6 63
17 2 21
26 1 19
9 1 2
5 1 3
44 1 1
11 1 22
25 1 108
35 1 14
1 2 19
32 1 21
9 1 3
20 2 23
9 1 5
11 1 20
68 1 71
1 4 3
63 1 5
63 1 82
20 2 22
63 1 32
23 2 1
21 2 40
7 1 22
11 1 3
0 2 82
26 1 25
40 1 33
20 1 19
68 1 3
31 1 7
9 1 71
11 1 23
20 1 25
3 2 62
86 2 25
31 1 11
13 1 15
2 2 3
17 2 14
18 1 7
24 1 3
13 1 82
3 5 1
24 1 1
7 1 1
13 1 2
86 1 3
2 1 3
44 2 63
11 1 10
40 1 47
21 2 34
32 1 64
30 2 39
1 2 25
1 5 3
25 1 24
27 2 33
71 2 2
35 1 68
18 1 3
39 2 42
63 1 109
23 2 20
1 1 23
7 1 1
7 1 20
3 1 23
68 1 4
35 1 31
25 1 35
3 1 19
33 2 61
7 1 10
64 1 11
47 2 42
0 1 1
13 1 3
63 1 3
1 2 4
34 1 39
1 1 3
63 1 2
1 2 22
63 1 4
22 2 10
5 2 3
11 1 26
34 1 30
4 2 35
109 2 71
61 1 32
35 1 63
14 1 9
35 1 34
21 1 7
21 1 11
82 2 5
51 1 78
13 1 5
22 2 26
30 1 7
7 1 26
20 1 3
1 7 3
15 1 7
71 2 3
23 2 6
40 1 27
3 2 25
2 2 1
16 1 11
5 2 1
26 1 3
64 6 44
3 1 62
1 2 62
17 1 13
34 1 33
43 6 44
42 1 35
30 1 11
4 1 49
14 2 17
62 1 49
35 1 44
68 2 44
108 1 7
32 1 31
40 2 21
19 1 24
17 2 68
22 2 1
5 1 1
4 2 32
3 1 22
63 1 71
? 1 github_java_program_data/11/152.java

39 1 35
63 1 1
1 1 25
40 2 34
22 2 23
3 2 78
0 1 3
84 1 5
10 2 23
18 1 11
7 1 20
44 1 35
26 1 3
3 1 23
7 1 6
18 2 24
3 1 1
3 2 62
17 2 14
19 1 18
78 1 1
35 1 43
35 1 40
32 1 77
51 1 9
23 2 3
0 1 1
22 2 26
3 1 25
9 1 82
44 1 4
77 1 62
11 1 1
3 2 4
24 1 7
56 1 11
71 2 3
25 1 32
18 1 1
49 1 13
3 2 22
71 2 1
84 1 1
11 1 6
51 1 13
44 1 3
63 1 35
44 1 32
3 7 1
12 1 11
7 1 3
62 1 51
23 2 1
22 2 3
3 4 1
24 1 11
1 2 8
43 1 11
1 1 22
27 1 11
25 1 3
68 1 35
14 1 32
40 1 39
13 1 71
77 1 1
35 1 64
109 1 1
3 1 8
4 1 51
3 2 12
3 2 8
1 2 32
13 1 1
51 1 3
24 2 18
82 2 5
49 1 9
62 1 49
44 1 82
3 2 25
62 2 32
62 2 35
82 2 2
104 1 3
22 2 6
23 2 10
34 1 27
40 1 30
6 2 23
35 1 25
26 1 1
2 1 1
9 1 1
1 1 19
3 2 23
44 1 5
64 6 63
3 2 108
1 2 4
9 1 2
5 1 3
44 1 1
14 2 68
11 1 22
25 1 108
35 1 14
9 1 71
82 2 1
14 2 25
9 1 3
31 2 21
5 1 82
17 1 13
68 1 71
12 1 7
1 4 3
63 1 5
68 1 62
63 1 32
20 1 1
51 2 49
33 1 32
45 1 104
32 1 63
7 1 22
0 2 71
3 1 62
11 1 3
71 2 2
32 1 17
44 1 109
20 1 19
51 1 1
31 1 7
1 2 19
11 1 23
35 1 87
109 2 82
31 1 11
14 2 14
2 2 3
18 1 7
49 1 3
24 1 3
3 5 1
24 1 1
2 1 50
7 1 1
13 1 2
22 2 20
2 1 3
68 1 1
44 2 63
11 1 10
1 2 12
34 2 31
21 2 31
32 1 64
1 1 12
84 1 4
87 1 7
1 5 3
25 1 24
9 1 5
27 2 33
32 1 43
63 1 62
18 1 3
77 1 5
7 1 23
3 2 35
1 1 23
7 1 1
68 1 0
25 1 82
35 1 31
3 1 12
63 2 44
7 1 10
64 1 11
30 2 39
35 1 21
3 2 19
13 1 3
63 1 3
26 1 19
1 2 25
3 1 19
34 2 43
1 1 3
63 1 2
1 2 22
32 1 68
5 2 3
11 1 26
4 2 35
35 1 14
14 1 1
1 2 23
1 1 4
14 1 9
35 1 34
21 1 7
32 1 14
23 2 22
51 1 78
13 1 5
71 2 5
77 2 84
3 1 4
109 1 3
82 2 3
30 1 7
20 1 3
32 1 84
1 7 3
3 2 50
63 1 0
14 1 71
32 1 44
2 2 1
32 1 56
5 2 1
104 1 71
2 1 82
20 1 25
1 2 62
84 1 2
104 1 35
64 1 7
1 1 8
34 1 33
43 6 44
8 1 7
4 1 49
68 2 44
108 1 7
84 2 77
108 2 32
19 1 24
22 2 1
5 1 1
4 2 32
3 1 22
0 1 25
63 1 71
? 1 github_java_program_data/11/164.java

34 1 61
39 1 35
15 1 13
27 1 7
63 1 1
3 2 19
25 1 18
8 1 11
22 2 23
54 1 32
31 2 40
1 2 8
40 2 31
61 1 35
104 1 35
18 1 11
7 2 11
44 1 35
39 2 61
25 1 82
32 1 67
7 1 6
18 2 24
44 1 71
3 1 1
3 2 22
9 1 16
7 1 32
17 2 14
19 1 18
35 1 43
27 2 32
35 1 40
7 1 23
51 1 9
23 2 3
36 2 31
30 2 37
33 2 47
3 1 25
9 1 82
44 1 4
13 1 15
11 1 1
3 2 4
24 1 7
35 1 17
33 1 35
32 1 54
1 2 62
49 1 13
32 1 44
54 1 71
11 1 6
39 1 32
51 1 13
44 1 3
82 2 1
79 2 104
32 1 63
1 2 35
32 1 11
63 1 35
44 1 32
21 2 17
12 1 11
7 1 3
62 1 51
40 1 42
22 2 3
31 2 34
2 2 1
29 2 32
7 1 35
24 1 11
22 2 6
32 1 21
43 1 11
1 1 22
27 1 11
3 2 12
17 2 21
43 6 63
20 2 22
68 1 35
40 1 39
14 1 13
26 2 22
13 1 71
35 1 64
11 1 10
3 1 8
4 1 51
38 1 30
65 1 35
67 1 30
25 1 71
35 1 36
21 2 65
13 1 1
51 2 49
3 5 1
24 2 18
1 2 19
104 1 71
65 2 31
49 1 9
54 1 3
62 1 49
24 1 22
14 2 21
3 2 25
62 2 32
62 2 35
35 1 11
82 2 2
14 2 34
17 2 40
44 1 2
34 1 27
6 2 23
40 1 30
43 1 7
63 2 44
35 1 25
26 1 1
31 2 21
2 1 1
9 1 1
3 2 8
3 2 23
1 2 16
44 1 5
54 1 4
64 6 63
23 2 1
104 1 1
5 1 3
9 1 2
34 1 42
44 1 1
68 1 82
11 1 22
32 1 17
65 1 27
71 2 1
47 1 34
36 1 29
9 1 3
20 2 23
79 1 3
15 1 9
9 1 5
67 2 21
11 1 20
29 1 27
12 1 7
32 1 34
1 4 3
63 1 5
63 1 82
15 1 11
63 1 32
20 1 1
1 1 8
8 1 7
44 1 62
7 1 22
27 2 28
32 1 41
11 1 3
27 2 35
26 1 25
40 1 33
32 1 7
20 1 19
31 1 7
9 1 71
11 1 23
3 2 62
1 2 4
31 1 11
38 1 15
67 1 35
21 2 43
2 2 3
18 1 7
38 1 37
22 2 26
24 1 3
13 1 82
23 2 22
25 1 1
24 1 1
27 2 39
13 1 2
22 2 20
41 1 38
2 1 3
68 1 1
44 2 63
71 2 2
23 2 26
1 2 12
35 1 7
40 1 47
3 4 1
32 1 64
1 1 12
82 2 71
47 2 42
1 2 25
4 1 49
1 5 3
25 1 24
10 2 23
21 2 31
35 1 65
37 1 11
27 2 33
32 1 43
63 1 62
35 1 68
38 2 35
23 2 20
3 2 35
1 1 23
3 2 26
7 1 1
7 1 20
3 1 23
15 2 27
68 1 4
65 1 32
35 1 31
3 1 12
32 1 36
33 2 61
7 1 10
64 1 11
1 2 32
3 2 16
30 2 39
14 2 31
41 2 31
35 1 21
26 2 23
24 1 23
44 2 25
41 1 35
13 1 3
63 1 3
26 1 19
6 2 22
13 1 16
34 1 39
1 1 3
63 1 2
1 2 22
63 1 4
22 2 10
5 2 3
11 1 26
34 1 30
4 2 35
23 2 10
1 2 23
31 2 36
61 1 32
3 7 1
35 1 63
14 1 9
35 1 34
21 1 7
32 1 14
21 1 11
82 2 5
71 2 5
13 1 5
1 7 3
36 1 32
17 2 54
40 1 61
42 1 32
28 1 7
30 1 7
7 1 26
20 1 3
45 1 104
29 1 15
31 2 43
15 1 7
71 2 3
23 2 6
65 2 40
40 1 27
32 1 40
36 2 21
25 1 32
16 1 11
43 6 44
5 2 1
31 2 41
54 2 63
26 1 3
33 2 42
30 2 35
64 6 44
20 1 25
17 1 9
45 1 79
49 2 51
33 1 32
17 1 13
64 1 7
14 2 68
34 1 33
10 2 22
42 1 35
4 2 32
30 1 11
35 1 14
16 1 7
14 2 17
3 2 15
35 1 44
34 2 21
68 2 44
32 1 31
15 2 30
19 1 24
11 2 7
22 2 1
5 1 1
17 2 65
9 1 15
3 1 22
29 1 28
30 2 33
? 1 github_java_program_data/11/179.java

34 1 61
39 1 35
1 1 23
27 1 7
63 1 1
3 2 19
14 2 34
22 2 23
0 1 3
18 1 23
16 2 30
61 1 35
10 2 23
14 2 21
31 2 64
36 1 32
7 1 6
44 1 71
17 2 67
1 2 15
17 2 14
19 1 18
6 2 23
7 1 23
45 1 46
23 2 3
31 2 17
30 2 37
9 1 82
44 1 4
13 1 15
11 1 1
24 1 7
18 1 1
3 2 22
63 2 44
44 1 32
64 1 11
3 7 1
40 1 42
22 2 3
65 2 64
24 1 11
43 6 44
68 2 63
25 1 3
20 2 22
32 1 63
40 1 39
41 1 38
4 1 51
38 1 30
16 1 9
13 1 1
51 2 49
35 1 21
25 2 14
73 1 30
62 1 49
44 1 82
108 1 3
82 2 2
17 2 40
44 1 2
22 2 26
38 2 35
26 1 1
63 1 3
9 1 1
3 2 23
17 2 21
17 2 44
5 1 3
9 1 2
34 1 42
11 1 22
32 1 17
1 2 19
32 1 21
9 1 3
82 2 71
15 1 9
9 1 5
29 1 27
32 1 34
63 1 5
63 1 82
38 1 16
34 1 47
63 1 32
7 1 22
52 1 40
1 2 16
0 2 82
27 2 35
26 1 25
40 1 33
44 1 109
71 2 3
3 2 62
79 2 25
67 1 35
11 1 76
39 1 11
18 1 22
24 1 3
13 1 82
11 1 26
3 2 4
15 2 30
44 2 63
34 2 31
21 2 34
31 2 21
47 2 42
25 1 24
40 2 43
30 2 33
32 2 30
18 1 3
39 2 42
76 2 23
68 1 32
35 1 73
23 2 10
25 1 82
36 1 35
7 1 10
21 2 17
46 2 79
24 2 18
1 2 35
1 2 4
34 1 39
1 1 3
11 1 3
1 2 22
63 1 4
76 1 39
1 4 3
40 2 17
109 2 71
61 1 32
14 1 9
21 1 7
32 1 14
21 1 11
82 2 5
71 2 5
13 1 5
43 6 63
40 1 61
42 1 32
76 1 27
82 2 3
30 1 7
29 1 28
20 1 3
29 1 15
31 2 43
15 1 7
23 2 6
40 1 27
34 1 52
2 2 1
5 2 1
31 2 41
26 1 3
41 1 32
64 6 44
20 1 1
109 1 3
16 2 27
49 2 51
33 1 32
104 1 32
14 2 40
34 1 33
30 1 11
79 1 1
4 1 49
3 2 15
35 1 44
34 2 17
32 1 31
1 2 62
16 1 13
19 1 24
9 1 15
3 1 22
63 1 71
73 1 32
44 2 14
108 2 19
1 1 25
25 1 18
19 2 32
31 2 14
45 1 86
5 1 71
18 1 11
44 1 35
32 1 67
3 1 1
45 1 25
9 1 16
1 7 3
15 1 11
35 1 43
35 1 40
51 1 9
33 2 52
0 1 1
30 2 32
3 1 25
21 2 36
35 1 17
11 1 23
49 1 13
71 2 1
11 1 6
39 1 32
51 1 13
44 1 3
63 1 35
32 1 40
29 1 16
46 1 1
7 1 3
62 1 51
22 2 104
3 4 1
22 2 6
86 1 1
43 1 11
67 1 27
1 1 22
27 1 11
47 1 40
44 1 62
14 1 13
26 2 22
13 1 71
35 1 64
11 1 10
32 1 43
25 1 71
35 1 36
22 2 76
86 2 79
49 1 9
35 1 31
1 2 23
67 2 64
2 1 82
62 2 32
62 2 35
42 1 35
38 1 37
14 2 25
33 2 47
34 1 27
40 1 30
43 1 7
35 1 25
71 2 82
2 1 1
1 1 19
64 6 63
44 1 5
23 2 1
18 2 24
21 2 14
36 2 31
36 1 29
44 1 1
29 2 32
9 1 71
20 2 23
79 1 3
17 1 13
65 1 32
21 2 64
2 1 71
68 1 62
104 1 19
27 2 28
32 1 41
20 1 19
31 1 7
33 1 35
104 1 108
31 1 11
38 1 15
2 2 3
18 1 7
3 5 1
65 1 30
68 1 71
13 1 2
22 2 20
2 1 3
11 1 104
68 1 1
71 2 2
23 2 26
76 1 42
32 1 64
30 2 39
1 2 25
17 2 31
21 2 31
35 1 65
16 1 7
63 1 62
35 1 68
29 2 35
23 2 20
3 2 35
7 1 1
7 1 20
3 1 23
15 2 27
25 1 35
33 2 61
14 2 31
41 1 35
13 1 3
40 2 14
26 1 19
6 2 22
13 1 16
26 2 23
22 2 10
27 2 39
34 1 30
4 2 35
1 5 3
31 2 36
11 1 20
35 1 63
35 1 34
5 2 3
23 2 22
79 2 46
17 1 9
7 1 26
27 2 33
63 1 0
3 2 25
52 2 61
16 1 11
28 1 11
17 2 34
42 1 7
3 2 16
33 2 42
20 1 25
45 1 79
5 1 1
1 2 6
64 1 7
37 1 7
10 2 22
25 1 1
35 1 14
32 1 36
14 2 17
18 1 10
35 1 41
14 2 65
63 1 2
40 2 21
17 2 68
22 2 1
38 2 32
4 2 32
32 1 48
? 1 github_java_program_data/11/181.java

34 1 61
39 1 35
17 2 43
27 1 7
63 1 1
27 2 37
62 2 32
3 2 19
25 1 18
8 1 11
34 2 14
23 2 7
45 1 86
16 2 30
61 1 35
10 2 23
18 1 11
31 2 64
44 1 35
39 2 61
36 1 32
7 1 6
44 1 71
3 1 1
3 2 22
45 1 25
1 2 15
9 1 16
17 2 14
40 1 33
19 1 18
65 2 34
35 1 43
27 2 32
35 1 40
7 1 23
51 1 9
23 2 3
31 2 17
30 2 37
17 2 65
35 1 31
44 1 4
13 1 15
11 1 1
22 2 26
24 1 7
35 1 17
33 1 35
25 1 32
23 2 6
1 2 62
49 1 13
32 1 44
71 2 1
11 1 6
39 1 32
51 1 13
82 2 1
17 2 44
63 2 44
36 2 34
63 1 35
44 1 32
29 1 16
44 2 104
21 2 17
12 1 11
7 1 3
62 1 51
40 1 42
22 2 3
31 2 40
14 2 21
29 2 32
3 4 1
24 1 11
22 2 6
43 1 11
1 1 22
27 1 11
3 2 12
17 2 21
14 2 43
32 1 63
40 1 39
14 1 13
13 1 71
32 1 104
41 1 38
11 1 10
1 4 3
14 2 41
3 1 8
9 1 1
38 1 30
65 1 35
67 1 30
25 1 71
35 1 36
13 1 1
14 2 64
24 2 18
1 2 19
3 2 16
49 1 9
36 2 31
67 1 32
62 1 49
44 1 82
14 2 36
41 2 40
62 2 35
82 2 2
27 2 35
17 2 40
44 1 2
34 1 27
6 2 23
40 1 30
43 1 7
3 5 1
38 2 35
26 1 1
40 2 14
71 2 82
2 1 1
4 1 51
18 2 24
3 2 23
1 2 16
44 1 5
64 6 63
23 2 1
3 2 8
9 1 2
36 1 29
34 1 42
44 1 1
11 1 22
63 1 32
32 1 17
65 1 27
32 1 21
16 2 27
9 1 3
31 2 21
9 1 5
11 1 20
29 1 27
32 1 34
21 2 64
63 1 5
63 1 82
15 1 11
1 1 3
20 1 1
51 2 49
1 1 8
8 1 7
7 1 22
40 2 64
104 2 63
104 1 32
11 1 3
17 2 63
15 2 30
26 1 25
35 1 14
1 2 22
20 1 19
31 1 7
28 1 23
11 1 23
44 2 25
3 2 62
86 2 25
31 1 11
38 1 15
104 1 1
21 2 43
11 2 23
2 2 3
44 2 63
18 1 7
38 1 37
13 1 82
14 2 67
42 1 35
27 2 39
13 1 2
22 2 20
86 1 3
2 1 3
32 1 25
32 1 67
71 2 2
23 2 26
1 2 12
34 2 31
21 2 31
21 2 34
32 1 64
1 1 12
30 2 28
82 2 71
30 2 39
1 2 25
17 2 31
25 1 24
35 1 65
16 1 7
27 2 33
32 1 43
63 1 62
39 2 42
23 2 20
1 1 23
7 1 1
7 1 20
3 1 23
15 2 27
28 1 7
65 1 32
9 1 82
3 1 12
33 2 61
7 1 10
64 1 11
1 2 32
34 2 40
14 2 31
41 2 31
35 1 21
5 1 3
41 1 35
13 1 3
63 1 3
1 2 4
17 2 36
13 1 16
29 1 30
34 1 39
12 1 7
63 1 2
38 1 16
22 2 10
5 2 3
11 1 26
34 1 30
4 2 35
23 2 10
65 2 21
1 2 23
61 1 32
3 7 1
14 1 9
35 1 34
21 1 7
32 1 14
21 1 11
82 2 5
71 2 5
13 1 5
43 6 63
31 2 43
104 1 82
40 1 61
42 1 32
30 1 7
25 2 63
7 1 26
20 1 3
1 7 3
29 1 15
40 2 43
15 1 7
30 2 33
32 1 65
40 1 27
32 1 40
2 2 1
16 1 11
43 6 44
28 1 11
17 2 34
5 2 1
30 2 32
26 1 3
67 2 31
33 2 42
64 6 44
35 1 64
17 1 9
3 2 25
1 2 8
49 2 51
33 1 32
17 1 13
64 1 7
37 1 7
14 2 40
34 1 33
10 2 22
25 1 1
1 5 3
4 2 32
30 1 11
4 1 49
32 1 36
14 2 17
3 2 15
35 1 41
32 1 31
27 2 28
14 2 65
16 1 13
19 1 24
22 2 1
5 1 1
9 1 15
3 1 22
29 1 28
63 1 71
38 1 27
? 1 github_java_program_data/11/183.java

34 1 61
39 1 35
68 1 32
27 1 7
63 1 1
3 2 19
25 1 18
8 1 11
22 2 23
31 2 40
1 2 8
16 2 30
61 1 35
104 1 35
18 1 11
39 2 61
3 1 23
47 1 34
7 1 6
18 2 24
3 1 1
1 2 15
9 1 16
17 2 14
19 1 18
68 2 25
35 1 43
35 1 40
7 1 23
51 1 9
23 2 3
36 2 31
30 2 37
22 2 26
9 1 82
1 2 23
13 1 15
11 1 1
3 2 4
24 1 7
35 1 17
33 1 35
1 2 62
49 1 13
3 2 22
71 2 1
33 2 47
11 1 6
16 1 13
51 1 13
33 2 61
36 2 34
63 1 35
44 1 32
29 1 16
3 7 1
12 1 11
7 1 3
62 1 51
40 1 42
22 2 3
29 2 32
30 2 33
24 1 11
22 2 6
45 1 104
1 1 22
27 1 11
3 2 12
41 2 21
20 2 22
44 1 62
40 1 39
14 1 13
16 1 7
41 1 38
11 1 10
3 1 8
4 1 51
38 1 30
65 1 35
16 1 9
26 2 23
13 1 1
51 2 49
24 2 18
1 2 19
104 1 71
49 1 9
35 1 31
62 1 49
3 4 1
44 1 82
14 2 21
3 2 25
62 2 32
1 2 35
10 2 23
14 2 34
23 2 10
34 1 27
17 2 21
40 1 30
43 1 7
63 2 44
35 1 25
26 1 1
2 1 1
9 1 1
3 2 8
3 2 23
1 2 16
44 1 5
23 2 1
104 1 1
9 1 2
36 1 29
34 1 42
44 1 1
11 1 22
40 1 33
65 1 27
32 1 67
16 2 27
9 1 3
20 2 23
82 2 71
9 1 5
67 2 21
17 1 13
29 1 27
12 1 7
32 1 34
1 4 3
63 1 5
15 1 11
63 1 32
20 1 1
1 1 8
8 1 7
7 1 22
27 2 28
32 1 41
63 1 2
27 2 35
26 1 25
32 1 17
1 2 22
20 1 19
68 1 3
31 1 7
9 1 71
11 1 23
31 1 11
67 1 35
2 2 3
18 1 7
38 1 37
13 1 82
3 5 1
27 2 39
68 1 71
13 1 2
22 2 20
2 1 3
44 2 63
71 2 2
1 2 12
34 2 31
40 1 47
21 2 34
32 1 64
1 1 12
30 2 28
31 2 21
47 2 42
6 2 23
4 1 49
1 5 3
25 1 24
21 2 31
35 1 65
37 1 11
27 2 33
32 1 43
35 1 68
39 2 42
29 2 35
38 2 35
23 2 20
1 1 23
7 1 1
7 1 20
25 1 82
68 1 4
25 1 35
1 2 25
3 1 12
36 1 35
7 1 10
32 1 21
3 2 16
30 2 39
67 1 30
35 1 21
5 1 3
41 1 35
13 1 3
63 1 3
1 2 4
6 2 22
13 1 16
29 1 30
34 1 39
1 1 3
11 1 3
38 1 16
63 1 4
22 2 10
5 2 3
11 1 26
34 1 30
4 2 35
65 2 21
64 6 63
31 2 36
11 1 20
35 1 63
14 1 9
35 1 34
21 1 7
32 1 14
21 1 11
82 2 5
71 2 5
13 1 5
36 1 32
40 1 61
42 1 32
28 1 7
25 2 44
30 1 7
7 1 26
20 1 3
1 7 3
15 1 7
71 2 3
23 2 6
65 2 40
40 1 27
32 1 40
2 2 1
16 1 11
28 1 11
5 2 1
31 2 41
26 1 3
41 1 32
30 2 35
17 1 9
82 2 1
38 2 32
49 2 51
33 1 32
64 1 7
37 1 7
14 2 40
34 1 33
43 6 44
25 1 1
4 2 32
30 1 11
35 1 14
32 1 36
14 2 17
3 2 15
35 1 44
35 1 41
32 1 31
39 1 32
19 1 24
17 2 68
22 2 1
5 1 1
17 2 65
9 1 15
3 1 22
29 1 28
63 1 71
? 1 github_java_program_data/11/189.java

39 1 35
1 4 3
27 1 7
63 1 1
3 2 19
25 1 18
22 2 23
18 1 11
31 2 64
44 1 35
39 2 61
7 1 6
44 1 71
3 1 1
45 1 25
1 2 15
9 1 16
1 7 3
19 1 18
35 1 43
35 1 40
7 1 23
51 1 9
23 2 3
92 1 62
17 2 65
35 1 31
44 1 4
13 1 15
11 1 1
22 2 26
24 1 7
35 1 17
35 1 92
49 1 13
3 2 22
71 2 1
11 1 6
44 1 3
63 1 35
44 1 32
3 7 1
7 1 3
62 1 51
23 2 1
22 2 3
65 2 64
24 1 11
22 2 6
33 2 42
1 1 22
27 1 11
108 2 35
44 1 62
40 1 39
14 1 13
26 2 22
13 1 71
71 2 2
9 1 1
65 1 35
25 1 71
1 2 108
13 1 1
92 1 32
3 2 4
3 2 16
116 1 98
49 1 9
35 2 62
62 1 49
3 4 1
44 1 82
14 2 21
3 2 25
62 2 32
62 2 35
42 1 35
82 2 2
17 2 40
44 1 2
34 1 27
43 1 7
3 5 1
116 1 35
26 1 1
71 2 82
2 1 1
4 1 51
3 2 23
44 1 5
98 1 32
64 6 63
17 2 21
9 1 2
5 1 3
34 1 42
44 1 1
68 1 82
11 1 22
25 1 108
32 1 17
1 2 19
32 1 21
9 1 3
20 2 23
79 1 3
9 1 5
11 1 20
98 1 4
62 1 32
63 1 5
63 1 82
15 1 11
63 1 32
20 1 1
68 1 35
7 1 22
1 2 16
26 1 25
35 1 14
20 1 19
68 1 3
31 1 7
9 1 71
11 1 23
92 1 35
31 1 11
14 2 92
2 2 3
18 1 7
6 2 23
23 2 22
65 1 30
48 1 62
13 1 2
22 2 20
2 1 3
44 2 63
11 1 10
23 2 26
21 2 31
21 2 34
32 1 64
82 2 71
92 1 48
1 2 25
1 5 3
25 1 24
60 1 32
27 2 33
30 2 33
63 1 62
35 1 68
35 1 60
32 2 48
27 2 39
23 2 20
1 1 23
7 1 1
7 1 20
3 1 23
45 1 46
48 1 35
9 1 82
25 1 35
63 2 44
7 1 10
64 1 11
14 2 31
35 1 21
46 1 3
13 1 3
1 2 4
13 1 16
14 2 60
1 1 3
11 1 3
1 2 22
63 1 4
5 2 3
11 1 26
34 1 30
4 2 35
23 2 10
1 2 23
61 1 32
35 1 63
14 1 9
35 1 34
21 1 7
32 1 14
21 1 11
82 2 5
71 2 5
13 1 5
32 1 92
46 2 25
79 2 46
40 1 61
68 1 4
82 2 3
30 1 7
7 1 26
20 1 3
31 2 21
60 2 17
15 1 7
23 2 6
32 1 65
40 1 27
45 1 79
2 2 1
16 1 11
17 2 34
5 2 1
7 1 3
26 1 3
46 2 79
2 1 82
30 2 35
64 6 44
17 1 9
82 2 1
33 1 32
17 1 13
32 1 34
34 1 33
25 1 1
4 2 32
30 1 11
4 1 49
16 1 7
14 2 17
3 2 15
35 1 44
35 2 98
68 2 44
108 1 7
32 1 31
1 2 62
35 1 116
19 1 24
17 2 68
22 2 1
5 1 1
9 1 15
3 1 22
63 1 71
? 1 github_java_program_data/11/191.java

39 1 35
63 1 1
1 1 25
40 2 34
22 2 23
3 2 78
0 1 3
84 1 5
10 2 23
18 1 11
7 1 20
44 1 35
26 1 3
3 1 23
7 1 6
18 2 24
3 1 1
3 2 62
17 2 14
19 1 18
78 1 1
35 1 43
35 1 40
32 1 77
51 1 9
23 2 3
0 1 1
22 2 26
3 1 25
9 1 82
44 1 4
77 1 62
11 1 1
3 2 4
24 1 7
56 1 11
71 2 3
25 1 32
18 1 1
49 1 13
3 2 22
71 2 1
84 1 1
11 1 6
51 1 13
44 1 3
63 1 35
44 1 32
3 7 1
12 1 11
7 1 3
62 1 51
23 2 1
22 2 3
3 4 1
24 1 11
1 2 8
43 1 11
1 1 22
27 1 11
25 1 3
68 1 35
14 1 32
40 1 39
13 1 71
77 1 1
35 1 64
109 1 1
3 1 8
4 1 51
3 2 12
3 2 8
1 2 32
13 1 1
51 1 3
24 2 18
82 2 5
49 1 9
62 1 49
44 1 82
3 2 25
62 2 32
62 2 35
82 2 2
104 1 3
22 2 6
23 2 10
34 1 27
40 1 30
6 2 23
35 1 25
26 1 1
2 1 1
9 1 1
1 1 19
3 2 23
44 1 5
64 6 63
3 2 108
1 2 4
9 1 2
5 1 3
44 1 1
14 2 68
11 1 22
25 1 108
35 1 14
9 1 71
82 2 1
14 2 25
9 1 3
31 2 21
5 1 82
17 1 13
68 1 71
12 1 7
1 4 3
63 1 5
68 1 62
63 1 32
20 1 1
51 2 49
33 1 32
45 1 104
32 1 63
7 1 22
0 2 71
3 1 62
11 1 3
71 2 2
32 1 17
44 1 109
20 1 19
51 1 1
31 1 7
1 2 19
11 1 23
35 1 87
109 2 82
31 1 11
14 2 14
2 2 3
18 1 7
49 1 3
24 1 3
3 5 1
24 1 1
2 1 50
7 1 1
13 1 2
22 2 20
2 1 3
68 1 1
44 2 63
11 1 10
1 2 12
34 2 31
21 2 31
32 1 64
1 1 12
84 1 4
87 1 7
1 5 3
25 1 24
9 1 5
27 2 33
32 1 43
63 1 62
18 1 3
77 1 5
7 1 23
3 2 35
1 1 23
7 1 1
68 1 0
25 1 82
35 1 31
3 1 12
63 2 44
7 1 10
64 1 11
30 2 39
35 1 21
3 2 19
13 1 3
63 1 3
26 1 19
1 2 25
3 1 19
34 2 43
1 1 3
63 1 2
1 2 22
32 1 68
5 2 3
11 1 26
4 2 35
35 1 14
14 1 1
1 2 23
1 1 4
14 1 9
35 1 34
21 1 7
32 1 14
23 2 22
51 1 78
13 1 5
71 2 5
77 2 84
3 1 4
109 1 3
82 2 3
30 1 7
20 1 3
32 1 84
1 7 3
3 2 50
63 1 0
14 1 71
32 1 44
2 2 1
32 1 56
5 2 1
104 1 71
2 1 82
20 1 25
1 2 62
84 1 2
104 1 35
64 1 7
1 1 8
34 1 33
43 6 44
8 1 7
4 1 49
68 2 44
108 1 7
84 2 77
108 2 32
19 1 24
22 2 1
5 1 1
4 2 32
3 1 22
0 1 25
63 1 71
? 1 github_java_program_data/11/194.java

34 1 61
68 1 32
27 1 7
63 1 1
3 2 19
25 1 18
3 2 108
45 1 86
18 1 11
44 1 35
47 1 34
7 1 6
44 1 71
3 1 1
45 1 25
1 2 15
9 1 16
32 1 40
19 1 18
78 1 1
35 1 43
35 1 40
7 1 23
23 2 3
1 1 25
33 2 47
3 1 25
9 1 82
1 2 23
1 1 4
11 1 1
3 2 4
24 1 7
35 1 17
33 1 35
18 1 1
23 2 10
3 2 22
11 1 6
39 1 32
51 1 13
44 1 3
63 2 44
63 1 35
44 1 32
7 1 3
62 1 51
40 1 42
22 2 3
20 1 1
3 4 1
24 1 11
3 2 78
1 1 22
27 1 11
108 2 35
25 1 3
2 1 71
44 1 62
40 1 39
26 2 22
109 1 1
9 1 1
25 1 71
26 2 23
13 1 1
51 1 3
35 1 21
3 2 16
49 1 9
34 2 21
44 1 0
44 1 82
62 2 32
62 2 35
82 2 2
49 1 3
22 2 6
44 1 2
34 1 27
40 1 30
43 1 7
26 1 1
71 2 82
2 1 1
4 1 51
1 1 19
3 2 23
1 2 16
44 1 5
64 6 63
17 2 21
26 1 19
9 1 2
5 1 3
44 1 1
11 1 22
25 1 108
35 1 14
1 2 19
32 1 21
9 1 3
20 2 23
9 1 5
11 1 20
68 1 71
1 4 3
63 1 5
63 1 82
20 2 22
63 1 32
23 2 1
21 2 40
7 1 22
11 1 3
0 2 82
26 1 25
40 1 33
20 1 19
68 1 3
31 1 7
9 1 71
11 1 23
20 1 25
3 2 62
86 2 25
31 1 11
13 1 15
2 2 3
17 2 14
18 1 7
24 1 3
13 1 82
3 5 1
24 1 1
7 1 1
13 1 2
86 1 3
2 1 3
44 2 63
11 1 10
40 1 47
21 2 34
32 1 64
30 2 39
1 2 25
1 5 3
25 1 24
27 2 33
71 2 2
35 1 68
18 1 3
39 2 42
63 1 109
23 2 20
1 1 23
7 1 1
7 1 20
3 1 23
68 1 4
35 1 31
25 1 35
3 1 19
33 2 61
7 1 10
64 1 11
47 2 42
0 1 1
13 1 3
63 1 3
1 2 4
34 1 39
1 1 3
63 1 2
1 2 22
63 1 4
22 2 10
5 2 3
11 1 26
34 1 30
4 2 35
109 2 71
61 1 32
35 1 63
14 1 9
35 1 34
21 1 7
21 1 11
82 2 5
51 1 78
13 1 5
22 2 26
30 1 7
7 1 26
20 1 3
1 7 3
15 1 7
71 2 3
23 2 6
40 1 27
3 2 25
2 2 1
16 1 11
5 2 1
26 1 3
64 6 44
3 1 62
1 2 62
17 1 13
34 1 33
43 6 44
42 1 35
30 1 11
4 1 49
14 2 17
62 1 49
35 1 44
68 2 44
108 1 7
32 1 31
40 2 21
19 1 24
17 2 68
22 2 1
5 1 1
4 2 32
3 1 22
63 1 71
? 1 github_java_program_data/11/212.java

39 1 35
63 1 1
1 1 25
40 2 34
22 2 23
3 2 78
0 1 3
84 1 5
10 2 23
18 1 11
7 1 20
44 1 35
26 1 3
3 1 23
7 1 6
18 2 24
3 1 1
3 2 62
17 2 14
19 1 18
78 1 1
35 1 43
35 1 40
32 1 77
51 1 9
23 2 3
0 1 1
22 2 26
3 1 25
9 1 82
44 1 4
77 1 62
11 1 1
3 2 4
24 1 7
56 1 11
71 2 3
25 1 32
18 1 1
49 1 13
3 2 22
71 2 1
84 1 1
11 1 6
51 1 13
44 1 3
63 1 35
44 1 32
3 7 1
12 1 11
7 1 3
62 1 51
23 2 1
22 2 3
3 4 1
24 1 11
1 2 8
43 1 11
1 1 22
27 1 11
25 1 3
68 1 35
14 1 32
40 1 39
13 1 71
77 1 1
35 1 64
109 1 1
3 1 8
4 1 51
3 2 12
3 2 8
1 2 32
13 1 1
51 1 3
24 2 18
82 2 5
49 1 9
62 1 49
44 1 82
3 2 25
62 2 32
62 2 35
82 2 2
104 1 3
22 2 6
23 2 10
34 1 27
40 1 30
6 2 23
35 1 25
26 1 1
2 1 1
9 1 1
1 1 19
3 2 23
44 1 5
64 6 63
3 2 108
1 2 4
9 1 2
5 1 3
44 1 1
14 2 68
11 1 22
25 1 108
35 1 14
9 1 71
82 2 1
14 2 25
9 1 3
31 2 21
5 1 82
17 1 13
68 1 71
12 1 7
1 4 3
63 1 5
68 1 62
63 1 32
20 1 1
51 2 49
33 1 32
45 1 104
32 1 63
7 1 22
0 2 71
3 1 62
11 1 3
71 2 2
32 1 17
44 1 109
20 1 19
51 1 1
31 1 7
1 2 19
11 1 23
35 1 87
109 2 82
31 1 11
14 2 14
2 2 3
18 1 7
49 1 3
24 1 3
3 5 1
24 1 1
2 1 50
7 1 1
13 1 2
22 2 20
2 1 3
68 1 1
44 2 63
11 1 10
1 2 12
34 2 31
21 2 31
32 1 64
1 1 12
84 1 4
87 1 7
1 5 3
25 1 24
9 1 5
27 2 33
32 1 43
63 1 62
18 1 3
77 1 5
7 1 23
3 2 35
1 1 23
7 1 1
68 1 0
25 1 82
35 1 31
3 1 12
63 2 44
7 1 10
64 1 11
30 2 39
35 1 21
3 2 19
13 1 3
63 1 3
26 1 19
1 2 25
3 1 19
34 2 43
1 1 3
63 1 2
1 2 22
32 1 68
5 2 3
11 1 26
4 2 35
35 1 14
14 1 1
1 2 23
1 1 4
14 1 9
35 1 34
21 1 7
32 1 14
23 2 22
51 1 78
13 1 5
71 2 5
77 2 84
3 1 4
109 1 3
82 2 3
30 1 7
20 1 3
32 1 84
1 7 3
3 2 50
63 1 0
14 1 71
32 1 44
2 2 1
32 1 56
5 2 1
104 1 71
2 1 82
20 1 25
1 2 62
84 1 2
104 1 35
64 1 7
1 1 8
34 1 33
43 6 44
8 1 7
4 1 49
68 2 44
108 1 7
84 2 77
108 2 32
19 1 24
22 2 1
5 1 1
4 2 32
3 1 22
0 1 25
63 1 71
? 1 github_java_program_data/11/224.java

34 1 61
68 1 32
27 1 7
63 1 1
3 2 19
25 1 18
3 2 108
45 1 86
18 1 11
44 1 35
47 1 34
7 1 6
44 1 71
3 1 1
45 1 25
1 2 15
9 1 16
32 1 40
19 1 18
78 1 1
35 1 43
35 1 40
7 1 23
23 2 3
1 1 25
33 2 47
3 1 25
9 1 82
1 2 23
1 1 4
11 1 1
3 2 4
24 1 7
35 1 17
33 1 35
18 1 1
23 2 10
3 2 22
11 1 6
39 1 32
51 1 13
44 1 3
63 2 44
63 1 35
44 1 32
7 1 3
62 1 51
40 1 42
22 2 3
20 1 1
3 4 1
24 1 11
3 2 78
1 1 22
27 1 11
108 2 35
25 1 3
2 1 71
44 1 62
40 1 39
26 2 22
109 1 1
9 1 1
25 1 71
26 2 23
13 1 1
51 1 3
35 1 21
3 2 16
49 1 9
34 2 21
44 1 0
44 1 82
62 2 32
62 2 35
82 2 2
49 1 3
22 2 6
44 1 2
34 1 27
40 1 30
43 1 7
26 1 1
71 2 82
2 1 1
4 1 51
1 1 19
3 2 23
1 2 16
44 1 5
64 6 63
17 2 21
26 1 19
9 1 2
5 1 3
44 1 1
11 1 22
25 1 108
35 1 14
1 2 19
32 1 21
9 1 3
20 2 23
9 1 5
11 1 20
68 1 71
1 4 3
63 1 5
63 1 82
20 2 22
63 1 32
23 2 1
21 2 40
7 1 22
11 1 3
0 2 82
26 1 25
40 1 33
20 1 19
68 1 3
31 1 7
9 1 71
11 1 23
20 1 25
3 2 62
86 2 25
31 1 11
13 1 15
2 2 3
17 2 14
18 1 7
24 1 3
13 1 82
3 5 1
24 1 1
7 1 1
13 1 2
86 1 3
2 1 3
44 2 63
11 1 10
40 1 47
21 2 34
32 1 64
30 2 39
1 2 25
1 5 3
25 1 24
27 2 33
71 2 2
35 1 68
18 1 3
39 2 42
63 1 109
23 2 20
1 1 23
7 1 1
7 1 20
3 1 23
68 1 4
35 1 31
25 1 35
3 1 19
33 2 61
7 1 10
64 1 11
47 2 42
0 1 1
13 1 3
63 1 3
1 2 4
34 1 39
1 1 3
63 1 2
1 2 22
63 1 4
22 2 10
5 2 3
11 1 26
34 1 30
4 2 35
109 2 71
61 1 32
35 1 63
14 1 9
35 1 34
21 1 7
21 1 11
82 2 5
51 1 78
13 1 5
22 2 26
30 1 7
7 1 26
20 1 3
1 7 3
15 1 7
71 2 3
23 2 6
40 1 27
3 2 25
2 2 1
16 1 11
5 2 1
26 1 3
64 6 44
3 1 62
1 2 62
17 1 13
34 1 33
43 6 44
42 1 35
30 1 11
4 1 49
14 2 17
62 1 49
35 1 44
68 2 44
108 1 7
32 1 31
40 2 21
19 1 24
17 2 68
22 2 1
5 1 1
4 2 32
3 1 22
63 1 71
? 1 github_java_program_data/11/242.java

39 1 35
63 1 1
1 1 25
40 2 34
22 2 23
3 2 78
0 1 3
84 1 5
10 2 23
18 1 11
7 1 20
44 1 35
26 1 3
3 1 23
7 1 6
18 2 24
3 1 1
3 2 62
17 2 14
19 1 18
78 1 1
35 1 43
35 1 40
32 1 77
51 1 9
23 2 3
0 1 1
22 2 26
3 1 25
9 1 82
44 1 4
77 1 62
11 1 1
3 2 4
24 1 7
56 1 11
71 2 3
25 1 32
18 1 1
49 1 13
3 2 22
71 2 1
84 1 1
11 1 6
51 1 13
44 1 3
63 1 35
44 1 32
3 7 1
12 1 11
7 1 3
62 1 51
23 2 1
22 2 3
3 4 1
24 1 11
1 2 8
43 1 11
1 1 22
27 1 11
25 1 3
68 1 35
14 1 32
40 1 39
13 1 71
77 1 1
35 1 64
109 1 1
3 1 8
4 1 51
3 2 12
3 2 8
1 2 32
13 1 1
51 1 3
24 2 18
82 2 5
49 1 9
62 1 49
44 1 82
3 2 25
62 2 32
62 2 35
82 2 2
104 1 3
22 2 6
23 2 10
34 1 27
40 1 30
6 2 23
35 1 25
26 1 1
2 1 1
9 1 1
1 1 19
3 2 23
44 1 5
64 6 63
3 2 108
1 2 4
9 1 2
5 1 3
44 1 1
14 2 68
11 1 22
25 1 108
35 1 14
9 1 71
82 2 1
14 2 25
9 1 3
31 2 21
5 1 82
17 1 13
68 1 71
12 1 7
1 4 3
63 1 5
68 1 62
63 1 32
20 1 1
51 2 49
33 1 32
45 1 104
32 1 63
7 1 22
0 2 71
3 1 62
11 1 3
71 2 2
32 1 17
44 1 109
20 1 19
51 1 1
31 1 7
1 2 19
11 1 23
35 1 87
109 2 82
31 1 11
14 2 14
2 2 3
18 1 7
49 1 3
24 1 3
3 5 1
24 1 1
2 1 50
7 1 1
13 1 2
22 2 20
2 1 3
68 1 1
44 2 63
11 1 10
1 2 12
34 2 31
21 2 31
32 1 64
1 1 12
84 1 4
87 1 7
1 5 3
25 1 24
9 1 5
27 2 33
32 1 43
63 1 62
18 1 3
77 1 5
7 1 23
3 2 35
1 1 23
7 1 1
68 1 0
25 1 82
35 1 31
3 1 12
63 2 44
7 1 10
64 1 11
30 2 39
35 1 21
3 2 19
13 1 3
63 1 3
26 1 19
1 2 25
3 1 19
34 2 43
1 1 3
63 1 2
1 2 22
32 1 68
5 2 3
11 1 26
4 2 35
35 1 14
14 1 1
1 2 23
1 1 4
14 1 9
35 1 34
21 1 7
32 1 14
23 2 22
51 1 78
13 1 5
71 2 5
77 2 84
3 1 4
109 1 3
82 2 3
30 1 7
20 1 3
32 1 84
1 7 3
3 2 50
63 1 0
14 1 71
32 1 44
2 2 1
32 1 56
5 2 1
104 1 71
2 1 82
20 1 25
1 2 62
84 1 2
104 1 35
64 1 7
1 1 8
34 1 33
43 6 44
8 1 7
4 1 49
68 2 44
108 1 7
84 2 77
108 2 32
19 1 24
22 2 1
5 1 1
4 2 32
3 1 22
0 1 25
63 1 71
? 1 github_java_program_data/11/254.java

1 1 23
63 1 1
27 2 37
3 2 19
25 1 18
8 1 11
22 2 23
1 2 8
76 2 22
54 1 1
18 1 11
31 2 64
26 1 3
3 1 23
7 1 6
3 1 1
1 2 15
17 2 14
19 1 18
28 1 7
7 1 23
33 1 11
45 1 46
23 2 3
9 1 82
1 2 23
11 1 1
3 2 4
24 1 7
35 1 17
71 2 3
25 1 32
1 2 62
49 1 13
3 2 22
54 1 71
11 1 6
51 1 13
44 1 32
29 1 16
3 7 1
12 1 11
7 1 3
62 1 51
23 2 1
22 2 3
7 1 26
30 2 33
24 1 11
22 2 6
1 1 22
27 1 11
25 1 3
20 2 22
44 1 62
14 1 13
41 1 38
11 1 10
4 2 52
52 1 24
8 1 7
3 1 8
54 1 35
3 2 12
16 1 9
31 2 41
26 2 23
13 1 1
82 2 32
3 2 16
49 1 9
16 2 27
3 4 1
44 1 82
62 2 35
82 2 2
32 1 54
41 2 21
22 2 26
43 1 7
35 1 25
26 1 1
76 1 30
11 1 76
9 1 1
3 2 23
1 2 16
44 1 5
17 2 21
3 2 8
9 1 2
5 1 3
44 1 1
11 1 22
35 1 14
1 2 19
71 2 1
32 1 21
36 1 29
9 1 3
79 1 3
9 1 5
17 1 13
29 1 27
1 4 3
15 1 11
63 1 32
20 1 1
1 1 8
45 1 104
36 2 21
7 1 22
27 2 28
32 1 41
11 1 3
26 1 25
32 1 17
1 2 22
20 1 19
68 1 3
31 1 7
11 1 23
31 1 11
2 2 3
18 1 7
38 1 37
63 2 25
3 5 1
68 1 71
13 1 2
22 2 20
2 1 3
52 2 32
44 2 63
71 2 2
23 2 26
1 2 12
54 1 62
76 1 42
32 1 64
1 1 12
2 1 1
31 2 21
1 2 25
1 5 3
25 1 24
21 2 31
63 1 52
16 1 7
32 1 43
3 2 32
35 1 68
29 2 35
38 2 35
23 2 20
68 1 32
7 1 1
7 1 20
25 1 82
68 1 4
35 1 31
3 1 12
36 1 35
7 1 10
62 2 82
17 2 54
35 1 21
46 1 3
1 2 35
41 1 35
13 1 3
1 2 4
6 2 22
13 1 16
12 1 7
63 1 2
38 1 16
63 1 4
22 2 10
21 1 7
11 1 26
64 6 63
31 2 36
11 1 20
35 1 63
14 1 9
1 1 3
5 2 3
32 1 14
21 1 11
82 2 5
13 1 5
79 2 46
17 1 9
82 2 3
30 1 7
44 1 82
20 1 3
1 7 3
31 2 43
15 1 7
23 2 6
3 2 25
2 2 1
16 1 11
43 6 44
5 2 1
42 1 7
104 1 71
46 2 79
33 2 42
82 1 18
45 1 79
76 1 33
104 1 35
64 1 7
37 1 7
104 1 1
10 2 22
4 2 32
46 2 104
4 1 49
32 1 36
23 2 76
14 2 17
3 2 15
35 1 44
68 2 44
32 1 31
19 1 24
17 2 68
22 2 1
5 1 1
9 1 15
3 1 22
29 1 28
63 1 71
38 1 27
? 1 github_java_program_data/11/28.java

39 1 35
63 1 1
1 1 25
40 2 34
22 2 23
3 2 78
0 1 3
84 1 5
10 2 23
18 1 11
7 1 20
44 1 35
26 1 3
3 1 23
7 1 6
18 2 24
3 1 1
3 2 62
17 2 14
19 1 18
78 1 1
35 1 43
35 1 40
32 1 77
51 1 9
23 2 3
0 1 1
22 2 26
3 1 25
9 1 82
44 1 4
77 1 62
11 1 1
3 2 4
24 1 7
56 1 11
71 2 3
25 1 32
18 1 1
49 1 13
3 2 22
71 2 1
84 1 1
11 1 6
51 1 13
44 1 3
63 1 35
44 1 32
3 7 1
12 1 11
7 1 3
62 1 51
23 2 1
22 2 3
3 4 1
24 1 11
1 2 8
43 1 11
1 1 22
27 1 11
25 1 3
68 1 35
14 1 32
40 1 39
13 1 71
77 1 1
35 1 64
109 1 1
3 1 8
4 1 51
3 2 12
3 2 8
1 2 32
13 1 1
51 1 3
24 2 18
82 2 5
49 1 9
62 1 49
44 1 82
3 2 25
62 2 32
62 2 35
82 2 2
104 1 3
22 2 6
23 2 10
34 1 27
40 1 30
6 2 23
35 1 25
26 1 1
2 1 1
9 1 1
1 1 19
3 2 23
44 1 5
64 6 63
3 2 108
1 2 4
9 1 2
5 1 3
44 1 1
14 2 68
11 1 22
25 1 108
35 1 14
9 1 71
82 2 1
14 2 25
9 1 3
31 2 21
5 1 82
17 1 13
68 1 71
12 1 7
1 4 3
63 1 5
68 1 62
63 1 32
20 1 1
51 2 49
33 1 32
45 1 104
32 1 63
7 1 22
0 2 71
3 1 62
11 1 3
71 2 2
32 1 17
44 1 109
20 1 19
51 1 1
31 1 7
1 2 19
11 1 23
35 1 87
109 2 82
31 1 11
14 2 14
2 2 3
18 1 7
49 1 3
24 1 3
3 5 1
24 1 1
2 1 50
7 1 1
13 1 2
22 2 20
2 1 3
68 1 1
44 2 63
11 1 10
1 2 12
34 2 31
21 2 31
32 1 64
1 1 12
84 1 4
87 1 7
1 5 3
25 1 24
9 1 5
27 2 33
32 1 43
63 1 62
18 1 3
77 1 5
7 1 23
3 2 35
1 1 23
7 1 1
68 1 0
25 1 82
35 1 31
3 1 12
63 2 44
7 1 10
64 1 11
30 2 39
35 1 21
3 2 19
13 1 3
63 1 3
26 1 19
1 2 25
3 1 19
34 2 43
1 1 3
63 1 2
1 2 22
32 1 68
5 2 3
11 1 26
4 2 35
35 1 14
14 1 1
1 2 23
1 1 4
14 1 9
35 1 34
21 1 7
32 1 14
23 2 22
51 1 78
13 1 5
71 2 5
77 2 84
3 1 4
109 1 3
82 2 3
30 1 7
20 1 3
32 1 84
1 7 3
3 2 50
63 1 0
14 1 71
32 1 44
2 2 1
32 1 56
5 2 1
104 1 71
2 1 82
20 1 25
1 2 62
84 1 2
104 1 35
64 1 7
1 1 8
34 1 33
43 6 44
8 1 7
4 1 49
68 2 44
108 1 7
84 2 77
108 2 32
19 1 24
22 2 1
5 1 1
4 2 32
3 1 22
0 1 25
63 1 71
? 1 github_java_program_data/11/284.java

39 1 35
63 1 1
1 1 25
40 2 34
22 2 23
3 2 78
0 1 3
84 1 5
10 2 23
18 1 11
7 1 20
44 1 35
26 1 3
3 1 23
7 1 6
18 2 24
3 1 1
3 2 62
17 2 14
19 1 18
78 1 1
35 1 43
35 1 40
32 1 77
51 1 9
23 2 3
0 1 1
22 2 26
3 1 25
9 1 82
44 1 4
77 1 62
11 1 1
3 2 4
24 1 7
56 1 11
71 2 3
25 1 32
18 1 1
49 1 13
3 2 22
71 2 1
84 1 1
11 1 6
51 1 13
44 1 3
63 1 35
44 1 32
3 7 1
12 1 11
7 1 3
62 1 51
23 2 1
22 2 3
3 4 1
24 1 11
1 2 8
43 1 11
1 1 22
27 1 11
25 1 3
68 1 35
14 1 32
40 1 39
13 1 71
77 1 1
35 1 64
109 1 1
3 1 8
4 1 51
3 2 12
3 2 8
1 2 32
13 1 1
51 1 3
24 2 18
82 2 5
49 1 9
62 1 49
44 1 82
3 2 25
62 2 32
62 2 35
82 2 2
104 1 3
22 2 6
23 2 10
34 1 27
40 1 30
6 2 23
35 1 25
26 1 1
2 1 1
9 1 1
1 1 19
3 2 23
44 1 5
64 6 63
3 2 108
1 2 4
9 1 2
5 1 3
44 1 1
14 2 68
11 1 22
25 1 108
35 1 14
9 1 71
82 2 1
14 2 25
9 1 3
31 2 21
5 1 82
17 1 13
68 1 71
12 1 7
1 4 3
63 1 5
68 1 62
63 1 32
20 1 1
51 2 49
33 1 32
45 1 104
32 1 63
7 1 22
0 2 71
3 1 62
11 1 3
71 2 2
32 1 17
44 1 109
20 1 19
51 1 1
31 1 7
1 2 19
11 1 23
35 1 87
109 2 82
31 1 11
14 2 14
2 2 3
18 1 7
49 1 3
24 1 3
3 5 1
24 1 1
2 1 50
7 1 1
13 1 2
22 2 20
2 1 3
68 1 1
44 2 63
11 1 10
1 2 12
34 2 31
21 2 31
32 1 64
1 1 12
84 1 4
87 1 7
1 5 3
25 1 24
9 1 5
27 2 33
32 1 43
63 1 62
18 1 3
77 1 5
7 1 23
3 2 35
1 1 23
7 1 1
68 1 0
25 1 82
35 1 31
3 1 12
63 2 44
7 1 10
64 1 11
30 2 39
35 1 21
3 2 19
13 1 3
63 1 3
26 1 19
1 2 25
3 1 19
34 2 43
1 1 3
63 1 2
1 2 22
32 1 68
5 2 3
11 1 26
4 2 35
35 1 14
14 1 1
1 2 23
1 1 4
14 1 9
35 1 34
21 1 7
32 1 14
23 2 22
51 1 78
13 1 5
71 2 5
77 2 84
3 1 4
109 1 3
82 2 3
30 1 7
20 1 3
32 1 84
1 7 3
3 2 50
63 1 0
14 1 71
32 1 44
2 2 1
32 1 56
5 2 1
104 1 71
2 1 82
20 1 25
1 2 62
84 1 2
104 1 35
64 1 7
1 1 8
34 1 33
43 6 44
8 1 7
4 1 49
68 2 44
108 1 7
84 2 77
108 2 32
19 1 24
22 2 1
5 1 1
4 2 32
3 1 22
0 1 25
63 1 71
? 1 github_java_program_data/11/314.java

34 1 61
68 1 32
27 1 7
63 1 1
3 2 19
25 1 18
3 2 108
45 1 86
18 1 11
44 1 35
47 1 34
7 1 6
44 1 71
3 1 1
45 1 25
1 2 15
9 1 16
32 1 40
19 1 18
78 1 1
35 1 43
35 1 40
7 1 23
23 2 3
1 1 25
33 2 47
3 1 25
9 1 82
1 2 23
1 1 4
11 1 1
3 2 4
24 1 7
35 1 17
33 1 35
18 1 1
23 2 10
3 2 22
11 1 6
39 1 32
51 1 13
44 1 3
63 2 44
63 1 35
44 1 32
7 1 3
62 1 51
40 1 42
22 2 3
20 1 1
3 4 1
24 1 11
3 2 78
1 1 22
27 1 11
108 2 35
25 1 3
2 1 71
44 1 62
40 1 39
26 2 22
109 1 1
9 1 1
25 1 71
26 2 23
13 1 1
51 1 3
35 1 21
3 2 16
49 1 9
34 2 21
44 1 0
44 1 82
62 2 32
62 2 35
82 2 2
49 1 3
22 2 6
44 1 2
34 1 27
40 1 30
43 1 7
26 1 1
71 2 82
2 1 1
4 1 51
1 1 19
3 2 23
1 2 16
44 1 5
64 6 63
17 2 21
26 1 19
9 1 2
5 1 3
44 1 1
11 1 22
25 1 108
35 1 14
1 2 19
32 1 21
9 1 3
20 2 23
9 1 5
11 1 20
68 1 71
1 4 3
63 1 5
63 1 82
20 2 22
63 1 32
23 2 1
21 2 40
7 1 22
11 1 3
0 2 82
26 1 25
40 1 33
20 1 19
68 1 3
31 1 7
9 1 71
11 1 23
20 1 25
3 2 62
86 2 25
31 1 11
13 1 15
2 2 3
17 2 14
18 1 7
24 1 3
13 1 82
3 5 1
24 1 1
7 1 1
13 1 2
86 1 3
2 1 3
44 2 63
11 1 10
40 1 47
21 2 34
32 1 64
30 2 39
1 2 25
1 5 3
25 1 24
27 2 33
71 2 2
35 1 68
18 1 3
39 2 42
63 1 109
23 2 20
1 1 23
7 1 1
7 1 20
3 1 23
68 1 4
35 1 31
25 1 35
3 1 19
33 2 61
7 1 10
64 1 11
47 2 42
0 1 1
13 1 3
63 1 3
1 2 4
34 1 39
1 1 3
63 1 2
1 2 22
63 1 4
22 2 10
5 2 3
11 1 26
34 1 30
4 2 35
109 2 71
61 1 32
35 1 63
14 1 9
35 1 34
21 1 7
21 1 11
82 2 5
51 1 78
13 1 5
22 2 26
30 1 7
7 1 26
20 1 3
1 7 3
15 1 7
71 2 3
23 2 6
40 1 27
3 2 25
2 2 1
16 1 11
5 2 1
26 1 3
64 6 44
3 1 62
1 2 62
17 1 13
34 1 33
43 6 44
42 1 35
30 1 11
4 1 49
14 2 17
62 1 49
35 1 44
68 2 44
108 1 7
32 1 31
40 2 21
19 1 24
17 2 68
22 2 1
5 1 1
4 2 32
3 1 22
63 1 71
? 1 github_java_program_data/11/32.java

39 1 35
63 1 1
1 1 25
40 2 34
22 2 23
3 2 78
0 1 3
84 1 5
10 2 23
18 1 11
7 1 20
44 1 35
26 1 3
3 1 23
7 1 6
18 2 24
3 1 1
3 2 62
17 2 14
19 1 18
78 1 1
35 1 43
35 1 40
32 1 77
51 1 9
23 2 3
0 1 1
22 2 26
3 1 25
9 1 82
44 1 4
77 1 62
11 1 1
3 2 4
24 1 7
56 1 11
71 2 3
25 1 32
18 1 1
49 1 13
3 2 22
71 2 1
84 1 1
11 1 6
51 1 13
44 1 3
63 1 35
44 1 32
3 7 1
12 1 11
7 1 3
62 1 51
23 2 1
22 2 3
3 4 1
24 1 11
1 2 8
43 1 11
1 1 22
27 1 11
25 1 3
68 1 35
14 1 32
40 1 39
13 1 71
77 1 1
35 1 64
109 1 1
3 1 8
4 1 51
3 2 12
3 2 8
1 2 32
13 1 1
51 1 3
24 2 18
82 2 5
49 1 9
62 1 49
44 1 82
3 2 25
62 2 32
62 2 35
82 2 2
104 1 3
22 2 6
23 2 10
34 1 27
40 1 30
6 2 23
35 1 25
26 1 1
2 1 1
9 1 1
1 1 19
3 2 23
44 1 5
64 6 63
3 2 108
1 2 4
9 1 2
5 1 3
44 1 1
14 2 68
11 1 22
25 1 108
35 1 14
9 1 71
82 2 1
14 2 25
9 1 3
31 2 21
5 1 82
17 1 13
68 1 71
12 1 7
1 4 3
63 1 5
68 1 62
63 1 32
20 1 1
51 2 49
33 1 32
45 1 104
32 1 63
7 1 22
0 2 71
3 1 62
11 1 3
71 2 2
32 1 17
44 1 109
20 1 19
51 1 1
31 1 7
1 2 19
11 1 23
35 1 87
109 2 82
31 1 11
14 2 14
2 2 3
18 1 7
49 1 3
24 1 3
3 5 1
24 1 1
2 1 50
7 1 1
13 1 2
22 2 20
2 1 3
68 1 1
44 2 63
11 1 10
1 2 12
34 2 31
21 2 31
32 1 64
1 1 12
84 1 4
87 1 7
1 5 3
25 1 24
9 1 5
27 2 33
32 1 43
63 1 62
18 1 3
77 1 5
7 1 23
3 2 35
1 1 23
7 1 1
68 1 0
25 1 82
35 1 31
3 1 12
63 2 44
7 1 10
64 1 11
30 2 39
35 1 21
3 2 19
13 1 3
63 1 3
26 1 19
1 2 25
3 1 19
34 2 43
1 1 3
63 1 2
1 2 22
32 1 68
5 2 3
11 1 26
4 2 35
35 1 14
14 1 1
1 2 23
1 1 4
14 1 9
35 1 34
21 1 7
32 1 14
23 2 22
51 1 78
13 1 5
71 2 5
77 2 84
3 1 4
109 1 3
82 2 3
30 1 7
20 1 3
32 1 84
1 7 3
3 2 50
63 1 0
14 1 71
32 1 44
2 2 1
32 1 56
5 2 1
104 1 71
2 1 82
20 1 25
1 2 62
84 1 2
104 1 35
64 1 7
1 1 8
34 1 33
43 6 44
8 1 7
4 1 49
68 2 44
108 1 7
84 2 77
108 2 32
19 1 24
22 2 1
5 1 1
4 2 32
3 1 22
0 1 25
63 1 71
? 1 github_java_program_data/11/344.java

34 1 61
68 1 32
27 1 7
63 1 1
3 2 19
25 1 18
3 2 108
45 1 86
18 1 11
44 1 35
47 1 34
7 1 6
44 1 71
3 1 1
45 1 25
1 2 15
9 1 16
32 1 40
19 1 18
78 1 1
35 1 43
35 1 40
7 1 23
23 2 3
1 1 25
33 2 47
3 1 25
9 1 82
1 2 23
1 1 4
11 1 1
3 2 4
24 1 7
35 1 17
33 1 35
18 1 1
23 2 10
3 2 22
11 1 6
39 1 32
51 1 13
44 1 3
63 2 44
63 1 35
44 1 32
7 1 3
62 1 51
40 1 42
22 2 3
20 1 1
3 4 1
24 1 11
3 2 78
1 1 22
27 1 11
108 2 35
25 1 3
2 1 71
44 1 62
40 1 39
26 2 22
109 1 1
9 1 1
25 1 71
26 2 23
13 1 1
51 1 3
35 1 21
3 2 16
49 1 9
34 2 21
44 1 0
44 1 82
62 2 32
62 2 35
82 2 2
49 1 3
22 2 6
44 1 2
34 1 27
40 1 30
43 1 7
26 1 1
71 2 82
2 1 1
4 1 51
1 1 19
3 2 23
1 2 16
44 1 5
64 6 63
17 2 21
26 1 19
9 1 2
5 1 3
44 1 1
11 1 22
25 1 108
35 1 14
1 2 19
32 1 21
9 1 3
20 2 23
9 1 5
11 1 20
68 1 71
1 4 3
63 1 5
63 1 82
20 2 22
63 1 32
23 2 1
21 2 40
7 1 22
11 1 3
0 2 82
26 1 25
40 1 33
20 1 19
68 1 3
31 1 7
9 1 71
11 1 23
20 1 25
3 2 62
86 2 25
31 1 11
13 1 15
2 2 3
17 2 14
18 1 7
24 1 3
13 1 82
3 5 1
24 1 1
7 1 1
13 1 2
86 1 3
2 1 3
44 2 63
11 1 10
40 1 47
21 2 34
32 1 64
30 2 39
1 2 25
1 5 3
25 1 24
27 2 33
71 2 2
35 1 68
18 1 3
39 2 42
63 1 109
23 2 20
1 1 23
7 1 1
7 1 20
3 1 23
68 1 4
35 1 31
25 1 35
3 1 19
33 2 61
7 1 10
64 1 11
47 2 42
0 1 1
13 1 3
63 1 3
1 2 4
34 1 39
1 1 3
63 1 2
1 2 22
63 1 4
22 2 10
5 2 3
11 1 26
34 1 30
4 2 35
109 2 71
61 1 32
35 1 63
14 1 9
35 1 34
21 1 7
21 1 11
82 2 5
51 1 78
13 1 5
22 2 26
30 1 7
7 1 26
20 1 3
1 7 3
15 1 7
71 2 3
23 2 6
40 1 27
3 2 25
2 2 1
16 1 11
5 2 1
26 1 3
64 6 44
3 1 62
1 2 62
17 1 13
34 1 33
43 6 44
42 1 35
30 1 11
4 1 49
14 2 17
62 1 49
35 1 44
68 2 44
108 1 7
32 1 31
40 2 21
19 1 24
17 2 68
22 2 1
5 1 1
4 2 32
3 1 22
63 1 71
? 1 github_java_program_data/11/362.java

34 1 61
68 1 32
27 1 7
63 1 1
3 2 19
25 1 18
3 2 108
45 1 86
18 1 11
44 1 35
47 1 34
7 1 6
44 1 71
3 1 1
45 1 25
1 2 15
9 1 16
32 1 40
19 1 18
78 1 1
35 1 43
35 1 40
7 1 23
23 2 3
1 1 25
33 2 47
3 1 25
9 1 82
1 2 23
1 1 4
11 1 1
3 2 4
24 1 7
35 1 17
33 1 35
18 1 1
23 2 10
3 2 22
11 1 6
39 1 32
51 1 13
44 1 3
63 2 44
63 1 35
44 1 32
7 1 3
62 1 51
40 1 42
22 2 3
20 1 1
3 4 1
24 1 11
3 2 78
1 1 22
27 1 11
108 2 35
25 1 3
2 1 71
44 1 62
40 1 39
26 2 22
109 1 1
9 1 1
25 1 71
26 2 23
13 1 1
51 1 3
35 1 21
3 2 16
49 1 9
34 2 21
44 1 0
44 1 82
62 2 32
62 2 35
82 2 2
49 1 3
22 2 6
44 1 2
34 1 27
40 1 30
43 1 7
26 1 1
71 2 82
2 1 1
4 1 51
1 1 19
3 2 23
1 2 16
44 1 5
64 6 63
17 2 21
26 1 19
9 1 2
5 1 3
44 1 1
11 1 22
25 1 108
35 1 14
1 2 19
32 1 21
9 1 3
20 2 23
9 1 5
11 1 20
68 1 71
1 4 3
63 1 5
63 1 82
20 2 22
63 1 32
23 2 1
21 2 40
7 1 22
11 1 3
0 2 82
26 1 25
40 1 33
20 1 19
68 1 3
31 1 7
9 1 71
11 1 23
20 1 25
3 2 62
86 2 25
31 1 11
13 1 15
2 2 3
17 2 14
18 1 7
24 1 3
13 1 82
3 5 1
24 1 1
7 1 1
13 1 2
86 1 3
2 1 3
44 2 63
11 1 10
40 1 47
21 2 34
32 1 64
30 2 39
1 2 25
1 5 3
25 1 24
27 2 33
71 2 2
35 1 68
18 1 3
39 2 42
63 1 109
23 2 20
1 1 23
7 1 1
7 1 20
3 1 23
68 1 4
35 1 31
25 1 35
3 1 19
33 2 61
7 1 10
64 1 11
47 2 42
0 1 1
13 1 3
63 1 3
1 2 4
34 1 39
1 1 3
63 1 2
1 2 22
63 1 4
22 2 10
5 2 3
11 1 26
34 1 30
4 2 35
109 2 71
61 1 32
35 1 63
14 1 9
35 1 34
21 1 7
21 1 11
82 2 5
51 1 78
13 1 5
22 2 26
30 1 7
7 1 26
20 1 3
1 7 3
15 1 7
71 2 3
23 2 6
40 1 27
3 2 25
2 2 1
16 1 11
5 2 1
26 1 3
64 6 44
3 1 62
1 2 62
17 1 13
34 1 33
43 6 44
42 1 35
30 1 11
4 1 49
14 2 17
62 1 49
35 1 44
68 2 44
108 1 7
32 1 31
40 2 21
19 1 24
17 2 68
22 2 1
5 1 1
4 2 32
3 1 22
63 1 71
? 1 github_java_program_data/11/392.java

39 1 35
63 1 1
1 1 25
40 2 34
22 2 23
3 2 78
0 1 3
84 1 5
10 2 23
18 1 11
7 1 20
44 1 35
26 1 3
3 1 23
7 1 6
18 2 24
3 1 1
3 2 62
17 2 14
19 1 18
78 1 1
35 1 43
35 1 40
32 1 77
51 1 9
23 2 3
0 1 1
22 2 26
3 1 25
9 1 82
44 1 4
77 1 62
11 1 1
3 2 4
24 1 7
56 1 11
71 2 3
25 1 32
18 1 1
49 1 13
3 2 22
71 2 1
84 1 1
11 1 6
51 1 13
44 1 3
63 1 35
44 1 32
3 7 1
12 1 11
7 1 3
62 1 51
23 2 1
22 2 3
3 4 1
24 1 11
1 2 8
43 1 11
1 1 22
27 1 11
25 1 3
68 1 35
14 1 32
40 1 39
13 1 71
77 1 1
35 1 64
109 1 1
3 1 8
4 1 51
3 2 12
3 2 8
1 2 32
13 1 1
51 1 3
24 2 18
82 2 5
49 1 9
62 1 49
44 1 82
3 2 25
62 2 32
62 2 35
82 2 2
104 1 3
22 2 6
23 2 10
34 1 27
40 1 30
6 2 23
35 1 25
26 1 1
2 1 1
9 1 1
1 1 19
3 2 23
44 1 5
64 6 63
3 2 108
1 2 4
9 1 2
5 1 3
44 1 1
14 2 68
11 1 22
25 1 108
35 1 14
9 1 71
82 2 1
14 2 25
9 1 3
31 2 21
5 1 82
17 1 13
68 1 71
12 1 7
1 4 3
63 1 5
68 1 62
63 1 32
20 1 1
51 2 49
33 1 32
45 1 104
32 1 63
7 1 22
0 2 71
3 1 62
11 1 3
71 2 2
32 1 17
44 1 109
20 1 19
51 1 1
31 1 7
1 2 19
11 1 23
35 1 87
109 2 82
31 1 11
14 2 14
2 2 3
18 1 7
49 1 3
24 1 3
3 5 1
24 1 1
2 1 50
7 1 1
13 1 2
22 2 20
2 1 3
68 1 1
44 2 63
11 1 10
1 2 12
34 2 31
21 2 31
32 1 64
1 1 12
84 1 4
87 1 7
1 5 3
25 1 24
9 1 5
27 2 33
32 1 43
63 1 62
18 1 3
77 1 5
7 1 23
3 2 35
1 1 23
7 1 1
68 1 0
25 1 82
35 1 31
3 1 12
63 2 44
7 1 10
64 1 11
30 2 39
35 1 21
3 2 19
13 1 3
63 1 3
26 1 19
1 2 25
3 1 19
34 2 43
1 1 3
63 1 2
1 2 22
32 1 68
5 2 3
11 1 26
4 2 35
35 1 14
14 1 1
1 2 23
1 1 4
14 1 9
35 1 34
21 1 7
32 1 14
23 2 22
51 1 78
13 1 5
71 2 5
77 2 84
3 1 4
109 1 3
82 2 3
30 1 7
20 1 3
32 1 84
1 7 3
3 2 50
63 1 0
14 1 71
32 1 44
2 2 1
32 1 56
5 2 1
104 1 71
2 1 82
20 1 25
1 2 62
84 1 2
104 1 35
64 1 7
1 1 8
34 1 33
43 6 44
8 1 7
4 1 49
68 2 44
108 1 7
84 2 77
108 2 32
19 1 24
22 2 1
5 1 1
4 2 32
3 1 22
0 1 25
63 1 71
? 1 github_java_program_data/11/404.java

34 1 61
39 1 35
15 1 13
27 1 7
63 1 1
27 2 37
1 1 25
25 1 18
8 1 11
22 2 23
31 2 40
3 2 78
54 1 1
16 2 30
61 1 35
82 2 2
18 1 11
44 1 35
39 2 61
3 1 23
36 1 32
7 1 6
44 1 71
3 1 1
3 2 22
45 1 25
1 2 15
9 1 16
17 2 14
40 1 33
19 1 18
78 1 1
35 1 43
35 1 40
7 1 23
51 1 9
23 2 3
36 2 31
3 2 19
22 2 26
25 1 35
1 2 23
1 1 4
11 1 1
3 2 4
24 1 7
35 1 17
35 1 55
33 1 35
25 1 32
33 1 32
18 1 1
49 1 13
32 1 44
54 1 71
11 1 6
39 1 32
51 1 13
44 1 3
15 2 30
63 1 35
44 1 32
29 1 16
3 7 1
12 1 11
7 1 3
62 1 51
23 2 1
22 2 3
29 2 32
30 2 33
24 1 11
1 2 8
43 1 11
33 2 42
1 1 22
27 1 11
3 2 12
25 1 3
20 2 22
44 1 62
40 1 39
14 1 13
26 2 22
13 1 71
32 1 104
41 1 38
11 1 10
40 2 31
3 1 8
4 1 51
20 1 19
38 1 30
1 2 32
16 1 9
25 1 71
35 1 36
13 1 1
51 1 3
24 2 18
3 2 16
49 1 9
35 1 31
16 2 27
62 1 49
3 4 1
14 2 21
3 2 25
62 2 32
62 2 35
35 1 54
104 1 3
17 2 40
22 2 6
44 1 2
34 1 27
6 2 23
40 1 30
43 1 7
3 5 1
26 1 1
71 2 82
2 1 1
9 1 1
3 2 8
3 2 23
1 2 16
44 1 5
64 6 63
17 2 21
18 2 24
9 1 2
5 1 3
34 1 42
44 1 1
68 1 82
11 1 22
63 1 32
32 1 17
9 1 71
71 2 1
32 1 21
36 1 29
9 1 3
82 2 71
15 1 9
9 1 5
17 1 13
29 1 27
12 1 7
32 1 34
1 4 3
63 1 5
63 1 82
34 2 64
41 2 43
15 1 11
26 1 3
20 1 1
51 2 49
1 1 8
8 1 7
32 1 63
7 1 22
27 2 28
11 1 3
14 2 54
26 1 25
49 1 3
1 2 22
54 1 32
68 1 3
31 1 7
1 2 19
11 1 23
3 2 62
31 1 11
38 1 15
22 2 10
2 2 3
44 2 63
18 1 7
38 1 37
17 2 25
24 1 3
13 1 82
23 2 22
25 1 1
24 1 1
27 2 39
68 1 71
13 1 2
25 2 104
22 2 20
35 1 64
2 1 3
32 1 25
68 1 1
35 1 48
71 2 2
23 2 26
1 2 12
54 1 62
21 2 31
21 2 34
32 1 64
1 1 12
30 2 28
31 2 21
30 2 39
1 2 25
4 1 49
17 2 31
25 1 24
10 2 23
16 1 7
27 2 33
32 1 43
35 1 68
18 1 3
39 2 42
29 2 35
23 2 20
3 2 35
68 1 32
7 1 1
7 1 20
25 1 82
15 2 27
68 1 4
9 1 82
3 1 12
36 1 35
7 1 10
64 1 11
14 2 31
35 1 21
26 2 23
13 1 3
63 1 3
1 2 4
63 2 44
13 1 16
29 1 30
34 1 39
34 2 43
1 1 3
63 1 2
38 1 16
32 1 68
63 1 4
1 1 23
5 2 3
11 1 26
34 1 30
4 2 35
23 2 10
40 2 17
30 2 37
11 1 20
13 1 15
14 1 9
35 1 34
21 1 7
32 1 14
21 1 11
82 2 5
51 1 78
13 1 5
71 2 5
104 1 82
17 1 9
42 1 32
28 1 7
82 2 3
30 1 7
7 1 26
20 1 3
1 7 3
29 1 15
15 1 7
71 2 3
23 2 6
40 1 27
32 1 40
2 2 1
16 1 11
43 6 44
28 1 11
17 2 34
5 2 1
31 2 41
3 1 19
104 1 71
41 1 32
2 1 82
40 1 61
1 2 62
38 2 32
49 2 51
104 1 35
31 2 55
64 1 7
37 1 7
14 2 40
34 1 33
10 2 22
42 1 35
1 5 3
4 2 32
30 1 11
35 1 14
32 1 36
14 2 17
3 2 15
104 2 68
40 2 36
68 2 44
35 1 41
32 1 31
1 1 62
16 1 13
19 1 24
17 2 68
22 2 1
5 1 1
9 1 15
3 1 22
40 2 21
29 1 28
63 1 71
38 1 27
? 1 github_java_program_data/11/425.java

39 1 35
63 1 1
1 1 25
40 2 34
22 2 23
3 2 78
0 1 3
84 1 5
10 2 23
18 1 11
7 1 20
44 1 35
26 1 3
3 1 23
7 1 6
18 2 24
3 1 1
3 2 62
17 2 14
19 1 18
78 1 1
35 1 43
35 1 40
32 1 77
51 1 9
23 2 3
0 1 1
22 2 26
3 1 25
9 1 82
44 1 4
77 1 62
11 1 1
3 2 4
24 1 7
56 1 11
71 2 3
25 1 32
18 1 1
49 1 13
3 2 22
71 2 1
84 1 1
11 1 6
51 1 13
44 1 3
63 1 35
44 1 32
3 7 1
12 1 11
7 1 3
62 1 51
23 2 1
22 2 3
3 4 1
24 1 11
1 2 8
43 1 11
1 1 22
27 1 11
25 1 3
68 1 35
14 1 32
40 1 39
13 1 71
77 1 1
35 1 64
109 1 1
3 1 8
4 1 51
3 2 12
3 2 8
1 2 32
13 1 1
51 1 3
24 2 18
82 2 5
49 1 9
62 1 49
44 1 82
3 2 25
62 2 32
62 2 35
82 2 2
104 1 3
22 2 6
23 2 10
34 1 27
40 1 30
6 2 23
35 1 25
26 1 1
2 1 1
9 1 1
1 1 19
3 2 23
44 1 5
64 6 63
3 2 108
1 2 4
9 1 2
5 1 3
44 1 1
14 2 68
11 1 22
25 1 108
35 1 14
9 1 71
82 2 1
14 2 25
9 1 3
31 2 21
5 1 82
17 1 13
68 1 71
12 1 7
1 4 3
63 1 5
68 1 62
63 1 32
20 1 1
51 2 49
33 1 32
45 1 104
32 1 63
7 1 22
0 2 71
3 1 62
11 1 3
71 2 2
32 1 17
44 1 109
20 1 19
51 1 1
31 1 7
1 2 19
11 1 23
35 1 87
109 2 82
31 1 11
14 2 14
2 2 3
18 1 7
49 1 3
24 1 3
3 5 1
24 1 1
2 1 50
7 1 1
13 1 2
22 2 20
2 1 3
68 1 1
44 2 63
11 1 10
1 2 12
34 2 31
21 2 31
32 1 64
1 1 12
84 1 4
87 1 7
1 5 3
25 1 24
9 1 5
27 2 33
32 1 43
63 1 62
18 1 3
77 1 5
7 1 23
3 2 35
1 1 23
7 1 1
68 1 0
25 1 82
35 1 31
3 1 12
63 2 44
7 1 10
64 1 11
30 2 39
35 1 21
3 2 19
13 1 3
63 1 3
26 1 19
1 2 25
3 1 19
34 2 43
1 1 3
63 1 2
1 2 22
32 1 68
5 2 3
11 1 26
4 2 35
35 1 14
14 1 1
1 2 23
1 1 4
14 1 9
35 1 34
21 1 7
32 1 14
23 2 22
51 1 78
13 1 5
71 2 5
77 2 84
3 1 4
109 1 3
82 2 3
30 1 7
20 1 3
32 1 84
1 7 3
3 2 50
63 1 0
14 1 71
32 1 44
2 2 1
32 1 56
5 2 1
104 1 71
2 1 82
20 1 25
1 2 62
84 1 2
104 1 35
64 1 7
1 1 8
34 1 33
43 6 44
8 1 7
4 1 49
68 2 44
108 1 7
84 2 77
108 2 32
19 1 24
22 2 1
5 1 1
4 2 32
3 1 22
0 1 25
63 1 71
? 1 github_java_program_data/11/434.java

34 1 61
68 1 32
27 1 7
63 1 1
3 2 19
25 1 18
3 2 108
45 1 86
18 1 11
44 1 35
47 1 34
7 1 6
44 1 71
3 1 1
45 1 25
1 2 15
9 1 16
32 1 40
19 1 18
78 1 1
35 1 43
35 1 40
7 1 23
23 2 3
1 1 25
33 2 47
3 1 25
9 1 82
1 2 23
1 1 4
11 1 1
3 2 4
24 1 7
35 1 17
33 1 35
18 1 1
23 2 10
3 2 22
11 1 6
39 1 32
51 1 13
44 1 3
63 2 44
63 1 35
44 1 32
7 1 3
62 1 51
40 1 42
22 2 3
20 1 1
3 4 1
24 1 11
3 2 78
1 1 22
27 1 11
108 2 35
25 1 3
2 1 71
44 1 62
40 1 39
26 2 22
109 1 1
9 1 1
25 1 71
26 2 23
13 1 1
51 1 3
35 1 21
3 2 16
49 1 9
34 2 21
44 1 0
44 1 82
62 2 32
62 2 35
82 2 2
49 1 3
22 2 6
44 1 2
34 1 27
40 1 30
43 1 7
26 1 1
71 2 82
2 1 1
4 1 51
1 1 19
3 2 23
1 2 16
44 1 5
64 6 63
17 2 21
26 1 19
9 1 2
5 1 3
44 1 1
11 1 22
25 1 108
35 1 14
1 2 19
32 1 21
9 1 3
20 2 23
9 1 5
11 1 20
68 1 71
1 4 3
63 1 5
63 1 82
20 2 22
63 1 32
23 2 1
21 2 40
7 1 22
11 1 3
0 2 82
26 1 25
40 1 33
20 1 19
68 1 3
31 1 7
9 1 71
11 1 23
20 1 25
3 2 62
86 2 25
31 1 11
13 1 15
2 2 3
17 2 14
18 1 7
24 1 3
13 1 82
3 5 1
24 1 1
7 1 1
13 1 2
86 1 3
2 1 3
44 2 63
11 1 10
40 1 47
21 2 34
32 1 64
30 2 39
1 2 25
1 5 3
25 1 24
27 2 33
71 2 2
35 1 68
18 1 3
39 2 42
63 1 109
23 2 20
1 1 23
7 1 1
7 1 20
3 1 23
68 1 4
35 1 31
25 1 35
3 1 19
33 2 61
7 1 10
64 1 11
47 2 42
0 1 1
13 1 3
63 1 3
1 2 4
34 1 39
1 1 3
63 1 2
1 2 22
63 1 4
22 2 10
5 2 3
11 1 26
34 1 30
4 2 35
109 2 71
61 1 32
35 1 63
14 1 9
35 1 34
21 1 7
21 1 11
82 2 5
51 1 78
13 1 5
22 2 26
30 1 7
7 1 26
20 1 3
1 7 3
15 1 7
71 2 3
23 2 6
40 1 27
3 2 25
2 2 1
16 1 11
5 2 1
26 1 3
64 6 44
3 1 62
1 2 62
17 1 13
34 1 33
43 6 44
42 1 35
30 1 11
4 1 49
14 2 17
62 1 49
35 1 44
68 2 44
108 1 7
32 1 31
40 2 21
19 1 24
17 2 68
22 2 1
5 1 1
4 2 32
3 1 22
63 1 71
? 1 github_java_program_data/11/452.java

39 1 35
63 1 1
1 1 25
40 2 34
22 2 23
3 2 78
0 1 3
84 1 5
10 2 23
18 1 11
7 1 20
44 1 35
26 1 3
3 1 23
7 1 6
18 2 24
3 1 1
3 2 62
17 2 14
19 1 18
78 1 1
35 1 43
35 1 40
32 1 77
51 1 9
23 2 3
0 1 1
22 2 26
3 1 25
9 1 82
44 1 4
77 1 62
11 1 1
3 2 4
24 1 7
56 1 11
71 2 3
25 1 32
18 1 1
49 1 13
3 2 22
71 2 1
84 1 1
11 1 6
51 1 13
44 1 3
63 1 35
44 1 32
3 7 1
12 1 11
7 1 3
62 1 51
23 2 1
22 2 3
3 4 1
24 1 11
1 2 8
43 1 11
1 1 22
27 1 11
25 1 3
68 1 35
14 1 32
40 1 39
13 1 71
77 1 1
35 1 64
109 1 1
3 1 8
4 1 51
3 2 12
3 2 8
1 2 32
13 1 1
51 1 3
24 2 18
82 2 5
49 1 9
62 1 49
44 1 82
3 2 25
62 2 32
62 2 35
82 2 2
104 1 3
22 2 6
23 2 10
34 1 27
40 1 30
6 2 23
35 1 25
26 1 1
2 1 1
9 1 1
1 1 19
3 2 23
44 1 5
64 6 63
3 2 108
1 2 4
9 1 2
5 1 3
44 1 1
14 2 68
11 1 22
25 1 108
35 1 14
9 1 71
82 2 1
14 2 25
9 1 3
31 2 21
5 1 82
17 1 13
68 1 71
12 1 7
1 4 3
63 1 5
68 1 62
63 1 32
20 1 1
51 2 49
33 1 32
45 1 104
32 1 63
7 1 22
0 2 71
3 1 62
11 1 3
71 2 2
32 1 17
44 1 109
20 1 19
51 1 1
31 1 7
1 2 19
11 1 23
35 1 87
109 2 82
31 1 11
14 2 14
2 2 3
18 1 7
49 1 3
24 1 3
3 5 1
24 1 1
2 1 50
7 1 1
13 1 2
22 2 20
2 1 3
68 1 1
44 2 63
11 1 10
1 2 12
34 2 31
21 2 31
32 1 64
1 1 12
84 1 4
87 1 7
1 5 3
25 1 24
9 1 5
27 2 33
32 1 43
63 1 62
18 1 3
77 1 5
7 1 23
3 2 35
1 1 23
7 1 1
68 1 0
25 1 82
35 1 31
3 1 12
63 2 44
7 1 10
64 1 11
30 2 39
35 1 21
3 2 19
13 1 3
63 1 3
26 1 19
1 2 25
3 1 19
34 2 43
1 1 3
63 1 2
1 2 22
32 1 68
5 2 3
11 1 26
4 2 35
35 1 14
14 1 1
1 2 23
1 1 4
14 1 9
35 1 34
21 1 7
32 1 14
23 2 22
51 1 78
13 1 5
71 2 5
77 2 84
3 1 4
109 1 3
82 2 3
30 1 7
20 1 3
32 1 84
1 7 3
3 2 50
63 1 0
14 1 71
32 1 44
2 2 1
32 1 56
5 2 1
104 1 71
2 1 82
20 1 25
1 2 62
84 1 2
104 1 35
64 1 7
1 1 8
34 1 33
43 6 44
8 1 7
4 1 49
68 2 44
108 1 7
84 2 77
108 2 32
19 1 24
22 2 1
5 1 1
4 2 32
3 1 22
0 1 25
63 1 71
? 1 github_java_program_data/11/464.java

39 1 35
63 1 1
1 1 25
40 2 34
22 2 23
3 2 78
0 1 3
84 1 5
10 2 23
18 1 11
7 1 20
44 1 35
26 1 3
3 1 23
7 1 6
18 2 24
3 1 1
3 2 62
17 2 14
19 1 18
78 1 1
35 1 43
35 1 40
32 1 77
51 1 9
23 2 3
0 1 1
22 2 26
3 1 25
9 1 82
44 1 4
77 1 62
11 1 1
3 2 4
24 1 7
56 1 11
71 2 3
25 1 32
18 1 1
49 1 13
3 2 22
71 2 1
84 1 1
11 1 6
51 1 13
44 1 3
63 1 35
44 1 32
3 7 1
12 1 11
7 1 3
62 1 51
23 2 1
22 2 3
3 4 1
24 1 11
1 2 8
43 1 11
1 1 22
27 1 11
25 1 3
68 1 35
14 1 32
40 1 39
13 1 71
77 1 1
35 1 64
109 1 1
3 1 8
4 1 51
3 2 12
3 2 8
1 2 32
13 1 1
51 1 3
24 2 18
82 2 5
49 1 9
62 1 49
44 1 82
3 2 25
62 2 32
62 2 35
82 2 2
104 1 3
22 2 6
23 2 10
34 1 27
40 1 30
6 2 23
35 1 25
26 1 1
2 1 1
9 1 1
1 1 19
3 2 23
44 1 5
64 6 63
3 2 108
1 2 4
9 1 2
5 1 3
44 1 1
14 2 68
11 1 22
25 1 108
35 1 14
9 1 71
82 2 1
14 2 25
9 1 3
31 2 21
5 1 82
17 1 13
68 1 71
12 1 7
1 4 3
63 1 5
68 1 62
63 1 32
20 1 1
51 2 49
33 1 32
45 1 104
32 1 63
7 1 22
0 2 71
3 1 62
11 1 3
71 2 2
32 1 17
44 1 109
20 1 19
51 1 1
31 1 7
1 2 19
11 1 23
35 1 87
109 2 82
31 1 11
14 2 14
2 2 3
18 1 7
49 1 3
24 1 3
3 5 1
24 1 1
2 1 50
7 1 1
13 1 2
22 2 20
2 1 3
68 1 1
44 2 63
11 1 10
1 2 12
34 2 31
21 2 31
32 1 64
1 1 12
84 1 4
87 1 7
1 5 3
25 1 24
9 1 5
27 2 33
32 1 43
63 1 62
18 1 3
77 1 5
7 1 23
3 2 35
1 1 23
7 1 1
68 1 0
25 1 82
35 1 31
3 1 12
63 2 44
7 1 10
64 1 11
30 2 39
35 1 21
3 2 19
13 1 3
63 1 3
26 1 19
1 2 25
3 1 19
34 2 43
1 1 3
63 1 2
1 2 22
32 1 68
5 2 3
11 1 26
4 2 35
35 1 14
14 1 1
1 2 23
1 1 4
14 1 9
35 1 34
21 1 7
32 1 14
23 2 22
51 1 78
13 1 5
71 2 5
77 2 84
3 1 4
109 1 3
82 2 3
30 1 7
20 1 3
32 1 84
1 7 3
3 2 50
63 1 0
14 1 71
32 1 44
2 2 1
32 1 56
5 2 1
104 1 71
2 1 82
20 1 25
1 2 62
84 1 2
104 1 35
64 1 7
1 1 8
34 1 33
43 6 44
8 1 7
4 1 49
68 2 44
108 1 7
84 2 77
108 2 32
19 1 24
22 2 1
5 1 1
4 2 32
3 1 22
0 1 25
63 1 71
? 1 github_java_program_data/11/494.java

34 1 61
39 1 35
27 1 7
32 1 55
27 2 37
3 2 19
14 2 34
22 2 23
34 2 14
16 2 30
61 1 35
14 2 21
31 2 64
45 1 104
36 1 32
7 1 6
44 1 71
63 1 1
1 2 15
17 2 14
40 1 33
3 2 4
6 2 23
27 2 32
7 1 23
45 1 46
23 2 3
31 2 17
30 2 37
35 1 31
1 2 23
13 1 15
11 1 1
24 1 7
25 1 32
1 2 62
3 2 22
17 2 44
63 2 44
44 1 32
64 1 11
39 2 47
40 1 42
22 2 3
24 1 11
1 2 8
32 1 63
40 1 39
41 1 38
14 2 41
3 1 8
9 1 1
38 1 30
1 2 32
16 1 9
13 1 1
51 2 49
35 1 21
46 1 3
62 1 49
44 1 82
41 2 40
82 2 2
104 1 3
17 2 40
44 1 2
22 2 26
38 2 35
26 1 1
4 1 51
3 2 23
17 2 21
3 2 8
5 1 3
36 2 31
34 1 42
11 1 22
32 1 17
1 2 19
32 1 21
9 1 3
31 2 21
15 1 9
9 1 5
29 1 27
32 1 34
63 1 5
34 1 47
26 1 3
7 1 22
52 2 47
1 2 16
26 1 25
35 1 14
38 1 16
68 1 3
65 1 27
71 2 3
3 2 62
38 1 37
36 2 40
24 1 3
13 1 82
11 1 26
19 1 18
15 2 30
44 2 63
1 2 12
40 1 47
21 2 34
1 1 12
82 2 71
47 2 42
104 2 25
17 2 41
25 1 24
37 1 11
27 2 33
30 2 33
21 2 43
18 1 3
39 2 42
1 1 23
23 2 10
25 1 82
3 1 12
36 1 35
7 1 10
21 2 17
34 2 40
24 2 18
21 2 48
21 2 41
14 2 36
1 2 4
17 2 36
14 1 9
34 1 39
35 1 34
63 1 2
1 2 22
63 1 4
1 4 3
40 2 17
65 2 21
64 6 63
61 1 32
41 2 34
3 2 32
12 1 7
21 1 7
32 1 14
21 1 11
82 2 5
71 2 5
13 1 5
34 2 43
43 6 63
40 1 61
42 1 32
28 1 7
30 1 7
29 1 28
20 1 3
29 1 15
31 2 43
15 1 7
23 2 6
40 1 27
36 2 21
34 1 52
2 2 1
5 2 1
31 2 41
63 1 32
41 1 32
20 1 1
32 1 40
16 2 27
49 2 51
33 1 32
104 1 32
14 2 40
34 1 33
30 1 11
4 1 49
3 2 15
32 1 31
16 1 13
19 1 24
9 1 15
3 1 22
63 1 71
38 1 27
1 1 25
25 1 18
8 1 11
31 2 40
45 1 86
40 2 31
18 1 11
44 1 35
39 2 61
47 1 34
3 1 1
45 1 25
9 1 16
1 7 3
15 1 11
35 1 43
35 1 40
51 1 9
33 2 52
17 2 65
35 1 17
35 1 55
11 1 23
49 1 13
30 2 28
11 1 6
39 1 32
51 1 13
44 1 3
36 2 34
32 1 44
29 1 16
3 7 1
12 1 11
7 1 3
62 1 51
41 2 43
3 4 1
22 2 6
43 1 11
1 1 22
27 1 11
47 1 40
44 1 62
14 1 13
26 2 22
13 1 71
35 1 64
11 1 10
32 1 43
3 2 12
35 1 36
86 2 79
49 1 9
62 2 32
62 2 35
41 2 21
34 1 27
40 1 30
43 1 7
71 2 82
2 1 1
1 1 19
44 1 5
18 2 24
21 2 14
9 1 2
36 1 29
44 1 1
14 2 68
29 2 32
9 1 71
82 2 1
79 1 3
17 1 13
65 1 32
21 2 64
23 2 1
1 1 8
8 1 7
68 1 35
27 2 28
32 1 41
20 1 19
31 1 7
33 1 35
31 1 11
38 1 15
2 2 3
18 1 7
3 5 1
42 1 35
68 1 71
13 1 2
25 2 104
22 2 20
86 1 3
2 1 3
52 1 34
71 2 2
23 2 26
21 2 31
32 1 64
30 2 39
1 2 25
17 2 31
43 6 44
32 1 36
29 2 35
11 1 3
23 2 20
15 1 13
7 1 1
7 1 20
3 1 23
15 2 27
68 1 4
9 1 82
46 2 25
21 2 40
33 2 61
14 2 31
41 1 35
13 1 3
63 1 3
26 1 19
6 2 22
13 1 16
29 1 30
26 2 23
32 1 68
22 2 10
27 2 39
34 1 30
4 2 35
1 5 3
31 2 36
11 1 20
1 1 3
5 2 3
23 2 22
79 2 46
17 1 9
7 1 26
32 1 65
3 2 25
16 1 11
28 1 11
17 2 34
3 2 16
33 2 42
20 1 25
45 1 79
5 1 1
31 2 55
64 1 7
37 1 7
10 2 22
25 1 1
16 1 7
14 2 17
35 1 41
40 2 21
22 2 1
38 2 32
4 2 32
32 1 48
? 1 github_java_program_data/11/502.java

39 1 35
63 1 1
1 1 25
40 2 34
22 2 23
3 2 78
0 1 3
84 1 5
10 2 23
18 1 11
7 1 20
44 1 35
26 1 3
3 1 23
7 1 6
18 2 24
3 1 1
3 2 62
17 2 14
19 1 18
78 1 1
35 1 43
35 1 40
32 1 77
51 1 9
23 2 3
0 1 1
22 2 26
3 1 25
9 1 82
44 1 4
77 1 62
11 1 1
3 2 4
24 1 7
56 1 11
71 2 3
25 1 32
18 1 1
49 1 13
3 2 22
71 2 1
84 1 1
11 1 6
51 1 13
44 1 3
63 1 35
44 1 32
3 7 1
12 1 11
7 1 3
62 1 51
23 2 1
22 2 3
3 4 1
24 1 11
1 2 8
43 1 11
1 1 22
27 1 11
25 1 3
68 1 35
14 1 32
40 1 39
13 1 71
77 1 1
35 1 64
109 1 1
3 1 8
4 1 51
3 2 12
3 2 8
1 2 32
13 1 1
51 1 3
24 2 18
82 2 5
49 1 9
62 1 49
44 1 82
3 2 25
62 2 32
62 2 35
82 2 2
104 1 3
22 2 6
23 2 10
34 1 27
40 1 30
6 2 23
35 1 25
26 1 1
2 1 1
9 1 1
1 1 19
3 2 23
44 1 5
64 6 63
3 2 108
1 2 4
9 1 2
5 1 3
44 1 1
14 2 68
11 1 22
25 1 108
35 1 14
9 1 71
82 2 1
14 2 25
9 1 3
31 2 21
5 1 82
17 1 13
68 1 71
12 1 7
1 4 3
63 1 5
68 1 62
63 1 32
20 1 1
51 2 49
33 1 32
45 1 104
32 1 63
7 1 22
0 2 71
3 1 62
11 1 3
71 2 2
32 1 17
44 1 109
20 1 19
51 1 1
31 1 7
1 2 19
11 1 23
35 1 87
109 2 82
31 1 11
14 2 14
2 2 3
18 1 7
49 1 3
24 1 3
3 5 1
24 1 1
2 1 50
7 1 1
13 1 2
22 2 20
2 1 3
68 1 1
44 2 63
11 1 10
1 2 12
34 2 31
21 2 31
32 1 64
1 1 12
84 1 4
87 1 7
1 5 3
25 1 24
9 1 5
27 2 33
32 1 43
63 1 62
18 1 3
77 1 5
7 1 23
3 2 35
1 1 23
7 1 1
68 1 0
25 1 82
35 1 31
3 1 12
63 2 44
7 1 10
64 1 11
30 2 39
35 1 21
3 2 19
13 1 3
63 1 3
26 1 19
1 2 25
3 1 19
34 2 43
1 1 3
63 1 2
1 2 22
32 1 68
5 2 3
11 1 26
4 2 35
35 1 14
14 1 1
1 2 23
1 1 4
14 1 9
35 1 34
21 1 7
32 1 14
23 2 22
51 1 78
13 1 5
71 2 5
77 2 84
3 1 4
109 1 3
82 2 3
30 1 7
20 1 3
32 1 84
1 7 3
3 2 50
63 1 0
14 1 71
32 1 44
2 2 1
32 1 56
5 2 1
104 1 71
2 1 82
20 1 25
1 2 62
84 1 2
104 1 35
64 1 7
1 1 8
34 1 33
43 6 44
8 1 7
4 1 49
68 2 44
108 1 7
84 2 77
108 2 32
19 1 24
22 2 1
5 1 1
4 2 32
3 1 22
0 1 25
63 1 71
? 1 github_java_program_data/11/524.java

34 1 61
68 1 32
27 1 7
63 1 1
3 2 19
25 1 18
3 2 108
45 1 86
18 1 11
44 1 35
47 1 34
7 1 6
44 1 71
3 1 1
45 1 25
1 2 15
9 1 16
32 1 40
19 1 18
78 1 1
35 1 43
35 1 40
7 1 23
23 2 3
1 1 25
33 2 47
3 1 25
9 1 82
1 2 23
1 1 4
11 1 1
3 2 4
24 1 7
35 1 17
33 1 35
18 1 1
23 2 10
3 2 22
11 1 6
39 1 32
51 1 13
44 1 3
63 2 44
63 1 35
44 1 32
7 1 3
62 1 51
40 1 42
22 2 3
20 1 1
3 4 1
24 1 11
3 2 78
1 1 22
27 1 11
108 2 35
25 1 3
2 1 71
44 1 62
40 1 39
26 2 22
109 1 1
9 1 1
25 1 71
26 2 23
13 1 1
51 1 3
35 1 21
3 2 16
49 1 9
34 2 21
44 1 0
44 1 82
62 2 32
62 2 35
82 2 2
49 1 3
22 2 6
44 1 2
34 1 27
40 1 30
43 1 7
26 1 1
71 2 82
2 1 1
4 1 51
1 1 19
3 2 23
1 2 16
44 1 5
64 6 63
17 2 21
26 1 19
9 1 2
5 1 3
44 1 1
11 1 22
25 1 108
35 1 14
1 2 19
32 1 21
9 1 3
20 2 23
9 1 5
11 1 20
68 1 71
1 4 3
63 1 5
63 1 82
20 2 22
63 1 32
23 2 1
21 2 40
7 1 22
11 1 3
0 2 82
26 1 25
40 1 33
20 1 19
68 1 3
31 1 7
9 1 71
11 1 23
20 1 25
3 2 62
86 2 25
31 1 11
13 1 15
2 2 3
17 2 14
18 1 7
24 1 3
13 1 82
3 5 1
24 1 1
7 1 1
13 1 2
86 1 3
2 1 3
44 2 63
11 1 10
40 1 47
21 2 34
32 1 64
30 2 39
1 2 25
1 5 3
25 1 24
27 2 33
71 2 2
35 1 68
18 1 3
39 2 42
63 1 109
23 2 20
1 1 23
7 1 1
7 1 20
3 1 23
68 1 4
35 1 31
25 1 35
3 1 19
33 2 61
7 1 10
64 1 11
47 2 42
0 1 1
13 1 3
63 1 3
1 2 4
34 1 39
1 1 3
63 1 2
1 2 22
63 1 4
22 2 10
5 2 3
11 1 26
34 1 30
4 2 35
109 2 71
61 1 32
35 1 63
14 1 9
35 1 34
21 1 7
21 1 11
82 2 5
51 1 78
13 1 5
22 2 26
30 1 7
7 1 26
20 1 3
1 7 3
15 1 7
71 2 3
23 2 6
40 1 27
3 2 25
2 2 1
16 1 11
5 2 1
26 1 3
64 6 44
3 1 62
1 2 62
17 1 13
34 1 33
43 6 44
42 1 35
30 1 11
4 1 49
14 2 17
62 1 49
35 1 44
68 2 44
108 1 7
32 1 31
40 2 21
19 1 24
17 2 68
22 2 1
5 1 1
4 2 32
3 1 22
63 1 71
? 1 github_java_program_data/11/542.java

39 1 35
63 1 1
1 1 25
40 2 34
22 2 23
3 2 78
0 1 3
84 1 5
10 2 23
18 1 11
7 1 20
44 1 35
26 1 3
3 1 23
7 1 6
18 2 24
3 1 1
3 2 62
17 2 14
19 1 18
78 1 1
35 1 43
35 1 40
32 1 77
51 1 9
23 2 3
0 1 1
22 2 26
3 1 25
9 1 82
44 1 4
77 1 62
11 1 1
3 2 4
24 1 7
56 1 11
71 2 3
25 1 32
18 1 1
49 1 13
3 2 22
71 2 1
84 1 1
11 1 6
51 1 13
44 1 3
63 1 35
44 1 32
3 7 1
12 1 11
7 1 3
62 1 51
23 2 1
22 2 3
3 4 1
24 1 11
1 2 8
43 1 11
1 1 22
27 1 11
25 1 3
68 1 35
14 1 32
40 1 39
13 1 71
77 1 1
35 1 64
109 1 1
3 1 8
4 1 51
3 2 12
3 2 8
1 2 32
13 1 1
51 1 3
24 2 18
82 2 5
49 1 9
62 1 49
44 1 82
3 2 25
62 2 32
62 2 35
82 2 2
104 1 3
22 2 6
23 2 10
34 1 27
40 1 30
6 2 23
35 1 25
26 1 1
2 1 1
9 1 1
1 1 19
3 2 23
44 1 5
64 6 63
3 2 108
1 2 4
9 1 2
5 1 3
44 1 1
14 2 68
11 1 22
25 1 108
35 1 14
9 1 71
82 2 1
14 2 25
9 1 3
31 2 21
5 1 82
17 1 13
68 1 71
12 1 7
1 4 3
63 1 5
68 1 62
63 1 32
20 1 1
51 2 49
33 1 32
45 1 104
32 1 63
7 1 22
0 2 71
3 1 62
11 1 3
71 2 2
32 1 17
44 1 109
20 1 19
51 1 1
31 1 7
1 2 19
11 1 23
35 1 87
109 2 82
31 1 11
14 2 14
2 2 3
18 1 7
49 1 3
24 1 3
3 5 1
24 1 1
2 1 50
7 1 1
13 1 2
22 2 20
2 1 3
68 1 1
44 2 63
11 1 10
1 2 12
34 2 31
21 2 31
32 1 64
1 1 12
84 1 4
87 1 7
1 5 3
25 1 24
9 1 5
27 2 33
32 1 43
63 1 62
18 1 3
77 1 5
7 1 23
3 2 35
1 1 23
7 1 1
68 1 0
25 1 82
35 1 31
3 1 12
63 2 44
7 1 10
64 1 11
30 2 39
35 1 21
3 2 19
13 1 3
63 1 3
26 1 19
1 2 25
3 1 19
34 2 43
1 1 3
63 1 2
1 2 22
32 1 68
5 2 3
11 1 26
4 2 35
35 1 14
14 1 1
1 2 23
1 1 4
14 1 9
35 1 34
21 1 7
32 1 14
23 2 22
51 1 78
13 1 5
71 2 5
77 2 84
3 1 4
109 1 3
82 2 3
30 1 7
20 1 3
32 1 84
1 7 3
3 2 50
63 1 0
14 1 71
32 1 44
2 2 1
32 1 56
5 2 1
104 1 71
2 1 82
20 1 25
1 2 62
84 1 2
104 1 35
64 1 7
1 1 8
34 1 33
43 6 44
8 1 7
4 1 49
68 2 44
108 1 7
84 2 77
108 2 32
19 1 24
22 2 1
5 1 1
4 2 32
3 1 22
0 1 25
63 1 71
? 1 github_java_program_data/11/554.java

34 1 61
68 1 32
27 1 7
63 1 1
3 2 19
25 1 18
3 2 108
45 1 86
18 1 11
44 1 35
47 1 34
7 1 6
44 1 71
3 1 1
45 1 25
1 2 15
9 1 16
32 1 40
19 1 18
78 1 1
35 1 43
35 1 40
7 1 23
23 2 3
1 1 25
33 2 47
3 1 25
9 1 82
1 2 23
1 1 4
11 1 1
3 2 4
24 1 7
35 1 17
33 1 35
18 1 1
23 2 10
3 2 22
11 1 6
39 1 32
51 1 13
44 1 3
63 2 44
63 1 35
44 1 32
7 1 3
62 1 51
40 1 42
22 2 3
20 1 1
3 4 1
24 1 11
3 2 78
1 1 22
27 1 11
108 2 35
25 1 3
2 1 71
44 1 62
40 1 39
26 2 22
109 1 1
9 1 1
25 1 71
26 2 23
13 1 1
51 1 3
35 1 21
3 2 16
49 1 9
34 2 21
44 1 0
44 1 82
62 2 32
62 2 35
82 2 2
49 1 3
22 2 6
44 1 2
34 1 27
40 1 30
43 1 7
26 1 1
71 2 82
2 1 1
4 1 51
1 1 19
3 2 23
1 2 16
44 1 5
64 6 63
17 2 21
26 1 19
9 1 2
5 1 3
44 1 1
11 1 22
25 1 108
35 1 14
1 2 19
32 1 21
9 1 3
20 2 23
9 1 5
11 1 20
68 1 71
1 4 3
63 1 5
63 1 82
20 2 22
63 1 32
23 2 1
21 2 40
7 1 22
11 1 3
0 2 82
26 1 25
40 1 33
20 1 19
68 1 3
31 1 7
9 1 71
11 1 23
20 1 25
3 2 62
86 2 25
31 1 11
13 1 15
2 2 3
17 2 14
18 1 7
24 1 3
13 1 82
3 5 1
24 1 1
7 1 1
13 1 2
86 1 3
2 1 3
44 2 63
11 1 10
40 1 47
21 2 34
32 1 64
30 2 39
1 2 25
1 5 3
25 1 24
27 2 33
71 2 2
35 1 68
18 1 3
39 2 42
63 1 109
23 2 20
1 1 23
7 1 1
7 1 20
3 1 23
68 1 4
35 1 31
25 1 35
3 1 19
33 2 61
7 1 10
64 1 11
47 2 42
0 1 1
13 1 3
63 1 3
1 2 4
34 1 39
1 1 3
63 1 2
1 2 22
63 1 4
22 2 10
5 2 3
11 1 26
34 1 30
4 2 35
109 2 71
61 1 32
35 1 63
14 1 9
35 1 34
21 1 7
21 1 11
82 2 5
51 1 78
13 1 5
22 2 26
30 1 7
7 1 26
20 1 3
1 7 3
15 1 7
71 2 3
23 2 6
40 1 27
3 2 25
2 2 1
16 1 11
5 2 1
26 1 3
64 6 44
3 1 62
1 2 62
17 1 13
34 1 33
43 6 44
42 1 35
30 1 11
4 1 49
14 2 17
62 1 49
35 1 44
68 2 44
108 1 7
32 1 31
40 2 21
19 1 24
17 2 68
22 2 1
5 1 1
4 2 32
3 1 22
63 1 71
? 1 github_java_program_data/11/572.java

39 1 35
1 1 23
27 1 7
63 1 1
3 2 19
25 1 18
22 2 23
54 1 1
10 2 23
18 1 11
44 1 35
45 1 104
7 1 6
44 1 71
3 1 1
45 1 25
1 2 15
9 1 16
32 1 40
20 1 19
13 2 9
35 1 43
35 1 40
7 1 23
51 1 9
23 2 3
44 1 2
25 1 35
44 1 4
13 1 15
11 1 1
22 2 26
24 1 7
35 1 17
33 1 35
54 2 44
1 2 62
49 1 13
3 2 22
11 1 6
39 1 32
51 1 13
52 2 32
63 2 44
63 1 35
44 1 32
3 7 1
7 1 3
62 1 51
40 1 42
22 2 3
3 4 1
24 1 11
22 2 6
43 1 11
1 1 22
27 1 11
40 1 39
14 1 13
11 1 10
4 1 51
3 2 8
65 1 35
13 1 1
24 2 18
82 2 32
3 2 16
49 1 9
62 1 49
44 1 82
62 2 35
35 1 54
104 1 3
23 2 10
34 1 27
40 1 30
14 2 54
26 1 1
71 2 82
2 1 1
9 1 1
18 2 24
3 2 23
1 2 16
44 1 5
44 1 52
14 2 34
5 1 3
9 1 2
34 1 42
44 1 1
11 1 22
40 1 33
1 2 19
32 1 21
9 1 3
31 2 21
9 1 5
11 1 20
32 1 34
1 4 3
63 1 82
19 1 18
15 1 11
26 1 3
23 2 1
33 1 32
7 1 22
11 1 3
27 2 35
26 1 25
32 1 17
54 1 32
31 1 7
65 1 27
11 1 23
54 1 82
31 1 11
2 2 3
17 2 14
18 1 7
6 2 23
3 5 1
25 1 1
27 2 39
13 1 2
25 2 104
22 2 20
2 1 3
68 1 1
44 2 63
4 2 35
23 2 26
4 2 52
54 1 62
21 2 31
79 1 3
30 2 39
1 2 25
4 1 49
1 5 3
25 1 24
27 2 33
30 2 33
63 1 62
35 1 68
39 2 42
23 2 20
3 2 35
68 1 32
7 1 1
7 1 20
3 1 23
68 1 4
35 1 31
31 2 34
33 2 61
7 1 10
62 2 82
35 1 21
1 2 35
1 2 4
6 2 22
13 1 16
34 1 39
35 1 34
63 1 2
1 2 22
79 2 25
22 2 10
5 2 3
11 1 26
34 1 30
52 1 18
1 2 23
61 1 32
35 1 63
14 1 9
1 1 3
21 1 7
32 1 14
21 1 11
23 2 22
42 1 32
43 6 63
40 2 34
40 1 61
13 1 5
30 1 7
7 1 26
20 1 3
82 2 2
1 7 3
40 2 43
15 1 7
71 2 3
23 2 6
32 1 65
40 1 27
45 1 79
2 2 1
16 1 11
5 2 1
104 1 71
33 2 42
20 1 1
17 1 9
82 1 18
3 2 25
49 2 51
104 1 35
17 1 13
1 1 8
14 2 40
34 1 33
42 1 35
9 1 15
30 1 11
35 1 14
16 1 7
14 2 17
3 2 15
35 1 44
32 1 31
19 1 24
17 2 68
22 2 1
5 1 1
17 2 65
4 2 32
3 1 22
? 1 github_java_program_data/11/591.java

34 1 61
39 1 35
1 1 23
27 1 7
63 1 1
27 2 37
3 2 19
14 2 34
22 2 23
34 2 14
42 1 11
16 2 30
61 1 35
10 2 23
14 2 21
31 2 64
45 1 104
36 1 32
7 1 6
44 1 71
17 2 67
40 2 64
1 2 15
32 1 40
67 2 64
13 2 9
28 1 7
27 2 32
7 1 23
45 1 46
23 2 3
31 2 17
30 2 37
41 2 21
108 2 32
9 1 82
44 1 4
13 1 15
11 1 1
24 1 7
25 1 32
1 2 62
3 2 22
54 1 71
79 2 104
39 1 7
44 1 32
30 2 32
21 2 17
3 7 1
40 1 42
22 2 3
31 2 40
65 2 64
24 1 11
1 2 8
68 2 63
20 2 22
32 1 63
40 1 39
16 1 7
32 1 104
41 1 38
40 2 31
3 1 8
9 1 1
38 1 30
1 2 32
16 1 9
13 1 1
51 2 49
35 1 21
34 2 21
62 1 49
44 1 82
1 2 35
82 2 2
104 1 3
17 2 40
44 1 2
22 2 26
3 5 1
38 2 35
26 1 1
40 2 14
4 1 51
3 2 23
17 2 21
3 2 8
5 1 3
43 6 44
34 1 42
68 1 82
11 1 22
32 1 17
1 2 19
32 1 21
71 2 82
9 1 3
82 2 71
15 1 9
9 1 5
80 1 61
29 1 27
32 1 34
63 1 5
63 1 82
63 1 32
7 1 22
52 2 47
52 1 40
1 2 16
3 2 108
27 2 35
26 1 25
29 2 32
38 1 16
68 1 3
65 1 27
71 2 3
3 2 62
13 1 63
67 1 35
11 1 76
17 2 14
39 1 11
38 1 37
13 1 82
14 2 67
27 2 39
19 1 18
80 2 22
4 2 82
15 2 30
32 1 25
32 1 67
1 2 12
34 2 31
54 1 62
40 1 47
21 2 34
1 1 12
31 2 21
47 2 42
104 2 25
6 2 23
17 2 41
25 1 24
63 1 82
23 2 80
37 1 11
27 2 33
30 2 33
56 1 7
67 2 43
39 2 42
68 1 32
35 1 34
23 2 10
41 2 14
25 1 82
25 1 35
3 1 12
36 1 35
7 1 10
64 1 11
17 2 54
34 2 40
32 1 87
24 2 18
21 2 48
21 2 41
14 2 36
1 2 4
17 2 36
63 2 44
47 2 61
34 1 39
38 1 28
63 1 2
1 2 22
63 1 4
76 1 39
65 2 43
65 2 67
40 2 17
1 2 23
61 1 32
14 1 9
12 1 7
21 1 7
32 1 14
21 1 11
82 2 5
71 2 5
13 1 5
34 2 43
43 6 63
40 1 61
42 1 32
76 1 27
82 2 3
30 1 7
29 1 28
20 1 3
29 1 15
31 2 43
15 1 7
23 2 6
40 1 27
2 2 1
38 2 32
79 2 46
5 2 1
31 2 41
26 1 3
41 1 32
30 2 35
64 6 44
20 1 1
82 2 1
49 2 51
33 1 32
104 1 32
14 2 40
34 1 33
22 2 80
30 1 11
79 1 1
4 1 49
3 2 15
35 1 44
68 2 44
108 1 7
34 2 17
32 1 31
16 1 13
19 1 24
9 1 15
3 1 22
63 1 71
38 1 27
1 4 3
25 1 18
8 1 11
63 1 11
31 2 14
45 1 86
54 1 1
5 1 71
18 1 11
44 1 35
39 2 61
47 1 34
3 1 1
9 1 16
1 7 3
15 1 11
35 1 43
35 1 40
3 2 63
51 1 9
35 1 56
17 2 65
3 2 4
35 1 17
11 1 23
54 2 44
49 1 13
30 2 28
71 2 1
11 1 6
39 1 32
51 1 13
44 1 3
63 1 35
3 2 25
29 1 16
46 1 1
35 1 67
12 1 11
7 1 3
62 1 51
41 2 43
14 2 31
82 1 24
3 4 1
22 2 6
86 1 1
43 1 11
67 1 27
1 1 22
27 1 11
87 1 11
2 1 71
44 1 62
14 1 13
26 2 22
13 1 71
35 1 64
11 1 10
32 1 43
54 1 35
3 2 12
65 1 35
67 1 30
25 1 71
35 1 36
82 2 32
3 2 16
65 2 31
49 1 9
67 1 32
46 2 79
33 2 42
62 2 32
62 2 35
42 1 35
35 1 54
33 2 47
34 1 27
40 1 52
40 1 30
43 1 7
76 1 30
2 1 1
64 6 63
44 1 5
18 2 24
21 2 14
9 1 2
36 1 29
67 2 65
44 1 1
40 1 33
9 1 71
16 2 27
20 2 23
67 2 21
17 1 13
65 1 32
65 2 17
21 2 64
39 2 52
68 1 62
34 2 64
23 2 1
1 1 8
8 1 7
36 2 21
27 2 28
32 1 41
20 1 19
31 1 7
33 1 35
104 1 108
31 1 11
38 1 15
2 2 3
44 2 63
18 1 7
63 2 25
86 2 79
65 1 30
80 2 23
61 1 11
7 1 1
13 1 2
25 2 104
22 2 20
29 1 37
2 1 3
68 1 1
71 2 2
23 2 26
21 2 31
32 1 64
30 2 39
1 2 25
17 2 31
14 2 41
76 1 42
35 1 65
32 1 36
63 1 62
35 1 68
29 2 35
11 1 3
23 2 20
3 2 35
15 1 13
80 1 27
7 1 1
7 1 20
3 1 23
15 2 27
68 1 4
35 1 31
21 2 40
33 2 61
7 1 76
80 1 39
7 1 80
41 2 31
41 1 35
13 1 3
63 1 3
6 2 22
13 1 16
29 1 30
26 2 23
32 1 68
22 2 10
11 1 26
34 1 30
4 2 35
1 5 3
31 2 36
11 1 20
35 1 63
1 1 3
5 2 3
23 2 22
40 2 34
104 1 82
17 1 9
7 1 26
40 2 43
40 2 21
32 1 65
32 1 44
21 2 43
16 1 11
28 1 11
17 2 34
42 1 7
104 1 71
67 2 31
2 1 82
45 1 79
5 1 1
76 1 33
104 1 35
64 1 7
37 1 7
10 2 22
25 1 1
35 1 14
33 1 7
14 2 17
35 1 41
14 2 65
68 1 71
17 2 68
22 2 1
9 2 13
31 2 34
4 2 32
32 1 48
? 1 github_java_program_data/11/597.java

39 1 35
63 1 1
1 1 25
40 2 34
22 2 23
3 2 78
0 1 3
84 1 5
10 2 23
18 1 11
7 1 20
44 1 35
26 1 3
3 1 23
7 1 6
18 2 24
3 1 1
3 2 62
17 2 14
19 1 18
78 1 1
35 1 43
35 1 40
32 1 77
51 1 9
23 2 3
0 1 1
22 2 26
3 1 25
9 1 82
44 1 4
77 1 62
11 1 1
3 2 4
24 1 7
56 1 11
71 2 3
25 1 32
18 1 1
49 1 13
3 2 22
71 2 1
84 1 1
11 1 6
51 1 13
44 1 3
63 1 35
44 1 32
3 7 1
12 1 11
7 1 3
62 1 51
23 2 1
22 2 3
3 4 1
24 1 11
1 2 8
43 1 11
1 1 22
27 1 11
25 1 3
68 1 35
14 1 32
40 1 39
13 1 71
77 1 1
35 1 64
109 1 1
3 1 8
4 1 51
3 2 12
3 2 8
1 2 32
13 1 1
51 1 3
24 2 18
82 2 5
49 1 9
62 1 49
44 1 82
3 2 25
62 2 32
62 2 35
82 2 2
104 1 3
22 2 6
23 2 10
34 1 27
40 1 30
6 2 23
35 1 25
26 1 1
2 1 1
9 1 1
1 1 19
3 2 23
44 1 5
64 6 63
3 2 108
1 2 4
9 1 2
5 1 3
44 1 1
14 2 68
11 1 22
25 1 108
35 1 14
9 1 71
82 2 1
14 2 25
9 1 3
31 2 21
5 1 82
17 1 13
68 1 71
12 1 7
1 4 3
63 1 5
68 1 62
63 1 32
20 1 1
51 2 49
33 1 32
45 1 104
32 1 63
7 1 22
0 2 71
3 1 62
11 1 3
71 2 2
32 1 17
44 1 109
20 1 19
51 1 1
31 1 7
1 2 19
11 1 23
35 1 87
109 2 82
31 1 11
14 2 14
2 2 3
18 1 7
49 1 3
24 1 3
3 5 1
24 1 1
2 1 50
7 1 1
13 1 2
22 2 20
2 1 3
68 1 1
44 2 63
11 1 10
1 2 12
34 2 31
21 2 31
32 1 64
1 1 12
84 1 4
87 1 7
1 5 3
25 1 24
9 1 5
27 2 33
32 1 43
63 1 62
18 1 3
77 1 5
7 1 23
3 2 35
1 1 23
7 1 1
68 1 0
25 1 82
35 1 31
3 1 12
63 2 44
7 1 10
64 1 11
30 2 39
35 1 21
3 2 19
13 1 3
63 1 3
26 1 19
1 2 25
3 1 19
34 2 43
1 1 3
63 1 2
1 2 22
32 1 68
5 2 3
11 1 26
4 2 35
35 1 14
14 1 1
1 2 23
1 1 4
14 1 9
35 1 34
21 1 7
32 1 14
23 2 22
51 1 78
13 1 5
71 2 5
77 2 84
3 1 4
109 1 3
82 2 3
30 1 7
20 1 3
32 1 84
1 7 3
3 2 50
63 1 0
14 1 71
32 1 44
2 2 1
32 1 56
5 2 1
104 1 71
2 1 82
20 1 25
1 2 62
84 1 2
104 1 35
64 1 7
1 1 8
34 1 33
43 6 44
8 1 7
4 1 49
68 2 44
108 1 7
84 2 77
108 2 32
19 1 24
22 2 1
5 1 1
4 2 32
3 1 22
0 1 25
63 1 71
? 1 github_java_program_data/11/614.java

34 1 61
68 1 32
27 1 7
63 1 1
3 2 19
25 1 18
3 2 108
45 1 86
18 1 11
44 1 35
47 1 34
7 1 6
44 1 71
3 1 1
45 1 25
1 2 15
9 1 16
32 1 40
19 1 18
78 1 1
35 1 43
35 1 40
7 1 23
23 2 3
1 1 25
33 2 47
3 1 25
9 1 82
1 2 23
1 1 4
11 1 1
3 2 4
24 1 7
35 1 17
33 1 35
18 1 1
23 2 10
3 2 22
11 1 6
39 1 32
51 1 13
44 1 3
63 2 44
63 1 35
44 1 32
7 1 3
62 1 51
40 1 42
22 2 3
20 1 1
3 4 1
24 1 11
3 2 78
1 1 22
27 1 11
108 2 35
25 1 3
2 1 71
44 1 62
40 1 39
26 2 22
109 1 1
9 1 1
25 1 71
26 2 23
13 1 1
51 1 3
35 1 21
3 2 16
49 1 9
34 2 21
44 1 0
44 1 82
62 2 32
62 2 35
82 2 2
49 1 3
22 2 6
44 1 2
34 1 27
40 1 30
43 1 7
26 1 1
71 2 82
2 1 1
4 1 51
1 1 19
3 2 23
1 2 16
44 1 5
64 6 63
17 2 21
26 1 19
9 1 2
5 1 3
44 1 1
11 1 22
25 1 108
35 1 14
1 2 19
32 1 21
9 1 3
20 2 23
9 1 5
11 1 20
68 1 71
1 4 3
63 1 5
63 1 82
20 2 22
63 1 32
23 2 1
21 2 40
7 1 22
11 1 3
0 2 82
26 1 25
40 1 33
20 1 19
68 1 3
31 1 7
9 1 71
11 1 23
20 1 25
3 2 62
86 2 25
31 1 11
13 1 15
2 2 3
17 2 14
18 1 7
24 1 3
13 1 82
3 5 1
24 1 1
7 1 1
13 1 2
86 1 3
2 1 3
44 2 63
11 1 10
40 1 47
21 2 34
32 1 64
30 2 39
1 2 25
1 5 3
25 1 24
27 2 33
71 2 2
35 1 68
18 1 3
39 2 42
63 1 109
23 2 20
1 1 23
7 1 1
7 1 20
3 1 23
68 1 4
35 1 31
25 1 35
3 1 19
33 2 61
7 1 10
64 1 11
47 2 42
0 1 1
13 1 3
63 1 3
1 2 4
34 1 39
1 1 3
63 1 2
1 2 22
63 1 4
22 2 10
5 2 3
11 1 26
34 1 30
4 2 35
109 2 71
61 1 32
35 1 63
14 1 9
35 1 34
21 1 7
21 1 11
82 2 5
51 1 78
13 1 5
22 2 26
30 1 7
7 1 26
20 1 3
1 7 3
15 1 7
71 2 3
23 2 6
40 1 27
3 2 25
2 2 1
16 1 11
5 2 1
26 1 3
64 6 44
3 1 62
1 2 62
17 1 13
34 1 33
43 6 44
42 1 35
30 1 11
4 1 49
14 2 17
62 1 49
35 1 44
68 2 44
108 1 7
32 1 31
40 2 21
19 1 24
17 2 68
22 2 1
5 1 1
4 2 32
3 1 22
63 1 71
? 1 github_java_program_data/11/62.java

34 1 61
68 1 32
27 1 7
63 1 1
3 2 19
25 1 18
3 2 108
45 1 86
18 1 11
44 1 35
47 1 34
7 1 6
44 1 71
3 1 1
45 1 25
1 2 15
9 1 16
32 1 40
19 1 18
78 1 1
35 1 43
35 1 40
7 1 23
23 2 3
1 1 25
33 2 47
3 1 25
9 1 82
1 2 23
1 1 4
11 1 1
3 2 4
24 1 7
35 1 17
33 1 35
18 1 1
23 2 10
3 2 22
11 1 6
39 1 32
51 1 13
44 1 3
63 2 44
63 1 35
44 1 32
7 1 3
62 1 51
40 1 42
22 2 3
20 1 1
3 4 1
24 1 11
3 2 78
1 1 22
27 1 11
108 2 35
25 1 3
2 1 71
44 1 62
40 1 39
26 2 22
109 1 1
9 1 1
25 1 71
26 2 23
13 1 1
51 1 3
35 1 21
3 2 16
49 1 9
34 2 21
44 1 0
44 1 82
62 2 32
62 2 35
82 2 2
49 1 3
22 2 6
44 1 2
34 1 27
40 1 30
43 1 7
26 1 1
71 2 82
2 1 1
4 1 51
1 1 19
3 2 23
1 2 16
44 1 5
64 6 63
17 2 21
26 1 19
9 1 2
5 1 3
44 1 1
11 1 22
25 1 108
35 1 14
1 2 19
32 1 21
9 1 3
20 2 23
9 1 5
11 1 20
68 1 71
1 4 3
63 1 5
63 1 82
20 2 22
63 1 32
23 2 1
21 2 40
7 1 22
11 1 3
0 2 82
26 1 25
40 1 33
20 1 19
68 1 3
31 1 7
9 1 71
11 1 23
20 1 25
3 2 62
86 2 25
31 1 11
13 1 15
2 2 3
17 2 14
18 1 7
24 1 3
13 1 82
3 5 1
24 1 1
7 1 1
13 1 2
86 1 3
2 1 3
44 2 63
11 1 10
40 1 47
21 2 34
32 1 64
30 2 39
1 2 25
1 5 3
25 1 24
27 2 33
71 2 2
35 1 68
18 1 3
39 2 42
63 1 109
23 2 20
1 1 23
7 1 1
7 1 20
3 1 23
68 1 4
35 1 31
25 1 35
3 1 19
33 2 61
7 1 10
64 1 11
47 2 42
0 1 1
13 1 3
63 1 3
1 2 4
34 1 39
1 1 3
63 1 2
1 2 22
63 1 4
22 2 10
5 2 3
11 1 26
34 1 30
4 2 35
109 2 71
61 1 32
35 1 63
14 1 9
35 1 34
21 1 7
21 1 11
82 2 5
51 1 78
13 1 5
22 2 26
30 1 7
7 1 26
20 1 3
1 7 3
15 1 7
71 2 3
23 2 6
40 1 27
3 2 25
2 2 1
16 1 11
5 2 1
26 1 3
64 6 44
3 1 62
1 2 62
17 1 13
34 1 33
43 6 44
42 1 35
30 1 11
4 1 49
14 2 17
62 1 49
35 1 44
68 2 44
108 1 7
32 1 31
40 2 21
19 1 24
17 2 68
22 2 1
5 1 1
4 2 32
3 1 22
63 1 71
? 1 github_java_program_data/11/92.java

