7 2 22
87 1 20
73 1 65
10 2 65
20 2 7
30 1 7
26 2 7
40 1 59
25 8 32
25 8 26
34 1 30
5 2 4
42 1 31
30 8 26
42 1 41
40 1 39
14 2 100
19 8 45
13 8 87
153 2 45
37 1 27
42 2 27
22 2 24
7 8 12
10 2 12
96 8 15
56 1 25
31 8 64
37 1 57
12 1 7
38 2 43
56 2 49
37 8 38
10 7 7
54 2 65
3 2 6
35 8 25
18 1 10
59 2 52
42 8 40
96 2 14
7 5 10
7 8 45
31 1 30
11 2 10
27 8 48
19 8 161
14 2 96
10 11 7
52 2 57
35 1 7
61 2 52
25 8 39
42 1 62
16 1 15
28 8 30
10 2 13
37 8 62
7 1 28
23 1 32
11 2 17
6 2 75
49 1 30
57 8 37
63 1 17
65 2 10
41 8 64
45 1 14
75 2 6
56 2 50
12 8 16
55 2 22
27 2 75
23 1 34
7 8 15
4 2 5
53 8 40
7 4 10
69 2 62
64 1 62
63 1 15
27 2 45
23 8 7
153 2 161
18 2 16
57 2 39
15 1 10
1 2 2
51 1 50
12 2 7
10 2 33
17 1 10
27 1 11
18 1 17
18 1 12
11 2 7
64 2 63
6 1 4
50 8 51
7 2 23
49 1 25
37 2 51
69 2 41
45 1 7
38 2 56
15 1 49
7 2 33
30 1 35
39 6 45
62 2 68
3 1 1
10 14 7
10 8 16
12 1 13
12 8 18
42 2 63
153 1 10
48 1 27
41 8 42
62 2 69
38 1 37
25 8 57
12 1 11
25 1 24
10 8 7
40 8 41
64 1 68
87 1 13
7 8 30
57 2 53
2 2 1
56 2 38
53 2 27
32 8 33
48 1 153
45 1 19
45 1 10
57 1 30
38 2 41
30 1 22
22 8 7
14 1 13
23 8 35
62 8 42
15 8 27
28 2 7
62 8 64
59 8 40
25 1 22
3 1 2
61 8 40
7 8 25
10 12 7
7 14 10
37 1 59
10 8 12
25 8 52
37 8 73
43 8 64
45 1 54
52 1 30
36 8 37
30 8 56
28 8 7
19 2 54
7 2 49
34 2 32
30 1 28
23 2 7
14 1 65
69 8 42
15 8 63
7 1 33
30 8 31
22 8 25
14 8 73
43 1 37
40 1 64
33 1 32
20 8 96
28 2 55
63 8 37
40 1 52
7 8 14
15 1 7
20 8 100
39 8 40
17 1 12
31 2 62
68 2 62
63 8 40
27 2 64
64 1 43
6 1 5
75 2 27
63 2 27
6 8 48
16 1 7
7 8 18
7 8 16
30 8 34
10 2 22
22 8 10
15 8 16
96 8 73
24 1 10
30 8 49
10 8 24
38 8 42
73 1 14
11 2 13
96 2 12
40 8 62
20 1 16
49 2 56
34 1 25
54 2 10
24 2 22
63 2 42
41 2 69
7 8 73
6 2 3
34 8 33
33 2 10
39 1 25
7 8 35
42 8 37
7 1 22
13 2 11
56 8 64
13 2 17
12 1 10
30 8 32
57 8 40
56 2 62
32 8 23
27 8 40
25 8 31
10 1 33
3 8 48
26 1 30
40 1 53
63 2 64
62 1 40
28 8 10
62 1 37
68 1 64
100 1 54
52 8 40
10 8 15
42 1 56
30 1 55
25 1 29
153 8 48
7 1 23
62 2 31
56 8 42
18 8 54
19 8 12
10 2 14
41 2 68
7 2 26
10 2 54
10 1 7
39 2 57
37 1 61
75 1 46
17 8 18
87 1 7
65 8 14
27 2 42
7 12 10
49 8 15
17 2 13
54 2 7
7 2 54
40 2 19
57 1 25
57 2 52
13 8 12
48 1 6
43 2 38
37 1 64
27 1 17
64 8 37
26 2 10
17 8 16
10 8 25
16 8 20
27 8 37
17 1 26
22 8 30
7 1 10
25 8 56
55 8 25
30 1 29
50 2 56
65 8 73
35 1 33
17 2 11
61 8 37
68 8 64
15 1 12
24 8 25
33 8 10
2 8 3
46 8 75
48 1 73
161 1 19
10 8 14
10 2 23
41 2 38
64 2 27
7 2 12
17 8 27
10 8 18
87 8 18
45 1 40
14 1 11
16 1 14
5 8 6
26 1 25
15 1 96
73 2 45
29 8 25
42 1 43
40 8 45
51 1 56
161 1 10
62 2 56
53 2 57
45 2 73
10 8 45
14 8 45
52 8 37
10 8 17
48 1 3
25 1 10
17 8 63
49 2 7
12 1 19
7 2 13
46 1 7
45 1 100
100 8 45
18 8 20
40 1 27
10 2 19
45 13 39
52 2 61
16 1 12
22 2 10
40 8 38
19 2 10
14 2 7
14 2 10
73 1 37
100 1 20
13 2 7
25 1 28
14 1 7
22 2 28
37 1 42
14 1 10
52 2 42
16 2 18
34 8 23
37 1 36
19 2 40
27 2 63
7 2 28
11 8 14
22 2 55
7 2 11
29 2 28
18 1 14
51 8 53
7 8 87
40 1 61
65 2 37
10 1 28
153 1 65
31 2 38
40 1 57
12 2 13
11 2 15
100 2 14
64 1 31
12 8 87
7 8 10
32 1 30
37 1 63
12 2 10
59 8 37
31 1 25
38 1 40
13 2 10
25 1 55
27 1 15
30 8 36
161 2 153
18 1 87
64 1 41
30 1 10
68 2 43
10 8 30
11 8 63
54 8 100
73 1 7
4 8 6
14 8 17
45 8 48
56 1 30
16 1 10
63 1 11
30 8 52
10 8 153
65 2 54
22 2 7
23 8 24
10 5 7
13 2 12
13 8 27
17 1 14
42 1 38
11 8 12
13 8 14
38 2 31
42 1 69
14 8 18
35 8 30
57 2 59
54 8 73
48 1 75
10 2 26
25 1 7
53 1 37
27 2 53
75 8 48
11 8 27
43 2 68
18 1 7
33 1 34
54 1 16
16 8 54
32 1 25
40 1 42
10 1 22
96 1 20
41 1 40
64 1 56
10 4 7
49 8 51
64 8 68
37 8 43
28 2 22
14 8 16
10 2 28
36 1 30
73 8 48
31 8 42
20 1 18
28 2 10
55 8 30
7 11 10
24 1 23
20 8 87
33 8 35
29 8 30
35 1 23
7 7 10
59 2 57
73 1 54
16 1 17
10 2 49
12 8 17
7 8 17
54 8 45
10 1 23
69 1 42
7 2 20
45 2 153
45 2 27
28 2 29
12 8 15
25 8 49
52 1 25
68 2 41
12 2 96
56 8 51
161 8 48
10 8 161
25 1 35
10 2 11
30 8 57
51 1 49
54 2 19
26 8 17
87 1 12
48 1 161
52 2 59
37 2 65
33 2 7
1 8 3
28 8 25
49 2 10
25 8 34
43 8 42
64 1 38
54 1 18
40 1 63
37 8 53
38 8 64
7 8 46
7 2 14
55 2 28
37 1 52
48 1 45
51 2 37
32 2 34
42 8 69
33 8 7
23 2 10
53 1 51
42 2 52
17 1 7
15 2 11
23 8 10
64 8 40
65 8 153
27 1 13
73 1 96
? 1 github_cpp_program_data/28/114.cpp

45 1 20
20 2 7
45 1 10
25 8 32
25 8 26
5 2 4
42 1 31
23 8 7
26 8 15
72 1 56
37 1 27
1 2 91
73 2 90
7 8 12
40 2 54
31 8 120
31 8 64
33 8 35
76 2 4
90 1 37
45 2 83
20 8 45
54 2 37
31 8 72
24 1 33
37 2 56
43 1 25
54 2 7
27 8 48
105 1 73
17 1 12
52 2 57
10 8 14
96 8 101
28 8 30
10 2 13
37 8 62
68 2 62
23 1 32
105 1 45
49 1 30
57 8 37
52 2 63
3 8 48
45 1 14
37 2 20
117 1 35
56 8 72
55 2 22
53 8 40
64 1 62
26 8 51
73 1 10
7 4 10
27 2 57
18 2 16
7 8 15
51 1 50
82 1 112
10 8 35
117 1 24
81 2 10
40 1 108
28 2 24
50 8 51
101 1 10
49 1 25
38 2 56
15 1 49
7 2 33
30 1 35
39 6 45
62 2 68
57 2 63
10 14 7
40 8 118
12 1 13
90 1 54
42 2 63
33 8 24
112 1 10
117 2 40
62 2 69
25 8 57
12 1 11
34 1 25
90 2 73
40 8 41
30 8 32
10 2 37
57 2 53
2 2 1
57 2 36
75 1 46
38 2 41
30 1 22
22 8 7
14 1 13
23 8 35
28 2 7
25 1 22
3 1 2
7 8 25
10 12 7
64 2 52
17 2 15
10 8 12
22 2 29
22 8 10
37 8 73
17 1 26
101 1 37
108 1 31
36 8 37
42 2 57
40 8 53
30 8 41
34 2 32
32 1 30
23 2 7
78 2 93
93 1 91
15 8 63
7 1 33
30 8 31
14 8 73
43 1 37
40 1 64
20 8 96
90 2 112
64 8 40
63 8 37
30 1 122
45 8 82
7 8 14
15 1 7
39 8 40
100 2 12
49 8 17
30 8 80
37 1 82
40 1 36
26 2 31
20 8 112
6 8 48
76 1 7
30 8 34
56 2 38
36 2 52
27 8 106
27 8 105
24 1 10
10 8 118
38 8 42
73 1 14
20 2 37
64 1 69
20 1 16
7 2 80
83 1 10
54 2 10
63 2 42
7 8 73
76 8 78
34 8 33
33 2 10
63 2 72
7 1 22
101 1 96
64 1 41
37 8 41
31 2 37
76 2 77
32 8 23
27 8 40
4 2 76
24 8 30
26 1 30
40 1 53
52 2 64
28 8 10
62 1 37
73 13 39
53 1 40
52 8 40
28 2 22
10 2 28
37 1 39
7 1 23
56 8 42
18 8 54
18 1 15
12 8 73
27 2 45
7 2 26
39 2 108
7 2 22
7 11 10
17 8 18
30 8 26
7 12 10
40 2 56
10 7 7
99 1 24
72 1 40
13 8 12
48 1 6
37 1 64
27 1 17
26 2 10
82 8 40
17 8 16
27 8 37
14 8 17
80 2 7
7 8 35
22 8 30
24 2 35
25 8 56
55 8 25
52 1 30
41 2 69
96 2 10
57 2 42
24 8 25
118 2 63
48 1 83
2 8 3
54 2 40
10 2 23
41 2 38
108 2 39
7 2 12
40 8 72
62 8 122
16 1 14
5 8 6
101 2 75
22 2 10
64 2 42
40 8 45
37 2 10
45 2 73
64 2 39
90 1 117
52 8 37
7 8 76
48 1 3
10 8 83
7 2 13
100 8 45
23 8 24
42 2 64
31 8 108
37 2 31
16 1 12
52 2 36
37 8 45
13 2 7
14 1 7
24 8 99
106 8 40
22 2 28
91 1 10
34 8 23
37 1 36
24 8 117
112 1 20
40 8 83
72 2 39
7 2 11
51 8 53
99 2 20
25 8 38
93 2 78
54 1 18
7 8 10
72 1 31
40 8 38
62 2 31
20 2 117
13 2 10
25 1 55
27 1 15
82 2 105
40 2 10
50 1 25
82 8 37
37 8 72
7 8 24
80 1 30
4 8 6
56 1 30
31 2 26
90 8 82
63 2 57
30 8 52
7 7 10
43 8 122
22 2 7
39 2 72
30 8 49
48 1 75
17 1 14
11 8 12
29 2 28
56 2 40
54 8 73
10 2 26
81 8 10
45 1 37
17 1 49
40 1 72
75 8 48
122 1 56
52 2 27
54 1 16
112 2 27
101 2 118
35 2 28
40 1 42
10 1 22
40 2 31
23 1 34
41 1 40
91 2 1
73 8 105
40 1 82
37 8 43
20 1 18
42 1 56
14 8 16
31 8 42
46 1 7
28 2 10
106 1 27
41 1 37
69 2 62
72 2 36
12 8 17
10 1 80
7 2 20
50 2 31
37 1 72
15 8 18
11 2 13
36 1 25
20 2 40
73 8 82
10 2 11
36 2 57
24 1 7
24 2 28
41 8 120
57 2 52
69 8 64
33 2 7
72 1 37
1 8 3
48 1 118
108 8 40
25 8 50
31 8 51
63 2 64
118 1 10
38 8 64
72 2 27
10 1 81
13 2 11
25 1 35
10 2 80
12 2 100
42 2 52
10 2 49
1 2 2
12 2 10
105 1 27
73 1 40
39 2 52
31 2 40
25 1 120
122 8 30
10 8 101
30 8 81
20 2 10
27 2 52
20 8 90
25 8 36
34 1 30
35 8 99
42 1 41
72 2 63
40 1 39
91 2 92
99 8 112
28 8 7
10 2 12
73 13 36
56 1 25
37 1 57
12 1 7
38 2 43
37 8 38
112 1 99
42 8 40
7 8 45
31 1 30
11 2 10
108 2 52
10 5 7
10 11 7
35 1 7
11 2 7
25 8 39
42 1 62
16 1 15
64 2 63
27 2 112
54 8 96
7 1 28
99 2 40
36 1 30
93 8 48
118 1 40
63 1 17
99 1 35
41 8 64
40 1 79
12 8 16
96 1 20
35 2 24
4 2 5
120 1 31
63 1 15
80 2 10
37 8 101
68 2 41
36 6 73
12 2 7
10 2 33
17 1 10
38 8 120
30 1 24
18 1 17
101 8 48
63 8 48
6 1 4
79 8 40
80 8 10
83 8 48
69 2 41
41 1 30
3 1 1
122 1 43
42 1 68
10 8 16
40 1 106
42 8 69
48 1 27
10 2 96
38 1 37
112 8 82
62 1 30
10 8 7
10 2 20
7 8 30
90 1 7
32 8 33
77 8 78
45 1 12
57 1 30
57 2 27
7 1 10
63 8 82
62 8 42
15 8 27
62 8 64
18 8 20
26 1 25
96 1 54
96 8 83
82 1 63
120 1 41
36 8 40
10 2 81
43 8 64
33 1 32
49 2 7
78 2 3
27 2 72
68 8 42
64 1 31
10 2 14
35 1 33
40 8 90
22 8 25
28 8 25
25 8 80
37 2 54
6 1 5
28 2 55
30 1 7
45 8 105
3 2 6
12 8 15
35 8 25
30 8 62
39 2 64
31 2 62
63 8 40
27 2 64
16 1 7
30 1 28
45 1 7
7 8 16
40 2 99
25 8 49
63 8 106
81 8 7
15 8 16
48 1 78
1 8 93
10 8 24
52 1 25
35 8 117
63 2 27
40 8 62
105 2 82
25 1 24
106 1 63
78 1 4
108 1 56
40 2 51
39 6 73
6 2 3
62 2 43
42 8 37
73 8 48
56 8 64
56 8 108
12 1 10
62 1 40
57 8 40
3 2 78
80 1 25
25 8 31
10 1 33
120 8 25
14 8 15
40 8 112
30 8 57
92 8 93
51 2 40
79 2 82
68 1 64
100 1 54
10 8 15
72 8 37
30 1 55
25 1 29
52 2 108
63 2 108
83 1 96
41 2 68
10 2 54
10 1 7
93 1 1
26 2 7
7 1 81
49 8 15
105 1 63
7 2 54
57 1 25
26 8 17
78 1 77
43 2 38
64 8 37
10 8 25
39 1 30
16 8 20
48 1 101
112 2 90
30 1 29
7 2 49
37 8 90
40 1 52
15 1 12
7 5 10
75 2 101
48 1 73
92 2 91
17 8 27
75 2 93
91 8 93
45 1 40
14 1 11
14 8 45
73 2 45
29 8 25
42 1 43
16 2 18
27 2 63
82 1 90
62 2 56
53 2 57
10 8 17
45 8 48
25 1 10
33 8 7
43 8 42
51 1 26
45 1 100
32 1 25
39 8 37
25 8 52
14 2 7
14 2 10
73 1 37
78 1 76
48 1 45
25 1 28
90 1 20
17 8 63
54 8 90
10 8 73
81 2 7
37 1 42
14 1 10
52 2 42
36 2 72
90 1 40
63 8 105
22 2 55
4 8 78
38 1 25
31 2 38
40 1 57
117 8 90
108 2 63
37 1 63
15 1 26
10 8 45
31 1 25
38 1 40
120 1 38
82 1 73
29 2 22
30 8 36
28 2 35
82 2 79
10 8 91
36 6 45
30 1 10
10 8 30
63 2 118
37 8 108
15 2 17
40 8 73
54 8 100
73 1 7
108 1 37
64 2 27
122 1 62
16 1 10
62 2 41
31 2 50
7 2 23
7 14 10
35 1 10
42 1 38
30 8 56
13 8 14
38 2 31
10 1 28
43 2 62
15 1 14
35 8 30
7 8 90
56 8 122
105 8 40
33 8 10
52 2 39
25 1 7
118 8 48
40 8 43
10 2 40
32 2 34
48 1 93
33 1 34
27 8 82
16 8 54
40 1 27
49 2 10
64 1 56
10 4 7
64 8 68
93 1 92
51 1 31
55 8 30
24 1 23
15 1 10
7 2 81
40 2 117
29 8 30
35 1 23
73 1 54
64 2 57
16 1 17
30 8 39
7 8 17
10 1 23
69 1 42
78 8 48
45 2 27
28 2 29
83 2 45
10 2 22
40 1 105
83 1 40
39 1 25
77 2 76
45 13 39
56 2 62
72 8 40
82 1 27
48 1 63
41 8 42
81 1 30
46 8 75
64 1 43
41 2 62
25 8 34
64 1 38
117 2 20
25 8 43
82 1 45
40 1 63
10 8 112
7 2 28
7 8 46
7 2 14
55 2 28
37 1 52
112 1 40
63 2 52
93 2 75
11 8 14
40 2 20
118 2 101
23 2 10
56 2 37
43 1 40
53 1 51
17 1 7
73 1 12
23 8 10
12 8 45
20 2 99
57 2 64
45 13 36
? 1 github_cpp_program_data/28/124.cpp

7 2 22
87 1 20
73 1 65
10 2 65
20 2 7
30 1 7
26 2 7
40 1 59
25 8 32
25 8 26
34 1 30
5 2 4
42 1 31
30 8 26
42 1 41
40 1 39
14 2 100
19 8 45
13 8 87
153 2 45
37 1 27
42 2 27
22 2 24
7 8 12
10 2 12
96 8 15
56 1 25
31 8 64
37 1 57
12 1 7
38 2 43
56 2 49
37 8 38
10 7 7
54 2 65
3 2 6
35 8 25
18 1 10
59 2 52
42 8 40
96 2 14
7 5 10
7 8 45
31 1 30
11 2 10
27 8 48
19 8 161
14 2 96
10 11 7
52 2 57
35 1 7
61 2 52
25 8 39
42 1 62
16 1 15
28 8 30
10 2 13
37 8 62
7 1 28
23 1 32
11 2 17
6 2 75
49 1 30
57 8 37
63 1 17
65 2 10
41 8 64
45 1 14
75 2 6
56 2 50
12 8 16
55 2 22
27 2 75
23 1 34
7 8 15
4 2 5
53 8 40
7 4 10
69 2 62
64 1 62
63 1 15
27 2 45
23 8 7
153 2 161
18 2 16
57 2 39
15 1 10
1 2 2
51 1 50
12 2 7
10 2 33
17 1 10
27 1 11
18 1 17
18 1 12
11 2 7
64 2 63
6 1 4
50 8 51
7 2 23
49 1 25
37 2 51
69 2 41
45 1 7
38 2 56
15 1 49
7 2 33
30 1 35
39 6 45
62 2 68
3 1 1
10 14 7
10 8 16
12 1 13
12 8 18
42 2 63
153 1 10
48 1 27
41 8 42
62 2 69
38 1 37
25 8 57
12 1 11
25 1 24
10 8 7
40 8 41
64 1 68
87 1 13
7 8 30
57 2 53
2 2 1
56 2 38
53 2 27
32 8 33
48 1 153
45 1 19
45 1 10
57 1 30
38 2 41
30 1 22
22 8 7
14 1 13
23 8 35
62 8 42
15 8 27
28 2 7
62 8 64
59 8 40
25 1 22
3 1 2
61 8 40
7 8 25
10 12 7
7 14 10
37 1 59
10 8 12
25 8 52
37 8 73
43 8 64
45 1 54
52 1 30
36 8 37
30 8 56
28 8 7
19 2 54
7 2 49
34 2 32
30 1 28
23 2 7
14 1 65
69 8 42
15 8 63
7 1 33
30 8 31
22 8 25
14 8 73
43 1 37
40 1 64
33 1 32
20 8 96
28 2 55
63 8 37
40 1 52
7 8 14
15 1 7
20 8 100
39 8 40
17 1 12
31 2 62
68 2 62
63 8 40
27 2 64
64 1 43
6 1 5
75 2 27
63 2 27
6 8 48
16 1 7
7 8 18
7 8 16
30 8 34
10 2 22
22 8 10
15 8 16
96 8 73
24 1 10
30 8 49
10 8 24
38 8 42
73 1 14
11 2 13
96 2 12
40 8 62
20 1 16
49 2 56
34 1 25
54 2 10
24 2 22
63 2 42
41 2 69
7 8 73
6 2 3
34 8 33
33 2 10
39 1 25
7 8 35
42 8 37
7 1 22
13 2 11
56 8 64
13 2 17
12 1 10
30 8 32
57 8 40
56 2 62
32 8 23
27 8 40
25 8 31
10 1 33
3 8 48
26 1 30
40 1 53
63 2 64
62 1 40
28 8 10
62 1 37
68 1 64
100 1 54
52 8 40
10 8 15
42 1 56
30 1 55
25 1 29
153 8 48
7 1 23
62 2 31
56 8 42
18 8 54
19 8 12
10 2 14
41 2 68
7 2 26
10 2 54
10 1 7
39 2 57
37 1 61
75 1 46
17 8 18
87 1 7
65 8 14
27 2 42
7 12 10
49 8 15
17 2 13
54 2 7
7 2 54
40 2 19
57 1 25
57 2 52
13 8 12
48 1 6
43 2 38
37 1 64
27 1 17
64 8 37
26 2 10
17 8 16
10 8 25
16 8 20
27 8 37
17 1 26
22 8 30
7 1 10
25 8 56
55 8 25
30 1 29
50 2 56
65 8 73
35 1 33
17 2 11
61 8 37
68 8 64
15 1 12
24 8 25
33 8 10
2 8 3
46 8 75
48 1 73
161 1 19
10 8 14
10 2 23
41 2 38
64 2 27
7 2 12
17 8 27
10 8 18
87 8 18
45 1 40
14 1 11
16 1 14
5 8 6
26 1 25
15 1 96
73 2 45
29 8 25
42 1 43
40 8 45
51 1 56
161 1 10
62 2 56
53 2 57
45 2 73
10 8 45
14 8 45
52 8 37
10 8 17
48 1 3
25 1 10
17 8 63
49 2 7
12 1 19
7 2 13
46 1 7
45 1 100
100 8 45
18 8 20
40 1 27
10 2 19
45 13 39
52 2 61
16 1 12
22 2 10
40 8 38
19 2 10
14 2 7
14 2 10
73 1 37
100 1 20
13 2 7
25 1 28
14 1 7
22 2 28
37 1 42
14 1 10
52 2 42
16 2 18
34 8 23
37 1 36
19 2 40
27 2 63
7 2 28
11 8 14
22 2 55
7 2 11
29 2 28
18 1 14
51 8 53
7 8 87
40 1 61
65 2 37
10 1 28
153 1 65
31 2 38
40 1 57
12 2 13
11 2 15
100 2 14
64 1 31
12 8 87
7 8 10
32 1 30
37 1 63
12 2 10
59 8 37
31 1 25
38 1 40
13 2 10
25 1 55
27 1 15
30 8 36
161 2 153
18 1 87
64 1 41
30 1 10
68 2 43
10 8 30
11 8 63
54 8 100
73 1 7
4 8 6
14 8 17
45 8 48
56 1 30
16 1 10
63 1 11
30 8 52
10 8 153
65 2 54
22 2 7
23 8 24
10 5 7
13 2 12
13 8 27
17 1 14
42 1 38
11 8 12
13 8 14
38 2 31
42 1 69
14 8 18
35 8 30
57 2 59
54 8 73
48 1 75
10 2 26
25 1 7
53 1 37
27 2 53
75 8 48
11 8 27
43 2 68
18 1 7
33 1 34
54 1 16
16 8 54
32 1 25
40 1 42
10 1 22
96 1 20
41 1 40
64 1 56
10 4 7
49 8 51
64 8 68
37 8 43
28 2 22
14 8 16
10 2 28
36 1 30
73 8 48
31 8 42
20 1 18
28 2 10
55 8 30
7 11 10
24 1 23
20 8 87
33 8 35
29 8 30
35 1 23
7 7 10
59 2 57
73 1 54
16 1 17
10 2 49
12 8 17
7 8 17
54 8 45
10 1 23
69 1 42
7 2 20
45 2 153
45 2 27
28 2 29
12 8 15
25 8 49
52 1 25
68 2 41
12 2 96
56 8 51
161 8 48
10 8 161
25 1 35
10 2 11
30 8 57
51 1 49
54 2 19
26 8 17
87 1 12
48 1 161
52 2 59
37 2 65
33 2 7
1 8 3
28 8 25
49 2 10
25 8 34
43 8 42
64 1 38
54 1 18
40 1 63
37 8 53
38 8 64
7 8 46
7 2 14
55 2 28
37 1 52
48 1 45
51 2 37
32 2 34
42 8 69
33 8 7
23 2 10
53 1 51
42 2 52
17 1 7
15 2 11
23 8 10
64 8 40
65 8 153
27 1 13
73 1 96
? 1 github_cpp_program_data/28/151.cpp

7 2 22
7 2 100
53 8 37
74 1 37
63 8 37
26 2 7
12 2 7
40 1 59
25 8 32
62 2 31
34 1 30
42 1 31
45 8 48
30 8 26
23 8 7
40 1 39
54 8 74
100 8 112
19 8 45
72 1 56
37 1 27
49 8 15
42 2 27
64 2 52
62 2 43
7 8 12
10 2 12
19 8 12
48 1 90
56 1 25
100 2 12
31 8 64
74 2 112
37 1 57
12 1 7
90 1 37
40 1 108
37 8 38
3 2 90
10 7 7
54 2 37
54 2 65
35 8 25
18 1 10
27 2 52
24 1 33
96 2 14
7 5 10
37 8 43
7 8 45
31 1 30
57 2 52
11 2 10
10 5 7
14 2 96
10 11 7
52 2 57
10 8 14
11 2 7
25 8 39
42 1 62
16 1 15
28 8 30
10 2 13
37 8 62
7 1 28
39 2 42
51 1 31
23 1 32
7 2 19
11 2 17
57 8 37
63 1 17
65 2 10
25 8 36
45 1 14
38 2 68
53 1 40
12 8 16
56 8 72
69 1 64
54 2 19
65 2 37
96 1 20
19 2 7
57 2 39
7 4 10
40 2 54
64 1 62
63 1 15
73 1 10
42 1 41
45 1 65
18 2 16
112 1 54
1 2 2
51 1 50
72 1 37
33 8 35
10 8 35
10 2 33
17 1 10
27 1 11
54 2 40
30 1 24
18 1 17
28 2 24
26 8 15
64 2 63
99 8 90
50 8 51
7 2 23
49 1 25
12 1 65
69 2 41
45 1 7
38 2 56
15 1 49
7 2 33
30 1 35
39 6 45
117 2 40
10 2 54
3 1 1
10 14 7
42 1 68
57 2 108
10 8 16
12 1 13
12 8 18
14 1 19
90 1 54
37 2 56
33 8 24
41 8 42
62 2 69
38 1 37
25 8 57
12 1 11
34 1 25
10 8 7
40 8 41
30 8 32
7 8 30
90 1 7
2 2 1
56 2 38
32 8 33
57 2 63
45 1 19
45 1 10
74 1 7
37 2 65
30 1 22
7 1 10
14 1 13
23 8 35
62 8 42
15 8 27
28 2 7
62 8 64
59 8 40
25 1 22
3 1 2
42 2 64
7 8 25
112 1 7
10 12 7
7 14 10
117 8 112
10 8 12
65 8 45
22 2 29
108 2 63
36 8 40
37 8 73
74 8 48
43 8 64
45 1 54
24 2 28
36 8 37
30 8 56
40 8 53
28 8 7
14 1 10
19 2 54
27 2 72
3 8 48
68 8 42
64 1 31
23 2 7
14 1 65
64 8 40
65 8 17
7 1 33
30 8 31
10 2 65
17 1 65
14 8 73
37 2 54
7 8 74
43 1 37
40 1 64
73 1 19
33 1 32
20 8 96
90 2 112
30 1 7
13 2 10
57 2 42
7 8 14
15 1 7
20 8 100
39 8 40
90 2 3
17 1 12
31 2 62
50 2 31
63 8 40
117 1 35
74 2 45
40 1 36
42 2 57
63 2 27
16 1 7
7 8 18
7 8 16
54 2 117
30 8 34
10 2 22
22 8 10
15 8 16
96 8 73
20 1 16
10 8 24
38 8 42
99 2 54
73 1 14
11 2 13
35 8 117
96 2 12
40 8 62
24 1 10
25 1 24
54 2 10
108 1 56
40 2 51
7 8 73
90 8 48
39 6 73
34 8 33
33 2 10
112 1 100
48 1 74
7 8 35
49 2 31
42 8 37
7 1 22
56 8 64
56 8 108
12 1 10
62 1 40
25 1 35
17 2 11
37 8 41
56 2 62
32 8 23
27 8 40
45 1 12
10 1 33
7 2 49
24 8 30
40 8 112
72 8 40
63 2 64
10 2 23
52 2 64
57 2 53
51 2 40
28 8 10
62 1 37
68 1 64
42 8 40
52 8 40
10 8 15
42 1 56
20 1 18
25 1 29
37 1 39
7 1 23
74 1 54
63 2 108
56 8 42
18 8 54
18 1 15
12 8 73
10 2 14
41 2 68
7 2 26
73 1 65
10 1 7
37 1 61
7 11 10
17 8 18
117 2 54
65 8 14
27 2 42
7 12 10
99 1 24
54 2 7
7 2 54
57 1 30
57 1 25
72 1 40
13 8 12
37 1 64
27 1 17
99 2 37
64 8 37
26 2 10
96 8 90
17 8 16
10 8 25
39 1 30
16 8 20
27 8 37
53 2 52
14 8 17
17 1 26
22 8 30
23 8 10
22 8 7
112 2 90
25 8 56
25 8 52
52 1 30
41 2 69
65 8 73
35 1 33
37 8 90
61 8 37
40 1 52
64 8 69
24 8 25
37 2 99
28 2 22
33 8 10
2 8 3
48 1 73
14 8 15
65 8 12
74 1 96
7 2 12
64 1 43
17 8 27
10 8 18
65 2 12
45 1 40
35 1 10
14 1 11
14 8 45
33 8 7
37 1 53
22 2 10
73 2 45
29 8 25
40 8 45
68 2 38
62 2 56
53 2 57
45 2 73
10 8 45
16 1 14
52 8 37
10 8 17
48 1 3
25 1 10
17 8 63
49 2 7
12 1 19
7 2 13
45 1 100
100 8 45
18 8 20
40 1 27
10 2 19
45 2 74
45 13 39
39 8 37
16 1 12
112 2 74
56 2 37
19 2 10
14 2 7
14 2 10
73 1 37
100 1 20
13 2 7
25 1 28
64 2 42
24 8 99
17 1 14
22 2 28
54 8 90
10 8 73
37 1 59
37 1 42
112 1 117
52 2 42
16 2 18
34 8 23
37 1 36
19 2 40
27 2 63
7 2 28
11 8 14
54 8 112
7 2 11
7 8 112
18 1 14
51 8 53
19 2 37
14 2 100
25 8 31
42 1 69
31 2 38
40 1 57
11 2 15
100 2 14
14 2 65
7 8 10
32 1 30
40 8 38
15 1 26
59 8 37
31 1 25
38 1 40
26 1 30
41 8 64
27 1 15
65 2 14
29 2 22
30 8 36
28 2 35
112 8 48
64 1 41
36 6 45
54 2 99
37 8 72
30 1 10
65 8 15
10 8 30
7 8 24
37 8 108
40 8 73
40 2 19
73 1 7
39 2 57
108 1 37
40 8 72
56 1 30
29 2 28
16 1 10
37 8 74
63 2 57
69 8 42
62 2 41
30 8 52
31 2 50
73 13 39
22 2 7
23 8 24
14 1 7
42 1 38
11 8 12
13 8 14
38 2 31
10 1 28
43 2 62
14 8 18
35 1 7
15 1 14
35 8 30
54 8 73
7 8 90
19 8 14
10 2 26
45 1 37
25 1 7
48 1 112
42 2 39
40 1 72
13 2 11
11 8 27
36 1 25
18 1 7
90 1 96
54 1 16
16 8 54
32 1 25
15 1 65
40 1 42
10 1 22
23 1 34
41 1 40
31 2 49
64 1 56
34 2 32
49 8 51
64 8 68
30 1 28
69 2 62
72 8 37
14 8 16
36 1 30
73 8 48
31 8 42
10 2 28
28 2 10
7 8 15
96 8 74
24 1 23
15 1 10
41 1 37
40 2 117
18 1 12
35 1 23
7 7 10
42 2 52
73 1 54
16 1 17
30 8 39
12 8 17
7 8 17
96 2 7
54 8 45
10 1 23
65 2 54
15 8 63
7 2 96
28 2 29
90 1 99
37 1 72
52 2 53
15 8 18
25 8 49
10 4 7
52 1 25
68 2 41
12 2 96
39 1 25
72 2 57
57 8 40
10 2 11
30 8 57
51 1 49
24 1 7
33 1 34
15 2 11
26 8 17
22 8 25
33 2 7
52 2 27
57 2 72
1 8 3
28 8 25
41 2 62
40 2 56
108 8 40
37 1 63
25 8 34
31 8 51
64 1 38
54 1 18
40 1 63
38 8 64
12 2 65
7 2 14
72 2 27
37 1 52
37 8 45
112 1 40
56 2 40
32 2 34
35 2 28
23 2 10
12 2 100
53 1 51
100 2 7
17 1 7
37 2 19
73 1 12
19 8 73
108 2 57
12 8 45
12 2 10
48 1 45
73 1 40
45 13 36
73 1 96
? 1 github_cpp_program_data/28/153.cpp

45 1 20
30 8 81
20 2 10
30 1 7
26 2 7
40 1 59
25 8 32
25 8 26
34 1 30
37 2 20
42 1 31
42 1 41
72 2 63
52 1 22
40 1 39
26 8 15
72 1 56
37 1 27
49 8 15
72 2 52
64 2 52
62 2 43
20 2 7
7 8 12
10 2 12
73 13 36
56 1 25
15 1 7
31 8 64
33 8 35
37 1 57
12 1 7
38 2 43
7 2 80
40 1 108
37 8 38
20 8 45
54 2 37
39 8 40
42 8 40
7 8 45
31 1 30
54 2 7
108 2 52
10 5 7
10 11 7
52 2 57
35 1 7
31 2 62
25 8 39
16 1 15
40 2 20
28 8 30
37 8 62
23 1 32
15 1 10
49 1 30
57 8 37
63 1 17
62 2 31
25 8 36
45 1 14
7 1 80
56 8 72
55 2 22
23 1 34
40 1 82
7 2 23
64 1 62
63 1 15
73 1 10
7 4 10
45 1 65
27 2 57
18 2 16
37 1 108
36 6 73
72 1 37
12 2 7
10 8 35
10 2 33
17 1 10
81 2 10
54 2 40
30 1 24
18 1 17
101 8 48
64 2 63
32 1 30
10 7 7
80 8 10
49 1 25
38 2 56
15 1 49
7 2 33
30 1 35
63 2 72
10 14 7
35 2 22
22 2 35
37 2 56
42 2 63
41 8 42
38 1 37
25 8 57
34 1 25
10 8 7
40 8 41
108 8 37
10 2 28
7 8 30
56 2 38
57 2 36
32 8 33
45 1 12
57 1 30
57 2 27
30 1 22
7 1 10
63 8 82
62 8 42
15 8 27
28 2 7
62 8 64
59 8 40
25 1 22
7 12 10
7 8 25
10 12 7
25 2 22
82 1 63
17 2 15
101 1 40
10 8 12
65 8 45
22 2 29
81 8 7
36 2 57
36 8 40
37 8 73
10 2 81
108 1 31
52 1 30
36 8 37
42 2 57
42 2 108
40 2 54
34 2 32
64 1 31
10 2 14
16 1 17
40 8 38
30 8 31
10 8 14
15 1 26
22 8 25
28 8 25
25 8 80
40 8 101
43 1 37
10 8 24
73 1 19
33 1 32
73 1 12
28 2 55
63 8 37
45 8 82
7 8 14
22 8 52
12 8 15
35 8 25
7 2 40
17 1 12
49 8 17
30 8 80
63 8 40
28 2 25
40 1 36
63 2 27
45 1 7
72 2 64
30 8 34
10 2 22
36 2 52
22 2 25
52 2 72
80 2 7
57 1 28
15 8 16
28 2 22
24 1 10
30 8 49
40 1 64
38 8 42
73 1 14
20 2 37
40 8 62
20 1 16
25 1 24
54 2 10
40 2 17
24 2 22
108 1 56
7 8 73
101 2 73
108 2 63
34 8 33
33 2 10
42 2 27
101 1 17
7 8 35
42 8 37
73 8 48
30 2 22
56 8 64
56 8 108
12 1 10
80 8 7
57 8 40
37 8 41
10 2 20
55 8 30
32 8 23
27 8 40
80 1 25
25 8 31
31 8 72
24 8 30
26 1 30
72 8 40
63 2 64
62 1 40
52 2 64
37 2 54
7 2 81
62 1 37
42 2 64
52 8 40
10 8 15
72 8 37
20 1 18
25 1 29
37 1 39
52 2 108
63 2 108
56 8 42
18 8 54
7 8 24
12 8 73
7 2 26
10 2 54
10 1 7
7 2 22
7 11 10
17 8 18
7 1 81
30 8 26
27 2 42
45 1 10
40 2 56
7 2 54
57 1 25
72 1 40
25 8 52
42 1 62
63 2 42
37 1 64
27 1 17
64 8 37
26 2 10
82 8 40
17 8 16
108 2 27
10 8 25
39 1 30
16 8 20
27 8 37
14 8 17
17 1 26
22 8 30
24 1 7
64 2 27
48 1 101
25 8 56
55 8 25
30 1 29
7 2 49
35 1 33
40 1 52
15 1 12
24 8 25
28 8 57
7 5 10
48 1 73
14 8 15
10 2 23
41 2 38
41 2 62
7 2 12
17 8 27
65 2 12
45 1 40
35 1 10
14 8 45
17 8 63
26 1 25
81 1 25
73 2 45
29 8 25
42 1 43
16 2 18
27 2 63
108 1 40
62 2 56
45 2 73
10 8 45
28 2 30
52 8 37
10 8 17
45 8 48
25 1 10
30 8 56
38 2 41
30 2 28
23 8 24
40 1 27
39 8 37
31 8 108
37 2 31
23 2 7
22 2 10
14 2 7
14 2 10
52 2 36
73 1 37
37 8 45
25 1 28
64 2 42
14 1 7
22 2 28
10 8 73
81 2 7
37 1 42
14 1 10
40 8 45
34 8 23
80 2 10
37 1 36
22 2 55
31 2 40
19 2 12
29 2 28
30 8 32
31 2 38
40 1 57
54 1 18
7 8 10
72 1 31
37 1 63
12 2 10
31 1 25
38 1 40
25 1 55
27 1 15
29 2 22
30 8 36
27 2 108
64 2 72
64 1 41
36 6 45
37 8 72
30 1 10
22 2 30
10 8 30
18 1 15
37 8 108
15 2 17
80 1 30
73 1 7
108 1 37
40 8 72
56 1 30
27 2 72
62 2 41
30 8 52
7 7 10
22 2 7
18 8 20
7 14 10
40 2 7
17 1 14
42 1 38
31 2 37
57 2 42
38 2 31
43 2 62
7 2 28
56 2 40
15 1 14
35 8 30
54 8 73
81 8 10
43 2 38
10 2 26
45 1 37
52 2 39
25 1 7
55 2 28
17 1 49
40 1 72
40 8 43
36 1 25
33 1 34
54 1 16
27 8 82
16 8 54
32 1 25
40 1 42
42 2 36
40 2 31
49 2 7
41 1 40
64 1 56
23 2 10
10 4 7
37 8 43
42 1 56
40 8 108
36 1 30
57 2 52
31 8 42
30 1 55
28 2 10
7 8 15
24 1 23
101 1 7
41 1 37
29 8 30
73 1 54
64 8 40
17 1 7
30 8 39
12 8 17
7 8 17
45 2 63
10 1 80
7 2 20
15 8 63
27 2 64
12 2 19
28 2 29
37 1 72
7 8 101
15 8 18
25 8 49
52 1 25
36 2 42
39 1 25
20 2 40
72 2 57
25 1 35
56 2 62
30 8 57
82 1 27
12 8 45
26 8 17
33 2 7
57 2 72
81 1 30
14 8 73
22 2 24
108 8 40
25 2 28
25 8 34
43 8 42
64 1 38
63 2 45
82 1 45
17 2 40
40 1 63
25 8 81
38 8 64
12 2 65
7 2 14
72 2 27
37 1 52
48 1 45
40 8 73
10 1 81
32 2 34
17 8 101
49 2 10
10 2 80
56 2 37
43 1 40
10 2 49
73 2 101
19 8 73
41 8 64
73 1 40
39 2 52
30 1 28
45 13 36
108 2 42
? 1 github_cpp_program_data/28/156.cpp

45 1 20
20 2 7
45 1 10
25 8 32
25 8 26
5 2 4
42 1 31
23 8 7
26 8 15
72 1 56
37 1 27
1 2 91
73 2 90
7 8 12
40 2 54
31 8 120
31 8 64
33 8 35
76 2 4
90 1 37
45 2 83
20 8 45
54 2 37
31 8 72
24 1 33
37 2 56
43 1 25
54 2 7
27 8 48
105 1 73
17 1 12
52 2 57
10 8 14
96 8 101
28 8 30
10 2 13
37 8 62
68 2 62
23 1 32
105 1 45
49 1 30
57 8 37
52 2 63
3 8 48
45 1 14
37 2 20
117 1 35
56 8 72
55 2 22
53 8 40
64 1 62
26 8 51
73 1 10
7 4 10
27 2 57
18 2 16
7 8 15
51 1 50
82 1 112
10 8 35
117 1 24
81 2 10
40 1 108
28 2 24
50 8 51
101 1 10
49 1 25
38 2 56
15 1 49
7 2 33
30 1 35
39 6 45
62 2 68
57 2 63
10 14 7
40 8 118
12 1 13
90 1 54
42 2 63
33 8 24
112 1 10
117 2 40
62 2 69
25 8 57
12 1 11
34 1 25
90 2 73
40 8 41
30 8 32
10 2 37
57 2 53
2 2 1
57 2 36
75 1 46
38 2 41
30 1 22
22 8 7
14 1 13
23 8 35
28 2 7
25 1 22
3 1 2
7 8 25
10 12 7
64 2 52
17 2 15
10 8 12
22 2 29
22 8 10
37 8 73
17 1 26
101 1 37
108 1 31
36 8 37
42 2 57
40 8 53
30 8 41
34 2 32
32 1 30
23 2 7
78 2 93
93 1 91
15 8 63
7 1 33
30 8 31
14 8 73
43 1 37
40 1 64
20 8 96
90 2 112
64 8 40
63 8 37
30 1 122
45 8 82
7 8 14
15 1 7
39 8 40
100 2 12
49 8 17
30 8 80
37 1 82
40 1 36
26 2 31
20 8 112
6 8 48
76 1 7
30 8 34
56 2 38
36 2 52
27 8 106
27 8 105
24 1 10
10 8 118
38 8 42
73 1 14
20 2 37
64 1 69
20 1 16
7 2 80
83 1 10
54 2 10
63 2 42
7 8 73
76 8 78
34 8 33
33 2 10
63 2 72
7 1 22
101 1 96
64 1 41
37 8 41
31 2 37
76 2 77
32 8 23
27 8 40
4 2 76
24 8 30
26 1 30
40 1 53
52 2 64
28 8 10
62 1 37
73 13 39
53 1 40
52 8 40
28 2 22
10 2 28
37 1 39
7 1 23
56 8 42
18 8 54
18 1 15
12 8 73
27 2 45
7 2 26
39 2 108
7 2 22
7 11 10
17 8 18
30 8 26
7 12 10
40 2 56
10 7 7
99 1 24
72 1 40
13 8 12
48 1 6
37 1 64
27 1 17
26 2 10
82 8 40
17 8 16
27 8 37
14 8 17
80 2 7
7 8 35
22 8 30
24 2 35
25 8 56
55 8 25
52 1 30
41 2 69
96 2 10
57 2 42
24 8 25
118 2 63
48 1 83
2 8 3
54 2 40
10 2 23
41 2 38
108 2 39
7 2 12
40 8 72
62 8 122
16 1 14
5 8 6
101 2 75
22 2 10
64 2 42
40 8 45
37 2 10
45 2 73
64 2 39
90 1 117
52 8 37
7 8 76
48 1 3
10 8 83
7 2 13
100 8 45
23 8 24
42 2 64
31 8 108
37 2 31
16 1 12
52 2 36
37 8 45
13 2 7
14 1 7
24 8 99
106 8 40
22 2 28
91 1 10
34 8 23
37 1 36
24 8 117
112 1 20
40 8 83
72 2 39
7 2 11
51 8 53
99 2 20
25 8 38
93 2 78
54 1 18
7 8 10
72 1 31
40 8 38
62 2 31
20 2 117
13 2 10
25 1 55
27 1 15
82 2 105
40 2 10
50 1 25
82 8 37
37 8 72
7 8 24
80 1 30
4 8 6
56 1 30
31 2 26
90 8 82
63 2 57
30 8 52
7 7 10
43 8 122
22 2 7
39 2 72
30 8 49
48 1 75
17 1 14
11 8 12
29 2 28
56 2 40
54 8 73
10 2 26
81 8 10
45 1 37
17 1 49
40 1 72
75 8 48
122 1 56
52 2 27
54 1 16
112 2 27
101 2 118
35 2 28
40 1 42
10 1 22
40 2 31
23 1 34
41 1 40
91 2 1
73 8 105
40 1 82
37 8 43
20 1 18
42 1 56
14 8 16
31 8 42
46 1 7
28 2 10
106 1 27
41 1 37
69 2 62
72 2 36
12 8 17
10 1 80
7 2 20
50 2 31
37 1 72
15 8 18
11 2 13
36 1 25
20 2 40
73 8 82
10 2 11
36 2 57
24 1 7
24 2 28
41 8 120
57 2 52
69 8 64
33 2 7
72 1 37
1 8 3
48 1 118
108 8 40
25 8 50
31 8 51
63 2 64
118 1 10
38 8 64
72 2 27
10 1 81
13 2 11
25 1 35
10 2 80
12 2 100
42 2 52
10 2 49
1 2 2
12 2 10
105 1 27
73 1 40
39 2 52
31 2 40
25 1 120
122 8 30
10 8 101
30 8 81
20 2 10
27 2 52
20 8 90
25 8 36
34 1 30
35 8 99
42 1 41
72 2 63
40 1 39
91 2 92
99 8 112
28 8 7
10 2 12
73 13 36
56 1 25
37 1 57
12 1 7
38 2 43
37 8 38
112 1 99
42 8 40
7 8 45
31 1 30
11 2 10
108 2 52
10 5 7
10 11 7
35 1 7
11 2 7
25 8 39
42 1 62
16 1 15
64 2 63
27 2 112
54 8 96
7 1 28
99 2 40
36 1 30
93 8 48
118 1 40
63 1 17
99 1 35
41 8 64
40 1 79
12 8 16
96 1 20
35 2 24
4 2 5
120 1 31
63 1 15
80 2 10
37 8 101
68 2 41
36 6 73
12 2 7
10 2 33
17 1 10
38 8 120
30 1 24
18 1 17
101 8 48
63 8 48
6 1 4
79 8 40
80 8 10
83 8 48
69 2 41
41 1 30
3 1 1
122 1 43
42 1 68
10 8 16
40 1 106
42 8 69
48 1 27
10 2 96
38 1 37
112 8 82
62 1 30
10 8 7
10 2 20
7 8 30
90 1 7
32 8 33
77 8 78
45 1 12
57 1 30
57 2 27
7 1 10
63 8 82
62 8 42
15 8 27
62 8 64
18 8 20
26 1 25
96 1 54
96 8 83
82 1 63
120 1 41
36 8 40
10 2 81
43 8 64
33 1 32
49 2 7
78 2 3
27 2 72
68 8 42
64 1 31
10 2 14
35 1 33
40 8 90
22 8 25
28 8 25
25 8 80
37 2 54
6 1 5
28 2 55
30 1 7
45 8 105
3 2 6
12 8 15
35 8 25
30 8 62
39 2 64
31 2 62
63 8 40
27 2 64
16 1 7
30 1 28
45 1 7
7 8 16
40 2 99
25 8 49
63 8 106
81 8 7
15 8 16
48 1 78
1 8 93
10 8 24
52 1 25
35 8 117
63 2 27
40 8 62
105 2 82
25 1 24
106 1 63
78 1 4
108 1 56
40 2 51
39 6 73
6 2 3
62 2 43
42 8 37
73 8 48
56 8 64
56 8 108
12 1 10
62 1 40
57 8 40
3 2 78
80 1 25
25 8 31
10 1 33
120 8 25
14 8 15
40 8 112
30 8 57
92 8 93
51 2 40
79 2 82
68 1 64
100 1 54
10 8 15
72 8 37
30 1 55
25 1 29
52 2 108
63 2 108
83 1 96
41 2 68
10 2 54
10 1 7
93 1 1
26 2 7
7 1 81
49 8 15
105 1 63
7 2 54
57 1 25
26 8 17
78 1 77
43 2 38
64 8 37
10 8 25
39 1 30
16 8 20
48 1 101
112 2 90
30 1 29
7 2 49
37 8 90
40 1 52
15 1 12
7 5 10
75 2 101
48 1 73
92 2 91
17 8 27
75 2 93
91 8 93
45 1 40
14 1 11
14 8 45
73 2 45
29 8 25
42 1 43
16 2 18
27 2 63
82 1 90
62 2 56
53 2 57
10 8 17
45 8 48
25 1 10
33 8 7
43 8 42
51 1 26
45 1 100
32 1 25
39 8 37
25 8 52
14 2 7
14 2 10
73 1 37
78 1 76
48 1 45
25 1 28
90 1 20
17 8 63
54 8 90
10 8 73
81 2 7
37 1 42
14 1 10
52 2 42
36 2 72
90 1 40
63 8 105
22 2 55
4 8 78
38 1 25
31 2 38
40 1 57
117 8 90
108 2 63
37 1 63
15 1 26
10 8 45
31 1 25
38 1 40
120 1 38
82 1 73
29 2 22
30 8 36
28 2 35
82 2 79
10 8 91
36 6 45
30 1 10
10 8 30
63 2 118
37 8 108
15 2 17
40 8 73
54 8 100
73 1 7
108 1 37
64 2 27
122 1 62
16 1 10
62 2 41
31 2 50
7 2 23
7 14 10
35 1 10
42 1 38
30 8 56
13 8 14
38 2 31
10 1 28
43 2 62
15 1 14
35 8 30
7 8 90
56 8 122
105 8 40
33 8 10
52 2 39
25 1 7
118 8 48
40 8 43
10 2 40
32 2 34
48 1 93
33 1 34
27 8 82
16 8 54
40 1 27
49 2 10
64 1 56
10 4 7
64 8 68
93 1 92
51 1 31
55 8 30
24 1 23
15 1 10
7 2 81
40 2 117
29 8 30
35 1 23
73 1 54
64 2 57
16 1 17
30 8 39
7 8 17
10 1 23
69 1 42
78 8 48
45 2 27
28 2 29
83 2 45
10 2 22
40 1 105
83 1 40
39 1 25
77 2 76
45 13 39
56 2 62
72 8 40
82 1 27
48 1 63
41 8 42
81 1 30
46 8 75
64 1 43
41 2 62
25 8 34
64 1 38
117 2 20
25 8 43
82 1 45
40 1 63
10 8 112
7 2 28
7 8 46
7 2 14
55 2 28
37 1 52
112 1 40
63 2 52
93 2 75
11 8 14
40 2 20
118 2 101
23 2 10
56 2 37
43 1 40
53 1 51
17 1 7
73 1 12
23 8 10
12 8 45
20 2 99
57 2 64
45 13 36
? 1 github_cpp_program_data/28/44.cpp

105 1 87
40 1 59
25 8 32
25 8 26
67 2 52
5 2 4
42 1 31
57 2 60
7 4 10
52 1 22
26 8 15
72 1 56
60 8 40
37 1 27
64 2 52
7 8 12
40 2 54
144 8 106
15 1 7
31 8 64
20 2 7
90 1 37
144 1 7
45 2 83
54 2 37
31 8 72
90 2 63
59 2 52
7 5 10
7 2 26
43 1 25
54 2 7
106 1 90
52 2 57
10 8 14
90 8 106
28 8 30
10 2 13
37 8 62
98 2 75
23 1 32
49 1 30
63 8 40
112 2 125
52 2 63
3 8 48
45 1 14
89 1 7
54 8 87
56 8 72
55 2 22
22 8 52
64 1 62
73 1 10
105 2 79
98 1 28
18 2 16
37 1 108
72 1 37
105 1 89
10 8 35
28 2 24
61 2 58
7 2 23
63 1 15
38 2 56
15 1 49
7 2 33
30 1 35
39 2 72
62 2 68
57 2 63
10 14 7
52 2 67
120 1 41
12 1 13
90 1 54
42 2 63
40 1 57
62 2 69
25 8 57
12 1 11
25 1 24
40 8 41
30 8 32
36 6 73
2 2 1
60 2 59
57 2 36
75 1 46
45 1 54
38 2 41
126 2 74
22 8 7
28 2 7
59 8 40
25 1 22
3 1 2
61 8 40
20 8 89
10 12 7
17 2 15
101 1 40
87 1 14
10 8 12
22 2 29
37 8 73
17 1 26
30 2 22
24 2 28
36 8 37
42 2 57
30 8 41
34 2 32
32 1 30
23 2 7
64 8 40
15 8 63
68 1 42
30 8 31
14 8 73
40 8 101
43 1 37
63 2 52
25 8 41
73 1 12
63 8 37
30 1 122
7 8 14
31 8 120
7 8 63
12 8 89
49 8 17
106 1 27
68 2 62
38 8 122
40 1 36
63 2 90
6 8 48
64 1 69
27 1 15
30 8 34
56 2 38
27 8 106
57 1 28
20 1 16
40 1 64
38 8 42
30 8 36
73 1 14
20 2 37
90 2 144
24 1 10
83 1 10
54 2 10
24 2 22
63 2 42
7 8 73
34 8 33
33 2 10
63 2 72
69 2 68
7 1 22
13 2 17
37 8 41
31 2 37
32 8 23
27 8 40
39 8 40
24 8 30
26 1 30
112 2 126
3 2 6
52 2 64
28 8 10
42 2 39
52 2 27
52 8 40
89 1 14
28 2 22
10 2 28
10 2 33
7 8 98
56 8 42
18 8 54
38 2 69
12 8 73
37 2 56
7 8 89
7 2 22
7 11 10
17 8 18
30 8 26
17 2 13
40 2 56
10 7 7
99 1 24
72 1 40
42 1 62
48 1 6
37 1 64
27 1 17
26 2 10
82 8 40
17 8 16
27 8 37
14 8 17
7 8 35
22 8 30
24 2 35
25 8 56
55 8 25
41 1 25
35 1 33
57 2 42
37 2 20
25 8 58
64 8 69
24 8 25
48 1 83
2 8 3
120 1 56
14 8 15
10 2 23
41 2 38
7 2 12
82 1 126
40 8 72
25 1 122
7 8 24
20 8 144
28 2 30
5 8 6
22 2 10
64 2 42
40 8 45
45 2 73
10 8 45
52 8 37
22 2 30
48 1 3
59 2 60
10 8 83
7 2 13
46 1 7
23 8 24
42 2 64
37 2 31
125 2 112
39 2 42
37 8 45
13 2 7
14 1 7
24 8 99
106 8 40
22 2 28
34 8 23
37 1 36
40 8 83
54 8 112
7 2 11
98 2 83
7 8 87
40 1 61
101 1 10
87 1 10
83 2 98
12 8 87
7 8 10
72 1 31
40 8 38
62 2 31
13 2 10
25 8 36
122 1 31
45 1 12
82 1 74
40 2 10
64 1 41
37 8 72
11 8 63
18 1 15
98 1 7
4 8 6
56 1 30
37 8 74
122 1 38
90 8 82
126 2 112
63 1 11
30 8 52
7 7 10
43 8 122
22 2 7
18 8 20
17 1 14
10 8 87
11 8 12
29 2 28
35 1 7
48 1 75
105 2 106
45 1 37
17 1 49
40 1 72
64 2 36
75 8 48
122 1 56
10 8 98
89 2 87
54 1 16
7 2 10
35 2 28
25 8 62
40 1 42
10 1 22
41 1 40
72 2 52
37 8 43
42 1 56
40 8 108
31 8 42
20 1 18
28 2 10
7 8 15
31 8 122
41 1 37
69 2 62
37 1 39
12 8 17
72 2 39
106 1 87
7 2 20
28 8 98
37 1 72
15 8 18
52 1 25
36 1 25
20 2 40
10 2 7
57 8 40
10 2 11
36 2 57
24 1 7
87 8 105
7 8 144
72 8 37
33 1 34
41 8 120
57 2 52
87 1 12
69 8 64
33 2 7
1 8 3
40 1 27
43 8 42
125 8 82
89 1 20
63 2 64
30 8 38
25 8 60
38 8 64
32 2 34
87 1 7
49 2 10
63 1 13
42 2 52
10 2 49
1 2 2
12 2 10
73 1 40
74 2 125
68 2 69
122 8 30
10 8 101
74 1 37
14 1 101
82 1 112
20 2 10
27 2 52
20 8 90
34 1 30
35 8 99
42 1 41
72 2 63
40 1 39
58 2 57
87 8 106
42 2 27
99 8 112
22 2 24
28 8 7
10 2 12
73 13 36
89 1 10
56 1 25
37 1 57
12 1 7
38 2 43
37 8 38
112 1 99
89 8 105
42 8 40
73 1 20
7 8 45
31 1 30
11 2 10
10 5 7
69 2 38
144 2 90
10 11 7
54 2 40
35 1 10
13 8 12
16 1 15
106 1 144
7 1 28
99 2 40
63 1 17
99 1 35
41 8 64
40 1 79
69 1 64
23 1 34
40 1 82
4 2 5
120 1 31
74 2 126
49 1 25
144 2 87
112 1 54
68 2 41
75 2 3
67 8 37
12 2 7
58 1 25
13 8 63
17 1 10
30 1 24
18 1 17
33 8 35
11 2 7
64 2 63
6 1 4
79 8 40
83 8 48
3 2 75
22 2 35
3 1 1
122 1 43
120 1 62
41 1 30
20 8 74
98 8 48
40 1 106
14 8 98
63 1 10
38 1 37
42 8 37
64 1 68
10 2 20
7 8 30
90 1 7
32 8 33
45 1 10
74 1 7
7 1 10
63 8 82
62 8 42
15 8 27
40 1 60
144 1 20
62 8 64
35 2 22
26 1 25
7 12 10
144 1 37
7 14 10
82 1 63
87 2 144
7 8 112
25 8 49
36 8 40
54 2 99
43 8 64
52 1 30
49 2 7
64 1 31
10 2 14
16 1 17
45 13 39
90 2 27
22 8 25
28 8 25
37 2 54
7 8 74
14 8 87
33 1 32
57 2 58
30 1 7
40 1 52
19 8 12
12 8 15
35 8 25
62 1 25
17 1 12
31 2 62
27 2 90
57 8 37
27 2 64
12 1 19
62 1 37
45 1 7
39 6 45
40 2 99
82 1 125
52 2 72
22 8 10
15 8 16
30 8 49
10 8 24
63 2 27
40 8 62
34 1 25
108 1 56
6 2 3
52 2 59
39 1 25
62 2 43
10 8 7
73 8 48
56 8 64
56 8 108
12 1 10
62 1 40
25 1 35
20 8 73
25 8 31
40 8 112
30 8 57
37 1 67
101 8 14
10 8 15
122 1 41
30 1 55
25 1 29
41 2 68
87 1 54
10 2 54
10 1 7
52 2 61
26 2 7
48 1 98
27 2 42
49 8 15
7 2 54
57 1 30
57 1 25
26 8 17
43 2 38
10 2 19
64 8 37
10 8 25
39 1 30
16 8 20
30 1 22
35 2 24
30 1 29
7 2 49
37 8 90
68 8 64
15 1 12
28 8 57
36 2 64
67 1 40
10 8 89
89 8 106
48 1 73
10 8 63
17 8 27
56 8 120
62 8 122
45 1 40
14 1 11
14 8 45
73 2 45
29 8 25
42 1 43
16 2 18
27 2 63
108 1 40
82 1 90
62 2 56
30 1 120
10 8 17
45 8 48
25 1 10
17 8 63
58 2 61
120 8 30
7 8 25
112 8 82
74 1 20
125 2 74
112 1 7
63 1 7
39 8 37
25 8 52
89 1 12
125 2 90
19 2 10
14 8 89
14 2 10
63 2 57
48 1 45
25 1 28
90 1 20
98 1 10
54 8 90
10 8 73
37 1 42
54 1 18
52 2 42
108 8 37
60 1 25
61 2 52
22 2 55
31 2 38
41 8 42
58 8 40
37 1 63
15 1 26
31 1 25
38 1 40
29 2 22
99 2 54
28 2 35
25 1 55
7 2 14
36 6 45
30 1 10
10 8 30
15 2 17
40 8 73
73 1 7
122 8 25
126 8 82
64 2 27
122 1 62
41 8 122
62 2 41
62 8 120
67 1 56
42 1 38
30 8 56
38 2 31
10 1 28
43 2 62
15 1 14
35 8 30
7 8 90
56 8 122
105 8 40
10 2 26
25 1 7
60 2 57
40 8 43
10 2 40
42 8 69
27 8 82
98 1 14
16 8 54
32 1 25
75 2 98
56 8 67
64 1 56
10 4 7
30 1 28
36 1 30
55 8 30
24 1 23
15 1 10
29 8 30
30 8 39
7 8 17
54 8 45
69 1 42
28 2 29
83 2 45
10 2 22
40 1 105
90 2 125
83 1 40
25 8 39
37 8 144
56 2 62
72 8 40
82 1 27
46 8 75
64 1 43
41 2 62
74 8 82
14 2 7
42 8 68
25 8 34
30 2 28
64 1 38
25 8 43
14 1 10
40 1 63
40 8 67
73 1 37
38 1 30
7 2 28
7 8 46
87 2 89
37 1 52
112 1 40
56 2 40
11 8 14
40 2 20
23 2 10
56 2 37
43 1 40
6 1 5
40 1 58
17 1 7
106 1 89
79 2 105
12 8 45
106 2 105
45 13 36
? 1 github_cpp_program_data/28/55.cpp

7 2 22
7 2 100
53 8 37
74 1 37
63 8 37
26 2 7
12 2 7
40 1 59
25 8 32
62 2 31
34 1 30
42 1 31
45 8 48
30 8 26
23 8 7
40 1 39
54 8 74
100 8 112
19 8 45
72 1 56
37 1 27
49 8 15
42 2 27
64 2 52
62 2 43
7 8 12
10 2 12
19 8 12
48 1 90
56 1 25
100 2 12
31 8 64
74 2 112
37 1 57
12 1 7
90 1 37
40 1 108
37 8 38
3 2 90
10 7 7
54 2 37
54 2 65
35 8 25
18 1 10
27 2 52
24 1 33
96 2 14
7 5 10
37 8 43
7 8 45
31 1 30
57 2 52
11 2 10
10 5 7
14 2 96
10 11 7
52 2 57
10 8 14
11 2 7
25 8 39
42 1 62
16 1 15
28 8 30
10 2 13
37 8 62
7 1 28
39 2 42
51 1 31
23 1 32
7 2 19
11 2 17
57 8 37
63 1 17
65 2 10
25 8 36
45 1 14
38 2 68
53 1 40
12 8 16
56 8 72
69 1 64
54 2 19
65 2 37
96 1 20
19 2 7
57 2 39
7 4 10
40 2 54
64 1 62
63 1 15
73 1 10
42 1 41
45 1 65
18 2 16
112 1 54
1 2 2
51 1 50
72 1 37
33 8 35
10 8 35
10 2 33
17 1 10
27 1 11
54 2 40
30 1 24
18 1 17
28 2 24
26 8 15
64 2 63
99 8 90
50 8 51
7 2 23
49 1 25
12 1 65
69 2 41
45 1 7
38 2 56
15 1 49
7 2 33
30 1 35
39 6 45
117 2 40
10 2 54
3 1 1
10 14 7
42 1 68
57 2 108
10 8 16
12 1 13
12 8 18
14 1 19
90 1 54
37 2 56
33 8 24
41 8 42
62 2 69
38 1 37
25 8 57
12 1 11
34 1 25
10 8 7
40 8 41
30 8 32
7 8 30
90 1 7
2 2 1
56 2 38
32 8 33
57 2 63
45 1 19
45 1 10
74 1 7
37 2 65
30 1 22
7 1 10
14 1 13
23 8 35
62 8 42
15 8 27
28 2 7
62 8 64
59 8 40
25 1 22
3 1 2
42 2 64
7 8 25
112 1 7
10 12 7
7 14 10
117 8 112
10 8 12
65 8 45
22 2 29
108 2 63
36 8 40
37 8 73
74 8 48
43 8 64
45 1 54
24 2 28
36 8 37
30 8 56
40 8 53
28 8 7
14 1 10
19 2 54
27 2 72
3 8 48
68 8 42
64 1 31
23 2 7
14 1 65
64 8 40
65 8 17
7 1 33
30 8 31
10 2 65
17 1 65
14 8 73
37 2 54
7 8 74
43 1 37
40 1 64
73 1 19
33 1 32
20 8 96
90 2 112
30 1 7
13 2 10
57 2 42
7 8 14
15 1 7
20 8 100
39 8 40
90 2 3
17 1 12
31 2 62
50 2 31
63 8 40
117 1 35
74 2 45
40 1 36
42 2 57
63 2 27
16 1 7
7 8 18
7 8 16
54 2 117
30 8 34
10 2 22
22 8 10
15 8 16
96 8 73
20 1 16
10 8 24
38 8 42
99 2 54
73 1 14
11 2 13
35 8 117
96 2 12
40 8 62
24 1 10
25 1 24
54 2 10
108 1 56
40 2 51
7 8 73
90 8 48
39 6 73
34 8 33
33 2 10
112 1 100
48 1 74
7 8 35
49 2 31
42 8 37
7 1 22
56 8 64
56 8 108
12 1 10
62 1 40
25 1 35
17 2 11
37 8 41
56 2 62
32 8 23
27 8 40
45 1 12
10 1 33
7 2 49
24 8 30
40 8 112
72 8 40
63 2 64
10 2 23
52 2 64
57 2 53
51 2 40
28 8 10
62 1 37
68 1 64
42 8 40
52 8 40
10 8 15
42 1 56
20 1 18
25 1 29
37 1 39
7 1 23
74 1 54
63 2 108
56 8 42
18 8 54
18 1 15
12 8 73
10 2 14
41 2 68
7 2 26
73 1 65
10 1 7
37 1 61
7 11 10
17 8 18
117 2 54
65 8 14
27 2 42
7 12 10
99 1 24
54 2 7
7 2 54
57 1 30
57 1 25
72 1 40
13 8 12
37 1 64
27 1 17
99 2 37
64 8 37
26 2 10
96 8 90
17 8 16
10 8 25
39 1 30
16 8 20
27 8 37
53 2 52
14 8 17
17 1 26
22 8 30
23 8 10
22 8 7
112 2 90
25 8 56
25 8 52
52 1 30
41 2 69
65 8 73
35 1 33
37 8 90
61 8 37
40 1 52
64 8 69
24 8 25
37 2 99
28 2 22
33 8 10
2 8 3
48 1 73
14 8 15
65 8 12
74 1 96
7 2 12
64 1 43
17 8 27
10 8 18
65 2 12
45 1 40
35 1 10
14 1 11
14 8 45
33 8 7
37 1 53
22 2 10
73 2 45
29 8 25
40 8 45
68 2 38
62 2 56
53 2 57
45 2 73
10 8 45
16 1 14
52 8 37
10 8 17
48 1 3
25 1 10
17 8 63
49 2 7
12 1 19
7 2 13
45 1 100
100 8 45
18 8 20
40 1 27
10 2 19
45 2 74
45 13 39
39 8 37
16 1 12
112 2 74
56 2 37
19 2 10
14 2 7
14 2 10
73 1 37
100 1 20
13 2 7
25 1 28
64 2 42
24 8 99
17 1 14
22 2 28
54 8 90
10 8 73
37 1 59
37 1 42
112 1 117
52 2 42
16 2 18
34 8 23
37 1 36
19 2 40
27 2 63
7 2 28
11 8 14
54 8 112
7 2 11
7 8 112
18 1 14
51 8 53
19 2 37
14 2 100
25 8 31
42 1 69
31 2 38
40 1 57
11 2 15
100 2 14
14 2 65
7 8 10
32 1 30
40 8 38
15 1 26
59 8 37
31 1 25
38 1 40
26 1 30
41 8 64
27 1 15
65 2 14
29 2 22
30 8 36
28 2 35
112 8 48
64 1 41
36 6 45
54 2 99
37 8 72
30 1 10
65 8 15
10 8 30
7 8 24
37 8 108
40 8 73
40 2 19
73 1 7
39 2 57
108 1 37
40 8 72
56 1 30
29 2 28
16 1 10
37 8 74
63 2 57
69 8 42
62 2 41
30 8 52
31 2 50
73 13 39
22 2 7
23 8 24
14 1 7
42 1 38
11 8 12
13 8 14
38 2 31
10 1 28
43 2 62
14 8 18
35 1 7
15 1 14
35 8 30
54 8 73
7 8 90
19 8 14
10 2 26
45 1 37
25 1 7
48 1 112
42 2 39
40 1 72
13 2 11
11 8 27
36 1 25
18 1 7
90 1 96
54 1 16
16 8 54
32 1 25
15 1 65
40 1 42
10 1 22
23 1 34
41 1 40
31 2 49
64 1 56
34 2 32
49 8 51
64 8 68
30 1 28
69 2 62
72 8 37
14 8 16
36 1 30
73 8 48
31 8 42
10 2 28
28 2 10
7 8 15
96 8 74
24 1 23
15 1 10
41 1 37
40 2 117
18 1 12
35 1 23
7 7 10
42 2 52
73 1 54
16 1 17
30 8 39
12 8 17
7 8 17
96 2 7
54 8 45
10 1 23
65 2 54
15 8 63
7 2 96
28 2 29
90 1 99
37 1 72
52 2 53
15 8 18
25 8 49
10 4 7
52 1 25
68 2 41
12 2 96
39 1 25
72 2 57
57 8 40
10 2 11
30 8 57
51 1 49
24 1 7
33 1 34
15 2 11
26 8 17
22 8 25
33 2 7
52 2 27
57 2 72
1 8 3
28 8 25
41 2 62
40 2 56
108 8 40
37 1 63
25 8 34
31 8 51
64 1 38
54 1 18
40 1 63
38 8 64
12 2 65
7 2 14
72 2 27
37 1 52
37 8 45
112 1 40
56 2 40
32 2 34
35 2 28
23 2 10
12 2 100
53 1 51
100 2 7
17 1 7
37 2 19
73 1 12
19 8 73
108 2 57
12 8 45
12 2 10
48 1 45
73 1 40
45 13 36
73 1 96
? 1 github_cpp_program_data/28/58.cpp

73 13 39
10 2 65
7 2 100
73 1 65
74 1 37
56 2 49
26 2 7
12 2 7
40 1 59
25 8 32
62 2 31
34 1 30
5 2 4
42 1 31
45 8 48
30 8 26
23 8 7
40 1 39
54 8 74
100 8 112
19 8 45
72 1 56
37 1 27
49 8 15
42 2 27
64 2 52
62 2 43
7 8 12
10 2 12
19 8 12
73 13 36
48 1 90
56 1 25
100 2 12
31 8 64
74 2 112
37 1 57
12 1 7
38 2 43
90 1 37
40 1 108
37 8 38
10 7 7
54 2 37
54 2 65
3 2 6
39 8 40
18 1 10
27 2 52
24 1 33
96 2 14
7 5 10
37 8 43
7 8 45
31 1 30
57 2 52
11 2 10
35 2 28
10 5 7
69 2 38
14 2 96
10 11 7
52 2 57
10 8 14
11 2 7
25 8 39
42 1 62
16 1 15
28 8 30
10 2 13
37 8 62
7 1 28
23 1 32
7 2 19
11 2 17
57 8 37
63 1 17
65 2 10
25 8 36
45 1 14
38 2 68
56 2 50
12 8 16
56 8 72
54 2 19
96 1 20
19 2 7
4 2 5
53 8 40
7 4 10
40 2 54
64 1 62
63 1 15
73 1 10
42 1 41
45 1 65
27 2 63
18 2 16
57 2 39
112 1 54
1 2 2
51 1 50
33 8 35
10 8 35
10 2 33
17 1 10
27 1 11
54 2 40
30 1 24
18 1 17
28 2 24
26 8 15
64 2 63
32 1 30
6 1 4
99 8 90
50 8 51
7 2 23
49 1 25
37 2 51
12 1 65
69 2 41
45 1 7
38 2 56
15 1 49
7 2 33
30 1 35
39 6 45
117 2 40
3 1 1
10 14 7
42 1 68
57 2 108
10 8 16
12 1 13
12 8 18
14 1 19
90 1 54
37 2 56
33 8 24
41 8 42
38 1 37
25 8 57
12 1 11
34 1 25
10 8 7
40 8 41
30 8 32
7 8 30
90 1 7
2 2 1
56 2 38
32 8 33
57 2 63
45 1 19
45 1 10
74 1 7
30 1 22
7 1 10
14 1 13
23 8 35
62 8 42
15 8 27
28 2 7
62 8 64
59 8 40
25 1 22
3 1 2
61 8 40
42 2 64
7 8 25
112 1 7
10 12 7
7 14 10
117 8 112
10 8 12
65 8 45
22 2 29
108 2 63
36 8 40
37 8 73
74 8 48
43 8 64
45 1 54
35 8 25
36 8 37
42 2 57
28 8 7
14 1 10
19 2 54
27 2 72
3 8 48
68 8 42
64 1 31
23 2 7
14 1 65
64 8 40
65 8 17
7 1 33
30 8 31
36 2 64
17 1 65
14 8 73
37 2 54
7 8 74
43 1 37
40 1 64
73 1 19
33 1 32
20 8 96
90 2 112
30 1 7
13 2 10
57 2 42
7 8 14
15 1 7
20 8 100
31 8 72
17 1 12
31 2 62
63 8 40
117 1 35
74 2 45
40 1 36
12 1 19
63 2 27
6 8 48
16 1 7
7 8 18
7 8 16
54 2 117
30 8 34
10 2 22
22 8 10
15 8 16
96 8 73
20 1 16
10 8 24
38 8 42
99 2 54
73 1 14
11 2 13
35 8 117
96 2 12
64 1 69
40 8 62
24 1 10
49 2 56
25 1 24
54 2 10
57 2 53
108 1 56
41 2 69
7 8 73
90 8 48
39 6 73
6 2 3
34 8 33
33 2 10
112 1 100
56 8 51
48 1 74
7 8 35
42 8 37
7 1 22
56 8 64
56 8 108
12 1 10
62 1 40
25 1 35
17 2 11
37 8 41
6 2 90
56 2 62
32 8 23
27 8 40
45 1 12
10 1 33
7 2 49
24 8 30
40 8 112
40 1 53
63 2 64
10 2 23
52 2 64
14 2 100
28 8 10
62 1 37
68 1 64
42 8 40
52 8 40
10 8 15
42 1 56
20 1 18
25 1 29
37 1 39
7 1 23
74 1 54
63 2 108
56 8 42
18 8 54
18 1 15
12 8 73
10 2 14
41 2 68
7 2 26
10 2 54
10 1 7
39 2 57
7 2 22
7 11 10
17 8 18
117 2 54
65 8 14
27 2 42
7 12 10
99 1 24
54 2 7
7 2 54
57 1 30
57 1 25
72 1 40
13 8 12
48 1 6
43 2 38
37 1 64
27 1 17
99 2 37
64 8 37
26 2 10
96 8 90
17 8 16
10 8 25
39 1 30
16 8 20
27 8 37
53 2 52
14 8 17
17 1 26
22 8 30
22 8 7
112 2 90
25 8 56
25 8 52
52 1 30
50 2 56
65 8 73
35 1 33
37 8 90
40 1 52
24 8 25
37 2 99
28 2 22
33 8 10
2 8 3
48 1 73
14 8 15
65 8 12
74 1 96
7 2 12
57 2 64
64 1 43
17 8 27
10 8 18
65 2 12
45 1 40
35 1 10
14 1 11
14 8 45
5 8 6
22 2 10
73 2 45
29 8 25
42 1 43
40 8 45
51 1 56
62 2 56
53 2 57
45 2 73
10 8 45
16 1 14
52 8 37
10 8 17
48 1 3
25 1 10
17 8 63
49 2 7
30 8 56
7 2 13
45 1 100
100 8 45
18 8 20
40 1 27
10 2 19
45 2 74
45 13 39
39 8 37
16 1 12
112 2 74
56 2 37
19 2 10
14 2 7
14 2 10
73 1 37
100 1 20
13 2 7
25 1 28
64 2 42
24 8 99
17 1 14
22 2 28
54 8 90
10 8 73
37 1 59
37 1 42
112 1 117
52 2 42
16 2 18
34 8 23
37 1 36
19 2 40
68 2 38
7 2 28
11 8 14
54 8 112
7 2 11
7 8 112
18 1 14
51 8 53
19 2 37
40 1 61
25 8 31
31 2 38
40 1 57
11 2 15
100 2 14
14 2 65
7 8 10
72 1 31
40 8 38
15 1 26
59 8 37
31 1 25
38 1 40
26 1 30
41 8 64
27 1 15
65 2 40
29 2 22
30 8 36
28 2 35
112 8 48
64 1 41
40 2 65
54 2 99
30 1 10
65 8 15
10 8 30
7 8 24
37 8 108
40 8 73
40 2 19
73 1 7
4 8 6
108 1 37
40 8 72
56 1 30
29 2 28
16 1 10
37 8 74
63 2 57
62 2 41
30 8 52
7 7 10
65 2 54
22 2 7
23 8 24
14 1 7
42 1 38
11 8 12
13 8 14
38 2 31
10 1 28
43 2 62
14 8 18
35 1 7
15 1 14
35 8 30
54 8 73
7 8 90
19 8 14
10 2 26
45 1 37
25 1 7
36 6 45
53 1 37
48 1 112
40 8 43
64 2 36
13 2 11
11 8 27
36 1 25
18 1 7
90 1 96
54 1 16
90 2 6
16 8 54
32 1 25
15 1 65
65 2 14
40 1 42
10 1 22
40 2 31
23 1 34
41 1 40
64 1 56
34 2 32
49 8 51
64 8 68
30 1 28
72 8 37
14 8 16
10 2 28
36 1 30
73 8 48
31 8 42
53 1 51
28 2 10
7 8 15
96 8 74
24 1 23
15 1 10
41 1 37
40 2 117
18 1 12
35 1 23
42 2 52
73 1 54
64 2 57
16 1 17
30 8 39
12 8 17
7 8 17
96 2 7
54 8 45
10 1 23
69 1 42
15 8 63
19 8 73
7 2 96
28 2 29
90 1 99
37 1 72
52 2 53
15 8 18
25 8 49
10 4 7
52 1 25
68 2 41
12 2 96
39 1 25
72 2 57
57 8 40
10 2 11
30 8 57
51 1 49
24 1 7
33 1 34
15 2 11
26 8 17
69 8 64
22 8 25
33 2 7
52 2 27
57 2 72
24 2 28
1 8 3
28 8 25
41 2 62
40 2 56
108 8 40
38 2 69
25 8 34
43 8 42
64 1 38
54 1 18
40 1 63
37 8 53
38 8 64
12 2 65
7 2 14
72 2 27
37 1 52
37 8 45
112 1 40
51 2 37
56 2 40
32 2 34
42 8 69
33 8 7
23 2 10
12 2 100
43 1 40
6 1 5
100 2 7
17 1 7
37 2 19
73 1 12
23 8 10
108 2 57
12 8 45
12 2 10
48 1 45
73 1 40
36 6 73
31 2 40
45 13 36
73 1 96
? 1 github_cpp_program_data/28/7.cpp

120 2 22
20 2 10
30 1 7
26 2 7
12 2 7
64 1 56
25 8 32
25 8 26
34 1 30
37 2 20
42 1 31
64 2 42
30 8 26
42 1 41
40 1 39
26 8 15
30 8 43
37 1 27
42 2 27
22 2 35
64 2 52
22 2 24
7 8 12
10 2 12
73 13 36
56 1 25
15 1 7
33 8 35
37 1 57
12 1 7
38 2 43
90 1 37
40 1 108
37 8 38
10 7 7
54 2 37
35 8 25
90 2 63
27 2 52
42 8 40
73 1 20
7 2 40
7 8 45
57 1 25
57 2 52
11 2 10
27 8 48
10 11 7
52 2 57
10 8 14
120 1 43
25 1 122
35 1 10
42 1 62
16 1 15
28 8 30
10 2 13
37 8 62
7 1 28
23 1 32
11 2 17
49 1 30
99 2 20
63 1 17
99 1 35
25 1 55
45 1 14
55 2 22
23 1 34
40 1 82
122 1 41
120 1 31
64 1 62
63 1 15
73 1 10
7 4 10
39 2 57
27 2 57
18 2 16
57 2 39
36 6 73
72 1 37
20 8 90
10 8 35
10 2 33
17 1 10
27 1 11
30 1 24
18 1 17
28 2 24
101 8 48
99 8 90
7 2 23
49 1 25
38 2 56
15 1 49
7 2 33
30 1 35
31 2 40
35 2 22
41 1 30
12 1 13
37 2 56
48 1 27
40 1 57
38 1 37
25 8 57
12 1 11
25 1 24
42 8 37
30 8 32
10 2 20
7 8 30
56 2 38
32 8 33
45 1 10
57 1 30
38 2 41
30 1 22
7 1 10
14 1 13
63 8 82
62 8 42
15 8 27
28 2 7
62 8 64
26 1 25
25 1 22
7 12 10
7 8 25
10 12 7
7 14 10
82 1 63
17 2 15
101 1 40
10 8 12
22 2 29
55 8 25
37 8 73
54 2 40
45 1 54
41 8 122
101 2 27
36 8 37
42 2 57
42 2 108
28 8 7
30 8 41
34 2 32
32 1 30
10 2 14
16 1 17
40 8 38
90 1 99
30 8 31
22 8 25
28 8 25
40 8 101
10 8 24
17 2 11
15 2 11
28 2 55
63 8 37
40 1 52
7 8 14
31 8 120
12 8 15
39 8 40
62 1 25
17 1 12
49 8 17
57 8 37
63 2 90
20 2 37
45 1 7
39 6 45
20 2 99
27 1 15
30 8 34
10 2 22
52 2 72
22 8 10
15 8 16
28 2 22
20 1 16
30 8 49
40 1 64
38 8 42
73 1 14
63 2 27
40 8 62
24 1 10
34 1 25
54 2 10
24 2 22
108 1 56
7 8 73
39 6 73
34 8 33
27 2 101
33 2 10
7 8 35
10 8 7
73 8 48
56 8 64
13 2 17
22 2 120
12 1 10
62 1 40
25 1 35
37 8 41
43 1 30
20 8 73
55 8 30
32 8 23
11 2 7
27 8 40
45 1 12
31 8 72
120 8 25
14 8 15
24 8 30
26 1 30
72 8 40
10 8 90
52 2 64
28 8 10
62 1 37
42 2 64
52 2 27
52 8 40
10 8 15
42 1 56
20 1 18
25 1 29
62 2 31
56 8 42
18 8 54
7 8 24
12 8 73
27 2 45
7 2 26
10 2 54
10 1 7
31 1 30
7 2 22
7 11 10
17 8 18
35 8 99
27 2 42
49 8 15
17 2 13
54 2 7
7 2 54
99 1 24
72 1 40
13 8 12
43 2 38
37 1 64
27 1 17
99 2 37
64 8 37
26 2 10
82 8 40
17 8 16
10 8 25
39 1 30
16 8 20
27 8 37
90 1 10
14 8 17
17 1 26
22 8 30
24 2 35
22 8 7
48 1 101
25 8 56
25 8 52
52 1 30
7 2 49
35 1 33
37 8 90
41 8 42
15 1 12
24 8 25
37 2 99
7 5 10
120 1 56
48 1 73
35 1 7
10 2 23
41 2 38
7 2 12
17 8 27
31 2 62
56 8 120
56 8 108
45 1 40
62 8 122
14 1 11
52 2 63
120 1 38
14 8 45
17 8 63
22 2 10
73 2 45
90 1 20
35 2 24
40 8 45
27 2 63
82 1 90
62 2 56
45 2 73
10 8 45
52 8 37
10 8 17
11 8 12
45 8 48
25 1 10
57 2 27
30 8 56
7 2 13
18 8 20
10 14 7
40 1 27
45 13 39
37 2 31
45 2 27
43 8 120
14 2 7
14 2 10
73 1 37
37 8 45
13 2 7
25 1 28
29 8 25
24 8 99
17 1 14
22 2 28
10 8 73
37 1 59
37 1 42
14 1 10
52 2 42
16 2 18
34 8 23
42 1 38
37 1 36
11 8 14
22 2 55
7 2 11
38 1 25
25 8 31
31 2 38
25 8 38
11 2 15
7 8 10
72 1 31
37 1 63
15 1 26
59 8 37
31 1 25
38 1 40
13 2 10
122 1 31
29 2 22
28 2 35
20 2 7
37 8 72
30 1 10
10 8 30
18 1 15
37 8 108
15 2 17
40 8 73
73 1 7
122 8 25
108 1 37
40 8 72
56 1 30
122 1 62
90 8 82
62 2 41
30 8 52
7 7 10
22 2 7
23 8 24
10 5 7
82 1 27
13 8 27
14 1 7
13 2 15
15 2 13
13 8 14
38 2 31
10 1 28
7 2 28
15 1 14
35 8 30
40 2 7
10 2 26
45 1 37
25 1 7
55 2 28
17 1 49
40 1 72
73 13 39
11 8 27
12 2 10
33 1 34
54 1 16
27 8 82
16 8 54
32 1 25
35 2 28
25 8 62
40 1 42
10 1 22
40 2 31
49 2 7
101 1 7
72 2 52
10 4 7
40 2 54
56 2 62
30 1 28
72 8 37
10 2 28
23 2 7
31 8 42
30 1 55
28 2 10
7 8 15
31 8 122
24 1 23
15 1 10
41 1 37
38 8 120
29 8 30
42 2 52
57 2 42
64 2 57
64 8 40
30 8 39
12 8 17
7 8 17
54 8 45
7 2 20
15 8 63
7 1 22
31 2 37
37 1 72
7 8 101
15 8 18
25 8 49
52 1 25
20 2 40
10 2 7
57 8 40
10 2 11
30 8 57
24 1 7
24 2 28
26 8 17
33 2 7
14 8 73
41 2 62
108 8 40
25 8 34
64 1 38
54 1 18
37 2 54
38 8 64
7 2 14
7 2 10
37 1 52
48 1 45
63 2 52
32 2 34
40 2 20
23 2 10
56 2 37
33 1 32
30 1 29
17 1 7
73 1 12
12 8 45
73 1 40
27 1 13
57 2 64
25 1 120
108 2 42
? 1 github_cpp_program_data/28/83.cpp

