52 8 37
3 2 45
6 1 4
53 2 57
84 8 85
7 2 12
31 8 51
26 2 31
50 2 31
81 8 10
31 2 49
37 1 27
7 1 10
22 8 10
7 8 24
6 2 3
28 2 10
45 2 3
49 1 15
25 1 28
49 8 17
15 1 26
37 1 86
25 1 29
32 1 30
25 8 26
6 1 5
32 8 23
7 14 10
10 1 81
25 8 52
15 1 49
22 2 10
85 2 40
49 8 51
10 8 7
7 2 81
14 1 10
17 1 10
17 1 26
5 2 4
57 8 40
25 8 56
17 8 18
86 1 40
28 8 25
25 1 55
49 2 31
22 2 7
23 2 7
10 1 7
7 2 23
45 1 20
3 2 6
16 8 20
28 2 22
26 8 17
27 1 15
12 2 7
63 2 27
31 2 50
81 2 10
4 8 6
12 2 10
10 12 7
26 2 10
45 1 40
25 1 7
10 2 28
57 1 25
20 2 10
17 8 27
30 8 84
63 1 17
31 1 25
80 1 30
56 1 25
48 1 3
37 8 53
29 2 28
7 2 26
31 1 30
26 2 7
7 2 49
25 8 81
84 1 30
7 1 80
10 2 80
20 8 45
29 8 25
51 2 37
28 2 7
24 1 7
25 1 24
25 1 22
10 4 7
85 1 26
14 2 10
3 1 2
56 2 84
12 1 10
25 8 31
45 1 12
15 8 27
85 1 56
10 8 15
12 8 17
27 2 86
53 2 27
31 2 26
10 14 7
40 8 45
80 2 10
29 8 30
12 1 7
50 8 51
25 8 57
15 8 26
26 1 15
10 8 45
10 8 30
27 8 40
18 2 16
27 2 53
15 1 10
30 8 80
27 2 63
85 1 84
51 1 26
48 1 6
17 8 63
14 8 15
26 8 51
55 8 25
81 1 30
20 1 18
30 1 28
81 2 7
15 8 49
40 2 85
7 2 22
10 8 14
30 8 50
56 8 85
6 8 48
30 8 31
7 2 14
25 1 10
30 8 49
7 8 17
7 8 25
4 2 5
7 7 10
7 8 10
50 1 25
7 8 14
17 1 12
2 8 3
10 8 25
10 2 14
85 8 86
7 4 10
14 1 7
22 8 30
22 2 28
40 1 57
51 8 53
16 1 15
10 2 26
23 1 32
10 2 12
7 8 30
40 8 86
1 8 3
25 8 50
22 8 25
3 1 1
28 2 29
40 1 53
81 1 25
40 1 63
23 8 24
22 2 55
48 1 45
10 8 17
26 1 25
53 1 37
7 1 81
24 8 25
37 2 51
52 1 25
10 8 12
18 8 20
7 8 15
20 2 40
10 7 7
24 1 23
86 2 27
14 2 7
30 1 7
26 2 56
84 2 56
86 8 37
51 1 49
17 1 7
45 8 48
5 8 6
20 1 16
49 1 30
51 1 31
81 8 7
80 8 7
40 2 20
18 1 17
26 8 85
10 2 22
49 8 15
45 1 10
12 8 45
53 1 51
10 2 20
10 2 81
56 2 26
30 8 32
86 1 85
27 8 37
51 1 50
28 8 30
10 1 22
30 1 22
27 1 17
10 5 7
1 2 2
7 5 10
3 8 48
15 1 14
63 8 40
30 8 81
50 1 30
30 1 10
7 11 10
2 2 1
53 8 40
7 8 12
10 11 7
55 2 22
49 2 7
57 2 53
7 2 28
37 1 52
15 8 16
40 1 27
30 1 29
15 1 7
7 12 10
17 1 49
26 8 15
16 2 18
? 1 github_cpp_program_data/33/101.cpp

52 8 37
37 1 63
6 1 4
52 8 40
84 8 85
7 2 12
80 8 10
73 1 54
3 2 6
12 2 19
12 8 45
72 1 56
30 8 57
81 8 10
31 2 49
37 1 27
63 8 37
7 2 28
7 8 24
7 14 10
6 2 3
28 2 10
49 1 15
49 2 31
85 1 84
15 1 26
30 8 36
10 8 30
28 2 55
25 1 29
3 8 48
86 2 27
22 2 7
6 1 5
32 8 23
12 8 15
20 2 10
10 1 81
25 8 52
7 8 73
15 1 49
1 2 2
72 8 37
39 1 30
33 2 7
32 1 25
57 2 72
38 2 41
49 8 51
10 8 7
7 2 81
14 1 10
17 1 10
17 1 26
36 1 30
5 2 4
57 8 40
40 1 53
10 8 24
86 1 40
28 8 25
10 7 7
81 1 30
40 1 39
81 2 10
34 8 23
37 1 36
10 1 7
7 2 23
45 1 20
72 2 57
16 8 20
28 2 22
56 8 51
27 1 15
12 2 7
37 2 54
41 1 40
18 8 54
52 2 27
10 2 14
4 8 6
12 2 10
10 12 7
26 2 10
35 1 7
37 8 45
25 1 7
17 1 14
57 1 25
51 8 86
17 8 27
30 8 84
30 8 26
63 1 17
53 1 85
45 13 39
31 1 25
55 8 30
80 1 30
30 1 55
56 1 25
30 8 34
31 2 38
7 8 25
37 8 38
73 1 12
80 1 25
29 2 28
37 1 57
26 2 7
7 2 49
25 8 81
84 1 30
7 1 80
10 2 80
20 8 45
29 8 25
7 2 80
51 1 56
28 2 7
24 1 7
25 1 24
25 1 22
84 2 31
6 2 45
34 1 30
40 8 41
14 2 10
3 1 2
12 1 10
25 8 31
45 1 12
7 2 54
18 2 16
25 8 49
10 1 80
15 8 27
24 1 10
81 8 7
23 2 10
81 2 7
57 2 52
10 8 15
10 2 23
24 8 25
27 2 86
42 8 37
51 2 40
80 2 10
12 1 7
38 1 37
39 6 45
14 8 17
50 8 51
40 2 56
40 2 51
17 1 7
16 2 18
37 2 20
10 8 45
36 8 37
37 1 86
31 8 42
30 8 39
38 8 42
41 2 38
86 1 51
54 1 18
15 1 10
30 8 80
27 2 63
25 1 28
37 8 73
7 8 17
85 2 37
14 8 15
28 2 29
30 1 24
38 2 31
57 1 30
7 8 35
30 1 28
80 2 7
15 8 49
10 2 28
73 8 48
7 2 22
48 1 6
10 8 14
10 4 7
6 8 48
72 1 40
85 1 49
7 2 14
25 1 10
7 5 10
29 2 22
17 8 63
4 2 5
7 2 33
7 7 10
7 8 10
50 1 25
57 8 37
7 8 14
23 1 34
2 8 3
54 2 37
10 14 7
85 8 53
10 8 25
48 1 73
7 11 10
7 4 10
35 8 25
14 1 7
22 8 30
50 2 56
40 1 57
56 2 49
42 1 41
16 1 15
25 8 32
42 1 38
23 1 32
10 2 12
7 8 30
40 8 86
1 8 3
25 8 50
22 8 25
26 1 30
3 1 1
24 8 30
25 8 56
23 2 7
22 2 29
81 1 25
37 2 85
22 2 10
23 8 24
48 1 45
25 8 80
10 8 17
40 8 72
56 2 40
53 1 37
7 1 81
15 1 12
19 2 12
42 1 31
52 1 25
45 2 6
54 1 16
10 8 12
37 1 72
40 1 52
7 8 15
49 2 56
31 2 84
24 1 23
72 2 27
14 2 7
30 1 7
63 2 27
37 8 53
86 8 37
51 1 49
25 8 57
45 8 48
73 1 7
5 8 6
20 1 16
54 2 7
33 8 35
80 8 7
7 2 26
18 1 17
22 2 28
16 8 54
52 2 57
10 2 22
49 8 15
45 1 10
37 1 42
7 1 10
48 1 3
10 2 20
10 2 81
45 2 73
28 2 24
85 1 31
39 8 40
27 8 37
26 8 17
51 1 50
49 8 85
28 8 30
12 8 73
20 2 37
30 1 22
27 1 17
27 2 72
55 2 28
10 5 7
35 1 33
27 2 52
22 8 7
24 2 28
49 1 25
15 1 14
73 2 45
73 1 37
30 8 81
56 8 72
45 1 37
30 1 10
45 1 19
2 2 1
25 1 35
7 1 22
53 8 40
7 8 12
10 11 7
41 8 42
10 2 26
49 2 7
31 8 85
19 8 45
37 1 52
15 8 16
15 1 7
7 12 10
54 8 73
56 2 50
26 8 15
17 8 18
? 1 github_cpp_program_data/33/106.cpp

52 8 37
6 1 4
7 8 30
80 2 10
7 2 12
45 2 87
31 8 51
45 13 36
51 2 37
63 2 64
27 2 42
28 2 7
81 8 10
31 2 49
37 1 27
64 1 56
10 8 16
56 8 64
82 1 87
57 2 52
49 8 17
30 8 36
37 1 86
28 2 55
25 1 29
32 1 30
25 8 26
7 1 23
36 2 52
33 8 7
10 1 81
39 6 73
22 2 10
86 8 37
85 2 40
14 1 65
24 8 30
7 2 81
14 1 10
87 1 54
39 1 25
10 2 11
28 2 29
57 8 40
25 8 56
25 1 55
10 7 7
40 1 39
34 8 23
37 1 36
64 2 57
11 2 10
7 1 33
45 1 20
7 2 94
16 8 20
85 1 50
7 8 25
27 1 15
12 2 7
63 2 42
100 2 14
31 8 64
52 2 27
13 8 12
56 2 62
27 2 57
45 1 40
36 8 37
26 2 56
18 1 15
11 8 14
63 1 17
22 2 55
84 8 51
31 2 37
80 1 30
30 1 55
56 1 25
72 2 108
64 8 37
39 2 53
26 2 7
38 1 40
15 1 94
10 2 20
1 2 2
63 8 37
20 8 45
29 8 25
65 2 10
64 1 31
7 8 83
52 1 25
14 8 45
25 1 22
49 8 15
12 2 10
26 1 17
42 2 27
25 8 49
10 1 80
15 8 27
40 1 105
45 1 14
10 2 23
27 2 64
36 8 40
85 1 56
30 1 28
12 8 17
24 8 25
15 1 23
24 2 22
42 8 37
84 1 25
40 8 45
29 8 30
38 1 37
39 6 45
39 8 37
50 8 51
17 1 7
12 1 19
10 8 45
54 8 73
30 8 39
7 2 20
38 8 42
18 2 16
63 2 57
37 8 86
6 2 3
45 13 39
48 1 6
7 8 73
64 2 63
14 8 15
37 1 72
82 1 73
81 1 30
108 8 37
37 8 73
7 8 35
10 2 28
40 2 7
31 8 72
15 8 49
32 2 34
7 2 22
62 2 41
30 8 50
6 1 5
7 2 23
7 2 14
25 1 10
7 8 17
12 8 15
10 2 26
55 2 22
7 2 33
7 8 10
57 8 37
6 8 48
23 1 34
7 14 10
54 2 37
85 8 53
10 8 25
7 11 10
63 1 15
14 1 7
22 8 30
17 8 27
14 8 87
40 1 57
30 1 24
72 1 31
16 1 15
42 1 38
10 2 65
33 8 24
52 2 53
25 8 50
10 1 33
52 1 30
40 8 108
13 2 7
54 8 87
57 2 27
50 2 56
40 1 42
10 1 23
20 8 100
25 8 36
37 1 57
10 8 17
37 1 53
56 2 40
26 1 25
64 1 41
7 1 81
15 1 12
37 2 51
96 2 7
12 1 11
15 8 63
40 2 85
18 8 20
33 1 32
40 1 52
37 8 72
20 2 40
45 1 54
7 8 14
13 8 14
23 8 7
14 2 7
87 1 7
63 2 27
7 7 10
24 1 10
55 2 29
45 8 48
82 1 45
37 1 64
94 8 15
28 8 10
15 8 26
20 1 16
54 2 7
51 1 31
81 8 7
72 8 37
40 2 20
30 8 49
26 8 85
16 8 54
51 1 84
10 8 35
37 1 63
7 2 96
73 8 105
17 1 10
45 2 73
41 2 62
105 2 82
30 8 32
39 8 40
83 8 48
86 1 85
27 8 37
16 1 12
51 8 86
33 8 35
28 8 30
12 8 73
30 1 22
3 2 6
29 2 22
27 2 52
22 8 7
3 8 48
49 1 25
38 2 56
73 1 37
27 2 63
45 1 37
87 2 45
30 1 10
42 8 40
108 1 56
53 8 37
40 1 86
49 2 31
7 8 45
10 11 7
49 2 7
37 1 52
15 8 16
30 1 29
56 1 30
17 1 49
56 8 42
10 8 24
105 1 73
45 1 100
33 2 7
52 8 40
62 8 64
15 1 10
24 1 33
40 8 83
56 2 38
72 2 63
30 8 57
53 1 51
22 8 10
7 8 24
20 8 73
28 2 10
100 1 20
49 1 15
23 2 7
16 1 17
15 1 26
10 8 30
105 8 40
28 8 7
73 13 39
22 2 7
10 4 7
32 8 23
25 8 39
42 2 63
20 2 10
25 8 52
62 2 56
15 1 49
42 1 56
39 1 30
56 2 50
32 1 25
40 8 62
49 8 51
10 8 7
33 8 10
53 1 37
36 1 30
16 1 10
5 2 4
14 2 100
7 8 87
17 8 18
86 1 40
28 8 25
33 1 34
73 8 82
57 2 64
10 1 7
10 8 73
34 1 25
83 2 3
26 8 17
53 1 85
11 8 12
30 8 56
96 8 83
35 1 23
4 8 6
30 1 35
10 12 7
26 2 10
35 1 7
35 8 30
57 1 25
51 1 50
31 2 84
19 8 12
12 8 16
79 8 40
10 1 28
30 8 52
108 2 72
80 2 7
37 1 108
55 8 30
94 1 30
64 2 27
48 1 45
30 8 34
48 1 3
37 8 38
73 1 12
73 1 7
19 2 10
31 1 30
7 2 49
83 1 7
37 2 31
81 2 10
73 8 48
50 1 30
14 1 11
7 2 80
7 8 18
23 8 15
41 1 37
25 8 34
24 1 7
25 1 24
26 1 15
87 8 82
29 2 55
34 1 30
18 8 54
14 2 10
3 1 2
12 1 10
54 8 45
12 1 13
40 1 82
54 2 10
56 8 85
86 1 37
40 8 38
41 8 64
23 2 10
10 8 15
7 5 10
45 2 83
31 2 62
94 2 7
10 2 13
53 2 63
52 2 39
31 2 26
10 14 7
23 8 10
23 8 35
10 2 80
12 1 7
37 8 41
14 8 17
83 2 45
25 8 84
73 1 14
25 8 57
37 8 45
37 2 20
17 8 16
25 1 7
55 2 28
2 2 1
39 2 52
34 8 33
52 2 36
86 1 51
54 1 18
80 8 10
30 8 80
22 2 24
25 1 28
51 1 26
53 2 52
64 1 62
51 2 40
26 8 51
105 1 45
30 8 94
82 2 79
57 1 30
20 1 18
17 1 14
18 1 7
45 8 82
7 2 54
84 2 31
10 8 14
50 8 85
10 2 14
30 8 31
73 1 20
40 2 51
36 1 25
37 8 53
79 2 82
17 8 63
4 2 5
55 8 25
63 2 72
50 1 25
108 1 40
7 2 13
2 8 3
20 8 96
25 8 80
73 1 10
85 8 86
57 2 63
30 1 7
51 1 49
48 1 83
10 2 54
35 1 10
40 1 79
25 8 32
17 1 12
23 1 32
10 2 12
34 2 32
56 8 108
45 1 7
40 8 86
1 8 3
40 2 56
22 8 25
3 1 1
31 2 50
22 2 29
81 1 25
37 2 54
23 8 24
7 2 40
45 8 105
10 2 33
85 1 26
22 2 35
83 1 96
26 2 31
53 2 39
54 1 16
100 8 45
10 8 12
7 1 28
57 2 86
7 8 15
35 8 25
87 1 14
24 1 23
96 1 20
10 5 7
15 8 18
62 2 31
80 1 25
18 1 12
53 1 40
36 6 45
83 1 40
63 2 53
5 8 6
29 2 28
49 1 30
72 1 37
7 2 26
18 1 17
7 4 10
3 2 83
52 2 57
10 2 22
45 1 10
10 2 19
37 1 42
7 1 10
62 1 40
10 2 81
35 2 22
50 2 31
51 8 53
56 2 26
65 8 14
14 8 73
15 1 7
73 1 54
25 8 81
48 1 73
10 1 22
20 2 37
17 1 26
27 1 17
35 2 28
7 12 10
35 1 33
28 2 35
37 1 39
15 1 14
73 2 45
30 8 81
86 8 40
86 2 57
81 2 7
32 8 33
20 2 7
25 1 35
7 1 22
7 8 12
33 2 10
13 2 10
82 2 105
7 2 28
82 8 40
40 1 36
26 8 15
14 1 13
17 8 26
40 8 53
12 8 18
16 2 18
? 1 github_cpp_program_data/33/119.cpp

52 8 37
20 8 45
6 1 4
56 8 64
52 8 40
84 8 85
62 8 64
7 2 12
31 8 51
3 2 6
30 8 57
81 8 10
31 2 49
26 2 7
63 8 37
22 8 10
52 1 25
6 2 3
28 2 10
49 1 15
49 2 31
85 1 84
49 8 17
15 1 26
37 1 86
28 2 55
25 1 29
3 8 48
25 8 26
6 1 5
20 2 10
10 1 81
25 8 52
62 2 56
15 1 49
1 2 2
64 2 53
22 2 10
62 1 37
85 2 40
49 8 51
10 8 7
14 1 10
17 1 26
5 2 4
40 1 53
17 8 18
86 1 40
28 8 25
25 1 55
64 8 40
22 2 7
10 1 7
45 1 20
16 8 20
53 2 64
40 1 64
7 8 25
7 14 10
12 2 7
31 2 50
81 2 10
4 8 6
12 2 10
10 12 7
26 2 10
37 8 45
25 1 7
10 2 28
57 1 25
51 8 86
57 1 30
30 8 84
30 8 52
80 2 7
31 1 25
55 8 30
80 1 30
30 1 55
56 1 25
31 2 38
26 8 17
37 8 38
80 1 25
29 2 28
7 2 26
7 2 49
25 8 81
10 2 20
7 1 80
10 2 80
50 1 30
29 8 25
64 1 56
28 2 7
25 1 22
10 4 7
85 1 26
14 2 10
3 1 2
56 2 84
12 1 10
25 8 31
45 1 12
25 8 49
6 2 45
37 8 62
85 1 56
10 8 15
12 8 17
53 2 27
51 2 40
55 2 22
80 2 10
12 1 7
38 1 37
50 8 51
40 2 51
25 8 57
15 8 26
37 2 20
26 1 15
10 8 45
10 8 30
31 8 42
27 8 40
38 8 42
18 2 16
86 1 51
27 2 53
15 1 10
30 8 80
56 2 62
25 1 28
48 1 6
7 8 17
14 8 15
28 2 29
55 8 25
81 1 30
38 2 31
17 8 27
20 1 18
30 1 28
45 1 37
15 8 49
40 2 85
7 2 22
10 8 14
30 8 50
56 8 85
10 2 14
25 8 80
7 2 14
25 1 10
17 8 63
4 2 5
63 1 17
7 7 10
7 8 10
57 8 37
6 8 48
17 1 12
2 8 3
10 14 7
85 8 53
10 8 25
7 11 10
57 2 63
14 1 7
22 8 30
64 1 62
7 4 10
57 2 52
59 8 37
16 1 15
7 2 80
42 1 38
7 2 28
10 2 12
7 8 30
40 8 86
1 8 3
49 8 15
22 8 25
26 1 30
3 1 1
52 1 30
25 8 56
81 1 25
40 1 42
22 2 55
48 1 45
37 1 57
84 1 30
53 1 40
26 1 25
42 1 31
48 1 3
63 2 57
10 8 12
18 8 20
40 1 52
7 8 15
10 7 7
7 8 14
14 2 7
30 1 7
26 2 56
84 2 56
86 8 37
51 1 49
17 1 7
45 8 48
86 2 52
5 8 6
20 1 16
49 1 30
51 1 31
80 8 7
30 8 49
26 8 85
10 2 22
37 1 63
45 1 10
42 2 52
12 8 45
7 1 10
10 2 81
50 2 31
52 2 57
52 2 86
56 2 26
53 1 85
17 1 49
51 1 50
30 8 26
28 8 30
10 1 22
20 2 37
30 1 22
27 1 17
55 2 28
10 5 7
37 1 59
7 5 10
49 1 25
15 1 14
30 8 81
18 1 17
30 1 10
42 8 40
2 2 1
53 8 40
7 8 12
52 2 42
10 11 7
10 2 26
49 2 7
45 2 6
37 1 52
15 8 16
40 1 27
15 1 7
7 12 10
40 8 53
26 8 15
16 2 18
? 1 github_cpp_program_data/33/130.cpp

52 8 37
6 1 4
84 8 85
7 2 12
31 8 51
26 2 31
30 8 57
81 8 10
26 2 7
7 1 10
22 8 10
52 1 25
6 2 3
28 2 10
85 1 56
85 1 84
49 8 17
15 1 26
10 8 30
28 2 55
25 1 29
3 8 48
25 8 26
6 1 5
7 14 10
10 1 81
25 8 52
22 2 10
85 2 40
7 7 10
10 8 7
14 1 10
53 1 37
5 2 4
17 8 18
86 1 40
28 8 25
25 1 55
22 2 7
10 1 7
45 1 20
3 2 6
16 8 20
7 8 25
27 1 15
12 2 7
63 2 27
30 8 56
81 2 10
4 8 6
12 2 10
45 1 40
25 1 7
10 2 28
57 1 25
20 2 10
57 1 30
31 2 50
49 8 85
30 8 52
28 2 29
80 2 7
31 1 25
55 8 30
80 1 30
30 1 55
48 1 45
48 1 3
37 8 53
29 2 28
7 2 26
31 1 30
7 2 49
25 8 81
7 1 80
10 2 80
50 1 30
29 8 25
51 2 37
28 2 7
25 1 22
10 4 7
56 2 49
25 8 80
3 1 2
56 2 84
12 1 10
25 8 31
45 1 12
25 8 49
6 2 45
57 2 52
12 8 17
53 2 63
31 2 26
10 14 7
84 1 25
40 8 45
80 2 10
12 1 7
50 8 51
25 8 84
25 8 57
16 2 18
10 8 45
37 1 86
27 8 40
18 2 16
30 8 80
27 2 63
25 1 28
51 1 26
48 1 6
17 8 63
14 8 15
26 8 51
55 8 25
81 1 30
20 2 40
20 1 18
30 1 28
81 2 7
40 2 85
7 2 22
10 8 14
30 8 50
56 8 85
30 8 31
85 1 49
7 2 14
25 1 10
30 8 49
7 8 17
4 2 5
63 1 17
7 8 10
50 1 25
57 8 37
7 8 14
17 1 12
2 8 3
10 8 25
85 8 86
14 1 7
22 8 30
51 8 53
16 1 15
7 2 80
7 2 28
10 2 12
7 8 30
40 8 86
1 8 3
25 8 50
22 8 25
26 1 30
3 1 1
52 1 30
40 1 53
22 2 29
81 1 25
40 1 63
49 2 7
22 2 55
7 2 81
37 1 57
10 2 20
26 1 25
7 1 81
37 2 51
10 8 12
18 8 20
7 8 15
49 2 56
10 7 7
6 8 48
14 2 7
30 1 7
84 2 56
80 1 25
86 8 37
15 8 27
17 1 7
45 8 48
86 2 52
5 8 6
20 1 16
49 1 30
51 1 31
81 8 7
80 8 7
40 2 20
18 1 17
10 2 22
45 1 10
12 8 45
53 1 51
10 2 81
50 2 31
52 2 57
52 2 86
86 1 85
51 1 50
30 8 26
28 8 30
10 1 22
63 2 53
30 1 22
29 2 22
55 2 28
10 5 7
1 2 2
49 1 25
15 1 14
63 8 40
30 8 81
20 8 45
30 1 10
7 11 10
2 2 1
53 8 40
7 8 12
55 2 22
45 2 6
37 1 52
15 8 16
40 1 27
15 1 7
7 12 10
56 1 30
17 1 49
26 8 15
? 1 github_cpp_program_data/33/143.cpp

52 8 37
20 8 45
6 1 4
56 8 64
52 8 40
84 8 85
62 8 64
7 2 12
31 8 51
3 2 6
30 8 57
81 8 10
31 2 49
26 2 7
63 8 37
22 8 10
52 1 25
6 2 3
28 2 10
49 1 15
49 2 31
85 1 84
49 8 17
15 1 26
37 1 86
28 2 55
25 1 29
3 8 48
25 8 26
6 1 5
20 2 10
10 1 81
25 8 52
62 2 56
15 1 49
1 2 2
64 2 53
22 2 10
62 1 37
85 2 40
49 8 51
10 8 7
14 1 10
17 1 26
5 2 4
40 1 53
17 8 18
86 1 40
28 8 25
25 1 55
64 8 40
22 2 7
10 1 7
45 1 20
16 8 20
53 2 64
40 1 64
7 8 25
7 14 10
12 2 7
31 2 50
81 2 10
4 8 6
12 2 10
10 12 7
26 2 10
37 8 45
25 1 7
10 2 28
57 1 25
51 8 86
57 1 30
30 8 84
30 8 52
80 2 7
31 1 25
55 8 30
80 1 30
30 1 55
56 1 25
31 2 38
26 8 17
37 8 38
80 1 25
29 2 28
7 2 26
7 2 49
25 8 81
10 2 20
7 1 80
10 2 80
50 1 30
29 8 25
64 1 56
28 2 7
25 1 22
10 4 7
85 1 26
14 2 10
3 1 2
56 2 84
12 1 10
25 8 31
45 1 12
25 8 49
6 2 45
37 8 62
85 1 56
10 8 15
12 8 17
53 2 27
51 2 40
55 2 22
80 2 10
12 1 7
38 1 37
50 8 51
40 2 51
25 8 57
15 8 26
37 2 20
26 1 15
10 8 45
10 8 30
31 8 42
27 8 40
38 8 42
18 2 16
86 1 51
27 2 53
15 1 10
30 8 80
56 2 62
25 1 28
48 1 6
7 8 17
14 8 15
28 2 29
55 8 25
81 1 30
38 2 31
17 8 27
20 1 18
30 1 28
45 1 37
15 8 49
40 2 85
7 2 22
10 8 14
30 8 50
56 8 85
10 2 14
25 8 80
7 2 14
25 1 10
17 8 63
4 2 5
63 1 17
7 7 10
7 8 10
57 8 37
6 8 48
17 1 12
2 8 3
10 14 7
85 8 53
10 8 25
7 11 10
57 2 63
14 1 7
22 8 30
64 1 62
7 4 10
57 2 52
59 8 37
16 1 15
7 2 80
42 1 38
7 2 28
10 2 12
7 8 30
40 8 86
1 8 3
49 8 15
22 8 25
26 1 30
3 1 1
52 1 30
25 8 56
81 1 25
40 1 42
22 2 55
48 1 45
37 1 57
84 1 30
53 1 40
26 1 25
42 1 31
48 1 3
63 2 57
10 8 12
18 8 20
40 1 52
7 8 15
10 7 7
7 8 14
14 2 7
30 1 7
26 2 56
84 2 56
86 8 37
51 1 49
17 1 7
45 8 48
86 2 52
5 8 6
20 1 16
49 1 30
51 1 31
80 8 7
30 8 49
26 8 85
10 2 22
37 1 63
45 1 10
42 2 52
12 8 45
7 1 10
10 2 81
50 2 31
52 2 57
52 2 86
56 2 26
53 1 85
17 1 49
51 1 50
30 8 26
28 8 30
10 1 22
20 2 37
30 1 22
27 1 17
55 2 28
10 5 7
37 1 59
7 5 10
49 1 25
15 1 14
30 8 81
18 1 17
30 1 10
42 8 40
2 2 1
53 8 40
7 8 12
52 2 42
10 11 7
10 2 26
49 2 7
45 2 6
37 1 52
15 8 16
40 1 27
15 1 7
7 12 10
40 8 53
26 8 15
16 2 18
? 1 github_cpp_program_data/33/160.cpp

52 8 37
6 1 4
52 8 40
84 8 85
15 8 27
7 2 12
31 8 51
56 2 38
12 8 45
30 8 57
81 8 10
31 2 49
26 2 7
22 8 10
52 1 25
6 2 3
28 2 10
49 1 15
85 1 84
31 2 37
15 1 26
10 8 30
25 1 29
3 8 48
25 8 26
6 1 5
20 2 10
10 1 81
25 8 52
15 1 49
41 2 38
42 1 56
22 2 10
85 2 40
49 8 51
10 8 7
7 2 81
14 1 10
17 1 10
17 1 26
5 2 4
57 8 40
17 8 18
28 8 25
50 2 31
49 2 31
22 2 7
22 2 29
38 2 41
10 1 7
45 1 20
3 2 6
16 8 20
28 2 22
7 8 25
27 1 15
12 2 7
41 1 40
63 2 27
31 2 50
52 2 27
81 2 10
4 8 6
12 2 10
10 12 7
26 2 10
45 1 40
25 1 7
10 2 28
57 1 25
51 8 86
57 1 30
30 8 84
30 8 26
30 8 52
26 8 15
80 2 7
55 8 30
80 1 30
30 1 55
56 1 25
26 8 17
37 8 38
80 1 25
29 2 28
7 2 26
31 1 30
7 2 49
25 8 81
84 1 30
7 1 80
10 2 80
20 8 45
29 8 25
51 2 37
28 2 7
25 1 22
6 2 45
25 8 80
40 8 41
3 1 2
56 2 84
12 1 10
45 1 12
10 1 80
86 1 37
10 4 7
81 2 7
85 1 56
7 5 10
12 8 17
42 8 37
10 14 7
40 8 45
80 2 10
12 1 7
38 1 37
50 8 51
7 14 10
25 8 57
16 2 18
10 8 45
56 2 49
72 2 63
27 8 40
38 8 42
18 2 16
86 1 51
80 8 10
30 8 80
40 1 72
25 1 28
48 1 6
17 8 63
7 8 15
14 8 15
28 2 29
81 1 30
42 2 53
17 8 27
20 1 18
30 1 28
31 8 72
15 8 49
37 2 31
40 2 85
7 2 22
63 2 72
10 8 14
56 8 85
53 2 42
30 8 31
85 1 49
7 2 14
27 2 63
25 1 10
37 8 86
29 2 22
7 8 17
10 2 26
4 2 5
63 1 17
7 7 10
7 8 10
50 1 25
57 8 37
6 8 48
17 1 12
2 8 3
85 8 53
10 8 25
86 2 63
7 4 10
63 1 15
30 1 7
51 1 49
40 1 57
42 1 41
57 2 52
72 1 31
16 1 15
7 2 80
42 1 38
72 8 40
10 2 12
7 8 30
63 2 86
20 2 40
1 8 3
25 8 50
22 8 25
26 1 30
3 1 1
52 1 30
25 8 56
72 2 57
81 1 25
40 1 63
49 2 7
22 2 55
48 1 45
37 1 57
10 8 17
37 1 53
53 1 40
26 1 25
7 1 81
37 2 51
48 1 3
15 8 63
10 8 12
18 8 20
40 1 52
37 8 72
49 2 56
10 7 7
7 8 14
14 2 7
14 1 7
84 2 56
45 2 6
22 8 30
17 1 7
45 8 48
53 8 37
5 8 6
20 1 16
49 1 30
51 1 31
81 8 7
80 8 7
40 2 20
18 1 17
22 2 28
10 2 22
49 8 15
45 1 10
37 1 42
7 1 10
10 2 20
10 2 81
57 2 72
52 2 57
72 1 37
53 1 85
51 1 50
49 8 85
28 8 30
10 1 22
30 1 22
27 1 17
10 5 7
1 2 2
27 2 52
15 1 14
38 2 56
63 8 40
30 8 81
86 8 40
30 8 49
30 1 10
7 11 10
2 2 1
40 1 86
7 8 12
10 11 7
41 8 42
55 2 22
7 2 28
37 1 52
15 8 16
40 1 27
15 1 7
7 12 10
40 8 53
56 8 42
? 1 github_cpp_program_data/33/174.cpp

52 8 37
6 1 4
7 8 30
84 8 85
27 2 75
7 2 12
31 8 51
45 13 36
96 8 45
28 2 7
81 8 10
31 2 49
37 1 27
14 8 16
57 2 52
30 8 36
37 1 86
28 2 55
25 1 29
32 1 30
25 8 26
7 1 23
12 8 15
10 1 81
52 1 30
22 2 10
10 2 49
85 2 40
29 8 30
14 1 10
17 1 10
39 1 25
10 2 11
45 2 27
28 2 29
57 8 40
39 2 57
6 2 75
25 1 55
10 7 7
40 1 39
34 8 23
37 1 36
23 8 17
7 8 87
73 13 36
3 2 6
16 8 20
28 2 22
7 8 25
27 1 15
12 2 7
100 2 14
7 2 22
31 2 50
52 2 27
13 8 12
22 2 55
54 8 45
37 8 45
48 1 75
17 8 27
11 8 14
63 1 17
17 2 15
31 2 37
80 1 30
30 1 55
56 1 25
72 2 108
7 2 26
26 2 7
75 2 6
25 8 81
37 1 59
10 2 80
29 8 25
17 1 23
51 1 56
49 2 10
51 2 37
24 2 28
7 8 24
14 8 45
25 1 22
57 2 27
10 4 7
31 2 38
25 8 31
12 2 10
45 1 12
38 1 40
25 8 49
10 1 80
36 2 27
24 1 10
45 1 14
10 2 23
12 2 13
36 8 40
12 8 17
46 1 7
84 1 25
37 2 51
80 2 10
18 1 15
50 8 51
17 1 7
10 8 45
37 2 137
10 11 7
10 8 15
54 1 16
38 8 42
18 2 16
63 2 57
37 8 86
6 2 3
48 1 6
7 8 73
14 8 15
37 1 72
55 8 25
81 1 30
108 8 37
7 8 35
10 2 28
31 8 72
32 2 34
48 1 27
12 1 13
6 1 5
37 8 138
7 2 14
25 1 10
49 2 56
7 8 17
16 1 7
7 8 10
23 2 7
57 8 37
7 8 14
23 1 34
54 2 37
10 14 7
85 8 53
10 8 25
7 11 10
7 4 10
63 1 15
14 1 7
15 8 27
40 1 57
51 8 53
59 8 37
87 8 16
16 1 15
57 2 39
42 1 38
33 8 24
52 2 53
49 8 15
63 2 27
24 8 30
54 8 87
40 8 108
13 2 7
25 8 56
40 1 63
50 2 56
40 1 42
10 1 23
20 8 100
37 1 57
10 8 17
37 1 53
53 1 40
26 1 25
7 1 81
15 1 12
42 1 31
15 8 63
40 2 85
18 8 20
40 1 52
37 8 72
20 2 40
45 1 54
6 8 48
13 8 14
14 2 7
87 1 7
75 8 48
7 7 10
16 1 14
23 8 7
53 8 37
20 1 16
54 2 7
51 1 31
81 8 7
80 8 7
40 2 20
30 8 49
26 8 85
16 8 54
10 8 35
37 1 63
12 8 45
20 8 137
48 1 3
87 1 54
45 2 73
28 2 24
85 1 31
30 8 32
39 8 40
14 2 100
86 1 85
27 8 37
16 1 12
51 1 50
30 8 26
28 8 30
11 2 10
30 1 22
73 1 100
15 2 17
56 2 49
10 5 7
36 8 37
27 2 52
15 8 18
3 8 48
49 1 25
7 2 20
27 2 63
87 1 12
45 1 37
30 1 10
42 8 40
108 1 56
7 8 16
36 6 73
40 1 86
10 2 12
41 8 42
31 8 85
37 1 52
15 8 16
30 1 29
56 1 30
56 2 40
10 8 24
33 2 7
52 8 40
15 1 10
24 1 33
26 2 31
30 8 57
63 8 37
52 1 25
28 2 10
100 1 20
85 1 56
25 1 28
16 1 17
15 1 26
20 2 7
10 8 30
37 1 138
22 2 7
45 8 48
32 8 23
25 8 39
7 14 10
25 8 52
15 1 49
72 8 37
56 2 50
32 1 25
138 1 37
38 2 41
49 8 51
10 8 7
10 1 7
17 1 26
73 1 40
5 2 4
7 2 23
10 1 33
17 8 18
86 1 40
28 8 25
33 1 34
49 2 31
36 2 138
81 2 10
33 8 10
33 1 32
7 1 10
34 1 25
46 8 75
56 8 51
53 1 85
37 2 31
30 8 56
35 1 23
4 8 6
30 1 35
10 12 7
35 1 7
34 8 33
57 1 25
51 8 86
31 2 84
12 8 16
73 1 20
30 8 52
108 2 72
80 2 7
37 1 108
31 1 25
55 8 30
63 2 52
40 8 73
48 1 45
30 8 34
26 8 17
80 1 25
29 2 28
31 1 30
75 2 27
7 1 80
50 1 30
14 1 11
73 1 7
52 2 63
41 1 37
25 8 34
24 1 7
25 1 24
34 1 30
18 8 54
14 2 10
3 1 2
56 2 84
12 1 10
40 8 137
30 8 50
54 2 10
86 1 37
40 8 38
13 2 12
23 2 10
31 8 42
27 2 57
53 2 63
31 2 26
7 2 11
23 8 10
23 8 35
12 1 7
37 8 41
14 8 17
25 8 84
73 1 14
25 8 57
16 2 18
45 1 96
17 8 16
17 1 14
25 1 7
55 2 28
7 8 45
27 8 40
41 2 38
86 1 51
54 1 18
80 8 10
30 8 80
85 1 84
52 2 57
22 2 29
30 1 24
38 2 31
57 1 30
20 1 18
30 1 28
96 2 12
137 1 40
73 8 48
7 2 54
84 2 31
10 8 14
56 8 85
10 2 14
30 8 31
7 2 33
29 2 22
17 8 63
4 2 5
2 2 1
138 2 36
35 1 10
7 2 13
2 8 3
20 8 96
35 8 30
25 8 80
85 8 86
57 2 63
138 8 37
30 1 7
51 1 49
11 2 7
42 1 41
10 2 54
108 1 40
25 8 32
17 1 12
23 1 32
75 1 46
34 2 32
56 8 108
45 1 7
40 8 86
1 8 3
40 2 56
22 8 25
26 1 30
3 1 1
81 1 25
37 2 54
7 2 81
10 2 33
85 1 26
53 1 37
22 2 35
24 8 25
16 1 87
27 2 36
138 1 137
10 8 12
20 8 73
27 2 45
57 2 86
7 8 15
35 8 25
55 2 22
72 2 27
96 1 20
12 2 96
26 2 56
84 2 56
37 8 53
86 8 37
22 8 30
36 6 45
7 12 10
86 2 52
27 8 48
5 8 6
49 1 30
72 1 37
18 1 17
22 2 28
10 2 22
45 1 10
87 1 13
53 1 51
12 8 87
10 2 81
35 2 22
50 2 31
36 1 30
52 2 86
56 2 26
72 1 31
14 8 73
137 2 37
48 1 73
137 8 138
63 2 53
27 1 17
27 2 72
13 8 87
1 2 2
7 5 10
7 2 80
15 1 14
73 2 45
63 8 40
30 8 81
86 8 40
86 2 57
81 2 7
32 8 33
137 1 20
25 1 35
100 8 73
7 8 12
7 8 46
33 2 10
53 2 52
7 2 28
40 1 27
40 1 36
15 1 7
14 1 13
40 8 53
26 8 15
? 1 github_cpp_program_data/33/187.cpp

80 2 10
20 8 45
6 1 4
52 8 40
84 8 85
10 7 7
7 2 12
80 8 10
3 2 6
12 2 19
12 8 45
54 2 7
30 8 57
81 8 10
31 2 49
37 1 27
53 1 51
7 2 28
6 2 3
28 2 10
49 1 15
85 1 84
15 1 26
30 8 36
10 8 30
28 2 55
25 1 29
3 8 48
25 8 26
6 1 5
32 8 23
12 8 15
20 2 10
10 1 81
15 1 49
1 2 2
39 1 30
56 2 50
32 1 25
10 2 49
38 2 41
49 8 51
10 8 7
14 1 10
17 1 10
17 1 26
36 1 30
5 2 4
10 8 24
28 8 25
25 1 55
33 1 34
81 1 30
40 1 39
37 1 36
10 1 7
45 1 20
16 8 20
81 1 25
28 2 22
56 8 51
7 14 10
12 2 7
37 2 54
41 1 40
18 8 54
30 8 56
34 1 25
4 8 6
12 2 10
10 12 7
26 2 10
37 8 45
25 1 7
34 8 33
6 8 48
73 1 54
17 8 27
30 8 52
45 13 39
80 2 7
31 1 25
55 8 30
56 2 49
30 1 55
48 1 45
81 8 7
31 2 38
7 8 25
37 8 38
73 1 12
80 1 25
29 2 28
37 1 57
31 1 30
26 2 7
28 2 7
25 8 81
10 2 20
7 1 80
63 8 37
50 1 30
29 8 25
7 2 80
51 1 56
10 2 33
25 8 34
81 2 10
25 1 22
84 2 31
6 2 45
40 8 41
14 2 10
3 1 2
12 1 10
25 8 31
45 1 12
7 2 54
18 2 16
49 2 10
10 1 80
86 1 37
24 1 10
10 2 23
23 2 10
81 2 7
10 8 15
7 5 10
53 2 63
42 8 37
51 2 40
84 1 25
53 2 57
29 8 30
12 1 7
38 1 37
39 6 45
14 8 17
50 8 51
25 8 84
17 1 7
16 2 18
37 2 20
10 8 45
36 8 37
63 2 53
54 8 73
31 8 42
35 8 30
38 8 42
41 2 38
54 1 18
15 1 10
27 2 63
25 1 28
51 1 26
37 8 73
7 8 73
85 2 37
14 8 15
26 8 51
55 8 25
30 1 24
38 2 31
57 1 30
30 1 35
17 1 14
45 1 37
15 8 49
10 2 28
73 8 48
7 2 22
48 1 6
10 8 14
30 8 50
10 4 7
10 2 14
30 8 31
85 1 49
7 2 14
25 1 10
37 8 86
29 2 22
7 8 17
4 2 5
7 7 10
7 8 10
50 1 25
57 8 37
7 8 14
2 8 3
54 2 37
10 14 7
10 8 25
48 1 73
85 8 86
63 1 15
14 1 7
51 1 49
50 2 56
22 2 28
42 1 41
51 8 53
35 1 10
16 1 15
25 8 32
42 1 38
23 1 32
10 2 12
7 8 30
1 8 3
25 8 50
22 8 25
3 1 1
24 8 30
52 1 30
33 2 10
22 2 29
30 8 39
37 2 85
22 2 10
23 8 24
7 2 81
25 8 80
10 8 17
37 1 53
53 1 40
26 1 25
30 1 28
7 1 81
10 2 80
15 1 12
19 2 12
42 1 31
37 1 63
45 2 6
54 1 16
15 8 63
10 8 12
28 2 29
40 1 52
7 8 15
49 2 56
31 2 84
24 1 23
14 2 7
30 1 7
26 2 56
63 2 27
73 1 7
22 8 30
7 12 10
45 8 48
53 8 37
5 8 6
20 1 16
49 1 30
33 8 35
80 8 7
22 2 7
7 2 26
18 1 17
7 4 10
16 8 54
10 8 35
49 8 15
45 1 10
7 11 10
37 1 42
7 1 10
48 1 3
10 2 81
45 2 73
56 2 26
85 1 31
39 8 40
49 1 17
86 1 85
27 8 37
26 8 17
17 8 49
51 1 50
49 8 85
28 8 30
12 8 73
20 2 37
30 1 22
27 1 17
35 2 28
55 2 28
10 5 7
35 1 33
28 2 35
22 8 7
40 2 51
15 1 14
73 2 45
73 1 37
30 8 81
86 8 40
30 8 49
30 1 10
45 1 19
2 2 1
7 1 22
40 1 86
49 2 31
7 8 12
10 11 7
41 8 42
10 2 26
57 2 53
31 8 85
19 8 45
15 8 16
30 1 29
15 1 7
10 2 22
56 1 30
40 8 53
26 8 15
17 8 18
? 1 github_cpp_program_data/33/206.cpp

52 8 37
6 1 4
56 8 64
84 8 85
22 8 30
7 2 12
57 8 40
45 13 36
51 2 37
63 2 64
72 1 56
81 8 10
31 2 49
26 2 7
64 1 56
57 2 52
84 2 56
38 2 41
49 8 17
37 1 86
28 2 55
25 1 29
32 1 30
25 8 26
6 1 5
12 8 15
10 1 81
22 2 10
27 2 75
14 1 10
17 1 10
56 8 72
40 1 53
6 2 75
25 1 55
10 7 7
40 1 39
53 2 72
40 8 62
40 8 72
7 2 23
45 1 20
3 2 6
35 1 23
81 1 25
10 2 49
27 1 15
12 2 7
12 1 10
37 8 45
48 1 75
27 2 63
17 8 27
30 8 84
63 1 17
10 1 23
80 1 30
30 1 55
7 2 81
54 2 40
64 8 37
38 1 40
25 8 81
10 8 17
1 2 2
10 2 80
20 8 45
29 8 25
42 2 86
51 1 56
25 8 49
64 1 31
52 1 25
14 8 45
25 1 22
40 8 41
31 2 38
25 8 31
45 1 12
26 1 17
49 2 10
10 1 80
24 1 10
45 1 14
85 1 56
12 8 17
46 1 7
42 8 37
84 1 25
37 2 51
80 2 10
29 8 30
38 1 37
50 8 51
17 1 7
12 1 19
45 2 73
54 8 73
10 8 15
38 8 42
37 8 86
6 2 3
48 1 6
7 8 73
64 2 63
14 8 15
55 8 25
81 1 30
42 2 53
12 2 10
10 2 28
15 8 49
32 2 34
7 2 22
30 8 50
53 2 42
53 2 57
72 1 40
85 1 49
7 2 14
25 1 10
7 8 17
7 2 33
7 8 10
57 8 37
7 8 14
17 1 12
85 8 53
10 8 25
7 11 10
63 1 15
14 1 7
15 8 27
25 8 52
40 1 57
51 8 53
10 2 26
72 8 40
33 8 24
52 2 53
25 8 50
63 2 27
52 1 30
45 2 27
25 8 56
37 2 85
40 1 63
50 2 56
40 1 42
22 2 55
25 8 36
37 1 57
84 1 30
37 1 53
56 2 40
26 1 25
7 1 81
15 1 12
42 1 31
72 2 63
15 8 63
28 2 29
40 1 52
49 2 56
31 2 84
6 8 48
14 2 7
75 8 48
40 1 59
7 7 10
45 8 48
53 8 37
54 2 7
51 1 31
81 8 7
80 8 7
30 8 49
26 8 85
72 2 53
49 8 15
12 8 45
51 2 40
51 1 50
85 1 31
30 8 32
39 8 40
86 1 85
51 8 86
30 8 26
31 1 25
12 8 73
30 1 22
56 2 49
10 5 7
36 8 37
3 8 48
49 1 25
38 2 56
7 2 20
40 1 72
45 1 37
30 1 10
42 8 40
2 2 1
40 1 86
10 2 12
63 8 48
41 8 42
49 2 7
31 8 85
37 1 52
5 8 6
30 1 29
56 1 30
17 1 49
56 8 42
33 2 7
52 8 40
62 8 64
15 1 10
24 1 33
26 2 31
30 8 57
7 8 24
28 2 10
49 1 15
25 1 28
36 2 52
15 1 26
10 8 30
22 2 7
10 4 7
32 8 23
7 14 10
64 1 62
62 2 56
15 1 49
42 1 56
56 2 50
32 1 25
37 1 36
49 8 51
17 1 26
73 1 40
5 2 4
10 8 24
28 8 25
33 1 34
49 2 31
10 1 7
33 1 32
46 8 75
56 8 51
41 1 40
30 8 56
4 8 6
7 8 35
10 12 7
26 2 10
35 1 7
34 8 33
57 1 25
37 1 64
19 8 12
49 8 85
30 8 52
28 8 30
55 8 30
75 2 6
40 8 73
48 1 45
30 8 34
7 8 25
37 8 38
73 1 12
80 1 25
50 2 31
19 2 10
31 1 30
7 2 49
7 1 80
50 1 30
40 2 56
73 1 7
28 2 7
24 1 7
25 1 24
26 1 15
34 1 30
14 2 10
3 1 2
56 2 84
31 8 64
86 1 37
40 8 38
75 2 27
31 8 42
31 2 62
40 2 54
53 2 27
48 1 63
31 2 26
10 14 7
23 8 10
23 8 35
12 1 7
14 8 17
25 8 84
40 2 51
25 8 57
15 8 26
37 2 20
17 1 14
25 1 7
55 2 28
7 8 45
27 8 40
52 2 36
41 2 38
86 1 51
27 2 53
80 8 10
30 8 80
56 2 62
85 1 84
51 1 26
52 2 57
85 2 37
22 2 29
26 8 51
23 2 7
38 2 31
48 1 27
57 1 30
30 1 35
30 1 28
80 2 7
73 8 48
7 2 54
84 2 31
10 8 14
56 8 85
10 2 14
30 8 31
26 8 17
36 1 25
29 2 22
17 8 63
4 2 5
63 2 72
50 1 25
2 8 3
35 8 30
25 8 80
85 8 86
40 1 61
51 1 49
42 1 41
31 8 51
7 2 80
23 1 32
75 1 46
34 2 32
7 8 30
45 1 7
1 8 3
22 8 25
26 1 30
3 1 1
31 2 50
64 8 40
33 2 10
40 1 64
53 2 52
56 1 25
86 2 42
10 2 33
85 1 26
61 8 40
53 1 37
24 8 25
48 1 3
10 8 12
27 2 45
57 2 86
7 8 15
35 8 25
55 2 22
30 1 7
26 2 56
62 2 31
37 8 53
86 8 37
53 1 40
36 6 45
86 2 52
27 8 48
29 2 28
49 1 30
10 11 7
7 2 26
10 2 19
7 4 10
10 2 22
40 1 113
37 1 42
53 1 51
62 1 40
10 2 81
113 8 40
52 2 86
56 2 26
53 1 85
73 1 54
48 1 73
20 2 37
27 1 17
56 2 38
81 2 10
7 5 10
25 8 32
15 1 14
73 2 45
63 8 40
30 8 81
86 8 40
86 2 57
81 2 7
32 8 33
20 2 7
25 1 35
53 8 40
7 8 12
7 8 46
59 8 40
42 1 38
57 2 53
7 2 28
40 1 27
15 1 7
7 12 10
17 8 26
40 8 53
26 8 15
? 1 github_cpp_program_data/33/22.cpp

52 8 37
37 1 63
6 1 4
52 8 40
84 8 85
10 7 7
7 2 12
80 8 10
73 1 54
3 2 6
12 2 19
12 8 45
72 1 56
30 8 57
81 8 10
31 2 49
37 1 27
63 8 37
7 2 28
52 1 25
7 14 10
28 2 10
49 1 15
85 1 84
15 1 26
30 8 36
10 8 30
28 2 55
25 1 29
3 8 48
86 2 27
22 2 7
6 1 5
32 8 23
12 8 15
20 2 10
10 1 81
25 8 52
7 8 73
15 1 49
1 2 2
72 8 37
39 1 30
33 2 7
32 1 25
57 2 72
38 2 41
49 8 51
10 8 7
7 2 81
14 1 10
17 1 10
17 1 26
36 1 30
5 2 4
57 8 40
40 1 53
10 8 24
86 1 40
28 8 25
25 1 55
33 1 34
49 2 31
40 1 39
37 1 36
10 1 7
45 1 20
72 2 57
16 8 20
56 8 51
27 1 15
12 2 7
41 1 40
18 8 54
30 8 56
52 2 27
10 2 14
4 8 6
12 2 10
10 12 7
26 2 10
35 1 7
37 8 45
25 1 7
34 8 33
57 1 25
51 8 86
17 8 27
30 8 84
30 8 26
63 1 17
53 1 85
45 13 39
31 1 25
55 8 30
80 1 30
30 1 55
56 1 25
30 8 34
31 2 38
7 8 25
37 8 38
73 1 12
80 1 25
29 2 28
37 1 57
26 2 7
56 1 22
25 8 81
84 1 30
7 1 80
10 2 80
20 8 45
29 8 25
7 2 80
51 1 56
28 2 7
81 2 10
25 1 22
84 2 31
6 2 45
34 1 30
45 2 73
40 8 41
14 2 10
3 1 2
12 1 10
25 8 31
45 1 12
7 2 54
18 2 16
25 8 49
10 1 80
15 8 27
22 2 35
24 1 10
81 8 7
23 2 10
81 2 7
57 2 52
10 8 15
10 2 23
27 2 86
42 8 37
51 2 40
80 2 10
29 8 30
12 1 7
38 1 37
39 6 45
14 8 17
50 8 51
40 2 56
40 2 51
17 1 7
16 2 18
37 2 20
10 8 45
17 1 14
36 8 37
37 1 86
31 8 42
30 8 39
38 8 42
41 2 38
86 1 51
54 1 18
15 1 10
30 8 80
6 2 3
25 1 28
37 8 73
7 8 17
25 8 57
14 8 15
28 2 29
55 8 25
30 1 24
38 2 31
57 1 30
7 8 35
30 1 28
80 2 7
15 8 49
10 2 28
73 8 48
7 2 22
48 1 6
10 8 14
10 4 7
6 8 48
72 1 40
85 1 49
7 2 14
25 1 10
7 5 10
29 2 22
17 8 63
4 2 5
30 8 52
7 7 10
7 8 10
50 1 25
57 8 37
7 8 14
49 2 7
2 8 3
54 2 37
10 14 7
85 8 53
10 8 25
48 1 73
7 11 10
35 8 25
14 1 7
51 1 49
50 2 56
40 1 57
56 2 49
42 1 41
16 1 15
25 8 32
22 2 30
42 1 38
23 1 32
10 2 12
7 8 30
40 8 86
1 8 3
25 8 50
22 8 25
26 1 30
3 1 1
24 8 30
52 1 30
25 8 56
37 2 85
22 2 29
81 1 25
37 2 54
22 2 10
23 8 24
48 1 45
25 8 80
10 8 17
40 8 72
56 2 40
53 1 37
7 1 81
15 1 12
19 2 12
42 1 31
45 2 6
54 1 16
10 8 12
37 1 72
30 2 22
40 1 52
7 8 15
49 2 56
31 2 84
24 1 23
72 2 27
14 2 7
30 1 7
63 2 27
37 8 53
86 8 37
22 8 30
22 8 56
45 8 48
73 1 7
5 8 6
20 1 16
54 2 7
33 8 35
80 8 7
7 2 26
18 1 17
7 4 10
16 8 54
52 2 57
10 2 22
49 8 15
45 1 10
7 2 33
37 1 42
7 1 10
48 1 3
10 2 20
10 2 81
35 2 22
85 1 31
39 8 40
7 2 49
27 8 37
26 8 17
51 1 50
49 8 85
28 8 30
12 8 73
20 2 37
30 1 22
27 1 17
27 2 72
55 2 28
10 5 7
35 1 33
27 2 52
22 8 7
49 1 25
15 1 14
73 2 45
73 1 37
27 2 63
56 8 72
45 1 37
30 1 10
45 1 19
2 2 1
25 1 35
7 1 22
53 8 40
7 8 12
10 11 7
41 8 42
10 2 26
85 2 37
31 8 85
19 8 45
37 1 52
15 8 16
30 1 29
15 1 7
7 12 10
56 1 30
54 8 73
56 2 50
26 8 15
17 8 18
? 1 github_cpp_program_data/33/244.cpp

52 8 37
20 8 45
6 1 4
56 8 64
52 8 40
84 8 85
62 8 64
7 2 12
31 8 51
3 2 6
30 8 57
81 8 10
31 2 49
26 2 7
63 8 37
22 8 10
52 1 25
6 2 3
28 2 10
49 1 15
49 2 31
85 1 84
49 8 17
15 1 26
37 1 86
28 2 55
25 1 29
3 8 48
25 8 26
6 1 5
20 2 10
10 1 81
25 8 52
62 2 56
15 1 49
1 2 2
64 2 53
22 2 10
62 1 37
85 2 40
49 8 51
10 8 7
14 1 10
17 1 26
5 2 4
40 1 53
17 8 18
86 1 40
28 8 25
25 1 55
64 8 40
22 2 7
10 1 7
45 1 20
16 8 20
53 2 64
40 1 64
7 8 25
7 14 10
12 2 7
31 2 50
81 2 10
4 8 6
12 2 10
10 12 7
26 2 10
37 8 45
25 1 7
10 2 28
57 1 25
51 8 86
57 1 30
30 8 84
30 8 52
80 2 7
31 1 25
55 8 30
80 1 30
30 1 55
56 1 25
31 2 38
26 8 17
37 8 38
80 1 25
29 2 28
7 2 26
7 2 49
25 8 81
10 2 20
7 1 80
10 2 80
50 1 30
29 8 25
64 1 56
28 2 7
25 1 22
10 4 7
85 1 26
14 2 10
3 1 2
56 2 84
12 1 10
25 8 31
45 1 12
25 8 49
6 2 45
37 8 62
85 1 56
10 8 15
12 8 17
53 2 27
51 2 40
55 2 22
80 2 10
12 1 7
38 1 37
50 8 51
40 2 51
25 8 57
15 8 26
37 2 20
26 1 15
10 8 45
10 8 30
31 8 42
27 8 40
38 8 42
18 2 16
86 1 51
27 2 53
15 1 10
30 8 80
56 2 62
25 1 28
48 1 6
7 8 17
14 8 15
28 2 29
55 8 25
81 1 30
38 2 31
17 8 27
20 1 18
30 1 28
45 1 37
15 8 49
40 2 85
7 2 22
10 8 14
30 8 50
56 8 85
10 2 14
25 8 80
7 2 14
25 1 10
17 8 63
4 2 5
63 1 17
7 7 10
7 8 10
57 8 37
6 8 48
17 1 12
2 8 3
10 14 7
85 8 53
10 8 25
7 11 10
57 2 63
14 1 7
22 8 30
64 1 62
7 4 10
57 2 52
59 8 37
16 1 15
7 2 80
42 1 38
7 2 28
10 2 12
7 8 30
40 8 86
1 8 3
49 8 15
22 8 25
26 1 30
3 1 1
52 1 30
25 8 56
81 1 25
40 1 42
22 2 55
48 1 45
37 1 57
84 1 30
53 1 40
26 1 25
42 1 31
48 1 3
63 2 57
10 8 12
18 8 20
40 1 52
7 8 15
10 7 7
7 8 14
14 2 7
30 1 7
26 2 56
84 2 56
86 8 37
51 1 49
17 1 7
45 8 48
86 2 52
5 8 6
20 1 16
49 1 30
51 1 31
80 8 7
30 8 49
26 8 85
10 2 22
37 1 63
45 1 10
42 2 52
12 8 45
7 1 10
10 2 81
50 2 31
52 2 57
52 2 86
56 2 26
53 1 85
17 1 49
51 1 50
30 8 26
28 8 30
10 1 22
20 2 37
30 1 22
27 1 17
55 2 28
10 5 7
37 1 59
7 5 10
49 1 25
15 1 14
30 8 81
18 1 17
30 1 10
42 8 40
2 2 1
53 8 40
7 8 12
52 2 42
10 11 7
10 2 26
49 2 7
45 2 6
37 1 52
15 8 16
40 1 27
15 1 7
7 12 10
40 8 53
26 8 15
16 2 18
? 1 github_cpp_program_data/33/250.cpp

52 8 37
6 1 4
84 8 85
7 2 12
31 8 51
26 2 31
12 8 45
30 8 57
81 8 10
7 1 10
22 8 10
6 2 3
28 2 10
85 1 56
85 1 84
49 8 17
25 1 22
37 1 86
28 2 55
25 1 29
3 8 48
25 8 26
6 1 5
7 14 10
10 1 81
15 1 49
41 2 38
42 1 56
22 2 10
85 2 40
7 7 10
10 8 7
14 1 10
53 1 37
5 2 4
40 1 53
17 8 18
86 1 40
28 8 25
50 2 31
22 2 7
38 2 41
10 1 7
45 1 20
3 2 6
3 1 2
7 8 25
27 1 15
12 2 7
41 1 40
63 2 27
31 2 50
81 2 10
4 8 6
12 2 10
45 1 40
25 1 7
10 2 28
57 1 25
20 2 10
57 1 30
30 8 84
30 8 52
55 8 30
80 1 30
30 1 55
56 1 25
48 1 3
37 8 38
37 8 53
31 2 26
31 1 30
7 2 49
25 8 81
10 2 20
1 2 2
10 2 80
20 8 45
29 8 25
51 2 37
28 2 7
26 1 15
6 2 45
85 1 26
40 8 41
16 8 20
56 2 84
12 1 10
45 1 12
26 1 17
25 8 49
10 1 80
10 4 7
57 2 52
12 8 17
53 2 63
42 8 37
10 14 7
40 8 45
80 2 10
12 1 7
38 1 37
50 8 51
25 8 57
15 8 26
10 8 45
10 8 30
27 8 40
38 8 42
18 2 16
80 8 10
30 8 80
27 2 63
25 1 28
51 1 26
48 1 6
17 8 63
80 1 25
14 8 15
26 8 51
81 1 30
20 1 18
30 1 28
80 2 7
40 2 85
7 2 22
10 8 14
56 8 85
30 8 31
25 8 80
7 2 14
25 1 10
29 2 22
7 8 17
4 2 5
63 1 17
7 8 10
50 1 25
57 8 37
7 8 14
17 1 12
2 8 3
10 8 25
85 8 86
14 1 7
22 8 30
7 4 10
42 1 41
51 8 53
16 1 15
7 2 80
42 1 38
7 2 28
10 2 12
7 8 30
40 8 86
1 8 3
25 8 50
22 8 25
3 1 1
52 1 30
25 8 56
59 8 40
22 2 29
81 1 25
40 1 63
49 2 7
22 2 55
48 1 45
37 1 57
84 1 30
26 1 25
7 1 81
37 2 51
10 8 12
18 8 20
7 8 15
20 2 40
10 7 7
6 8 48
14 2 7
30 1 7
26 2 56
84 2 56
40 1 59
86 8 37
15 8 27
17 1 7
45 8 48
15 8 16
20 1 16
49 1 30
51 1 31
81 8 7
80 8 7
40 2 20
18 1 17
26 8 85
10 2 22
49 8 15
45 1 10
42 2 52
37 1 42
53 1 51
10 2 81
52 2 57
86 1 85
56 2 26
51 1 50
28 8 30
10 1 22
63 2 53
30 1 22
56 2 38
55 2 28
10 5 7
7 1 80
49 1 25
15 1 14
38 2 56
63 8 40
30 8 81
30 8 49
30 1 10
7 11 10
2 2 1
53 8 40
7 8 12
52 2 42
10 11 7
41 8 42
55 2 22
45 2 6
37 1 52
5 8 6
40 1 27
15 1 7
7 12 10
17 8 26
17 1 49
56 8 42
16 2 18
? 1 github_cpp_program_data/33/260.cpp

52 8 37
20 8 45
6 1 4
52 8 40
84 8 85
10 7 7
22 8 30
7 2 12
80 8 10
73 1 54
3 2 6
12 2 19
12 8 45
72 1 56
30 8 57
81 8 10
31 2 49
37 1 27
63 8 37
7 2 28
52 1 25
6 2 3
28 2 10
49 1 15
49 2 31
85 1 84
15 1 26
30 8 36
10 8 30
28 2 55
25 1 29
3 8 48
86 2 27
25 8 26
6 1 5
32 8 23
12 8 15
20 2 10
10 1 81
25 8 52
7 8 73
15 1 49
1 2 2
72 8 37
39 1 30
56 2 50
32 1 25
10 2 49
38 2 41
49 8 51
10 8 7
14 1 10
17 1 10
17 1 26
36 1 30
5 2 4
57 8 40
10 8 24
86 1 40
28 8 25
25 1 55
33 1 34
81 1 30
40 1 39
37 1 36
10 1 7
54 2 7
45 1 20
30 8 39
16 8 20
28 2 22
56 8 51
27 1 15
12 2 7
37 2 54
41 1 40
18 8 54
30 8 56
34 1 25
4 8 6
12 2 10
10 12 7
26 2 10
37 8 45
25 1 7
34 8 33
6 8 48
51 8 86
17 8 27
63 1 17
53 1 85
45 13 39
80 2 7
31 1 25
55 8 30
80 1 30
30 1 55
48 1 45
81 8 7
31 2 38
7 8 25
37 8 38
73 1 12
80 1 25
29 2 28
7 2 26
31 1 30
26 2 7
28 2 7
25 8 81
10 2 20
7 1 80
10 2 80
50 1 30
29 8 25
7 2 80
51 1 56
25 8 34
81 2 10
25 1 22
84 2 31
6 2 45
56 2 49
40 8 41
14 2 10
3 1 2
12 1 10
25 8 31
45 1 12
7 2 54
18 2 16
49 2 10
10 1 80
24 1 10
10 2 23
23 2 10
81 2 7
57 2 52
10 8 15
7 5 10
72 1 40
27 2 86
42 8 37
51 2 40
84 1 25
80 2 10
29 8 30
12 1 7
38 1 37
39 6 45
14 8 17
50 8 51
25 8 84
7 14 10
17 1 7
16 2 18
37 2 20
10 8 45
36 8 37
37 1 86
52 2 72
31 8 42
35 8 30
38 8 42
41 2 38
86 1 51
54 1 18
15 1 10
30 8 80
27 2 63
25 1 28
37 8 73
7 8 17
85 2 37
14 8 15
28 2 29
55 8 25
30 1 24
38 2 31
57 1 30
30 1 35
17 1 14
45 1 37
15 8 49
10 2 28
73 8 48
7 2 22
48 1 6
10 8 14
30 8 50
10 4 7
10 2 14
30 8 31
85 1 49
7 12 10
7 2 14
25 1 10
29 2 22
17 8 63
4 2 5
30 8 52
7 7 10
7 8 10
7 8 14
2 8 3
54 2 37
10 14 7
85 8 53
10 8 25
48 1 73
7 11 10
7 4 10
14 1 7
15 8 27
50 2 56
40 1 57
42 1 41
35 1 10
16 1 15
25 8 32
42 1 38
23 1 32
10 2 12
7 8 30
40 8 86
1 8 3
22 8 25
3 1 1
24 8 30
52 1 30
40 1 53
33 2 10
22 2 29
81 1 25
37 2 85
22 2 10
23 8 24
7 2 81
25 8 80
10 8 17
40 8 72
10 2 33
56 2 40
26 1 25
30 1 28
53 1 37
7 1 81
15 1 12
19 2 12
42 1 31
37 1 63
45 2 6
54 1 16
10 8 12
37 1 72
40 1 52
7 8 15
49 2 56
31 2 84
24 1 23
72 2 27
14 2 7
30 1 7
63 2 27
37 8 53
86 8 37
51 1 49
72 2 52
45 8 48
73 1 7
5 8 6
20 1 16
49 1 30
33 8 35
80 8 7
22 2 7
18 1 17
22 2 28
16 8 54
52 2 57
10 8 35
49 8 15
45 1 10
37 1 42
7 1 10
48 1 3
10 2 81
45 2 73
85 1 31
39 8 40
27 8 37
26 8 17
51 1 50
49 8 85
28 8 30
12 8 73
20 2 37
30 1 22
27 1 17
27 2 72
35 2 28
55 2 28
10 5 7
35 1 33
28 2 35
22 8 7
40 2 56
40 2 51
15 1 14
73 2 45
73 1 37
30 8 81
56 8 72
30 8 49
30 1 10
45 1 19
2 2 1
7 1 22
53 8 40
7 8 12
10 11 7
41 8 42
10 2 26
31 8 85
19 8 45
37 1 52
15 8 16
30 1 29
15 1 7
10 2 22
56 1 30
54 8 73
26 8 15
17 8 18
? 1 github_cpp_program_data/33/265.cpp

10 8 12
18 8 20
20 8 45
6 1 4
7 8 15
80 2 10
48 1 6
7 8 14
7 2 12
14 8 15
45 1 12
16 2 18
3 2 6
48 1 45
20 1 18
48 1 3
45 8 48
45 1 37
10 1 22
5 8 6
22 8 10
20 1 16
6 2 3
80 8 7
7 1 80
10 2 80
18 1 17
7 2 14
10 2 22
45 1 10
12 8 45
7 1 10
6 1 5
10 2 20
7 8 10
6 8 48
17 1 12
2 8 3
16 8 20
12 1 10
20 2 10
14 1 7
3 1 2
10 8 7
20 2 37
22 2 10
14 2 7
22 2 7
16 1 15
1 2 2
5 2 4
3 8 48
45 2 6
15 1 14
17 8 18
12 8 17
1 8 3
3 1 1
2 2 1
10 1 7
10 2 12
45 1 20
12 1 7
4 2 5
7 8 12
6 2 45
17 1 7
15 8 16
12 2 7
37 2 20
10 8 45
7 2 22
15 1 7
7 8 17
4 8 6
12 2 10
37 8 45
18 2 16
? 1 github_cpp_program_data/33/27.cpp

52 8 37
37 1 63
6 1 4
52 8 40
84 8 85
10 7 7
7 2 12
80 8 10
73 1 54
3 2 6
12 2 19
12 8 45
72 1 56
30 8 57
81 8 10
31 2 49
37 1 27
63 8 37
7 2 28
52 1 25
7 14 10
28 2 10
49 1 15
85 1 84
15 1 26
30 8 36
10 8 30
28 2 55
25 1 29
3 8 48
86 2 27
22 2 7
6 1 5
32 8 23
12 8 15
20 2 10
10 1 81
25 8 52
7 8 73
15 1 49
1 2 2
72 8 37
39 1 30
33 2 7
32 1 25
57 2 72
38 2 41
49 8 51
10 8 7
7 2 81
14 1 10
17 1 10
17 1 26
36 1 30
5 2 4
57 8 40
40 1 53
10 8 24
86 1 40
28 8 25
25 1 55
33 1 34
49 2 31
40 1 39
37 1 36
10 1 7
45 1 20
72 2 57
16 8 20
56 8 51
27 1 15
12 2 7
41 1 40
18 8 54
30 8 56
52 2 27
10 2 14
4 8 6
12 2 10
10 12 7
26 2 10
35 1 7
37 8 45
25 1 7
34 8 33
57 1 25
51 8 86
17 8 27
30 8 84
30 8 26
63 1 17
53 1 85
45 13 39
31 1 25
55 8 30
80 1 30
30 1 55
56 1 25
30 8 34
31 2 38
7 8 25
37 8 38
73 1 12
80 1 25
29 2 28
37 1 57
26 2 7
56 1 22
25 8 81
84 1 30
7 1 80
10 2 80
20 8 45
29 8 25
7 2 80
51 1 56
28 2 7
81 2 10
25 1 22
84 2 31
6 2 45
34 1 30
45 2 73
40 8 41
14 2 10
3 1 2
12 1 10
25 8 31
45 1 12
7 2 54
18 2 16
25 8 49
10 1 80
15 8 27
22 2 35
24 1 10
81 8 7
23 2 10
81 2 7
57 2 52
10 8 15
10 2 23
27 2 86
42 8 37
51 2 40
80 2 10
29 8 30
12 1 7
38 1 37
39 6 45
14 8 17
50 8 51
40 2 56
40 2 51
17 1 7
16 2 18
37 2 20
10 8 45
17 1 14
36 8 37
37 1 86
31 8 42
30 8 39
38 8 42
41 2 38
86 1 51
54 1 18
15 1 10
30 8 80
6 2 3
25 1 28
37 8 73
7 8 17
25 8 57
14 8 15
28 2 29
55 8 25
30 1 24
38 2 31
57 1 30
7 8 35
30 1 28
80 2 7
15 8 49
10 2 28
73 8 48
7 2 22
48 1 6
10 8 14
10 4 7
6 8 48
72 1 40
85 1 49
7 2 14
25 1 10
7 5 10
29 2 22
17 8 63
4 2 5
30 8 52
7 7 10
7 8 10
50 1 25
57 8 37
7 8 14
49 2 7
2 8 3
54 2 37
10 14 7
85 8 53
10 8 25
48 1 73
7 11 10
35 8 25
14 1 7
51 1 49
50 2 56
40 1 57
56 2 49
42 1 41
16 1 15
25 8 32
22 2 30
42 1 38
23 1 32
10 2 12
7 8 30
40 8 86
1 8 3
25 8 50
22 8 25
26 1 30
3 1 1
24 8 30
52 1 30
25 8 56
37 2 85
22 2 29
81 1 25
37 2 54
22 2 10
23 8 24
48 1 45
25 8 80
10 8 17
40 8 72
56 2 40
53 1 37
7 1 81
15 1 12
19 2 12
42 1 31
45 2 6
54 1 16
10 8 12
37 1 72
30 2 22
40 1 52
7 8 15
49 2 56
31 2 84
24 1 23
72 2 27
14 2 7
30 1 7
63 2 27
37 8 53
86 8 37
22 8 30
22 8 56
45 8 48
73 1 7
5 8 6
20 1 16
54 2 7
33 8 35
80 8 7
7 2 26
18 1 17
7 4 10
16 8 54
52 2 57
10 2 22
49 8 15
45 1 10
7 2 33
37 1 42
7 1 10
48 1 3
10 2 20
10 2 81
35 2 22
85 1 31
39 8 40
7 2 49
27 8 37
26 8 17
51 1 50
49 8 85
28 8 30
12 8 73
20 2 37
30 1 22
27 1 17
27 2 72
55 2 28
10 5 7
35 1 33
27 2 52
22 8 7
49 1 25
15 1 14
73 2 45
73 1 37
27 2 63
56 8 72
45 1 37
30 1 10
45 1 19
2 2 1
25 1 35
7 1 22
53 8 40
7 8 12
10 11 7
41 8 42
10 2 26
85 2 37
31 8 85
19 8 45
37 1 52
15 8 16
30 1 29
15 1 7
7 12 10
56 1 30
54 8 73
56 2 50
26 8 15
17 8 18
? 1 github_cpp_program_data/33/274.cpp

52 8 37
37 1 63
6 1 4
52 8 40
84 8 85
7 2 12
80 8 10
73 1 54
3 2 6
12 2 19
12 8 45
72 1 56
30 8 57
31 2 49
37 1 27
63 8 37
7 2 28
7 8 24
7 14 10
6 2 3
28 2 10
7 2 14
49 1 15
49 2 31
85 1 84
15 1 26
30 8 36
10 8 30
28 2 55
25 1 29
3 8 48
86 2 27
22 2 7
6 1 5
32 8 23
12 8 15
20 2 10
7 11 10
25 8 52
7 8 73
15 1 49
1 2 2
72 8 37
39 1 30
33 2 7
32 1 25
38 2 41
49 8 51
10 8 7
7 2 81
14 1 10
17 1 10
17 1 26
36 1 30
5 2 4
57 8 40
40 1 53
10 8 24
86 1 40
28 8 25
10 7 7
81 1 30
40 1 39
34 8 23
37 1 36
10 1 7
7 2 23
45 1 20
16 8 20
28 2 22
56 8 51
27 1 15
12 2 7
37 2 54
41 1 40
18 8 54
52 2 27
50 2 56
4 8 6
12 2 10
10 12 7
26 2 10
35 1 7
37 8 45
25 1 7
17 1 14
6 8 48
51 8 86
17 8 27
30 8 84
30 8 26
63 1 17
53 1 85
45 13 39
31 1 25
55 8 30
80 1 30
30 1 55
56 1 25
30 8 34
31 2 38
7 8 25
37 8 38
73 1 12
80 1 25
29 2 28
7 2 26
26 2 7
7 2 49
25 8 81
84 1 30
7 1 80
10 2 80
20 8 45
29 8 25
7 2 80
51 1 56
28 2 7
24 1 7
25 1 24
25 1 22
84 2 31
6 2 45
34 1 30
40 8 41
14 2 10
3 1 2
12 1 10
25 8 31
45 1 12
7 2 54
18 2 16
25 8 49
10 1 80
15 8 27
24 1 10
81 8 7
23 2 10
81 2 7
57 2 52
10 8 15
10 2 23
24 8 25
27 2 86
42 8 37
51 2 40
80 2 10
12 1 7
38 1 37
39 6 45
14 8 17
50 8 51
40 2 56
40 2 51
17 1 7
16 2 18
37 2 20
10 8 45
36 8 37
37 1 86
52 2 72
31 8 42
30 8 39
38 8 42
41 2 38
86 1 51
54 1 18
15 1 10
30 8 80
27 2 63
25 1 28
37 8 73
7 8 17
85 2 37
14 8 15
28 2 29
30 1 24
38 2 31
57 1 30
7 8 35
30 1 28
80 2 7
15 8 49
10 2 28
73 8 48
7 2 22
48 1 6
10 8 14
10 4 7
10 2 14
72 1 40
85 1 49
7 2 33
25 1 10
7 5 10
29 2 22
17 8 63
4 2 5
30 8 52
7 7 10
7 8 10
50 1 25
7 8 14
23 1 34
2 8 3
54 2 37
10 14 7
85 8 53
10 8 25
48 1 73
7 4 10
35 8 25
14 1 7
22 8 30
40 1 57
56 2 49
42 1 41
16 1 15
25 8 32
42 1 38
23 1 32
10 2 12
7 8 30
40 8 86
1 8 3
25 8 50
22 8 25
26 1 30
3 1 1
24 8 30
52 1 30
25 8 56
23 2 7
22 2 29
81 1 25
37 2 85
22 2 10
23 8 24
48 1 45
25 8 80
10 8 17
40 8 72
56 2 40
53 1 37
7 1 81
15 1 12
19 2 12
42 1 31
52 1 25
45 2 6
54 1 16
10 8 12
37 1 72
40 1 52
7 8 15
49 2 56
31 2 84
24 1 23
72 2 27
14 2 7
30 1 7
63 2 27
37 8 53
86 8 37
51 1 49
72 2 52
45 8 48
73 1 7
5 8 6
20 1 16
54 2 7
33 8 35
80 8 7
18 1 17
22 2 28
16 8 54
52 2 57
10 2 22
49 8 15
45 1 10
37 1 42
7 1 10
48 1 3
10 2 20
45 2 73
28 2 24
85 1 31
39 8 40
27 8 37
26 8 17
51 1 50
49 8 85
28 8 30
12 8 73
20 2 37
30 1 22
27 1 17
27 2 72
55 2 28
10 5 7
35 1 33
27 2 52
22 8 7
24 2 28
49 1 25
15 1 14
73 2 45
73 1 37
30 8 81
56 8 72
45 1 37
30 1 10
45 1 19
2 2 1
25 1 35
7 1 22
53 8 40
7 8 12
10 11 7
41 8 42
10 2 26
49 2 7
31 8 85
19 8 45
37 1 52
15 8 16
15 1 7
7 12 10
54 8 73
56 2 50
26 8 15
17 8 18
? 1 github_cpp_program_data/33/287.cpp

80 2 10
20 8 45
6 1 4
52 8 40
84 8 85
10 7 7
22 8 30
7 2 12
80 8 10
73 1 54
3 2 6
12 2 19
12 8 45
72 1 56
30 8 57
81 8 10
31 2 49
37 1 27
63 8 37
7 2 28
52 1 25
6 2 3
28 2 10
49 1 15
49 2 31
85 1 84
15 1 26
30 8 36
10 8 30
28 2 55
25 1 29
3 8 48
86 2 27
25 8 26
6 1 5
32 8 23
12 8 15
20 2 10
10 1 81
25 8 52
7 8 73
15 1 49
1 2 2
72 8 37
39 1 30
56 2 50
32 1 25
57 2 72
10 2 49
38 2 41
49 8 51
10 8 7
14 1 10
17 1 10
17 1 26
36 1 30
5 2 4
57 8 40
10 8 24
86 1 40
28 8 25
25 1 55
33 1 34
81 1 30
40 1 39
37 1 36
10 1 7
54 2 7
45 1 20
72 2 57
30 8 39
16 8 20
10 2 14
56 8 51
27 1 15
12 2 7
37 2 54
41 1 40
18 8 54
30 8 56
34 1 25
4 8 6
12 2 10
10 12 7
26 2 10
37 8 45
25 1 7
34 8 33
57 1 25
51 8 86
17 8 27
63 1 17
53 1 85
45 13 39
80 2 7
31 1 25
55 8 30
80 1 30
30 1 55
48 1 45
81 8 7
31 2 38
7 8 25
37 8 38
73 1 12
80 1 25
29 2 28
37 1 57
31 1 30
26 2 7
28 2 7
25 8 81
10 2 20
7 1 80
10 2 80
50 1 30
29 8 25
7 2 80
51 1 56
25 8 34
81 2 10
25 1 22
84 2 31
6 2 45
56 2 49
40 8 41
14 2 10
3 1 2
12 1 10
25 8 31
45 1 12
7 2 54
18 2 16
49 2 10
10 1 80
24 1 10
10 2 23
23 2 10
81 2 7
57 2 52
10 8 15
7 5 10
72 1 40
27 2 86
42 8 37
51 2 40
84 1 25
29 8 30
12 1 7
38 1 37
39 6 45
14 8 17
50 8 51
25 8 84
7 14 10
17 1 7
16 2 18
37 2 20
10 8 45
36 8 37
37 1 86
31 8 42
35 8 30
38 8 42
41 2 38
86 1 51
54 1 18
15 1 10
30 8 80
27 2 63
25 1 28
37 8 73
7 8 17
85 2 37
14 8 15
28 2 29
55 8 25
30 1 24
38 2 31
57 1 30
30 1 35
17 1 14
45 1 37
15 8 49
10 2 28
73 8 48
7 2 22
48 1 6
10 8 14
30 8 50
10 4 7
6 8 48
30 8 31
85 1 49
7 12 10
7 2 14
25 1 10
29 2 22
17 8 63
4 2 5
7 7 10
7 8 10
57 8 37
7 8 14
2 8 3
54 2 37
10 14 7
85 8 53
10 8 25
48 1 73
7 11 10
14 1 7
15 8 27
50 2 56
40 1 57
42 1 41
35 1 10
16 1 15
25 8 32
42 1 38
23 1 32
10 2 12
7 8 30
40 8 86
1 8 3
22 8 25
3 1 1
24 8 30
40 1 53
33 2 10
22 2 29
81 1 25
37 2 85
22 2 10
23 8 24
7 2 81
25 8 80
10 8 17
40 8 72
10 2 33
56 2 40
26 1 25
30 1 28
53 1 37
7 1 81
15 1 12
19 2 12
42 1 31
37 1 63
45 2 6
54 1 16
10 8 12
37 1 72
40 1 52
7 8 15
49 2 56
31 2 84
24 1 23
72 2 27
14 2 7
30 1 7
63 2 27
37 8 53
86 8 37
51 1 49
25 8 57
45 8 48
73 1 7
5 8 6
20 1 16
49 1 30
33 8 35
80 8 7
22 2 7
7 2 26
18 1 17
7 4 10
16 8 54
52 2 57
10 8 35
49 8 15
45 1 10
37 1 42
7 1 10
48 1 3
10 2 81
45 2 73
85 1 31
39 8 40
27 8 37
26 8 17
51 1 50
49 8 85
28 8 30
12 8 73
20 2 37
30 1 22
27 1 17
27 2 72
35 2 28
55 2 28
10 5 7
35 1 33
28 2 35
22 8 7
40 2 56
40 2 51
15 1 14
73 2 45
73 1 37
30 8 81
56 8 72
30 8 49
30 1 10
45 1 19
2 2 1
7 1 22
53 8 40
7 8 12
10 11 7
41 8 42
10 2 26
31 8 85
19 8 45
15 8 16
30 1 29
15 1 7
10 2 22
56 1 30
54 8 73
26 8 15
17 8 18
? 1 github_cpp_program_data/33/298.cpp

52 8 37
20 8 45
6 1 4
56 8 64
52 8 40
84 8 85
62 8 64
7 2 12
31 8 51
3 2 6
30 8 57
81 8 10
31 2 49
26 2 7
63 8 37
22 8 10
52 1 25
6 2 3
28 2 10
49 1 15
49 2 31
85 1 84
49 8 17
15 1 26
37 1 86
28 2 55
25 1 29
3 8 48
25 8 26
6 1 5
20 2 10
10 1 81
25 8 52
62 2 56
15 1 49
1 2 2
64 2 53
22 2 10
62 1 37
85 2 40
49 8 51
10 8 7
14 1 10
17 1 26
5 2 4
40 1 53
17 8 18
86 1 40
28 8 25
25 1 55
64 8 40
22 2 7
10 1 7
45 1 20
16 8 20
53 2 64
40 1 64
7 8 25
7 14 10
12 2 7
31 2 50
81 2 10
4 8 6
12 2 10
10 12 7
26 2 10
37 8 45
25 1 7
10 2 28
57 1 25
51 8 86
57 1 30
30 8 84
30 8 52
80 2 7
31 1 25
55 8 30
80 1 30
30 1 55
56 1 25
31 2 38
26 8 17
37 8 38
80 1 25
29 2 28
7 2 26
7 2 49
25 8 81
10 2 20
7 1 80
10 2 80
50 1 30
29 8 25
64 1 56
28 2 7
25 1 22
10 4 7
85 1 26
14 2 10
3 1 2
56 2 84
12 1 10
25 8 31
45 1 12
25 8 49
6 2 45
37 8 62
85 1 56
10 8 15
12 8 17
53 2 27
51 2 40
55 2 22
80 2 10
12 1 7
38 1 37
50 8 51
40 2 51
25 8 57
15 8 26
37 2 20
26 1 15
10 8 45
10 8 30
31 8 42
27 8 40
38 8 42
18 2 16
86 1 51
27 2 53
15 1 10
30 8 80
56 2 62
25 1 28
48 1 6
7 8 17
14 8 15
28 2 29
55 8 25
81 1 30
38 2 31
17 8 27
20 1 18
30 1 28
45 1 37
15 8 49
40 2 85
7 2 22
10 8 14
30 8 50
56 8 85
10 2 14
25 8 80
7 2 14
25 1 10
17 8 63
4 2 5
63 1 17
7 7 10
7 8 10
57 8 37
6 8 48
17 1 12
2 8 3
10 14 7
85 8 53
10 8 25
7 11 10
57 2 63
14 1 7
22 8 30
64 1 62
7 4 10
57 2 52
59 8 37
16 1 15
7 2 80
42 1 38
7 2 28
10 2 12
7 8 30
40 8 86
1 8 3
49 8 15
22 8 25
26 1 30
3 1 1
52 1 30
25 8 56
81 1 25
40 1 42
22 2 55
48 1 45
37 1 57
84 1 30
53 1 40
26 1 25
42 1 31
48 1 3
63 2 57
10 8 12
18 8 20
40 1 52
7 8 15
10 7 7
7 8 14
14 2 7
30 1 7
26 2 56
84 2 56
86 8 37
51 1 49
17 1 7
45 8 48
86 2 52
5 8 6
20 1 16
49 1 30
51 1 31
80 8 7
30 8 49
26 8 85
10 2 22
37 1 63
45 1 10
42 2 52
12 8 45
7 1 10
10 2 81
50 2 31
52 2 57
52 2 86
56 2 26
53 1 85
17 1 49
51 1 50
30 8 26
28 8 30
10 1 22
20 2 37
30 1 22
27 1 17
55 2 28
10 5 7
37 1 59
7 5 10
49 1 25
15 1 14
30 8 81
18 1 17
30 1 10
42 8 40
2 2 1
53 8 40
7 8 12
52 2 42
10 11 7
10 2 26
49 2 7
45 2 6
37 1 52
15 8 16
40 1 27
15 1 7
7 12 10
40 8 53
26 8 15
16 2 18
? 1 github_cpp_program_data/33/310.cpp

52 8 37
3 2 45
6 1 4
53 2 57
84 8 85
7 2 12
31 8 51
26 2 31
50 2 31
81 8 10
31 2 49
37 1 27
7 1 10
22 8 10
7 8 24
6 2 3
28 2 10
45 2 3
49 1 15
25 1 28
49 8 17
15 1 26
37 1 86
25 1 29
32 1 30
25 8 26
6 1 5
32 8 23
7 14 10
10 1 81
25 8 52
15 1 49
22 2 10
85 2 40
49 8 51
10 8 7
7 2 81
14 1 10
17 1 10
17 1 26
5 2 4
57 8 40
25 8 56
17 8 18
86 1 40
28 8 25
25 1 55
49 2 31
22 2 7
23 2 7
10 1 7
7 2 23
45 1 20
3 2 6
16 8 20
28 2 22
26 8 17
27 1 15
12 2 7
63 2 27
31 2 50
81 2 10
4 8 6
12 2 10
10 12 7
26 2 10
45 1 40
25 1 7
10 2 28
57 1 25
20 2 10
17 8 27
30 8 84
63 1 17
31 1 25
80 1 30
56 1 25
48 1 3
37 8 53
29 2 28
7 2 26
31 1 30
26 2 7
7 2 49
25 8 81
84 1 30
7 1 80
10 2 80
20 8 45
29 8 25
51 2 37
28 2 7
24 1 7
25 1 24
25 1 22
10 4 7
85 1 26
14 2 10
3 1 2
56 2 84
12 1 10
25 8 31
45 1 12
15 8 27
85 1 56
10 8 15
12 8 17
27 2 86
53 2 27
31 2 26
10 14 7
40 8 45
80 2 10
29 8 30
12 1 7
50 8 51
25 8 57
15 8 26
26 1 15
10 8 45
10 8 30
27 8 40
18 2 16
27 2 53
15 1 10
30 8 80
27 2 63
85 1 84
51 1 26
48 1 6
17 8 63
14 8 15
26 8 51
55 8 25
81 1 30
20 1 18
30 1 28
81 2 7
15 8 49
40 2 85
7 2 22
10 8 14
30 8 50
56 8 85
6 8 48
30 8 31
7 2 14
25 1 10
30 8 49
7 8 17
7 8 25
4 2 5
7 7 10
7 8 10
50 1 25
7 8 14
17 1 12
2 8 3
10 8 25
10 2 14
85 8 86
7 4 10
14 1 7
22 8 30
22 2 28
40 1 57
51 8 53
16 1 15
10 2 26
23 1 32
10 2 12
7 8 30
40 8 86
1 8 3
25 8 50
22 8 25
3 1 1
28 2 29
40 1 53
81 1 25
40 1 63
23 8 24
22 2 55
48 1 45
10 8 17
26 1 25
53 1 37
7 1 81
24 8 25
37 2 51
52 1 25
10 8 12
18 8 20
7 8 15
20 2 40
10 7 7
24 1 23
86 2 27
14 2 7
30 1 7
26 2 56
84 2 56
86 8 37
51 1 49
17 1 7
45 8 48
5 8 6
20 1 16
49 1 30
51 1 31
81 8 7
80 8 7
40 2 20
18 1 17
26 8 85
10 2 22
49 8 15
45 1 10
12 8 45
53 1 51
10 2 20
10 2 81
56 2 26
30 8 32
86 1 85
27 8 37
51 1 50
28 8 30
10 1 22
30 1 22
27 1 17
10 5 7
1 2 2
7 5 10
3 8 48
15 1 14
63 8 40
30 8 81
50 1 30
30 1 10
7 11 10
2 2 1
53 8 40
7 8 12
10 11 7
55 2 22
49 2 7
57 2 53
7 2 28
37 1 52
15 8 16
40 1 27
30 1 29
15 1 7
7 12 10
17 1 49
26 8 15
16 2 18
? 1 github_cpp_program_data/33/311.cpp

80 2 10
27 2 42
53 2 57
52 8 40
84 8 85
19 8 14
62 8 64
7 2 12
31 8 51
96 8 45
41 2 62
72 1 56
30 8 57
81 8 10
31 2 49
37 1 27
63 8 37
10 8 16
28 2 10
45 2 3
62 2 31
49 1 15
85 1 84
49 8 17
15 1 26
10 8 30
28 2 55
25 1 29
3 8 48
25 8 26
10 4 7
12 8 15
86 2 52
10 1 81
64 1 62
7 2 81
1 2 2
72 8 37
22 2 10
37 1 36
49 8 51
10 8 7
29 2 28
14 1 10
17 1 10
17 1 26
10 2 11
16 1 10
56 8 72
64 8 40
28 8 25
25 1 55
10 7 7
49 2 31
22 2 7
40 8 62
10 1 7
11 2 10
16 8 20
81 1 25
28 2 22
7 8 25
27 1 15
36 8 37
63 2 27
30 8 56
81 2 10
31 2 50
16 1 12
41 8 64
64 1 31
30 1 28
27 2 53
51 8 86
57 1 30
11 8 14
12 8 16
30 8 84
30 8 52
10 2 54
31 1 25
55 8 30
80 1 30
30 1 55
56 1 25
31 2 38
26 8 17
37 8 38
80 1 25
19 2 10
7 2 26
31 1 30
26 2 7
51 2 37
25 8 81
84 1 30
7 1 80
51 1 49
29 8 25
7 2 80
27 1 17
41 1 37
28 2 7
52 1 25
14 8 45
25 1 22
25 8 80
18 8 54
14 2 10
3 1 2
56 2 84
31 8 64
54 8 45
25 8 31
54 2 10
42 2 27
25 8 49
10 1 80
86 1 37
45 1 14
81 2 7
85 1 56
10 8 15
31 2 62
72 1 40
54 2 37
53 2 27
10 12 7
42 8 37
10 14 7
14 2 96
15 8 27
18 1 15
12 1 7
37 8 41
14 8 17
50 8 51
40 2 56
7 14 10
17 1 7
37 8 45
45 1 96
17 8 16
10 8 45
25 1 7
56 2 49
31 8 42
3 2 45
37 2 51
38 8 42
18 2 16
86 1 51
54 1 18
15 1 10
30 8 80
27 2 63
25 1 28
17 8 63
28 2 29
55 8 25
81 1 30
38 2 31
17 8 27
12 2 10
17 1 14
80 2 7
15 8 49
80 8 10
7 2 22
10 8 14
56 8 85
10 2 14
30 8 31
85 1 49
7 2 14
25 1 10
37 8 86
49 2 56
7 8 17
96 2 14
40 2 85
85 2 40
63 1 17
48 1 3
7 8 10
50 1 25
57 8 37
55 2 22
2 8 3
20 8 96
85 8 53
10 8 25
7 11 10
30 1 7
22 8 30
25 8 52
22 2 28
49 2 10
59 8 37
27 2 72
10 2 49
42 1 38
7 2 28
10 2 12
7 8 30
1 8 3
25 8 50
22 8 25
3 1 1
17 1 49
52 1 30
25 8 56
40 1 64
37 2 54
38 1 37
22 2 55
48 1 45
37 1 57
10 8 17
40 8 72
37 1 53
56 2 40
26 1 25
64 1 41
7 1 81
15 1 12
42 1 31
54 1 16
10 8 12
37 1 72
40 1 52
7 8 15
12 2 7
45 1 54
7 8 14
72 2 27
96 1 20
14 2 7
14 1 7
84 2 56
53 1 40
45 8 48
62 2 41
53 8 37
20 1 16
49 1 30
51 1 31
81 8 7
80 8 7
26 2 10
30 8 49
7 4 10
16 8 54
10 2 22
37 1 63
45 1 10
10 2 19
37 1 42
7 1 10
62 1 40
10 2 81
50 2 31
52 2 86
27 8 37
53 1 85
12 1 10
51 1 50
49 8 85
28 8 30
30 1 22
14 1 19
55 2 28
10 5 7
37 1 59
7 5 10
15 8 18
49 1 25
10 2 80
7 7 10
30 8 81
86 8 40
45 1 37
30 1 10
2 2 1
14 1 11
40 1 86
7 8 12
10 11 7
10 2 26
57 2 53
16 1 17
10 2 28
15 1 7
7 12 10
56 1 30
40 8 53
26 8 15
16 2 18
? 1 github_cpp_program_data/33/330.cpp

52 8 37
37 1 63
6 1 4
52 8 40
84 8 85
10 7 7
7 2 12
80 8 10
73 1 54
3 2 6
12 2 19
12 8 45
72 1 56
30 8 57
81 8 10
31 2 49
37 1 27
63 8 37
7 2 28
52 1 25
7 14 10
6 2 3
28 2 10
49 1 15
49 2 31
85 1 84
15 1 26
30 8 36
10 8 30
28 2 55
25 1 29
3 8 48
22 2 7
6 1 5
32 8 23
12 8 15
20 2 10
10 1 81
25 8 52
7 8 73
15 1 49
72 8 37
39 1 30
33 2 7
32 1 25
57 2 72
38 2 41
49 8 51
10 8 7
7 2 81
14 1 10
17 1 10
17 1 26
36 1 30
5 2 4
57 8 40
40 1 53
10 8 24
86 1 40
28 8 25
25 1 55
33 1 34
81 1 30
40 1 39
37 1 36
10 1 7
45 1 20
72 2 57
16 8 20
56 8 51
27 1 15
12 2 7
37 2 54
41 1 40
18 8 54
30 8 56
52 2 27
10 2 14
4 8 6
12 2 10
10 12 7
26 2 10
35 1 7
37 8 45
25 1 7
34 8 33
57 1 25
51 8 86
57 1 30
30 8 84
30 8 26
63 1 17
53 1 85
45 13 39
31 1 25
55 8 30
56 2 49
30 1 55
56 1 25
30 8 34
31 2 38
7 8 25
37 8 38
73 1 12
80 1 25
29 2 28
37 1 57
26 2 7
7 2 49
25 8 81
84 1 30
1 2 2
39 6 45
20 8 45
29 8 25
7 2 80
51 1 56
28 2 7
81 2 10
25 1 22
84 2 31
6 2 45
34 1 30
45 2 73
40 8 41
14 2 10
3 1 2
12 1 10
25 8 31
45 1 12
7 2 54
18 2 16
25 8 49
10 1 80
15 8 27
22 2 35
24 1 10
81 8 7
23 2 10
81 2 7
57 2 52
10 8 15
10 2 23
27 2 57
27 2 86
42 8 37
51 2 40
29 8 30
12 1 7
38 1 37
14 8 17
50 8 51
40 2 56
40 2 51
17 1 7
16 2 18
37 2 20
10 8 45
17 1 14
36 8 37
37 1 86
31 8 42
30 8 39
38 8 42
41 2 38
86 1 51
54 1 18
15 1 10
27 2 63
25 1 28
37 8 73
7 8 17
85 2 37
14 8 15
28 2 29
55 8 25
30 1 24
38 2 31
17 8 27
7 8 35
30 1 28
80 2 7
15 8 49
10 2 28
73 8 48
7 2 22
48 1 6
10 8 14
10 4 7
6 8 48
72 1 40
85 1 49
7 2 14
25 1 10
7 5 10
29 2 22
17 8 63
4 2 5
7 2 33
7 7 10
7 8 10
50 1 25
57 8 37
7 8 14
49 2 7
2 8 3
54 2 37
10 14 7
85 8 53
10 8 25
48 1 73
7 11 10
35 8 25
14 1 7
51 1 49
50 2 56
40 1 57
42 1 41
16 1 15
25 8 32
42 1 38
23 1 32
10 2 12
7 8 30
40 8 86
1 8 3
25 8 50
22 8 25
26 1 30
3 1 1
24 8 30
25 8 56
37 2 85
22 2 29
81 1 25
57 2 27
22 2 10
23 8 24
48 1 45
25 8 80
10 8 17
40 8 72
56 2 40
53 1 37
7 1 81
15 1 12
19 2 12
42 1 31
45 2 6
54 1 16
10 8 12
37 1 72
40 1 52
7 8 15
49 2 56
31 2 84
24 1 23
86 2 27
14 2 7
30 1 7
63 2 27
37 8 53
86 8 37
22 8 30
25 8 57
45 8 48
73 1 7
5 8 6
20 1 16
54 2 7
33 8 35
7 2 26
18 1 17
7 4 10
16 8 54
52 2 57
10 2 22
49 8 15
45 1 10
37 1 42
7 1 10
48 1 3
10 2 20
10 2 81
35 2 22
85 1 31
39 8 40
27 8 37
26 8 17
51 1 50
49 8 85
28 8 30
12 8 73
20 2 37
30 1 22
27 1 17
55 2 28
10 5 7
35 1 33
27 2 52
22 8 7
49 1 25
15 1 14
73 2 45
73 1 37
30 8 81
56 8 72
45 1 37
30 1 10
45 1 19
2 2 1
25 1 35
7 1 22
53 8 40
7 8 12
10 11 7
41 8 42
10 2 26
31 8 85
19 8 45
37 1 52
15 8 16
30 1 29
15 1 7
7 12 10
56 1 30
54 8 73
56 2 50
26 8 15
17 8 18
? 1 github_cpp_program_data/33/338.cpp

52 8 37
6 1 4
53 2 57
52 8 40
84 8 85
7 2 12
31 8 51
10 2 12
3 2 6
25 2 30
30 8 57
81 8 10
37 1 30
37 8 30
63 8 37
22 8 10
52 1 25
6 2 3
28 2 10
85 1 56
85 1 84
15 1 26
10 8 30
25 1 29
3 8 48
25 8 26
6 1 5
32 8 23
7 14 10
10 1 81
25 8 52
22 2 10
32 1 25
49 8 51
10 8 7
14 1 10
17 1 10
5 2 4
17 8 18
28 8 25
25 1 55
23 2 7
22 2 7
10 1 7
31 2 50
7 2 23
45 1 20
7 1 10
7 8 12
28 2 22
7 8 25
27 1 15
12 2 7
63 2 27
30 8 56
81 2 10
4 8 6
12 2 10
10 12 7
26 2 10
37 8 45
25 1 7
10 2 28
57 1 25
20 2 10
57 1 30
37 1 25
30 8 52
22 2 55
28 8 30
55 8 30
51 2 40
30 1 55
48 1 45
48 1 3
31 2 49
80 1 25
29 2 28
31 1 30
37 1 27
20 2 37
25 8 81
10 2 20
7 1 80
10 2 80
20 8 45
29 8 25
28 2 7
25 1 22
10 8 25
6 2 45
85 1 26
14 2 10
3 1 2
56 2 84
12 1 10
25 8 31
45 1 12
30 1 37
10 1 80
86 1 37
10 4 7
81 2 7
10 8 15
12 8 17
53 2 63
10 14 7
84 1 25
55 2 22
80 2 10
29 8 30
12 1 7
50 8 51
25 8 84
25 8 57
16 2 18
37 2 20
10 8 45
10 11 7
18 2 16
15 1 10
27 2 63
25 1 28
48 1 6
17 8 63
85 2 37
14 8 15
28 2 29
55 8 25
81 1 30
20 1 18
30 1 28
45 1 37
56 2 26
80 8 10
7 2 22
10 8 14
30 8 50
56 8 85
10 2 14
30 8 31
7 2 14
25 1 10
37 8 86
30 8 49
7 8 17
4 2 5
63 1 17
7 7 10
7 8 10
50 1 25
57 8 37
6 8 48
17 1 12
2 8 3
51 1 49
25 8 80
85 8 86
7 4 10
63 1 15
14 1 7
22 8 30
22 2 28
51 8 53
16 1 15
25 8 32
10 2 26
23 1 32
25 8 37
7 8 30
52 2 53
1 8 3
25 8 50
22 8 25
26 1 30
3 1 1
52 1 30
30 2 25
81 1 25
37 2 85
17 2 15
7 2 81
37 1 57
10 8 17
37 1 53
53 1 40
26 1 25
7 1 81
15 8 63
10 8 12
18 8 20
40 1 52
7 8 15
10 7 7
7 8 14
14 2 7
30 1 7
26 2 56
84 2 56
45 2 6
15 8 27
17 1 7
45 8 48
86 2 52
53 8 37
5 8 6
20 1 16
49 1 30
51 1 31
81 8 7
80 8 7
18 1 17
26 8 85
10 2 22
37 1 63
45 1 10
12 8 45
53 1 51
10 2 81
50 2 31
52 2 86
86 1 85
27 8 37
15 1 23
51 1 50
30 8 26
31 1 25
10 1 22
63 2 53
30 1 22
23 8 15
15 2 17
10 5 7
1 2 2
7 5 10
30 8 37
40 2 51
15 1 14
30 8 81
86 8 40
50 1 30
30 1 10
7 11 10
2 2 1
40 1 86
49 2 31
16 8 20
53 2 52
57 2 53
7 2 28
37 1 52
15 8 16
30 1 29
15 1 7
7 12 10
56 1 30
40 8 53
26 8 15
? 1 github_cpp_program_data/33/342.cpp

52 8 37
6 1 4
52 8 40
84 8 85
7 2 12
31 8 51
72 2 52
56 2 38
12 8 45
50 2 31
81 8 10
31 2 49
26 2 7
22 8 10
52 1 25
6 2 3
28 2 10
85 1 56
85 1 84
49 8 17
15 1 26
10 8 30
25 1 29
32 1 30
86 2 27
25 8 26
6 1 5
32 8 23
20 2 10
10 1 81
25 8 52
41 2 38
42 1 56
22 2 10
85 2 40
49 8 51
10 8 7
7 2 81
14 1 10
17 1 10
17 1 26
5 2 4
17 8 18
28 8 25
25 1 55
49 2 31
22 2 7
23 2 7
10 1 7
7 2 23
45 1 20
3 2 6
16 8 20
28 2 22
26 8 17
27 1 15
12 2 7
41 1 40
63 2 27
30 8 56
81 2 10
4 8 6
12 2 10
10 12 7
26 2 10
45 1 40
25 1 7
10 2 28
57 1 25
51 8 86
17 8 27
31 2 50
30 8 84
30 8 26
30 8 52
26 8 15
80 2 7
31 1 25
55 8 30
80 1 30
30 1 55
56 1 25
7 8 25
37 8 38
80 1 25
29 2 28
7 2 26
31 1 30
7 2 49
25 8 81
84 1 30
7 1 80
10 2 80
20 8 45
29 8 25
51 2 37
28 2 7
24 1 7
25 1 24
25 1 22
6 2 45
31 2 37
25 8 80
40 8 41
14 2 10
3 1 2
86 1 37
12 1 10
25 8 31
45 1 12
25 8 49
10 1 80
15 8 27
10 4 7
57 2 52
10 8 15
12 8 17
42 8 37
10 14 7
40 8 45
80 2 10
29 8 30
12 1 7
38 1 37
50 8 51
7 14 10
25 8 57
16 2 18
10 8 45
56 2 49
52 2 72
27 8 40
38 8 42
18 2 16
86 1 51
15 1 10
30 8 80
40 1 72
25 1 28
48 1 6
3 8 48
14 8 15
28 2 29
55 8 25
81 1 30
42 2 53
20 2 40
20 1 18
30 1 28
31 8 72
7 8 15
37 2 31
80 8 10
40 2 85
7 8 24
7 2 22
10 8 14
56 8 85
53 2 42
6 8 48
30 8 31
85 1 49
7 2 14
27 2 63
25 1 10
37 8 86
29 2 22
7 8 17
10 2 26
4 2 5
7 7 10
7 8 10
50 1 25
57 8 37
7 8 14
17 1 12
2 8 3
85 8 53
10 8 25
10 2 14
7 11 10
63 1 15
30 1 7
51 1 49
22 2 28
42 1 41
38 2 41
72 1 31
16 1 15
7 2 80
42 1 38
72 8 40
10 2 12
7 8 30
1 8 3
25 8 50
22 8 25
26 1 30
3 1 1
52 1 30
25 8 56
22 2 29
81 1 25
40 1 63
23 8 24
22 2 55
48 1 45
37 1 57
10 8 17
37 1 53
53 1 40
26 1 25
7 1 81
24 8 25
37 2 51
48 1 3
15 8 63
10 8 12
18 8 20
40 1 52
37 8 72
49 2 56
10 7 7
24 1 23
72 2 27
14 2 7
14 1 7
84 2 56
7 2 28
45 2 6
22 8 30
17 1 7
45 8 48
53 8 37
5 8 6
20 1 16
51 1 31
81 8 7
80 8 7
40 2 20
18 1 17
7 4 10
10 2 22
45 1 10
56 2 84
37 1 42
7 1 10
10 2 20
10 2 81
28 2 24
30 8 32
52 2 57
49 1 17
72 1 37
53 1 85
17 8 49
17 1 49
51 1 50
49 8 85
28 8 30
10 1 22
30 1 22
27 1 17
27 2 72
10 5 7
1 2 2
7 5 10
27 2 86
24 2 28
49 1 25
15 1 14
38 2 56
63 8 40
30 8 81
86 8 40
81 2 7
30 1 10
2 2 1
40 1 86
7 8 12
10 11 7
41 8 42
55 2 22
49 2 7
23 1 32
37 1 52
15 8 16
40 1 27
30 1 29
15 1 7
7 12 10
56 1 30
40 8 53
56 8 42
? 1 github_cpp_program_data/33/35.cpp

52 8 37
6 1 4
84 8 85
7 2 12
31 8 51
26 2 31
30 8 57
81 8 10
26 2 7
7 1 10
22 8 10
52 1 25
6 2 3
28 2 10
85 1 56
85 1 84
49 8 17
15 1 26
10 8 30
28 2 55
25 1 29
3 8 48
25 8 26
6 1 5
7 14 10
10 1 81
25 8 52
22 2 10
85 2 40
7 7 10
10 8 7
14 1 10
53 1 37
5 2 4
17 8 18
86 1 40
28 8 25
25 1 55
22 2 7
10 1 7
45 1 20
3 2 6
16 8 20
7 8 25
27 1 15
12 2 7
63 2 27
30 8 56
81 2 10
4 8 6
12 2 10
45 1 40
25 1 7
10 2 28
57 1 25
20 2 10
57 1 30
31 2 50
49 8 85
30 8 52
28 2 29
80 2 7
31 1 25
55 8 30
80 1 30
30 1 55
48 1 45
48 1 3
37 8 53
29 2 28
7 2 26
31 1 30
7 2 49
25 8 81
7 1 80
10 2 80
50 1 30
29 8 25
51 2 37
28 2 7
25 1 22
10 4 7
56 2 49
25 8 80
3 1 2
56 2 84
12 1 10
25 8 31
45 1 12
25 8 49
6 2 45
57 2 52
12 8 17
53 2 63
31 2 26
10 14 7
84 1 25
40 8 45
80 2 10
12 1 7
50 8 51
25 8 84
25 8 57
16 2 18
10 8 45
37 1 86
27 8 40
18 2 16
30 8 80
27 2 63
25 1 28
51 1 26
48 1 6
17 8 63
14 8 15
26 8 51
55 8 25
81 1 30
20 2 40
20 1 18
30 1 28
81 2 7
40 2 85
7 2 22
10 8 14
30 8 50
56 8 85
30 8 31
85 1 49
7 2 14
25 1 10
30 8 49
7 8 17
4 2 5
63 1 17
7 8 10
50 1 25
57 8 37
7 8 14
17 1 12
2 8 3
10 8 25
85 8 86
14 1 7
22 8 30
51 8 53
16 1 15
7 2 80
7 2 28
10 2 12
7 8 30
40 8 86
1 8 3
25 8 50
22 8 25
26 1 30
3 1 1
52 1 30
40 1 53
22 2 29
81 1 25
40 1 63
49 2 7
22 2 55
7 2 81
37 1 57
10 2 20
26 1 25
7 1 81
37 2 51
10 8 12
18 8 20
7 8 15
49 2 56
10 7 7
6 8 48
14 2 7
30 1 7
84 2 56
80 1 25
86 8 37
15 8 27
17 1 7
45 8 48
86 2 52
5 8 6
20 1 16
49 1 30
51 1 31
81 8 7
80 8 7
40 2 20
18 1 17
10 2 22
45 1 10
12 8 45
53 1 51
10 2 81
50 2 31
52 2 57
52 2 86
86 1 85
51 1 50
30 8 26
28 8 30
10 1 22
63 2 53
30 1 22
29 2 22
55 2 28
10 5 7
1 2 2
49 1 25
15 1 14
63 8 40
30 8 81
20 8 45
30 1 10
7 11 10
2 2 1
53 8 40
7 8 12
55 2 22
45 2 6
37 1 52
15 8 16
40 1 27
15 1 7
7 12 10
56 1 30
17 1 49
26 8 15
? 1 github_cpp_program_data/33/353.cpp

80 2 10
20 8 45
6 1 4
52 8 40
84 8 85
10 7 7
22 8 30
7 2 12
80 8 10
73 1 54
3 2 6
12 2 19
12 8 45
72 1 56
30 8 57
81 8 10
31 2 49
37 1 27
63 8 37
7 2 28
52 1 25
6 2 3
28 2 10
49 1 15
49 2 31
85 1 84
15 1 26
30 8 36
10 8 30
28 2 55
25 1 29
3 8 48
86 2 27
25 8 26
6 1 5
32 8 23
12 8 15
20 2 10
10 1 81
25 8 52
7 8 73
15 1 49
1 2 2
72 8 37
39 1 30
56 2 50
32 1 25
57 2 72
10 2 49
38 2 41
49 8 51
10 8 7
14 1 10
17 1 10
17 1 26
36 1 30
5 2 4
57 8 40
10 8 24
86 1 40
28 8 25
25 1 55
33 1 34
81 1 30
40 1 39
37 1 36
10 1 7
54 2 7
45 1 20
72 2 57
30 8 39
16 8 20
10 2 14
56 8 51
27 1 15
12 2 7
37 2 54
41 1 40
18 8 54
30 8 56
34 1 25
4 8 6
12 2 10
10 12 7
26 2 10
37 8 45
25 1 7
34 8 33
57 1 25
51 8 86
17 8 27
63 1 17
53 1 85
45 13 39
80 2 7
31 1 25
55 8 30
80 1 30
30 1 55
48 1 45
81 8 7
31 2 38
7 8 25
37 8 38
73 1 12
80 1 25
29 2 28
37 1 57
31 1 30
26 2 7
28 2 7
25 8 81
10 2 20
7 1 80
10 2 80
50 1 30
29 8 25
7 2 80
51 1 56
25 8 34
81 2 10
25 1 22
84 2 31
6 2 45
56 2 49
40 8 41
14 2 10
3 1 2
12 1 10
25 8 31
45 1 12
7 2 54
18 2 16
49 2 10
10 1 80
24 1 10
10 2 23
23 2 10
81 2 7
57 2 52
10 8 15
7 5 10
72 1 40
27 2 86
42 8 37
51 2 40
84 1 25
29 8 30
12 1 7
38 1 37
39 6 45
14 8 17
50 8 51
25 8 84
7 14 10
17 1 7
16 2 18
37 2 20
10 8 45
36 8 37
37 1 86
31 8 42
35 8 30
38 8 42
41 2 38
86 1 51
54 1 18
15 1 10
30 8 80
27 2 63
25 1 28
37 8 73
7 8 17
85 2 37
14 8 15
28 2 29
55 8 25
30 1 24
38 2 31
57 1 30
30 1 35
17 1 14
45 1 37
15 8 49
10 2 28
73 8 48
7 2 22
48 1 6
10 8 14
30 8 50
10 4 7
6 8 48
30 8 31
85 1 49
7 12 10
7 2 14
25 1 10
29 2 22
17 8 63
4 2 5
7 7 10
7 8 10
57 8 37
7 8 14
2 8 3
54 2 37
10 14 7
85 8 53
10 8 25
48 1 73
7 11 10
14 1 7
15 8 27
50 2 56
40 1 57
42 1 41
35 1 10
16 1 15
25 8 32
42 1 38
23 1 32
10 2 12
7 8 30
40 8 86
1 8 3
22 8 25
3 1 1
24 8 30
40 1 53
33 2 10
22 2 29
81 1 25
37 2 85
22 2 10
23 8 24
7 2 81
25 8 80
10 8 17
40 8 72
10 2 33
56 2 40
26 1 25
30 1 28
53 1 37
7 1 81
15 1 12
19 2 12
42 1 31
37 1 63
45 2 6
54 1 16
10 8 12
37 1 72
40 1 52
7 8 15
49 2 56
31 2 84
24 1 23
72 2 27
14 2 7
30 1 7
63 2 27
37 8 53
86 8 37
51 1 49
25 8 57
45 8 48
73 1 7
5 8 6
20 1 16
49 1 30
33 8 35
80 8 7
22 2 7
7 2 26
18 1 17
7 4 10
16 8 54
52 2 57
10 8 35
49 8 15
45 1 10
37 1 42
7 1 10
48 1 3
10 2 81
45 2 73
85 1 31
39 8 40
27 8 37
26 8 17
51 1 50
49 8 85
28 8 30
12 8 73
20 2 37
30 1 22
27 1 17
27 2 72
35 2 28
55 2 28
10 5 7
35 1 33
28 2 35
22 8 7
40 2 56
40 2 51
15 1 14
73 2 45
73 1 37
30 8 81
56 8 72
30 8 49
30 1 10
45 1 19
2 2 1
7 1 22
53 8 40
7 8 12
10 11 7
41 8 42
10 2 26
31 8 85
19 8 45
15 8 16
30 1 29
15 1 7
10 2 22
56 1 30
54 8 73
26 8 15
17 8 18
? 1 github_cpp_program_data/33/358.cpp

52 8 37
37 1 63
6 1 4
52 8 40
84 8 85
7 2 12
80 8 10
73 1 54
3 2 6
12 2 19
12 8 45
72 1 56
30 8 57
31 2 49
37 1 27
63 8 37
7 2 28
7 8 24
7 14 10
6 2 3
28 2 10
7 2 14
49 1 15
49 2 31
85 1 84
15 1 26
30 8 36
10 8 30
28 2 55
25 1 29
3 8 48
86 2 27
22 2 7
6 1 5
32 8 23
12 8 15
20 2 10
7 11 10
25 8 52
7 8 73
15 1 49
1 2 2
72 8 37
39 1 30
33 2 7
32 1 25
38 2 41
49 8 51
10 8 7
7 2 81
14 1 10
17 1 10
17 1 26
36 1 30
5 2 4
57 8 40
40 1 53
10 8 24
86 1 40
28 8 25
10 7 7
81 1 30
40 1 39
34 8 23
37 1 36
10 1 7
7 2 23
45 1 20
16 8 20
28 2 22
56 8 51
27 1 15
12 2 7
37 2 54
41 1 40
18 8 54
52 2 27
50 2 56
4 8 6
12 2 10
10 12 7
26 2 10
35 1 7
37 8 45
25 1 7
17 1 14
6 8 48
51 8 86
17 8 27
30 8 84
30 8 26
63 1 17
53 1 85
45 13 39
31 1 25
55 8 30
80 1 30
30 1 55
56 1 25
30 8 34
31 2 38
7 8 25
37 8 38
73 1 12
80 1 25
29 2 28
7 2 26
26 2 7
7 2 49
25 8 81
84 1 30
7 1 80
10 2 80
20 8 45
29 8 25
7 2 80
51 1 56
28 2 7
24 1 7
25 1 24
25 1 22
84 2 31
6 2 45
34 1 30
40 8 41
14 2 10
3 1 2
12 1 10
25 8 31
45 1 12
7 2 54
18 2 16
25 8 49
10 1 80
15 8 27
24 1 10
81 8 7
23 2 10
81 2 7
57 2 52
10 8 15
10 2 23
24 8 25
27 2 86
42 8 37
51 2 40
80 2 10
12 1 7
38 1 37
39 6 45
14 8 17
50 8 51
40 2 56
40 2 51
17 1 7
16 2 18
37 2 20
10 8 45
36 8 37
37 1 86
52 2 72
31 8 42
30 8 39
38 8 42
41 2 38
86 1 51
54 1 18
15 1 10
30 8 80
27 2 63
25 1 28
37 8 73
7 8 17
85 2 37
14 8 15
28 2 29
30 1 24
38 2 31
57 1 30
7 8 35
30 1 28
80 2 7
15 8 49
10 2 28
73 8 48
7 2 22
48 1 6
10 8 14
10 4 7
10 2 14
72 1 40
85 1 49
7 2 33
25 1 10
7 5 10
29 2 22
17 8 63
4 2 5
30 8 52
7 7 10
7 8 10
50 1 25
7 8 14
23 1 34
2 8 3
54 2 37
10 14 7
85 8 53
10 8 25
48 1 73
7 4 10
35 8 25
14 1 7
22 8 30
40 1 57
56 2 49
42 1 41
16 1 15
25 8 32
42 1 38
23 1 32
10 2 12
7 8 30
40 8 86
1 8 3
25 8 50
22 8 25
26 1 30
3 1 1
24 8 30
52 1 30
25 8 56
23 2 7
22 2 29
81 1 25
37 2 85
22 2 10
23 8 24
48 1 45
25 8 80
10 8 17
40 8 72
56 2 40
53 1 37
7 1 81
15 1 12
19 2 12
42 1 31
52 1 25
45 2 6
54 1 16
10 8 12
37 1 72
40 1 52
7 8 15
49 2 56
31 2 84
24 1 23
72 2 27
14 2 7
30 1 7
63 2 27
37 8 53
86 8 37
51 1 49
72 2 52
45 8 48
73 1 7
5 8 6
20 1 16
54 2 7
33 8 35
80 8 7
18 1 17
22 2 28
16 8 54
52 2 57
10 2 22
49 8 15
45 1 10
37 1 42
7 1 10
48 1 3
10 2 20
45 2 73
28 2 24
85 1 31
39 8 40
27 8 37
26 8 17
51 1 50
49 8 85
28 8 30
12 8 73
20 2 37
30 1 22
27 1 17
27 2 72
55 2 28
10 5 7
35 1 33
27 2 52
22 8 7
24 2 28
49 1 25
15 1 14
73 2 45
73 1 37
30 8 81
56 8 72
45 1 37
30 1 10
45 1 19
2 2 1
25 1 35
7 1 22
53 8 40
7 8 12
10 11 7
41 8 42
10 2 26
49 2 7
31 8 85
19 8 45
37 1 52
15 8 16
15 1 7
7 12 10
54 8 73
56 2 50
26 8 15
17 8 18
? 1 github_cpp_program_data/33/47.cpp

52 8 37
6 1 4
84 8 85
7 2 12
31 8 51
26 2 31
30 8 57
81 8 10
26 2 7
7 1 10
22 8 10
52 1 25
6 2 3
28 2 10
85 1 56
85 1 84
49 8 17
15 1 26
10 8 30
28 2 55
25 1 29
3 8 48
25 8 26
6 1 5
7 14 10
10 1 81
25 8 52
22 2 10
85 2 40
7 7 10
10 8 7
14 1 10
53 1 37
5 2 4
17 8 18
86 1 40
28 8 25
25 1 55
22 2 7
10 1 7
45 1 20
3 2 6
16 8 20
7 8 25
27 1 15
12 2 7
63 2 27
30 8 56
81 2 10
4 8 6
12 2 10
45 1 40
25 1 7
10 2 28
57 1 25
20 2 10
57 1 30
31 2 50
49 8 85
30 8 52
28 2 29
80 2 7
31 1 25
55 8 30
80 1 30
30 1 55
48 1 45
48 1 3
37 8 53
29 2 28
7 2 26
31 1 30
7 2 49
25 8 81
7 1 80
10 2 80
50 1 30
29 8 25
51 2 37
28 2 7
25 1 22
10 4 7
56 2 49
25 8 80
3 1 2
56 2 84
12 1 10
25 8 31
45 1 12
25 8 49
6 2 45
57 2 52
12 8 17
53 2 63
31 2 26
10 14 7
84 1 25
40 8 45
80 2 10
12 1 7
50 8 51
25 8 84
25 8 57
16 2 18
10 8 45
37 1 86
27 8 40
18 2 16
30 8 80
27 2 63
25 1 28
51 1 26
48 1 6
17 8 63
14 8 15
26 8 51
55 8 25
81 1 30
20 2 40
20 1 18
30 1 28
81 2 7
40 2 85
7 2 22
10 8 14
30 8 50
56 8 85
30 8 31
85 1 49
7 2 14
25 1 10
30 8 49
7 8 17
4 2 5
63 1 17
7 8 10
50 1 25
57 8 37
7 8 14
17 1 12
2 8 3
10 8 25
85 8 86
14 1 7
22 8 30
51 8 53
16 1 15
7 2 80
7 2 28
10 2 12
7 8 30
40 8 86
1 8 3
25 8 50
22 8 25
26 1 30
3 1 1
52 1 30
40 1 53
22 2 29
81 1 25
40 1 63
49 2 7
22 2 55
7 2 81
37 1 57
10 2 20
26 1 25
7 1 81
37 2 51
10 8 12
18 8 20
7 8 15
49 2 56
10 7 7
6 8 48
14 2 7
30 1 7
84 2 56
80 1 25
86 8 37
15 8 27
17 1 7
45 8 48
86 2 52
5 8 6
20 1 16
49 1 30
51 1 31
81 8 7
80 8 7
40 2 20
18 1 17
10 2 22
45 1 10
12 8 45
53 1 51
10 2 81
50 2 31
52 2 57
52 2 86
86 1 85
51 1 50
30 8 26
28 8 30
10 1 22
63 2 53
30 1 22
29 2 22
55 2 28
10 5 7
1 2 2
49 1 25
15 1 14
63 8 40
30 8 81
20 8 45
30 1 10
7 11 10
2 2 1
53 8 40
7 8 12
55 2 22
45 2 6
37 1 52
15 8 16
40 1 27
15 1 7
7 12 10
56 1 30
17 1 49
26 8 15
? 1 github_cpp_program_data/33/53.cpp

52 8 37
6 1 4
53 2 57
52 8 40
84 8 85
7 2 12
31 8 51
10 2 12
3 2 6
25 2 30
30 8 57
81 8 10
37 1 30
37 8 30
63 8 37
22 8 10
52 1 25
6 2 3
28 2 10
85 1 56
85 1 84
15 1 26
10 8 30
25 1 29
3 8 48
25 8 26
6 1 5
32 8 23
7 14 10
10 1 81
25 8 52
22 2 10
32 1 25
49 8 51
10 8 7
14 1 10
17 1 10
5 2 4
17 8 18
28 8 25
25 1 55
23 2 7
22 2 7
10 1 7
31 2 50
7 2 23
45 1 20
7 1 10
7 8 12
28 2 22
7 8 25
27 1 15
12 2 7
63 2 27
30 8 56
81 2 10
4 8 6
12 2 10
10 12 7
26 2 10
37 8 45
25 1 7
10 2 28
57 1 25
20 2 10
57 1 30
37 1 25
30 8 52
22 2 55
28 8 30
55 8 30
51 2 40
30 1 55
48 1 45
48 1 3
31 2 49
80 1 25
29 2 28
31 1 30
37 1 27
20 2 37
25 8 81
10 2 20
7 1 80
10 2 80
20 8 45
29 8 25
28 2 7
25 1 22
10 8 25
6 2 45
85 1 26
14 2 10
3 1 2
56 2 84
12 1 10
25 8 31
45 1 12
30 1 37
10 1 80
86 1 37
10 4 7
81 2 7
10 8 15
12 8 17
53 2 63
10 14 7
84 1 25
55 2 22
80 2 10
29 8 30
12 1 7
50 8 51
25 8 84
25 8 57
16 2 18
37 2 20
10 8 45
10 11 7
18 2 16
15 1 10
27 2 63
25 1 28
48 1 6
17 8 63
85 2 37
14 8 15
28 2 29
55 8 25
81 1 30
20 1 18
30 1 28
45 1 37
56 2 26
80 8 10
7 2 22
10 8 14
30 8 50
56 8 85
10 2 14
30 8 31
7 2 14
25 1 10
37 8 86
30 8 49
7 8 17
4 2 5
63 1 17
7 7 10
7 8 10
50 1 25
57 8 37
6 8 48
17 1 12
2 8 3
51 1 49
25 8 80
85 8 86
7 4 10
63 1 15
14 1 7
22 8 30
22 2 28
51 8 53
16 1 15
25 8 32
10 2 26
23 1 32
25 8 37
7 8 30
52 2 53
1 8 3
25 8 50
22 8 25
26 1 30
3 1 1
52 1 30
30 2 25
81 1 25
37 2 85
17 2 15
7 2 81
37 1 57
10 8 17
37 1 53
53 1 40
26 1 25
7 1 81
15 8 63
10 8 12
18 8 20
40 1 52
7 8 15
10 7 7
7 8 14
14 2 7
30 1 7
26 2 56
84 2 56
45 2 6
15 8 27
17 1 7
45 8 48
86 2 52
53 8 37
5 8 6
20 1 16
49 1 30
51 1 31
81 8 7
80 8 7
18 1 17
26 8 85
10 2 22
37 1 63
45 1 10
12 8 45
53 1 51
10 2 81
50 2 31
52 2 86
86 1 85
27 8 37
15 1 23
51 1 50
30 8 26
31 1 25
10 1 22
63 2 53
30 1 22
23 8 15
15 2 17
10 5 7
1 2 2
7 5 10
30 8 37
40 2 51
15 1 14
30 8 81
86 8 40
50 1 30
30 1 10
7 11 10
2 2 1
40 1 86
49 2 31
16 8 20
53 2 52
57 2 53
7 2 28
37 1 52
15 8 16
30 1 29
15 1 7
7 12 10
56 1 30
40 8 53
26 8 15
? 1 github_cpp_program_data/33/72.cpp

52 8 37
37 1 63
6 1 4
52 8 40
84 8 85
10 7 7
7 2 12
80 8 10
73 1 54
3 2 6
12 2 19
12 8 45
72 1 56
30 8 57
81 8 10
31 2 49
37 1 27
63 8 37
7 2 28
52 1 25
7 14 10
6 2 3
28 2 10
49 1 15
49 2 31
85 1 84
15 1 26
30 8 36
10 8 30
28 2 55
25 1 29
3 8 48
22 2 7
6 1 5
32 8 23
12 8 15
20 2 10
10 1 81
25 8 52
7 8 73
15 1 49
72 8 37
39 1 30
33 2 7
32 1 25
57 2 72
38 2 41
49 8 51
10 8 7
7 2 81
14 1 10
17 1 10
17 1 26
36 1 30
5 2 4
57 8 40
40 1 53
10 8 24
86 1 40
28 8 25
25 1 55
33 1 34
81 1 30
40 1 39
37 1 36
10 1 7
45 1 20
72 2 57
16 8 20
56 8 51
27 1 15
12 2 7
37 2 54
41 1 40
18 8 54
30 8 56
52 2 27
10 2 14
4 8 6
12 2 10
10 12 7
26 2 10
35 1 7
37 8 45
25 1 7
34 8 33
57 1 25
51 8 86
57 1 30
30 8 84
30 8 26
63 1 17
53 1 85
45 13 39
31 1 25
55 8 30
56 2 49
30 1 55
56 1 25
30 8 34
31 2 38
7 8 25
37 8 38
73 1 12
80 1 25
29 2 28
37 1 57
26 2 7
7 2 49
25 8 81
84 1 30
1 2 2
39 6 45
20 8 45
29 8 25
7 2 80
51 1 56
28 2 7
81 2 10
25 1 22
84 2 31
6 2 45
34 1 30
45 2 73
40 8 41
14 2 10
3 1 2
12 1 10
25 8 31
45 1 12
7 2 54
18 2 16
25 8 49
10 1 80
15 8 27
22 2 35
24 1 10
81 8 7
23 2 10
81 2 7
57 2 52
10 8 15
10 2 23
27 2 57
27 2 86
42 8 37
51 2 40
29 8 30
12 1 7
38 1 37
14 8 17
50 8 51
40 2 56
40 2 51
17 1 7
16 2 18
37 2 20
10 8 45
17 1 14
36 8 37
37 1 86
31 8 42
30 8 39
38 8 42
41 2 38
86 1 51
54 1 18
15 1 10
27 2 63
25 1 28
37 8 73
7 8 17
85 2 37
14 8 15
28 2 29
55 8 25
30 1 24
38 2 31
17 8 27
7 8 35
30 1 28
80 2 7
15 8 49
10 2 28
73 8 48
7 2 22
48 1 6
10 8 14
10 4 7
6 8 48
72 1 40
85 1 49
7 2 14
25 1 10
7 5 10
29 2 22
17 8 63
4 2 5
7 2 33
7 7 10
7 8 10
50 1 25
57 8 37
7 8 14
49 2 7
2 8 3
54 2 37
10 14 7
85 8 53
10 8 25
48 1 73
7 11 10
35 8 25
14 1 7
51 1 49
50 2 56
40 1 57
42 1 41
16 1 15
25 8 32
42 1 38
23 1 32
10 2 12
7 8 30
40 8 86
1 8 3
25 8 50
22 8 25
26 1 30
3 1 1
24 8 30
25 8 56
37 2 85
22 2 29
81 1 25
57 2 27
22 2 10
23 8 24
48 1 45
25 8 80
10 8 17
40 8 72
56 2 40
53 1 37
7 1 81
15 1 12
19 2 12
42 1 31
45 2 6
54 1 16
10 8 12
37 1 72
40 1 52
7 8 15
49 2 56
31 2 84
24 1 23
86 2 27
14 2 7
30 1 7
63 2 27
37 8 53
86 8 37
22 8 30
25 8 57
45 8 48
73 1 7
5 8 6
20 1 16
54 2 7
33 8 35
7 2 26
18 1 17
7 4 10
16 8 54
52 2 57
10 2 22
49 8 15
45 1 10
37 1 42
7 1 10
48 1 3
10 2 20
10 2 81
35 2 22
85 1 31
39 8 40
27 8 37
26 8 17
51 1 50
49 8 85
28 8 30
12 8 73
20 2 37
30 1 22
27 1 17
55 2 28
10 5 7
35 1 33
27 2 52
22 8 7
49 1 25
15 1 14
73 2 45
73 1 37
30 8 81
56 8 72
45 1 37
30 1 10
45 1 19
2 2 1
25 1 35
7 1 22
53 8 40
7 8 12
10 11 7
41 8 42
10 2 26
31 8 85
19 8 45
37 1 52
15 8 16
30 1 29
15 1 7
7 12 10
56 1 30
54 8 73
56 2 50
26 8 15
17 8 18
? 1 github_cpp_program_data/33/8.cpp

10 8 12
18 8 20
20 8 45
6 1 4
7 8 15
80 2 10
48 1 6
7 8 14
7 2 12
14 8 15
45 1 12
16 2 18
3 2 6
48 1 45
20 1 18
48 1 3
45 8 48
45 1 37
10 1 22
5 8 6
22 8 10
20 1 16
6 2 3
80 8 7
7 1 80
10 2 80
18 1 17
7 2 14
10 2 22
45 1 10
12 8 45
7 1 10
6 1 5
10 2 20
7 8 10
6 8 48
17 1 12
2 8 3
16 8 20
12 1 10
20 2 10
14 1 7
3 1 2
10 8 7
20 2 37
22 2 10
14 2 7
22 2 7
16 1 15
1 2 2
5 2 4
3 8 48
45 2 6
15 1 14
17 8 18
12 8 17
1 8 3
3 1 1
2 2 1
10 1 7
10 2 12
45 1 20
12 1 7
4 2 5
7 8 12
6 2 45
17 1 7
15 8 16
12 2 7
37 2 20
10 8 45
7 2 22
15 1 7
7 8 17
4 8 6
12 2 10
37 8 45
18 2 16
? 1 github_cpp_program_data/33/87.cpp

52 8 37
6 1 4
7 8 30
80 2 10
7 2 12
45 2 87
31 8 51
45 13 36
51 2 37
63 2 64
27 2 42
28 2 7
81 8 10
31 2 49
37 1 27
64 1 56
10 8 16
56 8 64
82 1 87
57 2 52
49 8 17
30 8 36
37 1 86
28 2 55
25 1 29
32 1 30
25 8 26
7 1 23
36 2 52
33 8 7
10 1 81
39 6 73
22 2 10
86 8 37
85 2 40
14 1 65
24 8 30
7 2 81
14 1 10
87 1 54
39 1 25
10 2 11
28 2 29
57 8 40
25 8 56
25 1 55
10 7 7
40 1 39
34 8 23
37 1 36
64 2 57
11 2 10
7 1 33
45 1 20
7 2 94
16 8 20
85 1 50
7 8 25
27 1 15
12 2 7
63 2 42
100 2 14
31 8 64
52 2 27
13 8 12
56 2 62
27 2 57
45 1 40
36 8 37
26 2 56
18 1 15
11 8 14
63 1 17
22 2 55
84 8 51
31 2 37
80 1 30
30 1 55
56 1 25
72 2 108
64 8 37
39 2 53
26 2 7
38 1 40
15 1 94
10 2 20
1 2 2
63 8 37
20 8 45
29 8 25
65 2 10
64 1 31
7 8 83
52 1 25
14 8 45
25 1 22
49 8 15
12 2 10
26 1 17
42 2 27
25 8 49
10 1 80
15 8 27
40 1 105
45 1 14
10 2 23
27 2 64
36 8 40
85 1 56
30 1 28
12 8 17
24 8 25
15 1 23
24 2 22
42 8 37
84 1 25
40 8 45
29 8 30
38 1 37
39 6 45
39 8 37
50 8 51
17 1 7
12 1 19
10 8 45
54 8 73
30 8 39
7 2 20
38 8 42
18 2 16
63 2 57
37 8 86
6 2 3
45 13 39
48 1 6
7 8 73
64 2 63
14 8 15
37 1 72
82 1 73
81 1 30
108 8 37
37 8 73
7 8 35
10 2 28
40 2 7
31 8 72
15 8 49
32 2 34
7 2 22
62 2 41
30 8 50
6 1 5
7 2 23
7 2 14
25 1 10
7 8 17
12 8 15
10 2 26
55 2 22
7 2 33
7 8 10
57 8 37
6 8 48
23 1 34
7 14 10
54 2 37
85 8 53
10 8 25
7 11 10
63 1 15
14 1 7
22 8 30
17 8 27
14 8 87
40 1 57
30 1 24
72 1 31
16 1 15
42 1 38
10 2 65
33 8 24
52 2 53
25 8 50
10 1 33
52 1 30
40 8 108
13 2 7
54 8 87
57 2 27
50 2 56
40 1 42
10 1 23
20 8 100
25 8 36
37 1 57
10 8 17
37 1 53
56 2 40
26 1 25
64 1 41
7 1 81
15 1 12
37 2 51
96 2 7
12 1 11
15 8 63
40 2 85
18 8 20
33 1 32
40 1 52
37 8 72
20 2 40
45 1 54
7 8 14
13 8 14
23 8 7
14 2 7
87 1 7
63 2 27
7 7 10
24 1 10
55 2 29
45 8 48
82 1 45
37 1 64
94 8 15
28 8 10
15 8 26
20 1 16
54 2 7
51 1 31
81 8 7
72 8 37
40 2 20
30 8 49
26 8 85
16 8 54
51 1 84
10 8 35
37 1 63
7 2 96
73 8 105
17 1 10
45 2 73
41 2 62
105 2 82
30 8 32
39 8 40
83 8 48
86 1 85
27 8 37
16 1 12
51 8 86
33 8 35
28 8 30
12 8 73
30 1 22
3 2 6
29 2 22
27 2 52
22 8 7
3 8 48
49 1 25
38 2 56
73 1 37
27 2 63
45 1 37
87 2 45
30 1 10
42 8 40
108 1 56
53 8 37
40 1 86
49 2 31
7 8 45
10 11 7
49 2 7
37 1 52
15 8 16
30 1 29
56 1 30
17 1 49
56 8 42
10 8 24
105 1 73
45 1 100
33 2 7
52 8 40
62 8 64
15 1 10
24 1 33
40 8 83
56 2 38
72 2 63
30 8 57
53 1 51
22 8 10
7 8 24
20 8 73
28 2 10
100 1 20
49 1 15
23 2 7
16 1 17
15 1 26
10 8 30
105 8 40
28 8 7
73 13 39
22 2 7
10 4 7
32 8 23
25 8 39
42 2 63
20 2 10
25 8 52
62 2 56
15 1 49
42 1 56
39 1 30
56 2 50
32 1 25
40 8 62
49 8 51
10 8 7
33 8 10
53 1 37
36 1 30
16 1 10
5 2 4
14 2 100
7 8 87
17 8 18
86 1 40
28 8 25
33 1 34
73 8 82
57 2 64
10 1 7
10 8 73
34 1 25
83 2 3
26 8 17
53 1 85
11 8 12
30 8 56
96 8 83
35 1 23
4 8 6
30 1 35
10 12 7
26 2 10
35 1 7
35 8 30
57 1 25
51 1 50
31 2 84
19 8 12
12 8 16
79 8 40
10 1 28
30 8 52
108 2 72
80 2 7
37 1 108
55 8 30
94 1 30
64 2 27
48 1 45
30 8 34
48 1 3
37 8 38
73 1 12
73 1 7
19 2 10
31 1 30
7 2 49
83 1 7
37 2 31
81 2 10
73 8 48
50 1 30
14 1 11
7 2 80
7 8 18
23 8 15
41 1 37
25 8 34
24 1 7
25 1 24
26 1 15
87 8 82
29 2 55
34 1 30
18 8 54
14 2 10
3 1 2
12 1 10
54 8 45
12 1 13
40 1 82
54 2 10
56 8 85
86 1 37
40 8 38
41 8 64
23 2 10
10 8 15
7 5 10
45 2 83
31 2 62
94 2 7
10 2 13
53 2 63
52 2 39
31 2 26
10 14 7
23 8 10
23 8 35
10 2 80
12 1 7
37 8 41
14 8 17
83 2 45
25 8 84
73 1 14
25 8 57
37 8 45
37 2 20
17 8 16
25 1 7
55 2 28
2 2 1
39 2 52
34 8 33
52 2 36
86 1 51
54 1 18
80 8 10
30 8 80
22 2 24
25 1 28
51 1 26
53 2 52
64 1 62
51 2 40
26 8 51
105 1 45
30 8 94
82 2 79
57 1 30
20 1 18
17 1 14
18 1 7
45 8 82
7 2 54
84 2 31
10 8 14
50 8 85
10 2 14
30 8 31
73 1 20
40 2 51
36 1 25
37 8 53
79 2 82
17 8 63
4 2 5
55 8 25
63 2 72
50 1 25
108 1 40
7 2 13
2 8 3
20 8 96
25 8 80
73 1 10
85 8 86
57 2 63
30 1 7
51 1 49
48 1 83
10 2 54
35 1 10
40 1 79
25 8 32
17 1 12
23 1 32
10 2 12
34 2 32
56 8 108
45 1 7
40 8 86
1 8 3
40 2 56
22 8 25
3 1 1
31 2 50
22 2 29
81 1 25
37 2 54
23 8 24
7 2 40
45 8 105
10 2 33
85 1 26
22 2 35
83 1 96
26 2 31
53 2 39
54 1 16
100 8 45
10 8 12
7 1 28
57 2 86
7 8 15
35 8 25
87 1 14
24 1 23
96 1 20
10 5 7
15 8 18
62 2 31
80 1 25
18 1 12
53 1 40
36 6 45
83 1 40
63 2 53
5 8 6
29 2 28
49 1 30
72 1 37
7 2 26
18 1 17
7 4 10
3 2 83
52 2 57
10 2 22
45 1 10
10 2 19
37 1 42
7 1 10
62 1 40
10 2 81
35 2 22
50 2 31
51 8 53
56 2 26
65 8 14
14 8 73
15 1 7
73 1 54
25 8 81
48 1 73
10 1 22
20 2 37
17 1 26
27 1 17
35 2 28
7 12 10
35 1 33
28 2 35
37 1 39
15 1 14
73 2 45
30 8 81
86 8 40
86 2 57
81 2 7
32 8 33
20 2 7
25 1 35
7 1 22
7 8 12
33 2 10
13 2 10
82 2 105
7 2 28
82 8 40
40 1 36
26 8 15
14 1 13
17 8 26
40 8 53
12 8 18
16 2 18
? 1 github_cpp_program_data/33/89.cpp

52 8 37
20 8 45
6 1 4
56 8 64
52 8 40
84 8 85
10 7 7
62 8 64
7 2 12
80 8 10
26 2 31
12 8 45
54 2 7
30 8 57
81 8 10
31 2 49
26 2 7
53 1 51
64 1 56
52 1 25
6 2 3
28 2 10
49 1 15
49 2 31
85 1 84
15 1 26
30 8 36
10 8 30
28 2 55
25 1 29
3 8 48
25 8 26
6 1 5
32 8 23
12 8 15
20 2 10
10 1 81
25 8 52
62 2 56
15 1 49
1 2 2
64 2 53
39 1 30
56 2 50
32 1 25
10 2 49
40 8 62
49 8 51
10 8 7
14 1 10
17 1 10
17 1 26
36 1 30
73 1 40
5 2 4
31 8 51
40 1 64
10 8 24
86 1 40
28 8 25
25 1 55
33 1 34
81 1 30
40 1 39
37 1 36
10 1 7
45 1 20
63 2 64
16 8 20
53 2 64
81 1 25
56 8 51
7 14 10
12 2 7
41 1 40
18 8 54
30 8 56
34 1 25
4 8 6
12 2 10
10 12 7
26 2 10
37 8 45
25 1 7
34 8 33
57 1 25
73 1 54
17 8 27
31 2 50
30 8 52
45 13 39
80 2 7
31 1 25
55 8 30
80 1 30
30 1 55
48 1 45
48 1 73
31 2 38
7 8 25
37 8 38
73 1 12
80 1 25
54 2 40
29 2 28
37 1 57
31 1 30
28 2 7
25 8 81
10 2 20
7 1 80
10 2 80
50 1 30
29 8 25
7 2 80
51 1 56
53 2 57
51 2 37
25 8 34
81 2 10
25 1 22
6 2 45
56 2 49
40 8 41
14 2 10
3 1 2
12 1 10
25 8 31
45 1 12
7 2 54
18 2 16
49 2 10
10 1 80
24 1 10
10 2 23
23 2 10
81 2 7
50 2 56
10 8 15
40 2 85
40 2 54
42 8 37
10 14 7
84 1 25
37 2 51
80 2 10
29 8 30
12 1 7
38 1 37
39 6 45
14 8 17
50 8 51
25 8 84
17 1 7
16 2 18
37 2 20
10 8 45
36 8 37
37 1 86
31 8 42
35 8 30
27 8 40
38 8 42
41 2 38
54 1 18
15 1 10
30 8 80
56 2 62
25 1 28
51 1 26
48 1 6
7 8 73
64 2 63
14 8 15
26 8 51
55 8 25
30 1 24
38 2 31
57 1 30
30 1 35
17 1 14
45 1 37
15 8 49
57 2 52
10 2 28
73 8 48
7 2 22
84 2 31
10 8 14
30 8 50
10 4 7
6 8 48
30 8 31
85 1 49
7 12 10
7 2 14
27 2 63
25 1 10
7 5 10
29 2 22
7 8 17
4 2 5
85 2 40
48 1 3
7 8 10
31 2 26
57 8 37
7 8 14
2 8 3
40 1 53
38 2 41
10 8 25
10 2 14
85 8 86
63 1 15
14 1 7
51 1 49
64 1 62
40 1 57
42 1 41
51 8 53
35 1 10
16 1 15
25 8 32
42 1 38
23 1 32
10 2 12
7 8 30
40 8 86
1 8 3
22 8 25
3 1 1
24 8 30
52 1 30
40 8 73
64 8 40
33 2 10
22 2 29
30 8 39
40 1 63
22 2 10
23 8 24
7 2 81
25 8 80
10 8 17
10 2 33
26 1 25
30 1 28
53 1 37
15 1 12
42 1 31
45 2 6
54 1 16
15 8 63
10 8 12
28 2 29
40 1 52
7 8 15
49 2 56
31 2 84
24 1 23
14 2 7
30 1 7
63 2 27
37 8 53
86 8 37
22 8 30
25 8 57
45 8 48
73 1 7
5 8 6
20 1 16
49 1 30
51 1 31
33 8 35
80 8 7
22 2 7
7 2 26
18 1 17
7 4 10
16 8 54
52 2 57
10 8 35
49 8 15
45 1 10
37 1 42
7 1 10
62 1 40
10 2 81
45 2 73
85 1 31
50 2 31
39 8 40
49 1 17
86 1 85
3 2 6
26 8 17
17 8 49
51 1 50
49 8 85
28 8 30
12 8 73
20 2 37
30 1 22
27 1 17
57 8 40
35 2 28
55 2 28
10 5 7
35 1 33
28 2 35
22 8 7
15 1 14
73 2 45
63 8 40
30 8 81
30 8 49
30 1 10
7 11 10
2 2 1
7 1 22
53 8 40
7 8 12
10 11 7
41 8 42
10 2 26
7 7 10
57 2 53
31 8 85
7 2 28
37 1 52
15 8 16
40 1 27
30 1 29
15 1 7
10 2 22
56 1 30
54 8 73
26 8 15
17 8 18
? 1 github_cpp_program_data/33/92.cpp

