73 8 48
25 8 36
10 8 24
18 8 20
10 1 81
108 1 56
22 2 7
25 1 22
53 8 37
31 2 62
31 8 51
81 2 10
30 1 35
52 8 37
31 8 42
29 8 25
19 8 12
12 8 98
11 8 12
10 8 17
51 8 53
48 1 6
30 8 52
26 2 31
15 1 12
30 1 24
51 1 31
108 8 37
16 2 18
17 1 14
64 2 72
7 2 33
57 1 25
80 8 7
28 8 25
36 8 40
98 1 7
7 8 73
34 1 30
25 8 26
24 2 22
98 1 12
20 2 7
31 2 50
34 8 23
7 8 35
72 2 64
6 1 5
37 8 41
23 8 7
12 8 15
23 2 7
98 8 48
25 8 34
28 2 25
29 2 22
10 7 7
62 8 64
5 8 6
37 2 51
37 1 64
33 1 34
25 1 55
10 2 22
33 2 7
35 1 10
10 2 65
41 1 37
14 8 45
10 8 35
52 1 30
18 1 17
52 2 57
37 1 27
35 2 28
33 1 32
15 1 7
33 2 10
10 8 7
40 1 52
64 1 31
22 2 24
57 2 53
42 1 56
62 8 42
64 1 68
18 2 16
20 2 37
57 1 30
14 2 10
38 1 40
64 1 38
14 1 65
23 8 15
38 8 42
10 1 22
20 1 18
24 1 10
10 2 11
27 8 37
55 2 22
32 1 25
73 1 40
25 8 50
22 2 55
65 8 14
37 1 108
45 1 14
30 8 57
31 2 37
34 2 32
98 2 45
30 8 80
10 8 14
7 8 15
35 8 25
10 2 13
55 8 25
56 2 40
25 8 31
57 2 52
40 8 73
45 2 73
15 1 23
40 8 108
7 7 10
7 8 14
37 1 39
56 8 64
28 2 35
23 1 32
28 2 22
48 1 3
81 8 10
25 1 29
35 1 33
54 2 7
40 1 36
30 1 10
38 2 56
48 1 98
54 8 73
31 1 30
30 1 29
37 2 20
23 1 34
15 2 17
40 1 64
24 8 30
31 1 25
39 6 45
34 8 33
17 1 10
48 1 45
81 1 25
15 8 16
45 1 7
12 1 10
27 2 63
25 1 7
64 1 56
17 2 15
45 2 98
7 2 14
52 1 25
39 1 25
24 1 7
25 1 35
42 1 31
31 8 72
28 2 7
41 8 64
7 2 28
25 8 81
30 1 22
3 8 48
10 11 7
64 1 62
4 8 6
57 2 108
40 2 54
28 8 30
63 2 53
32 8 33
32 1 30
34 1 25
57 2 42
7 2 80
30 8 34
35 1 7
27 1 15
2 2 1
7 11 10
7 8 10
7 1 23
30 2 28
42 2 57
63 2 27
12 2 7
28 8 26
23 2 10
64 1 41
33 8 24
73 2 45
10 8 12
2 8 3
7 2 81
30 1 7
68 1 42
108 2 57
26 1 30
63 1 15
14 1 7
37 2 31
53 2 57
22 2 10
7 8 45
52 8 40
22 2 28
63 8 37
10 2 81
28 2 24
62 1 40
35 8 30
7 2 12
31 8 64
7 1 10
56 2 38
30 1 28
72 8 40
50 2 31
22 8 7
25 8 32
42 1 38
6 1 4
37 1 52
28 2 30
72 1 37
10 1 28
22 8 25
16 8 20
51 1 26
37 1 57
45 1 20
56 8 42
25 8 80
37 8 45
50 8 51
1 2 2
51 1 50
39 8 37
57 8 37
30 8 31
62 2 31
14 2 7
15 8 27
7 1 80
40 1 72
17 8 18
7 4 10
25 2 28
64 8 37
1 8 3
7 8 98
80 1 25
39 2 108
29 8 30
10 2 19
31 2 26
13 8 14
14 1 10
7 8 24
10 4 7
10 14 7
24 2 28
73 1 7
48 1 73
25 8 57
22 8 10
23 8 24
37 8 38
7 2 22
6 8 48
14 8 73
45 8 48
10 2 33
20 1 16
25 1 28
22 8 30
7 2 54
25 1 10
15 8 63
16 1 15
3 1 2
40 2 56
41 2 62
63 1 17
26 1 28
81 2 7
53 1 51
28 8 10
37 1 63
24 1 23
7 2 23
3 1 1
30 8 32
81 1 30
65 2 10
42 8 68
80 2 7
7 5 10
26 1 25
33 8 35
7 12 10
64 8 40
10 2 14
30 1 55
13 2 10
40 8 62
4 2 5
81 8 7
7 14 10
17 1 7
40 1 57
28 2 29
28 2 10
3 2 6
25 8 52
68 8 64
53 2 63
30 8 81
37 1 53
10 5 7
54 2 40
57 8 40
19 2 10
22 2 29
14 8 17
45 13 39
73 1 14
55 2 28
7 2 20
42 8 37
7 1 81
68 2 38
30 8 56
80 1 30
108 2 39
7 8 30
38 2 68
7 1 22
42 1 62
10 12 7
14 1 13
53 1 37
5 2 4
51 2 37
10 8 30
37 8 72
32 8 23
50 1 25
12 1 11
10 8 25
56 1 30
17 8 63
56 8 108
72 1 31
28 2 55
108 1 40
25 8 39
30 8 26
26 8 51
7 8 25
55 8 30
10 1 7
24 1 33
7 8 17
12 1 19
36 1 25
20 8 45
10 2 23
11 2 10
38 1 37
38 8 64
37 1 42
6 2 3
6 2 98
10 2 28
37 8 53
98 2 6
32 2 34
40 8 38
62 2 41
73 1 54
29 2 28
45 1 37
? 1 github_cpp_program_data/19/10.cpp

14 8 15
18 1 15
73 8 48
15 1 14
7 11 10
85 2 37
10 8 24
49 2 7
10 1 81
17 1 12
54 1 16
22 2 7
25 1 22
53 8 37
56 2 49
37 1 125
31 8 51
49 1 25
26 2 31
22 2 10
52 8 37
23 2 10
29 8 25
10 8 73
84 2 56
14 2 10
10 8 17
30 1 7
7 2 13
26 1 30
15 1 10
30 8 52
49 8 85
40 1 63
14 1 7
15 1 12
30 1 24
25 1 29
51 1 31
22 8 25
22 2 28
49 8 15
10 2 81
17 1 14
12 8 45
35 8 30
26 1 17
80 2 7
45 2 73
80 8 7
73 1 40
17 2 15
7 1 10
86 2 63
28 8 25
30 1 28
53 1 40
37 1 53
7 7 10
55 2 28
56 2 84
50 2 31
25 8 32
37 1 52
10 2 12
12 1 13
31 2 50
20 2 10
16 1 15
24 1 10
40 1 126
80 2 10
51 1 26
80 1 25
17 8 26
56 8 85
48 1 45
25 8 80
54 2 10
12 8 15
37 8 45
55 8 30
37 2 51
50 8 51
30 1 35
51 1 50
29 2 22
28 2 55
10 2 20
40 8 73
37 2 20
14 2 7
7 1 80
22 2 35
15 8 18
23 1 32
86 8 40
10 8 15
126 8 40
33 1 34
10 4 7
40 1 86
25 1 55
85 8 53
86 1 40
35 2 22
28 2 22
29 8 30
86 1 51
12 1 7
10 8 35
31 2 26
14 1 10
37 1 27
10 14 7
16 8 54
15 1 7
49 8 17
48 1 73
86 1 37
40 8 86
22 2 55
33 2 10
86 8 37
23 8 24
7 2 22
14 8 73
45 8 48
10 2 33
20 1 16
25 1 28
22 8 30
10 2 54
15 8 63
11 8 14
18 8 54
81 2 10
16 1 17
30 8 56
85 2 40
57 1 30
15 1 26
7 2 81
26 2 10
24 2 28
24 1 23
10 8 45
28 2 24
17 1 26
7 4 10
63 8 40
16 8 20
81 1 30
53 1 85
27 8 37
40 2 85
55 2 22
51 2 40
32 1 25
26 8 17
7 5 10
25 8 50
33 8 35
81 2 7
10 2 14
30 1 55
45 1 10
20 2 37
30 8 57
45 1 20
30 8 26
7 2 49
81 8 7
30 8 80
7 14 10
17 1 7
10 8 14
7 8 15
85 1 49
28 2 10
11 2 7
18 2 16
63 2 86
55 8 25
7 8 30
63 1 15
73 2 45
30 8 81
80 8 10
51 2 37
86 2 52
37 8 86
15 8 26
54 2 40
25 8 49
57 8 40
10 8 7
37 1 86
85 1 84
22 2 29
14 8 17
7 8 14
73 1 14
7 8 12
52 2 86
10 7 7
53 2 57
28 2 29
31 1 30
7 1 81
35 1 10
52 1 30
81 8 10
10 2 22
15 1 49
26 8 15
40 1 57
52 2 27
80 1 30
35 1 33
17 8 16
25 8 34
10 2 28
30 1 10
52 2 53
10 12 7
54 8 73
30 1 29
53 1 37
54 1 18
57 2 53
17 8 27
40 1 53
10 8 30
15 2 17
32 8 23
50 1 25
24 8 30
10 8 25
34 8 33
17 1 10
81 1 25
15 8 16
17 1 49
45 1 12
14 1 11
12 2 10
25 1 7
125 8 37
16 2 18
10 2 80
26 8 51
13 2 7
7 8 25
27 2 52
7 2 14
84 8 85
51 8 86
10 1 80
30 8 31
7 8 17
84 1 30
20 8 45
10 2 23
85 1 56
25 1 10
30 8 84
28 2 7
73 1 54
56 1 30
7 2 28
25 8 81
29 2 28
13 8 12
37 2 85
27 1 17
10 2 26
30 1 22
40 2 51
10 11 7
37 8 53
49 2 56
40 2 54
7 2 11
28 8 30
26 1 15
73 1 10
53 8 40
34 1 25
12 8 17
7 2 80
45 1 37
53 2 52
40 8 53
? 1 github_cpp_program_data/19/13.cpp

73 8 48
10 8 24
18 8 20
10 1 81
40 8 45
22 2 7
25 1 22
40 8 73
31 8 51
49 1 25
81 2 10
40 1 108
52 8 37
54 2 40
31 8 42
29 8 25
42 2 72
10 8 17
51 8 53
37 2 56
30 8 52
26 2 31
15 1 12
30 1 24
51 1 31
99 2 37
16 2 18
7 1 28
12 8 45
73 1 20
7 2 33
57 1 25
80 8 7
40 8 72
28 8 25
25 1 10
45 13 39
36 8 40
7 7 10
24 2 35
34 1 30
55 2 28
24 2 22
10 2 12
72 1 40
31 2 50
7 8 12
34 8 23
7 8 35
80 2 10
7 2 23
12 8 15
46 1 7
30 1 35
29 2 22
10 7 7
35 2 24
56 2 37
62 8 64
37 2 51
90 8 48
10 8 73
33 1 34
54 8 45
25 1 55
10 2 22
37 8 90
35 2 22
35 1 10
32 8 33
12 1 7
10 8 35
52 1 30
18 1 17
52 2 57
56 8 72
35 2 28
33 1 32
15 1 7
49 8 17
7 2 49
33 2 10
10 8 7
20 8 90
40 1 52
22 2 24
10 2 80
25 1 35
18 2 16
75 2 90
57 1 30
15 1 26
7 2 81
38 1 40
10 8 45
28 2 24
38 8 42
10 1 22
20 1 18
30 8 34
56 1 30
55 2 22
45 1 40
32 1 25
73 1 40
25 8 50
81 2 7
45 1 10
30 8 57
31 2 37
90 1 37
30 8 80
10 8 14
7 8 15
35 8 25
55 8 25
7 8 30
56 2 40
25 8 31
57 2 52
24 8 99
31 2 38
23 8 24
7 8 14
20 2 10
56 8 64
28 2 22
48 1 3
81 8 10
52 2 27
22 2 10
35 1 33
40 1 36
30 1 10
45 1 54
31 1 30
30 1 29
45 2 73
40 1 53
25 1 28
24 8 30
31 1 25
39 6 45
34 8 33
57 2 64
81 1 25
15 8 16
45 1 12
12 1 10
26 1 30
49 2 7
10 2 54
64 1 56
27 2 53
27 2 52
7 2 14
64 2 57
10 2 81
39 1 25
24 1 7
7 8 46
42 1 31
17 1 14
28 2 7
17 1 10
7 2 28
35 8 30
25 8 49
37 2 99
48 1 75
30 1 22
3 8 48
10 11 7
64 1 62
72 1 56
40 2 54
56 1 25
28 8 30
73 1 10
32 1 30
34 1 25
57 2 42
7 2 80
35 1 7
27 1 15
2 2 1
7 11 10
40 2 20
7 8 10
36 2 52
42 2 57
108 8 40
12 2 7
23 2 10
90 1 99
73 2 45
10 8 12
2 8 3
14 2 10
33 2 7
25 1 7
14 1 7
37 2 31
25 1 29
38 2 31
52 8 40
22 2 28
36 1 30
62 1 40
24 8 25
7 2 12
7 1 10
39 8 40
30 1 28
46 8 75
50 2 31
22 8 7
25 8 32
42 1 38
37 1 52
75 1 46
72 1 37
10 1 28
16 8 20
51 1 26
37 1 57
48 1 90
17 8 26
48 1 45
25 8 80
52 1 25
20 8 73
55 8 30
50 8 51
1 2 2
51 1 50
57 8 37
10 2 20
25 8 56
14 2 7
15 8 27
7 1 80
17 8 18
7 4 10
64 8 37
25 8 81
1 8 3
27 8 40
26 1 17
80 1 25
30 1 7
39 2 108
29 8 30
10 8 90
56 2 62
90 2 75
31 2 26
14 1 10
7 8 24
10 4 7
24 2 28
25 1 24
48 1 73
25 8 57
22 8 10
22 8 25
37 8 38
7 2 22
28 2 35
14 8 73
45 8 48
10 2 33
20 1 16
23 1 34
22 8 30
45 2 90
72 8 37
72 2 42
16 1 15
33 8 35
108 1 37
35 8 99
22 2 55
53 1 51
28 8 10
37 1 72
24 1 23
3 1 1
30 8 32
81 1 30
40 1 27
62 2 56
99 1 24
80 2 7
7 5 10
3 1 2
7 12 10
10 2 14
30 1 55
40 8 62
90 1 10
81 8 7
7 14 10
17 1 7
40 1 57
28 2 29
28 2 10
25 8 52
30 8 81
80 8 10
51 2 37
28 8 7
10 5 7
7 2 26
57 8 40
54 2 10
22 2 29
14 8 17
40 2 56
73 1 14
108 1 31
52 2 36
37 1 64
42 8 37
7 1 81
75 8 48
37 8 108
23 2 7
26 8 15
30 8 56
80 1 30
108 2 39
25 8 34
99 8 90
7 1 22
10 12 7
90 2 45
53 1 37
3 2 75
10 8 30
37 8 72
32 8 23
50 1 25
10 8 25
24 1 10
17 1 49
53 2 27
23 1 32
28 2 55
99 1 35
12 2 10
40 8 38
25 8 39
30 8 26
30 8 36
26 8 51
7 8 25
10 1 80
10 1 7
30 8 31
75 2 3
7 8 17
26 2 7
10 14 7
10 2 23
38 1 37
37 1 42
90 1 20
10 2 28
20 2 99
37 8 53
40 1 39
22 2 35
99 2 20
31 8 108
53 8 40
29 2 28
20 2 40
? 1 github_cpp_program_data/19/15.cpp

73 8 48
25 8 36
10 8 24
18 8 20
10 1 81
26 2 7
26 2 56
40 8 45
22 2 7
25 1 22
37 8 86
31 2 62
31 8 51
49 1 25
81 2 10
32 8 33
54 2 40
31 8 42
29 8 25
42 2 72
63 2 57
84 2 56
11 8 12
10 8 17
51 8 53
48 1 6
37 2 56
15 1 10
30 8 52
26 2 31
15 1 12
30 1 24
51 1 31
16 2 18
7 1 28
12 8 45
54 1 16
7 2 33
57 1 25
80 8 7
28 8 25
86 1 40
57 2 27
7 8 73
34 1 30
51 1 56
25 8 26
24 2 22
31 2 49
10 2 12
86 1 37
7 8 12
16 1 15
7 8 35
31 2 38
80 2 10
6 1 5
33 8 17
33 8 10
56 8 85
63 2 52
23 8 7
12 8 15
30 8 50
23 2 7
53 1 40
37 8 62
14 8 45
28 2 55
56 2 37
62 8 64
5 8 6
57 2 63
37 2 51
11 2 7
10 8 15
10 1 23
33 1 34
25 1 55
10 2 22
33 2 7
31 2 50
10 2 65
52 8 37
12 1 7
10 8 35
23 8 17
18 1 17
52 2 57
56 8 72
23 8 35
37 1 27
35 2 28
33 1 32
16 8 54
15 1 7
49 8 17
19 8 14
7 2 49
33 2 10
15 8 26
10 8 7
36 2 86
40 1 52
64 1 31
22 2 24
57 2 53
1 2 2
10 2 80
10 1 33
25 1 35
18 2 16
16 1 17
57 1 30
15 1 26
7 2 81
38 1 40
26 2 10
10 14 7
10 8 45
28 2 24
38 8 42
63 8 40
20 1 18
24 1 10
10 2 11
27 8 37
40 2 85
55 2 22
50 2 56
45 1 40
86 2 53
32 1 25
22 8 25
25 8 50
18 8 54
81 2 7
45 1 10
85 1 31
30 8 57
34 2 32
30 8 80
10 8 14
7 8 15
35 8 25
56 2 50
49 2 10
10 2 13
55 8 25
6 2 3
72 2 42
25 8 31
31 8 85
57 2 52
40 8 53
40 8 73
85 2 37
37 8 73
23 8 24
37 1 86
7 7 10
7 8 14
73 1 37
62 1 37
30 8 49
72 2 27
28 2 35
31 1 30
28 2 22
48 1 3
81 8 10
52 2 27
22 2 10
35 1 33
54 2 7
40 2 20
30 1 10
52 2 53
54 8 73
30 1 29
45 2 73
54 1 18
17 8 27
40 1 53
6 2 45
23 1 34
15 2 17
40 1 64
7 2 65
24 8 30
31 1 25
39 6 45
34 8 33
17 1 23
11 8 14
81 1 25
15 8 16
45 1 12
12 1 10
27 2 63
26 1 30
49 2 7
49 1 30
15 8 63
56 2 84
27 2 52
7 2 14
84 8 85
86 1 85
52 1 25
39 1 25
24 1 7
84 1 30
26 8 85
17 1 14
84 2 31
85 1 56
30 8 84
28 2 7
17 1 10
7 2 28
24 8 25
25 8 49
54 2 37
27 1 17
10 2 26
30 1 22
40 2 51
3 8 48
10 11 7
64 1 62
15 1 49
72 1 56
65 2 7
40 2 54
56 1 25
28 8 30
26 1 15
32 1 30
34 1 25
57 2 42
7 2 80
30 8 34
53 2 52
14 8 15
35 1 7
27 1 15
2 2 1
7 11 10
7 8 10
7 1 23
17 1 12
52 2 63
56 2 49
42 2 57
63 2 27
12 2 7
27 2 86
23 2 10
33 8 24
73 2 45
35 1 23
10 8 12
2 8 3
14 2 10
30 1 7
25 1 7
35 2 22
63 1 15
40 1 63
14 1 7
37 1 72
53 2 57
25 1 29
38 2 31
52 8 40
4 2 5
63 8 37
10 2 81
35 8 30
7 2 12
31 8 64
86 2 52
17 2 15
7 1 10
39 8 40
30 1 28
80 2 7
23 8 10
85 1 26
7 4 10
52 2 86
86 2 27
50 2 31
22 8 7
25 8 32
42 1 38
6 1 4
27 2 72
37 1 52
12 1 13
72 1 37
10 1 28
57 2 86
16 8 20
86 2 36
7 1 33
51 1 26
37 1 57
86 2 39
17 8 26
45 1 20
48 1 45
25 8 80
56 2 26
85 8 86
10 1 80
50 8 51
7 8 30
51 1 50
63 2 53
57 8 37
30 8 31
25 8 56
62 2 31
14 2 7
15 8 27
7 1 80
17 8 18
22 2 28
86 8 40
25 8 81
1 8 3
40 1 86
27 8 40
26 1 17
51 1 49
80 1 25
50 1 30
29 8 30
10 2 19
49 2 56
10 1 22
31 2 26
13 8 14
14 1 10
7 8 24
10 4 7
42 1 31
24 2 28
19 2 7
25 1 24
73 1 7
48 1 73
25 8 57
22 8 10
73 1 40
7 2 22
6 8 48
14 8 73
45 8 48
10 2 33
20 1 16
25 1 28
22 8 30
7 2 54
72 8 37
12 1 65
33 8 7
34 8 23
33 8 35
85 2 40
25 8 34
63 1 17
73 13 36
22 2 55
53 1 51
28 8 10
37 1 63
24 1 23
7 2 23
17 1 26
3 1 1
22 2 35
30 8 32
81 1 30
40 1 27
27 2 57
20 2 10
49 2 31
65 2 10
40 8 86
26 8 17
7 5 10
26 1 25
3 1 2
7 12 10
36 8 37
64 8 40
10 2 14
30 1 55
13 2 10
49 8 15
45 1 14
10 2 28
81 8 7
7 14 10
17 1 7
40 1 57
86 2 57
86 8 37
56 8 51
10 2 49
28 2 10
3 2 6
25 8 52
36 6 73
15 8 49
53 2 63
30 8 81
80 8 10
51 2 37
28 8 7
10 5 7
7 2 26
57 8 40
19 2 10
85 1 84
22 2 29
52 1 30
14 8 17
45 13 39
73 1 14
55 2 28
17 1 33
10 7 7
42 8 37
7 1 81
35 1 10
45 2 6
4 8 6
26 8 15
30 8 56
80 1 30
65 8 12
37 2 54
30 1 35
14 1 19
7 1 22
10 12 7
14 1 13
53 1 37
84 1 25
5 2 4
49 8 51
39 2 86
10 8 30
37 8 72
32 8 23
29 2 22
50 1 25
12 1 11
10 8 25
56 1 30
17 8 63
25 8 84
17 1 49
15 1 14
23 1 32
14 1 11
12 2 10
25 8 39
30 8 26
31 2 84
7 2 13
26 8 51
10 2 20
13 2 7
7 8 25
55 8 30
10 1 7
24 1 33
7 8 17
49 1 15
36 1 25
20 8 45
10 2 23
51 2 40
11 2 10
25 1 10
12 8 17
37 1 42
17 8 16
13 8 12
37 2 85
53 2 86
28 2 29
37 8 53
7 2 19
40 1 39
32 2 34
7 2 11
40 8 38
37 1 36
53 8 40
73 1 54
29 2 28
20 2 40
? 1 github_cpp_program_data/19/17.cpp

18 1 15
40 1 42
10 8 24
18 8 20
19 2 11
10 1 81
45 13 36
108 1 56
22 2 7
25 1 22
20 2 40
81 2 10
46 1 40
52 8 37
7 2 26
31 8 42
29 8 25
19 8 12
11 8 12
10 8 17
46 8 48
48 1 6
52 2 72
15 1 10
30 8 52
108 2 63
15 1 12
30 1 24
19 2 10
108 8 37
99 2 37
16 2 18
7 1 28
12 8 45
54 1 16
7 2 33
57 1 25
80 8 7
54 8 74
10 8 74
40 8 72
28 8 25
30 8 49
73 8 40
36 8 40
7 8 73
24 2 35
34 1 30
25 8 26
52 2 42
57 2 72
46 2 6
10 2 12
72 1 40
20 2 10
16 1 15
7 8 35
80 2 10
6 1 5
12 8 15
74 1 54
23 2 7
30 1 35
37 8 62
10 7 7
35 2 24
14 8 45
28 2 55
62 8 64
42 2 36
10 2 19
5 8 6
56 8 64
45 2 74
10 8 15
28 2 121
33 1 34
25 1 55
10 2 22
33 2 7
121 2 22
28 2 22
10 2 65
32 8 33
20 2 37
12 1 7
57 2 27
10 8 35
52 1 30
18 1 17
52 2 57
56 8 72
23 8 35
37 1 27
35 2 28
80 2 22
16 8 54
15 1 7
49 8 17
36 2 42
20 2 7
74 1 40
7 2 49
33 2 10
10 8 7
90 1 10
20 8 90
40 1 52
33 8 121
22 2 24
10 2 80
11 8 14
25 1 35
18 2 16
16 1 17
27 2 108
57 1 30
15 1 26
7 2 81
121 2 28
33 1 32
80 8 25
14 1 65
28 2 24
42 2 27
38 8 42
10 1 22
20 1 18
24 1 10
10 2 11
27 8 37
55 2 22
52 2 64
45 1 40
52 2 108
32 1 25
22 8 25
57 2 108
7 2 54
18 8 54
22 2 55
65 8 14
37 1 108
45 1 14
30 8 57
40 1 73
90 1 37
30 8 80
10 8 14
7 8 15
35 8 25
49 2 10
10 2 13
55 8 25
7 8 30
56 2 40
25 8 31
57 2 52
24 8 99
73 2 45
31 2 38
45 8 40
37 8 73
40 8 108
62 1 37
7 8 12
37 1 39
28 2 35
23 1 32
81 2 22
48 1 3
81 8 10
25 1 29
35 1 33
54 2 7
40 1 36
30 1 10
40 2 10
48 1 46
54 8 73
31 1 30
30 1 29
37 2 20
54 1 18
17 8 27
23 1 34
15 2 17
40 1 64
24 8 30
31 1 25
34 8 33
17 1 10
81 1 25
15 8 16
45 1 12
22 2 80
45 1 7
12 1 10
27 2 63
26 8 17
49 2 7
10 2 54
64 1 56
17 2 15
30 8 31
36 2 57
108 1 40
52 1 25
10 2 81
39 1 25
24 1 7
42 1 31
17 1 14
49 1 30
31 8 72
30 8 39
28 2 7
11 2 19
7 2 28
35 8 30
25 8 81
37 2 99
27 1 17
74 8 40
10 2 26
30 1 22
3 8 48
10 11 7
64 1 62
4 8 6
72 1 56
40 8 45
40 2 54
56 1 25
28 8 30
39 1 30
23 8 119
121 8 25
7 2 80
30 8 34
119 2 22
14 8 15
35 1 7
27 1 15
2 2 1
7 11 10
40 2 20
72 2 52
7 8 10
17 1 12
63 2 27
12 2 7
23 2 10
90 1 99
33 8 24
12 2 10
35 1 23
10 8 12
2 8 3
14 2 10
30 1 7
108 2 57
25 1 7
35 2 22
40 8 74
37 2 31
40 8 46
22 2 10
7 8 45
38 2 31
52 8 40
22 2 28
63 8 37
36 1 30
24 8 25
7 2 12
7 7 10
45 2 73
7 1 10
30 1 28
10 8 46
31 2 37
65 2 13
72 8 40
22 8 7
25 8 32
42 1 38
6 1 4
54 2 37
37 1 52
12 1 13
72 1 37
10 1 28
22 2 121
22 2 81
28 2 119
37 1 57
49 8 15
25 8 80
37 8 45
10 1 80
72 2 57
55 2 28
1 2 2
10 12 7
39 8 37
57 8 37
10 2 20
25 8 56
14 2 7
15 8 27
7 1 80
40 1 72
17 8 18
15 8 18
6 2 3
24 2 22
108 2 52
1 8 3
27 8 40
40 1 45
80 1 25
42 2 52
39 2 108
29 8 30
10 8 90
56 2 62
10 2 40
13 8 14
14 1 10
7 8 24
10 4 7
10 14 7
24 2 28
25 1 24
73 1 7
25 8 57
22 8 10
23 8 24
37 8 38
7 2 22
6 8 48
14 8 73
10 2 33
20 1 16
25 1 28
22 8 30
90 8 40
25 1 10
34 8 23
33 8 35
40 2 56
35 8 99
63 1 17
81 2 7
26 2 10
28 8 10
64 2 52
37 1 63
108 2 27
24 1 23
7 2 23
119 2 28
17 1 26
3 1 1
16 8 20
81 1 30
73 13 39
40 1 27
27 2 57
119 8 25
62 2 56
99 1 24
65 2 10
80 2 7
7 5 10
26 1 25
3 1 2
7 12 10
36 8 37
64 8 40
10 2 14
30 1 55
13 2 65
39 6 73
13 2 10
45 1 20
4 2 5
10 2 28
74 2 90
81 8 7
7 14 10
17 1 7
99 8 90
81 8 25
28 2 29
10 2 49
28 2 10
3 2 6
57 2 36
25 8 52
99 2 20
80 8 10
28 8 7
63 2 108
31 2 40
54 2 40
57 8 40
54 2 10
40 1 90
22 2 29
46 1 10
14 8 17
73 1 14
40 2 31
108 1 31
7 2 20
7 1 81
37 8 90
35 1 10
15 1 49
26 8 15
30 8 56
108 2 39
80 1 30
17 8 16
37 2 54
25 1 121
25 1 119
40 1 57
7 1 22
121 1 33
14 1 13
10 5 7
73 1 37
5 2 4
10 8 30
37 8 72
25 1 81
32 8 23
29 2 22
12 1 11
10 8 25
56 1 30
17 8 63
7 4 10
56 8 108
17 1 49
15 1 14
40 1 74
72 1 31
14 1 11
99 1 35
119 1 23
74 1 10
25 8 39
30 8 36
22 2 119
25 1 80
7 8 25
6 2 46
55 8 30
10 1 7
24 1 33
74 2 45
7 8 17
36 6 45
12 1 19
26 2 7
20 8 45
10 2 23
11 2 10
38 1 37
7 2 14
12 8 17
90 1 20
13 8 12
20 2 99
42 8 40
90 2 74
22 2 35
30 8 81
31 8 108
37 1 36
73 1 54
29 2 28
45 1 37
27 2 42
? 1 github_cpp_program_data/19/2.cpp

18 1 15
73 8 48
25 8 36
10 8 24
49 2 7
10 1 81
26 2 7
45 13 36
54 1 16
22 2 7
25 1 22
37 8 86
31 8 51
49 1 25
81 2 10
10 2 13
32 8 33
54 2 40
31 8 42
29 8 25
36 2 53
10 8 17
51 8 53
48 1 6
37 2 56
15 1 10
7 8 76
26 2 31
15 1 12
30 1 24
51 1 31
108 8 37
16 2 18
7 1 28
12 8 45
40 8 45
108 1 56
57 1 25
80 8 7
40 8 72
28 8 25
30 1 37
36 8 40
7 8 73
17 8 49
34 1 30
25 8 26
53 2 36
57 2 72
31 2 49
10 2 12
72 1 40
7 8 12
16 1 15
7 8 35
31 2 38
80 2 10
6 1 5
33 8 10
23 8 7
12 8 15
30 8 50
23 2 7
25 8 34
29 2 22
14 8 45
28 2 55
56 2 37
5 8 6
37 2 51
11 2 7
10 8 15
10 1 23
33 1 34
37 8 108
25 1 55
37 1 76
10 2 22
33 2 7
31 2 50
10 2 65
52 8 37
20 2 37
12 1 7
57 2 27
10 8 35
52 1 30
56 8 72
23 8 35
37 1 27
33 1 32
16 8 54
15 1 7
49 8 17
19 8 14
7 2 49
33 2 10
15 8 26
10 8 7
36 2 86
40 1 52
10 2 80
11 8 14
25 1 35
18 2 16
16 1 17
25 2 76
57 1 30
15 1 26
7 2 81
38 1 40
80 1 30
10 14 7
10 8 45
28 2 24
38 8 42
10 1 22
24 1 10
10 2 11
27 8 37
55 2 22
50 1 30
32 1 25
22 8 25
7 2 54
18 8 54
22 2 55
45 1 10
27 1 15
37 1 108
4 2 5
30 8 57
34 2 32
30 8 80
14 1 19
7 8 15
35 8 25
49 2 10
30 8 52
37 1 25
55 8 25
56 2 40
25 8 31
40 8 73
85 2 37
45 2 73
25 8 49
23 8 24
7 7 10
7 8 14
30 8 49
31 1 30
28 2 22
48 1 3
81 8 10
76 2 25
26 8 15
25 1 29
35 1 33
54 2 7
40 1 36
30 1 10
54 8 73
30 1 29
37 2 20
54 1 18
17 8 27
40 1 53
6 2 45
23 1 34
15 2 17
24 8 30
31 1 25
34 8 33
17 1 10
81 1 25
15 8 16
45 1 12
25 8 37
12 1 10
27 2 63
26 1 30
49 1 30
17 2 15
7 2 14
84 8 85
86 1 85
52 1 25
10 2 81
24 1 7
42 1 31
17 1 14
84 2 31
30 8 39
28 2 7
7 2 28
25 8 81
27 1 17
10 2 26
30 1 22
3 8 48
10 11 7
40 2 56
15 1 49
72 1 56
7 2 33
40 2 54
56 1 25
28 8 30
39 1 30
32 1 30
34 1 25
7 2 80
30 8 34
14 8 15
35 1 7
31 8 85
2 2 1
7 11 10
40 2 20
73 13 36
7 8 10
7 1 23
17 1 12
63 2 27
12 2 7
23 2 10
33 8 24
73 2 45
35 1 23
10 8 12
2 8 3
14 2 10
30 1 7
25 1 7
35 2 22
14 1 7
37 1 72
36 6 45
22 2 10
38 2 31
52 8 40
22 2 28
63 8 37
36 1 30
24 8 25
7 2 12
80 2 7
27 2 53
7 1 10
39 8 40
30 1 28
23 8 10
85 1 26
7 4 10
50 2 31
22 8 7
25 8 32
42 1 38
6 1 4
37 1 52
12 1 13
10 1 28
16 8 20
85 1 31
37 1 57
17 8 26
49 8 15
48 1 45
25 8 80
85 8 86
37 8 45
10 1 80
72 2 57
50 8 51
1 2 2
51 1 50
57 8 37
24 1 33
37 8 30
14 2 7
15 8 27
7 1 80
22 2 35
15 8 18
6 2 3
86 8 40
1 8 3
40 1 86
27 8 40
26 1 17
51 1 49
80 1 25
45 1 40
29 8 30
10 2 19
31 2 26
14 1 10
7 8 24
10 4 7
26 8 85
24 2 28
19 2 7
25 1 24
73 1 7
48 1 73
86 1 37
25 8 57
22 8 10
73 1 40
7 2 22
6 8 48
14 8 73
45 8 48
10 2 33
20 1 16
25 1 28
22 8 30
72 8 37
12 1 65
34 8 23
3 1 2
42 2 108
108 1 37
63 1 17
86 2 36
81 2 7
53 1 51
28 8 10
37 1 63
24 1 23
7 2 23
17 1 26
3 1 1
30 8 32
81 1 30
40 1 27
27 2 57
20 2 10
49 2 31
65 2 10
26 8 17
7 5 10
26 1 25
33 8 35
7 12 10
49 1 17
10 2 14
30 1 55
13 2 10
76 8 37
45 1 20
45 1 14
13 8 12
81 8 7
17 1 7
28 2 29
10 2 49
28 2 10
3 2 6
25 8 52
36 6 73
15 8 49
30 8 81
80 8 10
51 2 37
28 8 7
10 5 7
7 2 26
19 2 10
85 1 84
22 2 29
14 8 17
73 1 14
55 2 28
42 8 37
7 1 81
35 1 10
45 2 6
4 8 6
10 1 33
30 8 56
26 2 10
65 8 12
7 8 30
10 8 14
7 1 22
10 12 7
53 1 37
84 1 25
5 2 4
49 8 51
10 8 30
32 8 23
10 8 25
56 1 30
17 8 63
25 8 84
56 8 108
17 1 49
15 1 14
53 2 27
23 1 32
14 1 11
12 2 10
26 1 15
30 8 26
30 8 36
31 2 84
32 2 34
10 2 20
7 8 25
55 8 30
10 1 7
30 8 31
25 8 56
7 8 17
49 1 15
36 1 25
20 8 45
10 2 23
76 1 7
11 2 10
25 1 10
12 8 17
37 1 42
108 2 42
17 8 16
10 2 28
37 2 85
37 8 53
7 2 19
40 1 39
7 2 11
40 8 38
53 8 40
73 1 54
29 2 28
45 1 37
20 2 40
? 1 github_cpp_program_data/19/20.cpp

18 1 15
73 8 48
40 1 42
10 8 24
18 8 20
10 1 81
54 1 16
22 2 7
25 1 22
31 2 62
75 2 6
49 1 25
81 2 10
87 2 75
52 8 37
87 2 45
54 2 40
29 8 25
27 2 108
10 8 17
57 8 40
48 1 6
27 2 72
15 1 10
30 8 52
7 8 12
15 1 12
30 1 24
108 8 37
16 2 18
7 1 28
12 8 45
40 8 45
73 1 20
108 1 56
57 1 25
80 8 7
68 2 62
40 8 72
28 8 25
6 2 75
57 2 27
7 8 73
34 1 30
25 8 26
10 2 12
72 1 40
40 8 43
34 8 23
7 8 35
80 2 10
6 1 5
64 2 42
37 8 41
68 8 64
12 8 15
63 2 27
46 1 7
30 1 35
37 8 62
10 7 7
41 1 40
28 2 55
62 8 64
5 8 6
37 1 64
10 8 15
33 1 34
54 8 45
25 1 55
10 2 22
12 8 87
41 1 37
20 2 37
12 1 7
52 1 30
18 1 17
52 2 57
37 1 27
33 1 32
16 8 54
15 1 7
49 8 17
22 2 29
7 2 49
10 8 7
40 1 52
64 1 31
42 1 56
10 2 80
43 1 40
64 1 68
18 2 16
16 1 17
57 1 30
15 1 26
7 2 81
38 1 40
64 1 38
10 8 45
38 8 42
63 8 40
20 1 18
33 2 7
10 2 11
27 8 37
55 2 22
45 1 40
32 1 25
22 8 25
7 2 54
18 8 54
81 2 7
45 1 10
37 1 108
4 2 5
10 2 49
10 8 14
7 8 15
87 1 12
49 2 10
10 2 13
55 8 25
56 2 40
25 8 31
57 2 52
75 2 87
31 2 38
45 2 73
37 8 73
40 8 108
43 2 62
7 8 14
62 1 37
30 8 49
72 2 27
31 1 30
48 1 3
81 8 10
52 2 27
22 2 10
35 1 33
54 2 7
30 1 10
38 2 56
10 8 30
30 1 29
37 2 20
54 1 18
17 8 27
23 1 34
40 1 64
24 8 30
31 1 25
34 8 33
17 1 10
11 8 14
48 1 45
81 1 25
15 8 16
45 1 12
45 1 7
12 1 10
27 2 63
26 1 30
49 2 7
49 1 30
27 2 52
62 8 42
52 1 25
24 1 7
7 8 46
17 1 14
31 8 72
28 2 7
20 8 87
7 2 28
24 8 25
25 8 49
54 2 37
48 1 75
10 2 26
30 1 22
32 8 33
10 11 7
64 1 62
4 8 6
7 2 33
40 2 54
56 1 25
28 8 30
12 8 73
7 2 80
30 8 34
14 8 15
35 1 7
27 1 15
2 2 1
7 11 10
7 8 10
17 1 12
72 1 31
52 2 63
40 8 41
12 2 7
23 2 10
64 1 41
73 2 45
7 7 10
10 8 12
2 8 3
14 2 10
30 1 7
68 1 42
25 1 7
63 1 15
40 1 63
14 1 7
37 1 63
10 2 54
25 1 29
7 8 45
38 2 31
52 8 40
63 8 37
10 2 81
62 1 40
35 8 30
7 2 12
31 8 64
7 1 10
87 1 7
56 2 38
30 1 28
87 1 20
62 2 43
46 8 75
25 8 32
42 1 38
6 1 4
37 1 52
75 1 46
24 1 10
45 2 87
37 1 57
49 8 15
56 8 42
25 8 80
80 2 7
16 1 15
20 8 73
37 8 45
55 8 30
55 2 28
1 2 2
63 2 52
57 8 37
30 8 31
25 8 56
62 2 31
14 2 7
15 8 27
7 1 80
17 8 18
15 8 18
64 8 37
25 8 81
1 8 3
27 8 40
63 2 57
80 1 25
29 8 30
56 2 62
43 8 42
13 8 14
14 1 10
7 8 24
10 4 7
25 1 24
73 1 7
48 1 73
25 8 57
22 8 10
23 8 24
37 8 38
7 2 22
6 8 48
45 8 48
20 1 16
25 1 28
22 8 30
72 8 37
38 1 37
15 8 63
7 2 14
3 1 2
38 2 41
40 2 56
63 1 17
22 2 55
37 1 72
41 8 64
24 1 23
7 2 23
17 1 26
3 1 1
16 8 20
81 1 30
40 1 27
27 2 57
62 2 56
48 1 87
42 8 68
26 8 17
7 5 10
26 1 25
33 8 35
7 12 10
64 8 40
10 2 14
30 1 55
13 2 10
40 8 62
57 2 63
7 8 87
81 8 7
7 14 10
17 1 7
40 1 57
28 2 29
30 8 57
28 2 10
27 1 17
3 2 6
25 8 52
42 1 43
30 8 81
80 8 10
28 8 7
31 2 40
7 2 26
10 1 22
54 2 10
34 2 32
14 8 17
40 2 31
3 8 48
7 2 20
42 8 37
7 1 81
75 8 48
23 2 7
15 1 49
26 8 15
30 8 56
26 2 10
17 8 16
37 2 54
7 8 30
42 1 62
10 12 7
14 1 13
10 5 7
73 1 37
5 2 4
45 1 54
32 8 23
29 2 22
62 2 68
10 8 25
56 1 30
17 8 63
7 4 10
56 8 108
17 1 49
15 1 14
23 1 32
87 8 48
12 2 10
108 1 40
30 8 26
32 2 34
42 2 64
7 8 25
10 1 80
10 1 7
20 2 7
41 2 38
7 8 17
26 2 7
10 14 7
10 2 23
11 2 10
25 1 10
38 8 64
108 2 27
37 1 42
6 2 3
10 2 28
42 8 40
40 8 38
73 1 12
12 8 17
29 2 28
45 1 37
14 1 11
? 1 github_cpp_program_data/19/22.cpp

119 1 33
18 1 15
73 8 48
40 1 42
25 8 36
10 8 24
49 2 7
10 1 81
26 2 7
45 13 36
40 8 45
22 2 7
25 1 22
53 8 37
31 8 51
49 1 25
81 2 10
40 1 108
32 8 33
33 2 7
31 8 42
29 8 25
42 2 72
84 2 56
36 2 53
10 8 17
51 8 53
48 1 6
37 2 56
15 1 10
30 8 52
26 2 31
15 1 12
30 1 24
51 1 31
27 2 63
15 1 33
7 1 28
12 8 45
54 1 16
7 2 33
57 1 25
80 8 7
28 8 25
86 1 40
25 1 10
36 8 40
7 8 73
34 1 30
51 1 56
55 2 28
52 2 42
53 2 36
24 2 22
10 2 12
7 8 12
7 2 19
7 8 35
80 2 10
6 1 5
33 8 17
33 8 10
56 8 85
63 2 52
23 8 7
12 8 15
23 2 7
53 1 40
29 2 22
26 2 56
28 2 55
56 2 37
62 8 64
5 8 6
57 2 63
40 1 36
11 2 7
10 8 15
10 1 23
56 2 62
33 1 34
37 8 108
25 1 55
10 2 22
35 2 22
31 2 50
10 2 65
52 8 37
20 2 37
12 1 7
57 2 27
10 8 35
23 8 17
56 8 72
23 8 35
37 1 27
35 2 28
33 1 32
16 8 54
15 1 7
49 8 17
19 8 14
7 2 49
33 2 10
15 8 26
10 8 7
7 2 23
40 1 52
22 2 24
57 2 53
1 2 2
10 2 80
11 8 14
25 1 35
18 2 16
16 1 17
57 1 30
15 1 26
7 2 81
108 8 40
10 14 7
10 8 45
28 2 24
38 8 42
63 8 40
24 1 10
10 2 11
27 8 37
40 2 85
55 2 22
50 2 56
45 1 40
32 1 25
22 8 25
25 8 50
18 8 54
81 2 7
45 1 10
4 2 5
30 8 57
31 2 37
34 2 32
85 2 40
30 8 80
14 1 19
7 8 15
35 8 25
56 2 50
49 2 10
10 2 13
55 8 25
6 2 3
72 2 42
25 8 31
40 8 53
31 2 38
45 2 73
37 8 73
63 2 53
37 1 86
7 7 10
7 8 14
64 2 108
84 1 25
30 8 49
37 1 39
56 8 64
28 2 35
31 1 30
28 2 22
48 1 3
81 8 10
26 8 15
52 2 27
22 2 10
54 2 7
33 8 15
30 1 10
54 8 73
30 1 29
37 2 20
54 1 18
17 8 27
40 1 53
23 1 34
15 2 17
40 1 64
24 8 30
31 1 25
34 8 33
17 1 10
81 1 25
15 8 16
45 1 12
12 1 10
16 2 18
26 1 30
49 1 30
64 1 56
33 8 7
36 2 57
56 2 84
27 2 52
7 2 14
84 8 85
86 1 85
52 1 25
24 1 7
26 8 85
17 1 14
85 1 56
30 8 39
28 2 7
17 1 23
7 2 28
35 8 30
25 8 49
54 2 37
27 1 17
30 1 22
40 2 51
3 8 48
10 11 7
64 1 62
4 8 6
72 1 56
119 8 30
56 1 25
28 8 30
26 1 15
32 1 30
34 1 25
108 2 64
7 2 80
30 8 34
14 8 15
35 1 7
27 1 15
2 2 1
7 11 10
40 2 20
7 8 10
7 1 23
17 1 12
37 1 53
52 2 63
63 2 27
38 1 40
12 2 7
27 2 86
23 2 10
33 8 24
73 2 45
35 1 23
10 8 12
2 8 3
14 2 10
30 1 7
25 1 7
63 1 15
40 1 63
14 1 7
37 1 72
37 2 31
53 2 57
25 1 29
38 2 31
52 8 40
22 2 28
63 8 37
10 2 81
62 1 40
24 8 25
7 2 12
80 2 7
17 2 15
7 1 10
30 1 28
23 8 10
85 1 26
7 4 10
50 2 31
22 8 7
25 8 32
42 1 38
6 1 4
37 1 52
12 1 13
72 1 37
10 1 28
16 8 20
7 1 33
51 1 26
37 1 57
86 2 39
17 8 26
49 8 15
48 1 45
25 8 80
56 2 26
85 8 86
37 8 45
10 1 80
50 8 51
7 8 30
51 1 50
39 8 37
45 2 3
57 8 37
30 8 31
25 8 56
14 2 7
15 8 27
7 1 80
22 2 35
15 8 18
25 8 81
1 8 3
7 2 11
27 8 40
26 1 17
63 2 57
80 1 25
42 2 52
29 8 30
10 2 19
10 1 22
31 2 26
14 1 10
7 8 24
10 4 7
42 1 31
24 2 28
19 2 7
25 1 24
73 1 7
48 1 73
25 8 57
22 8 10
23 8 24
37 8 38
7 2 22
6 8 48
14 8 73
45 8 48
10 2 33
20 1 16
25 1 28
22 8 30
7 2 54
72 8 37
12 1 65
15 8 63
16 1 15
108 1 37
25 8 34
63 1 17
22 2 55
53 1 51
28 8 10
37 1 63
24 1 23
33 8 119
17 1 26
3 1 1
30 8 32
81 1 30
73 13 39
40 1 27
27 2 57
20 2 10
62 2 56
65 2 10
40 8 86
26 8 17
7 5 10
86 2 27
3 1 2
7 12 10
36 8 37
64 8 40
10 2 14
30 1 55
39 6 73
13 2 10
40 8 62
45 1 20
13 8 12
81 8 7
64 2 42
7 14 10
17 1 7
40 1 57
86 8 37
56 8 51
10 2 49
28 2 10
3 2 6
57 2 36
25 8 52
34 8 23
53 2 63
30 8 81
80 8 10
51 2 37
28 8 7
10 5 7
7 2 26
57 8 40
19 2 10
85 1 84
22 2 29
52 1 30
14 8 17
73 1 14
108 1 31
17 1 33
10 7 7
42 8 37
7 1 81
35 1 10
15 1 49
10 1 33
30 8 56
80 1 30
65 8 12
37 2 54
30 1 35
10 8 14
7 1 22
10 12 7
53 1 37
73 1 37
5 2 4
39 2 86
10 8 30
37 8 72
32 8 23
50 1 25
3 2 45
10 8 25
30 1 119
56 1 30
17 8 63
25 8 84
17 1 49
15 1 14
23 1 32
14 1 11
12 2 10
39 1 30
30 8 26
26 8 51
10 2 20
42 2 64
7 8 25
55 8 30
10 1 7
24 1 33
7 8 17
36 6 45
36 1 25
20 8 45
10 2 23
51 2 40
11 2 10
38 1 37
12 8 17
37 1 42
17 8 16
10 2 28
28 2 29
37 8 53
42 8 40
32 2 34
40 8 38
31 8 108
37 1 36
53 8 40
73 1 54
29 2 28
45 1 37
20 2 40
37 2 51
? 1 github_cpp_program_data/19/24.cpp

10 8 24
49 2 7
10 1 81
22 2 7
25 1 22
53 8 37
31 2 62
31 8 51
49 1 25
81 2 10
30 1 35
52 8 37
33 2 7
29 8 25
42 2 72
84 2 56
10 8 17
51 8 53
15 1 10
30 8 52
30 1 24
51 1 31
27 2 63
7 1 28
12 8 45
7 2 33
57 1 25
80 8 7
40 8 72
28 8 25
25 1 10
7 7 10
51 1 56
25 8 26
52 2 42
24 2 22
31 2 49
10 2 12
72 1 40
34 8 23
7 8 35
80 2 10
7 2 23
50 2 56
56 8 85
30 8 50
46 1 7
53 1 40
29 2 22
10 7 7
26 2 56
28 2 55
62 8 64
37 2 51
37 1 64
10 8 15
10 1 23
33 1 34
25 1 55
10 2 22
35 2 22
31 2 50
10 8 35
52 1 30
52 2 57
23 8 35
37 1 27
35 2 28
15 1 7
49 8 17
20 2 7
7 2 49
33 2 10
85 2 37
10 8 7
40 1 52
64 1 31
22 2 24
57 2 53
42 1 56
10 2 80
25 1 35
20 2 37
57 1 30
15 1 26
7 2 81
80 1 30
28 2 24
38 8 42
10 1 22
75 1 46
24 1 10
27 8 37
55 2 22
50 1 30
32 1 25
22 8 25
25 8 50
22 2 55
10 2 49
30 8 80
10 8 14
7 8 15
35 8 25
56 2 50
49 2 10
55 8 25
7 8 30
25 8 31
57 2 52
40 8 53
37 8 86
15 8 26
23 8 24
37 1 86
7 8 14
30 8 49
23 1 32
48 1 3
81 8 10
25 1 29
35 1 33
30 1 10
38 2 56
52 2 53
31 1 30
30 1 29
17 8 27
23 1 34
15 2 17
24 8 30
31 1 25
34 8 33
57 2 64
48 1 45
81 1 25
45 1 12
45 1 7
12 1 10
31 8 72
25 1 7
49 1 30
17 2 15
56 2 84
27 2 52
84 8 85
86 1 85
64 2 57
24 1 7
7 8 46
26 8 85
49 8 15
85 1 56
28 2 7
17 1 10
7 2 28
35 8 30
25 8 49
48 1 75
10 2 26
30 1 22
40 2 51
3 8 48
10 11 7
64 1 62
15 1 49
56 1 25
52 1 25
28 8 30
26 1 15
32 1 30
34 1 25
7 2 80
53 2 52
14 8 15
35 1 7
27 1 15
2 2 1
7 11 10
7 8 10
17 1 12
37 1 53
52 2 63
75 2 45
63 2 27
12 2 7
23 2 10
33 8 24
35 1 23
10 8 12
2 8 3
14 2 10
30 1 7
26 1 30
14 1 7
37 1 72
30 8 26
22 2 10
7 8 45
52 8 40
63 8 37
10 2 81
62 1 40
24 8 25
7 2 12
31 8 64
7 1 10
56 2 38
30 1 28
23 8 10
85 1 26
46 8 75
50 2 31
25 8 32
42 1 38
63 2 57
37 1 52
10 1 28
57 2 86
51 1 26
37 1 57
17 8 26
45 1 20
56 8 42
25 8 80
56 2 26
85 8 86
37 8 45
10 1 80
50 8 51
1 2 2
51 1 50
57 8 37
24 1 33
25 8 56
62 2 31
14 2 7
15 8 27
7 1 80
22 2 35
7 4 10
64 8 37
25 8 81
1 8 3
26 1 17
51 1 49
80 1 25
42 2 52
29 8 30
14 1 10
7 8 24
10 4 7
10 14 7
24 2 28
25 1 24
86 1 37
25 8 57
22 8 10
26 8 17
37 8 38
7 2 22
28 2 35
45 8 48
10 2 33
37 2 20
25 1 28
22 8 30
72 8 37
72 2 42
7 2 14
33 8 35
63 1 17
81 2 7
53 1 51
28 8 10
37 1 63
24 1 23
17 1 26
3 1 1
30 8 32
81 1 30
63 2 52
49 2 31
80 2 7
7 5 10
26 1 25
3 1 2
7 12 10
10 2 14
30 1 55
40 8 62
57 2 63
81 8 7
7 14 10
17 1 7
40 1 57
86 2 57
86 8 37
56 8 51
30 8 57
28 2 10
27 1 17
25 8 52
15 8 49
30 8 81
80 8 10
51 2 37
28 8 7
31 2 40
7 2 26
57 8 40
85 1 84
22 2 29
40 2 31
55 2 28
7 2 20
42 8 37
7 1 81
75 8 48
35 1 10
23 2 7
26 8 15
30 8 56
26 2 10
25 8 34
45 2 75
10 12 7
10 5 7
53 1 37
84 1 25
49 8 51
3 2 75
10 8 30
32 8 23
50 1 25
10 8 25
56 1 30
17 8 63
25 8 84
17 1 49
15 1 14
72 1 31
52 2 27
12 2 10
53 2 57
26 8 51
7 8 25
55 8 30
10 1 7
30 8 31
75 2 3
7 8 17
49 1 15
26 2 7
20 8 45
10 2 23
51 2 40
38 1 37
37 1 42
10 2 28
37 2 85
28 2 29
37 8 53
12 8 17
29 2 28
45 1 37
? 1 github_cpp_program_data/19/31.cpp

18 1 15
40 1 42
10 8 24
18 8 20
19 2 11
10 1 81
45 13 36
108 1 56
22 2 7
25 1 22
20 2 40
81 2 10
46 1 40
52 8 37
7 2 26
31 8 42
29 8 25
19 8 12
11 8 12
10 8 17
46 8 48
48 1 6
52 2 72
15 1 10
30 8 52
108 2 63
15 1 12
30 1 24
19 2 10
108 8 37
99 2 37
16 2 18
7 1 28
12 8 45
54 1 16
7 2 33
57 1 25
80 8 7
54 8 74
10 8 74
40 8 72
28 8 25
30 8 49
73 8 40
36 8 40
7 8 73
24 2 35
34 1 30
25 8 26
52 2 42
57 2 72
46 2 6
10 2 12
72 1 40
20 2 10
16 1 15
7 8 35
80 2 10
6 1 5
12 8 15
74 1 54
23 2 7
30 1 35
37 8 62
10 7 7
35 2 24
14 8 45
28 2 55
62 8 64
42 2 36
10 2 19
5 8 6
56 8 64
45 2 74
10 8 15
28 2 121
33 1 34
25 1 55
10 2 22
33 2 7
121 2 22
28 2 22
10 2 65
32 8 33
20 2 37
12 1 7
57 2 27
10 8 35
52 1 30
18 1 17
52 2 57
56 8 72
23 8 35
37 1 27
35 2 28
80 2 22
16 8 54
15 1 7
49 8 17
36 2 42
20 2 7
74 1 40
7 2 49
33 2 10
10 8 7
90 1 10
20 8 90
40 1 52
33 8 121
22 2 24
10 2 80
11 8 14
25 1 35
18 2 16
16 1 17
27 2 108
57 1 30
15 1 26
7 2 81
121 2 28
33 1 32
80 8 25
14 1 65
28 2 24
42 2 27
38 8 42
10 1 22
20 1 18
24 1 10
10 2 11
27 8 37
55 2 22
52 2 64
45 1 40
52 2 108
32 1 25
22 8 25
57 2 108
7 2 54
18 8 54
22 2 55
65 8 14
37 1 108
45 1 14
30 8 57
40 1 73
90 1 37
30 8 80
10 8 14
7 8 15
35 8 25
49 2 10
10 2 13
55 8 25
7 8 30
56 2 40
25 8 31
57 2 52
24 8 99
73 2 45
31 2 38
45 8 40
37 8 73
40 8 108
62 1 37
7 8 12
37 1 39
28 2 35
23 1 32
81 2 22
48 1 3
81 8 10
25 1 29
35 1 33
54 2 7
40 1 36
30 1 10
40 2 10
48 1 46
54 8 73
31 1 30
30 1 29
37 2 20
54 1 18
17 8 27
23 1 34
15 2 17
40 1 64
24 8 30
31 1 25
34 8 33
17 1 10
81 1 25
15 8 16
45 1 12
22 2 80
45 1 7
12 1 10
27 2 63
26 8 17
49 2 7
10 2 54
64 1 56
17 2 15
30 8 31
36 2 57
108 1 40
52 1 25
10 2 81
39 1 25
24 1 7
42 1 31
17 1 14
49 1 30
31 8 72
30 8 39
28 2 7
11 2 19
7 2 28
35 8 30
25 8 81
37 2 99
27 1 17
74 8 40
10 2 26
30 1 22
3 8 48
10 11 7
64 1 62
4 8 6
72 1 56
40 8 45
40 2 54
56 1 25
28 8 30
39 1 30
23 8 119
121 8 25
7 2 80
30 8 34
119 2 22
14 8 15
35 1 7
27 1 15
2 2 1
7 11 10
40 2 20
72 2 52
7 8 10
17 1 12
63 2 27
12 2 7
23 2 10
90 1 99
33 8 24
12 2 10
35 1 23
10 8 12
2 8 3
14 2 10
30 1 7
108 2 57
25 1 7
35 2 22
40 8 74
37 2 31
40 8 46
22 2 10
7 8 45
38 2 31
52 8 40
22 2 28
63 8 37
36 1 30
24 8 25
7 2 12
7 7 10
45 2 73
7 1 10
30 1 28
10 8 46
31 2 37
65 2 13
72 8 40
22 8 7
25 8 32
42 1 38
6 1 4
54 2 37
37 1 52
12 1 13
72 1 37
10 1 28
22 2 121
22 2 81
28 2 119
37 1 57
49 8 15
25 8 80
37 8 45
10 1 80
72 2 57
55 2 28
1 2 2
10 12 7
39 8 37
57 8 37
10 2 20
25 8 56
14 2 7
15 8 27
7 1 80
40 1 72
17 8 18
15 8 18
6 2 3
24 2 22
108 2 52
1 8 3
27 8 40
40 1 45
80 1 25
42 2 52
39 2 108
29 8 30
10 8 90
56 2 62
10 2 40
13 8 14
14 1 10
7 8 24
10 4 7
10 14 7
24 2 28
25 1 24
73 1 7
25 8 57
22 8 10
23 8 24
37 8 38
7 2 22
6 8 48
14 8 73
10 2 33
20 1 16
25 1 28
22 8 30
90 8 40
25 1 10
34 8 23
33 8 35
40 2 56
35 8 99
63 1 17
81 2 7
26 2 10
28 8 10
64 2 52
37 1 63
108 2 27
24 1 23
7 2 23
119 2 28
17 1 26
3 1 1
16 8 20
81 1 30
73 13 39
40 1 27
27 2 57
119 8 25
62 2 56
99 1 24
65 2 10
80 2 7
7 5 10
26 1 25
3 1 2
7 12 10
36 8 37
64 8 40
10 2 14
30 1 55
13 2 65
39 6 73
13 2 10
45 1 20
4 2 5
10 2 28
74 2 90
81 8 7
7 14 10
17 1 7
99 8 90
81 8 25
28 2 29
10 2 49
28 2 10
3 2 6
57 2 36
25 8 52
99 2 20
80 8 10
28 8 7
63 2 108
31 2 40
54 2 40
57 8 40
54 2 10
40 1 90
22 2 29
46 1 10
14 8 17
73 1 14
40 2 31
108 1 31
7 2 20
7 1 81
37 8 90
35 1 10
15 1 49
26 8 15
30 8 56
108 2 39
80 1 30
17 8 16
37 2 54
25 1 121
25 1 119
40 1 57
7 1 22
121 1 33
14 1 13
10 5 7
73 1 37
5 2 4
10 8 30
37 8 72
25 1 81
32 8 23
29 2 22
12 1 11
10 8 25
56 1 30
17 8 63
7 4 10
56 8 108
17 1 49
15 1 14
40 1 74
72 1 31
14 1 11
99 1 35
119 1 23
74 1 10
25 8 39
30 8 36
22 2 119
25 1 80
7 8 25
6 2 46
55 8 30
10 1 7
24 1 33
74 2 45
7 8 17
36 6 45
12 1 19
26 2 7
20 8 45
10 2 23
11 2 10
38 1 37
7 2 14
12 8 17
90 1 20
13 8 12
20 2 99
42 8 40
90 2 74
22 2 35
30 8 81
31 8 108
37 1 36
73 1 54
29 2 28
45 1 37
27 2 42
? 1 github_cpp_program_data/19/32.cpp

14 8 15
18 1 15
73 8 48
15 1 14
7 11 10
85 2 37
10 8 24
49 2 7
10 1 81
17 1 12
54 1 16
22 2 7
25 1 22
53 8 37
56 2 49
37 1 125
31 8 51
49 1 25
26 2 31
22 2 10
52 8 37
23 2 10
29 8 25
10 8 73
84 2 56
14 2 10
10 8 17
30 1 7
7 2 13
26 1 30
15 1 10
30 8 52
49 8 85
40 1 63
14 1 7
15 1 12
30 1 24
25 1 29
51 1 31
22 8 25
22 2 28
49 8 15
10 2 81
17 1 14
12 8 45
35 8 30
26 1 17
80 2 7
45 2 73
80 8 7
73 1 40
17 2 15
7 1 10
86 2 63
28 8 25
30 1 28
53 1 40
37 1 53
7 7 10
55 2 28
56 2 84
50 2 31
25 8 32
37 1 52
10 2 12
12 1 13
31 2 50
20 2 10
16 1 15
24 1 10
40 1 126
80 2 10
51 1 26
80 1 25
17 8 26
56 8 85
48 1 45
25 8 80
54 2 10
12 8 15
37 8 45
55 8 30
37 2 51
50 8 51
30 1 35
51 1 50
29 2 22
28 2 55
10 2 20
40 8 73
37 2 20
14 2 7
7 1 80
22 2 35
15 8 18
23 1 32
86 8 40
10 8 15
126 8 40
33 1 34
10 4 7
40 1 86
25 1 55
85 8 53
86 1 40
35 2 22
28 2 22
29 8 30
86 1 51
12 1 7
10 8 35
31 2 26
14 1 10
37 1 27
10 14 7
16 8 54
15 1 7
49 8 17
48 1 73
86 1 37
40 8 86
22 2 55
33 2 10
86 8 37
23 8 24
7 2 22
14 8 73
45 8 48
10 2 33
20 1 16
25 1 28
22 8 30
10 2 54
15 8 63
11 8 14
18 8 54
81 2 10
16 1 17
30 8 56
85 2 40
57 1 30
15 1 26
7 2 81
26 2 10
24 2 28
24 1 23
10 8 45
28 2 24
17 1 26
7 4 10
63 8 40
16 8 20
81 1 30
53 1 85
27 8 37
40 2 85
55 2 22
51 2 40
32 1 25
26 8 17
7 5 10
25 8 50
33 8 35
81 2 7
10 2 14
30 1 55
45 1 10
20 2 37
30 8 57
45 1 20
30 8 26
7 2 49
81 8 7
30 8 80
7 14 10
17 1 7
10 8 14
7 8 15
85 1 49
28 2 10
11 2 7
18 2 16
63 2 86
55 8 25
7 8 30
63 1 15
73 2 45
30 8 81
80 8 10
51 2 37
86 2 52
37 8 86
15 8 26
54 2 40
25 8 49
57 8 40
10 8 7
37 1 86
85 1 84
22 2 29
14 8 17
7 8 14
73 1 14
7 8 12
52 2 86
10 7 7
53 2 57
28 2 29
31 1 30
7 1 81
35 1 10
52 1 30
81 8 10
10 2 22
15 1 49
26 8 15
40 1 57
52 2 27
80 1 30
35 1 33
17 8 16
25 8 34
10 2 28
30 1 10
52 2 53
10 12 7
54 8 73
30 1 29
53 1 37
54 1 18
57 2 53
17 8 27
40 1 53
10 8 30
15 2 17
32 8 23
50 1 25
24 8 30
10 8 25
34 8 33
17 1 10
81 1 25
15 8 16
17 1 49
45 1 12
14 1 11
12 2 10
25 1 7
125 8 37
16 2 18
10 2 80
26 8 51
13 2 7
7 8 25
27 2 52
7 2 14
84 8 85
51 8 86
10 1 80
30 8 31
7 8 17
84 1 30
20 8 45
10 2 23
85 1 56
25 1 10
30 8 84
28 2 7
73 1 54
56 1 30
7 2 28
25 8 81
29 2 28
13 8 12
37 2 85
27 1 17
10 2 26
30 1 22
40 2 51
10 11 7
37 8 53
49 2 56
40 2 54
7 2 11
28 8 30
26 1 15
73 1 10
53 8 40
34 1 25
12 8 17
7 2 80
45 1 37
53 2 52
40 8 53
? 1 github_cpp_program_data/19/36.cpp

14 8 15
18 1 15
73 8 48
15 1 14
7 11 10
85 2 37
10 8 24
49 2 7
10 1 81
17 1 12
54 1 16
22 2 7
25 1 22
53 8 37
56 2 49
37 1 125
31 8 51
49 1 25
26 2 31
22 2 10
52 8 37
23 2 10
29 8 25
10 8 73
84 2 56
14 2 10
10 8 17
30 1 7
7 2 13
26 1 30
15 1 10
30 8 52
49 8 85
40 1 63
14 1 7
15 1 12
30 1 24
25 1 29
51 1 31
22 8 25
22 2 28
49 8 15
10 2 81
17 1 14
12 8 45
35 8 30
26 1 17
80 2 7
45 2 73
80 8 7
73 1 40
17 2 15
7 1 10
86 2 63
28 8 25
30 1 28
53 1 40
37 1 53
7 7 10
55 2 28
56 2 84
50 2 31
25 8 32
37 1 52
10 2 12
12 1 13
31 2 50
20 2 10
16 1 15
24 1 10
40 1 126
80 2 10
51 1 26
80 1 25
17 8 26
56 8 85
48 1 45
25 8 80
54 2 10
12 8 15
37 8 45
55 8 30
37 2 51
50 8 51
30 1 35
51 1 50
29 2 22
28 2 55
10 2 20
40 8 73
37 2 20
14 2 7
7 1 80
22 2 35
15 8 18
23 1 32
86 8 40
10 8 15
126 8 40
33 1 34
10 4 7
40 1 86
25 1 55
85 8 53
86 1 40
35 2 22
28 2 22
29 8 30
86 1 51
12 1 7
10 8 35
31 2 26
14 1 10
37 1 27
10 14 7
16 8 54
15 1 7
49 8 17
48 1 73
86 1 37
40 8 86
22 2 55
33 2 10
86 8 37
23 8 24
7 2 22
14 8 73
45 8 48
10 2 33
20 1 16
25 1 28
22 8 30
10 2 54
15 8 63
11 8 14
18 8 54
81 2 10
16 1 17
30 8 56
85 2 40
57 1 30
15 1 26
7 2 81
26 2 10
24 2 28
24 1 23
10 8 45
28 2 24
17 1 26
7 4 10
63 8 40
16 8 20
81 1 30
53 1 85
27 8 37
40 2 85
55 2 22
51 2 40
32 1 25
26 8 17
7 5 10
25 8 50
33 8 35
81 2 7
10 2 14
30 1 55
45 1 10
20 2 37
30 8 57
45 1 20
30 8 26
7 2 49
81 8 7
30 8 80
7 14 10
17 1 7
10 8 14
7 8 15
85 1 49
28 2 10
11 2 7
18 2 16
63 2 86
55 8 25
7 8 30
63 1 15
73 2 45
30 8 81
80 8 10
51 2 37
86 2 52
37 8 86
15 8 26
54 2 40
25 8 49
57 8 40
10 8 7
37 1 86
85 1 84
22 2 29
14 8 17
7 8 14
73 1 14
7 8 12
52 2 86
10 7 7
53 2 57
28 2 29
31 1 30
7 1 81
35 1 10
52 1 30
81 8 10
10 2 22
15 1 49
26 8 15
40 1 57
52 2 27
80 1 30
35 1 33
17 8 16
25 8 34
10 2 28
30 1 10
52 2 53
10 12 7
54 8 73
30 1 29
53 1 37
54 1 18
57 2 53
17 8 27
40 1 53
10 8 30
15 2 17
32 8 23
50 1 25
24 8 30
10 8 25
34 8 33
17 1 10
81 1 25
15 8 16
17 1 49
45 1 12
14 1 11
12 2 10
25 1 7
125 8 37
16 2 18
10 2 80
26 8 51
13 2 7
7 8 25
27 2 52
7 2 14
84 8 85
51 8 86
10 1 80
30 8 31
7 8 17
84 1 30
20 8 45
10 2 23
85 1 56
25 1 10
30 8 84
28 2 7
73 1 54
56 1 30
7 2 28
25 8 81
29 2 28
13 8 12
37 2 85
27 1 17
10 2 26
30 1 22
40 2 51
10 11 7
37 8 53
49 2 56
40 2 54
7 2 11
28 8 30
26 1 15
73 1 10
53 8 40
34 1 25
12 8 17
7 2 80
45 1 37
53 2 52
40 8 53
? 1 github_cpp_program_data/19/37.cpp

18 1 15
73 8 48
25 8 36
18 8 20
10 1 81
40 8 45
22 2 7
25 1 22
40 8 73
31 2 62
20 2 40
49 1 25
81 2 10
40 1 108
52 8 37
31 8 42
29 8 25
11 8 12
10 8 17
27 2 72
15 1 10
30 8 52
108 2 63
7 8 12
15 1 12
30 1 24
108 8 37
16 2 18
17 1 14
12 8 45
54 1 16
108 1 56
57 1 25
80 8 7
28 8 25
36 8 40
7 8 73
34 1 30
25 8 26
10 2 12
30 8 49
16 1 15
7 8 35
72 2 64
7 2 23
63 2 52
12 8 15
63 2 27
23 2 7
30 1 35
37 8 62
10 7 7
41 1 40
56 2 37
62 8 64
40 1 36
11 2 7
10 8 15
10 8 73
33 1 34
25 1 55
10 2 22
12 1 7
57 2 27
18 1 17
52 2 57
37 1 27
16 8 54
15 1 7
49 8 17
14 1 11
40 1 52
64 1 31
42 1 56
10 2 80
11 8 14
25 1 35
18 2 16
16 1 17
73 1 10
15 1 26
7 2 81
108 8 40
64 1 43
10 8 45
38 8 42
63 8 40
20 1 18
30 8 34
10 2 11
27 8 37
55 2 22
45 1 40
32 1 25
22 8 25
7 2 54
18 8 54
22 2 55
45 1 10
37 1 108
30 8 57
31 2 37
30 8 80
10 8 14
7 8 15
35 8 25
49 2 10
10 2 13
55 8 25
25 8 31
57 2 52
31 2 38
25 8 49
37 8 73
40 8 108
43 2 62
7 8 14
64 2 108
62 1 37
20 2 10
37 1 39
56 8 64
72 2 27
23 1 32
28 2 22
52 1 30
81 8 10
37 8 43
52 2 27
22 2 10
35 1 33
54 2 7
40 2 20
30 1 10
38 2 56
54 8 73
30 1 29
45 2 73
54 1 18
40 1 64
24 8 30
31 1 25
39 6 45
34 8 33
17 1 10
48 1 45
81 1 25
15 8 16
45 1 12
45 1 7
12 1 10
27 2 63
26 1 30
10 2 54
64 1 56
27 2 52
52 1 25
36 1 30
39 1 25
24 1 7
42 1 31
41 8 42
31 8 72
30 8 39
28 2 7
43 8 64
7 2 28
24 8 25
25 8 81
63 1 17
54 2 37
10 2 26
30 1 22
10 11 7
64 1 62
7 2 33
40 2 54
28 8 30
39 1 30
57 1 30
32 1 30
12 8 73
34 1 25
108 2 64
7 2 80
14 8 15
35 1 7
27 1 15
7 11 10
7 8 10
17 1 12
40 8 41
12 2 7
63 2 72
73 2 45
7 7 10
10 8 12
14 2 10
33 2 7
25 1 7
40 1 63
14 1 7
37 2 31
49 1 30
25 1 29
7 8 45
38 2 31
52 8 40
22 2 28
63 8 37
10 2 81
62 1 40
35 8 30
7 2 12
31 8 64
52 2 63
56 2 38
30 1 28
62 2 43
72 8 40
25 8 32
42 1 38
63 2 57
37 1 52
12 1 13
72 1 37
16 8 20
37 1 57
45 1 20
56 8 42
25 8 80
55 8 30
55 2 28
7 8 30
13 2 7
39 8 37
57 8 37
10 2 20
62 2 31
14 2 7
15 8 27
7 1 80
40 1 72
17 8 18
15 8 18
42 1 41
37 2 56
7 2 11
27 8 40
64 2 72
80 1 25
30 1 7
29 8 30
56 2 62
13 8 14
14 1 10
7 8 24
10 4 7
10 14 7
25 1 24
73 1 7
48 1 73
25 8 57
23 8 24
37 8 38
7 2 22
14 8 73
45 8 48
20 1 16
25 1 28
22 8 30
38 1 37
7 2 14
38 2 41
108 1 37
26 2 10
81 2 7
80 2 10
37 1 63
24 1 23
30 8 32
81 1 30
73 13 39
40 1 27
27 2 57
62 2 56
80 2 7
7 5 10
26 1 25
33 8 35
7 12 10
64 8 40
10 2 14
30 1 55
39 6 73
13 2 10
40 8 62
57 2 63
13 8 12
81 8 7
7 14 10
17 1 7
40 1 57
73 1 40
10 2 49
28 2 10
25 8 52
30 8 81
80 8 10
63 2 108
31 2 40
54 2 40
57 8 40
54 2 10
22 2 29
14 8 17
45 13 39
73 1 14
40 2 31
108 1 31
7 2 20
42 8 37
7 1 81
37 8 108
26 8 15
30 8 56
80 1 30
17 8 16
37 2 54
25 8 34
10 12 7
14 1 13
10 5 7
73 1 37
10 8 30
37 8 72
32 8 23
29 2 22
12 1 11
10 8 25
56 1 30
17 8 63
7 4 10
56 8 108
17 1 49
15 1 14
72 1 31
28 2 55
12 2 10
108 1 40
25 8 39
30 8 26
30 8 36
7 2 13
7 8 25
43 1 37
10 1 80
10 1 7
20 2 7
41 2 38
7 8 17
36 1 25
20 8 45
11 2 10
25 1 10
12 8 17
37 1 42
10 2 28
28 2 29
72 2 63
31 8 108
73 1 12
73 1 54
29 2 28
? 1 github_cpp_program_data/19/39.cpp

14 8 15
18 1 15
73 8 48
15 1 14
7 11 10
85 2 37
10 8 24
49 2 7
10 1 81
17 1 12
54 1 16
22 2 7
25 1 22
53 8 37
56 2 49
37 1 125
31 8 51
49 1 25
26 2 31
22 2 10
52 8 37
23 2 10
29 8 25
10 8 73
84 2 56
14 2 10
10 8 17
30 1 7
7 2 13
26 1 30
15 1 10
30 8 52
49 8 85
40 1 63
14 1 7
15 1 12
30 1 24
25 1 29
51 1 31
22 8 25
22 2 28
49 8 15
10 2 81
17 1 14
12 8 45
35 8 30
26 1 17
80 2 7
45 2 73
80 8 7
73 1 40
17 2 15
7 1 10
86 2 63
28 8 25
30 1 28
53 1 40
37 1 53
7 7 10
55 2 28
56 2 84
50 2 31
25 8 32
37 1 52
10 2 12
12 1 13
31 2 50
20 2 10
16 1 15
24 1 10
40 1 126
80 2 10
51 1 26
80 1 25
17 8 26
56 8 85
48 1 45
25 8 80
54 2 10
12 8 15
37 8 45
55 8 30
37 2 51
50 8 51
30 1 35
51 1 50
29 2 22
28 2 55
10 2 20
40 8 73
37 2 20
14 2 7
7 1 80
22 2 35
15 8 18
23 1 32
86 8 40
10 8 15
126 8 40
33 1 34
10 4 7
40 1 86
25 1 55
85 8 53
86 1 40
35 2 22
28 2 22
29 8 30
86 1 51
12 1 7
10 8 35
31 2 26
14 1 10
37 1 27
10 14 7
16 8 54
15 1 7
49 8 17
48 1 73
86 1 37
40 8 86
22 2 55
33 2 10
86 8 37
23 8 24
7 2 22
14 8 73
45 8 48
10 2 33
20 1 16
25 1 28
22 8 30
10 2 54
15 8 63
11 8 14
18 8 54
81 2 10
16 1 17
30 8 56
85 2 40
57 1 30
15 1 26
7 2 81
26 2 10
24 2 28
24 1 23
10 8 45
28 2 24
17 1 26
7 4 10
63 8 40
16 8 20
81 1 30
53 1 85
27 8 37
40 2 85
55 2 22
51 2 40
32 1 25
26 8 17
7 5 10
25 8 50
33 8 35
81 2 7
10 2 14
30 1 55
45 1 10
20 2 37
30 8 57
45 1 20
30 8 26
7 2 49
81 8 7
30 8 80
7 14 10
17 1 7
10 8 14
7 8 15
85 1 49
28 2 10
11 2 7
18 2 16
63 2 86
55 8 25
7 8 30
63 1 15
73 2 45
30 8 81
80 8 10
51 2 37
86 2 52
37 8 86
15 8 26
54 2 40
25 8 49
57 8 40
10 8 7
37 1 86
85 1 84
22 2 29
14 8 17
7 8 14
73 1 14
7 8 12
52 2 86
10 7 7
53 2 57
28 2 29
31 1 30
7 1 81
35 1 10
52 1 30
81 8 10
10 2 22
15 1 49
26 8 15
40 1 57
52 2 27
80 1 30
35 1 33
17 8 16
25 8 34
10 2 28
30 1 10
52 2 53
10 12 7
54 8 73
30 1 29
53 1 37
54 1 18
57 2 53
17 8 27
40 1 53
10 8 30
15 2 17
32 8 23
50 1 25
24 8 30
10 8 25
34 8 33
17 1 10
81 1 25
15 8 16
17 1 49
45 1 12
14 1 11
12 2 10
25 1 7
125 8 37
16 2 18
10 2 80
26 8 51
13 2 7
7 8 25
27 2 52
7 2 14
84 8 85
51 8 86
10 1 80
30 8 31
7 8 17
84 1 30
20 8 45
10 2 23
85 1 56
25 1 10
30 8 84
28 2 7
73 1 54
56 1 30
7 2 28
25 8 81
29 2 28
13 8 12
37 2 85
27 1 17
10 2 26
30 1 22
40 2 51
10 11 7
37 8 53
49 2 56
40 2 54
7 2 11
28 8 30
26 1 15
73 1 10
53 8 40
34 1 25
12 8 17
7 2 80
45 1 37
53 2 52
40 8 53
? 1 github_cpp_program_data/19/4.cpp

73 8 48
40 1 42
10 8 24
10 4 7
10 1 81
40 8 45
22 2 7
25 1 22
31 8 51
49 1 25
81 2 10
76 2 1
40 1 108
32 8 33
78 8 48
31 8 42
29 8 25
42 2 72
84 2 56
27 2 45
10 8 17
51 8 53
48 1 6
1 8 3
15 1 10
30 8 52
26 2 31
15 1 12
30 1 24
51 1 31
27 2 63
17 1 14
7 2 33
57 1 25
80 8 7
26 8 17
28 8 25
86 1 40
25 1 10
36 8 40
7 8 73
25 8 26
10 2 12
76 8 78
7 8 35
80 2 10
6 1 5
64 2 42
56 8 85
12 8 15
23 2 7
30 1 35
29 2 22
45 2 27
14 8 45
56 2 37
62 8 64
5 8 6
37 2 51
56 8 64
10 8 15
33 1 34
37 8 108
25 1 55
10 2 22
33 2 7
31 2 50
52 8 37
12 1 7
10 8 35
52 1 30
52 2 57
56 8 72
37 1 27
33 1 32
15 1 7
49 8 17
33 2 10
15 8 26
40 1 52
10 2 80
57 1 30
15 1 26
14 2 10
108 8 40
26 2 10
10 8 45
28 2 24
46 8 75
63 8 40
75 1 46
24 1 10
27 8 37
40 2 85
55 2 22
77 2 76
45 1 40
30 8 49
32 1 25
22 8 25
25 8 50
81 2 7
63 8 48
108 2 64
45 1 10
45 1 14
30 8 57
31 2 37
34 2 32
48 1 78
85 2 40
30 8 80
10 8 14
7 8 15
49 2 10
7 8 76
55 8 25
6 2 3
49 8 85
57 2 52
6 2 78
31 2 38
25 8 49
37 8 73
37 1 86
7 8 14
64 2 108
84 1 25
7 8 12
31 1 30
48 1 3
81 8 10
7 2 54
52 2 27
25 1 29
35 1 33
54 2 7
40 2 20
30 1 10
52 2 53
54 8 73
30 1 29
45 2 73
17 8 27
40 1 53
15 2 17
40 1 64
24 8 30
86 1 85
34 8 33
17 1 10
81 1 25
12 8 73
12 1 10
25 1 7
49 1 30
64 1 56
17 2 15
36 2 57
56 2 84
27 2 52
84 8 85
31 1 25
52 1 25
36 1 30
24 1 7
42 1 31
85 1 56
28 2 7
7 2 28
35 8 30
25 8 81
54 2 37
48 1 75
10 2 26
30 1 22
3 8 48
10 11 7
64 1 62
15 1 49
49 2 56
56 1 25
28 8 30
26 1 15
32 1 30
34 1 25
57 2 42
7 2 80
53 2 52
14 8 15
35 1 7
27 1 15
2 2 1
7 11 10
7 8 10
17 1 12
56 2 49
75 2 78
42 2 57
63 2 27
38 1 40
12 2 7
27 2 86
23 2 10
73 2 45
10 8 12
2 8 3
7 2 81
30 1 7
26 1 30
35 2 22
63 1 15
40 1 63
14 1 7
37 2 31
36 6 45
22 2 10
38 2 31
52 8 40
10 2 81
62 1 40
24 8 25
7 2 12
7 7 10
52 2 63
30 1 28
10 8 46
48 1 63
38 8 42
50 2 31
25 8 32
42 1 38
6 1 4
37 1 52
72 1 37
51 1 26
37 1 57
48 1 27
45 1 20
48 1 45
86 8 37
85 8 86
10 1 80
50 8 51
1 2 2
51 1 50
57 8 37
10 2 20
25 8 56
14 2 7
15 8 27
7 1 80
22 2 35
7 4 10
15 1 14
37 1 42
37 2 56
80 1 25
29 8 30
75 2 27
56 2 62
31 2 26
14 1 10
7 8 24
10 14 7
24 2 28
25 1 24
73 1 7
48 1 73
27 2 75
25 8 57
23 8 24
37 8 38
7 2 22
6 8 48
45 8 48
10 2 33
25 1 28
22 8 30
86 2 27
72 8 37
72 2 42
15 8 63
7 2 14
3 1 2
108 1 37
25 8 34
63 1 17
22 2 55
53 1 51
37 1 72
24 1 23
7 2 23
17 1 26
77 8 78
3 1 1
30 8 32
81 1 30
63 2 52
20 2 10
62 2 56
40 8 86
80 2 7
7 5 10
26 1 25
33 8 35
7 12 10
64 8 40
10 2 14
30 1 55
40 8 62
49 8 15
4 2 5
81 8 7
7 14 10
17 1 7
40 1 57
25 8 80
85 1 49
10 2 49
28 2 10
27 1 17
3 2 6
57 2 36
25 8 52
15 8 49
30 8 81
80 8 10
51 2 37
45 13 36
78 1 76
10 5 7
57 8 40
85 1 84
22 2 29
46 1 10
14 8 17
108 1 31
55 2 28
27 8 48
10 7 7
42 8 37
7 1 81
75 8 48
35 1 10
78 1 77
4 8 6
26 8 15
30 8 56
80 1 30
72 1 56
37 2 54
7 8 30
10 12 7
53 1 37
73 1 37
5 2 4
10 8 30
37 8 72
32 8 23
50 1 25
10 8 25
56 1 30
17 8 63
25 8 84
17 1 49
1 2 76
23 1 32
28 2 55
12 2 10
30 8 26
30 8 36
1 8 78
26 8 51
76 2 77
42 2 64
7 8 25
55 8 30
10 1 7
30 8 31
7 8 17
49 1 15
20 8 45
10 2 23
78 2 6
76 1 7
38 1 37
12 8 17
40 1 36
78 2 75
10 2 28
28 2 29
25 8 31
37 8 53
42 8 40
32 2 34
40 8 38
31 8 108
53 8 40
73 1 12
73 1 54
29 2 28
78 1 1
20 2 40
? 1 github_cpp_program_data/19/41.cpp

73 8 48
40 1 42
25 8 36
10 8 24
49 2 7
10 1 81
31 8 85
22 2 7
25 1 22
53 8 37
31 8 51
49 1 25
81 2 10
40 1 108
52 8 37
78 8 48
29 8 25
84 2 56
3 2 78
10 8 17
51 8 53
48 1 6
1 8 3
15 1 10
7 8 76
15 1 12
30 1 24
51 1 31
27 2 63
17 1 14
26 1 17
7 2 33
57 1 25
80 8 7
14 8 17
40 8 72
28 8 25
86 1 40
30 2 28
98 1 7
7 7 10
17 8 49
51 1 56
25 8 26
31 2 49
98 1 12
10 2 12
72 1 40
30 8 49
34 8 23
7 8 35
80 2 10
6 1 5
50 2 56
56 8 85
12 8 15
23 2 7
98 8 48
30 1 35
28 2 25
45 2 63
29 2 22
10 7 7
26 2 56
5 8 6
37 2 51
63 8 48
10 8 15
10 1 23
10 8 73
33 1 34
25 1 55
10 2 22
33 2 7
31 2 50
32 8 33
12 1 7
27 2 98
52 1 30
52 2 57
23 8 35
20 2 37
33 1 32
78 1 4
49 8 17
85 1 31
20 2 7
7 2 49
33 2 10
15 8 26
10 8 7
40 1 52
42 1 56
10 2 80
12 8 98
57 1 30
15 1 26
7 2 81
108 8 40
26 2 10
4 8 78
28 2 24
15 1 7
46 8 75
75 1 46
24 1 10
75 2 78
40 2 85
55 2 22
77 2 76
86 2 53
51 2 40
52 2 108
32 1 25
22 8 25
25 8 50
81 2 7
45 1 14
30 8 57
34 2 32
48 1 78
30 8 80
10 8 14
7 8 15
35 8 25
56 2 50
49 2 10
30 8 52
75 2 98
55 8 25
7 8 30
6 2 3
49 8 85
57 2 52
36 1 25
37 8 86
85 2 37
25 8 49
37 8 73
37 1 86
40 8 108
7 8 14
7 8 12
76 2 4
31 1 30
10 2 7
28 2 22
48 1 3
81 8 10
25 1 29
30 1 10
38 2 56
48 1 98
54 8 73
30 1 29
45 2 73
14 2 19
17 8 27
23 1 34
15 2 17
98 2 75
24 8 30
86 1 85
34 8 33
17 1 10
48 1 45
81 1 25
52 2 72
45 1 7
12 1 10
31 8 72
26 1 30
49 1 30
17 2 15
36 2 57
56 2 84
84 8 85
31 1 25
52 1 25
24 1 7
25 1 35
84 1 30
26 8 85
84 2 31
85 1 56
30 8 84
28 2 7
7 2 28
35 8 30
25 8 81
54 2 37
48 1 75
10 2 26
30 1 22
40 2 51
3 8 48
10 11 7
4 8 6
49 2 56
28 8 30
28 8 52
73 1 10
32 1 30
34 1 25
57 2 42
7 2 80
14 8 15
35 1 7
27 1 15
2 2 1
7 11 10
7 8 10
17 1 12
72 1 31
37 1 53
56 2 49
42 2 57
63 2 27
12 2 7
63 2 45
23 2 10
33 8 24
73 2 45
35 1 23
10 8 12
2 8 3
14 2 10
30 1 7
25 1 7
63 1 15
14 1 7
10 2 54
22 2 10
7 8 45
52 8 40
22 2 28
10 2 81
24 8 25
7 2 12
7 1 10
56 2 38
30 1 28
10 8 46
23 8 10
48 1 63
85 1 26
38 8 42
50 2 31
22 8 7
25 8 32
42 1 38
6 1 4
37 1 52
28 2 30
10 1 28
57 2 86
37 1 57
48 1 27
17 8 26
45 1 20
56 8 42
25 8 80
56 2 26
85 8 86
37 8 45
55 8 30
50 8 51
1 2 2
51 1 50
57 8 37
30 8 31
14 2 7
15 8 27
7 1 80
7 4 10
25 2 28
108 2 52
76 8 78
108 1 40
7 8 98
51 1 49
80 1 25
4 2 76
19 2 14
29 8 30
14 1 10
7 8 24
10 4 7
10 14 7
24 2 28
25 1 24
48 1 73
86 1 37
25 8 57
26 8 17
37 8 38
7 2 22
6 8 48
14 8 73
45 8 48
10 2 33
37 2 20
25 1 28
22 8 30
72 8 37
25 1 10
15 8 63
7 2 14
85 2 40
25 8 34
63 1 17
73 13 36
22 2 55
53 1 51
28 8 10
37 1 72
7 2 23
17 1 26
77 8 78
3 1 1
30 8 32
81 1 30
49 2 31
40 8 86
80 2 7
26 1 25
3 1 2
7 12 10
36 8 37
49 1 17
10 2 14
30 1 55
78 2 3
49 8 15
4 2 5
81 8 7
7 14 10
17 1 7
40 1 57
86 2 57
86 8 37
85 1 49
10 2 49
28 2 10
27 1 17
3 2 6
57 2 36
25 8 52
36 6 73
15 8 49
30 8 81
80 8 10
51 2 37
78 1 76
31 2 40
7 2 26
57 8 40
54 2 10
85 1 84
22 2 29
46 1 10
52 1 28
73 1 14
45 1 19
40 2 31
108 1 31
55 2 28
27 8 48
7 2 20
7 1 81
75 8 48
98 2 27
78 1 77
15 1 49
26 8 15
30 8 56
80 1 30
14 8 45
37 2 54
53 1 40
7 1 22
7 2 10
53 1 37
73 1 37
5 2 4
49 8 51
10 8 30
56 8 51
10 5 7
32 8 23
50 1 25
10 8 25
56 1 30
17 8 63
17 1 49
15 1 14
72 2 52
23 1 32
28 2 55
12 2 10
26 1 15
30 8 26
31 2 84
32 2 34
76 2 77
7 8 25
10 1 80
10 1 7
24 1 33
7 8 17
49 1 15
26 2 7
20 8 45
10 2 23
19 8 45
76 1 7
38 1 37
12 8 17
78 2 75
10 2 28
37 2 85
53 2 86
28 2 29
25 8 31
37 8 53
42 8 40
31 8 108
37 1 36
73 1 54
29 2 28
45 1 37
40 8 53
? 1 github_cpp_program_data/19/42.cpp

73 8 48
10 8 24
49 2 7
10 1 81
45 13 36
40 8 45
22 2 7
25 1 22
31 2 38
31 8 51
81 2 10
32 8 33
33 2 7
54 2 40
31 8 42
29 8 25
42 2 72
36 2 53
10 8 17
51 8 53
48 1 6
37 2 56
15 1 10
30 8 52
26 2 31
15 1 12
30 1 24
51 1 31
22 8 25
27 2 63
7 1 28
12 8 45
7 2 33
57 1 25
80 8 7
28 8 25
36 8 40
7 8 73
34 1 30
55 2 28
53 2 36
24 2 22
31 2 49
75 2 45
86 1 37
16 1 15
7 8 35
80 2 10
6 1 5
33 8 17
33 8 10
14 1 11
12 8 15
30 8 50
46 1 7
30 1 35
29 2 22
10 7 7
56 2 37
62 8 64
5 8 6
27 2 86
37 2 51
39 2 52
31 1 30
10 8 15
10 1 23
56 2 62
33 1 34
25 1 55
10 2 22
35 2 22
31 2 50
52 8 37
57 2 27
10 8 35
52 1 30
52 2 57
56 8 72
23 8 35
35 2 28
33 1 32
15 1 7
85 1 31
20 2 7
7 2 49
33 2 10
15 8 26
10 8 7
40 1 52
73 2 45
22 2 24
42 1 56
10 2 80
10 1 33
25 1 35
30 8 56
63 2 64
57 1 30
15 1 26
7 2 81
38 1 40
80 1 30
10 14 7
28 2 24
38 8 42
63 8 40
75 1 46
24 1 10
10 2 11
55 2 22
45 1 40
32 1 25
73 1 40
7 2 54
22 2 55
4 2 5
30 8 57
34 2 32
30 8 80
10 8 14
7 8 15
35 8 25
55 8 25
6 2 3
25 8 31
31 8 85
57 2 52
40 8 73
85 2 37
23 8 24
7 8 14
62 1 37
30 8 49
37 1 39
28 2 35
56 8 64
28 2 22
48 1 3
81 8 10
52 2 27
22 2 10
35 1 33
54 2 7
40 1 36
30 1 10
38 2 56
52 2 53
54 8 73
30 1 29
45 2 73
17 8 27
40 1 53
23 1 34
15 2 17
40 1 64
24 8 30
31 1 25
34 8 33
17 1 10
11 8 14
48 1 45
81 1 25
15 8 16
45 1 12
45 1 7
12 1 10
25 1 7
49 1 30
64 1 56
17 2 15
36 2 57
27 2 52
7 2 14
84 8 85
86 1 85
52 1 25
36 1 30
39 1 25
24 1 7
7 8 46
84 1 30
42 1 31
17 1 14
84 2 31
30 8 39
28 2 7
57 2 64
7 2 28
35 8 30
25 8 81
48 1 75
10 2 26
30 1 22
3 8 48
10 11 7
64 1 62
4 8 6
72 1 56
40 2 54
56 1 25
28 8 30
26 1 15
32 1 30
34 1 25
57 2 42
7 2 80
30 8 34
14 8 15
35 1 7
27 1 15
2 2 1
7 11 10
40 2 20
7 8 10
17 1 12
64 2 63
42 2 57
63 2 27
12 2 7
63 2 72
23 2 10
33 8 24
52 2 39
35 1 23
10 8 12
2 8 3
14 2 10
30 1 7
26 1 30
63 1 15
40 1 63
14 1 7
37 1 72
36 6 45
25 1 29
7 8 45
38 2 31
52 8 40
22 2 28
63 8 37
10 2 81
24 8 25
7 2 12
7 7 10
7 1 10
39 8 40
56 2 38
30 1 28
23 8 10
85 1 26
46 8 75
52 2 86
50 2 31
22 8 7
25 8 32
42 1 38
6 1 4
37 1 52
72 1 37
10 1 28
16 8 20
37 1 57
45 1 20
56 8 42
25 8 80
64 2 57
85 8 86
55 8 30
25 8 26
1 2 2
51 1 50
39 8 37
57 8 37
30 8 31
25 8 56
14 2 7
15 8 27
7 1 80
22 2 35
7 4 10
86 8 40
1 8 3
40 1 86
27 8 40
51 1 49
80 1 25
50 1 30
29 8 30
10 1 22
31 2 26
14 1 10
7 8 24
10 4 7
26 8 85
24 2 28
25 1 24
73 1 7
48 1 73
25 8 57
22 8 10
26 8 17
7 2 22
6 8 48
14 8 73
45 8 48
10 2 33
20 1 16
25 1 28
22 8 30
86 2 27
72 8 37
72 2 42
15 8 63
34 8 23
33 8 35
25 8 34
30 8 84
63 1 17
81 2 7
53 1 51
28 8 10
37 1 63
24 1 23
7 2 23
17 1 26
3 1 1
30 8 32
81 1 30
73 13 39
40 1 27
27 2 57
62 2 56
37 8 86
49 2 31
80 2 7
7 5 10
26 1 25
3 1 2
7 12 10
64 8 40
10 2 14
30 1 55
39 6 73
49 8 15
86 2 52
81 8 7
7 14 10
17 1 7
40 1 57
28 2 29
28 2 10
27 1 17
3 2 6
57 2 36
25 8 52
15 8 49
30 8 81
80 8 10
51 2 37
28 8 7
10 5 7
7 2 26
57 8 40
85 1 84
22 2 29
14 8 17
73 1 14
17 1 33
7 2 20
42 8 37
7 1 81
75 8 48
35 1 10
23 2 7
15 1 49
26 8 15
50 8 51
26 2 10
7 8 30
7 1 22
45 2 75
10 12 7
53 1 37
5 2 4
49 8 51
3 2 75
10 8 30
37 8 72
32 8 23
37 8 62
10 8 25
56 1 30
17 8 63
53 2 52
15 1 14
23 1 32
28 2 55
39 1 30
25 8 39
30 8 26
30 8 36
31 2 84
32 2 34
7 8 25
10 1 80
10 1 7
24 1 33
75 2 3
7 8 17
49 1 15
26 2 7
20 8 45
10 2 23
11 2 10
25 1 10
12 8 17
37 1 42
10 2 28
37 2 85
37 8 53
40 1 39
72 2 63
40 8 38
53 8 40
73 1 54
29 2 28
20 2 40
? 1 github_cpp_program_data/19/44.cpp

73 8 48
10 8 24
18 8 20
10 1 81
40 8 45
22 2 7
25 1 22
40 8 73
31 8 51
49 1 25
81 2 10
40 1 108
52 8 37
54 2 40
31 8 42
29 8 25
42 2 72
10 8 17
51 8 53
37 2 56
30 8 52
26 2 31
15 1 12
30 1 24
51 1 31
99 2 37
16 2 18
7 1 28
12 8 45
73 1 20
7 2 33
57 1 25
80 8 7
40 8 72
28 8 25
25 1 10
45 13 39
36 8 40
7 7 10
24 2 35
34 1 30
55 2 28
24 2 22
10 2 12
72 1 40
31 2 50
7 8 12
34 8 23
7 8 35
80 2 10
7 2 23
12 8 15
46 1 7
30 1 35
29 2 22
10 7 7
35 2 24
56 2 37
62 8 64
37 2 51
90 8 48
10 8 73
33 1 34
54 8 45
25 1 55
10 2 22
37 8 90
35 2 22
35 1 10
32 8 33
12 1 7
10 8 35
52 1 30
18 1 17
52 2 57
56 8 72
35 2 28
33 1 32
15 1 7
49 8 17
7 2 49
33 2 10
10 8 7
20 8 90
40 1 52
22 2 24
10 2 80
25 1 35
18 2 16
75 2 90
57 1 30
15 1 26
7 2 81
38 1 40
10 8 45
28 2 24
38 8 42
10 1 22
20 1 18
30 8 34
56 1 30
55 2 22
45 1 40
32 1 25
73 1 40
25 8 50
81 2 7
45 1 10
30 8 57
31 2 37
90 1 37
30 8 80
10 8 14
7 8 15
35 8 25
55 8 25
7 8 30
56 2 40
25 8 31
57 2 52
24 8 99
31 2 38
23 8 24
7 8 14
20 2 10
56 8 64
28 2 22
48 1 3
81 8 10
52 2 27
22 2 10
35 1 33
40 1 36
30 1 10
45 1 54
31 1 30
30 1 29
45 2 73
40 1 53
25 1 28
24 8 30
31 1 25
39 6 45
34 8 33
57 2 64
81 1 25
15 8 16
45 1 12
12 1 10
26 1 30
49 2 7
10 2 54
64 1 56
27 2 53
27 2 52
7 2 14
64 2 57
10 2 81
39 1 25
24 1 7
7 8 46
42 1 31
17 1 14
28 2 7
17 1 10
7 2 28
35 8 30
25 8 49
37 2 99
48 1 75
30 1 22
3 8 48
10 11 7
64 1 62
72 1 56
40 2 54
56 1 25
28 8 30
73 1 10
32 1 30
34 1 25
57 2 42
7 2 80
35 1 7
27 1 15
2 2 1
7 11 10
40 2 20
7 8 10
36 2 52
42 2 57
108 8 40
12 2 7
23 2 10
90 1 99
73 2 45
10 8 12
2 8 3
14 2 10
33 2 7
25 1 7
14 1 7
37 2 31
25 1 29
38 2 31
52 8 40
22 2 28
36 1 30
62 1 40
24 8 25
7 2 12
7 1 10
39 8 40
30 1 28
46 8 75
50 2 31
22 8 7
25 8 32
42 1 38
37 1 52
75 1 46
72 1 37
10 1 28
16 8 20
51 1 26
37 1 57
48 1 90
17 8 26
48 1 45
25 8 80
52 1 25
20 8 73
55 8 30
50 8 51
1 2 2
51 1 50
57 8 37
10 2 20
25 8 56
14 2 7
15 8 27
7 1 80
17 8 18
7 4 10
64 8 37
25 8 81
1 8 3
27 8 40
26 1 17
80 1 25
30 1 7
39 2 108
29 8 30
10 8 90
56 2 62
90 2 75
31 2 26
14 1 10
7 8 24
10 4 7
24 2 28
25 1 24
48 1 73
25 8 57
22 8 10
22 8 25
37 8 38
7 2 22
28 2 35
14 8 73
45 8 48
10 2 33
20 1 16
23 1 34
22 8 30
45 2 90
72 8 37
72 2 42
16 1 15
33 8 35
108 1 37
35 8 99
22 2 55
53 1 51
28 8 10
37 1 72
24 1 23
3 1 1
30 8 32
81 1 30
40 1 27
62 2 56
99 1 24
80 2 7
7 5 10
3 1 2
7 12 10
10 2 14
30 1 55
40 8 62
90 1 10
81 8 7
7 14 10
17 1 7
40 1 57
28 2 29
28 2 10
25 8 52
30 8 81
80 8 10
51 2 37
28 8 7
10 5 7
7 2 26
57 8 40
54 2 10
22 2 29
14 8 17
40 2 56
73 1 14
108 1 31
52 2 36
37 1 64
42 8 37
7 1 81
75 8 48
37 8 108
23 2 7
26 8 15
30 8 56
80 1 30
108 2 39
25 8 34
99 8 90
7 1 22
10 12 7
90 2 45
53 1 37
3 2 75
10 8 30
37 8 72
32 8 23
50 1 25
10 8 25
24 1 10
17 1 49
53 2 27
23 1 32
28 2 55
99 1 35
12 2 10
40 8 38
25 8 39
30 8 26
30 8 36
26 8 51
7 8 25
10 1 80
10 1 7
30 8 31
75 2 3
7 8 17
26 2 7
10 14 7
10 2 23
38 1 37
37 1 42
90 1 20
10 2 28
20 2 99
37 8 53
40 1 39
22 2 35
99 2 20
31 8 108
53 8 40
29 2 28
20 2 40
? 1 github_cpp_program_data/19/45.cpp

73 8 48
25 8 36
10 8 24
18 8 20
10 1 81
26 2 7
26 2 56
40 8 45
22 2 7
25 1 22
37 8 86
31 2 62
31 8 51
49 1 25
81 2 10
32 8 33
54 2 40
31 8 42
29 8 25
42 2 72
63 2 57
84 2 56
11 8 12
10 8 17
51 8 53
48 1 6
37 2 56
15 1 10
30 8 52
26 2 31
15 1 12
30 1 24
51 1 31
16 2 18
7 1 28
12 8 45
54 1 16
7 2 33
57 1 25
80 8 7
28 8 25
86 1 40
57 2 27
7 8 73
34 1 30
51 1 56
25 8 26
24 2 22
31 2 49
10 2 12
86 1 37
7 8 12
16 1 15
7 8 35
31 2 38
80 2 10
6 1 5
33 8 17
33 8 10
56 8 85
63 2 52
23 8 7
12 8 15
30 8 50
23 2 7
53 1 40
37 8 62
14 8 45
28 2 55
56 2 37
62 8 64
5 8 6
57 2 63
37 2 51
11 2 7
10 8 15
10 1 23
33 1 34
25 1 55
10 2 22
33 2 7
31 2 50
10 2 65
52 8 37
12 1 7
10 8 35
23 8 17
18 1 17
52 2 57
56 8 72
23 8 35
37 1 27
35 2 28
33 1 32
16 8 54
15 1 7
49 8 17
19 8 14
7 2 49
33 2 10
15 8 26
10 8 7
36 2 86
40 1 52
64 1 31
22 2 24
57 2 53
1 2 2
10 2 80
10 1 33
25 1 35
18 2 16
16 1 17
57 1 30
15 1 26
7 2 81
38 1 40
26 2 10
10 14 7
10 8 45
28 2 24
38 8 42
63 8 40
20 1 18
24 1 10
10 2 11
27 8 37
40 2 85
55 2 22
50 2 56
45 1 40
86 2 53
32 1 25
22 8 25
25 8 50
18 8 54
81 2 7
45 1 10
85 1 31
30 8 57
34 2 32
30 8 80
10 8 14
7 8 15
35 8 25
56 2 50
49 2 10
10 2 13
55 8 25
6 2 3
72 2 42
25 8 31
31 8 85
57 2 52
40 8 53
40 8 73
85 2 37
37 8 73
23 8 24
37 1 86
7 7 10
7 8 14
73 1 37
62 1 37
30 8 49
72 2 27
28 2 35
31 1 30
28 2 22
48 1 3
81 8 10
52 2 27
22 2 10
35 1 33
54 2 7
40 2 20
30 1 10
52 2 53
54 8 73
30 1 29
45 2 73
54 1 18
17 8 27
40 1 53
6 2 45
23 1 34
15 2 17
40 1 64
7 2 65
24 8 30
31 1 25
39 6 45
34 8 33
17 1 23
11 8 14
81 1 25
15 8 16
45 1 12
12 1 10
27 2 63
26 1 30
49 2 7
49 1 30
15 8 63
56 2 84
27 2 52
7 2 14
84 8 85
86 1 85
52 1 25
39 1 25
24 1 7
84 1 30
26 8 85
17 1 14
84 2 31
85 1 56
30 8 84
28 2 7
17 1 10
7 2 28
24 8 25
25 8 49
54 2 37
27 1 17
10 2 26
30 1 22
40 2 51
3 8 48
10 11 7
64 1 62
15 1 49
72 1 56
65 2 7
40 2 54
56 1 25
28 8 30
26 1 15
32 1 30
34 1 25
57 2 42
7 2 80
30 8 34
53 2 52
14 8 15
35 1 7
27 1 15
2 2 1
7 11 10
7 8 10
7 1 23
17 1 12
52 2 63
56 2 49
42 2 57
63 2 27
12 2 7
27 2 86
23 2 10
33 8 24
73 2 45
35 1 23
10 8 12
2 8 3
14 2 10
30 1 7
25 1 7
35 2 22
63 1 15
40 1 63
14 1 7
37 1 72
53 2 57
25 1 29
38 2 31
52 8 40
4 2 5
63 8 37
10 2 81
35 8 30
7 2 12
31 8 64
86 2 52
17 2 15
7 1 10
39 8 40
30 1 28
80 2 7
23 8 10
85 1 26
7 4 10
52 2 86
86 2 27
50 2 31
22 8 7
25 8 32
42 1 38
6 1 4
27 2 72
37 1 52
12 1 13
72 1 37
10 1 28
57 2 86
16 8 20
86 2 36
7 1 33
51 1 26
37 1 57
86 2 39
17 8 26
45 1 20
48 1 45
25 8 80
56 2 26
85 8 86
10 1 80
50 8 51
7 8 30
51 1 50
63 2 53
57 8 37
30 8 31
25 8 56
62 2 31
14 2 7
15 8 27
7 1 80
17 8 18
22 2 28
86 8 40
25 8 81
1 8 3
40 1 86
27 8 40
26 1 17
51 1 49
80 1 25
50 1 30
29 8 30
10 2 19
49 2 56
10 1 22
31 2 26
13 8 14
14 1 10
7 8 24
10 4 7
42 1 31
24 2 28
19 2 7
25 1 24
73 1 7
48 1 73
25 8 57
22 8 10
73 1 40
7 2 22
6 8 48
14 8 73
45 8 48
10 2 33
20 1 16
25 1 28
22 8 30
7 2 54
72 8 37
12 1 65
33 8 7
34 8 23
33 8 35
85 2 40
25 8 34
63 1 17
73 13 36
22 2 55
53 1 51
28 8 10
37 1 63
24 1 23
7 2 23
17 1 26
3 1 1
22 2 35
30 8 32
81 1 30
40 1 27
27 2 57
20 2 10
49 2 31
65 2 10
40 8 86
26 8 17
7 5 10
26 1 25
3 1 2
7 12 10
36 8 37
64 8 40
10 2 14
30 1 55
13 2 10
49 8 15
45 1 14
10 2 28
81 8 7
7 14 10
17 1 7
40 1 57
86 2 57
86 8 37
56 8 51
10 2 49
28 2 10
3 2 6
25 8 52
36 6 73
15 8 49
53 2 63
30 8 81
80 8 10
51 2 37
28 8 7
10 5 7
7 2 26
57 8 40
19 2 10
85 1 84
22 2 29
52 1 30
14 8 17
45 13 39
73 1 14
55 2 28
17 1 33
10 7 7
42 8 37
7 1 81
35 1 10
45 2 6
4 8 6
26 8 15
30 8 56
80 1 30
65 8 12
37 2 54
30 1 35
14 1 19
7 1 22
10 12 7
14 1 13
53 1 37
84 1 25
5 2 4
49 8 51
39 2 86
10 8 30
37 8 72
32 8 23
29 2 22
50 1 25
12 1 11
10 8 25
56 1 30
17 8 63
25 8 84
17 1 49
15 1 14
23 1 32
14 1 11
12 2 10
25 8 39
30 8 26
31 2 84
7 2 13
26 8 51
10 2 20
13 2 7
7 8 25
55 8 30
10 1 7
24 1 33
7 8 17
49 1 15
36 1 25
20 8 45
10 2 23
51 2 40
11 2 10
25 1 10
12 8 17
37 1 42
17 8 16
13 8 12
37 2 85
53 2 86
28 2 29
37 8 53
7 2 19
40 1 39
32 2 34
7 2 11
40 8 38
37 1 36
53 8 40
73 1 54
29 2 28
20 2 40
? 1 github_cpp_program_data/19/47.cpp

73 8 48
40 1 42
18 8 20
10 1 81
54 1 16
22 2 7
25 1 22
53 8 37
31 2 62
31 8 51
81 2 10
40 1 108
52 8 37
31 8 42
29 8 25
19 8 12
84 2 56
11 8 12
10 8 17
51 8 53
37 2 56
15 1 10
30 8 52
26 2 31
7 8 12
15 1 12
51 1 31
16 2 18
17 1 14
12 8 45
7 2 33
57 1 25
80 8 7
40 8 72
28 8 25
86 1 40
7 8 73
17 8 49
34 1 30
25 8 26
45 2 3
57 2 72
10 2 12
72 1 40
30 8 49
16 1 15
7 8 35
80 2 10
7 2 23
64 2 42
56 8 85
37 8 41
12 8 15
30 8 50
23 2 7
53 1 40
29 2 22
56 2 37
62 8 64
11 2 7
10 8 15
33 1 34
25 1 55
10 2 22
33 2 7
31 2 50
10 2 65
41 1 37
12 1 7
52 1 30
18 1 17
52 2 57
37 1 27
33 1 32
16 8 54
15 1 7
49 8 17
19 8 14
7 2 49
15 8 26
10 8 7
40 1 52
64 1 31
42 1 56
10 2 80
43 1 40
25 1 35
18 2 16
20 2 37
57 1 30
15 1 26
7 2 81
108 8 40
80 1 30
14 1 65
10 8 45
38 8 42
10 1 22
20 1 18
30 8 34
10 2 11
27 8 37
40 2 85
55 2 22
40 1 30
50 1 30
32 1 25
22 8 25
7 2 54
18 8 54
81 2 7
45 1 10
27 1 15
10 2 49
63 2 86
34 2 32
85 2 40
30 8 80
10 8 14
7 8 15
35 8 25
49 2 10
10 2 13
55 8 25
7 8 30
49 8 85
57 2 52
40 8 53
31 2 38
45 2 73
37 8 73
23 8 24
37 1 86
43 2 62
7 8 14
84 1 25
40 8 43
23 1 32
48 1 3
81 8 10
52 2 27
25 1 29
35 1 33
54 2 7
30 1 10
38 2 56
25 1 40
54 8 73
31 1 30
30 1 29
37 2 20
54 1 18
17 8 27
23 1 34
40 1 64
7 2 65
31 1 25
34 8 33
17 1 10
11 8 14
48 1 45
81 1 25
15 8 16
45 1 12
12 1 10
27 2 63
31 8 72
25 1 7
49 2 7
49 1 30
27 2 53
36 2 57
56 2 84
27 2 52
7 2 14
84 8 85
86 1 85
52 1 25
36 1 30
24 1 7
42 1 31
41 8 42
85 1 56
28 2 7
43 8 64
7 2 28
25 8 81
54 2 37
27 1 17
10 2 26
30 1 22
40 2 51
3 8 48
10 11 7
64 1 62
15 1 49
49 2 56
65 2 7
56 1 25
28 8 30
26 1 15
32 8 33
32 1 30
12 8 73
34 1 25
7 2 80
14 8 15
35 1 7
108 1 56
2 2 1
7 11 10
7 8 10
17 1 12
37 1 53
56 2 49
63 2 27
14 1 11
86 2 63
73 2 45
7 7 10
10 8 12
2 8 3
14 2 10
30 1 7
63 1 15
14 1 7
37 1 72
36 6 45
22 2 10
38 2 31
52 8 40
63 8 37
10 2 81
62 1 40
24 8 25
7 2 12
7 5 10
31 8 64
7 1 10
56 2 38
30 1 28
62 2 43
30 8 40
7 4 10
50 2 31
22 8 7
25 8 32
42 1 38
37 1 52
12 1 13
38 2 41
51 1 26
37 1 57
45 1 20
56 8 42
86 8 37
85 8 86
37 8 45
55 8 30
40 8 25
50 8 51
1 2 2
51 1 50
57 8 37
10 2 20
25 8 56
62 2 31
14 2 7
15 8 27
7 1 80
17 8 18
42 1 41
1 8 3
7 2 11
80 1 25
29 8 30
10 2 19
31 2 26
13 8 14
14 1 10
7 8 24
10 4 7
10 14 7
19 2 7
25 1 24
73 1 7
48 1 73
25 8 57
22 8 10
26 8 17
37 8 38
7 2 22
45 8 48
20 1 16
25 1 28
22 8 30
72 8 37
12 1 65
15 8 63
34 8 23
33 8 35
108 1 37
38 1 37
63 1 17
22 2 55
26 2 10
53 1 51
37 1 63
24 1 23
57 2 36
49 1 17
17 1 26
3 1 1
30 8 32
81 1 30
20 2 10
12 2 7
16 8 20
65 2 10
40 8 86
80 2 7
65 8 14
26 1 25
3 1 2
7 12 10
36 8 37
64 8 40
10 2 14
30 1 55
13 2 10
40 8 62
49 8 15
13 8 12
81 8 7
7 14 10
17 1 7
25 8 80
85 1 49
30 8 57
28 2 10
25 8 52
30 8 81
80 8 10
45 13 36
31 2 40
7 2 26
19 2 10
85 1 84
22 2 29
14 8 17
40 2 31
55 2 28
10 7 7
7 1 81
37 8 108
72 2 57
26 8 15
30 8 56
64 1 43
65 8 12
37 2 54
25 8 34
14 1 19
7 1 22
10 12 7
14 1 13
10 5 7
73 1 37
10 8 30
32 8 23
12 1 11
3 2 45
10 8 25
56 1 30
17 8 63
25 8 84
56 8 108
17 1 49
15 1 14
53 2 27
72 1 31
28 2 55
12 2 10
30 8 36
7 2 13
26 8 51
42 2 64
13 2 7
7 8 25
10 1 80
10 1 7
30 8 31
41 2 38
7 8 17
12 1 19
26 2 7
20 8 45
51 2 40
11 2 10
25 1 10
12 8 17
10 2 28
28 2 29
25 8 31
7 2 19
42 8 40
32 2 34
37 1 36
73 1 12
73 1 54
29 2 28
45 1 37
? 1 github_cpp_program_data/19/5.cpp

14 8 15
73 8 48
40 1 42
25 8 36
10 8 24
18 8 20
10 1 81
26 2 7
45 13 36
108 1 56
22 2 7
25 1 22
31 2 62
49 1 25
81 2 10
32 8 33
78 8 48
31 8 42
29 8 25
12 8 98
11 8 12
10 8 17
48 1 6
54 8 45
15 1 10
7 8 76
15 1 12
30 1 24
98 2 93
108 8 37
16 2 18
17 1 14
12 8 45
54 1 16
73 1 20
7 2 33
57 1 25
80 8 7
16 1 14
40 8 72
28 8 25
76 8 78
25 1 10
57 2 27
98 1 7
7 7 10
20 2 7
34 1 30
41 2 68
55 2 28
57 2 72
98 1 12
68 2 41
10 2 12
72 1 40
41 8 42
34 8 23
7 8 35
80 2 10
6 1 5
33 8 10
41 1 37
78 2 93
37 8 41
23 8 7
12 8 15
40 8 41
46 1 7
98 8 48
30 1 35
69 8 42
29 2 22
10 7 7
41 1 40
12 1 7
56 2 37
62 8 64
5 8 6
98 2 78
37 1 64
10 8 15
10 1 23
10 8 73
33 1 34
37 8 108
25 1 55
10 2 22
33 2 7
92 2 91
69 1 64
20 2 37
14 8 45
10 8 35
52 1 30
52 2 57
23 2 7
13 8 14
37 1 27
37 2 56
33 1 32
16 8 54
78 1 4
102 2 98
18 1 12
7 2 49
33 2 10
10 8 7
10 8 76
40 1 52
64 1 31
22 2 24
1 2 2
42 1 56
10 2 80
62 8 42
25 1 35
18 2 16
16 1 17
62 2 69
57 1 30
102 1 14
7 2 81
38 1 40
64 1 38
26 2 10
4 8 78
10 8 45
68 8 64
15 1 7
46 8 75
27 2 108
20 1 18
30 1 7
68 2 38
45 2 63
27 8 37
55 2 22
77 2 76
32 1 25
22 8 25
52 8 37
7 2 54
18 8 54
81 2 7
63 8 48
108 2 64
45 1 10
37 1 108
45 1 14
18 1 15
42 1 69
20 8 91
48 1 78
30 8 80
10 8 14
7 8 15
35 8 25
49 2 10
30 8 52
55 8 25
6 2 3
25 8 31
93 8 48
57 2 52
31 2 38
45 2 73
25 8 49
37 8 73
7 8 14
64 2 108
54 8 76
7 8 12
76 2 4
56 8 64
28 2 22
48 1 3
81 8 10
93 1 1
37 8 43
3 2 75
52 2 27
22 2 10
35 1 33
54 2 7
23 1 32
91 8 93
30 1 10
38 2 56
48 1 98
10 8 30
38 2 31
30 1 29
14 8 102
54 1 18
17 8 27
25 1 28
15 2 17
40 1 64
24 8 30
31 1 25
98 1 10
34 8 33
17 1 10
48 1 45
81 1 25
15 8 16
43 2 38
45 1 12
64 8 69
45 1 7
12 1 10
27 2 63
78 2 98
25 1 7
49 2 7
10 2 54
38 2 68
64 1 56
15 8 63
27 2 52
7 2 14
93 1 92
24 1 7
7 8 46
64 1 68
42 1 31
7 1 28
31 8 72
28 2 7
41 8 64
56 1 30
7 2 28
35 8 30
25 8 81
54 2 37
48 1 102
10 2 26
30 1 22
3 8 48
10 11 7
64 1 62
4 8 6
56 1 25
28 8 30
73 1 10
32 1 30
12 8 73
34 1 25
57 2 42
7 2 80
7 8 91
35 1 7
27 1 15
2 2 1
7 11 10
7 8 10
7 1 23
17 1 12
91 1 20
52 2 63
75 2 78
42 2 57
1 8 93
10 2 49
12 2 7
63 2 72
63 2 45
23 2 10
64 1 41
73 2 45
10 8 12
2 8 3
14 2 10
30 8 34
68 1 42
27 1 17
26 1 30
27 2 93
63 1 15
14 1 7
37 1 63
36 6 45
25 1 29
7 8 45
102 8 48
52 8 40
22 2 28
63 8 37
10 2 81
62 1 40
24 8 25
7 2 12
7 5 10
31 8 64
10 8 102
17 2 15
7 1 10
63 2 52
56 2 38
30 1 28
80 2 7
23 8 10
93 1 91
48 1 63
38 8 42
69 2 62
22 8 7
25 8 32
42 1 38
6 1 4
37 1 52
75 1 46
38 2 43
30 8 32
7 1 33
37 1 57
48 1 27
49 8 15
56 8 42
25 8 80
22 2 29
52 1 25
20 8 73
37 8 45
55 8 30
72 2 57
7 8 30
13 2 7
93 2 98
57 8 37
10 2 20
25 8 56
62 2 31
14 2 7
15 8 27
7 1 80
72 2 63
15 8 18
75 2 3
10 8 98
64 8 37
76 1 54
1 8 3
7 2 11
27 8 40
7 8 98
80 1 25
4 2 76
29 8 30
93 2 27
56 2 62
43 8 42
91 1 10
14 1 10
7 8 24
10 4 7
25 1 24
48 1 73
25 8 57
23 8 24
37 8 38
7 2 22
6 8 48
45 8 48
10 2 33
20 1 16
23 1 34
22 8 30
72 8 37
43 1 37
33 8 7
16 1 15
24 2 22
33 8 35
10 8 91
108 1 37
63 1 17
76 1 10
22 2 55
37 1 72
24 1 23
7 2 23
102 1 10
17 1 26
77 8 78
3 1 1
16 8 20
81 1 30
40 1 27
27 2 57
20 2 10
62 2 56
42 8 68
26 8 17
98 2 102
3 1 2
7 12 10
36 8 37
64 8 40
10 2 14
30 1 55
91 2 92
40 8 62
4 2 5
81 8 7
7 14 10
17 1 7
40 1 57
28 2 29
30 8 57
28 2 10
48 1 75
3 2 6
25 8 52
72 2 36
42 1 43
30 8 81
80 8 10
28 8 7
78 1 76
31 2 40
7 2 26
57 8 40
54 2 10
34 2 32
14 8 17
40 2 31
27 8 48
7 2 20
42 8 37
7 1 81
75 8 48
35 1 10
36 2 72
78 1 77
15 1 49
10 1 33
30 8 56
80 1 30
17 8 16
37 2 54
25 8 34
12 8 18
7 1 22
42 1 62
10 12 7
14 1 13
10 5 7
73 1 37
5 2 4
1 2 91
45 1 54
32 8 23
12 1 11
93 2 78
10 8 25
24 1 10
17 8 63
7 4 10
56 8 108
15 1 14
72 1 31
28 2 55
12 2 10
30 8 26
7 2 13
32 2 34
76 2 77
7 8 25
69 2 41
41 2 69
37 2 20
10 1 80
10 1 7
92 8 93
63 2 27
42 1 41
7 8 17
91 2 1
36 1 25
10 14 7
10 2 23
76 1 7
38 1 37
38 8 64
108 2 27
37 1 42
78 2 75
29 2 28
10 2 28
11 2 7
48 1 93
42 8 40
40 8 38
37 1 36
73 1 12
12 8 17
14 8 16
45 1 37
91 1 7
? 1 github_cpp_program_data/19/51.cpp

119 1 33
18 1 15
73 8 48
40 1 42
25 8 36
10 8 24
49 2 7
10 1 81
26 2 7
45 13 36
40 8 45
22 2 7
25 1 22
53 8 37
31 8 51
49 1 25
81 2 10
40 1 108
32 8 33
33 2 7
31 8 42
29 8 25
42 2 72
84 2 56
36 2 53
10 8 17
51 8 53
48 1 6
37 2 56
15 1 10
30 8 52
26 2 31
15 1 12
30 1 24
51 1 31
27 2 63
15 1 33
7 1 28
12 8 45
54 1 16
7 2 33
57 1 25
80 8 7
28 8 25
86 1 40
25 1 10
36 8 40
7 8 73
34 1 30
51 1 56
55 2 28
52 2 42
53 2 36
24 2 22
10 2 12
7 8 12
7 2 19
7 8 35
80 2 10
6 1 5
33 8 17
33 8 10
56 8 85
63 2 52
23 8 7
12 8 15
23 2 7
53 1 40
29 2 22
26 2 56
28 2 55
56 2 37
62 8 64
5 8 6
57 2 63
40 1 36
11 2 7
10 8 15
10 1 23
56 2 62
33 1 34
37 8 108
25 1 55
10 2 22
35 2 22
31 2 50
10 2 65
52 8 37
20 2 37
12 1 7
57 2 27
10 8 35
23 8 17
56 8 72
23 8 35
37 1 27
35 2 28
33 1 32
16 8 54
15 1 7
49 8 17
19 8 14
7 2 49
33 2 10
15 8 26
10 8 7
7 2 23
40 1 52
22 2 24
57 2 53
1 2 2
10 2 80
11 8 14
25 1 35
18 2 16
16 1 17
57 1 30
15 1 26
7 2 81
108 8 40
10 14 7
10 8 45
28 2 24
38 8 42
63 8 40
24 1 10
10 2 11
27 8 37
40 2 85
55 2 22
50 2 56
45 1 40
32 1 25
22 8 25
25 8 50
18 8 54
81 2 7
45 1 10
4 2 5
30 8 57
31 2 37
34 2 32
85 2 40
30 8 80
14 1 19
7 8 15
35 8 25
56 2 50
49 2 10
10 2 13
55 8 25
6 2 3
72 2 42
25 8 31
40 8 53
31 2 38
45 2 73
37 8 73
63 2 53
37 1 86
7 7 10
7 8 14
64 2 108
84 1 25
30 8 49
37 1 39
56 8 64
28 2 35
31 1 30
28 2 22
48 1 3
81 8 10
26 8 15
52 2 27
22 2 10
54 2 7
33 8 15
30 1 10
54 8 73
30 1 29
37 2 20
54 1 18
17 8 27
40 1 53
23 1 34
15 2 17
40 1 64
24 8 30
31 1 25
34 8 33
17 1 10
81 1 25
15 8 16
45 1 12
12 1 10
16 2 18
26 1 30
49 1 30
64 1 56
33 8 7
36 2 57
56 2 84
27 2 52
7 2 14
84 8 85
86 1 85
52 1 25
24 1 7
26 8 85
17 1 14
85 1 56
30 8 39
28 2 7
17 1 23
7 2 28
35 8 30
25 8 49
54 2 37
27 1 17
30 1 22
40 2 51
3 8 48
10 11 7
64 1 62
4 8 6
72 1 56
119 8 30
56 1 25
28 8 30
26 1 15
32 1 30
34 1 25
108 2 64
7 2 80
30 8 34
14 8 15
35 1 7
27 1 15
2 2 1
7 11 10
40 2 20
7 8 10
7 1 23
17 1 12
37 1 53
52 2 63
63 2 27
38 1 40
12 2 7
27 2 86
23 2 10
33 8 24
73 2 45
35 1 23
10 8 12
2 8 3
14 2 10
30 1 7
25 1 7
63 1 15
40 1 63
14 1 7
37 1 72
37 2 31
53 2 57
25 1 29
38 2 31
52 8 40
22 2 28
63 8 37
10 2 81
62 1 40
24 8 25
7 2 12
80 2 7
17 2 15
7 1 10
30 1 28
23 8 10
85 1 26
7 4 10
50 2 31
22 8 7
25 8 32
42 1 38
6 1 4
37 1 52
12 1 13
72 1 37
10 1 28
16 8 20
7 1 33
51 1 26
37 1 57
86 2 39
17 8 26
49 8 15
48 1 45
25 8 80
56 2 26
85 8 86
37 8 45
10 1 80
50 8 51
7 8 30
51 1 50
39 8 37
45 2 3
57 8 37
30 8 31
25 8 56
14 2 7
15 8 27
7 1 80
22 2 35
15 8 18
25 8 81
1 8 3
7 2 11
27 8 40
26 1 17
63 2 57
80 1 25
42 2 52
29 8 30
10 2 19
10 1 22
31 2 26
14 1 10
7 8 24
10 4 7
42 1 31
24 2 28
19 2 7
25 1 24
73 1 7
48 1 73
25 8 57
22 8 10
23 8 24
37 8 38
7 2 22
6 8 48
14 8 73
45 8 48
10 2 33
20 1 16
25 1 28
22 8 30
7 2 54
72 8 37
12 1 65
15 8 63
16 1 15
108 1 37
25 8 34
63 1 17
22 2 55
53 1 51
28 8 10
37 1 63
24 1 23
33 8 119
17 1 26
3 1 1
30 8 32
81 1 30
73 13 39
40 1 27
27 2 57
20 2 10
62 2 56
65 2 10
40 8 86
26 8 17
7 5 10
86 2 27
3 1 2
7 12 10
36 8 37
64 8 40
10 2 14
30 1 55
39 6 73
13 2 10
40 8 62
45 1 20
13 8 12
81 8 7
64 2 42
7 14 10
17 1 7
40 1 57
86 8 37
56 8 51
10 2 49
28 2 10
3 2 6
57 2 36
25 8 52
34 8 23
53 2 63
30 8 81
80 8 10
51 2 37
28 8 7
10 5 7
7 2 26
57 8 40
19 2 10
85 1 84
22 2 29
52 1 30
14 8 17
73 1 14
108 1 31
17 1 33
10 7 7
42 8 37
7 1 81
35 1 10
15 1 49
10 1 33
30 8 56
80 1 30
65 8 12
37 2 54
30 1 35
10 8 14
7 1 22
10 12 7
53 1 37
73 1 37
5 2 4
39 2 86
10 8 30
37 8 72
32 8 23
50 1 25
3 2 45
10 8 25
30 1 119
56 1 30
17 8 63
25 8 84
17 1 49
15 1 14
23 1 32
14 1 11
12 2 10
39 1 30
30 8 26
26 8 51
10 2 20
42 2 64
7 8 25
55 8 30
10 1 7
24 1 33
7 8 17
36 6 45
36 1 25
20 8 45
10 2 23
51 2 40
11 2 10
38 1 37
12 8 17
37 1 42
17 8 16
10 2 28
28 2 29
37 8 53
42 8 40
32 2 34
40 8 38
31 8 108
37 1 36
53 8 40
73 1 54
29 2 28
45 1 37
20 2 40
37 2 51
? 1 github_cpp_program_data/19/54.cpp

73 8 48
40 1 42
25 8 36
10 8 24
10 4 7
10 1 81
31 8 85
22 2 7
25 1 22
53 8 37
31 8 51
49 1 25
81 2 10
40 1 108
52 8 37
31 8 42
29 8 25
19 8 12
45 2 63
10 8 17
51 8 53
48 1 6
1 8 3
15 1 10
30 8 52
26 2 31
15 1 12
30 1 24
51 1 31
27 2 63
17 1 14
12 8 45
40 8 45
108 1 56
80 8 7
26 8 17
28 8 25
86 1 40
36 8 40
7 7 10
17 8 49
25 8 26
57 2 72
31 2 49
10 2 12
7 8 12
34 8 23
20 2 40
80 2 10
6 1 5
12 8 15
30 8 50
46 1 7
30 1 35
29 2 22
10 7 7
28 2 55
56 2 37
5 8 6
23 1 32
10 8 15
10 8 73
33 1 34
25 1 55
10 2 22
31 2 50
12 1 7
10 8 35
52 1 30
52 2 57
56 8 72
37 1 27
15 1 7
49 8 17
85 1 31
7 2 49
33 2 10
10 8 7
40 1 52
10 2 80
20 2 37
73 1 10
15 1 26
7 2 81
108 8 40
80 1 30
10 14 7
10 8 45
46 8 75
75 1 46
24 1 10
27 8 37
40 2 85
55 2 22
45 1 40
32 1 25
22 8 25
81 2 7
45 1 10
4 2 5
30 8 57
63 2 86
34 2 32
30 8 80
10 8 14
7 8 15
49 2 10
55 8 25
7 8 30
56 2 40
25 8 31
57 2 52
40 8 53
31 2 38
45 2 73
25 8 49
37 8 73
37 1 86
40 8 108
7 8 14
30 8 49
63 8 48
28 2 22
48 1 3
81 8 10
25 1 29
35 1 33
40 1 36
30 1 10
54 8 73
30 1 29
20 1 16
17 8 27
23 1 34
15 2 17
24 8 30
31 1 25
34 8 33
17 1 10
81 1 25
15 8 16
45 1 12
45 1 7
12 1 10
25 1 7
10 2 54
27 2 53
27 2 52
7 2 14
84 8 85
86 1 85
52 1 25
24 1 7
7 8 46
84 1 30
42 1 31
84 2 31
30 8 84
28 2 7
7 2 28
25 8 81
54 2 37
48 1 75
10 2 26
30 1 22
40 2 51
3 8 48
10 11 7
85 2 40
4 8 6
57 2 108
56 1 25
28 8 30
57 1 30
32 1 30
34 1 25
57 2 42
7 2 80
14 8 15
49 2 7
27 1 15
2 2 1
7 11 10
40 2 20
17 1 12
37 1 53
42 2 57
63 2 27
12 2 7
63 2 45
23 2 10
73 2 45
10 8 12
2 8 3
14 2 10
30 1 7
108 2 57
26 1 30
63 1 15
14 1 7
49 1 30
22 2 10
7 8 45
38 2 31
52 8 40
22 2 28
63 8 37
10 2 81
35 8 30
7 2 12
17 2 15
7 1 10
86 2 63
30 1 28
53 1 40
48 1 63
85 1 26
72 8 40
50 2 31
25 8 32
42 1 38
6 1 4
37 1 52
72 1 37
16 8 20
37 1 57
48 1 27
17 8 26
45 1 20
48 1 45
25 8 80
85 8 86
37 8 45
55 8 30
72 2 57
50 8 51
1 2 2
51 1 50
57 8 37
10 2 20
25 8 56
14 2 7
15 8 27
7 1 80
40 1 72
7 4 10
37 2 56
26 1 17
51 1 49
80 1 25
50 1 30
29 8 30
75 2 27
10 2 19
31 2 26
14 1 10
7 8 24
26 8 85
48 1 73
27 2 75
23 8 24
37 8 38
7 2 22
6 8 48
14 8 73
45 8 48
10 2 33
37 2 20
25 1 28
22 8 30
25 1 10
15 8 63
16 1 15
33 8 35
40 2 56
7 12 10
63 1 17
22 2 55
53 1 51
37 1 63
24 1 23
7 2 23
17 1 26
3 1 1
30 8 32
81 1 30
20 2 10
49 2 31
40 8 86
80 2 7
7 5 10
26 1 25
3 1 2
38 8 42
49 1 17
10 2 14
30 1 55
49 8 15
7 2 20
7 14 10
17 1 7
40 1 57
86 8 37
10 2 49
28 2 10
27 1 17
3 2 6
25 8 52
30 8 81
80 8 10
45 13 36
10 5 7
7 2 26
57 8 40
54 2 10
19 2 10
85 1 84
22 2 29
14 8 17
73 1 14
55 2 28
27 8 48
81 8 7
7 1 81
75 8 48
35 1 10
23 2 7
15 1 49
26 8 15
26 2 10
72 1 56
37 2 54
25 8 34
10 12 7
73 1 37
5 2 4
49 8 51
3 2 75
10 8 30
37 8 72
32 8 23
10 8 25
17 8 63
56 8 108
17 1 49
15 1 14
53 2 27
52 2 27
12 2 10
108 1 40
30 8 26
31 2 84
32 2 34
7 8 25
10 1 80
20 2 7
75 2 3
7 8 17
36 6 45
12 1 19
26 2 7
20 8 45
10 2 23
51 2 40
38 1 37
12 8 17
36 1 25
6 2 3
10 2 28
28 2 29
42 8 40
73 1 54
29 2 28
45 1 37
? 1 github_cpp_program_data/19/56.cpp

73 8 48
25 8 36
10 8 24
49 2 7
10 1 81
54 1 16
22 2 7
25 1 22
53 8 37
31 8 51
49 1 25
81 2 10
52 8 37
54 2 40
29 8 25
11 8 12
36 2 53
10 8 17
51 8 53
28 8 30
15 1 10
30 8 52
26 2 31
15 1 12
30 1 24
51 1 31
108 8 37
27 2 63
17 1 14
12 8 45
7 2 33
57 1 25
80 8 7
26 8 17
28 8 25
30 2 28
7 7 10
34 1 30
25 8 26
57 2 72
10 2 12
86 1 37
7 8 12
16 1 15
42 2 108
80 2 10
7 2 23
12 8 15
23 2 7
53 1 40
28 2 25
29 2 22
28 2 55
56 2 37
62 8 64
37 1 64
10 8 15
10 8 73
33 1 34
108 2 42
25 1 55
10 2 22
33 2 7
31 2 50
12 1 7
18 1 17
56 8 72
37 1 27
16 8 54
15 1 7
85 1 31
7 2 49
15 8 26
10 8 7
40 1 52
42 1 56
10 2 80
25 1 35
18 2 16
20 2 37
57 1 30
7 2 81
38 1 40
80 1 30
10 8 45
38 8 42
63 8 40
24 1 10
27 8 37
55 2 22
32 1 25
22 8 25
25 8 50
18 8 54
22 2 55
45 1 10
37 1 108
10 2 49
31 2 37
30 8 80
10 8 14
7 8 15
35 8 25
49 2 10
55 8 25
25 8 31
31 8 85
40 8 53
40 8 73
85 2 37
45 2 73
25 8 49
23 8 24
7 8 14
64 2 108
30 8 49
56 8 64
31 1 30
28 2 22
52 1 30
81 8 10
25 1 29
35 1 33
30 1 10
38 2 56
54 8 73
30 1 29
37 2 20
54 1 18
17 8 27
15 2 17
24 8 30
31 1 25
34 8 33
17 1 10
48 1 45
81 1 25
15 8 16
45 1 12
12 1 10
16 2 18
26 1 30
49 1 30
64 1 56
27 2 53
84 8 85
86 1 85
52 1 25
24 1 7
84 1 30
26 8 85
84 2 31
30 8 39
28 2 7
7 2 28
25 8 81
27 1 17
10 2 26
30 1 22
40 2 51
10 11 7
64 1 62
15 1 49
72 1 56
40 2 54
53 2 36
39 1 30
73 1 10
32 1 30
12 8 73
108 2 64
7 2 80
30 8 34
14 8 15
35 1 7
27 1 15
7 11 10
17 1 12
37 1 53
63 2 27
12 2 7
27 2 86
23 2 10
73 2 45
10 8 12
14 2 10
30 1 7
25 1 7
63 1 15
40 1 63
14 1 7
37 2 31
10 2 54
22 2 10
52 8 40
22 2 28
63 8 37
10 2 81
62 1 40
24 8 25
7 2 12
17 2 15
7 1 10
39 8 40
56 2 38
30 1 28
36 1 25
85 1 26
72 8 40
50 2 31
25 8 32
42 1 38
37 1 52
28 2 30
72 1 37
16 8 20
51 1 26
37 1 57
17 8 26
45 1 20
56 8 42
25 8 80
85 8 86
37 8 45
72 2 57
50 8 51
7 8 30
51 1 50
57 8 37
10 2 20
14 2 7
15 8 27
7 1 80
40 1 72
17 8 18
7 4 10
25 2 28
64 8 37
37 2 56
40 1 86
27 8 40
26 1 17
80 1 25
29 8 30
56 2 62
31 2 26
13 8 14
14 1 10
7 8 24
10 4 7
10 14 7
25 1 24
48 1 73
25 8 57
73 1 40
7 2 22
45 8 48
20 1 16
25 1 28
22 8 30
86 2 27
15 8 63
7 2 14
7 8 35
108 1 37
30 8 84
63 1 17
81 2 7
53 1 51
28 8 84
37 1 63
24 1 23
17 1 26
30 8 32
81 1 30
73 13 39
40 1 27
20 2 10
62 2 56
37 8 86
80 2 7
7 5 10
26 1 25
33 8 35
7 12 10
36 8 37
10 2 14
39 6 73
40 8 62
49 8 15
86 2 39
81 8 7
7 14 10
17 1 7
40 1 57
28 2 29
30 8 57
28 2 10
11 2 7
25 8 52
30 8 81
80 8 10
45 13 36
10 5 7
7 2 26
57 8 40
54 2 10
85 1 84
22 2 29
14 8 17
108 1 31
55 2 28
10 7 7
42 8 37
7 1 81
37 8 108
84 1 28
86 8 40
11 8 14
30 8 56
26 2 10
10 12 7
14 1 13
84 1 25
39 2 86
10 8 30
37 8 72
32 8 23
50 1 25
12 1 11
10 8 25
56 1 30
17 8 63
25 8 84
15 1 14
53 2 27
23 1 32
14 1 11
12 2 10
26 1 15
30 8 26
31 2 84
7 2 13
26 8 51
13 2 7
7 8 25
10 1 80
30 8 31
7 8 17
36 6 45
26 2 7
20 8 45
10 2 23
51 2 40
25 1 10
12 8 17
37 1 42
10 2 28
37 2 85
40 1 39
7 2 11
40 8 38
31 8 108
37 1 36
73 1 12
73 1 54
29 2 28
45 1 37
? 1 github_cpp_program_data/19/58.cpp

14 8 15
18 1 15
73 8 48
15 1 14
7 11 10
85 2 37
10 8 24
49 2 7
10 1 81
17 1 12
54 1 16
22 2 7
25 1 22
53 8 37
56 2 49
37 1 125
31 8 51
49 1 25
26 2 31
22 2 10
52 8 37
23 2 10
29 8 25
10 8 73
84 2 56
14 2 10
10 8 17
30 1 7
7 2 13
26 1 30
15 1 10
30 8 52
49 8 85
40 1 63
14 1 7
15 1 12
30 1 24
25 1 29
51 1 31
22 8 25
22 2 28
49 8 15
10 2 81
17 1 14
12 8 45
35 8 30
26 1 17
80 2 7
45 2 73
80 8 7
73 1 40
17 2 15
7 1 10
86 2 63
28 8 25
30 1 28
53 1 40
37 1 53
7 7 10
55 2 28
56 2 84
50 2 31
25 8 32
37 1 52
10 2 12
12 1 13
31 2 50
20 2 10
16 1 15
24 1 10
40 1 126
80 2 10
51 1 26
80 1 25
17 8 26
56 8 85
48 1 45
25 8 80
54 2 10
12 8 15
37 8 45
55 8 30
37 2 51
50 8 51
30 1 35
51 1 50
29 2 22
28 2 55
10 2 20
40 8 73
37 2 20
14 2 7
7 1 80
22 2 35
15 8 18
23 1 32
86 8 40
10 8 15
126 8 40
33 1 34
10 4 7
40 1 86
25 1 55
85 8 53
86 1 40
35 2 22
28 2 22
29 8 30
86 1 51
12 1 7
10 8 35
31 2 26
14 1 10
37 1 27
10 14 7
16 8 54
15 1 7
49 8 17
48 1 73
86 1 37
40 8 86
22 2 55
33 2 10
86 8 37
23 8 24
7 2 22
14 8 73
45 8 48
10 2 33
20 1 16
25 1 28
22 8 30
10 2 54
15 8 63
11 8 14
18 8 54
81 2 10
16 1 17
30 8 56
85 2 40
57 1 30
15 1 26
7 2 81
26 2 10
24 2 28
24 1 23
10 8 45
28 2 24
17 1 26
7 4 10
63 8 40
16 8 20
81 1 30
53 1 85
27 8 37
40 2 85
55 2 22
51 2 40
32 1 25
26 8 17
7 5 10
25 8 50
33 8 35
81 2 7
10 2 14
30 1 55
45 1 10
20 2 37
30 8 57
45 1 20
30 8 26
7 2 49
81 8 7
30 8 80
7 14 10
17 1 7
10 8 14
7 8 15
85 1 49
28 2 10
11 2 7
18 2 16
63 2 86
55 8 25
7 8 30
63 1 15
73 2 45
30 8 81
80 8 10
51 2 37
86 2 52
37 8 86
15 8 26
54 2 40
25 8 49
57 8 40
10 8 7
37 1 86
85 1 84
22 2 29
14 8 17
7 8 14
73 1 14
7 8 12
52 2 86
10 7 7
53 2 57
28 2 29
31 1 30
7 1 81
35 1 10
52 1 30
81 8 10
10 2 22
15 1 49
26 8 15
40 1 57
52 2 27
80 1 30
35 1 33
17 8 16
25 8 34
10 2 28
30 1 10
52 2 53
10 12 7
54 8 73
30 1 29
53 1 37
54 1 18
57 2 53
17 8 27
40 1 53
10 8 30
15 2 17
32 8 23
50 1 25
24 8 30
10 8 25
34 8 33
17 1 10
81 1 25
15 8 16
17 1 49
45 1 12
14 1 11
12 2 10
25 1 7
125 8 37
16 2 18
10 2 80
26 8 51
13 2 7
7 8 25
27 2 52
7 2 14
84 8 85
51 8 86
10 1 80
30 8 31
7 8 17
84 1 30
20 8 45
10 2 23
85 1 56
25 1 10
30 8 84
28 2 7
73 1 54
56 1 30
7 2 28
25 8 81
29 2 28
13 8 12
37 2 85
27 1 17
10 2 26
30 1 22
40 2 51
10 11 7
37 8 53
49 2 56
40 2 54
7 2 11
28 8 30
26 1 15
73 1 10
53 8 40
34 1 25
12 8 17
7 2 80
45 1 37
53 2 52
40 8 53
? 1 github_cpp_program_data/19/6.cpp

14 8 15
18 1 15
73 8 48
15 1 14
7 11 10
85 2 37
10 8 24
49 2 7
10 1 81
17 1 12
54 1 16
22 2 7
25 1 22
53 8 37
56 2 49
37 1 125
31 8 51
49 1 25
26 2 31
22 2 10
52 8 37
23 2 10
29 8 25
10 8 73
84 2 56
14 2 10
10 8 17
30 1 7
7 2 13
26 1 30
15 1 10
30 8 52
49 8 85
40 1 63
14 1 7
15 1 12
30 1 24
25 1 29
51 1 31
22 8 25
22 2 28
49 8 15
10 2 81
17 1 14
12 8 45
35 8 30
26 1 17
80 2 7
45 2 73
80 8 7
73 1 40
17 2 15
7 1 10
86 2 63
28 8 25
30 1 28
53 1 40
37 1 53
7 7 10
55 2 28
56 2 84
50 2 31
25 8 32
37 1 52
10 2 12
12 1 13
31 2 50
20 2 10
16 1 15
24 1 10
40 1 126
80 2 10
51 1 26
80 1 25
17 8 26
56 8 85
48 1 45
25 8 80
54 2 10
12 8 15
37 8 45
55 8 30
37 2 51
50 8 51
30 1 35
51 1 50
29 2 22
28 2 55
10 2 20
40 8 73
37 2 20
14 2 7
7 1 80
22 2 35
15 8 18
23 1 32
86 8 40
10 8 15
126 8 40
33 1 34
10 4 7
40 1 86
25 1 55
85 8 53
86 1 40
35 2 22
28 2 22
29 8 30
86 1 51
12 1 7
10 8 35
31 2 26
14 1 10
37 1 27
10 14 7
16 8 54
15 1 7
49 8 17
48 1 73
86 1 37
40 8 86
22 2 55
33 2 10
86 8 37
23 8 24
7 2 22
14 8 73
45 8 48
10 2 33
20 1 16
25 1 28
22 8 30
10 2 54
15 8 63
11 8 14
18 8 54
81 2 10
16 1 17
30 8 56
85 2 40
57 1 30
15 1 26
7 2 81
26 2 10
24 2 28
24 1 23
10 8 45
28 2 24
17 1 26
7 4 10
63 8 40
16 8 20
81 1 30
53 1 85
27 8 37
40 2 85
55 2 22
51 2 40
32 1 25
26 8 17
7 5 10
25 8 50
33 8 35
81 2 7
10 2 14
30 1 55
45 1 10
20 2 37
30 8 57
45 1 20
30 8 26
7 2 49
81 8 7
30 8 80
7 14 10
17 1 7
10 8 14
7 8 15
85 1 49
28 2 10
11 2 7
18 2 16
63 2 86
55 8 25
7 8 30
63 1 15
73 2 45
30 8 81
80 8 10
51 2 37
86 2 52
37 8 86
15 8 26
54 2 40
25 8 49
57 8 40
10 8 7
37 1 86
85 1 84
22 2 29
14 8 17
7 8 14
73 1 14
7 8 12
52 2 86
10 7 7
53 2 57
28 2 29
31 1 30
7 1 81
35 1 10
52 1 30
81 8 10
10 2 22
15 1 49
26 8 15
40 1 57
52 2 27
80 1 30
35 1 33
17 8 16
25 8 34
10 2 28
30 1 10
52 2 53
10 12 7
54 8 73
30 1 29
53 1 37
54 1 18
57 2 53
17 8 27
40 1 53
10 8 30
15 2 17
32 8 23
50 1 25
24 8 30
10 8 25
34 8 33
17 1 10
81 1 25
15 8 16
17 1 49
45 1 12
14 1 11
12 2 10
25 1 7
125 8 37
16 2 18
10 2 80
26 8 51
13 2 7
7 8 25
27 2 52
7 2 14
84 8 85
51 8 86
10 1 80
30 8 31
7 8 17
84 1 30
20 8 45
10 2 23
85 1 56
25 1 10
30 8 84
28 2 7
73 1 54
56 1 30
7 2 28
25 8 81
29 2 28
13 8 12
37 2 85
27 1 17
10 2 26
30 1 22
40 2 51
10 11 7
37 8 53
49 2 56
40 2 54
7 2 11
28 8 30
26 1 15
73 1 10
53 8 40
34 1 25
12 8 17
7 2 80
45 1 37
53 2 52
40 8 53
? 1 github_cpp_program_data/19/7.cpp

