22 1 7
47 1 50
7 2 18
51 2 50
21 2 28
10 2 15
16 1 7
26 1 29
12 2 7
59 1 46
60 1 9
36 2 39
11 2 10
50 1 26
28 2 21
64 2 10
17 1 16
47 1 51
12 2 10
38 1 58
19 2 48
32 1 22
14 1 13
10 2 28
28 2 10
51 1 26
59 1 11
48 2 28
10 1 20
7 1 19
59 1 40
10 2 23
53 6 45
14 1 16
36 1 26
42 1 41
10 5 7
43 1 32
42 1 39
12 1 62
26 1 25
29 2 28
22 1 29
28 2 19
21 2 19
57 2 43
22 1 19
13 1 11
24 1 13
49 1 13
22 1 10
26 1 7
26 1 28
48 1 7
22 1 28
7 2 15
7 2 20
43 1 38
18 1 14
40 1 43
48 1 47
12 1 7
49 2 43
32 2 52
26 1 19
32 2 40
10 2 65
22 1 25
12 1 63
10 2 63
57 1 40
9 2 45
54 1 52
28 2 25
26 1 21
43 1 36
31 1 26
16 1 12
16 1 11
11 1 64
40 1 30
10 2 47
7 2 19
26 1 48
7 1 10
57 1 32
7 2 27
36 2 38
30 2 35
9 1 8
7 1 20
13 1 12
7 4 10
38 1 30
22 1 48
21 1 47
12 1 10
19 2 21
11 1 65
53 1 26
40 1 54
13 1 10
10 2 20
62 2 10
45 1 18
46 1 14
7 7 10
39 1 38
13 1 7
43 2 53
10 1 19
23 1 22
13 1 47
48 1 20
24 2 30
18 2 40
50 2 51
51 1 22
48 1 10
49 2 24
45 2 59
16 1 20
26 1 10
10 7 7
53 1 22
13 1 31
46 2 40
3 1 1
7 5 10
54 1 32
15 1 26
60 1 45
30 1 22
32 1 26
11 1 7
10 1 28
24 2 49
10 4 7
20 1 50
3 2 9
60 1 3
18 1 17
40 1 24
53 6 59
40 1 53
45 1 11
10 1 15
21 1 10
59 1 7
39 2 41
58 1 22
42 1 36
7 2 46
7 1 28
19 2 10
38 1 42
10 2 19
1 2 2
19 2 29
49 1 16
7 1 15
43 2 57
3 1 2
50 1 22
10 1 47
7 1 27
35 2 53
7 2 28
20 1 51
38 1 35
11 1 10
28 2 7
10 1 7
52 1 38
40 1 35
19 2 7
7 2 47
13 1 23
16 1 23
35 1 26
60 1 59
22 1 21
27 1 22
21 1 7
54 2 24
21 1 20
14 2 17
32 2 38
40 1 57
16 2 13
35 1 22
7 1 47
7 2 23
16 1 10
11 2 7
15 1 22
10 2 31
45 1 7
45 1 40
28 2 48
41 1 40
40 1 49
30 1 26
8 1 7
? 1 github_cpp_program_data/17/107.cpp

? 1 github_cpp_program_data/17/114.cpp

44 1 40
22 1 7
47 1 50
7 2 18
51 2 50
34 1 31
21 2 28
49 2 44
16 1 7
26 1 29
12 2 7
59 1 46
31 1 16
36 2 39
50 1 26
60 1 6
19 2 25
28 2 21
17 1 16
47 1 51
12 2 10
40 1 42
14 1 13
10 2 28
28 2 10
51 1 26
59 1 11
48 2 28
10 1 20
7 1 19
14 1 16
46 1 17
30 2 24
36 1 26
42 1 41
42 1 39
26 1 25
42 1 83
22 1 29
28 2 19
41 1 38
22 1 19
13 1 11
49 1 13
40 1 24
26 1 7
26 1 28
21 1 47
22 1 28
6 1 4
42 1 55
3 2 6
18 1 14
59 1 38
52 1 40
6 1 5
48 1 47
12 1 7
32 2 52
26 1 19
28 2 29
10 2 65
22 1 25
45 1 38
83 1 54
22 1 10
12 1 63
44 1 34
10 2 63
83 2 41
54 1 52
55 2 83
26 1 21
16 1 12
16 1 11
59 2 45
40 1 30
10 2 47
42 1 52
7 2 19
26 1 48
7 1 10
11 2 10
30 2 35
50 2 51
7 1 20
31 2 32
55 1 42
13 1 12
38 1 30
22 1 48
48 1 7
18 2 38
12 1 10
45 2 59
54 1 36
6 2 45
10 2 31
13 1 10
10 2 20
45 1 18
46 1 14
4 2 5
13 1 7
7 4 10
10 1 19
39 2 55
23 1 22
48 1 20
17 1 13
24 1 16
51 1 22
48 1 10
45 1 10
7 2 20
26 1 10
19 2 28
10 7 7
3 1 1
34 1 32
7 5 10
30 1 26
49 2 35
60 1 45
30 1 22
52 1 38
11 1 7
10 1 28
34 2 40
10 2 18
46 2 38
24 2 49
17 2 14
10 4 7
20 1 50
10 5 7
38 1 54
60 1 3
18 1 17
19 2 48
42 1 32
38 1 24
45 1 11
31 1 26
21 1 10
59 1 7
54 1 32
42 1 36
7 2 46
7 1 28
19 2 10
35 2 30
10 2 19
1 2 2
12 1 65
24 2 35
3 1 2
50 1 22
7 2 28
33 1 22
20 1 51
38 1 35
39 1 40
11 1 10
28 2 7
10 1 7
32 1 26
40 1 35
19 2 7
7 2 47
45 1 7
16 1 23
35 1 26
60 1 59
22 1 21
21 1 7
21 1 20
14 2 17
38 1 44
7 2 63
13 1 31
35 1 22
7 1 47
23 1 26
7 2 23
54 1 39
11 2 7
38 1 49
34 1 33
48 2 19
28 2 48
32 2 33
? 1 github_cpp_program_data/17/159.cpp

44 1 40
22 1 7
47 1 50
7 2 18
51 2 50
34 1 31
16 1 7
26 1 29
12 2 7
31 1 16
45 1 133
45 1 46
50 1 26
133 2 11
20 1 50
47 1 51
12 2 10
38 1 58
40 1 42
14 1 13
10 2 28
28 2 10
51 1 26
59 1 11
7 1 19
17 1 12
6 2 3
46 1 17
10 5 7
42 1 39
26 1 25
10 2 23
35 2 44
22 1 19
13 1 11
49 1 13
22 1 10
26 1 7
17 1 10
48 1 7
10 1 19
7 2 15
7 2 101
6 1 4
3 2 6
18 1 14
59 1 38
16 1 11
48 1 47
12 1 7
26 1 19
28 2 29
26 1 28
22 1 25
14 1 10
36 2 52
44 1 34
10 2 63
54 1 52
28 2 25
34 2 40
26 1 21
31 1 26
16 1 12
6 1 5
101 1 22
40 1 30
10 2 47
7 2 19
26 1 48
7 1 10
11 2 10
30 2 35
50 2 51
7 2 20
28 2 19
14 1 11
13 1 12
38 1 30
22 1 48
21 1 47
18 2 38
12 1 10
45 2 59
54 1 36
11 1 65
32 2 39
13 1 10
10 2 20
46 1 14
4 2 5
21 1 20
13 1 7
7 4 10
22 1 28
23 1 22
13 1 47
48 1 20
36 1 22
3 2 45
24 1 16
51 1 22
48 1 10
45 1 10
26 1 10
10 7 7
58 6 59
3 1 1
24 2 42
30 1 26
15 1 26
10 2 19
60 1 45
30 1 22
52 1 38
11 1 7
54 2 24
30 2 53
24 2 49
17 2 14
10 4 7
17 1 16
7 5 10
42 2 49
38 1 54
60 1 3
18 1 17
40 1 24
42 1 32
38 1 24
45 1 11
63 2 65
10 1 15
21 1 10
59 1 7
58 1 22
38 1 53
10 2 46
7 1 28
19 2 10
38 1 49
49 2 35
59 1 18
7 2 31
1 2 2
19 2 29
3 1 2
133 1 18
50 1 22
10 1 47
11 1 63
7 2 28
60 1 6
20 1 51
38 1 35
11 1 10
28 2 7
10 1 7
32 1 26
40 1 35
19 2 7
16 1 101
7 2 47
16 1 23
35 1 26
44 2 58
60 1 59
21 1 7
39 1 38
14 2 17
38 1 44
13 1 31
7 1 47
23 1 26
7 2 23
16 1 10
11 2 7
35 2 30
45 1 40
46 2 40
40 1 49
? 1 github_cpp_program_data/17/180.cpp

22 1 7
47 1 50
7 2 18
67 1 36
33 1 28
10 2 15
16 1 7
26 1 29
84 1 11
12 2 7
59 1 46
60 1 9
22 2 19
108 1 7
16 1 31
36 2 39
50 1 26
23 2 36
60 1 6
20 1 50
40 1 54
12 2 10
59 1 12
84 1 7
10 5 7
40 1 42
31 1 22
32 1 22
14 1 13
10 2 28
28 2 10
51 1 26
4 2 5
28 2 22
10 1 15
36 2 40
10 7 7
44 2 30
24 2 84
53 6 45
14 1 16
46 1 17
44 1 38
36 1 26
60 1 84
66 1 26
26 1 25
22 1 29
28 2 19
67 1 66
35 2 30
41 1 38
22 1 19
13 1 11
67 2 40
24 1 13
49 1 13
23 1 13
22 1 10
108 2 45
26 1 7
26 1 28
42 2 44
7 2 15
10 1 27
6 1 4
30 2 43
3 2 6
18 1 14
52 1 40
6 1 5
40 1 43
48 1 47
12 1 7
32 2 52
66 1 22
60 1 24
39 1 40
22 1 25
45 1 38
30 2 69
44 1 34
27 1 26
54 1 41
54 1 52
28 2 25
30 2 35
84 1 18
43 1 36
16 1 12
16 1 11
18 2 40
40 1 30
10 2 47
67 1 23
7 2 19
26 1 48
9 2 24
69 1 67
11 2 10
40 1 69
9 1 8
7 2 20
13 1 12
7 4 10
49 2 30
42 1 56
38 1 30
22 1 48
18 2 38
10 2 27
12 1 10
54 2 35
19 2 26
32 2 39
47 1 51
13 1 10
6 2 9
45 1 18
46 1 14
69 1 38
43 1 40
13 1 7
30 2 44
22 1 28
59 1 38
10 2 46
36 1 22
17 1 13
24 1 16
50 2 51
51 1 22
48 1 10
45 2 59
34 2 38
26 1 10
19 2 28
108 1 46
23 2 32
53 1 22
16 2 13
38 1 69
3 1 1
34 1 32
24 2 42
15 1 26
84 2 108
60 1 45
30 1 22
69 1 40
45 1 12
32 1 26
23 1 16
11 1 7
69 2 53
34 1 23
46 2 38
17 2 14
10 4 7
17 1 16
7 5 10
59 1 10
60 1 3
52 2 41
18 1 17
66 1 19
42 1 32
38 1 24
31 1 26
7 2 27
54 1 32
42 1 36
38 1 53
7 2 46
19 2 10
38 1 49
38 1 42
10 2 19
7 7 10
43 2 42
26 2 28
19 2 29
1 2 2
7 2 31
49 1 16
7 1 15
39 2 56
40 1 44
3 1 2
50 1 22
7 1 27
42 1 39
7 2 28
33 1 22
20 1 51
38 1 35
11 1 10
28 2 7
10 1 7
60 1 108
40 1 35
19 2 7
33 1 26
108 1 12
45 1 7
16 1 23
35 1 26
60 1 59
22 1 21
27 1 22
21 1 7
36 2 66
21 1 20
14 2 17
38 1 44
67 2 38
13 1 31
35 1 22
26 1 19
23 1 26
7 2 23
16 1 10
40 1 49
11 2 7
15 1 22
10 2 31
34 1 33
56 1 40
45 1 40
59 2 45
13 2 16
51 2 50
32 2 33
30 1 26
8 1 7
? 1 github_cpp_program_data/17/184.cpp

22 1 7
47 1 50
7 2 18
51 2 50
21 2 28
10 2 15
16 1 7
26 1 29
12 2 7
59 1 46
60 1 9
36 2 39
11 2 10
50 1 26
28 2 21
64 2 10
17 1 16
47 1 51
12 2 10
38 1 58
19 2 48
32 1 22
14 1 13
10 2 28
28 2 10
51 1 26
59 1 11
48 2 28
10 1 20
7 1 19
59 1 40
10 2 23
53 6 45
14 1 16
36 1 26
42 1 41
10 5 7
43 1 32
42 1 39
12 1 62
26 1 25
29 2 28
22 1 29
28 2 19
21 2 19
57 2 43
22 1 19
13 1 11
24 1 13
49 1 13
22 1 10
26 1 7
26 1 28
48 1 7
22 1 28
7 2 15
7 2 20
43 1 38
18 1 14
40 1 43
48 1 47
12 1 7
49 2 43
32 2 52
26 1 19
32 2 40
10 2 65
22 1 25
12 1 63
10 2 63
57 1 40
9 2 45
54 1 52
28 2 25
26 1 21
43 1 36
31 1 26
16 1 12
16 1 11
11 1 64
40 1 30
10 2 47
7 2 19
26 1 48
7 1 10
57 1 32
7 2 27
36 2 38
30 2 35
9 1 8
7 1 20
13 1 12
7 4 10
38 1 30
22 1 48
21 1 47
12 1 10
19 2 21
11 1 65
53 1 26
40 1 54
13 1 10
10 2 20
62 2 10
45 1 18
46 1 14
7 7 10
39 1 38
13 1 7
43 2 53
10 1 19
23 1 22
13 1 47
48 1 20
24 2 30
18 2 40
50 2 51
51 1 22
48 1 10
49 2 24
45 2 59
16 1 20
26 1 10
10 7 7
53 1 22
13 1 31
46 2 40
3 1 1
7 5 10
54 1 32
15 1 26
60 1 45
30 1 22
32 1 26
11 1 7
10 1 28
24 2 49
10 4 7
20 1 50
3 2 9
60 1 3
18 1 17
40 1 24
53 6 59
40 1 53
45 1 11
10 1 15
21 1 10
59 1 7
39 2 41
58 1 22
42 1 36
7 2 46
7 1 28
19 2 10
38 1 42
10 2 19
1 2 2
19 2 29
49 1 16
7 1 15
43 2 57
3 1 2
50 1 22
10 1 47
7 1 27
35 2 53
7 2 28
20 1 51
38 1 35
11 1 10
28 2 7
10 1 7
52 1 38
40 1 35
19 2 7
7 2 47
13 1 23
16 1 23
35 1 26
60 1 59
22 1 21
27 1 22
21 1 7
54 2 24
21 1 20
14 2 17
32 2 38
40 1 57
16 2 13
35 1 22
7 1 47
7 2 23
16 1 10
11 2 7
15 1 22
10 2 31
45 1 7
45 1 40
28 2 48
41 1 40
40 1 49
30 1 26
8 1 7
? 1 github_cpp_program_data/17/197.cpp

44 1 40
22 1 7
47 1 50
7 2 18
51 2 50
34 1 31
21 2 28
49 2 44
16 1 7
26 1 29
12 2 7
59 1 46
31 1 16
36 2 39
50 1 26
60 1 6
19 2 25
28 2 21
17 1 16
47 1 51
12 2 10
40 1 42
14 1 13
10 2 28
28 2 10
51 1 26
59 1 11
48 2 28
10 1 20
7 1 19
14 1 16
46 1 17
30 2 24
36 1 26
42 1 41
42 1 39
26 1 25
42 1 83
22 1 29
28 2 19
41 1 38
22 1 19
13 1 11
49 1 13
40 1 24
26 1 7
26 1 28
21 1 47
22 1 28
6 1 4
42 1 55
3 2 6
18 1 14
59 1 38
52 1 40
6 1 5
48 1 47
12 1 7
32 2 52
26 1 19
28 2 29
10 2 65
22 1 25
45 1 38
83 1 54
22 1 10
12 1 63
44 1 34
10 2 63
83 2 41
54 1 52
55 2 83
26 1 21
16 1 12
16 1 11
59 2 45
40 1 30
10 2 47
42 1 52
7 2 19
26 1 48
7 1 10
11 2 10
30 2 35
50 2 51
7 1 20
31 2 32
55 1 42
13 1 12
38 1 30
22 1 48
48 1 7
18 2 38
12 1 10
45 2 59
54 1 36
6 2 45
10 2 31
13 1 10
10 2 20
45 1 18
46 1 14
4 2 5
13 1 7
7 4 10
10 1 19
39 2 55
23 1 22
48 1 20
17 1 13
24 1 16
51 1 22
48 1 10
45 1 10
7 2 20
26 1 10
19 2 28
10 7 7
3 1 1
34 1 32
7 5 10
30 1 26
49 2 35
60 1 45
30 1 22
52 1 38
11 1 7
10 1 28
34 2 40
10 2 18
46 2 38
24 2 49
17 2 14
10 4 7
20 1 50
10 5 7
38 1 54
60 1 3
18 1 17
19 2 48
42 1 32
38 1 24
45 1 11
31 1 26
21 1 10
59 1 7
54 1 32
42 1 36
7 2 46
7 1 28
19 2 10
35 2 30
10 2 19
1 2 2
12 1 65
24 2 35
3 1 2
50 1 22
7 2 28
33 1 22
20 1 51
38 1 35
39 1 40
11 1 10
28 2 7
10 1 7
32 1 26
40 1 35
19 2 7
7 2 47
45 1 7
16 1 23
35 1 26
60 1 59
22 1 21
21 1 7
21 1 20
14 2 17
38 1 44
7 2 63
13 1 31
35 1 22
7 1 47
23 1 26
7 2 23
54 1 39
11 2 7
38 1 49
34 1 33
48 2 19
28 2 48
32 2 33
? 1 github_cpp_program_data/17/219.cpp

22 1 7
32 2 66
47 1 50
48 2 19
67 1 36
34 1 31
21 2 28
44 2 69
10 2 15
16 1 7
26 1 29
84 1 11
12 2 7
59 1 46
31 1 16
38 1 26
7 2 18
67 1 31
34 2 38
36 2 39
50 1 26
23 2 36
60 1 6
19 2 25
58 1 22
28 2 21
64 2 10
17 1 16
47 1 51
12 2 10
59 1 12
38 1 58
40 1 42
31 1 22
32 1 22
14 1 13
4 2 5
28 2 10
51 1 26
59 1 11
48 2 28
10 1 20
10 1 15
59 1 40
44 2 30
53 6 45
22 2 26
55 2 83
21 2 19
46 1 17
44 1 38
36 1 26
42 1 41
66 1 26
26 1 25
31 2 32
19 2 48
22 1 29
10 2 23
67 1 66
35 2 30
41 1 38
22 1 19
13 1 11
84 1 18
24 1 13
84 1 12
49 1 13
84 1 10
22 1 10
108 2 45
26 1 7
26 1 28
31 1 13
51 2 50
21 1 47
10 1 19
7 2 15
30 2 58
10 1 27
58 1 26
3 2 6
18 1 14
7 2 20
52 1 40
16 1 11
48 1 47
12 1 7
10 2 7
32 2 52
66 1 22
55 1 54
28 2 29
44 2 35
31 2 36
39 1 40
22 1 25
45 1 38
54 1 83
25 2 28
25 2 19
36 2 52
44 1 34
27 1 26
40 1 26
69 1 34
54 1 52
28 2 25
7 2 47
30 2 35
26 1 21
22 1 38
108 2 84
31 1 26
16 1 12
6 1 5
59 2 45
46 2 40
18 2 40
40 1 30
10 2 47
42 1 52
32 2 39
7 1 10
36 2 33
26 1 48
3 2 84
7 2 19
69 1 67
11 2 10
29 2 28
40 1 69
69 2 58
7 1 20
28 2 19
52 2 55
13 1 12
49 2 44
38 1 30
22 1 48
34 1 36
18 2 38
10 2 27
42 2 24
12 1 10
45 2 59
19 2 21
53 1 26
44 2 53
54 1 55
13 1 10
10 2 20
62 2 10
45 1 18
46 1 14
69 1 38
39 1 38
69 2 49
10 7 7
13 1 7
7 4 10
22 1 28
23 1 22
48 1 20
36 1 22
24 2 30
24 1 16
19 2 29
50 2 51
51 1 22
6 1 4
48 1 10
49 2 24
45 1 10
40 1 58
26 1 10
19 2 28
108 1 46
58 6 59
53 1 22
16 2 13
38 1 69
3 1 1
34 1 32
7 5 10
12 1 64
15 1 26
7 1 47
84 2 108
60 1 45
30 1 22
32 1 26
10 2 28
11 1 7
10 1 28
40 1 22
26 2 22
34 2 40
23 1 26
10 2 18
34 1 23
24 2 49
7 2 23
10 4 7
20 1 50
10 5 7
59 1 10
38 1 54
60 1 3
83 1 42
18 1 17
40 1 24
42 1 32
35 2 53
53 6 59
38 1 24
40 1 53
7 2 31
45 1 11
7 1 19
21 1 10
44 1 67
39 2 41
54 1 32
42 1 36
38 1 53
10 2 46
7 1 28
19 2 10
38 1 49
10 2 19
7 7 10
7 2 27
69 2 44
48 1 7
24 2 58
1 2 2
11 1 62
49 1 16
7 1 15
40 1 44
3 1 2
38 1 22
50 1 22
10 1 47
7 1 27
42 1 39
7 2 28
33 1 22
20 1 51
38 1 35
11 1 10
28 2 7
10 1 7
67 1 32
60 1 108
26 1 38
40 1 35
19 2 7
6 2 3
33 1 26
108 1 12
13 1 23
49 2 69
16 1 23
35 1 26
60 1 59
22 1 21
27 1 22
21 1 7
36 2 66
21 1 20
14 2 17
38 1 44
13 1 31
35 1 22
26 1 19
22 1 40
44 1 40
16 1 10
54 1 39
32 2 33
11 2 7
15 1 22
60 1 84
10 2 31
24 2 44
58 6 45
34 1 33
45 1 7
45 1 40
28 2 48
67 2 38
108 1 10
40 1 49
30 1 26
67 2 40
? 1 github_cpp_program_data/17/225.cpp

22 1 7
47 1 50
7 2 18
51 2 50
21 2 28
10 2 15
16 1 7
26 1 29
12 2 7
59 1 46
60 1 9
36 2 39
11 2 10
50 1 26
28 2 21
64 2 10
17 1 16
47 1 51
12 2 10
38 1 58
19 2 48
32 1 22
14 1 13
10 2 28
28 2 10
51 1 26
59 1 11
48 2 28
10 1 20
7 1 19
59 1 40
10 2 23
53 6 45
14 1 16
36 1 26
42 1 41
10 5 7
43 1 32
42 1 39
12 1 62
26 1 25
29 2 28
22 1 29
28 2 19
21 2 19
57 2 43
22 1 19
13 1 11
24 1 13
49 1 13
22 1 10
26 1 7
26 1 28
48 1 7
22 1 28
7 2 15
7 2 20
43 1 38
18 1 14
40 1 43
48 1 47
12 1 7
49 2 43
32 2 52
26 1 19
32 2 40
10 2 65
22 1 25
12 1 63
10 2 63
57 1 40
9 2 45
54 1 52
28 2 25
26 1 21
43 1 36
31 1 26
16 1 12
16 1 11
11 1 64
40 1 30
10 2 47
7 2 19
26 1 48
7 1 10
57 1 32
7 2 27
36 2 38
30 2 35
9 1 8
7 1 20
13 1 12
7 4 10
38 1 30
22 1 48
21 1 47
12 1 10
19 2 21
11 1 65
53 1 26
40 1 54
13 1 10
10 2 20
62 2 10
45 1 18
46 1 14
7 7 10
39 1 38
13 1 7
43 2 53
10 1 19
23 1 22
13 1 47
48 1 20
24 2 30
18 2 40
50 2 51
51 1 22
48 1 10
49 2 24
45 2 59
16 1 20
26 1 10
10 7 7
53 1 22
13 1 31
46 2 40
3 1 1
7 5 10
54 1 32
15 1 26
60 1 45
30 1 22
32 1 26
11 1 7
10 1 28
24 2 49
10 4 7
20 1 50
3 2 9
60 1 3
18 1 17
40 1 24
53 6 59
40 1 53
45 1 11
10 1 15
21 1 10
59 1 7
39 2 41
58 1 22
42 1 36
7 2 46
7 1 28
19 2 10
38 1 42
10 2 19
1 2 2
19 2 29
49 1 16
7 1 15
43 2 57
3 1 2
50 1 22
10 1 47
7 1 27
35 2 53
7 2 28
20 1 51
38 1 35
11 1 10
28 2 7
10 1 7
52 1 38
40 1 35
19 2 7
7 2 47
13 1 23
16 1 23
35 1 26
60 1 59
22 1 21
27 1 22
21 1 7
54 2 24
21 1 20
14 2 17
32 2 38
40 1 57
16 2 13
35 1 22
7 1 47
7 2 23
16 1 10
11 2 7
15 1 22
10 2 31
45 1 7
45 1 40
28 2 48
41 1 40
40 1 49
30 1 26
8 1 7
? 1 github_cpp_program_data/17/257.cpp

? 1 github_cpp_program_data/17/264.cpp

22 1 7
32 2 66
47 1 50
7 2 18
66 1 26
10 2 15
16 1 7
26 1 29
12 2 7
59 1 46
60 1 9
16 1 31
36 2 39
50 1 26
23 2 36
19 2 25
24 2 69
17 1 16
40 1 54
12 2 10
59 1 12
38 1 58
31 1 22
32 1 22
14 1 13
10 2 28
28 2 10
51 1 26
59 1 11
3 2 9
10 1 15
10 2 23
58 6 45
14 1 16
35 2 44
46 1 17
36 1 26
42 1 41
43 1 32
42 1 39
28 2 7
26 1 25
22 1 29
28 2 19
67 1 66
35 2 30
41 1 38
22 1 19
13 1 11
67 2 40
24 1 13
23 1 13
22 1 10
35 2 42
26 1 7
26 1 28
51 2 50
48 1 7
56 1 38
7 2 15
10 1 27
58 1 26
43 1 38
18 1 14
59 1 38
52 1 40
44 1 40
48 1 47
12 1 7
49 2 43
32 2 52
26 1 19
49 2 54
28 2 29
44 2 35
39 1 40
22 1 25
45 1 38
25 2 28
25 2 19
36 2 52
12 1 63
44 1 34
27 1 26
10 2 63
54 1 41
9 2 45
54 1 52
28 2 25
7 2 47
52 2 56
26 1 21
67 1 23
16 1 12
16 1 11
54 2 44
40 1 30
10 2 47
42 1 52
7 1 10
36 2 33
26 1 48
32 2 38
69 2 35
7 2 19
69 1 67
11 2 10
7 7 10
30 2 35
9 1 8
55 1 42
13 1 12
42 1 56
38 1 30
22 1 48
34 1 36
18 2 38
10 2 27
12 1 10
45 2 59
54 1 36
53 1 26
32 2 39
54 1 55
13 1 10
10 2 20
45 1 18
46 1 14
69 1 38
39 1 38
13 1 7
7 4 10
22 1 28
39 2 55
23 1 22
55 2 41
10 2 46
36 1 22
17 1 13
18 2 40
50 2 51
51 1 22
48 1 10
49 2 24
45 1 10
26 1 10
10 7 7
23 2 32
53 1 22
38 1 69
3 1 1
46 2 38
7 5 10
15 1 26
60 1 45
30 1 22
69 1 40
45 1 12
52 1 38
23 1 16
11 1 7
34 2 40
10 2 18
34 1 23
24 2 49
17 2 14
10 4 7
20 1 50
10 5 7
59 1 10
38 1 54
60 1 3
18 1 17
40 1 24
42 1 32
38 1 24
40 1 53
45 1 11
31 1 26
21 1 10
59 1 7
39 2 41
54 1 32
42 1 36
7 2 46
19 2 10
15 1 22
38 1 42
10 2 19
29 2 19
7 2 27
7 2 31
24 2 35
1 2 2
12 1 65
19 2 29
49 1 16
7 1 15
39 2 56
3 1 2
47 1 51
50 1 22
7 1 27
7 2 28
33 1 22
20 1 51
38 1 35
10 2 65
11 1 10
45 1 7
10 1 7
67 1 32
32 1 26
40 1 35
19 2 7
33 1 26
54 1 56
13 1 23
16 1 23
35 1 26
38 1 43
60 1 59
22 1 21
27 1 22
54 2 49
21 1 20
14 2 17
38 1 44
7 2 63
13 1 31
35 1 22
23 1 26
7 2 23
16 1 10
54 1 39
43 2 54
11 2 7
38 1 49
10 2 31
34 1 33
56 1 40
45 1 40
11 1 63
59 2 45
67 2 38
41 1 40
40 1 49
30 1 26
8 1 7
? 1 github_cpp_program_data/17/291.cpp

? 1 github_cpp_program_data/17/294.cpp

44 1 40
22 1 7
47 1 50
7 2 18
51 2 50
34 1 31
21 2 28
49 2 44
16 1 7
26 1 29
12 2 7
59 1 46
31 1 16
36 2 39
50 1 26
60 1 6
19 2 25
28 2 21
17 1 16
47 1 51
12 2 10
40 1 42
14 1 13
10 2 28
28 2 10
51 1 26
59 1 11
48 2 28
10 1 20
7 1 19
14 1 16
46 1 17
30 2 24
36 1 26
42 1 41
42 1 39
26 1 25
42 1 83
22 1 29
28 2 19
41 1 38
22 1 19
13 1 11
49 1 13
40 1 24
26 1 7
26 1 28
21 1 47
22 1 28
6 1 4
42 1 55
3 2 6
18 1 14
59 1 38
52 1 40
6 1 5
48 1 47
12 1 7
32 2 52
26 1 19
28 2 29
10 2 65
22 1 25
45 1 38
83 1 54
22 1 10
12 1 63
44 1 34
10 2 63
83 2 41
54 1 52
55 2 83
26 1 21
16 1 12
16 1 11
59 2 45
40 1 30
10 2 47
42 1 52
7 2 19
26 1 48
7 1 10
11 2 10
30 2 35
50 2 51
7 1 20
31 2 32
55 1 42
13 1 12
38 1 30
22 1 48
48 1 7
18 2 38
12 1 10
45 2 59
54 1 36
6 2 45
10 2 31
13 1 10
10 2 20
45 1 18
46 1 14
4 2 5
13 1 7
7 4 10
10 1 19
39 2 55
23 1 22
48 1 20
17 1 13
24 1 16
51 1 22
48 1 10
45 1 10
7 2 20
26 1 10
19 2 28
10 7 7
3 1 1
34 1 32
7 5 10
30 1 26
49 2 35
60 1 45
30 1 22
52 1 38
11 1 7
10 1 28
34 2 40
10 2 18
46 2 38
24 2 49
17 2 14
10 4 7
20 1 50
10 5 7
38 1 54
60 1 3
18 1 17
19 2 48
42 1 32
38 1 24
45 1 11
31 1 26
21 1 10
59 1 7
54 1 32
42 1 36
7 2 46
7 1 28
19 2 10
35 2 30
10 2 19
1 2 2
12 1 65
24 2 35
3 1 2
50 1 22
7 2 28
33 1 22
20 1 51
38 1 35
39 1 40
11 1 10
28 2 7
10 1 7
32 1 26
40 1 35
19 2 7
7 2 47
45 1 7
16 1 23
35 1 26
60 1 59
22 1 21
21 1 7
21 1 20
14 2 17
38 1 44
7 2 63
13 1 31
35 1 22
7 1 47
23 1 26
7 2 23
54 1 39
11 2 7
38 1 49
34 1 33
48 2 19
28 2 48
32 2 33
? 1 github_cpp_program_data/17/309.cpp

22 1 7
32 2 66
47 1 50
7 2 18
67 1 36
49 2 44
10 2 15
16 1 7
26 1 29
12 2 7
59 1 46
60 1 9
67 1 31
16 1 31
36 2 39
50 1 26
19 2 25
57 1 38
24 2 69
44 2 43
20 1 50
47 1 51
12 2 10
31 1 22
32 1 22
14 1 13
10 2 28
28 2 10
89 2 19
51 1 26
59 1 11
10 1 20
7 1 19
28 2 25
53 6 45
22 2 26
14 1 16
21 2 19
26 1 89
44 1 38
36 1 26
42 1 41
43 1 32
66 1 26
26 1 25
31 2 32
22 1 29
10 2 23
67 1 66
22 1 19
13 1 11
24 1 13
49 1 13
23 1 13
22 1 10
26 1 7
26 1 28
31 1 13
51 2 50
21 1 47
10 1 19
7 2 15
10 1 27
6 1 4
3 2 6
18 1 14
59 1 38
52 1 40
16 1 11
48 1 47
12 1 7
66 1 22
28 2 29
32 2 40
31 2 36
45 1 38
36 2 52
44 1 34
27 1 26
10 2 63
9 2 45
54 1 52
89 1 20
7 2 47
26 1 21
31 1 26
16 1 12
6 1 5
40 1 30
10 2 47
7 2 19
26 1 48
7 1 10
69 1 67
11 2 10
36 2 38
30 2 35
9 1 8
7 1 20
28 2 19
28 2 21
13 1 12
7 4 10
38 1 30
22 1 48
48 1 7
18 2 38
10 2 27
12 1 10
44 2 49
54 1 36
53 1 26
10 2 31
13 1 10
10 2 20
6 2 9
45 1 18
46 1 14
4 2 5
39 1 38
43 1 40
13 1 7
38 1 57
22 1 28
23 1 22
48 1 20
36 1 22
17 1 13
26 1 90
24 1 16
50 2 51
51 1 22
48 1 10
49 2 24
45 2 59
7 2 20
26 1 10
10 7 7
23 2 32
34 2 38
13 1 31
38 1 69
3 1 1
34 1 32
7 5 10
15 1 26
49 2 35
60 1 45
30 1 22
69 1 40
45 1 12
11 1 7
10 1 28
40 1 22
7 2 65
26 2 22
23 1 26
34 1 23
46 2 38
24 2 49
17 2 14
10 4 7
17 1 16
10 5 7
59 1 10
38 1 54
60 1 3
18 1 17
40 1 26
38 1 24
45 1 11
10 1 15
21 1 10
57 2 24
7 2 27
39 2 41
19 2 90
42 1 36
38 1 53
10 2 46
19 2 10
15 1 22
38 1 42
10 2 19
7 7 10
57 1 36
19 2 29
1 2 2
69 2 53
12 1 65
7 2 31
49 1 16
7 1 15
43 2 57
3 1 2
23 1 28
50 1 22
10 1 47
7 1 27
42 1 39
7 2 28
60 1 6
20 1 51
35 2 69
38 1 35
11 1 10
28 2 7
10 1 7
67 1 32
35 2 30
90 1 47
40 1 35
19 2 7
33 1 26
13 1 23
35 1 26
38 1 43
60 1 59
22 1 21
27 1 22
21 1 7
36 2 66
21 1 20
14 2 17
38 1 44
46 1 17
16 2 13
35 1 22
26 1 19
22 1 40
7 2 23
16 1 10
22 2 28
32 2 33
11 2 7
38 1 49
28 2 26
24 2 44
34 1 33
45 1 7
67 2 40
11 1 63
59 2 45
41 1 40
40 1 49
30 1 26
8 1 7
? 1 github_cpp_program_data/17/32.cpp

22 1 7
47 1 50
7 2 18
67 1 36
34 1 31
10 2 15
16 1 7
26 1 29
1 2 73
12 2 7
59 1 46
60 1 9
38 1 26
17 2 14
73 2 74
16 1 31
50 1 26
23 2 36
60 1 6
19 2 25
17 1 16
47 1 51
73 1 10
59 1 12
40 1 42
32 1 22
14 1 13
10 2 28
28 2 10
51 1 26
59 1 11
4 2 5
10 1 15
59 1 40
22 2 26
14 1 16
46 1 17
44 1 38
36 1 26
42 1 41
66 1 26
26 1 25
10 1 7
22 1 29
10 2 23
67 1 66
41 1 38
22 1 19
13 1 11
24 1 13
22 1 10
26 1 7
26 1 28
43 2 69
31 1 13
48 1 7
56 1 38
7 2 15
10 1 27
6 1 4
3 2 6
18 1 14
23 1 22
52 1 40
16 1 11
48 1 47
12 1 7
49 2 43
26 1 19
28 2 29
44 2 35
27 1 26
39 1 40
22 1 25
45 1 38
36 2 52
12 1 63
44 1 34
75 1 1
75 2 45
54 1 52
28 2 25
7 2 47
52 2 56
26 1 21
43 1 36
16 1 12
6 1 5
59 2 45
18 2 40
40 1 30
10 2 47
67 1 23
7 2 19
26 1 48
7 1 10
69 1 67
11 2 10
30 2 35
9 1 8
7 2 20
75 1 73
13 1 12
49 2 30
38 1 30
18 2 38
10 2 27
12 1 10
45 2 59
54 1 36
11 1 65
32 2 39
40 1 54
13 1 10
10 2 20
12 2 10
45 1 18
46 1 14
69 1 38
43 1 40
13 1 7
7 4 10
22 1 28
59 1 38
36 2 40
36 1 22
24 2 30
17 1 13
24 1 16
50 2 51
51 1 22
48 1 10
49 2 24
45 1 10
26 1 10
19 2 28
10 7 7
9 2 75
34 2 38
38 1 69
3 1 1
34 1 32
7 5 10
30 1 26
49 2 35
60 1 45
30 1 22
32 1 26
11 1 7
7 2 65
26 2 22
34 2 40
10 2 18
46 2 38
24 2 49
44 1 40
10 4 7
20 1 50
10 5 7
59 1 10
60 1 3
24 2 54
18 1 17
40 1 24
42 1 32
38 1 24
45 1 11
63 2 65
31 1 26
21 1 10
7 2 27
39 2 41
15 1 26
10 2 46
19 2 10
15 1 22
10 2 19
7 7 10
69 2 44
60 1 75
1 2 2
7 2 31
49 1 16
7 1 15
40 1 44
3 1 2
38 1 22
50 1 22
11 1 63
42 1 39
7 2 28
33 1 22
20 1 51
38 1 35
11 1 10
28 2 7
31 2 32
35 2 30
26 1 38
40 1 35
19 2 7
33 1 26
54 1 56
13 1 23
16 1 23
35 1 26
38 1 43
60 1 59
22 1 21
27 1 22
21 1 7
36 2 66
21 1 20
14 2 17
38 1 44
7 2 63
13 1 31
35 1 22
6 2 9
23 1 26
7 2 23
16 1 10
40 1 49
11 2 7
38 1 49
10 2 31
34 1 33
45 1 7
45 1 40
7 1 27
46 2 40
67 2 38
51 2 50
32 2 33
75 1 74
8 1 7
? 1 github_cpp_program_data/17/335.cpp

22 1 7
32 2 66
47 1 50
48 2 19
67 1 36
34 1 31
21 2 28
44 2 69
10 2 15
16 1 7
26 1 29
84 1 11
12 2 7
59 1 46
31 1 16
38 1 26
7 2 18
67 1 31
34 2 38
36 2 39
50 1 26
23 2 36
60 1 6
19 2 25
58 1 22
28 2 21
64 2 10
17 1 16
47 1 51
12 2 10
59 1 12
38 1 58
40 1 42
31 1 22
32 1 22
14 1 13
4 2 5
28 2 10
51 1 26
59 1 11
48 2 28
10 1 20
10 1 15
59 1 40
44 2 30
53 6 45
22 2 26
55 2 83
21 2 19
46 1 17
44 1 38
36 1 26
42 1 41
66 1 26
26 1 25
31 2 32
19 2 48
22 1 29
10 2 23
67 1 66
35 2 30
41 1 38
22 1 19
13 1 11
84 1 18
24 1 13
84 1 12
49 1 13
84 1 10
22 1 10
108 2 45
26 1 7
26 1 28
31 1 13
51 2 50
21 1 47
10 1 19
7 2 15
30 2 58
10 1 27
58 1 26
3 2 6
18 1 14
7 2 20
52 1 40
16 1 11
48 1 47
12 1 7
10 2 7
32 2 52
66 1 22
55 1 54
28 2 29
44 2 35
31 2 36
39 1 40
22 1 25
45 1 38
54 1 83
25 2 28
25 2 19
36 2 52
44 1 34
27 1 26
40 1 26
69 1 34
54 1 52
28 2 25
7 2 47
30 2 35
26 1 21
22 1 38
108 2 84
31 1 26
16 1 12
6 1 5
59 2 45
46 2 40
18 2 40
40 1 30
10 2 47
42 1 52
32 2 39
7 1 10
36 2 33
26 1 48
3 2 84
7 2 19
69 1 67
11 2 10
29 2 28
40 1 69
69 2 58
7 1 20
28 2 19
52 2 55
13 1 12
49 2 44
38 1 30
22 1 48
34 1 36
18 2 38
10 2 27
42 2 24
12 1 10
45 2 59
19 2 21
53 1 26
44 2 53
54 1 55
13 1 10
10 2 20
62 2 10
45 1 18
46 1 14
69 1 38
39 1 38
69 2 49
10 7 7
13 1 7
7 4 10
22 1 28
23 1 22
48 1 20
36 1 22
24 2 30
24 1 16
19 2 29
50 2 51
51 1 22
6 1 4
48 1 10
49 2 24
45 1 10
40 1 58
26 1 10
19 2 28
108 1 46
58 6 59
53 1 22
16 2 13
38 1 69
3 1 1
34 1 32
7 5 10
12 1 64
15 1 26
7 1 47
84 2 108
60 1 45
30 1 22
32 1 26
10 2 28
11 1 7
10 1 28
40 1 22
26 2 22
34 2 40
23 1 26
10 2 18
34 1 23
24 2 49
7 2 23
10 4 7
20 1 50
10 5 7
59 1 10
38 1 54
60 1 3
83 1 42
18 1 17
40 1 24
42 1 32
35 2 53
53 6 59
38 1 24
40 1 53
7 2 31
45 1 11
7 1 19
21 1 10
44 1 67
39 2 41
54 1 32
42 1 36
38 1 53
10 2 46
7 1 28
19 2 10
38 1 49
10 2 19
7 7 10
7 2 27
69 2 44
48 1 7
24 2 58
1 2 2
11 1 62
49 1 16
7 1 15
40 1 44
3 1 2
38 1 22
50 1 22
10 1 47
7 1 27
42 1 39
7 2 28
33 1 22
20 1 51
38 1 35
11 1 10
28 2 7
10 1 7
67 1 32
60 1 108
26 1 38
40 1 35
19 2 7
6 2 3
33 1 26
108 1 12
13 1 23
49 2 69
16 1 23
35 1 26
60 1 59
22 1 21
27 1 22
21 1 7
36 2 66
21 1 20
14 2 17
38 1 44
13 1 31
35 1 22
26 1 19
22 1 40
44 1 40
16 1 10
54 1 39
32 2 33
11 2 7
15 1 22
60 1 84
10 2 31
24 2 44
58 6 45
34 1 33
45 1 7
45 1 40
28 2 48
67 2 38
108 1 10
40 1 49
30 1 26
67 2 40
? 1 github_cpp_program_data/17/345.cpp

60 1 88
47 1 50
62 2 7
51 2 50
34 1 31
49 2 44
16 1 7
26 1 29
12 2 7
27 1 26
132 1 131
67 1 31
16 1 31
50 1 26
19 2 25
28 2 21
24 2 69
12 2 10
143 1 49
32 1 22
30 1 26
34 2 40
48 2 28
10 1 20
10 1 15
59 1 40
33 1 26
131 1 10
44 1 38
36 1 26
66 1 26
72 1 71
26 1 25
35 2 44
12 1 62
22 1 19
13 1 11
88 2 128
23 1 13
26 1 28
87 1 59
48 1 7
7 2 15
10 1 27
58 1 26
6 1 5
38 1 24
60 1 128
26 1 19
31 2 36
39 1 40
22 1 25
9 2 132
25 2 19
128 1 10
128 1 134
30 2 49
69 1 34
54 1 52
87 1 91
16 1 11
11 1 64
21 1 10
10 2 7
7 2 19
69 1 67
11 2 10
133 2 12
50 2 51
16 1 20
40 1 86
52 2 41
38 1 30
69 2 54
18 2 38
44 2 49
54 1 36
87 1 72
19 2 21
11 1 65
10 2 40
10 2 20
17 1 11
45 1 18
91 1 40
4 2 5
45 1 11
59 1 133
22 1 28
40 1 69
18 2 40
54 2 58
48 1 10
49 2 24
7 1 20
19 2 28
10 7 7
53 1 22
38 1 69
3 1 1
34 1 32
40 1 143
71 1 48
91 1 118
60 1 45
30 1 22
69 1 40
45 1 12
32 1 26
10 2 28
10 2 18
34 1 23
24 2 49
17 2 14
10 4 7
20 1 50
59 1 10
38 1 142
40 1 24
42 1 32
36 2 66
47 2 20
35 2 24
24 2 35
44 2 24
64 2 40
38 1 85
10 2 46
7 1 28
19 2 10
118 2 38
38 1 42
49 2 35
11 1 62
19 2 29
49 1 16
60 1 132
40 1 44
3 1 2
85 2 87
11 1 63
40 1 110
7 2 28
60 1 6
38 1 35
11 1 10
133 1 46
7 2 10
31 2 32
40 1 38
77 1 47
134 2 10
19 2 7
13 1 23
49 2 69
35 1 26
60 1 59
21 1 20
14 2 17
48 2 21
7 2 63
128 2 59
13 1 31
35 1 22
142 1 49
30 2 24
23 1 26
35 2 30
10 2 31
34 1 33
48 2 19
28 2 48
67 2 38
32 2 33
24 2 45
22 1 7
7 2 18
67 1 36
26 1 77
21 2 28
10 2 15
62 2 10
59 1 46
60 1 9
132 2 24
45 1 46
58 6 45
33 1 22
72 1 40
47 1 51
59 1 12
38 1 58
31 1 22
38 2 53
14 1 13
69 1 38
28 2 10
51 1 26
36 2 52
7 1 19
14 1 16
6 2 3
46 1 17
59 1 64
28 2 7
10 1 7
22 1 29
10 2 23
67 1 66
41 1 38
45 2 59
24 1 13
49 1 13
22 1 10
26 1 7
17 1 10
31 1 13
21 1 47
110 2 143
91 2 45
71 2 40
7 2 20
6 1 4
88 1 10
3 2 6
18 1 14
72 1 7
128 1 40
45 2 88
48 1 47
12 1 7
66 1 22
10 2 38
28 2 29
60 1 24
72 1 18
10 2 65
45 1 38
25 2 28
77 1 20
12 1 63
44 1 34
24 2 58
10 2 63
54 1 41
28 2 25
30 2 35
26 1 21
16 1 12
46 2 71
40 1 30
10 2 47
21 2 48
7 1 10
26 1 48
9 1 8
40 1 58
14 1 11
13 1 12
40 1 54
91 1 38
22 1 48
10 2 27
72 1 10
12 1 10
45 1 10
32 2 39
6 2 9
13 1 10
21 1 7
46 1 14
7 7 10
59 1 7
13 1 7
7 4 10
10 1 19
23 1 22
72 2 91
48 1 20
36 1 22
24 2 30
24 1 16
110 1 91
51 1 22
49 2 30
46 2 118
26 1 10
91 1 71
58 6 59
23 2 32
34 2 38
7 5 10
58 1 22
88 1 38
7 1 47
52 1 40
46 2 64
11 1 7
10 1 28
7 2 65
30 2 53
46 2 38
17 1 16
10 5 7
60 1 3
19 2 48
53 6 59
40 1 53
31 1 26
44 1 67
10 2 19
69 2 30
91 1 46
7 2 46
15 1 22
29 2 19
59 1 18
91 2 72
1 2 2
12 1 65
7 2 31
7 1 15
14 1 7
50 1 22
10 1 47
42 1 39
20 1 51
45 1 7
29 2 28
28 2 19
118 1 48
40 1 35
72 2 59
64 2 7
7 2 47
35 2 49
16 1 23
22 1 21
71 1 21
63 2 62
59 2 45
91 1 7
38 1 87
7 2 23
16 1 10
13 1 20
86 2 110
40 1 49
11 2 7
38 1 49
134 1 18
110 1 45
46 2 40
143 1 24
18 2 71
8 1 7
87 2 142
? 1 github_cpp_program_data/17/358.cpp

44 1 40
22 1 7
47 1 50
7 2 18
51 2 50
34 1 31
16 1 7
26 1 29
12 2 7
31 1 16
45 1 133
45 1 46
50 1 26
133 2 11
20 1 50
47 1 51
12 2 10
38 1 58
40 1 42
14 1 13
10 2 28
28 2 10
51 1 26
59 1 11
7 1 19
17 1 12
6 2 3
46 1 17
10 5 7
42 1 39
26 1 25
10 2 23
35 2 44
22 1 19
13 1 11
49 1 13
22 1 10
26 1 7
17 1 10
48 1 7
10 1 19
7 2 15
7 2 101
6 1 4
3 2 6
18 1 14
59 1 38
16 1 11
48 1 47
12 1 7
26 1 19
28 2 29
26 1 28
22 1 25
14 1 10
36 2 52
44 1 34
10 2 63
54 1 52
28 2 25
34 2 40
26 1 21
31 1 26
16 1 12
6 1 5
101 1 22
40 1 30
10 2 47
7 2 19
26 1 48
7 1 10
11 2 10
30 2 35
50 2 51
7 2 20
28 2 19
14 1 11
13 1 12
38 1 30
22 1 48
21 1 47
18 2 38
12 1 10
45 2 59
54 1 36
11 1 65
32 2 39
13 1 10
10 2 20
46 1 14
4 2 5
21 1 20
13 1 7
7 4 10
22 1 28
23 1 22
13 1 47
48 1 20
36 1 22
3 2 45
24 1 16
51 1 22
48 1 10
45 1 10
26 1 10
10 7 7
58 6 59
3 1 1
24 2 42
30 1 26
15 1 26
10 2 19
60 1 45
30 1 22
52 1 38
11 1 7
54 2 24
30 2 53
24 2 49
17 2 14
10 4 7
17 1 16
7 5 10
42 2 49
38 1 54
60 1 3
18 1 17
40 1 24
42 1 32
38 1 24
45 1 11
63 2 65
10 1 15
21 1 10
59 1 7
58 1 22
38 1 53
10 2 46
7 1 28
19 2 10
38 1 49
49 2 35
59 1 18
7 2 31
1 2 2
19 2 29
3 1 2
133 1 18
50 1 22
10 1 47
11 1 63
7 2 28
60 1 6
20 1 51
38 1 35
11 1 10
28 2 7
10 1 7
32 1 26
40 1 35
19 2 7
16 1 101
7 2 47
16 1 23
35 1 26
44 2 58
60 1 59
21 1 7
39 1 38
14 2 17
38 1 44
13 1 31
7 1 47
23 1 26
7 2 23
16 1 10
11 2 7
35 2 30
45 1 40
46 2 40
40 1 49
? 1 github_cpp_program_data/17/360.cpp

22 1 7
47 1 50
7 2 18
67 1 36
34 1 31
10 2 15
16 1 7
26 1 29
1 2 73
12 2 7
59 1 46
60 1 9
38 1 26
17 2 14
73 2 74
16 1 31
50 1 26
23 2 36
60 1 6
19 2 25
17 1 16
47 1 51
73 1 10
59 1 12
40 1 42
32 1 22
14 1 13
10 2 28
28 2 10
51 1 26
59 1 11
4 2 5
10 1 15
59 1 40
22 2 26
14 1 16
46 1 17
44 1 38
36 1 26
42 1 41
66 1 26
26 1 25
10 1 7
22 1 29
10 2 23
67 1 66
41 1 38
22 1 19
13 1 11
24 1 13
22 1 10
26 1 7
26 1 28
43 2 69
31 1 13
48 1 7
56 1 38
7 2 15
10 1 27
6 1 4
3 2 6
18 1 14
23 1 22
52 1 40
16 1 11
48 1 47
12 1 7
49 2 43
26 1 19
28 2 29
44 2 35
27 1 26
39 1 40
22 1 25
45 1 38
36 2 52
12 1 63
44 1 34
75 1 1
75 2 45
54 1 52
28 2 25
7 2 47
52 2 56
26 1 21
43 1 36
16 1 12
6 1 5
59 2 45
18 2 40
40 1 30
10 2 47
67 1 23
7 2 19
26 1 48
7 1 10
69 1 67
11 2 10
30 2 35
9 1 8
7 2 20
75 1 73
13 1 12
49 2 30
38 1 30
18 2 38
10 2 27
12 1 10
45 2 59
54 1 36
11 1 65
32 2 39
40 1 54
13 1 10
10 2 20
12 2 10
45 1 18
46 1 14
69 1 38
43 1 40
13 1 7
7 4 10
22 1 28
59 1 38
36 2 40
36 1 22
24 2 30
17 1 13
24 1 16
50 2 51
51 1 22
48 1 10
49 2 24
45 1 10
26 1 10
19 2 28
10 7 7
9 2 75
34 2 38
38 1 69
3 1 1
34 1 32
7 5 10
30 1 26
49 2 35
60 1 45
30 1 22
32 1 26
11 1 7
7 2 65
26 2 22
34 2 40
10 2 18
46 2 38
24 2 49
44 1 40
10 4 7
20 1 50
10 5 7
59 1 10
60 1 3
24 2 54
18 1 17
40 1 24
42 1 32
38 1 24
45 1 11
63 2 65
31 1 26
21 1 10
7 2 27
39 2 41
15 1 26
10 2 46
19 2 10
15 1 22
10 2 19
7 7 10
69 2 44
60 1 75
1 2 2
7 2 31
49 1 16
7 1 15
40 1 44
3 1 2
38 1 22
50 1 22
11 1 63
42 1 39
7 2 28
33 1 22
20 1 51
38 1 35
11 1 10
28 2 7
31 2 32
35 2 30
26 1 38
40 1 35
19 2 7
33 1 26
54 1 56
13 1 23
16 1 23
35 1 26
38 1 43
60 1 59
22 1 21
27 1 22
21 1 7
36 2 66
21 1 20
14 2 17
38 1 44
7 2 63
13 1 31
35 1 22
6 2 9
23 1 26
7 2 23
16 1 10
40 1 49
11 2 7
38 1 49
10 2 31
34 1 33
45 1 7
45 1 40
7 1 27
46 2 40
67 2 38
51 2 50
32 2 33
75 1 74
8 1 7
? 1 github_cpp_program_data/17/365.cpp

24 2 45
22 1 7
47 1 50
51 2 50
34 1 31
60 1 49
26 1 29
1 2 73
59 1 46
31 1 16
119 1 32
73 2 74
50 1 26
19 2 25
57 1 38
17 1 16
47 1 51
73 1 10
59 1 12
31 1 22
32 1 22
30 1 26
10 2 28
34 2 40
51 1 26
10 1 15
36 2 40
10 2 15
53 6 45
22 2 26
14 1 16
46 1 17
36 1 26
43 1 32
26 1 25
22 1 29
10 2 23
57 2 43
22 1 19
13 1 11
24 1 13
38 1 26
22 1 10
26 1 7
26 1 28
7 2 27
7 2 15
10 1 27
6 1 4
30 2 43
3 2 6
18 1 14
59 1 38
6 1 5
48 1 47
12 1 7
26 1 19
119 1 41
28 2 29
44 2 35
60 1 24
22 1 25
45 1 38
25 2 28
44 1 34
27 1 26
40 1 30
26 1 21
43 1 36
16 1 12
16 1 11
22 1 119
10 2 47
6 2 9
7 2 19
26 1 48
11 2 10
36 2 38
50 2 51
7 2 20
30 2 53
75 1 73
13 1 12
7 4 10
49 2 30
38 1 30
22 1 48
18 2 38
10 2 27
45 2 59
60 1 9
32 2 39
19 2 119
13 1 10
10 2 20
12 2 10
45 1 18
46 1 14
4 2 5
43 1 40
13 1 7
38 1 57
22 1 28
23 1 22
35 2 30
17 1 13
18 2 40
9 1 8
51 1 22
48 1 10
49 2 24
45 1 10
26 1 10
19 2 28
10 7 7
9 2 75
53 1 22
3 1 1
34 1 32
75 2 24
15 1 26
39 1 26
60 1 45
30 1 22
45 1 12
32 1 26
33 1 26
14 1 13
26 2 22
28 2 10
10 2 18
41 1 26
24 2 49
17 2 14
10 4 7
20 1 50
7 5 10
59 1 10
60 1 3
18 1 17
38 1 24
40 1 53
45 1 11
31 1 26
21 1 10
119 1 39
39 2 41
46 2 38
30 2 57
43 2 30
10 2 46
19 2 10
15 1 22
10 2 19
7 7 10
57 1 36
60 1 75
1 2 2
7 2 31
49 1 16
7 1 15
32 2 40
3 1 2
38 1 22
50 1 22
11 1 63
7 2 28
75 1 1
60 1 6
20 1 51
38 1 35
11 1 10
28 2 7
31 2 32
26 1 38
40 1 35
11 1 7
16 1 23
35 1 26
38 1 43
60 1 59
22 1 21
27 1 22
21 1 7
21 1 20
14 2 17
38 1 44
7 2 63
13 1 31
35 1 22
23 1 26
44 1 40
16 1 10
11 2 7
38 1 49
10 2 31
34 1 33
45 1 40
7 1 27
59 2 45
32 2 33
75 1 74
8 1 7
? 1 github_cpp_program_data/17/368.cpp

44 1 40
22 1 7
47 1 50
7 2 18
51 2 50
34 1 31
21 2 28
49 2 44
16 1 7
26 1 29
12 2 7
59 1 46
31 1 16
36 2 39
50 1 26
60 1 6
19 2 25
28 2 21
17 1 16
47 1 51
12 2 10
40 1 42
14 1 13
10 2 28
28 2 10
51 1 26
59 1 11
48 2 28
10 1 20
7 1 19
14 1 16
46 1 17
30 2 24
36 1 26
42 1 41
42 1 39
26 1 25
42 1 83
22 1 29
28 2 19
41 1 38
22 1 19
13 1 11
49 1 13
40 1 24
26 1 7
26 1 28
21 1 47
22 1 28
6 1 4
42 1 55
3 2 6
18 1 14
59 1 38
52 1 40
6 1 5
48 1 47
12 1 7
32 2 52
26 1 19
28 2 29
10 2 65
22 1 25
45 1 38
83 1 54
22 1 10
12 1 63
44 1 34
10 2 63
83 2 41
54 1 52
55 2 83
26 1 21
16 1 12
16 1 11
59 2 45
40 1 30
10 2 47
42 1 52
7 2 19
26 1 48
7 1 10
11 2 10
30 2 35
50 2 51
7 1 20
31 2 32
55 1 42
13 1 12
38 1 30
22 1 48
48 1 7
18 2 38
12 1 10
45 2 59
54 1 36
6 2 45
10 2 31
13 1 10
10 2 20
45 1 18
46 1 14
4 2 5
13 1 7
7 4 10
10 1 19
39 2 55
23 1 22
48 1 20
17 1 13
24 1 16
51 1 22
48 1 10
45 1 10
7 2 20
26 1 10
19 2 28
10 7 7
3 1 1
34 1 32
7 5 10
30 1 26
49 2 35
60 1 45
30 1 22
52 1 38
11 1 7
10 1 28
34 2 40
10 2 18
46 2 38
24 2 49
17 2 14
10 4 7
20 1 50
10 5 7
38 1 54
60 1 3
18 1 17
19 2 48
42 1 32
38 1 24
45 1 11
31 1 26
21 1 10
59 1 7
54 1 32
42 1 36
7 2 46
7 1 28
19 2 10
35 2 30
10 2 19
1 2 2
12 1 65
24 2 35
3 1 2
50 1 22
7 2 28
33 1 22
20 1 51
38 1 35
39 1 40
11 1 10
28 2 7
10 1 7
32 1 26
40 1 35
19 2 7
7 2 47
45 1 7
16 1 23
35 1 26
60 1 59
22 1 21
21 1 7
21 1 20
14 2 17
38 1 44
7 2 63
13 1 31
35 1 22
7 1 47
23 1 26
7 2 23
54 1 39
11 2 7
38 1 49
34 1 33
48 2 19
28 2 48
32 2 33
? 1 github_cpp_program_data/17/39.cpp

22 1 7
47 1 50
9 2 45
34 1 31
10 2 15
16 1 7
12 2 7
31 1 16
45 1 133
16 1 31
50 1 26
33 1 22
57 1 38
40 1 54
12 2 10
10 5 7
40 1 42
31 1 22
32 1 22
16 1 20
30 1 26
10 2 28
28 2 10
51 1 26
3 2 9
10 1 15
36 2 40
13 1 10
10 7 7
14 1 16
46 1 17
44 1 38
36 1 26
43 1 32
42 1 39
26 1 25
22 1 29
10 2 23
21 2 19
57 2 43
41 1 38
22 1 19
13 1 11
24 1 13
49 1 13
60 1 9
40 1 24
26 1 7
61 1 12
26 1 28
21 1 47
10 1 19
7 2 20
58 1 26
18 1 14
52 1 40
40 1 43
48 1 47
12 1 7
49 2 43
32 2 52
26 1 19
32 2 40
31 2 36
45 1 46
22 1 10
140 2 7
44 1 34
54 1 41
54 1 52
28 2 25
43 1 36
16 1 12
16 1 11
40 1 30
10 2 47
7 2 19
36 2 33
7 1 10
11 2 10
36 2 38
133 2 12
50 2 51
40 1 58
28 2 19
14 1 11
13 1 12
52 2 41
38 1 30
22 1 48
34 1 36
12 1 10
40 1 57
32 2 39
10 2 31
7 1 140
10 2 20
58 6 45
46 1 14
7 7 10
21 1 20
43 1 40
13 1 7
22 1 28
23 1 22
36 1 22
17 1 13
9 1 8
51 1 22
48 1 10
49 2 24
7 1 20
26 1 10
19 2 28
53 1 22
34 2 38
40 1 61
13 1 31
3 1 1
24 2 42
54 1 32
60 1 45
45 1 12
32 1 26
11 1 7
61 2 49
24 2 49
17 2 14
10 4 7
20 1 50
7 5 10
42 2 49
60 1 3
19 2 48
42 1 32
31 1 26
21 1 10
15 1 26
38 1 53
7 2 46
7 1 28
19 2 10
10 2 19
57 1 36
1 2 2
7 2 31
61 1 10
49 1 16
43 2 57
40 1 44
3 1 2
47 1 51
14 1 7
133 1 18
50 1 22
7 2 28
24 2 61
20 1 51
38 1 35
11 1 10
28 2 7
10 1 7
19 2 7
7 2 47
13 1 23
16 1 23
35 1 26
44 2 58
22 1 21
21 1 7
39 1 38
7 4 10
16 2 13
35 1 22
7 1 47
23 1 26
7 2 23
16 1 10
43 2 44
11 2 7
35 2 30
34 1 33
45 1 7
45 1 40
46 2 40
40 1 49
8 1 7
? 1 github_cpp_program_data/17/396.cpp

60 1 88
47 1 50
62 2 7
51 2 50
34 1 31
49 2 44
16 1 7
26 1 29
12 2 7
27 1 26
132 1 131
67 1 31
16 1 31
50 1 26
19 2 25
28 2 21
24 2 69
12 2 10
143 1 49
32 1 22
30 1 26
34 2 40
48 2 28
10 1 20
10 1 15
59 1 40
33 1 26
131 1 10
44 1 38
36 1 26
66 1 26
72 1 71
26 1 25
35 2 44
12 1 62
22 1 19
13 1 11
88 2 128
23 1 13
26 1 28
87 1 59
48 1 7
7 2 15
10 1 27
58 1 26
6 1 5
38 1 24
60 1 128
26 1 19
31 2 36
39 1 40
22 1 25
9 2 132
25 2 19
128 1 10
128 1 134
30 2 49
69 1 34
54 1 52
87 1 91
16 1 11
11 1 64
21 1 10
10 2 7
7 2 19
69 1 67
11 2 10
133 2 12
50 2 51
16 1 20
40 1 86
52 2 41
38 1 30
69 2 54
18 2 38
44 2 49
54 1 36
87 1 72
19 2 21
11 1 65
10 2 40
10 2 20
17 1 11
45 1 18
91 1 40
4 2 5
45 1 11
59 1 133
22 1 28
40 1 69
18 2 40
54 2 58
48 1 10
49 2 24
7 1 20
19 2 28
10 7 7
53 1 22
38 1 69
3 1 1
34 1 32
40 1 143
71 1 48
91 1 118
60 1 45
30 1 22
69 1 40
45 1 12
32 1 26
10 2 28
10 2 18
34 1 23
24 2 49
17 2 14
10 4 7
20 1 50
59 1 10
38 1 142
40 1 24
42 1 32
36 2 66
47 2 20
35 2 24
24 2 35
44 2 24
64 2 40
38 1 85
10 2 46
7 1 28
19 2 10
118 2 38
38 1 42
49 2 35
11 1 62
19 2 29
49 1 16
60 1 132
40 1 44
3 1 2
85 2 87
11 1 63
40 1 110
7 2 28
60 1 6
38 1 35
11 1 10
133 1 46
7 2 10
31 2 32
40 1 38
77 1 47
134 2 10
19 2 7
13 1 23
49 2 69
35 1 26
60 1 59
21 1 20
14 2 17
48 2 21
7 2 63
128 2 59
13 1 31
35 1 22
142 1 49
30 2 24
23 1 26
35 2 30
10 2 31
34 1 33
48 2 19
28 2 48
67 2 38
32 2 33
24 2 45
22 1 7
7 2 18
67 1 36
26 1 77
21 2 28
10 2 15
62 2 10
59 1 46
60 1 9
132 2 24
45 1 46
58 6 45
33 1 22
72 1 40
47 1 51
59 1 12
38 1 58
31 1 22
38 2 53
14 1 13
69 1 38
28 2 10
51 1 26
36 2 52
7 1 19
14 1 16
6 2 3
46 1 17
59 1 64
28 2 7
10 1 7
22 1 29
10 2 23
67 1 66
41 1 38
45 2 59
24 1 13
49 1 13
22 1 10
26 1 7
17 1 10
31 1 13
21 1 47
110 2 143
91 2 45
71 2 40
7 2 20
6 1 4
88 1 10
3 2 6
18 1 14
72 1 7
128 1 40
45 2 88
48 1 47
12 1 7
66 1 22
10 2 38
28 2 29
60 1 24
72 1 18
10 2 65
45 1 38
25 2 28
77 1 20
12 1 63
44 1 34
24 2 58
10 2 63
54 1 41
28 2 25
30 2 35
26 1 21
16 1 12
46 2 71
40 1 30
10 2 47
21 2 48
7 1 10
26 1 48
9 1 8
40 1 58
14 1 11
13 1 12
40 1 54
91 1 38
22 1 48
10 2 27
72 1 10
12 1 10
45 1 10
32 2 39
6 2 9
13 1 10
21 1 7
46 1 14
7 7 10
59 1 7
13 1 7
7 4 10
10 1 19
23 1 22
72 2 91
48 1 20
36 1 22
24 2 30
24 1 16
110 1 91
51 1 22
49 2 30
46 2 118
26 1 10
91 1 71
58 6 59
23 2 32
34 2 38
7 5 10
58 1 22
88 1 38
7 1 47
52 1 40
46 2 64
11 1 7
10 1 28
7 2 65
30 2 53
46 2 38
17 1 16
10 5 7
60 1 3
19 2 48
53 6 59
40 1 53
31 1 26
44 1 67
10 2 19
69 2 30
91 1 46
7 2 46
15 1 22
29 2 19
59 1 18
91 2 72
1 2 2
12 1 65
7 2 31
7 1 15
14 1 7
50 1 22
10 1 47
42 1 39
20 1 51
45 1 7
29 2 28
28 2 19
118 1 48
40 1 35
72 2 59
64 2 7
7 2 47
35 2 49
16 1 23
22 1 21
71 1 21
63 2 62
59 2 45
91 1 7
38 1 87
7 2 23
16 1 10
13 1 20
86 2 110
40 1 49
11 2 7
38 1 49
134 1 18
110 1 45
46 2 40
143 1 24
18 2 71
8 1 7
87 2 142
? 1 github_cpp_program_data/17/418.cpp

44 1 40
22 1 7
47 1 50
7 2 18
51 2 50
34 1 31
21 2 28
49 2 44
16 1 7
26 1 29
12 2 7
59 1 46
31 1 16
36 2 39
50 1 26
60 1 6
19 2 25
28 2 21
17 1 16
47 1 51
12 2 10
40 1 42
14 1 13
10 2 28
28 2 10
51 1 26
59 1 11
48 2 28
10 1 20
7 1 19
14 1 16
46 1 17
30 2 24
36 1 26
42 1 41
42 1 39
26 1 25
42 1 83
22 1 29
28 2 19
41 1 38
22 1 19
13 1 11
49 1 13
40 1 24
26 1 7
26 1 28
21 1 47
22 1 28
6 1 4
42 1 55
3 2 6
18 1 14
59 1 38
52 1 40
6 1 5
48 1 47
12 1 7
32 2 52
26 1 19
28 2 29
10 2 65
22 1 25
45 1 38
83 1 54
22 1 10
12 1 63
44 1 34
10 2 63
83 2 41
54 1 52
55 2 83
26 1 21
16 1 12
16 1 11
59 2 45
40 1 30
10 2 47
42 1 52
7 2 19
26 1 48
7 1 10
11 2 10
30 2 35
50 2 51
7 1 20
31 2 32
55 1 42
13 1 12
38 1 30
22 1 48
48 1 7
18 2 38
12 1 10
45 2 59
54 1 36
6 2 45
10 2 31
13 1 10
10 2 20
45 1 18
46 1 14
4 2 5
13 1 7
7 4 10
10 1 19
39 2 55
23 1 22
48 1 20
17 1 13
24 1 16
51 1 22
48 1 10
45 1 10
7 2 20
26 1 10
19 2 28
10 7 7
3 1 1
34 1 32
7 5 10
30 1 26
49 2 35
60 1 45
30 1 22
52 1 38
11 1 7
10 1 28
34 2 40
10 2 18
46 2 38
24 2 49
17 2 14
10 4 7
20 1 50
10 5 7
38 1 54
60 1 3
18 1 17
19 2 48
42 1 32
38 1 24
45 1 11
31 1 26
21 1 10
59 1 7
54 1 32
42 1 36
7 2 46
7 1 28
19 2 10
35 2 30
10 2 19
1 2 2
12 1 65
24 2 35
3 1 2
50 1 22
7 2 28
33 1 22
20 1 51
38 1 35
39 1 40
11 1 10
28 2 7
10 1 7
32 1 26
40 1 35
19 2 7
7 2 47
45 1 7
16 1 23
35 1 26
60 1 59
22 1 21
21 1 7
21 1 20
14 2 17
38 1 44
7 2 63
13 1 31
35 1 22
7 1 47
23 1 26
7 2 23
54 1 39
11 2 7
38 1 49
34 1 33
48 2 19
28 2 48
32 2 33
? 1 github_cpp_program_data/17/429.cpp

22 1 7
32 2 66
7 2 18
66 1 26
34 1 31
16 1 7
26 1 29
49 1 63
12 2 7
59 1 46
43 2 42
10 4 7
16 1 31
36 2 39
50 1 26
60 1 6
19 2 25
28 2 21
40 1 54
12 2 10
59 1 12
21 1 47
40 1 42
31 1 22
32 1 22
14 1 13
4 2 5
28 2 10
51 1 26
36 2 52
7 1 19
28 2 25
65 2 16
44 2 30
19 2 89
87 1 49
63 2 13
26 1 89
44 1 38
36 1 26
42 1 41
43 1 32
42 1 39
28 2 7
13 2 65
26 1 25
19 2 48
22 1 29
10 2 23
67 1 66
57 2 43
41 1 38
22 1 19
13 1 11
24 1 13
49 1 13
49 1 65
23 1 13
22 1 10
26 1 7
26 1 28
60 1 106
48 1 7
22 1 28
6 1 4
43 1 38
18 1 14
59 1 38
52 1 40
16 1 11
40 1 43
48 1 47
12 1 7
32 2 52
26 1 19
28 2 29
32 2 40
31 2 36
39 1 40
22 1 25
42 2 35
106 1 38
25 2 28
12 1 63
44 1 34
10 2 63
57 1 40
54 1 52
89 1 20
7 2 47
52 2 56
26 1 21
16 1 12
6 1 5
56 1 38
18 2 40
40 1 30
10 2 47
67 1 23
7 2 19
36 2 33
26 1 48
32 2 38
10 2 7
69 1 67
11 2 10
49 2 57
7 7 10
30 2 35
7 2 20
28 2 19
13 1 12
38 1 30
22 1 48
34 1 36
3 2 6
12 1 10
30 2 42
54 1 36
11 1 65
53 1 26
87 1 24
10 2 20
45 1 18
69 1 38
21 1 20
43 1 40
13 1 7
38 1 57
10 1 19
23 1 22
36 2 40
48 1 20
36 1 22
17 1 13
24 1 16
51 1 22
48 1 10
49 2 24
45 2 59
26 1 10
19 2 28
10 7 7
23 2 32
34 2 38
38 1 69
3 1 1
34 1 32
7 5 10
30 2 44
30 1 26
7 1 10
49 2 35
60 1 45
6 2 106
30 1 22
32 1 26
10 2 28
33 1 26
10 1 28
7 2 65
34 2 40
54 2 42
34 1 23
46 2 38
24 2 49
44 1 40
106 2 45
20 1 50
10 5 7
59 1 10
42 2 49
60 1 3
42 2 53
40 1 24
38 1 24
40 1 53
57 1 32
45 1 11
31 1 26
21 1 10
7 2 38
39 2 41
54 1 32
42 1 36
69 2 30
10 2 46
7 1 28
19 2 10
35 2 30
38 1 42
10 2 19
29 2 19
57 1 36
19 2 29
1 2 2
12 1 65
7 2 31
49 1 16
44 2 35
3 1 2
16 2 63
47 1 51
50 1 22
11 1 63
7 2 28
43 2 57
33 1 22
53 6 45
35 2 69
38 1 35
10 2 65
11 1 10
106 1 7
7 2 10
10 1 7
67 1 32
40 1 35
19 2 7
11 1 7
24 2 43
54 1 56
16 1 23
35 1 26
38 1 43
60 1 59
22 1 21
21 1 7
39 1 38
7 4 10
38 1 44
46 1 17
7 2 63
13 1 31
35 1 22
38 1 87
23 1 26
7 2 23
16 1 10
32 2 33
11 2 7
38 1 49
10 2 31
34 1 33
45 1 7
45 1 40
67 2 38
40 1 49
? 1 github_cpp_program_data/17/430.cpp

22 1 7
32 2 66
47 1 50
7 2 18
67 1 36
44 2 35
34 1 31
21 2 28
49 2 44
10 2 15
16 1 7
26 1 29
12 2 7
56 1 40
31 1 16
38 1 26
67 1 31
16 1 31
36 2 39
11 2 10
50 1 26
23 2 36
60 1 6
19 2 25
17 1 16
47 1 51
12 2 10
59 1 12
40 1 42
31 1 22
32 1 22
14 1 13
4 2 5
28 2 10
51 1 26
59 1 11
26 1 27
7 2 23
10 1 15
59 1 40
44 2 30
10 2 23
53 6 45
22 2 26
14 1 16
21 2 19
46 1 17
44 1 38
36 1 26
42 1 41
43 1 32
66 1 26
26 1 25
31 2 32
22 1 29
28 2 19
67 1 66
41 1 38
59 1 46
13 1 11
67 2 40
24 1 13
22 1 19
49 1 13
60 1 9
23 1 13
22 1 10
26 1 7
26 1 28
31 1 13
48 1 7
27 2 7
7 2 27
7 2 15
10 1 27
6 1 4
3 2 6
18 1 14
59 1 38
52 1 40
16 1 11
48 1 47
12 1 7
32 2 52
66 1 22
10 2 38
28 2 29
32 2 40
31 2 36
39 1 40
22 1 25
54 1 32
44 2 58
30 2 69
65 2 63
36 2 52
12 1 63
44 1 34
27 1 26
10 2 63
40 1 26
9 2 45
69 1 34
54 1 52
28 2 25
7 2 47
30 2 35
26 1 21
42 1 52
16 1 12
6 1 5
59 2 45
46 2 40
18 2 40
40 1 30
10 2 47
22 1 38
7 2 19
36 2 33
26 1 48
69 1 67
44 1 67
7 7 10
40 1 69
9 1 8
40 1 58
13 1 12
7 4 10
49 2 30
52 2 41
38 1 30
22 1 48
34 1 36
18 2 38
10 2 27
12 1 10
45 2 59
54 1 36
19 2 21
11 1 65
53 1 26
32 2 39
10 2 31
13 1 10
10 2 20
6 2 9
45 1 18
46 1 14
69 1 38
39 1 38
43 1 40
13 1 7
43 2 53
22 1 28
23 1 22
36 1 22
17 1 13
24 1 16
50 2 51
51 1 22
48 1 10
49 2 24
45 1 10
7 2 20
26 1 10
19 2 28
10 7 7
23 2 32
34 2 38
38 1 69
3 1 1
34 1 32
7 5 10
15 1 26
60 1 45
35 2 44
30 1 22
69 1 40
45 1 12
32 1 26
23 1 16
11 1 7
7 2 65
26 2 22
23 1 26
54 2 42
34 1 23
46 2 38
24 2 49
17 2 14
10 4 7
20 1 50
10 5 7
42 2 49
38 1 54
60 1 3
24 2 54
18 1 17
40 1 24
42 1 32
38 1 24
19 2 27
45 1 11
63 2 65
31 1 26
21 1 10
69 2 54
59 1 7
39 2 41
58 1 22
42 1 36
69 2 30
38 1 53
7 2 46
19 2 10
38 1 49
38 1 42
10 2 19
29 2 19
19 2 29
24 2 35
1 2 2
10 2 28
12 1 65
7 2 31
49 1 16
7 1 15
39 2 56
40 1 44
3 1 2
38 1 22
50 1 22
11 1 63
42 1 39
7 2 28
33 1 22
20 1 51
38 1 35
10 2 65
11 1 10
28 2 7
10 1 7
67 1 32
35 2 30
40 1 35
19 2 7
45 1 38
33 1 26
24 2 43
54 1 56
13 1 23
35 2 49
16 1 23
35 1 26
38 1 43
60 1 59
22 1 21
27 1 22
21 1 7
36 2 66
21 1 20
14 2 17
38 1 44
13 1 31
35 1 22
26 1 19
30 2 24
27 2 10
22 1 40
44 1 40
16 1 10
54 1 39
32 2 33
11 2 7
15 1 22
10 2 40
24 2 44
58 6 45
34 1 33
45 1 7
45 1 40
7 1 27
10 2 18
51 2 50
40 1 49
30 1 26
8 1 7
? 1 github_cpp_program_data/17/433.cpp

22 1 7
47 1 50
51 2 50
34 1 31
10 2 15
16 1 7
26 1 29
12 2 7
59 1 46
60 1 9
45 1 133
45 1 46
36 2 39
50 1 26
15 1 22
33 1 22
19 2 25
133 2 11
47 1 51
12 2 10
59 1 12
31 1 22
32 1 22
30 1 26
10 2 28
28 2 10
51 1 26
36 2 52
10 1 15
17 1 12
59 1 134
10 2 23
42 2 30
14 1 16
46 1 17
42 1 41
43 1 32
42 1 39
10 1 7
43 2 44
28 2 19
57 2 43
22 1 19
13 1 11
49 1 13
22 1 10
26 1 7
26 1 28
48 1 7
7 2 15
10 1 27
6 1 4
43 1 38
18 1 14
59 1 38
52 1 40
44 1 40
48 1 47
12 1 7
26 1 19
32 2 40
22 1 25
45 1 38
16 1 31
14 1 10
12 1 63
44 1 34
27 1 26
10 2 63
57 1 40
9 2 45
54 1 52
28 2 25
133 2 12
26 1 21
43 1 36
134 2 12
16 1 12
6 1 5
59 2 45
17 1 10
40 1 30
10 2 47
7 2 19
26 1 48
32 2 38
7 1 10
57 1 32
11 2 10
36 2 38
30 2 35
9 1 8
7 2 20
14 1 11
7 4 10
49 2 30
38 1 30
22 1 48
10 2 27
12 1 10
45 2 59
54 1 36
10 2 31
13 1 10
15 2 7
46 1 14
4 2 5
39 1 38
13 1 7
38 1 57
22 1 28
23 1 22
10 2 46
36 1 22
17 1 13
24 1 16
50 2 51
51 1 22
48 1 10
49 2 24
45 1 10
26 1 10
19 2 28
10 7 7
3 2 6
3 1 1
34 1 32
7 5 10
15 1 26
60 1 45
30 1 22
45 1 12
32 1 26
11 1 7
34 2 40
46 2 38
24 2 49
17 2 14
10 4 7
20 1 50
10 5 7
59 1 10
38 1 54
60 1 3
18 1 17
40 1 24
38 1 24
45 1 11
31 1 26
7 2 27
39 2 41
42 1 36
7 2 46
19 2 10
35 2 30
38 1 42
10 2 19
7 7 10
7 2 31
1 2 2
19 2 29
24 2 35
7 1 15
43 2 57
19 2 15
3 1 2
14 1 7
133 1 18
50 1 22
7 1 27
7 2 28
60 1 6
20 1 51
34 1 33
38 1 35
11 1 10
28 2 7
31 2 32
40 1 35
19 2 7
7 2 47
24 2 43
13 1 23
16 1 23
35 1 26
38 1 43
60 1 59
22 1 21
27 1 22
21 1 7
21 1 20
14 2 17
38 1 44
13 1 31
35 1 22
23 1 26
7 2 23
16 1 10
26 1 15
40 1 49
11 2 7
38 1 49
6 2 9
134 1 18
45 1 7
45 1 40
46 2 40
41 1 40
32 2 33
8 1 7
? 1 github_cpp_program_data/17/439.cpp

60 1 88
47 1 50
62 2 7
51 2 50
34 1 31
49 2 44
16 1 7
26 1 29
12 2 7
27 1 26
132 1 131
67 1 31
16 1 31
50 1 26
19 2 25
28 2 21
24 2 69
12 2 10
143 1 49
32 1 22
30 1 26
34 2 40
48 2 28
10 1 20
10 1 15
59 1 40
33 1 26
131 1 10
44 1 38
36 1 26
66 1 26
72 1 71
26 1 25
35 2 44
12 1 62
22 1 19
13 1 11
88 2 128
23 1 13
26 1 28
87 1 59
48 1 7
7 2 15
10 1 27
58 1 26
6 1 5
38 1 24
60 1 128
26 1 19
31 2 36
39 1 40
22 1 25
9 2 132
25 2 19
128 1 10
128 1 134
30 2 49
69 1 34
54 1 52
87 1 91
16 1 11
11 1 64
21 1 10
10 2 7
7 2 19
69 1 67
11 2 10
133 2 12
50 2 51
16 1 20
40 1 86
52 2 41
38 1 30
69 2 54
18 2 38
44 2 49
54 1 36
87 1 72
19 2 21
11 1 65
10 2 40
10 2 20
17 1 11
45 1 18
91 1 40
4 2 5
45 1 11
59 1 133
22 1 28
40 1 69
18 2 40
54 2 58
48 1 10
49 2 24
7 1 20
19 2 28
10 7 7
53 1 22
38 1 69
3 1 1
34 1 32
40 1 143
71 1 48
91 1 118
60 1 45
30 1 22
69 1 40
45 1 12
32 1 26
10 2 28
10 2 18
34 1 23
24 2 49
17 2 14
10 4 7
20 1 50
59 1 10
38 1 142
40 1 24
42 1 32
36 2 66
47 2 20
35 2 24
24 2 35
44 2 24
64 2 40
38 1 85
10 2 46
7 1 28
19 2 10
118 2 38
38 1 42
49 2 35
11 1 62
19 2 29
49 1 16
60 1 132
40 1 44
3 1 2
85 2 87
11 1 63
40 1 110
7 2 28
60 1 6
38 1 35
11 1 10
133 1 46
7 2 10
31 2 32
40 1 38
77 1 47
134 2 10
19 2 7
13 1 23
49 2 69
35 1 26
60 1 59
21 1 20
14 2 17
48 2 21
7 2 63
128 2 59
13 1 31
35 1 22
142 1 49
30 2 24
23 1 26
35 2 30
10 2 31
34 1 33
48 2 19
28 2 48
67 2 38
32 2 33
24 2 45
22 1 7
7 2 18
67 1 36
26 1 77
21 2 28
10 2 15
62 2 10
59 1 46
60 1 9
132 2 24
45 1 46
58 6 45
33 1 22
72 1 40
47 1 51
59 1 12
38 1 58
31 1 22
38 2 53
14 1 13
69 1 38
28 2 10
51 1 26
36 2 52
7 1 19
14 1 16
6 2 3
46 1 17
59 1 64
28 2 7
10 1 7
22 1 29
10 2 23
67 1 66
41 1 38
45 2 59
24 1 13
49 1 13
22 1 10
26 1 7
17 1 10
31 1 13
21 1 47
110 2 143
91 2 45
71 2 40
7 2 20
6 1 4
88 1 10
3 2 6
18 1 14
72 1 7
128 1 40
45 2 88
48 1 47
12 1 7
66 1 22
10 2 38
28 2 29
60 1 24
72 1 18
10 2 65
45 1 38
25 2 28
77 1 20
12 1 63
44 1 34
24 2 58
10 2 63
54 1 41
28 2 25
30 2 35
26 1 21
16 1 12
46 2 71
40 1 30
10 2 47
21 2 48
7 1 10
26 1 48
9 1 8
40 1 58
14 1 11
13 1 12
40 1 54
91 1 38
22 1 48
10 2 27
72 1 10
12 1 10
45 1 10
32 2 39
6 2 9
13 1 10
21 1 7
46 1 14
7 7 10
59 1 7
13 1 7
7 4 10
10 1 19
23 1 22
72 2 91
48 1 20
36 1 22
24 2 30
24 1 16
110 1 91
51 1 22
49 2 30
46 2 118
26 1 10
91 1 71
58 6 59
23 2 32
34 2 38
7 5 10
58 1 22
88 1 38
7 1 47
52 1 40
46 2 64
11 1 7
10 1 28
7 2 65
30 2 53
46 2 38
17 1 16
10 5 7
60 1 3
19 2 48
53 6 59
40 1 53
31 1 26
44 1 67
10 2 19
69 2 30
91 1 46
7 2 46
15 1 22
29 2 19
59 1 18
91 2 72
1 2 2
12 1 65
7 2 31
7 1 15
14 1 7
50 1 22
10 1 47
42 1 39
20 1 51
45 1 7
29 2 28
28 2 19
118 1 48
40 1 35
72 2 59
64 2 7
7 2 47
35 2 49
16 1 23
22 1 21
71 1 21
63 2 62
59 2 45
91 1 7
38 1 87
7 2 23
16 1 10
13 1 20
86 2 110
40 1 49
11 2 7
38 1 49
134 1 18
110 1 45
46 2 40
143 1 24
18 2 71
8 1 7
87 2 142
? 1 github_cpp_program_data/17/448.cpp

44 1 40
22 1 7
47 1 50
7 2 18
51 2 50
34 1 31
16 1 7
26 1 29
12 2 7
31 1 16
45 1 133
45 1 46
50 1 26
133 2 11
20 1 50
47 1 51
12 2 10
38 1 58
40 1 42
14 1 13
10 2 28
28 2 10
51 1 26
59 1 11
7 1 19
17 1 12
6 2 3
46 1 17
10 5 7
42 1 39
26 1 25
10 2 23
35 2 44
22 1 19
13 1 11
49 1 13
22 1 10
26 1 7
17 1 10
48 1 7
10 1 19
7 2 15
7 2 101
6 1 4
3 2 6
18 1 14
59 1 38
16 1 11
48 1 47
12 1 7
26 1 19
28 2 29
26 1 28
22 1 25
14 1 10
36 2 52
44 1 34
10 2 63
54 1 52
28 2 25
34 2 40
26 1 21
31 1 26
16 1 12
6 1 5
101 1 22
40 1 30
10 2 47
7 2 19
26 1 48
7 1 10
11 2 10
30 2 35
50 2 51
7 2 20
28 2 19
14 1 11
13 1 12
38 1 30
22 1 48
21 1 47
18 2 38
12 1 10
45 2 59
54 1 36
11 1 65
32 2 39
13 1 10
10 2 20
46 1 14
4 2 5
21 1 20
13 1 7
7 4 10
22 1 28
23 1 22
13 1 47
48 1 20
36 1 22
3 2 45
24 1 16
51 1 22
48 1 10
45 1 10
26 1 10
10 7 7
58 6 59
3 1 1
24 2 42
30 1 26
15 1 26
10 2 19
60 1 45
30 1 22
52 1 38
11 1 7
54 2 24
30 2 53
24 2 49
17 2 14
10 4 7
17 1 16
7 5 10
42 2 49
38 1 54
60 1 3
18 1 17
40 1 24
42 1 32
38 1 24
45 1 11
63 2 65
10 1 15
21 1 10
59 1 7
58 1 22
38 1 53
10 2 46
7 1 28
19 2 10
38 1 49
49 2 35
59 1 18
7 2 31
1 2 2
19 2 29
3 1 2
133 1 18
50 1 22
10 1 47
11 1 63
7 2 28
60 1 6
20 1 51
38 1 35
11 1 10
28 2 7
10 1 7
32 1 26
40 1 35
19 2 7
16 1 101
7 2 47
16 1 23
35 1 26
44 2 58
60 1 59
21 1 7
39 1 38
14 2 17
38 1 44
13 1 31
7 1 47
23 1 26
7 2 23
16 1 10
11 2 7
35 2 30
45 1 40
46 2 40
40 1 49
? 1 github_cpp_program_data/17/450.cpp

22 1 7
47 1 50
9 2 45
34 1 31
10 2 15
16 1 7
12 2 7
31 1 16
45 1 133
16 1 31
50 1 26
33 1 22
57 1 38
40 1 54
12 2 10
10 5 7
40 1 42
31 1 22
32 1 22
16 1 20
30 1 26
10 2 28
28 2 10
51 1 26
3 2 9
10 1 15
36 2 40
13 1 10
10 7 7
14 1 16
46 1 17
44 1 38
36 1 26
43 1 32
42 1 39
26 1 25
22 1 29
10 2 23
21 2 19
57 2 43
41 1 38
22 1 19
13 1 11
24 1 13
49 1 13
60 1 9
40 1 24
26 1 7
61 1 12
26 1 28
21 1 47
10 1 19
7 2 20
58 1 26
18 1 14
52 1 40
40 1 43
48 1 47
12 1 7
49 2 43
32 2 52
26 1 19
32 2 40
31 2 36
45 1 46
22 1 10
140 2 7
44 1 34
54 1 41
54 1 52
28 2 25
43 1 36
16 1 12
16 1 11
40 1 30
10 2 47
7 2 19
36 2 33
7 1 10
11 2 10
36 2 38
133 2 12
50 2 51
40 1 58
28 2 19
14 1 11
13 1 12
52 2 41
38 1 30
22 1 48
34 1 36
12 1 10
40 1 57
32 2 39
10 2 31
7 1 140
10 2 20
58 6 45
46 1 14
7 7 10
21 1 20
43 1 40
13 1 7
22 1 28
23 1 22
36 1 22
17 1 13
9 1 8
51 1 22
48 1 10
49 2 24
7 1 20
26 1 10
19 2 28
53 1 22
34 2 38
40 1 61
13 1 31
3 1 1
24 2 42
54 1 32
60 1 45
45 1 12
32 1 26
11 1 7
61 2 49
24 2 49
17 2 14
10 4 7
20 1 50
7 5 10
42 2 49
60 1 3
19 2 48
42 1 32
31 1 26
21 1 10
15 1 26
38 1 53
7 2 46
7 1 28
19 2 10
10 2 19
57 1 36
1 2 2
7 2 31
61 1 10
49 1 16
43 2 57
40 1 44
3 1 2
47 1 51
14 1 7
133 1 18
50 1 22
7 2 28
24 2 61
20 1 51
38 1 35
11 1 10
28 2 7
10 1 7
19 2 7
7 2 47
13 1 23
16 1 23
35 1 26
44 2 58
22 1 21
21 1 7
39 1 38
7 4 10
16 2 13
35 1 22
7 1 47
23 1 26
7 2 23
16 1 10
43 2 44
11 2 7
35 2 30
34 1 33
45 1 7
45 1 40
46 2 40
40 1 49
8 1 7
? 1 github_cpp_program_data/17/456.cpp

22 1 7
47 1 50
51 2 50
34 1 31
10 2 15
16 1 7
26 1 29
12 2 7
59 1 46
60 1 9
45 1 133
45 1 46
36 2 39
50 1 26
15 1 22
33 1 22
19 2 25
133 2 11
47 1 51
12 2 10
59 1 12
31 1 22
32 1 22
30 1 26
10 2 28
28 2 10
51 1 26
36 2 52
10 1 15
17 1 12
59 1 134
10 2 23
42 2 30
14 1 16
46 1 17
42 1 41
43 1 32
42 1 39
10 1 7
43 2 44
28 2 19
57 2 43
22 1 19
13 1 11
49 1 13
22 1 10
26 1 7
26 1 28
48 1 7
7 2 15
10 1 27
6 1 4
43 1 38
18 1 14
59 1 38
52 1 40
44 1 40
48 1 47
12 1 7
26 1 19
32 2 40
22 1 25
45 1 38
16 1 31
14 1 10
12 1 63
44 1 34
27 1 26
10 2 63
57 1 40
9 2 45
54 1 52
28 2 25
133 2 12
26 1 21
43 1 36
134 2 12
16 1 12
6 1 5
59 2 45
17 1 10
40 1 30
10 2 47
7 2 19
26 1 48
32 2 38
7 1 10
57 1 32
11 2 10
36 2 38
30 2 35
9 1 8
7 2 20
14 1 11
7 4 10
49 2 30
38 1 30
22 1 48
10 2 27
12 1 10
45 2 59
54 1 36
10 2 31
13 1 10
15 2 7
46 1 14
4 2 5
39 1 38
13 1 7
38 1 57
22 1 28
23 1 22
10 2 46
36 1 22
17 1 13
24 1 16
50 2 51
51 1 22
48 1 10
49 2 24
45 1 10
26 1 10
19 2 28
10 7 7
3 2 6
3 1 1
34 1 32
7 5 10
15 1 26
60 1 45
30 1 22
45 1 12
32 1 26
11 1 7
34 2 40
46 2 38
24 2 49
17 2 14
10 4 7
20 1 50
10 5 7
59 1 10
38 1 54
60 1 3
18 1 17
40 1 24
38 1 24
45 1 11
31 1 26
7 2 27
39 2 41
42 1 36
7 2 46
19 2 10
35 2 30
38 1 42
10 2 19
7 7 10
7 2 31
1 2 2
19 2 29
24 2 35
7 1 15
43 2 57
19 2 15
3 1 2
14 1 7
133 1 18
50 1 22
7 1 27
7 2 28
60 1 6
20 1 51
34 1 33
38 1 35
11 1 10
28 2 7
31 2 32
40 1 35
19 2 7
7 2 47
24 2 43
13 1 23
16 1 23
35 1 26
38 1 43
60 1 59
22 1 21
27 1 22
21 1 7
21 1 20
14 2 17
38 1 44
13 1 31
35 1 22
23 1 26
7 2 23
16 1 10
26 1 15
40 1 49
11 2 7
38 1 49
6 2 9
134 1 18
45 1 7
45 1 40
46 2 40
41 1 40
32 2 33
8 1 7
? 1 github_cpp_program_data/17/469.cpp

22 1 7
32 2 66
47 1 50
7 2 18
67 1 36
49 2 44
10 2 15
16 1 7
26 1 29
12 2 7
59 1 46
60 1 9
67 1 31
16 1 31
36 2 39
50 1 26
19 2 25
57 1 38
24 2 69
44 2 43
20 1 50
47 1 51
12 2 10
31 1 22
32 1 22
14 1 13
10 2 28
28 2 10
89 2 19
51 1 26
59 1 11
10 1 20
7 1 19
28 2 25
53 6 45
22 2 26
14 1 16
21 2 19
26 1 89
44 1 38
36 1 26
42 1 41
43 1 32
66 1 26
26 1 25
31 2 32
22 1 29
10 2 23
67 1 66
22 1 19
13 1 11
24 1 13
49 1 13
23 1 13
22 1 10
26 1 7
26 1 28
31 1 13
51 2 50
21 1 47
10 1 19
7 2 15
10 1 27
6 1 4
3 2 6
18 1 14
59 1 38
52 1 40
16 1 11
48 1 47
12 1 7
66 1 22
28 2 29
32 2 40
31 2 36
45 1 38
36 2 52
44 1 34
27 1 26
10 2 63
9 2 45
54 1 52
89 1 20
7 2 47
26 1 21
31 1 26
16 1 12
6 1 5
40 1 30
10 2 47
7 2 19
26 1 48
7 1 10
69 1 67
11 2 10
36 2 38
30 2 35
9 1 8
7 1 20
28 2 19
28 2 21
13 1 12
7 4 10
38 1 30
22 1 48
48 1 7
18 2 38
10 2 27
12 1 10
44 2 49
54 1 36
53 1 26
10 2 31
13 1 10
10 2 20
6 2 9
45 1 18
46 1 14
4 2 5
39 1 38
43 1 40
13 1 7
38 1 57
22 1 28
23 1 22
48 1 20
36 1 22
17 1 13
26 1 90
24 1 16
50 2 51
51 1 22
48 1 10
49 2 24
45 2 59
7 2 20
26 1 10
10 7 7
23 2 32
34 2 38
13 1 31
38 1 69
3 1 1
34 1 32
7 5 10
15 1 26
49 2 35
60 1 45
30 1 22
69 1 40
45 1 12
11 1 7
10 1 28
40 1 22
7 2 65
26 2 22
23 1 26
34 1 23
46 2 38
24 2 49
17 2 14
10 4 7
17 1 16
10 5 7
59 1 10
38 1 54
60 1 3
18 1 17
40 1 26
38 1 24
45 1 11
10 1 15
21 1 10
57 2 24
7 2 27
39 2 41
19 2 90
42 1 36
38 1 53
10 2 46
19 2 10
15 1 22
38 1 42
10 2 19
7 7 10
57 1 36
19 2 29
1 2 2
69 2 53
12 1 65
7 2 31
49 1 16
7 1 15
43 2 57
3 1 2
23 1 28
50 1 22
10 1 47
7 1 27
42 1 39
7 2 28
60 1 6
20 1 51
35 2 69
38 1 35
11 1 10
28 2 7
10 1 7
67 1 32
35 2 30
90 1 47
40 1 35
19 2 7
33 1 26
13 1 23
35 1 26
38 1 43
60 1 59
22 1 21
27 1 22
21 1 7
36 2 66
21 1 20
14 2 17
38 1 44
46 1 17
16 2 13
35 1 22
26 1 19
22 1 40
7 2 23
16 1 10
22 2 28
32 2 33
11 2 7
38 1 49
28 2 26
24 2 44
34 1 33
45 1 7
67 2 40
11 1 63
59 2 45
41 1 40
40 1 49
30 1 26
8 1 7
? 1 github_cpp_program_data/17/482.cpp

22 1 7
32 2 66
47 1 50
7 2 18
51 2 50
44 2 35
34 1 31
10 2 15
16 1 7
26 1 29
12 2 7
59 1 46
31 1 16
16 1 31
36 2 39
50 1 26
23 2 36
19 2 25
24 2 69
17 1 16
47 1 51
12 2 10
59 1 12
31 1 22
32 1 22
14 1 13
10 2 28
28 2 10
51 1 26
36 2 52
3 2 9
10 1 15
43 2 44
58 6 45
14 1 16
35 2 44
46 1 17
44 1 38
36 1 26
42 1 41
43 1 32
42 1 39
26 1 25
31 2 32
22 1 29
10 2 23
67 1 66
57 2 43
22 1 19
13 1 11
67 2 40
49 1 13
60 1 9
23 1 13
22 1 10
26 1 7
26 1 28
48 1 7
7 2 15
10 1 27
43 1 38
18 1 14
52 1 40
44 1 40
48 1 47
12 1 7
49 2 43
66 1 22
28 2 29
32 2 40
22 1 25
45 1 38
44 2 58
44 1 34
27 1 26
57 1 40
9 2 45
54 1 52
7 2 47
30 2 35
26 1 21
43 1 36
16 1 12
16 1 11
18 2 40
40 1 30
10 2 47
67 1 23
7 1 10
36 2 33
26 1 48
32 2 38
7 2 19
69 1 67
11 2 10
36 2 38
40 1 69
9 1 8
40 1 58
28 2 19
13 1 12
7 4 10
38 1 30
22 1 48
34 1 36
18 2 38
10 2 27
12 1 10
54 1 36
10 2 31
13 1 10
10 2 20
45 1 18
46 1 14
7 7 10
39 1 38
13 1 7
38 1 57
22 1 28
59 1 38
36 1 22
24 2 30
17 1 13
24 1 16
50 2 51
51 1 22
48 1 10
45 2 59
26 1 10
10 7 7
23 2 32
34 2 38
13 1 31
3 1 1
34 1 32
7 5 10
15 1 26
49 2 35
60 1 45
30 1 22
69 1 40
32 1 26
23 1 16
33 1 26
54 2 24
34 2 40
28 2 15
34 1 23
46 2 38
24 2 49
17 2 14
10 4 7
20 1 50
10 5 7
59 1 10
38 1 54
60 1 3
18 1 17
40 1 24
53 6 59
38 1 24
40 1 53
57 1 32
45 1 11
35 2 24
31 1 26
21 1 10
7 2 27
39 2 41
58 1 22
42 1 36
26 1 19
10 2 46
19 2 10
38 1 49
38 1 42
10 2 19
1 2 2
69 2 35
7 2 31
49 1 16
7 1 15
43 2 57
40 1 44
3 1 2
50 1 22
11 1 63
7 2 28
20 1 51
38 1 35
11 1 10
15 2 10
28 2 7
10 1 7
67 1 32
35 2 30
40 1 35
19 2 7
11 1 7
16 1 23
35 1 26
38 1 43
60 1 59
27 1 22
21 1 20
14 2 17
38 1 44
7 2 63
16 2 13
35 1 22
23 1 26
7 2 23
16 1 10
26 1 15
32 2 33
11 2 7
15 1 22
34 1 33
45 1 7
45 1 40
7 1 27
59 2 45
13 2 16
41 1 40
40 1 49
30 1 26
8 1 7
? 1 github_cpp_program_data/17/491.cpp

22 1 7
32 2 66
47 1 50
7 2 18
42 1 39
34 1 31
21 2 28
32 2 40
10 2 15
16 1 7
26 1 29
12 2 7
59 1 46
31 1 16
67 1 31
16 1 31
36 2 39
50 1 26
60 1 6
28 2 21
24 2 69
47 1 51
12 2 10
59 1 12
40 1 42
19 2 48
32 1 22
14 1 13
10 2 28
28 2 10
51 1 26
36 2 52
48 2 28
10 1 20
10 1 15
10 2 23
14 1 16
21 2 19
46 1 17
36 1 26
42 1 41
43 1 32
66 1 26
26 1 25
31 2 32
22 1 29
28 2 19
67 1 66
35 2 30
41 1 38
22 1 19
13 1 11
24 1 13
49 1 13
60 1 9
22 1 10
26 1 7
26 1 28
31 1 13
21 1 47
10 1 19
10 1 27
6 1 4
3 2 6
18 1 14
59 1 38
7 2 65
48 1 47
12 1 7
49 2 43
32 2 52
26 1 19
44 2 35
31 2 36
39 1 40
22 1 25
45 1 38
16 1 11
12 1 63
44 1 34
27 1 26
10 2 63
9 2 45
54 1 52
28 2 25
26 1 21
31 1 26
16 1 12
6 1 5
56 1 38
40 1 30
10 2 47
42 1 52
7 2 19
36 2 33
26 1 48
7 2 23
7 1 10
69 1 67
11 2 10
50 2 51
7 2 20
55 1 42
13 1 12
40 1 54
42 1 56
38 1 30
22 1 48
48 1 7
18 2 38
10 2 27
12 1 10
45 2 59
54 1 36
19 2 21
11 1 65
32 2 39
54 1 55
13 1 10
54 2 49
10 2 20
45 1 18
46 1 14
4 2 5
43 1 40
13 1 7
7 4 10
22 1 28
39 2 55
23 1 22
48 1 20
36 1 22
24 2 30
17 1 13
24 1 16
9 1 8
51 1 22
48 1 10
49 2 24
7 2 25
7 1 20
26 1 10
19 2 28
53 1 22
38 1 69
3 1 1
46 2 38
7 5 10
30 1 26
48 2 19
60 1 45
30 1 22
69 1 40
32 1 26
11 1 7
10 1 28
34 2 40
23 1 26
24 2 49
17 2 14
10 4 7
20 1 50
10 5 7
59 1 10
38 1 54
60 1 3
24 2 44
42 1 32
53 6 59
38 1 24
45 1 11
7 1 19
21 1 10
34 1 36
39 2 41
15 1 26
42 1 36
69 2 30
38 1 53
10 2 46
7 1 28
19 2 10
15 1 22
10 2 19
7 7 10
7 2 31
1 2 2
19 2 29
49 1 16
39 2 56
3 1 2
50 1 22
10 1 47
7 2 28
33 1 22
20 1 51
38 1 35
11 1 10
28 2 7
10 1 7
67 1 32
52 1 38
40 1 35
19 2 7
7 2 47
13 1 23
16 1 23
38 1 43
60 1 59
22 1 21
27 1 22
21 1 7
21 1 20
43 2 53
38 1 44
7 2 63
35 1 22
7 1 47
54 1 32
44 1 40
16 1 10
54 1 39
11 2 7
38 1 49
6 2 9
34 1 33
45 1 7
67 2 40
28 2 48
51 2 50
8 1 7
? 1 github_cpp_program_data/17/511.cpp

22 1 7
32 2 66
47 1 50
7 2 18
67 1 36
49 2 44
10 2 15
16 1 7
26 1 29
12 2 7
59 1 46
60 1 9
67 1 31
16 1 31
36 2 39
50 1 26
19 2 25
57 1 38
24 2 69
44 2 43
20 1 50
47 1 51
12 2 10
31 1 22
32 1 22
14 1 13
10 2 28
28 2 10
89 2 19
51 1 26
59 1 11
10 1 20
7 1 19
28 2 25
53 6 45
22 2 26
14 1 16
21 2 19
26 1 89
44 1 38
36 1 26
42 1 41
43 1 32
66 1 26
26 1 25
31 2 32
22 1 29
10 2 23
67 1 66
22 1 19
13 1 11
24 1 13
49 1 13
23 1 13
22 1 10
26 1 7
26 1 28
31 1 13
51 2 50
21 1 47
10 1 19
7 2 15
10 1 27
6 1 4
3 2 6
18 1 14
59 1 38
52 1 40
16 1 11
48 1 47
12 1 7
66 1 22
28 2 29
32 2 40
31 2 36
45 1 38
36 2 52
44 1 34
27 1 26
10 2 63
9 2 45
54 1 52
89 1 20
7 2 47
26 1 21
31 1 26
16 1 12
6 1 5
40 1 30
10 2 47
7 2 19
26 1 48
7 1 10
69 1 67
11 2 10
36 2 38
30 2 35
9 1 8
7 1 20
28 2 19
28 2 21
13 1 12
7 4 10
38 1 30
22 1 48
48 1 7
18 2 38
10 2 27
12 1 10
44 2 49
54 1 36
53 1 26
10 2 31
13 1 10
10 2 20
6 2 9
45 1 18
46 1 14
4 2 5
39 1 38
43 1 40
13 1 7
38 1 57
22 1 28
23 1 22
48 1 20
36 1 22
17 1 13
26 1 90
24 1 16
50 2 51
51 1 22
48 1 10
49 2 24
45 2 59
7 2 20
26 1 10
10 7 7
23 2 32
34 2 38
13 1 31
38 1 69
3 1 1
34 1 32
7 5 10
15 1 26
49 2 35
60 1 45
30 1 22
69 1 40
45 1 12
11 1 7
10 1 28
40 1 22
7 2 65
26 2 22
23 1 26
34 1 23
46 2 38
24 2 49
17 2 14
10 4 7
17 1 16
10 5 7
59 1 10
38 1 54
60 1 3
18 1 17
40 1 26
38 1 24
45 1 11
10 1 15
21 1 10
57 2 24
7 2 27
39 2 41
19 2 90
42 1 36
38 1 53
10 2 46
19 2 10
15 1 22
38 1 42
10 2 19
7 7 10
57 1 36
19 2 29
1 2 2
69 2 53
12 1 65
7 2 31
49 1 16
7 1 15
43 2 57
3 1 2
23 1 28
50 1 22
10 1 47
7 1 27
42 1 39
7 2 28
60 1 6
20 1 51
35 2 69
38 1 35
11 1 10
28 2 7
10 1 7
67 1 32
35 2 30
90 1 47
40 1 35
19 2 7
33 1 26
13 1 23
35 1 26
38 1 43
60 1 59
22 1 21
27 1 22
21 1 7
36 2 66
21 1 20
14 2 17
38 1 44
46 1 17
16 2 13
35 1 22
26 1 19
22 1 40
7 2 23
16 1 10
22 2 28
32 2 33
11 2 7
38 1 49
28 2 26
24 2 44
34 1 33
45 1 7
67 2 40
11 1 63
59 2 45
41 1 40
40 1 49
30 1 26
8 1 7
? 1 github_cpp_program_data/17/542.cpp

22 1 7
47 1 50
7 2 18
67 1 36
34 1 31
10 2 15
16 1 7
26 1 29
1 2 73
12 2 7
59 1 46
60 1 9
38 1 26
17 2 14
73 2 74
16 1 31
50 1 26
23 2 36
60 1 6
19 2 25
17 1 16
47 1 51
73 1 10
59 1 12
40 1 42
32 1 22
14 1 13
10 2 28
28 2 10
51 1 26
59 1 11
4 2 5
10 1 15
59 1 40
22 2 26
14 1 16
46 1 17
44 1 38
36 1 26
42 1 41
66 1 26
26 1 25
10 1 7
22 1 29
10 2 23
67 1 66
41 1 38
22 1 19
13 1 11
24 1 13
22 1 10
26 1 7
26 1 28
43 2 69
31 1 13
48 1 7
56 1 38
7 2 15
10 1 27
6 1 4
3 2 6
18 1 14
23 1 22
52 1 40
16 1 11
48 1 47
12 1 7
49 2 43
26 1 19
28 2 29
44 2 35
27 1 26
39 1 40
22 1 25
45 1 38
36 2 52
12 1 63
44 1 34
75 1 1
75 2 45
54 1 52
28 2 25
7 2 47
52 2 56
26 1 21
43 1 36
16 1 12
6 1 5
59 2 45
18 2 40
40 1 30
10 2 47
67 1 23
7 2 19
26 1 48
7 1 10
69 1 67
11 2 10
30 2 35
9 1 8
7 2 20
75 1 73
13 1 12
49 2 30
38 1 30
18 2 38
10 2 27
12 1 10
45 2 59
54 1 36
11 1 65
32 2 39
40 1 54
13 1 10
10 2 20
12 2 10
45 1 18
46 1 14
69 1 38
43 1 40
13 1 7
7 4 10
22 1 28
59 1 38
36 2 40
36 1 22
24 2 30
17 1 13
24 1 16
50 2 51
51 1 22
48 1 10
49 2 24
45 1 10
26 1 10
19 2 28
10 7 7
9 2 75
34 2 38
38 1 69
3 1 1
34 1 32
7 5 10
30 1 26
49 2 35
60 1 45
30 1 22
32 1 26
11 1 7
7 2 65
26 2 22
34 2 40
10 2 18
46 2 38
24 2 49
44 1 40
10 4 7
20 1 50
10 5 7
59 1 10
60 1 3
24 2 54
18 1 17
40 1 24
42 1 32
38 1 24
45 1 11
63 2 65
31 1 26
21 1 10
7 2 27
39 2 41
15 1 26
10 2 46
19 2 10
15 1 22
10 2 19
7 7 10
69 2 44
60 1 75
1 2 2
7 2 31
49 1 16
7 1 15
40 1 44
3 1 2
38 1 22
50 1 22
11 1 63
42 1 39
7 2 28
33 1 22
20 1 51
38 1 35
11 1 10
28 2 7
31 2 32
35 2 30
26 1 38
40 1 35
19 2 7
33 1 26
54 1 56
13 1 23
16 1 23
35 1 26
38 1 43
60 1 59
22 1 21
27 1 22
21 1 7
36 2 66
21 1 20
14 2 17
38 1 44
7 2 63
13 1 31
35 1 22
6 2 9
23 1 26
7 2 23
16 1 10
40 1 49
11 2 7
38 1 49
10 2 31
34 1 33
45 1 7
45 1 40
7 1 27
46 2 40
67 2 38
51 2 50
32 2 33
75 1 74
8 1 7
? 1 github_cpp_program_data/17/545.cpp

? 1 github_cpp_program_data/17/564.cpp

24 2 45
22 1 7
47 1 50
7 2 18
67 1 36
34 1 31
49 2 44
10 2 15
16 1 7
26 1 29
12 2 7
59 1 46
60 1 9
30 2 49
17 2 14
16 1 31
66 1 26
36 2 39
50 1 26
23 2 36
19 2 25
20 1 50
47 1 51
12 2 10
59 1 12
40 1 42
31 1 22
32 1 22
14 1 13
10 2 28
28 2 10
51 1 26
3 2 9
10 1 15
60 1 49
44 2 30
10 2 23
14 1 16
35 2 44
46 1 17
44 1 38
36 1 26
42 1 41
42 1 39
28 2 7
26 1 25
22 1 29
28 2 19
67 1 66
41 1 38
22 1 19
13 1 11
24 1 13
49 1 13
23 1 13
22 1 10
35 2 42
26 1 7
26 1 28
31 1 13
51 2 50
48 1 7
56 1 38
7 2 15
10 1 27
18 1 14
59 1 38
52 1 40
7 2 65
48 1 47
12 1 7
10 2 7
32 2 52
66 1 22
28 2 29
44 2 35
60 1 24
31 2 36
39 1 40
22 1 25
45 1 38
25 2 28
25 2 19
12 1 63
44 1 34
27 1 26
10 2 63
69 1 34
54 1 52
28 2 25
7 2 47
30 2 35
26 1 21
67 1 23
16 1 12
16 1 11
40 1 30
42 1 52
32 2 39
7 2 19
36 2 33
7 7 10
9 2 24
7 1 10
69 1 67
11 2 10
40 1 69
9 1 8
13 1 12
52 2 41
38 1 30
22 1 48
34 1 36
18 2 38
10 2 27
12 1 10
30 2 42
11 1 65
30 2 54
40 1 54
13 1 10
10 2 20
45 1 18
46 1 14
69 1 38
21 1 20
59 1 7
13 1 7
7 4 10
22 1 28
23 1 22
36 1 22
17 1 13
24 1 16
50 2 51
51 1 22
35 2 54
49 2 24
45 2 59
26 1 10
19 2 28
10 7 7
23 2 32
53 1 22
38 1 69
3 1 1
34 1 32
7 5 10
15 1 26
60 1 45
30 1 22
69 1 40
45 1 12
32 1 26
23 1 16
11 1 7
34 2 40
34 1 23
46 2 38
24 2 49
44 1 40
10 4 7
17 1 16
10 5 7
38 1 54
60 1 3
18 1 17
40 1 24
42 1 32
53 6 59
38 1 24
31 1 26
21 1 10
44 1 67
39 2 41
54 1 32
42 1 36
69 2 30
38 1 53
7 2 46
19 2 10
15 1 22
38 1 42
10 2 19
29 2 19
7 2 27
19 2 29
24 2 35
1 2 2
12 1 65
7 2 31
49 1 16
7 1 15
39 2 56
40 1 44
3 1 2
50 1 22
7 1 27
35 2 53
7 2 28
20 1 51
38 1 35
10 2 65
11 1 10
7 2 10
35 2 30
40 1 35
19 2 7
33 1 26
54 1 56
13 1 23
45 1 7
49 2 69
16 1 23
35 1 26
60 1 59
27 1 22
36 2 66
39 1 38
14 2 17
38 1 44
52 2 56
13 2 16
13 1 31
35 1 22
26 1 19
23 1 26
7 2 23
16 1 10
54 1 39
40 1 49
11 2 7
38 1 49
10 2 31
34 1 33
56 1 40
11 1 63
59 2 45
67 2 38
41 1 40
32 2 33
30 1 26
8 1 7
? 1 github_cpp_program_data/17/567.cpp

44 1 40
22 1 7
47 1 50
7 2 18
51 2 50
34 1 31
21 2 28
49 2 44
16 1 7
26 1 29
12 2 7
59 1 46
31 1 16
36 2 39
50 1 26
60 1 6
19 2 25
28 2 21
17 1 16
47 1 51
12 2 10
40 1 42
14 1 13
10 2 28
28 2 10
51 1 26
59 1 11
48 2 28
10 1 20
7 1 19
14 1 16
46 1 17
30 2 24
36 1 26
42 1 41
42 1 39
26 1 25
42 1 83
22 1 29
28 2 19
41 1 38
22 1 19
13 1 11
49 1 13
40 1 24
26 1 7
26 1 28
21 1 47
22 1 28
6 1 4
42 1 55
3 2 6
18 1 14
59 1 38
52 1 40
6 1 5
48 1 47
12 1 7
32 2 52
26 1 19
28 2 29
10 2 65
22 1 25
45 1 38
83 1 54
22 1 10
12 1 63
44 1 34
10 2 63
83 2 41
54 1 52
55 2 83
26 1 21
16 1 12
16 1 11
59 2 45
40 1 30
10 2 47
42 1 52
7 2 19
26 1 48
7 1 10
11 2 10
30 2 35
50 2 51
7 1 20
31 2 32
55 1 42
13 1 12
38 1 30
22 1 48
48 1 7
18 2 38
12 1 10
45 2 59
54 1 36
6 2 45
10 2 31
13 1 10
10 2 20
45 1 18
46 1 14
4 2 5
13 1 7
7 4 10
10 1 19
39 2 55
23 1 22
48 1 20
17 1 13
24 1 16
51 1 22
48 1 10
45 1 10
7 2 20
26 1 10
19 2 28
10 7 7
3 1 1
34 1 32
7 5 10
30 1 26
49 2 35
60 1 45
30 1 22
52 1 38
11 1 7
10 1 28
34 2 40
10 2 18
46 2 38
24 2 49
17 2 14
10 4 7
20 1 50
10 5 7
38 1 54
60 1 3
18 1 17
19 2 48
42 1 32
38 1 24
45 1 11
31 1 26
21 1 10
59 1 7
54 1 32
42 1 36
7 2 46
7 1 28
19 2 10
35 2 30
10 2 19
1 2 2
12 1 65
24 2 35
3 1 2
50 1 22
7 2 28
33 1 22
20 1 51
38 1 35
39 1 40
11 1 10
28 2 7
10 1 7
32 1 26
40 1 35
19 2 7
7 2 47
45 1 7
16 1 23
35 1 26
60 1 59
22 1 21
21 1 7
21 1 20
14 2 17
38 1 44
7 2 63
13 1 31
35 1 22
7 1 47
23 1 26
7 2 23
54 1 39
11 2 7
38 1 49
34 1 33
48 2 19
28 2 48
32 2 33
? 1 github_cpp_program_data/17/579.cpp

60 1 88
47 1 50
62 2 7
51 2 50
34 1 31
49 2 44
16 1 7
26 1 29
12 2 7
27 1 26
132 1 131
67 1 31
16 1 31
50 1 26
19 2 25
28 2 21
24 2 69
12 2 10
143 1 49
32 1 22
30 1 26
34 2 40
48 2 28
10 1 20
10 1 15
59 1 40
33 1 26
131 1 10
44 1 38
36 1 26
66 1 26
72 1 71
26 1 25
35 2 44
12 1 62
22 1 19
13 1 11
88 2 128
23 1 13
26 1 28
87 1 59
48 1 7
7 2 15
10 1 27
58 1 26
6 1 5
38 1 24
60 1 128
26 1 19
31 2 36
39 1 40
22 1 25
9 2 132
25 2 19
128 1 10
128 1 134
30 2 49
69 1 34
54 1 52
87 1 91
16 1 11
11 1 64
21 1 10
10 2 7
7 2 19
69 1 67
11 2 10
133 2 12
50 2 51
16 1 20
40 1 86
52 2 41
38 1 30
69 2 54
18 2 38
44 2 49
54 1 36
87 1 72
19 2 21
11 1 65
10 2 40
10 2 20
17 1 11
45 1 18
91 1 40
4 2 5
45 1 11
59 1 133
22 1 28
40 1 69
18 2 40
54 2 58
48 1 10
49 2 24
7 1 20
19 2 28
10 7 7
53 1 22
38 1 69
3 1 1
34 1 32
40 1 143
71 1 48
91 1 118
60 1 45
30 1 22
69 1 40
45 1 12
32 1 26
10 2 28
10 2 18
34 1 23
24 2 49
17 2 14
10 4 7
20 1 50
59 1 10
38 1 142
40 1 24
42 1 32
36 2 66
47 2 20
35 2 24
24 2 35
44 2 24
64 2 40
38 1 85
10 2 46
7 1 28
19 2 10
118 2 38
38 1 42
49 2 35
11 1 62
19 2 29
49 1 16
60 1 132
40 1 44
3 1 2
85 2 87
11 1 63
40 1 110
7 2 28
60 1 6
38 1 35
11 1 10
133 1 46
7 2 10
31 2 32
40 1 38
77 1 47
134 2 10
19 2 7
13 1 23
49 2 69
35 1 26
60 1 59
21 1 20
14 2 17
48 2 21
7 2 63
128 2 59
13 1 31
35 1 22
142 1 49
30 2 24
23 1 26
35 2 30
10 2 31
34 1 33
48 2 19
28 2 48
67 2 38
32 2 33
24 2 45
22 1 7
7 2 18
67 1 36
26 1 77
21 2 28
10 2 15
62 2 10
59 1 46
60 1 9
132 2 24
45 1 46
58 6 45
33 1 22
72 1 40
47 1 51
59 1 12
38 1 58
31 1 22
38 2 53
14 1 13
69 1 38
28 2 10
51 1 26
36 2 52
7 1 19
14 1 16
6 2 3
46 1 17
59 1 64
28 2 7
10 1 7
22 1 29
10 2 23
67 1 66
41 1 38
45 2 59
24 1 13
49 1 13
22 1 10
26 1 7
17 1 10
31 1 13
21 1 47
110 2 143
91 2 45
71 2 40
7 2 20
6 1 4
88 1 10
3 2 6
18 1 14
72 1 7
128 1 40
45 2 88
48 1 47
12 1 7
66 1 22
10 2 38
28 2 29
60 1 24
72 1 18
10 2 65
45 1 38
25 2 28
77 1 20
12 1 63
44 1 34
24 2 58
10 2 63
54 1 41
28 2 25
30 2 35
26 1 21
16 1 12
46 2 71
40 1 30
10 2 47
21 2 48
7 1 10
26 1 48
9 1 8
40 1 58
14 1 11
13 1 12
40 1 54
91 1 38
22 1 48
10 2 27
72 1 10
12 1 10
45 1 10
32 2 39
6 2 9
13 1 10
21 1 7
46 1 14
7 7 10
59 1 7
13 1 7
7 4 10
10 1 19
23 1 22
72 2 91
48 1 20
36 1 22
24 2 30
24 1 16
110 1 91
51 1 22
49 2 30
46 2 118
26 1 10
91 1 71
58 6 59
23 2 32
34 2 38
7 5 10
58 1 22
88 1 38
7 1 47
52 1 40
46 2 64
11 1 7
10 1 28
7 2 65
30 2 53
46 2 38
17 1 16
10 5 7
60 1 3
19 2 48
53 6 59
40 1 53
31 1 26
44 1 67
10 2 19
69 2 30
91 1 46
7 2 46
15 1 22
29 2 19
59 1 18
91 2 72
1 2 2
12 1 65
7 2 31
7 1 15
14 1 7
50 1 22
10 1 47
42 1 39
20 1 51
45 1 7
29 2 28
28 2 19
118 1 48
40 1 35
72 2 59
64 2 7
7 2 47
35 2 49
16 1 23
22 1 21
71 1 21
63 2 62
59 2 45
91 1 7
38 1 87
7 2 23
16 1 10
13 1 20
86 2 110
40 1 49
11 2 7
38 1 49
134 1 18
110 1 45
46 2 40
143 1 24
18 2 71
8 1 7
87 2 142
? 1 github_cpp_program_data/17/58.cpp

22 1 7
32 2 66
47 1 50
7 2 18
42 1 39
34 1 31
21 2 28
32 2 40
10 2 15
16 1 7
26 1 29
12 2 7
59 1 46
31 1 16
67 1 31
16 1 31
36 2 39
50 1 26
60 1 6
28 2 21
24 2 69
47 1 51
12 2 10
59 1 12
40 1 42
19 2 48
32 1 22
14 1 13
10 2 28
28 2 10
51 1 26
36 2 52
48 2 28
10 1 20
10 1 15
10 2 23
14 1 16
21 2 19
46 1 17
36 1 26
42 1 41
43 1 32
66 1 26
26 1 25
31 2 32
22 1 29
28 2 19
67 1 66
35 2 30
41 1 38
22 1 19
13 1 11
24 1 13
49 1 13
60 1 9
22 1 10
26 1 7
26 1 28
31 1 13
21 1 47
10 1 19
10 1 27
6 1 4
3 2 6
18 1 14
59 1 38
7 2 65
48 1 47
12 1 7
49 2 43
32 2 52
26 1 19
44 2 35
31 2 36
39 1 40
22 1 25
45 1 38
16 1 11
12 1 63
44 1 34
27 1 26
10 2 63
9 2 45
54 1 52
28 2 25
26 1 21
31 1 26
16 1 12
6 1 5
56 1 38
40 1 30
10 2 47
42 1 52
7 2 19
36 2 33
26 1 48
7 2 23
7 1 10
69 1 67
11 2 10
50 2 51
7 2 20
55 1 42
13 1 12
40 1 54
42 1 56
38 1 30
22 1 48
48 1 7
18 2 38
10 2 27
12 1 10
45 2 59
54 1 36
19 2 21
11 1 65
32 2 39
54 1 55
13 1 10
54 2 49
10 2 20
45 1 18
46 1 14
4 2 5
43 1 40
13 1 7
7 4 10
22 1 28
39 2 55
23 1 22
48 1 20
36 1 22
24 2 30
17 1 13
24 1 16
9 1 8
51 1 22
48 1 10
49 2 24
7 2 25
7 1 20
26 1 10
19 2 28
53 1 22
38 1 69
3 1 1
46 2 38
7 5 10
30 1 26
48 2 19
60 1 45
30 1 22
69 1 40
32 1 26
11 1 7
10 1 28
34 2 40
23 1 26
24 2 49
17 2 14
10 4 7
20 1 50
10 5 7
59 1 10
38 1 54
60 1 3
24 2 44
42 1 32
53 6 59
38 1 24
45 1 11
7 1 19
21 1 10
34 1 36
39 2 41
15 1 26
42 1 36
69 2 30
38 1 53
10 2 46
7 1 28
19 2 10
15 1 22
10 2 19
7 7 10
7 2 31
1 2 2
19 2 29
49 1 16
39 2 56
3 1 2
50 1 22
10 1 47
7 2 28
33 1 22
20 1 51
38 1 35
11 1 10
28 2 7
10 1 7
67 1 32
52 1 38
40 1 35
19 2 7
7 2 47
13 1 23
16 1 23
38 1 43
60 1 59
22 1 21
27 1 22
21 1 7
21 1 20
43 2 53
38 1 44
7 2 63
35 1 22
7 1 47
54 1 32
44 1 40
16 1 10
54 1 39
11 2 7
38 1 49
6 2 9
34 1 33
45 1 7
67 2 40
28 2 48
51 2 50
8 1 7
? 1 github_cpp_program_data/17/61.cpp

? 1 github_cpp_program_data/17/624.cpp

22 1 7
32 2 66
47 1 50
48 2 19
67 1 36
34 1 31
21 2 28
44 2 69
10 2 15
16 1 7
26 1 29
84 1 11
12 2 7
59 1 46
31 1 16
38 1 26
7 2 18
67 1 31
34 2 38
36 2 39
50 1 26
23 2 36
60 1 6
19 2 25
58 1 22
28 2 21
64 2 10
17 1 16
47 1 51
12 2 10
59 1 12
38 1 58
40 1 42
31 1 22
32 1 22
14 1 13
4 2 5
28 2 10
51 1 26
59 1 11
48 2 28
10 1 20
10 1 15
59 1 40
44 2 30
53 6 45
22 2 26
55 2 83
21 2 19
46 1 17
44 1 38
36 1 26
42 1 41
66 1 26
26 1 25
31 2 32
19 2 48
22 1 29
10 2 23
67 1 66
35 2 30
41 1 38
22 1 19
13 1 11
84 1 18
24 1 13
84 1 12
49 1 13
84 1 10
22 1 10
108 2 45
26 1 7
26 1 28
31 1 13
51 2 50
21 1 47
10 1 19
7 2 15
30 2 58
10 1 27
58 1 26
3 2 6
18 1 14
7 2 20
52 1 40
16 1 11
48 1 47
12 1 7
10 2 7
32 2 52
66 1 22
55 1 54
28 2 29
44 2 35
31 2 36
39 1 40
22 1 25
45 1 38
54 1 83
25 2 28
25 2 19
36 2 52
44 1 34
27 1 26
40 1 26
69 1 34
54 1 52
28 2 25
7 2 47
30 2 35
26 1 21
22 1 38
108 2 84
31 1 26
16 1 12
6 1 5
59 2 45
46 2 40
18 2 40
40 1 30
10 2 47
42 1 52
32 2 39
7 1 10
36 2 33
26 1 48
3 2 84
7 2 19
69 1 67
11 2 10
29 2 28
40 1 69
69 2 58
7 1 20
28 2 19
52 2 55
13 1 12
49 2 44
38 1 30
22 1 48
34 1 36
18 2 38
10 2 27
42 2 24
12 1 10
45 2 59
19 2 21
53 1 26
44 2 53
54 1 55
13 1 10
10 2 20
62 2 10
45 1 18
46 1 14
69 1 38
39 1 38
69 2 49
10 7 7
13 1 7
7 4 10
22 1 28
23 1 22
48 1 20
36 1 22
24 2 30
24 1 16
19 2 29
50 2 51
51 1 22
6 1 4
48 1 10
49 2 24
45 1 10
40 1 58
26 1 10
19 2 28
108 1 46
58 6 59
53 1 22
16 2 13
38 1 69
3 1 1
34 1 32
7 5 10
12 1 64
15 1 26
7 1 47
84 2 108
60 1 45
30 1 22
32 1 26
10 2 28
11 1 7
10 1 28
40 1 22
26 2 22
34 2 40
23 1 26
10 2 18
34 1 23
24 2 49
7 2 23
10 4 7
20 1 50
10 5 7
59 1 10
38 1 54
60 1 3
83 1 42
18 1 17
40 1 24
42 1 32
35 2 53
53 6 59
38 1 24
40 1 53
7 2 31
45 1 11
7 1 19
21 1 10
44 1 67
39 2 41
54 1 32
42 1 36
38 1 53
10 2 46
7 1 28
19 2 10
38 1 49
10 2 19
7 7 10
7 2 27
69 2 44
48 1 7
24 2 58
1 2 2
11 1 62
49 1 16
7 1 15
40 1 44
3 1 2
38 1 22
50 1 22
10 1 47
7 1 27
42 1 39
7 2 28
33 1 22
20 1 51
38 1 35
11 1 10
28 2 7
10 1 7
67 1 32
60 1 108
26 1 38
40 1 35
19 2 7
6 2 3
33 1 26
108 1 12
13 1 23
49 2 69
16 1 23
35 1 26
60 1 59
22 1 21
27 1 22
21 1 7
36 2 66
21 1 20
14 2 17
38 1 44
13 1 31
35 1 22
26 1 19
22 1 40
44 1 40
16 1 10
54 1 39
32 2 33
11 2 7
15 1 22
60 1 84
10 2 31
24 2 44
58 6 45
34 1 33
45 1 7
45 1 40
28 2 48
67 2 38
108 1 10
40 1 49
30 1 26
67 2 40
? 1 github_cpp_program_data/17/75.cpp

22 1 7
32 2 66
47 1 50
7 2 18
51 2 50
44 2 30
10 2 15
16 1 7
26 1 29
12 2 7
59 1 46
60 1 9
67 1 31
16 1 31
36 2 39
50 1 26
19 2 25
20 1 50
47 1 51
12 2 10
59 1 12
40 1 42
9 2 45
32 1 22
14 1 13
10 2 28
28 2 10
51 1 26
36 2 52
26 1 27
3 2 9
10 1 15
10 7 7
53 6 45
14 1 16
46 1 17
36 1 26
42 1 41
43 1 32
42 1 39
26 1 25
31 2 32
22 1 29
10 2 23
67 1 66
41 1 38
22 1 19
13 1 11
24 1 13
22 1 10
26 1 7
26 1 28
31 1 13
48 1 7
27 2 7
7 2 27
7 2 15
10 1 27
18 1 14
59 1 38
52 1 40
44 1 40
48 1 47
12 1 7
49 2 43
66 1 22
28 2 29
32 2 40
22 1 25
45 1 38
44 1 34
27 1 26
10 2 63
54 1 52
7 2 47
26 1 21
16 1 12
16 1 11
40 1 30
10 2 47
7 2 19
26 1 48
69 1 67
11 2 10
30 2 35
9 1 8
7 2 20
28 2 19
13 1 12
49 2 30
38 1 30
22 1 48
18 2 38
10 2 27
12 1 10
54 1 36
11 1 65
38 1 53
10 2 31
13 1 10
62 2 10
45 1 18
46 1 14
7 7 10
21 1 20
43 1 40
13 1 7
7 4 10
22 1 28
23 1 22
36 1 22
17 1 13
50 2 51
51 1 22
48 1 10
45 2 59
26 1 10
38 1 49
23 2 32
53 1 22
38 1 69
3 1 1
34 1 32
7 5 10
12 1 64
15 1 26
60 1 45
30 1 22
69 1 40
32 1 26
23 1 16
33 1 26
7 2 65
34 2 40
34 1 23
46 2 38
24 2 49
17 2 14
10 4 7
17 1 16
10 5 7
38 1 54
60 1 3
18 1 17
24 2 44
38 1 24
19 2 27
45 1 11
31 1 26
59 1 7
39 2 41
42 1 36
69 2 30
26 1 19
7 2 46
19 2 10
35 2 30
10 2 19
11 1 62
1 2 2
7 2 31
49 1 16
7 1 15
3 1 2
50 1 22
7 1 27
35 2 53
7 2 28
20 1 51
38 1 35
11 1 10
28 2 7
10 1 7
67 1 32
40 1 35
19 2 7
64 2 7
11 1 7
13 1 23
49 2 69
35 1 26
38 1 43
60 1 59
22 1 21
27 1 22
21 1 7
39 1 38
14 2 17
38 1 44
35 1 22
23 1 26
7 2 23
16 1 10
40 1 49
11 2 7
15 1 22
34 1 33
45 1 7
67 2 40
11 1 63
59 2 45
32 2 33
30 1 26
8 1 7
? 1 github_cpp_program_data/17/80.cpp

44 1 40
22 1 7
47 1 50
7 2 18
51 2 50
34 1 31
21 2 28
49 2 44
16 1 7
26 1 29
12 2 7
59 1 46
31 1 16
36 2 39
50 1 26
60 1 6
19 2 25
28 2 21
17 1 16
47 1 51
12 2 10
40 1 42
14 1 13
10 2 28
28 2 10
51 1 26
59 1 11
48 2 28
10 1 20
7 1 19
14 1 16
46 1 17
30 2 24
36 1 26
42 1 41
42 1 39
26 1 25
42 1 83
22 1 29
28 2 19
41 1 38
22 1 19
13 1 11
49 1 13
40 1 24
26 1 7
26 1 28
21 1 47
22 1 28
6 1 4
42 1 55
3 2 6
18 1 14
59 1 38
52 1 40
6 1 5
48 1 47
12 1 7
32 2 52
26 1 19
28 2 29
10 2 65
22 1 25
45 1 38
83 1 54
22 1 10
12 1 63
44 1 34
10 2 63
83 2 41
54 1 52
55 2 83
26 1 21
16 1 12
16 1 11
59 2 45
40 1 30
10 2 47
42 1 52
7 2 19
26 1 48
7 1 10
11 2 10
30 2 35
50 2 51
7 1 20
31 2 32
55 1 42
13 1 12
38 1 30
22 1 48
48 1 7
18 2 38
12 1 10
45 2 59
54 1 36
6 2 45
10 2 31
13 1 10
10 2 20
45 1 18
46 1 14
4 2 5
13 1 7
7 4 10
10 1 19
39 2 55
23 1 22
48 1 20
17 1 13
24 1 16
51 1 22
48 1 10
45 1 10
7 2 20
26 1 10
19 2 28
10 7 7
3 1 1
34 1 32
7 5 10
30 1 26
49 2 35
60 1 45
30 1 22
52 1 38
11 1 7
10 1 28
34 2 40
10 2 18
46 2 38
24 2 49
17 2 14
10 4 7
20 1 50
10 5 7
38 1 54
60 1 3
18 1 17
19 2 48
42 1 32
38 1 24
45 1 11
31 1 26
21 1 10
59 1 7
54 1 32
42 1 36
7 2 46
7 1 28
19 2 10
35 2 30
10 2 19
1 2 2
12 1 65
24 2 35
3 1 2
50 1 22
7 2 28
33 1 22
20 1 51
38 1 35
39 1 40
11 1 10
28 2 7
10 1 7
32 1 26
40 1 35
19 2 7
7 2 47
45 1 7
16 1 23
35 1 26
60 1 59
22 1 21
21 1 7
21 1 20
14 2 17
38 1 44
7 2 63
13 1 31
35 1 22
7 1 47
23 1 26
7 2 23
54 1 39
11 2 7
38 1 49
34 1 33
48 2 19
28 2 48
32 2 33
? 1 github_cpp_program_data/17/9.cpp

22 1 7
32 2 66
47 1 50
7 2 18
42 1 39
34 1 31
21 2 28
32 2 40
10 2 15
16 1 7
26 1 29
12 2 7
59 1 46
31 1 16
67 1 31
16 1 31
36 2 39
50 1 26
60 1 6
28 2 21
24 2 69
47 1 51
12 2 10
59 1 12
40 1 42
19 2 48
32 1 22
14 1 13
10 2 28
28 2 10
51 1 26
36 2 52
48 2 28
10 1 20
10 1 15
10 2 23
14 1 16
21 2 19
46 1 17
36 1 26
42 1 41
43 1 32
66 1 26
26 1 25
31 2 32
22 1 29
28 2 19
67 1 66
35 2 30
41 1 38
22 1 19
13 1 11
24 1 13
49 1 13
60 1 9
22 1 10
26 1 7
26 1 28
31 1 13
21 1 47
10 1 19
10 1 27
6 1 4
3 2 6
18 1 14
59 1 38
7 2 65
48 1 47
12 1 7
49 2 43
32 2 52
26 1 19
44 2 35
31 2 36
39 1 40
22 1 25
45 1 38
16 1 11
12 1 63
44 1 34
27 1 26
10 2 63
9 2 45
54 1 52
28 2 25
26 1 21
31 1 26
16 1 12
6 1 5
56 1 38
40 1 30
10 2 47
42 1 52
7 2 19
36 2 33
26 1 48
7 2 23
7 1 10
69 1 67
11 2 10
50 2 51
7 2 20
55 1 42
13 1 12
40 1 54
42 1 56
38 1 30
22 1 48
48 1 7
18 2 38
10 2 27
12 1 10
45 2 59
54 1 36
19 2 21
11 1 65
32 2 39
54 1 55
13 1 10
54 2 49
10 2 20
45 1 18
46 1 14
4 2 5
43 1 40
13 1 7
7 4 10
22 1 28
39 2 55
23 1 22
48 1 20
36 1 22
24 2 30
17 1 13
24 1 16
9 1 8
51 1 22
48 1 10
49 2 24
7 2 25
7 1 20
26 1 10
19 2 28
53 1 22
38 1 69
3 1 1
46 2 38
7 5 10
30 1 26
48 2 19
60 1 45
30 1 22
69 1 40
32 1 26
11 1 7
10 1 28
34 2 40
23 1 26
24 2 49
17 2 14
10 4 7
20 1 50
10 5 7
59 1 10
38 1 54
60 1 3
24 2 44
42 1 32
53 6 59
38 1 24
45 1 11
7 1 19
21 1 10
34 1 36
39 2 41
15 1 26
42 1 36
69 2 30
38 1 53
10 2 46
7 1 28
19 2 10
15 1 22
10 2 19
7 7 10
7 2 31
1 2 2
19 2 29
49 1 16
39 2 56
3 1 2
50 1 22
10 1 47
7 2 28
33 1 22
20 1 51
38 1 35
11 1 10
28 2 7
10 1 7
67 1 32
52 1 38
40 1 35
19 2 7
7 2 47
13 1 23
16 1 23
38 1 43
60 1 59
22 1 21
27 1 22
21 1 7
21 1 20
43 2 53
38 1 44
7 2 63
35 1 22
7 1 47
54 1 32
44 1 40
16 1 10
54 1 39
11 2 7
38 1 49
6 2 9
34 1 33
45 1 7
67 2 40
28 2 48
51 2 50
8 1 7
? 1 github_cpp_program_data/17/91.cpp

