67 1 66
45 1 11
66 1 22
14 1 13
18 2 71
12 2 10
31 2 32
118 1 48
34 1 31
22 1 7
7 2 31
18 1 14
32 2 33
28 2 21
26 1 28
16 1 31
30 1 22
13 1 7
32 1 26
22 1 28
50 1 65
31 1 26
153 1 18
62 2 10
40 1 35
49 2 30
24 1 13
72 1 7
118 2 40
91 1 7
7 5 10
10 1 20
91 1 46
44 1 67
10 2 23
21 1 10
31 1 22
67 2 38
22 1 153
7 2 23
18 2 40
16 1 12
153 1 38
11 2 10
91 1 118
60 1 6
136 1 135
38 1 30
32 2 39
18 1 17
26 1 29
35 1 26
40 1 69
60 1 72
51 1 10
10 1 27
6 1 5
49 2 69
26 1 7
72 1 38
40 1 24
36 2 66
40 1 30
13 1 11
45 1 10
10 2 20
10 2 63
32 1 22
23 1 26
30 1 26
21 1 7
26 1 21
10 2 47
7 2 19
69 1 34
45 1 18
26 1 19
42 1 39
21 1 47
12 1 7
40 1 49
19 2 10
46 2 118
4 2 5
13 1 10
10 1 7
38 1 35
13 1 23
7 2 15
14 2 17
28 2 29
10 2 28
50 1 63
135 1 51
51 2 50
72 1 71
7 2 20
7 1 47
22 1 25
135 2 46
50 1 22
1 2 2
19 2 7
51 1 7
45 1 40
136 1 46
7 2 18
36 1 26
10 2 19
35 2 30
7 1 10
31 1 13
7 2 46
91 2 45
48 1 10
44 1 38
11 1 7
51 1 22
33 1 22
47 1 50
28 2 25
50 2 51
10 5 7
24 1 16
50 1 26
15 1 22
17 1 16
10 7 7
153 1 152
7 1 28
69 2 30
11 1 63
7 4 10
13 1 12
26 1 10
46 2 38
24 2 49
30 2 35
10 2 18
22 1 29
21 1 20
38 1 42
27 1 22
153 1 40
71 1 21
24 2 44
16 1 11
16 1 23
3 1 2
44 2 49
39 1 40
60 1 91
15 1 26
72 1 18
69 1 40
11 1 10
67 1 23
7 7 10
28 2 7
42 1 32
7 2 28
34 2 40
3 2 6
17 2 14
135 1 50
48 1 20
136 1 38
22 1 10
49 1 16
12 1 65
23 1 22
7 1 19
152 2 18
34 1 33
47 1 51
22 1 136
7 1 15
22 1 21
10 4 7
3 1 1
91 1 40
60 1 45
35 1 22
12 1 62
16 1 10
20 1 50
6 2 72
6 1 4
16 1 7
10 1 19
67 1 36
152 1 50
10 1 28
40 1 44
11 2 7
23 2 36
20 1 51
10 2 27
34 1 32
48 1 47
18 2 38
23 1 13
27 1 26
19 2 29
26 1 48
13 1 31
60 1 3
71 2 38
10 2 65
10 2 31
72 2 91
30 2 42
12 1 10
12 2 7
7 2 47
51 1 26
152 1 51
22 1 19
28 2 10
? 1 github_cpp_program_data/24/115.cpp

67 1 66
42 1 36
45 1 11
66 1 22
59 1 46
14 1 13
10 2 15
10 2 23
43 1 40
31 2 32
54 2 49
28 2 19
34 1 31
22 1 7
34 1 36
23 1 26
32 2 33
87 1 45
16 1 31
7 2 15
13 1 7
32 1 26
22 1 28
39 1 38
45 1 40
22 1 90
40 1 35
86 1 59
24 1 13
13 2 16
38 1 43
69 2 53
12 2 10
7 2 31
23 1 16
10 1 15
44 1 67
38 1 58
34 1 32
30 1 22
13 1 62
67 1 31
13 1 10
64 2 7
18 2 40
45 1 38
16 1 12
26 1 28
11 2 10
38 1 30
32 2 39
30 2 69
86 1 45
18 1 17
54 1 36
35 1 26
40 1 69
25 2 19
10 1 27
12 1 63
26 1 7
59 1 38
40 1 24
23 2 32
36 2 66
90 1 20
40 1 30
34 2 38
45 1 10
10 2 20
7 1 27
10 2 63
30 2 24
32 1 22
49 1 13
22 1 48
18 1 14
30 1 26
21 1 7
26 1 21
10 2 47
44 2 30
22 1 89
7 2 19
40 1 53
69 1 34
54 1 52
45 1 18
53 6 45
66 1 26
10 2 65
42 1 39
69 2 58
21 1 47
12 1 7
40 1 49
87 2 86
19 2 10
43 1 32
7 5 10
10 7 7
45 1 7
27 1 26
36 1 22
10 1 7
38 1 35
13 1 23
24 2 44
11 1 64
14 2 17
67 2 40
67 1 32
7 2 27
45 1 12
24 1 16
10 2 28
51 2 50
59 2 45
7 2 20
42 1 41
49 2 24
22 1 25
67 2 38
50 1 22
1 2 2
26 1 29
19 2 7
11 1 65
24 2 30
39 2 41
49 2 44
88 1 38
33 1 26
7 2 18
44 1 40
10 2 19
35 2 30
14 1 16
7 2 38
32 2 40
31 1 13
44 1 34
7 2 63
7 2 46
48 1 10
11 1 7
51 1 22
33 1 22
26 1 10
28 2 25
50 2 51
10 5 7
34 1 23
13 1 11
50 1 26
15 1 22
17 1 16
46 1 14
38 1 44
69 2 30
11 1 63
7 4 10
13 1 12
62 2 11
47 1 50
38 1 24
40 1 58
46 2 38
24 2 49
40 1 42
30 2 35
10 2 18
46 1 17
22 1 29
21 1 20
52 1 40
69 1 67
27 1 22
60 1 88
16 1 11
16 1 23
3 1 2
49 2 30
89 1 20
38 1 54
39 1 40
15 1 26
69 1 40
58 6 45
11 1 10
67 1 23
7 7 10
28 2 7
42 1 32
7 2 28
34 2 40
17 1 13
38 1 87
17 2 14
38 1 69
52 1 38
58 6 59
48 1 7
85 2 87
24 2 43
22 1 10
49 1 16
3 2 88
23 1 22
49 2 35
59 1 12
34 1 33
47 1 51
7 1 15
22 1 21
10 4 7
3 1 1
69 1 38
16 2 13
19 2 29
31 2 36
36 2 33
30 2 49
35 1 22
26 1 25
16 1 10
45 2 59
20 1 50
31 1 26
16 1 7
59 1 7
67 1 36
40 1 44
11 2 7
23 2 36
20 1 51
10 2 27
21 1 10
48 1 47
18 2 38
38 1 49
23 1 13
31 1 22
44 2 42
41 1 38
26 1 48
13 1 31
36 1 26
60 1 3
32 2 66
88 1 7
22 1 19
36 2 52
7 2 23
10 2 31
36 2 39
38 1 86
19 2 25
31 1 16
12 1 10
12 2 7
40 1 54
7 2 47
51 1 26
26 1 19
28 2 29
87 1 59
35 2 24
38 1 85
28 2 10
? 1 github_cpp_program_data/24/118.cpp

67 1 66
45 1 11
14 1 13
10 2 15
12 2 10
67 1 31
31 2 32
59 1 11
46 2 40
40 1 30
22 1 7
34 1 36
23 1 26
28 2 21
16 1 31
7 2 15
22 1 28
40 1 35
24 1 13
23 1 16
10 1 15
44 1 67
59 1 18
21 1 10
30 1 22
67 2 38
13 1 10
18 2 40
45 1 38
16 1 12
26 1 28
11 2 10
38 1 30
32 2 39
18 1 17
26 1 7
35 1 26
60 1 72
10 1 27
26 1 29
10 2 28
34 1 31
34 2 38
13 1 11
10 2 20
16 1 23
22 1 48
18 1 14
30 1 26
21 1 7
26 1 21
45 2 72
7 2 19
69 1 34
45 1 18
26 1 19
10 2 46
42 1 39
7 1 15
12 1 7
19 2 10
7 5 10
59 1 40
36 1 22
10 1 7
38 1 35
13 1 23
24 2 69
67 1 32
10 7 7
51 2 50
7 2 20
22 1 25
50 1 22
1 2 2
19 2 7
18 2 38
7 2 18
10 2 19
35 2 30
14 1 16
32 2 52
7 1 10
31 1 13
44 1 34
14 2 17
44 1 38
11 1 7
51 1 22
26 1 10
28 2 25
10 5 7
45 1 10
34 1 23
15 1 26
50 1 26
15 1 22
17 1 16
46 1 14
7 1 28
69 2 30
7 4 10
13 1 12
72 2 59
47 1 50
38 1 24
3 2 45
30 2 35
10 2 18
46 1 17
22 1 29
21 1 20
38 1 42
27 1 22
16 1 11
32 1 22
3 1 2
21 2 28
7 2 31
69 1 40
11 1 10
7 7 10
28 2 7
42 1 32
7 2 28
60 1 59
34 2 40
17 1 13
54 1 52
38 1 69
52 1 38
48 1 7
22 1 10
72 1 10
31 1 16
23 1 22
34 1 33
47 1 51
36 2 33
22 1 21
72 1 40
3 1 1
60 1 45
31 2 36
12 2 7
26 1 25
16 1 10
19 2 28
20 1 50
31 1 26
16 1 7
59 1 7
10 1 19
7 2 23
29 2 28
40 1 44
11 2 7
23 2 36
20 1 51
10 2 27
48 1 47
33 1 26
40 1 54
19 2 29
10 2 23
26 1 48
60 1 3
32 2 66
72 1 46
54 1 32
30 2 42
12 1 10
7 2 47
39 1 40
10 4 7
66 1 26
22 1 19
28 2 10
? 1 github_cpp_program_data/24/132.cpp

67 1 66
45 1 11
66 1 22
59 1 46
14 1 13
10 2 15
12 2 10
31 2 32
46 2 40
34 1 31
22 1 7
23 1 26
32 2 33
16 1 31
7 2 15
32 1 26
22 1 28
39 1 38
6 1 4
38 1 49
40 1 35
38 1 53
69 2 53
59 1 40
10 1 15
44 1 67
10 2 23
34 1 32
30 1 22
10 7 7
51 1 22
7 2 23
45 1 38
26 1 28
11 2 10
11 1 10
38 1 30
32 2 39
18 1 17
26 1 7
35 1 26
25 2 19
6 1 5
54 1 36
10 2 28
40 1 24
6 2 9
40 1 30
15 1 26
10 2 20
7 1 27
16 1 23
22 1 48
18 1 14
44 1 40
26 1 21
7 2 19
69 1 34
45 1 18
53 6 45
26 1 19
42 1 39
12 1 7
19 2 10
7 5 10
4 2 5
27 1 26
13 1 10
10 1 7
38 1 35
13 1 23
14 2 17
28 2 29
17 1 16
22 1 25
50 1 22
1 2 2
26 1 29
19 2 7
36 2 66
18 2 38
7 2 18
36 1 26
10 2 19
35 2 30
31 1 13
7 2 46
11 1 7
45 1 7
33 1 22
26 1 10
28 2 25
44 2 54
50 2 51
24 1 16
50 1 26
15 1 22
7 2 27
7 4 10
13 1 12
62 2 11
47 1 50
40 1 58
40 1 42
30 2 35
22 1 29
21 1 20
27 1 22
29 2 19
24 2 44
16 1 11
8 1 7
49 2 35
9 1 8
69 1 40
9 2 45
60 1 6
67 1 23
7 7 10
28 2 7
42 1 32
7 2 28
60 1 59
34 2 40
3 2 6
54 1 52
38 1 69
30 2 58
59 1 12
52 1 38
58 6 59
48 1 7
22 1 10
49 1 16
23 1 22
60 1 9
34 1 33
47 1 51
22 1 21
10 4 7
3 1 1
60 1 45
35 1 22
26 1 25
16 1 10
45 2 59
20 1 50
31 1 26
16 1 7
59 1 7
67 1 36
40 1 44
11 2 7
23 2 36
20 1 51
21 1 10
48 1 47
67 2 40
23 1 13
31 1 22
26 1 48
13 1 31
60 1 3
58 1 26
36 2 52
10 2 31
3 1 2
45 1 62
12 1 10
12 2 7
40 1 54
7 2 47
51 1 26
22 1 19
28 2 10
? 1 github_cpp_program_data/24/140.cpp

67 1 66
45 1 11
66 1 22
14 1 13
18 2 71
59 1 18
67 1 31
46 2 40
40 1 30
22 1 7
18 1 14
32 2 33
28 2 21
13 1 7
32 1 26
22 1 28
39 1 38
45 1 40
40 1 35
24 1 13
72 1 7
16 1 7
38 1 43
44 1 67
12 2 10
21 1 10
30 1 22
10 7 7
45 1 46
51 1 22
16 1 12
26 1 28
11 2 10
3 1 2
11 1 10
10 4 7
38 1 30
32 2 39
44 2 30
26 1 29
35 1 26
60 1 72
12 1 63
26 1 7
72 1 38
23 2 32
36 2 66
48 2 19
13 1 11
42 2 49
148 1 22
45 1 10
30 2 148
10 2 20
10 2 63
16 1 23
22 1 48
23 1 26
30 1 26
21 1 7
26 1 21
7 2 19
69 1 34
26 1 19
10 2 46
42 1 39
12 1 7
19 2 10
7 5 10
4 2 5
13 1 10
6 1 5
10 1 7
38 1 35
19 2 48
24 2 69
28 2 29
6 2 3
45 1 12
10 2 28
51 2 50
72 1 71
59 2 45
7 2 20
22 1 25
50 1 22
1 2 2
19 2 7
11 1 65
72 2 45
18 2 38
7 2 18
36 1 26
10 2 19
35 2 30
40 1 148
7 1 10
3 2 72
43 1 40
7 2 63
7 2 46
44 1 38
11 1 7
45 1 7
33 1 22
26 1 10
28 2 25
10 5 7
34 1 23
24 1 16
50 1 26
67 2 38
17 1 16
7 1 28
11 1 63
7 4 10
47 1 50
38 1 24
19 2 21
46 1 17
21 1 20
38 1 42
71 1 21
16 1 11
30 2 35
72 1 18
69 1 40
60 1 6
7 7 10
28 2 7
42 1 32
7 2 28
60 1 59
34 2 40
3 2 6
59 1 38
38 1 69
48 1 7
35 2 44
22 1 10
49 1 16
23 1 22
7 1 19
59 1 12
34 1 33
47 1 51
35 2 43
22 1 21
48 2 28
3 1 1
16 2 13
19 2 29
31 2 36
35 1 22
16 1 10
45 2 59
20 1 50
6 1 4
13 2 16
59 1 7
10 1 19
36 2 40
67 1 36
10 1 28
40 1 44
11 2 7
43 1 36
20 1 51
34 1 32
48 1 47
38 1 49
28 2 48
31 1 22
60 1 45
10 2 23
26 1 48
60 1 3
71 2 38
10 2 65
49 2 35
19 2 25
12 1 10
12 2 7
7 2 47
51 1 26
22 1 19
28 2 10
? 1 github_cpp_program_data/24/147.cpp

67 1 66
66 1 22
44 2 35
14 1 13
10 2 15
59 1 18
67 1 31
59 1 11
46 2 40
38 1 26
22 1 7
34 1 36
18 1 14
32 2 33
16 1 31
7 2 15
13 1 7
32 1 26
22 1 28
39 1 38
45 1 40
40 1 35
84 2 45
24 1 13
16 1 7
3 2 9
10 1 15
44 1 67
12 2 10
21 1 10
30 1 22
10 7 7
45 1 46
7 2 23
18 2 40
16 1 12
26 1 28
11 2 10
14 1 7
38 1 30
32 2 39
28 2 25
18 1 17
26 1 29
45 1 133
35 1 26
40 1 69
44 2 30
10 1 27
49 2 69
26 1 7
10 2 28
40 1 24
26 2 22
23 2 32
36 2 66
14 1 16
13 1 11
45 1 10
40 1 30
10 2 20
7 1 27
7 2 27
84 1 7
49 1 13
22 1 48
53 6 59
30 1 26
21 1 7
26 1 21
10 2 47
30 2 44
7 2 19
134 2 12
31 1 22
69 1 34
45 1 18
26 1 19
10 2 46
42 1 39
12 1 7
40 1 49
19 2 10
17 1 11
59 1 40
133 2 12
134 1 18
10 1 7
38 1 35
13 1 23
14 2 17
28 2 29
53 1 22
24 1 16
9 2 84
22 1 38
51 2 50
38 1 22
59 2 45
7 2 20
22 1 25
50 1 22
1 2 2
19 2 7
14 1 11
49 2 44
84 1 133
133 1 46
7 2 18
44 1 40
10 2 19
35 2 30
7 1 10
34 2 38
44 1 34
7 2 46
48 1 10
44 1 38
11 1 7
35 2 53
51 1 22
33 1 22
26 1 10
84 1 12
22 2 26
50 2 51
10 5 7
34 1 23
15 1 26
50 1 26
15 1 22
17 1 16
46 1 14
38 1 44
7 4 10
13 1 12
47 1 50
24 2 49
40 1 42
30 2 35
133 1 18
46 1 17
22 1 29
21 1 20
84 1 46
27 1 22
16 1 11
8 1 7
3 1 2
7 2 31
10 2 18
9 1 8
11 1 10
7 7 10
28 2 7
42 1 32
7 2 28
60 1 59
17 1 13
17 2 14
14 1 10
48 1 7
22 1 10
49 1 16
45 1 134
13 1 10
23 1 22
60 1 9
34 1 33
47 1 51
24 2 35
7 1 15
22 1 21
10 4 7
3 1 1
69 1 38
19 2 29
31 2 36
36 2 33
35 1 22
26 1 25
16 1 10
45 2 59
20 1 50
31 1 26
13 2 16
59 1 7
67 1 36
40 1 53
60 1 84
40 1 44
11 2 7
23 2 36
20 1 51
10 2 27
34 1 32
48 1 47
67 2 40
27 1 26
45 1 12
10 2 23
26 1 48
36 1 26
60 1 3
60 1 45
10 2 31
19 2 25
12 1 10
12 2 7
7 2 47
51 1 26
22 1 19
17 1 10
28 2 10
? 1 github_cpp_program_data/24/224.cpp

67 1 66
45 1 11
66 1 22
14 1 13
18 2 71
59 1 18
67 1 31
46 2 40
40 1 30
22 1 7
18 1 14
32 2 33
28 2 21
13 1 7
32 1 26
22 1 28
39 1 38
45 1 40
40 1 35
24 1 13
72 1 7
16 1 7
38 1 43
44 1 67
12 2 10
21 1 10
30 1 22
10 7 7
45 1 46
51 1 22
16 1 12
26 1 28
11 2 10
3 1 2
11 1 10
10 4 7
38 1 30
32 2 39
44 2 30
26 1 29
35 1 26
60 1 72
12 1 63
26 1 7
72 1 38
23 2 32
36 2 66
48 2 19
13 1 11
42 2 49
148 1 22
45 1 10
30 2 148
10 2 20
10 2 63
16 1 23
22 1 48
23 1 26
30 1 26
21 1 7
26 1 21
7 2 19
69 1 34
26 1 19
10 2 46
42 1 39
12 1 7
19 2 10
7 5 10
4 2 5
13 1 10
6 1 5
10 1 7
38 1 35
19 2 48
24 2 69
28 2 29
6 2 3
45 1 12
10 2 28
51 2 50
72 1 71
59 2 45
7 2 20
22 1 25
50 1 22
1 2 2
19 2 7
11 1 65
72 2 45
18 2 38
7 2 18
36 1 26
10 2 19
35 2 30
40 1 148
7 1 10
3 2 72
43 1 40
7 2 63
7 2 46
44 1 38
11 1 7
45 1 7
33 1 22
26 1 10
28 2 25
10 5 7
34 1 23
24 1 16
50 1 26
67 2 38
17 1 16
7 1 28
11 1 63
7 4 10
47 1 50
38 1 24
19 2 21
46 1 17
21 1 20
38 1 42
71 1 21
16 1 11
30 2 35
72 1 18
69 1 40
60 1 6
7 7 10
28 2 7
42 1 32
7 2 28
60 1 59
34 2 40
3 2 6
59 1 38
38 1 69
48 1 7
35 2 44
22 1 10
49 1 16
23 1 22
7 1 19
59 1 12
34 1 33
47 1 51
35 2 43
22 1 21
48 2 28
3 1 1
16 2 13
19 2 29
31 2 36
35 1 22
16 1 10
45 2 59
20 1 50
6 1 4
13 2 16
59 1 7
10 1 19
36 2 40
67 1 36
10 1 28
40 1 44
11 2 7
43 1 36
20 1 51
34 1 32
48 1 47
38 1 49
28 2 48
31 1 22
60 1 45
10 2 23
26 1 48
60 1 3
71 2 38
10 2 65
49 2 35
19 2 25
12 1 10
12 2 7
7 2 47
51 1 26
22 1 19
28 2 10
? 1 github_cpp_program_data/24/237.cpp

59 1 46
45 1 11
7 2 63
14 1 13
11 1 62
12 2 10
33 1 22
47 1 50
59 1 10
59 1 11
44 1 34
40 1 30
22 1 7
7 2 31
18 1 14
32 2 33
45 1 10
34 1 23
16 1 31
50 1 26
13 1 7
32 1 26
38 1 24
38 1 44
10 5 7
24 2 30
7 4 10
13 1 12
40 1 35
26 1 10
24 1 13
46 2 38
24 2 49
38 1 53
53 6 59
30 2 35
10 2 18
22 1 29
3 2 6
10 1 20
11 1 7
62 2 7
23 1 16
10 2 23
21 1 10
30 1 22
3 1 2
16 1 47
45 1 38
44 2 53
16 1 12
26 1 28
11 2 10
11 1 10
60 1 6
26 1 7
35 1 26
60 1 59
34 2 40
6 2 45
12 1 63
28 2 7
59 1 38
40 1 24
23 2 32
48 1 20
7 1 20
13 1 11
10 2 20
10 2 47
7 1 19
49 1 13
22 1 48
23 1 26
44 1 40
34 1 33
47 1 51
22 1 21
49 2 44
7 2 19
10 4 7
10 1 28
60 1 45
45 1 18
26 1 25
16 1 10
45 2 59
20 1 50
21 1 47
12 1 7
6 1 4
19 2 10
7 5 10
4 2 5
10 1 19
13 1 10
6 1 5
10 1 7
3 1 1
13 1 23
11 2 7
20 1 51
34 1 32
13 1 31
18 2 38
38 1 49
31 1 22
53 1 22
7 2 28
26 1 48
24 1 16
10 2 28
60 1 3
51 2 50
7 2 20
22 1 25
50 1 22
10 2 31
1 2 2
19 2 7
48 1 7
51 1 26
10 2 19
22 1 19
28 2 10
10 2 46
7 1 10
? 1 github_cpp_program_data/24/247.cpp

67 1 66
66 1 22
44 2 35
14 1 13
10 2 15
59 1 18
67 1 31
59 1 11
46 2 40
38 1 26
22 1 7
34 1 36
18 1 14
32 2 33
16 1 31
7 2 15
13 1 7
32 1 26
22 1 28
39 1 38
45 1 40
40 1 35
84 2 45
24 1 13
16 1 7
3 2 9
10 1 15
44 1 67
12 2 10
21 1 10
30 1 22
10 7 7
45 1 46
7 2 23
18 2 40
16 1 12
26 1 28
11 2 10
14 1 7
38 1 30
32 2 39
28 2 25
18 1 17
26 1 29
45 1 133
35 1 26
40 1 69
44 2 30
10 1 27
49 2 69
26 1 7
10 2 28
40 1 24
26 2 22
23 2 32
36 2 66
14 1 16
13 1 11
45 1 10
40 1 30
10 2 20
7 1 27
7 2 27
84 1 7
49 1 13
22 1 48
53 6 59
30 1 26
21 1 7
26 1 21
10 2 47
30 2 44
7 2 19
134 2 12
31 1 22
69 1 34
45 1 18
26 1 19
10 2 46
42 1 39
12 1 7
40 1 49
19 2 10
17 1 11
59 1 40
133 2 12
134 1 18
10 1 7
38 1 35
13 1 23
14 2 17
28 2 29
53 1 22
24 1 16
9 2 84
22 1 38
51 2 50
38 1 22
59 2 45
7 2 20
22 1 25
50 1 22
1 2 2
19 2 7
14 1 11
49 2 44
84 1 133
133 1 46
7 2 18
44 1 40
10 2 19
35 2 30
7 1 10
34 2 38
44 1 34
7 2 46
48 1 10
44 1 38
11 1 7
35 2 53
51 1 22
33 1 22
26 1 10
84 1 12
22 2 26
50 2 51
10 5 7
34 1 23
15 1 26
50 1 26
15 1 22
17 1 16
46 1 14
38 1 44
7 4 10
13 1 12
47 1 50
24 2 49
40 1 42
30 2 35
133 1 18
46 1 17
22 1 29
21 1 20
84 1 46
27 1 22
16 1 11
8 1 7
3 1 2
7 2 31
10 2 18
9 1 8
11 1 10
7 7 10
28 2 7
42 1 32
7 2 28
60 1 59
17 1 13
17 2 14
14 1 10
48 1 7
22 1 10
49 1 16
45 1 134
13 1 10
23 1 22
60 1 9
34 1 33
47 1 51
24 2 35
7 1 15
22 1 21
10 4 7
3 1 1
69 1 38
19 2 29
31 2 36
36 2 33
35 1 22
26 1 25
16 1 10
45 2 59
20 1 50
31 1 26
13 2 16
59 1 7
67 1 36
40 1 53
60 1 84
40 1 44
11 2 7
23 2 36
20 1 51
10 2 27
34 1 32
48 1 47
67 2 40
27 1 26
45 1 12
10 2 23
26 1 48
36 1 26
60 1 3
60 1 45
10 2 31
19 2 25
12 1 10
12 2 7
7 2 47
51 1 26
22 1 19
17 1 10
28 2 10
? 1 github_cpp_program_data/24/254.cpp

67 1 66
45 1 11
59 1 46
14 1 13
10 2 15
12 2 10
67 1 31
59 1 10
59 1 11
28 2 19
40 1 30
22 1 7
34 1 36
23 1 26
32 2 33
16 1 31
7 2 15
13 1 7
53 1 22
22 1 28
24 2 30
44 2 35
40 1 35
24 1 13
16 1 7
38 1 53
53 6 59
7 2 31
3 2 9
23 1 16
10 1 15
44 1 67
21 1 10
30 1 22
10 7 7
51 1 22
36 1 22
45 1 38
16 1 12
26 1 28
11 2 10
38 1 30
32 2 39
30 2 69
18 1 17
26 1 7
35 1 26
49 2 24
10 1 27
12 1 63
49 2 69
26 1 29
10 2 28
23 2 32
36 2 66
14 1 16
13 1 11
45 1 10
10 2 20
7 1 27
10 2 63
32 1 22
49 1 13
22 1 48
18 1 14
30 1 26
26 1 21
7 2 19
69 1 34
45 1 18
26 1 19
10 2 46
42 1 39
12 1 7
19 2 10
7 5 10
13 1 10
10 1 7
38 1 35
14 2 17
67 2 40
67 1 32
7 2 27
59 1 38
34 1 32
59 2 45
22 1 25
50 1 22
1 2 2
19 2 7
11 1 65
15 1 22
18 2 38
7 2 18
10 2 19
35 2 30
28 2 29
7 1 10
44 1 34
7 2 46
44 1 38
11 1 7
35 2 53
45 1 7
26 1 10
28 2 25
50 2 51
10 5 7
34 1 23
15 1 26
50 1 26
67 2 38
17 1 16
46 1 14
38 1 44
69 2 30
7 4 10
13 1 12
47 1 50
38 1 24
46 2 38
30 2 35
10 2 18
46 1 17
22 1 29
21 1 20
38 1 42
69 1 67
27 1 22
24 2 44
16 1 11
8 1 7
3 1 2
39 1 40
9 1 8
69 1 40
9 2 45
11 1 10
67 1 23
7 7 10
28 2 7
42 1 32
7 2 28
60 1 59
34 2 40
17 1 13
38 1 69
48 1 7
35 2 44
22 1 10
49 1 16
60 1 9
34 1 33
47 1 51
7 1 15
22 1 21
10 4 7
3 1 1
16 2 13
19 2 29
31 2 36
36 2 33
35 1 22
26 1 25
16 1 10
19 2 28
20 1 50
31 1 26
13 2 16
59 1 7
67 1 36
40 1 44
11 2 7
23 2 36
20 1 51
10 2 27
44 1 40
48 1 47
33 1 26
38 1 49
27 1 26
60 1 45
60 1 3
32 2 66
10 2 65
19 2 25
45 2 59
12 1 10
12 2 7
7 2 47
51 1 26
66 1 26
22 1 19
28 2 10
? 1 github_cpp_program_data/24/269.cpp

67 1 66
45 1 11
66 1 22
59 1 46
14 1 13
10 2 15
10 2 23
67 1 31
31 2 32
59 1 11
54 2 49
28 2 19
34 1 31
22 1 7
34 1 36
18 1 14
32 2 33
28 2 21
16 1 31
7 2 15
13 1 7
32 1 26
22 1 28
39 1 38
6 1 4
40 1 35
24 2 49
38 1 53
132 2 9
10 1 20
59 1 40
7 2 31
3 2 9
23 1 16
10 1 15
44 1 67
38 1 58
21 1 10
30 1 22
10 7 7
51 1 22
13 1 10
18 2 40
16 1 12
26 1 28
11 2 10
9 2 132
11 1 10
38 1 30
32 2 39
30 2 69
44 2 30
54 1 36
35 1 26
40 1 69
10 1 27
46 2 40
6 1 5
49 2 69
67 1 32
10 2 28
40 1 24
23 2 32
36 2 66
40 1 30
34 2 38
7 1 20
13 1 11
10 2 20
7 1 27
10 2 63
32 1 22
49 1 13
22 1 48
23 1 26
30 1 26
26 1 21
10 2 47
7 2 19
69 1 34
35 2 58
42 2 24
45 1 18
66 1 26
42 1 39
7 1 15
21 1 47
12 1 7
40 1 49
19 2 10
7 5 10
4 2 5
36 1 22
12 1 63
10 1 7
38 1 35
13 1 23
19 2 48
67 2 38
28 2 29
6 2 3
26 1 7
7 2 20
22 1 25
50 1 22
132 1 10
1 2 2
26 1 29
19 2 7
45 1 40
48 1 20
33 1 26
7 2 18
44 1 40
10 2 19
35 2 30
48 2 19
7 1 10
31 1 13
44 1 34
7 2 46
48 1 10
44 1 38
11 1 7
45 1 7
33 1 22
26 1 10
28 2 25
10 5 7
34 1 23
36 1 26
24 1 16
15 1 22
7 2 27
38 1 44
69 2 30
7 4 10
13 1 12
47 1 50
40 1 42
30 2 35
22 1 29
3 2 6
52 1 40
38 1 42
69 1 67
27 1 22
29 2 19
16 1 11
16 1 23
3 1 2
38 1 54
39 1 40
15 1 26
9 2 45
60 1 6
67 1 23
7 7 10
28 2 7
42 1 32
7 2 28
60 1 59
34 2 40
30 2 44
54 1 52
52 1 38
58 6 59
48 1 7
22 1 10
25 2 28
23 1 22
7 1 19
60 1 9
34 1 33
58 1 22
47 1 51
24 2 35
36 2 33
10 4 7
49 2 44
10 1 28
69 1 38
28 2 48
60 1 45
13 1 47
35 1 22
26 1 25
16 1 10
19 2 28
20 1 50
60 1 132
31 1 26
16 1 7
59 1 7
10 1 19
67 1 36
30 2 54
3 1 1
40 1 44
11 2 7
23 2 36
20 1 51
10 2 27
34 1 32
40 1 54
23 1 13
27 1 26
44 2 42
19 2 29
26 1 48
13 1 31
9 1 7
60 1 3
32 2 66
31 2 36
12 2 10
36 2 52
7 2 23
10 2 31
19 2 25
31 1 16
45 2 59
12 1 10
12 2 7
51 1 26
26 1 19
22 1 19
28 2 10
? 1 github_cpp_program_data/24/291.cpp

67 1 66
45 1 11
66 1 22
14 1 13
18 2 71
59 1 18
67 1 31
46 2 40
40 1 30
22 1 7
18 1 14
32 2 33
28 2 21
13 1 7
32 1 26
22 1 28
39 1 38
45 1 40
40 1 35
24 1 13
72 1 7
16 1 7
38 1 43
44 1 67
12 2 10
21 1 10
30 1 22
10 7 7
45 1 46
51 1 22
16 1 12
26 1 28
11 2 10
3 1 2
11 1 10
10 4 7
38 1 30
32 2 39
44 2 30
26 1 29
35 1 26
60 1 72
12 1 63
26 1 7
72 1 38
23 2 32
36 2 66
48 2 19
13 1 11
42 2 49
148 1 22
45 1 10
30 2 148
10 2 20
10 2 63
16 1 23
22 1 48
23 1 26
30 1 26
21 1 7
26 1 21
7 2 19
69 1 34
26 1 19
10 2 46
42 1 39
12 1 7
19 2 10
7 5 10
4 2 5
13 1 10
6 1 5
10 1 7
38 1 35
19 2 48
24 2 69
28 2 29
6 2 3
45 1 12
10 2 28
51 2 50
72 1 71
59 2 45
7 2 20
22 1 25
50 1 22
1 2 2
19 2 7
11 1 65
72 2 45
18 2 38
7 2 18
36 1 26
10 2 19
35 2 30
40 1 148
7 1 10
3 2 72
43 1 40
7 2 63
7 2 46
44 1 38
11 1 7
45 1 7
33 1 22
26 1 10
28 2 25
10 5 7
34 1 23
24 1 16
50 1 26
67 2 38
17 1 16
7 1 28
11 1 63
7 4 10
47 1 50
38 1 24
19 2 21
46 1 17
21 1 20
38 1 42
71 1 21
16 1 11
30 2 35
72 1 18
69 1 40
60 1 6
7 7 10
28 2 7
42 1 32
7 2 28
60 1 59
34 2 40
3 2 6
59 1 38
38 1 69
48 1 7
35 2 44
22 1 10
49 1 16
23 1 22
7 1 19
59 1 12
34 1 33
47 1 51
35 2 43
22 1 21
48 2 28
3 1 1
16 2 13
19 2 29
31 2 36
35 1 22
16 1 10
45 2 59
20 1 50
6 1 4
13 2 16
59 1 7
10 1 19
36 2 40
67 1 36
10 1 28
40 1 44
11 2 7
43 1 36
20 1 51
34 1 32
48 1 47
38 1 49
28 2 48
31 1 22
60 1 45
10 2 23
26 1 48
60 1 3
71 2 38
10 2 65
49 2 35
19 2 25
12 1 10
12 2 7
7 2 47
51 1 26
22 1 19
28 2 10
? 1 github_cpp_program_data/24/297.cpp

67 1 66
45 1 11
66 1 22
59 1 46
14 1 13
10 2 15
10 2 23
67 1 31
31 2 32
59 1 11
54 2 49
28 2 19
34 1 31
22 1 7
34 1 36
18 1 14
32 2 33
28 2 21
16 1 31
7 2 15
13 1 7
32 1 26
22 1 28
39 1 38
6 1 4
40 1 35
24 2 49
38 1 53
132 2 9
10 1 20
59 1 40
7 2 31
3 2 9
23 1 16
10 1 15
44 1 67
38 1 58
21 1 10
30 1 22
10 7 7
51 1 22
13 1 10
18 2 40
16 1 12
26 1 28
11 2 10
9 2 132
11 1 10
38 1 30
32 2 39
30 2 69
44 2 30
54 1 36
35 1 26
40 1 69
10 1 27
46 2 40
6 1 5
49 2 69
67 1 32
10 2 28
40 1 24
23 2 32
36 2 66
40 1 30
34 2 38
7 1 20
13 1 11
10 2 20
7 1 27
10 2 63
32 1 22
49 1 13
22 1 48
23 1 26
30 1 26
26 1 21
10 2 47
7 2 19
69 1 34
35 2 58
42 2 24
45 1 18
66 1 26
42 1 39
7 1 15
21 1 47
12 1 7
40 1 49
19 2 10
7 5 10
4 2 5
36 1 22
12 1 63
10 1 7
38 1 35
13 1 23
19 2 48
67 2 38
28 2 29
6 2 3
26 1 7
7 2 20
22 1 25
50 1 22
132 1 10
1 2 2
26 1 29
19 2 7
45 1 40
48 1 20
33 1 26
7 2 18
44 1 40
10 2 19
35 2 30
48 2 19
7 1 10
31 1 13
44 1 34
7 2 46
48 1 10
44 1 38
11 1 7
45 1 7
33 1 22
26 1 10
28 2 25
10 5 7
34 1 23
36 1 26
24 1 16
15 1 22
7 2 27
38 1 44
69 2 30
7 4 10
13 1 12
47 1 50
40 1 42
30 2 35
22 1 29
3 2 6
52 1 40
38 1 42
69 1 67
27 1 22
29 2 19
16 1 11
16 1 23
3 1 2
38 1 54
39 1 40
15 1 26
9 2 45
60 1 6
67 1 23
7 7 10
28 2 7
42 1 32
7 2 28
60 1 59
34 2 40
30 2 44
54 1 52
52 1 38
58 6 59
48 1 7
22 1 10
25 2 28
23 1 22
7 1 19
60 1 9
34 1 33
58 1 22
47 1 51
24 2 35
36 2 33
10 4 7
49 2 44
10 1 28
69 1 38
28 2 48
60 1 45
13 1 47
35 1 22
26 1 25
16 1 10
19 2 28
20 1 50
60 1 132
31 1 26
16 1 7
59 1 7
10 1 19
67 1 36
30 2 54
3 1 1
40 1 44
11 2 7
23 2 36
20 1 51
10 2 27
34 1 32
40 1 54
23 1 13
27 1 26
44 2 42
19 2 29
26 1 48
13 1 31
9 1 7
60 1 3
32 2 66
31 2 36
12 2 10
36 2 52
7 2 23
10 2 31
19 2 25
31 1 16
45 2 59
12 1 10
12 2 7
51 1 26
26 1 19
22 1 19
28 2 10
? 1 github_cpp_program_data/24/321.cpp

67 1 66
45 1 11
66 1 22
59 1 46
14 1 13
12 2 10
67 1 31
31 2 32
59 1 10
59 1 11
28 2 19
34 1 31
22 1 7
23 1 26
32 2 33
28 2 21
16 1 31
13 1 7
32 1 26
22 1 28
39 1 38
6 1 4
49 2 30
24 1 13
24 2 49
10 1 20
44 1 67
10 2 23
34 1 32
30 1 22
7 2 23
18 2 40
16 1 12
26 1 28
11 2 10
11 1 10
38 1 30
32 2 39
44 2 30
26 1 7
7 1 20
40 1 69
12 1 63
26 1 29
59 1 38
36 2 66
35 2 49
34 2 38
35 1 26
13 1 11
10 2 20
25 2 19
30 2 24
32 1 22
49 1 13
22 1 48
18 1 14
30 1 26
21 1 7
26 1 21
10 2 47
7 2 19
21 2 19
69 1 34
45 1 18
26 1 19
10 2 46
42 1 39
21 1 47
12 1 7
19 2 10
7 5 10
4 2 5
21 1 10
13 1 10
6 1 5
10 1 7
38 1 35
13 1 23
19 2 48
67 2 40
6 2 3
10 2 28
51 2 50
7 2 20
22 1 25
50 1 22
1 2 2
19 2 7
45 1 40
48 1 20
33 1 26
36 1 26
10 2 19
35 2 30
7 1 10
31 1 13
7 2 63
48 1 10
11 1 7
51 1 22
26 1 10
28 2 25
50 2 51
10 5 7
45 1 10
24 1 16
50 1 26
38 1 44
7 1 28
7 4 10
13 1 12
47 1 50
38 1 24
46 2 38
3 2 45
40 1 42
19 2 21
10 2 18
22 1 29
3 2 6
25 2 28
16 1 11
16 1 23
30 2 35
7 2 31
60 1 6
7 7 10
28 2 7
42 1 32
7 2 28
60 1 59
21 1 20
10 1 28
48 1 7
22 1 10
49 1 16
23 1 22
7 1 19
34 1 33
47 1 51
10 4 7
49 2 44
22 1 21
48 2 28
3 1 1
69 1 38
60 1 45
13 1 47
35 1 22
16 1 10
45 2 59
20 1 50
31 1 26
16 1 7
10 1 19
67 1 36
24 2 35
11 2 7
20 1 51
44 1 40
48 1 47
38 1 49
26 1 48
60 1 3
31 2 36
3 1 2
19 2 25
31 1 16
12 1 10
12 2 7
7 2 47
51 1 26
22 1 19
28 2 10
? 1 github_cpp_program_data/24/326.cpp

67 1 66
45 1 11
66 1 22
59 1 46
14 1 13
12 2 10
67 1 31
31 2 32
59 1 10
59 1 11
28 2 19
34 1 31
22 1 7
23 1 26
32 2 33
28 2 21
16 1 31
13 1 7
32 1 26
22 1 28
39 1 38
6 1 4
49 2 30
24 1 13
24 2 49
10 1 20
44 1 67
10 2 23
34 1 32
30 1 22
7 2 23
18 2 40
16 1 12
26 1 28
11 2 10
11 1 10
38 1 30
32 2 39
44 2 30
26 1 7
7 1 20
40 1 69
12 1 63
26 1 29
59 1 38
36 2 66
35 2 49
34 2 38
35 1 26
13 1 11
10 2 20
25 2 19
30 2 24
32 1 22
49 1 13
22 1 48
18 1 14
30 1 26
21 1 7
26 1 21
10 2 47
7 2 19
21 2 19
69 1 34
45 1 18
26 1 19
10 2 46
42 1 39
21 1 47
12 1 7
19 2 10
7 5 10
4 2 5
21 1 10
13 1 10
6 1 5
10 1 7
38 1 35
13 1 23
19 2 48
67 2 40
6 2 3
10 2 28
51 2 50
7 2 20
22 1 25
50 1 22
1 2 2
19 2 7
45 1 40
48 1 20
33 1 26
36 1 26
10 2 19
35 2 30
7 1 10
31 1 13
7 2 63
48 1 10
11 1 7
51 1 22
26 1 10
28 2 25
50 2 51
10 5 7
45 1 10
24 1 16
50 1 26
38 1 44
7 1 28
7 4 10
13 1 12
47 1 50
38 1 24
46 2 38
3 2 45
40 1 42
19 2 21
10 2 18
22 1 29
3 2 6
25 2 28
16 1 11
16 1 23
30 2 35
7 2 31
60 1 6
7 7 10
28 2 7
42 1 32
7 2 28
60 1 59
21 1 20
10 1 28
48 1 7
22 1 10
49 1 16
23 1 22
7 1 19
34 1 33
47 1 51
10 4 7
49 2 44
22 1 21
48 2 28
3 1 1
69 1 38
60 1 45
13 1 47
35 1 22
16 1 10
45 2 59
20 1 50
31 1 26
16 1 7
10 1 19
67 1 36
24 2 35
11 2 7
20 1 51
44 1 40
48 1 47
38 1 49
26 1 48
60 1 3
31 2 36
3 1 2
19 2 25
31 1 16
12 1 10
12 2 7
7 2 47
51 1 26
22 1 19
28 2 10
? 1 github_cpp_program_data/24/356.cpp

67 1 66
45 1 11
59 1 46
14 1 13
10 2 15
12 2 10
31 2 32
6 1 4
10 1 47
34 1 31
22 1 7
34 1 36
23 1 26
32 2 33
28 2 21
16 1 31
7 2 15
13 1 7
32 1 26
22 1 28
39 1 38
45 1 40
38 1 49
40 1 35
24 1 13
24 2 49
10 1 20
3 2 9
23 1 16
10 1 15
44 1 67
10 2 23
21 1 10
31 1 22
10 7 7
45 1 7
13 1 10
18 2 40
16 1 12
26 1 28
46 2 38
11 2 10
11 1 10
38 1 30
32 2 39
30 2 69
44 2 30
26 1 29
35 1 26
40 1 69
10 1 27
12 1 63
49 2 69
26 1 7
59 1 38
40 1 24
23 2 32
36 2 66
34 2 38
13 1 11
10 2 20
7 1 27
10 2 63
32 1 22
22 1 48
18 1 14
30 1 26
21 1 7
26 1 21
10 2 47
7 2 19
69 1 34
45 1 18
66 1 26
42 1 39
21 1 47
19 2 10
7 5 10
4 2 5
36 1 22
6 1 5
10 1 7
38 1 35
19 2 48
67 1 32
6 2 3
10 2 28
51 2 50
7 2 20
22 1 25
50 1 22
1 2 2
19 2 7
30 1 22
24 2 30
48 1 20
7 2 18
44 1 40
10 2 19
28 2 29
7 1 10
44 1 34
7 2 46
48 1 10
44 1 38
11 1 7
51 1 22
33 1 22
28 2 25
10 5 7
34 1 23
24 1 16
50 1 26
15 1 22
7 2 27
38 1 44
7 1 28
7 4 10
13 1 12
26 1 10
38 1 24
35 2 24
40 1 42
22 1 29
3 2 6
69 1 67
27 1 22
16 1 11
16 1 23
3 1 2
7 2 31
9 1 8
15 1 26
69 1 40
9 2 45
60 1 6
67 1 23
28 2 7
42 1 32
7 2 28
60 1 59
7 1 15
38 1 69
59 1 12
48 1 7
22 1 10
49 1 16
16 1 20
7 1 19
60 1 9
34 1 33
47 1 51
40 1 49
22 1 21
49 2 44
10 4 7
48 2 28
3 1 1
69 1 38
16 2 13
60 1 45
36 2 33
30 2 49
35 1 22
26 1 25
16 1 10
45 2 59
20 1 50
31 1 26
16 1 7
59 1 7
10 1 19
67 1 36
11 2 7
23 2 36
20 1 51
10 2 27
34 1 32
67 2 40
23 1 13
27 1 26
26 1 48
13 1 31
36 1 26
60 1 3
32 2 66
8 1 7
10 2 31
19 2 25
12 1 10
12 2 7
7 2 47
51 1 26
26 1 19
22 1 19
28 2 10
? 1 github_cpp_program_data/24/36.cpp

59 1 46
45 1 11
7 2 63
14 1 13
11 1 62
12 2 10
33 1 22
47 1 50
59 1 10
59 1 11
44 1 34
40 1 30
22 1 7
7 2 31
18 1 14
32 2 33
45 1 10
34 1 23
16 1 31
50 1 26
13 1 7
32 1 26
38 1 24
38 1 44
10 5 7
24 2 30
7 4 10
13 1 12
40 1 35
26 1 10
24 1 13
46 2 38
24 2 49
38 1 53
53 6 59
30 2 35
10 2 18
22 1 29
3 2 6
10 1 20
11 1 7
62 2 7
23 1 16
10 2 23
21 1 10
30 1 22
3 1 2
16 1 47
45 1 38
44 2 53
16 1 12
26 1 28
11 2 10
11 1 10
60 1 6
26 1 7
35 1 26
60 1 59
34 2 40
6 2 45
12 1 63
28 2 7
59 1 38
40 1 24
23 2 32
48 1 20
7 1 20
13 1 11
10 2 20
10 2 47
7 1 19
49 1 13
22 1 48
23 1 26
44 1 40
34 1 33
47 1 51
22 1 21
49 2 44
7 2 19
10 4 7
10 1 28
60 1 45
45 1 18
26 1 25
16 1 10
45 2 59
20 1 50
21 1 47
12 1 7
6 1 4
19 2 10
7 5 10
4 2 5
10 1 19
13 1 10
6 1 5
10 1 7
3 1 1
13 1 23
11 2 7
20 1 51
34 1 32
13 1 31
18 2 38
38 1 49
31 1 22
53 1 22
7 2 28
26 1 48
24 1 16
10 2 28
60 1 3
51 2 50
7 2 20
22 1 25
50 1 22
10 2 31
1 2 2
19 2 7
48 1 7
51 1 26
10 2 19
22 1 19
28 2 10
10 2 46
7 1 10
? 1 github_cpp_program_data/24/37.cpp

67 1 66
45 1 11
66 1 22
14 1 13
18 2 71
59 1 18
67 1 31
46 2 40
40 1 30
22 1 7
18 1 14
32 2 33
28 2 21
13 1 7
32 1 26
22 1 28
39 1 38
45 1 40
40 1 35
24 1 13
72 1 7
16 1 7
38 1 43
44 1 67
12 2 10
21 1 10
30 1 22
10 7 7
45 1 46
51 1 22
16 1 12
26 1 28
11 2 10
3 1 2
11 1 10
10 4 7
38 1 30
32 2 39
44 2 30
26 1 29
35 1 26
60 1 72
12 1 63
26 1 7
72 1 38
23 2 32
36 2 66
48 2 19
13 1 11
42 2 49
148 1 22
45 1 10
30 2 148
10 2 20
10 2 63
16 1 23
22 1 48
23 1 26
30 1 26
21 1 7
26 1 21
7 2 19
69 1 34
26 1 19
10 2 46
42 1 39
12 1 7
19 2 10
7 5 10
4 2 5
13 1 10
6 1 5
10 1 7
38 1 35
19 2 48
24 2 69
28 2 29
6 2 3
45 1 12
10 2 28
51 2 50
72 1 71
59 2 45
7 2 20
22 1 25
50 1 22
1 2 2
19 2 7
11 1 65
72 2 45
18 2 38
7 2 18
36 1 26
10 2 19
35 2 30
40 1 148
7 1 10
3 2 72
43 1 40
7 2 63
7 2 46
44 1 38
11 1 7
45 1 7
33 1 22
26 1 10
28 2 25
10 5 7
34 1 23
24 1 16
50 1 26
67 2 38
17 1 16
7 1 28
11 1 63
7 4 10
47 1 50
38 1 24
19 2 21
46 1 17
21 1 20
38 1 42
71 1 21
16 1 11
30 2 35
72 1 18
69 1 40
60 1 6
7 7 10
28 2 7
42 1 32
7 2 28
60 1 59
34 2 40
3 2 6
59 1 38
38 1 69
48 1 7
35 2 44
22 1 10
49 1 16
23 1 22
7 1 19
59 1 12
34 1 33
47 1 51
35 2 43
22 1 21
48 2 28
3 1 1
16 2 13
19 2 29
31 2 36
35 1 22
16 1 10
45 2 59
20 1 50
6 1 4
13 2 16
59 1 7
10 1 19
36 2 40
67 1 36
10 1 28
40 1 44
11 2 7
43 1 36
20 1 51
34 1 32
48 1 47
38 1 49
28 2 48
31 1 22
60 1 45
10 2 23
26 1 48
60 1 3
71 2 38
10 2 65
49 2 35
19 2 25
12 1 10
12 2 7
7 2 47
51 1 26
22 1 19
28 2 10
? 1 github_cpp_program_data/24/387.cpp

67 1 66
42 1 36
45 1 11
66 1 22
44 2 35
48 1 10
44 1 38
11 1 7
12 2 10
67 1 31
33 1 22
31 2 32
28 2 25
44 1 34
40 1 30
22 1 7
23 1 26
32 2 33
45 1 10
34 1 23
24 1 16
30 1 22
13 1 7
32 1 26
22 1 28
6 1 4
7 4 10
13 1 12
40 1 35
26 1 10
24 1 13
26 1 25
10 2 15
13 2 16
30 2 35
10 2 18
36 2 39
22 1 29
21 1 20
38 1 42
30 2 24
69 1 67
10 1 15
44 1 67
27 1 22
34 1 32
31 1 22
67 2 38
16 1 11
67 1 36
13 1 10
18 2 40
7 2 15
26 1 28
11 2 10
38 1 30
60 1 6
7 2 27
7 7 10
26 1 29
26 1 7
35 1 26
40 1 69
3 2 6
6 2 45
10 1 27
35 2 69
6 1 5
67 1 32
10 2 28
40 1 24
23 2 32
36 2 66
34 1 33
34 2 38
22 1 10
19 2 25
15 1 26
7 1 27
23 1 22
32 1 22
28 2 7
10 5 7
30 1 26
21 1 7
10 2 47
7 1 15
22 1 21
7 2 19
10 4 7
3 1 1
69 1 34
16 2 13
60 1 45
69 2 35
31 2 36
45 1 18
35 1 22
66 1 26
42 1 39
31 1 26
19 2 10
16 1 7
7 5 10
4 2 5
36 1 22
24 2 35
40 1 44
11 2 7
69 1 38
10 2 27
44 1 40
48 1 47
67 2 40
15 1 22
27 1 26
28 2 29
10 7 7
19 2 29
7 2 28
26 1 48
35 2 44
60 1 3
32 2 66
7 2 20
35 2 30
22 1 25
39 1 40
1 2 2
3 1 2
19 2 7
45 1 40
12 1 10
12 2 7
33 1 26
26 1 19
36 1 26
10 2 19
22 1 19
28 2 10
7 1 10
? 1 github_cpp_program_data/24/437.cpp

67 1 66
45 1 11
66 1 22
14 1 13
18 2 71
12 2 10
31 2 32
118 1 48
34 1 31
22 1 7
7 2 31
18 1 14
32 2 33
28 2 21
26 1 28
16 1 31
30 1 22
13 1 7
32 1 26
22 1 28
50 1 65
31 1 26
153 1 18
62 2 10
40 1 35
49 2 30
24 1 13
72 1 7
118 2 40
91 1 7
7 5 10
10 1 20
91 1 46
44 1 67
10 2 23
21 1 10
31 1 22
67 2 38
22 1 153
7 2 23
18 2 40
16 1 12
153 1 38
11 2 10
91 1 118
60 1 6
136 1 135
38 1 30
32 2 39
18 1 17
26 1 29
35 1 26
40 1 69
60 1 72
51 1 10
10 1 27
6 1 5
49 2 69
26 1 7
72 1 38
40 1 24
36 2 66
40 1 30
13 1 11
45 1 10
10 2 20
10 2 63
32 1 22
23 1 26
30 1 26
21 1 7
26 1 21
10 2 47
7 2 19
69 1 34
45 1 18
26 1 19
42 1 39
21 1 47
12 1 7
40 1 49
19 2 10
46 2 118
4 2 5
13 1 10
10 1 7
38 1 35
13 1 23
7 2 15
14 2 17
28 2 29
10 2 28
50 1 63
135 1 51
51 2 50
72 1 71
7 2 20
7 1 47
22 1 25
135 2 46
50 1 22
1 2 2
19 2 7
51 1 7
45 1 40
136 1 46
7 2 18
36 1 26
10 2 19
35 2 30
7 1 10
31 1 13
7 2 46
91 2 45
48 1 10
44 1 38
11 1 7
51 1 22
33 1 22
47 1 50
28 2 25
50 2 51
10 5 7
24 1 16
50 1 26
15 1 22
17 1 16
10 7 7
153 1 152
7 1 28
69 2 30
11 1 63
7 4 10
13 1 12
26 1 10
46 2 38
24 2 49
30 2 35
10 2 18
22 1 29
21 1 20
38 1 42
27 1 22
153 1 40
71 1 21
24 2 44
16 1 11
16 1 23
3 1 2
44 2 49
39 1 40
60 1 91
15 1 26
72 1 18
69 1 40
11 1 10
67 1 23
7 7 10
28 2 7
42 1 32
7 2 28
34 2 40
3 2 6
17 2 14
135 1 50
48 1 20
136 1 38
22 1 10
49 1 16
12 1 65
23 1 22
7 1 19
152 2 18
34 1 33
47 1 51
22 1 136
7 1 15
22 1 21
10 4 7
3 1 1
91 1 40
60 1 45
35 1 22
12 1 62
16 1 10
20 1 50
6 2 72
6 1 4
16 1 7
10 1 19
67 1 36
152 1 50
10 1 28
40 1 44
11 2 7
23 2 36
20 1 51
10 2 27
34 1 32
48 1 47
18 2 38
23 1 13
27 1 26
19 2 29
26 1 48
13 1 31
60 1 3
71 2 38
10 2 65
10 2 31
72 2 91
30 2 42
12 1 10
12 2 7
7 2 47
51 1 26
152 1 51
22 1 19
28 2 10
? 1 github_cpp_program_data/24/445.cpp

59 1 46
45 1 11
7 2 63
14 1 13
11 1 62
12 2 10
33 1 22
47 1 50
59 1 10
59 1 11
44 1 34
40 1 30
22 1 7
7 2 31
18 1 14
32 2 33
45 1 10
34 1 23
16 1 31
50 1 26
13 1 7
32 1 26
38 1 24
38 1 44
10 5 7
24 2 30
7 4 10
13 1 12
40 1 35
26 1 10
24 1 13
46 2 38
24 2 49
38 1 53
53 6 59
30 2 35
10 2 18
22 1 29
3 2 6
10 1 20
11 1 7
62 2 7
23 1 16
10 2 23
21 1 10
30 1 22
3 1 2
16 1 47
45 1 38
44 2 53
16 1 12
26 1 28
11 2 10
11 1 10
60 1 6
26 1 7
35 1 26
60 1 59
34 2 40
6 2 45
12 1 63
28 2 7
59 1 38
40 1 24
23 2 32
48 1 20
7 1 20
13 1 11
10 2 20
10 2 47
7 1 19
49 1 13
22 1 48
23 1 26
44 1 40
34 1 33
47 1 51
22 1 21
49 2 44
7 2 19
10 4 7
10 1 28
60 1 45
45 1 18
26 1 25
16 1 10
45 2 59
20 1 50
21 1 47
12 1 7
6 1 4
19 2 10
7 5 10
4 2 5
10 1 19
13 1 10
6 1 5
10 1 7
3 1 1
13 1 23
11 2 7
20 1 51
34 1 32
13 1 31
18 2 38
38 1 49
31 1 22
53 1 22
7 2 28
26 1 48
24 1 16
10 2 28
60 1 3
51 2 50
7 2 20
22 1 25
50 1 22
10 2 31
1 2 2
19 2 7
48 1 7
51 1 26
10 2 19
22 1 19
28 2 10
10 2 46
7 1 10
? 1 github_cpp_program_data/24/7.cpp

67 1 66
45 1 11
66 1 22
14 1 13
18 2 71
59 1 18
67 1 31
46 2 40
40 1 30
22 1 7
18 1 14
32 2 33
28 2 21
13 1 7
32 1 26
22 1 28
39 1 38
45 1 40
40 1 35
24 1 13
72 1 7
16 1 7
38 1 43
44 1 67
12 2 10
21 1 10
30 1 22
10 7 7
45 1 46
51 1 22
16 1 12
26 1 28
11 2 10
3 1 2
11 1 10
10 4 7
38 1 30
32 2 39
44 2 30
26 1 29
35 1 26
60 1 72
12 1 63
26 1 7
72 1 38
23 2 32
36 2 66
48 2 19
13 1 11
42 2 49
148 1 22
45 1 10
30 2 148
10 2 20
10 2 63
16 1 23
22 1 48
23 1 26
30 1 26
21 1 7
26 1 21
7 2 19
69 1 34
26 1 19
10 2 46
42 1 39
12 1 7
19 2 10
7 5 10
4 2 5
13 1 10
6 1 5
10 1 7
38 1 35
19 2 48
24 2 69
28 2 29
6 2 3
45 1 12
10 2 28
51 2 50
72 1 71
59 2 45
7 2 20
22 1 25
50 1 22
1 2 2
19 2 7
11 1 65
72 2 45
18 2 38
7 2 18
36 1 26
10 2 19
35 2 30
40 1 148
7 1 10
3 2 72
43 1 40
7 2 63
7 2 46
44 1 38
11 1 7
45 1 7
33 1 22
26 1 10
28 2 25
10 5 7
34 1 23
24 1 16
50 1 26
67 2 38
17 1 16
7 1 28
11 1 63
7 4 10
47 1 50
38 1 24
19 2 21
46 1 17
21 1 20
38 1 42
71 1 21
16 1 11
30 2 35
72 1 18
69 1 40
60 1 6
7 7 10
28 2 7
42 1 32
7 2 28
60 1 59
34 2 40
3 2 6
59 1 38
38 1 69
48 1 7
35 2 44
22 1 10
49 1 16
23 1 22
7 1 19
59 1 12
34 1 33
47 1 51
35 2 43
22 1 21
48 2 28
3 1 1
16 2 13
19 2 29
31 2 36
35 1 22
16 1 10
45 2 59
20 1 50
6 1 4
13 2 16
59 1 7
10 1 19
36 2 40
67 1 36
10 1 28
40 1 44
11 2 7
43 1 36
20 1 51
34 1 32
48 1 47
38 1 49
28 2 48
31 1 22
60 1 45
10 2 23
26 1 48
60 1 3
71 2 38
10 2 65
49 2 35
19 2 25
12 1 10
12 2 7
7 2 47
51 1 26
22 1 19
28 2 10
? 1 github_cpp_program_data/24/87.cpp

