11 1 10
23 1 26
7 1 15
10 5 7
10 2 19
58 6 45
54 1 32
16 1 7
49 1 16
26 1 10
27 1 26
26 1 21
23 1 28
23 2 32
6 1 5
44 2 35
7 5 10
43 2 54
7 2 20
54 1 39
20 1 50
26 1 25
18 2 38
10 1 19
45 1 12
52 1 40
38 1 30
26 1 7
43 1 32
45 1 18
10 2 28
19 2 10
7 1 19
60 1 45
16 2 13
11 1 62
35 2 42
53 1 22
10 2 27
34 1 23
28 2 21
41 1 38
57 1 40
54 1 36
21 1 10
40 1 54
14 1 13
32 2 52
38 1 44
35 1 22
40 1 30
10 2 20
22 1 29
38 1 42
49 1 13
61 1 11
20 1 51
36 1 26
19 2 29
26 1 19
30 1 22
34 1 33
7 1 10
38 1 24
40 1 53
39 1 38
45 1 38
54 1 55
3 1 2
38 1 57
13 1 20
18 1 17
48 1 10
44 1 34
64 2 10
39 1 40
7 2 15
61 2 45
19 2 21
12 1 64
22 1 25
7 2 27
38 1 35
60 1 6
26 2 28
7 2 46
26 1 28
51 2 50
6 1 4
12 1 7
7 7 10
32 1 26
11 2 7
32 2 38
49 2 44
38 1 49
28 2 10
35 1 26
21 2 19
29 2 28
28 2 25
21 1 7
51 1 26
33 1 22
35 2 57
50 1 26
10 2 63
4 2 5
3 1 1
42 1 36
34 1 32
16 1 10
43 1 38
7 2 28
27 1 22
40 1 43
22 1 28
39 2 55
22 1 7
21 1 20
6 2 61
60 1 3
10 1 28
40 1 35
26 1 29
59 1 40
46 2 40
44 1 38
7 2 47
19 2 7
35 2 30
45 1 7
51 1 22
11 1 63
54 1 41
48 1 7
58 1 22
42 1 52
25 2 19
34 2 38
12 2 10
61 1 7
23 1 22
22 1 10
48 1 47
59 1 7
1 2 2
57 1 36
50 2 51
47 1 51
7 1 20
15 1 26
52 2 41
16 1 12
59 1 46
32 1 22
24 2 49
57 2 58
10 7 7
21 1 47
12 1 10
26 1 48
19 2 25
36 2 40
60 1 61
54 1 52
59 1 12
7 4 10
10 2 47
17 1 16
7 1 27
18 1 14
28 2 22
15 1 22
36 2 39
13 1 7
3 2 6
28 2 19
10 2 65
50 1 22
38 1 58
62 2 10
12 2 7
14 2 17
10 4 7
30 1 26
6 2 3
10 1 7
7 2 18
38 1 54
24 1 13
13 1 11
28 2 7
10 1 27
22 1 19
47 1 50
28 2 48
30 2 35
55 1 42
45 2 59
42 1 39
22 1 48
60 1 59
32 2 33
12 1 65
42 1 32
7 2 19
? 1 github_cpp_program_data/10/10.cpp

13 1 10
67 2 38
23 2 32
34 1 32
23 1 26
7 1 15
16 1 10
19 2 10
45 1 11
10 2 19
40 1 49
7 2 28
40 1 44
16 1 7
22 1 28
44 1 40
22 1 7
26 1 10
21 1 20
13 1 23
27 1 26
12 2 10
19 2 48
40 1 35
38 1 68
69 1 34
44 2 35
45 2 59
26 1 29
16 1 23
10 2 46
67 2 40
20 1 50
26 1 25
59 1 40
28 2 10
38 1 30
46 2 40
10 1 15
26 1 7
19 2 7
59 1 12
45 1 18
10 2 28
10 2 18
22 1 25
51 1 22
16 2 13
44 1 38
46 1 14
10 2 27
17 2 14
34 1 23
34 2 38
48 1 47
7 5 10
15 1 26
30 2 69
44 1 67
22 1 10
60 1 45
14 1 13
29 2 19
24 1 16
38 1 44
18 2 38
49 2 69
40 1 69
16 1 31
22 1 29
47 1 51
27 1 22
13 1 11
49 1 13
16 1 12
35 1 26
36 1 26
28 2 29
19 2 29
10 4 7
66 1 26
26 1 19
12 1 63
23 1 16
11 2 10
28 2 25
34 1 33
34 2 40
12 1 10
44 2 30
7 2 31
7 1 10
19 2 25
7 2 65
38 1 24
26 1 48
26 1 21
7 4 10
45 1 38
46 1 17
7 1 27
18 1 14
19 2 28
15 1 22
48 1 10
28 2 19
13 1 7
40 1 70
11 1 7
14 1 16
7 2 15
45 1 10
67 1 31
31 2 36
12 2 7
23 1 13
21 1 10
7 2 27
36 2 66
10 2 20
30 1 26
26 1 28
38 1 69
28 2 7
10 2 23
12 1 7
10 1 27
7 2 19
13 1 31
10 7 7
67 1 66
28 2 21
10 2 47
32 2 33
67 1 36
13 1 12
13 2 16
59 1 46
7 2 63
16 1 11
10 2 15
31 1 22
60 1 59
29 2 28
32 1 26
33 1 22
7 7 10
50 1 22
69 1 38
24 2 30
17 1 13
22 1 19
59 1 10
11 1 65
69 1 40
? 1 github_cpp_program_data/10/13.cpp

11 1 10
23 1 26
7 1 15
21 2 48
10 2 19
11 1 7
58 6 45
72 1 18
40 1 44
16 1 7
18 1 17
26 1 10
27 1 26
22 1 21
23 2 32
40 1 57
19 2 21
54 1 36
20 1 50
26 1 25
25 2 19
10 1 19
52 1 40
38 1 30
47 1 50
10 1 15
26 1 7
59 1 12
16 1 31
10 2 28
19 2 10
7 1 19
48 2 21
7 2 15
7 1 28
10 4 7
71 2 38
15 1 26
59 1 18
21 1 10
60 1 45
14 1 13
35 1 22
40 1 30
10 2 20
22 1 29
45 1 10
36 2 52
18 2 71
20 1 51
36 1 26
19 2 29
42 2 35
71 1 21
26 1 19
11 2 10
26 1 28
7 2 31
7 1 10
57 1 32
28 2 29
7 2 23
11 2 7
26 1 21
19 2 28
48 1 10
44 1 34
39 1 40
7 2 20
40 1 58
38 1 42
22 1 25
36 2 38
7 2 27
38 1 35
40 1 24
34 1 33
29 2 28
8 1 7
12 1 7
7 7 10
32 1 26
10 7 7
30 2 53
18 2 40
32 2 38
32 2 33
28 2 10
72 1 10
60 1 3
31 1 22
28 2 25
34 1 23
51 1 26
33 1 22
50 1 26
42 1 39
24 2 44
30 2 24
3 1 1
45 1 11
43 1 40
34 1 32
16 1 10
43 1 38
53 1 26
7 2 28
27 1 22
22 1 28
22 1 7
21 1 20
13 1 23
10 1 28
40 1 35
9 1 8
10 2 27
26 1 29
59 1 40
46 2 40
44 1 38
7 2 47
3 2 9
19 2 7
10 2 46
51 1 22
48 1 7
58 1 22
10 5 7
72 2 45
34 2 38
12 2 10
7 5 10
43 2 42
22 1 10
12 1 10
30 1 22
1 2 2
45 1 46
47 1 51
9 2 72
13 1 11
16 1 12
35 1 26
32 1 22
72 1 38
57 2 58
21 2 28
60 1 9
23 1 16
60 1 72
48 1 47
26 1 48
19 2 25
36 2 40
40 1 53
54 1 52
7 4 10
10 2 47
17 1 16
7 1 27
18 1 14
15 1 22
32 2 39
28 2 19
50 1 22
12 2 7
10 2 18
14 2 17
45 1 40
17 2 14
30 1 26
39 1 38
35 2 30
10 1 7
43 1 36
38 1 54
24 1 13
3 1 2
28 2 7
10 1 27
22 1 19
21 1 7
28 2 48
36 1 22
19 2 48
45 2 59
71 1 48
10 2 15
22 1 48
60 1 59
57 1 38
35 2 54
38 1 43
42 1 32
72 1 71
7 2 19
59 1 10
13 1 7
? 1 github_cpp_program_data/10/15.cpp

13 1 10
10 2 31
67 2 38
11 1 10
49 2 30
23 1 26
7 1 15
69 2 53
10 2 19
28 2 19
58 6 45
48 1 20
54 1 32
30 2 49
16 1 7
44 2 69
44 1 40
49 1 16
26 1 10
27 1 26
16 1 20
22 1 21
23 2 32
6 1 5
44 2 35
7 5 10
7 2 20
19 2 21
20 1 50
26 1 25
25 2 19
23 1 22
45 1 12
40 1 54
7 1 20
24 2 69
10 1 15
26 1 7
59 1 12
45 1 18
10 2 28
19 2 10
7 1 19
24 2 30
7 2 15
46 1 14
53 1 22
7 1 28
24 2 43
32 2 39
28 2 21
15 1 26
36 2 66
21 1 10
60 1 45
14 1 13
29 2 19
32 2 52
35 1 22
40 1 30
10 2 20
7 2 31
22 1 29
31 2 32
38 1 42
36 2 38
49 1 13
16 1 47
36 1 26
19 2 29
42 2 35
33 1 26
26 1 19
30 1 22
11 2 10
26 1 28
67 2 40
7 1 10
51 2 50
38 1 24
7 2 23
52 1 38
17 1 16
34 1 36
24 2 49
18 1 17
7 1 47
44 1 34
59 1 38
62 2 10
39 1 40
7 2 46
32 2 66
40 1 58
45 1 10
23 2 36
64 2 7
22 1 25
7 2 27
60 1 3
60 1 6
40 1 24
10 2 23
21 1 7
34 1 33
3 1 2
38 1 69
6 1 4
12 1 7
67 1 23
7 7 10
34 1 23
20 1 51
18 2 40
10 1 20
67 1 36
28 2 10
13 2 16
10 1 47
35 2 24
11 1 64
21 2 19
30 2 44
28 2 25
47 1 50
51 1 26
33 1 22
35 2 44
50 1 26
69 1 38
10 2 63
4 2 5
25 2 28
69 1 40
3 1 1
45 1 11
34 1 32
16 1 10
43 1 38
59 2 45
40 1 49
7 2 28
27 1 22
53 6 59
22 1 28
22 1 7
21 1 20
13 1 23
69 2 35
10 1 28
40 1 35
67 1 32
49 2 44
48 1 10
26 1 29
59 1 40
46 2 40
12 1 63
44 1 38
16 1 23
13 1 12
7 2 47
19 2 7
62 2 7
38 1 53
35 2 30
51 1 22
11 1 63
48 1 7
58 1 22
31 1 26
10 5 7
32 1 26
46 2 38
34 2 38
12 2 10
10 1 19
30 2 69
40 1 44
22 1 10
48 1 47
38 1 35
24 1 16
31 1 22
59 1 7
1 2 2
64 2 10
50 2 51
47 1 51
13 1 11
50 1 22
69 2 58
16 1 12
35 1 26
32 1 22
28 2 29
10 4 7
10 7 7
66 1 26
23 1 16
21 1 47
34 2 40
12 1 10
26 1 48
40 1 69
19 2 25
7 2 65
11 2 7
54 1 52
46 1 17
7 4 10
59 1 46
26 1 21
16 1 31
18 1 14
15 1 22
31 2 36
10 2 47
13 1 7
3 2 6
11 1 7
14 1 16
69 1 67
66 1 22
38 1 30
12 2 7
23 1 13
14 2 17
45 1 40
7 1 27
6 2 45
12 1 62
30 1 26
10 1 7
43 2 42
43 1 36
24 1 13
38 1 49
28 2 7
31 1 13
10 1 27
22 1 19
13 1 31
28 2 48
30 2 35
36 1 22
67 1 66
19 2 48
45 2 59
34 1 31
42 1 39
7 2 63
16 1 11
10 2 15
22 1 48
10 2 65
60 1 59
32 2 33
12 1 65
38 1 43
42 1 32
10 2 18
49 2 35
7 2 19
10 2 27
36 2 33
11 1 65
? 1 github_cpp_program_data/10/17.cpp

13 1 10
10 2 31
11 1 10
35 2 24
7 1 15
10 5 7
21 2 48
10 2 19
28 2 19
72 1 18
48 1 20
16 1 7
49 1 16
26 1 10
40 1 42
62 2 63
18 2 40
27 1 26
12 2 10
22 1 21
19 2 78
6 1 5
7 5 10
43 2 35
54 1 36
20 1 50
26 1 25
42 1 39
10 1 19
45 1 12
57 1 36
38 1 30
10 1 15
26 1 7
43 1 32
45 1 18
76 1 46
19 2 27
19 2 10
7 1 19
10 2 64
16 2 13
11 1 62
7 2 15
46 1 14
7 1 28
28 2 77
62 2 10
32 2 39
28 2 21
71 2 38
15 1 26
21 1 10
40 1 54
14 1 13
29 2 19
53 6 45
35 1 22
40 1 30
10 2 20
7 2 31
22 1 29
30 2 57
36 2 52
18 2 71
20 1 51
36 1 26
19 2 29
19 2 77
71 1 21
26 1 19
30 1 22
11 2 10
48 2 28
15 2 7
7 1 10
57 1 32
38 1 24
7 2 23
52 1 38
26 1 21
45 1 38
22 1 25
38 1 57
18 2 38
18 1 17
48 1 10
7 2 27
7 2 18
7 2 46
42 2 53
22 1 27
19 2 21
12 1 64
22 1 78
57 1 40
38 1 35
60 1 6
40 1 24
10 2 23
21 1 7
26 1 28
3 1 2
6 1 4
58 1 26
59 2 45
7 7 10
32 1 26
10 7 7
40 1 72
60 1 8
32 2 38
19 2 48
28 2 10
72 1 10
13 2 16
35 1 26
60 1 3
10 2 62
29 2 28
13 1 31
51 1 26
6 2 8
50 1 22
17 1 13
10 2 63
30 2 35
4 2 5
25 2 28
3 1 1
45 1 11
43 1 40
7 2 20
16 1 10
43 1 38
77 1 20
53 1 26
7 2 28
32 2 40
27 1 22
40 1 43
22 1 15
64 2 65
22 1 28
22 1 7
21 1 20
13 1 23
10 4 7
10 1 28
40 1 59
40 1 35
28 2 48
30 2 42
26 1 29
16 1 23
46 2 40
12 1 63
11 2 7
59 1 38
7 2 47
19 2 7
38 1 53
10 2 46
45 1 7
11 1 63
48 1 7
58 1 22
31 1 26
10 2 40
46 2 38
12 1 10
23 1 22
22 1 10
58 6 59
24 1 16
59 1 7
1 2 2
64 2 10
47 1 51
22 1 77
78 1 47
13 1 11
16 1 12
30 2 54
59 1 46
32 1 22
72 1 38
24 2 49
57 2 58
35 2 53
3 2 6
8 1 10
21 1 47
48 1 47
26 1 48
19 2 25
36 2 40
40 1 53
54 1 52
59 1 12
46 1 17
49 2 57
10 2 47
17 1 16
16 1 31
49 2 24
18 1 14
7 4 10
15 1 22
28 2 78
57 2 35
43 2 30
13 1 7
10 2 28
72 2 76
11 1 7
14 1 16
38 1 58
12 2 7
40 1 76
14 2 17
45 1 40
7 1 27
17 2 14
30 1 26
39 1 38
35 2 30
10 1 7
43 1 36
24 1 13
38 1 49
28 2 7
10 1 27
28 2 29
22 1 19
47 1 50
19 2 28
40 1 45
36 1 22
76 2 45
76 1 40
45 2 59
71 1 48
13 1 12
76 1 10
24 2 42
16 1 11
10 2 15
22 1 48
10 2 65
24 2 57
8 1 40
28 2 25
12 1 65
27 2 10
42 1 32
72 1 71
10 2 18
19 2 15
7 2 19
10 2 27
11 1 65
? 1 github_cpp_program_data/10/2.cpp

13 1 31
13 1 10
10 2 31
67 2 38
11 1 10
24 2 35
23 1 26
7 1 15
38 1 73
69 2 53
10 2 19
40 1 44
16 1 7
49 1 16
26 1 10
18 2 40
27 1 26
57 2 42
22 1 21
53 6 45
23 2 32
6 1 5
7 5 10
7 2 20
43 2 35
20 1 50
26 1 25
25 2 19
10 1 19
45 1 12
57 1 36
7 1 20
10 1 15
26 1 7
59 1 12
45 1 18
22 1 10
10 2 18
7 1 19
16 2 13
3 2 6
7 2 15
46 1 14
53 1 22
7 1 28
62 2 10
32 2 39
28 2 21
15 1 26
21 1 10
60 1 45
14 1 13
29 2 19
35 1 22
40 1 30
10 2 20
22 1 29
31 2 32
38 1 42
36 2 38
20 1 51
36 1 26
19 2 29
33 1 26
26 1 19
59 1 7
11 2 10
26 1 28
7 2 31
7 1 10
51 2 50
38 1 24
7 2 23
40 1 53
26 1 21
45 1 38
24 2 49
38 1 57
19 2 28
48 1 10
44 1 34
64 2 10
39 1 40
21 1 20
40 1 58
45 1 10
22 1 25
7 2 27
13 1 23
60 1 6
40 1 24
7 2 46
34 1 33
38 1 49
6 1 4
58 1 26
12 1 7
67 1 23
7 7 10
32 1 26
50 1 26
10 1 20
32 2 33
3 1 2
28 2 10
32 2 66
13 2 16
10 1 47
11 1 64
29 2 28
47 1 50
51 1 26
38 1 22
50 1 22
69 1 38
17 1 13
10 2 63
42 1 39
24 2 44
3 1 1
45 1 11
43 1 40
34 1 32
59 1 46
16 1 10
19 2 10
59 2 45
53 1 26
7 2 28
27 1 22
53 6 59
22 1 28
22 1 7
73 1 7
60 1 3
10 1 28
67 1 32
26 1 29
59 1 40
46 2 40
12 1 63
44 1 38
16 1 23
13 1 12
7 2 47
19 2 7
62 2 7
51 1 22
48 1 7
28 2 25
31 1 26
10 5 7
34 2 38
12 2 10
23 1 22
48 1 20
26 1 38
48 1 47
38 1 35
24 1 16
31 1 22
30 1 22
1 2 2
50 2 51
47 1 51
13 1 11
16 1 12
35 1 26
32 1 22
28 2 29
10 4 7
23 1 16
21 1 47
73 2 22
12 1 10
40 1 69
19 2 25
36 2 40
11 2 7
46 1 17
7 4 10
10 2 47
10 2 65
16 1 31
49 2 24
18 1 14
15 1 22
13 1 7
10 2 28
11 1 7
14 1 16
69 1 67
66 1 22
18 2 38
38 1 30
12 2 7
23 1 13
14 2 17
45 1 40
7 1 27
6 2 45
17 2 14
12 1 62
30 1 26
6 2 3
10 1 7
43 1 36
10 2 15
24 1 13
10 2 23
28 2 7
31 1 13
10 1 27
22 1 19
21 1 7
36 1 22
67 1 66
19 2 48
45 2 59
34 1 31
44 2 53
4 2 5
7 2 63
16 1 11
31 1 16
22 1 48
60 1 59
57 1 38
38 1 43
42 1 32
7 2 19
10 2 27
11 1 65
? 1 github_cpp_program_data/10/20.cpp

13 1 10
10 2 31
11 1 10
35 2 24
23 1 26
40 1 54
10 2 19
54 1 32
30 2 49
16 1 7
18 1 17
26 1 10
40 1 42
27 1 26
42 1 36
22 1 21
6 1 5
7 5 10
42 2 54
54 1 39
20 1 50
26 1 25
23 1 22
57 1 36
38 1 30
10 1 15
26 1 7
43 1 32
16 1 31
10 2 28
84 2 45
22 1 25
24 2 30
46 1 14
7 1 28
24 2 43
32 2 39
41 1 38
57 1 40
59 1 18
21 1 10
60 1 45
14 1 13
32 2 52
35 1 22
40 1 30
10 2 20
22 1 29
38 1 42
12 1 10
49 1 13
52 2 55
20 1 51
36 1 26
19 2 29
26 1 19
12 1 63
11 2 10
7 2 31
7 1 10
84 1 11
38 1 24
7 2 23
11 2 7
26 1 21
45 1 46
45 1 38
54 1 55
3 1 2
38 1 57
6 2 9
49 1 16
39 1 40
7 2 46
7 2 15
45 1 10
55 1 42
36 2 52
7 2 27
38 1 35
60 1 6
40 1 24
21 1 7
26 1 28
51 2 50
6 1 4
8 1 7
12 1 7
32 1 26
10 7 7
52 2 56
7 1 15
38 1 49
28 2 10
60 1 3
31 1 22
47 1 50
51 1 26
50 1 22
17 1 13
10 2 63
4 2 5
3 1 1
45 1 11
43 1 40
84 1 7
7 2 20
16 1 10
19 2 10
41 1 40
40 1 49
7 2 28
32 2 40
27 1 22
42 1 56
22 1 28
22 1 7
21 1 20
13 1 23
40 1 35
9 1 8
26 1 29
16 1 23
46 2 40
59 1 38
7 2 47
60 1 84
19 2 7
39 2 41
35 2 30
45 1 7
9 2 84
54 1 41
48 1 7
28 2 25
31 1 26
42 1 52
10 5 7
46 2 38
12 2 10
10 1 19
22 1 10
59 1 11
48 1 47
24 1 16
10 2 46
59 1 7
1 2 2
52 1 40
50 2 51
47 1 51
13 1 11
16 1 12
35 1 26
32 1 22
24 2 49
10 4 7
56 1 40
60 1 9
10 1 7
26 1 48
19 2 25
36 2 40
52 1 38
54 1 52
46 1 17
7 4 10
39 1 38
7 1 27
49 2 24
18 1 14
15 1 22
36 2 39
13 1 7
3 2 6
11 1 7
14 1 16
84 1 18
18 2 38
12 2 7
59 2 45
14 2 17
45 1 40
17 2 14
30 1 26
7 2 18
38 1 54
24 1 13
10 2 23
28 2 7
10 1 27
28 2 29
22 1 19
13 1 31
30 2 35
36 1 22
30 1 22
45 2 59
13 1 12
42 1 39
16 1 11
10 2 15
10 2 65
60 1 59
24 2 57
12 1 65
7 7 10
17 1 16
49 2 35
7 2 19
10 2 27
38 1 43
? 1 github_cpp_program_data/10/22.cpp

13 1 10
10 2 31
11 1 10
26 1 77
23 1 26
7 1 15
10 2 19
48 1 20
16 1 7
48 2 28
44 1 40
49 1 16
26 1 10
40 1 42
27 1 26
16 1 20
22 1 21
53 6 45
23 2 32
6 1 5
44 2 35
40 1 57
19 2 21
15 1 26
20 1 50
26 1 25
25 2 19
10 1 19
52 1 40
7 1 20
24 2 69
10 1 15
26 1 7
59 1 12
16 1 31
10 2 28
19 2 10
7 1 19
60 1 45
46 1 14
53 1 22
7 1 28
62 2 10
34 1 23
32 2 39
28 2 21
54 1 36
36 2 66
21 1 10
40 1 54
14 1 13
38 1 44
35 1 22
40 1 30
10 2 20
22 1 29
40 1 44
12 1 10
17 2 14
49 1 13
16 1 47
36 1 26
7 2 46
45 1 10
26 1 19
59 1 7
11 2 10
34 1 33
7 2 31
7 1 10
57 1 32
38 1 24
24 2 35
7 2 23
40 1 53
39 1 38
34 1 36
45 1 38
24 2 49
18 2 38
19 2 28
48 1 10
44 1 34
64 2 10
39 1 40
7 2 20
7 2 15
38 1 42
22 1 25
36 2 38
7 2 27
38 1 35
60 1 6
40 1 24
13 1 11
21 1 7
26 1 28
38 1 49
38 1 69
6 1 4
58 1 26
12 1 7
67 1 23
7 7 10
32 1 26
20 1 51
18 2 40
10 1 20
32 2 33
67 1 36
28 2 10
13 2 16
59 1 46
51 2 50
60 1 3
11 1 64
21 2 19
47 1 50
51 1 26
33 1 22
50 1 26
17 1 13
10 2 63
4 2 5
69 1 40
30 2 24
3 1 1
45 1 11
49 2 30
19 2 29
34 1 32
16 1 10
43 1 38
40 1 49
7 2 28
27 1 22
54 2 42
32 2 38
22 1 28
57 2 54
22 1 7
21 1 20
13 1 23
10 1 28
40 1 35
21 2 28
49 2 44
36 2 52
26 1 29
59 1 38
59 2 45
12 1 63
44 1 38
16 1 23
13 1 12
7 2 47
19 2 7
62 2 7
38 1 53
35 1 26
67 2 40
51 1 22
13 1 47
48 1 7
28 2 25
31 1 26
10 5 7
46 2 38
34 2 38
12 2 10
7 5 10
43 2 42
22 1 10
58 6 59
24 1 16
42 2 30
31 1 22
30 1 22
1 2 2
47 1 51
38 1 30
50 1 22
69 2 58
16 1 12
10 1 47
32 1 22
28 2 29
10 4 7
10 7 7
23 2 36
35 2 53
23 1 16
21 1 47
34 2 40
10 1 7
26 1 48
19 2 25
11 2 7
54 1 52
46 1 17
7 4 10
10 2 47
26 1 21
45 1 18
49 2 24
18 1 14
15 1 22
13 1 7
3 2 6
11 1 7
14 1 16
69 1 67
66 1 22
38 1 58
12 2 7
23 1 13
45 1 40
7 1 27
77 1 47
12 1 62
30 1 26
6 2 3
25 2 28
43 1 36
24 1 13
3 1 2
28 2 7
10 1 27
22 1 19
13 1 31
28 2 48
36 1 22
67 1 66
19 2 48
35 2 49
45 2 59
7 1 47
44 2 53
42 1 39
7 2 63
16 1 11
10 2 15
22 1 48
10 2 65
60 1 59
3 2 45
57 1 38
38 1 43
42 1 32
10 2 18
7 2 19
10 2 27
36 2 33
11 1 65
? 1 github_cpp_program_data/10/24.cpp

13 1 31
13 1 10
10 2 31
67 2 38
11 1 10
23 1 26
7 1 15
10 2 19
48 1 20
54 1 32
30 2 49
16 1 7
48 2 28
44 1 40
49 1 16
26 1 10
27 1 26
22 1 21
44 2 35
7 5 10
7 2 20
3 2 9
20 1 50
26 1 25
25 2 19
10 1 19
52 1 40
38 1 30
10 1 15
26 1 7
43 1 32
16 1 31
10 2 28
69 2 35
24 2 30
7 1 28
28 2 21
15 1 26
21 1 10
60 1 45
38 1 35
32 2 52
38 1 44
35 1 22
40 1 30
10 2 20
22 1 29
31 2 32
38 1 42
20 1 51
36 1 26
19 2 29
33 1 26
9 2 45
26 1 19
11 2 10
26 1 28
7 2 31
7 1 10
28 2 29
7 2 23
11 2 7
26 1 21
34 1 36
45 1 38
34 1 31
44 1 34
7 2 15
19 2 21
23 2 36
22 1 25
7 2 27
36 2 66
49 2 24
34 1 33
38 1 49
38 1 69
8 1 7
12 1 7
67 1 23
34 1 23
10 7 7
50 1 26
10 1 20
67 1 36
3 1 2
28 2 10
13 2 16
60 1 3
31 1 22
21 2 19
30 2 44
43 2 42
33 1 22
35 2 44
50 1 22
69 1 38
35 2 69
42 1 39
25 2 28
3 1 1
45 1 11
43 1 40
42 1 36
34 1 32
16 1 10
19 2 10
7 2 28
32 2 40
27 1 22
22 1 28
22 1 7
21 1 20
13 1 23
10 1 28
40 1 35
9 1 8
26 1 29
16 1 23
44 1 38
13 1 12
7 2 47
19 2 7
35 2 30
45 1 7
51 1 22
48 1 7
28 2 25
31 1 26
10 5 7
32 1 26
34 2 38
12 2 10
23 1 22
22 1 10
48 1 47
24 1 16
42 2 30
30 1 22
1 2 2
47 1 51
35 1 26
32 1 22
38 1 24
21 2 28
60 1 9
23 1 16
21 1 47
34 2 40
12 1 10
26 1 48
19 2 25
54 1 52
7 4 10
10 2 47
39 1 38
45 1 18
19 2 48
36 2 39
13 1 7
69 1 67
66 1 22
18 2 38
48 2 19
12 2 7
23 1 13
10 4 7
7 1 27
30 1 26
10 1 7
7 2 18
38 1 54
24 1 13
10 2 23
28 2 7
31 1 13
10 1 27
22 1 19
21 1 7
28 2 48
30 2 35
36 1 22
67 1 66
15 1 22
35 2 49
48 1 10
16 1 11
10 2 15
22 1 48
32 2 33
35 2 54
7 7 10
49 2 35
7 2 19
10 2 27
36 2 33
38 1 43
? 1 github_cpp_program_data/10/31.cpp

13 1 10
10 2 31
11 1 10
35 2 24
7 1 15
10 5 7
21 2 48
10 2 19
28 2 19
72 1 18
48 1 20
16 1 7
49 1 16
26 1 10
40 1 42
62 2 63
18 2 40
27 1 26
12 2 10
22 1 21
19 2 78
6 1 5
7 5 10
43 2 35
54 1 36
20 1 50
26 1 25
42 1 39
10 1 19
45 1 12
57 1 36
38 1 30
10 1 15
26 1 7
43 1 32
45 1 18
76 1 46
19 2 27
19 2 10
7 1 19
10 2 64
16 2 13
11 1 62
7 2 15
46 1 14
7 1 28
28 2 77
62 2 10
32 2 39
28 2 21
71 2 38
15 1 26
21 1 10
40 1 54
14 1 13
29 2 19
53 6 45
35 1 22
40 1 30
10 2 20
7 2 31
22 1 29
30 2 57
36 2 52
18 2 71
20 1 51
36 1 26
19 2 29
19 2 77
71 1 21
26 1 19
30 1 22
11 2 10
48 2 28
15 2 7
7 1 10
57 1 32
38 1 24
7 2 23
52 1 38
26 1 21
45 1 38
22 1 25
38 1 57
18 2 38
18 1 17
48 1 10
7 2 27
7 2 18
7 2 46
42 2 53
22 1 27
19 2 21
12 1 64
22 1 78
57 1 40
38 1 35
60 1 6
40 1 24
10 2 23
21 1 7
26 1 28
3 1 2
6 1 4
58 1 26
59 2 45
7 7 10
32 1 26
10 7 7
40 1 72
60 1 8
32 2 38
19 2 48
28 2 10
72 1 10
13 2 16
35 1 26
60 1 3
10 2 62
29 2 28
13 1 31
51 1 26
6 2 8
50 1 22
17 1 13
10 2 63
30 2 35
4 2 5
25 2 28
3 1 1
45 1 11
43 1 40
7 2 20
16 1 10
43 1 38
77 1 20
53 1 26
7 2 28
32 2 40
27 1 22
40 1 43
22 1 15
64 2 65
22 1 28
22 1 7
21 1 20
13 1 23
10 4 7
10 1 28
40 1 59
40 1 35
28 2 48
30 2 42
26 1 29
16 1 23
46 2 40
12 1 63
11 2 7
59 1 38
7 2 47
19 2 7
38 1 53
10 2 46
45 1 7
11 1 63
48 1 7
58 1 22
31 1 26
10 2 40
46 2 38
12 1 10
23 1 22
22 1 10
58 6 59
24 1 16
59 1 7
1 2 2
64 2 10
47 1 51
22 1 77
78 1 47
13 1 11
16 1 12
30 2 54
59 1 46
32 1 22
72 1 38
24 2 49
57 2 58
35 2 53
3 2 6
8 1 10
21 1 47
48 1 47
26 1 48
19 2 25
36 2 40
40 1 53
54 1 52
59 1 12
46 1 17
49 2 57
10 2 47
17 1 16
16 1 31
49 2 24
18 1 14
7 4 10
15 1 22
28 2 78
57 2 35
43 2 30
13 1 7
10 2 28
72 2 76
11 1 7
14 1 16
38 1 58
12 2 7
40 1 76
14 2 17
45 1 40
7 1 27
17 2 14
30 1 26
39 1 38
35 2 30
10 1 7
43 1 36
24 1 13
38 1 49
28 2 7
10 1 27
28 2 29
22 1 19
47 1 50
19 2 28
40 1 45
36 1 22
76 2 45
76 1 40
45 2 59
71 1 48
13 1 12
76 1 10
24 2 42
16 1 11
10 2 15
22 1 48
10 2 65
24 2 57
8 1 40
28 2 25
12 1 65
27 2 10
42 1 32
72 1 71
10 2 18
19 2 15
7 2 19
10 2 27
11 1 65
? 1 github_cpp_program_data/10/32.cpp

13 1 10
67 2 38
23 2 32
34 1 32
23 1 26
7 1 15
16 1 10
19 2 10
45 1 11
10 2 19
40 1 49
7 2 28
40 1 44
16 1 7
22 1 28
44 1 40
22 1 7
26 1 10
21 1 20
13 1 23
27 1 26
12 2 10
19 2 48
40 1 35
38 1 68
69 1 34
44 2 35
45 2 59
26 1 29
16 1 23
10 2 46
67 2 40
20 1 50
26 1 25
59 1 40
28 2 10
38 1 30
46 2 40
10 1 15
26 1 7
19 2 7
59 1 12
45 1 18
10 2 28
10 2 18
22 1 25
51 1 22
16 2 13
44 1 38
46 1 14
10 2 27
17 2 14
34 1 23
34 2 38
48 1 47
7 5 10
15 1 26
30 2 69
44 1 67
22 1 10
60 1 45
14 1 13
29 2 19
24 1 16
38 1 44
18 2 38
49 2 69
40 1 69
16 1 31
22 1 29
47 1 51
27 1 22
13 1 11
49 1 13
16 1 12
35 1 26
36 1 26
28 2 29
19 2 29
10 4 7
66 1 26
26 1 19
12 1 63
23 1 16
11 2 10
28 2 25
34 1 33
34 2 40
12 1 10
44 2 30
7 2 31
7 1 10
19 2 25
7 2 65
38 1 24
26 1 48
26 1 21
7 4 10
45 1 38
46 1 17
7 1 27
18 1 14
19 2 28
15 1 22
48 1 10
28 2 19
13 1 7
40 1 70
11 1 7
14 1 16
7 2 15
45 1 10
67 1 31
31 2 36
12 2 7
23 1 13
21 1 10
7 2 27
36 2 66
10 2 20
30 1 26
26 1 28
38 1 69
28 2 7
10 2 23
12 1 7
10 1 27
7 2 19
13 1 31
10 7 7
67 1 66
28 2 21
10 2 47
32 2 33
67 1 36
13 1 12
13 2 16
59 1 46
7 2 63
16 1 11
10 2 15
31 1 22
60 1 59
29 2 28
32 1 26
33 1 22
7 7 10
50 1 22
69 1 38
24 2 30
17 1 13
22 1 19
59 1 10
11 1 65
69 1 40
? 1 github_cpp_program_data/10/36.cpp

13 1 10
67 2 38
23 2 32
34 1 32
23 1 26
7 1 15
16 1 10
19 2 10
45 1 11
10 2 19
40 1 49
7 2 28
40 1 44
16 1 7
22 1 28
44 1 40
22 1 7
26 1 10
21 1 20
13 1 23
27 1 26
12 2 10
19 2 48
40 1 35
38 1 68
69 1 34
44 2 35
45 2 59
26 1 29
16 1 23
10 2 46
67 2 40
20 1 50
26 1 25
59 1 40
28 2 10
38 1 30
46 2 40
10 1 15
26 1 7
19 2 7
59 1 12
45 1 18
10 2 28
10 2 18
22 1 25
51 1 22
16 2 13
44 1 38
46 1 14
10 2 27
17 2 14
34 1 23
34 2 38
48 1 47
7 5 10
15 1 26
30 2 69
44 1 67
22 1 10
60 1 45
14 1 13
29 2 19
24 1 16
38 1 44
18 2 38
49 2 69
40 1 69
16 1 31
22 1 29
47 1 51
27 1 22
13 1 11
49 1 13
16 1 12
35 1 26
36 1 26
28 2 29
19 2 29
10 4 7
66 1 26
26 1 19
12 1 63
23 1 16
11 2 10
28 2 25
34 1 33
34 2 40
12 1 10
44 2 30
7 2 31
7 1 10
19 2 25
7 2 65
38 1 24
26 1 48
26 1 21
7 4 10
45 1 38
46 1 17
7 1 27
18 1 14
19 2 28
15 1 22
48 1 10
28 2 19
13 1 7
40 1 70
11 1 7
14 1 16
7 2 15
45 1 10
67 1 31
31 2 36
12 2 7
23 1 13
21 1 10
7 2 27
36 2 66
10 2 20
30 1 26
26 1 28
38 1 69
28 2 7
10 2 23
12 1 7
10 1 27
7 2 19
13 1 31
10 7 7
67 1 66
28 2 21
10 2 47
32 2 33
67 1 36
13 1 12
13 2 16
59 1 46
7 2 63
16 1 11
10 2 15
31 1 22
60 1 59
29 2 28
32 1 26
33 1 22
7 7 10
50 1 22
69 1 38
24 2 30
17 1 13
22 1 19
59 1 10
11 1 65
69 1 40
? 1 github_cpp_program_data/10/37.cpp

13 1 10
10 2 31
11 1 10
24 2 35
23 1 26
7 1 15
10 2 19
28 2 19
54 1 32
16 1 7
18 1 17
26 1 10
49 1 16
27 1 26
22 1 21
43 2 54
40 1 57
15 1 26
20 1 50
26 1 25
25 2 19
23 1 22
57 1 36
38 1 30
24 1 13
10 1 15
26 1 7
43 1 32
16 1 31
10 2 28
19 2 10
59 2 45
42 1 41
46 1 14
53 1 22
10 2 27
24 2 43
53 1 26
57 1 40
54 1 36
40 1 54
14 1 13
32 2 52
35 1 22
40 1 30
22 1 29
45 1 10
36 2 52
49 2 43
36 1 26
19 2 29
58 6 59
26 1 19
12 1 63
11 2 10
57 1 32
38 1 24
52 1 38
26 1 21
38 1 57
19 2 28
7 2 18
7 2 15
38 1 42
22 1 25
36 2 38
7 2 27
38 1 35
40 1 24
7 2 46
26 1 28
38 1 49
58 1 26
12 1 7
7 7 10
10 7 7
60 1 45
16 1 12
32 2 38
28 2 10
59 1 46
31 1 22
58 1 22
58 6 45
51 1 26
50 1 22
17 1 13
10 2 63
24 2 49
25 2 28
30 2 24
45 1 11
42 1 36
7 2 20
59 1 7
16 1 10
43 1 38
41 1 40
40 1 49
7 2 28
32 2 40
27 1 22
40 1 43
22 1 28
57 2 54
22 1 7
21 1 20
54 1 56
13 1 23
40 1 35
26 1 29
59 1 40
46 2 40
11 2 7
59 1 38
7 2 47
19 2 7
10 2 46
45 1 7
51 1 22
11 1 63
48 1 7
28 2 25
31 1 26
10 5 7
46 2 38
12 2 10
52 2 56
7 5 10
22 1 10
59 1 11
48 1 47
29 2 19
30 1 22
52 1 40
47 1 51
49 2 30
13 1 11
18 2 40
35 1 26
32 1 22
28 2 29
10 4 7
12 1 10
26 1 48
19 2 25
7 2 65
40 1 53
54 1 52
59 1 12
46 1 17
49 2 57
39 1 38
45 1 18
18 1 14
7 4 10
15 1 22
36 2 39
32 2 39
11 1 7
14 1 16
50 1 26
38 1 58
12 2 7
10 2 18
14 2 17
45 1 40
7 1 27
30 1 26
56 1 38
35 2 30
10 1 7
39 2 41
49 2 24
10 2 23
28 2 7
10 1 27
22 1 19
21 1 7
30 2 35
35 2 49
45 2 59
13 1 12
42 1 39
7 2 63
16 1 11
10 2 15
22 1 48
10 2 65
60 1 59
57 1 38
12 1 65
11 1 65
42 1 32
17 1 16
7 2 19
59 1 10
13 1 7
? 1 github_cpp_program_data/10/39.cpp

13 1 10
67 2 38
23 2 32
34 1 32
23 1 26
7 1 15
16 1 10
19 2 10
45 1 11
10 2 19
40 1 49
7 2 28
40 1 44
16 1 7
22 1 28
44 1 40
22 1 7
26 1 10
21 1 20
13 1 23
27 1 26
12 2 10
19 2 48
40 1 35
38 1 68
69 1 34
44 2 35
45 2 59
26 1 29
16 1 23
10 2 46
67 2 40
20 1 50
26 1 25
59 1 40
28 2 10
38 1 30
46 2 40
10 1 15
26 1 7
19 2 7
59 1 12
45 1 18
10 2 28
10 2 18
22 1 25
51 1 22
16 2 13
44 1 38
46 1 14
10 2 27
17 2 14
34 1 23
34 2 38
48 1 47
7 5 10
15 1 26
30 2 69
44 1 67
22 1 10
60 1 45
14 1 13
29 2 19
24 1 16
38 1 44
18 2 38
49 2 69
40 1 69
16 1 31
22 1 29
47 1 51
27 1 22
13 1 11
49 1 13
16 1 12
35 1 26
36 1 26
28 2 29
19 2 29
10 4 7
66 1 26
26 1 19
12 1 63
23 1 16
11 2 10
28 2 25
34 1 33
34 2 40
12 1 10
44 2 30
7 2 31
7 1 10
19 2 25
7 2 65
38 1 24
26 1 48
26 1 21
7 4 10
45 1 38
46 1 17
7 1 27
18 1 14
19 2 28
15 1 22
48 1 10
28 2 19
13 1 7
40 1 70
11 1 7
14 1 16
7 2 15
45 1 10
67 1 31
31 2 36
12 2 7
23 1 13
21 1 10
7 2 27
36 2 66
10 2 20
30 1 26
26 1 28
38 1 69
28 2 7
10 2 23
12 1 7
10 1 27
7 2 19
13 1 31
10 7 7
67 1 66
28 2 21
10 2 47
32 2 33
67 1 36
13 1 12
13 2 16
59 1 46
7 2 63
16 1 11
10 2 15
31 1 22
60 1 59
29 2 28
32 1 26
33 1 22
7 7 10
50 1 22
69 1 38
24 2 30
17 1 13
22 1 19
59 1 10
11 1 65
69 1 40
? 1 github_cpp_program_data/10/4.cpp

13 1 31
13 1 10
10 2 31
11 1 10
49 2 30
23 1 26
7 1 15
10 2 19
40 1 44
16 1 7
49 1 16
26 1 10
40 1 42
18 2 40
27 1 26
28 2 21
22 1 21
53 6 45
23 2 32
6 1 5
35 2 53
40 1 57
15 1 26
20 1 50
26 1 25
25 2 19
23 1 22
45 1 12
52 1 40
38 1 30
24 2 69
10 1 15
26 1 7
45 1 18
10 2 28
19 2 10
59 2 45
60 1 45
16 2 13
10 2 27
10 4 7
34 1 23
53 1 26
54 1 36
75 2 9
21 1 10
40 1 54
36 2 66
35 1 22
40 1 30
10 2 20
22 1 29
45 1 10
36 2 38
60 1 49
49 1 13
36 1 26
19 2 29
42 2 35
26 1 19
59 1 7
11 2 10
26 1 28
57 1 32
38 1 24
11 2 7
26 1 21
24 2 49
48 1 10
44 1 34
39 1 40
7 2 20
21 1 20
7 2 15
38 1 42
73 2 74
22 1 25
36 2 52
7 2 27
38 1 35
60 1 6
49 2 24
7 2 46
24 2 45
34 1 33
3 1 2
38 1 69
6 1 4
12 1 7
7 7 10
32 1 26
10 7 7
6 2 75
50 1 26
32 2 38
32 2 33
67 1 36
28 2 10
13 2 16
59 1 46
60 1 3
31 1 22
30 2 44
21 1 7
33 1 22
50 1 22
4 2 5
30 2 24
3 1 1
9 2 24
34 1 32
16 1 10
43 1 38
40 1 49
7 2 28
27 1 22
54 2 42
22 1 28
57 2 54
22 1 7
73 1 7
13 1 23
40 1 35
9 1 8
26 1 29
16 1 23
67 2 40
44 1 38
59 1 38
7 2 47
19 2 7
75 1 1
60 1 75
35 2 30
51 1 22
75 1 74
48 1 7
28 2 25
31 1 26
10 5 7
46 2 38
34 2 38
12 2 10
7 5 10
43 2 42
22 1 10
59 1 11
48 1 47
24 1 16
30 1 22
1 2 2
50 2 51
47 1 51
13 1 11
16 1 12
35 1 26
32 1 22
28 2 29
60 1 9
8 1 10
12 1 10
54 1 52
19 2 25
40 1 53
26 1 48
69 1 40
7 4 10
10 2 47
39 1 38
16 1 31
43 1 36
60 1 24
15 1 22
32 2 39
3 2 6
11 1 7
69 1 67
66 1 22
31 2 36
12 2 7
23 1 13
45 1 40
7 1 27
30 1 26
10 1 7
24 1 13
10 2 23
31 1 13
10 1 27
22 1 19
47 1 50
30 2 35
36 1 22
67 1 66
19 2 48
45 2 59
13 1 12
1 2 73
42 1 39
16 1 11
10 2 15
60 1 59
67 1 31
57 1 38
38 1 43
42 1 32
10 2 18
75 1 73
7 2 19
13 1 7
? 1 github_cpp_program_data/10/41.cpp

13 1 31
13 1 10
10 2 31
67 2 38
11 1 10
23 1 26
7 1 15
10 5 7
10 2 19
28 2 19
48 1 20
7 2 10
16 1 7
28 2 26
44 1 40
49 1 16
26 1 10
40 1 42
27 1 26
22 1 21
6 1 5
61 2 24
35 2 53
40 1 57
20 1 50
26 1 25
67 1 31
23 1 22
45 1 12
38 1 30
10 1 15
26 1 7
43 1 32
16 1 31
10 2 28
23 1 13
16 2 13
35 2 42
53 1 22
10 2 27
28 2 21
57 1 40
15 1 26
36 2 66
21 1 10
60 1 45
38 1 35
38 1 44
35 1 22
40 1 30
10 2 20
7 2 31
22 1 29
31 2 32
69 2 35
12 1 10
60 1 49
49 1 13
61 1 11
20 1 51
36 1 26
59 1 12
19 2 29
69 2 44
26 1 19
11 2 10
34 1 33
30 1 28
7 1 10
57 1 32
28 2 29
7 2 23
11 2 7
26 1 21
34 1 36
45 1 38
19 2 28
34 1 31
44 1 34
7 2 20
22 2 28
7 2 15
73 2 74
22 1 25
7 2 27
60 1 3
60 1 6
49 2 24
26 1 28
10 2 23
7 1 27
38 1 69
6 1 4
12 1 7
67 1 23
32 1 26
10 7 7
10 1 20
67 1 36
28 2 10
32 2 66
13 2 16
35 1 26
75 2 9
31 1 22
29 2 28
21 1 7
33 1 22
50 1 22
69 1 38
35 2 69
9 2 61
4 2 5
49 2 45
3 1 1
43 1 40
42 1 36
34 1 32
67 1 32
16 1 10
19 2 10
7 2 28
32 2 40
27 1 22
53 6 59
22 1 28
22 1 7
73 1 7
13 1 23
10 1 28
40 1 35
9 1 8
26 1 29
16 1 23
67 2 40
44 1 38
59 1 38
75 1 4
3 2 75
7 2 47
19 2 7
38 1 53
60 1 75
35 2 30
45 1 7
51 1 22
75 1 74
48 1 7
28 2 25
31 1 26
25 2 19
44 2 69
34 2 38
12 2 10
61 1 7
22 1 10
10 2 15
24 1 16
10 2 46
30 1 22
1 2 2
50 2 51
47 1 51
13 1 11
4 2 73
16 1 12
59 1 46
32 1 22
24 2 49
66 1 26
60 1 9
23 1 16
8 1 10
21 1 47
34 2 40
10 1 7
19 2 25
26 1 48
60 1 61
69 1 40
7 4 10
10 2 47
39 1 38
45 1 18
60 1 24
15 1 22
57 2 30
43 2 30
13 1 7
3 2 6
11 1 7
69 1 67
50 1 26
18 2 38
31 2 36
23 2 36
12 2 7
10 4 7
45 1 62
30 1 26
6 2 3
7 1 19
7 2 18
62 2 12
24 1 13
3 1 2
28 2 7
31 1 13
10 1 27
22 1 19
47 1 50
30 2 35
67 1 66
36 2 39
45 2 59
13 1 12
42 1 39
46 2 38
16 1 11
31 1 16
22 1 48
60 1 59
32 2 33
7 7 10
75 1 73
7 2 19
59 1 10
36 2 33
38 1 43
? 1 github_cpp_program_data/10/42.cpp

13 1 10
67 2 38
11 1 10
35 2 24
23 1 26
7 1 15
10 2 19
48 1 20
16 1 7
49 1 16
26 1 10
27 1 26
28 2 21
22 1 21
53 6 45
23 2 32
6 1 5
7 5 10
35 2 53
7 2 20
15 1 26
20 1 50
26 1 25
25 2 19
10 1 19
40 1 54
38 1 30
24 2 69
47 1 50
10 1 15
26 1 7
59 1 12
45 1 18
10 2 28
19 2 10
7 1 19
24 2 30
34 1 31
10 2 27
10 4 7
32 2 39
40 1 49
54 1 36
21 1 10
60 1 45
14 1 13
35 1 22
40 1 30
10 2 20
3 2 9
22 1 29
31 2 32
38 1 42
36 2 38
49 1 13
49 2 43
20 1 51
36 1 26
19 2 29
42 2 35
33 1 26
9 2 45
26 1 19
59 1 7
34 1 33
7 2 31
7 1 10
51 2 50
28 2 29
7 2 23
11 2 7
26 1 21
48 1 10
44 1 34
39 1 40
32 2 66
7 2 15
19 2 21
22 1 25
36 2 52
7 2 27
38 1 35
60 1 6
40 1 24
7 2 46
26 1 28
3 1 2
6 1 4
58 1 26
40 1 58
12 1 7
67 1 23
32 1 26
10 7 7
18 2 40
10 1 20
8 1 7
38 1 49
28 2 10
13 2 16
10 1 47
60 1 3
21 2 19
29 2 28
30 2 44
28 2 25
21 1 7
51 1 26
50 1 26
69 1 38
10 2 63
4 2 5
25 2 28
3 1 1
45 1 11
42 1 36
34 1 32
67 1 32
16 1 10
43 1 38
53 1 26
7 2 28
27 1 22
22 1 28
22 1 7
21 1 20
13 1 23
10 1 28
40 1 35
21 2 28
9 1 8
26 1 29
16 1 23
46 2 40
12 1 63
44 1 38
59 1 40
7 2 47
69 2 30
19 2 7
7 2 18
54 2 49
35 2 30
45 1 7
51 1 22
48 1 7
58 1 22
31 1 26
10 5 7
34 2 38
12 2 10
23 1 22
40 1 44
22 1 10
58 6 59
48 1 47
24 1 16
30 1 22
1 2 2
50 2 51
47 1 51
16 1 47
13 1 11
16 1 12
35 1 26
32 1 22
66 1 26
60 1 9
21 1 47
12 1 10
26 1 48
40 1 69
19 2 25
30 2 58
52 1 38
54 1 52
7 4 10
59 1 46
7 7 10
7 1 27
49 2 24
18 1 14
15 1 22
10 2 47
13 1 7
3 2 6
28 2 19
69 1 67
50 1 22
38 1 58
12 2 7
23 1 13
40 1 53
45 1 40
30 1 26
6 2 3
10 1 7
43 2 42
43 1 36
24 1 13
10 2 23
28 2 7
31 1 13
10 1 27
22 1 19
13 1 31
28 2 48
30 2 35
36 1 22
67 1 66
19 2 48
45 2 59
13 1 12
44 2 53
42 1 39
16 1 11
10 2 15
22 1 48
60 1 59
32 2 33
35 2 54
42 1 32
36 2 39
7 2 19
7 1 28
38 1 43
? 1 github_cpp_program_data/10/44.cpp

11 1 10
23 1 26
7 1 15
21 2 48
10 2 19
11 1 7
58 6 45
72 1 18
40 1 44
16 1 7
18 1 17
26 1 10
27 1 26
22 1 21
23 2 32
40 1 57
19 2 21
54 1 36
20 1 50
26 1 25
25 2 19
10 1 19
52 1 40
38 1 30
47 1 50
10 1 15
26 1 7
59 1 12
16 1 31
10 2 28
19 2 10
7 1 19
48 2 21
7 2 15
7 1 28
10 4 7
71 2 38
15 1 26
59 1 18
21 1 10
60 1 45
14 1 13
35 1 22
40 1 30
10 2 20
22 1 29
45 1 10
36 2 52
18 2 71
20 1 51
36 1 26
19 2 29
42 2 35
71 1 21
26 1 19
11 2 10
26 1 28
7 2 31
7 1 10
57 1 32
28 2 29
7 2 23
11 2 7
26 1 21
19 2 28
48 1 10
44 1 34
39 1 40
7 2 20
40 1 58
38 1 42
22 1 25
36 2 38
7 2 27
38 1 35
40 1 24
34 1 33
29 2 28
8 1 7
12 1 7
7 7 10
32 1 26
10 7 7
30 2 53
18 2 40
32 2 38
32 2 33
28 2 10
72 1 10
60 1 3
31 1 22
28 2 25
34 1 23
51 1 26
33 1 22
50 1 26
42 1 39
24 2 44
30 2 24
3 1 1
45 1 11
43 1 40
34 1 32
16 1 10
43 1 38
53 1 26
7 2 28
27 1 22
22 1 28
22 1 7
21 1 20
13 1 23
10 1 28
40 1 35
9 1 8
10 2 27
26 1 29
59 1 40
46 2 40
44 1 38
7 2 47
3 2 9
19 2 7
10 2 46
51 1 22
48 1 7
58 1 22
10 5 7
72 2 45
34 2 38
12 2 10
7 5 10
43 2 42
22 1 10
12 1 10
30 1 22
1 2 2
45 1 46
47 1 51
9 2 72
13 1 11
16 1 12
35 1 26
32 1 22
72 1 38
57 2 58
21 2 28
60 1 9
23 1 16
60 1 72
48 1 47
26 1 48
19 2 25
36 2 40
40 1 53
54 1 52
7 4 10
10 2 47
17 1 16
7 1 27
18 1 14
15 1 22
32 2 39
28 2 19
50 1 22
12 2 7
10 2 18
14 2 17
45 1 40
17 2 14
30 1 26
39 1 38
35 2 30
10 1 7
43 1 36
38 1 54
24 1 13
3 1 2
28 2 7
10 1 27
22 1 19
21 1 7
28 2 48
36 1 22
19 2 48
45 2 59
71 1 48
10 2 15
22 1 48
60 1 59
57 1 38
35 2 54
38 1 43
42 1 32
72 1 71
7 2 19
59 1 10
13 1 7
? 1 github_cpp_program_data/10/45.cpp

13 1 10
10 2 31
67 2 38
11 1 10
49 2 30
23 1 26
7 1 15
69 2 53
10 2 19
28 2 19
58 6 45
48 1 20
54 1 32
30 2 49
16 1 7
44 2 69
44 1 40
49 1 16
26 1 10
27 1 26
16 1 20
22 1 21
23 2 32
6 1 5
44 2 35
7 5 10
7 2 20
19 2 21
20 1 50
26 1 25
25 2 19
23 1 22
45 1 12
40 1 54
7 1 20
24 2 69
10 1 15
26 1 7
59 1 12
45 1 18
10 2 28
19 2 10
7 1 19
24 2 30
7 2 15
46 1 14
53 1 22
7 1 28
24 2 43
32 2 39
28 2 21
15 1 26
36 2 66
21 1 10
60 1 45
14 1 13
29 2 19
32 2 52
35 1 22
40 1 30
10 2 20
7 2 31
22 1 29
31 2 32
38 1 42
36 2 38
49 1 13
16 1 47
36 1 26
19 2 29
42 2 35
33 1 26
26 1 19
30 1 22
11 2 10
26 1 28
67 2 40
7 1 10
51 2 50
38 1 24
7 2 23
52 1 38
17 1 16
34 1 36
24 2 49
18 1 17
7 1 47
44 1 34
59 1 38
62 2 10
39 1 40
7 2 46
32 2 66
40 1 58
45 1 10
23 2 36
64 2 7
22 1 25
7 2 27
60 1 3
60 1 6
40 1 24
10 2 23
21 1 7
34 1 33
3 1 2
38 1 69
6 1 4
12 1 7
67 1 23
7 7 10
34 1 23
20 1 51
18 2 40
10 1 20
67 1 36
28 2 10
13 2 16
10 1 47
35 2 24
11 1 64
21 2 19
30 2 44
28 2 25
47 1 50
51 1 26
33 1 22
35 2 44
50 1 26
69 1 38
10 2 63
4 2 5
25 2 28
69 1 40
3 1 1
45 1 11
34 1 32
16 1 10
43 1 38
59 2 45
40 1 49
7 2 28
27 1 22
53 6 59
22 1 28
22 1 7
21 1 20
13 1 23
69 2 35
10 1 28
40 1 35
67 1 32
49 2 44
48 1 10
26 1 29
59 1 40
46 2 40
12 1 63
44 1 38
16 1 23
13 1 12
7 2 47
19 2 7
62 2 7
38 1 53
35 2 30
51 1 22
11 1 63
48 1 7
58 1 22
31 1 26
10 5 7
32 1 26
46 2 38
34 2 38
12 2 10
10 1 19
30 2 69
40 1 44
22 1 10
48 1 47
38 1 35
24 1 16
31 1 22
59 1 7
1 2 2
64 2 10
50 2 51
47 1 51
13 1 11
50 1 22
69 2 58
16 1 12
35 1 26
32 1 22
28 2 29
10 4 7
10 7 7
66 1 26
23 1 16
21 1 47
34 2 40
12 1 10
26 1 48
40 1 69
19 2 25
7 2 65
11 2 7
54 1 52
46 1 17
7 4 10
59 1 46
26 1 21
16 1 31
18 1 14
15 1 22
31 2 36
10 2 47
13 1 7
3 2 6
11 1 7
14 1 16
69 1 67
66 1 22
38 1 30
12 2 7
23 1 13
14 2 17
45 1 40
7 1 27
6 2 45
12 1 62
30 1 26
10 1 7
43 2 42
43 1 36
24 1 13
38 1 49
28 2 7
31 1 13
10 1 27
22 1 19
13 1 31
28 2 48
30 2 35
36 1 22
67 1 66
19 2 48
45 2 59
34 1 31
42 1 39
7 2 63
16 1 11
10 2 15
22 1 48
10 2 65
60 1 59
32 2 33
12 1 65
38 1 43
42 1 32
10 2 18
49 2 35
7 2 19
10 2 27
36 2 33
11 1 65
? 1 github_cpp_program_data/10/47.cpp

13 1 31
13 1 10
10 2 31
11 1 10
7 1 15
22 1 40
10 2 19
54 1 32
16 1 7
44 1 40
18 1 17
26 1 10
40 1 42
27 1 26
22 1 21
53 6 45
23 2 32
7 5 10
40 1 57
43 2 35
20 1 50
26 1 25
23 1 22
57 1 36
38 1 30
10 1 15
26 1 7
43 1 32
45 1 18
10 2 28
10 2 18
7 1 19
42 1 41
11 1 62
46 1 14
10 2 27
62 2 10
34 1 23
32 2 39
41 1 38
15 1 26
40 1 54
14 1 13
29 2 19
32 2 52
38 1 44
35 1 22
40 1 30
22 1 29
45 1 10
12 1 10
49 1 13
20 1 51
36 1 26
19 2 29
33 1 26
26 1 19
12 1 63
11 2 10
26 1 28
7 2 31
7 1 10
51 2 50
38 1 24
7 2 23
11 2 7
39 1 38
45 1 38
24 2 49
49 1 16
36 2 66
44 1 34
64 2 10
7 2 20
7 2 15
67 1 31
12 1 64
22 1 25
36 2 38
7 2 27
60 1 3
49 2 24
7 2 46
34 1 33
3 1 2
38 1 69
29 2 28
12 1 7
64 2 7
7 7 10
32 1 26
10 7 7
60 1 45
50 1 26
31 1 16
32 2 33
67 1 36
38 1 49
28 2 10
59 1 46
11 1 64
21 1 7
51 1 26
50 1 22
10 2 63
42 1 39
69 1 40
24 2 44
3 1 1
45 1 11
43 1 40
42 1 36
34 1 32
16 1 10
19 2 10
53 1 26
7 2 28
32 2 40
27 1 22
54 2 42
22 1 28
22 1 7
21 1 20
54 1 56
13 1 23
26 1 29
16 1 23
59 2 45
67 2 40
59 1 38
7 2 47
19 2 7
49 2 69
62 2 7
38 1 53
51 1 22
11 1 63
48 1 7
31 1 26
10 5 7
46 2 38
12 2 10
52 2 56
10 1 19
22 1 10
59 1 11
48 1 47
38 1 35
24 1 16
59 1 7
1 2 2
52 1 40
50 2 51
47 1 51
13 1 11
16 1 12
35 1 26
32 1 22
28 2 29
56 1 40
35 2 53
34 2 40
10 1 7
19 2 25
7 2 65
54 1 52
46 1 17
7 4 10
17 1 16
16 1 31
18 1 14
15 1 22
36 2 39
13 1 7
11 1 7
10 2 65
69 1 67
66 1 22
18 2 38
31 2 36
12 2 7
23 1 13
14 2 17
10 4 7
7 1 27
17 2 14
12 1 62
30 1 26
25 2 28
39 2 41
40 1 26
24 1 13
10 2 23
28 2 7
10 1 27
22 1 19
47 1 50
30 2 35
36 1 22
67 1 66
30 1 22
45 2 59
13 1 12
7 2 63
16 1 11
10 2 15
22 1 48
60 1 59
3 2 45
57 1 38
12 1 65
11 1 65
42 1 32
24 2 30
7 2 19
38 1 43
? 1 github_cpp_program_data/10/5.cpp

13 1 10
10 2 31
11 1 10
24 2 35
23 1 26
7 1 15
10 5 7
10 2 19
28 2 19
75 2 82
54 1 32
30 2 49
16 1 7
18 1 17
26 1 10
40 1 42
27 1 26
12 2 10
22 1 21
53 6 45
6 1 5
49 2 43
54 1 39
20 1 50
75 1 73
45 1 12
57 1 36
7 1 20
10 1 15
26 1 7
43 1 32
49 2 45
10 2 28
10 2 18
7 1 19
42 1 41
16 2 13
35 2 42
14 2 17
46 1 14
53 1 22
7 1 28
32 2 39
41 1 38
82 2 24
82 1 1
59 1 18
21 1 10
40 1 54
14 1 13
32 2 52
35 1 22
40 1 30
10 2 20
22 1 29
38 1 42
36 2 38
60 1 49
49 1 13
26 1 25
20 1 51
36 1 26
55 2 41
7 2 46
26 1 19
80 2 81
82 1 81
6 2 3
1 2 80
7 2 31
7 1 10
51 2 50
38 1 24
7 2 23
11 2 7
26 1 21
45 1 46
45 1 38
54 1 55
38 1 57
49 1 16
48 1 10
13 1 12
39 1 40
21 1 20
7 2 15
83 2 41
45 1 10
73 2 74
55 1 42
36 2 52
7 2 27
38 1 35
60 1 6
40 1 24
10 2 23
21 1 7
26 1 28
38 1 49
39 2 56
4 2 73
6 1 4
8 1 7
61 1 11
12 1 7
79 2 61
7 7 10
10 7 7
60 1 45
75 2 61
10 1 20
22 1 25
28 2 10
17 1 11
10 1 47
60 1 3
31 1 22
21 2 19
13 1 31
51 1 26
9 2 75
60 1 82
50 1 26
17 1 13
13 2 16
4 2 5
83 1 54
3 1 1
45 1 11
43 1 40
61 2 82
42 1 36
19 2 29
7 2 20
16 1 10
19 2 10
7 2 28
32 2 40
27 1 22
42 1 56
22 1 28
39 2 55
22 1 7
73 1 7
35 2 43
60 1 79
40 1 35
9 1 8
10 2 27
82 2 75
26 1 29
16 1 23
59 2 45
43 2 53
59 1 38
75 1 4
7 2 47
3 2 9
79 1 10
11 2 10
38 1 53
60 1 75
10 2 46
45 1 7
51 1 22
11 1 63
54 1 41
48 1 7
28 2 25
42 1 83
17 2 14
46 2 38
48 1 47
61 1 7
7 5 10
52 2 83
22 1 10
59 1 11
24 1 16
30 1 22
1 2 2
52 1 40
50 2 51
47 1 51
19 2 25
13 1 11
15 1 26
16 1 12
35 1 26
32 1 22
73 1 10
80 1 7
79 1 12
60 1 9
57 2 54
12 1 10
26 1 48
19 2 7
7 2 65
12 1 65
61 2 79
54 1 52
60 1 61
14 1 12
7 4 10
10 2 47
39 1 38
46 1 17
7 1 27
49 2 24
18 1 14
60 1 24
15 1 22
36 2 39
13 1 7
3 2 6
54 1 36
11 1 7
14 1 16
50 1 22
18 2 38
12 2 7
24 2 49
41 1 40
10 4 7
38 1 30
61 1 10
30 1 26
56 1 38
35 2 30
10 1 7
7 2 18
38 1 54
24 1 13
3 1 2
28 2 7
10 1 27
28 2 29
7 2 19
47 1 50
82 1 80
36 1 22
59 1 10
80 1 18
30 2 35
45 2 59
7 1 47
42 1 39
7 2 63
16 1 11
10 2 15
22 1 48
60 1 59
24 2 57
57 1 38
73 1 46
75 1 74
42 1 32
80 1 10
24 2 30
22 1 19
42 1 52
38 1 43
? 1 github_cpp_program_data/10/51.cpp

13 1 10
10 2 31
11 1 10
26 1 77
23 1 26
7 1 15
10 2 19
48 1 20
16 1 7
48 2 28
44 1 40
49 1 16
26 1 10
40 1 42
27 1 26
16 1 20
22 1 21
53 6 45
23 2 32
6 1 5
44 2 35
40 1 57
19 2 21
15 1 26
20 1 50
26 1 25
25 2 19
10 1 19
52 1 40
7 1 20
24 2 69
10 1 15
26 1 7
59 1 12
16 1 31
10 2 28
19 2 10
7 1 19
60 1 45
46 1 14
53 1 22
7 1 28
62 2 10
34 1 23
32 2 39
28 2 21
54 1 36
36 2 66
21 1 10
40 1 54
14 1 13
38 1 44
35 1 22
40 1 30
10 2 20
22 1 29
40 1 44
12 1 10
17 2 14
49 1 13
16 1 47
36 1 26
7 2 46
45 1 10
26 1 19
59 1 7
11 2 10
34 1 33
7 2 31
7 1 10
57 1 32
38 1 24
24 2 35
7 2 23
40 1 53
39 1 38
34 1 36
45 1 38
24 2 49
18 2 38
19 2 28
48 1 10
44 1 34
64 2 10
39 1 40
7 2 20
7 2 15
38 1 42
22 1 25
36 2 38
7 2 27
38 1 35
60 1 6
40 1 24
13 1 11
21 1 7
26 1 28
38 1 49
38 1 69
6 1 4
58 1 26
12 1 7
67 1 23
7 7 10
32 1 26
20 1 51
18 2 40
10 1 20
32 2 33
67 1 36
28 2 10
13 2 16
59 1 46
51 2 50
60 1 3
11 1 64
21 2 19
47 1 50
51 1 26
33 1 22
50 1 26
17 1 13
10 2 63
4 2 5
69 1 40
30 2 24
3 1 1
45 1 11
49 2 30
19 2 29
34 1 32
16 1 10
43 1 38
40 1 49
7 2 28
27 1 22
54 2 42
32 2 38
22 1 28
57 2 54
22 1 7
21 1 20
13 1 23
10 1 28
40 1 35
21 2 28
49 2 44
36 2 52
26 1 29
59 1 38
59 2 45
12 1 63
44 1 38
16 1 23
13 1 12
7 2 47
19 2 7
62 2 7
38 1 53
35 1 26
67 2 40
51 1 22
13 1 47
48 1 7
28 2 25
31 1 26
10 5 7
46 2 38
34 2 38
12 2 10
7 5 10
43 2 42
22 1 10
58 6 59
24 1 16
42 2 30
31 1 22
30 1 22
1 2 2
47 1 51
38 1 30
50 1 22
69 2 58
16 1 12
10 1 47
32 1 22
28 2 29
10 4 7
10 7 7
23 2 36
35 2 53
23 1 16
21 1 47
34 2 40
10 1 7
26 1 48
19 2 25
11 2 7
54 1 52
46 1 17
7 4 10
10 2 47
26 1 21
45 1 18
49 2 24
18 1 14
15 1 22
13 1 7
3 2 6
11 1 7
14 1 16
69 1 67
66 1 22
38 1 58
12 2 7
23 1 13
45 1 40
7 1 27
77 1 47
12 1 62
30 1 26
6 2 3
25 2 28
43 1 36
24 1 13
3 1 2
28 2 7
10 1 27
22 1 19
13 1 31
28 2 48
36 1 22
67 1 66
19 2 48
35 2 49
45 2 59
7 1 47
44 2 53
42 1 39
7 2 63
16 1 11
10 2 15
22 1 48
10 2 65
60 1 59
3 2 45
57 1 38
38 1 43
42 1 32
10 2 18
7 2 19
10 2 27
36 2 33
11 1 65
? 1 github_cpp_program_data/10/54.cpp

13 1 10
10 2 31
11 1 10
23 1 26
7 1 15
10 2 19
57 2 35
16 1 7
44 1 40
49 1 16
26 1 10
40 1 42
27 1 26
53 6 45
23 2 32
6 1 5
40 1 57
43 2 35
3 2 9
20 1 50
26 1 25
23 1 22
57 1 36
38 1 30
10 1 15
26 1 7
59 1 12
45 1 18
10 2 28
19 2 10
59 2 45
16 2 13
11 1 62
35 2 42
34 1 31
53 1 22
10 2 27
10 4 7
57 1 40
15 1 26
21 1 10
60 1 45
14 1 13
24 1 16
38 1 44
40 1 30
10 2 20
22 1 29
31 2 32
45 1 10
36 2 38
60 1 49
49 1 13
20 1 51
19 2 29
33 1 26
26 1 19
11 2 10
26 1 28
7 2 31
7 1 10
24 2 49
28 2 29
11 2 7
26 1 21
45 1 38
19 2 28
48 1 10
44 1 34
7 2 20
32 2 66
7 2 15
22 1 25
7 2 27
60 1 3
60 1 6
49 2 24
34 1 33
38 1 49
38 1 69
6 1 4
8 1 7
12 1 7
67 1 23
18 1 14
10 7 7
18 2 40
31 1 16
3 1 2
28 2 10
13 2 16
35 1 26
31 1 22
13 1 31
50 1 26
4 2 5
7 7 10
49 2 45
24 2 44
30 2 24
3 1 1
45 1 11
9 2 24
34 1 32
67 1 32
16 1 10
43 1 38
7 2 28
27 1 22
40 1 43
22 1 28
22 1 7
21 1 20
35 2 43
13 1 23
40 1 35
9 1 8
26 1 29
16 1 23
67 2 40
59 1 38
19 2 7
49 2 69
10 2 46
45 1 7
51 1 22
7 2 23
28 2 25
31 1 26
10 5 7
46 2 38
12 2 10
7 5 10
22 1 10
12 1 10
38 1 35
29 2 19
30 1 22
1 2 2
50 2 51
47 1 51
13 1 11
16 1 12
59 1 46
32 1 22
38 1 24
66 1 26
60 1 9
23 1 16
34 2 40
48 1 47
19 2 25
36 2 40
40 1 53
26 1 48
69 1 40
7 4 10
10 2 47
39 1 38
16 1 31
43 1 36
60 1 24
15 1 22
13 1 7
3 2 6
11 1 7
69 1 67
50 1 22
18 2 38
62 2 10
12 2 7
45 1 40
7 1 27
30 1 26
6 2 3
25 2 28
7 2 18
24 1 13
10 2 23
28 2 7
10 1 27
22 1 19
21 1 7
30 2 35
36 1 22
67 1 66
45 2 59
13 1 12
42 1 39
16 1 11
10 2 15
60 1 59
32 2 33
42 1 32
10 2 18
7 2 19
59 1 10
32 2 39
? 1 github_cpp_program_data/10/56.cpp

13 1 31
13 1 10
10 2 31
42 2 57
67 2 38
11 1 10
23 1 26
7 1 15
10 2 19
11 1 7
16 1 7
44 1 40
49 1 16
26 1 10
27 1 26
22 1 21
53 6 45
23 2 32
7 2 20
43 2 35
15 1 26
20 1 50
26 1 25
66 1 28
23 1 22
52 1 40
38 1 30
24 2 69
24 1 13
10 1 15
26 1 7
45 1 18
10 2 28
10 2 18
58 6 59
16 2 13
7 2 15
46 1 14
53 1 22
10 2 27
54 1 36
21 1 10
60 1 45
14 1 13
29 2 19
38 1 44
35 1 22
40 1 30
10 2 20
22 1 29
38 1 42
36 2 38
49 1 13
36 1 26
19 2 10
26 1 19
12 1 63
11 2 10
26 1 28
7 2 31
7 1 10
57 1 32
28 2 29
7 2 23
11 2 7
26 1 21
45 1 38
38 1 57
19 2 28
44 1 34
39 1 40
32 2 66
40 1 58
45 1 10
22 1 25
36 2 52
7 2 27
38 1 35
40 1 24
26 2 28
34 1 33
38 1 49
58 1 26
12 1 7
67 1 23
32 1 26
10 7 7
50 1 26
32 2 38
32 2 33
28 2 10
13 2 16
59 1 46
31 1 22
34 1 23
51 1 26
33 1 22
50 1 22
69 1 38
24 2 49
45 1 11
42 1 36
34 1 32
16 1 10
43 1 38
40 1 49
7 2 28
27 1 22
40 1 43
22 1 28
57 2 54
22 1 7
21 1 20
40 1 35
67 1 32
16 1 23
46 2 40
59 1 40
7 2 47
19 2 7
38 1 53
10 2 46
11 1 63
48 1 7
28 2 25
31 1 26
10 5 7
12 2 10
7 5 10
22 1 10
59 1 11
24 1 16
30 1 22
47 1 51
13 1 11
69 2 58
16 1 12
35 1 26
32 1 22
38 1 24
12 1 10
66 1 26
23 1 16
34 2 40
48 1 47
40 1 69
19 2 25
7 2 65
54 1 52
46 1 17
7 4 10
17 1 16
7 1 27
18 1 14
28 2 22
15 1 22
36 2 39
13 1 7
28 2 19
69 1 67
66 1 22
18 2 38
12 2 7
23 1 13
14 2 17
10 4 7
17 2 14
30 1 26
25 2 28
43 1 36
38 1 54
49 2 24
10 2 23
28 2 7
10 1 27
22 1 19
21 1 7
24 2 44
67 1 66
45 2 59
13 1 12
44 2 53
42 1 39
7 2 63
16 1 11
10 2 15
22 1 48
60 1 59
57 1 38
12 1 65
7 7 10
7 2 19
59 1 10
? 1 github_cpp_program_data/10/58.cpp

13 1 10
67 2 38
23 2 32
34 1 32
23 1 26
7 1 15
16 1 10
19 2 10
45 1 11
10 2 19
40 1 49
7 2 28
40 1 44
16 1 7
22 1 28
44 1 40
22 1 7
26 1 10
21 1 20
13 1 23
27 1 26
12 2 10
19 2 48
40 1 35
38 1 68
69 1 34
44 2 35
45 2 59
26 1 29
16 1 23
10 2 46
67 2 40
20 1 50
26 1 25
59 1 40
28 2 10
38 1 30
46 2 40
10 1 15
26 1 7
19 2 7
59 1 12
45 1 18
10 2 28
10 2 18
22 1 25
51 1 22
16 2 13
44 1 38
46 1 14
10 2 27
17 2 14
34 1 23
34 2 38
48 1 47
7 5 10
15 1 26
30 2 69
44 1 67
22 1 10
60 1 45
14 1 13
29 2 19
24 1 16
38 1 44
18 2 38
49 2 69
40 1 69
16 1 31
22 1 29
47 1 51
27 1 22
13 1 11
49 1 13
16 1 12
35 1 26
36 1 26
28 2 29
19 2 29
10 4 7
66 1 26
26 1 19
12 1 63
23 1 16
11 2 10
28 2 25
34 1 33
34 2 40
12 1 10
44 2 30
7 2 31
7 1 10
19 2 25
7 2 65
38 1 24
26 1 48
26 1 21
7 4 10
45 1 38
46 1 17
7 1 27
18 1 14
19 2 28
15 1 22
48 1 10
28 2 19
13 1 7
40 1 70
11 1 7
14 1 16
7 2 15
45 1 10
67 1 31
31 2 36
12 2 7
23 1 13
21 1 10
7 2 27
36 2 66
10 2 20
30 1 26
26 1 28
38 1 69
28 2 7
10 2 23
12 1 7
10 1 27
7 2 19
13 1 31
10 7 7
67 1 66
28 2 21
10 2 47
32 2 33
67 1 36
13 1 12
13 2 16
59 1 46
7 2 63
16 1 11
10 2 15
31 1 22
60 1 59
29 2 28
32 1 26
33 1 22
7 7 10
50 1 22
69 1 38
24 2 30
17 1 13
22 1 19
59 1 10
11 1 65
69 1 40
? 1 github_cpp_program_data/10/6.cpp

13 1 10
67 2 38
23 2 32
34 1 32
23 1 26
7 1 15
16 1 10
19 2 10
45 1 11
10 2 19
40 1 49
7 2 28
40 1 44
16 1 7
22 1 28
44 1 40
22 1 7
26 1 10
21 1 20
13 1 23
27 1 26
12 2 10
19 2 48
40 1 35
38 1 68
69 1 34
44 2 35
45 2 59
26 1 29
16 1 23
10 2 46
67 2 40
20 1 50
26 1 25
59 1 40
28 2 10
38 1 30
46 2 40
10 1 15
26 1 7
19 2 7
59 1 12
45 1 18
10 2 28
10 2 18
22 1 25
51 1 22
16 2 13
44 1 38
46 1 14
10 2 27
17 2 14
34 1 23
34 2 38
48 1 47
7 5 10
15 1 26
30 2 69
44 1 67
22 1 10
60 1 45
14 1 13
29 2 19
24 1 16
38 1 44
18 2 38
49 2 69
40 1 69
16 1 31
22 1 29
47 1 51
27 1 22
13 1 11
49 1 13
16 1 12
35 1 26
36 1 26
28 2 29
19 2 29
10 4 7
66 1 26
26 1 19
12 1 63
23 1 16
11 2 10
28 2 25
34 1 33
34 2 40
12 1 10
44 2 30
7 2 31
7 1 10
19 2 25
7 2 65
38 1 24
26 1 48
26 1 21
7 4 10
45 1 38
46 1 17
7 1 27
18 1 14
19 2 28
15 1 22
48 1 10
28 2 19
13 1 7
40 1 70
11 1 7
14 1 16
7 2 15
45 1 10
67 1 31
31 2 36
12 2 7
23 1 13
21 1 10
7 2 27
36 2 66
10 2 20
30 1 26
26 1 28
38 1 69
28 2 7
10 2 23
12 1 7
10 1 27
7 2 19
13 1 31
10 7 7
67 1 66
28 2 21
10 2 47
32 2 33
67 1 36
13 1 12
13 2 16
59 1 46
7 2 63
16 1 11
10 2 15
31 1 22
60 1 59
29 2 28
32 1 26
33 1 22
7 7 10
50 1 22
69 1 38
24 2 30
17 1 13
22 1 19
59 1 10
11 1 65
69 1 40
? 1 github_cpp_program_data/10/7.cpp

