5 8 3
40 1 6
1 8 3
6 8 40
4 2 1
3 2 5
5 2 3
1 2 5
4 8 3
3 8 6
1 2 4
5 2 1
6 1 3
4 2 3
3 1 5
3 1 1
3 2 4
3 1 4
? 1 github_java_program_data/41/118.java

39 1 1
41 2 1
81 2 52
3 2 41
23 8 67
15 2 24
27 8 28
53 8 30
23 1 56
14 1 10
73 1 81
5 2 4
57 1 30
23 1 22
41 1 19
1 8 21
3 2 5
48 8 73
45 1 1
10 8 14
1 2 10
1 8 39
42 8 21
17 8 25
3 8 13
23 8 52
1 8 13
53 2 56
16 8 25
72 2 51
10 8 45
27 1 19
23 1 44
73 1 51
23 1 12
1 7 3
45 1 10
57 2 82
13 1 3
12 1 11
72 8 73
4 2 5
44 2 45
21 8 27
21 8 56
33 8 34
3 8 24
21 1 1
19 8 20
21 8 20
20 2 56
44 13 56
4 2 34
52 2 51
9 2 10
58 6 45
32 8 19
42 2 4
52 1 30
51 8 53
52 2 48
58 6 44
33 2 1
21 1 42
81 1 53
73 8 23
18 2 3
37 2 3
1 2 41
21 8 26
41 8 11
11 1 41
76 2 52
29 1 3
3 5 1
30 1 58
39 2 45
29 1 28
32 8 21
53 1 52
11 1 9
30 1 15
45 2 39
14 1 13
81 2 57
52 2 76
37 1 1
20 2 53
14 1 9
13 2 8
1 2 4
5 2 1
4 2 32
23 2 25
25 8 24
81 8 73
3 1 4
45 8 23
11 8 16
30 2 25
82 2 72
11 1 13
1 2 18
23 8 57
30 1 73
16 2 17
23 1 45
28 8 29
8 8 14
16 8 18
82 8 53
72 2 76
23 2 18
11 8 12
53 1 51
22 8 30
23 1 73
41 2 3
58 1 19
44 1 30
23 8 72
12 2 15
19 8 56
45 1 23
1 2 43
48 1 19
45 1 13
18 8 45
34 1 33
43 2 3
1 4 3
1 8 11
45 13 56
1 2 28
41 8 14
56 1 21
26 8 28
19 8 26
19 8 58
45 13 58
56 2 53
42 2 5
11 1 3
30 1 20
52 2 57
29 8 19
28 2 1
1 2 8
45 1 30
26 8 33
11 1 8
52 8 53
5 2 29
23 2 1
3 2 28
10 1 3
17 8 18
22 8 23
13 8 11
43 1 19
58 8 30
20 2 22
23 8 45
8 8 44
56 8 23
67 1 23
1 8 44
3 4 1
14 8 17
8 2 10
13 8 44
1 14 3
22 2 58
1 2 33
4 8 21
30 8 44
73 2 53
29 2 5
5 2 32
19 1 34
67 1 8
4 1 1
21 1 3
3 8 67
3 2 33
44 8 23
73 1 48
28 1 27
14 1 41
76 2 72
10 2 9
73 1 72
1 8 2
1 8 29
73 8 82
3 2 13
17 1 14
23 1 15
48 1 21
1 8 3
19 8 51
23 1 39
43 8 11
1 1 3
25 2 1
73 8 30
22 2 56
44 1 10
26 2 27
13 1 1
67 1 3
9 8 45
56 2 22
51 1 19
73 1 76
26 1 21
53 8 81
9 8 13
39 2 15
73 1 57
57 2 52
51 8 73
2 2 67
29 1 1
3 1 1
19 1 42
24 1 25
76 1 30
3 8 11
1 1 37
27 1 21
8 8 67
21 8 51
19 1 4
72 2 82
21 8 22
18 2 1
1 1 5
3 8 10
72 1 30
23 1 58
5 8 19
8 8 11
40 1 2
53 2 20
56 6 44
34 2 5
18 1 17
24 1 3
1 1 4
53 2 73
53 8 23
34 8 19
1 2 5
67 2 2
44 1 1
44 1 8
1 8 10
2 1 1
58 2 53
22 2 20
4 8 3
44 1 23
53 2 58
4 2 3
3 8 34
8 2 1
21 8 48
58 2 22
1 8 14
18 8 44
14 1 3
15 8 23
57 8 53
34 8 21
16 1 14
19 1 29
41 1 21
52 1 23
25 8 44
5 2 34
72 2 48
10 2 3
19 8 41
25 2 3
23 2 3
48 2 52
29 2 4
14 8 16
10 2 1
39 1 8
14 1 8
30 8 76
20 8 30
15 2 20
1 8 19
3 2 43
1 11 3
56 1 19
3 2 4
16 1 11
4 2 29
34 2 4
21 1 5
4 2 42
51 1 21
8 2 3
33 2 3
53 1 57
20 2 12
9 8 44
44 1 13
15 2 12
1 2 25
3 8 21
30 8 72
1 8 34
30 1 22
51 2 72
13 8 45
5 8 3
57 2 81
19 1 32
33 1 27
9 8 11
30 8 24
3 8 19
3 8 29
23 1 24
13 2 3
20 2 73
73 1 52
20 8 23
34 1 3
3 2 37
1 5 3
57 8 73
28 2 3
1 8 45
30 1 56
4 2 1
14 8 12
8 8 10
19 8 43
53 1 72
12 8 23
2 8 40
30 8 45
10 2 8
9 2 8
19 8 27
5 1 1
19 1 3
34 1 1
11 1 43
27 8 33
82 1 73
3 2 23
76 8 73
57 1 23
19 8 22
20 2 15
51 2 52
23 1 20
8 2 13
18 1 16
48 2 72
10 8 11
11 1 1
3 2 18
44 13 58
25 2 30
21 1 4
30 8 57
3 8 14
1 2 23
20 1 19
67 8 40
23 1 53
13 1 9
39 8 23
14 1 1
1 12 3
4 8 19
39 1 23
19 1 5
58 8 23
25 1 17
3 2 25
28 1 26
45 1 3
13 2 9
8 2 9
52 2 81
43 2 1
13 8 14
20 1 21
3 2 8
3 7 1
44 1 9
29 8 21
53 1 48
21 8 41
8 8 39
25 2 23
42 8 19
45 2 44
73 2 22
32 2 5
21 1 34
22 1 21
15 8 30
56 6 45
21 1 32
23 8 44
53 1 82
12 2 20
3 8 45
22 1 19
30 8 52
44 1 25
23 8 39
15 2 44
5 8 21
21 8 58
18 2 23
5 2 3
13 2 1
10 8 44
45 1 18
22 2 73
27 2 26
11 8 15
12 1 14
24 1 30
72 1 23
30 2 18
3 2 10
32 2 4
25 1 16
72 8 53
18 2 30
21 1 29
3 8 44
15 2 39
33 1 26
44 2 15
19 8 48
1 2 13
30 1 53
10 1 8
44 1 18
3 1 5
56 8 30
56 2 20
9 2 1
26 1 19
40 1 67
73 2 20
17 2 16
10 1 1
15 1 11
82 2 57
9 2 13
52 8 73
19 1 1
5 2 42
48 8 53
45 1 9
24 8 23
1 2 9
24 2 15
44 1 3
58 1 21
9 8 14
11 1 10
? 1 github_java_program_data/41/129.java

5 8 3
40 1 6
1 8 3
6 8 40
4 2 1
3 2 5
5 2 3
1 2 5
4 8 3
3 8 6
1 2 4
5 2 1
6 1 3
4 2 3
3 1 5
3 1 1
3 2 4
3 1 4
? 1 github_java_program_data/41/147.java

11 8 17
14 8 16
1 8 67
81 2 52
3 2 41
76 8 97
8 2 65
27 8 28
53 8 30
23 1 56
14 1 10
23 1 45
73 1 81
41 2 1
30 1 99
5 2 4
57 1 30
20 2 22
23 1 22
41 1 19
1 8 21
3 2 5
48 8 73
23 8 67
14 8 15
21 8 43
45 1 1
10 8 14
1 2 10
42 8 21
17 8 25
3 8 13
23 8 52
1 8 13
53 2 56
16 8 25
72 2 51
10 8 45
55 2 15
27 1 19
12 2 55
23 1 44
76 8 53
73 1 51
23 1 12
10 2 9
57 2 72
45 1 10
13 1 3
99 2 54
12 8 30
72 8 73
4 2 5
44 2 45
21 8 27
66 8 45
25 8 45
1 2 13
33 8 34
3 8 24
21 1 1
16 1 11
15 2 12
44 13 56
4 2 34
52 2 51
9 2 10
58 6 45
32 8 19
42 2 4
52 1 30
51 8 53
52 2 48
3 2 30
33 2 1
9 8 39
21 1 42
81 1 53
73 8 23
24 2 12
67 1 23
42 8 19
37 2 3
21 8 41
55 8 30
21 8 26
13 1 8
41 8 11
23 8 24
11 1 41
76 2 52
29 1 3
3 5 1
30 1 58
20 2 99
23 2 1
29 1 28
32 8 21
53 1 76
53 1 52
11 1 9
50 2 23
73 2 12
14 1 13
52 2 82
52 2 76
76 2 81
37 1 1
20 2 53
51 8 55
82 8 73
14 1 9
12 2 24
13 2 8
11 8 41
15 1 14
5 2 1
72 1 30
30 8 39
15 8 30
23 1 58
24 1 23
25 8 24
81 8 73
12 2 73
3 1 4
72 2 81
45 8 23
23 8 54
1 2 4
30 2 25
50 8 54
11 1 13
48 2 61
1 2 18
23 8 57
30 1 73
61 8 50
43 1 21
12 2 53
16 2 17
45 1 66
28 8 29
8 8 14
16 8 18
27 1 21
72 2 76
48 2 41
23 2 18
11 8 12
53 1 51
8 2 66
45 2 24
22 8 30
23 1 73
41 2 3
58 1 19
44 1 30
30 1 54
12 2 15
76 2 72
9 2 3
19 8 56
45 1 23
1 2 43
55 2 12
48 1 19
19 8 27
67 1 1
18 8 45
76 1 21
34 1 33
43 2 3
1 4 3
97 1 51
1 8 11
8 8 45
30 1 24
1 2 28
24 1 9
41 8 14
56 1 21
26 8 28
19 8 26
44 1 65
19 8 58
58 2 22
11 1 3
52 2 57
29 8 19
28 2 1
1 2 8
45 1 30
26 8 33
11 1 8
52 8 53
5 2 29
4 2 32
45 8 30
44 2 39
3 2 28
11 8 16
10 1 3
17 8 18
39 1 9
66 2 8
3 8 66
13 8 11
30 1 12
43 1 19
58 8 30
55 1 51
30 1 20
53 2 73
21 8 76
81 2 76
8 8 44
53 8 23
45 1 3
30 1 15
3 4 1
14 8 17
8 2 10
13 8 44
1 14 3
22 2 58
44 8 30
1 2 33
4 8 21
9 8 24
73 2 53
29 2 5
5 2 32
19 1 34
67 1 8
56 2 53
39 1 3
4 1 1
21 1 3
42 2 5
5 2 3
24 1 25
12 1 11
73 1 48
28 1 27
14 1 41
23 2 50
24 2 45
15 2 53
1 8 65
99 8 30
73 1 72
13 2 3
1 8 29
19 1 29
3 2 13
99 2 20
19 1 97
23 1 15
48 1 21
30 2 3
1 8 3
9 2 8
23 1 39
10 8 44
1 1 3
23 8 72
25 2 1
23 8 55
73 8 30
24 8 30
53 2 12
26 2 27
13 1 1
30 8 76
9 8 45
41 1 11
81 2 72
51 1 19
73 1 76
45 1 25
26 1 21
53 8 81
3 8 39
73 1 57
39 1 30
57 2 52
51 8 73
29 1 1
3 1 1
19 1 42
76 1 30
3 8 11
1 1 37
1 7 3
51 2 23
50 1 61
53 8 82
21 8 51
19 1 4
21 8 22
18 2 1
21 8 48
1 1 5
3 8 10
21 8 20
9 8 10
1 8 44
5 8 19
65 1 1
8 8 11
8 8 13
53 2 20
19 8 99
56 6 44
34 2 5
18 1 17
99 1 19
54 2 12
24 1 3
1 1 4
48 2 72
56 8 23
34 8 19
1 2 5
66 1 3
44 1 1
44 1 8
48 8 50
1 8 10
22 2 20
4 8 3
76 1 23
45 13 58
10 1 1
4 2 3
3 8 34
8 2 1
72 8 97
1 8 14
18 8 44
14 1 3
15 8 23
57 8 53
21 8 56
34 8 21
16 1 14
54 2 99
53 2 15
82 1 53
41 1 21
52 1 23
21 1 5
5 2 34
65 2 8
72 2 48
10 2 3
22 8 23
25 2 3
17 1 14
97 1 76
18 2 3
29 2 4
11 1 43
10 2 1
18 1 16
21 8 61
3 2 4
20 8 30
30 8 44
11 2 14
1 8 19
3 2 43
12 2 54
1 11 3
56 1 19
44 1 23
44 8 23
45 1 18
23 2 51
4 2 29
1 2 23
34 2 4
25 8 44
4 2 42
51 1 21
30 1 45
33 2 3
53 1 57
14 1 43
44 1 13
1 2 25
3 8 21
53 2 22
82 2 52
30 8 72
1 8 34
30 1 22
51 2 72
19 8 72
13 8 45
5 8 3
19 1 32
33 1 27
9 8 11
22 2 53
19 8 20
3 8 19
3 8 29
20 2 73
73 1 52
20 8 23
34 1 3
3 2 37
1 5 3
57 8 73
28 2 3
1 8 45
30 1 56
4 2 1
14 8 12
19 8 43
53 1 72
12 8 23
30 8 45
10 2 8
19 8 51
45 1 13
97 8 19
5 1 1
19 1 3
1 12 3
34 1 1
23 2 25
27 8 33
73 1 82
76 8 73
57 1 23
19 8 22
20 2 15
51 2 52
23 1 20
8 2 13
14 2 11
58 6 44
48 2 52
10 8 11
11 1 1
3 2 18
14 1 8
44 13 58
25 2 30
21 1 4
30 8 57
54 1 50
3 8 14
3 2 33
20 1 19
67 8 40
23 1 53
39 8 23
14 1 1
15 2 20
4 8 19
19 1 5
56 6 45
58 8 23
25 1 17
3 2 25
23 8 76
28 1 26
72 1 19
41 2 48
13 2 9
8 2 9
52 2 81
43 2 1
13 8 14
20 1 21
3 2 9
54 1 23
3 7 1
44 1 9
29 8 21
54 8 30
40 1 67
1 2 41
25 2 23
55 1 23
45 2 44
45 13 56
19 8 41
32 2 5
21 1 34
22 1 21
73 2 22
30 1 44
30 1 55
61 1 21
41 8 50
61 2 48
21 1 32
23 8 44
65 8 44
15 1 11
15 2 55
3 8 45
22 1 19
30 8 52
23 8 45
44 1 25
15 2 44
5 8 21
21 8 58
18 2 23
43 8 14
13 2 1
50 1 48
51 8 97
43 8 11
44 1 10
8 8 67
22 2 73
97 1 72
27 2 26
12 1 14
72 2 57
72 1 23
30 2 18
3 2 10
32 2 4
10 1 9
25 1 16
72 8 53
18 2 30
21 1 29
3 8 44
33 1 26
44 2 15
9 8 44
19 8 48
50 1 41
30 1 53
44 1 18
3 1 5
39 2 44
56 8 30
9 2 1
26 1 19
53 1 48
73 2 20
17 2 16
45 1 8
11 8 15
9 2 13
52 8 73
19 1 1
5 2 42
48 8 53
45 1 9
17 1 11
1 2 9
44 1 3
58 1 21
9 8 14
11 1 10
? 1 github_java_program_data/41/151.java

23 1 56
41 2 1
81 2 52
3 2 41
63 1 3
15 2 24
27 8 28
39 1 1
14 1 10
73 1 81
45 1 13
23 1 22
41 1 19
1 8 21
3 2 5
14 8 15
21 8 43
45 1 1
10 8 14
1 2 10
1 8 39
42 8 21
17 8 25
3 8 13
23 8 52
1 2 63
55 8 23
16 8 25
1 12 3
39 2 12
27 1 19
15 2 73
12 2 55
76 8 53
73 1 51
23 1 12
1 7 3
13 1 3
12 8 30
44 2 45
58 6 44
21 8 27
21 8 56
33 8 34
21 1 1
19 8 20
15 2 12
4 2 34
52 2 51
9 2 10
73 1 52
42 2 4
30 8 67
21 8 51
3 2 30
16 2 17
21 1 42
81 1 53
18 2 3
1 2 41
21 8 26
41 8 11
23 8 24
1 2 13
48 8 55
29 1 3
3 5 1
29 1 28
3 8 63
32 8 21
53 1 76
53 1 52
30 1 39
11 1 9
14 1 13
1 1 5
30 1 15
13 2 8
1 2 4
5 2 1
72 1 30
30 8 39
4 2 32
24 1 23
81 8 73
3 1 4
11 8 16
15 1 14
82 2 72
11 1 13
1 2 18
23 8 57
30 1 73
43 1 21
12 2 53
28 8 29
16 8 18
82 8 53
55 1 30
23 2 18
11 8 12
53 1 51
22 8 30
29 2 4
41 2 3
30 2 3
4 2 29
1 2 33
14 8 17
33 2 1
19 8 56
1 5 3
1 2 43
55 2 12
48 1 19
81 2 57
18 8 45
1 4 3
1 8 11
1 2 28
24 1 9
41 8 14
56 1 21
26 8 28
19 8 26
11 1 3
29 8 19
28 2 1
1 2 8
45 1 30
44 1 25
52 8 53
55 2 58
5 2 29
1 8 13
3 2 28
30 2 1
10 1 3
17 8 18
13 8 11
30 1 12
20 2 22
4 8 21
63 2 1
8 8 44
53 8 23
1 8 44
3 1 18
8 2 10
13 8 44
1 14 3
53 1 72
11 2 14
1 8 17
30 1 20
9 8 24
53 1 48
29 2 5
5 2 32
10 2 9
67 1 8
53 2 12
4 1 1
21 1 3
3 8 67
5 2 3
44 1 1
12 1 11
28 1 27
14 1 41
39 8 30
33 1 27
1 8 2
1 8 29
19 1 29
3 2 13
17 1 14
48 1 21
1 8 3
34 2 4
11 1 41
1 1 3
25 2 1
73 8 30
24 8 30
44 1 10
26 2 27
13 1 1
67 1 3
9 8 45
44 1 23
52 2 81
26 1 21
53 8 81
73 2 15
10 2 8
18 2 23
73 1 57
39 1 30
51 8 73
2 2 67
29 1 1
3 1 1
19 1 42
76 1 30
3 8 11
27 1 21
8 8 67
58 2 55
51 8 53
19 1 4
72 2 82
21 8 22
18 2 1
21 8 48
3 1 25
3 8 10
21 8 20
23 1 58
5 8 19
40 1 2
34 2 5
18 1 17
48 2 30
1 1 4
48 2 72
1 2 30
56 8 23
1 2 5
24 1 1
44 1 8
30 1 45
1 8 10
2 1 1
58 2 53
22 2 20
4 8 3
51 1 19
53 2 58
4 2 3
3 8 34
18 8 24
1 8 14
14 1 3
8 2 1
34 8 21
73 8 82
41 1 21
52 1 23
21 1 5
72 2 48
3 8 44
22 8 23
23 1 20
44 2 39
5 2 34
3 4 1
23 2 25
10 2 1
39 1 8
30 8 76
1 8 16
20 8 30
1 8 19
1 11 3
56 1 19
3 2 4
16 1 11
25 8 44
16 1 1
51 1 21
76 2 82
33 2 3
14 1 43
44 1 13
1 2 25
3 8 21
30 8 72
1 8 34
30 1 22
23 1 55
12 2 39
13 8 45
5 8 3
57 2 81
19 1 32
9 8 11
19 8 41
3 8 19
3 8 29
32 8 19
20 8 23
34 1 3
57 8 73
28 2 3
82 2 76
1 8 45
45 8 30
4 2 1
14 8 12
30 8 55
44 8 30
12 8 23
2 8 40
30 8 45
17 1 1
13 2 3
19 8 51
19 8 27
5 1 1
19 1 3
34 1 1
27 8 33
82 1 73
57 1 23
19 8 22
14 2 11
25 2 3
18 1 16
10 8 11
11 1 1
3 2 18
44 13 58
21 1 4
30 2 48
3 8 14
3 2 33
20 1 19
67 8 40
23 1 53
14 1 1
4 8 19
63 8 17
18 8 3
58 8 23
25 1 17
3 2 25
28 1 26
13 2 9
43 2 1
13 8 14
20 1 21
3 2 8
3 7 1
25 8 3
29 8 21
40 1 67
21 8 41
8 8 39
25 2 23
42 8 19
45 2 44
32 2 5
21 1 34
22 1 21
30 1 44
15 8 30
21 1 32
23 8 44
53 1 82
22 1 19
34 1 33
30 1 24
55 1 48
24 1 18
26 8 33
67 1 30
19 1 5
5 8 21
21 8 58
43 8 14
13 2 1
10 8 44
45 1 18
12 2 15
27 2 26
11 8 15
12 1 14
17 1 63
30 2 18
3 2 10
32 2 4
25 1 16
72 8 53
18 2 30
21 1 29
10 2 3
33 1 26
19 8 48
4 2 42
67 2 2
8 2 13
3 1 5
39 2 44
9 2 1
26 1 19
1 8 24
8 2 3
17 2 16
10 1 1
15 1 11
9 2 13
52 8 73
19 1 1
48 8 53
45 1 9
51 2 52
1 2 9
24 2 15
44 1 3
58 1 21
11 1 10
? 1 github_java_program_data/41/175.java

5 8 3
40 1 6
1 8 3
6 8 40
4 2 1
3 2 5
5 2 3
1 2 5
4 8 3
3 8 6
1 2 4
5 2 1
6 1 3
4 2 3
3 1 5
3 1 1
3 2 4
3 1 4
? 1 github_java_program_data/41/176.java

5 8 3
40 1 6
1 8 3
6 8 40
4 2 1
3 2 5
5 2 3
1 2 5
4 8 3
3 8 6
1 2 4
5 2 1
6 1 3
4 2 3
3 1 5
3 1 1
3 2 4
3 1 4
? 1 github_java_program_data/41/2.java

5 8 3
40 1 6
1 8 3
6 8 40
4 2 1
3 2 5
5 2 3
1 2 5
4 8 3
3 8 6
1 2 4
5 2 1
6 1 3
4 2 3
3 1 5
3 1 1
3 2 4
3 1 4
? 1 github_java_program_data/41/205.java

5 8 3
40 1 6
1 8 3
6 8 40
4 2 1
3 2 5
5 2 3
1 2 5
4 8 3
3 8 6
1 2 4
5 2 1
6 1 3
4 2 3
3 1 5
3 1 1
3 2 4
3 1 4
? 1 github_java_program_data/41/234.java

39 1 1
41 2 1
81 2 52
3 2 41
23 8 67
15 2 24
27 8 28
53 8 30
23 1 56
14 1 10
73 1 81
5 2 4
57 1 30
23 1 22
41 1 19
1 8 21
3 2 5
48 8 73
45 1 1
10 8 14
1 2 10
1 8 39
42 8 21
17 8 25
3 8 13
23 8 52
1 8 13
53 2 56
16 8 25
72 2 51
10 8 45
27 1 19
23 1 44
73 1 51
23 1 12
1 7 3
45 1 10
57 2 82
13 1 3
12 1 11
72 8 73
4 2 5
44 2 45
21 8 27
21 8 56
33 8 34
3 8 24
21 1 1
19 8 20
21 8 20
20 2 56
44 13 56
4 2 34
52 2 51
9 2 10
58 6 45
32 8 19
42 2 4
52 1 30
51 8 53
52 2 48
58 6 44
33 2 1
21 1 42
81 1 53
73 8 23
18 2 3
37 2 3
1 2 41
21 8 26
41 8 11
11 1 41
76 2 52
29 1 3
3 5 1
30 1 58
39 2 45
29 1 28
32 8 21
53 1 52
11 1 9
30 1 15
45 2 39
14 1 13
81 2 57
52 2 76
37 1 1
20 2 53
14 1 9
13 2 8
1 2 4
5 2 1
4 2 32
23 2 25
25 8 24
81 8 73
3 1 4
45 8 23
11 8 16
30 2 25
82 2 72
11 1 13
1 2 18
23 8 57
30 1 73
16 2 17
23 1 45
28 8 29
8 8 14
16 8 18
82 8 53
72 2 76
23 2 18
11 8 12
53 1 51
22 8 30
23 1 73
41 2 3
58 1 19
44 1 30
23 8 72
12 2 15
19 8 56
45 1 23
1 2 43
48 1 19
45 1 13
18 8 45
34 1 33
43 2 3
1 4 3
1 8 11
45 13 56
1 2 28
41 8 14
56 1 21
26 8 28
19 8 26
19 8 58
45 13 58
56 2 53
42 2 5
11 1 3
30 1 20
52 2 57
29 8 19
28 2 1
1 2 8
45 1 30
26 8 33
11 1 8
52 8 53
5 2 29
23 2 1
3 2 28
10 1 3
17 8 18
22 8 23
13 8 11
43 1 19
58 8 30
20 2 22
23 8 45
8 8 44
56 8 23
67 1 23
1 8 44
3 4 1
14 8 17
8 2 10
13 8 44
1 14 3
22 2 58
1 2 33
4 8 21
30 8 44
73 2 53
29 2 5
5 2 32
19 1 34
67 1 8
4 1 1
21 1 3
3 8 67
3 2 33
44 8 23
73 1 48
28 1 27
14 1 41
76 2 72
10 2 9
73 1 72
1 8 2
1 8 29
73 8 82
3 2 13
17 1 14
23 1 15
48 1 21
1 8 3
19 8 51
23 1 39
43 8 11
1 1 3
25 2 1
73 8 30
22 2 56
44 1 10
26 2 27
13 1 1
67 1 3
9 8 45
56 2 22
51 1 19
73 1 76
26 1 21
53 8 81
9 8 13
39 2 15
73 1 57
57 2 52
51 8 73
2 2 67
29 1 1
3 1 1
19 1 42
24 1 25
76 1 30
3 8 11
1 1 37
27 1 21
8 8 67
21 8 51
19 1 4
72 2 82
21 8 22
18 2 1
1 1 5
3 8 10
72 1 30
23 1 58
5 8 19
8 8 11
40 1 2
53 2 20
56 6 44
34 2 5
18 1 17
24 1 3
1 1 4
53 2 73
53 8 23
34 8 19
1 2 5
67 2 2
44 1 1
44 1 8
1 8 10
2 1 1
58 2 53
22 2 20
4 8 3
44 1 23
53 2 58
4 2 3
3 8 34
8 2 1
21 8 48
58 2 22
1 8 14
18 8 44
14 1 3
15 8 23
57 8 53
34 8 21
16 1 14
19 1 29
41 1 21
52 1 23
25 8 44
5 2 34
72 2 48
10 2 3
19 8 41
25 2 3
23 2 3
48 2 52
29 2 4
14 8 16
10 2 1
39 1 8
14 1 8
30 8 76
20 8 30
15 2 20
1 8 19
3 2 43
1 11 3
56 1 19
3 2 4
16 1 11
4 2 29
34 2 4
21 1 5
4 2 42
51 1 21
8 2 3
33 2 3
53 1 57
20 2 12
9 8 44
44 1 13
15 2 12
1 2 25
3 8 21
30 8 72
1 8 34
30 1 22
51 2 72
13 8 45
5 8 3
57 2 81
19 1 32
33 1 27
9 8 11
30 8 24
3 8 19
3 8 29
23 1 24
13 2 3
20 2 73
73 1 52
20 8 23
34 1 3
3 2 37
1 5 3
57 8 73
28 2 3
1 8 45
30 1 56
4 2 1
14 8 12
8 8 10
19 8 43
53 1 72
12 8 23
2 8 40
30 8 45
10 2 8
9 2 8
19 8 27
5 1 1
19 1 3
34 1 1
11 1 43
27 8 33
82 1 73
3 2 23
76 8 73
57 1 23
19 8 22
20 2 15
51 2 52
23 1 20
8 2 13
18 1 16
48 2 72
10 8 11
11 1 1
3 2 18
44 13 58
25 2 30
21 1 4
30 8 57
3 8 14
1 2 23
20 1 19
67 8 40
23 1 53
13 1 9
39 8 23
14 1 1
1 12 3
4 8 19
39 1 23
19 1 5
58 8 23
25 1 17
3 2 25
28 1 26
45 1 3
13 2 9
8 2 9
52 2 81
43 2 1
13 8 14
20 1 21
3 2 8
3 7 1
44 1 9
29 8 21
53 1 48
21 8 41
8 8 39
25 2 23
42 8 19
45 2 44
73 2 22
32 2 5
21 1 34
22 1 21
15 8 30
56 6 45
21 1 32
23 8 44
53 1 82
12 2 20
3 8 45
22 1 19
30 8 52
44 1 25
23 8 39
15 2 44
5 8 21
21 8 58
18 2 23
5 2 3
13 2 1
10 8 44
45 1 18
22 2 73
27 2 26
11 8 15
12 1 14
24 1 30
72 1 23
30 2 18
3 2 10
32 2 4
25 1 16
72 8 53
18 2 30
21 1 29
3 8 44
15 2 39
33 1 26
44 2 15
19 8 48
1 2 13
30 1 53
10 1 8
44 1 18
3 1 5
56 8 30
56 2 20
9 2 1
26 1 19
40 1 67
73 2 20
17 2 16
10 1 1
15 1 11
82 2 57
9 2 13
52 8 73
19 1 1
5 2 42
48 8 53
45 1 9
24 8 23
1 2 9
24 2 15
44 1 3
58 1 21
9 8 14
11 1 10
? 1 github_java_program_data/41/245.java

39 1 1
41 2 1
81 2 52
3 2 41
23 8 67
15 2 24
27 8 28
53 8 30
23 1 56
14 1 10
73 1 81
5 2 4
57 1 30
23 1 22
41 1 19
1 8 21
3 2 5
48 8 73
45 1 1
10 8 14
1 2 10
1 8 39
42 8 21
17 8 25
3 8 13
23 8 52
1 8 13
53 2 56
16 8 25
72 2 51
10 8 45
27 1 19
23 1 44
73 1 51
23 1 12
1 7 3
45 1 10
57 2 82
13 1 3
12 1 11
72 8 73
4 2 5
44 2 45
21 8 27
21 8 56
33 8 34
3 8 24
21 1 1
19 8 20
21 8 20
20 2 56
44 13 56
4 2 34
52 2 51
9 2 10
58 6 45
32 8 19
42 2 4
52 1 30
51 8 53
52 2 48
58 6 44
33 2 1
21 1 42
81 1 53
73 8 23
18 2 3
37 2 3
1 2 41
21 8 26
41 8 11
11 1 41
76 2 52
29 1 3
3 5 1
30 1 58
39 2 45
29 1 28
32 8 21
53 1 52
11 1 9
30 1 15
45 2 39
14 1 13
81 2 57
52 2 76
37 1 1
20 2 53
14 1 9
13 2 8
1 2 4
5 2 1
4 2 32
23 2 25
25 8 24
81 8 73
3 1 4
45 8 23
11 8 16
30 2 25
82 2 72
11 1 13
1 2 18
23 8 57
30 1 73
16 2 17
23 1 45
28 8 29
8 8 14
16 8 18
82 8 53
72 2 76
23 2 18
11 8 12
53 1 51
22 8 30
23 1 73
41 2 3
58 1 19
44 1 30
23 8 72
12 2 15
19 8 56
45 1 23
1 2 43
48 1 19
45 1 13
18 8 45
34 1 33
43 2 3
1 4 3
1 8 11
45 13 56
1 2 28
41 8 14
56 1 21
26 8 28
19 8 26
19 8 58
45 13 58
56 2 53
42 2 5
11 1 3
30 1 20
52 2 57
29 8 19
28 2 1
1 2 8
45 1 30
26 8 33
11 1 8
52 8 53
5 2 29
23 2 1
3 2 28
10 1 3
17 8 18
22 8 23
13 8 11
43 1 19
58 8 30
20 2 22
23 8 45
8 8 44
56 8 23
67 1 23
1 8 44
3 4 1
14 8 17
8 2 10
13 8 44
1 14 3
22 2 58
1 2 33
4 8 21
30 8 44
73 2 53
29 2 5
5 2 32
19 1 34
67 1 8
4 1 1
21 1 3
3 8 67
3 2 33
44 8 23
73 1 48
28 1 27
14 1 41
76 2 72
10 2 9
73 1 72
1 8 2
1 8 29
73 8 82
3 2 13
17 1 14
23 1 15
48 1 21
1 8 3
19 8 51
23 1 39
43 8 11
1 1 3
25 2 1
73 8 30
22 2 56
44 1 10
26 2 27
13 1 1
67 1 3
9 8 45
56 2 22
51 1 19
73 1 76
26 1 21
53 8 81
9 8 13
39 2 15
73 1 57
57 2 52
51 8 73
2 2 67
29 1 1
3 1 1
19 1 42
24 1 25
76 1 30
3 8 11
1 1 37
27 1 21
8 8 67
21 8 51
19 1 4
72 2 82
21 8 22
18 2 1
1 1 5
3 8 10
72 1 30
23 1 58
5 8 19
8 8 11
40 1 2
53 2 20
56 6 44
34 2 5
18 1 17
24 1 3
1 1 4
53 2 73
53 8 23
34 8 19
1 2 5
67 2 2
44 1 1
44 1 8
1 8 10
2 1 1
58 2 53
22 2 20
4 8 3
44 1 23
53 2 58
4 2 3
3 8 34
8 2 1
21 8 48
58 2 22
1 8 14
18 8 44
14 1 3
15 8 23
57 8 53
34 8 21
16 1 14
19 1 29
41 1 21
52 1 23
25 8 44
5 2 34
72 2 48
10 2 3
19 8 41
25 2 3
23 2 3
48 2 52
29 2 4
14 8 16
10 2 1
39 1 8
14 1 8
30 8 76
20 8 30
15 2 20
1 8 19
3 2 43
1 11 3
56 1 19
3 2 4
16 1 11
4 2 29
34 2 4
21 1 5
4 2 42
51 1 21
8 2 3
33 2 3
53 1 57
20 2 12
9 8 44
44 1 13
15 2 12
1 2 25
3 8 21
30 8 72
1 8 34
30 1 22
51 2 72
13 8 45
5 8 3
57 2 81
19 1 32
33 1 27
9 8 11
30 8 24
3 8 19
3 8 29
23 1 24
13 2 3
20 2 73
73 1 52
20 8 23
34 1 3
3 2 37
1 5 3
57 8 73
28 2 3
1 8 45
30 1 56
4 2 1
14 8 12
8 8 10
19 8 43
53 1 72
12 8 23
2 8 40
30 8 45
10 2 8
9 2 8
19 8 27
5 1 1
19 1 3
34 1 1
11 1 43
27 8 33
82 1 73
3 2 23
76 8 73
57 1 23
19 8 22
20 2 15
51 2 52
23 1 20
8 2 13
18 1 16
48 2 72
10 8 11
11 1 1
3 2 18
44 13 58
25 2 30
21 1 4
30 8 57
3 8 14
1 2 23
20 1 19
67 8 40
23 1 53
13 1 9
39 8 23
14 1 1
1 12 3
4 8 19
39 1 23
19 1 5
58 8 23
25 1 17
3 2 25
28 1 26
45 1 3
13 2 9
8 2 9
52 2 81
43 2 1
13 8 14
20 1 21
3 2 8
3 7 1
44 1 9
29 8 21
53 1 48
21 8 41
8 8 39
25 2 23
42 8 19
45 2 44
73 2 22
32 2 5
21 1 34
22 1 21
15 8 30
56 6 45
21 1 32
23 8 44
53 1 82
12 2 20
3 8 45
22 1 19
30 8 52
44 1 25
23 8 39
15 2 44
5 8 21
21 8 58
18 2 23
5 2 3
13 2 1
10 8 44
45 1 18
22 2 73
27 2 26
11 8 15
12 1 14
24 1 30
72 1 23
30 2 18
3 2 10
32 2 4
25 1 16
72 8 53
18 2 30
21 1 29
3 8 44
15 2 39
33 1 26
44 2 15
19 8 48
1 2 13
30 1 53
10 1 8
44 1 18
3 1 5
56 8 30
56 2 20
9 2 1
26 1 19
40 1 67
73 2 20
17 2 16
10 1 1
15 1 11
82 2 57
9 2 13
52 8 73
19 1 1
5 2 42
48 8 53
45 1 9
24 8 23
1 2 9
24 2 15
44 1 3
58 1 21
9 8 14
11 1 10
? 1 github_java_program_data/41/274.java

11 8 17
22 2 12
23 1 56
1 8 67
81 2 52
2 2 67
3 2 41
23 8 67
45 13 58
27 8 28
53 8 30
13 1 3
81 8 53
14 1 10
73 1 81
41 2 1
5 2 4
57 1 30
30 1 31
20 2 22
23 1 22
41 1 19
1 8 21
3 2 5
48 8 73
14 8 15
21 8 43
45 1 1
10 8 14
1 2 10
42 8 21
17 8 25
3 8 13
23 8 52
1 8 13
53 2 56
16 8 25
1 8 34
1 8 63
10 8 45
55 2 15
56 2 79
27 1 19
15 2 73
20 2 79
1 1 25
12 2 55
23 1 44
76 8 53
73 1 51
23 1 12
57 2 72
45 1 10
57 2 82
21 8 20
12 1 11
72 8 73
4 2 5
44 2 45
21 8 27
21 8 56
33 8 34
3 8 24
21 1 1
19 8 20
15 2 12
20 2 56
44 13 56
4 2 34
52 2 51
9 2 10
58 6 45
73 1 52
42 2 4
52 1 30
51 8 53
52 2 48
53 2 15
16 2 17
21 1 42
81 1 53
73 8 23
24 2 12
67 1 23
21 8 41
30 8 52
81 2 57
21 8 26
13 1 8
41 8 11
23 8 24
11 1 41
76 2 52
48 8 55
29 1 3
53 2 79
3 5 1
30 1 58
44 2 24
22 2 55
29 1 28
32 8 21
53 1 76
53 1 52
11 1 9
30 1 15
14 1 13
52 2 82
1 7 3
52 2 76
12 2 22
76 2 81
3 8 17
20 2 53
51 8 55
73 2 12
14 1 9
23 1 79
13 2 8
12 2 24
72 2 81
15 1 14
5 2 1
30 8 39
4 2 32
24 1 23
81 8 73
12 2 73
3 1 4
45 8 23
76 2 82
11 8 16
1 2 4
30 2 25
53 2 55
30 1 79
11 1 13
1 2 18
23 8 57
30 1 73
2 1 3
43 1 21
12 2 53
23 1 45
28 8 29
40 1 2
8 8 14
16 8 18
82 8 53
1 1 18
55 1 30
23 2 18
11 8 12
53 1 51
53 2 20
22 8 30
23 1 73
41 2 3
58 1 19
44 1 30
23 8 72
8 2 3
31 2 45
12 2 15
33 2 1
19 8 56
45 1 23
1 2 43
55 2 12
48 1 19
45 1 13
31 1 18
67 1 1
18 8 45
79 2 53
25 2 30
43 2 3
79 1 30
79 2 56
1 8 11
8 8 45
45 13 56
1 2 28
41 8 14
56 1 21
26 8 28
19 8 26
19 8 58
56 2 53
11 1 3
30 1 20
52 2 57
29 8 19
28 2 1
1 2 8
45 1 30
31 8 30
26 8 33
11 1 8
52 8 53
55 2 58
5 2 29
55 8 23
45 8 30
25 1 1
3 2 28
9 8 10
10 1 3
17 8 18
53 2 12
79 2 12
55 8 30
3 8 16
13 8 11
30 1 12
43 1 19
58 8 30
82 2 72
55 1 51
23 8 45
72 2 51
8 8 44
53 8 23
45 1 3
1 8 44
3 2 30
14 8 17
30 8 55
8 2 10
13 8 44
12 8 30
56 2 73
44 8 30
1 2 33
55 2 53
4 8 21
30 8 44
29 2 5
5 2 32
19 1 34
67 1 8
39 1 3
4 1 1
21 1 3
42 2 5
12 2 79
5 2 3
44 8 23
73 1 48
28 1 27
79 1 48
15 2 53
10 2 9
43 2 1
33 1 27
10 2 8
1 8 29
73 8 82
3 2 13
17 1 14
23 1 15
48 1 21
1 8 3
34 2 4
23 1 39
10 8 44
1 1 3
25 2 1
73 8 30
81 2 76
44 1 10
26 2 27
13 1 1
30 8 76
9 8 45
3 2 63
81 2 72
51 1 19
73 1 76
45 1 25
8 8 24
26 1 21
53 8 81
9 2 8
73 2 15
3 8 39
73 1 57
39 1 30
73 8 81
57 2 52
51 8 73
76 1 23
29 1 1
3 1 1
19 1 42
76 1 30
3 8 11
63 2 3
10 2 3
79 2 20
27 1 21
8 8 67
58 2 55
21 8 51
19 1 4
72 2 82
21 8 22
14 1 41
18 2 1
18 8 24
1 1 5
3 8 10
72 1 30
23 1 58
5 8 19
8 8 11
79 8 30
8 8 13
17 1 63
56 6 44
34 2 5
18 1 17
51 2 30
48 2 30
24 1 3
1 1 4
48 2 72
56 8 23
12 8 23
34 8 19
1 2 5
67 2 2
44 1 1
44 1 8
25 8 45
1 8 10
22 2 20
4 8 3
44 1 23
10 1 1
4 2 3
3 8 34
8 2 1
21 8 48
1 8 14
18 8 44
14 1 3
15 8 23
57 8 53
34 8 21
16 1 14
19 1 29
41 1 21
52 1 23
21 1 5
73 2 53
12 2 31
72 2 48
53 1 81
22 8 23
25 2 3
17 1 3
44 2 39
5 2 34
29 2 4
14 8 16
10 2 1
18 1 16
14 1 8
20 8 30
15 2 20
11 2 14
1 8 19
3 2 43
1 11 3
56 1 19
3 2 4
16 1 11
4 2 29
1 2 23
25 8 44
4 2 42
51 1 21
30 1 45
33 2 3
53 1 57
58 1 21
44 1 13
1 2 25
3 8 21
53 2 22
82 2 52
30 8 72
23 8 31
30 2 51
30 1 22
51 2 72
23 1 55
13 8 45
5 8 3
30 8 79
57 2 81
19 1 32
73 1 72
16 1 3
9 8 11
22 2 53
19 8 41
3 8 19
3 8 29
23 1 24
20 2 73
32 8 19
20 8 23
34 1 3
1 5 3
57 8 73
28 2 3
82 2 76
1 8 45
30 1 56
4 2 1
14 8 12
23 2 25
19 8 43
53 1 72
81 1 73
2 8 40
30 8 45
13 2 3
19 8 51
19 8 27
5 1 1
8 2 9
19 1 3
34 1 1
11 1 43
20 1 19
27 8 33
82 1 73
14 1 43
76 8 73
31 1 1
57 1 23
19 8 22
20 2 15
51 2 52
23 1 20
8 2 13
14 2 11
39 1 8
48 2 52
10 8 11
11 1 1
3 2 18
21 1 4
30 8 57
30 2 48
3 8 14
3 2 33
79 8 23
67 8 40
23 1 53
1 8 31
39 8 23
1 4 3
14 1 1
1 12 3
4 8 19
18 8 31
56 8 30
63 8 17
63 1 1
58 8 23
25 1 17
3 2 25
23 8 76
28 1 26
13 2 9
24 1 8
52 2 81
18 2 3
13 8 14
20 1 21
53 2 73
3 2 8
3 7 1
3 4 1
44 1 9
29 8 21
40 1 67
1 2 41
8 8 39
25 2 23
42 8 19
45 2 44
23 2 1
15 1 11
32 2 5
21 1 34
22 1 21
73 2 22
30 1 44
30 1 55
15 8 30
56 6 45
1 14 3
21 1 32
23 8 44
53 1 82
15 2 55
3 8 45
22 1 19
34 1 33
30 2 3
55 1 48
24 1 18
44 1 25
39 2 44
19 1 5
5 8 21
21 8 58
18 2 23
43 8 14
13 2 1
43 8 11
45 1 18
22 2 73
27 2 26
12 1 14
72 2 57
72 1 23
30 2 18
31 1 23
3 2 10
32 2 4
10 1 9
25 1 16
72 8 53
18 2 30
21 1 29
3 8 44
24 2 44
33 1 26
55 2 22
45 2 31
73 2 56
19 8 48
1 2 13
30 1 53
3 8 2
44 1 18
3 1 5
31 2 12
48 8 79
18 1 1
9 2 1
26 1 19
53 1 48
73 2 20
17 2 16
45 1 8
11 8 15
82 2 57
9 2 13
52 8 73
19 1 1
5 2 42
48 8 53
45 1 9
24 8 23
17 1 11
1 2 9
56 2 20
44 1 3
9 8 44
9 8 14
11 1 10
? 1 github_java_program_data/41/287.java

39 1 1
41 2 1
81 2 52
3 2 41
23 8 67
15 2 24
27 8 28
53 8 30
23 1 56
14 1 10
73 1 81
5 2 4
57 1 30
23 1 22
41 1 19
1 8 21
3 2 5
48 8 73
45 1 1
10 8 14
1 2 10
1 8 39
42 8 21
17 8 25
3 8 13
23 8 52
1 8 13
53 2 56
16 8 25
72 2 51
10 8 45
27 1 19
23 1 44
73 1 51
23 1 12
1 7 3
45 1 10
57 2 82
13 1 3
12 1 11
72 8 73
4 2 5
44 2 45
21 8 27
21 8 56
33 8 34
3 8 24
21 1 1
19 8 20
21 8 20
20 2 56
44 13 56
4 2 34
52 2 51
9 2 10
58 6 45
32 8 19
42 2 4
52 1 30
51 8 53
52 2 48
58 6 44
33 2 1
21 1 42
81 1 53
73 8 23
18 2 3
37 2 3
1 2 41
21 8 26
41 8 11
11 1 41
76 2 52
29 1 3
3 5 1
30 1 58
39 2 45
29 1 28
32 8 21
53 1 52
11 1 9
30 1 15
45 2 39
14 1 13
81 2 57
52 2 76
37 1 1
20 2 53
14 1 9
13 2 8
1 2 4
5 2 1
4 2 32
23 2 25
25 8 24
81 8 73
3 1 4
45 8 23
11 8 16
30 2 25
82 2 72
11 1 13
1 2 18
23 8 57
30 1 73
16 2 17
23 1 45
28 8 29
8 8 14
16 8 18
82 8 53
72 2 76
23 2 18
11 8 12
53 1 51
22 8 30
23 1 73
41 2 3
58 1 19
44 1 30
23 8 72
12 2 15
19 8 56
45 1 23
1 2 43
48 1 19
45 1 13
18 8 45
34 1 33
43 2 3
1 4 3
1 8 11
45 13 56
1 2 28
41 8 14
56 1 21
26 8 28
19 8 26
19 8 58
45 13 58
56 2 53
42 2 5
11 1 3
30 1 20
52 2 57
29 8 19
28 2 1
1 2 8
45 1 30
26 8 33
11 1 8
52 8 53
5 2 29
23 2 1
3 2 28
10 1 3
17 8 18
22 8 23
13 8 11
43 1 19
58 8 30
20 2 22
23 8 45
8 8 44
56 8 23
67 1 23
1 8 44
3 4 1
14 8 17
8 2 10
13 8 44
1 14 3
22 2 58
1 2 33
4 8 21
30 8 44
73 2 53
29 2 5
5 2 32
19 1 34
67 1 8
4 1 1
21 1 3
3 8 67
3 2 33
44 8 23
73 1 48
28 1 27
14 1 41
76 2 72
10 2 9
73 1 72
1 8 2
1 8 29
73 8 82
3 2 13
17 1 14
23 1 15
48 1 21
1 8 3
19 8 51
23 1 39
43 8 11
1 1 3
25 2 1
73 8 30
22 2 56
44 1 10
26 2 27
13 1 1
67 1 3
9 8 45
56 2 22
51 1 19
73 1 76
26 1 21
53 8 81
9 8 13
39 2 15
73 1 57
57 2 52
51 8 73
2 2 67
29 1 1
3 1 1
19 1 42
24 1 25
76 1 30
3 8 11
1 1 37
27 1 21
8 8 67
21 8 51
19 1 4
72 2 82
21 8 22
18 2 1
1 1 5
3 8 10
72 1 30
23 1 58
5 8 19
8 8 11
40 1 2
53 2 20
56 6 44
34 2 5
18 1 17
24 1 3
1 1 4
53 2 73
53 8 23
34 8 19
1 2 5
67 2 2
44 1 1
44 1 8
1 8 10
2 1 1
58 2 53
22 2 20
4 8 3
44 1 23
53 2 58
4 2 3
3 8 34
8 2 1
21 8 48
58 2 22
1 8 14
18 8 44
14 1 3
15 8 23
57 8 53
34 8 21
16 1 14
19 1 29
41 1 21
52 1 23
25 8 44
5 2 34
72 2 48
10 2 3
19 8 41
25 2 3
23 2 3
48 2 52
29 2 4
14 8 16
10 2 1
39 1 8
14 1 8
30 8 76
20 8 30
15 2 20
1 8 19
3 2 43
1 11 3
56 1 19
3 2 4
16 1 11
4 2 29
34 2 4
21 1 5
4 2 42
51 1 21
8 2 3
33 2 3
53 1 57
20 2 12
9 8 44
44 1 13
15 2 12
1 2 25
3 8 21
30 8 72
1 8 34
30 1 22
51 2 72
13 8 45
5 8 3
57 2 81
19 1 32
33 1 27
9 8 11
30 8 24
3 8 19
3 8 29
23 1 24
13 2 3
20 2 73
73 1 52
20 8 23
34 1 3
3 2 37
1 5 3
57 8 73
28 2 3
1 8 45
30 1 56
4 2 1
14 8 12
8 8 10
19 8 43
53 1 72
12 8 23
2 8 40
30 8 45
10 2 8
9 2 8
19 8 27
5 1 1
19 1 3
34 1 1
11 1 43
27 8 33
82 1 73
3 2 23
76 8 73
57 1 23
19 8 22
20 2 15
51 2 52
23 1 20
8 2 13
18 1 16
48 2 72
10 8 11
11 1 1
3 2 18
44 13 58
25 2 30
21 1 4
30 8 57
3 8 14
1 2 23
20 1 19
67 8 40
23 1 53
13 1 9
39 8 23
14 1 1
1 12 3
4 8 19
39 1 23
19 1 5
58 8 23
25 1 17
3 2 25
28 1 26
45 1 3
13 2 9
8 2 9
52 2 81
43 2 1
13 8 14
20 1 21
3 2 8
3 7 1
44 1 9
29 8 21
53 1 48
21 8 41
8 8 39
25 2 23
42 8 19
45 2 44
73 2 22
32 2 5
21 1 34
22 1 21
15 8 30
56 6 45
21 1 32
23 8 44
53 1 82
12 2 20
3 8 45
22 1 19
30 8 52
44 1 25
23 8 39
15 2 44
5 8 21
21 8 58
18 2 23
5 2 3
13 2 1
10 8 44
45 1 18
22 2 73
27 2 26
11 8 15
12 1 14
24 1 30
72 1 23
30 2 18
3 2 10
32 2 4
25 1 16
72 8 53
18 2 30
21 1 29
3 8 44
15 2 39
33 1 26
44 2 15
19 8 48
1 2 13
30 1 53
10 1 8
44 1 18
3 1 5
56 8 30
56 2 20
9 2 1
26 1 19
40 1 67
73 2 20
17 2 16
10 1 1
15 1 11
82 2 57
9 2 13
52 8 73
19 1 1
5 2 42
48 8 53
45 1 9
24 8 23
1 2 9
24 2 15
44 1 3
58 1 21
9 8 14
11 1 10
? 1 github_java_program_data/41/303.java

5 8 3
40 1 6
1 8 3
6 8 40
4 2 1
3 2 5
5 2 3
1 2 5
4 8 3
3 8 6
1 2 4
5 2 1
6 1 3
4 2 3
3 1 5
3 1 1
3 2 4
3 1 4
? 1 github_java_program_data/41/31.java

39 1 1
41 2 1
81 2 52
3 2 41
23 8 67
15 2 24
27 8 28
53 8 30
23 1 56
14 1 10
73 1 81
5 2 4
57 1 30
23 1 22
41 1 19
1 8 21
3 2 5
48 8 73
45 1 1
10 8 14
1 2 10
1 8 39
42 8 21
17 8 25
3 8 13
23 8 52
1 8 13
53 2 56
16 8 25
72 2 51
10 8 45
27 1 19
23 1 44
73 1 51
23 1 12
1 7 3
45 1 10
57 2 82
13 1 3
12 1 11
72 8 73
4 2 5
44 2 45
21 8 27
21 8 56
33 8 34
3 8 24
21 1 1
19 8 20
21 8 20
20 2 56
44 13 56
4 2 34
52 2 51
9 2 10
58 6 45
32 8 19
42 2 4
52 1 30
51 8 53
52 2 48
58 6 44
33 2 1
21 1 42
81 1 53
73 8 23
18 2 3
37 2 3
1 2 41
21 8 26
41 8 11
11 1 41
76 2 52
29 1 3
3 5 1
30 1 58
39 2 45
29 1 28
32 8 21
53 1 52
11 1 9
30 1 15
45 2 39
14 1 13
81 2 57
52 2 76
37 1 1
20 2 53
14 1 9
13 2 8
1 2 4
5 2 1
4 2 32
23 2 25
25 8 24
81 8 73
3 1 4
45 8 23
11 8 16
30 2 25
82 2 72
11 1 13
1 2 18
23 8 57
30 1 73
16 2 17
23 1 45
28 8 29
8 8 14
16 8 18
82 8 53
72 2 76
23 2 18
11 8 12
53 1 51
22 8 30
23 1 73
41 2 3
58 1 19
44 1 30
23 8 72
12 2 15
19 8 56
45 1 23
1 2 43
48 1 19
45 1 13
18 8 45
34 1 33
43 2 3
1 4 3
1 8 11
45 13 56
1 2 28
41 8 14
56 1 21
26 8 28
19 8 26
19 8 58
45 13 58
56 2 53
42 2 5
11 1 3
30 1 20
52 2 57
29 8 19
28 2 1
1 2 8
45 1 30
26 8 33
11 1 8
52 8 53
5 2 29
23 2 1
3 2 28
10 1 3
17 8 18
22 8 23
13 8 11
43 1 19
58 8 30
20 2 22
23 8 45
8 8 44
56 8 23
67 1 23
1 8 44
3 4 1
14 8 17
8 2 10
13 8 44
1 14 3
22 2 58
1 2 33
4 8 21
30 8 44
73 2 53
29 2 5
5 2 32
19 1 34
67 1 8
4 1 1
21 1 3
3 8 67
3 2 33
44 8 23
73 1 48
28 1 27
14 1 41
76 2 72
10 2 9
73 1 72
1 8 2
1 8 29
73 8 82
3 2 13
17 1 14
23 1 15
48 1 21
1 8 3
19 8 51
23 1 39
43 8 11
1 1 3
25 2 1
73 8 30
22 2 56
44 1 10
26 2 27
13 1 1
67 1 3
9 8 45
56 2 22
51 1 19
73 1 76
26 1 21
53 8 81
9 8 13
39 2 15
73 1 57
57 2 52
51 8 73
2 2 67
29 1 1
3 1 1
19 1 42
24 1 25
76 1 30
3 8 11
1 1 37
27 1 21
8 8 67
21 8 51
19 1 4
72 2 82
21 8 22
18 2 1
1 1 5
3 8 10
72 1 30
23 1 58
5 8 19
8 8 11
40 1 2
53 2 20
56 6 44
34 2 5
18 1 17
24 1 3
1 1 4
53 2 73
53 8 23
34 8 19
1 2 5
67 2 2
44 1 1
44 1 8
1 8 10
2 1 1
58 2 53
22 2 20
4 8 3
44 1 23
53 2 58
4 2 3
3 8 34
8 2 1
21 8 48
58 2 22
1 8 14
18 8 44
14 1 3
15 8 23
57 8 53
34 8 21
16 1 14
19 1 29
41 1 21
52 1 23
25 8 44
5 2 34
72 2 48
10 2 3
19 8 41
25 2 3
23 2 3
48 2 52
29 2 4
14 8 16
10 2 1
39 1 8
14 1 8
30 8 76
20 8 30
15 2 20
1 8 19
3 2 43
1 11 3
56 1 19
3 2 4
16 1 11
4 2 29
34 2 4
21 1 5
4 2 42
51 1 21
8 2 3
33 2 3
53 1 57
20 2 12
9 8 44
44 1 13
15 2 12
1 2 25
3 8 21
30 8 72
1 8 34
30 1 22
51 2 72
13 8 45
5 8 3
57 2 81
19 1 32
33 1 27
9 8 11
30 8 24
3 8 19
3 8 29
23 1 24
13 2 3
20 2 73
73 1 52
20 8 23
34 1 3
3 2 37
1 5 3
57 8 73
28 2 3
1 8 45
30 1 56
4 2 1
14 8 12
8 8 10
19 8 43
53 1 72
12 8 23
2 8 40
30 8 45
10 2 8
9 2 8
19 8 27
5 1 1
19 1 3
34 1 1
11 1 43
27 8 33
82 1 73
3 2 23
76 8 73
57 1 23
19 8 22
20 2 15
51 2 52
23 1 20
8 2 13
18 1 16
48 2 72
10 8 11
11 1 1
3 2 18
44 13 58
25 2 30
21 1 4
30 8 57
3 8 14
1 2 23
20 1 19
67 8 40
23 1 53
13 1 9
39 8 23
14 1 1
1 12 3
4 8 19
39 1 23
19 1 5
58 8 23
25 1 17
3 2 25
28 1 26
45 1 3
13 2 9
8 2 9
52 2 81
43 2 1
13 8 14
20 1 21
3 2 8
3 7 1
44 1 9
29 8 21
53 1 48
21 8 41
8 8 39
25 2 23
42 8 19
45 2 44
73 2 22
32 2 5
21 1 34
22 1 21
15 8 30
56 6 45
21 1 32
23 8 44
53 1 82
12 2 20
3 8 45
22 1 19
30 8 52
44 1 25
23 8 39
15 2 44
5 8 21
21 8 58
18 2 23
5 2 3
13 2 1
10 8 44
45 1 18
22 2 73
27 2 26
11 8 15
12 1 14
24 1 30
72 1 23
30 2 18
3 2 10
32 2 4
25 1 16
72 8 53
18 2 30
21 1 29
3 8 44
15 2 39
33 1 26
44 2 15
19 8 48
1 2 13
30 1 53
10 1 8
44 1 18
3 1 5
56 8 30
56 2 20
9 2 1
26 1 19
40 1 67
73 2 20
17 2 16
10 1 1
15 1 11
82 2 57
9 2 13
52 8 73
19 1 1
5 2 42
48 8 53
45 1 9
24 8 23
1 2 9
24 2 15
44 1 3
58 1 21
9 8 14
11 1 10
? 1 github_java_program_data/41/332.java

5 8 3
40 1 6
1 8 3
6 8 40
4 2 1
3 2 5
5 2 3
1 2 5
4 8 3
3 8 6
1 2 4
5 2 1
6 1 3
4 2 3
3 1 5
3 1 1
3 2 4
3 1 4
? 1 github_java_program_data/41/350.java

5 8 3
40 1 6
1 8 3
6 8 40
4 2 1
3 2 5
5 2 3
1 2 5
4 8 3
3 8 6
1 2 4
5 2 1
6 1 3
4 2 3
3 1 5
3 1 1
3 2 4
3 1 4
? 1 github_java_program_data/41/379.java

39 1 1
41 2 1
81 2 52
3 2 41
23 8 67
15 2 24
27 8 28
53 8 30
23 1 56
14 1 10
73 1 81
5 2 4
57 1 30
23 1 22
41 1 19
1 8 21
3 2 5
48 8 73
45 1 1
10 8 14
1 2 10
1 8 39
42 8 21
17 8 25
3 8 13
23 8 52
1 8 13
53 2 56
16 8 25
72 2 51
10 8 45
27 1 19
23 1 44
73 1 51
23 1 12
1 7 3
45 1 10
57 2 82
13 1 3
12 1 11
72 8 73
4 2 5
44 2 45
21 8 27
21 8 56
33 8 34
3 8 24
21 1 1
19 8 20
21 8 20
20 2 56
44 13 56
4 2 34
52 2 51
9 2 10
58 6 45
32 8 19
42 2 4
52 1 30
51 8 53
52 2 48
58 6 44
33 2 1
21 1 42
81 1 53
73 8 23
18 2 3
37 2 3
1 2 41
21 8 26
41 8 11
11 1 41
76 2 52
29 1 3
3 5 1
30 1 58
39 2 45
29 1 28
32 8 21
53 1 52
11 1 9
30 1 15
45 2 39
14 1 13
81 2 57
52 2 76
37 1 1
20 2 53
14 1 9
13 2 8
1 2 4
5 2 1
4 2 32
23 2 25
25 8 24
81 8 73
3 1 4
45 8 23
11 8 16
30 2 25
82 2 72
11 1 13
1 2 18
23 8 57
30 1 73
16 2 17
23 1 45
28 8 29
8 8 14
16 8 18
82 8 53
72 2 76
23 2 18
11 8 12
53 1 51
22 8 30
23 1 73
41 2 3
58 1 19
44 1 30
23 8 72
12 2 15
19 8 56
45 1 23
1 2 43
48 1 19
45 1 13
18 8 45
34 1 33
43 2 3
1 4 3
1 8 11
45 13 56
1 2 28
41 8 14
56 1 21
26 8 28
19 8 26
19 8 58
45 13 58
56 2 53
42 2 5
11 1 3
30 1 20
52 2 57
29 8 19
28 2 1
1 2 8
45 1 30
26 8 33
11 1 8
52 8 53
5 2 29
23 2 1
3 2 28
10 1 3
17 8 18
22 8 23
13 8 11
43 1 19
58 8 30
20 2 22
23 8 45
8 8 44
56 8 23
67 1 23
1 8 44
3 4 1
14 8 17
8 2 10
13 8 44
1 14 3
22 2 58
1 2 33
4 8 21
30 8 44
73 2 53
29 2 5
5 2 32
19 1 34
67 1 8
4 1 1
21 1 3
3 8 67
3 2 33
44 8 23
73 1 48
28 1 27
14 1 41
76 2 72
10 2 9
73 1 72
1 8 2
1 8 29
73 8 82
3 2 13
17 1 14
23 1 15
48 1 21
1 8 3
19 8 51
23 1 39
43 8 11
1 1 3
25 2 1
73 8 30
22 2 56
44 1 10
26 2 27
13 1 1
67 1 3
9 8 45
56 2 22
51 1 19
73 1 76
26 1 21
53 8 81
9 8 13
39 2 15
73 1 57
57 2 52
51 8 73
2 2 67
29 1 1
3 1 1
19 1 42
24 1 25
76 1 30
3 8 11
1 1 37
27 1 21
8 8 67
21 8 51
19 1 4
72 2 82
21 8 22
18 2 1
1 1 5
3 8 10
72 1 30
23 1 58
5 8 19
8 8 11
40 1 2
53 2 20
56 6 44
34 2 5
18 1 17
24 1 3
1 1 4
53 2 73
53 8 23
34 8 19
1 2 5
67 2 2
44 1 1
44 1 8
1 8 10
2 1 1
58 2 53
22 2 20
4 8 3
44 1 23
53 2 58
4 2 3
3 8 34
8 2 1
21 8 48
58 2 22
1 8 14
18 8 44
14 1 3
15 8 23
57 8 53
34 8 21
16 1 14
19 1 29
41 1 21
52 1 23
25 8 44
5 2 34
72 2 48
10 2 3
19 8 41
25 2 3
23 2 3
48 2 52
29 2 4
14 8 16
10 2 1
39 1 8
14 1 8
30 8 76
20 8 30
15 2 20
1 8 19
3 2 43
1 11 3
56 1 19
3 2 4
16 1 11
4 2 29
34 2 4
21 1 5
4 2 42
51 1 21
8 2 3
33 2 3
53 1 57
20 2 12
9 8 44
44 1 13
15 2 12
1 2 25
3 8 21
30 8 72
1 8 34
30 1 22
51 2 72
13 8 45
5 8 3
57 2 81
19 1 32
33 1 27
9 8 11
30 8 24
3 8 19
3 8 29
23 1 24
13 2 3
20 2 73
73 1 52
20 8 23
34 1 3
3 2 37
1 5 3
57 8 73
28 2 3
1 8 45
30 1 56
4 2 1
14 8 12
8 8 10
19 8 43
53 1 72
12 8 23
2 8 40
30 8 45
10 2 8
9 2 8
19 8 27
5 1 1
19 1 3
34 1 1
11 1 43
27 8 33
82 1 73
3 2 23
76 8 73
57 1 23
19 8 22
20 2 15
51 2 52
23 1 20
8 2 13
18 1 16
48 2 72
10 8 11
11 1 1
3 2 18
44 13 58
25 2 30
21 1 4
30 8 57
3 8 14
1 2 23
20 1 19
67 8 40
23 1 53
13 1 9
39 8 23
14 1 1
1 12 3
4 8 19
39 1 23
19 1 5
58 8 23
25 1 17
3 2 25
28 1 26
45 1 3
13 2 9
8 2 9
52 2 81
43 2 1
13 8 14
20 1 21
3 2 8
3 7 1
44 1 9
29 8 21
53 1 48
21 8 41
8 8 39
25 2 23
42 8 19
45 2 44
73 2 22
32 2 5
21 1 34
22 1 21
15 8 30
56 6 45
21 1 32
23 8 44
53 1 82
12 2 20
3 8 45
22 1 19
30 8 52
44 1 25
23 8 39
15 2 44
5 8 21
21 8 58
18 2 23
5 2 3
13 2 1
10 8 44
45 1 18
22 2 73
27 2 26
11 8 15
12 1 14
24 1 30
72 1 23
30 2 18
3 2 10
32 2 4
25 1 16
72 8 53
18 2 30
21 1 29
3 8 44
15 2 39
33 1 26
44 2 15
19 8 48
1 2 13
30 1 53
10 1 8
44 1 18
3 1 5
56 8 30
56 2 20
9 2 1
26 1 19
40 1 67
73 2 20
17 2 16
10 1 1
15 1 11
82 2 57
9 2 13
52 8 73
19 1 1
5 2 42
48 8 53
45 1 9
24 8 23
1 2 9
24 2 15
44 1 3
58 1 21
9 8 14
11 1 10
? 1 github_java_program_data/41/390.java

5 8 3
40 1 6
1 8 3
6 8 40
4 2 1
3 2 5
5 2 3
1 2 5
4 8 3
3 8 6
1 2 4
5 2 1
6 1 3
4 2 3
3 1 5
3 1 1
3 2 4
3 1 4
? 1 github_java_program_data/41/408.java

39 1 1
41 2 1
81 2 52
3 2 41
23 8 67
15 2 24
27 8 28
53 8 30
23 1 56
14 1 10
73 1 81
5 2 4
57 1 30
23 1 22
41 1 19
1 8 21
3 2 5
48 8 73
45 1 1
10 8 14
1 2 10
1 8 39
42 8 21
17 8 25
3 8 13
23 8 52
1 8 13
53 2 56
16 8 25
72 2 51
10 8 45
27 1 19
23 1 44
73 1 51
23 1 12
1 7 3
45 1 10
57 2 82
13 1 3
12 1 11
72 8 73
4 2 5
44 2 45
21 8 27
21 8 56
33 8 34
3 8 24
21 1 1
19 8 20
21 8 20
20 2 56
44 13 56
4 2 34
52 2 51
9 2 10
58 6 45
32 8 19
42 2 4
52 1 30
51 8 53
52 2 48
58 6 44
33 2 1
21 1 42
81 1 53
73 8 23
18 2 3
37 2 3
1 2 41
21 8 26
41 8 11
11 1 41
76 2 52
29 1 3
3 5 1
30 1 58
39 2 45
29 1 28
32 8 21
53 1 52
11 1 9
30 1 15
45 2 39
14 1 13
81 2 57
52 2 76
37 1 1
20 2 53
14 1 9
13 2 8
1 2 4
5 2 1
4 2 32
23 2 25
25 8 24
81 8 73
3 1 4
45 8 23
11 8 16
30 2 25
82 2 72
11 1 13
1 2 18
23 8 57
30 1 73
16 2 17
23 1 45
28 8 29
8 8 14
16 8 18
82 8 53
72 2 76
23 2 18
11 8 12
53 1 51
22 8 30
23 1 73
41 2 3
58 1 19
44 1 30
23 8 72
12 2 15
19 8 56
45 1 23
1 2 43
48 1 19
45 1 13
18 8 45
34 1 33
43 2 3
1 4 3
1 8 11
45 13 56
1 2 28
41 8 14
56 1 21
26 8 28
19 8 26
19 8 58
45 13 58
56 2 53
42 2 5
11 1 3
30 1 20
52 2 57
29 8 19
28 2 1
1 2 8
45 1 30
26 8 33
11 1 8
52 8 53
5 2 29
23 2 1
3 2 28
10 1 3
17 8 18
22 8 23
13 8 11
43 1 19
58 8 30
20 2 22
23 8 45
8 8 44
56 8 23
67 1 23
1 8 44
3 4 1
14 8 17
8 2 10
13 8 44
1 14 3
22 2 58
1 2 33
4 8 21
30 8 44
73 2 53
29 2 5
5 2 32
19 1 34
67 1 8
4 1 1
21 1 3
3 8 67
3 2 33
44 8 23
73 1 48
28 1 27
14 1 41
76 2 72
10 2 9
73 1 72
1 8 2
1 8 29
73 8 82
3 2 13
17 1 14
23 1 15
48 1 21
1 8 3
19 8 51
23 1 39
43 8 11
1 1 3
25 2 1
73 8 30
22 2 56
44 1 10
26 2 27
13 1 1
67 1 3
9 8 45
56 2 22
51 1 19
73 1 76
26 1 21
53 8 81
9 8 13
39 2 15
73 1 57
57 2 52
51 8 73
2 2 67
29 1 1
3 1 1
19 1 42
24 1 25
76 1 30
3 8 11
1 1 37
27 1 21
8 8 67
21 8 51
19 1 4
72 2 82
21 8 22
18 2 1
1 1 5
3 8 10
72 1 30
23 1 58
5 8 19
8 8 11
40 1 2
53 2 20
56 6 44
34 2 5
18 1 17
24 1 3
1 1 4
53 2 73
53 8 23
34 8 19
1 2 5
67 2 2
44 1 1
44 1 8
1 8 10
2 1 1
58 2 53
22 2 20
4 8 3
44 1 23
53 2 58
4 2 3
3 8 34
8 2 1
21 8 48
58 2 22
1 8 14
18 8 44
14 1 3
15 8 23
57 8 53
34 8 21
16 1 14
19 1 29
41 1 21
52 1 23
25 8 44
5 2 34
72 2 48
10 2 3
19 8 41
25 2 3
23 2 3
48 2 52
29 2 4
14 8 16
10 2 1
39 1 8
14 1 8
30 8 76
20 8 30
15 2 20
1 8 19
3 2 43
1 11 3
56 1 19
3 2 4
16 1 11
4 2 29
34 2 4
21 1 5
4 2 42
51 1 21
8 2 3
33 2 3
53 1 57
20 2 12
9 8 44
44 1 13
15 2 12
1 2 25
3 8 21
30 8 72
1 8 34
30 1 22
51 2 72
13 8 45
5 8 3
57 2 81
19 1 32
33 1 27
9 8 11
30 8 24
3 8 19
3 8 29
23 1 24
13 2 3
20 2 73
73 1 52
20 8 23
34 1 3
3 2 37
1 5 3
57 8 73
28 2 3
1 8 45
30 1 56
4 2 1
14 8 12
8 8 10
19 8 43
53 1 72
12 8 23
2 8 40
30 8 45
10 2 8
9 2 8
19 8 27
5 1 1
19 1 3
34 1 1
11 1 43
27 8 33
82 1 73
3 2 23
76 8 73
57 1 23
19 8 22
20 2 15
51 2 52
23 1 20
8 2 13
18 1 16
48 2 72
10 8 11
11 1 1
3 2 18
44 13 58
25 2 30
21 1 4
30 8 57
3 8 14
1 2 23
20 1 19
67 8 40
23 1 53
13 1 9
39 8 23
14 1 1
1 12 3
4 8 19
39 1 23
19 1 5
58 8 23
25 1 17
3 2 25
28 1 26
45 1 3
13 2 9
8 2 9
52 2 81
43 2 1
13 8 14
20 1 21
3 2 8
3 7 1
44 1 9
29 8 21
53 1 48
21 8 41
8 8 39
25 2 23
42 8 19
45 2 44
73 2 22
32 2 5
21 1 34
22 1 21
15 8 30
56 6 45
21 1 32
23 8 44
53 1 82
12 2 20
3 8 45
22 1 19
30 8 52
44 1 25
23 8 39
15 2 44
5 8 21
21 8 58
18 2 23
5 2 3
13 2 1
10 8 44
45 1 18
22 2 73
27 2 26
11 8 15
12 1 14
24 1 30
72 1 23
30 2 18
3 2 10
32 2 4
25 1 16
72 8 53
18 2 30
21 1 29
3 8 44
15 2 39
33 1 26
44 2 15
19 8 48
1 2 13
30 1 53
10 1 8
44 1 18
3 1 5
56 8 30
56 2 20
9 2 1
26 1 19
40 1 67
73 2 20
17 2 16
10 1 1
15 1 11
82 2 57
9 2 13
52 8 73
19 1 1
5 2 42
48 8 53
45 1 9
24 8 23
1 2 9
24 2 15
44 1 3
58 1 21
9 8 14
11 1 10
? 1 github_java_program_data/41/419.java

11 8 17
22 2 12
14 8 16
41 2 1
81 2 52
3 2 41
27 8 28
53 8 30
18 8 83
14 1 10
73 1 81
23 1 22
41 1 19
1 8 21
3 2 5
14 8 15
21 8 43
83 8 84
10 8 14
1 2 10
1 8 39
42 8 21
3 8 13
23 8 52
1 8 13
1 2 38
16 8 25
23 1 84
5 2 29
44 8 23
27 1 19
15 2 73
12 2 55
23 1 44
76 8 53
73 1 51
23 1 12
45 1 10
13 1 3
12 8 30
44 2 45
3 8 7
21 8 27
89 8 90
33 8 34
21 1 1
90 1 89
16 1 11
21 8 20
4 2 34
52 2 51
9 2 10
73 1 52
42 2 4
52 1 30
51 8 53
16 2 17
90 8 30
21 1 42
81 1 53
40 1 7
37 2 3
1 2 41
21 8 26
21 8 22
11 1 41
76 2 52
48 8 55
29 1 3
3 5 1
29 1 28
32 8 21
53 1 76
53 1 52
14 1 13
52 2 76
37 1 1
3 1 38
82 8 73
30 1 15
15 1 14
5 2 1
83 1 18
81 8 73
3 1 4
45 8 23
11 8 16
1 2 4
30 2 25
11 1 13
23 2 83
1 2 18
23 8 57
30 1 73
43 1 21
23 1 45
28 8 29
16 8 18
27 1 21
55 1 30
39 2 6
23 2 18
11 8 12
34 2 5
45 1 1
22 8 30
29 2 4
41 2 3
4 2 29
14 8 17
33 2 1
1 5 3
1 2 43
55 2 12
48 1 19
81 2 57
34 1 33
22 1 19
1 4 3
1 8 11
1 8 6
8 8 45
1 2 28
41 8 14
12 2 22
26 8 28
11 1 3
29 8 19
28 2 1
1 2 8
45 1 30
30 8 83
52 8 53
40 1 6
55 8 23
3 2 28
10 1 3
17 8 18
13 8 11
30 1 12
43 1 19
20 2 22
30 1 20
40 1 39
1 8 44
12 2 15
30 8 55
7 8 40
19 8 26
1 14 3
1 2 33
4 8 21
29 2 5
19 1 34
4 1 1
21 1 3
42 2 5
43 8 14
10 8 45
12 1 11
28 1 27
14 1 41
10 2 9
33 1 27
1 8 29
19 1 29
3 2 13
17 1 14
23 1 15
48 1 21
1 8 3
34 2 4
43 8 11
1 1 3
25 2 1
73 8 30
26 2 27
13 1 1
9 8 45
38 1 19
44 1 23
52 2 81
19 8 38
45 1 25
26 1 21
53 8 81
9 2 8
73 2 15
18 2 23
7 2 6
73 1 57
83 2 23
51 8 73
76 1 23
89 2 30
29 1 1
3 1 1
19 1 42
39 8 40
3 8 11
1 1 37
6 1 3
21 8 51
19 1 4
41 8 11
18 2 1
1 1 5
3 8 10
72 1 30
5 8 19
19 8 48
30 8 90
18 1 17
48 2 30
1 1 4
48 2 72
34 8 19
1 2 5
44 1 1
25 8 45
1 8 10
22 2 20
4 8 3
51 1 19
4 2 3
3 8 34
21 8 48
1 8 14
18 8 44
14 1 3
90 1 30
39 1 1
15 8 23
82 2 81
8 2 1
34 8 21
23 8 84
16 1 14
73 8 82
41 1 21
52 1 23
21 1 5
72 2 48
19 8 41
38 2 1
5 2 34
3 4 1
11 1 43
10 2 1
18 1 16
20 8 30
15 2 20
1 8 19
3 2 43
1 11 3
25 8 89
13 2 1
19 8 20
4 2 42
51 1 21
33 2 3
10 8 11
14 1 43
15 2 12
3 8 21
30 8 72
1 8 34
30 1 22
23 1 55
5 8 3
57 2 81
19 1 32
22 8 23
3 8 19
3 8 29
32 8 19
20 8 23
34 1 3
3 2 37
57 8 73
28 2 3
1 8 45
84 8 23
23 2 1
4 2 1
14 8 12
19 8 43
53 1 72
12 8 23
30 8 45
13 2 3
19 8 51
19 8 27
5 1 1
19 1 3
34 1 1
23 2 25
27 8 33
73 1 82
82 1 73
57 1 23
19 8 22
20 2 15
51 2 52
23 1 20
89 1 25
39 1 8
20 2 12
11 1 1
25 2 30
21 1 4
30 2 48
84 1 83
3 8 14
1 2 23
20 1 19
7 1 3
6 1 1
14 1 1
1 12 3
4 8 19
39 1 23
19 1 5
1 2 25
81 2 82
23 8 76
28 1 26
8 2 9
43 2 1
6 2 39
13 8 14
20 1 21
3 7 1
44 1 9
29 8 21
6 2 7
21 8 41
8 8 39
25 2 23
42 8 19
45 2 44
15 1 11
21 1 34
22 1 21
15 8 30
21 1 32
23 8 44
83 1 30
12 2 20
43 2 3
30 8 52
5 2 3
55 1 48
26 8 33
52 8 73
5 8 21
3 2 33
3 2 4
10 8 44
44 1 10
89 1 23
30 2 89
27 2 26
12 1 14
3 8 6
30 2 18
3 2 10
5 2 42
25 1 16
72 8 53
18 2 30
21 1 29
10 2 3
33 1 26
84 1 23
6 8 40
38 8 3
45 1 9
1 2 13
30 1 53
53 1 51
44 1 18
3 1 5
26 1 19
53 1 48
17 2 16
10 1 1
11 8 15
23 8 39
19 1 1
30 1 90
48 8 53
23 8 89
17 1 11
45 1 8
9 8 44
11 1 10
? 1 github_java_program_data/41/431.java

5 8 3
40 1 6
1 8 3
6 8 40
4 2 1
3 2 5
5 2 3
1 2 5
4 8 3
3 8 6
1 2 4
5 2 1
6 1 3
4 2 3
3 1 5
3 1 1
3 2 4
3 1 4
? 1 github_java_program_data/41/437.java

5 8 3
40 1 6
1 8 3
6 8 40
4 2 1
3 2 5
5 2 3
1 2 5
4 8 3
3 8 6
1 2 4
5 2 1
6 1 3
4 2 3
3 1 5
3 1 1
3 2 4
3 1 4
? 1 github_java_program_data/41/466.java

39 1 1
41 2 1
81 2 52
3 2 41
23 8 67
15 2 24
27 8 28
53 8 30
23 1 56
14 1 10
73 1 81
5 2 4
57 1 30
23 1 22
41 1 19
1 8 21
3 2 5
48 8 73
45 1 1
10 8 14
1 2 10
1 8 39
42 8 21
17 8 25
3 8 13
23 8 52
1 8 13
53 2 56
16 8 25
72 2 51
10 8 45
27 1 19
23 1 44
73 1 51
23 1 12
1 7 3
45 1 10
57 2 82
13 1 3
12 1 11
72 8 73
4 2 5
44 2 45
21 8 27
21 8 56
33 8 34
3 8 24
21 1 1
19 8 20
21 8 20
20 2 56
44 13 56
4 2 34
52 2 51
9 2 10
58 6 45
32 8 19
42 2 4
52 1 30
51 8 53
52 2 48
58 6 44
33 2 1
21 1 42
81 1 53
73 8 23
18 2 3
37 2 3
1 2 41
21 8 26
41 8 11
11 1 41
76 2 52
29 1 3
3 5 1
30 1 58
39 2 45
29 1 28
32 8 21
53 1 52
11 1 9
30 1 15
45 2 39
14 1 13
81 2 57
52 2 76
37 1 1
20 2 53
14 1 9
13 2 8
1 2 4
5 2 1
4 2 32
23 2 25
25 8 24
81 8 73
3 1 4
45 8 23
11 8 16
30 2 25
82 2 72
11 1 13
1 2 18
23 8 57
30 1 73
16 2 17
23 1 45
28 8 29
8 8 14
16 8 18
82 8 53
72 2 76
23 2 18
11 8 12
53 1 51
22 8 30
23 1 73
41 2 3
58 1 19
44 1 30
23 8 72
12 2 15
19 8 56
45 1 23
1 2 43
48 1 19
45 1 13
18 8 45
34 1 33
43 2 3
1 4 3
1 8 11
45 13 56
1 2 28
41 8 14
56 1 21
26 8 28
19 8 26
19 8 58
45 13 58
56 2 53
42 2 5
11 1 3
30 1 20
52 2 57
29 8 19
28 2 1
1 2 8
45 1 30
26 8 33
11 1 8
52 8 53
5 2 29
23 2 1
3 2 28
10 1 3
17 8 18
22 8 23
13 8 11
43 1 19
58 8 30
20 2 22
23 8 45
8 8 44
56 8 23
67 1 23
1 8 44
3 4 1
14 8 17
8 2 10
13 8 44
1 14 3
22 2 58
1 2 33
4 8 21
30 8 44
73 2 53
29 2 5
5 2 32
19 1 34
67 1 8
4 1 1
21 1 3
3 8 67
3 2 33
44 8 23
73 1 48
28 1 27
14 1 41
76 2 72
10 2 9
73 1 72
1 8 2
1 8 29
73 8 82
3 2 13
17 1 14
23 1 15
48 1 21
1 8 3
19 8 51
23 1 39
43 8 11
1 1 3
25 2 1
73 8 30
22 2 56
44 1 10
26 2 27
13 1 1
67 1 3
9 8 45
56 2 22
51 1 19
73 1 76
26 1 21
53 8 81
9 8 13
39 2 15
73 1 57
57 2 52
51 8 73
2 2 67
29 1 1
3 1 1
19 1 42
24 1 25
76 1 30
3 8 11
1 1 37
27 1 21
8 8 67
21 8 51
19 1 4
72 2 82
21 8 22
18 2 1
1 1 5
3 8 10
72 1 30
23 1 58
5 8 19
8 8 11
40 1 2
53 2 20
56 6 44
34 2 5
18 1 17
24 1 3
1 1 4
53 2 73
53 8 23
34 8 19
1 2 5
67 2 2
44 1 1
44 1 8
1 8 10
2 1 1
58 2 53
22 2 20
4 8 3
44 1 23
53 2 58
4 2 3
3 8 34
8 2 1
21 8 48
58 2 22
1 8 14
18 8 44
14 1 3
15 8 23
57 8 53
34 8 21
16 1 14
19 1 29
41 1 21
52 1 23
25 8 44
5 2 34
72 2 48
10 2 3
19 8 41
25 2 3
23 2 3
48 2 52
29 2 4
14 8 16
10 2 1
39 1 8
14 1 8
30 8 76
20 8 30
15 2 20
1 8 19
3 2 43
1 11 3
56 1 19
3 2 4
16 1 11
4 2 29
34 2 4
21 1 5
4 2 42
51 1 21
8 2 3
33 2 3
53 1 57
20 2 12
9 8 44
44 1 13
15 2 12
1 2 25
3 8 21
30 8 72
1 8 34
30 1 22
51 2 72
13 8 45
5 8 3
57 2 81
19 1 32
33 1 27
9 8 11
30 8 24
3 8 19
3 8 29
23 1 24
13 2 3
20 2 73
73 1 52
20 8 23
34 1 3
3 2 37
1 5 3
57 8 73
28 2 3
1 8 45
30 1 56
4 2 1
14 8 12
8 8 10
19 8 43
53 1 72
12 8 23
2 8 40
30 8 45
10 2 8
9 2 8
19 8 27
5 1 1
19 1 3
34 1 1
11 1 43
27 8 33
82 1 73
3 2 23
76 8 73
57 1 23
19 8 22
20 2 15
51 2 52
23 1 20
8 2 13
18 1 16
48 2 72
10 8 11
11 1 1
3 2 18
44 13 58
25 2 30
21 1 4
30 8 57
3 8 14
1 2 23
20 1 19
67 8 40
23 1 53
13 1 9
39 8 23
14 1 1
1 12 3
4 8 19
39 1 23
19 1 5
58 8 23
25 1 17
3 2 25
28 1 26
45 1 3
13 2 9
8 2 9
52 2 81
43 2 1
13 8 14
20 1 21
3 2 8
3 7 1
44 1 9
29 8 21
53 1 48
21 8 41
8 8 39
25 2 23
42 8 19
45 2 44
73 2 22
32 2 5
21 1 34
22 1 21
15 8 30
56 6 45
21 1 32
23 8 44
53 1 82
12 2 20
3 8 45
22 1 19
30 8 52
44 1 25
23 8 39
15 2 44
5 8 21
21 8 58
18 2 23
5 2 3
13 2 1
10 8 44
45 1 18
22 2 73
27 2 26
11 8 15
12 1 14
24 1 30
72 1 23
30 2 18
3 2 10
32 2 4
25 1 16
72 8 53
18 2 30
21 1 29
3 8 44
15 2 39
33 1 26
44 2 15
19 8 48
1 2 13
30 1 53
10 1 8
44 1 18
3 1 5
56 8 30
56 2 20
9 2 1
26 1 19
40 1 67
73 2 20
17 2 16
10 1 1
15 1 11
82 2 57
9 2 13
52 8 73
19 1 1
5 2 42
48 8 53
45 1 9
24 8 23
1 2 9
24 2 15
44 1 3
58 1 21
9 8 14
11 1 10
? 1 github_java_program_data/41/477.java

11 8 17
22 2 12
14 8 16
1 8 67
81 2 52
3 2 41
39 2 45
27 8 28
53 8 30
39 1 1
14 1 10
73 1 81
41 2 1
30 1 99
5 2 4
57 1 30
23 1 22
41 1 19
1 8 21
3 2 5
48 8 73
14 8 15
21 8 43
45 1 1
10 8 14
1 2 10
1 8 39
24 1 9
17 8 25
3 8 13
23 8 52
1 8 13
53 2 56
16 8 25
100 2 12
1 8 63
10 8 45
55 2 15
27 1 19
1 1 25
76 8 53
73 1 51
23 1 12
10 2 9
1 7 3
45 1 10
13 1 3
12 1 11
72 8 73
4 2 5
44 2 45
21 8 27
33 8 34
21 1 1
16 1 11
15 2 12
20 2 56
44 13 56
4 2 34
52 2 51
9 2 10
58 6 45
32 8 19
42 2 4
30 8 67
52 1 30
51 8 53
58 6 44
16 2 17
9 8 39
21 1 42
63 8 17
73 8 23
24 2 12
18 2 3
55 1 23
21 8 41
30 8 52
21 8 26
13 1 8
21 8 22
23 8 24
11 1 41
48 8 55
29 1 3
3 5 1
30 1 58
20 2 99
29 1 28
32 8 21
53 1 76
53 1 52
30 1 39
11 1 9
45 2 39
14 1 13
81 2 57
76 2 81
3 8 17
44 2 12
14 1 9
12 2 24
13 2 8
15 1 14
5 2 1
72 1 30
81 8 53
99 2 20
24 1 23
25 8 24
30 8 39
3 1 4
10 2 3
1 2 37
11 8 16
1 2 4
11 1 13
1 2 18
30 1 73
19 1 4
43 1 21
8 8 44
28 8 29
15 2 22
8 8 14
16 8 18
82 8 53
1 1 18
23 2 18
11 8 12
53 1 51
22 8 30
23 1 73
41 2 3
20 8 23
44 1 30
23 8 72
12 2 15
33 2 1
19 8 56
45 1 23
1 2 43
48 1 19
19 8 27
67 1 1
18 8 45
25 2 30
43 2 3
1 4 3
1 8 11
8 8 45
45 13 56
1 2 28
42 8 21
41 8 14
12 2 22
26 8 28
13 8 44
19 8 58
58 2 22
11 1 3
9 2 3
29 8 19
28 2 1
1 2 8
45 1 30
26 8 33
11 1 8
52 8 53
55 2 58
5 2 29
30 2 1
4 2 32
45 8 30
25 1 1
3 2 28
9 8 10
10 1 3
17 8 18
39 1 9
22 8 23
55 8 30
3 8 16
13 8 11
30 1 12
53 2 73
58 8 30
20 2 22
23 8 45
9 8 24
45 1 3
30 1 15
3 4 1
14 8 17
8 2 10
19 8 26
12 8 30
22 2 58
53 1 72
99 2 15
1 2 33
30 1 20
81 1 73
58 2 20
53 1 48
29 2 5
5 2 32
19 1 34
67 1 8
4 1 1
21 1 3
42 2 5
5 2 3
24 1 1
73 1 48
28 1 27
14 1 41
39 8 30
15 2 99
99 8 30
30 1 45
13 2 3
1 8 29
19 1 29
3 2 13
17 1 14
48 1 21
1 8 3
9 2 8
10 8 44
1 1 3
25 2 1
23 8 55
73 8 30
24 8 30
52 2 82
73 1 72
13 1 1
30 8 76
9 8 45
3 2 63
58 8 23
52 2 81
45 1 25
26 1 21
53 8 81
18 2 23
73 1 57
39 1 30
73 8 81
51 8 73
29 1 1
3 1 1
19 1 42
23 1 56
24 1 25
76 1 30
3 8 11
63 2 3
99 2 100
27 1 21
8 8 67
58 2 55
100 1 19
53 8 82
21 8 51
81 1 53
41 8 11
18 2 1
1 1 5
3 8 10
21 8 20
23 1 58
1 8 44
5 8 19
8 8 11
8 8 13
72 1 23
19 8 99
56 6 44
34 2 5
18 1 17
99 1 19
22 2 15
1 1 4
48 2 72
1 2 30
56 8 23
34 8 19
1 2 5
44 1 1
44 1 8
25 8 45
1 8 10
22 2 20
4 8 3
51 1 19
45 13 58
10 1 1
4 2 3
3 8 34
21 8 48
1 8 14
18 8 44
14 1 3
82 2 81
8 2 1
34 8 21
16 1 14
23 2 48
82 1 53
41 1 21
52 1 23
25 8 44
73 2 53
72 2 48
53 1 81
19 8 41
25 2 3
17 1 3
44 2 39
5 2 34
29 2 4
11 1 43
10 2 1
18 1 16
14 1 8
20 8 30
30 8 44
11 2 14
1 8 19
100 2 99
3 2 43
32 2 4
56 1 19
44 1 23
13 2 1
45 1 18
19 8 100
34 2 4
21 1 5
4 2 42
51 1 21
8 2 3
33 2 3
12 2 44
58 1 21
44 1 13
3 8 21
82 2 52
30 8 72
1 8 34
30 1 22
81 8 73
13 8 45
5 8 3
57 2 81
19 1 32
33 1 27
16 1 3
9 8 11
19 8 20
3 8 19
3 8 29
48 2 23
73 1 52
58 1 19
34 1 3
1 5 3
57 8 73
28 2 3
1 8 45
30 1 56
4 2 1
14 8 12
4 8 21
99 8 23
44 8 30
12 8 23
30 8 45
10 2 8
19 8 51
45 1 13
26 2 27
5 1 1
19 1 3
3 1 37
34 1 1
23 2 25
27 8 33
14 1 43
30 2 25
19 8 22
51 2 52
23 1 20
8 2 13
14 2 11
10 8 11
11 1 1
3 2 18
44 13 58
23 1 99
21 1 4
30 8 57
3 8 14
3 2 33
20 1 19
37 2 1
67 8 40
14 1 1
1 12 3
4 8 19
19 1 5
63 1 1
1 2 25
25 1 17
3 2 25
28 1 26
13 2 9
8 2 9
23 1 100
43 2 1
13 8 14
20 1 21
3 2 9
3 2 8
3 7 1
44 1 9
29 8 21
40 1 67
1 2 41
25 2 23
42 8 19
45 2 44
73 2 22
32 2 5
21 1 34
22 1 21
81 2 76
30 1 44
30 1 55
15 8 30
56 6 45
1 14 3
21 1 32
23 8 44
1 11 3
53 1 82
15 2 55
3 8 45
22 1 19
34 1 33
30 1 24
55 1 48
44 1 25
67 1 30
5 8 21
21 8 58
43 8 14
3 2 4
43 8 11
44 1 10
22 2 73
56 2 53
27 2 26
20 2 58
11 8 15
12 1 14
17 1 63
30 2 18
3 2 10
81 2 82
10 1 9
25 1 16
72 8 53
18 2 30
21 1 29
3 8 44
33 1 26
100 8 23
37 8 3
12 2 100
19 8 48
1 2 13
30 1 53
4 2 29
44 1 18
3 1 5
39 2 44
56 8 30
18 1 1
9 2 1
26 1 19
1 8 24
17 2 16
45 1 8
15 1 11
9 2 13
52 8 73
19 1 1
5 2 42
48 8 53
45 1 9
17 1 11
1 2 9
56 2 20
44 1 3
9 8 44
9 8 14
11 1 10
? 1 github_java_program_data/41/484.java

5 8 3
40 1 6
1 8 3
6 8 40
4 2 1
3 2 5
5 2 3
1 2 5
4 8 3
3 8 6
1 2 4
5 2 1
6 1 3
4 2 3
3 1 5
3 1 1
3 2 4
3 1 4
? 1 github_java_program_data/41/495.java

11 8 17
22 2 12
14 8 16
1 8 67
81 2 52
3 2 41
63 1 3
20 2 73
27 8 28
53 8 30
81 8 53
14 1 10
3 8 27
73 1 81
41 2 1
97 2 5
120 8 30
57 1 30
31 2 24
30 1 31
20 2 22
23 1 22
41 1 19
72 2 57
1 8 21
3 2 5
48 8 73
23 8 67
14 8 15
21 8 43
45 1 1
23 8 72
1 2 10
1 8 39
42 8 21
17 8 25
3 8 13
23 8 52
24 8 30
1 8 13
51 8 79
16 8 25
72 2 51
17 1 96
96 1 3
10 8 45
55 2 15
1 8 27
27 1 19
15 2 73
20 2 79
33 1 1
3 2 96
23 1 44
76 8 53
73 1 51
64 8 16
57 2 72
45 1 10
13 1 3
12 8 30
72 8 73
4 2 5
44 2 45
3 8 7
21 8 27
21 8 56
72 2 48
33 8 34
21 1 1
44 1 3
67 2 7
19 8 20
21 8 20
44 13 56
4 2 34
52 2 51
9 2 10
58 6 45
32 8 19
42 2 4
52 1 30
21 8 51
96 2 3
23 2 3
53 2 15
33 2 1
9 8 39
21 1 42
63 8 17
73 8 23
24 2 12
67 1 23
1 8 80
26 1 1
21 8 41
12 2 86
45 2 44
97 2 4
21 8 26
3 8 26
21 8 22
23 8 24
11 1 41
34 1 28
76 2 52
48 8 55
29 1 3
3 5 1
34 2 5
30 1 58
44 2 24
23 2 1
29 1 28
3 8 63
32 8 21
53 1 76
53 1 52
11 1 9
14 1 13
3 8 86
81 2 57
3 2 80
52 2 76
12 2 22
76 2 81
40 1 7
3 8 17
20 2 53
82 8 73
23 1 79
13 2 8
12 2 24
72 2 81
15 1 14
5 2 1
72 1 30
30 8 39
4 2 32
24 1 23
25 8 24
81 8 73
58 2 73
3 1 4
45 8 23
76 2 82
5 8 19
11 8 16
1 2 4
30 2 25
82 2 72
52 2 57
11 1 13
27 1 1
23 8 57
30 1 73
43 1 21
12 2 53
16 2 17
23 1 45
28 8 29
15 2 22
1 2 41
23 8 86
86 1 3
82 8 53
12 2 120
55 1 30
72 2 76
23 2 18
11 8 12
53 1 51
53 2 20
45 2 24
53 2 56
22 8 30
23 1 73
41 2 3
20 8 23
44 1 30
10 8 14
1 2 33
3 1 18
19 8 56
45 1 23
1 2 43
48 1 19
45 1 13
14 8 23
31 1 18
67 1 1
18 8 45
34 1 33
43 2 3
79 1 30
1 4 3
97 1 51
1 8 11
8 2 10
8 8 45
7 2 67
1 2 28
41 8 14
56 1 21
26 8 28
13 8 44
19 8 58
45 13 58
16 1 80
42 2 5
11 1 3
30 1 20
16 1 11
29 8 19
28 2 1
1 2 8
45 1 30
79 2 22
31 8 30
26 8 33
11 8 23
52 8 53
5 2 29
55 8 23
45 8 30
25 1 1
3 2 28
30 2 1
10 1 3
17 8 18
39 1 9
22 8 23
3 8 16
13 8 11
30 1 12
43 1 19
58 8 30
1 2 5
23 8 45
53 2 73
81 2 76
8 8 44
56 8 23
45 1 3
30 1 15
3 4 1
14 8 17
30 8 55
7 8 40
3 8 96
19 8 26
1 14 3
44 8 30
11 2 14
4 8 21
81 1 73
73 2 53
29 2 5
5 2 32
5 2 4
19 1 34
28 1 1
86 2 12
56 2 53
53 2 12
4 1 1
21 1 3
1 2 18
5 2 3
44 1 1
12 1 11
73 1 48
28 1 27
14 1 41
24 2 45
15 2 53
76 2 72
10 2 9
33 1 27
10 2 8
1 8 29
73 8 82
3 2 13
17 1 14
23 1 15
48 1 21
1 8 3
34 2 4
23 1 39
43 8 11
1 1 3
25 2 1
58 2 53
73 8 30
71 8 23
52 2 82
26 2 27
13 1 1
30 8 76
21 1 34
33 8 3
81 2 72
1 1 25
73 1 76
8 8 24
26 1 21
30 8 44
9 2 8
73 2 15
18 2 23
72 1 21
7 2 6
73 1 57
39 1 30
73 8 81
57 2 52
51 8 73
76 1 23
28 8 3
29 1 1
3 1 1
23 1 12
23 1 56
24 1 25
76 1 30
3 8 11
63 2 3
10 2 3
79 2 20
27 1 21
8 8 67
53 8 82
6 1 3
51 8 53
86 8 23
19 1 4
72 2 82
27 8 33
41 8 11
19 8 76
18 2 1
18 8 24
29 1 33
1 1 5
3 8 10
1 8 64
23 1 58
1 8 44
1 1 28
3 2 23
72 1 23
30 8 31
56 6 44
21 8 72
18 1 17
51 2 30
48 2 30
22 2 15
1 1 4
48 2 72
3 2 10
53 8 23
34 8 19
86 1 23
21 1 97
24 1 1
44 1 8
120 1 3
74 2 22
1 8 10
30 1 74
22 2 20
4 8 3
51 1 19
53 2 58
1 7 3
3 2 64
27 1 3
52 2 48
3 8 34
8 2 1
21 8 48
1 8 14
28 8 34
14 1 3
73 2 58
39 1 1
15 8 23
82 2 81
57 8 53
34 8 21
16 1 14
19 1 29
80 8 16
82 1 53
41 1 21
52 1 23
21 1 5
5 2 34
12 2 31
51 2 52
3 8 44
19 8 41
3 2 63
40 1 67
17 1 3
44 2 39
97 1 76
18 2 3
29 2 4
11 1 43
10 2 1
79 1 51
18 1 16
20 8 30
76 8 97
1 8 19
3 2 43
120 2 12
67 1 8
1 11 3
56 1 19
44 1 23
44 8 23
45 1 18
4 2 29
1 2 23
96 8 17
5 2 97
25 8 44
40 1 6
51 1 21
30 1 45
33 2 3
53 1 57
20 2 12
58 1 21
44 1 13
26 1 3
4 2 42
1 2 25
3 8 21
53 2 22
22 2 79
82 2 52
30 8 72
1 8 34
30 2 51
30 1 22
51 2 72
23 1 55
13 8 45
5 8 3
30 8 79
57 2 81
19 1 32
73 1 72
16 1 3
9 8 11
30 8 24
3 8 19
4 2 97
3 8 29
23 1 24
25 2 3
73 1 52
15 2 12
58 1 19
34 1 3
1 5 3
57 8 73
28 2 3
82 2 76
1 8 45
30 1 56
4 2 1
14 8 12
19 8 43
53 1 72
12 8 23
30 8 45
13 2 3
19 8 51
19 8 27
31 1 30
6 2 7
48 2 52
5 1 1
8 2 9
19 1 3
1 12 3
34 1 1
23 2 25
79 8 23
1 8 26
73 1 82
82 1 73
14 1 43
76 8 73
31 1 1
57 1 23
19 8 22
16 8 18
97 8 21
14 2 11
23 1 20
16 1 64
39 1 8
76 1 19
10 8 11
11 1 1
3 2 18
44 13 58
25 2 30
21 1 4
30 8 57
30 2 48
23 1 86
3 8 14
3 2 33
20 1 19
23 1 11
7 1 3
67 8 40
23 1 53
1 8 31
30 1 120
39 8 23
71 2 20
15 2 20
24 2 31
14 1 1
64 2 3
4 8 19
18 8 31
19 1 5
18 8 3
58 8 23
25 1 17
3 2 25
23 8 76
28 1 26
58 6 44
13 2 9
24 1 8
52 2 81
43 2 1
13 8 14
20 1 21
3 7 1
44 1 9
29 8 21
1 1 33
1 8 24
27 2 26
8 8 39
25 2 23
42 8 19
33 8 29
45 13 56
15 1 11
32 2 5
23 1 71
22 1 21
73 2 22
30 1 44
20 2 71
15 8 30
56 6 45
21 1 32
23 8 44
53 1 82
12 2 20
15 2 55
3 8 45
22 1 19
30 8 52
30 1 24
55 1 48
24 1 18
44 1 25
80 1 1
39 2 44
3 1 33
5 8 21
21 8 58
43 8 14
3 2 4
20 2 15
51 8 97
10 8 44
44 1 10
72 8 97
13 2 1
12 2 15
22 2 73
97 1 72
4 2 3
81 2 82
12 1 14
3 8 6
24 1 30
17 1 63
30 2 18
64 1 1
23 8 120
32 2 4
22 2 53
25 1 16
72 8 53
18 2 30
21 1 29
53 1 81
24 2 44
120 1 23
33 1 26
6 8 40
81 1 53
19 8 48
1 2 13
30 1 53
3 1 28
3 8 120
53 8 81
8 2 13
3 1 5
31 2 12
1 2 30
56 8 30
9 2 1
26 1 19
53 1 48
73 2 20
17 2 16
10 1 1
11 8 15
9 2 13
52 8 73
80 2 3
74 8 30
19 1 1
5 2 42
48 8 53
22 2 74
24 8 23
17 1 11
1 2 9
19 1 42
45 1 8
9 8 44
23 1 14
11 1 10
? 1 github_java_program_data/41/511.java

5 8 3
40 1 6
1 8 3
6 8 40
4 2 1
3 2 5
5 2 3
1 2 5
4 8 3
3 8 6
1 2 4
5 2 1
6 1 3
4 2 3
3 1 5
3 1 1
3 2 4
3 1 4
? 1 github_java_program_data/41/524.java

5 8 3
40 1 6
1 8 3
6 8 40
4 2 1
3 2 5
5 2 3
1 2 5
4 8 3
3 8 6
1 2 4
5 2 1
6 1 3
4 2 3
3 1 5
3 1 1
3 2 4
3 1 4
? 1 github_java_program_data/41/553.java

39 1 1
41 2 1
81 2 52
3 2 41
23 8 67
15 2 24
27 8 28
53 8 30
23 1 56
14 1 10
73 1 81
5 2 4
57 1 30
23 1 22
41 1 19
1 8 21
3 2 5
48 8 73
45 1 1
10 8 14
1 2 10
1 8 39
42 8 21
17 8 25
3 8 13
23 8 52
1 8 13
53 2 56
16 8 25
72 2 51
10 8 45
27 1 19
23 1 44
73 1 51
23 1 12
1 7 3
45 1 10
57 2 82
13 1 3
12 1 11
72 8 73
4 2 5
44 2 45
21 8 27
21 8 56
33 8 34
3 8 24
21 1 1
19 8 20
21 8 20
20 2 56
44 13 56
4 2 34
52 2 51
9 2 10
58 6 45
32 8 19
42 2 4
52 1 30
51 8 53
52 2 48
58 6 44
33 2 1
21 1 42
81 1 53
73 8 23
18 2 3
37 2 3
1 2 41
21 8 26
41 8 11
11 1 41
76 2 52
29 1 3
3 5 1
30 1 58
39 2 45
29 1 28
32 8 21
53 1 52
11 1 9
30 1 15
45 2 39
14 1 13
81 2 57
52 2 76
37 1 1
20 2 53
14 1 9
13 2 8
1 2 4
5 2 1
4 2 32
23 2 25
25 8 24
81 8 73
3 1 4
45 8 23
11 8 16
30 2 25
82 2 72
11 1 13
1 2 18
23 8 57
30 1 73
16 2 17
23 1 45
28 8 29
8 8 14
16 8 18
82 8 53
72 2 76
23 2 18
11 8 12
53 1 51
22 8 30
23 1 73
41 2 3
58 1 19
44 1 30
23 8 72
12 2 15
19 8 56
45 1 23
1 2 43
48 1 19
45 1 13
18 8 45
34 1 33
43 2 3
1 4 3
1 8 11
45 13 56
1 2 28
41 8 14
56 1 21
26 8 28
19 8 26
19 8 58
45 13 58
56 2 53
42 2 5
11 1 3
30 1 20
52 2 57
29 8 19
28 2 1
1 2 8
45 1 30
26 8 33
11 1 8
52 8 53
5 2 29
23 2 1
3 2 28
10 1 3
17 8 18
22 8 23
13 8 11
43 1 19
58 8 30
20 2 22
23 8 45
8 8 44
56 8 23
67 1 23
1 8 44
3 4 1
14 8 17
8 2 10
13 8 44
1 14 3
22 2 58
1 2 33
4 8 21
30 8 44
73 2 53
29 2 5
5 2 32
19 1 34
67 1 8
4 1 1
21 1 3
3 8 67
3 2 33
44 8 23
73 1 48
28 1 27
14 1 41
76 2 72
10 2 9
73 1 72
1 8 2
1 8 29
73 8 82
3 2 13
17 1 14
23 1 15
48 1 21
1 8 3
19 8 51
23 1 39
43 8 11
1 1 3
25 2 1
73 8 30
22 2 56
44 1 10
26 2 27
13 1 1
67 1 3
9 8 45
56 2 22
51 1 19
73 1 76
26 1 21
53 8 81
9 8 13
39 2 15
73 1 57
57 2 52
51 8 73
2 2 67
29 1 1
3 1 1
19 1 42
24 1 25
76 1 30
3 8 11
1 1 37
27 1 21
8 8 67
21 8 51
19 1 4
72 2 82
21 8 22
18 2 1
1 1 5
3 8 10
72 1 30
23 1 58
5 8 19
8 8 11
40 1 2
53 2 20
56 6 44
34 2 5
18 1 17
24 1 3
1 1 4
53 2 73
53 8 23
34 8 19
1 2 5
67 2 2
44 1 1
44 1 8
1 8 10
2 1 1
58 2 53
22 2 20
4 8 3
44 1 23
53 2 58
4 2 3
3 8 34
8 2 1
21 8 48
58 2 22
1 8 14
18 8 44
14 1 3
15 8 23
57 8 53
34 8 21
16 1 14
19 1 29
41 1 21
52 1 23
25 8 44
5 2 34
72 2 48
10 2 3
19 8 41
25 2 3
23 2 3
48 2 52
29 2 4
14 8 16
10 2 1
39 1 8
14 1 8
30 8 76
20 8 30
15 2 20
1 8 19
3 2 43
1 11 3
56 1 19
3 2 4
16 1 11
4 2 29
34 2 4
21 1 5
4 2 42
51 1 21
8 2 3
33 2 3
53 1 57
20 2 12
9 8 44
44 1 13
15 2 12
1 2 25
3 8 21
30 8 72
1 8 34
30 1 22
51 2 72
13 8 45
5 8 3
57 2 81
19 1 32
33 1 27
9 8 11
30 8 24
3 8 19
3 8 29
23 1 24
13 2 3
20 2 73
73 1 52
20 8 23
34 1 3
3 2 37
1 5 3
57 8 73
28 2 3
1 8 45
30 1 56
4 2 1
14 8 12
8 8 10
19 8 43
53 1 72
12 8 23
2 8 40
30 8 45
10 2 8
9 2 8
19 8 27
5 1 1
19 1 3
34 1 1
11 1 43
27 8 33
82 1 73
3 2 23
76 8 73
57 1 23
19 8 22
20 2 15
51 2 52
23 1 20
8 2 13
18 1 16
48 2 72
10 8 11
11 1 1
3 2 18
44 13 58
25 2 30
21 1 4
30 8 57
3 8 14
1 2 23
20 1 19
67 8 40
23 1 53
13 1 9
39 8 23
14 1 1
1 12 3
4 8 19
39 1 23
19 1 5
58 8 23
25 1 17
3 2 25
28 1 26
45 1 3
13 2 9
8 2 9
52 2 81
43 2 1
13 8 14
20 1 21
3 2 8
3 7 1
44 1 9
29 8 21
53 1 48
21 8 41
8 8 39
25 2 23
42 8 19
45 2 44
73 2 22
32 2 5
21 1 34
22 1 21
15 8 30
56 6 45
21 1 32
23 8 44
53 1 82
12 2 20
3 8 45
22 1 19
30 8 52
44 1 25
23 8 39
15 2 44
5 8 21
21 8 58
18 2 23
5 2 3
13 2 1
10 8 44
45 1 18
22 2 73
27 2 26
11 8 15
12 1 14
24 1 30
72 1 23
30 2 18
3 2 10
32 2 4
25 1 16
72 8 53
18 2 30
21 1 29
3 8 44
15 2 39
33 1 26
44 2 15
19 8 48
1 2 13
30 1 53
10 1 8
44 1 18
3 1 5
56 8 30
56 2 20
9 2 1
26 1 19
40 1 67
73 2 20
17 2 16
10 1 1
15 1 11
82 2 57
9 2 13
52 8 73
19 1 1
5 2 42
48 8 53
45 1 9
24 8 23
1 2 9
24 2 15
44 1 3
58 1 21
9 8 14
11 1 10
? 1 github_java_program_data/41/564.java

11 8 17
14 8 16
81 2 52
3 2 41
27 8 28
53 8 30
23 1 56
14 1 10
20 2 73
9 2 13
23 1 22
41 1 19
1 8 21
3 2 5
48 8 73
14 8 15
45 1 1
10 8 14
1 2 10
42 8 21
17 8 25
3 8 13
23 8 52
1 8 13
16 8 25
72 2 51
10 8 45
27 1 19
73 1 51
23 1 12
1 7 3
45 1 10
13 1 3
12 1 11
72 8 73
44 2 45
58 6 44
21 8 27
33 8 34
48 2 52
16 1 11
15 2 12
20 2 56
44 13 56
4 2 34
52 2 51
9 2 10
32 8 19
42 2 4
52 1 30
21 8 51
52 2 48
3 2 30
16 2 17
21 1 42
81 1 53
73 8 23
18 2 3
21 8 26
41 8 11
11 1 41
29 1 3
3 5 1
30 1 58
29 1 28
32 8 21
53 1 52
11 1 9
39 2 2
14 1 13
3 8 44
13 2 8
15 1 14
5 2 1
72 1 30
81 8 53
4 2 32
30 8 39
3 1 4
11 8 16
1 2 4
11 1 13
1 2 18
30 1 73
12 2 53
28 8 29
15 2 22
8 8 14
16 8 18
82 8 53
23 2 18
11 8 12
34 2 5
72 2 48
23 1 73
41 2 3
30 2 3
44 1 30
23 8 72
8 2 3
12 2 15
33 2 1
8 2 10
45 1 23
48 1 19
45 1 13
34 1 33
43 2 3
1 4 3
1 8 11
8 8 45
1 2 28
26 8 28
19 8 26
11 1 3
29 8 19
28 2 1
45 1 30
5 2 34
52 8 53
5 2 29
45 8 30
3 2 28
10 1 3
17 8 18
13 8 11
30 1 12
43 1 19
58 8 30
20 2 22
30 1 20
40 1 39
53 2 73
56 8 23
45 1 3
30 1 15
3 4 1
14 8 17
13 8 44
12 8 30
53 1 72
1 2 33
4 8 21
30 8 44
29 2 5
5 2 32
19 1 34
39 1 3
4 1 1
21 1 3
42 2 5
5 2 3
73 1 48
28 1 27
10 2 9
33 1 27
23 1 53
1 8 29
73 8 82
3 2 13
17 1 14
23 1 15
48 1 21
1 8 3
34 2 4
43 8 11
1 1 3
25 2 1
73 8 30
22 2 56
53 2 12
26 2 27
13 1 1
56 2 22
58 8 23
52 2 81
45 1 25
26 1 21
53 8 81
10 2 8
18 2 23
20 2 58
51 8 73
29 1 1
3 1 1
19 1 42
39 8 40
3 8 11
27 1 21
3 2 8
51 8 53
19 1 4
21 8 22
18 2 1
1 1 5
3 8 10
21 8 20
23 1 58
5 8 19
1 14 3
40 1 2
58 2 20
56 6 44
18 1 17
22 2 15
1 1 4
48 2 72
53 8 23
34 8 19
1 2 5
44 1 1
25 8 45
1 8 10
2 1 1
22 2 20
4 8 3
51 1 19
4 2 3
1 8 2
3 8 34
21 8 48
1 8 14
18 8 44
14 1 3
15 8 23
82 2 81
34 8 21
16 1 14
19 1 29
1 8 44
3 2 43
52 1 23
21 1 5
73 2 53
22 8 30
53 1 81
19 8 41
23 1 20
21 1 1
29 2 4
11 1 43
10 2 1
18 1 16
14 1 8
20 8 30
1 8 19
1 11 3
44 1 23
3 2 4
19 8 20
4 2 29
4 2 42
51 1 21
30 1 45
33 2 3
9 8 44
44 1 13
3 8 21
53 2 22
30 8 72
1 8 34
30 1 22
51 2 72
13 8 45
5 8 3
19 1 32
73 1 72
9 8 11
22 8 23
3 8 19
3 8 29
73 1 52
20 8 23
34 1 3
1 5 3
28 2 3
1 8 45
30 1 56
4 2 1
19 8 43
44 8 30
12 8 23
2 8 40
30 8 45
13 2 3
19 8 51
19 8 27
5 1 1
19 1 3
34 1 1
23 2 25
27 8 33
82 1 73
30 2 25
19 8 22
51 2 52
25 2 3
44 1 18
39 1 8
10 8 11
11 1 1
3 2 18
44 13 58
25 2 30
21 1 4
3 8 14
20 1 19
45 1 8
22 2 53
14 1 1
1 12 3
4 8 19
19 1 5
1 2 25
25 1 17
3 2 25
28 1 26
13 2 9
13 8 14
20 1 21
3 7 1
44 1 9
29 8 21
8 8 39
25 2 23
42 8 19
45 2 44
15 1 11
32 2 5
21 1 34
22 1 21
73 2 22
30 1 44
15 8 30
21 1 32
23 8 44
53 1 82
3 8 45
22 1 19
30 8 52
23 8 45
26 8 33
15 2 44
5 8 21
3 8 39
3 2 33
13 2 1
10 8 44
44 1 10
2 2 39
22 2 73
27 2 26
81 2 82
72 1 23
30 2 18
3 2 10
32 2 4
39 1 30
25 1 16
72 8 53
18 2 30
21 1 29
10 2 3
33 1 26
44 2 15
19 8 48
1 2 13
30 1 53
53 1 51
8 2 13
3 1 5
56 8 30
26 1 19
53 1 48
73 2 20
17 2 16
10 1 1
11 8 15
52 8 73
19 1 1
5 2 42
48 8 53
17 1 11
56 2 20
44 1 3
11 1 10
? 1 github_java_program_data/41/588.java

39 1 1
41 2 1
81 2 52
3 2 41
23 8 67
15 2 24
27 8 28
53 8 30
23 1 56
14 1 10
73 1 81
5 2 4
57 1 30
23 1 22
41 1 19
1 8 21
3 2 5
48 8 73
45 1 1
10 8 14
1 2 10
1 8 39
42 8 21
17 8 25
3 8 13
23 8 52
1 8 13
53 2 56
16 8 25
72 2 51
10 8 45
27 1 19
23 1 44
73 1 51
23 1 12
1 7 3
45 1 10
57 2 82
13 1 3
12 1 11
72 8 73
4 2 5
44 2 45
21 8 27
21 8 56
33 8 34
3 8 24
21 1 1
19 8 20
21 8 20
20 2 56
44 13 56
4 2 34
52 2 51
9 2 10
58 6 45
32 8 19
42 2 4
52 1 30
51 8 53
52 2 48
58 6 44
33 2 1
21 1 42
81 1 53
73 8 23
18 2 3
37 2 3
1 2 41
21 8 26
41 8 11
11 1 41
76 2 52
29 1 3
3 5 1
30 1 58
39 2 45
29 1 28
32 8 21
53 1 52
11 1 9
30 1 15
45 2 39
14 1 13
81 2 57
52 2 76
37 1 1
20 2 53
14 1 9
13 2 8
1 2 4
5 2 1
4 2 32
23 2 25
25 8 24
81 8 73
3 1 4
45 8 23
11 8 16
30 2 25
82 2 72
11 1 13
1 2 18
23 8 57
30 1 73
16 2 17
23 1 45
28 8 29
8 8 14
16 8 18
82 8 53
72 2 76
23 2 18
11 8 12
53 1 51
22 8 30
23 1 73
41 2 3
58 1 19
44 1 30
23 8 72
12 2 15
19 8 56
45 1 23
1 2 43
48 1 19
45 1 13
18 8 45
34 1 33
43 2 3
1 4 3
1 8 11
45 13 56
1 2 28
41 8 14
56 1 21
26 8 28
19 8 26
19 8 58
45 13 58
56 2 53
42 2 5
11 1 3
30 1 20
52 2 57
29 8 19
28 2 1
1 2 8
45 1 30
26 8 33
11 1 8
52 8 53
5 2 29
23 2 1
3 2 28
10 1 3
17 8 18
22 8 23
13 8 11
43 1 19
58 8 30
20 2 22
23 8 45
8 8 44
56 8 23
67 1 23
1 8 44
3 4 1
14 8 17
8 2 10
13 8 44
1 14 3
22 2 58
1 2 33
4 8 21
30 8 44
73 2 53
29 2 5
5 2 32
19 1 34
67 1 8
4 1 1
21 1 3
3 8 67
3 2 33
44 8 23
73 1 48
28 1 27
14 1 41
76 2 72
10 2 9
73 1 72
1 8 2
1 8 29
73 8 82
3 2 13
17 1 14
23 1 15
48 1 21
1 8 3
19 8 51
23 1 39
43 8 11
1 1 3
25 2 1
73 8 30
22 2 56
44 1 10
26 2 27
13 1 1
67 1 3
9 8 45
56 2 22
51 1 19
73 1 76
26 1 21
53 8 81
9 8 13
39 2 15
73 1 57
57 2 52
51 8 73
2 2 67
29 1 1
3 1 1
19 1 42
24 1 25
76 1 30
3 8 11
1 1 37
27 1 21
8 8 67
21 8 51
19 1 4
72 2 82
21 8 22
18 2 1
1 1 5
3 8 10
72 1 30
23 1 58
5 8 19
8 8 11
40 1 2
53 2 20
56 6 44
34 2 5
18 1 17
24 1 3
1 1 4
53 2 73
53 8 23
34 8 19
1 2 5
67 2 2
44 1 1
44 1 8
1 8 10
2 1 1
58 2 53
22 2 20
4 8 3
44 1 23
53 2 58
4 2 3
3 8 34
8 2 1
21 8 48
58 2 22
1 8 14
18 8 44
14 1 3
15 8 23
57 8 53
34 8 21
16 1 14
19 1 29
41 1 21
52 1 23
25 8 44
5 2 34
72 2 48
10 2 3
19 8 41
25 2 3
23 2 3
48 2 52
29 2 4
14 8 16
10 2 1
39 1 8
14 1 8
30 8 76
20 8 30
15 2 20
1 8 19
3 2 43
1 11 3
56 1 19
3 2 4
16 1 11
4 2 29
34 2 4
21 1 5
4 2 42
51 1 21
8 2 3
33 2 3
53 1 57
20 2 12
9 8 44
44 1 13
15 2 12
1 2 25
3 8 21
30 8 72
1 8 34
30 1 22
51 2 72
13 8 45
5 8 3
57 2 81
19 1 32
33 1 27
9 8 11
30 8 24
3 8 19
3 8 29
23 1 24
13 2 3
20 2 73
73 1 52
20 8 23
34 1 3
3 2 37
1 5 3
57 8 73
28 2 3
1 8 45
30 1 56
4 2 1
14 8 12
8 8 10
19 8 43
53 1 72
12 8 23
2 8 40
30 8 45
10 2 8
9 2 8
19 8 27
5 1 1
19 1 3
34 1 1
11 1 43
27 8 33
82 1 73
3 2 23
76 8 73
57 1 23
19 8 22
20 2 15
51 2 52
23 1 20
8 2 13
18 1 16
48 2 72
10 8 11
11 1 1
3 2 18
44 13 58
25 2 30
21 1 4
30 8 57
3 8 14
1 2 23
20 1 19
67 8 40
23 1 53
13 1 9
39 8 23
14 1 1
1 12 3
4 8 19
39 1 23
19 1 5
58 8 23
25 1 17
3 2 25
28 1 26
45 1 3
13 2 9
8 2 9
52 2 81
43 2 1
13 8 14
20 1 21
3 2 8
3 7 1
44 1 9
29 8 21
53 1 48
21 8 41
8 8 39
25 2 23
42 8 19
45 2 44
73 2 22
32 2 5
21 1 34
22 1 21
15 8 30
56 6 45
21 1 32
23 8 44
53 1 82
12 2 20
3 8 45
22 1 19
30 8 52
44 1 25
23 8 39
15 2 44
5 8 21
21 8 58
18 2 23
5 2 3
13 2 1
10 8 44
45 1 18
22 2 73
27 2 26
11 8 15
12 1 14
24 1 30
72 1 23
30 2 18
3 2 10
32 2 4
25 1 16
72 8 53
18 2 30
21 1 29
3 8 44
15 2 39
33 1 26
44 2 15
19 8 48
1 2 13
30 1 53
10 1 8
44 1 18
3 1 5
56 8 30
56 2 20
9 2 1
26 1 19
40 1 67
73 2 20
17 2 16
10 1 1
15 1 11
82 2 57
9 2 13
52 8 73
19 1 1
5 2 42
48 8 53
45 1 9
24 8 23
1 2 9
24 2 15
44 1 3
58 1 21
9 8 14
11 1 10
? 1 github_java_program_data/41/593.java

11 8 17
22 2 12
14 8 16
3 2 41
27 8 28
53 8 30
81 8 53
14 1 10
73 1 81
57 1 30
23 1 22
1 8 21
3 2 5
48 8 73
14 8 15
21 8 43
10 8 14
42 8 21
17 8 25
52 2 57
23 8 52
1 8 13
16 8 25
72 2 51
10 8 45
27 1 19
15 2 73
76 8 53
73 1 51
23 1 12
57 2 72
45 1 10
21 8 20
12 1 11
72 8 73
44 2 45
21 8 27
33 8 34
21 1 1
44 1 3
16 1 11
52 2 51
9 2 10
73 1 52
42 2 4
52 1 30
51 8 53
52 2 48
3 2 30
16 2 17
21 1 42
81 1 53
73 8 23
18 2 3
21 8 41
44 2 12
21 8 26
21 8 22
11 1 41
76 2 52
48 8 55
29 1 3
3 5 1
29 1 28
32 8 21
53 1 76
53 1 52
73 2 12
39 2 2
14 1 13
43 1 19
3 8 44
82 8 73
72 2 81
15 1 14
5 2 1
4 2 32
30 8 39
3 1 4
76 2 82
11 8 16
1 2 4
11 1 13
30 1 73
43 1 21
28 8 29
16 8 18
27 1 21
55 1 30
72 2 76
23 2 18
11 8 12
53 1 51
72 2 48
29 2 4
41 2 3
30 2 3
44 1 30
23 8 72
8 2 3
33 2 1
8 2 10
45 1 23
48 1 19
81 2 57
25 2 30
22 1 19
1 4 3
34 1 33
8 8 45
1 2 28
41 8 14
57 8 73
26 8 28
13 8 44
11 1 3
30 1 20
29 8 19
28 2 1
45 1 30
1 14 3
52 8 53
22 2 55
55 8 23
3 2 28
12 2 73
17 8 18
13 8 11
30 1 12
52 2 76
20 2 22
23 8 45
40 1 39
45 1 3
30 8 55
3 4 1
14 8 17
19 8 26
12 8 30
53 1 72
1 2 33
4 8 21
81 1 73
72 2 57
5 2 32
19 1 34
39 1 3
4 1 1
21 1 3
42 2 5
5 2 3
73 1 48
28 1 27
14 1 41
15 2 53
10 2 9
73 1 72
23 1 53
1 8 29
19 1 29
3 2 13
17 1 14
23 1 15
48 1 21
1 8 3
10 8 44
1 1 3
73 8 30
52 2 82
26 2 27
13 1 1
30 8 76
81 2 72
51 1 19
73 1 76
45 1 25
26 1 21
53 8 81
73 2 15
10 2 8
18 2 23
73 1 57
81 8 73
73 8 81
57 2 52
51 8 73
76 1 23
29 1 1
3 1 1
19 1 42
39 8 40
76 1 30
3 8 11
1 7 3
3 2 8
53 8 82
21 8 51
19 1 4
41 8 11
1 1 5
72 1 30
5 8 19
40 1 2
18 1 17
48 2 30
1 1 4
48 2 72
53 8 23
34 8 19
1 2 5
25 8 45
1 8 10
2 1 1
22 2 20
4 8 3
44 1 23
4 2 3
1 8 2
3 8 34
21 8 48
18 8 44
14 1 3
15 8 23
57 8 53
34 8 21
16 1 14
53 2 15
82 1 53
41 1 21
52 1 23
21 1 5
22 8 30
10 2 3
22 8 23
23 1 20
48 2 52
23 1 73
11 1 43
18 1 16
20 8 30
30 8 44
1 8 19
3 2 43
1 11 3
3 2 4
19 8 20
4 2 29
4 2 42
51 1 21
30 1 45
33 2 3
53 1 57
9 8 44
44 1 13
3 8 21
53 2 22
82 2 52
30 8 72
1 8 34
30 1 22
51 2 72
23 1 55
5 8 3
57 2 81
19 1 32
33 1 27
3 8 19
3 8 29
20 2 73
32 8 19
20 8 23
34 1 3
1 5 3
12 2 22
28 2 3
82 2 76
45 8 30
4 2 1
19 8 43
44 8 30
12 8 23
2 8 40
30 8 45
13 2 3
19 8 51
19 8 27
5 1 1
19 1 3
34 1 1
23 2 25
27 8 33
73 1 82
76 8 73
19 8 22
51 2 52
25 2 3
39 1 8
10 8 11
3 2 18
21 1 4
30 8 57
30 2 48
3 8 14
3 2 33
20 1 19
22 2 53
1 12 3
4 8 19
19 1 5
25 1 17
3 2 25
23 8 76
28 1 26
13 2 9
13 8 14
20 1 21
3 7 1
44 1 9
29 8 21
8 8 39
25 2 23
42 8 19
45 2 44
17 2 16
32 2 5
21 1 34
22 1 21
30 1 44
21 1 32
23 8 44
3 8 45
43 2 3
30 8 52
55 1 48
26 8 33
5 8 21
3 8 39
30 2 25
43 8 11
44 1 10
2 2 39
22 2 73
27 2 26
11 8 15
72 1 23
30 2 18
3 2 10
32 2 4
39 1 30
25 1 16
72 8 53
18 2 30
21 1 29
53 1 81
33 1 26
55 2 22
19 8 48
30 1 53
44 1 18
3 1 5
26 1 19
53 1 48
73 2 20
73 2 22
10 1 1
15 1 11
9 2 13
52 8 73
19 1 1
12 2 44
5 2 42
48 8 53
17 1 11
45 1 8
76 2 72
11 1 10
? 1 github_java_program_data/41/61.java

39 1 1
41 2 1
81 2 52
3 2 41
23 8 67
15 2 24
27 8 28
53 8 30
23 1 56
14 1 10
73 1 81
5 2 4
57 1 30
23 1 22
41 1 19
1 8 21
3 2 5
48 8 73
45 1 1
10 8 14
1 2 10
1 8 39
42 8 21
17 8 25
3 8 13
23 8 52
1 8 13
53 2 56
16 8 25
72 2 51
10 8 45
27 1 19
23 1 44
73 1 51
23 1 12
1 7 3
45 1 10
57 2 82
13 1 3
12 1 11
72 8 73
4 2 5
44 2 45
21 8 27
21 8 56
33 8 34
3 8 24
21 1 1
19 8 20
21 8 20
20 2 56
44 13 56
4 2 34
52 2 51
9 2 10
58 6 45
32 8 19
42 2 4
52 1 30
51 8 53
52 2 48
58 6 44
33 2 1
21 1 42
81 1 53
73 8 23
18 2 3
37 2 3
1 2 41
21 8 26
41 8 11
11 1 41
76 2 52
29 1 3
3 5 1
30 1 58
39 2 45
29 1 28
32 8 21
53 1 52
11 1 9
30 1 15
45 2 39
14 1 13
81 2 57
52 2 76
37 1 1
20 2 53
14 1 9
13 2 8
1 2 4
5 2 1
4 2 32
23 2 25
25 8 24
81 8 73
3 1 4
45 8 23
11 8 16
30 2 25
82 2 72
11 1 13
1 2 18
23 8 57
30 1 73
16 2 17
23 1 45
28 8 29
8 8 14
16 8 18
82 8 53
72 2 76
23 2 18
11 8 12
53 1 51
22 8 30
23 1 73
41 2 3
58 1 19
44 1 30
23 8 72
12 2 15
19 8 56
45 1 23
1 2 43
48 1 19
45 1 13
18 8 45
34 1 33
43 2 3
1 4 3
1 8 11
45 13 56
1 2 28
41 8 14
56 1 21
26 8 28
19 8 26
19 8 58
45 13 58
56 2 53
42 2 5
11 1 3
30 1 20
52 2 57
29 8 19
28 2 1
1 2 8
45 1 30
26 8 33
11 1 8
52 8 53
5 2 29
23 2 1
3 2 28
10 1 3
17 8 18
22 8 23
13 8 11
43 1 19
58 8 30
20 2 22
23 8 45
8 8 44
56 8 23
67 1 23
1 8 44
3 4 1
14 8 17
8 2 10
13 8 44
1 14 3
22 2 58
1 2 33
4 8 21
30 8 44
73 2 53
29 2 5
5 2 32
19 1 34
67 1 8
4 1 1
21 1 3
3 8 67
3 2 33
44 8 23
73 1 48
28 1 27
14 1 41
76 2 72
10 2 9
73 1 72
1 8 2
1 8 29
73 8 82
3 2 13
17 1 14
23 1 15
48 1 21
1 8 3
19 8 51
23 1 39
43 8 11
1 1 3
25 2 1
73 8 30
22 2 56
44 1 10
26 2 27
13 1 1
67 1 3
9 8 45
56 2 22
51 1 19
73 1 76
26 1 21
53 8 81
9 8 13
39 2 15
73 1 57
57 2 52
51 8 73
2 2 67
29 1 1
3 1 1
19 1 42
24 1 25
76 1 30
3 8 11
1 1 37
27 1 21
8 8 67
21 8 51
19 1 4
72 2 82
21 8 22
18 2 1
1 1 5
3 8 10
72 1 30
23 1 58
5 8 19
8 8 11
40 1 2
53 2 20
56 6 44
34 2 5
18 1 17
24 1 3
1 1 4
53 2 73
53 8 23
34 8 19
1 2 5
67 2 2
44 1 1
44 1 8
1 8 10
2 1 1
58 2 53
22 2 20
4 8 3
44 1 23
53 2 58
4 2 3
3 8 34
8 2 1
21 8 48
58 2 22
1 8 14
18 8 44
14 1 3
15 8 23
57 8 53
34 8 21
16 1 14
19 1 29
41 1 21
52 1 23
25 8 44
5 2 34
72 2 48
10 2 3
19 8 41
25 2 3
23 2 3
48 2 52
29 2 4
14 8 16
10 2 1
39 1 8
14 1 8
30 8 76
20 8 30
15 2 20
1 8 19
3 2 43
1 11 3
56 1 19
3 2 4
16 1 11
4 2 29
34 2 4
21 1 5
4 2 42
51 1 21
8 2 3
33 2 3
53 1 57
20 2 12
9 8 44
44 1 13
15 2 12
1 2 25
3 8 21
30 8 72
1 8 34
30 1 22
51 2 72
13 8 45
5 8 3
57 2 81
19 1 32
33 1 27
9 8 11
30 8 24
3 8 19
3 8 29
23 1 24
13 2 3
20 2 73
73 1 52
20 8 23
34 1 3
3 2 37
1 5 3
57 8 73
28 2 3
1 8 45
30 1 56
4 2 1
14 8 12
8 8 10
19 8 43
53 1 72
12 8 23
2 8 40
30 8 45
10 2 8
9 2 8
19 8 27
5 1 1
19 1 3
34 1 1
11 1 43
27 8 33
82 1 73
3 2 23
76 8 73
57 1 23
19 8 22
20 2 15
51 2 52
23 1 20
8 2 13
18 1 16
48 2 72
10 8 11
11 1 1
3 2 18
44 13 58
25 2 30
21 1 4
30 8 57
3 8 14
1 2 23
20 1 19
67 8 40
23 1 53
13 1 9
39 8 23
14 1 1
1 12 3
4 8 19
39 1 23
19 1 5
58 8 23
25 1 17
3 2 25
28 1 26
45 1 3
13 2 9
8 2 9
52 2 81
43 2 1
13 8 14
20 1 21
3 2 8
3 7 1
44 1 9
29 8 21
53 1 48
21 8 41
8 8 39
25 2 23
42 8 19
45 2 44
73 2 22
32 2 5
21 1 34
22 1 21
15 8 30
56 6 45
21 1 32
23 8 44
53 1 82
12 2 20
3 8 45
22 1 19
30 8 52
44 1 25
23 8 39
15 2 44
5 8 21
21 8 58
18 2 23
5 2 3
13 2 1
10 8 44
45 1 18
22 2 73
27 2 26
11 8 15
12 1 14
24 1 30
72 1 23
30 2 18
3 2 10
32 2 4
25 1 16
72 8 53
18 2 30
21 1 29
3 8 44
15 2 39
33 1 26
44 2 15
19 8 48
1 2 13
30 1 53
10 1 8
44 1 18
3 1 5
56 8 30
56 2 20
9 2 1
26 1 19
40 1 67
73 2 20
17 2 16
10 1 1
15 1 11
82 2 57
9 2 13
52 8 73
19 1 1
5 2 42
48 8 53
45 1 9
24 8 23
1 2 9
24 2 15
44 1 3
58 1 21
9 8 14
11 1 10
? 1 github_java_program_data/41/71.java

