24 1 18
1 8 10
9 2 13
1 2 37
44 1 1
16 8 18
44 1 25
13 1 1
23 8 24
9 2 10
1 5 3
1 7 3
56 8 23
5 8 19
14 8 17
17 1 3
25 1 1
1 1 4
13 2 3
3 1 18
21 8 58
1 2 5
8 8 39
10 1 3
3 8 63
23 1 22
37 2 1
5 2 4
23 1 56
9 8 24
13 2 1
18 2 23
12 1 11
1 14 3
45 13 56
20 8 23
1 1 37
40 1 39
44 1 30
10 2 1
22 1 19
19 1 3
25 2 1
19 1 5
8 2 13
30 8 44
5 2 1
3 8 16
30 1 24
16 2 17
44 2 24
3 8 13
1 1 38
24 2 44
19 8 20
21 1 1
10 2 3
13 8 44
30 1 12
3 2 18
17 8 25
1 8 11
15 2 24
3 1 1
24 2 15
11 1 10
3 2 13
15 2 12
24 1 9
14 1 13
14 8 15
3 2 38
58 8 30
10 8 44
3 2 4
1 2 25
3 1 5
18 1 16
8 8 14
44 2 45
22 8 30
1 8 19
2 8 40
10 1 1
45 1 23
3 5 1
21 8 38
1 8 13
3 2 5
37 8 3
38 2 3
1 1 25
64 8 16
64 2 3
3 8 10
8 2 1
11 8 16
1 8 24
16 1 11
8 8 44
38 1 21
45 1 13
9 2 1
25 1 16
16 8 25
45 1 10
38 8 3
3 1 4
44 8 30
17 2 16
14 1 8
63 2 3
11 1 1
15 1 14
45 2 44
4 2 5
30 1 44
8 2 10
18 1 17
1 2 10
23 2 18
3 2 10
1 8 3
24 8 30
18 8 45
38 1 19
12 8 30
11 1 9
13 1 3
24 1 23
1 4 3
39 1 30
18 8 3
21 8 56
3 8 2
30 1 15
44 13 56
24 1 1
11 8 12
13 8 11
4 8 3
37 2 3
1 8 64
10 8 45
23 8 45
23 1 20
44 13 58
10 2 9
44 1 8
5 2 3
40 1 2
1 2 9
39 1 1
38 1 1
1 8 44
63 8 17
25 2 30
4 8 19
21 1 3
44 1 10
17 8 18
30 1 22
14 1 3
3 1 37
11 1 13
37 1 1
19 8 38
30 1 58
11 1 3
16 1 64
15 8 30
3 8 17
3 8 45
30 2 1
13 2 9
10 8 11
19 1 1
20 2 22
56 1 21
39 8 40
64 1 1
30 2 25
45 1 18
3 2 37
13 8 45
1 2 30
20 1 19
18 8 24
22 2 20
1 8 39
18 2 3
1 2 13
14 1 1
1 1 3
13 2 8
3 8 14
2 2 39
58 6 44
3 2 63
56 6 45
1 2 4
3 8 19
3 1 38
19 1 4
58 1 21
1 8 14
16 1 3
18 2 1
12 2 15
1 8 21
1 2 18
1 2 8
17 1 63
10 2 8
5 8 3
2 1 3
44 1 13
13 8 14
63 1 3
9 8 45
3 2 64
3 7 1
45 8 30
4 2 1
3 8 21
45 1 9
45 1 3
9 8 11
25 1 17
39 1 8
4 1 1
25 8 44
30 8 39
1 2 38
30 1 56
4 2 3
3 4 1
30 1 45
38 2 1
56 8 30
19 8 22
22 8 23
17 1 14
39 2 2
56 6 44
3 8 11
? 1 github_java_program_data/23/106.java

1 8 10
9 2 13
12 2 15
1 1 4
16 8 18
44 1 25
1 8 14
13 1 1
1 14 3
9 2 10
13 8 44
16 1 1
3 2 10
44 1 1
11 8 17
3 2 18
67 8 40
1 2 5
8 8 39
17 1 11
30 1 15
23 2 3
23 1 22
1 8 67
56 1 19
45 1 1
15 8 30
13 2 1
30 8 67
18 2 23
12 1 11
2 2 6
3 8 19
40 1 39
44 1 30
10 2 1
19 1 3
25 2 1
3 1 18
14 1 1
6 2 39
58 6 45
8 2 13
30 8 44
6 1 1
3 8 13
15 2 44
21 1 1
10 2 3
30 1 12
1 8 11
39 1 23
3 1 1
11 1 10
3 2 13
15 2 12
2 1 1
5 8 21
14 1 13
56 6 45
58 8 30
10 8 44
3 2 4
1 2 25
5 2 1
18 1 16
1 8 21
3 8 39
44 2 45
2 8 40
10 1 1
45 1 23
13 2 3
1 8 13
13 2 9
1 1 5
6 8 40
3 8 10
44 13 58
12 8 30
45 1 13
39 2 67
21 8 20
5 1 1
45 1 10
3 1 4
44 8 30
19 8 58
11 1 1
15 1 14
45 2 44
23 8 39
30 1 44
18 1 17
1 2 10
23 2 18
1 8 3
8 2 10
18 2 1
3 2 23
58 6 44
67 2 39
13 1 3
1 8 16
25 2 3
18 8 3
10 1 3
8 8 45
44 13 56
67 1 30
11 8 12
4 8 3
10 8 45
23 1 20
10 2 9
3 2 8
5 2 3
39 2 6
40 1 2
21 1 5
58 1 19
67 1 1
1 8 44
1 8 45
21 1 3
44 1 10
17 8 18
3 2 5
11 1 3
22 1 21
8 2 3
3 8 45
6 2 2
30 2 1
44 1 3
10 8 11
14 8 15
39 8 40
1 1 3
45 1 18
45 13 58
13 8 45
25 2 30
1 2 30
16 1 14
44 2 15
30 1 58
18 2 3
1 7 3
19 1 1
30 2 25
13 2 8
1 2 13
20 8 23
45 1 8
10 2 8
4 2 1
3 8 44
19 8 56
1 8 2
3 8 11
21 8 22
18 8 45
9 8 44
1 2 18
3 2 25
45 13 56
39 1 3
44 1 13
13 8 14
1 8 19
14 8 16
40 1 67
1 8 6
40 1 6
44 1 9
3 7 1
45 8 30
1 2 4
3 8 21
45 1 3
23 8 45
39 1 8
4 1 1
25 8 44
30 1 56
4 2 3
30 1 45
56 8 30
22 8 23
56 6 44
20 1 21
? 1 github_java_program_data/23/109.java

24 1 18
1 8 10
9 2 13
1 2 37
44 1 1
16 8 18
44 1 25
13 1 1
23 8 24
9 2 10
1 5 3
1 7 3
56 8 23
5 8 19
14 8 17
17 1 3
25 1 1
1 1 4
13 2 3
3 1 18
21 8 58
1 2 5
8 8 39
10 1 3
3 8 63
23 1 22
37 2 1
5 2 4
23 1 56
9 8 24
13 2 1
18 2 23
12 1 11
1 14 3
45 13 56
20 8 23
1 1 37
40 1 39
44 1 30
10 2 1
22 1 19
19 1 3
25 2 1
19 1 5
8 2 13
30 8 44
5 2 1
3 8 16
30 1 24
16 2 17
44 2 24
3 8 13
1 1 38
24 2 44
19 8 20
21 1 1
10 2 3
13 8 44
30 1 12
3 2 18
17 8 25
1 8 11
15 2 24
3 1 1
24 2 15
11 1 10
3 2 13
15 2 12
24 1 9
14 1 13
14 8 15
3 2 38
58 8 30
10 8 44
3 2 4
1 2 25
3 1 5
18 1 16
8 8 14
44 2 45
22 8 30
1 8 19
2 8 40
10 1 1
45 1 23
3 5 1
21 8 38
1 8 13
3 2 5
37 8 3
38 2 3
1 1 25
64 8 16
64 2 3
3 8 10
8 2 1
11 8 16
1 8 24
16 1 11
8 8 44
38 1 21
45 1 13
9 2 1
25 1 16
16 8 25
45 1 10
38 8 3
3 1 4
44 8 30
17 2 16
14 1 8
63 2 3
11 1 1
15 1 14
45 2 44
4 2 5
30 1 44
8 2 10
18 1 17
1 2 10
23 2 18
3 2 10
1 8 3
24 8 30
18 8 45
38 1 19
12 8 30
11 1 9
13 1 3
24 1 23
1 4 3
39 1 30
18 8 3
21 8 56
3 8 2
30 1 15
44 13 56
24 1 1
11 8 12
13 8 11
4 8 3
37 2 3
1 8 64
10 8 45
23 8 45
23 1 20
44 13 58
10 2 9
44 1 8
5 2 3
40 1 2
1 2 9
39 1 1
38 1 1
1 8 44
63 8 17
25 2 30
4 8 19
21 1 3
44 1 10
17 8 18
30 1 22
14 1 3
3 1 37
11 1 13
37 1 1
19 8 38
30 1 58
11 1 3
16 1 64
15 8 30
3 8 17
3 8 45
30 2 1
13 2 9
10 8 11
19 1 1
20 2 22
56 1 21
39 8 40
64 1 1
30 2 25
45 1 18
3 2 37
13 8 45
1 2 30
20 1 19
18 8 24
22 2 20
1 8 39
18 2 3
1 2 13
14 1 1
1 1 3
13 2 8
3 8 14
2 2 39
58 6 44
3 2 63
56 6 45
1 2 4
3 8 19
3 1 38
19 1 4
58 1 21
1 8 14
16 1 3
18 2 1
12 2 15
1 8 21
1 2 18
1 2 8
17 1 63
10 2 8
5 8 3
2 1 3
44 1 13
13 8 14
63 1 3
9 8 45
3 2 64
3 7 1
45 8 30
4 2 1
3 8 21
45 1 9
45 1 3
9 8 11
25 1 17
39 1 8
4 1 1
25 8 44
30 8 39
1 2 38
30 1 56
4 2 3
3 4 1
30 1 45
38 2 1
56 8 30
19 8 22
22 8 23
17 1 14
39 2 2
56 6 44
3 8 11
? 1 github_java_program_data/23/131.java

1 8 10
9 2 13
12 2 15
1 1 4
16 8 18
44 1 25
1 8 14
13 1 1
1 14 3
9 2 10
13 8 44
16 1 1
3 2 10
44 1 1
11 8 17
3 2 18
67 8 40
1 2 5
8 8 39
17 1 11
30 1 15
23 2 3
23 1 22
1 8 67
56 1 19
45 1 1
15 8 30
13 2 1
30 8 67
18 2 23
12 1 11
2 2 6
3 8 19
40 1 39
44 1 30
10 2 1
19 1 3
25 2 1
3 1 18
14 1 1
6 2 39
58 6 45
8 2 13
30 8 44
6 1 1
3 8 13
15 2 44
21 1 1
10 2 3
30 1 12
1 8 11
39 1 23
3 1 1
11 1 10
3 2 13
15 2 12
2 1 1
5 8 21
14 1 13
56 6 45
58 8 30
10 8 44
3 2 4
1 2 25
5 2 1
18 1 16
1 8 21
3 8 39
44 2 45
2 8 40
10 1 1
45 1 23
13 2 3
1 8 13
13 2 9
1 1 5
6 8 40
3 8 10
44 13 58
12 8 30
45 1 13
39 2 67
21 8 20
5 1 1
45 1 10
3 1 4
44 8 30
19 8 58
11 1 1
15 1 14
45 2 44
23 8 39
30 1 44
18 1 17
1 2 10
23 2 18
1 8 3
8 2 10
18 2 1
3 2 23
58 6 44
67 2 39
13 1 3
1 8 16
25 2 3
18 8 3
10 1 3
8 8 45
44 13 56
67 1 30
11 8 12
4 8 3
10 8 45
23 1 20
10 2 9
3 2 8
5 2 3
39 2 6
40 1 2
21 1 5
58 1 19
67 1 1
1 8 44
1 8 45
21 1 3
44 1 10
17 8 18
3 2 5
11 1 3
22 1 21
8 2 3
3 8 45
6 2 2
30 2 1
44 1 3
10 8 11
14 8 15
39 8 40
1 1 3
45 1 18
45 13 58
13 8 45
25 2 30
1 2 30
16 1 14
44 2 15
30 1 58
18 2 3
1 7 3
19 1 1
30 2 25
13 2 8
1 2 13
20 8 23
45 1 8
10 2 8
4 2 1
3 8 44
19 8 56
1 8 2
3 8 11
21 8 22
18 8 45
9 8 44
1 2 18
3 2 25
45 13 56
39 1 3
44 1 13
13 8 14
1 8 19
14 8 16
40 1 67
1 8 6
40 1 6
44 1 9
3 7 1
45 8 30
1 2 4
3 8 21
45 1 3
23 8 45
39 1 8
4 1 1
25 8 44
30 1 56
4 2 3
30 1 45
56 8 30
22 8 23
56 6 44
20 1 21
? 1 github_java_program_data/23/134.java

23 8 70
9 2 13
12 2 15
41 8 11
43 8 69
24 2 44
44 1 25
11 8 43
13 1 1
11 8 41
1 5 3
1 11 3
5 8 19
50 8 54
19 8 27
3 2 10
51 1 19
61 2 51
14 1 10
13 2 3
42 2 4
1 2 5
1 1 28
15 1 11
15 2 12
56 8 23
23 1 22
56 1 19
70 8 30
45 1 1
9 2 3
23 1 56
9 8 24
73 1 76
53 2 73
1 8 26
32 8 21
20 8 23
30 1 22
43 8 11
9 2 10
10 2 1
30 8 54
22 1 19
19 1 5
6 2 39
58 6 45
22 2 15
32 2 4
27 2 26
12 2 20
16 2 17
44 1 3
73 2 58
34 1 28
3 2 43
3 8 29
17 8 25
3 2 28
1 8 11
19 8 48
33 8 3
11 1 10
30 1 58
72 1 23
24 1 9
14 8 17
14 1 13
30 1 53
29 1 1
58 8 30
3 2 4
1 2 25
50 2 30
3 1 5
72 2 48
1 2 43
22 8 30
30 2 18
45 1 23
51 2 41
3 2 13
51 2 52
3 2 5
50 1 41
48 1 19
6 8 40
21 8 75
57 1 23
48 2 72
11 8 16
48 8 55
16 1 11
8 8 44
27 8 28
11 1 13
45 1 13
23 1 55
73 1 48
21 8 20
45 1 10
34 1 33
43 2 51
41 8 50
1 7 3
15 1 14
45 2 44
4 2 5
30 1 44
45 13 58
18 1 17
1 2 28
23 2 18
23 1 12
3 2 33
24 8 30
18 8 45
53 2 22
8 8 39
28 1 26
24 1 23
17 1 11
22 2 20
12 2 54
44 8 30
10 1 3
42 2 5
69 1 75
58 2 53
72 2 76
27 1 19
11 8 12
4 8 3
26 1 1
10 8 45
28 8 34
20 2 15
17 2 16
52 2 51
44 1 8
39 2 6
28 8 29
27 1 1
23 1 73
1 8 29
72 8 73
73 8 30
1 8 44
26 1 21
30 1 20
1 8 45
21 8 43
21 1 3
1 4 3
34 1 3
14 1 3
44 1 1
45 1 9
75 8 69
41 1 21
3 7 1
18 2 3
43 8 14
15 8 30
23 1 15
26 1 3
23 2 69
4 2 42
43 1 19
6 1 3
5 2 4
29 1 3
61 1 19
39 8 40
55 1 30
73 8 23
51 8 53
45 1 18
20 2 12
13 8 45
1 2 30
25 2 1
21 1 4
54 8 23
23 8 72
19 8 43
28 2 1
1 2 10
23 8 52
19 1 1
23 1 54
18 2 30
58 6 44
69 1 51
3 8 14
27 1 3
21 1 32
19 8 26
10 2 8
1 2 4
29 8 21
19 8 56
33 2 3
34 2 5
3 8 11
21 8 22
26 8 28
18 2 1
3 8 27
1 2 18
3 2 25
33 1 27
41 1 19
3 8 24
13 8 14
1 8 19
43 1 11
44 13 58
25 2 23
43 2 1
12 2 55
4 2 1
3 8 21
3 8 44
23 8 45
25 1 17
19 8 61
4 1 1
30 8 39
42 8 21
4 2 3
3 4 1
30 1 73
30 1 45
76 2 72
56 8 30
19 8 22
22 8 23
17 1 14
19 1 4
30 2 50
24 1 18
1 8 10
58 1 21
28 1 27
1 1 4
16 8 18
4 2 34
23 8 24
19 8 41
19 8 51
53 1 57
13 8 44
5 2 29
14 1 43
23 8 44
28 1 1
11 1 41
21 1 29
21 8 58
15 8 23
44 1 23
30 1 15
19 1 34
23 8 57
3 2 41
51 2 75
69 8 70
41 2 51
75 1 21
1 2 41
13 2 1
18 2 23
73 2 53
54 2 12
12 1 11
30 8 55
1 8 27
3 8 19
40 1 39
44 1 30
1 1 33
29 1 28
19 1 3
23 2 25
29 2 5
8 2 13
30 8 44
20 8 30
30 1 24
41 8 14
58 2 73
44 2 24
3 8 13
27 1 21
30 8 45
19 8 20
3 2 9
33 1 26
10 2 3
30 1 12
48 8 73
3 1 1
1 14 3
52 1 23
15 2 22
53 1 51
48 1 21
30 2 48
54 1 30
29 2 4
23 1 20
10 8 44
45 1 30
14 1 41
48 8 53
5 2 1
18 1 16
3 1 33
1 8 21
22 2 53
44 2 45
70 1 23
34 8 21
69 2 23
10 1 1
52 1 30
58 8 23
53 1 52
3 2 18
26 8 33
51 2 43
1 1 5
9 8 45
3 8 6
3 8 10
8 2 1
55 2 12
15 2 44
21 1 1
42 8 19
51 2 61
26 2 27
21 8 48
25 1 16
16 8 25
54 1 50
3 1 4
34 1 1
19 8 58
10 2 9
70 1 69
4 2 32
11 1 1
24 1 3
21 8 51
8 2 10
21 1 34
73 1 72
75 2 51
15 2 55
1 8 3
4 8 21
12 8 30
32 2 5
13 1 3
25 2 3
53 2 15
19 1 29
21 1 42
15 2 53
14 8 12
3 8 34
13 8 11
33 2 1
3 5 1
1 8 34
4 2 29
69 1 43
30 1 70
48 2 30
51 8 69
5 2 3
30 8 76
53 8 30
23 1 58
50 1 51
39 1 1
58 1 19
21 8 26
30 2 25
15 2 20
55 2 15
18 8 24
1 2 33
5 8 21
19 1 32
21 1 5
17 8 18
29 8 19
76 1 30
72 1 30
52 2 48
53 1 48
33 1 1
11 1 3
53 2 58
61 8 50
22 1 21
48 2 52
50 1 61
3 8 45
43 1 21
30 2 1
13 2 9
28 2 3
5 2 42
51 1 21
30 1 56
14 8 15
11 1 43
57 8 53
76 8 73
21 8 27
33 8 34
5 2 32
44 2 15
25 2 30
20 1 19
20 1 21
30 8 72
4 8 19
11 8 15
26 1 19
1 8 39
41 2 3
19 1 42
41 1 11
14 1 1
1 1 3
13 2 8
1 2 13
27 8 33
57 2 52
44 1 10
32 8 19
39 1 8
20 2 22
30 8 52
1 8 14
52 8 53
12 8 23
43 2 3
51 8 50
55 8 23
10 8 14
1 2 8
52 2 57
5 8 3
34 8 19
44 1 13
34 2 4
1 8 13
14 8 16
40 1 6
45 8 30
39 1 30
45 1 3
1 12 3
25 8 44
3 8 26
21 8 41
16 1 14
10 8 11
12 1 14
55 1 48
11 8 17
5 2 34
5 1 1
41 2 1
? 1 github_java_program_data/23/157.java

1 8 10
9 2 13
12 2 15
1 1 4
16 8 18
44 1 25
1 8 14
13 1 1
1 14 3
9 2 10
13 8 44
16 1 1
3 2 10
44 1 1
11 8 17
3 2 18
67 8 40
1 2 5
8 8 39
17 1 11
30 1 15
23 2 3
23 1 22
1 8 67
56 1 19
45 1 1
15 8 30
13 2 1
30 8 67
18 2 23
12 1 11
2 2 6
3 8 19
40 1 39
44 1 30
10 2 1
19 1 3
25 2 1
3 1 18
14 1 1
6 2 39
58 6 45
8 2 13
30 8 44
6 1 1
3 8 13
15 2 44
21 1 1
10 2 3
30 1 12
1 8 11
39 1 23
3 1 1
11 1 10
3 2 13
15 2 12
2 1 1
5 8 21
14 1 13
56 6 45
58 8 30
10 8 44
3 2 4
1 2 25
5 2 1
18 1 16
1 8 21
3 8 39
44 2 45
2 8 40
10 1 1
45 1 23
13 2 3
1 8 13
13 2 9
1 1 5
6 8 40
3 8 10
44 13 58
12 8 30
45 1 13
39 2 67
21 8 20
5 1 1
45 1 10
3 1 4
44 8 30
19 8 58
11 1 1
15 1 14
45 2 44
23 8 39
30 1 44
18 1 17
1 2 10
23 2 18
1 8 3
8 2 10
18 2 1
3 2 23
58 6 44
67 2 39
13 1 3
1 8 16
25 2 3
18 8 3
10 1 3
8 8 45
44 13 56
67 1 30
11 8 12
4 8 3
10 8 45
23 1 20
10 2 9
3 2 8
5 2 3
39 2 6
40 1 2
21 1 5
58 1 19
67 1 1
1 8 44
1 8 45
21 1 3
44 1 10
17 8 18
3 2 5
11 1 3
22 1 21
8 2 3
3 8 45
6 2 2
30 2 1
44 1 3
10 8 11
14 8 15
39 8 40
1 1 3
45 1 18
45 13 58
13 8 45
25 2 30
1 2 30
16 1 14
44 2 15
30 1 58
18 2 3
1 7 3
19 1 1
30 2 25
13 2 8
1 2 13
20 8 23
45 1 8
10 2 8
4 2 1
3 8 44
19 8 56
1 8 2
3 8 11
21 8 22
18 8 45
9 8 44
1 2 18
3 2 25
45 13 56
39 1 3
44 1 13
13 8 14
1 8 19
14 8 16
40 1 67
1 8 6
40 1 6
44 1 9
3 7 1
45 8 30
1 2 4
3 8 21
45 1 3
23 8 45
39 1 8
4 1 1
25 8 44
30 1 56
4 2 3
30 1 45
56 8 30
22 8 23
56 6 44
20 1 21
? 1 github_java_program_data/23/159.java

1 8 10
9 2 13
12 2 15
1 1 4
16 8 18
44 1 25
1 8 14
13 1 1
1 14 3
9 2 10
13 8 44
16 1 1
3 2 10
44 1 1
11 8 17
3 2 18
67 8 40
1 2 5
8 8 39
17 1 11
30 1 15
23 2 3
23 1 22
1 8 67
56 1 19
45 1 1
15 8 30
13 2 1
30 8 67
18 2 23
12 1 11
2 2 6
3 8 19
40 1 39
44 1 30
10 2 1
19 1 3
25 2 1
3 1 18
14 1 1
6 2 39
58 6 45
8 2 13
30 8 44
6 1 1
3 8 13
15 2 44
21 1 1
10 2 3
30 1 12
1 8 11
39 1 23
3 1 1
11 1 10
3 2 13
15 2 12
2 1 1
5 8 21
14 1 13
56 6 45
58 8 30
10 8 44
3 2 4
1 2 25
5 2 1
18 1 16
1 8 21
3 8 39
44 2 45
2 8 40
10 1 1
45 1 23
13 2 3
1 8 13
13 2 9
1 1 5
6 8 40
3 8 10
44 13 58
12 8 30
45 1 13
39 2 67
21 8 20
5 1 1
45 1 10
3 1 4
44 8 30
19 8 58
11 1 1
15 1 14
45 2 44
23 8 39
30 1 44
18 1 17
1 2 10
23 2 18
1 8 3
8 2 10
18 2 1
3 2 23
58 6 44
67 2 39
13 1 3
1 8 16
25 2 3
18 8 3
10 1 3
8 8 45
44 13 56
67 1 30
11 8 12
4 8 3
10 8 45
23 1 20
10 2 9
3 2 8
5 2 3
39 2 6
40 1 2
21 1 5
58 1 19
67 1 1
1 8 44
1 8 45
21 1 3
44 1 10
17 8 18
3 2 5
11 1 3
22 1 21
8 2 3
3 8 45
6 2 2
30 2 1
44 1 3
10 8 11
14 8 15
39 8 40
1 1 3
45 1 18
45 13 58
13 8 45
25 2 30
1 2 30
16 1 14
44 2 15
30 1 58
18 2 3
1 7 3
19 1 1
30 2 25
13 2 8
1 2 13
20 8 23
45 1 8
10 2 8
4 2 1
3 8 44
19 8 56
1 8 2
3 8 11
21 8 22
18 8 45
9 8 44
1 2 18
3 2 25
45 13 56
39 1 3
44 1 13
13 8 14
1 8 19
14 8 16
40 1 67
1 8 6
40 1 6
44 1 9
3 7 1
45 8 30
1 2 4
3 8 21
45 1 3
23 8 45
39 1 8
4 1 1
25 8 44
30 1 56
4 2 3
30 1 45
56 8 30
22 8 23
56 6 44
20 1 21
? 1 github_java_program_data/23/184.java

12 2 15
41 8 11
43 8 69
24 2 44
44 1 25
11 8 43
13 1 1
1 4 3
1 2 23
11 8 41
1 5 3
1 11 3
5 8 19
14 8 17
15 2 24
19 8 27
3 2 10
51 1 19
61 2 51
14 1 10
3 2 18
38 8 3
37 1 21
9 2 10
1 2 5
70 8 23
1 1 28
15 1 11
23 2 1
3 2 5
23 1 22
56 1 19
70 2 12
72 8 73
37 2 1
45 1 1
23 1 56
9 8 24
72 2 57
73 1 76
55 2 20
32 8 21
23 1 44
20 8 23
1 1 37
43 8 11
53 1 72
81 8 73
30 8 70
10 2 1
1 2 13
30 8 54
22 1 19
3 8 34
48 2 61
3 1 18
30 8 57
18 2 30
32 2 4
3 8 16
27 2 26
53 2 79
61 2 48
44 2 45
69 1 48
23 1 79
99 2 20
21 1 1
3 2 43
3 8 29
12 2 70
17 8 25
10 8 11
1 8 11
19 8 48
73 2 20
21 1 42
24 2 15
54 2 20
11 1 10
53 8 23
72 1 23
24 1 9
50 8 54
14 1 13
5 2 4
29 1 1
58 8 30
3 2 4
1 2 25
50 2 30
3 1 5
20 2 99
8 8 14
1 2 43
9 8 45
22 8 30
2 8 40
24 8 23
30 2 18
45 1 23
51 2 41
21 8 38
51 2 52
3 8 63
50 1 41
48 1 19
38 2 3
6 8 40
64 8 16
64 2 3
57 1 23
26 2 27
11 8 16
21 8 51
16 1 11
8 8 44
27 8 28
14 8 41
30 1 85
38 1 21
23 1 55
73 1 48
21 8 20
9 2 1
45 1 10
48 8 50
3 8 2
14 2 11
34 1 33
43 2 51
41 8 50
109 8 23
57 1 30
1 7 3
15 1 14
45 2 44
42 2 4
61 1 5
23 1 45
81 2 72
58 6 45
54 1 30
1 2 10
23 2 18
23 1 12
3 2 33
18 8 45
53 2 22
20 2 55
8 8 39
28 1 26
24 1 23
76 2 72
38 2 1
5 8 61
30 1 58
21 8 56
10 1 3
42 2 5
69 1 75
2 2 6
28 2 1
13 8 44
5 2 19
72 2 76
27 1 19
72 2 81
11 8 12
85 8 30
81 2 57
4 8 3
37 2 3
10 8 45
70 1 69
20 2 15
11 2 14
21 2 5
52 2 51
44 1 8
48 8 69
70 1 30
54 1 23
28 8 29
27 1 1
23 1 73
38 1 1
70 8 30
73 8 30
1 8 44
26 1 21
30 1 20
63 8 17
1 8 45
21 8 43
21 1 3
4 2 1
82 1 53
34 1 3
14 1 3
3 1 37
57 2 52
45 1 9
37 1 1
54 2 22
41 1 21
3 7 1
50 2 23
57 2 81
18 2 3
43 8 14
23 1 15
26 1 3
75 2 48
23 2 69
4 2 5
75 1 19
4 2 42
43 1 19
28 8 3
43 2 48
14 1 1
29 1 3
61 1 19
39 8 40
55 1 30
73 8 23
64 1 1
51 8 53
45 1 18
21 1 4
54 8 23
23 8 72
19 8 43
40 1 2
20 2 73
99 1 21
23 8 52
19 1 1
23 1 54
51 2 30
69 1 51
3 8 14
27 1 3
21 1 32
19 8 26
44 8 23
1 14 3
41 1 14
29 8 21
19 8 56
33 2 3
23 1 109
79 8 23
3 8 11
21 8 22
26 8 28
48 2 41
81 1 53
76 2 82
18 2 1
70 2 73
3 8 27
51 8 73
1 2 18
48 2 75
17 1 63
33 1 27
41 1 19
2 1 3
6 1 3
50 1 48
13 8 14
79 1 48
1 8 19
1 1 25
3 2 64
25 2 23
39 2 6
43 2 1
1 2 4
3 8 21
63 2 3
33 2 1
23 8 45
25 1 17
19 8 61
53 8 82
44 1 1
4 1 1
23 8 54
1 2 38
42 8 21
4 2 3
3 4 1
30 1 73
41 8 69
56 8 30
34 2 5
19 8 22
22 8 23
17 1 14
79 2 53
56 6 44
29 1 33
30 2 50
24 1 18
1 8 10
58 1 21
28 1 27
1 1 4
16 8 18
4 2 34
52 8 73
23 8 24
19 8 41
19 8 51
52 8 53
72 2 48
53 1 57
56 8 23
5 2 29
73 2 70
14 1 43
17 1 3
25 1 1
23 8 44
28 1 1
11 1 41
21 1 29
19 1 5
21 8 58
14 1 8
15 8 23
44 1 23
23 8 70
19 1 34
23 8 57
3 2 41
51 2 75
69 8 70
41 2 51
75 8 69
1 2 41
13 2 1
18 2 23
30 2 51
4 2 32
54 2 15
12 1 11
30 8 55
1 8 27
3 8 19
73 1 51
70 2 22
40 1 39
1 1 33
29 1 28
19 8 75
19 1 3
25 2 1
72 8 53
29 2 5
1 8 29
8 2 13
45 1 30
20 8 30
41 8 14
44 2 24
3 8 13
27 1 21
30 8 45
19 8 20
33 1 26
10 2 3
3 2 13
30 1 12
48 8 73
39 1 23
3 1 1
52 1 23
1 8 39
15 2 12
57 8 73
48 1 21
82 8 73
45 8 23
3 2 38
23 8 76
73 1 82
14 1 41
48 8 53
32 8 19
18 1 16
34 1 28
53 8 81
1 8 21
61 1 21
76 1 23
70 1 23
34 8 21
69 2 23
51 2 72
82 2 52
10 1 1
52 1 30
30 8 79
58 8 23
53 1 52
13 2 3
63 1 3
37 8 3
51 2 43
1 1 5
43 1 11
3 8 6
3 8 10
8 2 1
1 8 24
30 2 69
22 2 54
55 1 51
42 8 19
51 2 61
48 2 72
23 1 24
21 8 48
40 1 6
54 1 50
3 1 4
34 1 1
19 8 58
4 2 29
28 8 34
70 2 58
99 8 23
23 1 70
11 1 1
22 2 70
57 2 72
23 8 39
56 1 21
21 1 34
73 1 72
3 2 28
1 8 3
4 8 21
38 1 19
12 8 30
32 2 5
11 1 9
13 1 3
5 2 21
19 8 37
21 8 61
18 8 3
19 1 29
53 1 51
44 13 56
23 1 99
79 1 30
24 1 1
14 8 12
1 1 38
13 8 11
19 2 5
22 2 53
3 8 45
1 8 64
3 5 1
1 8 34
1 12 3
10 2 9
69 1 43
30 1 70
48 2 30
51 8 69
23 1 53
5 2 3
73 1 81
1 2 28
23 1 58
50 1 51
21 1 5
58 1 19
21 8 26
1 2 9
72 2 51
5 2 42
4 8 19
1 2 33
5 8 21
19 1 32
39 1 1
29 8 19
30 2 48
34 8 19
72 1 30
52 2 48
19 8 38
53 1 48
33 1 1
11 1 3
61 8 50
20 2 54
16 1 64
48 2 52
50 1 61
30 1 22
43 1 21
6 2 2
48 8 79
6 2 39
28 2 3
51 1 21
30 1 56
14 8 15
11 1 43
58 2 70
22 2 20
57 8 53
51 8 55
76 8 73
21 8 27
3 2 37
33 8 34
23 2 50
5 2 32
69 1 41
20 1 19
73 1 52
30 8 72
18 8 24
11 8 15
26 1 19
43 8 50
41 2 3
19 1 42
41 1 11
3 8 17
1 1 3
13 2 8
22 1 21
29 2 4
27 8 33
12 1 14
41 2 48
3 2 63
21 8 37
82 2 76
39 1 8
3 1 38
45 13 58
20 2 22
30 8 52
1 8 14
16 1 3
12 8 23
43 2 3
26 8 33
15 2 54
51 8 50
55 8 23
23 2 25
33 8 29
10 8 14
1 2 8
52 2 57
5 8 3
23 1 20
44 1 13
34 2 4
21 8 99
1 8 13
14 8 16
5 1 1
15 2 20
69 2 30
75 2 51
11 1 13
45 1 3
9 8 11
5 2 1
3 1 28
19 1 4
25 8 44
37 1 19
3 8 26
21 8 41
16 1 14
1 2 37
20 1 21
50 1 43
52 2 82
48 2 43
5 2 34
73 1 57
41 2 1
? 1 github_java_program_data/23/205.java

1 8 10
9 2 13
12 2 15
1 1 4
16 8 18
44 1 25
1 8 14
13 1 1
1 14 3
9 2 10
13 8 44
16 1 1
3 2 10
44 1 1
11 8 17
3 2 18
67 8 40
1 2 5
8 8 39
17 1 11
30 1 15
23 2 3
23 1 22
1 8 67
56 1 19
45 1 1
15 8 30
13 2 1
30 8 67
18 2 23
12 1 11
2 2 6
3 8 19
40 1 39
44 1 30
10 2 1
19 1 3
25 2 1
3 1 18
14 1 1
6 2 39
58 6 45
8 2 13
30 8 44
6 1 1
3 8 13
15 2 44
21 1 1
10 2 3
30 1 12
1 8 11
39 1 23
3 1 1
11 1 10
3 2 13
15 2 12
2 1 1
5 8 21
14 1 13
56 6 45
58 8 30
10 8 44
3 2 4
1 2 25
5 2 1
18 1 16
1 8 21
3 8 39
44 2 45
2 8 40
10 1 1
45 1 23
13 2 3
1 8 13
13 2 9
1 1 5
6 8 40
3 8 10
44 13 58
12 8 30
45 1 13
39 2 67
21 8 20
5 1 1
45 1 10
3 1 4
44 8 30
19 8 58
11 1 1
15 1 14
45 2 44
23 8 39
30 1 44
18 1 17
1 2 10
23 2 18
1 8 3
8 2 10
18 2 1
3 2 23
58 6 44
67 2 39
13 1 3
1 8 16
25 2 3
18 8 3
10 1 3
8 8 45
44 13 56
67 1 30
11 8 12
4 8 3
10 8 45
23 1 20
10 2 9
3 2 8
5 2 3
39 2 6
40 1 2
21 1 5
58 1 19
67 1 1
1 8 44
1 8 45
21 1 3
44 1 10
17 8 18
3 2 5
11 1 3
22 1 21
8 2 3
3 8 45
6 2 2
30 2 1
44 1 3
10 8 11
14 8 15
39 8 40
1 1 3
45 1 18
45 13 58
13 8 45
25 2 30
1 2 30
16 1 14
44 2 15
30 1 58
18 2 3
1 7 3
19 1 1
30 2 25
13 2 8
1 2 13
20 8 23
45 1 8
10 2 8
4 2 1
3 8 44
19 8 56
1 8 2
3 8 11
21 8 22
18 8 45
9 8 44
1 2 18
3 2 25
45 13 56
39 1 3
44 1 13
13 8 14
1 8 19
14 8 16
40 1 67
1 8 6
40 1 6
44 1 9
3 7 1
45 8 30
1 2 4
3 8 21
45 1 3
23 8 45
39 1 8
4 1 1
25 8 44
30 1 56
4 2 3
30 1 45
56 8 30
22 8 23
56 6 44
20 1 21
? 1 github_java_program_data/23/209.java

24 1 18
1 8 10
9 2 13
1 2 37
44 1 1
16 8 18
44 1 25
13 1 1
23 8 24
9 2 10
1 5 3
1 7 3
56 8 23
5 8 19
14 8 17
17 1 3
25 1 1
1 1 4
13 2 3
3 1 18
21 8 58
1 2 5
8 8 39
10 1 3
3 8 63
23 1 22
37 2 1
5 2 4
23 1 56
9 8 24
13 2 1
18 2 23
12 1 11
1 14 3
45 13 56
20 8 23
1 1 37
40 1 39
44 1 30
10 2 1
22 1 19
19 1 3
25 2 1
19 1 5
8 2 13
30 8 44
5 2 1
3 8 16
30 1 24
16 2 17
44 2 24
3 8 13
1 1 38
24 2 44
19 8 20
21 1 1
10 2 3
13 8 44
30 1 12
3 2 18
17 8 25
1 8 11
15 2 24
3 1 1
24 2 15
11 1 10
3 2 13
15 2 12
24 1 9
14 1 13
14 8 15
3 2 38
58 8 30
10 8 44
3 2 4
1 2 25
3 1 5
18 1 16
8 8 14
44 2 45
22 8 30
1 8 19
2 8 40
10 1 1
45 1 23
3 5 1
21 8 38
1 8 13
3 2 5
37 8 3
38 2 3
1 1 25
64 8 16
64 2 3
3 8 10
8 2 1
11 8 16
1 8 24
16 1 11
8 8 44
38 1 21
45 1 13
9 2 1
25 1 16
16 8 25
45 1 10
38 8 3
3 1 4
44 8 30
17 2 16
14 1 8
63 2 3
11 1 1
15 1 14
45 2 44
4 2 5
30 1 44
8 2 10
18 1 17
1 2 10
23 2 18
3 2 10
1 8 3
24 8 30
18 8 45
38 1 19
12 8 30
11 1 9
13 1 3
24 1 23
1 4 3
39 1 30
18 8 3
21 8 56
3 8 2
30 1 15
44 13 56
24 1 1
11 8 12
13 8 11
4 8 3
37 2 3
1 8 64
10 8 45
23 8 45
23 1 20
44 13 58
10 2 9
44 1 8
5 2 3
40 1 2
1 2 9
39 1 1
38 1 1
1 8 44
63 8 17
25 2 30
4 8 19
21 1 3
44 1 10
17 8 18
30 1 22
14 1 3
3 1 37
11 1 13
37 1 1
19 8 38
30 1 58
11 1 3
16 1 64
15 8 30
3 8 17
3 8 45
30 2 1
13 2 9
10 8 11
19 1 1
20 2 22
56 1 21
39 8 40
64 1 1
30 2 25
45 1 18
3 2 37
13 8 45
1 2 30
20 1 19
18 8 24
22 2 20
1 8 39
18 2 3
1 2 13
14 1 1
1 1 3
13 2 8
3 8 14
2 2 39
58 6 44
3 2 63
56 6 45
1 2 4
3 8 19
3 1 38
19 1 4
58 1 21
1 8 14
16 1 3
18 2 1
12 2 15
1 8 21
1 2 18
1 2 8
17 1 63
10 2 8
5 8 3
2 1 3
44 1 13
13 8 14
63 1 3
9 8 45
3 2 64
3 7 1
45 8 30
4 2 1
3 8 21
45 1 9
45 1 3
9 8 11
25 1 17
39 1 8
4 1 1
25 8 44
30 8 39
1 2 38
30 1 56
4 2 3
3 4 1
30 1 45
38 2 1
56 8 30
19 8 22
22 8 23
17 1 14
39 2 2
56 6 44
3 8 11
? 1 github_java_program_data/23/231.java

24 1 18
1 8 10
9 2 13
1 2 37
44 1 1
16 8 18
44 1 25
13 1 1
23 8 24
9 2 10
1 5 3
1 7 3
56 8 23
5 8 19
14 8 17
17 1 3
25 1 1
1 1 4
13 2 3
3 1 18
21 8 58
1 2 5
8 8 39
10 1 3
3 8 63
23 1 22
37 2 1
5 2 4
23 1 56
9 8 24
13 2 1
18 2 23
12 1 11
1 14 3
45 13 56
20 8 23
1 1 37
40 1 39
44 1 30
10 2 1
22 1 19
19 1 3
25 2 1
19 1 5
8 2 13
30 8 44
5 2 1
3 8 16
30 1 24
16 2 17
44 2 24
3 8 13
1 1 38
24 2 44
19 8 20
21 1 1
10 2 3
13 8 44
30 1 12
3 2 18
17 8 25
1 8 11
15 2 24
3 1 1
24 2 15
11 1 10
3 2 13
15 2 12
24 1 9
14 1 13
14 8 15
3 2 38
58 8 30
10 8 44
3 2 4
1 2 25
3 1 5
18 1 16
8 8 14
44 2 45
22 8 30
1 8 19
2 8 40
10 1 1
45 1 23
3 5 1
21 8 38
1 8 13
3 2 5
37 8 3
38 2 3
1 1 25
64 8 16
64 2 3
3 8 10
8 2 1
11 8 16
1 8 24
16 1 11
8 8 44
38 1 21
45 1 13
9 2 1
25 1 16
16 8 25
45 1 10
38 8 3
3 1 4
44 8 30
17 2 16
14 1 8
63 2 3
11 1 1
15 1 14
45 2 44
4 2 5
30 1 44
8 2 10
18 1 17
1 2 10
23 2 18
3 2 10
1 8 3
24 8 30
18 8 45
38 1 19
12 8 30
11 1 9
13 1 3
24 1 23
1 4 3
39 1 30
18 8 3
21 8 56
3 8 2
30 1 15
44 13 56
24 1 1
11 8 12
13 8 11
4 8 3
37 2 3
1 8 64
10 8 45
23 8 45
23 1 20
44 13 58
10 2 9
44 1 8
5 2 3
40 1 2
1 2 9
39 1 1
38 1 1
1 8 44
63 8 17
25 2 30
4 8 19
21 1 3
44 1 10
17 8 18
30 1 22
14 1 3
3 1 37
11 1 13
37 1 1
19 8 38
30 1 58
11 1 3
16 1 64
15 8 30
3 8 17
3 8 45
30 2 1
13 2 9
10 8 11
19 1 1
20 2 22
56 1 21
39 8 40
64 1 1
30 2 25
45 1 18
3 2 37
13 8 45
1 2 30
20 1 19
18 8 24
22 2 20
1 8 39
18 2 3
1 2 13
14 1 1
1 1 3
13 2 8
3 8 14
2 2 39
58 6 44
3 2 63
56 6 45
1 2 4
3 8 19
3 1 38
19 1 4
58 1 21
1 8 14
16 1 3
18 2 1
12 2 15
1 8 21
1 2 18
1 2 8
17 1 63
10 2 8
5 8 3
2 1 3
44 1 13
13 8 14
63 1 3
9 8 45
3 2 64
3 7 1
45 8 30
4 2 1
3 8 21
45 1 9
45 1 3
9 8 11
25 1 17
39 1 8
4 1 1
25 8 44
30 8 39
1 2 38
30 1 56
4 2 3
3 4 1
30 1 45
38 2 1
56 8 30
19 8 22
22 8 23
17 1 14
39 2 2
56 6 44
3 8 11
? 1 github_java_program_data/23/256.java

1 8 10
9 2 13
12 2 15
1 1 4
16 8 18
44 1 25
1 8 14
13 1 1
1 14 3
9 2 10
13 8 44
16 1 1
3 2 10
44 1 1
11 8 17
3 2 18
67 8 40
1 2 5
8 8 39
17 1 11
30 1 15
23 2 3
23 1 22
1 8 67
56 1 19
45 1 1
15 8 30
13 2 1
30 8 67
18 2 23
12 1 11
2 2 6
3 8 19
40 1 39
44 1 30
10 2 1
19 1 3
25 2 1
3 1 18
14 1 1
6 2 39
58 6 45
8 2 13
30 8 44
6 1 1
3 8 13
15 2 44
21 1 1
10 2 3
30 1 12
1 8 11
39 1 23
3 1 1
11 1 10
3 2 13
15 2 12
2 1 1
5 8 21
14 1 13
56 6 45
58 8 30
10 8 44
3 2 4
1 2 25
5 2 1
18 1 16
1 8 21
3 8 39
44 2 45
2 8 40
10 1 1
45 1 23
13 2 3
1 8 13
13 2 9
1 1 5
6 8 40
3 8 10
44 13 58
12 8 30
45 1 13
39 2 67
21 8 20
5 1 1
45 1 10
3 1 4
44 8 30
19 8 58
11 1 1
15 1 14
45 2 44
23 8 39
30 1 44
18 1 17
1 2 10
23 2 18
1 8 3
8 2 10
18 2 1
3 2 23
58 6 44
67 2 39
13 1 3
1 8 16
25 2 3
18 8 3
10 1 3
8 8 45
44 13 56
67 1 30
11 8 12
4 8 3
10 8 45
23 1 20
10 2 9
3 2 8
5 2 3
39 2 6
40 1 2
21 1 5
58 1 19
67 1 1
1 8 44
1 8 45
21 1 3
44 1 10
17 8 18
3 2 5
11 1 3
22 1 21
8 2 3
3 8 45
6 2 2
30 2 1
44 1 3
10 8 11
14 8 15
39 8 40
1 1 3
45 1 18
45 13 58
13 8 45
25 2 30
1 2 30
16 1 14
44 2 15
30 1 58
18 2 3
1 7 3
19 1 1
30 2 25
13 2 8
1 2 13
20 8 23
45 1 8
10 2 8
4 2 1
3 8 44
19 8 56
1 8 2
3 8 11
21 8 22
18 8 45
9 8 44
1 2 18
3 2 25
45 13 56
39 1 3
44 1 13
13 8 14
1 8 19
14 8 16
40 1 67
1 8 6
40 1 6
44 1 9
3 7 1
45 8 30
1 2 4
3 8 21
45 1 3
23 8 45
39 1 8
4 1 1
25 8 44
30 1 56
4 2 3
30 1 45
56 8 30
22 8 23
56 6 44
20 1 21
? 1 github_java_program_data/23/259.java

1 8 10
9 2 13
12 2 15
1 1 4
16 8 18
44 1 25
1 8 14
13 1 1
1 14 3
9 2 10
13 8 44
16 1 1
3 2 10
44 1 1
11 8 17
3 2 18
67 8 40
1 2 5
8 8 39
17 1 11
30 1 15
23 2 3
23 1 22
1 8 67
56 1 19
45 1 1
15 8 30
13 2 1
30 8 67
18 2 23
12 1 11
2 2 6
3 8 19
40 1 39
44 1 30
10 2 1
19 1 3
25 2 1
3 1 18
14 1 1
6 2 39
58 6 45
8 2 13
30 8 44
6 1 1
3 8 13
15 2 44
21 1 1
10 2 3
30 1 12
1 8 11
39 1 23
3 1 1
11 1 10
3 2 13
15 2 12
2 1 1
5 8 21
14 1 13
56 6 45
58 8 30
10 8 44
3 2 4
1 2 25
5 2 1
18 1 16
1 8 21
3 8 39
44 2 45
2 8 40
10 1 1
45 1 23
13 2 3
1 8 13
13 2 9
1 1 5
6 8 40
3 8 10
44 13 58
12 8 30
45 1 13
39 2 67
21 8 20
5 1 1
45 1 10
3 1 4
44 8 30
19 8 58
11 1 1
15 1 14
45 2 44
23 8 39
30 1 44
18 1 17
1 2 10
23 2 18
1 8 3
8 2 10
18 2 1
3 2 23
58 6 44
67 2 39
13 1 3
1 8 16
25 2 3
18 8 3
10 1 3
8 8 45
44 13 56
67 1 30
11 8 12
4 8 3
10 8 45
23 1 20
10 2 9
3 2 8
5 2 3
39 2 6
40 1 2
21 1 5
58 1 19
67 1 1
1 8 44
1 8 45
21 1 3
44 1 10
17 8 18
3 2 5
11 1 3
22 1 21
8 2 3
3 8 45
6 2 2
30 2 1
44 1 3
10 8 11
14 8 15
39 8 40
1 1 3
45 1 18
45 13 58
13 8 45
25 2 30
1 2 30
16 1 14
44 2 15
30 1 58
18 2 3
1 7 3
19 1 1
30 2 25
13 2 8
1 2 13
20 8 23
45 1 8
10 2 8
4 2 1
3 8 44
19 8 56
1 8 2
3 8 11
21 8 22
18 8 45
9 8 44
1 2 18
3 2 25
45 13 56
39 1 3
44 1 13
13 8 14
1 8 19
14 8 16
40 1 67
1 8 6
40 1 6
44 1 9
3 7 1
45 8 30
1 2 4
3 8 21
45 1 3
23 8 45
39 1 8
4 1 1
25 8 44
30 1 56
4 2 3
30 1 45
56 8 30
22 8 23
56 6 44
20 1 21
? 1 github_java_program_data/23/284.java

24 1 18
1 8 10
9 2 13
1 2 37
44 1 1
16 8 18
44 1 25
13 1 1
23 8 24
9 2 10
1 5 3
1 7 3
56 8 23
5 8 19
14 8 17
17 1 3
25 1 1
1 1 4
13 2 3
3 1 18
21 8 58
1 2 5
8 8 39
10 1 3
3 8 63
23 1 22
37 2 1
5 2 4
23 1 56
9 8 24
13 2 1
18 2 23
12 1 11
1 14 3
45 13 56
20 8 23
1 1 37
40 1 39
44 1 30
10 2 1
22 1 19
19 1 3
25 2 1
19 1 5
8 2 13
30 8 44
5 2 1
3 8 16
30 1 24
16 2 17
44 2 24
3 8 13
1 1 38
24 2 44
19 8 20
21 1 1
10 2 3
13 8 44
30 1 12
3 2 18
17 8 25
1 8 11
15 2 24
3 1 1
24 2 15
11 1 10
3 2 13
15 2 12
24 1 9
14 1 13
14 8 15
3 2 38
58 8 30
10 8 44
3 2 4
1 2 25
3 1 5
18 1 16
8 8 14
44 2 45
22 8 30
1 8 19
2 8 40
10 1 1
45 1 23
3 5 1
21 8 38
1 8 13
3 2 5
37 8 3
38 2 3
1 1 25
64 8 16
64 2 3
3 8 10
8 2 1
11 8 16
1 8 24
16 1 11
8 8 44
38 1 21
45 1 13
9 2 1
25 1 16
16 8 25
45 1 10
38 8 3
3 1 4
44 8 30
17 2 16
14 1 8
63 2 3
11 1 1
15 1 14
45 2 44
4 2 5
30 1 44
8 2 10
18 1 17
1 2 10
23 2 18
3 2 10
1 8 3
24 8 30
18 8 45
38 1 19
12 8 30
11 1 9
13 1 3
24 1 23
1 4 3
39 1 30
18 8 3
21 8 56
3 8 2
30 1 15
44 13 56
24 1 1
11 8 12
13 8 11
4 8 3
37 2 3
1 8 64
10 8 45
23 8 45
23 1 20
44 13 58
10 2 9
44 1 8
5 2 3
40 1 2
1 2 9
39 1 1
38 1 1
1 8 44
63 8 17
25 2 30
4 8 19
21 1 3
44 1 10
17 8 18
30 1 22
14 1 3
3 1 37
11 1 13
37 1 1
19 8 38
30 1 58
11 1 3
16 1 64
15 8 30
3 8 17
3 8 45
30 2 1
13 2 9
10 8 11
19 1 1
20 2 22
56 1 21
39 8 40
64 1 1
30 2 25
45 1 18
3 2 37
13 8 45
1 2 30
20 1 19
18 8 24
22 2 20
1 8 39
18 2 3
1 2 13
14 1 1
1 1 3
13 2 8
3 8 14
2 2 39
58 6 44
3 2 63
56 6 45
1 2 4
3 8 19
3 1 38
19 1 4
58 1 21
1 8 14
16 1 3
18 2 1
12 2 15
1 8 21
1 2 18
1 2 8
17 1 63
10 2 8
5 8 3
2 1 3
44 1 13
13 8 14
63 1 3
9 8 45
3 2 64
3 7 1
45 8 30
4 2 1
3 8 21
45 1 9
45 1 3
9 8 11
25 1 17
39 1 8
4 1 1
25 8 44
30 8 39
1 2 38
30 1 56
4 2 3
3 4 1
30 1 45
38 2 1
56 8 30
19 8 22
22 8 23
17 1 14
39 2 2
56 6 44
3 8 11
? 1 github_java_program_data/23/306.java

24 1 18
1 8 10
9 2 13
1 2 37
44 1 1
16 8 18
44 1 25
13 1 1
23 8 24
9 2 10
1 5 3
1 7 3
56 8 23
5 8 19
14 8 17
17 1 3
25 1 1
1 1 4
13 2 3
3 1 18
21 8 58
1 2 5
8 8 39
10 1 3
3 8 63
23 1 22
37 2 1
5 2 4
23 1 56
9 8 24
13 2 1
18 2 23
12 1 11
1 14 3
45 13 56
20 8 23
1 1 37
40 1 39
44 1 30
10 2 1
22 1 19
19 1 3
25 2 1
19 1 5
8 2 13
30 8 44
5 2 1
3 8 16
30 1 24
16 2 17
44 2 24
3 8 13
1 1 38
24 2 44
19 8 20
21 1 1
10 2 3
13 8 44
30 1 12
3 2 18
17 8 25
1 8 11
15 2 24
3 1 1
24 2 15
11 1 10
3 2 13
15 2 12
24 1 9
14 1 13
14 8 15
3 2 38
58 8 30
10 8 44
3 2 4
1 2 25
3 1 5
18 1 16
8 8 14
44 2 45
22 8 30
1 8 19
2 8 40
10 1 1
45 1 23
3 5 1
21 8 38
1 8 13
3 2 5
37 8 3
38 2 3
1 1 25
64 8 16
64 2 3
3 8 10
8 2 1
11 8 16
1 8 24
16 1 11
8 8 44
38 1 21
45 1 13
9 2 1
25 1 16
16 8 25
45 1 10
38 8 3
3 1 4
44 8 30
17 2 16
14 1 8
63 2 3
11 1 1
15 1 14
45 2 44
4 2 5
30 1 44
8 2 10
18 1 17
1 2 10
23 2 18
3 2 10
1 8 3
24 8 30
18 8 45
38 1 19
12 8 30
11 1 9
13 1 3
24 1 23
1 4 3
39 1 30
18 8 3
21 8 56
3 8 2
30 1 15
44 13 56
24 1 1
11 8 12
13 8 11
4 8 3
37 2 3
1 8 64
10 8 45
23 8 45
23 1 20
44 13 58
10 2 9
44 1 8
5 2 3
40 1 2
1 2 9
39 1 1
38 1 1
1 8 44
63 8 17
25 2 30
4 8 19
21 1 3
44 1 10
17 8 18
30 1 22
14 1 3
3 1 37
11 1 13
37 1 1
19 8 38
30 1 58
11 1 3
16 1 64
15 8 30
3 8 17
3 8 45
30 2 1
13 2 9
10 8 11
19 1 1
20 2 22
56 1 21
39 8 40
64 1 1
30 2 25
45 1 18
3 2 37
13 8 45
1 2 30
20 1 19
18 8 24
22 2 20
1 8 39
18 2 3
1 2 13
14 1 1
1 1 3
13 2 8
3 8 14
2 2 39
58 6 44
3 2 63
56 6 45
1 2 4
3 8 19
3 1 38
19 1 4
58 1 21
1 8 14
16 1 3
18 2 1
12 2 15
1 8 21
1 2 18
1 2 8
17 1 63
10 2 8
5 8 3
2 1 3
44 1 13
13 8 14
63 1 3
9 8 45
3 2 64
3 7 1
45 8 30
4 2 1
3 8 21
45 1 9
45 1 3
9 8 11
25 1 17
39 1 8
4 1 1
25 8 44
30 8 39
1 2 38
30 1 56
4 2 3
3 4 1
30 1 45
38 2 1
56 8 30
19 8 22
22 8 23
17 1 14
39 2 2
56 6 44
3 8 11
? 1 github_java_program_data/23/31.java

79 1 23
9 2 13
41 8 11
43 8 69
11 8 43
13 1 1
4 2 34
11 8 41
1 5 3
1 2 63
5 8 19
96 8 64
19 8 27
3 2 10
51 1 19
61 2 51
14 1 10
13 2 3
42 2 4
1 2 5
70 8 23
1 1 28
15 1 11
3 2 5
23 1 22
56 1 19
72 8 73
7 8 40
45 1 1
34 1 28
23 1 56
50 8 70
72 2 57
1 8 26
32 8 21
23 1 44
20 8 23
1 1 37
43 8 11
10 2 1
12 2 73
14 1 9
8 2 3
22 1 19
48 2 61
3 1 18
30 8 57
58 6 45
22 2 15
32 2 4
27 2 26
12 2 20
16 2 17
79 2 12
53 1 76
28 2 3
44 1 18
21 1 1
3 2 43
3 8 29
48 8 55
17 8 25
10 8 11
1 8 11
19 8 48
21 1 42
11 1 10
30 1 58
72 1 23
43 2 48
2 1 1
14 8 17
14 1 13
30 1 53
56 6 45
29 1 1
58 8 30
3 2 4
1 2 25
50 2 30
3 1 5
7 2 6
72 2 48
1 2 43
22 8 30
2 8 40
79 2 22
61 1 19
30 2 18
12 2 15
51 2 41
3 2 13
76 1 30
3 8 63
50 1 41
48 1 19
53 2 55
6 8 40
64 2 3
21 8 75
57 1 23
48 2 72
21 8 51
8 8 44
27 8 28
23 2 69
45 1 13
23 1 55
9 2 8
23 2 51
73 1 48
21 8 20
79 2 20
45 1 10
48 8 50
12 2 44
43 2 51
70 2 20
41 8 50
57 1 30
56 2 20
1 7 3
15 1 14
45 2 44
4 2 5
54 1 50
15 2 20
18 1 17
1 2 28
23 2 18
23 1 12
3 2 33
8 2 10
18 2 1
57 2 72
7 2 39
8 8 39
50 8 54
28 1 26
42 8 21
17 1 11
21 8 56
12 2 54
10 1 3
42 2 5
69 1 75
15 2 70
20 2 53
13 8 44
27 1 19
11 8 12
15 2 55
4 8 3
22 2 58
43 1 14
10 8 45
20 2 15
23 1 45
44 13 58
20 2 70
17 2 16
23 2 50
41 2 1
44 1 8
3 2 8
70 1 30
54 1 23
40 1 2
27 1 1
79 8 30
23 1 73
1 8 29
73 8 30
1 8 44
26 1 21
30 1 20
55 8 30
63 8 17
1 8 45
21 8 43
21 1 3
7 1 1
54 8 30
34 1 3
14 1 3
70 1 50
44 1 1
20 2 12
54 2 22
75 8 69
43 8 50
3 7 1
50 2 23
44 2 12
22 2 55
43 8 14
15 8 30
23 1 15
26 1 3
73 2 12
4 2 42
43 1 19
28 8 3
40 1 7
5 2 4
16 1 14
29 1 3
56 1 21
39 8 40
55 1 30
73 8 23
30 2 25
13 8 45
23 2 64
63 2 1
21 1 4
55 2 53
48 2 43
23 8 72
19 8 43
25 8 45
28 2 1
1 2 10
23 8 52
19 1 1
51 2 30
58 6 44
69 1 51
3 8 14
27 1 3
21 1 32
19 8 26
44 8 23
10 2 8
1 2 4
3 8 44
3 8 19
33 2 3
1 8 2
34 2 5
29 1 33
21 8 22
26 8 28
9 8 44
45 2 12
3 8 27
51 8 73
1 2 18
3 2 25
17 1 63
33 1 27
41 1 19
50 1 48
13 8 14
79 1 48
63 1 3
30 8 70
40 1 6
55 2 58
43 2 1
12 2 55
3 8 21
3 8 96
2 2 6
29 8 21
25 1 17
19 8 61
19 8 56
4 1 1
23 8 54
22 2 73
30 1 55
30 1 54
4 2 3
3 4 1
30 1 73
18 2 30
20 2 79
56 8 30
19 8 22
23 8 55
12 2 45
6 2 7
17 1 14
22 2 54
56 6 44
20 1 21
30 2 50
1 8 10
1 11 3
28 1 27
1 1 4
16 8 18
1 8 14
1 14 3
19 8 41
19 8 51
15 2 12
56 8 23
5 2 29
14 1 43
41 2 3
8 2 9
23 8 44
14 8 43
28 1 1
11 1 41
21 1 29
19 1 5
21 8 58
15 8 23
44 1 23
30 1 15
19 1 34
23 8 57
3 2 41
51 2 75
41 2 51
75 1 21
1 2 41
13 2 1
18 2 23
30 2 51
54 2 12
12 1 11
30 8 55
1 8 27
1 8 6
73 1 51
40 1 39
44 1 30
1 1 33
22 2 53
19 1 3
6 1 1
25 2 1
29 2 5
8 2 13
30 8 44
20 8 30
22 2 12
41 8 14
3 8 13
27 1 21
30 8 45
19 8 20
33 1 26
10 2 3
30 1 12
48 8 73
37 2 3
39 1 23
3 1 1
12 2 22
52 1 23
15 2 22
57 8 73
48 1 21
30 2 48
39 2 7
45 8 23
29 2 4
39 1 3
10 8 44
45 1 30
79 1 51
14 1 41
9 8 14
32 8 19
18 1 16
64 1 96
1 8 21
3 8 39
44 2 45
26 1 1
34 8 21
69 2 23
51 2 72
10 1 1
30 8 79
58 8 23
53 1 52
3 2 18
1 8 19
26 8 33
51 2 43
1 1 5
43 1 11
1 8 34
3 8 10
3 2 64
55 2 12
15 2 44
51 2 23
55 1 51
42 8 19
51 2 61
26 2 27
54 1 69
48 2 23
22 2 79
21 8 48
25 1 16
16 8 25
16 1 1
3 1 4
34 1 1
19 8 58
28 8 34
79 2 15
4 2 32
58 2 55
23 1 70
11 1 1
23 8 39
3 1 25
1 4 3
73 1 72
73 2 22
3 2 28
1 8 3
4 8 21
51 8 55
12 8 30
32 2 5
23 2 48
13 1 3
1 8 16
25 2 3
45 1 25
64 2 23
18 8 3
19 1 29
33 8 3
8 8 45
44 13 56
79 1 30
25 8 3
76 2 52
14 8 12
3 8 34
13 8 11
53 2 20
33 2 1
3 8 45
3 5 1
96 1 3
1 12 3
4 2 29
69 1 43
21 1 34
48 2 52
48 2 30
51 8 69
76 8 53
5 2 3
30 8 76
53 8 30
61 2 48
23 1 58
50 1 51
21 1 5
58 1 19
21 8 26
72 2 51
5 2 42
3 8 11
55 2 15
4 8 19
1 2 33
5 8 21
27 8 33
44 1 10
17 8 18
29 8 19
34 8 19
72 1 30
52 2 48
52 2 76
55 2 22
53 1 48
33 1 1
11 1 3
70 2 15
61 8 50
22 1 21
15 2 79
50 1 61
30 1 22
43 1 21
6 2 2
48 8 79
53 2 22
13 2 9
44 1 3
64 8 39
51 1 21
3 8 26
14 8 15
11 1 43
22 2 20
21 8 27
3 2 37
45 13 58
5 2 32
44 2 15
25 2 30
20 1 19
69 8 54
30 8 72
11 8 15
20 2 56
26 1 19
55 1 23
18 2 3
19 1 42
41 1 11
14 1 1
1 1 3
58 2 22
13 2 8
1 2 13
19 1 32
12 1 14
12 2 79
48 8 53
45 1 8
4 2 1
39 1 8
23 8 79
20 2 22
58 1 21
1 8 17
52 8 53
3 1 33
12 8 23
1 8 7
22 8 23
51 8 50
55 8 23
33 8 29
17 1 1
30 1 79
10 8 14
45 13 56
5 8 3
23 1 20
44 1 13
34 2 4
1 8 13
14 8 16
5 1 1
44 1 9
75 2 51
11 1 13
45 1 3
43 2 3
5 2 1
3 1 28
19 1 4
30 1 56
21 8 41
37 1 1
18 8 44
51 8 79
50 1 43
55 1 48
11 8 17
39 1 64
5 2 34
73 1 57
41 1 21
? 1 github_java_program_data/23/33.java

1 8 10
9 2 13
12 2 15
1 1 4
16 8 18
44 1 25
1 8 14
13 1 1
1 14 3
9 2 10
13 8 44
16 1 1
3 2 10
44 1 1
11 8 17
3 2 18
67 8 40
1 2 5
8 8 39
17 1 11
30 1 15
23 2 3
23 1 22
1 8 67
56 1 19
45 1 1
15 8 30
13 2 1
30 8 67
18 2 23
12 1 11
2 2 6
3 8 19
40 1 39
44 1 30
10 2 1
19 1 3
25 2 1
3 1 18
14 1 1
6 2 39
58 6 45
8 2 13
30 8 44
6 1 1
3 8 13
15 2 44
21 1 1
10 2 3
30 1 12
1 8 11
39 1 23
3 1 1
11 1 10
3 2 13
15 2 12
2 1 1
5 8 21
14 1 13
56 6 45
58 8 30
10 8 44
3 2 4
1 2 25
5 2 1
18 1 16
1 8 21
3 8 39
44 2 45
2 8 40
10 1 1
45 1 23
13 2 3
1 8 13
13 2 9
1 1 5
6 8 40
3 8 10
44 13 58
12 8 30
45 1 13
39 2 67
21 8 20
5 1 1
45 1 10
3 1 4
44 8 30
19 8 58
11 1 1
15 1 14
45 2 44
23 8 39
30 1 44
18 1 17
1 2 10
23 2 18
1 8 3
8 2 10
18 2 1
3 2 23
58 6 44
67 2 39
13 1 3
1 8 16
25 2 3
18 8 3
10 1 3
8 8 45
44 13 56
67 1 30
11 8 12
4 8 3
10 8 45
23 1 20
10 2 9
3 2 8
5 2 3
39 2 6
40 1 2
21 1 5
58 1 19
67 1 1
1 8 44
1 8 45
21 1 3
44 1 10
17 8 18
3 2 5
11 1 3
22 1 21
8 2 3
3 8 45
6 2 2
30 2 1
44 1 3
10 8 11
14 8 15
39 8 40
1 1 3
45 1 18
45 13 58
13 8 45
25 2 30
1 2 30
16 1 14
44 2 15
30 1 58
18 2 3
1 7 3
19 1 1
30 2 25
13 2 8
1 2 13
20 8 23
45 1 8
10 2 8
4 2 1
3 8 44
19 8 56
1 8 2
3 8 11
21 8 22
18 8 45
9 8 44
1 2 18
3 2 25
45 13 56
39 1 3
44 1 13
13 8 14
1 8 19
14 8 16
40 1 67
1 8 6
40 1 6
44 1 9
3 7 1
45 8 30
1 2 4
3 8 21
45 1 3
23 8 45
39 1 8
4 1 1
25 8 44
30 1 56
4 2 3
30 1 45
56 8 30
22 8 23
56 6 44
20 1 21
? 1 github_java_program_data/23/334.java

1 8 10
9 2 13
12 2 15
1 1 4
16 8 18
44 1 25
1 8 14
13 1 1
1 14 3
9 2 10
13 8 44
16 1 1
3 2 10
44 1 1
11 8 17
3 2 18
67 8 40
1 2 5
8 8 39
17 1 11
30 1 15
23 2 3
23 1 22
1 8 67
56 1 19
45 1 1
15 8 30
13 2 1
30 8 67
18 2 23
12 1 11
2 2 6
3 8 19
40 1 39
44 1 30
10 2 1
19 1 3
25 2 1
3 1 18
14 1 1
6 2 39
58 6 45
8 2 13
30 8 44
6 1 1
3 8 13
15 2 44
21 1 1
10 2 3
30 1 12
1 8 11
39 1 23
3 1 1
11 1 10
3 2 13
15 2 12
2 1 1
5 8 21
14 1 13
56 6 45
58 8 30
10 8 44
3 2 4
1 2 25
5 2 1
18 1 16
1 8 21
3 8 39
44 2 45
2 8 40
10 1 1
45 1 23
13 2 3
1 8 13
13 2 9
1 1 5
6 8 40
3 8 10
44 13 58
12 8 30
45 1 13
39 2 67
21 8 20
5 1 1
45 1 10
3 1 4
44 8 30
19 8 58
11 1 1
15 1 14
45 2 44
23 8 39
30 1 44
18 1 17
1 2 10
23 2 18
1 8 3
8 2 10
18 2 1
3 2 23
58 6 44
67 2 39
13 1 3
1 8 16
25 2 3
18 8 3
10 1 3
8 8 45
44 13 56
67 1 30
11 8 12
4 8 3
10 8 45
23 1 20
10 2 9
3 2 8
5 2 3
39 2 6
40 1 2
21 1 5
58 1 19
67 1 1
1 8 44
1 8 45
21 1 3
44 1 10
17 8 18
3 2 5
11 1 3
22 1 21
8 2 3
3 8 45
6 2 2
30 2 1
44 1 3
10 8 11
14 8 15
39 8 40
1 1 3
45 1 18
45 13 58
13 8 45
25 2 30
1 2 30
16 1 14
44 2 15
30 1 58
18 2 3
1 7 3
19 1 1
30 2 25
13 2 8
1 2 13
20 8 23
45 1 8
10 2 8
4 2 1
3 8 44
19 8 56
1 8 2
3 8 11
21 8 22
18 8 45
9 8 44
1 2 18
3 2 25
45 13 56
39 1 3
44 1 13
13 8 14
1 8 19
14 8 16
40 1 67
1 8 6
40 1 6
44 1 9
3 7 1
45 8 30
1 2 4
3 8 21
45 1 3
23 8 45
39 1 8
4 1 1
25 8 44
30 1 56
4 2 3
30 1 45
56 8 30
22 8 23
56 6 44
20 1 21
? 1 github_java_program_data/23/34.java

1 8 10
9 2 13
12 2 15
1 1 4
16 8 18
44 1 25
1 8 14
13 1 1
1 14 3
9 2 10
13 8 44
16 1 1
3 2 10
44 1 1
11 8 17
3 2 18
67 8 40
1 2 5
8 8 39
17 1 11
30 1 15
23 2 3
23 1 22
1 8 67
56 1 19
45 1 1
15 8 30
13 2 1
30 8 67
18 2 23
12 1 11
2 2 6
3 8 19
40 1 39
44 1 30
10 2 1
19 1 3
25 2 1
3 1 18
14 1 1
6 2 39
58 6 45
8 2 13
30 8 44
6 1 1
3 8 13
15 2 44
21 1 1
10 2 3
30 1 12
1 8 11
39 1 23
3 1 1
11 1 10
3 2 13
15 2 12
2 1 1
5 8 21
14 1 13
56 6 45
58 8 30
10 8 44
3 2 4
1 2 25
5 2 1
18 1 16
1 8 21
3 8 39
44 2 45
2 8 40
10 1 1
45 1 23
13 2 3
1 8 13
13 2 9
1 1 5
6 8 40
3 8 10
44 13 58
12 8 30
45 1 13
39 2 67
21 8 20
5 1 1
45 1 10
3 1 4
44 8 30
19 8 58
11 1 1
15 1 14
45 2 44
23 8 39
30 1 44
18 1 17
1 2 10
23 2 18
1 8 3
8 2 10
18 2 1
3 2 23
58 6 44
67 2 39
13 1 3
1 8 16
25 2 3
18 8 3
10 1 3
8 8 45
44 13 56
67 1 30
11 8 12
4 8 3
10 8 45
23 1 20
10 2 9
3 2 8
5 2 3
39 2 6
40 1 2
21 1 5
58 1 19
67 1 1
1 8 44
1 8 45
21 1 3
44 1 10
17 8 18
3 2 5
11 1 3
22 1 21
8 2 3
3 8 45
6 2 2
30 2 1
44 1 3
10 8 11
14 8 15
39 8 40
1 1 3
45 1 18
45 13 58
13 8 45
25 2 30
1 2 30
16 1 14
44 2 15
30 1 58
18 2 3
1 7 3
19 1 1
30 2 25
13 2 8
1 2 13
20 8 23
45 1 8
10 2 8
4 2 1
3 8 44
19 8 56
1 8 2
3 8 11
21 8 22
18 8 45
9 8 44
1 2 18
3 2 25
45 13 56
39 1 3
44 1 13
13 8 14
1 8 19
14 8 16
40 1 67
1 8 6
40 1 6
44 1 9
3 7 1
45 8 30
1 2 4
3 8 21
45 1 3
23 8 45
39 1 8
4 1 1
25 8 44
30 1 56
4 2 3
30 1 45
56 8 30
22 8 23
56 6 44
20 1 21
? 1 github_java_program_data/23/359.java

24 1 18
1 8 10
9 2 13
1 2 37
44 1 1
16 8 18
44 1 25
13 1 1
23 8 24
9 2 10
1 5 3
1 7 3
56 8 23
5 8 19
14 8 17
17 1 3
25 1 1
1 1 4
13 2 3
3 1 18
21 8 58
1 2 5
8 8 39
10 1 3
3 8 63
23 1 22
37 2 1
5 2 4
23 1 56
9 8 24
13 2 1
18 2 23
12 1 11
1 14 3
45 13 56
20 8 23
1 1 37
40 1 39
44 1 30
10 2 1
22 1 19
19 1 3
25 2 1
19 1 5
8 2 13
30 8 44
5 2 1
3 8 16
30 1 24
16 2 17
44 2 24
3 8 13
1 1 38
24 2 44
19 8 20
21 1 1
10 2 3
13 8 44
30 1 12
3 2 18
17 8 25
1 8 11
15 2 24
3 1 1
24 2 15
11 1 10
3 2 13
15 2 12
24 1 9
14 1 13
14 8 15
3 2 38
58 8 30
10 8 44
3 2 4
1 2 25
3 1 5
18 1 16
8 8 14
44 2 45
22 8 30
1 8 19
2 8 40
10 1 1
45 1 23
3 5 1
21 8 38
1 8 13
3 2 5
37 8 3
38 2 3
1 1 25
64 8 16
64 2 3
3 8 10
8 2 1
11 8 16
1 8 24
16 1 11
8 8 44
38 1 21
45 1 13
9 2 1
25 1 16
16 8 25
45 1 10
38 8 3
3 1 4
44 8 30
17 2 16
14 1 8
63 2 3
11 1 1
15 1 14
45 2 44
4 2 5
30 1 44
8 2 10
18 1 17
1 2 10
23 2 18
3 2 10
1 8 3
24 8 30
18 8 45
38 1 19
12 8 30
11 1 9
13 1 3
24 1 23
1 4 3
39 1 30
18 8 3
21 8 56
3 8 2
30 1 15
44 13 56
24 1 1
11 8 12
13 8 11
4 8 3
37 2 3
1 8 64
10 8 45
23 8 45
23 1 20
44 13 58
10 2 9
44 1 8
5 2 3
40 1 2
1 2 9
39 1 1
38 1 1
1 8 44
63 8 17
25 2 30
4 8 19
21 1 3
44 1 10
17 8 18
30 1 22
14 1 3
3 1 37
11 1 13
37 1 1
19 8 38
30 1 58
11 1 3
16 1 64
15 8 30
3 8 17
3 8 45
30 2 1
13 2 9
10 8 11
19 1 1
20 2 22
56 1 21
39 8 40
64 1 1
30 2 25
45 1 18
3 2 37
13 8 45
1 2 30
20 1 19
18 8 24
22 2 20
1 8 39
18 2 3
1 2 13
14 1 1
1 1 3
13 2 8
3 8 14
2 2 39
58 6 44
3 2 63
56 6 45
1 2 4
3 8 19
3 1 38
19 1 4
58 1 21
1 8 14
16 1 3
18 2 1
12 2 15
1 8 21
1 2 18
1 2 8
17 1 63
10 2 8
5 8 3
2 1 3
44 1 13
13 8 14
63 1 3
9 8 45
3 2 64
3 7 1
45 8 30
4 2 1
3 8 21
45 1 9
45 1 3
9 8 11
25 1 17
39 1 8
4 1 1
25 8 44
30 8 39
1 2 38
30 1 56
4 2 3
3 4 1
30 1 45
38 2 1
56 8 30
19 8 22
22 8 23
17 1 14
39 2 2
56 6 44
3 8 11
? 1 github_java_program_data/23/381.java

79 1 23
9 2 13
12 2 15
41 8 11
41 2 1
24 2 44
13 1 1
4 2 34
1 5 3
1 11 3
5 8 19
16 1 1
19 8 27
3 2 10
51 1 19
14 1 10
13 2 3
24 2 12
42 2 4
1 2 5
15 2 79
1 1 28
15 1 11
13 2 9
23 1 22
56 1 19
72 8 73
45 1 1
23 1 56
9 8 24
73 1 76
45 1 65
1 8 26
32 8 21
1 1 5
20 8 23
3 8 45
43 8 11
8 8 11
24 1 25
10 1 9
9 2 10
10 2 1
12 2 73
79 2 73
22 1 19
3 1 18
58 6 45
32 2 4
27 2 26
12 2 20
16 2 17
44 2 45
28 2 3
23 1 79
44 1 18
34 1 28
3 2 43
3 8 29
55 2 73
17 8 25
10 8 11
1 8 11
19 8 48
33 8 3
11 1 10
53 8 23
24 1 9
2 1 1
5 8 21
14 1 13
30 1 53
56 6 45
29 1 1
58 8 30
3 2 4
1 2 25
3 1 5
8 8 14
1 2 43
22 8 30
2 8 40
30 2 18
45 1 23
3 2 13
3 2 5
48 1 19
53 2 55
6 8 40
12 2 53
57 1 23
48 2 72
11 8 16
48 8 55
16 1 11
8 8 44
27 8 28
45 1 13
9 2 8
73 1 48
21 8 20
14 2 11
34 1 33
1 7 3
15 1 14
45 2 44
4 2 5
45 13 58
18 1 17
1 2 28
18 2 30
23 1 12
3 2 33
8 2 10
18 2 1
20 2 55
28 1 26
42 8 21
21 1 1
21 8 56
10 1 3
2 2 6
23 2 3
72 2 76
27 1 19
11 8 12
24 1 23
4 8 3
26 1 1
20 2 15
23 2 48
9 8 10
17 2 16
44 1 8
12 2 24
58 2 22
28 8 29
27 1 1
25 8 24
1 8 29
53 2 15
73 8 30
1 8 44
26 1 21
30 1 20
55 8 30
1 8 45
21 8 43
21 1 3
71 8 23
79 2 22
73 2 55
34 1 3
14 1 3
44 1 1
57 2 52
45 1 9
23 1 71
30 1 58
3 7 1
43 8 14
15 8 30
23 1 15
26 1 3
73 2 12
4 2 42
43 1 19
55 2 79
28 8 3
5 2 4
29 1 3
24 8 23
39 8 40
55 1 30
21 8 51
23 2 25
13 8 45
48 2 23
21 1 4
55 2 53
19 8 43
79 2 55
28 2 1
1 2 10
23 8 52
19 1 1
51 2 30
25 8 45
3 8 14
27 1 3
21 1 32
19 8 26
44 8 23
10 2 8
1 2 4
3 8 44
1 8 6
33 2 3
1 8 2
79 8 23
19 1 4
21 8 22
26 8 28
3 8 27
51 8 73
1 2 18
3 2 25
3 2 23
33 1 27
41 1 19
3 8 24
13 8 14
79 1 48
1 8 19
9 8 45
44 13 58
25 2 23
39 2 6
43 2 1
12 2 55
3 8 21
53 2 12
29 8 21
23 8 45
25 1 17
19 8 56
13 1 3
30 1 55
4 2 3
3 4 1
58 1 21
76 2 72
34 2 5
19 8 22
23 8 55
56 6 44
51 8 79
1 8 10
23 1 24
28 1 27
1 1 4
16 8 18
9 2 3
23 8 24
19 8 41
19 8 51
72 2 48
53 1 57
56 8 23
5 2 29
14 1 43
41 2 3
8 2 9
28 1 1
11 1 41
21 1 29
19 1 5
21 8 58
15 8 23
17 1 11
30 1 15
19 1 34
23 8 57
3 2 41
20 2 12
1 2 41
13 2 1
30 2 51
12 1 11
30 8 55
1 8 27
3 8 19
73 1 51
40 1 39
44 1 30
1 1 33
29 1 28
19 1 3
20 8 30
25 2 1
29 2 5
8 2 13
30 8 44
6 1 1
55 2 20
22 2 12
41 8 14
44 2 24
40 1 2
3 8 13
27 1 21
30 8 45
19 8 20
3 2 9
33 1 26
10 2 3
30 1 12
48 8 73
39 1 23
3 1 1
12 2 22
1 14 3
52 1 23
15 2 12
48 1 21
30 2 48
45 8 23
29 2 4
39 1 3
10 8 44
45 1 30
79 1 51
14 1 41
48 8 53
32 8 19
18 1 16
3 1 33
1 8 21
3 8 39
76 1 23
34 8 21
51 2 72
10 1 1
52 1 30
30 8 79
58 8 23
53 1 52
3 2 18
26 8 33
23 1 44
1 8 65
3 8 10
55 2 12
29 1 33
51 2 23
55 1 51
42 8 19
26 2 27
22 2 79
21 8 48
25 1 16
16 8 25
3 1 4
34 1 1
19 8 58
4 2 29
28 8 34
79 2 15
4 2 32
58 2 55
11 1 1
24 1 3
23 8 39
56 1 21
73 1 72
3 2 28
1 8 3
11 1 8
4 8 21
51 8 55
12 8 30
65 2 9
32 2 5
11 1 9
23 1 45
1 8 16
25 2 3
45 1 25
14 1 8
18 8 3
19 1 29
21 1 42
15 2 53
44 13 56
79 1 30
14 8 12
3 8 34
13 8 11
33 2 1
30 1 73
3 5 1
1 8 34
73 2 79
10 2 9
21 1 34
48 2 30
1 4 3
23 1 53
5 2 3
53 8 30
79 8 30
23 1 58
21 1 5
58 1 19
21 8 26
30 2 25
72 2 51
15 2 20
3 8 11
4 8 19
1 2 33
27 8 33
44 1 10
17 8 18
29 8 19
34 8 19
72 1 30
52 2 48
65 8 45
4 1 1
53 1 48
33 1 1
11 1 3
22 1 21
48 2 52
30 1 22
43 1 21
6 2 2
48 8 79
6 2 39
44 1 3
55 2 58
51 1 21
14 8 15
11 1 43
22 2 20
11 8 15
57 8 53
76 8 73
21 8 27
65 1 1
33 8 34
5 2 32
25 2 30
20 1 19
22 2 58
30 8 72
23 8 76
26 1 19
55 1 23
18 2 3
19 1 42
14 1 1
1 1 3
13 2 8
1 2 13
19 1 32
12 1 14
58 6 44
4 2 1
23 8 79
20 2 22
30 8 52
1 8 14
52 8 53
12 8 23
43 2 3
22 8 23
5 2 1
9 2 65
33 8 29
30 1 79
10 8 14
45 13 56
52 2 57
5 8 3
23 1 20
34 2 4
1 8 13
14 8 16
40 1 6
56 2 79
11 1 13
45 1 3
23 2 51
9 8 11
79 2 56
3 1 28
1 12 3
3 8 26
21 8 41
16 1 14
18 8 44
20 1 21
11 2 14
55 1 48
11 8 17
5 2 34
5 1 1
41 1 21
? 1 github_java_program_data/23/386.java

24 1 18
1 8 10
9 2 13
1 2 37
44 1 1
16 8 18
44 1 25
13 1 1
23 8 24
9 2 10
1 5 3
1 7 3
56 8 23
5 8 19
14 8 17
17 1 3
25 1 1
1 1 4
13 2 3
3 1 18
21 8 58
1 2 5
8 8 39
10 1 3
3 8 63
23 1 22
37 2 1
5 2 4
23 1 56
9 8 24
13 2 1
18 2 23
12 1 11
1 14 3
45 13 56
20 8 23
1 1 37
40 1 39
44 1 30
10 2 1
22 1 19
19 1 3
25 2 1
19 1 5
8 2 13
30 8 44
5 2 1
3 8 16
30 1 24
16 2 17
44 2 24
3 8 13
1 1 38
24 2 44
19 8 20
21 1 1
10 2 3
13 8 44
30 1 12
3 2 18
17 8 25
1 8 11
15 2 24
3 1 1
24 2 15
11 1 10
3 2 13
15 2 12
24 1 9
14 1 13
14 8 15
3 2 38
58 8 30
10 8 44
3 2 4
1 2 25
3 1 5
18 1 16
8 8 14
44 2 45
22 8 30
1 8 19
2 8 40
10 1 1
45 1 23
3 5 1
21 8 38
1 8 13
3 2 5
37 8 3
38 2 3
1 1 25
64 8 16
64 2 3
3 8 10
8 2 1
11 8 16
1 8 24
16 1 11
8 8 44
38 1 21
45 1 13
9 2 1
25 1 16
16 8 25
45 1 10
38 8 3
3 1 4
44 8 30
17 2 16
14 1 8
63 2 3
11 1 1
15 1 14
45 2 44
4 2 5
30 1 44
8 2 10
18 1 17
1 2 10
23 2 18
3 2 10
1 8 3
24 8 30
18 8 45
38 1 19
12 8 30
11 1 9
13 1 3
24 1 23
1 4 3
39 1 30
18 8 3
21 8 56
3 8 2
30 1 15
44 13 56
24 1 1
11 8 12
13 8 11
4 8 3
37 2 3
1 8 64
10 8 45
23 8 45
23 1 20
44 13 58
10 2 9
44 1 8
5 2 3
40 1 2
1 2 9
39 1 1
38 1 1
1 8 44
63 8 17
25 2 30
4 8 19
21 1 3
44 1 10
17 8 18
30 1 22
14 1 3
3 1 37
11 1 13
37 1 1
19 8 38
30 1 58
11 1 3
16 1 64
15 8 30
3 8 17
3 8 45
30 2 1
13 2 9
10 8 11
19 1 1
20 2 22
56 1 21
39 8 40
64 1 1
30 2 25
45 1 18
3 2 37
13 8 45
1 2 30
20 1 19
18 8 24
22 2 20
1 8 39
18 2 3
1 2 13
14 1 1
1 1 3
13 2 8
3 8 14
2 2 39
58 6 44
3 2 63
56 6 45
1 2 4
3 8 19
3 1 38
19 1 4
58 1 21
1 8 14
16 1 3
18 2 1
12 2 15
1 8 21
1 2 18
1 2 8
17 1 63
10 2 8
5 8 3
2 1 3
44 1 13
13 8 14
63 1 3
9 8 45
3 2 64
3 7 1
45 8 30
4 2 1
3 8 21
45 1 9
45 1 3
9 8 11
25 1 17
39 1 8
4 1 1
25 8 44
30 8 39
1 2 38
30 1 56
4 2 3
3 4 1
30 1 45
38 2 1
56 8 30
19 8 22
22 8 23
17 1 14
39 2 2
56 6 44
3 8 11
? 1 github_java_program_data/23/406.java

40 1 109
9 2 13
12 2 15
41 8 11
24 2 44
44 1 25
13 1 1
4 2 34
1 5 3
1 11 3
5 8 19
50 8 54
19 8 27
3 2 10
14 1 10
3 2 18
67 8 40
42 2 4
1 2 5
1 1 28
41 1 14
13 2 9
23 1 22
56 1 19
72 8 73
7 8 40
45 1 1
23 1 56
9 8 24
32 8 21
20 8 23
56 2 53
43 8 11
8 8 11
10 1 9
10 2 1
14 1 9
22 1 19
19 1 5
58 6 45
31 1 30
32 2 4
30 1 31
27 2 26
16 2 17
28 2 3
44 1 18
21 1 1
3 8 29
10 8 11
1 8 11
19 8 48
73 2 20
21 1 42
11 1 10
53 8 23
3 8 67
24 1 9
2 1 1
5 8 21
14 1 13
30 8 31
30 1 53
56 6 45
29 1 1
31 2 85
3 2 4
1 2 25
3 1 5
109 2 67
7 2 6
8 8 14
1 2 43
22 8 30
2 8 40
30 2 18
45 1 23
49 1 19
3 2 5
50 1 41
48 1 19
6 8 40
30 2 3
21 8 51
8 8 44
27 8 28
30 1 85
45 1 13
9 2 8
9 2 1
87 2 23
45 1 10
67 1 30
34 1 33
41 8 50
1 7 3
15 1 14
45 2 44
4 2 5
18 2 1
30 1 44
33 8 34
18 1 17
1 2 10
23 2 18
39 2 15
3 2 33
24 8 30
18 8 45
23 2 50
28 1 26
31 1 25
24 1 23
21 8 56
34 1 1
10 1 3
42 2 5
31 1 8
3 8 44
27 1 19
11 8 12
85 8 30
4 8 3
10 8 45
54 2 53
17 2 16
67 1 3
44 1 8
3 2 8
12 2 24
54 1 23
39 1 9
28 8 29
23 1 73
1 8 29
53 2 15
73 8 30
1 8 44
26 1 21
30 1 20
1 8 45
21 8 43
21 1 3
7 1 1
34 1 3
14 8 41
44 1 1
45 1 9
41 1 21
109 8 40
50 2 23
15 8 30
23 1 15
3 2 41
25 2 87
4 2 42
5 2 4
16 1 14
29 1 3
8 2 3
73 8 23
30 2 25
45 1 18
14 1 49
13 8 45
1 2 30
21 1 4
54 8 23
23 8 72
28 2 1
20 2 73
1 2 28
23 8 52
19 1 1
23 1 54
18 2 30
58 6 44
25 8 45
9 8 10
39 8 30
21 1 32
19 8 26
10 2 8
1 2 4
29 8 21
1 8 6
33 2 3
1 8 2
34 2 5
29 1 33
31 2 44
21 8 22
8 2 10
27 8 87
25 8 31
9 8 44
3 8 27
45 1 8
1 2 18
3 2 25
9 8 39
33 1 27
3 8 24
13 8 14
1 8 19
9 8 45
44 13 58
44 2 31
43 2 1
3 8 21
33 2 1
23 8 45
19 8 56
4 1 1
23 8 54
42 8 21
4 2 3
3 4 1
30 1 73
30 1 45
49 2 3
56 8 30
19 8 22
22 8 23
6 2 7
87 1 27
56 6 44
51 8 73
8 8 67
24 1 18
1 8 10
23 2 87
28 1 27
1 1 4
16 8 18
9 2 3
30 8 67
23 8 24
9 2 10
26 8 28
56 8 23
5 2 29
1 8 31
28 1 1
11 1 41
6 2 67
21 1 29
15 8 23
17 1 11
19 1 34
13 2 1
18 2 23
54 2 15
12 1 11
2 2 6
3 8 19
73 1 51
44 1 30
1 1 33
29 1 28
19 1 3
6 1 1
25 2 1
45 1 87
29 2 5
8 2 13
30 8 44
20 8 30
30 1 24
31 8 30
23 1 53
85 2 31
10 8 14
40 1 2
3 8 13
27 1 21
19 8 20
3 2 9
33 1 26
10 2 3
30 1 12
24 1 3
3 1 1
1 14 3
3 2 13
15 2 12
20 2 53
48 1 21
31 1 1
10 8 44
15 2 53
9 8 14
32 8 19
18 1 16
5 1 1
15 2 39
1 8 21
44 2 45
34 8 21
51 2 72
10 1 1
52 1 30
58 8 23
53 1 52
13 2 3
26 8 33
1 1 5
1 8 34
3 8 10
8 2 1
85 2 39
71 8 30
53 2 54
34 1 28
42 8 19
26 2 27
21 8 48
25 1 16
16 8 25
54 1 50
3 1 4
44 8 30
19 8 58
28 8 34
4 2 32
11 1 1
67 2 6
67 2 109
3 7 1
56 1 21
73 1 72
3 2 28
8 2 9
11 1 8
4 8 21
12 8 30
32 2 5
11 1 9
13 1 3
25 2 3
45 1 25
14 1 8
27 1 3
19 1 29
30 1 15
8 8 45
44 13 56
1 12 3
49 8 14
3 8 34
13 8 11
53 2 20
3 5 1
52 1 23
53 2 56
10 2 9
21 1 34
1 4 3
72 1 23
5 2 3
19 8 49
53 8 30
8 8 31
23 1 58
21 1 5
58 1 19
21 8 26
1 2 9
39 1 30
72 2 51
5 2 42
87 2 25
3 8 11
4 8 19
1 2 33
19 1 32
39 1 1
17 8 18
29 8 19
30 1 39
34 8 19
72 1 30
52 2 48
53 1 48
33 1 1
11 1 3
22 1 21
48 2 52
30 8 39
30 1 22
43 1 21
6 2 2
30 2 1
15 1 11
44 1 3
51 1 21
14 8 15
11 1 43
22 2 20
11 8 15
44 2 24
21 8 27
67 1 8
5 2 32
25 2 30
20 1 19
30 8 72
18 8 24
40 1 7
26 1 19
1 8 39
18 2 3
19 1 42
14 1 1
1 1 3
13 2 8
1 2 13
27 8 33
1 8 3
48 8 53
3 8 14
44 1 10
3 2 49
4 2 1
45 13 58
20 2 22
30 8 52
1 8 14
52 8 53
39 2 85
1 8 7
15 2 54
5 2 1
30 1 71
33 8 29
14 1 3
1 2 8
45 13 56
5 8 3
23 1 20
34 2 4
1 8 13
14 8 16
40 1 67
40 1 6
44 1 9
45 8 30
11 1 13
3 2 30
9 8 11
19 1 4
87 8 45
25 8 44
30 1 56
21 8 41
41 2 3
18 8 44
24 2 12
11 8 17
5 2 34
? 1 github_java_program_data/23/428.java

24 1 18
1 8 10
9 2 13
1 2 37
44 1 1
16 8 18
44 1 25
13 1 1
23 8 24
9 2 10
1 5 3
1 7 3
56 8 23
5 8 19
14 8 17
17 1 3
25 1 1
1 1 4
13 2 3
3 1 18
21 8 58
1 2 5
8 8 39
10 1 3
3 8 63
23 1 22
37 2 1
5 2 4
23 1 56
9 8 24
13 2 1
18 2 23
12 1 11
1 14 3
45 13 56
20 8 23
1 1 37
40 1 39
44 1 30
10 2 1
22 1 19
19 1 3
25 2 1
19 1 5
8 2 13
30 8 44
5 2 1
3 8 16
30 1 24
16 2 17
44 2 24
3 8 13
1 1 38
24 2 44
19 8 20
21 1 1
10 2 3
13 8 44
30 1 12
3 2 18
17 8 25
1 8 11
15 2 24
3 1 1
24 2 15
11 1 10
3 2 13
15 2 12
24 1 9
14 1 13
14 8 15
3 2 38
58 8 30
10 8 44
3 2 4
1 2 25
3 1 5
18 1 16
8 8 14
44 2 45
22 8 30
1 8 19
2 8 40
10 1 1
45 1 23
3 5 1
21 8 38
1 8 13
3 2 5
37 8 3
38 2 3
1 1 25
64 8 16
64 2 3
3 8 10
8 2 1
11 8 16
1 8 24
16 1 11
8 8 44
38 1 21
45 1 13
9 2 1
25 1 16
16 8 25
45 1 10
38 8 3
3 1 4
44 8 30
17 2 16
14 1 8
63 2 3
11 1 1
15 1 14
45 2 44
4 2 5
30 1 44
8 2 10
18 1 17
1 2 10
23 2 18
3 2 10
1 8 3
24 8 30
18 8 45
38 1 19
12 8 30
11 1 9
13 1 3
24 1 23
1 4 3
39 1 30
18 8 3
21 8 56
3 8 2
30 1 15
44 13 56
24 1 1
11 8 12
13 8 11
4 8 3
37 2 3
1 8 64
10 8 45
23 8 45
23 1 20
44 13 58
10 2 9
44 1 8
5 2 3
40 1 2
1 2 9
39 1 1
38 1 1
1 8 44
63 8 17
25 2 30
4 8 19
21 1 3
44 1 10
17 8 18
30 1 22
14 1 3
3 1 37
11 1 13
37 1 1
19 8 38
30 1 58
11 1 3
16 1 64
15 8 30
3 8 17
3 8 45
30 2 1
13 2 9
10 8 11
19 1 1
20 2 22
56 1 21
39 8 40
64 1 1
30 2 25
45 1 18
3 2 37
13 8 45
1 2 30
20 1 19
18 8 24
22 2 20
1 8 39
18 2 3
1 2 13
14 1 1
1 1 3
13 2 8
3 8 14
2 2 39
58 6 44
3 2 63
56 6 45
1 2 4
3 8 19
3 1 38
19 1 4
58 1 21
1 8 14
16 1 3
18 2 1
12 2 15
1 8 21
1 2 18
1 2 8
17 1 63
10 2 8
5 8 3
2 1 3
44 1 13
13 8 14
63 1 3
9 8 45
3 2 64
3 7 1
45 8 30
4 2 1
3 8 21
45 1 9
45 1 3
9 8 11
25 1 17
39 1 8
4 1 1
25 8 44
30 8 39
1 2 38
30 1 56
4 2 3
3 4 1
30 1 45
38 2 1
56 8 30
19 8 22
22 8 23
17 1 14
39 2 2
56 6 44
3 8 11
? 1 github_java_program_data/23/431.java

9 2 13
12 2 15
41 8 11
41 2 1
24 2 44
13 1 1
28 8 29
1 2 23
1 5 3
1 11 3
65 1 3
5 8 19
3 2 10
51 1 19
14 1 10
13 2 3
42 2 4
1 2 5
15 1 11
3 2 5
23 1 22
56 1 19
72 8 73
45 1 1
53 2 73
1 8 26
32 8 21
1 1 5
20 8 23
8 8 11
24 1 25
9 2 10
10 2 1
14 1 9
19 1 5
58 6 45
3 8 16
16 2 17
66 2 8
44 1 3
44 1 18
21 1 1
3 8 29
17 8 25
3 2 28
1 8 11
19 8 48
33 8 3
11 1 10
53 8 23
72 1 23
2 1 1
5 8 21
14 1 13
56 6 45
58 8 30
23 2 83
3 2 4
1 2 25
3 1 5
8 8 14
1 2 43
2 8 40
9 8 13
30 2 18
45 1 23
30 8 52
51 2 52
13 2 9
48 1 19
6 8 40
11 8 16
21 8 51
16 1 11
11 8 17
45 1 13
9 2 8
21 8 20
45 1 10
14 2 11
34 1 33
21 1 97
25 8 83
15 1 14
45 2 44
4 2 5
45 13 58
23 1 84
18 1 17
1 2 10
18 2 30
23 1 12
3 2 33
8 2 10
18 2 1
8 8 39
28 1 26
24 1 23
44 1 23
21 8 56
10 1 3
42 2 5
2 2 6
11 8 12
4 8 3
26 1 1
10 8 45
17 2 16
52 2 51
30 8 83
12 2 24
39 2 6
40 1 2
27 1 1
25 8 24
23 1 73
83 1 30
23 8 84
1 8 44
30 1 20
4 2 97
1 8 45
21 8 43
21 1 3
9 2 65
14 1 3
66 1 1
30 1 58
3 7 1
43 8 14
58 2 84
23 1 15
3 2 41
4 2 42
28 8 3
5 2 4
16 1 14
29 1 3
24 8 23
39 8 40
73 8 23
51 8 53
45 1 18
13 8 45
21 1 4
23 8 72
3 8 65
66 8 45
1 7 3
19 1 1
23 2 18
58 6 44
25 8 45
3 8 14
27 1 3
21 1 32
19 8 26
44 8 23
10 2 8
1 2 4
3 8 44
19 8 56
33 2 3
1 8 2
19 1 4
21 8 22
26 8 28
18 8 45
9 8 44
3 8 27
45 1 8
1 2 18
3 2 25
8 2 66
33 1 27
41 1 19
6 1 3
84 2 58
13 8 14
83 2 23
1 8 19
44 13 58
25 2 23
10 1 8
43 2 1
3 8 21
33 2 1
23 8 45
25 1 17
13 1 3
42 8 21
4 2 3
3 4 1
24 1 8
56 8 30
15 2 53
22 8 23
1 1 18
56 6 44
51 8 73
1 8 66
1 8 10
23 1 24
44 1 1
16 8 18
9 2 3
23 8 24
19 8 41
19 8 51
18 1 1
52 8 53
13 8 44
14 1 43
23 8 44
83 8 84
20 1 21
11 1 41
21 8 58
8 8 10
15 8 23
17 1 11
1 2 41
13 2 1
18 2 23
73 2 53
12 1 11
1 8 27
3 8 19
73 1 51
40 1 39
44 1 30
1 1 33
29 1 28
84 2 15
19 1 3
25 2 1
8 2 13
30 8 44
20 8 30
41 8 14
8 8 24
44 2 24
3 8 13
30 8 45
1 8 24
3 2 9
33 1 26
10 2 3
23 2 25
83 1 25
39 1 23
3 1 1
1 14 3
3 2 13
15 2 12
53 1 51
45 8 23
10 8 44
45 1 30
14 1 41
48 8 53
5 2 1
18 1 16
3 1 33
44 1 65
44 2 45
34 8 21
51 2 72
10 1 1
52 1 30
58 8 23
53 1 52
3 2 18
26 8 33
23 1 44
3 8 6
3 8 10
8 2 1
19 8 20
42 8 19
25 1 16
16 8 25
97 1 48
3 1 4
34 1 1
19 8 58
11 1 1
23 8 39
56 1 21
73 1 72
8 2 9
11 1 8
4 8 21
45 1 66
65 2 9
32 2 5
11 1 9
23 1 45
25 2 3
45 1 25
53 2 15
19 1 29
21 1 42
8 8 45
44 13 56
24 1 1
14 8 12
13 8 11
24 2 12
3 5 1
65 8 44
1 8 34
10 2 9
84 1 23
21 1 34
1 4 3
23 1 53
5 2 3
23 1 58
39 1 1
58 1 19
30 2 25
72 2 51
97 2 4
3 8 11
4 8 19
1 2 33
27 8 33
21 1 5
17 8 18
29 8 19
11 1 13
52 2 48
4 1 1
53 1 48
33 1 1
11 1 3
22 1 21
48 2 52
3 8 45
43 1 21
6 2 2
6 2 39
48 8 97
28 2 3
5 2 42
51 1 21
14 8 15
22 2 20
13 1 9
33 8 34
5 2 32
25 2 30
20 1 19
11 8 15
26 1 19
1 1 4
1 8 39
18 2 3
19 1 42
14 1 1
1 1 3
13 2 8
1 2 13
1 8 3
9 8 14
97 8 21
44 1 10
4 2 1
39 1 8
20 2 22
58 1 21
1 8 14
16 1 3
12 8 23
15 2 84
23 2 1
1 8 21
10 8 14
1 2 8
45 13 56
5 8 3
23 1 20
44 1 13
41 1 21
1 8 13
14 8 16
40 1 6
44 1 9
14 1 8
45 1 3
9 8 11
3 1 28
84 8 23
30 1 56
21 8 41
41 2 3
18 8 44
10 8 11
12 1 14
11 2 14
5 1 1
84 1 83
? 1 github_java_program_data/23/437.java

79 1 23
41 8 11
44 1 25
11 8 43
68 2 3
11 8 41
1 8 77
1 2 63
63 1 1
50 8 54
3 2 10
38 8 3
67 8 40
23 1 31
68 8 11
1 2 5
15 1 11
1 8 67
56 1 19
50 1 75
70 8 30
9 8 24
45 1 65
53 2 73
1 8 26
1 1 5
3 2 41
10 1 9
52 2 81
80 2 30
10 2 1
14 1 9
48 2 61
1 2 13
21 8 52
31 1 30
3 8 16
1 5 3
27 2 26
15 2 79
79 2 12
66 2 8
1 8 65
34 1 28
96 8 17
3 2 28
19 8 48
73 2 20
30 2 69
68 8 14
76 8 53
43 2 48
2 1 1
14 8 17
30 8 31
5 2 4
1 2 96
58 8 30
12 2 58
3 1 5
8 8 14
29 1 3
2 8 40
12 2 15
51 2 41
51 2 52
21 8 49
50 1 41
48 1 19
64 8 16
12 2 20
11 8 16
48 8 55
16 1 11
8 8 44
45 1 13
23 1 55
9 2 8
73 1 48
21 8 20
11 1 68
97 2 5
45 1 10
67 1 30
34 1 33
49 1 21
15 1 14
30 1 44
23 2 18
76 1 19
3 2 33
8 2 10
67 2 39
24 1 23
21 8 56
34 1 1
70 2 56
2 2 6
20 2 53
27 1 19
11 8 12
37 2 3
26 1 1
21 1 4
17 2 16
67 1 3
44 1 8
55 8 23
70 1 30
28 8 29
62 1 19
38 1 1
72 8 73
6 2 2
30 1 20
55 8 30
3 8 45
1 8 45
21 8 43
21 1 3
71 8 23
54 8 30
64 1 77
15 2 73
3 1 37
31 1 18
60 1 19
67 2 6
41 1 21
30 1 62
23 1 56
19 8 68
31 2 44
15 8 30
23 1 15
26 1 3
75 2 48
14 1 68
75 1 19
4 2 42
43 1 19
28 8 3
23 8 67
64 1 1
45 1 18
96 2 3
14 1 49
21 8 68
13 8 45
23 2 64
23 1 74
48 2 43
3 8 65
25 8 45
40 1 2
20 2 73
3 8 66
19 1 1
23 1 54
51 2 30
9 8 10
27 1 3
27 1 96
8 8 13
64 1 3
1 2 4
29 8 21
11 1 49
8 2 9
79 8 23
3 8 11
51 8 97
21 8 22
48 2 41
9 8 44
18 2 13
80 2 23
19 8 75
51 8 73
1 2 18
3 2 25
8 2 66
17 1 63
33 1 27
73 2 15
30 1 54
13 8 14
9 8 45
3 2 64
25 2 23
43 2 1
68 2 1
3 8 21
53 2 12
3 8 44
23 8 45
25 1 17
24 1 30
30 8 39
1 2 38
22 2 73
4 2 3
30 1 73
41 8 69
24 1 8
34 2 5
19 8 22
1 1 18
64 2 23
19 8 76
29 1 33
8 8 67
1 8 66
1 8 10
16 8 18
9 2 3
30 8 67
1 14 3
19 8 41
19 8 51
66 8 44
19 8 60
72 2 48
73 2 58
56 8 23
14 1 43
17 1 3
25 1 1
14 8 43
6 2 67
3 1 18
8 8 10
15 8 23
17 1 11
3 2 37
25 8 31
75 8 69
80 8 39
18 2 23
30 2 51
54 2 12
12 1 11
1 8 27
1 8 6
73 1 51
39 1 80
1 1 33
29 1 28
27 1 21
23 2 25
72 1 23
29 2 5
6 1 1
30 1 31
23 1 53
3 8 98
3 8 13
1 1 38
30 8 45
48 8 73
3 1 1
12 2 22
3 2 13
53 1 51
77 8 80
66 1 3
31 1 1
30 2 48
45 8 23
45 1 30
79 1 51
14 1 41
9 8 14
32 8 19
3 1 33
1 8 21
44 2 45
70 1 23
34 8 21
69 2 23
10 1 1
58 8 23
53 1 52
3 2 18
41 1 14
26 8 33
23 1 44
43 1 11
1 8 34
3 8 10
80 1 77
71 8 30
51 2 23
9 2 18
26 2 27
21 8 48
54 1 50
3 1 4
19 8 58
10 2 9
28 8 34
58 2 55
1 8 63
73 8 81
58 2 54
21 8 51
56 1 21
30 1 70
60 8 23
73 2 22
15 2 55
1 8 3
3 2 80
38 1 19
12 8 30
32 2 5
11 1 9
1 8 16
25 2 3
45 1 25
19 1 29
33 8 3
44 13 56
23 2 80
25 8 3
76 2 52
3 8 34
53 2 20
33 2 1
65 8 44
58 2 12
69 1 43
19 8 37
3 8 67
30 8 76
19 8 49
53 8 30
61 2 48
21 1 5
58 1 19
67 1 1
60 8 30
39 1 30
72 2 51
55 2 15
5 8 21
19 1 32
44 1 10
29 8 19
64 8 27
11 1 13
52 2 48
21 8 26
44 1 66
33 1 1
70 2 15
61 8 50
16 1 64
48 2 52
50 1 61
30 1 22
43 1 21
13 2 9
44 1 3
64 8 39
51 1 21
14 8 15
57 8 53
51 8 55
98 1 3
30 1 55
21 8 27
75 8 50
67 1 8
5 2 32
69 1 41
20 1 19
73 1 52
4 8 19
26 1 19
1 1 4
30 1 58
18 2 3
41 1 11
70 2 79
30 2 25
20 2 79
12 2 79
58 6 44
23 1 60
3 2 49
17 8 18
3 1 38
45 13 58
58 1 21
4 2 34
16 1 3
12 8 23
43 2 3
23 8 55
5 2 1
30 1 71
10 8 14
1 2 8
45 13 56
52 2 57
34 8 19
34 2 4
1 2 43
49 8 11
5 1 1
14 1 8
45 1 3
23 2 51
9 8 11
15 2 24
1 12 3
3 2 68
56 6 44
25 8 44
62 8 30
52 2 76
57 8 73
97 1 51
16 1 14
17 1 96
12 1 14
98 8 80
19 8 38
55 1 48
73 1 57
24 1 18
9 2 13
43 8 69
13 1 1
18 8 31
67 1 23
24 2 31
65 1 3
5 8 19
27 1 64
16 1 1
30 2 80
19 8 27
51 1 19
61 2 51
80 1 63
44 1 1
22 1 21
37 1 21
42 2 4
70 8 23
1 1 28
81 1 73
30 1 67
15 2 12
23 1 22
37 2 1
45 1 1
50 2 23
8 2 3
72 2 57
52 8 73
32 8 21
80 1 98
44 8 23
20 8 23
1 1 37
43 8 11
8 8 11
53 1 81
30 8 54
39 2 44
22 1 19
23 8 31
19 1 5
58 6 45
12 2 53
32 2 4
96 8 27
16 2 17
12 2 31
53 1 76
28 2 3
23 1 79
44 1 18
21 1 1
79 2 70
3 8 29
12 2 70
17 8 25
77 8 64
1 8 11
21 1 42
24 2 15
11 1 10
53 8 23
24 1 9
14 1 13
30 1 53
56 6 45
29 1 1
3 2 4
1 2 25
50 2 30
22 8 30
24 2 45
30 2 18
45 1 23
49 1 19
3 2 5
70 2 12
6 8 40
64 2 3
56 2 70
57 1 23
54 1 30
11 1 41
27 8 28
23 2 69
8 2 65
3 8 19
79 2 20
18 2 9
54 2 58
43 2 51
41 8 50
1 7 3
45 2 44
4 2 5
33 8 34
18 1 17
1 2 28
23 1 12
24 8 30
18 2 1
57 2 72
8 8 39
28 1 26
31 1 25
42 8 21
38 2 1
23 8 70
30 1 60
69 1 75
68 1 21
31 8 30
4 8 3
31 2 12
5 2 97
43 1 14
10 8 45
23 2 48
52 2 51
57 2 52
3 2 8
12 2 24
54 1 23
74 8 23
27 1 1
23 1 73
1 8 29
73 8 30
1 8 44
26 1 21
4 2 97
63 8 17
34 1 3
14 1 3
80 8 67
66 1 1
23 1 71
43 8 50
77 1 1
43 8 14
63 8 80
19 1 42
3 2 43
96 2 1
31 1 3
14 1 1
9 2 66
24 8 23
55 1 30
56 2 54
73 8 23
51 8 53
63 2 1
54 8 23
23 8 72
19 8 43
13 2 18
1 2 10
23 8 52
18 2 30
69 1 51
3 8 14
39 8 30
66 2 9
21 1 32
19 8 26
10 2 8
19 8 56
33 2 3
19 1 4
26 8 28
18 8 45
68 1 19
76 8 97
3 8 27
8 8 24
3 8 64
55 2 56
49 2 1
41 1 19
3 8 24
50 1 48
3 2 96
1 8 19
1 1 25
44 13 58
64 2 1
44 2 31
10 1 8
3 7 1
3 8 96
30 8 70
4 1 1
23 8 54
30 1 74
30 8 24
1 2 64
73 2 53
3 4 1
30 1 45
49 2 3
56 8 30
22 8 23
17 1 14
51 8 79
30 2 50
30 8 52
28 1 27
14 1 10
1 8 14
23 8 24
53 1 72
9 2 10
18 1 1
53 1 57
13 8 44
5 2 29
1 8 31
23 8 44
28 1 1
11 8 17
21 1 29
21 8 58
23 2 50
44 1 23
10 1 3
19 1 34
23 8 57
51 2 75
69 8 70
67 8 30
42 2 5
1 2 41
13 2 1
31 1 8
80 2 1
28 2 1
30 8 55
31 2 24
48 2 75
44 1 30
20 2 12
67 1 80
44 2 39
19 1 3
25 2 1
72 8 53
8 2 13
30 8 44
20 8 30
30 1 24
22 2 12
41 8 14
71 2 20
97 1 76
19 8 20
3 2 9
33 1 26
10 2 3
20 2 71
30 1 12
24 1 3
39 1 23
52 1 23
97 2 4
48 1 21
41 2 51
23 1 20
24 2 12
10 8 44
44 1 13
48 8 53
21 8 37
18 1 16
61 1 21
1 2 80
31 1 23
51 2 72
55 1 23
52 1 30
30 8 79
13 2 3
37 8 3
51 2 43
65 2 8
8 2 1
97 1 52
55 1 51
42 8 19
51 2 61
48 2 72
39 2 67
48 2 23
48 8 50
25 1 16
16 8 25
58 2 73
44 8 30
15 2 70
70 1 69
79 2 15
4 2 32
23 1 70
11 1 1
23 8 39
3 1 25
73 1 72
45 8 30
11 1 8
4 8 21
45 1 66
81 2 52
65 2 9
23 1 45
21 8 61
18 8 3
3 8 31
30 1 15
8 8 45
56 2 55
79 1 30
58 2 22
1 11 3
49 8 14
14 8 12
13 8 11
1 8 64
3 5 1
96 1 3
30 1 56
4 2 29
66 8 45
48 2 30
51 8 69
5 2 3
8 8 31
23 1 58
50 1 51
76 1 30
65 8 45
74 8 30
5 2 42
18 8 24
1 2 33
27 8 33
41 2 48
21 1 97
30 1 39
54 2 15
72 1 30
53 1 48
11 1 3
1 8 2
19 8 62
31 8 23
55 2 58
10 8 11
3 8 26
11 1 43
22 2 20
21 8 41
65 1 1
22 2 58
1 2 49
25 2 30
54 2 56
37 1 1
20 1 21
30 8 72
11 8 15
80 2 3
45 2 24
12 2 54
21 1 34
3 8 17
1 1 3
13 2 8
29 2 4
13 1 8
97 8 21
45 1 8
4 2 1
39 1 8
23 8 79
20 2 22
23 1 24
1 8 17
52 8 53
15 2 54
51 8 50
9 2 65
33 8 29
17 1 1
44 1 65
14 8 41
5 8 3
39 1 3
81 8 53
3 8 39
1 8 13
14 8 16
40 1 67
40 1 6
44 1 9
69 2 30
75 2 51
45 1 9
3 1 28
52 8 97
37 1 19
13 1 3
41 2 3
18 8 44
1 2 37
50 1 43
52 1 21
1 2 68
1 4 3
39 1 64
5 2 34
41 2 1
? 1 github_java_program_data/23/439.java

1 8 10
9 2 13
12 2 15
1 1 4
16 8 18
44 1 25
1 8 14
13 1 1
1 14 3
9 2 10
13 8 44
16 1 1
3 2 10
44 1 1
11 8 17
3 2 18
67 8 40
1 2 5
8 8 39
17 1 11
30 1 15
23 2 3
23 1 22
1 8 67
56 1 19
45 1 1
15 8 30
13 2 1
30 8 67
18 2 23
12 1 11
2 2 6
3 8 19
40 1 39
44 1 30
10 2 1
19 1 3
25 2 1
3 1 18
14 1 1
6 2 39
58 6 45
8 2 13
30 8 44
6 1 1
3 8 13
15 2 44
21 1 1
10 2 3
30 1 12
1 8 11
39 1 23
3 1 1
11 1 10
3 2 13
15 2 12
2 1 1
5 8 21
14 1 13
56 6 45
58 8 30
10 8 44
3 2 4
1 2 25
5 2 1
18 1 16
1 8 21
3 8 39
44 2 45
2 8 40
10 1 1
45 1 23
13 2 3
1 8 13
13 2 9
1 1 5
6 8 40
3 8 10
44 13 58
12 8 30
45 1 13
39 2 67
21 8 20
5 1 1
45 1 10
3 1 4
44 8 30
19 8 58
11 1 1
15 1 14
45 2 44
23 8 39
30 1 44
18 1 17
1 2 10
23 2 18
1 8 3
8 2 10
18 2 1
3 2 23
58 6 44
67 2 39
13 1 3
1 8 16
25 2 3
18 8 3
10 1 3
8 8 45
44 13 56
67 1 30
11 8 12
4 8 3
10 8 45
23 1 20
10 2 9
3 2 8
5 2 3
39 2 6
40 1 2
21 1 5
58 1 19
67 1 1
1 8 44
1 8 45
21 1 3
44 1 10
17 8 18
3 2 5
11 1 3
22 1 21
8 2 3
3 8 45
6 2 2
30 2 1
44 1 3
10 8 11
14 8 15
39 8 40
1 1 3
45 1 18
45 13 58
13 8 45
25 2 30
1 2 30
16 1 14
44 2 15
30 1 58
18 2 3
1 7 3
19 1 1
30 2 25
13 2 8
1 2 13
20 8 23
45 1 8
10 2 8
4 2 1
3 8 44
19 8 56
1 8 2
3 8 11
21 8 22
18 8 45
9 8 44
1 2 18
3 2 25
45 13 56
39 1 3
44 1 13
13 8 14
1 8 19
14 8 16
40 1 67
1 8 6
40 1 6
44 1 9
3 7 1
45 8 30
1 2 4
3 8 21
45 1 3
23 8 45
39 1 8
4 1 1
25 8 44
30 1 56
4 2 3
30 1 45
56 8 30
22 8 23
56 6 44
20 1 21
? 1 github_java_program_data/23/459.java

79 1 23
41 8 11
44 1 25
1 2 23
11 8 41
1 5 3
1 2 63
15 2 20
14 8 17
3 2 10
38 8 3
67 8 40
23 1 31
1 2 5
15 1 11
56 1 19
72 8 73
9 8 24
53 2 73
1 8 26
1 1 5
3 2 41
24 1 25
51 1 21
10 2 1
12 2 73
53 1 82
48 2 61
1 2 13
107 8 30
27 2 26
1 8 65
34 1 28
60 1 21
3 2 28
19 8 48
73 2 20
54 2 20
72 1 23
43 2 48
2 1 1
50 8 54
30 8 31
58 8 30
1 1 38
110 1 51
8 8 14
1 2 43
2 8 40
12 2 15
51 2 41
22 2 20
51 2 52
13 2 9
48 1 19
38 2 3
30 2 3
12 2 20
11 8 16
48 8 55
16 1 11
8 8 44
39 2 67
38 1 21
45 1 13
23 1 55
9 2 8
73 1 48
21 8 20
45 1 10
76 2 82
67 1 30
34 1 33
45 2 14
15 1 14
30 1 44
86 1 9
3 8 24
51 8 110
23 2 18
3 2 33
8 2 10
21 8 62
67 2 39
24 1 23
21 8 56
34 1 1
10 1 3
110 1 72
2 2 6
27 1 19
72 2 81
11 8 12
37 2 3
26 1 1
17 2 16
67 1 3
44 1 8
70 1 30
28 8 29
62 1 19
38 1 1
86 1 1
30 1 20
55 8 30
3 2 37
1 8 45
21 8 43
21 1 3
54 8 30
15 2 73
3 1 37
86 1 23
31 1 18
60 1 19
41 2 1
30 1 62
1 8 86
62 8 23
50 8 70
23 1 15
26 1 3
73 2 12
75 1 19
4 2 42
43 1 19
28 8 3
29 1 3
39 8 40
8 2 3
45 1 18
13 8 45
110 8 19
21 1 4
48 2 43
9 8 86
69 1 51
20 2 73
19 1 1
23 1 54
51 2 30
1 7 3
27 1 3
1 2 4
29 8 21
73 8 82
1 8 2
79 8 23
29 1 33
1 1 37
21 8 22
81 1 53
19 8 75
51 8 73
1 2 18
3 2 25
17 1 63
33 1 27
73 2 15
30 1 54
13 8 14
79 1 48
63 1 3
9 8 45
25 2 23
62 2 54
42 8 19
30 1 107
3 8 21
11 1 9
53 2 12
3 8 44
23 8 45
25 1 17
55 2 22
30 8 39
1 2 38
44 2 86
22 2 73
4 2 3
81 2 82
58 2 79
41 8 69
20 2 79
34 2 5
19 8 22
23 1 11
56 6 44
38 2 1
8 8 67
24 1 18
1 8 10
16 8 18
9 2 3
30 8 67
1 14 3
19 8 41
19 8 51
19 8 60
72 2 48
73 2 58
56 8 23
14 1 43
17 1 3
25 1 1
14 8 43
6 2 67
3 1 18
97 1 57
15 8 23
17 1 11
57 8 110
33 8 3
20 2 12
18 2 23
30 2 51
12 1 11
1 8 27
3 8 19
73 1 51
40 1 39
1 1 33
29 1 28
31 1 30
23 2 25
25 8 3
76 8 53
29 2 5
19 1 97
6 1 1
23 1 53
44 2 24
3 8 13
27 1 21
30 8 45
9 8 39
3 1 1
12 2 22
57 8 97
3 2 13
15 2 12
86 1 8
30 2 48
45 8 23
3 2 38
52 1 19
55 2 12
45 1 30
79 1 51
14 1 41
32 8 19
3 1 33
1 8 21
44 2 45
34 8 21
69 2 23
10 1 1
58 8 23
53 1 52
3 2 18
26 8 33
23 1 44
30 8 70
3 8 10
30 2 69
51 2 23
26 2 27
21 8 48
54 1 50
3 1 4
19 8 58
10 2 9
28 8 34
67 2 6
58 2 54
41 2 51
56 1 21
21 1 34
60 8 23
73 2 22
15 2 55
1 8 3
38 1 19
12 8 30
32 2 5
23 2 48
1 8 16
25 2 3
45 1 25
19 1 29
53 1 51
44 13 56
24 1 1
3 8 34
33 2 1
65 8 44
48 2 52
19 8 37
3 8 67
30 8 76
53 8 30
61 2 48
21 1 5
58 1 19
21 8 26
1 2 9
72 2 51
3 8 11
55 2 15
5 8 21
19 1 32
44 1 10
29 8 19
11 1 13
52 2 48
19 1 110
107 2 20
19 8 38
33 1 1
8 2 9
61 8 50
22 1 21
15 2 79
50 1 61
30 1 22
43 1 21
82 8 53
48 8 97
44 1 3
82 1 73
23 1 14
43 2 1
51 8 55
8 2 65
21 8 27
67 1 8
5 2 32
14 2 45
69 1 41
12 2 56
69 8 54
4 8 19
26 1 19
1 1 4
30 1 58
30 1 73
97 8 19
30 2 25
50 2 30
56 8 30
3 1 5
82 2 76
3 1 38
45 13 58
30 8 52
4 2 34
15 2 53
12 8 23
43 2 3
22 8 23
23 2 1
5 2 1
55 8 23
10 8 14
1 2 8
45 13 56
52 2 57
43 8 50
34 8 19
55 1 23
1 8 6
5 1 1
28 2 3
62 1 21
14 1 8
45 1 3
23 2 51
9 8 11
15 2 24
1 12 3
25 8 44
62 8 30
21 8 41
16 1 14
20 1 21
55 1 48
12 2 107
30 2 50
9 2 13
11 8 23
13 1 1
18 8 31
24 2 31
5 8 19
16 1 1
19 8 27
51 1 19
61 2 51
44 1 1
37 1 21
42 2 4
70 8 23
1 1 28
41 1 14
3 8 63
23 1 22
53 2 15
37 2 1
45 1 1
23 1 56
15 8 30
72 2 57
52 8 73
55 2 20
32 8 21
44 8 23
20 8 23
3 8 45
43 8 11
53 1 81
30 8 54
37 2 38
22 1 19
19 1 5
14 1 1
58 6 45
56 2 70
32 2 4
16 2 17
12 2 31
53 1 76
107 2 12
23 1 79
44 1 18
21 1 1
3 8 29
12 2 70
17 8 25
21 8 51
1 8 11
21 1 42
24 2 15
11 1 10
53 8 23
24 1 9
14 1 13
14 8 15
30 1 53
56 6 45
29 1 1
3 2 4
1 2 25
57 1 21
82 2 81
22 8 30
30 2 18
45 1 23
21 8 38
3 2 5
70 2 12
20 2 58
6 8 40
12 2 53
54 1 30
11 8 17
27 8 28
23 2 69
79 2 20
9 2 1
107 1 23
14 2 11
43 2 51
45 2 44
4 2 5
33 8 34
18 1 17
1 2 28
23 1 12
24 8 30
18 8 45
57 2 72
20 2 55
28 1 26
42 8 21
42 2 5
69 1 75
22 2 12
20 1 19
4 8 3
73 1 52
43 1 14
10 8 45
20 2 15
21 8 60
52 2 51
57 2 52
3 2 8
54 1 23
31 2 12
39 1 9
27 1 1
79 8 30
23 1 73
1 8 29
73 8 30
1 8 44
26 1 21
81 2 72
63 8 17
18 2 3
34 1 3
14 1 3
70 1 50
45 1 9
75 8 69
1 8 39
22 2 55
43 8 14
54 2 62
41 1 11
3 2 43
54 2 58
31 1 3
5 2 4
24 8 23
55 1 30
73 8 23
51 8 53
51 8 107
63 2 1
54 8 23
23 8 72
19 8 43
1 2 10
23 8 52
18 2 30
25 8 45
3 8 14
39 8 30
21 1 32
19 8 26
10 2 8
19 8 56
33 2 3
23 8 107
19 1 4
26 8 28
18 2 1
3 8 27
41 1 19
21 8 57
50 1 48
72 8 110
1 8 19
1 1 25
44 13 58
3 7 1
12 2 55
4 1 1
23 8 54
30 1 55
73 2 53
3 4 1
30 1 45
23 1 60
23 8 55
39 2 86
17 1 14
51 8 79
8 8 86
58 1 21
28 1 27
14 1 10
56 2 12
1 8 14
23 8 24
53 1 72
9 2 10
13 8 44
5 2 29
23 8 44
21 8 75
11 1 41
21 1 29
21 8 58
44 1 23
70 2 56
19 1 34
51 2 75
69 8 70
75 1 21
1 2 41
13 2 1
31 1 8
54 2 15
28 2 1
30 8 55
110 1 57
31 2 24
14 8 23
44 1 30
107 1 51
19 1 3
25 2 1
72 8 53
8 2 13
30 8 44
20 8 30
30 1 24
41 8 14
19 8 72
1 8 24
3 2 9
33 1 26
10 2 3
30 1 12
24 1 3
30 1 86
39 1 23
52 1 23
15 2 22
48 1 21
23 1 20
10 8 44
44 1 13
48 8 53
21 8 37
18 1 16
53 8 81
61 1 21
19 8 52
34 2 4
51 2 72
24 2 44
52 1 30
30 8 79
13 2 3
37 8 3
51 2 43
65 2 8
22 2 15
8 2 1
19 8 20
97 1 52
55 1 51
38 2 37
51 2 61
48 2 72
54 1 69
48 2 23
48 8 50
25 1 16
16 8 25
97 1 48
58 2 73
44 8 30
70 1 69
79 2 15
4 2 32
23 1 70
11 1 1
48 8 73
23 8 39
3 1 25
73 1 72
45 8 30
86 2 39
4 8 21
23 1 45
21 8 61
18 8 3
3 8 31
30 1 15
8 8 45
79 1 30
1 11 3
72 1 19
14 8 12
13 8 11
28 1 1
3 5 1
1 8 34
30 1 56
23 1 62
4 2 29
40 1 2
48 2 30
51 8 69
5 2 3
8 8 31
25 8 24
23 1 58
50 1 51
39 1 1
76 1 30
86 8 30
5 2 42
18 8 24
1 2 33
27 8 33
58 6 44
17 8 18
23 8 86
30 1 39
22 2 53
72 1 30
53 1 48
11 1 3
20 2 54
19 8 62
6 2 2
48 8 79
31 8 23
20 2 107
10 8 11
3 8 26
11 1 43
58 2 20
65 1 1
53 2 22
25 2 30
41 2 3
30 8 72
11 8 15
19 1 42
3 8 17
1 1 3
13 2 8
29 2 4
12 1 14
45 1 8
79 2 58
4 2 1
50 1 43
23 8 79
20 2 22
23 1 24
1 8 17
52 8 53
15 2 54
51 8 50
33 8 29
17 1 1
44 1 65
30 1 79
14 8 41
5 8 3
39 1 3
81 8 53
3 8 39
1 8 13
14 8 16
40 1 67
40 1 6
56 2 79
69 2 30
75 2 51
39 1 30
3 2 30
79 2 56
3 1 28
52 8 97
37 1 19
13 1 3
37 1 1
18 8 44
1 2 37
11 2 14
86 2 44
1 4 3
5 2 34
41 1 21
? 1 github_java_program_data/23/460.java

1 8 10
9 2 13
12 2 15
1 1 4
16 8 18
44 1 25
1 8 14
13 1 1
1 14 3
9 2 10
13 8 44
16 1 1
3 2 10
44 1 1
11 8 17
3 2 18
67 8 40
1 2 5
8 8 39
17 1 11
30 1 15
23 2 3
23 1 22
1 8 67
56 1 19
45 1 1
15 8 30
13 2 1
30 8 67
18 2 23
12 1 11
2 2 6
3 8 19
40 1 39
44 1 30
10 2 1
19 1 3
25 2 1
3 1 18
14 1 1
6 2 39
58 6 45
8 2 13
30 8 44
6 1 1
3 8 13
15 2 44
21 1 1
10 2 3
30 1 12
1 8 11
39 1 23
3 1 1
11 1 10
3 2 13
15 2 12
2 1 1
5 8 21
14 1 13
56 6 45
58 8 30
10 8 44
3 2 4
1 2 25
5 2 1
18 1 16
1 8 21
3 8 39
44 2 45
2 8 40
10 1 1
45 1 23
13 2 3
1 8 13
13 2 9
1 1 5
6 8 40
3 8 10
44 13 58
12 8 30
45 1 13
39 2 67
21 8 20
5 1 1
45 1 10
3 1 4
44 8 30
19 8 58
11 1 1
15 1 14
45 2 44
23 8 39
30 1 44
18 1 17
1 2 10
23 2 18
1 8 3
8 2 10
18 2 1
3 2 23
58 6 44
67 2 39
13 1 3
1 8 16
25 2 3
18 8 3
10 1 3
8 8 45
44 13 56
67 1 30
11 8 12
4 8 3
10 8 45
23 1 20
10 2 9
3 2 8
5 2 3
39 2 6
40 1 2
21 1 5
58 1 19
67 1 1
1 8 44
1 8 45
21 1 3
44 1 10
17 8 18
3 2 5
11 1 3
22 1 21
8 2 3
3 8 45
6 2 2
30 2 1
44 1 3
10 8 11
14 8 15
39 8 40
1 1 3
45 1 18
45 13 58
13 8 45
25 2 30
1 2 30
16 1 14
44 2 15
30 1 58
18 2 3
1 7 3
19 1 1
30 2 25
13 2 8
1 2 13
20 8 23
45 1 8
10 2 8
4 2 1
3 8 44
19 8 56
1 8 2
3 8 11
21 8 22
18 8 45
9 8 44
1 2 18
3 2 25
45 13 56
39 1 3
44 1 13
13 8 14
1 8 19
14 8 16
40 1 67
1 8 6
40 1 6
44 1 9
3 7 1
45 8 30
1 2 4
3 8 21
45 1 3
23 8 45
39 1 8
4 1 1
25 8 44
30 1 56
4 2 3
30 1 45
56 8 30
22 8 23
56 6 44
20 1 21
? 1 github_java_program_data/23/484.java

24 1 18
1 8 10
9 2 13
1 2 37
44 1 1
16 8 18
44 1 25
13 1 1
23 8 24
9 2 10
1 5 3
1 7 3
56 8 23
5 8 19
14 8 17
17 1 3
25 1 1
1 1 4
13 2 3
3 1 18
21 8 58
1 2 5
8 8 39
10 1 3
3 8 63
23 1 22
37 2 1
5 2 4
23 1 56
9 8 24
13 2 1
18 2 23
12 1 11
1 14 3
45 13 56
20 8 23
1 1 37
40 1 39
44 1 30
10 2 1
22 1 19
19 1 3
25 2 1
19 1 5
8 2 13
30 8 44
5 2 1
3 8 16
30 1 24
16 2 17
44 2 24
3 8 13
1 1 38
24 2 44
19 8 20
21 1 1
10 2 3
13 8 44
30 1 12
3 2 18
17 8 25
1 8 11
15 2 24
3 1 1
24 2 15
11 1 10
3 2 13
15 2 12
24 1 9
14 1 13
14 8 15
3 2 38
58 8 30
10 8 44
3 2 4
1 2 25
3 1 5
18 1 16
8 8 14
44 2 45
22 8 30
1 8 19
2 8 40
10 1 1
45 1 23
3 5 1
21 8 38
1 8 13
3 2 5
37 8 3
38 2 3
1 1 25
64 8 16
64 2 3
3 8 10
8 2 1
11 8 16
1 8 24
16 1 11
8 8 44
38 1 21
45 1 13
9 2 1
25 1 16
16 8 25
45 1 10
38 8 3
3 1 4
44 8 30
17 2 16
14 1 8
63 2 3
11 1 1
15 1 14
45 2 44
4 2 5
30 1 44
8 2 10
18 1 17
1 2 10
23 2 18
3 2 10
1 8 3
24 8 30
18 8 45
38 1 19
12 8 30
11 1 9
13 1 3
24 1 23
1 4 3
39 1 30
18 8 3
21 8 56
3 8 2
30 1 15
44 13 56
24 1 1
11 8 12
13 8 11
4 8 3
37 2 3
1 8 64
10 8 45
23 8 45
23 1 20
44 13 58
10 2 9
44 1 8
5 2 3
40 1 2
1 2 9
39 1 1
38 1 1
1 8 44
63 8 17
25 2 30
4 8 19
21 1 3
44 1 10
17 8 18
30 1 22
14 1 3
3 1 37
11 1 13
37 1 1
19 8 38
30 1 58
11 1 3
16 1 64
15 8 30
3 8 17
3 8 45
30 2 1
13 2 9
10 8 11
19 1 1
20 2 22
56 1 21
39 8 40
64 1 1
30 2 25
45 1 18
3 2 37
13 8 45
1 2 30
20 1 19
18 8 24
22 2 20
1 8 39
18 2 3
1 2 13
14 1 1
1 1 3
13 2 8
3 8 14
2 2 39
58 6 44
3 2 63
56 6 45
1 2 4
3 8 19
3 1 38
19 1 4
58 1 21
1 8 14
16 1 3
18 2 1
12 2 15
1 8 21
1 2 18
1 2 8
17 1 63
10 2 8
5 8 3
2 1 3
44 1 13
13 8 14
63 1 3
9 8 45
3 2 64
3 7 1
45 8 30
4 2 1
3 8 21
45 1 9
45 1 3
9 8 11
25 1 17
39 1 8
4 1 1
25 8 44
30 8 39
1 2 38
30 1 56
4 2 3
3 4 1
30 1 45
38 2 1
56 8 30
19 8 22
22 8 23
17 1 14
39 2 2
56 6 44
3 8 11
? 1 github_java_program_data/23/506.java

24 1 18
1 8 10
9 2 13
1 2 37
44 1 1
16 8 18
44 1 25
13 1 1
23 8 24
9 2 10
1 5 3
1 7 3
56 8 23
5 8 19
14 8 17
17 1 3
25 1 1
1 1 4
13 2 3
3 1 18
21 8 58
1 2 5
8 8 39
10 1 3
3 8 63
23 1 22
37 2 1
5 2 4
23 1 56
9 8 24
13 2 1
18 2 23
12 1 11
1 14 3
45 13 56
20 8 23
1 1 37
40 1 39
44 1 30
10 2 1
22 1 19
19 1 3
25 2 1
19 1 5
8 2 13
30 8 44
5 2 1
3 8 16
30 1 24
16 2 17
44 2 24
3 8 13
1 1 38
24 2 44
19 8 20
21 1 1
10 2 3
13 8 44
30 1 12
3 2 18
17 8 25
1 8 11
15 2 24
3 1 1
24 2 15
11 1 10
3 2 13
15 2 12
24 1 9
14 1 13
14 8 15
3 2 38
58 8 30
10 8 44
3 2 4
1 2 25
3 1 5
18 1 16
8 8 14
44 2 45
22 8 30
1 8 19
2 8 40
10 1 1
45 1 23
3 5 1
21 8 38
1 8 13
3 2 5
37 8 3
38 2 3
1 1 25
64 8 16
64 2 3
3 8 10
8 2 1
11 8 16
1 8 24
16 1 11
8 8 44
38 1 21
45 1 13
9 2 1
25 1 16
16 8 25
45 1 10
38 8 3
3 1 4
44 8 30
17 2 16
14 1 8
63 2 3
11 1 1
15 1 14
45 2 44
4 2 5
30 1 44
8 2 10
18 1 17
1 2 10
23 2 18
3 2 10
1 8 3
24 8 30
18 8 45
38 1 19
12 8 30
11 1 9
13 1 3
24 1 23
1 4 3
39 1 30
18 8 3
21 8 56
3 8 2
30 1 15
44 13 56
24 1 1
11 8 12
13 8 11
4 8 3
37 2 3
1 8 64
10 8 45
23 8 45
23 1 20
44 13 58
10 2 9
44 1 8
5 2 3
40 1 2
1 2 9
39 1 1
38 1 1
1 8 44
63 8 17
25 2 30
4 8 19
21 1 3
44 1 10
17 8 18
30 1 22
14 1 3
3 1 37
11 1 13
37 1 1
19 8 38
30 1 58
11 1 3
16 1 64
15 8 30
3 8 17
3 8 45
30 2 1
13 2 9
10 8 11
19 1 1
20 2 22
56 1 21
39 8 40
64 1 1
30 2 25
45 1 18
3 2 37
13 8 45
1 2 30
20 1 19
18 8 24
22 2 20
1 8 39
18 2 3
1 2 13
14 1 1
1 1 3
13 2 8
3 8 14
2 2 39
58 6 44
3 2 63
56 6 45
1 2 4
3 8 19
3 1 38
19 1 4
58 1 21
1 8 14
16 1 3
18 2 1
12 2 15
1 8 21
1 2 18
1 2 8
17 1 63
10 2 8
5 8 3
2 1 3
44 1 13
13 8 14
63 1 3
9 8 45
3 2 64
3 7 1
45 8 30
4 2 1
3 8 21
45 1 9
45 1 3
9 8 11
25 1 17
39 1 8
4 1 1
25 8 44
30 8 39
1 2 38
30 1 56
4 2 3
3 4 1
30 1 45
38 2 1
56 8 30
19 8 22
22 8 23
17 1 14
39 2 2
56 6 44
3 8 11
? 1 github_java_program_data/23/56.java

1 8 10
9 2 13
12 2 15
1 1 4
16 8 18
44 1 25
1 8 14
13 1 1
1 14 3
9 2 10
13 8 44
16 1 1
3 2 10
44 1 1
11 8 17
3 2 18
67 8 40
1 2 5
8 8 39
17 1 11
30 1 15
23 2 3
23 1 22
1 8 67
56 1 19
45 1 1
15 8 30
13 2 1
30 8 67
18 2 23
12 1 11
2 2 6
3 8 19
40 1 39
44 1 30
10 2 1
19 1 3
25 2 1
3 1 18
14 1 1
6 2 39
58 6 45
8 2 13
30 8 44
6 1 1
3 8 13
15 2 44
21 1 1
10 2 3
30 1 12
1 8 11
39 1 23
3 1 1
11 1 10
3 2 13
15 2 12
2 1 1
5 8 21
14 1 13
56 6 45
58 8 30
10 8 44
3 2 4
1 2 25
5 2 1
18 1 16
1 8 21
3 8 39
44 2 45
2 8 40
10 1 1
45 1 23
13 2 3
1 8 13
13 2 9
1 1 5
6 8 40
3 8 10
44 13 58
12 8 30
45 1 13
39 2 67
21 8 20
5 1 1
45 1 10
3 1 4
44 8 30
19 8 58
11 1 1
15 1 14
45 2 44
23 8 39
30 1 44
18 1 17
1 2 10
23 2 18
1 8 3
8 2 10
18 2 1
3 2 23
58 6 44
67 2 39
13 1 3
1 8 16
25 2 3
18 8 3
10 1 3
8 8 45
44 13 56
67 1 30
11 8 12
4 8 3
10 8 45
23 1 20
10 2 9
3 2 8
5 2 3
39 2 6
40 1 2
21 1 5
58 1 19
67 1 1
1 8 44
1 8 45
21 1 3
44 1 10
17 8 18
3 2 5
11 1 3
22 1 21
8 2 3
3 8 45
6 2 2
30 2 1
44 1 3
10 8 11
14 8 15
39 8 40
1 1 3
45 1 18
45 13 58
13 8 45
25 2 30
1 2 30
16 1 14
44 2 15
30 1 58
18 2 3
1 7 3
19 1 1
30 2 25
13 2 8
1 2 13
20 8 23
45 1 8
10 2 8
4 2 1
3 8 44
19 8 56
1 8 2
3 8 11
21 8 22
18 8 45
9 8 44
1 2 18
3 2 25
45 13 56
39 1 3
44 1 13
13 8 14
1 8 19
14 8 16
40 1 67
1 8 6
40 1 6
44 1 9
3 7 1
45 8 30
1 2 4
3 8 21
45 1 3
23 8 45
39 1 8
4 1 1
25 8 44
30 1 56
4 2 3
30 1 45
56 8 30
22 8 23
56 6 44
20 1 21
? 1 github_java_program_data/23/59.java

24 1 18
1 8 10
9 2 13
1 2 37
44 1 1
16 8 18
44 1 25
13 1 1
23 8 24
9 2 10
1 5 3
1 7 3
56 8 23
5 8 19
14 8 17
17 1 3
25 1 1
1 1 4
13 2 3
3 1 18
21 8 58
1 2 5
8 8 39
10 1 3
3 8 63
23 1 22
37 2 1
5 2 4
23 1 56
9 8 24
13 2 1
18 2 23
12 1 11
1 14 3
45 13 56
20 8 23
1 1 37
40 1 39
44 1 30
10 2 1
22 1 19
19 1 3
25 2 1
19 1 5
8 2 13
30 8 44
5 2 1
3 8 16
30 1 24
16 2 17
44 2 24
3 8 13
1 1 38
24 2 44
19 8 20
21 1 1
10 2 3
13 8 44
30 1 12
3 2 18
17 8 25
1 8 11
15 2 24
3 1 1
24 2 15
11 1 10
3 2 13
15 2 12
24 1 9
14 1 13
14 8 15
3 2 38
58 8 30
10 8 44
3 2 4
1 2 25
3 1 5
18 1 16
8 8 14
44 2 45
22 8 30
1 8 19
2 8 40
10 1 1
45 1 23
3 5 1
21 8 38
1 8 13
3 2 5
37 8 3
38 2 3
1 1 25
64 8 16
64 2 3
3 8 10
8 2 1
11 8 16
1 8 24
16 1 11
8 8 44
38 1 21
45 1 13
9 2 1
25 1 16
16 8 25
45 1 10
38 8 3
3 1 4
44 8 30
17 2 16
14 1 8
63 2 3
11 1 1
15 1 14
45 2 44
4 2 5
30 1 44
8 2 10
18 1 17
1 2 10
23 2 18
3 2 10
1 8 3
24 8 30
18 8 45
38 1 19
12 8 30
11 1 9
13 1 3
24 1 23
1 4 3
39 1 30
18 8 3
21 8 56
3 8 2
30 1 15
44 13 56
24 1 1
11 8 12
13 8 11
4 8 3
37 2 3
1 8 64
10 8 45
23 8 45
23 1 20
44 13 58
10 2 9
44 1 8
5 2 3
40 1 2
1 2 9
39 1 1
38 1 1
1 8 44
63 8 17
25 2 30
4 8 19
21 1 3
44 1 10
17 8 18
30 1 22
14 1 3
3 1 37
11 1 13
37 1 1
19 8 38
30 1 58
11 1 3
16 1 64
15 8 30
3 8 17
3 8 45
30 2 1
13 2 9
10 8 11
19 1 1
20 2 22
56 1 21
39 8 40
64 1 1
30 2 25
45 1 18
3 2 37
13 8 45
1 2 30
20 1 19
18 8 24
22 2 20
1 8 39
18 2 3
1 2 13
14 1 1
1 1 3
13 2 8
3 8 14
2 2 39
58 6 44
3 2 63
56 6 45
1 2 4
3 8 19
3 1 38
19 1 4
58 1 21
1 8 14
16 1 3
18 2 1
12 2 15
1 8 21
1 2 18
1 2 8
17 1 63
10 2 8
5 8 3
2 1 3
44 1 13
13 8 14
63 1 3
9 8 45
3 2 64
3 7 1
45 8 30
4 2 1
3 8 21
45 1 9
45 1 3
9 8 11
25 1 17
39 1 8
4 1 1
25 8 44
30 8 39
1 2 38
30 1 56
4 2 3
3 4 1
30 1 45
38 2 1
56 8 30
19 8 22
22 8 23
17 1 14
39 2 2
56 6 44
3 8 11
? 1 github_java_program_data/23/81.java

1 8 10
9 2 13
12 2 15
1 1 4
16 8 18
44 1 25
1 8 14
13 1 1
1 14 3
9 2 10
13 8 44
16 1 1
3 2 10
44 1 1
11 8 17
3 2 18
67 8 40
1 2 5
8 8 39
17 1 11
30 1 15
23 2 3
23 1 22
1 8 67
56 1 19
45 1 1
15 8 30
13 2 1
30 8 67
18 2 23
12 1 11
2 2 6
3 8 19
40 1 39
44 1 30
10 2 1
19 1 3
25 2 1
3 1 18
14 1 1
6 2 39
58 6 45
8 2 13
30 8 44
6 1 1
3 8 13
15 2 44
21 1 1
10 2 3
30 1 12
1 8 11
39 1 23
3 1 1
11 1 10
3 2 13
15 2 12
2 1 1
5 8 21
14 1 13
56 6 45
58 8 30
10 8 44
3 2 4
1 2 25
5 2 1
18 1 16
1 8 21
3 8 39
44 2 45
2 8 40
10 1 1
45 1 23
13 2 3
1 8 13
13 2 9
1 1 5
6 8 40
3 8 10
44 13 58
12 8 30
45 1 13
39 2 67
21 8 20
5 1 1
45 1 10
3 1 4
44 8 30
19 8 58
11 1 1
15 1 14
45 2 44
23 8 39
30 1 44
18 1 17
1 2 10
23 2 18
1 8 3
8 2 10
18 2 1
3 2 23
58 6 44
67 2 39
13 1 3
1 8 16
25 2 3
18 8 3
10 1 3
8 8 45
44 13 56
67 1 30
11 8 12
4 8 3
10 8 45
23 1 20
10 2 9
3 2 8
5 2 3
39 2 6
40 1 2
21 1 5
58 1 19
67 1 1
1 8 44
1 8 45
21 1 3
44 1 10
17 8 18
3 2 5
11 1 3
22 1 21
8 2 3
3 8 45
6 2 2
30 2 1
44 1 3
10 8 11
14 8 15
39 8 40
1 1 3
45 1 18
45 13 58
13 8 45
25 2 30
1 2 30
16 1 14
44 2 15
30 1 58
18 2 3
1 7 3
19 1 1
30 2 25
13 2 8
1 2 13
20 8 23
45 1 8
10 2 8
4 2 1
3 8 44
19 8 56
1 8 2
3 8 11
21 8 22
18 8 45
9 8 44
1 2 18
3 2 25
45 13 56
39 1 3
44 1 13
13 8 14
1 8 19
14 8 16
40 1 67
1 8 6
40 1 6
44 1 9
3 7 1
45 8 30
1 2 4
3 8 21
45 1 3
23 8 45
39 1 8
4 1 1
25 8 44
30 1 56
4 2 3
30 1 45
56 8 30
22 8 23
56 6 44
20 1 21
? 1 github_java_program_data/23/84.java

