43 8 69
57 8 53
29 2 5
27 1 21
8 2 10
55 2 22
41 8 50
23 1 70
21 8 27
19 1 32
81 1 53
4 8 19
52 2 76
9 8 44
13 2 8
19 8 51
61 8 50
73 8 23
7 1 3
4 2 42
73 1 81
14 8 17
69 2 30
4 2 32
48 2 30
3 2 37
21 8 61
53 1 48
6 2 2
20 2 22
19 1 3
29 1 28
69 2 23
69 1 43
23 8 70
73 1 48
88 2 25
30 1 70
12 2 22
30 1 58
1 8 45
72 1 23
37 1 1
21 1 1
76 1 21
3 8 45
38 1 19
2 1 3
1 2 38
30 2 69
88 1 26
51 8 69
52 8 97
30 1 53
13 8 45
37 1 21
32 2 4
12 2 15
1 2 37
1 12 3
26 1 19
41 1 19
3 2 4
38 1 1
20 1 21
19 8 22
3 2 10
11 1 10
57 2 52
51 2 61
1 1 37
50 1 41
41 8 69
45 1 10
1 2 33
44 1 13
15 2 20
19 1 1
23 1 56
75 8 69
2 8 40
70 2 20
72 1 30
56 6 44
21 1 42
3 2 38
58 8 30
39 8 40
3 2 41
18 1 17
10 8 45
17 2 16
51 2 52
23 1 12
3 8 65
38 8 3
28 8 34
12 8 23
97 1 76
3 1 28
21 1 32
37 1 19
10 2 3
14 8 43
1 2 10
29 1 3
51 8 97
4 2 34
25 1 17
22 8 23
69 1 41
11 1 1
30 8 54
39 1 8
26 8 88
13 8 11
3 8 11
54 1 30
23 8 44
38 2 1
48 1 19
19 8 75
5 2 29
19 8 52
21 8 48
33 8 29
52 2 81
42 2 5
23 2 18
4 8 21
43 2 1
22 1 21
48 2 75
11 8 41
39 1 3
30 2 87
61 2 48
14 1 10
25 8 45
22 2 15
4 1 1
45 1 25
25 2 88
1 1 38
30 1 12
55 8 23
41 8 11
3 8 26
44 1 8
21 1 29
53 1 51
45 1 88
88 8 45
12 1 14
37 2 1
56 2 73
13 2 65
8 2 9
53 2 20
1 2 13
44 1 3
88 2 30
12 2 54
48 2 72
26 2 27
8 8 45
3 8 2
19 8 20
56 1 19
50 1 48
44 1 30
50 2 23
5 1 1
12 2 20
1 14 3
23 8 52
54 1 23
69 1 75
33 8 34
13 8 44
5 2 4
43 1 21
10 2 8
53 8 81
27 2 26
8 2 3
1 8 34
5 8 19
22 2 55
13 8 14
1 1 3
54 8 23
21 8 76
34 8 21
70 1 69
45 2 44
11 1 3
7 8 40
3 8 34
27 8 28
38 1 21
34 1 28
32 8 19
11 1 13
30 1 15
1 8 7
40 1 2
12 1 11
4 2 1
8 2 13
30 8 72
30 8 55
3 2 43
1 1 33
41 2 51
43 2 51
26 8 33
21 8 41
20 2 12
3 8 13
30 1 54
69 1 48
3 2 8
1 8 29
3 4 1
70 1 23
72 8 73
3 8 21
14 1 3
34 1 1
70 8 23
30 1 22
50 2 30
44 2 45
1 8 3
4 2 5
45 8 23
13 2 3
23 8 39
29 2 4
21 8 75
51 2 43
15 2 12
44 1 18
1 2 5
11 8 15
69 8 70
21 1 5
21 8 22
3 2 5
3 2 25
19 8 27
65 1 3
48 8 69
75 2 48
73 8 30
87 2 30
28 1 27
51 1 21
41 2 48
3 1 37
41 1 21
19 1 42
10 8 44
15 2 70
48 1 21
19 8 61
37 8 3
65 1 33
52 8 53
51 2 75
3 5 1
43 1 14
48 8 50
27 8 88
34 1 33
27 1 19
8 8 39
55 1 30
45 1 8
22 1 19
50 1 61
41 8 14
23 1 15
1 1 4
25 2 30
18 2 23
61 1 19
3 1 38
54 2 20
14 8 12
54 1 50
18 8 44
30 1 73
19 8 43
12 2 70
43 8 14
4 8 3
45 1 13
23 8 57
44 1 87
1 8 27
19 1 29
15 2 22
16 1 11
26 1 21
44 8 23
61 1 21
73 1 51
40 1 39
20 8 23
16 2 17
81 2 52
15 1 11
23 2 69
28 8 29
21 1 34
3 8 6
11 8 16
7 2 6
23 1 55
27 8 33
76 8 97
23 1 73
53 1 72
20 2 54
75 1 19
76 2 52
48 8 55
48 8 73
34 8 19
42 2 4
52 8 73
22 2 12
3 1 1
13 1 1
23 1 54
58 2 73
23 8 54
1 5 3
23 2 50
3 8 39
3 2 18
21 1 4
20 2 70
3 8 19
45 1 3
3 8 14
28 1 26
1 4 3
21 8 37
69 8 54
45 1 9
33 8 65
5 2 32
54 1 69
50 8 54
42 8 19
39 2 7
70 2 12
11 1 41
57 1 23
65 2 13
3 8 44
73 1 52
65 8 14
75 1 21
19 1 34
27 1 1
14 1 41
48 2 61
14 1 65
5 2 34
1 2 41
5 2 1
19 8 48
45 1 1
29 8 19
2 2 6
3 2 13
1 2 43
1 8 19
21 8 51
72 8 53
28 2 3
3 1 4
4 2 3
51 2 41
3 7 1
10 1 1
97 8 19
23 1 45
54 2 12
70 2 15
17 1 14
14 1 1
30 1 20
15 1 14
48 2 41
19 8 56
16 8 18
42 8 21
52 1 30
10 8 14
56 8 23
20 2 15
1 11 3
50 1 51
12 8 30
88 1 27
53 8 30
70 1 30
3 2 23
34 2 4
5 2 3
1 8 21
23 1 44
1 8 10
87 8 44
21 8 38
18 2 3
23 1 20
72 2 48
23 2 3
3 2 28
32 8 21
37 2 3
15 8 23
1 7 3
3 8 29
33 2 1
32 2 5
1 8 14
38 2 3
18 2 87
75 2 51
14 8 15
21 8 26
19 8 41
30 2 48
25 1 16
97 1 52
41 2 1
4 2 29
25 2 1
28 2 1
51 1 19
52 2 57
81 8 73
51 8 53
10 2 1
87 2 18
14 8 41
48 8 53
30 8 70
1 2 4
52 2 51
53 1 52
15 8 30
25 2 3
6 1 3
30 8 52
33 1 1
16 8 25
3 8 10
20 8 30
51 8 73
19 1 97
33 1 26
26 8 28
3 8 7
22 8 30
43 2 3
43 8 11
14 1 43
19 8 26
6 8 40
55 1 48
10 8 11
53 1 57
97 1 51
13 1 3
30 2 25
61 2 51
44 1 10
21 1 3
4 2 97
73 1 72
19 8 38
5 2 42
6 2 7
52 1 23
58 1 19
58 6 45
33 2 3
41 1 14
18 1 16
29 1 33
21 8 20
43 1 19
30 2 88
33 1 27
41 1 11
52 1 19
1 8 11
30 8 45
5 8 3
34 2 5
45 1 30
11 1 43
5 8 21
34 1 3
70 8 30
19 1 4
10 1 3
23 1 22
19 1 5
1 1 5
28 8 3
40 1 6
73 2 58
21 8 43
40 1 7
3 1 5
14 1 13
3 2 33
19 8 58
26 8 87
73 2 56
30 8 44
17 8 18
97 2 4
13 2 1
1 8 13
20 1 19
17 8 25
45 13 58
11 8 12
8 8 44
44 1 23
87 1 26
30 2 50
44 13 56
41 2 3
39 1 23
70 1 50
20 2 53
23 8 72
51 8 50
7 2 39
7 1 1
19 8 37
22 2 20
22 2 70
9 8 45
29 1 1
69 1 51
26 1 3
1 2 25
1 2 28
44 1 9
29 8 21
70 2 22
50 8 70
54 8 30
9 2 8
? 1 github_java_program_data/33/11.java

43 8 69
30 1 79
29 2 5
69 1 75
8 2 10
30 8 39
67 2 7
11 8 43
21 8 27
19 1 32
23 1 12
13 8 45
9 8 44
13 2 8
19 8 51
61 8 50
20 2 15
7 1 3
51 2 41
4 2 42
14 8 17
79 1 48
69 2 30
23 8 67
21 8 61
19 1 3
29 1 28
69 2 23
69 1 43
6 1 1
23 8 70
43 8 11
33 2 1
30 1 70
70 1 23
1 8 45
37 1 1
21 1 1
3 8 45
38 1 19
30 2 69
9 2 13
51 8 69
21 1 32
42 2 4
37 1 21
15 2 22
1 2 37
1 12 3
26 1 19
41 1 19
3 2 4
38 1 1
23 1 45
54 2 15
23 8 45
3 2 10
11 1 10
88 2 23
1 1 37
50 1 41
41 8 69
45 1 10
48 2 23
1 2 33
44 1 13
3 2 5
15 2 20
14 1 43
75 8 69
44 8 30
21 1 42
3 2 38
6 2 39
41 2 3
3 2 41
18 1 17
21 1 3
4 8 19
38 8 3
12 8 23
30 1 55
37 1 19
10 2 3
14 8 43
70 8 23
1 2 10
29 1 3
23 2 69
4 2 34
25 1 17
22 8 23
69 1 41
11 1 1
30 8 54
88 8 44
13 8 11
3 8 11
54 1 30
23 8 44
38 2 1
48 1 19
19 8 75
5 2 29
30 1 45
42 2 5
3 2 43
43 2 1
67 8 40
11 8 41
26 2 27
61 2 48
14 1 10
3 2 37
25 8 45
22 2 15
4 1 1
45 1 25
13 1 1
4 2 32
41 8 11
17 2 16
44 1 8
48 2 61
12 1 14
37 2 1
87 2 23
8 2 9
1 2 13
44 1 3
12 2 54
30 1 44
18 2 3
8 8 45
19 8 20
1 8 44
40 1 7
50 2 23
5 1 1
23 2 88
1 14 3
27 1 21
30 2 1
33 8 34
13 8 44
43 1 21
10 2 8
43 2 48
27 2 26
1 8 34
5 8 19
44 1 88
55 2 12
13 8 14
45 8 30
1 1 3
88 1 27
18 2 88
34 8 21
70 1 69
45 2 44
11 1 3
1 2 30
48 8 50
7 8 40
3 8 34
27 8 28
48 2 41
54 1 23
32 8 19
11 1 13
30 1 15
1 8 7
3 2 28
12 1 11
4 2 1
8 2 13
30 8 55
4 8 21
41 2 51
43 2 51
26 8 33
10 8 44
1 8 29
3 4 1
41 8 50
23 2 48
3 8 21
14 1 3
34 1 1
39 1 30
1 8 10
30 1 22
50 2 30
44 2 45
1 8 3
70 2 20
45 8 23
13 2 3
11 8 16
21 8 75
51 2 43
15 2 12
44 1 18
1 2 5
11 8 15
69 8 70
21 1 5
21 8 22
4 2 29
3 2 25
19 8 27
12 8 30
3 2 23
14 8 41
51 1 21
41 2 48
3 1 37
41 1 21
19 1 42
41 1 14
15 2 70
34 1 3
10 1 3
37 8 3
14 1 13
30 2 51
51 2 75
3 5 1
43 1 14
44 1 9
27 8 88
34 1 33
27 1 19
55 1 30
45 1 8
22 1 19
50 1 61
41 8 14
23 1 15
1 1 4
61 1 19
3 1 38
54 2 20
14 8 12
54 1 50
18 8 44
55 8 30
19 8 43
12 2 70
43 8 14
4 8 3
45 1 13
21 8 48
70 2 22
19 1 29
16 1 11
26 1 21
44 8 23
61 1 21
51 8 55
20 8 23
16 2 17
51 2 30
15 1 11
28 8 29
21 1 34
3 8 6
79 8 30
7 2 6
27 8 33
55 1 51
67 1 23
20 2 54
75 1 19
34 8 19
67 1 3
3 1 1
39 1 1
3 8 67
23 1 54
39 2 6
23 8 54
1 5 3
23 2 50
21 1 4
20 2 70
3 8 19
45 1 3
3 8 14
7 2 67
28 1 26
13 2 1
21 8 37
69 8 54
45 1 9
12 2 15
45 1 23
23 2 87
50 8 54
42 8 19
39 2 7
70 2 12
11 1 41
29 2 4
3 8 44
25 2 30
9 2 10
75 1 21
19 1 34
55 2 79
14 1 41
34 2 4
5 2 34
1 2 41
5 2 1
19 8 48
45 1 1
20 1 19
3 2 13
1 2 43
1 8 19
21 8 51
32 2 4
28 2 3
3 1 4
22 2 54
15 2 54
3 7 1
10 1 1
20 1 21
54 2 12
70 2 15
17 1 14
14 1 1
30 1 20
15 1 14
16 8 18
42 8 21
10 8 14
19 8 26
1 11 3
30 1 12
54 8 23
70 1 30
87 1 26
5 2 3
1 8 21
23 1 44
22 1 21
87 8 44
21 8 38
1 8 39
23 1 20
23 2 3
32 8 21
37 2 3
15 8 23
1 7 3
3 8 29
32 2 5
40 1 39
38 2 3
18 2 87
14 8 15
25 2 23
21 8 26
19 8 41
1 1 5
25 1 16
41 2 1
28 2 1
51 1 19
10 2 1
87 2 18
28 1 27
13 2 9
30 8 70
1 2 4
75 2 51
1 8 11
15 8 30
25 2 3
6 1 3
54 2 22
25 2 1
44 1 87
7 2 39
23 2 25
16 8 25
3 8 10
20 8 30
9 2 8
1 2 38
33 1 26
18 2 1
26 8 28
3 8 7
22 8 30
43 2 3
50 1 48
19 1 1
12 2 55
6 8 40
10 8 11
19 8 22
13 1 3
30 2 25
44 1 10
10 8 45
5 2 32
19 8 38
22 2 70
54 1 69
5 2 42
6 2 7
1 1 38
40 1 6
18 1 16
48 2 43
21 8 20
43 1 19
33 1 27
69 1 51
5 8 21
30 8 45
5 8 3
34 2 5
45 1 30
11 1 43
48 1 21
70 8 30
19 1 4
19 8 61
23 1 22
19 1 5
39 8 40
1 8 14
1 2 18
4 2 3
1 4 3
21 8 43
44 1 1
3 1 5
3 2 33
26 8 87
3 2 18
79 2 55
17 8 18
21 8 41
1 8 13
29 8 19
17 8 25
1 8 6
11 8 12
8 8 44
44 1 23
10 2 9
23 1 70
48 8 79
30 2 50
43 1 11
70 1 50
88 2 18
79 1 23
7 1 1
19 8 37
43 8 50
9 8 45
29 1 1
41 1 11
38 1 21
1 2 25
1 2 28
23 8 79
33 2 3
40 1 67
50 1 43
50 8 70
3 8 13
? 1 github_java_program_data/33/112.java

43 8 69
27 1 21
8 2 10
30 8 39
23 1 70
21 8 27
19 1 32
23 1 12
13 8 45
9 8 44
13 2 8
2 8 40
58 8 30
73 8 23
4 2 42
14 8 17
1 1 5
69 2 30
30 2 18
3 2 37
21 8 61
53 1 48
20 2 22
19 1 3
29 1 28
69 1 43
23 1 15
12 8 23
30 1 19
30 1 58
1 8 45
72 1 23
37 1 1
21 1 1
3 8 45
38 1 19
30 2 69
51 8 69
30 1 53
72 2 48
37 1 21
1 2 37
48 2 52
1 12 3
26 1 19
1 8 19
28 2 3
38 1 1
20 1 21
23 8 45
3 2 10
54 1 50
72 2 57
51 2 61
1 1 37
50 1 41
41 8 69
45 1 10
52 8 53
15 2 20
14 1 43
57 8 73
23 1 56
75 8 69
44 8 30
21 1 42
3 2 38
61 8 50
41 2 3
3 2 41
18 1 17
1 2 43
4 8 19
38 8 3
11 8 17
3 8 39
1 8 2
21 1 32
37 1 19
10 2 3
14 8 43
1 2 10
29 1 3
25 1 17
22 8 23
69 1 41
11 1 1
39 1 8
13 8 11
3 8 11
23 8 44
48 1 19
30 1 45
3 4 1
52 2 48
42 2 5
23 2 18
3 2 43
43 2 1
22 1 21
48 2 75
44 13 58
11 8 41
3 2 8
14 1 10
25 8 45
4 1 1
45 1 25
21 8 56
30 1 12
26 1 21
39 1 3
17 2 16
44 1 8
21 1 29
57 2 72
12 1 14
37 2 1
8 2 9
53 2 20
1 2 13
44 1 3
12 2 54
30 1 44
8 8 45
19 8 20
1 8 44
44 1 1
44 1 30
50 2 23
5 1 1
1 14 3
3 2 30
23 8 52
12 2 22
69 1 75
33 8 34
30 8 57
43 1 21
10 2 8
27 2 26
10 8 44
5 8 19
13 1 3
45 8 30
1 1 3
34 8 21
70 1 69
45 2 44
11 1 3
3 8 34
48 2 41
54 1 23
32 8 19
11 1 13
22 2 20
40 1 2
3 2 28
4 2 1
8 2 13
4 8 21
43 2 51
39 2 2
26 8 33
21 8 41
30 1 54
1 8 21
1 8 29
25 2 23
41 8 50
72 8 73
16 2 17
14 1 3
11 8 16
39 1 30
70 8 23
30 1 22
44 2 45
1 8 3
21 8 75
51 2 43
44 1 18
51 2 41
69 8 70
21 1 5
21 8 22
3 2 5
3 2 25
19 8 27
12 8 30
48 8 69
75 2 48
14 8 41
51 1 21
41 2 48
21 2 19
3 1 37
41 1 21
19 8 30
19 1 42
56 1 21
41 1 14
34 1 3
10 1 3
37 8 3
14 1 13
57 1 30
3 5 1
43 1 14
29 8 21
21 1 3
34 1 33
27 1 19
8 8 39
45 1 8
22 1 19
50 1 61
41 8 14
73 1 48
1 1 4
18 2 23
61 1 19
3 1 38
14 8 12
11 1 10
18 8 44
19 8 43
43 8 14
4 8 3
45 1 13
30 2 3
19 1 29
16 1 11
4 2 32
61 1 21
20 8 23
3 2 18
28 8 29
2 2 39
21 1 34
13 2 3
27 8 33
30 8 44
23 1 73
12 1 11
48 8 73
34 8 19
30 1 21
42 2 4
22 2 12
20 2 58
13 1 1
23 8 54
1 5 3
21 1 4
3 8 19
41 8 11
3 8 14
28 1 26
19 2 21
23 2 25
21 8 37
45 1 9
1 1 38
5 2 32
45 1 23
50 8 54
42 8 19
11 1 41
3 1 1
25 2 30
75 1 21
19 1 34
14 1 41
1 2 41
5 2 1
19 8 48
45 1 1
20 1 19
3 2 13
21 8 51
32 2 4
3 2 4
3 1 4
22 2 54
1 2 5
3 7 1
10 1 1
26 2 27
54 2 12
17 1 14
14 1 1
30 1 20
15 1 14
16 8 18
42 8 21
10 8 14
56 8 23
20 2 15
1 11 3
50 1 51
53 8 30
70 1 30
5 2 3
69 1 48
1 8 10
21 8 38
18 2 3
23 1 20
58 6 44
20 2 53
32 8 21
37 2 3
15 8 23
1 7 3
3 8 29
13 8 14
32 2 5
40 1 39
38 2 3
28 2 1
23 1 71
71 8 23
14 8 15
45 1 3
21 8 26
21 8 30
23 2 50
41 2 1
21 1 30
17 1 11
51 1 19
10 2 1
48 8 53
30 8 70
1 2 4
75 2 51
53 1 52
11 1 43
25 2 3
3 8 21
54 2 22
25 2 1
3 8 10
44 1 9
9 2 8
33 1 26
18 2 1
26 8 28
22 8 30
43 2 3
43 8 11
19 1 1
19 8 26
10 8 11
58 2 20
19 8 22
30 2 25
61 2 51
44 1 10
10 8 45
73 1 72
19 8 38
5 2 42
48 2 72
52 1 23
58 1 19
33 2 3
18 1 16
21 8 20
43 1 19
33 1 27
41 1 11
8 2 3
1 8 11
30 8 45
45 1 30
1 2 25
5 8 21
41 2 51
19 1 4
19 8 61
23 1 22
19 1 5
39 8 40
1 8 14
1 2 18
4 2 3
1 4 3
21 8 43
18 2 30
3 2 33
19 8 58
3 8 44
17 8 18
13 2 1
30 8 21
51 2 75
1 8 13
29 8 19
17 8 25
11 8 12
8 8 44
44 1 23
73 1 57
19 8 51
23 8 72
51 8 50
19 8 37
9 8 45
29 1 1
69 1 51
1 2 28
2 1 1
3 8 13
20 8 30
38 1 21
54 8 30
? 1 github_java_program_data/33/149.java

57 8 53
24 1 30
69 1 75
8 2 10
44 13 58
23 1 70
21 8 27
19 1 32
4 8 19
3 4 1
9 8 44
13 2 8
18 8 45
19 8 51
1 8 11
61 8 50
20 2 15
51 2 41
14 8 17
69 2 30
4 2 32
30 2 18
11 8 12
3 2 37
21 8 61
20 2 22
19 1 3
29 1 28
69 2 23
43 2 48
23 8 70
30 1 15
30 1 70
39 1 23
1 8 45
37 1 1
21 1 1
3 8 45
38 1 19
30 2 69
9 2 13
51 8 69
8 8 24
37 1 21
12 2 15
1 2 37
1 8 34
1 12 3
26 1 19
41 1 19
3 2 4
38 1 1
23 1 45
23 8 45
3 2 10
54 1 50
57 2 52
1 1 37
50 1 41
41 8 69
45 1 10
1 2 33
53 1 52
22 1 21
14 1 8
14 1 43
75 8 69
21 1 42
9 8 14
58 8 30
41 2 3
56 8 30
18 1 17
50 2 23
25 8 44
51 2 52
23 1 12
53 8 23
38 8 3
37 8 3
11 8 17
12 8 23
5 8 3
21 1 32
37 1 19
10 2 3
14 8 43
1 2 10
24 1 1
29 1 3
23 2 69
25 1 17
22 8 23
69 1 41
3 8 11
39 1 8
13 8 11
11 1 1
14 1 9
23 8 44
48 1 19
19 8 75
56 6 45
23 2 18
3 2 43
43 2 1
4 2 5
15 2 20
11 8 41
26 2 27
61 2 48
14 1 10
4 1 1
44 1 25
30 1 12
14 8 16
41 8 11
17 2 16
44 1 8
21 1 29
53 1 51
48 2 61
25 2 3
8 2 9
1 2 13
44 1 3
1 8 24
12 2 54
18 2 3
8 8 45
39 8 40
1 8 44
44 1 1
44 1 30
24 2 44
12 2 20
8 2 1
1 14 3
23 8 52
27 1 21
33 8 34
13 8 44
30 8 57
43 1 21
10 2 8
27 2 26
30 8 24
5 8 19
13 1 3
1 1 3
21 8 58
34 8 21
70 1 69
45 2 44
11 1 3
3 8 34
27 8 28
45 1 30
54 1 23
32 8 19
11 1 13
22 2 20
5 2 4
70 1 23
12 1 11
4 2 1
8 2 13
4 8 21
41 2 51
26 8 33
10 8 44
30 1 54
30 1 58
16 2 17
14 1 3
11 8 16
70 8 23
44 2 45
1 8 3
45 8 23
45 1 18
13 2 3
23 8 39
15 2 12
1 2 5
11 8 15
69 8 70
21 1 5
21 8 22
3 2 5
3 2 25
19 8 27
12 8 30
14 8 41
51 1 21
41 2 48
3 1 37
19 1 42
56 1 21
41 1 14
34 1 3
19 8 61
54 2 20
23 1 24
14 1 13
52 8 53
51 2 75
3 5 1
43 1 14
48 8 50
71 8 30
29 8 21
34 1 33
27 1 19
8 8 39
18 2 30
45 1 8
22 1 19
50 1 61
41 8 14
23 1 15
1 1 4
18 2 23
61 1 19
3 1 38
11 1 10
9 8 11
19 8 43
30 1 71
43 8 14
4 8 3
21 8 48
41 8 50
19 1 29
16 1 11
26 1 21
61 1 21
20 8 23
15 1 11
28 8 29
21 1 34
34 1 1
27 8 33
11 1 9
44 8 23
20 2 54
75 1 19
10 8 45
34 8 19
3 1 1
39 1 1
44 2 24
23 8 54
1 5 3
3 2 18
21 1 4
20 2 70
3 8 19
45 1 3
3 8 14
28 1 26
23 2 25
21 8 37
45 1 9
5 2 32
45 1 23
50 8 54
42 8 19
23 1 53
11 1 41
1 8 13
25 2 30
9 2 10
19 1 34
14 1 41
1 2 41
5 2 1
19 8 48
45 1 1
20 1 19
3 2 13
1 2 23
1 8 19
21 8 51
32 2 4
28 2 3
3 1 4
1 2 8
3 7 1
10 1 1
20 1 21
54 2 12
38 2 1
14 1 1
30 1 20
18 8 24
15 1 14
24 1 8
16 8 18
42 8 21
10 8 14
44 1 23
24 8 23
1 11 3
13 1 1
70 1 30
5 2 3
1 8 21
23 1 44
1 8 10
70 2 20
21 8 38
1 8 39
23 1 20
3 2 28
32 8 21
37 2 3
15 8 23
1 7 3
3 8 29
13 8 14
24 1 18
33 2 1
32 2 5
40 1 39
38 2 3
20 2 12
58 6 44
14 8 15
25 2 23
21 8 26
19 8 41
57 1 30
45 13 56
23 2 50
41 2 1
17 1 11
30 1 56
51 1 19
52 2 57
51 8 53
10 2 1
37 2 1
28 1 27
13 2 9
30 8 70
1 2 4
75 2 51
44 1 13
15 8 30
3 8 21
25 2 1
16 8 25
3 8 10
20 8 30
9 2 8
1 2 38
33 1 26
18 2 1
26 8 28
16 1 14
43 2 3
43 8 11
19 1 1
19 8 26
10 8 11
53 1 57
19 8 22
30 2 25
44 1 10
21 1 3
19 8 38
52 1 23
21 8 56
9 8 45
33 2 3
18 1 16
48 2 43
21 8 20
52 2 51
43 1 19
15 2 24
33 1 27
41 1 11
3 8 44
5 8 21
30 8 45
58 1 21
34 2 5
48 2 41
11 1 43
48 1 21
70 8 30
19 1 4
10 1 3
23 1 22
19 1 5
19 8 20
1 8 14
1 2 18
4 2 3
1 4 3
21 8 43
50 1 48
3 1 5
3 2 33
3 2 38
30 8 44
17 8 18
13 2 1
5 2 34
29 8 19
17 8 25
17 1 14
8 8 44
8 8 14
24 2 15
3 2 41
23 2 1
19 8 37
43 8 50
1 1 38
1 2 43
69 1 51
25 1 16
1 2 25
44 1 9
3 8 13
10 2 9
50 1 43
38 1 21
54 8 30
? 1 github_java_program_data/33/155.java

8 2 10
33 2 1
19 1 32
5 2 1
13 8 45
9 8 44
13 2 8
19 8 51
61 8 50
4 2 42
79 1 48
3 2 23
30 2 18
3 2 37
21 8 61
21 1 23
20 2 22
19 1 3
29 1 28
41 8 14
30 1 15
39 1 23
1 8 45
37 1 1
21 1 1
38 1 19
30 1 55
55 1 48
42 2 4
37 1 21
56 2 79
1 2 37
1 12 3
26 1 19
41 1 19
28 2 3
38 1 1
20 1 21
39 2 6
19 8 22
3 2 10
11 1 10
51 2 61
1 1 37
48 2 23
1 2 33
14 1 43
2 8 40
56 6 44
21 1 42
3 2 38
6 2 39
41 2 3
56 8 30
1 2 43
4 8 19
11 8 17
3 8 39
1 8 2
21 1 32
37 1 19
10 2 3
14 8 43
55 1 23
1 2 10
29 1 3
25 1 17
22 8 23
3 8 11
30 8 54
39 1 8
13 8 11
11 1 1
54 1 30
45 1 13
48 1 19
4 8 21
43 2 1
4 2 5
3 2 8
14 1 10
25 8 45
4 1 1
45 1 25
30 1 12
4 2 32
39 1 3
44 1 8
21 1 29
21 8 23
15 2 55
13 2 3
12 1 14
37 2 1
8 2 9
23 8 55
1 2 13
2 2 6
8 8 45
19 8 20
39 8 40
1 8 44
18 2 30
44 1 30
5 1 1
12 2 20
1 14 3
79 8 30
33 8 34
43 1 21
10 2 8
3 4 1
1 8 34
5 8 19
13 8 14
1 1 3
6 2 2
45 2 44
11 1 3
40 1 2
32 8 19
11 1 13
22 2 20
5 2 4
3 2 28
4 2 1
8 2 13
34 8 21
3 2 43
43 2 51
21 8 41
1 8 29
79 2 15
23 2 48
14 1 3
11 8 16
22 1 21
30 1 22
50 2 30
44 2 45
1 8 3
45 8 23
15 2 79
12 2 15
23 8 39
29 2 4
79 2 56
51 2 43
15 2 12
44 1 18
1 2 5
11 8 15
21 1 5
19 1 5
4 2 29
19 8 27
12 8 30
21 2 19
3 1 37
41 1 21
19 1 42
10 8 44
10 1 3
37 8 3
14 1 13
3 5 1
43 1 14
29 8 21
34 1 33
27 1 19
8 8 39
45 1 8
22 1 19
50 1 61
6 1 1
1 1 4
14 8 12
54 1 50
18 8 44
55 8 30
19 8 43
43 8 14
4 8 3
23 8 21
19 1 29
16 1 11
26 1 21
61 1 21
20 8 23
15 1 11
28 8 29
21 1 34
34 1 1
27 8 33
44 8 23
12 1 11
48 8 55
3 1 1
13 1 1
23 1 54
1 5 3
21 1 4
3 8 19
41 8 11
3 8 14
28 1 26
19 2 21
21 8 37
45 1 9
5 2 32
50 8 54
42 8 19
11 1 41
1 8 13
25 2 30
14 1 41
1 2 41
30 1 79
19 8 48
45 1 1
20 1 19
3 2 13
1 8 19
32 2 4
19 8 23
3 2 4
3 1 4
22 2 54
3 7 1
10 1 1
23 1 45
14 1 1
30 1 20
15 1 14
19 8 56
16 8 18
42 8 21
10 8 14
1 11 3
50 1 51
54 8 23
5 2 3
1 8 21
23 1 44
1 8 10
55 2 20
21 8 38
3 2 5
23 1 20
30 2 50
32 8 21
37 2 3
1 7 3
3 8 29
32 2 5
40 1 39
38 2 3
20 2 12
14 8 15
21 8 26
19 8 41
56 1 19
20 2 55
41 2 1
28 2 1
17 1 11
30 1 56
51 1 19
10 2 1
61 2 51
1 2 4
1 8 11
15 8 30
3 8 21
54 2 22
25 2 1
3 8 10
44 1 9
9 2 8
18 2 1
26 8 28
22 8 30
43 2 3
43 8 11
19 1 1
6 8 40
55 2 15
10 8 11
1 2 25
13 1 3
30 2 25
44 1 10
21 1 3
19 8 38
23 1 21
1 1 38
40 1 6
18 1 16
21 8 20
43 1 19
33 1 27
8 2 3
5 8 21
30 8 45
5 8 3
45 1 30
11 1 43
19 1 4
23 1 22
21 8 22
1 1 5
1 8 14
1 2 18
4 2 3
1 4 3
21 8 43
44 1 1
3 1 5
23 8 79
30 8 44
23 1 19
13 2 1
29 8 19
17 8 25
1 8 6
11 8 12
8 8 44
19 8 26
48 8 79
23 2 3
44 13 56
3 2 41
51 8 50
79 1 23
19 8 37
43 8 50
9 8 45
29 1 1
1 2 28
2 1 1
50 1 43
20 8 30
38 1 21
3 8 13
? 1 github_java_program_data/33/174.java

8 2 10
30 8 39
23 1 70
21 8 27
19 1 32
23 1 12
3 4 1
9 8 44
2 8 40
4 2 42
14 8 17
1 1 5
3 2 37
21 8 61
21 1 23
20 2 22
19 1 3
29 1 28
69 2 23
3 8 21
30 1 19
1 8 45
37 1 1
21 1 1
2 1 3
21 8 41
42 2 4
37 1 21
1 2 37
1 12 3
26 1 19
1 8 19
3 2 4
38 1 1
20 1 21
39 2 6
23 8 45
3 2 10
1 1 37
50 1 41
41 8 69
45 1 10
49 8 14
19 1 1
44 8 30
21 1 42
23 2 18
6 2 39
41 2 3
3 2 41
21 1 3
4 8 19
38 8 3
12 8 23
21 1 32
37 1 19
10 2 3
1 2 10
22 8 23
25 1 17
23 2 69
69 1 41
11 1 1
39 1 8
13 8 11
3 8 11
17 2 16
48 1 19
30 1 45
42 2 5
4 8 21
22 1 21
11 8 41
61 2 48
14 1 10
25 8 45
4 1 1
45 1 25
13 1 1
55 8 23
41 8 11
23 8 44
44 1 8
21 1 29
21 8 23
15 2 55
48 2 61
12 1 14
37 2 1
8 2 9
1 2 13
10 8 14
30 1 44
8 8 45
3 8 2
39 8 40
1 8 44
44 1 1
5 1 1
8 2 1
1 14 3
27 1 21
30 2 1
33 8 34
43 1 21
10 2 8
27 2 26
15 2 20
13 1 3
45 8 30
1 1 3
6 2 2
45 2 44
11 1 3
1 2 30
3 8 34
27 8 28
38 1 21
54 1 23
32 8 19
23 1 55
22 2 20
40 1 2
4 2 1
30 8 55
3 2 43
44 1 23
26 8 33
10 8 44
30 1 54
1 8 21
5 8 19
1 8 29
41 8 50
16 2 17
14 1 3
11 8 16
39 1 30
70 8 23
30 1 22
50 2 30
44 2 45
1 8 3
12 2 15
15 2 12
44 1 18
1 2 5
11 8 15
21 1 5
19 1 5
3 2 5
19 8 27
48 8 69
14 8 41
41 2 48
21 2 19
3 1 37
41 1 21
19 8 30
19 1 42
41 1 14
34 1 3
10 1 3
37 8 3
14 1 13
30 2 51
3 5 1
29 8 21
34 1 33
27 1 19
8 8 39
55 1 30
45 1 8
22 1 19
41 8 14
23 1 15
1 1 4
18 2 23
3 1 38
14 8 12
11 1 10
18 8 44
19 8 43
43 8 14
4 8 3
23 8 21
19 1 29
16 1 11
26 1 21
61 1 21
51 8 55
20 8 23
51 2 30
15 1 11
28 8 29
3 8 6
13 2 3
55 1 51
34 8 19
30 1 21
3 1 1
39 1 1
23 8 54
1 5 3
21 1 4
19 8 49
3 8 19
25 2 23
3 8 14
28 1 26
19 2 21
23 2 25
21 8 37
69 8 54
45 1 9
54 1 69
42 8 19
49 2 1
11 1 41
1 8 13
19 1 34
14 1 41
1 2 41
5 2 1
19 8 48
45 1 1
29 8 19
3 2 13
41 1 19
19 8 23
3 1 4
1 2 8
3 7 1
10 1 1
26 2 27
38 2 1
14 1 1
30 1 20
16 8 18
42 8 21
2 2 6
14 1 49
1 11 3
70 1 30
5 2 3
69 1 48
1 8 10
55 2 20
21 8 38
1 8 39
23 1 20
32 8 21
37 2 3
15 8 23
1 7 3
13 8 14
40 1 39
38 2 3
21 1 30
21 8 26
19 8 41
21 8 30
20 2 55
41 2 1
28 2 1
51 1 19
10 2 1
1 2 49
28 1 27
30 8 70
1 2 4
1 8 11
11 1 43
6 1 3
25 2 1
16 8 25
20 2 15
44 1 9
9 2 8
1 2 38
33 1 26
18 2 1
26 8 28
22 8 30
43 2 3
43 8 11
14 1 43
6 8 40
55 2 15
10 8 11
19 8 22
44 1 10
10 8 45
23 1 21
45 1 23
5 2 42
1 1 38
33 2 3
18 1 16
21 8 20
43 1 19
49 1 19
41 1 11
5 8 21
5 8 3
48 2 41
1 2 25
19 1 4
23 1 22
21 8 22
19 8 20
1 8 14
1 2 18
4 2 3
1 4 3
11 1 13
21 8 43
3 1 5
3 2 33
3 2 38
61 8 69
23 1 19
13 2 1
30 8 21
20 1 19
17 8 25
69 1 61
17 1 14
8 8 44
19 8 26
19 8 51
30 2 50
70 1 50
19 8 37
9 8 45
29 1 1
3 8 10
25 1 16
1 2 28
20 8 30
40 1 6
3 8 13
50 8 70
54 8 30
? 1 github_java_program_data/33/180.java

43 8 69
57 8 53
29 2 5
69 1 75
8 2 10
30 8 39
30 8 19
11 8 43
21 8 27
19 1 32
23 1 12
3 4 1
9 8 44
13 2 8
19 8 51
61 8 50
20 2 15
18 1 16
14 8 17
3 2 37
21 8 61
53 1 48
20 2 22
19 1 3
29 1 28
69 1 43
33 2 1
30 1 19
1 8 45
37 1 1
21 1 1
38 1 19
51 8 69
37 1 21
1 2 37
48 2 52
1 12 3
26 1 19
41 1 19
3 2 4
38 1 1
20 1 21
23 8 45
3 2 10
54 1 50
57 2 52
51 2 61
1 1 37
50 1 41
45 1 10
1 8 14
53 1 52
15 2 20
19 1 1
1 2 8
23 1 56
75 8 69
44 8 30
56 6 44
21 1 42
3 2 38
41 2 3
3 2 41
18 1 17
21 1 3
4 8 19
19 8 43
38 8 3
37 8 3
12 8 23
21 1 32
37 1 19
10 2 3
14 8 43
1 2 10
29 1 3
22 8 23
23 2 69
3 8 11
30 8 54
39 1 8
13 8 11
11 1 1
54 1 30
17 2 16
48 1 19
5 2 29
30 1 45
52 2 48
3 2 43
11 8 41
56 1 19
61 2 48
14 1 10
25 8 45
4 1 1
45 1 25
13 1 1
4 2 32
41 8 11
23 8 44
44 1 8
21 1 29
48 2 61
37 2 1
8 2 9
1 2 13
44 1 3
30 1 44
8 8 45
1 1 5
50 1 48
5 1 1
12 2 20
8 2 1
1 14 3
23 8 52
27 1 21
30 2 1
33 8 34
13 8 44
30 8 57
43 1 21
10 2 8
43 2 48
27 2 26
1 8 34
5 8 19
13 8 14
45 8 30
1 1 3
34 8 21
3 2 18
45 2 44
11 1 3
1 2 30
3 8 34
27 8 28
54 1 23
32 8 19
11 1 13
22 2 20
3 2 28
12 1 11
4 2 1
8 2 13
4 8 21
56 2 70
43 2 51
26 8 33
21 8 41
30 1 54
1 8 29
41 8 50
16 2 17
14 1 3
34 1 1
39 1 30
22 1 21
50 2 30
44 2 45
1 8 3
13 2 3
29 2 4
21 8 75
51 2 43
44 1 18
51 2 41
11 8 15
21 1 5
21 8 22
3 2 5
19 8 27
18 2 3
28 1 27
75 2 51
21 2 19
3 1 37
41 1 21
19 8 30
19 1 42
10 8 44
34 1 3
10 1 3
52 2 57
14 1 13
52 8 53
57 1 30
3 5 1
1 2 33
43 1 14
48 8 50
71 8 30
29 8 21
34 1 33
27 1 19
8 8 39
45 1 8
22 1 19
50 1 61
41 8 14
23 1 15
1 1 4
18 2 23
61 1 19
3 1 38
11 1 10
18 8 44
53 8 23
30 1 71
4 8 3
21 8 48
19 1 29
16 1 11
26 1 21
61 1 21
20 8 23
15 1 11
28 8 29
21 1 34
11 8 16
27 8 33
70 8 23
44 1 23
34 8 19
30 1 21
3 8 44
39 1 1
23 1 54
23 8 54
1 5 3
21 1 4
3 8 19
25 2 23
3 8 14
28 1 26
17 1 14
38 2 3
23 2 25
21 8 37
69 8 54
45 1 9
5 2 32
54 1 69
50 8 54
42 8 19
23 1 53
11 1 41
3 1 1
75 1 21
19 1 34
14 1 41
1 2 41
5 2 1
19 8 48
45 1 1
29 8 19
3 2 13
1 8 19
32 2 4
28 2 3
3 1 4
22 2 54
1 2 5
3 7 1
10 1 1
26 2 27
38 2 1
14 1 1
30 1 20
19 8 56
16 8 18
42 8 21
10 8 14
56 8 23
1 11 3
50 1 51
54 8 23
70 1 30
5 2 3
1 8 21
1 8 10
21 8 38
1 8 39
23 1 20
48 1 21
32 8 21
37 2 3
15 8 23
1 7 3
3 8 29
32 2 5
40 1 39
19 1 30
20 2 12
21 8 26
19 8 41
21 8 30
25 1 16
41 2 1
4 2 29
28 2 1
51 1 19
10 2 1
48 8 53
30 8 70
1 2 4
44 1 13
11 1 43
3 8 21
39 8 40
25 2 1
16 8 25
3 8 10
44 1 9
9 2 8
1 2 38
33 1 26
26 8 28
16 1 14
43 2 3
43 8 11
10 8 11
53 1 57
13 1 3
61 2 51
44 1 10
10 8 45
19 8 38
45 1 23
52 1 23
1 1 38
33 2 3
69 2 23
48 2 43
21 8 20
19 8 22
43 1 19
33 1 27
41 1 11
1 8 11
5 8 3
1 2 25
5 8 21
41 2 51
19 1 4
19 8 61
23 1 22
19 1 5
19 8 20
14 8 16
4 2 3
1 4 3
21 8 43
54 2 22
3 1 5
3 2 33
23 2 18
17 8 18
13 2 1
51 2 75
1 8 13
20 1 19
11 8 12
8 8 44
70 2 56
19 8 26
23 1 70
30 2 50
44 13 56
43 1 11
70 1 50
51 8 50
19 2 21
19 8 37
43 8 50
9 8 45
29 1 1
69 1 51
50 8 70
1 2 28
20 8 30
54 8 30
50 1 43
38 1 21
3 8 13
? 1 github_java_program_data/33/2.java

34 1 33
27 1 19
8 8 39
45 1 8
22 1 19
50 1 61
41 8 14
23 1 15
1 14 3
9 8 45
19 1 32
23 1 12
13 8 45
3 1 38
9 8 44
14 8 12
11 1 10
33 8 34
61 2 48
18 8 44
69 8 54
61 8 50
19 8 43
79 8 23
4 2 42
43 8 14
4 8 3
23 8 21
8 2 10
19 1 29
30 2 18
3 2 37
21 8 61
21 1 23
26 1 21
61 1 21
30 8 39
3 2 13
20 2 22
20 8 23
19 1 3
29 1 28
51 2 30
43 2 3
55 2 12
23 8 70
28 2 1
28 8 29
30 1 70
39 2 2
10 2 8
21 1 34
1 8 45
13 2 3
37 1 1
23 1 55
21 1 1
27 8 33
2 1 3
1 2 38
30 2 69
51 8 69
1 2 8
75 1 19
48 8 55
42 2 4
32 2 4
1 2 37
3 1 1
5 2 42
26 1 19
1 8 19
23 1 54
20 1 21
70 1 50
1 5 3
45 2 44
23 8 45
4 2 1
40 1 39
21 1 4
20 2 70
3 8 19
50 1 41
41 8 69
3 8 14
48 2 23
50 1 48
19 2 21
13 2 8
3 2 5
23 2 25
79 2 55
14 1 43
45 1 9
5 2 32
54 1 69
1 8 29
75 8 69
42 8 19
70 2 20
11 1 41
21 1 42
3 2 38
1 8 13
39 8 40
21 8 41
55 2 79
79 1 51
14 1 41
50 8 70
1 2 41
4 8 19
19 8 48
10 2 3
45 1 1
38 8 3
39 1 1
11 8 17
12 8 23
21 8 51
21 1 32
37 1 19
44 1 18
19 8 23
3 2 4
3 1 4
55 1 23
51 2 41
1 2 10
3 7 1
10 1 1
25 1 17
69 1 41
11 1 1
45 1 13
14 1 1
30 1 20
15 1 14
13 8 11
3 8 11
54 1 30
16 8 18
42 8 21
38 2 1
69 2 30
48 1 19
8 2 13
19 8 75
30 8 54
1 11 3
30 1 45
25 8 45
39 1 8
30 1 12
54 8 23
42 2 5
4 8 21
5 2 3
1 8 21
1 8 10
22 1 21
21 8 38
1 8 39
11 8 41
26 2 27
3 2 28
1 2 30
14 1 10
32 8 21
1 1 37
37 2 3
15 8 23
16 1 11
3 8 29
13 8 14
45 1 25
79 1 30
32 2 5
13 1 1
55 8 23
41 8 11
38 2 3
44 1 8
21 1 29
20 2 12
21 8 23
14 8 15
25 2 23
21 8 26
48 2 61
12 1 14
37 2 1
23 2 50
41 2 1
8 2 9
75 2 51
23 8 55
17 1 11
28 1 26
51 1 19
10 2 1
10 8 14
27 8 28
23 1 79
1 2 4
5 2 1
8 8 45
3 8 2
11 1 43
1 1 5
1 8 44
44 1 1
25 2 1
44 1 30
1 2 13
50 2 23
5 1 1
12 2 20
8 2 1
3 8 10
44 1 9
30 8 79
9 2 8
69 1 75
18 2 1
26 8 28
4 2 32
22 8 30
48 2 41
43 1 21
43 8 11
19 1 1
12 2 55
27 2 26
10 8 44
55 1 48
10 8 11
19 8 22
11 1 13
30 2 1
44 1 10
21 1 3
13 1 3
45 8 30
1 1 3
28 1 27
23 1 21
45 1 23
34 8 21
30 1 44
51 8 79
11 1 3
18 2 30
33 2 3
29 1 1
18 1 16
21 8 20
3 8 34
43 1 19
44 8 30
33 1 27
15 2 12
69 1 51
32 8 19
5 8 19
1 8 11
5 8 3
40 1 2
70 1 23
12 1 11
5 8 21
41 2 51
70 8 30
19 1 4
3 2 43
21 8 22
3 8 21
1 8 14
1 2 18
4 2 3
2 2 39
1 4 3
21 8 43
3 4 1
41 8 50
3 1 5
23 2 48
3 2 33
2 8 40
14 1 3
11 8 16
39 1 30
30 8 44
30 1 22
44 2 45
1 8 3
23 1 19
13 2 1
12 2 15
29 8 19
17 8 25
1 2 5
11 8 12
8 8 44
19 8 26
21 1 5
20 8 30
19 1 5
19 8 51
19 8 27
12 8 30
29 1 3
23 1 20
3 2 10
14 8 41
51 1 21
41 2 48
21 2 19
3 1 37
41 1 21
19 8 37
22 2 20
19 1 42
28 2 3
41 1 14
41 1 11
1 2 25
34 1 3
10 1 3
37 8 3
1 2 28
14 1 13
30 2 51
29 8 21
51 2 75
3 5 1
48 8 50
38 1 21
3 8 13
? 1 github_java_program_data/33/209.java

43 8 69
30 1 79
29 2 5
69 1 75
8 2 10
30 8 39
67 2 7
11 8 43
21 8 27
19 1 32
23 1 12
13 8 45
9 8 44
13 2 8
19 8 51
61 8 50
20 2 15
7 1 3
51 2 41
4 2 42
14 8 17
79 1 48
69 2 30
23 8 67
21 8 61
19 1 3
29 1 28
69 2 23
69 1 43
6 1 1
23 8 70
43 8 11
33 2 1
30 1 70
70 1 23
1 8 45
37 1 1
21 1 1
3 8 45
38 1 19
30 2 69
9 2 13
51 8 69
21 1 32
42 2 4
37 1 21
15 2 22
1 2 37
1 12 3
26 1 19
41 1 19
3 2 4
38 1 1
23 1 45
54 2 15
23 8 45
3 2 10
11 1 10
88 2 23
1 1 37
50 1 41
41 8 69
45 1 10
48 2 23
1 2 33
44 1 13
3 2 5
15 2 20
14 1 43
75 8 69
44 8 30
21 1 42
3 2 38
6 2 39
41 2 3
3 2 41
18 1 17
21 1 3
4 8 19
38 8 3
12 8 23
30 1 55
37 1 19
10 2 3
14 8 43
70 8 23
1 2 10
29 1 3
23 2 69
4 2 34
25 1 17
22 8 23
69 1 41
11 1 1
30 8 54
88 8 44
13 8 11
3 8 11
54 1 30
23 8 44
38 2 1
48 1 19
19 8 75
5 2 29
30 1 45
42 2 5
3 2 43
43 2 1
67 8 40
11 8 41
26 2 27
61 2 48
14 1 10
3 2 37
25 8 45
22 2 15
4 1 1
45 1 25
13 1 1
4 2 32
41 8 11
17 2 16
44 1 8
48 2 61
12 1 14
37 2 1
87 2 23
8 2 9
1 2 13
44 1 3
12 2 54
30 1 44
18 2 3
8 8 45
19 8 20
1 8 44
40 1 7
50 2 23
5 1 1
23 2 88
1 14 3
27 1 21
30 2 1
33 8 34
13 8 44
43 1 21
10 2 8
43 2 48
27 2 26
1 8 34
5 8 19
44 1 88
55 2 12
13 8 14
45 8 30
1 1 3
88 1 27
18 2 88
34 8 21
70 1 69
45 2 44
11 1 3
1 2 30
48 8 50
7 8 40
3 8 34
27 8 28
48 2 41
54 1 23
32 8 19
11 1 13
30 1 15
1 8 7
3 2 28
12 1 11
4 2 1
8 2 13
30 8 55
4 8 21
41 2 51
43 2 51
26 8 33
10 8 44
1 8 29
3 4 1
41 8 50
23 2 48
3 8 21
14 1 3
34 1 1
39 1 30
1 8 10
30 1 22
50 2 30
44 2 45
1 8 3
70 2 20
45 8 23
13 2 3
11 8 16
21 8 75
51 2 43
15 2 12
44 1 18
1 2 5
11 8 15
69 8 70
21 1 5
21 8 22
4 2 29
3 2 25
19 8 27
12 8 30
3 2 23
14 8 41
51 1 21
41 2 48
3 1 37
41 1 21
19 1 42
41 1 14
15 2 70
34 1 3
10 1 3
37 8 3
14 1 13
30 2 51
51 2 75
3 5 1
43 1 14
44 1 9
27 8 88
34 1 33
27 1 19
55 1 30
45 1 8
22 1 19
50 1 61
41 8 14
23 1 15
1 1 4
61 1 19
3 1 38
54 2 20
14 8 12
54 1 50
18 8 44
55 8 30
19 8 43
12 2 70
43 8 14
4 8 3
45 1 13
21 8 48
70 2 22
19 1 29
16 1 11
26 1 21
44 8 23
61 1 21
51 8 55
20 8 23
16 2 17
51 2 30
15 1 11
28 8 29
21 1 34
3 8 6
79 8 30
7 2 6
27 8 33
55 1 51
67 1 23
20 2 54
75 1 19
34 8 19
67 1 3
3 1 1
39 1 1
3 8 67
23 1 54
39 2 6
23 8 54
1 5 3
23 2 50
21 1 4
20 2 70
3 8 19
45 1 3
3 8 14
7 2 67
28 1 26
13 2 1
21 8 37
69 8 54
45 1 9
12 2 15
45 1 23
23 2 87
50 8 54
42 8 19
39 2 7
70 2 12
11 1 41
29 2 4
3 8 44
25 2 30
9 2 10
75 1 21
19 1 34
55 2 79
14 1 41
34 2 4
5 2 34
1 2 41
5 2 1
19 8 48
45 1 1
20 1 19
3 2 13
1 2 43
1 8 19
21 8 51
32 2 4
28 2 3
3 1 4
22 2 54
15 2 54
3 7 1
10 1 1
20 1 21
54 2 12
70 2 15
17 1 14
14 1 1
30 1 20
15 1 14
16 8 18
42 8 21
10 8 14
19 8 26
1 11 3
30 1 12
54 8 23
70 1 30
87 1 26
5 2 3
1 8 21
23 1 44
22 1 21
87 8 44
21 8 38
1 8 39
23 1 20
23 2 3
32 8 21
37 2 3
15 8 23
1 7 3
3 8 29
32 2 5
40 1 39
38 2 3
18 2 87
14 8 15
25 2 23
21 8 26
19 8 41
1 1 5
25 1 16
41 2 1
28 2 1
51 1 19
10 2 1
87 2 18
28 1 27
13 2 9
30 8 70
1 2 4
75 2 51
1 8 11
15 8 30
25 2 3
6 1 3
54 2 22
25 2 1
44 1 87
7 2 39
23 2 25
16 8 25
3 8 10
20 8 30
9 2 8
1 2 38
33 1 26
18 2 1
26 8 28
3 8 7
22 8 30
43 2 3
50 1 48
19 1 1
12 2 55
6 8 40
10 8 11
19 8 22
13 1 3
30 2 25
44 1 10
10 8 45
5 2 32
19 8 38
22 2 70
54 1 69
5 2 42
6 2 7
1 1 38
40 1 6
18 1 16
48 2 43
21 8 20
43 1 19
33 1 27
69 1 51
5 8 21
30 8 45
5 8 3
34 2 5
45 1 30
11 1 43
48 1 21
70 8 30
19 1 4
19 8 61
23 1 22
19 1 5
39 8 40
1 8 14
1 2 18
4 2 3
1 4 3
21 8 43
44 1 1
3 1 5
3 2 33
26 8 87
3 2 18
79 2 55
17 8 18
21 8 41
1 8 13
29 8 19
17 8 25
1 8 6
11 8 12
8 8 44
44 1 23
10 2 9
23 1 70
48 8 79
30 2 50
43 1 11
70 1 50
88 2 18
79 1 23
7 1 1
19 8 37
43 8 50
9 8 45
29 1 1
41 1 11
38 1 21
1 2 25
1 2 28
23 8 79
33 2 3
40 1 67
50 1 43
50 8 70
3 8 13
? 1 github_java_program_data/33/224.java

72 2 51
69 1 75
8 2 10
11 8 43
21 8 27
19 1 32
3 4 1
9 8 44
13 2 8
2 8 40
61 8 50
4 2 42
14 8 17
1 1 5
69 2 30
30 2 18
3 2 37
21 8 61
6 2 2
20 2 22
19 1 3
29 1 28
43 2 48
41 8 14
43 8 11
30 1 15
39 1 23
1 8 45
37 1 1
21 1 1
38 1 19
30 2 69
51 8 69
21 8 41
42 2 4
37 1 21
32 2 4
1 2 37
48 2 52
1 12 3
26 1 19
1 8 19
3 2 4
38 1 1
23 1 45
39 2 6
23 8 45
3 2 10
11 1 10
57 2 52
1 1 37
50 1 41
41 8 69
45 1 10
1 2 33
44 1 13
19 1 1
57 8 73
75 8 69
19 8 51
72 1 30
21 1 42
3 2 38
22 2 53
6 2 39
41 2 3
3 2 41
18 1 17
50 2 23
4 8 19
53 8 23
38 8 3
11 8 17
3 8 39
1 8 2
21 1 32
37 1 19
10 2 3
1 2 10
29 1 3
4 2 34
25 1 17
22 8 23
69 1 41
3 8 11
39 1 8
13 8 11
11 1 1
17 2 16
48 1 19
70 1 69
52 2 48
42 2 5
4 8 21
4 2 5
11 8 41
26 2 27
61 2 48
14 1 10
25 8 45
22 2 15
4 1 1
45 1 25
30 1 12
39 1 3
44 1 8
21 1 29
53 1 51
13 2 3
48 2 61
12 1 14
37 2 1
8 2 9
1 2 13
44 1 3
2 2 6
8 8 45
39 8 40
1 8 44
18 2 30
44 1 30
5 1 1
12 2 20
1 14 3
23 8 52
27 1 21
33 8 34
13 8 44
43 1 21
10 2 8
27 2 26
1 8 34
5 8 19
13 1 3
1 1 3
34 8 21
3 2 18
45 2 44
11 1 3
51 2 72
3 8 34
27 8 28
40 1 2
54 1 23
32 8 19
11 1 13
22 2 20
5 2 4
3 2 28
4 2 1
8 2 13
30 8 72
3 2 43
10 8 44
30 1 54
3 2 8
1 8 29
23 2 50
16 2 17
14 1 3
34 1 1
70 8 23
30 1 22
44 2 45
1 8 3
45 8 23
12 2 15
23 8 39
29 2 4
15 2 12
44 1 18
51 2 41
11 8 15
69 8 70
21 1 5
21 8 22
3 2 5
19 8 27
18 2 3
3 2 23
73 8 30
28 1 27
75 2 51
41 2 48
3 1 37
41 1 21
19 1 42
14 8 16
34 1 3
10 1 3
37 8 3
14 1 13
51 2 75
3 5 1
48 8 50
29 8 21
21 1 3
34 1 33
27 1 19
8 8 39
45 1 8
22 1 19
50 1 61
6 1 1
73 1 48
1 1 4
25 2 30
3 1 38
54 2 20
14 8 12
54 1 50
18 8 44
30 1 73
53 2 22
19 8 43
4 8 3
23 8 57
41 8 50
16 1 11
4 2 32
53 1 72
61 1 21
20 8 23
15 1 11
28 8 29
21 1 34
11 8 16
27 8 33
30 8 44
44 8 23
20 2 54
48 8 73
34 8 19
52 8 73
3 1 1
13 1 1
15 2 22
23 8 54
1 5 3
21 1 4
3 8 19
41 8 11
3 8 14
28 1 26
23 2 25
21 8 37
45 1 9
45 1 23
50 8 54
42 8 19
23 1 53
11 1 41
57 1 23
1 8 13
73 1 52
19 1 34
14 1 41
34 2 4
1 2 41
5 2 1
19 8 48
45 1 1
3 2 13
21 8 51
72 8 53
28 2 3
3 1 4
22 2 54
1 2 5
3 7 1
10 1 1
20 1 21
38 2 1
14 1 1
30 1 20
48 2 41
16 8 18
42 8 21
10 8 14
1 11 3
12 8 30
70 1 30
5 2 3
1 8 21
23 1 44
22 1 21
21 8 38
4 2 29
23 1 20
32 8 21
37 2 3
1 7 3
3 8 29
13 8 14
33 2 1
40 1 39
38 2 3
20 2 12
25 2 23
41 2 1
28 2 1
17 1 11
51 1 19
52 2 57
1 8 10
51 8 53
10 2 1
30 8 70
1 2 4
51 1 21
1 8 11
11 1 43
3 8 21
54 2 22
25 2 1
3 8 10
44 1 9
9 2 8
1 2 38
23 1 70
18 2 1
26 8 28
22 8 30
16 1 14
43 2 3
50 1 48
1 2 25
6 8 40
10 8 11
19 8 22
30 2 25
44 1 10
10 8 45
19 8 38
5 2 42
52 1 23
1 1 38
40 1 6
18 1 16
48 2 43
21 8 20
43 1 19
33 1 27
69 1 51
8 2 3
5 8 21
30 8 45
5 8 3
45 1 30
15 8 30
41 2 51
19 1 4
23 1 22
19 1 5
19 8 20
1 8 14
1 2 18
4 2 3
1 4 3
21 8 43
44 1 1
3 1 5
3 2 33
3 8 44
17 8 18
13 2 1
20 1 19
17 8 25
1 8 6
17 1 14
8 8 44
19 8 26
73 1 57
23 2 3
43 1 11
19 8 37
43 8 50
9 8 45
29 1 1
41 1 11
1 2 28
2 1 1
33 2 3
54 8 30
50 1 43
20 8 30
38 1 21
3 8 13
? 1 github_java_program_data/33/246.java

43 8 69
30 1 79
29 2 5
69 1 75
8 2 10
30 8 39
67 2 7
11 8 43
21 8 27
19 1 32
23 1 12
13 8 45
9 8 44
13 2 8
19 8 51
61 8 50
20 2 15
7 1 3
51 2 41
4 2 42
14 8 17
79 1 48
69 2 30
23 8 67
21 8 61
19 1 3
29 1 28
69 2 23
69 1 43
6 1 1
23 8 70
43 8 11
33 2 1
30 1 70
70 1 23
1 8 45
37 1 1
21 1 1
3 8 45
38 1 19
30 2 69
9 2 13
51 8 69
21 1 32
42 2 4
37 1 21
15 2 22
1 2 37
1 12 3
26 1 19
41 1 19
3 2 4
38 1 1
23 1 45
54 2 15
23 8 45
3 2 10
11 1 10
88 2 23
1 1 37
50 1 41
41 8 69
45 1 10
48 2 23
1 2 33
44 1 13
3 2 5
15 2 20
14 1 43
75 8 69
44 8 30
21 1 42
3 2 38
6 2 39
41 2 3
3 2 41
18 1 17
21 1 3
4 8 19
38 8 3
12 8 23
30 1 55
37 1 19
10 2 3
14 8 43
70 8 23
1 2 10
29 1 3
23 2 69
4 2 34
25 1 17
22 8 23
69 1 41
11 1 1
30 8 54
88 8 44
13 8 11
3 8 11
54 1 30
23 8 44
38 2 1
48 1 19
19 8 75
5 2 29
30 1 45
42 2 5
3 2 43
43 2 1
67 8 40
11 8 41
26 2 27
61 2 48
14 1 10
3 2 37
25 8 45
22 2 15
4 1 1
45 1 25
13 1 1
4 2 32
41 8 11
17 2 16
44 1 8
48 2 61
12 1 14
37 2 1
87 2 23
8 2 9
1 2 13
44 1 3
12 2 54
30 1 44
18 2 3
8 8 45
19 8 20
1 8 44
40 1 7
50 2 23
5 1 1
23 2 88
1 14 3
27 1 21
30 2 1
33 8 34
13 8 44
43 1 21
10 2 8
43 2 48
27 2 26
1 8 34
5 8 19
44 1 88
55 2 12
13 8 14
45 8 30
1 1 3
88 1 27
18 2 88
34 8 21
70 1 69
45 2 44
11 1 3
1 2 30
48 8 50
7 8 40
3 8 34
27 8 28
48 2 41
54 1 23
32 8 19
11 1 13
30 1 15
1 8 7
3 2 28
12 1 11
4 2 1
8 2 13
30 8 55
4 8 21
41 2 51
43 2 51
26 8 33
10 8 44
1 8 29
3 4 1
41 8 50
23 2 48
3 8 21
14 1 3
34 1 1
39 1 30
1 8 10
30 1 22
50 2 30
44 2 45
1 8 3
70 2 20
45 8 23
13 2 3
11 8 16
21 8 75
51 2 43
15 2 12
44 1 18
1 2 5
11 8 15
69 8 70
21 1 5
21 8 22
4 2 29
3 2 25
19 8 27
12 8 30
3 2 23
14 8 41
51 1 21
41 2 48
3 1 37
41 1 21
19 1 42
41 1 14
15 2 70
34 1 3
10 1 3
37 8 3
14 1 13
30 2 51
51 2 75
3 5 1
43 1 14
44 1 9
27 8 88
34 1 33
27 1 19
55 1 30
45 1 8
22 1 19
50 1 61
41 8 14
23 1 15
1 1 4
61 1 19
3 1 38
54 2 20
14 8 12
54 1 50
18 8 44
55 8 30
19 8 43
12 2 70
43 8 14
4 8 3
45 1 13
21 8 48
70 2 22
19 1 29
16 1 11
26 1 21
44 8 23
61 1 21
51 8 55
20 8 23
16 2 17
51 2 30
15 1 11
28 8 29
21 1 34
3 8 6
79 8 30
7 2 6
27 8 33
55 1 51
67 1 23
20 2 54
75 1 19
34 8 19
67 1 3
3 1 1
39 1 1
3 8 67
23 1 54
39 2 6
23 8 54
1 5 3
23 2 50
21 1 4
20 2 70
3 8 19
45 1 3
3 8 14
7 2 67
28 1 26
13 2 1
21 8 37
69 8 54
45 1 9
12 2 15
45 1 23
23 2 87
50 8 54
42 8 19
39 2 7
70 2 12
11 1 41
29 2 4
3 8 44
25 2 30
9 2 10
75 1 21
19 1 34
55 2 79
14 1 41
34 2 4
5 2 34
1 2 41
5 2 1
19 8 48
45 1 1
20 1 19
3 2 13
1 2 43
1 8 19
21 8 51
32 2 4
28 2 3
3 1 4
22 2 54
15 2 54
3 7 1
10 1 1
20 1 21
54 2 12
70 2 15
17 1 14
14 1 1
30 1 20
15 1 14
16 8 18
42 8 21
10 8 14
19 8 26
1 11 3
30 1 12
54 8 23
70 1 30
87 1 26
5 2 3
1 8 21
23 1 44
22 1 21
87 8 44
21 8 38
1 8 39
23 1 20
23 2 3
32 8 21
37 2 3
15 8 23
1 7 3
3 8 29
32 2 5
40 1 39
38 2 3
18 2 87
14 8 15
25 2 23
21 8 26
19 8 41
1 1 5
25 1 16
41 2 1
28 2 1
51 1 19
10 2 1
87 2 18
28 1 27
13 2 9
30 8 70
1 2 4
75 2 51
1 8 11
15 8 30
25 2 3
6 1 3
54 2 22
25 2 1
44 1 87
7 2 39
23 2 25
16 8 25
3 8 10
20 8 30
9 2 8
1 2 38
33 1 26
18 2 1
26 8 28
3 8 7
22 8 30
43 2 3
50 1 48
19 1 1
12 2 55
6 8 40
10 8 11
19 8 22
13 1 3
30 2 25
44 1 10
10 8 45
5 2 32
19 8 38
22 2 70
54 1 69
5 2 42
6 2 7
1 1 38
40 1 6
18 1 16
48 2 43
21 8 20
43 1 19
33 1 27
69 1 51
5 8 21
30 8 45
5 8 3
34 2 5
45 1 30
11 1 43
48 1 21
70 8 30
19 1 4
19 8 61
23 1 22
19 1 5
39 8 40
1 8 14
1 2 18
4 2 3
1 4 3
21 8 43
44 1 1
3 1 5
3 2 33
26 8 87
3 2 18
79 2 55
17 8 18
21 8 41
1 8 13
29 8 19
17 8 25
1 8 6
11 8 12
8 8 44
44 1 23
10 2 9
23 1 70
48 8 79
30 2 50
43 1 11
70 1 50
88 2 18
79 1 23
7 1 1
19 8 37
43 8 50
9 8 45
29 1 1
41 1 11
38 1 21
1 2 25
1 2 28
23 8 79
33 2 3
40 1 67
50 1 43
50 8 70
3 8 13
? 1 github_java_program_data/33/28.java

43 8 69
30 1 79
29 2 5
69 1 75
8 2 10
30 8 39
67 2 7
11 8 43
21 8 27
19 1 32
23 1 12
13 8 45
9 8 44
13 2 8
19 8 51
61 8 50
20 2 15
7 1 3
51 2 41
4 2 42
14 8 17
79 1 48
69 2 30
23 8 67
21 8 61
19 1 3
29 1 28
69 2 23
69 1 43
6 1 1
23 8 70
43 8 11
33 2 1
30 1 70
70 1 23
1 8 45
37 1 1
21 1 1
3 8 45
38 1 19
30 2 69
9 2 13
51 8 69
21 1 32
42 2 4
37 1 21
15 2 22
1 2 37
1 12 3
26 1 19
41 1 19
3 2 4
38 1 1
23 1 45
54 2 15
23 8 45
3 2 10
11 1 10
88 2 23
1 1 37
50 1 41
41 8 69
45 1 10
48 2 23
1 2 33
44 1 13
3 2 5
15 2 20
14 1 43
75 8 69
44 8 30
21 1 42
3 2 38
6 2 39
41 2 3
3 2 41
18 1 17
21 1 3
4 8 19
38 8 3
12 8 23
30 1 55
37 1 19
10 2 3
14 8 43
70 8 23
1 2 10
29 1 3
23 2 69
4 2 34
25 1 17
22 8 23
69 1 41
11 1 1
30 8 54
88 8 44
13 8 11
3 8 11
54 1 30
23 8 44
38 2 1
48 1 19
19 8 75
5 2 29
30 1 45
42 2 5
3 2 43
43 2 1
67 8 40
11 8 41
26 2 27
61 2 48
14 1 10
3 2 37
25 8 45
22 2 15
4 1 1
45 1 25
13 1 1
4 2 32
41 8 11
17 2 16
44 1 8
48 2 61
12 1 14
37 2 1
87 2 23
8 2 9
1 2 13
44 1 3
12 2 54
30 1 44
18 2 3
8 8 45
19 8 20
1 8 44
40 1 7
50 2 23
5 1 1
23 2 88
1 14 3
27 1 21
30 2 1
33 8 34
13 8 44
43 1 21
10 2 8
43 2 48
27 2 26
1 8 34
5 8 19
44 1 88
55 2 12
13 8 14
45 8 30
1 1 3
88 1 27
18 2 88
34 8 21
70 1 69
45 2 44
11 1 3
1 2 30
48 8 50
7 8 40
3 8 34
27 8 28
48 2 41
54 1 23
32 8 19
11 1 13
30 1 15
1 8 7
3 2 28
12 1 11
4 2 1
8 2 13
30 8 55
4 8 21
41 2 51
43 2 51
26 8 33
10 8 44
1 8 29
3 4 1
41 8 50
23 2 48
3 8 21
14 1 3
34 1 1
39 1 30
1 8 10
30 1 22
50 2 30
44 2 45
1 8 3
70 2 20
45 8 23
13 2 3
11 8 16
21 8 75
51 2 43
15 2 12
44 1 18
1 2 5
11 8 15
69 8 70
21 1 5
21 8 22
4 2 29
3 2 25
19 8 27
12 8 30
3 2 23
14 8 41
51 1 21
41 2 48
3 1 37
41 1 21
19 1 42
41 1 14
15 2 70
34 1 3
10 1 3
37 8 3
14 1 13
30 2 51
51 2 75
3 5 1
43 1 14
44 1 9
27 8 88
34 1 33
27 1 19
55 1 30
45 1 8
22 1 19
50 1 61
41 8 14
23 1 15
1 1 4
61 1 19
3 1 38
54 2 20
14 8 12
54 1 50
18 8 44
55 8 30
19 8 43
12 2 70
43 8 14
4 8 3
45 1 13
21 8 48
70 2 22
19 1 29
16 1 11
26 1 21
44 8 23
61 1 21
51 8 55
20 8 23
16 2 17
51 2 30
15 1 11
28 8 29
21 1 34
3 8 6
79 8 30
7 2 6
27 8 33
55 1 51
67 1 23
20 2 54
75 1 19
34 8 19
67 1 3
3 1 1
39 1 1
3 8 67
23 1 54
39 2 6
23 8 54
1 5 3
23 2 50
21 1 4
20 2 70
3 8 19
45 1 3
3 8 14
7 2 67
28 1 26
13 2 1
21 8 37
69 8 54
45 1 9
12 2 15
45 1 23
23 2 87
50 8 54
42 8 19
39 2 7
70 2 12
11 1 41
29 2 4
3 8 44
25 2 30
9 2 10
75 1 21
19 1 34
55 2 79
14 1 41
34 2 4
5 2 34
1 2 41
5 2 1
19 8 48
45 1 1
20 1 19
3 2 13
1 2 43
1 8 19
21 8 51
32 2 4
28 2 3
3 1 4
22 2 54
15 2 54
3 7 1
10 1 1
20 1 21
54 2 12
70 2 15
17 1 14
14 1 1
30 1 20
15 1 14
16 8 18
42 8 21
10 8 14
19 8 26
1 11 3
30 1 12
54 8 23
70 1 30
87 1 26
5 2 3
1 8 21
23 1 44
22 1 21
87 8 44
21 8 38
1 8 39
23 1 20
23 2 3
32 8 21
37 2 3
15 8 23
1 7 3
3 8 29
32 2 5
40 1 39
38 2 3
18 2 87
14 8 15
25 2 23
21 8 26
19 8 41
1 1 5
25 1 16
41 2 1
28 2 1
51 1 19
10 2 1
87 2 18
28 1 27
13 2 9
30 8 70
1 2 4
75 2 51
1 8 11
15 8 30
25 2 3
6 1 3
54 2 22
25 2 1
44 1 87
7 2 39
23 2 25
16 8 25
3 8 10
20 8 30
9 2 8
1 2 38
33 1 26
18 2 1
26 8 28
3 8 7
22 8 30
43 2 3
50 1 48
19 1 1
12 2 55
6 8 40
10 8 11
19 8 22
13 1 3
30 2 25
44 1 10
10 8 45
5 2 32
19 8 38
22 2 70
54 1 69
5 2 42
6 2 7
1 1 38
40 1 6
18 1 16
48 2 43
21 8 20
43 1 19
33 1 27
69 1 51
5 8 21
30 8 45
5 8 3
34 2 5
45 1 30
11 1 43
48 1 21
70 8 30
19 1 4
19 8 61
23 1 22
19 1 5
39 8 40
1 8 14
1 2 18
4 2 3
1 4 3
21 8 43
44 1 1
3 1 5
3 2 33
26 8 87
3 2 18
79 2 55
17 8 18
21 8 41
1 8 13
29 8 19
17 8 25
1 8 6
11 8 12
8 8 44
44 1 23
10 2 9
23 1 70
48 8 79
30 2 50
43 1 11
70 1 50
88 2 18
79 1 23
7 1 1
19 8 37
43 8 50
9 8 45
29 1 1
41 1 11
38 1 21
1 2 25
1 2 28
23 8 79
33 2 3
40 1 67
50 1 43
50 8 70
3 8 13
? 1 github_java_program_data/33/280.java

43 8 69
57 8 53
55 2 56
8 2 10
30 8 39
11 8 43
21 8 27
19 1 32
4 8 19
13 8 45
9 8 44
13 2 8
2 8 40
4 2 42
56 2 55
1 1 5
69 2 30
23 8 19
3 2 37
53 1 48
20 2 22
19 1 3
29 1 28
69 1 43
55 2 12
3 8 39
39 2 2
37 1 1
21 1 1
3 8 45
38 1 19
30 2 69
51 8 69
30 1 53
42 2 4
15 2 22
1 2 37
48 2 52
1 12 3
41 1 19
28 2 3
38 1 1
20 1 21
54 2 15
49 1 21
19 8 22
3 2 10
11 1 10
57 2 52
51 2 61
1 1 37
50 1 41
21 8 49
48 2 23
1 8 14
53 1 52
49 8 14
14 1 43
44 8 30
21 1 42
23 2 18
41 2 3
3 2 41
18 1 17
1 2 43
75 8 50
23 1 12
37 8 3
11 8 17
12 8 23
1 8 2
30 1 55
37 1 19
10 2 3
14 8 43
55 1 23
1 2 10
29 1 3
25 1 17
22 8 23
11 1 1
30 8 54
39 1 8
13 8 11
3 8 11
54 1 30
23 8 44
48 1 19
30 2 3
70 1 69
30 1 45
52 2 48
56 6 45
4 8 21
43 2 1
48 2 75
3 2 8
14 1 10
25 8 45
22 2 15
4 1 1
45 1 25
30 1 12
39 1 3
17 2 16
44 1 8
21 8 23
12 1 14
37 2 1
8 2 9
23 8 55
1 2 13
44 1 3
30 1 44
8 8 45
56 1 19
50 1 48
5 1 1
1 14 3
3 2 30
27 1 21
33 8 34
13 8 44
10 2 8
43 2 48
27 2 26
10 8 44
5 8 19
13 1 3
45 8 30
1 1 3
34 8 21
3 2 18
45 2 44
11 1 3
3 8 34
27 8 28
54 1 23
32 8 19
11 1 13
22 2 20
40 1 2
3 2 28
4 2 1
8 2 13
43 2 51
21 8 41
30 1 54
3 4 1
23 2 50
23 2 48
16 2 17
14 1 3
11 8 16
39 1 30
70 8 23
30 1 22
50 2 30
44 2 45
1 8 3
41 8 11
12 2 15
21 8 75
51 2 43
15 2 12
44 1 18
1 2 5
11 8 15
69 8 70
21 1 5
3 2 5
3 2 25
19 8 27
12 8 30
71 8 23
75 2 48
28 1 27
51 1 21
21 2 19
3 1 37
41 1 21
41 1 14
34 1 3
10 1 3
52 2 57
14 1 13
52 8 53
3 5 1
43 1 14
48 8 50
21 1 3
34 1 33
27 1 19
8 8 39
45 1 8
22 1 19
41 8 14
23 1 15
1 1 4
18 2 23
61 1 19
14 8 12
54 1 50
18 8 44
55 8 30
19 8 43
43 8 14
4 8 3
45 1 13
23 8 57
21 8 48
41 8 50
19 1 29
16 1 11
26 1 21
20 8 23
15 1 11
28 8 29
2 2 39
21 1 34
13 2 3
27 8 33
48 8 55
3 1 1
13 1 1
23 1 54
23 8 54
1 5 3
21 1 4
20 2 70
3 8 19
45 1 3
3 8 14
28 1 26
19 2 21
45 1 9
5 2 32
50 8 54
49 2 1
11 1 41
57 1 23
3 8 44
25 2 30
75 1 21
14 1 41
1 2 41
5 2 1
19 8 48
3 2 13
1 8 19
21 8 51
19 8 23
3 2 4
3 1 4
4 2 3
15 2 54
3 7 1
10 1 1
26 2 27
38 2 1
14 1 1
30 1 20
15 1 14
19 8 56
16 8 18
42 8 21
52 1 30
10 8 14
14 1 49
1 11 3
54 8 23
53 8 30
70 1 30
5 2 3
1 8 21
1 8 10
70 2 20
21 8 38
18 2 3
23 1 20
37 2 3
15 8 23
1 7 3
3 8 29
13 8 14
32 2 5
40 1 39
38 2 3
23 1 71
14 8 15
21 8 26
19 8 41
45 13 56
41 2 1
17 1 11
30 1 56
10 2 1
1 2 49
14 8 41
61 2 51
30 8 70
1 2 4
44 1 13
11 1 43
25 2 3
3 8 21
30 8 52
3 8 10
44 1 9
9 2 8
1 2 38
23 1 70
26 8 28
22 8 30
16 1 14
43 8 11
19 1 1
12 2 55
55 1 48
10 8 11
53 1 57
30 2 25
48 8 53
44 1 10
50 2 23
19 8 38
23 1 21
1 1 38
18 1 16
48 2 43
21 8 20
43 1 19
33 1 27
8 2 3
1 8 11
30 8 45
5 8 3
45 1 30
5 8 21
48 1 21
19 1 4
19 8 61
23 1 22
19 1 5
39 8 40
14 8 16
33 2 3
1 4 3
3 1 5
19 1 23
3 2 33
3 2 38
61 8 69
17 8 18
23 1 19
13 2 1
1 8 13
29 8 19
17 8 25
69 1 61
8 8 44
44 1 23
30 2 50
43 1 11
56 8 30
19 8 37
43 8 50
9 8 45
69 1 51
2 1 1
3 8 13
50 1 75
50 1 43
20 8 30
38 1 21
54 8 30
? 1 github_java_program_data/33/304.java

43 8 69
30 1 79
29 2 5
69 1 75
8 2 10
30 8 39
67 2 7
11 8 43
21 8 27
19 1 32
23 1 12
13 8 45
9 8 44
13 2 8
19 8 51
61 8 50
20 2 15
7 1 3
51 2 41
4 2 42
14 8 17
79 1 48
69 2 30
23 8 67
21 8 61
19 1 3
29 1 28
69 2 23
69 1 43
6 1 1
23 8 70
43 8 11
33 2 1
30 1 70
70 1 23
1 8 45
37 1 1
21 1 1
3 8 45
38 1 19
30 2 69
9 2 13
51 8 69
21 1 32
42 2 4
37 1 21
15 2 22
1 2 37
1 12 3
26 1 19
41 1 19
3 2 4
38 1 1
23 1 45
54 2 15
23 8 45
3 2 10
11 1 10
88 2 23
1 1 37
50 1 41
41 8 69
45 1 10
48 2 23
1 2 33
44 1 13
3 2 5
15 2 20
14 1 43
75 8 69
44 8 30
21 1 42
3 2 38
6 2 39
41 2 3
3 2 41
18 1 17
21 1 3
4 8 19
38 8 3
12 8 23
30 1 55
37 1 19
10 2 3
14 8 43
70 8 23
1 2 10
29 1 3
23 2 69
4 2 34
25 1 17
22 8 23
69 1 41
11 1 1
30 8 54
88 8 44
13 8 11
3 8 11
54 1 30
23 8 44
38 2 1
48 1 19
19 8 75
5 2 29
30 1 45
42 2 5
3 2 43
43 2 1
67 8 40
11 8 41
26 2 27
61 2 48
14 1 10
3 2 37
25 8 45
22 2 15
4 1 1
45 1 25
13 1 1
4 2 32
41 8 11
17 2 16
44 1 8
48 2 61
12 1 14
37 2 1
87 2 23
8 2 9
1 2 13
44 1 3
12 2 54
30 1 44
18 2 3
8 8 45
19 8 20
1 8 44
40 1 7
50 2 23
5 1 1
23 2 88
1 14 3
27 1 21
30 2 1
33 8 34
13 8 44
43 1 21
10 2 8
43 2 48
27 2 26
1 8 34
5 8 19
44 1 88
55 2 12
13 8 14
45 8 30
1 1 3
88 1 27
18 2 88
34 8 21
70 1 69
45 2 44
11 1 3
1 2 30
48 8 50
7 8 40
3 8 34
27 8 28
48 2 41
54 1 23
32 8 19
11 1 13
30 1 15
1 8 7
3 2 28
12 1 11
4 2 1
8 2 13
30 8 55
4 8 21
41 2 51
43 2 51
26 8 33
10 8 44
1 8 29
3 4 1
41 8 50
23 2 48
3 8 21
14 1 3
34 1 1
39 1 30
1 8 10
30 1 22
50 2 30
44 2 45
1 8 3
70 2 20
45 8 23
13 2 3
11 8 16
21 8 75
51 2 43
15 2 12
44 1 18
1 2 5
11 8 15
69 8 70
21 1 5
21 8 22
4 2 29
3 2 25
19 8 27
12 8 30
3 2 23
14 8 41
51 1 21
41 2 48
3 1 37
41 1 21
19 1 42
41 1 14
15 2 70
34 1 3
10 1 3
37 8 3
14 1 13
30 2 51
51 2 75
3 5 1
43 1 14
44 1 9
27 8 88
34 1 33
27 1 19
55 1 30
45 1 8
22 1 19
50 1 61
41 8 14
23 1 15
1 1 4
61 1 19
3 1 38
54 2 20
14 8 12
54 1 50
18 8 44
55 8 30
19 8 43
12 2 70
43 8 14
4 8 3
45 1 13
21 8 48
70 2 22
19 1 29
16 1 11
26 1 21
44 8 23
61 1 21
51 8 55
20 8 23
16 2 17
51 2 30
15 1 11
28 8 29
21 1 34
3 8 6
79 8 30
7 2 6
27 8 33
55 1 51
67 1 23
20 2 54
75 1 19
34 8 19
67 1 3
3 1 1
39 1 1
3 8 67
23 1 54
39 2 6
23 8 54
1 5 3
23 2 50
21 1 4
20 2 70
3 8 19
45 1 3
3 8 14
7 2 67
28 1 26
13 2 1
21 8 37
69 8 54
45 1 9
12 2 15
45 1 23
23 2 87
50 8 54
42 8 19
39 2 7
70 2 12
11 1 41
29 2 4
3 8 44
25 2 30
9 2 10
75 1 21
19 1 34
55 2 79
14 1 41
34 2 4
5 2 34
1 2 41
5 2 1
19 8 48
45 1 1
20 1 19
3 2 13
1 2 43
1 8 19
21 8 51
32 2 4
28 2 3
3 1 4
22 2 54
15 2 54
3 7 1
10 1 1
20 1 21
54 2 12
70 2 15
17 1 14
14 1 1
30 1 20
15 1 14
16 8 18
42 8 21
10 8 14
19 8 26
1 11 3
30 1 12
54 8 23
70 1 30
87 1 26
5 2 3
1 8 21
23 1 44
22 1 21
87 8 44
21 8 38
1 8 39
23 1 20
23 2 3
32 8 21
37 2 3
15 8 23
1 7 3
3 8 29
32 2 5
40 1 39
38 2 3
18 2 87
14 8 15
25 2 23
21 8 26
19 8 41
1 1 5
25 1 16
41 2 1
28 2 1
51 1 19
10 2 1
87 2 18
28 1 27
13 2 9
30 8 70
1 2 4
75 2 51
1 8 11
15 8 30
25 2 3
6 1 3
54 2 22
25 2 1
44 1 87
7 2 39
23 2 25
16 8 25
3 8 10
20 8 30
9 2 8
1 2 38
33 1 26
18 2 1
26 8 28
3 8 7
22 8 30
43 2 3
50 1 48
19 1 1
12 2 55
6 8 40
10 8 11
19 8 22
13 1 3
30 2 25
44 1 10
10 8 45
5 2 32
19 8 38
22 2 70
54 1 69
5 2 42
6 2 7
1 1 38
40 1 6
18 1 16
48 2 43
21 8 20
43 1 19
33 1 27
69 1 51
5 8 21
30 8 45
5 8 3
34 2 5
45 1 30
11 1 43
48 1 21
70 8 30
19 1 4
19 8 61
23 1 22
19 1 5
39 8 40
1 8 14
1 2 18
4 2 3
1 4 3
21 8 43
44 1 1
3 1 5
3 2 33
26 8 87
3 2 18
79 2 55
17 8 18
21 8 41
1 8 13
29 8 19
17 8 25
1 8 6
11 8 12
8 8 44
44 1 23
10 2 9
23 1 70
48 8 79
30 2 50
43 1 11
70 1 50
88 2 18
79 1 23
7 1 1
19 8 37
43 8 50
9 8 45
29 1 1
41 1 11
38 1 21
1 2 25
1 2 28
23 8 79
33 2 3
40 1 67
50 1 43
50 8 70
3 8 13
? 1 github_java_program_data/33/308.java

43 8 69
30 1 79
29 2 5
69 1 75
8 2 10
30 8 39
67 2 7
11 8 43
21 8 27
19 1 32
23 1 12
13 8 45
9 8 44
13 2 8
19 8 51
61 8 50
20 2 15
7 1 3
51 2 41
4 2 42
14 8 17
79 1 48
69 2 30
23 8 67
21 8 61
19 1 3
29 1 28
69 2 23
69 1 43
6 1 1
23 8 70
43 8 11
33 2 1
30 1 70
70 1 23
1 8 45
37 1 1
21 1 1
3 8 45
38 1 19
30 2 69
9 2 13
51 8 69
21 1 32
42 2 4
37 1 21
15 2 22
1 2 37
1 12 3
26 1 19
41 1 19
3 2 4
38 1 1
23 1 45
54 2 15
23 8 45
3 2 10
11 1 10
88 2 23
1 1 37
50 1 41
41 8 69
45 1 10
48 2 23
1 2 33
44 1 13
3 2 5
15 2 20
14 1 43
75 8 69
44 8 30
21 1 42
3 2 38
6 2 39
41 2 3
3 2 41
18 1 17
21 1 3
4 8 19
38 8 3
12 8 23
30 1 55
37 1 19
10 2 3
14 8 43
70 8 23
1 2 10
29 1 3
23 2 69
4 2 34
25 1 17
22 8 23
69 1 41
11 1 1
30 8 54
88 8 44
13 8 11
3 8 11
54 1 30
23 8 44
38 2 1
48 1 19
19 8 75
5 2 29
30 1 45
42 2 5
3 2 43
43 2 1
67 8 40
11 8 41
26 2 27
61 2 48
14 1 10
3 2 37
25 8 45
22 2 15
4 1 1
45 1 25
13 1 1
4 2 32
41 8 11
17 2 16
44 1 8
48 2 61
12 1 14
37 2 1
87 2 23
8 2 9
1 2 13
44 1 3
12 2 54
30 1 44
18 2 3
8 8 45
19 8 20
1 8 44
40 1 7
50 2 23
5 1 1
23 2 88
1 14 3
27 1 21
30 2 1
33 8 34
13 8 44
43 1 21
10 2 8
43 2 48
27 2 26
1 8 34
5 8 19
44 1 88
55 2 12
13 8 14
45 8 30
1 1 3
88 1 27
18 2 88
34 8 21
70 1 69
45 2 44
11 1 3
1 2 30
48 8 50
7 8 40
3 8 34
27 8 28
48 2 41
54 1 23
32 8 19
11 1 13
30 1 15
1 8 7
3 2 28
12 1 11
4 2 1
8 2 13
30 8 55
4 8 21
41 2 51
43 2 51
26 8 33
10 8 44
1 8 29
3 4 1
41 8 50
23 2 48
3 8 21
14 1 3
34 1 1
39 1 30
1 8 10
30 1 22
50 2 30
44 2 45
1 8 3
70 2 20
45 8 23
13 2 3
11 8 16
21 8 75
51 2 43
15 2 12
44 1 18
1 2 5
11 8 15
69 8 70
21 1 5
21 8 22
4 2 29
3 2 25
19 8 27
12 8 30
3 2 23
14 8 41
51 1 21
41 2 48
3 1 37
41 1 21
19 1 42
41 1 14
15 2 70
34 1 3
10 1 3
37 8 3
14 1 13
30 2 51
51 2 75
3 5 1
43 1 14
44 1 9
27 8 88
34 1 33
27 1 19
55 1 30
45 1 8
22 1 19
50 1 61
41 8 14
23 1 15
1 1 4
61 1 19
3 1 38
54 2 20
14 8 12
54 1 50
18 8 44
55 8 30
19 8 43
12 2 70
43 8 14
4 8 3
45 1 13
21 8 48
70 2 22
19 1 29
16 1 11
26 1 21
44 8 23
61 1 21
51 8 55
20 8 23
16 2 17
51 2 30
15 1 11
28 8 29
21 1 34
3 8 6
79 8 30
7 2 6
27 8 33
55 1 51
67 1 23
20 2 54
75 1 19
34 8 19
67 1 3
3 1 1
39 1 1
3 8 67
23 1 54
39 2 6
23 8 54
1 5 3
23 2 50
21 1 4
20 2 70
3 8 19
45 1 3
3 8 14
7 2 67
28 1 26
13 2 1
21 8 37
69 8 54
45 1 9
12 2 15
45 1 23
23 2 87
50 8 54
42 8 19
39 2 7
70 2 12
11 1 41
29 2 4
3 8 44
25 2 30
9 2 10
75 1 21
19 1 34
55 2 79
14 1 41
34 2 4
5 2 34
1 2 41
5 2 1
19 8 48
45 1 1
20 1 19
3 2 13
1 2 43
1 8 19
21 8 51
32 2 4
28 2 3
3 1 4
22 2 54
15 2 54
3 7 1
10 1 1
20 1 21
54 2 12
70 2 15
17 1 14
14 1 1
30 1 20
15 1 14
16 8 18
42 8 21
10 8 14
19 8 26
1 11 3
30 1 12
54 8 23
70 1 30
87 1 26
5 2 3
1 8 21
23 1 44
22 1 21
87 8 44
21 8 38
1 8 39
23 1 20
23 2 3
32 8 21
37 2 3
15 8 23
1 7 3
3 8 29
32 2 5
40 1 39
38 2 3
18 2 87
14 8 15
25 2 23
21 8 26
19 8 41
1 1 5
25 1 16
41 2 1
28 2 1
51 1 19
10 2 1
87 2 18
28 1 27
13 2 9
30 8 70
1 2 4
75 2 51
1 8 11
15 8 30
25 2 3
6 1 3
54 2 22
25 2 1
44 1 87
7 2 39
23 2 25
16 8 25
3 8 10
20 8 30
9 2 8
1 2 38
33 1 26
18 2 1
26 8 28
3 8 7
22 8 30
43 2 3
50 1 48
19 1 1
12 2 55
6 8 40
10 8 11
19 8 22
13 1 3
30 2 25
44 1 10
10 8 45
5 2 32
19 8 38
22 2 70
54 1 69
5 2 42
6 2 7
1 1 38
40 1 6
18 1 16
48 2 43
21 8 20
43 1 19
33 1 27
69 1 51
5 8 21
30 8 45
5 8 3
34 2 5
45 1 30
11 1 43
48 1 21
70 8 30
19 1 4
19 8 61
23 1 22
19 1 5
39 8 40
1 8 14
1 2 18
4 2 3
1 4 3
21 8 43
44 1 1
3 1 5
3 2 33
26 8 87
3 2 18
79 2 55
17 8 18
21 8 41
1 8 13
29 8 19
17 8 25
1 8 6
11 8 12
8 8 44
44 1 23
10 2 9
23 1 70
48 8 79
30 2 50
43 1 11
70 1 50
88 2 18
79 1 23
7 1 1
19 8 37
43 8 50
9 8 45
29 1 1
41 1 11
38 1 21
1 2 25
1 2 28
23 8 79
33 2 3
40 1 67
50 1 43
50 8 70
3 8 13
? 1 github_java_program_data/33/364.java

43 8 69
30 1 79
29 2 5
69 1 75
8 2 10
30 8 39
67 2 7
11 8 43
21 8 27
19 1 32
23 1 12
13 8 45
9 8 44
13 2 8
19 8 51
61 8 50
20 2 15
7 1 3
51 2 41
4 2 42
14 8 17
79 1 48
69 2 30
23 8 67
21 8 61
19 1 3
29 1 28
69 2 23
69 1 43
6 1 1
23 8 70
43 8 11
33 2 1
30 1 70
70 1 23
1 8 45
37 1 1
21 1 1
3 8 45
38 1 19
30 2 69
9 2 13
51 8 69
21 1 32
42 2 4
37 1 21
15 2 22
1 2 37
1 12 3
26 1 19
41 1 19
3 2 4
38 1 1
23 1 45
54 2 15
23 8 45
3 2 10
11 1 10
88 2 23
1 1 37
50 1 41
41 8 69
45 1 10
48 2 23
1 2 33
44 1 13
3 2 5
15 2 20
14 1 43
75 8 69
44 8 30
21 1 42
3 2 38
6 2 39
41 2 3
3 2 41
18 1 17
21 1 3
4 8 19
38 8 3
12 8 23
30 1 55
37 1 19
10 2 3
14 8 43
70 8 23
1 2 10
29 1 3
23 2 69
4 2 34
25 1 17
22 8 23
69 1 41
11 1 1
30 8 54
88 8 44
13 8 11
3 8 11
54 1 30
23 8 44
38 2 1
48 1 19
19 8 75
5 2 29
30 1 45
42 2 5
3 2 43
43 2 1
67 8 40
11 8 41
26 2 27
61 2 48
14 1 10
3 2 37
25 8 45
22 2 15
4 1 1
45 1 25
13 1 1
4 2 32
41 8 11
17 2 16
44 1 8
48 2 61
12 1 14
37 2 1
87 2 23
8 2 9
1 2 13
44 1 3
12 2 54
30 1 44
18 2 3
8 8 45
19 8 20
1 8 44
40 1 7
50 2 23
5 1 1
23 2 88
1 14 3
27 1 21
30 2 1
33 8 34
13 8 44
43 1 21
10 2 8
43 2 48
27 2 26
1 8 34
5 8 19
44 1 88
55 2 12
13 8 14
45 8 30
1 1 3
88 1 27
18 2 88
34 8 21
70 1 69
45 2 44
11 1 3
1 2 30
48 8 50
7 8 40
3 8 34
27 8 28
48 2 41
54 1 23
32 8 19
11 1 13
30 1 15
1 8 7
3 2 28
12 1 11
4 2 1
8 2 13
30 8 55
4 8 21
41 2 51
43 2 51
26 8 33
10 8 44
1 8 29
3 4 1
41 8 50
23 2 48
3 8 21
14 1 3
34 1 1
39 1 30
1 8 10
30 1 22
50 2 30
44 2 45
1 8 3
70 2 20
45 8 23
13 2 3
11 8 16
21 8 75
51 2 43
15 2 12
44 1 18
1 2 5
11 8 15
69 8 70
21 1 5
21 8 22
4 2 29
3 2 25
19 8 27
12 8 30
3 2 23
14 8 41
51 1 21
41 2 48
3 1 37
41 1 21
19 1 42
41 1 14
15 2 70
34 1 3
10 1 3
37 8 3
14 1 13
30 2 51
51 2 75
3 5 1
43 1 14
44 1 9
27 8 88
34 1 33
27 1 19
55 1 30
45 1 8
22 1 19
50 1 61
41 8 14
23 1 15
1 1 4
61 1 19
3 1 38
54 2 20
14 8 12
54 1 50
18 8 44
55 8 30
19 8 43
12 2 70
43 8 14
4 8 3
45 1 13
21 8 48
70 2 22
19 1 29
16 1 11
26 1 21
44 8 23
61 1 21
51 8 55
20 8 23
16 2 17
51 2 30
15 1 11
28 8 29
21 1 34
3 8 6
79 8 30
7 2 6
27 8 33
55 1 51
67 1 23
20 2 54
75 1 19
34 8 19
67 1 3
3 1 1
39 1 1
3 8 67
23 1 54
39 2 6
23 8 54
1 5 3
23 2 50
21 1 4
20 2 70
3 8 19
45 1 3
3 8 14
7 2 67
28 1 26
13 2 1
21 8 37
69 8 54
45 1 9
12 2 15
45 1 23
23 2 87
50 8 54
42 8 19
39 2 7
70 2 12
11 1 41
29 2 4
3 8 44
25 2 30
9 2 10
75 1 21
19 1 34
55 2 79
14 1 41
34 2 4
5 2 34
1 2 41
5 2 1
19 8 48
45 1 1
20 1 19
3 2 13
1 2 43
1 8 19
21 8 51
32 2 4
28 2 3
3 1 4
22 2 54
15 2 54
3 7 1
10 1 1
20 1 21
54 2 12
70 2 15
17 1 14
14 1 1
30 1 20
15 1 14
16 8 18
42 8 21
10 8 14
19 8 26
1 11 3
30 1 12
54 8 23
70 1 30
87 1 26
5 2 3
1 8 21
23 1 44
22 1 21
87 8 44
21 8 38
1 8 39
23 1 20
23 2 3
32 8 21
37 2 3
15 8 23
1 7 3
3 8 29
32 2 5
40 1 39
38 2 3
18 2 87
14 8 15
25 2 23
21 8 26
19 8 41
1 1 5
25 1 16
41 2 1
28 2 1
51 1 19
10 2 1
87 2 18
28 1 27
13 2 9
30 8 70
1 2 4
75 2 51
1 8 11
15 8 30
25 2 3
6 1 3
54 2 22
25 2 1
44 1 87
7 2 39
23 2 25
16 8 25
3 8 10
20 8 30
9 2 8
1 2 38
33 1 26
18 2 1
26 8 28
3 8 7
22 8 30
43 2 3
50 1 48
19 1 1
12 2 55
6 8 40
10 8 11
19 8 22
13 1 3
30 2 25
44 1 10
10 8 45
5 2 32
19 8 38
22 2 70
54 1 69
5 2 42
6 2 7
1 1 38
40 1 6
18 1 16
48 2 43
21 8 20
43 1 19
33 1 27
69 1 51
5 8 21
30 8 45
5 8 3
34 2 5
45 1 30
11 1 43
48 1 21
70 8 30
19 1 4
19 8 61
23 1 22
19 1 5
39 8 40
1 8 14
1 2 18
4 2 3
1 4 3
21 8 43
44 1 1
3 1 5
3 2 33
26 8 87
3 2 18
79 2 55
17 8 18
21 8 41
1 8 13
29 8 19
17 8 25
1 8 6
11 8 12
8 8 44
44 1 23
10 2 9
23 1 70
48 8 79
30 2 50
43 1 11
70 1 50
88 2 18
79 1 23
7 1 1
19 8 37
43 8 50
9 8 45
29 1 1
41 1 11
38 1 21
1 2 25
1 2 28
23 8 79
33 2 3
40 1 67
50 1 43
50 8 70
3 8 13
? 1 github_java_program_data/33/392.java

43 8 69
30 1 79
29 2 5
69 1 75
8 2 10
30 8 39
67 2 7
11 8 43
21 8 27
19 1 32
23 1 12
13 8 45
9 8 44
13 2 8
19 8 51
61 8 50
20 2 15
7 1 3
51 2 41
4 2 42
14 8 17
79 1 48
69 2 30
23 8 67
21 8 61
19 1 3
29 1 28
69 2 23
69 1 43
6 1 1
23 8 70
43 8 11
33 2 1
30 1 70
70 1 23
1 8 45
37 1 1
21 1 1
3 8 45
38 1 19
30 2 69
9 2 13
51 8 69
21 1 32
42 2 4
37 1 21
15 2 22
1 2 37
1 12 3
26 1 19
41 1 19
3 2 4
38 1 1
23 1 45
54 2 15
23 8 45
3 2 10
11 1 10
88 2 23
1 1 37
50 1 41
41 8 69
45 1 10
48 2 23
1 2 33
44 1 13
3 2 5
15 2 20
14 1 43
75 8 69
44 8 30
21 1 42
3 2 38
6 2 39
41 2 3
3 2 41
18 1 17
21 1 3
4 8 19
38 8 3
12 8 23
30 1 55
37 1 19
10 2 3
14 8 43
70 8 23
1 2 10
29 1 3
23 2 69
4 2 34
25 1 17
22 8 23
69 1 41
11 1 1
30 8 54
88 8 44
13 8 11
3 8 11
54 1 30
23 8 44
38 2 1
48 1 19
19 8 75
5 2 29
30 1 45
42 2 5
3 2 43
43 2 1
67 8 40
11 8 41
26 2 27
61 2 48
14 1 10
3 2 37
25 8 45
22 2 15
4 1 1
45 1 25
13 1 1
4 2 32
41 8 11
17 2 16
44 1 8
48 2 61
12 1 14
37 2 1
87 2 23
8 2 9
1 2 13
44 1 3
12 2 54
30 1 44
18 2 3
8 8 45
19 8 20
1 8 44
40 1 7
50 2 23
5 1 1
23 2 88
1 14 3
27 1 21
30 2 1
33 8 34
13 8 44
43 1 21
10 2 8
43 2 48
27 2 26
1 8 34
5 8 19
44 1 88
55 2 12
13 8 14
45 8 30
1 1 3
88 1 27
18 2 88
34 8 21
70 1 69
45 2 44
11 1 3
1 2 30
48 8 50
7 8 40
3 8 34
27 8 28
48 2 41
54 1 23
32 8 19
11 1 13
30 1 15
1 8 7
3 2 28
12 1 11
4 2 1
8 2 13
30 8 55
4 8 21
41 2 51
43 2 51
26 8 33
10 8 44
1 8 29
3 4 1
41 8 50
23 2 48
3 8 21
14 1 3
34 1 1
39 1 30
1 8 10
30 1 22
50 2 30
44 2 45
1 8 3
70 2 20
45 8 23
13 2 3
11 8 16
21 8 75
51 2 43
15 2 12
44 1 18
1 2 5
11 8 15
69 8 70
21 1 5
21 8 22
4 2 29
3 2 25
19 8 27
12 8 30
3 2 23
14 8 41
51 1 21
41 2 48
3 1 37
41 1 21
19 1 42
41 1 14
15 2 70
34 1 3
10 1 3
37 8 3
14 1 13
30 2 51
51 2 75
3 5 1
43 1 14
44 1 9
27 8 88
34 1 33
27 1 19
55 1 30
45 1 8
22 1 19
50 1 61
41 8 14
23 1 15
1 1 4
61 1 19
3 1 38
54 2 20
14 8 12
54 1 50
18 8 44
55 8 30
19 8 43
12 2 70
43 8 14
4 8 3
45 1 13
21 8 48
70 2 22
19 1 29
16 1 11
26 1 21
44 8 23
61 1 21
51 8 55
20 8 23
16 2 17
51 2 30
15 1 11
28 8 29
21 1 34
3 8 6
79 8 30
7 2 6
27 8 33
55 1 51
67 1 23
20 2 54
75 1 19
34 8 19
67 1 3
3 1 1
39 1 1
3 8 67
23 1 54
39 2 6
23 8 54
1 5 3
23 2 50
21 1 4
20 2 70
3 8 19
45 1 3
3 8 14
7 2 67
28 1 26
13 2 1
21 8 37
69 8 54
45 1 9
12 2 15
45 1 23
23 2 87
50 8 54
42 8 19
39 2 7
70 2 12
11 1 41
29 2 4
3 8 44
25 2 30
9 2 10
75 1 21
19 1 34
55 2 79
14 1 41
34 2 4
5 2 34
1 2 41
5 2 1
19 8 48
45 1 1
20 1 19
3 2 13
1 2 43
1 8 19
21 8 51
32 2 4
28 2 3
3 1 4
22 2 54
15 2 54
3 7 1
10 1 1
20 1 21
54 2 12
70 2 15
17 1 14
14 1 1
30 1 20
15 1 14
16 8 18
42 8 21
10 8 14
19 8 26
1 11 3
30 1 12
54 8 23
70 1 30
87 1 26
5 2 3
1 8 21
23 1 44
22 1 21
87 8 44
21 8 38
1 8 39
23 1 20
23 2 3
32 8 21
37 2 3
15 8 23
1 7 3
3 8 29
32 2 5
40 1 39
38 2 3
18 2 87
14 8 15
25 2 23
21 8 26
19 8 41
1 1 5
25 1 16
41 2 1
28 2 1
51 1 19
10 2 1
87 2 18
28 1 27
13 2 9
30 8 70
1 2 4
75 2 51
1 8 11
15 8 30
25 2 3
6 1 3
54 2 22
25 2 1
44 1 87
7 2 39
23 2 25
16 8 25
3 8 10
20 8 30
9 2 8
1 2 38
33 1 26
18 2 1
26 8 28
3 8 7
22 8 30
43 2 3
50 1 48
19 1 1
12 2 55
6 8 40
10 8 11
19 8 22
13 1 3
30 2 25
44 1 10
10 8 45
5 2 32
19 8 38
22 2 70
54 1 69
5 2 42
6 2 7
1 1 38
40 1 6
18 1 16
48 2 43
21 8 20
43 1 19
33 1 27
69 1 51
5 8 21
30 8 45
5 8 3
34 2 5
45 1 30
11 1 43
48 1 21
70 8 30
19 1 4
19 8 61
23 1 22
19 1 5
39 8 40
1 8 14
1 2 18
4 2 3
1 4 3
21 8 43
44 1 1
3 1 5
3 2 33
26 8 87
3 2 18
79 2 55
17 8 18
21 8 41
1 8 13
29 8 19
17 8 25
1 8 6
11 8 12
8 8 44
44 1 23
10 2 9
23 1 70
48 8 79
30 2 50
43 1 11
70 1 50
88 2 18
79 1 23
7 1 1
19 8 37
43 8 50
9 8 45
29 1 1
41 1 11
38 1 21
1 2 25
1 2 28
23 8 79
33 2 3
40 1 67
50 1 43
50 8 70
3 8 13
? 1 github_java_program_data/33/420.java

57 8 53
29 2 5
1 2 38
22 1 19
50 1 61
96 1 3
41 8 14
33 2 1
21 8 27
1 1 4
19 1 32
30 1 79
61 1 19
3 1 38
9 8 44
14 8 12
54 1 50
25 2 30
12 2 79
16 1 96
61 8 50
19 8 43
51 2 41
4 2 42
43 8 14
4 8 3
79 1 48
3 2 23
21 8 48
19 1 29
96 8 16
3 2 37
4 2 32
44 8 23
9 2 18
20 2 22
20 8 23
19 1 3
1 2 10
44 13 56
6 2 7
23 2 3
43 2 3
55 2 12
9 2 3
30 1 15
39 1 23
3 8 6
13 2 3
7 2 6
37 1 1
21 1 1
27 8 33
38 1 19
2 1 3
17 1 3
3 8 17
3 1 28
5 2 4
6 8 40
40 1 7
1 12 3
21 1 32
48 8 55
28 2 3
19 8 20
37 1 21
3 1 25
42 2 4
56 2 79
1 2 37
3 1 1
57 2 52
30 1 12
41 1 19
23 1 54
38 1 1
20 1 21
63 2 3
1 5 3
53 1 57
3 2 10
21 1 4
51 2 61
1 1 37
50 1 41
1 8 63
3 8 14
48 2 23
28 1 26
1 2 33
53 1 52
3 2 43
21 8 37
14 1 43
5 2 32
1 8 29
50 8 54
57 1 30
53 2 54
23 1 53
18 2 9
11 1 41
21 1 42
3 2 38
29 2 4
6 2 2
1 8 13
39 1 3
55 8 30
39 8 40
56 8 30
14 1 41
25 8 44
1 2 96
1 2 41
4 8 19
19 8 48
53 8 23
38 8 3
3 2 13
11 8 17
3 8 39
1 8 19
21 8 51
30 1 55
37 1 19
44 1 18
10 2 3
3 2 4
3 1 4
55 1 23
9 8 39
25 1 17
18 8 44
3 2 41
4 2 3
10 1 1
1 1 18
22 8 23
39 2 7
3 8 11
38 2 1
30 8 54
30 1 20
15 1 14
13 8 11
11 1 1
63 1 1
54 1 30
16 8 18
42 8 21
48 1 19
10 8 14
5 2 29
3 7 1
1 11 3
50 1 51
33 8 29
39 1 8
54 8 23
42 2 5
16 1 3
3 8 7
26 1 1
4 8 21
5 2 3
1 8 21
23 1 44
1 8 10
55 2 20
4 2 29
23 1 20
56 1 19
19 8 56
3 2 28
14 1 10
32 8 21
63 8 17
18 1 1
1 7 3
18 2 10
4 1 1
44 1 25
32 2 5
13 1 1
56 6 44
40 1 39
41 8 11
38 2 3
44 1 8
53 1 51
14 8 15
19 8 41
12 1 14
37 2 1
20 2 55
41 2 1
8 2 9
23 8 55
17 1 11
30 1 56
8 8 39
52 2 57
51 8 53
1 2 13
5 2 1
16 1 1
2 2 6
61 2 51
1 2 4
51 1 21
1 8 11
15 8 30
3 8 21
1 8 44
44 1 1
25 2 1
44 1 30
10 2 1
7 2 39
3 2 63
3 8 10
20 8 30
3 8 19
9 2 8
27 1 21
18 2 1
26 8 28
7 1 3
30 8 57
1 14 3
43 1 21
43 8 11
19 1 1
12 2 55
3 4 1
10 8 44
55 1 48
39 1 9
79 2 12
3 8 96
19 8 22
11 1 13
30 2 25
37 2 3
44 1 10
21 1 3
13 1 3
1 8 16
1 1 3
19 8 38
17 1 63
5 2 42
52 1 23
11 1 3
10 2 18
7 8 40
29 1 1
18 1 16
29 1 33
21 8 20
52 2 51
43 1 19
40 1 2
33 1 27
96 2 1
32 8 19
5 8 19
3 8 2
5 8 3
54 2 53
12 1 11
11 1 43
5 8 21
41 2 51
4 2 1
19 1 4
19 8 61
23 1 22
19 1 5
6 1 3
28 8 3
1 2 18
40 1 6
3 2 9
1 4 3
21 8 43
41 8 50
3 1 5
23 2 48
20 1 19
2 8 40
14 1 3
79 8 30
30 8 44
50 2 30
51 2 52
1 8 3
4 2 5
48 8 79
13 2 1
12 2 15
23 8 39
1 8 26
79 2 56
29 8 19
15 2 12
17 8 25
1 2 5
11 8 12
8 8 44
21 1 5
3 2 5
30 2 50
3 8 16
12 8 30
41 2 3
11 8 41
25 8 3
51 8 50
79 1 23
32 2 4
3 1 37
41 1 21
19 8 37
22 2 20
1 1 38
21 8 41
41 1 11
1 2 25
48 1 21
10 1 3
37 8 3
23 8 79
52 8 53
3 5 1
23 8 52
44 1 9
3 8 13
? 1 github_java_program_data/33/434.java

43 8 69
69 1 75
8 2 10
14 1 10
11 8 43
21 8 27
19 1 32
5 2 1
13 8 45
9 8 44
13 2 8
19 8 51
61 8 50
4 2 42
3 2 23
23 8 19
30 2 18
3 2 37
21 8 61
53 1 48
20 2 22
19 1 3
29 1 28
69 1 43
30 1 15
39 2 2
39 1 23
37 1 1
21 1 1
3 8 45
38 1 19
51 8 69
30 1 55
55 1 48
42 2 4
37 1 21
1 2 37
48 2 52
1 12 3
41 1 19
3 2 4
38 1 1
20 1 21
3 2 10
54 1 50
51 2 61
1 1 37
55 1 23
1 2 33
53 1 52
19 1 1
75 8 69
2 8 40
21 1 42
3 2 38
50 2 23
4 8 19
19 8 43
38 8 3
11 8 17
3 8 39
1 8 2
21 1 32
37 1 19
10 2 3
14 8 43
79 8 30
48 2 23
1 2 10
29 1 3
22 8 23
25 1 17
23 2 69
22 2 12
3 8 11
39 1 8
13 8 11
11 1 1
48 1 19
19 8 75
52 2 48
42 2 5
4 8 21
45 2 44
61 2 48
9 8 45
25 8 45
4 1 1
45 1 25
30 1 12
4 2 32
39 1 3
44 1 8
18 1 16
21 8 23
15 2 55
13 2 3
48 2 61
12 1 14
37 2 1
8 2 9
23 8 55
22 2 70
1 2 13
44 1 3
8 8 45
39 8 40
50 1 48
44 1 30
1 14 3
12 2 22
27 1 21
33 8 34
43 1 21
10 2 8
43 2 48
3 4 1
1 8 34
15 2 20
13 8 14
1 1 3
3 2 18
51 8 79
11 1 3
54 1 23
32 8 19
11 1 13
22 2 20
40 1 2
3 2 28
4 2 1
8 2 13
3 2 43
43 2 51
21 8 41
30 1 54
5 8 19
1 8 29
70 2 22
23 2 48
14 1 3
11 8 16
70 8 23
30 1 22
50 2 30
44 2 45
1 8 3
45 8 23
41 8 11
12 2 15
23 8 39
51 2 43
15 2 12
44 1 18
1 2 5
11 8 15
21 1 5
21 8 22
3 2 5
3 2 25
12 8 30
75 2 51
21 2 19
3 1 37
41 1 21
19 1 42
10 8 44
48 1 21
10 1 3
37 8 3
14 1 13
52 8 53
51 2 75
3 5 1
43 1 14
48 8 50
34 1 33
3 2 8
8 8 39
45 1 8
22 1 19
50 1 61
41 8 14
1 1 4
3 1 38
14 8 12
11 1 10
18 8 44
55 8 30
53 8 23
43 8 14
4 8 3
45 1 13
21 8 48
51 2 23
19 1 29
16 1 11
26 1 21
61 1 21
20 8 23
15 1 11
28 8 29
2 2 39
23 2 50
34 1 1
27 8 33
44 8 23
75 1 19
48 8 55
34 8 19
3 8 44
13 1 1
23 8 54
21 1 4
3 8 19
45 1 3
3 8 14
28 1 26
19 2 21
21 8 37
69 8 54
45 1 9
5 2 32
54 1 69
50 8 54
42 8 19
23 1 53
23 2 51
11 1 41
3 1 1
25 2 30
19 1 34
55 2 79
79 1 51
14 1 41
1 2 41
30 1 79
19 8 48
20 1 19
3 2 13
1 8 19
21 8 51
32 2 4
19 8 23
28 2 3
3 1 4
3 7 1
10 1 1
23 1 45
38 2 1
14 1 1
30 1 20
15 1 14
16 8 18
42 8 21
52 1 30
10 8 14
1 11 3
50 1 51
70 1 30
5 2 3
1 8 21
23 1 44
22 1 21
21 8 38
18 2 3
23 1 20
23 2 3
32 8 21
37 2 3
1 7 3
3 8 29
33 2 1
32 2 5
40 1 39
38 2 3
14 8 15
21 8 26
19 8 41
79 2 55
41 2 1
28 2 1
17 1 11
51 1 19
1 8 10
10 2 1
48 8 53
30 8 70
1 2 4
51 1 21
5 8 21
15 8 30
25 2 3
3 8 21
30 8 52
20 2 15
44 1 9
9 2 8
1 2 38
23 1 70
26 8 28
22 8 30
43 2 3
43 8 11
14 1 43
55 2 15
10 8 11
19 8 22
13 1 3
30 2 25
61 2 51
44 1 10
21 1 3
19 8 38
23 1 21
5 2 42
69 2 23
48 2 43
21 8 20
43 1 19
33 1 27
69 1 51
8 2 3
1 8 11
30 8 45
5 8 3
45 1 30
11 1 43
19 1 4
23 1 22
19 1 5
19 8 20
1 8 14
4 2 3
1 4 3
21 8 43
18 2 30
3 1 5
23 8 79
30 8 44
23 1 19
13 2 1
1 8 13
29 8 19
17 8 25
8 8 44
30 2 50
43 1 11
70 1 50
51 8 50
79 1 23
19 8 37
43 8 50
1 1 38
29 1 1
3 8 10
50 8 70
1 2 28
2 1 1
54 8 30
50 1 43
20 8 30
38 1 21
3 8 13
19 1 23
? 1 github_java_program_data/33/440.java

43 8 69
30 1 79
29 2 5
69 1 75
8 2 10
30 8 39
67 2 7
11 8 43
21 8 27
19 1 32
23 1 12
13 8 45
9 8 44
13 2 8
19 8 51
61 8 50
20 2 15
7 1 3
51 2 41
4 2 42
14 8 17
79 1 48
69 2 30
23 8 67
21 8 61
19 1 3
29 1 28
69 2 23
69 1 43
6 1 1
23 8 70
43 8 11
33 2 1
30 1 70
70 1 23
1 8 45
37 1 1
21 1 1
3 8 45
38 1 19
30 2 69
9 2 13
51 8 69
21 1 32
42 2 4
37 1 21
15 2 22
1 2 37
1 12 3
26 1 19
41 1 19
3 2 4
38 1 1
23 1 45
54 2 15
23 8 45
3 2 10
11 1 10
88 2 23
1 1 37
50 1 41
41 8 69
45 1 10
48 2 23
1 2 33
44 1 13
3 2 5
15 2 20
14 1 43
75 8 69
44 8 30
21 1 42
3 2 38
6 2 39
41 2 3
3 2 41
18 1 17
21 1 3
4 8 19
38 8 3
12 8 23
30 1 55
37 1 19
10 2 3
14 8 43
70 8 23
1 2 10
29 1 3
23 2 69
4 2 34
25 1 17
22 8 23
69 1 41
11 1 1
30 8 54
88 8 44
13 8 11
3 8 11
54 1 30
23 8 44
38 2 1
48 1 19
19 8 75
5 2 29
30 1 45
42 2 5
3 2 43
43 2 1
67 8 40
11 8 41
26 2 27
61 2 48
14 1 10
3 2 37
25 8 45
22 2 15
4 1 1
45 1 25
13 1 1
4 2 32
41 8 11
17 2 16
44 1 8
48 2 61
12 1 14
37 2 1
87 2 23
8 2 9
1 2 13
44 1 3
12 2 54
30 1 44
18 2 3
8 8 45
19 8 20
1 8 44
40 1 7
50 2 23
5 1 1
23 2 88
1 14 3
27 1 21
30 2 1
33 8 34
13 8 44
43 1 21
10 2 8
43 2 48
27 2 26
1 8 34
5 8 19
44 1 88
55 2 12
13 8 14
45 8 30
1 1 3
88 1 27
18 2 88
34 8 21
70 1 69
45 2 44
11 1 3
1 2 30
48 8 50
7 8 40
3 8 34
27 8 28
48 2 41
54 1 23
32 8 19
11 1 13
30 1 15
1 8 7
3 2 28
12 1 11
4 2 1
8 2 13
30 8 55
4 8 21
41 2 51
43 2 51
26 8 33
10 8 44
1 8 29
3 4 1
41 8 50
23 2 48
3 8 21
14 1 3
34 1 1
39 1 30
1 8 10
30 1 22
50 2 30
44 2 45
1 8 3
70 2 20
45 8 23
13 2 3
11 8 16
21 8 75
51 2 43
15 2 12
44 1 18
1 2 5
11 8 15
69 8 70
21 1 5
21 8 22
4 2 29
3 2 25
19 8 27
12 8 30
3 2 23
14 8 41
51 1 21
41 2 48
3 1 37
41 1 21
19 1 42
41 1 14
15 2 70
34 1 3
10 1 3
37 8 3
14 1 13
30 2 51
51 2 75
3 5 1
43 1 14
44 1 9
27 8 88
34 1 33
27 1 19
55 1 30
45 1 8
22 1 19
50 1 61
41 8 14
23 1 15
1 1 4
61 1 19
3 1 38
54 2 20
14 8 12
54 1 50
18 8 44
55 8 30
19 8 43
12 2 70
43 8 14
4 8 3
45 1 13
21 8 48
70 2 22
19 1 29
16 1 11
26 1 21
44 8 23
61 1 21
51 8 55
20 8 23
16 2 17
51 2 30
15 1 11
28 8 29
21 1 34
3 8 6
79 8 30
7 2 6
27 8 33
55 1 51
67 1 23
20 2 54
75 1 19
34 8 19
67 1 3
3 1 1
39 1 1
3 8 67
23 1 54
39 2 6
23 8 54
1 5 3
23 2 50
21 1 4
20 2 70
3 8 19
45 1 3
3 8 14
7 2 67
28 1 26
13 2 1
21 8 37
69 8 54
45 1 9
12 2 15
45 1 23
23 2 87
50 8 54
42 8 19
39 2 7
70 2 12
11 1 41
29 2 4
3 8 44
25 2 30
9 2 10
75 1 21
19 1 34
55 2 79
14 1 41
34 2 4
5 2 34
1 2 41
5 2 1
19 8 48
45 1 1
20 1 19
3 2 13
1 2 43
1 8 19
21 8 51
32 2 4
28 2 3
3 1 4
22 2 54
15 2 54
3 7 1
10 1 1
20 1 21
54 2 12
70 2 15
17 1 14
14 1 1
30 1 20
15 1 14
16 8 18
42 8 21
10 8 14
19 8 26
1 11 3
30 1 12
54 8 23
70 1 30
87 1 26
5 2 3
1 8 21
23 1 44
22 1 21
87 8 44
21 8 38
1 8 39
23 1 20
23 2 3
32 8 21
37 2 3
15 8 23
1 7 3
3 8 29
32 2 5
40 1 39
38 2 3
18 2 87
14 8 15
25 2 23
21 8 26
19 8 41
1 1 5
25 1 16
41 2 1
28 2 1
51 1 19
10 2 1
87 2 18
28 1 27
13 2 9
30 8 70
1 2 4
75 2 51
1 8 11
15 8 30
25 2 3
6 1 3
54 2 22
25 2 1
44 1 87
7 2 39
23 2 25
16 8 25
3 8 10
20 8 30
9 2 8
1 2 38
33 1 26
18 2 1
26 8 28
3 8 7
22 8 30
43 2 3
50 1 48
19 1 1
12 2 55
6 8 40
10 8 11
19 8 22
13 1 3
30 2 25
44 1 10
10 8 45
5 2 32
19 8 38
22 2 70
54 1 69
5 2 42
6 2 7
1 1 38
40 1 6
18 1 16
48 2 43
21 8 20
43 1 19
33 1 27
69 1 51
5 8 21
30 8 45
5 8 3
34 2 5
45 1 30
11 1 43
48 1 21
70 8 30
19 1 4
19 8 61
23 1 22
19 1 5
39 8 40
1 8 14
1 2 18
4 2 3
1 4 3
21 8 43
44 1 1
3 1 5
3 2 33
26 8 87
3 2 18
79 2 55
17 8 18
21 8 41
1 8 13
29 8 19
17 8 25
1 8 6
11 8 12
8 8 44
44 1 23
10 2 9
23 1 70
48 8 79
30 2 50
43 1 11
70 1 50
88 2 18
79 1 23
7 1 1
19 8 37
43 8 50
9 8 45
29 1 1
41 1 11
38 1 21
1 2 25
1 2 28
23 8 79
33 2 3
40 1 67
50 1 43
50 8 70
3 8 13
? 1 github_java_program_data/33/448.java

43 8 69
57 8 53
27 1 21
8 2 10
11 8 43
21 8 27
19 1 32
3 4 1
9 8 44
2 8 40
61 8 50
20 2 15
4 2 42
14 8 17
1 1 5
30 2 18
11 8 12
3 2 37
21 1 23
6 2 2
20 2 22
19 1 3
29 1 28
69 1 43
55 2 12
23 8 70
30 1 15
30 1 70
10 2 8
70 1 23
37 1 1
21 1 1
3 8 45
38 1 19
51 8 69
21 1 32
42 2 4
37 1 21
1 2 37
26 1 19
41 1 19
28 2 3
38 1 1
20 1 21
39 2 6
19 8 22
3 2 10
54 1 50
57 2 52
51 2 61
1 1 37
50 1 41
41 8 69
45 1 10
48 2 23
1 2 33
53 1 52
15 2 20
19 1 1
1 2 8
75 8 69
19 8 51
21 1 42
3 2 38
6 2 39
41 2 3
3 2 41
21 1 3
51 2 52
4 8 19
53 8 23
38 8 3
1 8 2
30 1 55
37 1 19
10 2 3
14 8 43
55 1 23
1 2 10
29 1 3
23 2 69
4 2 34
25 1 17
22 8 23
69 1 41
3 8 11
30 8 54
39 1 8
13 8 11
11 1 1
54 1 30
48 1 19
42 2 5
3 2 43
48 2 75
11 8 41
61 2 48
14 1 10
25 8 45
4 1 1
45 1 25
70 2 53
30 1 12
26 1 21
41 8 11
44 1 8
21 1 29
53 1 51
13 2 3
48 2 61
12 1 14
37 2 1
8 2 9
23 8 55
1 2 13
2 2 6
12 2 54
8 8 45
39 8 40
1 8 44
50 1 48
44 1 30
5 1 1
8 2 1
1 14 3
23 8 52
69 1 75
33 8 34
30 8 57
53 2 70
43 1 21
48 1 21
43 2 48
1 8 34
5 8 19
13 8 14
1 1 3
34 8 21
70 1 69
45 2 44
11 1 3
3 8 34
27 8 28
45 1 30
54 1 23
32 8 19
11 1 13
22 2 20
40 1 2
3 2 28
4 2 1
4 8 21
43 2 51
26 8 33
21 8 41
30 1 54
1 8 21
1 8 29
39 1 23
23 2 48
3 8 21
14 1 3
11 8 16
22 1 21
30 1 22
50 2 30
44 2 45
1 8 3
45 8 23
12 2 15
23 8 39
29 2 4
21 8 75
51 2 43
15 2 12
44 1 18
51 2 41
11 8 15
69 8 70
21 1 5
21 8 22
3 2 5
3 2 25
19 8 27
12 8 30
48 8 69
75 2 48
28 1 27
51 1 21
41 2 48
3 1 37
41 1 21
19 1 42
10 8 44
34 1 3
19 8 61
37 8 3
14 1 13
52 8 53
51 2 75
3 5 1
43 1 14
48 8 50
29 8 21
34 1 33
27 1 19
8 8 39
45 1 8
22 1 19
50 1 61
41 8 14
1 1 4
61 1 19
3 1 38
54 2 20
14 8 12
11 1 10
18 8 44
55 8 30
19 8 43
18 1 16
43 8 14
4 8 3
23 8 21
21 8 48
41 8 50
19 1 29
16 1 11
4 2 32
20 8 23
15 1 11
20 2 54
28 8 29
21 1 34
3 8 6
34 1 1
27 8 33
70 8 23
44 8 23
12 1 11
48 8 55
34 8 19
3 1 1
39 1 1
23 8 54
1 5 3
21 1 4
20 2 70
3 8 19
45 1 3
3 8 14
28 1 26
21 8 37
69 8 54
45 1 9
5 2 32
54 1 69
50 8 54
42 8 19
23 1 53
11 1 41
1 8 13
25 2 30
75 1 21
19 1 34
14 1 41
34 2 4
75 2 51
5 2 1
19 8 48
29 8 19
3 2 13
1 2 23
1 8 19
21 8 51
32 2 4
19 8 23
3 2 4
3 1 4
22 2 54
1 2 5
3 7 1
10 1 1
23 1 45
54 2 12
38 2 1
14 1 1
30 1 20
15 1 14
16 8 18
42 8 21
10 8 14
1 11 3
50 1 51
13 1 1
70 1 30
5 2 3
69 1 48
23 1 44
1 8 10
70 2 20
21 8 38
1 8 39
23 1 20
32 8 21
37 2 3
1 7 3
3 8 29
33 2 1
32 2 5
40 1 39
38 2 3
14 8 15
21 8 26
19 8 41
57 1 30
4 2 29
28 2 1
51 1 19
52 2 57
51 8 53
10 2 1
61 2 51
30 8 70
1 2 4
52 2 51
1 8 11
15 8 30
25 2 3
6 1 3
54 2 22
3 8 10
44 1 9
9 2 8
1 2 38
33 1 26
18 2 1
26 8 28
22 8 30
43 2 3
43 8 11
14 1 43
12 2 55
6 8 40
55 1 48
10 8 11
53 1 57
13 1 3
30 2 25
44 1 10
10 8 45
19 8 38
5 2 42
52 1 23
1 1 38
18 2 30
40 1 6
69 2 23
48 2 43
21 8 20
43 1 19
33 1 27
41 1 11
5 8 21
30 8 45
5 8 3
34 2 5
48 2 41
11 1 43
41 2 51
70 8 30
19 1 4
10 1 3
23 1 22
19 1 5
19 8 20
1 8 14
1 2 18
4 2 3
1 4 3
21 8 43
44 1 1
3 1 5
2 1 1
3 2 33
30 8 44
23 1 19
13 2 1
5 2 34
20 1 19
17 8 25
17 1 14
8 8 44
19 8 26
23 1 70
30 2 50
43 1 11
70 1 50
51 8 50
23 2 1
19 8 37
43 8 50
9 8 45
29 1 1
69 1 51
50 8 70
1 2 28
20 8 30
33 2 3
54 8 30
50 1 43
38 1 21
3 8 13
? 1 github_java_program_data/33/467.java

43 8 69
54 2 22
8 2 10
30 8 39
11 8 43
30 1 79
13 8 45
9 8 44
53 2 12
19 8 51
1 8 11
61 8 50
4 2 42
79 1 48
69 2 30
30 2 18
3 2 37
21 8 61
53 1 48
20 2 22
19 1 3
29 1 28
69 1 43
30 1 15
39 2 2
1 8 45
37 1 1
21 1 1
38 1 19
30 2 69
9 2 13
51 8 69
2 1 1
30 1 55
30 1 53
42 2 4
37 1 21
1 2 37
48 2 52
1 12 3
9 8 10
41 1 19
28 2 3
38 1 1
20 1 21
23 8 45
3 2 10
11 1 10
1 1 37
48 2 23
20 2 79
19 1 1
23 1 56
75 8 69
44 8 30
3 2 38
26 1 19
41 2 3
3 2 41
1 2 43
4 8 19
38 8 3
11 8 17
3 8 39
1 8 2
21 1 32
37 1 19
10 2 3
14 8 43
55 1 23
1 2 10
29 1 3
25 1 17
22 8 23
3 8 11
30 8 54
39 1 8
13 8 11
11 1 1
54 1 30
17 2 16
48 1 19
12 2 53
70 1 69
10 1 9
30 1 45
52 2 48
42 2 5
4 8 21
2 8 40
61 2 48
14 1 10
25 8 45
4 1 1
45 1 25
30 1 12
4 2 32
39 1 3
44 1 8
21 1 29
15 2 55
13 2 3
48 2 61
12 1 14
37 2 1
8 2 9
23 8 55
1 2 13
44 1 3
19 8 75
30 1 44
8 8 45
19 8 20
9 2 3
18 2 30
44 1 30
5 1 1
8 2 1
1 14 3
3 2 30
23 8 52
69 1 75
33 8 34
43 1 21
10 2 8
43 2 48
27 2 26
10 8 44
79 2 20
5 8 19
13 1 3
45 8 30
1 1 3
3 2 18
45 2 44
11 1 3
3 8 34
11 1 13
22 2 20
40 1 2
3 2 28
4 2 1
3 2 43
43 2 51
26 8 33
21 8 41
3 2 8
3 4 1
23 2 48
16 2 17
14 1 3
79 8 30
39 1 30
70 8 23
50 2 30
44 2 45
1 8 3
48 8 79
15 2 79
12 2 15
51 2 43
15 2 12
44 1 18
1 2 5
11 8 15
69 8 70
21 1 5
21 8 22
3 2 5
19 8 27
12 8 30
75 2 51
3 1 37
41 1 21
19 1 42
14 8 16
48 1 21
10 1 3
37 8 3
14 1 13
52 8 53
51 2 75
3 5 1
43 1 14
48 8 50
29 8 21
34 1 33
27 1 19
8 8 39
45 1 8
50 1 61
41 8 14
1 1 4
3 1 38
14 8 12
54 1 50
18 8 44
55 8 30
4 8 3
45 1 13
30 2 3
21 8 48
51 2 23
43 2 1
16 1 11
26 1 21
61 1 21
51 8 55
20 8 23
15 1 11
28 8 29
2 2 39
11 8 16
27 8 33
55 1 51
75 1 19
34 8 19
3 8 44
13 1 1
23 1 54
1 5 3
21 1 4
3 8 19
41 8 11
3 8 14
28 1 26
23 2 25
21 8 37
45 1 9
5 2 32
45 1 23
50 8 54
42 8 19
23 2 51
11 1 41
3 1 1
19 1 34
14 1 41
1 2 41
5 2 1
19 8 48
45 1 1
3 2 13
1 8 19
21 8 51
32 2 4
3 2 4
3 1 4
22 2 54
4 2 3
1 2 8
3 7 1
10 1 1
26 2 27
38 2 1
14 1 1
30 1 20
16 8 18
10 8 14
56 8 23
1 11 3
54 8 23
53 8 30
70 1 30
5 2 3
1 8 21
22 1 21
21 8 38
18 2 3
23 1 20
32 8 21
37 2 3
1 7 3
3 8 29
13 8 14
32 2 5
40 1 39
38 2 3
25 2 23
21 8 26
19 8 41
1 1 5
25 1 16
41 2 1
17 1 11
51 1 19
8 8 13
1 8 10
10 2 1
13 2 9
48 8 53
30 8 70
1 2 4
51 1 21
53 1 52
11 1 43
3 8 21
79 2 15
25 2 1
16 8 25
3 8 10
44 1 9
9 2 8
1 2 38
33 1 26
26 8 28
16 1 14
43 2 3
43 8 11
55 2 15
10 8 11
1 2 25
44 1 10
21 1 3
19 8 38
5 2 42
52 1 23
1 1 38
18 1 16
48 2 43
21 8 20
13 1 8
33 1 27
8 2 3
5 8 21
5 8 3
15 8 30
34 1 3
19 1 4
23 1 22
19 1 5
39 8 40
1 8 14
33 2 3
3 2 9
1 4 3
21 8 43
50 1 48
3 1 5
23 8 79
3 2 33
30 8 44
13 2 1
1 8 13
20 1 19
17 8 25
8 8 44
19 8 26
23 1 70
30 2 50
43 1 11
79 1 23
19 8 37
43 8 50
9 8 45
69 1 51
20 8 30
50 1 43
38 1 21
3 8 13
? 1 github_java_program_data/33/473.java

43 8 69
30 1 79
29 2 5
69 1 75
8 2 10
30 8 39
67 2 7
11 8 43
21 8 27
19 1 32
23 1 12
13 8 45
9 8 44
13 2 8
19 8 51
61 8 50
20 2 15
7 1 3
51 2 41
4 2 42
14 8 17
79 1 48
69 2 30
23 8 67
21 8 61
19 1 3
29 1 28
69 2 23
69 1 43
6 1 1
23 8 70
43 8 11
33 2 1
30 1 70
70 1 23
1 8 45
37 1 1
21 1 1
3 8 45
38 1 19
30 2 69
9 2 13
51 8 69
21 1 32
42 2 4
37 1 21
15 2 22
1 2 37
1 12 3
26 1 19
41 1 19
3 2 4
38 1 1
23 1 45
54 2 15
23 8 45
3 2 10
11 1 10
88 2 23
1 1 37
50 1 41
41 8 69
45 1 10
48 2 23
1 2 33
44 1 13
3 2 5
15 2 20
14 1 43
75 8 69
44 8 30
21 1 42
3 2 38
6 2 39
41 2 3
3 2 41
18 1 17
21 1 3
4 8 19
38 8 3
12 8 23
30 1 55
37 1 19
10 2 3
14 8 43
70 8 23
1 2 10
29 1 3
23 2 69
4 2 34
25 1 17
22 8 23
69 1 41
11 1 1
30 8 54
88 8 44
13 8 11
3 8 11
54 1 30
23 8 44
38 2 1
48 1 19
19 8 75
5 2 29
30 1 45
42 2 5
3 2 43
43 2 1
67 8 40
11 8 41
26 2 27
61 2 48
14 1 10
3 2 37
25 8 45
22 2 15
4 1 1
45 1 25
13 1 1
4 2 32
41 8 11
17 2 16
44 1 8
48 2 61
12 1 14
37 2 1
87 2 23
8 2 9
1 2 13
44 1 3
12 2 54
30 1 44
18 2 3
8 8 45
19 8 20
1 8 44
40 1 7
50 2 23
5 1 1
23 2 88
1 14 3
27 1 21
30 2 1
33 8 34
13 8 44
43 1 21
10 2 8
43 2 48
27 2 26
1 8 34
5 8 19
44 1 88
55 2 12
13 8 14
45 8 30
1 1 3
88 1 27
18 2 88
34 8 21
70 1 69
45 2 44
11 1 3
1 2 30
48 8 50
7 8 40
3 8 34
27 8 28
48 2 41
54 1 23
32 8 19
11 1 13
30 1 15
1 8 7
3 2 28
12 1 11
4 2 1
8 2 13
30 8 55
4 8 21
41 2 51
43 2 51
26 8 33
10 8 44
1 8 29
3 4 1
41 8 50
23 2 48
3 8 21
14 1 3
34 1 1
39 1 30
1 8 10
30 1 22
50 2 30
44 2 45
1 8 3
70 2 20
45 8 23
13 2 3
11 8 16
21 8 75
51 2 43
15 2 12
44 1 18
1 2 5
11 8 15
69 8 70
21 1 5
21 8 22
4 2 29
3 2 25
19 8 27
12 8 30
3 2 23
14 8 41
51 1 21
41 2 48
3 1 37
41 1 21
19 1 42
41 1 14
15 2 70
34 1 3
10 1 3
37 8 3
14 1 13
30 2 51
51 2 75
3 5 1
43 1 14
44 1 9
27 8 88
34 1 33
27 1 19
55 1 30
45 1 8
22 1 19
50 1 61
41 8 14
23 1 15
1 1 4
61 1 19
3 1 38
54 2 20
14 8 12
54 1 50
18 8 44
55 8 30
19 8 43
12 2 70
43 8 14
4 8 3
45 1 13
21 8 48
70 2 22
19 1 29
16 1 11
26 1 21
44 8 23
61 1 21
51 8 55
20 8 23
16 2 17
51 2 30
15 1 11
28 8 29
21 1 34
3 8 6
79 8 30
7 2 6
27 8 33
55 1 51
67 1 23
20 2 54
75 1 19
34 8 19
67 1 3
3 1 1
39 1 1
3 8 67
23 1 54
39 2 6
23 8 54
1 5 3
23 2 50
21 1 4
20 2 70
3 8 19
45 1 3
3 8 14
7 2 67
28 1 26
13 2 1
21 8 37
69 8 54
45 1 9
12 2 15
45 1 23
23 2 87
50 8 54
42 8 19
39 2 7
70 2 12
11 1 41
29 2 4
3 8 44
25 2 30
9 2 10
75 1 21
19 1 34
55 2 79
14 1 41
34 2 4
5 2 34
1 2 41
5 2 1
19 8 48
45 1 1
20 1 19
3 2 13
1 2 43
1 8 19
21 8 51
32 2 4
28 2 3
3 1 4
22 2 54
15 2 54
3 7 1
10 1 1
20 1 21
54 2 12
70 2 15
17 1 14
14 1 1
30 1 20
15 1 14
16 8 18
42 8 21
10 8 14
19 8 26
1 11 3
30 1 12
54 8 23
70 1 30
87 1 26
5 2 3
1 8 21
23 1 44
22 1 21
87 8 44
21 8 38
1 8 39
23 1 20
23 2 3
32 8 21
37 2 3
15 8 23
1 7 3
3 8 29
32 2 5
40 1 39
38 2 3
18 2 87
14 8 15
25 2 23
21 8 26
19 8 41
1 1 5
25 1 16
41 2 1
28 2 1
51 1 19
10 2 1
87 2 18
28 1 27
13 2 9
30 8 70
1 2 4
75 2 51
1 8 11
15 8 30
25 2 3
6 1 3
54 2 22
25 2 1
44 1 87
7 2 39
23 2 25
16 8 25
3 8 10
20 8 30
9 2 8
1 2 38
33 1 26
18 2 1
26 8 28
3 8 7
22 8 30
43 2 3
50 1 48
19 1 1
12 2 55
6 8 40
10 8 11
19 8 22
13 1 3
30 2 25
44 1 10
10 8 45
5 2 32
19 8 38
22 2 70
54 1 69
5 2 42
6 2 7
1 1 38
40 1 6
18 1 16
48 2 43
21 8 20
43 1 19
33 1 27
69 1 51
5 8 21
30 8 45
5 8 3
34 2 5
45 1 30
11 1 43
48 1 21
70 8 30
19 1 4
19 8 61
23 1 22
19 1 5
39 8 40
1 8 14
1 2 18
4 2 3
1 4 3
21 8 43
44 1 1
3 1 5
3 2 33
26 8 87
3 2 18
79 2 55
17 8 18
21 8 41
1 8 13
29 8 19
17 8 25
1 8 6
11 8 12
8 8 44
44 1 23
10 2 9
23 1 70
48 8 79
30 2 50
43 1 11
70 1 50
88 2 18
79 1 23
7 1 1
19 8 37
43 8 50
9 8 45
29 1 1
41 1 11
38 1 21
1 2 25
1 2 28
23 8 79
33 2 3
40 1 67
50 1 43
50 8 70
3 8 13
? 1 github_java_program_data/33/504.java

43 8 69
69 1 75
8 2 10
11 8 43
21 8 27
19 1 32
5 2 1
3 4 1
9 8 44
53 2 12
13 2 8
2 8 40
61 8 50
4 2 42
14 8 17
79 1 48
3 2 23
30 2 18
3 2 37
53 1 48
20 2 22
19 1 3
29 1 28
69 2 23
69 1 43
33 2 1
39 2 2
39 1 23
21 1 1
3 8 45
38 1 19
21 1 32
30 1 53
42 2 4
37 1 21
60 8 23
1 2 37
48 2 52
1 12 3
41 1 19
3 2 4
38 1 1
23 1 45
23 8 45
3 2 10
51 2 61
45 1 10
1 2 33
44 1 13
3 2 5
19 1 1
23 1 56
75 8 69
21 1 42
3 2 38
18 1 17
21 1 3
50 8 70
4 8 19
38 8 3
3 8 39
1 8 2
30 1 55
37 1 19
10 2 3
14 8 43
48 2 23
1 2 10
22 8 23
25 1 17
23 2 69
3 8 11
39 1 8
13 8 11
11 1 1
17 2 16
48 1 19
12 2 53
34 1 1
52 2 48
42 2 5
3 2 43
52 8 53
48 2 75
26 2 27
3 2 8
14 1 10
25 8 45
4 1 1
45 1 25
30 1 12
4 2 32
39 1 3
44 1 8
21 1 29
15 2 55
13 2 3
12 1 14
25 2 3
8 2 9
1 2 13
44 1 3
8 8 45
19 8 20
56 1 19
18 2 30
44 1 30
5 1 1
1 14 3
23 8 52
12 2 22
27 1 21
33 8 34
13 8 44
10 2 8
43 2 48
27 2 26
60 1 19
1 8 34
5 8 19
13 8 14
1 1 3
3 2 18
45 2 44
11 1 3
27 8 28
54 1 23
32 8 19
11 1 13
30 1 15
22 2 20
40 1 2
12 1 11
4 2 1
8 2 13
30 8 55
4 8 21
43 2 51
26 8 33
10 8 44
30 1 54
1 8 21
1 8 29
23 2 48
16 2 17
14 1 3
11 8 16
1 8 10
30 1 22
50 2 30
44 2 45
1 8 3
45 8 23
41 8 11
12 2 15
23 8 39
29 2 4
21 8 75
51 2 43
15 2 12
44 1 18
1 2 5
70 8 23
21 1 5
21 8 22
4 2 29
3 2 25
19 8 27
12 8 30
11 8 15
48 8 69
75 2 48
28 1 27
51 1 21
3 1 37
41 1 21
19 1 42
21 8 41
48 1 21
10 1 3
37 8 3
14 1 13
30 2 51
3 5 1
43 1 14
44 1 9
29 8 21
34 1 33
27 1 19
8 8 39
55 1 30
45 1 8
50 1 61
41 8 14
1 1 4
61 1 19
3 1 38
14 8 12
11 1 10
18 8 44
55 8 30
19 8 43
22 2 12
21 8 48
19 1 29
16 1 11
26 1 21
51 8 55
20 8 23
51 2 30
15 1 11
28 8 29
2 2 39
79 8 30
27 8 33
55 1 51
44 8 23
37 2 1
34 8 19
3 1 1
13 1 1
23 8 54
1 5 3
21 1 4
20 2 70
3 8 19
45 1 3
3 8 14
28 1 26
17 1 14
23 2 25
21 8 37
69 8 54
45 1 9
5 2 32
54 1 69
42 8 19
11 1 41
3 8 44
75 1 21
19 1 34
55 2 79
14 1 41
5 2 34
1 2 41
30 1 79
19 8 48
20 1 19
3 2 13
1 8 19
21 8 51
32 2 4
23 1 60
3 7 1
10 1 1
20 1 21
38 2 1
14 1 1
30 1 20
19 8 56
16 8 18
42 8 21
10 8 14
56 8 23
1 11 3
50 1 51
53 8 30
70 1 30
5 2 3
69 1 48
23 1 44
22 1 21
70 2 20
21 8 38
18 2 3
23 1 20
23 2 3
32 8 21
37 2 3
1 7 3
32 2 5
40 1 39
38 2 3
25 2 23
21 8 26
19 8 41
1 1 5
45 13 56
79 2 55
41 2 1
28 2 1
10 2 1
56 6 45
48 8 53
30 8 70
1 2 4
53 1 52
11 1 43
19 8 60
3 8 21
16 8 25
3 8 10
20 8 30
9 2 8
1 2 38
33 1 26
26 8 28
22 8 30
43 2 3
43 8 11
55 2 15
10 8 11
13 1 3
61 2 51
44 1 10
10 8 45
19 8 38
45 1 23
5 2 42
52 1 23
9 8 45
18 1 16
48 2 43
21 8 20
43 1 19
33 1 27
8 2 3
1 8 11
5 8 3
34 2 5
15 8 30
5 8 21
19 1 4
19 8 61
23 1 22
19 1 5
39 8 40
1 8 14
4 2 3
1 4 3
3 1 5
2 1 1
30 8 44
17 8 18
13 2 1
1 8 13
29 8 19
17 8 25
11 8 12
8 8 44
23 1 70
48 8 79
30 2 50
43 1 11
70 1 50
51 8 50
79 1 23
19 8 37
43 8 50
1 1 38
29 1 1
25 1 16
1 2 28
23 8 79
54 8 30
50 1 43
38 1 21
3 8 13
? 1 github_java_program_data/33/525.java

43 8 69
30 1 79
29 2 5
69 1 75
8 2 10
30 8 39
67 2 7
11 8 43
21 8 27
19 1 32
23 1 12
13 8 45
9 8 44
13 2 8
19 8 51
61 8 50
20 2 15
7 1 3
51 2 41
4 2 42
14 8 17
79 1 48
69 2 30
23 8 67
21 8 61
19 1 3
29 1 28
69 2 23
69 1 43
6 1 1
23 8 70
43 8 11
33 2 1
30 1 70
70 1 23
1 8 45
37 1 1
21 1 1
3 8 45
38 1 19
30 2 69
9 2 13
51 8 69
21 1 32
42 2 4
37 1 21
15 2 22
1 2 37
1 12 3
26 1 19
41 1 19
3 2 4
38 1 1
23 1 45
54 2 15
23 8 45
3 2 10
11 1 10
88 2 23
1 1 37
50 1 41
41 8 69
45 1 10
48 2 23
1 2 33
44 1 13
3 2 5
15 2 20
14 1 43
75 8 69
44 8 30
21 1 42
3 2 38
6 2 39
41 2 3
3 2 41
18 1 17
21 1 3
4 8 19
38 8 3
12 8 23
30 1 55
37 1 19
10 2 3
14 8 43
70 8 23
1 2 10
29 1 3
23 2 69
4 2 34
25 1 17
22 8 23
69 1 41
11 1 1
30 8 54
88 8 44
13 8 11
3 8 11
54 1 30
23 8 44
38 2 1
48 1 19
19 8 75
5 2 29
30 1 45
42 2 5
3 2 43
43 2 1
67 8 40
11 8 41
26 2 27
61 2 48
14 1 10
3 2 37
25 8 45
22 2 15
4 1 1
45 1 25
13 1 1
4 2 32
41 8 11
17 2 16
44 1 8
48 2 61
12 1 14
37 2 1
87 2 23
8 2 9
1 2 13
44 1 3
12 2 54
30 1 44
18 2 3
8 8 45
19 8 20
1 8 44
40 1 7
50 2 23
5 1 1
23 2 88
1 14 3
27 1 21
30 2 1
33 8 34
13 8 44
43 1 21
10 2 8
43 2 48
27 2 26
1 8 34
5 8 19
44 1 88
55 2 12
13 8 14
45 8 30
1 1 3
88 1 27
18 2 88
34 8 21
70 1 69
45 2 44
11 1 3
1 2 30
48 8 50
7 8 40
3 8 34
27 8 28
48 2 41
54 1 23
32 8 19
11 1 13
30 1 15
1 8 7
3 2 28
12 1 11
4 2 1
8 2 13
30 8 55
4 8 21
41 2 51
43 2 51
26 8 33
10 8 44
1 8 29
3 4 1
41 8 50
23 2 48
3 8 21
14 1 3
34 1 1
39 1 30
1 8 10
30 1 22
50 2 30
44 2 45
1 8 3
70 2 20
45 8 23
13 2 3
11 8 16
21 8 75
51 2 43
15 2 12
44 1 18
1 2 5
11 8 15
69 8 70
21 1 5
21 8 22
4 2 29
3 2 25
19 8 27
12 8 30
3 2 23
14 8 41
51 1 21
41 2 48
3 1 37
41 1 21
19 1 42
41 1 14
15 2 70
34 1 3
10 1 3
37 8 3
14 1 13
30 2 51
51 2 75
3 5 1
43 1 14
44 1 9
27 8 88
34 1 33
27 1 19
55 1 30
45 1 8
22 1 19
50 1 61
41 8 14
23 1 15
1 1 4
61 1 19
3 1 38
54 2 20
14 8 12
54 1 50
18 8 44
55 8 30
19 8 43
12 2 70
43 8 14
4 8 3
45 1 13
21 8 48
70 2 22
19 1 29
16 1 11
26 1 21
44 8 23
61 1 21
51 8 55
20 8 23
16 2 17
51 2 30
15 1 11
28 8 29
21 1 34
3 8 6
79 8 30
7 2 6
27 8 33
55 1 51
67 1 23
20 2 54
75 1 19
34 8 19
67 1 3
3 1 1
39 1 1
3 8 67
23 1 54
39 2 6
23 8 54
1 5 3
23 2 50
21 1 4
20 2 70
3 8 19
45 1 3
3 8 14
7 2 67
28 1 26
13 2 1
21 8 37
69 8 54
45 1 9
12 2 15
45 1 23
23 2 87
50 8 54
42 8 19
39 2 7
70 2 12
11 1 41
29 2 4
3 8 44
25 2 30
9 2 10
75 1 21
19 1 34
55 2 79
14 1 41
34 2 4
5 2 34
1 2 41
5 2 1
19 8 48
45 1 1
20 1 19
3 2 13
1 2 43
1 8 19
21 8 51
32 2 4
28 2 3
3 1 4
22 2 54
15 2 54
3 7 1
10 1 1
20 1 21
54 2 12
70 2 15
17 1 14
14 1 1
30 1 20
15 1 14
16 8 18
42 8 21
10 8 14
19 8 26
1 11 3
30 1 12
54 8 23
70 1 30
87 1 26
5 2 3
1 8 21
23 1 44
22 1 21
87 8 44
21 8 38
1 8 39
23 1 20
23 2 3
32 8 21
37 2 3
15 8 23
1 7 3
3 8 29
32 2 5
40 1 39
38 2 3
18 2 87
14 8 15
25 2 23
21 8 26
19 8 41
1 1 5
25 1 16
41 2 1
28 2 1
51 1 19
10 2 1
87 2 18
28 1 27
13 2 9
30 8 70
1 2 4
75 2 51
1 8 11
15 8 30
25 2 3
6 1 3
54 2 22
25 2 1
44 1 87
7 2 39
23 2 25
16 8 25
3 8 10
20 8 30
9 2 8
1 2 38
33 1 26
18 2 1
26 8 28
3 8 7
22 8 30
43 2 3
50 1 48
19 1 1
12 2 55
6 8 40
10 8 11
19 8 22
13 1 3
30 2 25
44 1 10
10 8 45
5 2 32
19 8 38
22 2 70
54 1 69
5 2 42
6 2 7
1 1 38
40 1 6
18 1 16
48 2 43
21 8 20
43 1 19
33 1 27
69 1 51
5 8 21
30 8 45
5 8 3
34 2 5
45 1 30
11 1 43
48 1 21
70 8 30
19 1 4
19 8 61
23 1 22
19 1 5
39 8 40
1 8 14
1 2 18
4 2 3
1 4 3
21 8 43
44 1 1
3 1 5
3 2 33
26 8 87
3 2 18
79 2 55
17 8 18
21 8 41
1 8 13
29 8 19
17 8 25
1 8 6
11 8 12
8 8 44
44 1 23
10 2 9
23 1 70
48 8 79
30 2 50
43 1 11
70 1 50
88 2 18
79 1 23
7 1 1
19 8 37
43 8 50
9 8 45
29 1 1
41 1 11
38 1 21
1 2 25
1 2 28
23 8 79
33 2 3
40 1 67
50 1 43
50 8 70
3 8 13
? 1 github_java_program_data/33/532.java

43 8 69
72 2 51
8 2 10
30 8 39
19 1 32
4 8 19
3 4 1
9 8 44
13 2 8
19 8 51
61 8 50
73 8 23
4 2 42
14 8 17
69 2 30
30 2 18
11 8 12
3 2 37
21 8 61
43 1 21
19 1 3
69 1 43
23 8 70
30 1 15
30 1 70
39 2 2
70 1 23
72 1 23
37 1 1
21 1 1
3 8 45
38 1 19
30 2 69
51 8 69
42 2 4
37 1 21
1 2 37
1 12 3
41 1 19
3 2 4
38 1 1
20 1 21
54 2 15
23 8 45
3 2 10
54 1 50
51 2 61
1 1 37
50 1 41
41 8 69
45 1 10
1 8 14
53 1 52
19 1 1
15 2 54
75 8 69
44 8 30
21 1 42
3 2 38
41 2 3
3 2 41
1 2 43
44 2 12
51 2 52
23 1 12
53 8 23
38 8 3
3 8 39
1 8 2
21 1 32
37 1 19
10 2 3
14 8 43
1 2 10
22 8 23
25 1 17
23 2 69
69 1 41
3 8 11
30 8 54
39 1 8
13 8 11
11 1 1
54 1 30
48 1 19
12 8 23
70 1 69
30 1 45
42 2 5
3 2 43
2 8 40
48 2 75
11 8 41
61 2 48
14 1 10
25 8 45
4 1 1
45 1 25
30 1 12
39 1 3
44 1 8
18 1 16
53 1 51
73 2 15
48 2 61
37 2 1
11 1 8
8 2 9
1 2 13
16 1 14
19 8 75
12 2 54
30 1 44
8 8 45
39 8 40
18 2 30
44 1 30
1 14 3
3 2 30
69 1 75
13 8 44
50 2 23
10 2 8
43 2 48
5 8 19
13 8 14
45 8 30
1 1 3
3 2 18
45 2 44
11 1 3
51 2 72
54 1 23
32 8 19
11 1 13
1 7 3
40 1 2
12 1 11
4 2 1
8 2 13
4 8 21
43 2 51
21 8 41
30 1 54
1 8 21
25 2 23
41 8 50
72 8 73
14 1 3
39 1 30
1 8 10
30 1 22
50 2 30
44 2 45
1 8 3
19 1 4
12 2 15
21 8 75
51 2 43
15 2 12
44 1 18
51 2 41
11 8 15
69 8 70
21 1 5
19 1 5
3 2 5
3 2 25
15 2 73
48 8 69
75 2 48
14 8 41
75 2 51
41 2 48
3 1 37
41 1 21
19 1 42
41 1 14
48 1 21
19 8 61
37 8 3
14 1 13
52 8 53
51 2 75
3 5 1
43 1 14
48 8 50
21 1 3
3 2 8
8 8 39
45 1 8
50 1 61
41 8 14
23 1 15
1 1 4
61 1 19
3 1 38
11 1 10
9 8 11
18 8 44
19 8 43
43 8 14
4 8 3
30 2 3
21 8 48
43 2 1
61 1 21
73 1 51
20 8 23
15 1 11
2 2 39
23 2 50
13 2 3
23 1 78
75 1 19
3 1 1
13 1 1
23 1 54
23 8 54
1 5 3
51 1 21
21 1 4
3 8 19
41 8 11
3 8 14
23 2 25
21 8 37
69 8 54
45 1 9
5 2 32
54 1 69
50 8 54
42 8 19
23 1 53
11 1 41
1 8 13
75 1 21
14 1 41
1 2 41
5 2 1
19 8 48
3 2 13
1 8 19
21 8 51
3 1 4
22 2 54
1 2 5
3 7 1
10 1 1
54 2 12
38 2 1
14 1 1
30 1 20
15 1 14
16 8 18
42 8 21
52 1 30
10 8 14
1 11 3
50 1 51
54 8 23
5 2 3
69 1 48
22 1 21
21 8 38
18 2 3
23 1 20
32 8 21
37 2 3
15 8 23
12 8 30
11 1 9
32 2 5
40 1 39
38 2 3
14 8 15
45 1 3
19 8 41
41 2 1
51 1 19
51 8 53
10 2 1
61 2 51
1 2 4
52 2 51
44 1 13
15 8 30
25 2 3
3 8 21
54 2 22
30 8 52
3 8 10
20 8 30
51 8 73
1 2 38
22 8 30
44 1 3
43 2 3
43 8 11
14 1 43
10 8 11
13 1 3
12 2 44
10 8 45
73 1 72
19 8 38
73 2 54
45 1 23
5 2 42
1 1 38
69 2 23
48 2 43
21 8 20
54 2 73
43 1 19
69 1 51
8 2 3
3 8 44
1 8 11
5 8 3
48 2 41
11 1 43
5 8 21
41 2 51
70 8 30
8 8 11
10 1 3
23 1 22
21 8 22
14 8 16
4 2 3
1 4 3
21 8 43
50 1 48
3 1 5
2 1 1
30 8 44
13 2 1
23 1 73
17 8 25
17 1 14
8 8 44
30 2 50
78 8 23
70 1 50
23 8 72
51 8 50
19 8 37
43 8 50
9 8 45
41 1 11
50 8 70
44 1 9
54 8 30
50 1 43
38 1 21
3 8 13
9 2 8
? 1 github_java_program_data/33/558.java

43 8 69
30 1 79
29 2 5
69 1 75
8 2 10
30 8 39
67 2 7
11 8 43
21 8 27
19 1 32
23 1 12
13 8 45
9 8 44
13 2 8
19 8 51
61 8 50
20 2 15
7 1 3
51 2 41
4 2 42
14 8 17
79 1 48
69 2 30
23 8 67
21 8 61
19 1 3
29 1 28
69 2 23
69 1 43
6 1 1
23 8 70
43 8 11
33 2 1
30 1 70
70 1 23
1 8 45
37 1 1
21 1 1
3 8 45
38 1 19
30 2 69
9 2 13
51 8 69
21 1 32
42 2 4
37 1 21
15 2 22
1 2 37
1 12 3
26 1 19
41 1 19
3 2 4
38 1 1
23 1 45
54 2 15
23 8 45
3 2 10
11 1 10
88 2 23
1 1 37
50 1 41
41 8 69
45 1 10
48 2 23
1 2 33
44 1 13
3 2 5
15 2 20
14 1 43
75 8 69
44 8 30
21 1 42
3 2 38
6 2 39
41 2 3
3 2 41
18 1 17
21 1 3
4 8 19
38 8 3
12 8 23
30 1 55
37 1 19
10 2 3
14 8 43
70 8 23
1 2 10
29 1 3
23 2 69
4 2 34
25 1 17
22 8 23
69 1 41
11 1 1
30 8 54
88 8 44
13 8 11
3 8 11
54 1 30
23 8 44
38 2 1
48 1 19
19 8 75
5 2 29
30 1 45
42 2 5
3 2 43
43 2 1
67 8 40
11 8 41
26 2 27
61 2 48
14 1 10
3 2 37
25 8 45
22 2 15
4 1 1
45 1 25
13 1 1
4 2 32
41 8 11
17 2 16
44 1 8
48 2 61
12 1 14
37 2 1
87 2 23
8 2 9
1 2 13
44 1 3
12 2 54
30 1 44
18 2 3
8 8 45
19 8 20
1 8 44
40 1 7
50 2 23
5 1 1
23 2 88
1 14 3
27 1 21
30 2 1
33 8 34
13 8 44
43 1 21
10 2 8
43 2 48
27 2 26
1 8 34
5 8 19
44 1 88
55 2 12
13 8 14
45 8 30
1 1 3
88 1 27
18 2 88
34 8 21
70 1 69
45 2 44
11 1 3
1 2 30
48 8 50
7 8 40
3 8 34
27 8 28
48 2 41
54 1 23
32 8 19
11 1 13
30 1 15
1 8 7
3 2 28
12 1 11
4 2 1
8 2 13
30 8 55
4 8 21
41 2 51
43 2 51
26 8 33
10 8 44
1 8 29
3 4 1
41 8 50
23 2 48
3 8 21
14 1 3
34 1 1
39 1 30
1 8 10
30 1 22
50 2 30
44 2 45
1 8 3
70 2 20
45 8 23
13 2 3
11 8 16
21 8 75
51 2 43
15 2 12
44 1 18
1 2 5
11 8 15
69 8 70
21 1 5
21 8 22
4 2 29
3 2 25
19 8 27
12 8 30
3 2 23
14 8 41
51 1 21
41 2 48
3 1 37
41 1 21
19 1 42
41 1 14
15 2 70
34 1 3
10 1 3
37 8 3
14 1 13
30 2 51
51 2 75
3 5 1
43 1 14
44 1 9
27 8 88
34 1 33
27 1 19
55 1 30
45 1 8
22 1 19
50 1 61
41 8 14
23 1 15
1 1 4
61 1 19
3 1 38
54 2 20
14 8 12
54 1 50
18 8 44
55 8 30
19 8 43
12 2 70
43 8 14
4 8 3
45 1 13
21 8 48
70 2 22
19 1 29
16 1 11
26 1 21
44 8 23
61 1 21
51 8 55
20 8 23
16 2 17
51 2 30
15 1 11
28 8 29
21 1 34
3 8 6
79 8 30
7 2 6
27 8 33
55 1 51
67 1 23
20 2 54
75 1 19
34 8 19
67 1 3
3 1 1
39 1 1
3 8 67
23 1 54
39 2 6
23 8 54
1 5 3
23 2 50
21 1 4
20 2 70
3 8 19
45 1 3
3 8 14
7 2 67
28 1 26
13 2 1
21 8 37
69 8 54
45 1 9
12 2 15
45 1 23
23 2 87
50 8 54
42 8 19
39 2 7
70 2 12
11 1 41
29 2 4
3 8 44
25 2 30
9 2 10
75 1 21
19 1 34
55 2 79
14 1 41
34 2 4
5 2 34
1 2 41
5 2 1
19 8 48
45 1 1
20 1 19
3 2 13
1 2 43
1 8 19
21 8 51
32 2 4
28 2 3
3 1 4
22 2 54
15 2 54
3 7 1
10 1 1
20 1 21
54 2 12
70 2 15
17 1 14
14 1 1
30 1 20
15 1 14
16 8 18
42 8 21
10 8 14
19 8 26
1 11 3
30 1 12
54 8 23
70 1 30
87 1 26
5 2 3
1 8 21
23 1 44
22 1 21
87 8 44
21 8 38
1 8 39
23 1 20
23 2 3
32 8 21
37 2 3
15 8 23
1 7 3
3 8 29
32 2 5
40 1 39
38 2 3
18 2 87
14 8 15
25 2 23
21 8 26
19 8 41
1 1 5
25 1 16
41 2 1
28 2 1
51 1 19
10 2 1
87 2 18
28 1 27
13 2 9
30 8 70
1 2 4
75 2 51
1 8 11
15 8 30
25 2 3
6 1 3
54 2 22
25 2 1
44 1 87
7 2 39
23 2 25
16 8 25
3 8 10
20 8 30
9 2 8
1 2 38
33 1 26
18 2 1
26 8 28
3 8 7
22 8 30
43 2 3
50 1 48
19 1 1
12 2 55
6 8 40
10 8 11
19 8 22
13 1 3
30 2 25
44 1 10
10 8 45
5 2 32
19 8 38
22 2 70
54 1 69
5 2 42
6 2 7
1 1 38
40 1 6
18 1 16
48 2 43
21 8 20
43 1 19
33 1 27
69 1 51
5 8 21
30 8 45
5 8 3
34 2 5
45 1 30
11 1 43
48 1 21
70 8 30
19 1 4
19 8 61
23 1 22
19 1 5
39 8 40
1 8 14
1 2 18
4 2 3
1 4 3
21 8 43
44 1 1
3 1 5
3 2 33
26 8 87
3 2 18
79 2 55
17 8 18
21 8 41
1 8 13
29 8 19
17 8 25
1 8 6
11 8 12
8 8 44
44 1 23
10 2 9
23 1 70
48 8 79
30 2 50
43 1 11
70 1 50
88 2 18
79 1 23
7 1 1
19 8 37
43 8 50
9 8 45
29 1 1
41 1 11
38 1 21
1 2 25
1 2 28
23 8 79
33 2 3
40 1 67
50 1 43
50 8 70
3 8 13
? 1 github_java_program_data/33/560.java

72 2 51
30 8 39
30 8 19
33 2 1
21 8 27
19 1 32
23 1 12
13 8 45
9 8 44
13 2 8
12 2 79
19 8 51
61 8 50
79 8 23
4 2 42
14 8 17
79 1 48
48 2 30
11 8 12
3 2 37
20 2 22
19 1 3
29 1 28
43 2 48
30 1 19
1 8 45
72 1 23
37 1 1
64 2 1
21 1 1
38 1 19
2 1 3
20 2 73
30 1 53
42 2 4
37 1 21
15 2 22
1 2 37
1 12 3
26 1 19
41 1 19
28 2 3
38 1 1
20 1 21
64 2 30
23 8 45
3 2 10
11 1 10
1 1 37
30 2 48
1 2 33
53 1 52
14 1 43
44 8 30
21 1 42
3 2 38
41 2 3
3 2 41
18 1 17
79 2 12
51 2 52
4 8 19
38 8 3
1 2 64
11 8 17
12 8 23
37 1 19
10 2 3
14 8 43
1 2 10
29 1 3
25 1 17
22 8 23
11 1 1
63 8 64
30 8 54
39 1 8
13 8 11
3 8 11
54 1 30
17 2 16
48 1 19
30 1 45
42 2 5
3 2 43
2 8 40
55 2 22
61 2 48
14 1 10
25 8 45
22 2 15
45 1 25
13 1 1
55 8 23
41 8 11
23 8 44
44 1 8
21 1 29
42 8 21
13 2 3
48 2 61
37 2 1
8 2 9
53 2 20
1 2 13
44 1 3
30 1 44
8 8 45
3 8 2
39 8 40
50 1 48
8 2 1
1 14 3
23 8 52
27 1 21
33 8 34
13 8 44
27 2 26
10 8 44
30 2 64
1 8 34
15 2 20
22 2 55
13 8 14
45 8 30
1 1 3
34 8 21
3 2 18
45 2 44
11 1 3
51 2 72
27 8 28
32 8 19
5 8 19
22 2 20
40 1 2
12 1 11
4 2 1
8 2 13
30 8 55
4 8 21
39 2 2
26 8 33
21 8 41
1 8 29
3 4 1
72 8 73
16 2 17
14 1 3
34 1 1
39 1 30
22 1 21
30 1 22
50 2 30
44 2 45
1 8 3
48 8 79
12 2 15
15 2 12
44 1 18
1 2 5
11 8 15
21 1 5
21 8 22
3 2 5
19 8 27
18 2 3
71 8 23
73 8 30
28 1 27
51 1 21
21 2 19
3 1 37
41 1 21
19 8 30
1 8 14
48 1 21
19 8 61
37 8 3
14 1 13
52 8 53
3 5 1
43 1 14
48 8 50
29 8 21
34 1 33
27 1 19
8 8 39
55 1 30
45 1 8
22 1 19
50 1 61
41 8 14
23 1 15
18 2 23
61 1 19
3 1 38
54 1 50
18 8 44
30 1 73
19 8 43
43 8 14
4 8 3
45 1 13
21 8 48
19 1 29
16 1 11
79 1 30
26 1 21
73 1 51
20 8 23
15 1 11
28 8 29
2 2 39
21 1 34
11 8 16
23 1 55
27 8 33
48 8 55
34 8 19
30 1 21
3 1 1
39 1 1
23 1 54
73 2 20
1 5 3
21 1 4
3 8 19
25 2 23
3 8 14
28 1 26
19 2 21
38 2 3
23 2 25
21 8 37
5 2 32
45 1 23
50 8 54
11 1 41
1 8 13
9 2 10
19 1 34
14 1 41
1 2 41
5 2 1
19 8 48
45 1 1
29 8 19
3 2 13
1 8 19
21 8 51
3 2 4
3 1 4
1 2 8
3 7 1
10 1 1
26 2 27
38 2 1
14 1 1
30 1 20
15 1 14
16 8 18
53 1 51
10 8 14
44 1 23
1 11 3
54 8 23
53 8 30
5 2 3
1 8 21
1 8 10
55 2 20
21 8 38
1 8 39
23 1 20
3 2 28
64 1 63
37 2 3
15 8 23
1 7 3
3 8 29
32 2 5
40 1 39
19 1 30
23 1 71
14 8 15
39 1 64
21 8 26
19 8 41
21 8 30
20 2 55
41 2 1
28 2 1
17 1 11
51 1 19
51 8 53
10 2 1
23 1 79
1 2 4
52 2 51
44 1 13
11 1 43
3 8 21
25 2 1
16 8 25
3 8 10
20 8 30
30 8 79
51 8 73
1 2 38
33 1 26
26 8 28
22 8 30
16 1 14
43 2 3
43 8 11
19 1 1
55 1 48
10 8 11
19 8 22
13 1 3
44 1 10
21 1 3
73 1 72
19 8 38
5 2 42
52 1 23
18 1 16
48 2 43
21 8 20
43 1 19
33 1 27
63 1 3
1 8 11
5 8 3
1 2 25
5 8 21
19 1 4
10 1 3
23 1 22
19 1 5
19 8 20
23 8 72
14 8 16
4 2 3
1 4 3
11 1 13
3 1 5
23 2 18
3 8 44
17 8 18
13 2 1
20 1 19
17 8 25
17 1 14
8 8 44
19 8 26
3 8 63
30 2 50
20 2 53
64 8 39
19 8 37
43 8 50
1 1 38
29 1 1
20 2 15
25 1 16
1 2 28
44 1 9
10 2 9
50 1 43
38 1 21
3 8 13
9 2 8
? 1 github_java_program_data/33/564.java

43 8 69
24 1 30
72 2 51
27 1 21
8 2 10
30 8 39
44 13 58
11 8 43
21 8 27
19 1 32
4 8 19
13 8 45
9 8 44
13 2 8
18 8 45
19 8 51
58 8 30
73 8 23
4 2 42
14 8 17
69 2 30
4 2 32
30 2 18
3 2 37
53 1 48
3 8 24
20 2 22
19 1 3
29 1 28
69 1 43
23 8 70
30 1 15
30 1 70
30 1 58
1 8 45
72 1 23
37 1 1
21 1 1
3 8 45
38 1 19
34 1 1
30 2 69
9 2 13
51 8 69
56 2 20
20 2 56
30 1 55
30 1 53
42 2 4
37 1 21
15 2 22
12 2 15
1 2 37
1 8 34
1 12 3
26 1 19
41 1 19
3 2 4
38 1 1
20 1 21
39 2 6
30 1 24
23 8 45
3 2 10
72 2 57
1 1 37
45 1 10
48 2 23
1 2 33
44 1 13
19 1 1
57 8 73
23 1 56
75 8 69
44 8 30
21 1 42
23 2 18
6 2 39
61 8 50
39 8 40
3 2 41
21 1 3
25 8 44
23 1 12
38 8 3
12 8 23
5 8 3
21 1 32
37 1 19
10 2 3
14 8 43
55 1 23
1 2 10
29 1 3
4 2 34
25 1 17
22 8 23
11 1 1
30 8 54
39 1 8
13 8 11
3 8 11
54 1 30
23 8 44
48 1 19
48 2 30
30 1 45
52 2 48
42 2 5
4 8 21
43 2 1
20 2 79
55 2 22
24 1 25
44 2 15
61 2 48
14 1 10
48 2 52
22 2 15
4 1 1
44 1 25
30 1 12
55 8 23
41 8 11
17 2 16
44 1 8
21 1 29
57 2 72
48 2 61
12 1 14
37 2 1
8 2 9
23 8 55
1 2 13
44 1 3
30 1 44
18 2 3
5 2 1
19 8 20
1 1 5
1 8 44
44 1 1
44 1 30
50 2 23
5 1 1
12 2 20
8 2 1
1 14 3
23 8 52
45 2 44
69 1 75
30 2 1
33 8 34
13 8 44
30 8 57
43 1 21
10 2 8
43 2 48
27 2 26
30 8 24
5 8 19
22 2 55
13 1 3
45 8 30
1 1 3
21 8 58
34 8 21
3 2 18
51 8 79
11 1 3
1 2 30
51 2 72
3 8 34
27 8 28
32 8 19
23 1 55
22 2 20
3 2 28
4 2 1
8 2 13
30 8 55
3 2 43
15 2 24
43 2 51
26 8 33
21 8 41
1 8 29
3 4 1
70 1 23
72 8 73
23 2 48
3 8 21
14 1 3
11 8 16
39 1 30
22 1 21
30 1 22
44 2 45
1 8 3
45 1 18
13 2 3
29 2 4
21 8 75
51 2 43
15 2 12
44 1 18
1 2 5
11 8 15
21 1 5
19 1 5
3 2 5
3 2 25
19 8 27
12 8 30
71 8 23
28 1 27
51 1 21
3 1 37
41 1 21
19 1 42
10 8 44
34 1 3
19 8 61
37 8 3
14 1 13
52 8 53
51 2 75
3 5 1
43 1 14
48 8 50
29 8 21
34 1 33
27 1 19
8 8 39
55 1 30
22 1 19
50 1 61
41 8 14
23 1 15
1 1 4
20 2 55
18 2 23
61 1 19
3 1 38
14 8 12
11 1 10
18 8 44
55 8 30
19 8 43
4 8 3
45 1 13
21 8 48
51 2 23
19 1 29
16 1 11
26 1 21
15 2 44
73 1 51
20 8 23
16 2 17
15 1 11
28 8 29
21 1 34
3 8 6
79 8 30
45 2 24
27 8 33
73 2 12
12 2 73
23 1 73
48 8 55
34 8 19
3 1 1
39 1 1
23 1 54
1 5 3
23 2 50
21 1 4
3 8 19
45 1 3
3 8 14
28 1 26
38 2 3
23 2 25
21 8 37
69 8 54
45 1 9
5 2 32
54 1 69
42 8 19
23 2 51
11 1 41
3 8 44
25 2 30
9 2 10
75 1 21
19 1 34
79 1 51
14 1 41
34 2 4
5 2 34
1 2 41
30 1 79
19 8 48
45 1 1
20 1 19
3 2 13
1 2 43
1 8 19
21 8 51
32 2 4
28 2 3
3 1 4
1 2 8
3 7 1
10 1 1
26 2 27
38 2 1
14 1 1
30 1 20
24 8 30
19 8 56
16 8 18
42 8 21
10 8 14
56 8 23
1 11 3
13 1 1
54 8 23
53 8 30
5 2 3
1 8 21
1 8 10
55 2 20
21 8 38
1 8 39
23 1 20
32 8 21
37 2 3
15 8 23
1 7 3
25 8 24
3 8 29
13 8 14
33 2 1
32 2 5
53 1 52
40 1 39
43 1 11
20 2 12
23 1 71
58 6 44
25 2 23
21 8 26
19 8 41
57 1 30
30 2 48
25 1 16
41 2 1
4 2 29
28 2 1
51 1 19
10 2 1
13 2 9
48 8 53
24 1 3
1 2 4
75 2 51
1 8 11
11 1 43
25 2 3
6 1 3
25 2 1
16 8 25
3 8 10
44 1 9
51 8 73
1 2 38
33 1 26
18 2 1
26 8 28
22 8 30
43 2 3
43 8 11
1 2 25
19 8 26
6 8 40
55 1 48
10 8 11
19 8 22
30 2 25
44 1 10
10 8 45
73 1 72
19 8 38
45 1 23
5 2 42
52 1 23
1 1 38
18 2 30
79 2 20
33 2 3
18 1 16
48 2 43
21 8 20
43 1 19
33 1 27
5 8 21
30 8 45
58 1 21
34 2 5
45 1 30
15 8 30
48 1 21
70 8 30
19 1 4
10 1 3
23 1 22
21 8 22
56 1 19
1 8 14
1 2 18
4 2 3
1 4 3
11 1 13
21 8 43
50 1 48
3 1 5
3 2 33
3 2 38
30 8 44
13 2 1
1 8 13
29 8 19
17 8 25
17 1 14
8 8 44
44 1 23
73 1 57
41 2 3
24 2 15
70 1 50
23 8 72
24 2 45
79 1 23
19 8 37
43 8 50
9 8 45
29 1 1
69 1 51
38 1 21
1 2 28
23 8 79
40 1 6
10 2 9
50 1 43
20 8 30
50 8 70
3 8 13
9 2 8
? 1 github_java_program_data/33/570.java

43 8 69
30 1 79
29 2 5
69 1 75
8 2 10
30 8 39
67 2 7
11 8 43
21 8 27
19 1 32
23 1 12
13 8 45
9 8 44
13 2 8
19 8 51
61 8 50
20 2 15
7 1 3
51 2 41
4 2 42
14 8 17
79 1 48
69 2 30
23 8 67
21 8 61
19 1 3
29 1 28
69 2 23
69 1 43
6 1 1
23 8 70
43 8 11
33 2 1
30 1 70
70 1 23
1 8 45
37 1 1
21 1 1
3 8 45
38 1 19
30 2 69
9 2 13
51 8 69
21 1 32
42 2 4
37 1 21
15 2 22
1 2 37
1 12 3
26 1 19
41 1 19
3 2 4
38 1 1
23 1 45
54 2 15
23 8 45
3 2 10
11 1 10
88 2 23
1 1 37
50 1 41
41 8 69
45 1 10
48 2 23
1 2 33
44 1 13
3 2 5
15 2 20
14 1 43
75 8 69
44 8 30
21 1 42
3 2 38
6 2 39
41 2 3
3 2 41
18 1 17
21 1 3
4 8 19
38 8 3
12 8 23
30 1 55
37 1 19
10 2 3
14 8 43
70 8 23
1 2 10
29 1 3
23 2 69
4 2 34
25 1 17
22 8 23
69 1 41
11 1 1
30 8 54
88 8 44
13 8 11
3 8 11
54 1 30
23 8 44
38 2 1
48 1 19
19 8 75
5 2 29
30 1 45
42 2 5
3 2 43
43 2 1
67 8 40
11 8 41
26 2 27
61 2 48
14 1 10
3 2 37
25 8 45
22 2 15
4 1 1
45 1 25
13 1 1
4 2 32
41 8 11
17 2 16
44 1 8
48 2 61
12 1 14
37 2 1
87 2 23
8 2 9
1 2 13
44 1 3
12 2 54
30 1 44
18 2 3
8 8 45
19 8 20
1 8 44
40 1 7
50 2 23
5 1 1
23 2 88
1 14 3
27 1 21
30 2 1
33 8 34
13 8 44
43 1 21
10 2 8
43 2 48
27 2 26
1 8 34
5 8 19
44 1 88
55 2 12
13 8 14
45 8 30
1 1 3
88 1 27
18 2 88
34 8 21
70 1 69
45 2 44
11 1 3
1 2 30
48 8 50
7 8 40
3 8 34
27 8 28
48 2 41
54 1 23
32 8 19
11 1 13
30 1 15
1 8 7
3 2 28
12 1 11
4 2 1
8 2 13
30 8 55
4 8 21
41 2 51
43 2 51
26 8 33
10 8 44
1 8 29
3 4 1
41 8 50
23 2 48
3 8 21
14 1 3
34 1 1
39 1 30
1 8 10
30 1 22
50 2 30
44 2 45
1 8 3
70 2 20
45 8 23
13 2 3
11 8 16
21 8 75
51 2 43
15 2 12
44 1 18
1 2 5
11 8 15
69 8 70
21 1 5
21 8 22
4 2 29
3 2 25
19 8 27
12 8 30
3 2 23
14 8 41
51 1 21
41 2 48
3 1 37
41 1 21
19 1 42
41 1 14
15 2 70
34 1 3
10 1 3
37 8 3
14 1 13
30 2 51
51 2 75
3 5 1
43 1 14
44 1 9
27 8 88
34 1 33
27 1 19
55 1 30
45 1 8
22 1 19
50 1 61
41 8 14
23 1 15
1 1 4
61 1 19
3 1 38
54 2 20
14 8 12
54 1 50
18 8 44
55 8 30
19 8 43
12 2 70
43 8 14
4 8 3
45 1 13
21 8 48
70 2 22
19 1 29
16 1 11
26 1 21
44 8 23
61 1 21
51 8 55
20 8 23
16 2 17
51 2 30
15 1 11
28 8 29
21 1 34
3 8 6
79 8 30
7 2 6
27 8 33
55 1 51
67 1 23
20 2 54
75 1 19
34 8 19
67 1 3
3 1 1
39 1 1
3 8 67
23 1 54
39 2 6
23 8 54
1 5 3
23 2 50
21 1 4
20 2 70
3 8 19
45 1 3
3 8 14
7 2 67
28 1 26
13 2 1
21 8 37
69 8 54
45 1 9
12 2 15
45 1 23
23 2 87
50 8 54
42 8 19
39 2 7
70 2 12
11 1 41
29 2 4
3 8 44
25 2 30
9 2 10
75 1 21
19 1 34
55 2 79
14 1 41
34 2 4
5 2 34
1 2 41
5 2 1
19 8 48
45 1 1
20 1 19
3 2 13
1 2 43
1 8 19
21 8 51
32 2 4
28 2 3
3 1 4
22 2 54
15 2 54
3 7 1
10 1 1
20 1 21
54 2 12
70 2 15
17 1 14
14 1 1
30 1 20
15 1 14
16 8 18
42 8 21
10 8 14
19 8 26
1 11 3
30 1 12
54 8 23
70 1 30
87 1 26
5 2 3
1 8 21
23 1 44
22 1 21
87 8 44
21 8 38
1 8 39
23 1 20
23 2 3
32 8 21
37 2 3
15 8 23
1 7 3
3 8 29
32 2 5
40 1 39
38 2 3
18 2 87
14 8 15
25 2 23
21 8 26
19 8 41
1 1 5
25 1 16
41 2 1
28 2 1
51 1 19
10 2 1
87 2 18
28 1 27
13 2 9
30 8 70
1 2 4
75 2 51
1 8 11
15 8 30
25 2 3
6 1 3
54 2 22
25 2 1
44 1 87
7 2 39
23 2 25
16 8 25
3 8 10
20 8 30
9 2 8
1 2 38
33 1 26
18 2 1
26 8 28
3 8 7
22 8 30
43 2 3
50 1 48
19 1 1
12 2 55
6 8 40
10 8 11
19 8 22
13 1 3
30 2 25
44 1 10
10 8 45
5 2 32
19 8 38
22 2 70
54 1 69
5 2 42
6 2 7
1 1 38
40 1 6
18 1 16
48 2 43
21 8 20
43 1 19
33 1 27
69 1 51
5 8 21
30 8 45
5 8 3
34 2 5
45 1 30
11 1 43
48 1 21
70 8 30
19 1 4
19 8 61
23 1 22
19 1 5
39 8 40
1 8 14
1 2 18
4 2 3
1 4 3
21 8 43
44 1 1
3 1 5
3 2 33
26 8 87
3 2 18
79 2 55
17 8 18
21 8 41
1 8 13
29 8 19
17 8 25
1 8 6
11 8 12
8 8 44
44 1 23
10 2 9
23 1 70
48 8 79
30 2 50
43 1 11
70 1 50
88 2 18
79 1 23
7 1 1
19 8 37
43 8 50
9 8 45
29 1 1
41 1 11
38 1 21
1 2 25
1 2 28
23 8 79
33 2 3
40 1 67
50 1 43
50 8 70
3 8 13
? 1 github_java_program_data/33/84.java

