3 1 1
53 1 81
45 1 3
44 2 45
30 1 24
67 1 80
28 8 3
29 8 19
4 2 29
11 1 13
16 8 25
9 8 10
3 8 7
60 8 30
25 2 8
3 1 4
76 8 53
26 8 28
34 1 33
8 2 3
30 1 22
23 1 39
4 2 3
10 2 3
21 8 43
54 8 30
3 1 25
24 1 18
23 1 56
55 1 23
80 8 67
25 2 30
3 1 33
54 2 12
1 8 3
13 1 9
3 8 26
42 2 5
73 2 20
81 2 52
34 1 3
80 2 1
25 1 16
23 8 39
1 4 3
1 8 29
76 2 52
1 2 28
26 1 19
45 1 30
39 1 1
1 8 63
52 8 73
13 1 8
15 8 23
44 1 25
8 8 67
53 2 73
12 2 54
20 2 56
44 1 9
1 8 19
26 1 21
45 1 10
1 2 43
57 8 53
1 2 10
5 2 4
19 1 42
11 8 16
8 2 1
22 2 73
20 2 73
79 2 53
22 2 53
58 2 54
3 8 27
60 2 73
30 1 31
12 1 14
48 2 52
53 2 56
39 1 3
64 1 77
31 1 18
53 2 20
25 2 13
48 8 55
1 8 17
58 6 44
72 1 30
13 8 14
9 8 13
52 1 23
19 8 27
19 8 58
11 1 10
3 2 63
20 1 21
9 2 3
31 1 3
5 2 32
8 2 13
25 8 24
30 8 44
28 1 1
33 8 3
29 1 28
30 1 44
30 1 58
23 1 67
56 2 20
1 8 13
64 8 39
58 8 30
25 2 23
40 1 2
55 2 73
39 1 64
19 8 56
57 1 30
24 1 8
1 8 67
11 1 41
51 2 72
3 8 2
19 8 51
53 2 12
45 1 9
10 1 115
3 2 43
22 2 20
10 2 1
9 2 10
55 2 20
28 1 26
28 8 34
50 1 43
18 2 23
5 2 42
24 8 23
30 1 56
79 2 20
18 8 31
13 2 3
58 6 45
19 8 20
51 8 55
45 13 56
73 1 48
33 8 34
13 8 44
23 1 73
73 8 81
41 1 21
1 2 30
52 2 81
53 2 79
12 2 15
44 1 1
12 8 30
26 1 1
28 2 3
21 1 5
62 1 19
24 2 15
1 8 26
14 1 10
30 2 18
16 1 96
27 1 21
30 2 51
32 2 5
40 1 7
1 8 14
1 8 77
50 8 54
3 2 33
43 2 3
32 8 21
28 8 29
4 2 1
10 8 11
13 1 1
81 2 57
79 1 30
1 2 13
39 2 44
48 2 72
31 1 9
45 2 24
49 8 11
53 1 76
1 8 10
45 8 23
9 8 24
64 2 3
30 2 80
30 8 67
18 2 3
11 1 49
29 2 4
21 1 1
73 8 23
62 8 23
15 2 12
72 2 51
21 1 3
21 8 26
43 2 1
23 8 45
10 2 25
44 8 30
43 1 21
4 2 5
23 8 31
17 1 1
11 8 15
18 2 1
45 13 58
20 1 19
14 1 3
55 2 22
1 2 8
18 1 16
23 8 55
34 8 19
44 1 10
24 2 45
31 1 23
5 2 3
54 1 50
53 8 30
6 2 7
39 8 23
3 2 64
14 1 43
1 2 9
1 1 18
48 8 53
98 8 80
17 1 14
8 8 39
44 2 24
22 2 56
15 2 53
44 1 13
27 1 19
56 1 19
57 2 52
51 2 52
5 8 3
23 1 58
29 8 21
3 8 45
56 1 21
43 1 19
3 8 19
72 8 53
53 2 58
41 2 3
67 1 30
53 1 51
9 8 44
3 2 5
73 8 30
12 2 20
17 8 25
12 8 23
3 2 41
79 1 48
27 1 3
34 8 21
22 1 19
48 2 23
2 8 40
1 8 39
11 1 43
19 1 3
39 2 67
12 2 53
8 8 24
3 8 16
3 8 31
45 1 23
32 2 4
80 1 98
25 1 17
30 1 45
44 1 23
44 1 8
77 8 64
79 1 51
52 2 76
17 1 11
21 1 29
39 8 40
23 2 50
98 1 3
1 1 5
20 8 23
9 8 31
30 1 12
24 1 25
51 8 53
115 2 1
10 2 9
30 8 39
5 1 1
1 8 34
1 1 28
23 8 24
23 2 64
39 2 6
19 8 22
1 8 21
19 8 41
44 13 58
76 1 30
21 8 41
33 1 27
8 2 10
3 8 14
53 1 52
15 2 20
27 1 1
26 8 33
30 2 48
54 2 58
10 1 1
21 8 60
23 2 25
8 8 14
72 1 23
73 2 55
11 8 43
21 1 34
3 8 44
5 2 1
21 8 49
74 8 23
63 8 17
45 8 30
13 8 11
56 6 44
1 2 4
14 1 8
30 2 25
3 2 8
45 1 18
3 8 6
3 5 1
14 8 16
49 1 21
33 2 1
1 2 63
63 1 3
45 1 1
23 1 53
3 1 28
14 1 1
55 8 30
19 8 48
40 1 39
13 2 1
115 8 10
56 8 30
44 8 23
53 1 72
8 8 44
73 2 22
30 8 57
67 2 39
18 8 44
80 2 30
30 1 55
1 8 45
20 2 15
48 1 21
14 1 9
23 1 79
33 8 29
1 8 24
52 2 51
30 8 79
5 2 34
23 1 22
27 8 28
23 1 44
10 2 8
30 1 20
53 2 22
23 1 24
24 1 1
1 11 3
51 8 73
20 2 79
25 8 45
24 2 44
52 2 57
43 8 14
6 2 2
45 2 44
29 2 5
16 1 14
16 1 3
25 8 3
20 2 53
1 5 3
33 1 26
11 2 14
6 2 39
42 2 4
32 8 19
12 1 11
4 1 1
3 2 9
16 1 11
23 8 52
13 2 8
17 1 63
39 1 30
21 8 51
9 2 1
8 8 11
11 1 1
3 8 24
1 2 41
43 8 50
1 8 27
19 1 4
23 8 54
21 8 27
3 8 13
44 13 56
28 1 27
10 8 14
41 1 19
21 1 4
14 1 13
51 2 30
4 8 21
22 8 30
19 1 34
5 2 29
33 2 3
3 2 25
3 2 96
73 2 60
1 2 80
63 1 1
1 14 3
23 1 62
3 2 4
9 2 13
3 8 17
73 1 52
56 2 22
51 2 23
18 2 30
5 8 19
1 2 18
13 2 9
3 4 1
2 2 6
10 8 44
30 2 1
16 8 18
73 2 15
11 1 9
1 2 49
96 8 16
25 2 3
11 1 3
3 2 13
22 8 23
1 1 3
20 2 12
3 8 11
23 1 15
1 2 115
44 2 39
30 8 45
81 1 73
63 2 3
44 1 3
64 2 23
41 2 1
30 1 60
3 8 29
30 1 53
4 2 42
9 8 11
3 8 21
21 8 56
56 8 23
19 1 5
19 1 32
51 8 79
67 8 23
53 2 15
1 8 11
21 8 48
1 1 4
24 1 3
1 8 96
3 8 98
3 8 39
1 7 3
30 1 54
11 1 8
7 2 6
56 6 45
73 2 12
13 8 45
21 1 32
14 1 41
20 2 22
39 1 23
31 8 30
15 1 14
23 1 12
23 2 48
24 8 30
24 1 23
34 2 5
4 8 19
63 2 1
30 8 76
9 8 14
20 8 30
30 1 15
1 1 33
15 2 24
3 2 18
73 1 72
42 8 21
10 8 45
39 1 8
19 8 43
1 2 5
14 2 11
43 1 11
2 1 3
9 8 45
34 1 28
9 2 8
60 1 21
15 2 73
6 1 3
1 2 33
50 2 23
81 8 53
52 8 53
8 2 25
21 8 20
18 8 24
26 1 3
4 2 32
28 2 1
22 1 21
18 8 45
41 8 11
58 1 19
34 2 4
18 1 1
5 8 21
24 1 9
41 8 14
21 8 58
29 1 1
72 2 48
67 1 1
25 2 1
30 8 72
23 1 45
4 2 34
34 1 1
45 1 13
73 2 53
73 1 51
27 8 33
13 2 25
10 1 3
48 8 79
4 8 3
3 8 63
53 8 23
23 1 20
19 8 62
49 2 1
30 1 71
45 1 8
44 1 30
55 1 48
48 2 30
7 8 40
14 8 12
19 1 1
23 8 72
40 1 6
17 1 3
58 2 53
67 1 8
13 1 3
15 8 30
14 8 17
7 1 3
45 1 25
3 7 1
53 1 48
25 2 10
51 1 19
3 2 28
58 8 23
21 1 42
29 1 3
8 8 13
20 2 55
23 8 44
55 1 51
11 8 12
14 8 15
44 1 18
33 1 1
72 8 73
30 1 73
23 2 51
11 8 17
6 8 40
54 1 23
53 1 57
48 1 19
52 2 48
3 1 5
1 12 3
96 2 3
77 1 1
48 8 73
12 2 31
96 1 1
8 2 9
1 8 44
51 1 21
15 1 11
23 1 74
79 8 23
3 8 10
56 2 53
31 2 12
22 2 55
43 8 11
1 2 25
3 2 10
29 1 33
19 8 26
23 2 18
12 2 73
21 8 22
10 1 9
3 8 34
57 2 81
71 8 30
19 1 29
42 8 19
58 1 21
25 8 44
8 8 45
? 1 github_java_program_data/28/138.java

3 1 1
30 1 24
45 1 3
28 2 3
19 8 26
29 8 19
4 2 29
11 1 41
22 1 21
3 2 13
3 1 4
58 8 30
34 1 33
8 2 3
30 1 22
41 1 21
24 1 18
23 1 56
32 2 5
25 2 30
1 8 3
21 8 26
42 2 5
81 2 52
34 1 3
48 8 53
1 8 29
1 2 28
26 1 19
45 1 30
1 8 2
56 2 20
24 2 12
51 8 53
53 2 73
20 2 56
44 1 9
1 8 19
26 1 21
45 1 10
5 2 29
19 1 42
11 8 16
8 2 1
1 4 3
16 1 11
67 8 40
12 1 14
53 2 56
39 1 3
48 2 52
41 8 14
30 8 52
58 6 44
72 1 30
13 8 14
52 1 23
19 8 27
19 8 58
11 1 10
15 2 73
20 1 21
5 2 32
8 2 13
58 6 45
30 8 44
29 1 28
30 1 44
30 1 58
48 2 72
1 8 13
26 8 28
25 2 23
40 1 2
23 2 18
24 1 8
11 1 13
51 2 72
5 2 42
19 8 51
73 2 58
53 2 12
45 1 9
18 2 1
3 2 43
22 2 20
10 2 1
9 2 10
28 1 26
3 7 1
40 1 67
57 8 73
30 1 56
17 2 16
13 2 3
19 8 20
45 13 56
73 1 48
13 8 44
23 1 73
44 8 30
1 8 44
18 1 17
10 8 44
12 8 30
41 2 3
21 1 5
2 1 1
14 1 10
23 8 57
27 1 21
1 8 14
20 2 73
32 8 21
28 8 29
10 8 11
12 2 24
13 1 1
1 2 13
1 8 10
73 2 20
30 8 67
18 2 3
16 8 18
29 2 4
21 1 1
73 8 23
4 2 3
15 2 12
72 2 51
17 8 25
23 8 45
43 1 21
4 2 5
67 1 3
11 8 15
72 2 48
73 1 57
73 2 53
14 1 3
1 2 8
18 1 16
26 2 27
34 8 19
44 1 10
8 2 9
53 8 30
14 1 43
44 2 45
21 8 43
25 1 16
45 13 58
17 1 14
8 8 39
22 2 56
34 8 21
27 1 19
56 1 19
5 8 3
23 1 58
29 8 21
3 8 45
56 1 21
43 1 19
3 8 19
72 8 53
1 14 3
67 1 30
53 1 51
9 8 44
3 2 5
73 8 30
21 1 3
12 8 23
3 2 41
5 2 3
42 2 4
44 1 13
22 1 19
2 8 40
11 1 43
10 2 3
12 2 53
8 8 24
19 1 3
45 1 23
32 2 4
25 1 17
30 1 45
44 1 23
4 2 1
30 2 3
51 2 52
17 1 11
21 1 29
53 8 81
81 2 82
39 8 40
82 2 72
43 2 1
20 8 23
30 1 12
3 1 37
10 2 9
30 8 39
5 1 1
1 8 34
23 8 24
3 8 67
1 8 21
19 8 41
44 13 58
9 8 45
30 1 20
1 8 11
8 2 10
3 8 14
53 1 52
15 2 20
26 8 33
10 1 1
13 2 9
23 2 25
72 1 23
17 8 18
21 1 34
3 8 44
5 2 1
56 8 30
45 8 30
13 8 11
56 6 44
1 2 4
15 8 23
30 2 25
3 2 8
82 8 73
3 5 1
14 8 16
58 2 73
33 2 1
45 1 1
23 1 53
72 2 82
19 8 48
40 1 39
13 2 1
51 1 19
4 2 32
18 8 44
1 8 45
20 2 15
48 1 21
53 2 58
43 2 3
52 2 51
5 2 34
23 1 22
27 8 28
10 2 8
21 8 41
29 1 3
58 2 22
51 8 73
25 8 45
52 2 57
43 8 14
30 2 18
45 2 44
29 2 5
56 6 45
16 1 14
73 1 82
33 1 26
32 8 19
12 1 11
4 1 1
41 2 1
37 8 3
23 8 52
13 2 8
39 1 30
21 8 51
11 1 1
1 1 5
19 1 4
1 5 3
20 1 19
3 8 13
44 13 56
28 1 27
10 8 14
15 1 11
21 1 4
14 1 13
4 8 21
22 8 30
19 1 34
33 2 3
3 2 25
82 2 81
3 2 4
57 1 23
73 1 52
18 2 30
5 8 19
1 2 18
1 2 43
73 2 15
25 2 3
11 1 3
1 1 3
3 8 11
23 1 15
45 1 13
30 8 45
56 2 22
44 1 3
8 8 45
3 2 28
3 8 29
30 1 53
4 2 42
3 8 21
21 8 56
56 8 23
19 1 5
19 1 32
33 1 27
21 8 48
1 1 4
57 2 52
1 7 3
82 1 53
13 8 45
19 8 22
21 1 32
14 1 41
20 2 22
16 2 17
15 1 14
1 2 37
23 1 12
24 8 30
24 1 23
34 2 5
4 8 19
3 8 39
20 8 30
30 1 15
3 2 18
73 1 72
42 8 21
37 2 1
10 8 45
39 1 8
19 8 43
44 1 1
3 2 33
34 1 1
33 8 34
39 2 67
9 2 8
81 8 73
23 8 44
1 2 33
52 8 53
22 2 58
1 2 41
21 8 20
18 8 24
28 2 1
16 8 25
41 8 11
58 1 19
34 2 4
1 2 5
5 8 21
3 8 10
53 8 82
21 8 58
29 1 1
3 2 30
5 2 4
25 2 1
30 8 72
18 2 23
73 1 51
27 8 33
27 2 26
1 11 3
10 1 3
3 2 10
4 8 3
53 8 23
23 1 20
45 1 8
44 1 30
14 8 12
19 1 1
23 8 72
4 2 34
1 2 10
58 2 53
13 1 3
15 8 30
14 8 17
45 1 25
21 8 27
52 2 81
53 1 72
58 8 23
21 1 42
24 1 1
81 1 53
11 8 12
14 8 15
44 1 18
72 8 73
30 1 73
1 8 24
11 8 17
2 2 39
22 8 23
48 1 19
52 2 48
3 1 5
1 12 3
67 2 39
53 1 48
48 8 73
51 1 21
41 1 19
9 2 13
12 2 15
56 2 53
3 4 1
43 8 11
1 2 25
39 2 2
14 1 1
19 8 56
52 1 30
21 8 22
3 8 34
19 1 29
42 8 19
58 1 21
52 8 73
73 1 81
? 1 github_java_program_data/28/145.java

3 1 1
53 1 81
45 1 3
44 2 45
56 2 55
28 8 3
29 8 19
11 1 13
1 4 3
55 8 23
3 2 13
3 1 4
76 8 53
26 8 28
34 1 33
23 1 44
3 8 96
10 2 3
21 8 43
63 1 3
23 1 56
55 1 23
32 2 5
3 1 33
1 8 10
3 8 26
42 2 5
66 2 8
30 1 55
48 8 53
1 8 29
17 1 14
79 1 48
19 8 26
39 1 1
15 2 22
51 8 53
18 2 1
55 2 56
44 1 9
1 1 25
26 1 21
45 1 10
57 8 53
5 2 4
19 1 42
11 8 16
8 2 1
22 2 73
22 2 53
3 2 4
16 1 11
12 1 14
1 2 43
48 2 52
53 2 20
41 8 14
30 8 52
22 2 12
58 6 44
72 1 30
13 8 14
76 2 52
66 1 3
52 1 23
19 8 27
19 8 58
11 1 10
15 2 73
20 1 21
5 2 32
8 2 13
58 6 45
45 1 13
28 1 1
33 8 3
29 1 28
29 8 21
21 8 52
1 8 13
64 8 39
58 8 30
25 2 23
40 1 2
56 1 21
23 2 18
57 1 30
12 2 73
11 1 41
51 2 72
5 2 42
19 8 51
73 2 58
53 2 12
1 8 2
3 2 43
22 2 20
30 1 22
9 2 10
51 8 97
28 1 26
28 8 34
18 2 23
20 2 22
13 2 3
19 8 20
51 8 55
55 8 30
73 1 48
23 1 73
3 8 13
41 1 21
10 8 44
12 8 30
26 1 1
28 2 3
21 1 5
45 13 58
2 1 1
14 1 10
52 8 97
27 1 21
3 8 44
32 8 21
28 8 29
4 2 1
10 8 11
13 1 1
79 1 30
1 2 13
48 2 72
53 1 76
1 8 3
45 8 23
57 1 23
18 2 3
16 8 18
21 1 1
57 1 19
3 2 28
15 2 12
72 2 51
21 1 3
21 8 26
23 8 45
43 1 21
4 2 5
17 1 1
11 8 15
12 8 23
1 12 3
73 2 53
14 1 3
73 8 23
1 2 8
18 1 16
23 8 55
34 8 19
44 1 10
5 2 3
53 8 30
42 2 4
14 1 43
3 8 63
23 8 39
97 8 21
8 8 39
65 2 9
4 2 42
27 1 19
53 2 56
57 2 52
19 8 57
5 8 3
23 1 58
30 1 58
3 8 45
3 8 66
43 1 19
3 8 19
72 8 53
41 2 3
53 1 51
9 8 44
3 2 5
73 8 30
1 2 28
17 8 25
65 1 1
3 2 41
26 1 19
27 1 3
64 2 1
34 8 21
22 1 19
45 1 30
2 8 40
1 8 39
11 1 43
19 1 3
9 2 65
12 2 53
1 1 28
44 8 23
45 1 23
18 8 3
32 2 4
25 1 17
44 1 23
52 1 21
51 2 52
17 1 11
21 1 29
39 8 40
57 8 97
1 1 5
20 8 23
1 8 26
30 1 12
29 1 33
10 2 9
5 1 1
1 8 34
1 2 10
48 2 30
53 2 73
23 2 64
23 8 57
19 8 22
1 8 21
19 8 41
44 13 58
76 1 30
30 1 20
33 1 27
8 2 10
3 8 14
53 1 52
27 1 1
10 1 1
23 2 25
72 1 23
66 8 45
21 1 34
1 8 14
5 2 1
45 1 25
1 8 19
63 8 17
25 2 30
13 8 11
56 6 44
1 2 4
15 8 23
30 2 25
12 2 15
82 8 73
76 2 72
3 5 1
58 2 73
33 2 1
1 2 63
16 1 1
23 1 53
3 1 28
21 1 97
19 8 48
40 1 39
13 2 1
72 2 81
51 1 19
4 2 32
73 2 22
30 8 57
18 8 44
52 2 76
48 1 21
53 2 58
23 1 79
33 8 29
43 2 3
3 1 18
52 2 51
30 8 79
23 1 22
21 1 42
10 2 8
21 8 41
53 2 22
3 8 65
81 2 57
1 11 3
51 8 73
25 8 45
43 8 14
72 2 76
30 2 18
45 2 44
44 1 65
20 2 53
73 1 82
32 8 19
12 1 11
4 1 1
41 2 1
3 8 27
23 8 52
13 2 8
97 1 57
17 1 63
21 8 51
30 8 55
64 1 96
11 1 1
43 2 1
1 8 27
19 1 4
1 5 3
21 8 27
25 1 1
81 2 72
44 13 56
10 8 14
41 1 19
21 1 4
14 1 13
4 8 21
22 8 30
19 1 34
33 2 3
3 2 25
12 2 22
1 14 3
97 1 51
73 1 52
51 2 23
55 1 30
5 8 19
1 2 18
44 1 1
73 2 15
25 2 3
11 1 3
53 1 57
1 1 3
3 8 11
23 1 15
30 8 45
81 1 73
44 1 3
64 2 23
4 2 3
3 8 29
30 1 53
3 8 21
21 8 56
56 8 23
19 1 5
19 1 32
30 2 48
53 2 15
1 8 11
21 8 48
1 1 4
57 2 72
48 8 55
52 2 82
8 2 66
76 8 73
82 1 53
73 2 12
13 8 45
21 1 32
14 1 41
1 8 16
18 2 30
39 1 23
15 1 14
23 1 12
4 8 19
63 2 1
30 8 76
20 8 30
30 1 15
1 1 33
3 2 18
73 1 72
42 8 21
82 2 52
10 8 45
39 1 8
19 8 43
1 2 5
3 2 33
1 8 17
33 8 34
22 2 15
34 1 28
23 8 44
1 2 33
81 8 53
52 8 53
1 2 41
1 8 65
39 2 2
26 1 3
28 2 1
22 1 21
41 8 11
58 1 19
5 8 21
3 8 10
72 2 57
53 8 82
29 1 1
72 2 48
96 8 64
57 2 81
15 2 53
30 8 72
23 1 45
79 2 15
34 1 1
30 8 44
73 1 51
27 8 33
10 1 3
48 8 79
4 8 3
96 1 3
53 8 23
23 1 20
97 1 52
10 2 1
45 1 8
44 1 30
55 1 48
65 8 44
56 2 53
14 8 12
19 1 1
23 8 72
45 1 66
58 2 53
23 1 55
13 1 3
15 8 30
14 8 17
73 1 76
3 7 1
20 1 19
53 1 72
58 8 23
73 8 81
29 1 3
65 1 3
11 8 12
14 8 15
44 1 18
1 2 64
33 1 1
72 8 73
30 1 73
23 2 51
11 8 17
2 2 39
22 8 23
48 1 19
52 2 48
3 1 5
15 2 79
53 1 48
48 8 73
1 8 44
51 1 21
15 1 11
79 8 23
39 1 64
21 8 20
43 8 11
52 2 57
3 2 10
14 1 1
52 1 30
21 8 22
55 1 51
1 7 3
19 1 29
42 8 19
3 4 1
52 8 73
8 8 45
? 1 github_java_program_data/28/19.java

3 1 1
53 1 81
45 1 3
28 2 3
30 1 24
19 8 26
29 8 19
5 2 1
11 1 41
22 1 21
9 8 10
55 8 23
60 8 30
3 8 64
76 8 53
26 8 28
34 1 33
8 2 3
30 1 22
4 2 3
10 2 3
21 8 43
3 1 25
75 2 51
24 1 18
23 1 56
32 2 5
25 2 30
3 1 33
33 2 3
1 8 10
21 8 26
42 2 5
81 2 52
34 1 3
13 2 3
25 1 16
23 1 71
69 1 51
1 8 29
1 2 28
26 1 19
28 8 3
1 8 63
13 1 8
24 2 12
44 1 25
53 2 73
30 2 25
44 1 9
74 8 23
26 1 21
45 1 10
1 2 43
57 8 53
19 1 42
9 2 1
11 8 16
22 2 73
1 4 3
22 2 53
1 1 37
3 8 27
50 2 23
23 8 79
12 1 14
62 1 21
39 1 3
48 2 52
53 2 20
69 1 43
45 1 9
30 8 52
11 1 8
58 6 44
72 1 30
13 8 14
23 1 70
52 1 23
19 8 27
19 8 58
11 1 10
15 2 73
20 1 21
72 2 82
3 1 4
8 2 13
58 6 45
30 8 44
28 1 1
33 8 3
29 1 28
30 1 44
30 1 58
48 2 72
1 8 13
58 8 30
75 8 69
69 1 75
57 2 81
19 8 56
57 1 30
11 1 13
51 2 72
5 2 42
19 8 51
53 2 12
1 8 2
18 1 1
3 2 43
22 2 20
45 1 1
9 2 10
28 1 26
41 8 50
28 8 34
50 1 43
18 2 23
50 2 30
23 2 50
57 8 73
30 1 56
20 2 22
17 2 16
61 1 19
19 8 20
51 8 55
22 2 12
73 1 48
13 8 44
23 1 73
44 8 30
41 1 21
18 1 17
70 2 73
44 1 1
19 8 75
16 1 64
41 2 3
21 1 5
43 1 14
3 4 1
1 8 26
14 1 10
23 8 57
27 1 21
3 8 44
54 1 30
30 1 79
3 2 33
20 2 73
32 8 21
28 8 29
19 8 61
79 1 23
10 8 11
69 2 30
13 1 1
76 1 23
4 2 32
48 8 53
48 8 69
53 1 76
1 8 3
73 2 20
57 1 23
18 2 3
16 8 18
29 2 4
21 1 1
73 8 23
62 8 23
15 2 12
72 2 51
21 1 3
3 8 26
43 2 1
23 8 45
1 2 9
30 2 51
43 1 21
10 1 3
12 2 55
17 1 1
11 8 15
10 2 1
3 2 10
73 1 57
73 2 53
14 1 3
55 2 22
82 2 76
18 1 16
26 2 27
34 8 19
73 8 81
8 2 9
54 1 50
53 8 30
27 1 3
30 8 70
14 1 43
44 2 45
1 1 18
21 8 62
45 13 58
1 2 41
8 8 39
15 2 53
44 1 13
27 1 19
56 1 19
5 8 3
23 1 58
21 8 22
3 8 45
56 1 21
43 1 19
43 2 48
12 2 44
3 8 19
26 1 1
72 8 53
50 1 51
53 2 58
50 1 41
70 2 54
53 1 82
53 1 51
4 2 5
9 8 44
70 8 23
73 8 30
17 8 25
12 8 23
3 2 41
5 2 3
82 1 73
64 2 1
34 8 21
22 1 19
45 1 30
2 8 40
11 1 43
19 1 3
43 8 69
12 2 53
54 2 22
1 1 28
30 2 69
45 1 23
82 8 53
32 2 4
37 1 1
3 2 5
25 1 17
30 1 45
3 1 28
44 1 8
30 2 3
79 1 51
51 2 52
17 1 11
21 1 29
22 2 70
39 8 40
82 2 72
37 2 3
1 1 5
20 8 23
2 1 1
30 1 12
29 1 33
51 8 53
10 2 9
55 2 12
30 8 39
5 1 1
9 8 24
23 8 24
30 2 50
19 8 22
1 8 21
19 8 41
44 13 58
15 2 44
33 8 34
21 8 41
75 1 19
33 1 27
8 2 10
51 2 43
3 8 14
53 1 52
51 2 75
15 2 20
25 8 44
27 1 1
26 8 33
48 2 75
10 1 1
13 2 9
23 2 25
8 8 14
44 2 15
72 1 23
79 8 30
21 1 34
1 8 14
4 2 29
1 8 19
63 8 17
45 8 30
13 8 11
56 6 44
1 2 4
15 8 23
50 8 54
3 2 8
45 1 18
76 2 72
71 8 23
3 5 1
14 8 16
20 2 54
33 2 1
1 2 63
16 1 1
23 1 53
44 1 23
25 2 1
23 2 18
19 8 48
40 1 39
13 2 1
56 8 30
51 2 61
61 2 51
51 1 19
64 1 3
8 8 44
73 2 22
30 8 57
48 2 43
1 8 45
20 2 15
48 1 21
14 1 9
33 8 29
1 8 24
21 8 61
52 2 51
5 2 34
23 1 22
27 8 28
12 2 15
10 2 8
30 1 20
53 2 22
81 2 57
24 1 1
58 2 22
51 8 73
1 2 13
69 1 48
51 8 69
43 8 14
72 2 76
30 2 18
45 2 44
76 2 82
16 1 14
1 2 64
43 2 3
60 1 19
21 8 75
20 2 53
1 5 3
33 1 26
42 2 4
32 8 19
12 1 11
4 1 1
41 2 1
16 1 11
23 8 52
13 2 8
11 8 12
70 1 69
21 8 51
30 8 55
25 8 3
8 8 11
11 1 1
54 2 70
41 2 51
12 8 30
29 8 21
1 8 27
19 1 4
3 2 37
23 8 54
21 8 27
3 8 13
44 13 56
28 1 27
10 8 14
41 1 19
21 1 4
14 1 13
4 8 21
52 8 73
19 1 34
5 2 29
19 8 60
3 2 25
12 2 22
63 1 1
1 14 3
23 1 62
73 2 70
3 2 4
75 1 21
73 1 52
58 2 20
51 2 23
55 1 30
5 8 19
1 2 18
23 1 54
41 8 11
4 2 1
70 2 22
10 8 44
73 2 15
11 2 14
1 12 3
25 2 3
11 1 3
3 2 13
22 8 23
1 1 3
3 8 11
23 1 15
30 8 45
81 1 73
44 1 3
61 1 21
1 8 34
3 2 9
18 2 30
30 1 60
3 8 29
30 1 53
73 8 82
4 2 42
3 8 21
21 8 56
56 8 23
19 1 5
19 1 32
51 8 79
53 2 15
1 8 11
21 8 48
1 1 4
57 2 72
1 7 3
22 2 79
50 1 61
76 8 73
20 2 58
39 1 30
9 8 45
13 8 45
21 1 32
14 1 41
1 8 16
64 8 16
16 2 17
69 8 70
15 1 14
23 1 12
24 8 30
24 1 23
34 2 5
4 8 19
63 2 1
3 8 39
9 8 14
20 8 30
30 1 15
1 1 33
3 2 18
73 1 72
42 8 21
22 2 54
10 8 45
39 1 8
45 2 12
19 8 43
1 2 5
14 2 11
43 1 11
1 8 17
61 8 50
34 1 28
9 2 8
23 8 44
1 2 33
51 2 30
81 8 53
52 8 53
22 2 58
9 2 13
21 8 20
18 8 24
26 1 3
9 2 3
72 8 73
28 2 1
16 8 25
18 8 45
14 1 8
58 1 19
34 2 4
29 2 5
5 8 21
24 1 9
30 8 54
75 2 48
11 8 43
72 2 57
5 2 32
41 8 14
21 8 58
29 1 1
72 2 48
3 2 30
5 2 4
43 8 50
30 8 72
14 8 43
79 2 15
34 1 1
45 1 13
73 1 51
27 8 33
27 2 26
1 11 3
23 8 76
18 2 1
44 2 12
4 8 3
53 8 23
23 1 20
30 1 71
45 1 8
44 1 30
51 8 50
14 8 12
19 1 1
23 8 72
4 2 34
1 2 10
58 2 53
23 1 55
13 1 3
15 8 30
79 2 22
73 1 76
3 7 1
20 1 19
52 2 81
53 1 72
3 2 28
58 8 23
21 1 42
29 1 3
8 8 13
44 1 10
10 1 9
17 1 63
14 8 15
12 2 45
54 2 20
33 1 1
17 8 18
30 1 73
23 2 51
11 8 17
2 2 39
54 1 23
53 1 57
48 1 19
52 2 48
3 1 5
15 2 79
53 1 48
48 8 73
70 1 30
25 2 23
51 2 41
1 8 44
51 1 21
15 1 11
23 1 74
3 8 10
22 2 55
43 8 11
1 2 25
39 2 2
14 1 1
40 1 2
54 8 23
52 1 30
12 2 24
43 2 51
55 1 51
3 8 34
71 8 30
19 1 29
42 8 19
58 1 21
22 8 30
8 8 45
? 1 github_java_program_data/28/190.java

3 1 1
30 1 24
45 1 3
28 2 3
53 1 81
28 8 3
29 8 19
4 2 29
11 1 13
16 8 25
12 2 99
7 8 40
76 1 30
3 2 13
4 2 97
3 1 4
76 8 53
58 8 30
34 1 33
8 2 3
30 1 22
23 1 39
10 2 3
22 2 12
41 1 21
99 8 30
24 1 18
23 1 56
55 1 23
32 2 5
25 2 30
3 1 33
12 2 85
1 8 10
21 8 26
42 2 5
26 2 27
100 2 15
73 2 20
34 1 3
13 2 3
25 1 16
23 1 71
1 8 29
76 2 52
1 2 28
26 1 19
19 8 26
39 1 1
45 1 9
56 2 20
15 8 23
44 1 25
8 8 67
53 2 73
20 2 56
8 8 14
1 8 19
26 1 21
45 1 10
57 8 53
19 1 42
11 8 16
22 2 73
1 4 3
22 2 53
97 1 51
16 1 11
82 8 73
23 1 85
12 1 14
1 2 43
48 2 52
53 2 20
41 8 14
19 8 76
30 8 52
11 1 8
58 6 44
72 1 30
13 8 14
30 2 51
52 1 23
85 2 15
19 8 27
19 8 58
11 1 10
48 8 110
20 1 21
9 2 3
5 2 32
67 8 40
8 2 13
15 2 100
45 1 13
28 1 1
33 8 3
29 1 28
30 1 44
30 1 58
21 8 52
30 2 1
1 8 13
26 8 28
25 2 23
40 1 2
55 2 73
57 2 81
19 8 56
57 1 30
11 1 41
51 2 72
5 2 42
19 8 51
53 2 12
1 8 2
86 2 15
39 1 9
22 2 20
10 2 1
9 2 10
51 8 97
28 1 26
3 7 1
40 1 67
18 2 23
97 2 4
57 8 73
30 1 56
20 2 22
17 2 16
6 1 1
19 8 20
51 8 55
21 1 97
73 1 48
13 8 44
31 2 44
3 8 86
23 1 73
100 1 19
1 8 44
1 2 30
18 1 17
6 2 2
10 8 44
12 8 30
26 1 1
41 2 3
21 1 5
52 2 76
52 1 21
45 13 56
22 2 15
2 1 1
14 1 10
23 8 57
27 1 21
3 2 8
11 2 14
3 8 44
1 8 6
20 2 73
32 8 21
28 8 29
4 2 1
10 8 11
12 2 24
13 1 1
81 2 57
25 8 31
79 1 30
76 1 23
21 8 57
31 1 9
53 1 76
1 8 3
45 8 23
28 2 1
12 2 20
57 1 23
18 2 3
16 8 18
29 2 4
21 1 1
44 1 3
39 8 23
15 2 12
72 2 51
21 1 3
3 8 26
23 8 45
1 2 9
44 8 30
43 1 21
10 1 3
67 1 3
11 8 15
18 2 1
73 1 57
37 8 3
73 2 53
14 1 3
55 2 22
18 1 16
23 8 55
34 8 19
73 8 81
8 2 9
30 1 55
53 8 30
42 2 4
57 1 21
31 1 25
14 1 43
31 8 23
21 8 43
48 8 53
45 13 58
97 8 21
1 8 26
44 2 24
44 2 31
22 2 56
15 2 53
44 1 13
27 1 19
56 1 19
5 8 3
23 1 58
29 8 21
3 8 45
56 1 21
43 1 19
3 8 19
72 8 53
23 1 14
86 1 3
97 1 76
1 14 3
53 1 51
4 2 5
9 8 44
3 2 5
73 8 30
19 8 100
17 8 25
4 2 110
12 8 23
3 2 41
5 2 3
27 1 3
34 8 21
22 1 19
45 1 30
2 8 40
1 8 39
11 1 43
19 1 3
99 8 23
12 2 53
1 1 28
44 8 23
9 8 39
32 2 4
5 2 34
25 1 17
30 1 45
3 1 28
44 1 8
79 1 51
51 2 52
17 1 11
21 1 29
57 8 110
53 1 48
58 6 45
1 1 5
20 8 23
9 8 31
30 1 12
3 1 37
51 8 53
10 2 9
30 8 39
5 1 1
9 8 24
73 2 55
23 8 24
52 8 97
19 8 22
1 8 21
19 8 41
44 13 58
53 2 15
79 2 58
9 8 45
21 8 41
1 8 11
15 2 86
8 2 10
3 8 14
53 1 52
110 8 19
15 2 20
25 8 44
27 1 1
26 8 33
99 2 15
45 1 23
10 1 1
13 2 9
58 2 79
86 2 39
23 2 25
44 1 9
44 2 45
72 1 23
17 8 18
21 1 34
1 8 14
5 2 1
45 1 25
23 1 44
56 8 30
45 8 30
13 8 11
56 6 44
1 2 4
14 1 8
30 2 25
67 2 7
12 2 15
19 8 72
45 1 18
76 2 72
19 8 99
3 5 1
14 8 16
33 2 1
45 1 1
23 1 53
44 1 23
19 1 110
55 8 30
19 8 48
85 2 12
13 2 1
23 1 86
72 2 81
51 1 19
8 8 44
73 2 22
30 8 57
23 1 11
18 8 44
22 2 55
1 8 45
20 2 15
48 1 21
14 1 9
23 1 79
3 2 4
72 2 82
67 1 23
52 2 51
31 1 30
30 8 79
6 8 40
23 1 22
27 8 28
21 1 42
10 2 8
30 1 20
53 2 22
30 8 31
58 2 22
51 8 73
1 2 13
25 8 45
24 2 44
52 2 57
43 8 14
72 2 76
30 2 18
23 1 99
45 2 44
56 6 45
16 1 14
43 2 3
9 2 1
15 2 31
20 2 53
73 1 82
33 1 26
15 2 85
82 2 72
76 8 97
32 8 19
12 1 11
39 2 86
4 1 1
3 2 9
3 8 27
23 8 52
13 2 8
15 2 22
99 2 12
39 1 30
21 8 51
15 2 99
30 8 55
30 1 99
11 1 1
3 8 24
7 1 1
22 2 58
43 2 1
1 8 27
86 1 23
19 1 4
1 5 3
20 1 19
3 8 13
81 2 72
44 13 56
28 1 27
10 8 14
15 1 11
21 1 4
14 1 13
51 2 30
4 8 21
52 8 73
19 1 34
5 2 29
72 1 19
110 2 4
33 2 3
3 2 25
12 2 22
24 2 12
1 8 7
31 2 15
73 1 52
56 2 22
58 2 20
51 2 23
55 1 30
5 8 19
86 8 23
1 2 18
3 4 1
2 2 6
44 1 1
23 1 100
14 8 23
6 2 7
40 1 7
1 12 3
25 2 3
11 1 3
22 8 23
1 1 3
20 2 12
3 8 11
23 1 15
30 8 45
81 1 73
73 8 23
1 8 34
41 2 1
18 2 30
4 2 3
3 8 29
30 1 53
99 1 19
4 2 42
3 8 21
21 8 56
56 8 23
19 1 5
19 1 32
51 8 79
71 8 23
33 1 27
21 8 48
1 1 4
24 1 3
57 2 72
57 2 52
3 2 23
1 7 3
7 2 6
22 2 79
76 8 73
20 2 58
82 1 53
13 8 45
3 8 67
110 1 72
21 1 32
14 1 41
1 8 31
16 2 17
3 2 28
15 1 14
1 2 37
23 1 12
24 8 30
24 1 23
34 2 5
4 8 19
30 8 76
9 8 14
20 8 30
30 1 15
1 1 33
3 2 18
73 1 72
42 8 21
37 2 1
10 8 45
19 8 43
100 8 23
14 2 11
3 2 33
34 1 1
33 8 34
8 8 11
9 2 8
23 8 44
1 2 33
31 1 1
81 8 53
52 8 53
23 1 31
9 2 13
21 8 20
18 8 24
26 1 3
4 2 32
11 8 23
22 1 21
18 8 45
41 8 11
58 1 19
34 2 4
1 2 5
5 8 21
24 1 9
7 2 67
72 2 57
53 8 82
21 8 58
29 1 1
72 2 48
5 2 4
25 2 1
30 8 72
23 1 45
72 8 110
4 2 34
30 8 44
23 8 67
73 1 51
27 8 33
27 2 26
1 11 3
23 8 76
3 2 10
4 8 3
53 8 23
23 1 20
97 1 52
45 1 8
44 1 30
14 8 12
19 1 1
23 8 72
40 1 6
1 2 10
110 1 48
67 1 8
13 1 3
15 8 30
48 2 72
79 2 22
73 1 76
21 8 27
53 1 72
58 8 23
44 1 10
29 1 3
30 1 74
110 1 57
11 8 12
14 8 15
44 1 18
3 8 34
33 1 1
72 8 73
30 1 73
23 2 51
11 8 17
76 1 19
53 1 57
48 1 19
52 2 48
3 1 5
23 2 3
23 8 86
48 8 73
51 1 21
41 1 19
1 2 41
79 8 23
3 8 10
74 8 30
43 8 11
1 2 25
14 1 1
23 2 18
52 1 30
21 8 22
29 2 5
55 1 51
85 8 23
3 2 43
19 1 29
42 8 19
58 1 21
22 8 30
8 8 45
? 1 github_java_program_data/28/288.java

3 1 1
53 1 81
45 1 3
44 2 45
28 8 3
29 8 19
4 2 29
11 1 41
16 8 25
55 8 23
76 1 30
3 2 13
100 8 30
3 1 4
76 8 53
26 8 28
34 1 33
8 2 3
23 1 44
23 1 39
10 2 3
63 1 3
99 8 30
24 1 18
23 1 56
32 2 5
3 2 8
33 2 3
1 8 10
1 2 8
44 2 67
21 8 26
42 2 5
26 2 27
100 2 15
73 2 20
34 1 3
25 1 16
3 4 1
1 8 29
1 2 28
26 1 19
45 1 30
39 1 1
56 2 20
44 1 25
100 2 99
18 2 1
15 2 24
20 2 56
8 8 14
1 8 19
26 1 21
45 1 10
1 2 43
57 8 53
1 2 10
19 1 42
11 8 16
8 2 1
22 2 73
79 2 53
3 2 4
16 1 11
77 8 80
67 2 45
48 2 72
12 1 14
100 2 12
39 1 3
19 8 99
48 2 52
53 2 20
58 2 99
30 8 52
11 1 8
9 8 67
72 1 30
13 8 14
76 2 52
52 1 23
19 8 27
19 8 58
11 1 10
3 2 63
20 1 21
18 2 23
99 1 21
5 2 32
8 2 13
25 8 24
45 1 13
28 1 1
45 2 67
29 1 28
29 8 21
23 1 67
12 2 99
1 8 13
80 8 39
58 8 30
25 2 23
55 2 73
57 2 81
19 8 56
57 1 30
12 2 73
11 1 13
51 2 72
5 2 42
19 8 51
24 8 23
30 1 100
53 2 12
45 1 9
3 2 43
22 2 20
30 1 22
9 2 10
51 8 97
28 1 26
3 7 1
30 1 62
99 2 12
23 1 45
23 1 60
57 8 73
30 1 56
20 2 22
17 2 16
13 2 3
58 6 45
19 8 20
51 8 55
97 8 19
17 1 3
73 1 48
13 8 44
31 2 44
23 1 73
100 1 19
41 1 21
15 2 100
18 1 17
53 2 79
66 1 1
12 8 30
16 1 64
28 2 3
40 1 39
21 1 5
45 13 58
62 1 19
24 2 15
14 1 10
23 8 57
39 2 45
27 1 21
43 2 3
8 2 65
3 8 44
20 2 73
32 8 21
28 8 29
62 8 30
10 8 11
13 1 1
81 2 57
25 8 31
79 1 30
76 1 23
4 2 32
31 1 9
53 1 76
1 8 3
45 8 23
12 2 20
57 1 23
18 2 3
16 8 18
29 2 4
21 1 1
44 1 3
39 8 23
15 2 12
72 2 51
21 1 3
3 8 26
43 2 1
23 8 45
1 2 9
30 2 51
43 1 21
10 1 3
23 8 31
67 1 3
11 8 15
65 1 1
73 1 57
73 2 53
14 1 3
55 2 22
3 2 64
18 1 16
24 1 30
34 8 19
44 1 10
65 2 8
48 2 30
31 1 23
5 2 3
67 2 44
53 8 30
1 2 80
31 1 25
14 1 43
31 8 23
21 8 43
80 2 23
48 8 53
23 8 39
17 1 14
8 8 39
44 2 24
44 2 31
22 2 56
15 2 53
44 1 13
27 1 19
56 1 19
57 2 52
51 2 52
5 8 3
23 1 58
21 8 22
3 8 45
56 1 21
43 1 19
3 8 19
72 8 53
97 1 76
41 2 3
53 1 51
4 2 5
9 8 44
3 2 5
73 8 30
8 8 10
1 8 31
17 8 25
12 8 23
3 2 41
79 1 48
42 2 4
34 8 21
22 1 19
19 8 100
11 1 43
19 1 3
99 8 23
23 2 80
12 2 53
3 8 16
30 8 79
45 1 23
18 8 3
32 2 4
10 2 8
25 1 17
44 1 23
23 1 22
52 2 76
17 1 11
21 1 29
53 8 81
39 8 40
19 1 5
30 2 48
1 1 5
20 8 23
9 8 31
30 1 12
24 1 25
73 2 100
51 8 53
10 2 9
1 8 39
40 1 6
5 1 1
9 8 24
1 1 28
23 8 24
53 2 73
39 2 6
19 8 22
1 8 21
19 8 41
53 2 58
9 8 45
21 8 41
1 8 11
8 2 10
3 8 14
53 1 52
15 2 20
25 8 44
26 8 33
99 2 15
10 1 1
13 2 9
23 2 25
44 1 9
72 1 23
66 8 45
21 1 34
1 8 14
5 2 1
45 1 25
1 1 25
63 8 17
25 2 30
13 8 11
56 6 44
1 2 4
15 8 23
30 2 25
12 2 15
19 8 72
45 1 18
76 2 72
3 8 6
99 2 58
3 5 1
14 8 16
33 2 1
45 1 1
23 1 53
3 1 28
14 1 1
12 2 45
19 8 48
21 8 99
13 2 1
56 8 30
72 2 81
51 1 19
8 8 44
73 2 22
30 8 57
18 8 44
1 8 45
20 2 15
48 1 21
14 1 9
23 1 79
33 8 29
58 8 23
67 1 23
3 1 18
52 2 51
44 8 23
5 2 34
44 1 8
27 8 28
76 1 21
64 2 3
30 1 20
60 8 23
23 1 24
24 1 1
1 11 3
51 8 73
1 2 13
25 8 45
23 1 99
24 2 44
52 2 57
43 8 14
72 2 76
30 2 18
67 1 9
29 2 5
16 1 14
44 1 65
16 1 3
60 1 19
15 2 31
20 2 53
1 5 3
33 1 26
99 2 100
6 2 39
76 8 97
32 8 19
12 1 11
4 1 1
41 2 1
23 8 52
13 2 8
21 8 27
17 1 63
21 8 51
15 2 99
30 8 24
30 8 55
9 2 1
30 1 99
11 1 1
3 8 77
39 1 80
19 1 4
10 8 44
1 4 3
53 1 48
25 1 1
81 2 72
44 13 56
28 1 27
10 8 14
15 1 11
21 1 4
14 1 13
51 2 30
4 8 21
22 8 30
19 1 34
5 2 29
16 2 17
72 1 19
19 8 60
3 2 25
80 2 1
1 8 66
24 2 12
1 14 3
39 2 12
97 1 51
31 2 15
73 1 52
15 2 73
55 1 30
5 8 19
1 2 18
45 2 39
41 8 11
4 2 1
44 1 1
23 1 100
30 1 58
73 2 15
11 1 9
64 1 1
1 12 3
25 2 3
11 1 3
22 8 23
1 1 3
20 2 12
3 8 11
23 1 15
30 8 45
56 2 22
63 2 3
73 8 23
1 8 34
19 1 97
3 2 9
18 2 30
4 2 3
3 8 29
30 1 53
99 1 19
4 2 42
9 8 11
3 8 21
21 8 56
56 8 23
10 1 8
19 1 32
9 2 66
67 8 23
53 2 15
33 1 27
21 8 48
1 1 4
57 2 72
48 8 55
30 8 76
3 2 23
1 7 3
76 8 73
45 13 56
58 6 44
80 1 77
56 6 45
73 2 12
13 8 45
3 8 67
21 1 32
14 1 41
64 8 16
39 1 23
3 2 28
15 1 14
23 1 12
1 8 64
21 8 76
24 1 23
34 2 5
4 8 19
44 13 58
3 8 39
9 8 14
20 8 30
45 2 44
30 1 15
3 2 18
73 1 72
42 8 21
10 8 45
39 1 8
45 2 12
19 8 43
100 8 23
66 2 9
3 2 33
3 8 17
12 2 39
33 8 34
8 8 11
100 2 73
6 1 3
1 2 33
31 1 1
81 8 53
52 8 53
23 1 31
1 2 41
21 8 20
18 8 24
73 2 55
26 1 3
9 2 3
72 8 73
28 2 1
22 1 21
18 8 45
14 1 8
58 1 19
34 2 4
1 2 5
5 8 21
24 1 9
100 2 22
72 2 57
41 8 14
21 8 58
29 1 1
72 2 48
5 2 4
25 2 1
30 8 72
77 1 3
4 2 34
34 1 1
30 8 44
23 8 67
73 1 51
27 8 33
27 2 26
23 8 76
48 8 79
4 8 3
3 8 63
53 8 23
23 1 20
19 8 62
10 2 1
45 1 8
44 1 30
55 1 48
65 8 44
14 8 12
19 1 1
23 8 72
72 8 97
45 1 66
58 2 53
23 1 55
13 1 3
15 8 30
14 8 17
73 1 76
20 1 19
53 1 72
3 8 13
21 1 42
29 1 3
81 1 53
23 8 44
11 8 12
14 8 15
44 1 18
97 1 72
17 8 18
30 1 73
1 8 24
11 8 17
6 8 40
22 2 100
53 1 57
48 1 19
52 2 48
3 1 5
23 2 3
48 8 73
1 8 44
51 1 21
41 1 19
9 2 13
12 2 100
79 8 23
3 8 10
1 8 65
22 2 55
43 8 11
1 2 25
3 2 10
29 1 33
19 8 26
23 2 18
52 1 30
12 2 24
55 1 51
3 8 34
19 1 29
42 8 19
58 1 21
52 8 73
8 8 45
? 1 github_java_program_data/28/327.java

