3 8 10
40 1 2
4 2 42
69 1 43
3 2 18
39 8 40
26 8 28
3 8 45
21 1 42
28 1 26
30 1 12
11 8 43
12 8 30
19 1 3
70 8 23
4 2 3
40 1 7
33 1 27
32 2 5
8 2 10
3 2 28
42 8 19
53 1 48
41 1 11
1 8 13
3 5 1
50 8 70
16 1 11
51 2 75
50 1 51
3 8 44
41 1 19
25 1 17
4 8 19
23 2 69
23 1 70
23 8 70
3 2 43
10 8 44
33 2 1
34 8 21
1 8 14
30 1 20
3 8 19
19 8 30
43 2 3
19 1 1
43 8 11
28 2 1
15 2 12
39 1 3
19 1 30
20 1 19
20 1 21
3 8 13
44 1 10
21 2 19
3 8 21
16 8 18
21 1 37
38 8 3
69 8 54
38 2 1
48 8 69
17 1 11
9 8 44
23 1 54
30 1 70
38 2 3
12 2 54
1 2 28
14 1 3
39 1 23
3 8 14
27 2 26
7 8 40
12 2 20
1 1 37
13 8 14
5 1 1
3 2 13
8 8 39
41 1 21
15 1 11
5 8 19
3 2 4
51 2 61
18 8 44
30 1 22
54 8 30
40 1 6
28 8 29
50 1 61
1 8 2
39 2 7
19 8 20
11 8 41
1 2 33
13 2 3
70 1 69
16 8 25
21 8 75
3 1 33
43 2 48
1 2 13
50 2 30
45 13 56
52 8 53
3 2 8
69 1 41
21 1 29
17 2 16
44 8 23
4 8 21
3 1 1
20 8 30
19 1 29
42 8 21
1 1 33
11 1 41
1 1 4
1 2 23
13 2 1
1 1 5
25 1 16
41 2 51
51 2 43
53 1 52
11 8 12
13 2 8
3 2 5
69 1 75
13 1 1
7 1 1
21 1 5
6 2 7
15 1 14
41 2 3
5 2 3
1 2 10
27 8 28
41 2 48
19 8 22
56 1 19
14 1 43
5 2 34
18 2 30
48 2 52
22 2 54
11 8 16
23 1 22
30 1 19
21 8 27
20 2 12
11 8 15
54 1 30
3 8 11
12 8 23
37 2 29
45 1 13
21 8 61
30 8 44
26 1 3
29 1 33
54 1 50
48 2 61
1 8 3
33 8 3
44 1 18
25 8 45
19 8 41
1 12 3
10 2 8
41 2 1
54 2 70
33 2 3
30 8 45
48 8 50
3 1 28
14 8 43
14 8 16
70 1 23
30 8 54
34 2 4
14 8 12
28 1 27
56 6 45
34 8 19
15 8 23
13 1 3
1 2 38
75 2 48
30 2 50
10 2 1
44 2 45
7 2 39
8 2 9
37 1 1
30 2 69
12 2 70
48 1 21
1 11 3
33 8 29
6 8 40
48 2 43
43 8 50
45 1 25
21 1 32
13 8 45
11 1 13
70 1 50
10 2 3
43 8 69
28 8 34
75 1 21
3 2 10
23 2 1
19 1 34
43 2 51
8 2 13
4 2 34
37 1 21
30 8 19
16 1 14
28 2 3
70 1 30
3 1 37
2 8 40
43 1 14
15 8 30
29 1 1
45 2 44
21 8 43
30 1 21
43 2 1
10 1 1
48 1 19
1 8 34
10 1 3
13 8 11
1 1 3
22 8 30
21 1 3
25 2 30
30 8 70
45 1 30
51 8 69
23 1 20
1 2 41
19 8 23
38 1 19
30 1 56
1 1 28
70 2 54
16 2 17
19 8 75
44 1 9
27 1 1
28 1 1
11 1 1
41 8 69
28 8 3
3 2 23
3 2 41
54 2 22
37 1 19
1 2 37
75 2 51
25 2 3
30 8 21
50 1 41
45 8 23
61 1 21
19 8 51
10 8 14
23 2 50
14 1 10
19 2 21
19 8 26
23 1 45
29 8 19
38 1 1
3 7 1
40 1 39
1 8 11
19 1 4
32 8 21
39 1 8
23 8 21
34 2 5
45 1 3
54 1 23
17 8 25
41 8 11
4 2 1
3 4 1
21 1 23
70 2 12
54 2 12
34 1 33
23 1 21
41 1 14
15 2 70
2 2 6
21 1 34
5 2 32
6 1 1
21 8 48
33 1 26
33 8 34
1 8 21
21 1 4
3 2 33
23 1 12
41 8 14
27 1 21
29 8 21
56 8 30
21 1 1
3 2 38
21 8 38
6 2 2
45 1 9
70 8 30
42 2 4
19 1 23
3 8 26
11 1 3
50 8 54
44 1 30
26 1 19
21 8 37
43 1 19
21 8 41
43 1 11
30 2 25
19 1 5
23 1 53
54 8 23
70 2 15
1 8 6
21 1 30
52 2 48
23 2 3
26 2 27
54 1 69
23 8 54
21 8 20
32 8 19
33 1 1
1 2 4
20 8 23
23 1 19
12 1 14
37 2 38
56 2 54
44 1 3
1 2 5
19 1 38
1 5 3
1 8 7
23 8 19
50 2 23
38 1 21
11 1 43
1 8 19
1 8 29
61 2 48
11 8 17
19 8 56
8 2 3
22 1 19
61 8 50
10 8 11
43 1 21
37 2 3
14 8 41
54 2 56
45 1 8
53 8 23
48 2 75
75 8 69
44 1 8
1 1 38
18 1 16
19 8 43
38 8 19
9 2 8
14 1 13
41 8 50
34 1 1
3 2 37
11 1 10
75 1 19
50 1 48
1 8 26
34 2 38
51 1 19
26 1 1
23 8 39
21 8 23
38 2 34
50 1 43
2 1 1
34 1 28
27 8 33
4 1 1
69 2 23
30 8 52
69 8 70
43 8 14
19 1 42
14 8 15
52 1 30
5 8 21
8 8 45
9 8 45
19 8 48
48 2 41
5 2 1
54 2 15
51 2 41
69 1 51
37 8 3
19 1 32
37 8 21
18 2 3
69 1 48
61 2 51
1 7 3
30 2 18
12 1 11
7 2 6
3 8 39
1 8 10
26 8 33
1 4 3
19 8 37
29 2 37
48 8 53
12 2 15
51 8 50
8 8 44
29 1 28
3 2 25
38 2 37
23 1 44
14 1 41
1 2 43
1 8 27
15 2 54
3 1 38
30 1 54
21 8 30
23 1 15
22 8 23
19 8 38
69 2 30
14 1 1
37 2 1
30 1 15
? 1 github_java_program_data/31/153.java

3 8 10
40 1 2
23 8 45
4 2 42
57 8 53
3 2 18
39 8 40
26 8 28
3 8 45
21 1 42
28 1 26
30 1 12
30 8 70
11 8 43
12 8 30
19 1 3
70 8 23
4 2 3
27 2 26
16 1 14
32 2 5
8 2 10
69 1 43
42 8 19
11 8 16
53 1 48
41 1 11
1 8 13
3 5 1
50 8 70
16 1 11
50 1 51
3 8 44
41 1 19
25 1 17
4 8 19
4 2 32
21 8 58
51 1 21
3 2 43
4 8 3
20 2 22
12 2 22
1 8 14
30 1 20
3 8 19
43 2 3
19 1 1
25 2 23
14 8 17
43 8 11
1 5 3
28 2 1
23 2 25
15 2 12
39 1 3
20 1 19
5 8 3
20 1 21
44 1 10
1 8 29
16 8 18
8 2 13
21 8 26
19 8 27
69 8 54
38 2 1
64 2 23
48 8 69
17 1 11
9 8 44
23 1 54
18 2 3
38 2 3
5 2 42
12 2 54
1 2 28
14 1 3
39 1 23
3 8 14
1 8 44
23 2 69
1 1 37
44 1 1
13 8 14
1 2 18
3 2 13
30 1 53
8 8 39
3 8 34
41 1 21
15 1 11
5 8 19
5 2 4
3 2 4
18 8 44
30 1 22
39 2 2
54 8 30
58 1 21
50 1 61
1 8 2
23 8 39
19 8 20
11 8 41
1 2 33
51 2 61
21 8 38
30 8 45
43 2 48
1 2 13
50 2 30
52 8 53
3 2 8
69 1 41
21 1 29
17 2 16
44 8 23
4 8 21
3 1 1
20 8 30
19 1 29
26 1 21
15 2 20
11 1 41
1 1 4
53 8 30
13 2 1
18 1 17
3 2 28
1 2 25
41 2 51
10 8 45
53 1 52
22 1 19
13 2 8
3 2 5
69 1 75
11 8 12
28 2 3
21 1 5
15 1 14
41 2 3
1 8 10
27 8 28
9 2 10
19 8 22
21 8 22
14 1 43
45 1 10
18 2 30
48 2 52
64 8 39
61 8 50
23 1 22
29 1 3
56 8 23
20 2 12
11 8 15
18 2 1
54 1 30
10 8 44
12 8 23
45 1 13
21 8 61
30 8 44
57 1 23
21 8 75
1 8 3
64 2 3
44 1 18
25 8 45
21 8 41
1 12 3
38 1 21
41 2 1
33 2 3
30 2 25
14 8 43
14 8 16
30 8 54
17 8 18
58 6 45
43 2 51
14 8 12
19 1 5
44 1 23
41 8 69
1 2 41
13 1 3
1 14 3
1 2 38
75 2 48
30 2 50
28 8 29
13 8 44
44 2 45
37 1 1
23 1 56
22 2 12
12 2 53
21 8 20
10 2 9
48 2 43
43 8 50
19 8 61
45 1 25
21 1 32
56 1 21
11 1 13
70 1 50
27 8 33
75 1 21
3 2 10
23 8 57
33 2 1
19 1 34
23 1 70
37 1 21
33 1 27
70 1 30
3 1 37
2 8 40
43 8 69
13 8 45
15 8 30
29 1 1
58 2 53
21 8 43
53 2 12
43 2 1
10 1 1
48 1 19
1 8 34
10 1 3
13 8 11
1 1 3
22 8 30
21 1 3
25 2 30
19 8 51
45 1 30
3 2 64
23 1 20
15 8 23
38 1 19
30 1 56
1 2 10
54 2 56
44 1 9
41 2 48
10 2 8
12 2 20
11 1 1
34 8 19
56 6 44
10 2 1
63 8 64
3 2 41
43 1 14
27 1 19
37 1 19
1 2 37
3 8 11
1 2 4
50 1 41
45 8 23
61 1 21
34 8 21
45 13 58
10 8 14
52 2 57
14 1 10
19 8 26
16 2 17
29 8 19
38 1 1
3 7 1
40 1 39
1 8 11
19 1 4
32 8 21
39 1 8
3 1 5
45 1 3
54 1 23
18 2 23
17 8 25
41 8 11
4 2 1
8 8 45
23 1 45
54 2 12
34 1 33
32 2 4
41 1 14
3 1 4
21 1 34
5 2 32
21 8 51
1 11 3
33 1 26
33 8 34
25 2 1
1 8 21
21 1 4
3 2 33
23 1 12
23 8 44
41 8 14
45 2 44
27 1 21
29 8 21
56 8 30
21 1 1
30 1 58
3 2 38
16 8 25
3 4 1
42 2 4
44 1 13
13 1 1
5 2 3
50 8 54
44 1 30
26 1 19
21 8 37
25 1 16
19 8 41
43 1 11
45 1 23
28 1 27
54 8 23
1 8 45
23 2 64
39 1 64
52 2 48
3 8 29
26 2 27
54 1 69
23 8 54
32 8 19
11 1 3
20 8 23
9 2 13
12 1 14
37 2 38
56 2 54
44 1 3
1 2 5
56 1 19
51 2 43
63 1 1
43 1 19
11 1 43
1 8 19
3 8 21
11 8 17
19 8 56
8 2 3
10 8 11
43 1 21
37 2 3
58 8 30
23 2 18
45 1 8
48 2 75
44 13 56
53 2 58
75 8 69
17 1 14
1 1 38
18 1 16
19 8 43
13 2 9
30 2 18
14 1 13
2 2 39
41 8 50
34 1 1
3 2 37
11 1 10
42 2 5
3 8 13
38 8 3
22 2 20
22 1 21
45 1 1
51 1 19
14 1 1
61 1 19
14 8 15
13 2 3
1 8 63
50 1 43
2 1 1
10 2 3
4 1 1
69 2 23
30 8 52
43 8 14
19 1 42
21 8 27
52 1 30
5 8 21
21 8 56
19 8 48
48 2 41
5 2 1
54 2 15
51 2 41
42 8 21
37 8 3
57 2 52
4 2 5
19 1 32
69 1 48
34 1 3
61 2 51
64 1 63
1 7 3
12 1 11
3 8 39
26 8 33
1 4 3
19 8 37
54 1 50
48 8 53
12 2 15
51 8 50
25 2 3
29 1 28
38 2 37
23 1 44
14 1 41
1 2 43
53 1 57
14 8 41
15 2 54
3 1 38
30 1 54
23 1 15
22 8 23
19 8 38
3 2 25
20 2 15
37 2 1
30 1 15
? 1 github_java_program_data/31/211.java

3 8 10
40 1 2
23 8 45
4 2 42
69 1 43
3 2 18
8 2 65
26 8 28
51 1 21
21 1 42
28 1 26
14 1 43
25 2 23
24 1 3
55 2 58
9 8 11
12 8 30
19 1 3
77 8 64
14 1 9
10 2 9
70 8 23
4 2 3
70 1 69
33 1 27
32 2 5
45 1 25
12 2 54
57 8 53
42 8 19
61 8 50
41 1 11
1 8 13
3 5 1
14 1 13
16 1 11
1 2 18
51 2 75
10 8 44
3 8 44
45 2 39
41 1 19
25 1 17
4 8 19
23 2 69
21 8 58
3 8 45
23 8 70
3 2 43
4 8 3
33 2 1
77 1 3
1 8 14
1 1 37
3 8 19
19 8 30
67 8 40
43 2 3
55 2 22
19 1 1
48 8 55
14 8 17
43 8 11
12 2 22
1 5 3
28 2 1
23 2 25
15 2 12
43 8 69
20 1 19
5 8 3
20 1 21
1 2 4
3 8 13
44 1 10
30 1 70
1 8 29
58 2 54
11 8 43
16 8 18
23 8 52
8 2 13
21 8 26
6 2 2
38 8 3
69 8 54
38 2 1
64 2 23
39 1 9
17 1 11
9 8 44
23 1 54
18 2 3
38 2 3
51 8 53
5 2 42
3 2 28
9 8 24
1 2 28
14 1 3
39 1 23
3 8 14
1 8 44
6 1 3
54 2 58
7 8 40
53 1 51
30 1 20
44 1 1
13 8 14
51 1 19
3 2 13
8 8 39
3 8 34
41 1 21
15 1 11
5 8 19
5 2 4
3 2 4
18 8 44
30 1 22
11 1 8
54 8 30
40 1 6
58 1 21
50 1 61
1 8 2
1 12 3
25 8 44
11 8 41
1 2 33
3 2 41
44 1 65
16 8 25
21 8 75
58 6 44
43 2 48
1 2 13
50 2 30
45 13 56
52 8 53
1 8 39
3 2 8
69 1 41
21 1 29
67 1 8
17 2 16
15 2 22
9 2 10
51 8 69
4 8 21
3 1 1
20 8 30
61 1 21
30 2 25
42 8 21
15 2 20
11 1 41
1 1 4
50 1 43
13 2 1
1 1 5
25 1 16
26 1 21
1 2 25
44 13 58
41 2 51
10 8 45
53 1 52
9 8 14
56 2 70
9 8 10
9 8 39
14 8 15
69 1 75
11 8 12
7 1 1
21 1 5
6 2 7
29 2 5
55 8 23
12 2 56
41 2 3
1 8 10
11 1 1
1 2 10
27 8 28
56 1 19
19 8 22
21 8 22
30 1 12
45 1 10
18 2 30
64 8 39
11 8 16
50 8 70
30 1 19
29 1 3
37 2 1
18 1 17
56 8 23
5 2 34
20 2 12
11 8 15
18 2 1
12 2 58
65 2 8
54 1 30
3 8 11
12 8 23
26 1 19
10 2 8
45 1 13
21 8 61
30 8 44
54 1 50
48 2 61
1 8 3
39 1 1
44 1 18
58 2 12
25 8 45
3 2 23
21 8 41
20 2 54
30 8 24
41 2 1
33 2 3
30 8 45
48 8 50
14 8 43
14 8 16
70 1 23
30 8 54
17 8 18
67 1 3
5 2 29
43 2 51
14 8 12
28 1 27
54 2 20
34 8 19
15 8 23
13 1 3
1 14 3
67 1 23
1 2 38
30 2 50
28 8 29
54 8 23
1 2 64
58 2 55
8 2 9
70 2 15
22 1 21
23 1 56
22 2 12
12 2 70
48 1 21
3 8 24
24 1 18
1 11 3
21 8 20
6 8 40
48 2 43
4 2 32
23 1 24
65 1 3
43 8 50
19 8 61
52 1 23
17 1 14
21 1 32
24 8 23
13 8 45
23 1 15
70 1 50
27 8 33
51 2 52
23 8 67
75 1 21
3 2 10
7 2 67
19 1 34
30 2 48
24 1 9
29 2 4
37 1 21
21 2 19
16 1 14
57 2 52
39 8 23
28 2 3
70 1 30
3 1 37
2 8 40
43 1 14
42 2 5
15 8 30
37 1 1
21 8 43
30 1 21
43 2 1
10 1 1
48 1 19
1 8 34
10 1 3
8 2 10
13 8 11
1 1 3
22 8 30
3 8 6
25 2 30
30 8 70
45 1 30
44 8 23
23 1 20
19 1 32
38 1 19
30 1 56
19 8 37
70 2 12
69 2 23
19 8 75
44 1 9
41 2 48
13 2 8
57 1 30
12 2 20
29 1 1
30 8 57
41 8 69
56 6 44
10 2 1
65 8 44
64 1 77
56 2 12
45 1 18
27 1 19
37 1 19
3 2 5
1 2 37
75 2 51
25 2 3
30 8 21
50 1 41
58 8 23
19 1 29
34 8 21
45 13 58
10 8 14
20 2 15
23 2 50
52 2 57
14 1 10
19 2 21
24 2 44
19 8 26
23 1 45
29 8 19
38 1 1
3 7 1
5 2 32
1 8 11
19 1 4
32 8 21
39 1 8
3 1 5
45 1 3
54 1 23
44 2 45
20 2 22
17 8 25
41 8 11
23 1 39
3 4 1
40 1 7
8 8 45
45 8 23
54 2 12
34 1 33
19 8 51
32 2 4
41 1 14
15 2 70
3 1 4
2 2 6
18 8 24
1 2 41
21 1 34
9 2 1
22 2 55
21 8 51
23 1 58
4 2 29
21 8 48
33 1 26
9 2 3
33 8 34
25 2 1
1 8 21
21 1 4
3 2 33
23 1 12
41 8 14
8 8 67
27 1 21
29 8 21
56 8 30
21 1 1
30 1 58
3 2 38
21 8 38
39 2 45
58 1 19
45 1 9
30 2 69
42 2 4
44 1 13
13 1 1
5 2 3
23 1 55
50 8 54
44 1 30
3 8 65
21 8 37
43 1 19
19 8 41
43 1 11
45 1 23
11 1 9
19 1 5
23 1 53
13 8 44
1 8 45
23 2 64
39 1 64
23 2 3
3 8 29
26 2 27
54 1 69
23 8 54
3 2 9
32 8 19
54 2 22
11 1 3
20 8 23
16 2 17
9 2 13
12 1 14
11 8 17
48 2 30
37 2 38
44 1 3
1 2 5
51 2 43
64 2 1
19 8 20
50 2 23
38 1 21
11 1 43
27 2 26
1 8 19
3 8 21
61 2 48
19 8 58
19 8 56
8 2 3
22 1 19
10 8 11
43 1 21
37 2 3
1 2 9
58 8 30
45 1 8
53 8 23
3 8 77
1 7 3
15 2 24
55 1 30
75 8 69
44 1 8
1 1 38
18 1 16
19 8 43
30 8 55
13 2 9
44 2 12
9 2 8
55 1 48
41 8 50
34 1 1
3 2 37
11 1 10
3 8 67
75 1 19
50 1 48
19 8 27
22 2 20
44 2 24
45 2 44
45 1 1
5 1 1
11 1 13
61 1 19
23 8 39
13 2 3
21 1 30
2 1 1
24 2 15
40 1 67
10 2 3
4 1 1
4 2 1
69 8 70
43 8 14
19 1 42
21 8 27
58 6 45
10 1 9
22 2 15
5 8 21
56 6 45
9 8 45
19 8 48
48 2 41
5 2 1
54 2 15
51 2 41
69 1 51
8 8 11
3 1 38
37 8 3
15 1 14
4 2 5
14 1 1
67 2 7
70 2 56
22 2 54
34 2 5
34 1 3
30 2 18
12 2 44
12 1 11
44 13 56
7 2 6
69 2 30
70 8 30
26 8 33
1 4 3
52 2 51
24 1 30
12 2 15
1 8 7
8 8 44
29 1 28
38 2 37
23 1 44
14 1 41
1 2 43
53 1 57
14 8 41
15 2 54
23 1 22
30 1 54
21 8 30
18 8 45
22 8 23
44 1 25
19 8 38
3 2 25
21 1 3
23 1 70
30 1 15
? 1 github_java_program_data/31/24.java

3 8 10
30 8 72
23 8 45
4 2 42
69 1 43
3 2 18
39 8 40
14 8 41
51 1 21
21 1 42
14 1 43
25 2 23
51 2 72
11 8 43
12 8 30
19 1 3
70 8 23
4 2 3
70 1 69
5 2 29
8 2 10
3 2 28
73 1 51
11 8 12
61 8 50
41 1 11
56 1 19
3 5 1
23 1 22
16 1 11
1 2 18
51 2 75
53 1 52
50 1 51
58 2 70
10 8 44
3 8 44
41 1 19
25 1 17
4 8 19
23 2 69
21 8 58
3 8 45
23 8 70
3 2 43
4 8 3
1 8 14
1 1 37
3 8 19
70 2 15
43 2 3
19 1 1
1 8 44
14 8 17
43 8 11
5 2 34
28 2 1
23 2 25
15 2 12
45 1 9
20 1 19
5 8 3
20 1 21
1 2 4
75 1 19
44 1 10
30 1 70
3 8 21
58 2 54
16 8 18
23 8 52
8 2 13
1 5 3
38 8 3
30 1 53
69 8 54
38 2 1
48 8 69
17 1 11
9 8 44
23 1 54
70 2 56
38 2 3
51 8 53
73 8 30
12 2 54
12 2 73
1 2 28
14 1 3
39 1 23
30 1 60
3 8 14
60 8 30
54 2 58
62 1 19
48 2 72
53 1 51
30 1 20
44 1 1
13 8 14
51 1 19
3 2 13
72 1 23
8 8 39
3 8 34
41 1 21
15 1 11
5 8 19
3 2 4
18 8 44
30 1 22
54 8 30
58 1 21
50 1 61
60 1 21
19 8 20
11 8 41
21 8 38
30 8 45
51 8 73
1 2 13
50 2 30
23 1 15
1 8 39
69 1 41
21 1 29
17 2 16
15 2 53
44 8 23
4 8 21
3 1 1
20 8 30
19 1 29
30 2 25
13 8 45
11 1 41
1 1 4
53 8 30
1 2 23
13 2 1
1 1 5
25 1 16
1 2 25
41 2 51
10 8 45
60 1 19
42 8 19
56 2 70
72 2 51
13 2 8
44 1 13
14 8 15
69 1 75
28 2 3
21 1 5
29 2 5
15 1 14
41 2 3
1 8 10
27 8 28
41 2 48
19 8 22
1 8 13
30 1 12
45 1 10
18 2 30
11 8 16
50 8 70
29 1 3
56 8 23
11 8 15
18 2 1
54 1 30
3 8 11
12 8 23
26 1 19
69 2 30
45 1 13
21 8 61
30 8 44
54 1 50
48 2 61
1 8 3
39 1 1
44 1 18
25 8 45
53 2 12
21 8 41
1 12 3
1 2 8
41 2 1
33 2 3
73 1 72
48 8 50
14 8 43
11 1 1
70 1 23
30 8 54
17 8 18
58 6 45
34 2 4
14 8 12
28 1 27
19 8 62
34 8 19
15 8 23
13 1 3
1 14 3
1 2 38
75 2 48
30 1 62
30 2 50
28 8 29
13 8 44
44 2 45
8 2 9
43 2 48
22 1 21
23 1 56
30 2 69
12 2 70
48 1 21
1 11 3
21 8 20
3 2 33
48 2 43
43 8 50
19 8 61
52 1 23
45 1 25
21 1 32
56 1 21
11 1 13
70 1 50
10 2 3
43 8 69
51 2 52
75 1 21
3 2 10
21 8 75
23 2 1
19 1 34
43 2 51
23 1 70
4 2 34
75 2 51
37 1 21
16 1 14
21 8 60
70 1 30
3 1 37
43 1 14
15 8 30
29 1 1
37 1 1
44 1 23
21 8 43
23 1 62
43 2 1
10 1 1
48 1 19
51 2 61
10 1 3
13 8 11
1 1 3
22 8 30
21 1 3
25 2 30
30 8 70
45 1 30
51 8 69
23 1 20
1 2 41
73 2 12
38 1 19
30 1 56
1 2 10
70 2 12
19 8 75
44 1 9
10 2 8
14 8 16
41 8 69
56 6 44
10 2 1
3 2 41
8 2 1
37 1 19
3 2 5
1 2 37
19 8 60
25 2 3
48 8 73
50 1 41
58 8 23
61 1 21
34 8 21
72 2 48
10 8 14
23 2 50
14 1 10
41 8 11
23 1 45
29 8 19
26 1 21
3 7 1
60 8 23
40 1 39
1 8 11
19 1 4
32 8 21
39 1 8
3 1 5
45 1 3
54 1 23
18 2 23
17 8 25
19 8 26
4 2 1
8 8 45
16 2 17
54 2 12
34 1 33
19 8 51
41 1 14
15 2 70
3 1 4
17 1 14
73 1 48
21 1 34
21 8 51
38 1 1
21 8 48
33 1 26
33 8 34
25 2 1
1 8 21
21 1 4
23 1 60
23 1 12
23 8 44
41 8 14
45 2 44
27 1 21
29 8 21
56 8 30
21 1 1
30 1 58
3 2 38
16 8 25
58 1 19
3 4 1
42 2 4
18 1 17
13 1 1
12 2 53
5 2 3
15 2 73
50 8 54
44 1 30
42 8 21
21 8 37
43 1 19
19 8 41
43 1 11
45 1 23
62 8 30
19 1 5
23 1 58
54 8 23
1 8 45
62 8 23
3 8 29
54 1 69
23 8 54
32 8 19
11 1 3
20 8 23
12 1 14
19 8 58
37 2 38
56 2 54
44 1 3
1 2 5
70 2 58
51 2 43
50 2 23
38 1 21
11 1 43
1 8 19
1 8 29
61 2 48
11 8 17
19 8 56
22 1 19
10 8 11
43 1 21
37 2 3
54 2 56
58 8 30
23 2 18
45 1 8
73 2 15
48 2 75
44 13 56
75 8 69
44 1 8
1 1 38
52 8 53
18 1 16
19 8 43
9 2 8
14 1 13
41 8 50
45 8 23
3 2 37
11 1 10
23 8 72
3 8 13
50 1 48
21 8 26
53 2 15
72 8 73
45 1 1
5 1 1
14 1 1
61 1 19
23 8 39
13 2 3
72 1 30
50 1 43
4 1 1
69 2 23
30 8 52
69 8 70
43 8 14
19 1 42
21 8 27
52 1 30
5 8 21
21 8 56
9 8 45
19 8 48
48 2 41
5 2 1
54 2 15
51 2 41
69 1 51
37 8 3
45 13 58
19 1 32
18 2 3
69 1 48
34 2 5
34 1 3
61 2 51
21 8 22
1 7 3
30 2 18
30 1 73
12 1 11
70 8 30
26 8 33
1 4 3
52 2 51
19 8 37
12 2 15
51 8 50
8 8 44
29 1 28
38 2 37
23 1 44
14 1 41
1 2 43
3 1 38
30 1 54
22 8 23
19 8 38
3 2 25
15 2 54
37 2 1
30 1 15
? 1 github_java_program_data/31/242.java

3 8 10
40 1 2
23 8 45
69 1 43
39 8 40
51 1 21
21 1 42
25 2 23
11 8 43
38 2 1
19 1 3
4 2 3
70 1 69
32 2 5
3 2 28
42 8 19
11 8 16
41 1 11
1 8 13
3 5 1
16 1 11
1 2 18
51 2 75
41 1 19
25 1 17
4 8 19
23 8 70
3 2 43
4 8 3
2 1 3
1 8 14
3 8 19
19 8 30
43 2 3
19 1 1
14 8 17
43 8 11
1 8 21
23 2 25
11 8 15
3 4 1
19 1 30
20 1 19
5 8 3
20 1 21
44 1 10
30 1 70
3 8 21
16 8 18
23 8 52
21 8 26
38 8 3
10 8 44
23 1 54
38 2 3
51 8 53
5 2 42
1 2 28
14 1 3
3 8 14
1 8 44
23 2 69
53 1 51
1 1 37
4 2 32
13 8 14
51 1 19
3 2 13
30 1 53
8 8 39
41 1 21
15 1 11
5 8 19
3 2 4
18 8 44
30 1 22
39 2 2
28 8 29
50 1 61
19 8 20
11 8 41
1 2 33
21 8 75
43 2 48
1 2 13
50 2 30
23 1 15
30 1 44
1 8 39
15 2 22
51 8 69
4 8 21
3 1 1
8 2 1
19 1 29
26 1 21
11 1 41
1 1 4
53 8 30
13 2 1
1 1 5
1 2 25
1 5 3
44 1 1
22 1 19
3 2 5
69 1 75
28 2 3
30 8 39
41 2 3
1 8 10
27 8 28
9 2 10
19 8 22
41 2 48
45 1 10
22 2 15
61 8 50
23 1 22
19 1 42
29 1 3
56 8 23
20 2 12
15 2 12
18 2 1
54 1 30
3 8 11
12 8 23
54 1 50
48 2 61
45 8 30
1 8 3
39 1 1
44 1 18
25 8 45
19 8 41
20 2 54
41 2 1
48 8 50
14 8 43
29 1 1
70 1 23
30 8 54
43 2 51
14 8 12
28 1 27
54 2 20
44 1 23
1 2 41
13 1 3
1 2 38
30 2 50
44 2 45
8 2 9
5 2 1
23 1 56
48 1 21
21 8 20
10 2 9
48 2 43
43 8 50
19 8 61
52 1 23
45 1 25
21 1 32
56 1 21
52 8 53
10 2 3
51 2 52
75 1 21
3 2 10
33 2 1
1 2 30
29 2 4
37 1 21
30 8 19
3 1 37
2 8 40
43 8 69
45 2 44
21 8 43
30 1 21
43 2 1
11 1 13
10 1 1
1 8 34
10 1 3
13 8 11
22 8 30
21 1 3
23 1 20
15 8 23
38 1 19
1 2 10
44 1 9
19 1 34
1 2 8
12 2 20
11 1 1
34 8 19
56 6 44
10 2 1
3 2 41
43 1 14
37 1 19
1 2 37
75 2 51
11 1 3
50 1 41
19 8 51
10 8 14
14 1 10
19 2 21
41 8 11
29 8 19
38 1 1
3 7 1
40 1 39
1 8 11
19 1 4
32 8 21
39 1 8
3 1 5
18 2 23
17 8 25
69 2 23
8 8 45
34 1 33
32 2 4
3 1 4
1 2 5
21 8 51
1 11 3
21 8 48
33 1 26
33 8 34
25 2 1
28 2 1
21 1 4
30 2 1
37 1 1
23 1 12
23 8 44
41 8 14
27 1 21
21 1 1
3 2 38
21 8 38
45 1 9
13 1 1
5 2 3
50 8 54
42 8 21
21 8 37
38 1 21
21 8 41
43 1 11
45 1 23
19 1 5
54 8 23
1 8 45
3 8 29
1 1 3
32 8 19
1 2 4
20 8 23
12 1 14
37 2 38
5 2 32
51 2 43
21 2 19
43 1 19
11 1 43
1 8 19
1 8 29
61 2 48
56 2 54
10 8 11
43 1 21
37 2 3
23 2 18
45 1 8
1 7 3
44 13 56
75 8 69
17 1 14
1 1 38
18 1 16
39 1 30
30 1 45
9 2 8
14 1 13
2 2 39
41 8 50
34 1 1
3 2 37
11 1 10
42 2 5
3 8 13
50 1 48
53 1 52
53 2 22
45 1 1
5 1 1
22 2 53
3 8 2
61 1 19
13 2 3
50 1 43
4 1 1
4 2 1
69 8 70
10 8 45
30 1 19
21 8 27
19 8 43
5 8 21
21 1 5
21 8 56
9 8 45
48 2 41
54 2 56
9 8 44
54 2 15
4 2 29
69 1 51
3 1 38
37 8 3
1 12 3
19 1 32
70 8 30
26 8 33
52 2 51
19 8 37
12 2 15
19 8 38
29 1 28
38 2 37
14 1 41
1 2 43
15 2 54
44 8 30
21 8 30
22 8 23
1 4 3
14 1 1
37 2 1
? 1 github_java_program_data/31/35.java

3 8 10
75 2 51
37 1 21
30 8 19
4 2 42
21 8 22
26 8 28
70 1 30
3 1 37
21 1 42
28 1 26
30 1 12
21 1 34
15 8 30
12 8 30
19 1 3
21 8 43
5 2 1
30 1 21
43 2 1
70 8 23
10 1 1
48 1 19
70 1 69
10 1 3
13 8 11
54 1 69
22 8 30
21 1 3
32 2 5
30 8 70
12 2 54
44 8 23
23 1 20
42 8 19
19 8 23
11 8 16
38 1 19
23 8 54
1 2 10
1 8 13
3 5 1
16 1 11
19 8 75
44 1 9
39 8 40
11 1 1
41 8 69
3 1 1
10 2 1
41 1 19
3 2 41
54 2 22
4 8 19
1 2 37
41 8 50
51 1 21
3 2 43
50 1 41
4 8 3
19 8 51
34 8 21
1 8 14
10 8 14
1 1 37
3 8 19
19 8 30
23 2 50
43 2 3
14 1 10
19 1 1
1 8 44
43 8 11
29 8 19
38 1 1
34 1 3
15 2 12
3 4 1
19 1 30
20 1 19
1 8 11
19 1 4
20 1 21
69 2 23
32 8 21
75 1 19
37 2 38
44 1 10
21 2 19
3 8 21
3 1 5
50 1 48
54 1 23
16 8 18
20 2 22
38 8 3
21 1 30
38 2 1
3 2 38
9 8 44
54 2 12
34 1 33
23 1 21
38 2 3
41 1 14
19 8 41
3 2 28
3 1 4
14 1 3
39 1 23
1 2 41
3 8 14
5 2 32
19 1 29
21 8 51
1 11 3
21 8 48
23 2 69
30 1 20
33 8 34
44 1 1
1 8 21
21 1 4
3 2 13
3 2 33
3 8 34
30 8 21
41 8 14
15 1 11
5 8 19
3 2 4
37 1 1
18 8 44
30 1 22
54 8 30
51 2 75
21 1 1
50 1 61
42 2 4
19 2 21
13 1 1
5 2 3
40 1 39
19 8 20
11 8 41
50 8 54
44 1 30
21 8 37
43 1 19
21 8 38
5 8 3
11 1 43
19 1 5
1 2 13
50 2 30
30 2 3
4 2 3
1 8 39
69 1 41
3 8 29
9 2 10
1 1 3
51 8 69
4 8 21
21 8 20
32 8 19
20 8 30
11 1 3
61 1 21
20 8 23
23 1 19
42 8 21
12 1 14
13 2 3
1 1 4
1 2 5
44 1 18
1 2 23
13 2 1
23 8 19
50 2 23
38 1 21
26 1 21
1 8 19
61 2 48
41 2 51
1 5 3
22 1 19
43 1 21
37 2 3
3 2 5
69 1 75
19 1 23
28 2 3
21 1 5
41 1 11
41 2 3
1 8 10
75 8 69
44 1 8
1 1 38
41 2 48
19 8 22
19 8 43
14 1 43
18 2 30
22 2 54
61 8 50
50 8 70
20 2 70
19 1 42
29 1 3
3 2 37
11 8 15
3 8 13
18 1 16
21 8 26
22 2 20
3 8 11
69 2 30
21 8 61
30 8 44
14 1 1
61 1 19
23 8 39
21 8 23
54 1 50
48 2 61
1 8 3
39 1 1
69 8 54
4 1 1
4 2 1
69 8 70
43 8 14
30 1 19
14 1 41
41 2 1
5 8 21
33 2 3
48 8 50
1 14 3
30 1 54
19 8 48
48 2 41
3 2 30
51 2 41
69 1 51
14 8 12
1 2 18
37 8 3
1 12 3
19 1 32
13 1 3
1 2 4
1 2 38
38 2 37
30 2 50
10 8 44
28 8 29
70 2 20
30 2 18
3 7 1
8 2 9
18 2 1
22 1 21
30 2 69
1 4 3
48 1 21
19 8 37
51 1 19
10 2 9
12 2 15
8 8 44
29 1 28
19 8 61
37 1 19
23 2 1
9 2 8
21 1 32
23 1 44
11 1 13
1 2 43
70 1 50
10 2 3
14 8 41
3 1 38
75 1 21
21 8 30
3 2 10
21 8 75
19 8 38
30 1 15
37 2 1
23 1 70
? 1 github_java_program_data/31/408.java

3 8 10
30 8 72
23 8 45
8 8 39
4 2 42
3 2 18
39 8 40
14 8 41
40 1 2
51 1 21
21 1 42
28 1 26
14 1 43
25 2 23
72 8 53
12 8 30
19 1 3
70 8 23
4 2 3
27 2 26
16 1 14
32 2 5
8 2 10
3 2 28
73 1 51
42 8 19
11 8 16
53 1 48
57 8 73
1 8 13
8 2 1
16 1 11
1 2 18
50 1 51
58 2 70
26 8 28
41 1 19
25 1 17
4 8 19
4 2 32
21 8 58
23 1 70
3 2 43
4 8 3
20 2 22
34 8 21
2 1 3
30 8 57
30 1 20
3 8 19
43 2 3
19 1 1
14 8 17
43 8 11
22 2 53
28 2 1
23 2 25
15 2 12
45 1 9
20 1 19
5 8 3
20 1 21
3 8 13
44 1 10
21 2 19
1 8 29
58 2 54
16 8 18
23 8 52
8 2 13
38 8 3
72 1 23
38 2 1
48 8 69
17 1 11
10 8 44
53 2 20
38 2 3
51 8 53
1 2 28
14 1 3
39 1 23
3 8 14
1 8 44
54 2 58
48 2 72
53 1 51
1 1 37
44 1 1
13 8 14
5 1 1
3 2 13
30 1 53
3 2 33
3 8 34
41 1 21
15 1 11
5 8 19
3 2 4
51 2 61
18 8 44
30 1 22
39 2 2
54 8 30
58 1 21
50 1 61
23 8 39
19 8 20
1 2 33
21 8 23
70 1 69
21 8 38
12 2 22
58 6 44
51 8 73
1 2 13
23 1 15
1 8 39
69 1 41
21 1 29
17 2 16
44 8 23
4 8 21
3 1 1
20 8 30
19 1 29
13 8 45
11 1 41
1 1 4
53 8 30
1 2 23
13 2 1
18 1 17
25 1 16
1 2 25
44 13 58
23 8 76
41 2 51
1 5 3
22 1 19
72 2 51
13 2 8
3 2 5
69 1 75
11 8 12
28 2 3
21 1 5
15 1 14
41 2 3
1 8 10
53 1 72
27 8 28
41 2 48
19 8 22
21 8 22
30 1 12
57 2 52
18 2 30
48 2 52
3 5 1
61 8 50
29 1 3
56 8 23
20 2 12
11 8 15
18 2 1
3 8 11
12 8 23
45 1 13
30 8 44
54 1 50
14 8 16
1 8 3
39 1 1
44 1 18
25 8 45
21 8 41
1 12 3
1 2 8
41 2 1
33 2 3
73 8 30
1 14 3
11 1 1
17 8 18
14 8 12
28 1 27
41 8 69
1 2 41
13 1 3
1 2 38
75 2 48
28 8 29
44 2 45
8 2 9
37 1 1
23 1 56
30 2 69
48 1 21
1 11 3
21 8 20
19 8 27
19 8 61
52 1 23
17 1 14
21 1 32
56 1 21
11 1 13
27 8 33
51 2 52
22 2 12
3 2 10
44 1 8
23 2 1
33 2 1
48 8 73
33 1 27
70 1 30
3 1 37
2 8 40
12 2 73
15 8 30
45 2 44
58 8 23
43 2 1
10 1 1
48 1 19
1 8 34
10 1 3
13 8 11
22 8 30
21 1 3
30 8 70
23 1 20
15 8 23
19 8 23
73 2 12
30 1 56
1 2 10
51 2 72
19 1 32
19 8 75
44 1 9
19 1 34
10 2 8
12 2 20
29 1 1
1 8 14
34 8 19
10 2 1
3 2 41
27 1 19
37 1 19
1 2 37
38 1 1
1 2 4
50 1 41
45 8 23
19 8 51
72 2 48
10 8 14
23 2 50
52 2 57
14 1 10
19 2 21
19 8 26
23 1 45
29 8 19
26 1 21
3 7 1
40 1 39
1 8 11
19 1 4
32 8 21
39 1 8
23 8 21
3 1 5
58 6 45
54 1 23
17 8 25
41 8 11
4 2 1
21 1 23
16 2 17
34 1 33
23 1 21
32 2 4
41 1 14
76 1 23
3 1 4
76 2 52
73 1 48
73 1 76
21 1 34
1 2 5
21 8 51
23 1 58
21 8 48
33 1 26
33 8 34
25 2 1
1 8 21
21 1 4
73 2 20
23 1 12
41 8 14
73 8 23
27 1 21
29 8 21
56 8 30
21 1 1
30 1 58
3 2 38
16 8 25
3 4 1
42 2 4
1 1 5
13 1 1
5 2 3
50 8 54
44 1 30
26 1 19
38 1 21
19 8 41
45 1 23
19 1 5
23 1 53
52 8 73
1 8 45
52 2 48
3 8 29
26 2 27
1 1 3
23 8 54
32 8 19
11 1 3
20 8 23
23 1 19
12 1 14
44 1 3
5 2 32
70 2 58
52 2 76
50 2 23
43 1 19
11 1 43
1 8 19
3 8 21
11 8 17
23 1 73
10 8 11
37 2 3
20 2 53
72 1 30
45 1 8
53 8 23
76 8 73
48 2 75
75 8 69
45 1 25
1 1 38
18 1 16
19 8 43
9 2 8
14 1 13
2 2 39
41 8 50
34 1 1
3 2 37
11 1 10
23 8 72
75 1 19
21 8 26
22 2 20
53 2 22
45 1 1
51 1 19
57 1 30
3 8 2
61 1 19
14 8 15
13 2 3
58 8 30
10 2 3
4 1 1
30 8 52
69 8 70
43 8 14
19 1 42
21 8 27
52 1 30
5 8 21
73 1 52
73 1 57
21 8 56
9 8 45
19 8 48
48 2 41
5 2 1
9 8 44
51 2 41
42 8 21
37 8 3
45 13 58
14 1 1
18 2 3
69 1 48
34 1 3
61 2 51
1 7 3
30 2 18
8 8 45
30 1 73
12 1 11
26 8 33
1 4 3
52 2 51
19 8 37
48 8 53
12 2 15
51 8 50
8 8 44
29 1 28
23 1 44
14 1 41
1 2 43
3 1 38
30 1 54
3 8 44
22 1 21
69 2 30
20 2 73
37 2 1
30 1 15
? 1 github_java_program_data/31/44.java

14 2 11
75 2 51
37 1 21
3 2 18
39 8 40
14 8 41
70 1 30
3 1 37
14 1 43
15 8 30
12 8 30
19 1 3
21 8 43
43 2 1
70 8 23
10 1 1
48 1 19
70 1 69
13 8 11
21 1 3
32 2 5
30 8 70
44 8 23
23 1 20
42 8 19
11 8 16
38 1 19
23 8 54
1 8 13
3 5 1
16 2 17
16 1 11
19 8 75
44 1 9
50 1 51
11 1 1
41 8 69
3 8 44
41 1 19
3 2 41
37 1 19
3 2 5
1 2 37
3 8 11
51 1 21
3 2 43
50 1 41
23 2 1
72 2 48
10 8 14
52 2 48
3 8 19
23 2 50
43 2 3
14 1 10
19 1 1
41 8 11
14 8 17
43 8 11
38 1 1
11 8 15
3 4 1
20 1 19
1 8 11
19 1 4
32 8 21
75 1 19
39 1 8
44 1 10
3 8 21
54 1 23
16 8 18
23 8 52
38 8 3
72 8 73
4 2 1
9 8 44
23 1 54
18 2 3
32 2 4
41 1 14
73 1 48
14 1 3
39 1 23
3 8 14
5 2 32
41 1 21
1 11 3
21 8 48
1 1 37
4 2 32
1 8 21
21 1 4
3 2 13
72 1 23
8 8 39
73 8 30
15 1 11
5 8 19
30 1 56
3 2 4
56 8 30
21 1 1
51 2 61
18 8 44
21 8 38
54 8 30
51 2 75
50 1 61
4 2 3
13 1 1
5 2 3
21 8 41
19 8 20
11 8 41
50 8 54
44 1 30
21 8 37
38 1 21
19 8 41
19 1 5
54 8 23
21 8 51
50 2 30
52 8 53
1 8 39
69 1 41
9 2 10
1 1 3
51 8 69
4 8 21
3 1 1
8 2 1
11 1 3
61 1 21
20 8 23
11 2 14
12 1 14
56 6 44
11 1 41
37 2 38
1 1 4
44 1 3
1 2 5
53 8 30
1 2 23
13 2 1
18 1 17
50 2 23
43 1 19
11 1 43
1 8 19
61 2 48
41 2 51
1 5 3
53 1 52
11 8 12
43 1 21
37 2 3
61 2 51
54 2 56
53 1 48
69 1 75
17 2 16
21 1 5
41 1 11
30 1 53
41 2 3
44 13 56
1 8 10
75 8 69
1 1 38
41 2 48
18 1 16
19 8 43
30 1 12
18 2 30
48 2 52
61 8 50
10 2 9
1 12 3
41 8 50
3 2 37
23 8 72
3 8 13
50 1 48
54 1 30
10 8 44
56 1 21
48 2 72
21 8 61
30 8 44
61 1 19
23 8 39
13 2 3
54 1 50
48 2 61
1 8 3
39 1 1
38 2 1
44 1 18
4 1 1
69 8 70
43 8 14
19 1 42
1 2 8
5 8 21
73 1 72
48 8 50
21 8 56
30 2 50
19 8 48
48 2 41
5 2 1
30 8 54
54 2 15
17 8 18
51 2 41
69 1 51
14 8 12
48 8 73
37 8 3
13 1 3
1 2 4
1 2 38
38 2 37
3 2 10
40 1 39
56 2 54
30 2 18
30 1 73
12 1 11
37 1 1
30 2 69
48 1 21
19 8 37
1 2 13
48 8 53
12 2 15
51 8 50
1 4 3
15 2 12
19 8 61
4 8 19
52 1 23
17 1 14
21 1 32
23 1 44
11 1 13
1 2 43
10 2 3
3 1 38
30 1 54
37 2 1
19 8 38
69 2 30
15 2 54
23 1 70
30 1 15
? 1 github_java_program_data/31/46.java

3 8 10
30 8 72
23 8 45
4 2 42
69 1 43
3 2 18
39 8 40
26 8 28
40 1 2
3 8 45
21 1 42
28 1 26
30 1 12
25 2 23
51 2 72
11 8 43
12 8 30
19 1 3
70 8 23
4 2 3
70 1 69
16 1 14
32 2 5
8 2 10
3 2 28
73 1 51
42 8 19
11 8 16
53 1 48
41 1 11
1 8 13
3 5 1
50 8 70
16 1 11
1 2 18
51 2 75
50 1 51
3 8 44
41 1 19
25 1 17
4 8 19
4 2 32
51 1 21
23 8 70
3 2 43
4 8 3
33 2 1
34 8 21
1 8 14
30 1 20
3 8 19
70 2 15
43 2 3
19 1 1
14 8 17
43 8 11
73 2 22
22 2 53
28 2 1
23 2 25
15 2 12
43 1 14
20 1 19
5 8 3
20 1 21
1 2 4
3 8 13
44 1 10
30 1 70
1 8 29
70 2 22
16 8 18
23 8 52
8 2 13
21 8 26
19 8 27
30 1 53
69 8 54
38 2 1
48 8 69
17 1 11
3 8 11
23 1 54
18 2 3
38 2 3
51 8 53
5 2 42
1 2 28
14 1 3
39 1 23
3 8 14
73 8 30
53 2 22
48 2 72
53 1 51
1 1 37
44 1 1
13 8 14
51 1 19
3 2 13
72 1 23
8 8 39
3 8 34
1 8 44
15 1 11
5 8 19
3 2 4
18 8 44
30 1 22
39 2 2
56 8 30
54 8 30
21 1 1
50 1 61
1 8 2
19 8 20
11 8 41
1 2 33
13 2 3
51 2 61
21 8 38
30 8 45
51 8 73
1 2 13
45 13 56
52 8 53
3 2 8
69 1 41
21 1 29
44 8 23
4 8 21
3 1 1
20 8 30
61 1 21
30 2 25
13 8 45
56 6 44
11 1 41
1 1 4
53 8 30
13 2 1
1 1 5
25 1 16
26 1 21
1 2 25
51 2 43
53 1 52
11 8 12
72 2 51
13 2 8
44 1 13
14 8 15
69 1 75
13 1 1
28 2 3
21 1 5
29 2 5
15 1 14
41 2 3
1 8 10
27 8 28
56 1 19
19 8 22
21 8 22
14 1 43
5 2 34
18 2 30
48 2 52
61 8 50
23 1 22
1 12 3
29 1 3
56 8 23
78 8 30
20 2 12
11 8 15
18 2 1
54 1 30
10 8 44
12 8 23
45 1 13
21 8 61
30 8 44
54 1 50
48 2 61
1 8 3
44 1 18
22 2 70
25 8 45
19 8 41
20 2 54
41 2 1
33 2 3
73 1 72
48 8 50
14 8 43
11 1 1
70 1 23
30 8 54
17 8 18
5 2 29
43 2 51
14 8 12
28 1 27
54 2 20
56 6 45
34 8 19
15 8 23
13 1 3
1 14 3
1 2 38
75 2 48
13 8 44
70 2 20
44 2 45
8 2 9
43 2 48
22 1 21
23 1 56
30 2 69
12 2 53
48 1 21
1 11 3
21 8 20
3 2 33
48 2 43
43 8 50
19 8 61
52 1 23
17 1 14
21 1 32
56 1 21
11 1 13
70 1 50
27 8 33
51 2 52
75 1 21
3 2 10
21 8 75
44 1 8
19 1 34
48 8 73
29 2 4
75 2 51
37 1 21
21 2 19
33 1 27
70 1 30
3 1 37
2 8 40
43 8 69
15 8 30
29 1 1
37 1 1
21 8 43
53 2 12
43 2 1
10 1 1
48 1 19
1 8 34
10 1 3
13 8 11
1 1 3
22 8 30
21 1 3
25 2 30
30 8 70
45 1 30
51 8 69
23 1 20
1 2 41
19 8 23
38 1 19
30 1 56
1 2 10
16 2 17
41 1 21
19 8 75
44 1 9
41 2 48
10 2 8
23 1 70
14 8 16
41 8 69
22 2 73
10 2 1
3 2 41
27 1 19
37 1 19
3 2 5
1 2 37
38 1 1
25 2 3
11 1 3
50 1 41
58 8 23
19 1 29
20 2 56
19 8 51
72 2 48
10 8 14
23 2 50
14 1 10
19 2 21
9 2 13
19 8 26
23 1 45
29 8 19
42 8 21
3 7 1
40 1 39
1 8 11
19 1 4
32 8 21
39 1 8
3 1 5
45 1 3
54 1 23
20 2 22
17 8 25
41 8 11
4 2 1
12 2 20
45 8 23
34 1 33
23 1 21
32 2 4
41 1 14
15 2 70
3 1 4
73 1 48
21 1 34
5 2 32
21 8 51
23 1 58
21 8 48
33 1 26
33 8 34
25 2 1
1 8 21
21 1 4
23 1 12
41 8 14
73 8 23
27 1 21
29 8 21
30 1 78
28 8 29
3 2 38
16 8 25
3 4 1
58 1 19
45 1 9
42 2 4
18 1 17
19 1 23
5 2 3
15 2 73
50 8 54
44 1 30
26 1 19
21 8 37
38 1 21
21 8 41
43 1 11
45 1 23
19 1 5
23 1 53
54 8 23
1 8 45
52 2 48
23 2 3
3 8 29
26 2 27
54 1 69
23 8 54
32 8 19
39 1 3
20 8 23
23 1 19
12 1 14
11 8 17
37 2 38
23 1 73
44 1 3
1 2 5
20 2 70
1 5 3
45 2 44
23 8 19
50 2 23
43 1 19
11 1 43
27 2 26
1 8 19
3 8 21
61 2 48
19 8 58
19 8 56
8 2 3
22 1 19
10 8 11
43 1 21
37 2 3
54 2 56
56 2 20
72 1 30
17 2 16
53 8 23
73 2 15
48 2 75
44 13 56
75 8 69
45 1 25
1 1 38
18 1 16
19 8 43
13 2 9
9 2 8
14 1 13
2 2 39
41 8 50
34 1 1
3 2 37
11 1 10
23 8 72
42 2 5
75 1 19
50 1 48
38 8 3
22 2 20
72 8 73
45 1 1
5 1 1
14 1 1
61 1 19
23 8 39
21 8 23
50 1 43
2 1 1
10 2 3
4 1 1
30 8 52
69 8 70
43 8 14
19 1 42
21 8 27
52 1 30
5 8 21
21 8 56
9 8 45
19 8 48
48 2 41
5 2 1
9 8 44
54 2 15
4 2 29
69 1 51
37 8 3
19 1 32
69 1 48
34 2 5
34 1 3
61 2 51
56 2 54
1 7 3
30 2 18
30 1 73
12 1 11
3 8 39
70 8 30
26 8 33
1 4 3
52 2 51
19 8 37
48 8 53
12 2 15
51 8 50
8 8 44
29 1 28
3 2 25
38 2 37
23 1 44
14 1 41
1 2 43
14 8 41
3 2 23
3 1 38
30 1 54
23 1 15
22 8 23
19 8 38
69 2 30
15 2 54
37 2 1
30 1 15
? 1 github_java_program_data/31/524.java

3 8 10
40 1 2
8 8 39
4 2 42
69 1 43
3 2 18
39 8 40
26 8 28
51 1 21
21 1 42
28 1 26
14 1 43
11 8 43
19 1 3
70 8 23
4 2 3
70 1 69
32 2 5
8 2 10
3 2 28
11 8 12
53 1 48
41 1 11
1 8 13
3 5 1
23 1 22
16 1 11
50 1 51
10 8 44
3 8 44
41 1 19
4 8 19
23 1 70
23 8 70
3 2 43
4 8 3
20 2 22
1 8 14
1 1 37
3 8 19
43 2 3
19 1 1
43 8 11
1 8 21
39 1 3
20 1 19
5 8 3
20 1 21
3 8 13
44 1 10
30 1 70
1 8 29
16 8 18
23 8 52
21 8 26
19 8 27
69 8 54
48 8 69
9 8 44
23 1 54
18 2 3
5 2 42
12 2 54
20 2 15
14 1 3
3 8 14
23 2 69
30 1 20
4 2 32
5 1 1
3 2 13
3 2 33
3 8 34
41 1 21
27 1 21
5 8 19
3 2 4
18 8 44
30 1 22
39 2 6
40 1 6
21 1 1
50 1 61
1 8 2
3 2 30
19 8 20
11 8 41
1 2 33
51 2 61
21 8 75
43 2 48
1 2 13
50 2 30
52 8 53
30 1 44
3 2 8
69 1 41
21 1 29
4 8 21
3 1 1
20 8 30
19 1 29
42 8 21
15 2 20
11 1 41
1 1 4
13 2 1
1 1 5
26 1 21
41 2 51
51 2 43
53 1 52
42 8 19
14 8 15
69 1 75
28 2 3
21 1 5
15 1 14
41 2 3
1 8 10
69 8 70
27 8 28
19 8 22
21 8 22
41 2 48
5 2 34
48 2 52
22 2 54
11 8 16
50 8 70
1 12 3
29 1 3
20 2 12
15 2 12
54 1 30
3 8 11
12 8 23
21 8 61
54 1 50
1 8 3
44 1 18
21 8 41
20 2 54
41 2 1
33 2 3
14 8 43
11 1 1
70 1 23
30 8 54
43 2 51
14 8 12
28 1 27
54 2 20
44 1 23
41 8 69
1 2 41
13 1 3
1 14 3
75 2 48
30 2 50
70 2 20
8 2 9
22 1 21
30 2 69
12 2 53
48 1 21
1 11 3
21 8 20
6 8 40
48 2 43
43 8 50
19 8 61
52 1 23
21 1 32
11 1 13
4 2 29
10 2 3
43 8 69
75 1 21
3 2 10
33 2 1
70 2 22
14 2 11
29 2 4
37 1 21
33 1 27
3 1 37
2 8 40
43 1 14
37 1 1
21 8 43
53 2 12
43 2 1
10 1 1
48 1 19
1 8 34
10 1 3
13 8 11
1 1 3
22 8 30
21 1 3
34 8 21
23 1 20
15 8 23
38 1 19
30 2 3
1 2 10
19 1 32
19 8 75
44 1 9
19 1 34
10 2 8
12 2 20
29 1 1
34 8 19
10 2 1
3 2 41
27 1 19
37 1 19
1 2 37
52 2 48
1 2 4
50 1 41
61 1 21
19 8 51
10 8 14
23 2 50
14 1 10
39 1 30
19 8 26
29 8 19
38 1 1
3 7 1
40 1 39
1 8 11
19 1 4
32 8 21
39 1 8
3 1 5
34 2 5
18 2 23
41 8 11
4 2 1
54 2 12
34 1 33
32 2 4
41 1 14
13 1 115
15 2 70
3 1 4
2 2 6
21 1 34
1 2 5
21 8 51
6 1 1
21 8 48
33 1 26
33 8 34
28 2 1
21 1 4
23 1 12
23 8 44
41 8 14
30 8 39
29 8 21
28 8 29
21 8 38
6 2 2
3 4 1
42 2 4
13 1 1
5 2 3
50 8 54
26 1 19
21 8 37
38 1 21
19 8 41
43 1 11
19 1 5
23 1 53
54 8 23
70 2 15
1 8 6
3 8 29
54 1 69
32 8 19
54 2 22
11 1 3
20 8 23
11 2 14
1 2 115
12 1 14
5 2 4
44 1 3
5 2 32
20 2 70
1 5 3
50 2 23
43 1 19
11 1 43
1 8 19
3 8 21
8 8 44
8 2 3
22 1 19
61 8 50
48 2 75
43 1 21
37 2 3
23 2 18
53 8 23
1 7 3
75 8 69
44 1 8
1 1 38
18 1 16
19 8 43
115 8 13
9 2 8
41 8 50
34 1 1
3 2 37
42 2 5
75 1 19
38 8 3
22 2 20
37 2 38
53 2 22
51 1 19
22 2 53
61 1 19
3 2 5
13 2 3
70 1 50
50 1 43
2 1 1
27 8 33
4 1 1
69 2 23
115 2 1
43 8 14
19 1 42
21 8 27
5 8 21
19 8 48
48 2 41
5 2 1
51 2 41
3 1 38
37 8 3
4 2 5
14 1 1
69 1 48
34 1 3
61 2 51
12 1 11
3 8 39
70 8 30
26 8 33
1 4 3
19 8 37
48 8 53
12 2 15
51 8 50
6 2 39
22 2 70
29 1 28
38 2 37
14 1 41
1 2 43
14 8 41
44 8 30
23 1 15
22 8 23
19 8 38
1 2 28
37 2 1
69 2 30
? 1 github_java_program_data/31/533.java

3 8 10
40 1 2
23 8 45
4 2 42
39 2 6
3 2 18
39 8 40
26 8 28
51 1 21
21 1 42
28 1 26
14 1 43
25 2 23
24 1 3
9 8 11
8 8 14
12 8 30
19 1 3
77 8 64
14 1 9
4 2 3
1 8 31
5 2 29
32 2 5
8 2 10
3 2 28
73 1 51
42 8 19
11 8 16
24 1 18
41 1 11
1 8 13
3 5 1
16 1 11
1 2 18
51 2 75
53 2 15
50 1 51
3 8 44
41 1 19
2 2 6
25 1 17
4 8 19
4 2 32
21 8 58
3 8 45
23 8 70
3 2 43
70 1 69
4 8 3
33 2 1
1 8 14
14 1 8
3 8 19
43 2 3
19 1 1
14 8 17
43 8 11
5 2 34
28 2 1
66 8 44
15 2 12
45 1 9
20 1 19
44 2 31
5 8 3
12 2 24
20 1 21
30 1 70
3 8 21
31 1 1
16 8 18
8 2 13
21 8 26
77 2 63
19 8 27
23 8 31
38 2 1
3 2 33
58 6 44
23 1 54
18 2 3
38 2 3
51 8 53
5 2 42
63 2 77
1 2 28
14 1 3
3 8 14
73 8 30
6 1 3
7 8 40
53 1 51
30 1 20
44 1 1
13 8 14
5 1 1
3 2 13
72 1 23
8 8 39
3 8 34
41 1 21
15 1 11
5 8 19
5 2 4
3 2 4
51 2 61
18 8 44
30 1 22
11 1 8
70 2 73
58 1 21
21 1 1
50 1 61
1 8 2
30 8 39
19 8 20
11 8 41
1 2 33
13 2 3
40 1 7
21 8 38
24 2 31
21 8 75
51 8 73
1 2 13
50 2 30
52 8 53
30 1 44
1 8 39
3 2 8
69 1 41
21 1 29
15 2 53
31 8 30
4 8 21
3 1 1
27 1 19
19 1 29
13 8 45
31 1 25
15 2 20
11 1 41
1 1 4
40 1 6
64 2 1
77 1 1
13 2 1
1 1 5
25 1 16
26 1 21
1 2 25
41 2 51
10 8 45
53 1 52
22 1 19
72 2 51
13 2 8
44 1 13
24 2 12
53 1 48
69 1 75
11 8 12
7 1 1
21 1 5
6 2 7
29 2 5
15 1 14
41 2 3
1 8 10
24 1 8
9 2 10
19 8 22
21 8 22
30 1 12
45 1 10
18 2 30
48 2 52
64 8 39
24 8 30
23 1 22
29 1 3
50 8 54
56 8 23
11 8 15
18 2 1
54 1 30
3 8 11
12 8 23
26 1 19
45 1 13
30 8 44
54 1 50
48 2 61
41 2 1
1 8 3
3 8 66
24 1 23
44 1 18
25 8 45
19 8 41
1 12 3
1 2 8
45 8 30
33 2 3
73 1 72
48 8 50
1 14 3
29 1 1
3 8 24
30 8 54
17 8 18
34 2 4
14 8 12
19 1 5
53 2 56
41 8 69
15 8 23
13 1 3
1 2 38
38 2 37
30 2 50
28 8 29
54 8 23
44 2 45
63 8 64
9 2 65
3 2 41
56 2 53
37 1 1
23 1 56
22 2 12
12 2 53
31 2 44
48 1 21
70 1 23
1 11 3
21 8 20
6 8 40
23 2 69
19 8 61
45 1 25
21 1 32
11 1 13
51 2 41
27 8 33
51 2 52
69 1 51
75 1 21
3 2 10
19 1 34
48 8 73
14 2 11
4 2 34
29 2 4
75 2 51
15 2 22
37 1 21
33 1 27
28 2 3
37 2 3
3 1 37
2 8 40
1 1 37
15 8 30
45 2 44
21 8 43
53 2 12
43 2 1
10 1 1
1 8 34
10 1 3
13 8 11
22 8 30
21 1 3
19 8 51
3 8 7
51 8 69
23 1 20
1 2 41
8 2 1
38 1 19
12 2 22
1 2 10
51 2 72
39 1 1
41 2 48
10 2 8
5 2 32
11 1 1
34 8 19
10 2 1
7 1 3
64 1 77
20 8 30
37 1 19
3 2 5
1 2 37
52 2 48
25 2 3
1 2 4
8 8 24
50 1 41
15 2 73
34 8 21
72 2 48
10 8 14
25 8 31
14 1 10
31 2 24
41 8 11
16 2 17
29 8 19
6 1 1
3 7 1
40 1 39
3 8 6
1 8 11
19 1 4
32 8 21
39 1 8
3 1 5
45 1 3
17 2 16
1 2 64
18 2 23
17 8 25
1 8 77
19 8 26
4 2 1
34 1 33
31 1 9
32 2 4
41 1 14
65 2 9
3 1 4
17 1 14
73 1 48
18 8 24
21 1 34
9 2 1
21 8 51
38 1 1
21 8 48
30 1 24
33 1 26
33 8 34
25 2 1
1 8 21
21 1 4
23 2 25
23 1 12
41 8 14
73 8 23
27 1 21
29 8 21
44 1 66
39 1 64
30 1 58
3 2 38
16 8 25
6 2 2
3 4 1
9 8 31
42 2 4
18 1 17
13 1 1
5 2 3
73 2 70
66 1 3
44 1 30
3 8 65
21 8 37
38 1 21
21 8 41
45 1 23
11 1 43
28 1 27
23 1 53
13 8 44
1 8 6
3 8 29
26 2 27
1 1 3
44 13 58
32 8 19
54 2 22
11 1 3
65 8 45
20 8 23
10 2 9
9 2 13
12 1 14
37 2 38
44 1 3
1 2 5
1 5 3
1 8 7
65 1 3
43 1 19
11 1 9
27 2 26
1 8 19
1 8 29
61 2 48
23 1 73
8 2 3
9 8 14
61 8 50
10 8 11
43 1 21
39 1 30
20 2 53
58 8 30
63 1 3
23 2 18
23 8 24
8 2 66
53 8 23
73 2 15
1 7 3
75 8 69
44 1 8
1 1 38
18 1 16
19 8 43
30 1 45
13 2 9
30 2 18
14 1 13
41 8 50
34 1 1
3 2 37
11 1 10
23 8 72
42 2 5
3 8 13
50 1 48
38 8 3
22 2 20
66 2 8
22 1 21
72 8 73
48 2 72
51 1 19
14 1 1
61 1 19
14 8 15
1 8 44
64 2 30
3 8 63
2 1 1
10 2 3
4 1 1
69 2 23
30 8 52
69 8 70
43 8 14
19 1 42
21 8 27
31 1 23
52 1 30
22 2 15
5 8 21
9 8 45
48 2 41
5 2 1
54 2 15
1 2 9
4 2 29
42 8 21
8 8 11
3 1 38
37 8 3
4 2 5
19 1 32
53 2 20
22 2 54
34 2 5
34 1 3
61 2 51
64 1 63
30 1 73
12 1 11
7 2 6
70 8 30
26 8 33
1 4 3
52 2 51
19 8 37
48 8 53
30 2 64
12 2 15
51 8 50
6 2 39
8 8 44
29 1 28
20 2 22
30 1 31
45 1 65
14 1 41
1 2 43
14 8 41
15 2 54
44 8 30
27 8 28
11 2 14
23 1 15
22 8 23
19 8 38
3 2 25
20 2 15
37 2 1
30 1 15
? 1 github_java_program_data/31/555.java

3 8 10
30 8 72
23 8 45
22 2 12
4 2 42
69 1 43
3 2 18
14 8 41
40 1 2
51 1 21
21 1 42
28 1 26
14 1 43
3 8 64
22 2 58
11 8 43
12 8 30
19 1 3
70 8 23
4 2 3
40 1 7
58 2 22
5 2 29
32 2 5
22 2 54
3 2 28
73 1 51
42 8 19
61 8 50
41 1 11
1 8 13
3 5 1
23 1 22
16 1 11
51 2 75
50 1 51
26 8 28
41 1 19
4 8 19
23 2 69
3 8 45
23 8 70
3 2 43
70 1 69
4 8 3
33 2 1
12 2 22
1 8 14
3 8 19
43 2 3
19 1 1
4 2 32
43 8 11
5 2 34
22 2 53
28 2 1
15 2 12
43 8 69
20 1 19
5 8 3
20 1 21
75 1 19
30 1 70
1 8 29
70 2 22
16 8 18
1 5 3
38 8 3
72 8 73
69 8 54
38 2 1
48 8 69
9 8 44
23 1 54
18 2 3
38 2 3
51 8 53
5 2 42
10 2 3
1 2 28
14 1 3
39 1 23
3 8 14
1 8 44
7 8 40
53 1 51
1 1 37
44 1 1
13 8 14
5 1 1
3 2 13
30 1 53
3 2 33
3 8 34
41 1 21
15 1 11
5 8 19
3 2 4
28 2 64
30 1 22
54 8 30
40 1 6
28 8 29
50 1 61
1 8 2
3 2 30
23 8 39
19 8 20
11 8 41
1 2 33
51 2 61
1 8 34
21 8 75
51 8 73
1 2 13
50 2 30
52 8 53
3 2 8
69 1 41
21 1 29
67 1 8
44 8 23
4 8 21
3 1 1
8 2 1
19 1 29
30 2 25
26 1 21
15 2 20
11 1 41
1 1 4
9 2 3
30 8 67
1 1 5
1 2 25
41 2 51
10 8 45
53 1 52
22 1 19
9 8 10
3 2 5
69 1 75
11 8 12
7 1 1
21 1 5
6 2 7
29 2 5
15 1 14
41 2 3
1 8 10
27 8 28
41 2 48
19 8 22
21 8 22
30 1 12
25 8 44
30 2 3
64 8 39
11 8 16
50 8 70
1 12 3
29 1 3
20 2 12
11 8 15
3 8 11
12 8 23
3 4 1
21 8 61
30 8 44
21 1 39
29 1 33
54 1 50
48 2 61
45 8 30
1 8 3
44 1 65
5 2 39
19 8 41
20 2 54
10 2 8
41 2 1
28 2 23
33 2 3
73 1 72
48 8 50
14 8 43
11 1 1
70 1 23
67 1 3
58 6 45
34 2 4
67 1 30
14 8 12
28 1 27
54 2 20
34 8 19
1 2 41
13 1 3
1 14 3
1 2 38
39 8 21
30 2 50
45 1 3
54 8 23
70 2 20
9 2 65
8 2 9
43 2 48
22 1 21
30 2 69
12 2 53
48 1 21
1 11 3
33 8 29
6 8 40
19 8 27
43 8 50
19 8 61
21 1 32
67 8 40
11 1 13
70 1 50
10 1 8
51 2 52
28 8 34
69 1 51
75 1 21
3 2 10
7 2 67
19 1 34
43 2 51
28 8 39
23 1 70
4 2 34
29 2 4
37 1 21
3 2 9
33 1 27
28 2 3
70 1 30
3 1 37
2 8 40
43 1 14
42 2 5
15 8 30
37 1 1
21 8 43
53 2 12
43 2 1
75 2 48
10 1 1
48 1 19
13 1 8
10 1 3
8 2 10
13 8 11
1 1 3
22 8 30
21 1 3
25 2 30
30 8 70
51 8 69
23 1 20
15 8 23
38 1 19
30 1 56
1 2 10
51 2 72
19 8 75
44 1 9
1 2 8
12 2 20
29 1 1
64 1 3
41 8 69
10 2 1
65 8 44
3 2 41
45 1 18
27 1 19
37 1 19
8 8 13
1 2 37
75 2 51
11 1 3
50 1 41
61 1 21
34 8 21
10 8 14
23 2 50
14 1 10
19 8 26
70 2 12
29 8 19
6 1 1
3 7 1
61 2 51
1 8 11
19 1 4
32 8 21
39 1 28
3 1 5
1 8 65
54 1 23
20 2 22
41 8 11
4 2 1
8 8 45
34 1 33
19 8 51
32 2 4
41 1 14
65 2 9
3 1 4
2 2 6
64 2 28
21 1 34
5 2 32
21 8 51
38 1 1
4 2 29
21 8 48
33 1 26
53 8 30
33 8 34
25 2 1
1 8 21
21 1 4
23 1 12
41 8 14
73 8 23
27 1 21
29 8 21
56 8 30
21 1 1
30 1 58
3 2 38
21 8 38
13 2 1
6 2 2
45 1 9
23 1 15
42 2 4
44 1 13
13 1 1
12 2 70
5 2 3
50 8 54
44 1 30
26 1 19
21 8 37
38 1 21
21 8 41
43 1 11
45 1 23
19 1 5
13 8 44
70 2 15
1 8 6
39 1 64
23 2 28
3 8 29
54 1 69
23 8 54
21 8 20
32 8 19
54 2 22
1 2 4
20 8 23
9 2 13
12 1 14
5 2 4
1 2 5
20 2 70
51 2 43
1 8 7
50 2 23
43 1 19
11 1 43
1 8 19
3 8 21
61 2 48
23 1 73
8 2 3
10 8 11
43 1 21
37 2 3
72 1 30
23 2 18
45 1 8
8 8 10
48 2 75
75 8 69
1 1 38
18 2 23
18 1 16
19 8 43
30 1 45
13 2 9
9 2 8
14 1 13
41 8 50
34 1 1
3 2 37
11 1 10
3 8 67
3 8 13
50 1 48
21 8 26
22 2 20
53 2 22
51 1 19
14 1 1
61 1 19
14 8 15
13 2 3
72 2 51
58 8 30
50 1 43
2 1 1
34 1 28
40 1 67
27 8 33
4 1 1
69 2 23
30 8 52
69 8 70
43 8 14
19 1 42
21 8 27
52 1 30
10 1 9
5 8 21
9 8 45
19 8 48
48 2 41
5 2 1
51 2 41
42 8 21
37 8 3
45 13 58
4 2 5
19 1 32
67 2 7
69 1 48
34 2 5
34 1 3
39 2 5
1 7 3
12 1 11
7 2 6
70 8 30
26 8 33
1 4 3
52 2 51
19 8 37
45 1 10
12 2 15
51 8 50
22 2 70
29 1 28
65 1 1
48 2 43
23 1 44
14 1 41
1 2 43
15 2 70
8 8 67
3 1 38
30 1 54
18 8 45
22 8 23
44 1 25
19 8 38
69 2 30
20 2 15
37 2 1
30 1 15
? 1 github_java_program_data/31/77.java

3 8 10
40 1 2
57 8 97
4 2 42
69 1 43
26 8 28
51 1 21
21 1 42
28 1 26
14 1 43
23 8 45
49 1 21
51 2 72
11 8 43
8 8 14
12 8 30
19 1 3
70 8 23
4 2 3
27 2 26
33 1 27
37 2 3
32 2 5
8 2 10
3 2 28
73 1 51
11 8 12
53 1 48
41 1 11
1 8 13
3 5 1
50 8 70
16 1 11
1 2 18
51 2 75
53 2 15
50 1 51
14 8 41
23 2 87
41 1 19
25 1 17
4 8 19
4 2 32
23 1 70
23 8 70
3 2 43
4 8 3
33 2 1
2 1 3
1 8 14
1 1 37
3 8 19
70 2 15
43 2 3
19 1 1
39 2 44
14 8 17
43 8 11
5 2 34
28 2 1
15 2 12
87 8 44
43 1 14
20 1 19
5 8 3
12 2 24
20 1 21
3 8 13
23 1 74
30 1 70
1 8 29
16 8 18
23 8 52
1 5 3
15 8 30
38 8 3
69 8 54
38 2 1
48 8 69
17 1 11
9 8 44
23 1 54
53 2 20
38 2 3
51 8 53
5 2 42
10 2 3
12 2 54
87 2 23
1 2 28
14 1 3
69 2 30
3 8 14
1 8 44
49 8 14
23 2 69
48 2 72
53 1 51
30 1 20
44 1 1
13 8 14
5 1 1
3 2 13
30 1 53
8 8 39
3 8 34
41 1 21
15 1 11
5 8 19
60 1 19
3 2 4
18 8 44
30 1 22
11 1 8
54 8 30
30 1 71
30 2 50
24 1 1
21 1 1
50 1 61
30 8 39
19 8 20
11 8 41
1 2 33
51 2 61
16 8 25
21 8 75
21 8 57
48 2 61
51 8 73
1 2 13
50 2 30
23 1 15
69 1 41
21 1 29
67 1 8
57 1 21
15 2 53
9 2 10
51 8 69
4 8 21
3 1 1
20 8 30
75 2 51
19 1 29
65 2 9
42 8 21
11 1 41
1 1 4
53 8 30
1 2 23
72 1 21
1 1 5
25 1 16
26 1 21
1 2 25
41 2 51
10 8 45
53 1 52
22 1 19
9 8 10
9 8 39
44 1 13
24 2 12
14 8 15
69 1 75
44 1 87
28 2 3
21 1 5
29 2 5
15 1 14
41 2 3
1 8 10
1 2 10
1 2 8
24 1 8
56 1 19
19 8 22
21 8 22
30 1 12
9 8 11
48 2 52
64 8 39
11 8 16
23 1 22
70 2 12
29 1 3
56 8 23
20 2 12
11 8 15
18 2 1
54 1 30
3 8 11
12 8 23
71 8 30
3 4 1
21 8 61
76 8 110
54 1 50
14 1 49
41 2 1
1 8 3
44 1 18
18 2 87
72 2 76
110 8 21
21 8 41
1 12 3
10 2 8
45 8 30
54 2 70
33 2 3
30 2 25
48 8 50
73 8 30
11 1 1
70 1 23
30 8 54
17 8 18
5 2 29
34 2 4
14 8 12
28 1 27
67 1 1
44 1 23
41 8 69
15 8 23
13 1 3
14 8 43
67 1 23
1 2 38
75 2 48
54 8 23
75 8 50
13 8 44
19 8 76
70 2 20
9 2 65
8 2 9
43 2 48
37 1 1
23 1 56
30 2 69
12 2 70
48 1 21
21 8 20
3 2 33
76 2 72
19 8 27
43 8 50
19 8 61
52 1 23
17 1 14
21 1 32
67 8 40
11 1 13
1 8 63
27 8 33
51 2 52
23 8 67
75 1 21
72 1 19
23 2 1
19 1 34
43 2 51
4 2 34
29 2 4
14 1 8
37 1 21
3 2 9
16 1 14
39 8 23
39 1 3
70 1 30
3 1 37
97 1 57
2 8 40
43 8 69
51 2 41
50 1 75
29 1 1
64 2 3
26 8 87
21 8 43
43 2 1
10 1 1
48 1 19
1 8 34
10 1 3
13 8 11
1 1 3
22 8 30
21 1 3
25 2 30
30 8 70
97 1 72
23 1 20
1 2 41
8 2 1
38 1 19
49 2 1
51 8 97
70 2 54
16 2 17
69 2 23
19 8 75
44 1 9
41 2 48
30 8 24
12 2 20
14 8 16
34 8 19
56 6 44
10 2 1
63 8 64
3 2 41
45 1 18
27 1 19
1 2 37
19 8 60
1 2 4
8 8 24
50 1 41
15 2 73
61 1 21
20 2 56
34 8 21
72 2 48
10 8 14
23 2 50
14 1 10
64 2 30
41 8 11
19 1 97
29 8 19
38 1 1
3 7 1
60 8 23
61 2 51
67 2 2
1 8 11
19 1 4
32 8 21
39 1 8
1 8 24
3 1 5
1 8 65
54 1 23
20 2 22
17 8 25
19 8 26
23 1 39
19 8 38
54 2 12
34 1 33
19 8 51
32 2 4
41 1 14
15 2 70
3 1 4
44 8 23
21 1 34
5 2 32
44 2 39
21 8 51
1 11 3
21 8 48
30 1 24
33 1 26
9 2 3
33 8 34
25 2 1
1 8 21
21 1 4
21 8 72
23 1 60
23 1 12
23 8 44
41 8 14
8 8 67
27 1 21
29 8 21
28 8 29
3 2 38
21 8 38
63 1 1
24 8 30
110 1 48
45 1 9
42 2 4
18 1 17
13 1 1
42 8 19
5 2 3
50 8 54
26 1 19
21 8 37
38 1 21
19 8 41
43 1 11
45 1 23
11 1 43
19 1 5
23 1 53
52 8 73
1 8 45
12 2 44
20 2 53
39 1 64
97 1 51
52 2 48
76 1 19
3 8 29
26 2 27
54 1 69
23 8 54
32 8 19
54 2 22
11 1 3
65 8 45
20 8 23
10 2 9
9 2 13
87 2 18
12 1 14
2 2 67
30 2 64
54 2 15
5 2 4
3 2 64
1 2 5
20 2 70
51 2 43
24 1 25
72 8 97
50 2 23
43 1 19
11 1 9
1 8 67
1 8 19
3 8 21
61 2 48
11 8 17
19 8 56
61 8 50
74 8 23
10 8 11
43 1 21
39 1 30
87 1 26
56 2 20
23 2 18
21 8 49
53 8 23
73 2 15
72 2 51
44 13 56
110 1 72
75 8 69
44 1 8
1 1 38
52 8 53
18 1 16
19 8 43
30 1 45
17 2 16
13 2 9
44 2 12
9 2 8
14 1 13
41 8 50
34 1 1
3 2 37
11 1 10
19 8 72
42 2 5
75 1 19
50 1 48
21 8 26
22 2 20
23 1 44
45 2 24
45 1 1
51 1 19
14 1 1
3 8 2
61 1 19
3 2 5
13 2 3
18 2 23
25 8 24
70 1 50
50 1 43
40 1 67
13 2 1
4 1 1
4 2 1
30 8 52
43 8 14
19 1 42
21 8 27
24 2 45
52 1 30
10 1 9
5 8 21
73 1 52
48 2 75
9 8 45
1 4 3
19 8 48
48 2 41
5 2 1
48 8 110
97 8 19
4 2 29
69 1 51
8 8 11
57 2 72
37 8 3
110 1 76
4 2 5
19 1 32
22 2 54
69 1 48
34 2 5
34 1 3
3 2 10
64 1 63
1 7 3
30 1 73
12 1 11
3 8 39
70 8 30
26 8 33
72 2 57
52 2 51
24 1 30
48 8 53
45 1 10
12 2 15
51 8 50
8 8 44
1 2 49
29 1 28
30 1 54
65 1 1
39 1 9
1 14 3
48 2 43
45 1 65
14 1 41
1 2 43
21 1 110
3 1 38
27 8 28
18 8 45
22 8 23
22 1 21
72 8 110
15 2 54
37 2 1
30 1 15
? 1 github_java_program_data/31/86.java

3 8 10
40 1 2
23 8 45
4 2 42
3 2 18
19 8 43
26 8 28
21 1 42
28 1 26
14 1 43
84 1 89
24 1 3
12 8 30
19 1 3
77 8 64
70 8 23
4 2 3
40 1 7
16 1 14
32 2 5
3 8 27
11 8 12
11 8 16
41 1 11
1 8 13
3 5 1
50 8 70
16 1 11
51 2 75
10 8 44
14 8 41
41 1 19
25 1 17
4 8 19
23 2 69
21 8 58
23 1 70
3 2 43
4 8 3
20 2 22
1 8 14
1 1 37
3 8 19
43 2 3
19 1 1
39 2 44
25 2 23
14 8 17
43 8 11
28 2 1
23 2 25
3 4 1
20 1 19
23 2 83
5 8 3
20 1 21
89 8 84
44 1 10
30 1 70
1 8 29
58 2 54
16 8 18
1 8 98
15 8 30
38 8 3
69 8 54
64 8 67
64 2 23
8 8 39
17 1 11
9 8 44
23 1 54
18 2 3
38 2 3
5 2 42
3 2 28
1 2 28
14 1 3
42 8 19
3 8 14
27 2 26
6 1 3
54 2 58
7 8 40
45 1 1
22 2 84
30 1 20
4 2 32
42 8 21
5 1 1
3 2 13
39 1 9
3 8 34
25 8 83
41 1 21
27 1 21
5 8 19
5 2 4
3 2 4
18 8 44
30 1 22
15 2 24
54 8 30
40 1 6
58 1 21
50 1 61
1 8 2
8 2 9
19 8 20
11 8 41
1 2 33
80 2 3
16 8 25
21 8 75
84 1 83
1 2 13
50 2 30
11 2 14
3 2 8
69 1 41
67 1 8
9 2 10
44 8 23
4 8 21
3 1 1
20 8 30
19 1 29
13 8 45
1 1 33
56 6 44
11 1 41
30 2 80
1 1 4
69 2 23
9 2 3
77 1 1
13 2 1
1 1 5
25 1 16
26 1 21
24 2 15
41 2 51
1 5 3
22 1 19
89 2 83
9 8 39
3 2 5
69 1 75
7 1 1
21 1 5
6 2 7
29 2 5
15 1 14
41 2 3
1 8 10
1 2 10
27 8 28
41 2 48
19 8 22
30 1 12
5 2 34
18 2 30
22 2 54
24 8 30
23 1 22
29 1 3
15 2 12
18 2 1
65 2 8
54 1 30
3 8 11
45 1 13
21 8 61
30 8 44
89 1 23
26 1 3
29 1 33
54 1 50
48 2 61
41 2 1
1 8 3
24 1 23
44 1 18
84 2 20
22 2 70
19 8 41
1 12 3
45 8 30
33 2 3
45 1 23
48 8 50
1 14 3
14 8 16
3 8 24
30 8 54
17 8 18
67 1 3
5 2 29
34 2 4
14 8 12
80 1 98
23 8 67
1 2 41
13 1 3
84 8 30
3 8 44
30 2 50
28 8 29
98 8 80
70 2 20
44 2 39
54 2 22
64 1 77
45 2 12
37 1 1
12 2 70
48 1 21
1 11 3
33 8 29
6 8 40
30 8 83
19 8 61
17 1 14
21 1 32
67 8 40
56 1 21
11 1 13
70 1 50
10 2 3
28 8 34
75 1 21
80 2 30
3 2 10
33 2 1
70 2 22
14 2 11
4 2 34
29 2 4
37 1 21
3 2 9
33 1 27
39 8 23
70 1 30
3 1 37
2 8 40
39 1 3
42 2 5
83 1 25
29 1 1
64 2 3
21 8 43
30 2 25
43 2 1
10 1 1
48 1 19
1 8 34
10 1 3
12 2 45
13 8 11
1 1 3
22 8 30
3 8 6
25 2 30
30 8 70
51 8 69
23 1 20
38 1 19
30 1 56
1 1 28
80 8 39
44 1 9
13 2 8
28 1 1
11 1 1
41 8 69
39 1 80
10 2 1
1 2 38
3 2 41
45 1 18
1 8 77
37 1 19
1 2 37
75 2 51
1 2 4
30 1 84
27 1 3
50 1 41
58 8 23
61 1 21
20 2 56
34 8 21
10 8 14
84 2 22
14 1 10
41 8 11
16 2 17
29 8 19
38 1 1
3 7 1
5 2 32
1 8 11
19 1 4
32 8 21
39 1 8
28 1 27
3 1 5
1 8 65
54 1 23
18 2 23
17 8 25
19 8 26
4 2 1
8 8 45
70 2 12
19 8 51
32 2 4
41 1 14
3 1 4
2 2 6
21 1 34
1 2 5
23 8 89
23 1 58
4 2 29
21 8 48
30 1 24
33 1 26
1 2 18
1 8 21
21 1 4
3 2 33
30 8 39
56 8 30
21 1 1
3 2 38
21 8 38
6 2 2
70 8 30
42 2 4
18 1 17
13 1 1
3 8 26
5 2 3
50 8 54
44 1 30
26 1 19
21 8 37
43 1 19
21 8 41
23 8 84
19 1 5
54 8 23
1 8 45
23 2 64
3 2 80
3 8 29
26 2 27
54 1 69
23 8 54
21 8 20
32 8 19
33 1 1
11 1 3
65 8 45
20 8 23
10 2 9
8 2 65
12 1 14
37 2 38
3 2 64
44 1 3
98 1 1
20 2 70
24 1 25
38 1 21
11 1 43
1 8 19
3 8 21
61 2 48
11 8 17
67 1 64
84 1 23
61 8 50
10 8 11
43 1 21
39 1 30
56 2 20
83 1 30
23 2 18
17 2 16
18 8 89
1 7 3
44 13 56
75 8 69
1 1 38
18 1 16
37 2 3
30 1 45
30 2 18
41 8 50
34 1 1
3 2 37
11 1 10
3 8 67
3 8 13
50 1 48
21 8 26
22 2 20
45 1 65
89 1 18
51 1 19
14 1 1
61 1 19
14 8 15
13 2 3
25 8 24
38 2 1
2 1 1
34 1 28
40 1 67
27 8 33
4 1 1
23 1 39
28 2 3
43 8 14
19 1 42
21 8 27
23 8 24
58 6 45
5 8 21
21 8 56
1 4 3
19 8 48
48 2 41
5 2 1
83 2 89
51 2 41
69 1 51
37 8 3
45 13 58
4 2 5
19 1 32
67 2 7
20 2 84
34 2 5
34 1 3
12 1 11
83 8 84
7 2 6
3 8 39
67 1 23
26 8 33
83 2 23
8 2 3
19 8 37
8 2 13
12 2 15
1 8 7
19 8 38
29 1 28
65 1 1
9 2 8
38 2 37
23 1 44
25 2 3
1 2 43
8 8 67
3 1 38
30 1 54
18 8 45
22 8 23
7 2 67
45 1 8
3 2 25
21 1 3
37 2 1
30 1 15
? 1 github_java_program_data/31/9.java

