11 1 13
16 1 14
45 2 24
21 1 42
73 8 23
30 8 52
8 2 1
41 2 1
15 2 53
15 1 11
34 8 21
10 2 8
43 8 50
80 2 3
34 1 1
1 2 5
5 2 29
5 2 3
96 8 64
77 8 64
2 1 1
30 1 12
48 2 41
3 8 13
23 2 69
33 2 3
23 1 73
21 8 48
1 2 41
4 8 21
29 1 1
3 1 1
1 2 37
30 2 64
43 2 3
10 1 9
9 2 1
51 1 19
52 2 51
53 1 57
3 4 1
50 1 51
19 1 5
7 2 6
3 8 21
26 8 28
31 8 23
1 7 3
30 2 18
3 2 49
3 2 18
3 2 5
66 2 13
1 8 11
23 1 20
10 2 65
12 2 24
11 1 1
44 1 9
9 8 10
29 2 5
21 8 27
15 8 23
69 2 23
27 2 26
11 8 43
31 2 44
21 1 3
48 1 19
64 8 39
1 1 33
39 2 67
65 1 3
19 8 56
65 8 45
88 2 18
53 2 12
17 8 25
44 1 30
6 1 1
69 8 70
22 2 12
57 1 23
73 2 22
23 1 12
21 1 34
34 1 3
23 2 80
67 1 30
26 1 3
1 8 10
18 8 45
34 1 33
11 1 49
5 2 34
1 12 3
10 8 14
72 2 51
33 1 1
23 8 72
52 2 48
13 8 11
51 2 52
22 8 30
21 1 4
44 1 87
32 8 21
52 2 76
48 2 30
19 8 51
49 8 11
14 8 12
21 8 51
61 2 48
23 1 53
3 8 11
29 1 28
1 8 2
72 8 73
50 1 41
50 1 61
21 8 41
44 2 45
67 1 80
14 1 1
19 1 42
30 8 54
80 2 23
8 8 24
3 1 33
21 8 43
1 8 19
1 11 3
41 8 50
28 1 27
30 1 39
43 1 11
3 2 41
19 1 1
37 8 3
29 8 19
3 8 31
29 1 33
21 8 20
1 2 64
55 8 23
8 8 44
49 1 19
67 1 3
3 8 66
30 2 48
45 1 10
30 1 67
80 1 63
43 2 51
1 2 10
3 2 4
53 1 51
54 1 30
8 8 67
61 1 19
44 2 31
26 8 88
51 8 73
88 8 45
41 8 11
15 2 44
8 2 3
41 1 11
12 1 14
25 2 3
51 2 75
23 2 88
64 2 1
30 8 67
23 1 31
56 8 23
1 2 4
1 8 7
44 1 8
18 2 30
54 2 22
18 1 16
44 1 18
54 8 23
1 2 8
45 1 13
27 8 33
3 2 33
28 1 1
8 2 65
17 1 14
1 8 39
44 1 10
1 1 3
9 2 10
33 8 34
3 8 26
48 2 52
50 1 75
4 2 32
10 8 11
11 1 3
6 8 40
20 1 21
24 2 45
11 8 17
3 7 1
55 2 12
65 2 10
75 1 19
31 1 23
25 2 23
56 1 19
30 2 3
66 1 3
70 2 12
30 1 20
73 2 55
9 8 44
14 1 3
53 8 23
14 1 13
41 2 48
37 2 1
23 2 87
33 2 1
23 8 70
12 8 23
1 8 26
13 8 45
19 1 34
1 4 3
67 8 30
28 8 29
41 2 3
14 1 10
15 8 30
13 1 3
7 1 1
10 2 9
13 2 66
11 1 41
19 8 48
41 8 14
25 1 17
1 2 13
39 1 30
21 1 5
73 1 51
3 8 27
4 8 19
8 2 13
7 8 40
8 2 9
67 1 8
11 8 12
56 6 45
4 2 3
23 8 76
31 1 25
23 8 57
31 1 3
4 2 42
13 1 1
33 1 27
23 1 56
15 2 54
15 1 14
34 1 28
3 8 14
19 1 29
19 8 22
43 2 1
48 1 21
3 2 25
1 14 3
26 1 1
1 8 29
15 2 20
3 2 13
19 1 3
32 2 5
24 2 12
20 8 23
30 1 22
43 1 21
67 8 40
48 8 55
48 8 50
12 8 30
18 2 23
3 1 5
8 2 10
11 1 43
4 8 3
88 2 23
23 1 22
1 8 14
27 1 21
23 2 25
3 2 80
14 8 15
45 1 18
57 2 52
50 1 43
55 1 48
55 1 30
45 1 23
23 1 15
10 1 3
3 8 77
12 2 20
19 8 27
64 2 30
24 8 30
19 8 49
10 8 44
40 1 7
5 8 3
1 2 9
30 8 39
45 13 56
25 8 44
5 2 1
3 8 34
24 1 30
44 2 24
44 8 23
15 2 12
44 1 25
16 1 11
12 1 11
23 8 31
31 1 9
75 8 50
20 2 12
17 2 16
26 1 19
11 8 41
26 8 33
4 2 1
44 1 13
44 1 23
45 1 3
51 8 50
28 8 3
28 2 3
25 2 1
4 2 29
43 1 19
55 2 73
28 2 1
52 2 57
22 2 73
16 8 18
4 2 34
13 8 44
5 8 21
1 1 28
1 8 63
44 2 39
3 2 9
19 8 41
30 1 24
1 5 3
3 8 19
63 1 1
25 8 31
8 8 45
22 8 23
24 1 25
33 8 3
10 2 1
41 8 69
39 8 30
77 1 3
70 1 69
14 8 16
15 2 31
69 1 41
25 2 30
72 1 23
13 8 14
61 8 50
32 2 4
67 1 23
1 8 24
2 2 6
9 8 45
30 1 45
45 1 65
22 1 21
3 8 29
19 8 26
19 1 4
52 1 30
3 2 28
30 1 44
5 2 32
3 8 10
1 2 43
18 2 3
63 8 80
23 8 44
18 1 17
44 1 66
31 2 15
44 1 3
39 2 44
3 1 4
2 8 40
25 8 24
4 1 1
21 8 26
45 1 8
33 1 26
12 2 22
76 2 52
20 8 30
40 1 67
5 2 42
52 8 53
22 1 19
80 8 67
11 8 16
65 2 8
3 2 30
70 1 23
50 1 48
73 1 72
53 1 76
67 2 7
45 1 9
1 8 27
22 2 20
27 1 1
44 8 30
67 2 39
1 8 34
76 1 23
29 8 21
16 8 25
28 8 34
21 8 22
30 2 25
54 1 50
29 1 3
30 8 44
12 2 55
10 1 1
75 2 51
16 2 17
13 2 1
3 8 96
26 8 87
1 2 33
53 2 15
50 2 30
12 2 53
42 2 5
30 8 55
19 8 20
12 2 15
12 2 70
11 8 15
5 1 1
25 1 16
6 2 7
96 1 3
9 2 3
76 8 53
14 8 17
87 1 26
3 1 28
29 2 4
19 8 61
3 5 1
3 2 43
9 8 31
22 2 54
20 1 19
20 2 22
30 1 15
48 2 61
18 8 44
53 1 52
23 1 44
11 1 10
18 2 88
53 1 48
45 2 44
27 8 28
23 8 45
3 1 37
1 1 4
42 8 19
3 8 67
1 8 13
30 1 53
3 2 8
51 2 43
51 1 21
88 1 26
14 1 41
23 2 18
21 1 1
23 1 54
14 1 43
42 2 4
3 8 44
3 2 10
87 2 25
87 2 23
33 8 29
19 8 75
23 1 55
41 1 19
49 2 3
54 2 15
64 1 96
23 8 67
9 2 8
28 1 26
21 1 29
40 1 2
10 2 3
51 2 72
70 8 23
23 1 70
40 1 6
87 8 44
57 8 53
34 2 5
17 8 18
53 8 30
43 8 11
66 8 44
44 2 15
17 1 11
3 8 45
10 8 45
1 2 25
48 8 53
13 2 3
30 8 24
1 8 6
1 2 28
5 8 19
32 8 19
13 2 8
6 2 2
20 2 15
24 1 1
26 1 21
26 2 27
43 8 14
45 1 88
39 1 64
27 1 19
39 1 1
27 1 3
64 1 77
1 8 3
3 8 65
19 8 43
34 8 19
21 1 32
45 8 30
19 1 32
24 2 44
50 8 54
1 1 5
51 8 53
24 1 8
25 2 87
41 1 21
30 2 50
7 2 67
42 8 21
1 8 21
34 2 4
? 1 github_java_program_data/2/11.java

23 8 24
21 1 42
5 2 29
30 8 52
8 2 1
67 1 28
34 8 21
23 8 44
34 1 1
1 2 5
5 2 3
2 1 1
30 1 12
11 1 9
67 8 21
3 8 13
32 8 21
21 8 48
4 8 21
29 1 1
3 1 1
11 8 17
14 1 3
39 1 8
19 1 23
19 1 5
7 2 6
26 8 28
1 14 3
19 8 23
1 8 66
1 8 11
12 2 24
11 1 1
44 1 9
66 2 9
29 2 5
18 8 24
20 2 53
48 1 21
4 2 23
21 1 3
1 1 33
19 8 56
6 1 1
25 1 16
21 8 26
21 1 34
67 1 30
1 8 10
18 8 45
34 1 33
1 11 3
10 8 14
21 1 67
33 1 1
65 8 39
21 1 4
1 2 8
64 2 28
28 2 30
27 2 26
3 8 11
29 1 28
1 8 2
3 4 1
33 2 1
14 1 1
19 1 42
1 8 19
56 6 44
8 8 39
1 2 4
30 1 39
9 8 45
19 1 1
37 8 3
6 2 7
29 1 33
21 8 20
8 8 44
40 1 39
65 1 1
1 2 10
28 2 64
44 1 25
8 2 3
9 8 39
25 2 3
24 1 23
30 8 67
56 8 23
28 1 27
1 8 7
44 1 8
28 8 67
18 1 16
39 1 65
45 1 13
27 8 33
23 1 26
18 2 23
1 8 39
1 1 3
9 2 10
29 8 19
7 1 1
13 2 8
33 8 34
10 8 11
11 1 3
6 8 40
1 8 64
34 1 3
25 2 23
56 1 19
30 2 3
23 8 19
9 8 44
44 13 56
53 8 23
14 1 13
37 2 1
44 2 45
8 8 24
13 8 45
19 1 34
60 1 21
7 8 40
28 8 29
1 2 30
14 1 10
15 8 30
48 2 52
10 2 9
28 8 65
13 1 3
1 2 13
39 1 30
21 1 5
3 8 27
4 8 19
8 2 13
34 2 5
11 8 12
64 1 1
4 2 3
26 8 33
13 1 1
33 1 27
23 1 56
15 1 14
34 1 28
3 8 14
19 1 29
19 8 22
23 8 45
3 2 25
1 7 3
1 8 29
3 2 13
19 1 3
24 2 12
20 8 23
1 8 13
30 1 15
12 8 30
30 1 60
2 2 6
3 2 18
4 8 3
23 1 22
1 8 14
3 8 39
23 2 25
23 1 53
45 1 18
10 1 3
16 1 14
19 8 27
24 8 30
39 2 7
40 1 7
30 8 39
25 8 44
5 2 1
3 8 34
67 2 4
67 2 5
15 2 12
66 1 28
12 1 11
39 1 9
19 2 26
23 2 4
17 2 16
26 1 19
4 2 67
4 2 1
44 1 13
44 1 23
45 1 3
28 2 3
4 2 29
28 2 1
16 8 18
13 8 44
5 8 21
44 2 39
4 2 34
30 1 24
39 1 3
1 5 3
3 8 19
3 8 29
8 8 45
22 8 23
10 2 1
26 2 19
5 1 1
28 8 66
14 8 16
42 2 5
45 2 44
40 1 2
13 8 14
32 2 4
33 8 29
33 2 3
64 8 67
19 8 26
19 1 4
52 1 30
3 2 28
26 2 27
18 2 3
23 1 19
44 1 66
44 1 3
3 1 4
5 2 34
4 1 1
21 8 60
33 1 26
5 2 67
5 2 42
52 8 53
22 1 19
1 2 37
3 2 4
3 2 30
45 1 9
3 7 1
3 8 24
22 2 20
44 8 30
65 1 28
29 8 21
16 8 25
28 8 34
1 8 65
29 1 3
10 1 1
29 2 4
16 2 17
13 2 1
7 2 39
1 2 33
20 1 21
39 8 30
9 2 66
14 1 8
45 1 8
9 2 65
26 8 23
18 1 17
1 8 34
2 8 40
30 2 1
3 5 1
20 2 22
66 1 1
53 1 52
11 1 10
53 1 48
65 2 9
27 8 28
4 2 32
1 1 4
42 8 19
45 1 23
3 2 8
3 8 21
3 2 5
23 2 18
39 8 40
21 1 1
8 8 14
3 8 44
3 2 10
1 12 3
30 1 45
1 1 5
28 1 26
21 1 29
10 2 3
8 2 9
40 1 6
23 1 20
24 1 18
17 8 18
1 8 6
66 8 44
24 1 3
17 1 11
3 8 45
48 8 53
13 2 3
60 8 30
14 8 15
1 2 28
5 8 19
32 8 19
6 2 2
53 2 20
3 8 10
3 2 33
26 1 21
30 1 44
27 1 19
39 1 1
27 1 3
39 2 44
1 8 3
12 2 15
52 2 48
34 8 19
21 1 32
45 8 30
19 1 32
67 1 64
9 8 11
9 2 8
3 1 37
24 1 8
30 2 28
42 8 21
1 8 21
34 2 4
? 1 github_java_program_data/2/111.java

11 1 13
41 2 1
10 2 8
21 1 42
73 8 23
30 8 52
8 2 1
39 2 6
15 1 11
34 8 21
43 8 50
1 8 44
34 1 1
38 8 3
38 1 21
5 2 3
30 1 12
38 2 3
3 8 13
23 1 73
21 8 48
4 8 21
56 2 20
29 1 1
3 1 1
10 8 44
39 1 8
19 1 5
3 8 21
26 8 28
1 7 3
58 6 45
14 1 41
1 8 11
11 1 1
44 1 9
21 8 27
15 8 23
27 2 26
48 1 21
21 1 3
48 1 19
1 1 33
5 2 42
17 8 25
3 1 38
25 1 16
22 2 12
23 1 12
21 1 34
34 1 3
26 1 3
1 8 10
25 2 1
34 1 33
5 2 34
10 8 14
72 2 51
33 1 1
23 8 72
6 1 3
13 8 11
22 8 30
21 1 4
1 2 8
32 8 21
19 8 51
73 1 72
14 8 12
21 8 51
61 2 48
23 1 53
3 8 11
29 1 28
43 2 48
72 8 73
3 4 1
50 1 61
55 2 20
14 1 1
19 1 42
21 8 43
1 8 19
1 2 4
8 8 39
1 2 5
9 8 45
3 2 41
19 1 1
29 8 19
21 8 20
55 8 23
8 8 44
45 1 10
1 2 10
3 2 4
61 1 19
51 8 73
44 2 45
41 8 11
28 8 29
56 6 44
23 8 54
56 8 23
28 1 27
44 1 8
18 1 16
53 2 73
44 1 18
27 8 33
28 1 1
17 1 14
1 8 39
44 1 10
1 1 3
51 8 55
3 8 26
33 8 34
10 8 11
11 1 3
21 1 29
20 1 21
1 2 41
25 2 23
20 2 55
51 2 30
3 8 6
9 8 44
14 1 3
53 8 23
14 1 13
11 1 41
44 1 1
33 2 1
12 8 23
19 1 34
1 4 3
15 2 12
12 1 14
41 2 3
1 2 30
14 1 10
15 8 30
13 1 3
48 2 52
3 2 43
19 8 48
44 1 23
25 1 17
1 2 13
39 1 30
21 1 5
73 1 51
3 8 27
30 1 22
11 8 12
40 1 39
25 8 45
4 2 3
26 8 33
4 2 42
13 1 1
33 1 27
23 1 56
15 1 14
3 8 14
19 1 29
19 8 22
23 8 45
1 8 29
3 2 13
19 1 3
30 2 1
1 8 45
44 13 56
20 8 23
4 8 19
43 1 21
48 8 50
12 8 30
18 2 23
3 1 5
8 2 10
11 1 43
4 8 3
1 8 14
27 1 21
23 2 25
14 8 15
23 1 15
10 1 3
19 8 27
3 2 37
43 1 14
51 1 19
5 8 3
30 8 39
5 2 1
3 8 34
45 13 58
2 1 3
20 2 56
16 1 11
12 1 11
45 1 1
17 2 16
26 1 19
4 2 1
21 8 41
13 2 3
15 2 54
54 1 23
4 2 29
43 1 19
28 2 1
23 2 50
16 8 18
30 8 55
5 8 21
1 1 37
1 1 28
4 2 34
19 8 41
56 1 21
1 5 3
3 8 19
8 8 45
45 1 25
10 2 1
30 2 51
41 8 14
42 2 5
45 2 44
72 1 23
13 8 14
61 8 50
32 2 4
30 1 45
33 2 3
19 8 26
19 1 4
32 8 19
30 1 44
54 2 55
23 8 44
3 8 2
73 2 53
3 1 4
2 8 40
4 1 1
18 2 1
21 8 26
45 1 8
33 1 26
12 2 22
1 2 18
20 8 30
52 8 53
22 1 19
11 8 16
50 1 48
50 1 43
45 1 9
3 7 1
22 2 20
30 1 20
55 2 54
44 8 30
1 8 34
29 8 21
16 8 25
3 2 33
21 8 22
54 1 50
32 2 5
10 1 1
16 2 17
13 2 1
1 2 33
6 2 39
37 2 3
19 8 20
11 8 15
5 1 1
22 1 21
40 1 2
14 8 17
21 8 56
29 2 4
19 8 61
3 5 1
55 1 51
20 1 19
20 2 22
30 1 15
39 8 40
48 2 61
18 8 44
53 1 52
43 2 3
11 1 10
48 8 53
27 8 28
4 2 32
1 1 4
42 8 19
45 1 23
2 2 6
14 8 43
51 1 21
3 2 5
23 2 18
21 1 1
23 1 54
14 1 43
42 2 4
3 2 10
1 12 3
58 8 30
30 1 58
23 1 55
41 1 19
54 8 23
1 1 5
21 8 38
28 1 26
54 2 15
3 2 38
10 2 3
51 2 72
8 2 9
40 1 6
23 1 20
34 2 5
55 1 30
43 8 11
5 2 32
10 8 45
1 2 25
53 1 48
37 1 1
50 2 23
22 2 58
1 2 28
5 8 19
52 1 30
6 2 2
3 8 10
26 1 21
26 2 27
43 8 14
27 1 19
39 1 1
27 1 3
1 8 3
12 2 15
52 2 48
19 8 43
6 8 40
34 8 19
21 1 32
48 2 43
45 8 30
19 1 32
50 8 54
9 2 8
1 8 13
1 11 3
41 1 21
42 8 21
1 8 21
34 2 4
58 2 22
? 1 github_java_program_data/2/113.java

16 1 14
19 8 27
21 1 42
24 8 30
30 8 52
8 2 1
67 1 28
39 2 7
34 8 21
23 8 24
1 11 3
23 1 19
40 1 7
67 2 4
12 2 15
30 8 39
1 2 5
25 8 44
5 2 29
5 2 1
1 2 10
45 1 23
2 1 1
30 1 12
11 1 9
67 8 21
67 2 5
3 2 30
44 1 9
3 8 13
12 1 11
39 1 9
21 8 48
4 2 23
4 8 21
64 2 28
29 1 1
3 1 1
23 2 4
1 2 37
20 2 53
11 8 17
26 1 19
14 1 3
39 1 8
60 8 30
19 1 23
44 1 13
44 1 23
45 1 3
7 2 6
26 8 28
27 2 26
28 2 3
4 2 29
28 2 1
19 8 23
8 2 13
1 8 66
1 7 3
1 8 11
16 8 18
26 2 27
13 8 44
11 1 1
5 8 21
44 2 39
66 2 9
33 2 1
4 2 34
18 8 24
3 2 18
30 1 24
3 8 34
39 1 3
1 5 3
3 8 19
21 1 3
3 8 29
8 8 45
22 8 23
9 2 8
45 8 30
6 2 2
19 8 56
26 2 19
39 8 30
53 2 20
56 6 44
28 8 66
14 8 16
42 2 5
6 1 1
25 1 16
30 8 67
40 1 2
13 8 14
21 1 34
34 1 3
8 2 9
67 1 30
1 8 10
18 8 45
33 8 29
34 1 33
33 2 3
5 2 34
10 8 14
64 8 67
19 8 26
19 1 4
52 1 30
3 2 28
30 1 44
65 8 39
3 8 44
18 2 3
12 2 24
1 1 33
21 1 4
1 2 8
44 1 66
32 8 21
1 12 3
44 1 3
3 1 4
2 8 40
23 1 53
4 1 1
3 8 11
29 1 28
21 8 60
1 8 2
33 1 26
3 4 1
5 2 67
10 2 1
14 1 1
19 1 42
52 8 53
22 1 19
3 2 25
3 2 4
15 2 12
1 8 19
1 2 4
8 8 39
28 1 27
30 1 39
9 8 45
19 1 1
37 8 3
33 1 1
6 2 7
29 1 33
3 7 1
28 8 67
21 8 20
19 1 3
8 8 44
44 8 30
65 1 28
4 2 32
40 1 39
29 8 21
16 8 25
28 8 34
4 2 1
27 1 3
29 1 3
66 1 28
10 1 1
44 2 45
16 2 17
13 2 1
7 2 39
8 2 3
1 2 33
3 5 1
28 8 29
25 2 3
23 8 44
24 1 23
45 2 44
5 1 1
9 2 66
14 1 8
45 1 8
9 2 65
45 1 13
56 8 23
18 1 17
1 8 7
28 2 30
44 1 8
3 8 24
18 1 16
39 1 65
29 2 4
26 8 23
30 2 1
27 8 33
23 1 26
20 2 22
18 2 23
66 1 1
1 8 39
5 2 3
1 1 3
9 2 10
32 2 4
11 1 10
53 1 48
65 2 9
27 8 28
23 8 45
33 8 34
3 1 37
10 8 11
11 1 3
1 1 4
42 8 19
1 8 64
20 1 21
45 1 9
17 2 16
3 2 8
10 2 9
3 8 21
3 2 5
56 1 19
22 2 20
30 2 3
23 2 18
39 8 40
21 1 1
23 8 19
8 8 14
9 8 44
44 13 56
53 8 23
14 1 13
3 2 10
37 2 1
25 2 23
19 2 26
8 8 24
30 1 45
48 2 52
4 2 67
13 8 45
65 1 1
60 1 21
7 8 40
9 8 39
1 2 30
53 1 52
14 1 10
15 8 30
28 1 26
7 1 1
21 1 29
23 1 22
10 2 3
28 8 65
1 8 14
13 1 3
40 1 6
23 1 20
21 8 26
24 1 18
17 8 18
1 2 13
39 1 30
21 1 5
23 2 25
17 1 11
4 8 19
3 8 45
21 1 67
48 8 53
11 8 12
45 1 18
13 2 3
64 1 1
4 2 3
1 8 6
1 2 28
26 8 33
34 2 5
13 1 1
33 1 27
23 1 56
13 2 8
15 1 14
34 1 28
3 8 14
3 8 10
19 8 22
3 2 33
48 1 21
30 2 28
29 2 5
1 14 3
1 8 29
3 2 13
27 1 19
39 1 1
3 8 27
1 8 65
39 2 44
1 8 3
24 2 12
20 8 23
52 2 48
66 8 44
6 8 40
32 8 19
21 1 32
30 1 15
12 8 30
30 1 60
19 1 32
2 2 6
67 1 64
9 8 11
4 8 3
28 2 64
1 1 5
1 8 13
24 1 8
3 8 39
24 1 3
14 8 15
44 1 25
26 1 21
5 2 42
42 8 21
1 8 21
34 2 4
10 1 3
? 1 github_java_program_data/2/114.java

11 1 13
41 2 1
10 2 8
5 2 29
15 1 11
34 8 21
43 8 50
34 1 1
1 2 5
3 8 63
5 2 3
2 1 1
30 1 12
3 8 13
33 2 3
21 8 48
4 8 21
29 1 1
3 1 1
63 8 64
14 1 3
39 1 8
52 2 51
3 4 1
12 2 54
19 1 5
51 1 21
26 8 28
46 1 25
3 2 18
14 1 41
5 2 4
1 8 11
30 2 50
11 1 1
44 1 9
21 8 27
15 8 23
69 2 23
48 1 21
64 1 63
21 1 3
56 8 30
1 2 43
1 1 33
19 8 56
3 2 49
17 8 25
39 1 23
58 1 19
44 1 30
69 8 70
22 2 12
23 1 12
21 1 34
34 1 3
67 1 30
26 1 3
1 8 10
18 8 45
34 1 33
67 8 40
1 11 3
10 8 14
33 1 1
13 8 11
51 2 52
54 2 12
22 8 30
21 1 4
49 8 11
14 8 12
21 8 51
61 2 48
27 2 26
3 8 11
45 2 39
29 1 28
1 8 2
43 2 48
64 2 23
50 1 61
44 2 45
30 8 54
19 1 42
14 1 1
21 8 43
9 8 13
1 8 19
56 6 44
8 8 39
1 2 4
13 1 9
9 8 45
3 2 41
19 1 1
37 8 3
33 8 34
29 1 33
21 8 20
8 8 44
49 1 19
67 1 3
46 8 19
45 1 10
34 1 28
1 2 10
11 8 16
53 1 51
54 1 30
8 8 67
61 1 19
70 2 56
41 8 11
8 2 3
4 2 5
41 1 11
28 8 29
23 8 39
30 8 67
15 2 70
56 8 23
28 1 27
44 1 8
18 1 16
44 1 18
49 2 3
21 8 23
5 8 19
30 1 39
39 2 45
18 2 23
44 1 10
1 1 3
9 2 10
28 1 26
29 8 19
3 8 26
52 1 23
11 1 3
54 2 15
3 1 37
1 2 41
25 2 23
56 1 19
30 2 3
50 2 30
9 8 44
44 13 56
14 1 13
37 2 1
33 2 1
23 8 70
12 8 23
1 8 26
19 1 34
1 4 3
12 1 14
41 2 3
14 1 10
15 8 30
10 2 9
30 8 45
11 1 41
13 1 3
44 1 23
25 1 17
1 2 13
45 1 3
21 1 5
3 8 27
4 8 19
67 1 8
11 8 12
25 8 45
23 8 46
4 2 3
44 13 58
26 8 33
13 1 1
33 1 27
23 1 56
15 2 54
15 1 14
3 2 33
3 8 14
19 1 29
1 2 25
29 2 5
26 1 1
1 8 29
3 2 13
19 1 3
67 2 2
1 8 45
30 1 15
23 2 69
20 8 23
30 1 22
43 1 21
3 8 45
12 8 30
3 1 5
8 2 10
11 1 43
4 8 3
1 8 14
3 8 39
23 2 25
14 8 15
45 1 18
30 8 44
23 1 15
10 1 3
19 8 27
43 1 14
19 8 49
10 8 44
5 8 3
56 6 45
45 13 56
30 1 70
5 2 1
3 8 34
70 2 15
15 2 12
16 1 11
12 1 11
39 1 9
45 1 1
56 2 70
17 1 14
26 1 19
11 8 41
4 2 1
21 8 41
63 1 3
28 8 3
28 2 3
43 2 1
4 2 29
43 1 19
28 2 1
16 8 18
3 2 9
5 8 21
4 2 34
19 8 41
56 1 21
39 1 3
1 5 3
3 8 19
3 8 29
8 8 45
45 1 25
10 2 1
41 8 69
5 1 1
70 1 69
42 2 5
69 1 41
25 2 30
40 1 2
13 8 14
61 8 50
19 8 58
33 8 29
22 1 21
19 8 26
19 1 4
32 8 19
3 2 28
30 1 44
56 2 15
64 8 39
18 2 3
23 8 44
9 8 39
44 1 3
3 1 4
2 8 40
4 1 1
23 2 64
21 8 26
33 1 26
12 2 22
40 1 67
5 2 42
52 8 53
1 2 37
3 2 4
3 2 30
70 1 23
50 1 48
50 1 43
45 1 9
1 8 27
58 6 44
44 8 30
21 8 56
29 8 21
28 8 34
27 1 3
30 2 25
54 1 50
29 1 3
45 1 30
10 1 1
13 2 1
1 2 33
19 8 20
11 8 15
39 8 30
45 1 8
18 2 30
46 1 23
9 2 3
14 8 17
1 8 34
3 1 28
29 2 4
27 8 33
19 8 61
54 8 30
3 5 1
20 1 19
48 8 50
48 2 61
18 8 44
53 1 52
45 2 44
27 8 28
1 1 4
42 8 19
3 8 67
1 8 13
30 1 53
14 8 43
3 2 8
3 8 21
30 2 18
3 2 5
23 2 18
21 1 1
14 1 43
3 8 44
3 2 10
1 12 3
58 8 30
30 1 45
30 1 54
2 2 67
30 1 58
41 1 19
1 1 5
11 1 49
21 1 29
51 8 53
10 2 3
8 2 9
23 1 20
27 1 21
53 8 30
43 8 11
41 8 14
15 2 56
10 8 45
13 2 3
22 2 58
1 2 28
25 2 1
70 8 30
3 8 10
26 1 21
26 2 27
43 8 14
23 8 52
39 1 64
27 1 19
27 1 1
64 2 3
21 8 22
1 8 3
23 1 21
12 2 15
19 8 43
34 8 19
48 2 43
45 8 30
25 8 46
19 1 32
30 1 56
50 8 54
9 2 8
20 1 21
19 1 46
41 1 21
3 2 64
1 8 21
34 2 4
58 2 22
? 1 github_java_program_data/2/116.java

11 1 13
41 2 1
19 8 27
21 1 42
5 2 29
3 2 37
8 2 1
15 1 11
34 8 21
10 2 8
40 1 7
5 8 3
34 1 1
57 8 73
1 2 5
15 2 55
5 2 3
1 2 8
73 1 57
3 8 34
39 2 7
30 1 12
3 8 7
52 2 81
15 2 12
3 8 13
16 1 11
33 2 3
4 8 21
52 8 73
29 1 1
3 1 1
20 2 12
26 1 19
57 2 81
14 1 3
39 1 8
52 2 51
7 8 40
21 8 41
19 1 5
7 2 6
26 8 28
28 2 3
43 2 1
4 2 29
32 2 5
28 2 1
3 2 5
8 2 9
1 8 11
16 8 18
11 1 1
44 1 9
1 1 37
44 1 23
10 8 44
4 2 34
21 8 27
19 8 41
1 5 3
3 8 19
3 8 29
48 1 19
1 2 43
22 8 23
9 2 8
10 2 1
30 8 72
48 2 72
30 8 39
1 8 44
29 1 28
57 1 23
23 1 12
21 1 34
34 1 3
7 2 39
1 8 10
3 2 4
34 1 33
23 8 52
1 11 3
10 8 14
19 8 26
19 1 4
32 8 19
37 2 3
30 1 44
6 1 3
13 8 11
22 8 30
23 8 44
21 1 4
44 1 87
32 8 21
48 2 30
3 1 4
14 8 12
21 8 51
4 1 1
3 8 11
18 2 1
73 1 81
21 8 26
81 8 73
33 1 26
3 4 1
1 2 18
20 8 30
41 2 3
14 1 1
19 1 42
30 1 73
87 8 44
22 1 19
23 2 87
11 8 16
72 1 30
1 8 19
1 2 4
8 8 39
28 1 27
55 2 15
3 2 41
19 1 1
29 8 19
21 8 20
30 1 20
55 8 23
8 8 44
44 8 30
23 1 20
1 8 34
40 1 39
29 8 21
3 2 33
1 2 10
21 8 43
3 2 28
29 1 3
12 2 20
10 1 1
51 8 73
13 2 1
53 1 72
26 8 87
1 2 33
72 8 53
28 8 29
73 1 52
19 8 20
12 2 15
11 8 15
5 1 1
87 2 23
22 1 21
6 2 7
81 1 53
72 2 48
30 8 55
39 1 1
44 1 8
18 1 16
87 1 26
44 1 18
29 2 4
30 2 1
27 8 33
3 5 1
20 1 19
20 2 22
39 8 40
1 8 39
44 1 10
18 8 44
1 1 3
32 2 4
48 8 53
27 8 28
4 2 32
33 8 34
52 1 23
7 1 3
11 1 3
1 1 4
42 8 19
20 1 21
5 2 1
1 2 41
51 1 21
14 1 41
22 2 20
21 1 1
15 8 23
3 8 6
9 8 44
53 8 81
42 2 4
51 2 52
3 2 10
12 2 73
44 1 1
33 2 1
12 8 23
19 1 34
1 4 3
39 1 30
4 2 1
12 1 14
41 1 19
13 1 3
1 2 30
18 2 87
14 1 10
28 1 26
21 1 29
23 1 22
10 2 3
87 2 18
19 1 29
19 8 48
40 1 6
41 8 14
55 1 30
43 8 11
5 2 32
73 1 51
30 1 22
81 2 57
30 2 48
73 2 12
53 1 48
37 1 1
13 2 3
4 2 3
1 2 28
26 8 33
23 8 57
5 8 19
4 2 42
13 1 1
33 1 27
23 1 55
20 2 15
3 8 14
3 8 10
19 8 22
26 1 21
81 2 52
29 2 5
1 8 29
15 2 20
3 2 13
27 1 19
19 1 3
21 8 22
1 8 3
20 8 23
4 8 19
43 1 21
6 8 40
48 8 55
34 8 19
21 1 32
12 8 30
19 1 32
3 1 5
8 2 10
11 1 43
4 8 3
1 1 5
1 8 13
1 8 14
27 1 21
73 8 30
41 1 21
34 2 4
1 2 13
55 1 48
42 8 21
1 8 21
23 1 15
10 1 3
? 1 github_java_program_data/2/118.java

10 1 1
28 8 29
41 1 19
41 2 3
41 8 11
8 2 3
12 1 11
23 8 39
1 8 10
11 1 41
3 2 8
19 1 4
2 1 1
4 8 19
40 1 2
29 2 4
11 8 12
40 1 39
29 1 1
1 2 28
23 1 12
2 8 40
39 8 40
10 2 3
39 1 8
29 1 28
19 1 29
1 8 2
11 1 10
1 8 29
4 2 29
10 8 11
11 1 3
3 2 23
28 2 1
23 2 3
8 8 39
3 2 41
2 2 39
29 8 19
19 8 41
39 2 2
39 1 3
3 8 39
3 2 10
3 8 11
12 8 23
39 1 23
? 1 github_java_program_data/2/136.java

23 8 24
21 1 42
5 2 29
30 8 52
8 2 1
67 1 28
34 8 21
23 8 44
34 1 1
1 2 5
5 2 3
2 1 1
30 1 12
11 1 9
67 8 21
3 8 13
32 8 21
21 8 48
4 8 21
29 1 1
3 1 1
11 8 17
14 1 3
39 1 8
19 1 23
19 1 5
7 2 6
26 8 28
1 14 3
19 8 23
1 8 66
1 8 11
12 2 24
11 1 1
44 1 9
66 2 9
29 2 5
18 8 24
20 2 53
48 1 21
4 2 23
21 1 3
1 1 33
19 8 56
6 1 1
25 1 16
21 8 26
21 1 34
67 1 30
1 8 10
18 8 45
34 1 33
1 11 3
10 8 14
21 1 67
33 1 1
65 8 39
21 1 4
1 2 8
64 2 28
28 2 30
27 2 26
3 8 11
29 1 28
1 8 2
3 4 1
33 2 1
14 1 1
19 1 42
1 8 19
56 6 44
8 8 39
1 2 4
30 1 39
9 8 45
19 1 1
37 8 3
6 2 7
29 1 33
21 8 20
8 8 44
40 1 39
65 1 1
1 2 10
28 2 64
44 1 25
8 2 3
9 8 39
25 2 3
24 1 23
30 8 67
56 8 23
28 1 27
1 8 7
44 1 8
28 8 67
18 1 16
39 1 65
45 1 13
27 8 33
23 1 26
18 2 23
1 8 39
1 1 3
9 2 10
29 8 19
7 1 1
13 2 8
33 8 34
10 8 11
11 1 3
6 8 40
1 8 64
34 1 3
25 2 23
56 1 19
30 2 3
23 8 19
9 8 44
44 13 56
53 8 23
14 1 13
37 2 1
44 2 45
8 8 24
13 8 45
19 1 34
60 1 21
7 8 40
28 8 29
1 2 30
14 1 10
15 8 30
48 2 52
10 2 9
28 8 65
13 1 3
1 2 13
39 1 30
21 1 5
3 8 27
4 8 19
8 2 13
34 2 5
11 8 12
64 1 1
4 2 3
26 8 33
13 1 1
33 1 27
23 1 56
15 1 14
34 1 28
3 8 14
19 1 29
19 8 22
23 8 45
3 2 25
1 7 3
1 8 29
3 2 13
19 1 3
24 2 12
20 8 23
1 8 13
30 1 15
12 8 30
30 1 60
2 2 6
3 2 18
4 8 3
23 1 22
1 8 14
3 8 39
23 2 25
23 1 53
45 1 18
10 1 3
16 1 14
19 8 27
24 8 30
39 2 7
40 1 7
30 8 39
25 8 44
5 2 1
3 8 34
67 2 4
67 2 5
15 2 12
66 1 28
12 1 11
39 1 9
19 2 26
23 2 4
17 2 16
26 1 19
4 2 67
4 2 1
44 1 13
44 1 23
45 1 3
28 2 3
4 2 29
28 2 1
16 8 18
13 8 44
5 8 21
44 2 39
4 2 34
30 1 24
39 1 3
1 5 3
3 8 19
3 8 29
8 8 45
22 8 23
10 2 1
26 2 19
5 1 1
28 8 66
14 8 16
42 2 5
45 2 44
40 1 2
13 8 14
32 2 4
33 8 29
33 2 3
64 8 67
19 8 26
19 1 4
52 1 30
3 2 28
26 2 27
18 2 3
23 1 19
44 1 66
44 1 3
3 1 4
5 2 34
4 1 1
21 8 60
33 1 26
5 2 67
5 2 42
52 8 53
22 1 19
1 2 37
3 2 4
3 2 30
45 1 9
3 7 1
3 8 24
22 2 20
44 8 30
65 1 28
29 8 21
16 8 25
28 8 34
1 8 65
29 1 3
10 1 1
29 2 4
16 2 17
13 2 1
7 2 39
1 2 33
20 1 21
39 8 30
9 2 66
14 1 8
45 1 8
9 2 65
26 8 23
18 1 17
1 8 34
2 8 40
30 2 1
3 5 1
20 2 22
66 1 1
53 1 52
11 1 10
53 1 48
65 2 9
27 8 28
4 2 32
1 1 4
42 8 19
45 1 23
3 2 8
3 8 21
3 2 5
23 2 18
39 8 40
21 1 1
8 8 14
3 8 44
3 2 10
1 12 3
30 1 45
1 1 5
28 1 26
21 1 29
10 2 3
8 2 9
40 1 6
23 1 20
24 1 18
17 8 18
1 8 6
66 8 44
24 1 3
17 1 11
3 8 45
48 8 53
13 2 3
60 8 30
14 8 15
1 2 28
5 8 19
32 8 19
6 2 2
53 2 20
3 8 10
3 2 33
26 1 21
30 1 44
27 1 19
39 1 1
27 1 3
39 2 44
1 8 3
12 2 15
52 2 48
34 8 19
21 1 32
45 8 30
19 1 32
67 1 64
9 8 11
9 2 8
3 1 37
24 1 8
30 2 28
42 8 21
1 8 21
34 2 4
? 1 github_java_program_data/2/141.java

16 1 14
19 8 27
21 1 42
24 8 30
30 8 52
8 2 1
67 1 28
39 2 7
34 8 21
23 8 24
1 11 3
23 1 19
40 1 7
67 2 4
12 2 15
30 8 39
1 2 5
25 8 44
5 2 29
5 2 1
1 2 10
45 1 23
2 1 1
30 1 12
11 1 9
67 8 21
67 2 5
3 2 30
44 1 9
3 8 13
12 1 11
39 1 9
21 8 48
4 2 23
4 8 21
64 2 28
29 1 1
3 1 1
23 2 4
1 2 37
20 2 53
11 8 17
26 1 19
14 1 3
39 1 8
60 8 30
19 1 23
44 1 13
44 1 23
45 1 3
7 2 6
26 8 28
27 2 26
28 2 3
4 2 29
28 2 1
19 8 23
8 2 13
1 8 66
1 7 3
1 8 11
16 8 18
26 2 27
13 8 44
11 1 1
5 8 21
44 2 39
66 2 9
33 2 1
4 2 34
18 8 24
3 2 18
30 1 24
3 8 34
39 1 3
1 5 3
3 8 19
21 1 3
3 8 29
8 8 45
22 8 23
9 2 8
45 8 30
6 2 2
19 8 56
26 2 19
39 8 30
53 2 20
56 6 44
28 8 66
14 8 16
42 2 5
6 1 1
25 1 16
30 8 67
40 1 2
13 8 14
21 1 34
34 1 3
8 2 9
67 1 30
1 8 10
18 8 45
33 8 29
34 1 33
33 2 3
5 2 34
10 8 14
64 8 67
19 8 26
19 1 4
52 1 30
3 2 28
30 1 44
65 8 39
3 8 44
18 2 3
12 2 24
1 1 33
21 1 4
1 2 8
44 1 66
32 8 21
1 12 3
44 1 3
3 1 4
2 8 40
23 1 53
4 1 1
3 8 11
29 1 28
21 8 60
1 8 2
33 1 26
3 4 1
5 2 67
10 2 1
14 1 1
19 1 42
52 8 53
22 1 19
3 2 25
3 2 4
15 2 12
1 8 19
1 2 4
8 8 39
28 1 27
30 1 39
9 8 45
19 1 1
37 8 3
33 1 1
6 2 7
29 1 33
3 7 1
28 8 67
21 8 20
19 1 3
8 8 44
44 8 30
65 1 28
4 2 32
40 1 39
29 8 21
16 8 25
28 8 34
4 2 1
27 1 3
29 1 3
66 1 28
10 1 1
44 2 45
16 2 17
13 2 1
7 2 39
8 2 3
1 2 33
3 5 1
28 8 29
25 2 3
23 8 44
24 1 23
45 2 44
5 1 1
9 2 66
14 1 8
45 1 8
9 2 65
45 1 13
56 8 23
18 1 17
1 8 7
28 2 30
44 1 8
3 8 24
18 1 16
39 1 65
29 2 4
26 8 23
30 2 1
27 8 33
23 1 26
20 2 22
18 2 23
66 1 1
1 8 39
5 2 3
1 1 3
9 2 10
32 2 4
11 1 10
53 1 48
65 2 9
27 8 28
23 8 45
33 8 34
3 1 37
10 8 11
11 1 3
1 1 4
42 8 19
1 8 64
20 1 21
45 1 9
17 2 16
3 2 8
10 2 9
3 8 21
3 2 5
56 1 19
22 2 20
30 2 3
23 2 18
39 8 40
21 1 1
23 8 19
8 8 14
9 8 44
44 13 56
53 8 23
14 1 13
3 2 10
37 2 1
25 2 23
19 2 26
8 8 24
30 1 45
48 2 52
4 2 67
13 8 45
65 1 1
60 1 21
7 8 40
9 8 39
1 2 30
53 1 52
14 1 10
15 8 30
28 1 26
7 1 1
21 1 29
23 1 22
10 2 3
28 8 65
1 8 14
13 1 3
40 1 6
23 1 20
21 8 26
24 1 18
17 8 18
1 2 13
39 1 30
21 1 5
23 2 25
17 1 11
4 8 19
3 8 45
21 1 67
48 8 53
11 8 12
45 1 18
13 2 3
64 1 1
4 2 3
1 8 6
1 2 28
26 8 33
34 2 5
13 1 1
33 1 27
23 1 56
13 2 8
15 1 14
34 1 28
3 8 14
3 8 10
19 8 22
3 2 33
48 1 21
30 2 28
29 2 5
1 14 3
1 8 29
3 2 13
27 1 19
39 1 1
3 8 27
1 8 65
39 2 44
1 8 3
24 2 12
20 8 23
52 2 48
66 8 44
6 8 40
32 8 19
21 1 32
30 1 15
12 8 30
30 1 60
19 1 32
2 2 6
67 1 64
9 8 11
4 8 3
28 2 64
1 1 5
1 8 13
24 1 8
3 8 39
24 1 3
14 8 15
44 1 25
26 1 21
5 2 42
42 8 21
1 8 21
34 2 4
10 1 3
? 1 github_java_program_data/2/144.java

11 1 13
41 2 1
10 2 8
5 2 29
15 1 11
34 8 21
43 8 50
34 1 1
1 2 5
3 8 63
5 2 3
2 1 1
30 1 12
3 8 13
33 2 3
21 8 48
4 8 21
29 1 1
3 1 1
63 8 64
14 1 3
39 1 8
52 2 51
3 4 1
12 2 54
19 1 5
51 1 21
26 8 28
46 1 25
3 2 18
14 1 41
5 2 4
1 8 11
30 2 50
11 1 1
44 1 9
21 8 27
15 8 23
69 2 23
48 1 21
64 1 63
21 1 3
56 8 30
1 2 43
1 1 33
19 8 56
3 2 49
17 8 25
39 1 23
58 1 19
44 1 30
69 8 70
22 2 12
23 1 12
21 1 34
34 1 3
67 1 30
26 1 3
1 8 10
18 8 45
34 1 33
67 8 40
1 11 3
10 8 14
33 1 1
13 8 11
51 2 52
54 2 12
22 8 30
21 1 4
49 8 11
14 8 12
21 8 51
61 2 48
27 2 26
3 8 11
45 2 39
29 1 28
1 8 2
43 2 48
64 2 23
50 1 61
44 2 45
30 8 54
19 1 42
14 1 1
21 8 43
9 8 13
1 8 19
56 6 44
8 8 39
1 2 4
13 1 9
9 8 45
3 2 41
19 1 1
37 8 3
33 8 34
29 1 33
21 8 20
8 8 44
49 1 19
67 1 3
46 8 19
45 1 10
34 1 28
1 2 10
11 8 16
53 1 51
54 1 30
8 8 67
61 1 19
70 2 56
41 8 11
8 2 3
4 2 5
41 1 11
28 8 29
23 8 39
30 8 67
15 2 70
56 8 23
28 1 27
44 1 8
18 1 16
44 1 18
49 2 3
21 8 23
5 8 19
30 1 39
39 2 45
18 2 23
44 1 10
1 1 3
9 2 10
28 1 26
29 8 19
3 8 26
52 1 23
11 1 3
54 2 15
3 1 37
1 2 41
25 2 23
56 1 19
30 2 3
50 2 30
9 8 44
44 13 56
14 1 13
37 2 1
33 2 1
23 8 70
12 8 23
1 8 26
19 1 34
1 4 3
12 1 14
41 2 3
14 1 10
15 8 30
10 2 9
30 8 45
11 1 41
13 1 3
44 1 23
25 1 17
1 2 13
45 1 3
21 1 5
3 8 27
4 8 19
67 1 8
11 8 12
25 8 45
23 8 46
4 2 3
44 13 58
26 8 33
13 1 1
33 1 27
23 1 56
15 2 54
15 1 14
3 2 33
3 8 14
19 1 29
1 2 25
29 2 5
26 1 1
1 8 29
3 2 13
19 1 3
67 2 2
1 8 45
30 1 15
23 2 69
20 8 23
30 1 22
43 1 21
3 8 45
12 8 30
3 1 5
8 2 10
11 1 43
4 8 3
1 8 14
3 8 39
23 2 25
14 8 15
45 1 18
30 8 44
23 1 15
10 1 3
19 8 27
43 1 14
19 8 49
10 8 44
5 8 3
56 6 45
45 13 56
30 1 70
5 2 1
3 8 34
70 2 15
15 2 12
16 1 11
12 1 11
39 1 9
45 1 1
56 2 70
17 1 14
26 1 19
11 8 41
4 2 1
21 8 41
63 1 3
28 8 3
28 2 3
43 2 1
4 2 29
43 1 19
28 2 1
16 8 18
3 2 9
5 8 21
4 2 34
19 8 41
56 1 21
39 1 3
1 5 3
3 8 19
3 8 29
8 8 45
45 1 25
10 2 1
41 8 69
5 1 1
70 1 69
42 2 5
69 1 41
25 2 30
40 1 2
13 8 14
61 8 50
19 8 58
33 8 29
22 1 21
19 8 26
19 1 4
32 8 19
3 2 28
30 1 44
56 2 15
64 8 39
18 2 3
23 8 44
9 8 39
44 1 3
3 1 4
2 8 40
4 1 1
23 2 64
21 8 26
33 1 26
12 2 22
40 1 67
5 2 42
52 8 53
1 2 37
3 2 4
3 2 30
70 1 23
50 1 48
50 1 43
45 1 9
1 8 27
58 6 44
44 8 30
21 8 56
29 8 21
28 8 34
27 1 3
30 2 25
54 1 50
29 1 3
45 1 30
10 1 1
13 2 1
1 2 33
19 8 20
11 8 15
39 8 30
45 1 8
18 2 30
46 1 23
9 2 3
14 8 17
1 8 34
3 1 28
29 2 4
27 8 33
19 8 61
54 8 30
3 5 1
20 1 19
48 8 50
48 2 61
18 8 44
53 1 52
45 2 44
27 8 28
1 1 4
42 8 19
3 8 67
1 8 13
30 1 53
14 8 43
3 2 8
3 8 21
30 2 18
3 2 5
23 2 18
21 1 1
14 1 43
3 8 44
3 2 10
1 12 3
58 8 30
30 1 45
30 1 54
2 2 67
30 1 58
41 1 19
1 1 5
11 1 49
21 1 29
51 8 53
10 2 3
8 2 9
23 1 20
27 1 21
53 8 30
43 8 11
41 8 14
15 2 56
10 8 45
13 2 3
22 2 58
1 2 28
25 2 1
70 8 30
3 8 10
26 1 21
26 2 27
43 8 14
23 8 52
39 1 64
27 1 19
27 1 1
64 2 3
21 8 22
1 8 3
23 1 21
12 2 15
19 8 43
34 8 19
48 2 43
45 8 30
25 8 46
19 1 32
30 1 56
50 8 54
9 2 8
20 1 21
19 1 46
41 1 21
3 2 64
1 8 21
34 2 4
58 2 22
? 1 github_java_program_data/2/146.java

11 1 13
41 2 1
23 8 24
21 1 42
73 8 23
37 1 21
15 1 11
34 8 21
10 2 8
23 8 44
1 8 44
34 1 1
3 1 38
38 1 21
5 2 29
5 2 3
1 2 8
54 2 58
2 1 1
30 1 12
11 1 9
3 8 7
31 1 8
38 2 3
3 8 13
33 2 3
23 1 73
21 8 48
4 8 21
56 2 20
29 1 1
3 1 1
43 2 3
10 1 9
9 2 1
69 1 61
14 1 3
39 1 8
41 2 51
53 1 57
3 4 1
71 8 23
11 1 8
19 1 5
7 2 6
3 8 21
26 8 28
8 2 1
30 1 39
22 2 73
88 2 30
20 2 73
20 2 54
3 2 18
3 2 5
8 2 9
23 1 60
21 8 51
30 2 50
38 1 19
11 1 1
44 1 9
9 8 10
54 2 20
39 2 12
18 8 24
15 8 23
69 2 23
27 2 26
73 2 22
21 1 3
56 8 30
48 1 19
1 2 43
1 1 33
19 8 56
87 2 30
30 8 76
17 8 25
48 2 72
38 8 3
15 2 24
8 8 10
6 1 1
69 8 70
10 1 8
21 8 26
43 8 69
23 1 12
21 1 34
1 8 2
67 1 30
26 1 3
1 8 10
3 2 4
25 2 1
34 1 33
67 8 40
5 2 34
10 8 14
57 1 30
70 1 50
33 1 1
23 8 72
9 2 13
6 1 3
13 8 11
51 2 52
54 2 12
68 1 21
22 8 30
3 2 10
21 1 4
44 1 87
32 8 21
48 2 30
19 8 51
73 1 72
14 8 12
30 8 72
61 2 48
23 1 53
3 8 11
13 2 8
29 1 28
48 8 73
72 8 73
50 1 41
50 1 61
15 2 55
44 2 45
3 2 43
30 8 54
19 1 42
14 1 1
52 2 51
21 8 43
9 8 13
1 8 19
1 11 3
8 8 39
28 1 27
13 1 9
9 8 45
3 2 41
19 1 1
37 8 3
33 8 34
14 1 68
29 1 33
69 1 48
21 8 20
8 8 44
73 2 20
67 1 3
30 2 69
23 1 20
48 2 41
23 2 87
30 1 62
34 1 28
20 2 56
1 2 10
62 8 30
53 1 51
32 2 5
54 1 30
8 8 67
72 1 30
12 2 20
26 8 88
88 8 45
41 8 11
8 2 3
4 2 5
41 1 11
28 8 29
30 1 31
51 2 75
24 1 23
30 8 67
41 8 50
23 8 54
1 2 4
1 8 7
39 1 1
44 1 8
3 8 24
18 1 16
44 1 18
22 2 70
45 1 13
27 8 33
28 1 1
17 1 14
1 8 39
53 2 22
44 1 10
1 1 3
9 2 10
70 2 22
29 8 19
3 8 26
70 2 20
50 1 75
25 2 23
52 1 23
10 8 11
11 1 3
6 8 40
34 1 3
58 2 54
3 7 1
1 2 41
75 1 19
31 1 23
69 8 54
56 1 19
3 2 68
30 2 3
15 2 12
12 2 55
50 2 30
3 8 6
56 6 44
9 8 44
19 8 38
53 8 23
14 1 13
41 2 48
37 2 1
22 2 53
44 1 1
33 2 1
23 8 70
12 8 23
1 8 26
13 8 45
19 1 34
1 4 3
60 1 21
7 8 40
12 1 14
41 2 3
1 2 30
14 1 10
15 8 30
13 1 3
7 1 1
10 2 9
73 1 76
30 8 45
11 1 41
87 2 18
19 8 48
41 8 14
22 1 21
25 1 17
50 1 51
54 1 69
1 2 13
41 1 21
21 1 5
3 8 27
4 8 19
8 2 13
9 8 14
55 1 30
34 2 5
67 1 8
11 8 12
14 1 9
25 8 45
4 2 3
44 13 58
49 8 14
26 8 33
28 8 3
4 2 42
13 1 1
39 1 30
5 2 4
15 1 14
3 2 33
3 8 14
19 1 29
19 8 22
20 2 70
48 1 21
29 2 5
1 7 3
26 1 1
1 8 29
3 2 13
44 1 23
19 1 3
3 2 37
30 2 1
1 8 45
23 2 69
20 8 23
30 1 22
43 1 21
1 8 13
30 1 15
12 8 30
73 2 15
18 2 23
3 1 5
8 2 10
11 1 43
4 8 3
51 2 41
23 1 22
1 8 14
27 1 21
24 1 3
14 8 15
70 8 30
45 1 30
55 1 48
61 1 19
18 2 87
23 1 15
10 1 3
24 1 9
44 2 31
19 8 27
24 8 30
1 8 11
43 1 14
10 8 44
76 2 72
19 8 62
40 1 7
5 8 3
31 2 44
1 2 9
30 8 39
30 1 70
5 2 1
20 2 12
3 8 34
3 1 33
48 8 69
37 1 19
16 1 11
12 1 11
39 1 9
45 1 1
23 8 31
75 8 50
20 2 53
17 2 16
26 1 19
55 8 30
11 8 41
22 2 15
31 1 25
4 2 1
69 2 30
13 1 8
21 8 41
76 1 30
51 8 50
21 8 68
28 2 3
5 8 19
4 2 29
43 1 19
28 2 1
52 2 57
41 1 14
16 8 18
4 2 34
37 2 3
5 8 21
1 1 37
1 1 28
21 8 27
57 2 52
31 8 30
33 1 27
3 2 9
19 8 41
30 1 24
1 5 3
3 8 19
25 8 31
22 8 23
9 2 8
45 1 25
33 8 3
10 2 1
41 8 69
39 8 30
12 2 39
70 1 69
1 2 38
69 1 41
87 2 23
72 1 23
13 8 14
38 1 1
61 8 50
32 2 4
2 2 6
69 1 43
33 8 29
23 8 52
3 8 29
19 8 26
19 1 4
32 8 19
3 2 28
30 1 44
14 8 41
13 2 9
88 2 25
19 8 37
15 2 73
18 2 3
23 2 50
43 8 50
9 8 39
31 2 15
44 1 3
72 2 48
3 1 4
2 8 40
4 1 1
18 2 1
21 8 60
33 1 26
76 8 73
1 2 18
20 8 30
40 1 67
5 2 42
55 2 15
52 8 53
22 1 19
1 2 37
11 8 16
61 8 69
62 1 19
3 2 30
70 1 23
50 1 48
49 1 21
50 1 43
49 2 1
51 1 19
45 1 9
1 8 27
23 1 71
22 2 20
30 1 20
58 6 44
44 8 30
68 8 14
1 8 34
29 8 21
16 8 25
28 8 34
27 1 3
54 1 50
29 1 3
30 8 44
8 8 31
10 1 1
75 2 51
29 2 4
16 2 17
13 2 1
44 1 30
26 8 87
1 2 33
20 1 21
42 2 5
67 2 7
30 8 55
19 8 20
12 2 70
11 8 15
5 1 1
14 1 8
73 1 48
25 1 16
21 8 37
6 2 7
18 1 17
15 2 22
12 2 54
9 2 3
40 1 2
14 8 17
87 1 26
48 8 55
3 1 28
9 8 24
19 8 61
54 8 30
3 5 1
20 1 19
20 2 22
48 8 50
70 2 12
48 2 61
18 8 44
53 1 52
58 8 23
11 1 10
45 2 44
27 8 28
4 2 32
30 2 48
3 1 37
7 1 3
1 1 4
42 8 19
3 8 67
31 1 1
30 1 53
14 8 43
3 2 8
30 8 57
8 8 11
58 1 21
51 1 21
88 1 26
14 1 41
6 2 2
23 2 18
21 1 1
8 8 14
23 1 54
14 1 43
42 2 4
3 8 44
1 8 31
1 12 3
8 8 13
50 8 70
30 1 45
30 1 54
21 8 49
19 8 75
41 1 19
21 8 58
54 8 23
23 1 58
21 8 38
28 1 26
21 1 29
3 2 38
55 2 12
10 2 3
25 2 88
1 1 38
40 1 6
87 8 44
57 8 53
24 1 18
17 8 18
53 8 30
43 8 11
5 2 32
23 2 25
44 13 56
1 2 25
38 2 1
37 1 1
13 2 3
1 8 6
1 2 28
54 1 23
30 1 55
30 2 87
43 2 1
60 8 23
50 2 23
53 2 20
3 8 10
26 1 21
26 2 27
43 8 14
45 1 88
27 1 19
27 1 1
21 8 22
1 2 5
1 8 3
12 2 15
30 2 88
19 8 43
34 8 19
21 1 32
45 8 30
19 1 32
68 2 3
9 8 11
14 1 49
30 1 56
50 8 54
1 1 5
51 8 53
15 2 31
1 2 49
1 14 3
7 2 67
24 2 15
72 2 76
42 8 21
1 8 21
34 2 4
? 1 github_java_program_data/2/149.java

10 1 1
28 8 29
41 1 19
41 2 3
41 8 11
8 2 3
12 1 11
23 8 39
1 8 10
11 1 41
3 2 8
19 1 4
2 1 1
4 8 19
40 1 2
29 2 4
11 8 12
40 1 39
29 1 1
1 2 28
23 1 12
2 8 40
39 8 40
10 2 3
39 1 8
29 1 28
19 1 29
1 8 2
11 1 10
1 8 29
4 2 29
10 8 11
11 1 3
3 2 23
28 2 1
23 2 3
8 8 39
3 2 41
2 2 39
29 8 19
19 8 41
39 2 2
39 1 3
3 8 39
3 2 10
3 8 11
12 8 23
39 1 23
? 1 github_java_program_data/2/16.java

11 1 13
24 1 9
10 2 8
21 1 42
73 8 23
30 8 52
41 2 1
39 2 6
15 1 11
34 8 21
1 8 44
34 1 1
1 2 5
56 2 73
5 2 29
5 2 3
9 2 13
77 8 64
54 2 58
30 1 12
45 8 23
3 8 7
3 8 13
33 2 3
23 1 73
21 8 48
4 8 21
52 8 73
29 1 1
3 1 1
30 2 64
43 2 3
10 8 44
52 2 51
53 1 57
3 4 1
12 2 54
11 1 8
19 1 5
7 2 6
3 8 21
26 8 28
1 14 3
20 2 73
40 1 6
5 2 4
1 8 11
30 8 72
20 2 55
12 2 24
11 1 1
44 1 9
21 8 27
15 8 23
27 2 26
51 8 55
21 1 3
48 1 19
64 8 39
1 1 33
39 2 67
19 8 56
30 8 76
3 2 49
17 8 25
48 2 72
44 1 30
6 1 1
69 8 70
58 1 21
43 8 69
23 1 12
21 1 34
81 8 73
23 2 51
58 6 44
26 1 3
1 8 10
18 8 45
25 2 1
34 1 33
11 1 49
64 2 30
10 8 14
57 1 30
72 2 51
33 1 1
23 8 72
6 1 3
13 8 11
54 2 12
68 1 21
76 2 52
22 8 30
21 1 4
32 8 21
52 2 76
19 8 51
49 8 11
14 8 12
21 8 51
23 1 53
3 8 11
29 1 28
48 8 73
55 2 20
72 8 73
50 1 41
33 2 1
3 2 43
14 1 1
19 1 42
30 1 73
70 2 15
72 1 30
1 8 19
1 2 4
41 8 50
81 1 53
3 2 41
19 1 1
29 8 19
14 1 68
29 1 33
21 8 20
8 8 44
73 2 20
67 1 9
30 2 69
45 1 10
20 2 58
34 1 28
1 2 10
3 2 4
53 1 51
32 2 5
70 2 56
44 2 45
70 1 30
41 8 11
4 2 5
72 8 53
41 1 11
28 8 29
56 6 44
23 8 54
15 2 70
56 8 23
28 1 27
1 8 7
44 1 8
18 1 16
53 2 73
44 1 18
49 2 3
45 1 13
27 8 33
28 1 1
56 2 70
17 1 14
44 1 10
1 1 3
9 2 10
33 8 34
3 8 26
48 2 52
13 2 8
52 1 23
10 8 11
11 1 3
6 8 40
20 1 21
58 2 54
24 2 45
3 7 1
1 2 41
56 1 19
70 2 12
3 8 6
9 8 44
53 8 81
53 8 23
14 1 13
73 2 56
44 1 1
3 8 39
12 8 23
1 8 26
13 8 45
19 1 34
1 4 3
7 8 40
12 1 14
41 2 3
14 1 10
15 8 30
13 1 3
7 1 1
44 1 13
21 8 56
30 8 45
11 1 41
21 8 58
21 8 41
22 1 21
25 1 17
1 2 13
39 1 30
21 1 5
3 8 27
4 8 19
8 2 13
9 2 1
11 8 12
14 1 9
56 6 45
4 2 3
44 13 58
49 8 14
3 8 10
26 8 33
14 1 3
4 2 42
13 1 1
33 1 27
23 1 56
15 2 54
15 1 14
3 2 33
3 8 14
19 1 29
1 8 24
43 2 1
48 1 21
81 2 52
29 2 5
1 7 3
26 1 1
1 8 29
15 2 20
3 2 13
19 1 3
50 2 23
44 13 56
1 8 45
24 2 12
20 8 23
30 1 22
30 1 15
12 8 30
18 2 23
3 1 5
8 2 10
11 1 68
11 1 43
4 8 3
73 1 81
23 1 22
1 8 14
27 1 21
14 8 15
55 1 23
30 8 44
45 1 23
23 1 15
10 1 3
16 1 14
19 8 27
77 1 1
23 2 50
43 1 14
51 1 19
40 1 7
5 8 3
1 2 9
30 8 39
45 13 56
25 8 44
30 1 70
5 2 1
3 8 34
3 1 33
44 8 23
15 2 12
44 1 25
16 1 11
12 1 11
1 8 77
45 1 1
14 1 43
17 2 16
45 2 24
26 1 19
55 8 30
11 8 41
22 2 15
9 8 67
69 2 30
68 8 11
44 1 23
76 1 30
73 1 72
28 8 3
28 2 3
5 8 19
4 2 29
43 1 19
3 2 23
28 2 1
52 2 57
41 1 14
16 8 18
3 2 9
13 8 44
19 8 68
5 8 21
1 1 28
57 2 52
4 2 34
52 2 81
19 8 41
56 1 21
39 1 3
1 5 3
3 8 19
3 8 29
8 8 45
22 8 23
24 1 25
33 8 3
10 2 1
41 8 69
70 1 69
14 8 16
23 1 24
69 1 41
25 2 30
72 1 23
13 8 14
32 2 4
67 1 23
19 8 22
30 1 55
69 1 43
33 8 29
23 8 52
19 8 26
19 1 4
52 1 30
3 2 28
30 1 44
14 8 41
19 8 48
1 2 43
23 8 44
23 1 45
18 2 30
13 2 9
73 2 53
72 2 48
3 1 4
5 2 34
25 8 24
4 1 1
18 2 1
21 8 26
45 1 8
33 1 26
1 2 18
20 8 30
40 1 67
5 2 42
52 8 53
23 2 3
22 1 19
11 8 16
70 2 55
49 1 21
53 1 76
49 2 1
1 8 27
22 2 20
30 1 20
73 8 30
44 8 30
68 8 14
67 2 39
9 8 14
29 8 21
16 8 25
28 8 34
4 2 1
27 1 3
30 2 25
54 1 50
29 1 3
45 1 30
10 1 1
29 2 4
16 2 17
13 2 1
53 1 72
1 2 33
6 2 39
21 8 68
42 2 5
3 5 1
73 1 52
19 8 20
12 2 70
11 8 15
5 1 1
55 2 70
73 1 48
25 1 16
6 2 7
18 1 17
15 2 22
9 2 3
76 8 53
14 8 17
1 8 34
3 1 28
9 8 24
54 8 30
58 2 20
55 1 51
20 1 19
20 2 22
39 8 40
40 1 39
30 1 58
53 1 52
23 1 44
11 1 10
48 8 53
45 2 44
27 8 28
23 8 45
68 1 19
19 1 32
1 1 4
42 8 19
3 8 67
1 8 13
30 1 53
14 8 43
30 8 57
8 8 11
51 1 21
30 2 18
3 2 5
23 2 18
21 1 1
24 1 30
42 2 4
51 2 52
3 2 10
1 12 3
58 8 30
30 8 70
30 1 54
21 8 49
18 8 44
41 1 19
54 2 15
23 8 67
28 1 26
21 1 29
51 8 53
10 2 3
51 2 72
67 1 3
70 8 23
23 1 70
24 8 23
23 1 20
51 2 23
57 8 53
34 2 5
17 8 18
53 8 30
43 8 11
5 2 32
10 8 45
1 2 25
53 1 48
70 8 30
13 2 3
50 8 54
30 8 24
1 8 6
1 2 28
1 2 68
54 1 23
45 1 18
32 8 19
4 2 32
20 2 15
24 1 1
26 1 21
26 2 27
43 8 14
39 1 64
27 1 19
27 1 1
64 2 3
10 2 9
21 8 22
64 1 77
1 8 3
12 2 15
52 2 48
19 8 43
34 8 19
21 1 32
67 8 40
7 1 3
42 8 21
23 8 55
1 1 5
34 1 3
1 11 3
1 2 49
41 1 21
68 2 1
14 1 49
1 8 21
34 2 4
3 2 64
? 1 github_java_program_data/2/18.java

11 1 13
41 2 1
23 8 24
21 1 42
5 2 29
80 2 1
15 2 53
15 1 11
34 8 21
1 8 44
34 1 1
1 2 5
3 8 63
5 2 3
44 1 87
77 8 64
30 1 12
8 2 1
3 8 7
48 2 41
3 8 13
33 2 3
21 8 48
4 8 21
29 1 1
3 1 1
1 2 37
30 2 64
43 2 3
44 1 3
65 2 10
1 8 65
14 1 3
52 2 51
53 1 57
3 4 1
19 1 5
7 2 6
3 8 21
26 8 28
31 8 23
22 2 73
30 2 18
3 2 18
3 2 5
1 8 66
1 8 11
30 8 72
10 2 65
12 2 24
11 1 1
44 1 9
9 8 10
10 8 44
33 2 1
29 2 5
18 8 24
15 8 23
27 2 26
31 2 44
21 1 3
48 1 19
64 8 39
1 1 33
39 2 67
19 8 56
65 8 45
30 8 76
53 2 12
17 8 25
15 2 24
44 1 30
50 1 51
69 8 70
22 2 12
73 2 22
23 1 12
21 1 34
88 2 23
23 2 80
67 1 30
26 1 3
1 8 10
18 8 45
25 2 1
34 1 33
67 8 40
26 8 33
64 2 30
10 8 14
57 1 30
5 2 1
72 2 51
33 1 1
6 1 3
13 8 11
51 2 52
76 2 52
22 8 30
3 2 10
21 1 4
96 8 64
32 8 21
52 2 76
19 8 51
73 1 72
14 8 12
21 8 51
61 2 48
23 1 53
3 8 11
29 1 28
72 8 73
50 1 41
50 1 61
44 2 45
67 1 80
14 1 1
19 1 42
30 1 73
87 8 44
21 8 43
72 1 30
1 8 19
1 11 3
41 8 50
28 1 27
30 1 39
9 8 45
3 2 41
19 1 1
37 8 3
29 8 19
29 1 33
21 8 20
49 1 19
30 2 69
45 1 10
30 1 67
34 1 28
1 2 10
3 2 4
53 1 51
32 2 5
87 2 25
8 8 67
61 1 19
44 2 31
26 8 88
51 8 73
70 1 30
88 8 45
41 8 11
67 2 7
12 1 14
25 2 3
51 2 75
24 1 23
30 8 67
24 2 15
23 1 31
23 8 54
56 8 23
1 2 4
43 2 51
54 2 22
3 8 24
18 1 16
44 1 18
1 8 96
1 2 80
45 1 13
27 8 33
3 2 33
28 1 1
8 2 65
17 1 14
44 1 10
1 1 3
9 2 10
33 8 34
3 8 26
50 1 75
52 1 23
10 8 11
11 1 3
6 8 40
34 1 3
23 2 48
24 2 45
11 8 17
3 7 1
55 2 12
1 2 41
75 1 19
31 1 23
25 2 23
56 1 19
70 2 12
37 2 1
3 8 6
73 2 55
9 8 44
53 8 23
14 1 13
41 2 48
3 2 43
44 1 1
3 8 39
12 8 23
1 8 26
13 8 45
19 1 34
1 4 3
67 8 30
28 8 29
41 2 3
1 2 30
14 1 10
15 8 30
13 1 3
48 2 52
10 2 9
13 2 66
11 1 41
19 8 48
41 8 14
25 1 17
1 2 13
39 1 30
21 1 5
73 1 51
3 8 27
4 8 19
8 2 13
7 8 40
34 2 5
67 1 8
11 8 12
56 6 45
4 2 3
49 8 14
31 1 25
4 2 42
13 1 1
33 1 27
23 1 56
15 2 54
15 1 14
80 1 63
3 8 14
19 1 29
19 8 22
43 2 1
48 1 21
3 2 25
1 7 3
26 1 1
1 8 29
15 2 20
3 2 13
19 1 3
50 2 23
30 2 1
1 8 45
24 2 12
20 8 23
30 1 22
43 1 21
48 8 55
48 8 50
12 8 30
18 2 23
3 1 5
11 1 43
4 8 3
23 1 22
1 8 14
27 1 21
24 1 3
14 8 15
55 1 23
50 1 43
55 1 48
45 1 23
23 1 15
10 1 3
16 1 14
12 2 20
19 8 27
77 1 1
24 8 30
23 2 50
43 1 14
19 8 49
51 1 19
80 2 23
40 1 7
5 8 3
87 2 30
30 8 39
45 13 56
25 8 44
30 1 70
1 8 67
31 1 1
3 8 34
3 1 33
44 2 24
2 1 3
44 8 23
15 2 12
44 1 25
16 1 11
12 1 11
1 8 77
45 1 1
23 8 31
14 1 43
75 8 50
20 2 12
17 2 16
45 2 24
26 1 19
55 8 30
96 1 1
4 2 1
69 2 30
44 1 13
21 8 41
63 1 3
51 8 50
28 8 3
28 2 3
5 8 19
4 2 29
43 1 19
55 2 73
28 2 1
52 2 57
41 1 14
16 8 18
4 2 34
13 8 44
5 8 21
1 1 28
21 8 27
57 2 52
44 2 39
3 2 9
19 8 41
30 1 24
23 2 88
39 1 3
1 5 3
3 8 19
45 1 3
3 8 29
8 8 45
22 8 23
24 1 25
33 8 3
10 2 1
41 8 69
39 8 30
1 2 8
70 1 69
14 8 16
42 2 5
69 1 41
25 2 30
76 8 53
13 8 14
61 8 50
32 2 4
67 1 23
8 2 9
2 2 6
30 1 55
33 8 29
45 1 65
22 1 21
25 8 31
19 8 26
19 1 4
23 8 45
3 2 28
30 1 44
14 8 41
1 2 43
18 2 3
63 8 80
43 8 50
3 8 2
18 2 30
44 1 66
31 2 15
10 1 9
65 1 1
39 2 44
3 1 4
2 8 40
25 8 24
4 1 1
18 2 1
21 8 26
45 1 8
33 1 26
12 2 22
1 2 18
20 8 30
40 1 67
5 2 42
52 8 53
22 1 19
80 8 67
11 8 16
65 2 8
50 1 48
53 1 76
49 2 1
88 2 18
45 1 9
1 8 27
22 2 20
30 1 20
73 8 30
44 8 30
67 2 39
1 8 34
29 8 21
16 8 25
28 8 34
27 1 3
30 2 25
54 1 50
29 1 3
30 8 44
12 2 55
66 2 13
10 1 1
75 2 51
16 2 17
13 2 1
26 8 87
1 2 33
53 2 15
12 2 53
15 2 31
19 8 20
12 2 70
11 8 15
5 1 1
25 1 16
6 2 7
18 1 17
9 2 3
40 1 2
14 8 17
87 1 26
67 1 1
3 1 28
29 2 4
19 8 61
54 8 30
3 5 1
22 2 54
20 1 19
20 2 22
30 1 15
66 1 1
48 2 61
18 8 44
53 1 52
23 1 44
11 1 10
18 2 88
48 8 53
45 2 44
27 8 28
4 2 32
3 1 37
19 1 32
1 1 4
42 8 19
24 2 44
1 8 13
30 1 53
14 8 43
30 8 57
51 2 43
51 1 21
88 1 26
14 1 41
23 2 18
21 1 1
24 1 30
42 2 4
3 8 44
1 8 31
1 12 3
30 1 45
30 1 54
19 8 75
5 2 32
41 1 19
54 2 15
64 1 96
23 8 67
9 2 8
28 1 26
21 1 29
51 8 53
10 2 3
51 2 72
5 2 34
40 1 6
23 1 20
57 8 53
24 1 18
17 8 18
53 8 30
43 8 11
66 8 44
23 2 25
17 1 11
3 8 45
10 8 45
1 2 25
53 1 48
70 8 30
13 2 3
50 8 54
30 8 24
1 2 28
54 1 23
45 1 18
30 2 87
32 8 19
13 2 8
6 2 2
20 2 15
3 8 10
26 1 21
26 2 27
43 8 14
45 1 88
23 8 52
76 1 30
39 1 64
27 1 19
27 1 1
64 2 3
21 8 22
64 1 77
1 8 3
48 2 23
12 2 15
52 2 48
19 8 43
34 8 19
21 1 32
45 8 30
30 8 70
7 1 3
42 8 21
23 8 55
1 1 5
20 1 21
25 2 87
1 2 49
41 1 21
1 14 3
7 2 67
14 1 49
1 8 21
34 2 4
3 2 64
? 1 github_java_program_data/2/20.java

3 8 77
23 8 24
21 1 42
5 2 29
30 8 52
8 2 1
41 2 1
15 1 11
34 8 21
10 2 8
23 1 19
39 8 19
1 8 44
34 1 1
1 2 5
56 2 73
5 2 3
9 2 13
77 8 64
2 1 1
4 2 1
30 1 12
11 1 9
31 1 8
3 8 13
33 2 3
21 8 48
4 8 21
52 8 73
29 1 1
3 1 1
30 2 64
43 2 3
11 8 17
52 1 21
14 1 3
39 1 8
14 2 11
19 1 23
23 1 39
48 8 97
12 2 54
11 1 8
19 1 5
7 2 6
3 8 21
26 8 28
1 14 3
23 1 67
11 2 14
19 8 23
3 8 80
1 8 66
1 8 11
67 1 9
12 2 24
11 1 1
44 1 9
66 2 9
21 8 27
20 2 53
53 1 76
4 2 23
21 1 3
56 8 30
48 1 19
1 1 33
39 2 67
65 1 3
19 8 56
65 8 45
30 8 76
17 8 25
39 1 23
44 1 30
6 1 1
25 1 16
22 2 12
58 1 21
46 1 18
21 1 34
48 8 73
67 1 30
26 1 3
1 8 10
18 8 45
25 2 1
34 1 33
67 8 40
5 2 34
10 8 14
80 2 33
5 2 1
72 2 51
33 1 1
23 8 72
65 8 39
20 2 15
54 2 12
22 8 30
21 1 4
1 2 8
32 8 21
19 8 51
73 1 72
14 8 12
21 8 51
23 1 53
3 8 11
29 1 28
97 1 57
1 8 2
72 8 73
3 4 1
15 2 55
33 2 1
3 2 43
14 1 1
19 1 42
30 1 73
67 8 23
21 8 43
1 8 19
1 11 3
8 8 39
28 1 27
33 8 39
9 8 45
3 2 41
19 1 1
51 8 55
3 8 31
29 1 33
21 8 20
1 2 64
8 8 44
49 1 19
67 1 3
45 1 10
65 1 1
20 2 56
1 2 10
3 2 4
53 1 51
8 8 67
44 2 31
51 8 73
44 2 45
41 8 11
8 2 3
4 2 5
72 8 53
12 1 14
25 2 3
23 8 39
65 1 33
24 1 23
64 2 1
52 8 97
30 8 67
23 8 54
1 2 4
1 8 7
44 1 8
3 8 24
18 1 16
44 1 18
39 1 65
23 1 45
45 1 13
27 8 33
23 1 26
28 1 1
8 2 65
17 1 14
1 8 39
1 1 3
9 2 10
57 1 19
29 8 19
3 8 26
48 2 52
13 2 8
33 8 34
52 1 23
10 8 11
97 1 48
6 8 40
34 1 3
56 6 45
3 7 1
67 2 45
1 2 41
31 1 23
25 2 23
56 1 19
56 6 44
51 2 30
23 8 19
9 8 44
44 13 56
53 8 23
14 1 13
73 2 56
44 1 1
19 2 26
8 8 24
64 1 77
39 8 23
1 8 26
13 8 45
19 1 34
1 4 3
60 1 21
7 8 40
28 8 29
41 2 3
1 2 30
14 1 10
15 8 30
21 8 58
7 1 1
10 2 9
21 8 56
30 8 45
11 1 41
28 8 65
39 2 4
19 8 48
44 1 23
21 8 26
25 1 17
1 2 13
39 1 30
21 1 5
73 1 51
34 1 28
4 8 19
8 2 13
34 2 5
45 2 44
67 1 8
11 8 12
14 1 9
25 8 45
23 8 46
4 2 3
44 13 58
49 8 14
80 8 39
26 8 33
31 1 3
4 2 42
13 1 1
33 1 27
5 2 4
15 1 14
77 1 3
3 8 14
19 1 29
19 8 22
49 2 1
48 1 21
18 8 46
29 2 5
1 7 3
26 1 1
1 8 29
15 2 20
3 2 13
19 1 3
50 2 23
1 8 45
24 2 12
20 8 23
30 1 22
43 1 21
30 1 15
12 8 30
30 1 60
18 2 23
3 1 5
8 2 10
3 2 18
4 8 3
23 1 22
1 8 14
27 1 21
24 1 3
14 8 15
45 1 18
45 1 30
80 1 3
10 1 3
16 1 14
19 8 27
64 2 30
24 8 30
3 2 37
43 1 14
19 8 49
51 1 19
76 2 72
40 1 7
5 8 3
97 1 52
30 8 39
45 13 56
25 8 44
3 5 1
1 8 67
3 8 34
3 1 33
44 8 23
15 2 12
44 1 25
16 1 11
12 1 11
39 1 9
45 1 1
23 8 31
23 2 4
17 2 16
26 1 19
55 8 30
31 1 25
9 8 67
44 1 13
21 8 41
76 1 30
28 8 3
28 2 3
5 8 19
4 2 29
32 2 5
3 2 23
28 2 1
21 1 97
23 2 50
16 8 18
13 8 44
73 1 52
5 8 21
1 1 37
1 1 28
18 8 24
57 2 52
19 8 20
4 2 34
19 8 41
30 1 24
56 1 21
3 2 25
1 5 3
3 8 19
5 2 39
3 8 29
8 8 45
22 8 23
45 8 23
45 1 25
33 8 3
10 2 1
26 2 19
33 2 80
19 1 39
30 2 51
14 8 16
42 2 5
31 2 44
25 2 30
72 1 23
13 8 14
32 2 4
67 1 23
33 8 29
45 1 65
23 8 52
25 8 31
64 8 67
19 8 26
19 1 4
52 1 30
3 2 28
30 1 44
5 2 32
13 2 9
54 2 55
18 2 3
23 8 44
9 8 39
18 2 30
44 1 66
31 2 15
44 1 3
9 2 8
3 1 4
2 8 40
4 1 1
37 2 3
18 2 1
21 8 60
45 1 8
33 1 26
12 2 22
1 2 18
20 8 30
40 1 67
5 2 42
4 2 39
55 2 15
52 8 53
23 2 3
22 1 19
11 8 16
65 2 8
46 8 21
65 2 9
50 1 43
43 8 50
6 2 7
45 1 9
1 8 27
22 2 20
39 1 1
55 2 54
14 8 17
44 8 30
65 1 28
67 2 39
9 8 14
29 8 21
16 8 25
28 8 34
33 8 65
1 8 65
30 2 25
54 1 50
29 1 3
23 2 33
30 8 44
8 8 31
10 1 1
16 2 17
13 2 1
53 1 72
1 2 33
15 2 31
67 2 7
30 8 55
31 8 30
12 2 15
11 8 15
5 1 1
9 2 66
14 1 8
73 1 48
22 1 21
9 2 65
26 8 23
33 2 23
18 1 17
46 1 23
57 8 97
21 8 52
76 8 53
73 8 30
1 8 34
67 1 1
3 1 28
29 2 4
30 2 1
54 8 30
27 2 26
52 2 57
55 1 51
20 1 19
20 2 22
66 1 1
18 8 44
53 1 52
58 8 23
11 1 10
53 1 48
40 1 2
27 8 28
4 2 32
1 1 4
42 8 19
3 8 67
1 8 13
2 2 6
14 8 43
3 2 8
8 8 11
51 1 21
30 2 18
3 2 5
23 2 18
21 1 1
8 8 14
14 1 43
42 2 4
3 8 44
3 2 10
1 12 3
30 1 45
30 1 54
21 1 46
58 6 44
41 1 19
13 1 3
56 2 20
23 8 67
1 1 5
39 2 5
28 1 26
19 8 57
21 1 29
51 8 53
10 2 3
51 2 72
23 1 44
8 2 9
40 1 6
23 1 20
97 8 21
24 1 18
17 8 18
55 1 30
1 8 6
66 8 44
23 2 25
17 1 11
10 8 45
1 2 25
48 8 53
37 1 1
13 2 3
30 1 20
39 1 33
60 8 30
1 2 28
54 1 23
30 1 55
32 8 19
6 2 2
53 2 20
39 1 80
3 8 10
3 2 33
26 1 21
45 2 67
26 2 27
43 8 14
27 1 19
27 1 1
21 8 22
11 1 3
1 8 3
3 8 65
52 2 48
30 1 31
34 8 19
21 1 32
45 8 30
19 1 32
67 1 64
9 8 11
42 8 21
30 1 56
50 8 54
23 1 58
20 1 21
24 1 8
1 2 49
41 1 21
7 2 67
72 2 76
14 1 49
1 8 21
34 2 4
? 1 github_java_program_data/2/22.java

16 1 14
19 8 27
21 1 42
24 8 30
30 8 52
8 2 1
67 1 28
39 2 7
34 8 21
23 8 24
1 11 3
23 1 19
40 1 7
67 2 4
12 2 15
30 8 39
1 2 5
25 8 44
5 2 29
5 2 1
1 2 10
45 1 23
2 1 1
30 1 12
11 1 9
67 8 21
67 2 5
3 2 30
44 1 9
3 8 13
12 1 11
39 1 9
21 8 48
4 2 23
4 8 21
64 2 28
29 1 1
3 1 1
23 2 4
1 2 37
20 2 53
11 8 17
26 1 19
14 1 3
39 1 8
60 8 30
19 1 23
44 1 13
44 1 23
45 1 3
7 2 6
26 8 28
27 2 26
28 2 3
4 2 29
28 2 1
19 8 23
8 2 13
1 8 66
1 7 3
1 8 11
16 8 18
26 2 27
13 8 44
11 1 1
5 8 21
44 2 39
66 2 9
33 2 1
4 2 34
18 8 24
3 2 18
30 1 24
3 8 34
39 1 3
1 5 3
3 8 19
21 1 3
3 8 29
8 8 45
22 8 23
9 2 8
45 8 30
6 2 2
19 8 56
26 2 19
39 8 30
53 2 20
56 6 44
28 8 66
14 8 16
42 2 5
6 1 1
25 1 16
30 8 67
40 1 2
13 8 14
21 1 34
34 1 3
8 2 9
67 1 30
1 8 10
18 8 45
33 8 29
34 1 33
33 2 3
5 2 34
10 8 14
64 8 67
19 8 26
19 1 4
52 1 30
3 2 28
30 1 44
65 8 39
3 8 44
18 2 3
12 2 24
1 1 33
21 1 4
1 2 8
44 1 66
32 8 21
1 12 3
44 1 3
3 1 4
2 8 40
23 1 53
4 1 1
3 8 11
29 1 28
21 8 60
1 8 2
33 1 26
3 4 1
5 2 67
10 2 1
14 1 1
19 1 42
52 8 53
22 1 19
3 2 25
3 2 4
15 2 12
1 8 19
1 2 4
8 8 39
28 1 27
30 1 39
9 8 45
19 1 1
37 8 3
33 1 1
6 2 7
29 1 33
3 7 1
28 8 67
21 8 20
19 1 3
8 8 44
44 8 30
65 1 28
4 2 32
40 1 39
29 8 21
16 8 25
28 8 34
4 2 1
27 1 3
29 1 3
66 1 28
10 1 1
44 2 45
16 2 17
13 2 1
7 2 39
8 2 3
1 2 33
3 5 1
28 8 29
25 2 3
23 8 44
24 1 23
45 2 44
5 1 1
9 2 66
14 1 8
45 1 8
9 2 65
45 1 13
56 8 23
18 1 17
1 8 7
28 2 30
44 1 8
3 8 24
18 1 16
39 1 65
29 2 4
26 8 23
30 2 1
27 8 33
23 1 26
20 2 22
18 2 23
66 1 1
1 8 39
5 2 3
1 1 3
9 2 10
32 2 4
11 1 10
53 1 48
65 2 9
27 8 28
23 8 45
33 8 34
3 1 37
10 8 11
11 1 3
1 1 4
42 8 19
1 8 64
20 1 21
45 1 9
17 2 16
3 2 8
10 2 9
3 8 21
3 2 5
56 1 19
22 2 20
30 2 3
23 2 18
39 8 40
21 1 1
23 8 19
8 8 14
9 8 44
44 13 56
53 8 23
14 1 13
3 2 10
37 2 1
25 2 23
19 2 26
8 8 24
30 1 45
48 2 52
4 2 67
13 8 45
65 1 1
60 1 21
7 8 40
9 8 39
1 2 30
53 1 52
14 1 10
15 8 30
28 1 26
7 1 1
21 1 29
23 1 22
10 2 3
28 8 65
1 8 14
13 1 3
40 1 6
23 1 20
21 8 26
24 1 18
17 8 18
1 2 13
39 1 30
21 1 5
23 2 25
17 1 11
4 8 19
3 8 45
21 1 67
48 8 53
11 8 12
45 1 18
13 2 3
64 1 1
4 2 3
1 8 6
1 2 28
26 8 33
34 2 5
13 1 1
33 1 27
23 1 56
13 2 8
15 1 14
34 1 28
3 8 14
3 8 10
19 8 22
3 2 33
48 1 21
30 2 28
29 2 5
1 14 3
1 8 29
3 2 13
27 1 19
39 1 1
3 8 27
1 8 65
39 2 44
1 8 3
24 2 12
20 8 23
52 2 48
66 8 44
6 8 40
32 8 19
21 1 32
30 1 15
12 8 30
30 1 60
19 1 32
2 2 6
67 1 64
9 8 11
4 8 3
28 2 64
1 1 5
1 8 13
24 1 8
3 8 39
24 1 3
14 8 15
44 1 25
26 1 21
5 2 42
42 8 21
1 8 21
34 2 4
10 1 3
? 1 github_java_program_data/2/24.java

11 1 13
41 2 1
23 8 24
21 1 42
73 8 23
37 1 21
15 1 11
34 8 21
10 2 8
23 8 44
1 8 44
34 1 1
3 1 38
38 1 21
5 2 29
5 2 3
1 2 8
54 2 58
2 1 1
30 1 12
11 1 9
3 8 7
31 1 8
38 2 3
3 8 13
33 2 3
23 1 73
21 8 48
4 8 21
56 2 20
29 1 1
3 1 1
43 2 3
10 1 9
9 2 1
69 1 61
14 1 3
39 1 8
41 2 51
53 1 57
3 4 1
71 8 23
11 1 8
19 1 5
7 2 6
3 8 21
26 8 28
8 2 1
30 1 39
22 2 73
88 2 30
20 2 73
20 2 54
3 2 18
3 2 5
8 2 9
23 1 60
21 8 51
30 2 50
38 1 19
11 1 1
44 1 9
9 8 10
54 2 20
39 2 12
18 8 24
15 8 23
69 2 23
27 2 26
73 2 22
21 1 3
56 8 30
48 1 19
1 2 43
1 1 33
19 8 56
87 2 30
30 8 76
17 8 25
48 2 72
38 8 3
15 2 24
8 8 10
6 1 1
69 8 70
10 1 8
21 8 26
43 8 69
23 1 12
21 1 34
1 8 2
67 1 30
26 1 3
1 8 10
3 2 4
25 2 1
34 1 33
67 8 40
5 2 34
10 8 14
57 1 30
70 1 50
33 1 1
23 8 72
9 2 13
6 1 3
13 8 11
51 2 52
54 2 12
68 1 21
22 8 30
3 2 10
21 1 4
44 1 87
32 8 21
48 2 30
19 8 51
73 1 72
14 8 12
30 8 72
61 2 48
23 1 53
3 8 11
13 2 8
29 1 28
48 8 73
72 8 73
50 1 41
50 1 61
15 2 55
44 2 45
3 2 43
30 8 54
19 1 42
14 1 1
52 2 51
21 8 43
9 8 13
1 8 19
1 11 3
8 8 39
28 1 27
13 1 9
9 8 45
3 2 41
19 1 1
37 8 3
33 8 34
14 1 68
29 1 33
69 1 48
21 8 20
8 8 44
73 2 20
67 1 3
30 2 69
23 1 20
48 2 41
23 2 87
30 1 62
34 1 28
20 2 56
1 2 10
62 8 30
53 1 51
32 2 5
54 1 30
8 8 67
72 1 30
12 2 20
26 8 88
88 8 45
41 8 11
8 2 3
4 2 5
41 1 11
28 8 29
30 1 31
51 2 75
24 1 23
30 8 67
41 8 50
23 8 54
1 2 4
1 8 7
39 1 1
44 1 8
3 8 24
18 1 16
44 1 18
22 2 70
45 1 13
27 8 33
28 1 1
17 1 14
1 8 39
53 2 22
44 1 10
1 1 3
9 2 10
70 2 22
29 8 19
3 8 26
70 2 20
50 1 75
25 2 23
52 1 23
10 8 11
11 1 3
6 8 40
34 1 3
58 2 54
3 7 1
1 2 41
75 1 19
31 1 23
69 8 54
56 1 19
3 2 68
30 2 3
15 2 12
12 2 55
50 2 30
3 8 6
56 6 44
9 8 44
19 8 38
53 8 23
14 1 13
41 2 48
37 2 1
22 2 53
44 1 1
33 2 1
23 8 70
12 8 23
1 8 26
13 8 45
19 1 34
1 4 3
60 1 21
7 8 40
12 1 14
41 2 3
1 2 30
14 1 10
15 8 30
13 1 3
7 1 1
10 2 9
73 1 76
30 8 45
11 1 41
87 2 18
19 8 48
41 8 14
22 1 21
25 1 17
50 1 51
54 1 69
1 2 13
41 1 21
21 1 5
3 8 27
4 8 19
8 2 13
9 8 14
55 1 30
34 2 5
67 1 8
11 8 12
14 1 9
25 8 45
4 2 3
44 13 58
49 8 14
26 8 33
28 8 3
4 2 42
13 1 1
39 1 30
5 2 4
15 1 14
3 2 33
3 8 14
19 1 29
19 8 22
20 2 70
48 1 21
29 2 5
1 7 3
26 1 1
1 8 29
3 2 13
44 1 23
19 1 3
3 2 37
30 2 1
1 8 45
23 2 69
20 8 23
30 1 22
43 1 21
1 8 13
30 1 15
12 8 30
73 2 15
18 2 23
3 1 5
8 2 10
11 1 43
4 8 3
51 2 41
23 1 22
1 8 14
27 1 21
24 1 3
14 8 15
70 8 30
45 1 30
55 1 48
61 1 19
18 2 87
23 1 15
10 1 3
24 1 9
44 2 31
19 8 27
24 8 30
1 8 11
43 1 14
10 8 44
76 2 72
19 8 62
40 1 7
5 8 3
31 2 44
1 2 9
30 8 39
30 1 70
5 2 1
20 2 12
3 8 34
3 1 33
48 8 69
37 1 19
16 1 11
12 1 11
39 1 9
45 1 1
23 8 31
75 8 50
20 2 53
17 2 16
26 1 19
55 8 30
11 8 41
22 2 15
31 1 25
4 2 1
69 2 30
13 1 8
21 8 41
76 1 30
51 8 50
21 8 68
28 2 3
5 8 19
4 2 29
43 1 19
28 2 1
52 2 57
41 1 14
16 8 18
4 2 34
37 2 3
5 8 21
1 1 37
1 1 28
21 8 27
57 2 52
31 8 30
33 1 27
3 2 9
19 8 41
30 1 24
1 5 3
3 8 19
25 8 31
22 8 23
9 2 8
45 1 25
33 8 3
10 2 1
41 8 69
39 8 30
12 2 39
70 1 69
1 2 38
69 1 41
87 2 23
72 1 23
13 8 14
38 1 1
61 8 50
32 2 4
2 2 6
69 1 43
33 8 29
23 8 52
3 8 29
19 8 26
19 1 4
32 8 19
3 2 28
30 1 44
14 8 41
13 2 9
88 2 25
19 8 37
15 2 73
18 2 3
23 2 50
43 8 50
9 8 39
31 2 15
44 1 3
72 2 48
3 1 4
2 8 40
4 1 1
18 2 1
21 8 60
33 1 26
76 8 73
1 2 18
20 8 30
40 1 67
5 2 42
55 2 15
52 8 53
22 1 19
1 2 37
11 8 16
61 8 69
62 1 19
3 2 30
70 1 23
50 1 48
49 1 21
50 1 43
49 2 1
51 1 19
45 1 9
1 8 27
23 1 71
22 2 20
30 1 20
58 6 44
44 8 30
68 8 14
1 8 34
29 8 21
16 8 25
28 8 34
27 1 3
54 1 50
29 1 3
30 8 44
8 8 31
10 1 1
75 2 51
29 2 4
16 2 17
13 2 1
44 1 30
26 8 87
1 2 33
20 1 21
42 2 5
67 2 7
30 8 55
19 8 20
12 2 70
11 8 15
5 1 1
14 1 8
73 1 48
25 1 16
21 8 37
6 2 7
18 1 17
15 2 22
12 2 54
9 2 3
40 1 2
14 8 17
87 1 26
48 8 55
3 1 28
9 8 24
19 8 61
54 8 30
3 5 1
20 1 19
20 2 22
48 8 50
70 2 12
48 2 61
18 8 44
53 1 52
58 8 23
11 1 10
45 2 44
27 8 28
4 2 32
30 2 48
3 1 37
7 1 3
1 1 4
42 8 19
3 8 67
31 1 1
30 1 53
14 8 43
3 2 8
30 8 57
8 8 11
58 1 21
51 1 21
88 1 26
14 1 41
6 2 2
23 2 18
21 1 1
8 8 14
23 1 54
14 1 43
42 2 4
3 8 44
1 8 31
1 12 3
8 8 13
50 8 70
30 1 45
30 1 54
21 8 49
19 8 75
41 1 19
21 8 58
54 8 23
23 1 58
21 8 38
28 1 26
21 1 29
3 2 38
55 2 12
10 2 3
25 2 88
1 1 38
40 1 6
87 8 44
57 8 53
24 1 18
17 8 18
53 8 30
43 8 11
5 2 32
23 2 25
44 13 56
1 2 25
38 2 1
37 1 1
13 2 3
1 8 6
1 2 28
54 1 23
30 1 55
30 2 87
43 2 1
60 8 23
50 2 23
53 2 20
3 8 10
26 1 21
26 2 27
43 8 14
45 1 88
27 1 19
27 1 1
21 8 22
1 2 5
1 8 3
12 2 15
30 2 88
19 8 43
34 8 19
21 1 32
45 8 30
19 1 32
68 2 3
9 8 11
14 1 49
30 1 56
50 8 54
1 1 5
51 8 53
15 2 31
1 2 49
1 14 3
7 2 67
24 2 15
72 2 76
42 8 21
1 8 21
34 2 4
? 1 github_java_program_data/2/28.java

11 1 13
48 8 110
23 8 24
21 1 42
5 2 29
54 2 20
41 2 1
15 1 11
34 8 21
10 2 8
1 8 44
34 1 1
1 2 5
5 2 3
9 2 13
77 8 64
2 1 1
30 1 12
11 1 9
3 8 13
33 2 3
21 8 48
4 8 21
52 8 73
29 1 1
3 1 1
30 2 64
11 8 17
52 1 21
1 8 65
51 1 19
41 2 51
7 8 40
23 1 39
48 8 97
19 1 5
7 2 6
51 1 21
26 8 28
8 2 1
22 2 73
58 6 45
20 2 54
3 2 18
3 2 5
5 2 4
1 8 11
21 8 51
30 2 50
22 2 56
11 1 1
44 1 9
52 1 19
21 8 27
15 8 23
40 1 7
22 2 54
11 8 43
73 2 22
21 1 3
56 8 30
48 1 19
64 8 39
1 1 33
19 8 56
3 2 49
17 8 25
48 2 72
58 1 19
44 1 30
6 1 1
69 8 70
22 2 12
58 1 21
43 8 69
23 1 12
21 1 34
34 1 3
48 8 73
8 8 14
26 1 3
1 8 10
18 8 45
30 1 71
25 2 1
34 1 33
67 8 40
5 2 34
23 1 55
10 8 14
5 2 1
72 2 51
33 1 1
6 1 3
13 8 11
51 2 52
22 8 30
39 8 23
21 1 4
1 2 8
32 8 21
48 2 30
19 8 51
3 8 77
14 8 12
30 8 72
27 2 26
3 8 11
45 2 39
29 1 28
3 8 34
1 8 2
43 2 3
50 1 41
56 2 22
72 2 48
44 2 45
30 1 73
19 1 42
14 1 1
8 8 24
52 2 51
21 8 43
72 1 30
1 8 19
1 11 3
41 8 50
28 1 27
43 2 51
43 1 11
3 2 41
19 1 1
58 2 15
29 8 19
29 1 33
21 8 20
1 2 64
55 8 23
3 4 1
49 1 19
30 2 69
4 2 32
45 1 10
34 1 28
1 2 10
3 2 4
53 1 51
32 2 5
54 1 30
8 8 67
12 2 20
51 8 73
70 1 30
41 8 11
21 8 76
8 2 3
4 2 5
72 8 53
41 1 11
97 1 48
25 2 3
51 2 75
24 1 23
64 2 1
52 8 97
23 2 1
23 8 54
56 8 23
1 2 4
1 8 7
54 2 15
39 1 1
18 2 30
3 8 24
18 1 16
53 2 73
23 8 67
49 2 3
45 1 13
1 7 3
21 8 57
27 8 33
3 2 33
28 1 1
39 2 45
61 2 51
17 1 14
1 8 39
44 1 10
1 1 3
9 2 10
65 8 44
33 8 34
3 8 26
48 2 52
50 1 75
25 2 23
52 1 23
10 8 11
11 1 3
6 8 40
20 1 21
97 2 4
1 2 41
51 8 69
24 2 12
69 1 61
56 1 19
56 6 44
70 2 12
50 2 30
3 8 6
9 8 44
14 1 3
14 1 13
3 2 43
44 1 1
33 2 1
23 8 70
12 8 23
1 8 26
13 8 45
19 1 34
1 4 3
15 2 12
12 1 14
41 2 3
14 1 10
15 8 30
13 1 3
7 1 1
10 2 9
30 8 45
11 1 41
19 8 48
41 8 14
25 1 17
1 2 23
1 2 13
41 1 21
21 1 5
73 1 51
3 8 27
30 1 22
8 2 13
30 2 48
34 2 5
6 2 67
67 1 8
11 8 12
56 6 45
44 1 65
44 13 58
49 8 14
26 8 33
4 2 42
72 8 110
33 1 27
23 1 56
15 2 54
15 1 14
77 1 3
3 8 14
19 1 29
19 8 22
43 2 1
48 1 21
29 2 5
1 14 3
26 1 1
1 8 29
15 2 20
3 2 13
44 1 23
19 1 3
50 2 23
39 1 30
1 8 45
23 2 69
20 8 23
4 8 19
43 1 21
48 8 55
30 1 15
12 8 30
18 2 23
3 1 5
8 2 10
20 2 53
11 1 43
4 8 3
51 2 43
51 2 41
23 1 22
1 8 14
69 1 51
76 1 21
14 8 15
70 8 30
45 1 30
55 1 48
55 1 30
23 1 15
10 1 3
16 1 14
19 8 27
64 2 30
23 2 50
43 1 14
19 8 49
10 8 44
76 2 72
70 2 58
19 8 52
5 8 3
97 1 52
30 8 39
45 13 56
25 8 44
30 1 70
1 8 67
12 2 24
97 1 57
3 1 33
44 2 24
4 2 3
44 8 23
20 2 56
44 1 25
16 1 11
12 1 11
45 1 1
75 8 50
20 2 12
17 2 16
26 1 19
11 8 41
22 2 15
4 2 1
69 2 30
44 1 13
56 2 55
21 8 41
45 1 3
51 8 50
28 8 3
28 2 3
5 8 19
4 2 29
43 1 19
28 2 1
52 2 57
45 8 23
3 7 1
41 1 14
16 8 18
13 8 44
30 8 55
5 8 21
1 1 28
18 8 24
57 2 52
4 2 34
19 8 41
56 1 21
69 2 23
1 5 3
3 8 19
3 8 29
8 8 45
22 8 23
11 8 15
33 8 3
10 2 1
53 2 20
70 1 69
14 8 16
23 1 24
45 2 44
25 2 30
40 1 2
13 8 14
9 2 65
32 2 4
67 1 23
19 8 58
2 2 6
30 8 54
33 8 29
110 8 19
22 1 21
19 8 26
19 1 4
32 8 19
3 2 28
30 1 44
14 8 41
13 2 9
21 8 75
1 2 43
21 8 61
18 2 3
23 8 44
23 1 45
71 8 30
3 2 25
58 6 44
44 1 3
65 1 1
3 1 4
2 8 40
4 1 1
18 2 1
21 8 26
45 1 8
33 1 26
12 2 22
67 2 6
1 2 18
20 8 30
40 1 67
5 2 42
6 2 7
22 1 19
11 8 16
61 8 69
65 2 9
70 1 23
55 2 56
1 8 27
22 2 20
30 1 20
75 1 21
44 8 30
28 8 29
1 8 34
29 8 21
16 8 25
28 8 34
21 8 22
30 2 25
54 1 50
29 1 3
30 8 44
10 1 1
75 2 51
16 2 17
13 2 1
53 1 72
19 1 110
1 2 33
51 2 61
42 2 5
73 1 52
19 8 20
12 2 15
12 2 70
50 1 51
5 1 1
19 8 72
14 1 8
73 1 48
25 1 16
23 2 25
18 1 17
15 2 22
57 8 97
97 8 19
21 8 52
110 1 48
14 8 17
21 8 56
67 1 1
3 1 28
29 2 4
4 2 97
54 8 30
3 5 1
20 1 19
20 2 22
30 1 58
13 1 1
45 13 58
58 8 23
11 1 10
48 8 53
27 8 28
23 8 45
1 1 4
42 8 19
24 2 44
45 1 23
30 1 53
15 2 58
14 8 43
3 2 8
23 1 44
61 1 21
3 8 21
30 2 18
14 1 41
23 2 18
21 1 1
69 1 43
23 1 54
14 1 43
42 2 4
3 8 44
3 2 10
1 12 3
73 2 53
58 8 30
76 8 110
30 8 70
30 1 54
5 2 97
110 1 76
41 1 19
21 8 58
56 2 20
54 8 23
58 2 70
1 1 5
28 1 26
21 1 29
51 8 53
10 2 3
51 2 72
72 1 19
70 8 23
23 1 70
24 8 23
23 1 20
27 1 21
24 1 18
17 8 18
53 8 30
43 8 11
5 2 32
24 1 3
44 13 56
17 1 11
3 8 45
10 8 45
1 2 25
53 1 48
40 1 6
13 2 3
110 1 72
1 8 6
1 2 28
54 1 23
45 1 18
13 2 8
6 2 2
20 2 15
19 1 97
3 8 10
26 1 21
26 2 27
43 8 14
97 2 5
23 8 52
39 1 64
27 1 19
27 1 1
27 1 3
64 1 77
1 8 3
57 1 21
52 2 48
19 8 43
34 8 19
21 1 32
54 2 22
19 1 32
9 8 11
14 1 49
30 1 56
50 8 54
23 1 58
1 8 13
24 1 8
73 8 30
72 2 76
42 8 21
1 8 21
34 2 4
? 1 github_java_program_data/2/44.java

10 1 1
28 8 29
41 1 19
41 2 3
41 8 11
8 2 3
12 1 11
23 8 39
1 8 10
11 1 41
3 2 8
19 1 4
2 1 1
4 8 19
40 1 2
29 2 4
11 8 12
40 1 39
29 1 1
1 2 28
23 1 12
2 8 40
39 8 40
10 2 3
39 1 8
29 1 28
19 1 29
1 8 2
11 1 10
1 8 29
4 2 29
10 8 11
11 1 3
3 2 23
28 2 1
23 2 3
8 8 39
3 2 41
2 2 39
29 8 19
19 8 41
39 2 2
39 1 3
3 8 39
3 2 10
3 8 11
12 8 23
39 1 23
? 1 github_java_program_data/2/46.java

23 8 24
21 1 42
5 2 29
30 8 52
8 2 1
67 1 28
34 8 21
23 8 44
34 1 1
1 2 5
5 2 3
2 1 1
30 1 12
11 1 9
67 8 21
3 8 13
32 8 21
21 8 48
4 8 21
29 1 1
3 1 1
11 8 17
14 1 3
39 1 8
19 1 23
19 1 5
7 2 6
26 8 28
1 14 3
19 8 23
1 8 66
1 8 11
12 2 24
11 1 1
44 1 9
66 2 9
29 2 5
18 8 24
20 2 53
48 1 21
4 2 23
21 1 3
1 1 33
19 8 56
6 1 1
25 1 16
21 8 26
21 1 34
67 1 30
1 8 10
18 8 45
34 1 33
1 11 3
10 8 14
21 1 67
33 1 1
65 8 39
21 1 4
1 2 8
64 2 28
28 2 30
27 2 26
3 8 11
29 1 28
1 8 2
3 4 1
33 2 1
14 1 1
19 1 42
1 8 19
56 6 44
8 8 39
1 2 4
30 1 39
9 8 45
19 1 1
37 8 3
6 2 7
29 1 33
21 8 20
8 8 44
40 1 39
65 1 1
1 2 10
28 2 64
44 1 25
8 2 3
9 8 39
25 2 3
24 1 23
30 8 67
56 8 23
28 1 27
1 8 7
44 1 8
28 8 67
18 1 16
39 1 65
45 1 13
27 8 33
23 1 26
18 2 23
1 8 39
1 1 3
9 2 10
29 8 19
7 1 1
13 2 8
33 8 34
10 8 11
11 1 3
6 8 40
1 8 64
34 1 3
25 2 23
56 1 19
30 2 3
23 8 19
9 8 44
44 13 56
53 8 23
14 1 13
37 2 1
44 2 45
8 8 24
13 8 45
19 1 34
60 1 21
7 8 40
28 8 29
1 2 30
14 1 10
15 8 30
48 2 52
10 2 9
28 8 65
13 1 3
1 2 13
39 1 30
21 1 5
3 8 27
4 8 19
8 2 13
34 2 5
11 8 12
64 1 1
4 2 3
26 8 33
13 1 1
33 1 27
23 1 56
15 1 14
34 1 28
3 8 14
19 1 29
19 8 22
23 8 45
3 2 25
1 7 3
1 8 29
3 2 13
19 1 3
24 2 12
20 8 23
1 8 13
30 1 15
12 8 30
30 1 60
2 2 6
3 2 18
4 8 3
23 1 22
1 8 14
3 8 39
23 2 25
23 1 53
45 1 18
10 1 3
16 1 14
19 8 27
24 8 30
39 2 7
40 1 7
30 8 39
25 8 44
5 2 1
3 8 34
67 2 4
67 2 5
15 2 12
66 1 28
12 1 11
39 1 9
19 2 26
23 2 4
17 2 16
26 1 19
4 2 67
4 2 1
44 1 13
44 1 23
45 1 3
28 2 3
4 2 29
28 2 1
16 8 18
13 8 44
5 8 21
44 2 39
4 2 34
30 1 24
39 1 3
1 5 3
3 8 19
3 8 29
8 8 45
22 8 23
10 2 1
26 2 19
5 1 1
28 8 66
14 8 16
42 2 5
45 2 44
40 1 2
13 8 14
32 2 4
33 8 29
33 2 3
64 8 67
19 8 26
19 1 4
52 1 30
3 2 28
26 2 27
18 2 3
23 1 19
44 1 66
44 1 3
3 1 4
5 2 34
4 1 1
21 8 60
33 1 26
5 2 67
5 2 42
52 8 53
22 1 19
1 2 37
3 2 4
3 2 30
45 1 9
3 7 1
3 8 24
22 2 20
44 8 30
65 1 28
29 8 21
16 8 25
28 8 34
1 8 65
29 1 3
10 1 1
29 2 4
16 2 17
13 2 1
7 2 39
1 2 33
20 1 21
39 8 30
9 2 66
14 1 8
45 1 8
9 2 65
26 8 23
18 1 17
1 8 34
2 8 40
30 2 1
3 5 1
20 2 22
66 1 1
53 1 52
11 1 10
53 1 48
65 2 9
27 8 28
4 2 32
1 1 4
42 8 19
45 1 23
3 2 8
3 8 21
3 2 5
23 2 18
39 8 40
21 1 1
8 8 14
3 8 44
3 2 10
1 12 3
30 1 45
1 1 5
28 1 26
21 1 29
10 2 3
8 2 9
40 1 6
23 1 20
24 1 18
17 8 18
1 8 6
66 8 44
24 1 3
17 1 11
3 8 45
48 8 53
13 2 3
60 8 30
14 8 15
1 2 28
5 8 19
32 8 19
6 2 2
53 2 20
3 8 10
3 2 33
26 1 21
30 1 44
27 1 19
39 1 1
27 1 3
39 2 44
1 8 3
12 2 15
52 2 48
34 8 19
21 1 32
45 8 30
19 1 32
67 1 64
9 8 11
9 2 8
3 1 37
24 1 8
30 2 28
42 8 21
1 8 21
34 2 4
? 1 github_java_program_data/2/51.java

16 1 14
19 8 27
21 1 42
24 8 30
30 8 52
8 2 1
67 1 28
39 2 7
34 8 21
23 8 24
1 11 3
23 1 19
40 1 7
67 2 4
12 2 15
30 8 39
1 2 5
25 8 44
5 2 29
5 2 1
1 2 10
45 1 23
2 1 1
30 1 12
11 1 9
67 8 21
67 2 5
3 2 30
44 1 9
3 8 13
12 1 11
39 1 9
21 8 48
4 2 23
4 8 21
64 2 28
29 1 1
3 1 1
23 2 4
1 2 37
20 2 53
11 8 17
26 1 19
14 1 3
39 1 8
60 8 30
19 1 23
44 1 13
44 1 23
45 1 3
7 2 6
26 8 28
27 2 26
28 2 3
4 2 29
28 2 1
19 8 23
8 2 13
1 8 66
1 7 3
1 8 11
16 8 18
26 2 27
13 8 44
11 1 1
5 8 21
44 2 39
66 2 9
33 2 1
4 2 34
18 8 24
3 2 18
30 1 24
3 8 34
39 1 3
1 5 3
3 8 19
21 1 3
3 8 29
8 8 45
22 8 23
9 2 8
45 8 30
6 2 2
19 8 56
26 2 19
39 8 30
53 2 20
56 6 44
28 8 66
14 8 16
42 2 5
6 1 1
25 1 16
30 8 67
40 1 2
13 8 14
21 1 34
34 1 3
8 2 9
67 1 30
1 8 10
18 8 45
33 8 29
34 1 33
33 2 3
5 2 34
10 8 14
64 8 67
19 8 26
19 1 4
52 1 30
3 2 28
30 1 44
65 8 39
3 8 44
18 2 3
12 2 24
1 1 33
21 1 4
1 2 8
44 1 66
32 8 21
1 12 3
44 1 3
3 1 4
2 8 40
23 1 53
4 1 1
3 8 11
29 1 28
21 8 60
1 8 2
33 1 26
3 4 1
5 2 67
10 2 1
14 1 1
19 1 42
52 8 53
22 1 19
3 2 25
3 2 4
15 2 12
1 8 19
1 2 4
8 8 39
28 1 27
30 1 39
9 8 45
19 1 1
37 8 3
33 1 1
6 2 7
29 1 33
3 7 1
28 8 67
21 8 20
19 1 3
8 8 44
44 8 30
65 1 28
4 2 32
40 1 39
29 8 21
16 8 25
28 8 34
4 2 1
27 1 3
29 1 3
66 1 28
10 1 1
44 2 45
16 2 17
13 2 1
7 2 39
8 2 3
1 2 33
3 5 1
28 8 29
25 2 3
23 8 44
24 1 23
45 2 44
5 1 1
9 2 66
14 1 8
45 1 8
9 2 65
45 1 13
56 8 23
18 1 17
1 8 7
28 2 30
44 1 8
3 8 24
18 1 16
39 1 65
29 2 4
26 8 23
30 2 1
27 8 33
23 1 26
20 2 22
18 2 23
66 1 1
1 8 39
5 2 3
1 1 3
9 2 10
32 2 4
11 1 10
53 1 48
65 2 9
27 8 28
23 8 45
33 8 34
3 1 37
10 8 11
11 1 3
1 1 4
42 8 19
1 8 64
20 1 21
45 1 9
17 2 16
3 2 8
10 2 9
3 8 21
3 2 5
56 1 19
22 2 20
30 2 3
23 2 18
39 8 40
21 1 1
23 8 19
8 8 14
9 8 44
44 13 56
53 8 23
14 1 13
3 2 10
37 2 1
25 2 23
19 2 26
8 8 24
30 1 45
48 2 52
4 2 67
13 8 45
65 1 1
60 1 21
7 8 40
9 8 39
1 2 30
53 1 52
14 1 10
15 8 30
28 1 26
7 1 1
21 1 29
23 1 22
10 2 3
28 8 65
1 8 14
13 1 3
40 1 6
23 1 20
21 8 26
24 1 18
17 8 18
1 2 13
39 1 30
21 1 5
23 2 25
17 1 11
4 8 19
3 8 45
21 1 67
48 8 53
11 8 12
45 1 18
13 2 3
64 1 1
4 2 3
1 8 6
1 2 28
26 8 33
34 2 5
13 1 1
33 1 27
23 1 56
13 2 8
15 1 14
34 1 28
3 8 14
3 8 10
19 8 22
3 2 33
48 1 21
30 2 28
29 2 5
1 14 3
1 8 29
3 2 13
27 1 19
39 1 1
3 8 27
1 8 65
39 2 44
1 8 3
24 2 12
20 8 23
52 2 48
66 8 44
6 8 40
32 8 19
21 1 32
30 1 15
12 8 30
30 1 60
19 1 32
2 2 6
67 1 64
9 8 11
4 8 3
28 2 64
1 1 5
1 8 13
24 1 8
3 8 39
24 1 3
14 8 15
44 1 25
26 1 21
5 2 42
42 8 21
1 8 21
34 2 4
10 1 3
? 1 github_java_program_data/2/54.java

11 1 13
41 2 1
10 2 8
5 2 29
15 1 11
34 8 21
43 8 50
34 1 1
1 2 5
3 8 63
5 2 3
2 1 1
30 1 12
3 8 13
33 2 3
21 8 48
4 8 21
29 1 1
3 1 1
63 8 64
14 1 3
39 1 8
52 2 51
3 4 1
12 2 54
19 1 5
51 1 21
26 8 28
46 1 25
3 2 18
14 1 41
5 2 4
1 8 11
30 2 50
11 1 1
44 1 9
21 8 27
15 8 23
69 2 23
48 1 21
64 1 63
21 1 3
56 8 30
1 2 43
1 1 33
19 8 56
3 2 49
17 8 25
39 1 23
58 1 19
44 1 30
69 8 70
22 2 12
23 1 12
21 1 34
34 1 3
67 1 30
26 1 3
1 8 10
18 8 45
34 1 33
67 8 40
1 11 3
10 8 14
33 1 1
13 8 11
51 2 52
54 2 12
22 8 30
21 1 4
49 8 11
14 8 12
21 8 51
61 2 48
27 2 26
3 8 11
45 2 39
29 1 28
1 8 2
43 2 48
64 2 23
50 1 61
44 2 45
30 8 54
19 1 42
14 1 1
21 8 43
9 8 13
1 8 19
56 6 44
8 8 39
1 2 4
13 1 9
9 8 45
3 2 41
19 1 1
37 8 3
33 8 34
29 1 33
21 8 20
8 8 44
49 1 19
67 1 3
46 8 19
45 1 10
34 1 28
1 2 10
11 8 16
53 1 51
54 1 30
8 8 67
61 1 19
70 2 56
41 8 11
8 2 3
4 2 5
41 1 11
28 8 29
23 8 39
30 8 67
15 2 70
56 8 23
28 1 27
44 1 8
18 1 16
44 1 18
49 2 3
21 8 23
5 8 19
30 1 39
39 2 45
18 2 23
44 1 10
1 1 3
9 2 10
28 1 26
29 8 19
3 8 26
52 1 23
11 1 3
54 2 15
3 1 37
1 2 41
25 2 23
56 1 19
30 2 3
50 2 30
9 8 44
44 13 56
14 1 13
37 2 1
33 2 1
23 8 70
12 8 23
1 8 26
19 1 34
1 4 3
12 1 14
41 2 3
14 1 10
15 8 30
10 2 9
30 8 45
11 1 41
13 1 3
44 1 23
25 1 17
1 2 13
45 1 3
21 1 5
3 8 27
4 8 19
67 1 8
11 8 12
25 8 45
23 8 46
4 2 3
44 13 58
26 8 33
13 1 1
33 1 27
23 1 56
15 2 54
15 1 14
3 2 33
3 8 14
19 1 29
1 2 25
29 2 5
26 1 1
1 8 29
3 2 13
19 1 3
67 2 2
1 8 45
30 1 15
23 2 69
20 8 23
30 1 22
43 1 21
3 8 45
12 8 30
3 1 5
8 2 10
11 1 43
4 8 3
1 8 14
3 8 39
23 2 25
14 8 15
45 1 18
30 8 44
23 1 15
10 1 3
19 8 27
43 1 14
19 8 49
10 8 44
5 8 3
56 6 45
45 13 56
30 1 70
5 2 1
3 8 34
70 2 15
15 2 12
16 1 11
12 1 11
39 1 9
45 1 1
56 2 70
17 1 14
26 1 19
11 8 41
4 2 1
21 8 41
63 1 3
28 8 3
28 2 3
43 2 1
4 2 29
43 1 19
28 2 1
16 8 18
3 2 9
5 8 21
4 2 34
19 8 41
56 1 21
39 1 3
1 5 3
3 8 19
3 8 29
8 8 45
45 1 25
10 2 1
41 8 69
5 1 1
70 1 69
42 2 5
69 1 41
25 2 30
40 1 2
13 8 14
61 8 50
19 8 58
33 8 29
22 1 21
19 8 26
19 1 4
32 8 19
3 2 28
30 1 44
56 2 15
64 8 39
18 2 3
23 8 44
9 8 39
44 1 3
3 1 4
2 8 40
4 1 1
23 2 64
21 8 26
33 1 26
12 2 22
40 1 67
5 2 42
52 8 53
1 2 37
3 2 4
3 2 30
70 1 23
50 1 48
50 1 43
45 1 9
1 8 27
58 6 44
44 8 30
21 8 56
29 8 21
28 8 34
27 1 3
30 2 25
54 1 50
29 1 3
45 1 30
10 1 1
13 2 1
1 2 33
19 8 20
11 8 15
39 8 30
45 1 8
18 2 30
46 1 23
9 2 3
14 8 17
1 8 34
3 1 28
29 2 4
27 8 33
19 8 61
54 8 30
3 5 1
20 1 19
48 8 50
48 2 61
18 8 44
53 1 52
45 2 44
27 8 28
1 1 4
42 8 19
3 8 67
1 8 13
30 1 53
14 8 43
3 2 8
3 8 21
30 2 18
3 2 5
23 2 18
21 1 1
14 1 43
3 8 44
3 2 10
1 12 3
58 8 30
30 1 45
30 1 54
2 2 67
30 1 58
41 1 19
1 1 5
11 1 49
21 1 29
51 8 53
10 2 3
8 2 9
23 1 20
27 1 21
53 8 30
43 8 11
41 8 14
15 2 56
10 8 45
13 2 3
22 2 58
1 2 28
25 2 1
70 8 30
3 8 10
26 1 21
26 2 27
43 8 14
23 8 52
39 1 64
27 1 19
27 1 1
64 2 3
21 8 22
1 8 3
23 1 21
12 2 15
19 8 43
34 8 19
48 2 43
45 8 30
25 8 46
19 1 32
30 1 56
50 8 54
9 2 8
20 1 21
19 1 46
41 1 21
3 2 64
1 8 21
34 2 4
58 2 22
? 1 github_java_program_data/2/56.java

11 1 13
41 2 1
23 8 24
21 1 42
73 8 23
8 2 1
34 8 21
10 2 8
23 8 44
1 8 44
34 1 1
38 1 21
5 2 29
5 2 3
9 2 13
11 1 9
3 8 7
54 1 30
33 2 3
23 1 73
21 8 48
4 8 21
56 2 20
29 1 1
3 1 1
10 1 9
51 1 19
39 1 8
1 2 23
53 1 57
19 1 5
7 2 6
3 8 21
26 8 28
1 14 3
58 6 45
3 2 18
14 1 41
5 2 4
23 1 60
21 8 51
30 2 50
11 1 1
9 8 10
18 8 24
15 8 23
69 2 23
27 2 26
11 8 43
21 1 3
56 8 30
1 2 43
1 1 33
5 2 42
17 8 25
39 1 23
58 1 19
15 2 24
44 1 30
69 8 70
10 1 8
58 1 21
23 1 12
58 8 23
23 2 51
26 1 3
1 8 10
18 8 45
34 1 33
11 1 49
5 2 34
10 8 14
57 1 30
72 2 51
33 1 1
6 1 3
13 8 11
68 1 21
22 8 30
21 1 4
1 2 8
32 8 21
19 8 51
49 8 11
30 8 72
23 1 53
15 2 55
3 8 11
72 8 73
3 4 1
1 2 38
44 2 45
14 1 1
19 1 42
30 8 54
62 8 30
72 1 30
1 8 19
1 11 3
8 8 39
28 1 27
43 1 11
3 2 41
19 1 1
51 8 55
14 1 68
29 1 33
3 8 13
8 8 44
49 1 19
45 1 10
30 1 62
34 1 28
58 2 55
20 2 56
1 2 10
11 8 16
32 2 5
44 1 25
12 2 20
51 8 73
41 8 11
4 2 5
51 2 23
25 2 3
23 8 39
56 6 44
24 1 23
24 2 15
56 8 23
1 2 4
55 2 58
44 1 8
18 1 16
53 2 73
29 8 19
9 8 45
27 8 33
28 1 1
17 1 14
1 8 39
44 1 10
1 1 3
27 1 1
1 8 24
23 1 45
3 8 26
60 8 23
33 8 34
52 1 23
10 8 11
11 1 3
21 1 29
34 1 3
3 7 1
1 2 41
25 2 23
30 8 45
50 2 30
3 8 6
14 1 3
53 8 23
14 1 13
37 2 1
44 1 1
33 2 1
23 8 70
12 8 23
1 8 26
13 8 45
19 1 34
1 4 3
60 1 21
7 8 40
41 2 3
14 1 10
15 8 30
13 1 3
48 2 52
10 2 9
24 8 23
11 1 41
70 2 54
21 8 58
41 8 14
21 8 26
25 1 17
1 2 13
41 1 21
21 1 5
73 1 51
3 8 27
4 8 19
8 2 13
34 2 5
9 2 1
11 8 12
40 1 39
3 2 37
4 2 3
26 8 33
4 2 42
13 1 1
33 1 27
23 1 56
15 1 14
3 2 33
3 8 14
19 1 29
19 8 22
54 2 70
48 1 21
29 2 5
1 7 3
26 1 1
1 8 29
3 2 13
44 1 23
19 1 3
44 13 56
1 8 45
23 2 69
20 8 23
30 1 22
45 1 18
30 1 15
18 2 23
19 8 62
8 2 10
11 1 43
4 8 3
23 1 22
1 8 14
27 1 21
23 1 58
14 8 15
55 1 23
45 1 30
23 1 15
10 1 3
24 1 9
19 8 27
38 2 1
1 8 11
45 8 23
19 8 49
10 8 44
40 1 7
5 8 3
1 2 9
25 8 44
30 1 70
5 2 1
3 8 34
39 2 7
3 1 33
44 2 24
2 1 3
44 8 23
15 2 12
37 1 19
16 1 11
12 1 11
45 1 1
20 2 12
26 1 19
55 8 30
4 2 1
44 1 13
21 8 41
45 1 3
28 8 3
28 2 3
25 2 1
4 2 29
43 1 19
28 2 1
52 2 57
41 1 14
16 8 18
4 2 34
13 8 44
45 13 58
5 8 21
1 1 37
1 1 28
21 8 27
57 2 52
3 2 9
19 8 41
56 1 21
3 8 19
3 8 29
22 8 23
33 8 3
10 2 1
41 8 69
70 1 69
23 1 24
69 1 41
25 2 30
40 1 2
13 8 14
38 1 1
19 8 58
2 2 6
7 2 39
30 1 55
33 8 29
23 8 52
19 8 26
19 1 4
32 8 19
3 2 28
26 2 27
14 8 41
13 2 9
19 8 37
18 2 3
43 8 50
3 8 2
23 2 1
3 2 25
44 1 3
3 1 4
2 8 40
4 1 1
18 2 1
21 8 60
33 1 26
1 2 18
20 8 30
55 2 15
52 8 53
22 1 19
1 2 37
3 2 4
62 1 19
70 1 23
73 1 72
50 1 43
49 2 1
43 2 1
45 1 9
1 8 27
22 2 20
30 1 20
68 8 14
1 8 34
29 8 21
28 8 34
27 1 3
30 2 25
54 1 50
29 1 3
30 8 44
10 1 1
29 2 4
13 2 1
8 8 10
1 2 33
21 8 68
42 2 5
37 2 3
19 8 20
45 2 44
5 1 1
14 1 8
22 1 21
45 1 13
6 2 7
18 2 30
73 2 53
9 2 3
14 8 17
21 8 56
3 1 28
9 8 24
54 8 30
3 5 1
55 1 51
20 1 19
20 2 22
39 8 40
30 1 58
53 1 52
21 1 34
11 1 10
48 8 53
27 8 28
23 8 45
7 1 3
1 1 4
42 8 19
24 2 44
1 8 13
3 1 5
30 8 57
51 1 21
30 2 18
3 2 5
23 2 18
21 1 1
8 8 14
42 2 4
3 8 44
3 2 10
1 12 3
58 8 30
30 1 54
41 1 19
1 1 5
21 8 38
28 1 26
9 2 10
10 2 3
51 2 72
23 1 44
8 2 9
40 1 6
23 1 20
57 8 53
24 1 18
43 8 11
5 2 32
23 2 25
24 1 1
3 8 45
10 8 45
1 2 25
53 1 48
37 1 1
13 2 3
50 8 54
1 2 28
1 2 68
5 8 19
70 8 30
13 2 8
6 2 2
3 8 10
26 1 21
27 1 19
39 1 1
21 8 22
1 2 5
1 8 3
12 2 15
52 2 48
19 8 43
6 8 40
34 8 19
21 1 32
19 1 32
9 8 11
30 1 56
23 8 55
9 2 8
45 1 23
1 2 49
1 1 38
68 2 1
42 8 21
1 8 21
34 2 4
? 1 github_java_program_data/2/69.java

11 1 13
41 2 1
10 2 8
21 1 42
73 8 23
8 2 1
15 1 11
34 8 21
23 8 44
34 1 1
1 2 5
5 2 29
5 2 3
9 2 13
77 8 64
30 1 12
45 8 23
3 8 7
48 2 41
3 8 13
33 2 3
23 1 73
21 8 48
4 8 21
29 1 1
3 1 1
30 2 64
73 2 53
1 8 65
51 1 19
7 8 40
3 4 1
12 2 54
19 1 5
7 2 6
51 1 21
26 8 28
3 2 18
3 8 80
14 1 41
1 8 11
30 8 72
30 2 50
11 1 1
44 1 9
66 2 9
21 8 27
15 8 23
69 2 23
27 2 26
21 1 3
56 8 30
48 1 19
1 2 43
1 1 33
19 8 56
65 8 45
3 2 49
17 8 25
39 1 23
44 1 30
69 8 70
22 2 12
58 1 21
43 8 69
23 1 12
21 1 34
34 1 3
67 1 30
26 1 3
1 8 10
18 8 45
34 1 33
67 8 40
5 2 34
10 8 14
80 2 33
5 2 1
72 2 51
33 1 1
6 1 3
13 8 11
69 1 75
22 8 30
21 1 4
1 2 8
32 8 21
19 8 51
73 1 72
14 8 12
21 8 51
61 2 48
23 1 53
3 8 11
29 1 28
23 2 33
72 8 73
50 1 41
50 1 61
21 8 41
44 2 45
30 8 54
19 1 42
14 1 1
70 2 15
21 8 43
72 1 30
1 8 19
1 11 3
41 8 50
1 2 4
13 1 9
9 8 45
19 1 1
33 8 34
29 1 33
21 8 20
1 2 64
8 8 44
3 8 66
19 1 34
43 2 51
1 2 10
11 8 16
73 2 22
32 2 5
54 1 30
8 8 67
9 8 13
70 2 56
51 8 73
39 8 21
41 8 11
28 8 29
25 2 3
23 8 39
51 2 75
64 2 1
30 8 67
15 2 70
56 8 23
28 1 27
44 1 8
18 1 16
53 2 73
44 1 18
49 2 3
45 1 13
27 8 33
3 2 33
28 1 1
8 2 65
17 1 14
44 1 10
1 1 3
29 8 19
3 8 26
13 2 8
52 1 23
10 8 11
11 1 3
6 8 40
20 1 21
23 2 48
1 2 41
51 8 69
45 13 56
25 2 23
56 1 19
66 1 3
50 2 30
3 8 6
9 8 44
14 1 3
53 8 23
14 1 13
41 2 48
3 2 43
33 2 1
23 8 70
12 8 23
1 8 26
13 8 45
65 1 1
1 4 3
7 2 67
12 1 14
14 1 10
15 8 30
13 1 3
48 2 52
30 8 45
11 1 41
39 2 4
21 8 58
41 8 14
25 1 17
1 2 13
41 1 21
21 1 5
73 1 51
3 8 27
4 8 19
8 2 13
67 1 8
11 8 12
25 8 45
4 2 3
44 13 58
49 8 14
80 8 39
26 8 33
4 2 42
13 1 1
33 1 27
23 1 56
15 2 54
77 1 3
3 8 14
19 1 29
19 8 22
48 1 21
29 2 5
26 1 1
1 8 29
15 2 20
3 2 13
66 8 45
19 1 3
1 8 45
23 2 69
20 8 23
30 1 22
43 1 21
48 8 55
30 1 15
12 8 30
18 2 23
3 1 5
8 2 10
34 1 28
11 1 43
4 8 3
51 2 43
23 1 22
1 8 14
69 1 51
23 2 25
45 1 18
30 8 44
55 1 48
12 2 55
23 1 15
10 1 3
3 8 77
19 8 27
64 2 30
22 2 73
43 1 14
10 8 44
40 1 7
5 8 3
56 6 45
21 1 39
25 8 44
30 1 70
1 8 67
3 8 34
3 1 33
2 1 3
54 2 15
15 2 12
44 1 25
16 1 11
12 1 11
45 1 1
56 2 70
17 2 16
26 1 19
55 8 30
4 2 1
44 1 23
45 1 3
28 8 3
28 2 3
43 2 1
4 2 29
43 1 19
28 2 1
41 1 14
16 8 18
4 2 34
5 8 21
1 1 28
3 2 9
19 8 41
1 5 3
3 8 19
3 8 29
75 8 69
8 8 45
22 8 23
45 1 25
33 8 3
10 2 1
33 2 80
70 1 69
42 2 5
45 2 44
25 2 30
40 1 2
13 8 14
61 8 50
32 2 4
30 1 55
69 1 43
33 8 29
45 1 65
23 8 52
64 8 67
19 8 26
19 1 4
32 8 19
3 2 28
30 1 44
14 8 41
19 8 48
21 8 75
54 2 55
21 8 61
18 2 3
43 8 50
3 8 2
18 2 30
3 2 25
13 2 9
44 1 3
3 1 4
2 8 40
4 1 1
18 2 1
21 8 26
45 1 8
33 1 26
12 2 22
1 2 18
20 8 30
40 1 67
5 2 42
52 8 53
22 1 19
3 2 4
65 2 8
70 1 23
50 1 48
49 1 21
50 1 43
67 2 7
6 2 7
45 1 9
1 8 27
22 2 20
30 1 20
55 2 54
75 1 21
44 8 30
29 8 21
28 8 34
27 1 3
30 2 25
54 1 50
29 1 3
45 1 30
80 1 3
10 1 1
75 2 51
16 2 17
13 2 1
1 2 33
3 5 1
19 8 20
11 8 15
5 1 1
9 2 66
22 1 21
33 2 23
18 1 17
9 2 3
14 8 17
1 8 34
67 1 1
3 1 28
29 2 4
54 8 30
58 2 20
20 1 19
20 2 22
48 8 50
48 2 61
30 1 58
53 1 52
43 2 3
11 1 10
48 8 53
27 8 28
23 8 45
19 1 32
1 1 4
42 8 19
45 1 23
2 2 6
33 8 39
14 8 43
4 2 39
61 1 21
22 2 58
3 8 21
30 2 18
3 2 5
23 2 18
21 1 1
53 1 48
14 1 43
42 2 4
3 8 44
3 2 10
1 12 3
58 8 30
30 1 45
30 1 54
21 8 49
18 8 44
58 6 44
41 1 19
9 2 8
28 1 26
21 1 29
55 2 12
10 2 3
51 2 72
20 2 58
8 2 9
40 1 6
23 1 20
27 1 21
34 2 5
17 8 18
43 8 11
5 2 32
3 8 45
23 1 45
70 8 30
13 2 3
50 8 54
39 1 33
1 2 28
5 8 19
55 1 23
4 2 32
6 2 2
20 2 15
39 1 80
3 8 10
26 1 21
26 2 27
43 8 14
27 1 19
27 1 1
21 8 22
64 1 77
1 8 3
48 2 23
12 2 15
52 2 48
19 8 43
34 8 19
21 1 32
45 8 30
7 1 3
67 1 64
42 8 21
30 1 56
23 8 55
1 1 5
1 8 13
54 2 12
45 1 66
14 1 49
1 8 21
34 2 4
58 2 22
? 1 github_java_program_data/2/72.java

10 1 1
28 8 29
41 1 19
41 2 3
41 8 11
8 2 3
12 1 11
23 8 39
1 8 10
11 1 41
3 2 8
19 1 4
2 1 1
4 8 19
40 1 2
29 2 4
11 8 12
40 1 39
29 1 1
1 2 28
23 1 12
2 8 40
39 8 40
10 2 3
39 1 8
29 1 28
19 1 29
1 8 2
11 1 10
1 8 29
4 2 29
10 8 11
11 1 3
3 2 23
28 2 1
23 2 3
8 8 39
3 2 41
2 2 39
29 8 19
19 8 41
39 2 2
39 1 3
3 8 39
3 2 10
3 8 11
12 8 23
39 1 23
? 1 github_java_program_data/2/76.java

23 8 24
21 1 42
5 2 29
30 8 52
8 2 1
67 1 28
34 8 21
23 8 44
34 1 1
1 2 5
5 2 3
2 1 1
30 1 12
11 1 9
67 8 21
3 8 13
32 8 21
21 8 48
4 8 21
29 1 1
3 1 1
11 8 17
14 1 3
39 1 8
19 1 23
19 1 5
7 2 6
26 8 28
1 14 3
19 8 23
1 8 66
1 8 11
12 2 24
11 1 1
44 1 9
66 2 9
29 2 5
18 8 24
20 2 53
48 1 21
4 2 23
21 1 3
1 1 33
19 8 56
6 1 1
25 1 16
21 8 26
21 1 34
67 1 30
1 8 10
18 8 45
34 1 33
1 11 3
10 8 14
21 1 67
33 1 1
65 8 39
21 1 4
1 2 8
64 2 28
28 2 30
27 2 26
3 8 11
29 1 28
1 8 2
3 4 1
33 2 1
14 1 1
19 1 42
1 8 19
56 6 44
8 8 39
1 2 4
30 1 39
9 8 45
19 1 1
37 8 3
6 2 7
29 1 33
21 8 20
8 8 44
40 1 39
65 1 1
1 2 10
28 2 64
44 1 25
8 2 3
9 8 39
25 2 3
24 1 23
30 8 67
56 8 23
28 1 27
1 8 7
44 1 8
28 8 67
18 1 16
39 1 65
45 1 13
27 8 33
23 1 26
18 2 23
1 8 39
1 1 3
9 2 10
29 8 19
7 1 1
13 2 8
33 8 34
10 8 11
11 1 3
6 8 40
1 8 64
34 1 3
25 2 23
56 1 19
30 2 3
23 8 19
9 8 44
44 13 56
53 8 23
14 1 13
37 2 1
44 2 45
8 8 24
13 8 45
19 1 34
60 1 21
7 8 40
28 8 29
1 2 30
14 1 10
15 8 30
48 2 52
10 2 9
28 8 65
13 1 3
1 2 13
39 1 30
21 1 5
3 8 27
4 8 19
8 2 13
34 2 5
11 8 12
64 1 1
4 2 3
26 8 33
13 1 1
33 1 27
23 1 56
15 1 14
34 1 28
3 8 14
19 1 29
19 8 22
23 8 45
3 2 25
1 7 3
1 8 29
3 2 13
19 1 3
24 2 12
20 8 23
1 8 13
30 1 15
12 8 30
30 1 60
2 2 6
3 2 18
4 8 3
23 1 22
1 8 14
3 8 39
23 2 25
23 1 53
45 1 18
10 1 3
16 1 14
19 8 27
24 8 30
39 2 7
40 1 7
30 8 39
25 8 44
5 2 1
3 8 34
67 2 4
67 2 5
15 2 12
66 1 28
12 1 11
39 1 9
19 2 26
23 2 4
17 2 16
26 1 19
4 2 67
4 2 1
44 1 13
44 1 23
45 1 3
28 2 3
4 2 29
28 2 1
16 8 18
13 8 44
5 8 21
44 2 39
4 2 34
30 1 24
39 1 3
1 5 3
3 8 19
3 8 29
8 8 45
22 8 23
10 2 1
26 2 19
5 1 1
28 8 66
14 8 16
42 2 5
45 2 44
40 1 2
13 8 14
32 2 4
33 8 29
33 2 3
64 8 67
19 8 26
19 1 4
52 1 30
3 2 28
26 2 27
18 2 3
23 1 19
44 1 66
44 1 3
3 1 4
5 2 34
4 1 1
21 8 60
33 1 26
5 2 67
5 2 42
52 8 53
22 1 19
1 2 37
3 2 4
3 2 30
45 1 9
3 7 1
3 8 24
22 2 20
44 8 30
65 1 28
29 8 21
16 8 25
28 8 34
1 8 65
29 1 3
10 1 1
29 2 4
16 2 17
13 2 1
7 2 39
1 2 33
20 1 21
39 8 30
9 2 66
14 1 8
45 1 8
9 2 65
26 8 23
18 1 17
1 8 34
2 8 40
30 2 1
3 5 1
20 2 22
66 1 1
53 1 52
11 1 10
53 1 48
65 2 9
27 8 28
4 2 32
1 1 4
42 8 19
45 1 23
3 2 8
3 8 21
3 2 5
23 2 18
39 8 40
21 1 1
8 8 14
3 8 44
3 2 10
1 12 3
30 1 45
1 1 5
28 1 26
21 1 29
10 2 3
8 2 9
40 1 6
23 1 20
24 1 18
17 8 18
1 8 6
66 8 44
24 1 3
17 1 11
3 8 45
48 8 53
13 2 3
60 8 30
14 8 15
1 2 28
5 8 19
32 8 19
6 2 2
53 2 20
3 8 10
3 2 33
26 1 21
30 1 44
27 1 19
39 1 1
27 1 3
39 2 44
1 8 3
12 2 15
52 2 48
34 8 19
21 1 32
45 8 30
19 1 32
67 1 64
9 8 11
9 2 8
3 1 37
24 1 8
30 2 28
42 8 21
1 8 21
34 2 4
? 1 github_java_program_data/2/81.java

16 1 14
19 8 27
21 1 42
24 8 30
30 8 52
8 2 1
67 1 28
39 2 7
34 8 21
23 8 24
1 11 3
23 1 19
40 1 7
67 2 4
12 2 15
30 8 39
1 2 5
25 8 44
5 2 29
5 2 1
1 2 10
45 1 23
2 1 1
30 1 12
11 1 9
67 8 21
67 2 5
3 2 30
44 1 9
3 8 13
12 1 11
39 1 9
21 8 48
4 2 23
4 8 21
64 2 28
29 1 1
3 1 1
23 2 4
1 2 37
20 2 53
11 8 17
26 1 19
14 1 3
39 1 8
60 8 30
19 1 23
44 1 13
44 1 23
45 1 3
7 2 6
26 8 28
27 2 26
28 2 3
4 2 29
28 2 1
19 8 23
8 2 13
1 8 66
1 7 3
1 8 11
16 8 18
26 2 27
13 8 44
11 1 1
5 8 21
44 2 39
66 2 9
33 2 1
4 2 34
18 8 24
3 2 18
30 1 24
3 8 34
39 1 3
1 5 3
3 8 19
21 1 3
3 8 29
8 8 45
22 8 23
9 2 8
45 8 30
6 2 2
19 8 56
26 2 19
39 8 30
53 2 20
56 6 44
28 8 66
14 8 16
42 2 5
6 1 1
25 1 16
30 8 67
40 1 2
13 8 14
21 1 34
34 1 3
8 2 9
67 1 30
1 8 10
18 8 45
33 8 29
34 1 33
33 2 3
5 2 34
10 8 14
64 8 67
19 8 26
19 1 4
52 1 30
3 2 28
30 1 44
65 8 39
3 8 44
18 2 3
12 2 24
1 1 33
21 1 4
1 2 8
44 1 66
32 8 21
1 12 3
44 1 3
3 1 4
2 8 40
23 1 53
4 1 1
3 8 11
29 1 28
21 8 60
1 8 2
33 1 26
3 4 1
5 2 67
10 2 1
14 1 1
19 1 42
52 8 53
22 1 19
3 2 25
3 2 4
15 2 12
1 8 19
1 2 4
8 8 39
28 1 27
30 1 39
9 8 45
19 1 1
37 8 3
33 1 1
6 2 7
29 1 33
3 7 1
28 8 67
21 8 20
19 1 3
8 8 44
44 8 30
65 1 28
4 2 32
40 1 39
29 8 21
16 8 25
28 8 34
4 2 1
27 1 3
29 1 3
66 1 28
10 1 1
44 2 45
16 2 17
13 2 1
7 2 39
8 2 3
1 2 33
3 5 1
28 8 29
25 2 3
23 8 44
24 1 23
45 2 44
5 1 1
9 2 66
14 1 8
45 1 8
9 2 65
45 1 13
56 8 23
18 1 17
1 8 7
28 2 30
44 1 8
3 8 24
18 1 16
39 1 65
29 2 4
26 8 23
30 2 1
27 8 33
23 1 26
20 2 22
18 2 23
66 1 1
1 8 39
5 2 3
1 1 3
9 2 10
32 2 4
11 1 10
53 1 48
65 2 9
27 8 28
23 8 45
33 8 34
3 1 37
10 8 11
11 1 3
1 1 4
42 8 19
1 8 64
20 1 21
45 1 9
17 2 16
3 2 8
10 2 9
3 8 21
3 2 5
56 1 19
22 2 20
30 2 3
23 2 18
39 8 40
21 1 1
23 8 19
8 8 14
9 8 44
44 13 56
53 8 23
14 1 13
3 2 10
37 2 1
25 2 23
19 2 26
8 8 24
30 1 45
48 2 52
4 2 67
13 8 45
65 1 1
60 1 21
7 8 40
9 8 39
1 2 30
53 1 52
14 1 10
15 8 30
28 1 26
7 1 1
21 1 29
23 1 22
10 2 3
28 8 65
1 8 14
13 1 3
40 1 6
23 1 20
21 8 26
24 1 18
17 8 18
1 2 13
39 1 30
21 1 5
23 2 25
17 1 11
4 8 19
3 8 45
21 1 67
48 8 53
11 8 12
45 1 18
13 2 3
64 1 1
4 2 3
1 8 6
1 2 28
26 8 33
34 2 5
13 1 1
33 1 27
23 1 56
13 2 8
15 1 14
34 1 28
3 8 14
3 8 10
19 8 22
3 2 33
48 1 21
30 2 28
29 2 5
1 14 3
1 8 29
3 2 13
27 1 19
39 1 1
3 8 27
1 8 65
39 2 44
1 8 3
24 2 12
20 8 23
52 2 48
66 8 44
6 8 40
32 8 19
21 1 32
30 1 15
12 8 30
30 1 60
19 1 32
2 2 6
67 1 64
9 8 11
4 8 3
28 2 64
1 1 5
1 8 13
24 1 8
3 8 39
24 1 3
14 8 15
44 1 25
26 1 21
5 2 42
42 8 21
1 8 21
34 2 4
10 1 3
? 1 github_java_program_data/2/84.java

11 1 13
41 2 1
10 2 8
5 2 29
15 1 11
34 8 21
43 8 50
34 1 1
1 2 5
3 8 63
5 2 3
2 1 1
30 1 12
3 8 13
33 2 3
21 8 48
4 8 21
29 1 1
3 1 1
63 8 64
14 1 3
39 1 8
52 2 51
3 4 1
12 2 54
19 1 5
51 1 21
26 8 28
46 1 25
3 2 18
14 1 41
5 2 4
1 8 11
30 2 50
11 1 1
44 1 9
21 8 27
15 8 23
69 2 23
48 1 21
64 1 63
21 1 3
56 8 30
1 2 43
1 1 33
19 8 56
3 2 49
17 8 25
39 1 23
58 1 19
44 1 30
69 8 70
22 2 12
23 1 12
21 1 34
34 1 3
67 1 30
26 1 3
1 8 10
18 8 45
34 1 33
67 8 40
1 11 3
10 8 14
33 1 1
13 8 11
51 2 52
54 2 12
22 8 30
21 1 4
49 8 11
14 8 12
21 8 51
61 2 48
27 2 26
3 8 11
45 2 39
29 1 28
1 8 2
43 2 48
64 2 23
50 1 61
44 2 45
30 8 54
19 1 42
14 1 1
21 8 43
9 8 13
1 8 19
56 6 44
8 8 39
1 2 4
13 1 9
9 8 45
3 2 41
19 1 1
37 8 3
33 8 34
29 1 33
21 8 20
8 8 44
49 1 19
67 1 3
46 8 19
45 1 10
34 1 28
1 2 10
11 8 16
53 1 51
54 1 30
8 8 67
61 1 19
70 2 56
41 8 11
8 2 3
4 2 5
41 1 11
28 8 29
23 8 39
30 8 67
15 2 70
56 8 23
28 1 27
44 1 8
18 1 16
44 1 18
49 2 3
21 8 23
5 8 19
30 1 39
39 2 45
18 2 23
44 1 10
1 1 3
9 2 10
28 1 26
29 8 19
3 8 26
52 1 23
11 1 3
54 2 15
3 1 37
1 2 41
25 2 23
56 1 19
30 2 3
50 2 30
9 8 44
44 13 56
14 1 13
37 2 1
33 2 1
23 8 70
12 8 23
1 8 26
19 1 34
1 4 3
12 1 14
41 2 3
14 1 10
15 8 30
10 2 9
30 8 45
11 1 41
13 1 3
44 1 23
25 1 17
1 2 13
45 1 3
21 1 5
3 8 27
4 8 19
67 1 8
11 8 12
25 8 45
23 8 46
4 2 3
44 13 58
26 8 33
13 1 1
33 1 27
23 1 56
15 2 54
15 1 14
3 2 33
3 8 14
19 1 29
1 2 25
29 2 5
26 1 1
1 8 29
3 2 13
19 1 3
67 2 2
1 8 45
30 1 15
23 2 69
20 8 23
30 1 22
43 1 21
3 8 45
12 8 30
3 1 5
8 2 10
11 1 43
4 8 3
1 8 14
3 8 39
23 2 25
14 8 15
45 1 18
30 8 44
23 1 15
10 1 3
19 8 27
43 1 14
19 8 49
10 8 44
5 8 3
56 6 45
45 13 56
30 1 70
5 2 1
3 8 34
70 2 15
15 2 12
16 1 11
12 1 11
39 1 9
45 1 1
56 2 70
17 1 14
26 1 19
11 8 41
4 2 1
21 8 41
63 1 3
28 8 3
28 2 3
43 2 1
4 2 29
43 1 19
28 2 1
16 8 18
3 2 9
5 8 21
4 2 34
19 8 41
56 1 21
39 1 3
1 5 3
3 8 19
3 8 29
8 8 45
45 1 25
10 2 1
41 8 69
5 1 1
70 1 69
42 2 5
69 1 41
25 2 30
40 1 2
13 8 14
61 8 50
19 8 58
33 8 29
22 1 21
19 8 26
19 1 4
32 8 19
3 2 28
30 1 44
56 2 15
64 8 39
18 2 3
23 8 44
9 8 39
44 1 3
3 1 4
2 8 40
4 1 1
23 2 64
21 8 26
33 1 26
12 2 22
40 1 67
5 2 42
52 8 53
1 2 37
3 2 4
3 2 30
70 1 23
50 1 48
50 1 43
45 1 9
1 8 27
58 6 44
44 8 30
21 8 56
29 8 21
28 8 34
27 1 3
30 2 25
54 1 50
29 1 3
45 1 30
10 1 1
13 2 1
1 2 33
19 8 20
11 8 15
39 8 30
45 1 8
18 2 30
46 1 23
9 2 3
14 8 17
1 8 34
3 1 28
29 2 4
27 8 33
19 8 61
54 8 30
3 5 1
20 1 19
48 8 50
48 2 61
18 8 44
53 1 52
45 2 44
27 8 28
1 1 4
42 8 19
3 8 67
1 8 13
30 1 53
14 8 43
3 2 8
3 8 21
30 2 18
3 2 5
23 2 18
21 1 1
14 1 43
3 8 44
3 2 10
1 12 3
58 8 30
30 1 45
30 1 54
2 2 67
30 1 58
41 1 19
1 1 5
11 1 49
21 1 29
51 8 53
10 2 3
8 2 9
23 1 20
27 1 21
53 8 30
43 8 11
41 8 14
15 2 56
10 8 45
13 2 3
22 2 58
1 2 28
25 2 1
70 8 30
3 8 10
26 1 21
26 2 27
43 8 14
23 8 52
39 1 64
27 1 19
27 1 1
64 2 3
21 8 22
1 8 3
23 1 21
12 2 15
19 8 43
34 8 19
48 2 43
45 8 30
25 8 46
19 1 32
30 1 56
50 8 54
9 2 8
20 1 21
19 1 46
41 1 21
3 2 64
1 8 21
34 2 4
58 2 22
? 1 github_java_program_data/2/86.java

11 1 13
24 1 9
23 8 24
31 1 30
5 2 29
30 8 52
37 1 21
41 2 1
39 2 6
15 1 11
34 8 21
10 2 8
1 8 44
34 1 1
3 1 38
38 1 21
5 2 3
1 2 8
77 8 64
30 1 12
11 1 9
100 8 30
48 2 41
38 2 3
3 8 13
33 2 3
21 8 48
4 8 21
52 8 73
29 1 1
3 1 1
11 8 17
51 1 19
39 1 8
99 8 23
3 4 1
11 1 8
19 1 5
9 2 1
26 8 28
31 8 23
1 14 3
11 2 14
96 1 3
3 2 18
3 2 5
1 8 11
67 1 9
12 2 24
11 1 1
44 1 9
61 2 48
32 2 4
18 8 24
15 8 23
69 2 23
27 2 26
11 8 43
80 2 3
21 1 3
56 8 30
48 1 19
64 8 39
39 2 67
5 2 42
3 2 49
17 8 25
39 1 23
58 1 19
38 8 3
8 8 10
25 1 16
10 1 8
43 8 69
23 1 12
58 8 23
23 2 80
1 8 10
18 8 45
23 1 54
11 1 49
5 2 34
10 8 14
99 2 55
72 2 51
64 2 23
37 2 3
9 2 13
6 1 3
13 8 11
51 2 52
22 8 30
21 1 4
96 8 64
32 8 21
48 2 30
19 8 51
49 8 11
14 8 12
30 8 72
16 1 14
23 1 53
3 8 11
67 1 80
48 8 73
43 2 3
50 1 41
50 1 61
1 2 38
44 2 45
3 2 43
14 1 1
19 1 42
13 1 9
80 2 23
23 8 70
70 2 15
21 8 43
72 1 30
1 8 19
1 11 3
8 8 39
28 1 27
9 8 45
3 2 41
19 1 1
37 8 3
29 8 19
3 8 31
29 1 33
21 8 20
1 2 64
55 8 23
8 8 44
67 1 3
53 2 100
30 2 48
45 1 10
1 2 37
80 1 63
58 2 55
1 2 10
3 2 4
53 1 51
37 1 19
9 8 13
12 2 20
14 2 11
31 1 18
41 8 11
8 2 3
72 8 53
41 1 11
25 2 3
23 8 39
56 6 44
24 1 23
64 2 1
41 8 50
23 1 31
23 8 54
54 2 99
15 2 70
30 8 31
1 2 4
55 2 58
39 1 1
44 1 8
3 8 24
18 1 16
23 8 67
49 2 3
45 1 13
27 8 33
3 2 33
17 1 14
1 8 39
44 1 10
53 1 81
9 2 10
1 8 24
23 1 45
30 8 24
48 2 52
13 2 8
52 1 23
10 8 11
11 1 3
6 8 40
34 1 3
58 6 45
3 7 1
19 8 99
1 2 41
51 2 72
70 2 12
3 8 6
9 8 44
14 1 3
53 8 23
14 1 13
41 2 48
37 2 1
44 1 1
33 2 1
8 8 24
12 8 23
1 8 26
13 8 45
19 1 34
1 4 3
15 2 12
4 2 1
12 1 14
41 2 3
52 2 48
14 1 10
15 8 30
13 1 3
25 2 1
10 2 9
21 8 56
30 8 45
11 1 41
19 8 48
41 8 14
25 1 17
1 2 13
41 1 21
21 1 5
34 1 28
30 1 22
8 2 13
34 2 5
11 8 12
14 1 9
4 2 3
44 13 58
55 1 30
31 1 3
4 2 42
13 1 1
33 1 27
15 2 54
15 1 14
77 1 3
3 8 14
19 1 29
19 8 22
43 2 1
48 1 21
23 2 3
3 2 25
1 7 3
26 1 1
1 8 29
3 2 13
19 1 3
8 2 1
44 13 56
32 2 5
24 2 12
20 8 23
4 8 19
43 1 21
1 8 13
30 1 15
12 8 30
18 2 23
3 1 5
8 2 10
11 1 43
4 8 3
23 1 22
1 8 14
27 1 21
24 1 3
14 8 15
45 1 18
45 1 30
55 1 48
61 1 19
99 2 54
23 1 15
10 1 3
3 8 77
19 8 27
3 2 37
45 8 23
10 8 44
5 8 3
1 2 9
50 2 23
25 8 44
30 1 70
5 2 1
3 8 34
69 8 70
3 1 33
44 2 24
44 8 23
3 2 80
44 1 25
16 1 11
12 1 11
100 2 53
81 1 73
31 1 9
20 2 12
17 2 16
26 1 19
11 8 41
22 2 15
26 8 33
9 8 67
44 1 13
6 2 39
21 8 41
45 1 3
28 8 3
28 2 3
5 8 19
100 1 21
43 1 19
3 2 23
28 2 1
23 2 50
16 8 18
4 2 34
13 8 44
73 1 52
5 8 21
1 1 37
21 8 27
1 8 63
3 2 9
1 2 5
19 8 41
56 1 21
1 5 3
3 8 19
63 1 1
3 8 29
8 8 45
22 8 23
9 2 8
24 1 25
33 8 3
42 2 5
10 2 1
70 1 69
14 8 16
23 1 24
45 2 44
25 2 30
9 8 24
24 1 30
61 8 50
18 8 31
67 1 23
19 8 58
44 1 30
69 1 43
33 8 29
22 1 21
19 8 26
19 1 4
52 1 30
3 2 28
26 2 27
3 8 10
1 2 43
19 8 37
18 2 3
63 8 80
18 2 30
29 2 5
31 2 15
44 1 3
3 1 4
55 2 99
25 8 24
4 1 1
23 2 64
18 2 1
21 8 26
33 1 26
1 2 18
20 8 30
40 1 67
23 1 99
52 8 53
22 1 19
80 8 67
11 8 16
81 8 53
70 1 23
50 1 48
49 1 21
45 1 9
1 8 27
22 2 20
30 1 20
58 6 44
81 2 72
67 2 39
9 8 14
29 8 21
16 8 25
28 8 34
30 2 25
54 1 50
29 1 3
30 8 44
10 1 1
16 2 17
13 2 1
53 1 72
1 2 33
23 2 69
20 1 21
15 2 31
30 8 55
19 8 20
12 2 70
11 8 15
5 1 1
73 1 48
45 1 8
21 8 37
72 2 81
18 1 17
15 2 22
21 1 42
9 2 3
14 8 17
1 8 34
48 8 55
3 1 28
13 8 14
19 8 61
3 5 1
9 8 31
20 1 19
20 2 22
48 8 50
39 8 40
40 1 39
48 2 61
53 1 52
45 13 58
23 1 44
11 1 10
27 8 28
23 8 45
30 1 100
1 1 4
42 8 19
3 8 67
45 1 23
30 1 53
21 1 34
3 2 8
8 8 11
73 8 81
3 8 21
30 2 18
14 1 41
23 2 18
21 1 1
1 1 3
14 1 43
42 2 4
3 8 44
3 2 10
1 12 3
21 8 49
23 1 55
41 1 19
54 2 15
64 1 96
54 8 23
3 8 96
1 1 5
21 8 38
28 1 26
99 1 19
21 1 29
3 2 38
51 8 53
10 2 3
43 1 11
8 2 9
24 8 23
23 1 20
24 1 18
17 8 18
53 8 30
43 8 11
5 2 32
17 1 11
3 8 45
10 8 45
1 2 25
38 2 1
37 1 1
40 1 6
13 2 3
1 2 28
54 1 23
70 8 30
21 8 100
32 8 19
4 2 32
24 1 1
26 1 21
43 8 14
23 8 52
39 1 64
27 1 19
27 1 1
21 8 22
64 1 77
1 8 3
12 2 15
13 2 9
19 8 43
34 8 19
21 1 32
67 8 40
19 1 32
9 8 11
52 2 51
30 1 56
50 8 54
23 1 58
3 1 37
24 1 8
34 2 4
42 8 21
1 8 21
24 2 44
? 1 github_java_program_data/2/91.java

