50 1 43
1 1 4
3 2 33
45 1 18
1 8 3
30 8 45
12 1 11
41 2 3
15 1 14
1 8 13
11 8 17
69 8 70
15 8 30
10 1 1
55 8 30
73 8 23
4 8 19
23 8 57
69 1 41
75 1 19
16 1 11
23 2 25
8 8 45
18 1 16
13 8 44
54 8 23
3 8 21
21 8 22
43 2 3
34 2 4
41 8 11
73 2 15
107 1 30
6 1 1
21 8 27
23 2 50
73 8 30
29 8 19
19 1 1
49 8 11
44 1 13
11 1 41
30 2 51
53 1 52
34 2 5
1 2 5
23 2 3
12 2 15
45 1 8
23 8 44
4 2 42
20 1 19
19 8 68
8 8 24
1 2 33
1 12 3
53 1 57
20 2 53
3 8 29
75 2 48
1 8 2
23 1 44
3 2 49
15 2 107
33 2 1
34 1 28
14 8 12
25 2 23
1 8 45
25 1 16
19 8 43
58 1 19
27 2 26
23 2 18
72 1 23
9 8 44
51 8 53
28 1 1
48 1 21
20 2 22
50 8 54
52 1 23
11 1 3
1 2 10
15 2 54
3 8 10
43 8 11
1 1 3
12 2 107
5 2 3
23 1 54
10 2 9
15 8 23
1 8 7
9 2 13
19 8 51
1 1 28
49 1 21
33 1 27
1 1 5
50 2 30
3 2 13
27 8 33
43 8 50
4 2 29
18 2 23
19 8 48
55 2 15
20 2 56
23 1 12
30 2 69
15 2 53
19 1 5
26 1 21
51 2 52
1 5 3
22 8 23
14 1 41
73 1 48
11 1 13
21 1 34
23 8 39
29 1 33
15 2 12
21 1 3
11 1 49
30 1 15
30 1 53
21 8 26
72 2 51
48 8 55
2 1 1
10 8 14
23 8 52
5 8 21
12 2 54
2 2 6
3 8 39
16 8 18
51 8 107
19 1 42
1 8 44
27 1 21
107 2 15
44 2 45
19 1 4
73 2 12
43 1 11
41 1 21
72 2 48
51 1 21
52 1 30
16 1 14
15 1 11
48 2 75
29 1 28
18 2 30
76 8 53
3 2 5
48 2 72
12 8 30
48 8 50
56 2 20
13 1 3
4 1 1
76 1 23
41 1 19
6 2 39
16 2 17
48 2 61
23 1 22
30 1 55
21 8 20
48 2 23
12 2 53
5 2 42
45 1 30
69 8 54
7 2 6
43 1 21
1 14 3
11 1 1
1 2 68
19 8 20
1 8 6
107 2 12
23 1 56
23 1 58
1 2 8
48 1 19
1 8 19
32 8 19
34 8 21
28 8 29
8 2 1
57 8 53
1 8 34
56 1 21
13 8 45
24 1 23
3 2 4
3 8 14
1 2 28
14 1 43
33 8 29
29 1 3
5 1 1
21 1 32
3 2 28
11 8 43
70 1 30
3 1 5
30 1 20
3 8 13
50 8 70
42 8 21
1 2 43
12 2 73
28 1 26
54 1 69
33 1 26
50 1 61
13 2 1
5 2 1
54 1 30
29 8 21
41 8 14
29 2 5
21 8 49
23 1 73
24 1 1
32 8 21
56 6 44
12 8 23
24 2 12
18 2 1
11 8 12
23 8 24
8 2 3
8 2 13
24 2 44
1 2 41
14 8 43
8 8 39
55 1 48
72 8 73
34 1 33
49 2 1
9 8 11
25 1 17
11 1 68
1 8 21
68 2 1
32 2 4
55 1 23
21 1 4
23 8 72
3 2 10
61 8 50
69 1 43
30 8 72
19 1 29
68 1 19
68 8 11
29 1 1
19 8 41
34 1 3
54 1 23
11 1 43
40 1 2
23 2 48
53 1 51
23 1 20
33 2 3
13 8 11
18 8 45
39 2 6
45 8 23
53 8 30
52 2 76
22 8 30
7 8 40
1 8 24
30 8 70
4 8 3
19 1 34
23 1 70
54 2 15
22 2 12
51 2 72
11 1 10
16 8 25
24 1 8
11 8 41
18 8 24
12 2 24
52 2 51
53 2 20
7 1 1
19 8 61
107 1 51
24 1 18
3 2 41
56 8 30
41 2 1
26 8 28
21 8 48
15 2 73
107 8 30
50 1 48
45 1 1
21 8 43
52 2 57
70 1 69
50 1 75
69 2 30
56 8 23
21 8 56
40 1 6
23 8 76
41 8 69
23 8 55
44 1 23
22 2 20
30 8 54
70 1 50
53 2 15
22 1 21
3 8 34
23 8 54
1 2 25
58 8 23
41 1 11
4 8 21
30 2 18
11 8 16
57 1 23
1 2 18
30 1 12
23 1 15
6 2 2
61 2 48
17 8 25
1 2 13
39 8 40
11 8 15
44 13 56
54 2 56
1 2 49
70 8 23
12 2 22
33 8 34
34 1 1
5 2 29
44 1 1
43 2 1
3 4 1
56 2 54
21 8 41
75 8 50
19 1 32
42 8 19
13 2 8
21 1 29
10 8 11
53 1 76
1 8 29
6 2 7
26 8 33
54 1 50
44 1 25
45 2 44
52 8 53
6 8 40
14 1 1
19 8 58
17 1 11
21 8 51
3 7 1
20 8 23
54 2 12
21 1 5
14 1 10
20 8 30
23 1 24
1 8 14
57 2 52
19 8 75
30 8 52
48 8 73
5 8 19
30 1 107
19 8 22
1 11 3
19 8 27
19 1 3
28 1 27
45 1 13
30 1 56
43 8 14
3 2 43
23 1 45
10 1 3
39 1 23
51 8 73
61 1 19
44 1 9
50 2 23
40 1 39
73 1 72
10 2 1
4 2 32
30 8 107
43 1 19
29 2 4
28 8 34
27 8 28
73 1 51
19 8 26
30 1 73
39 1 8
22 1 19
51 2 30
14 1 3
43 8 69
44 2 24
21 1 1
21 1 42
43 1 14
42 2 4
24 8 23
28 2 3
39 1 3
26 1 19
26 2 27
3 2 23
48 2 43
14 8 15
42 2 5
51 1 19
4 2 1
34 8 19
3 1 1
1 7 3
53 2 12
28 2 1
2 8 40
5 2 34
54 2 70
3 8 19
5 8 3
3 8 11
15 2 55
9 2 10
17 2 16
13 2 9
3 5 1
76 2 52
1 2 4
10 2 3
72 1 30
30 1 22
20 1 21
1 8 11
4 2 34
4 2 3
43 2 48
3 1 4
1 8 10
12 1 14
70 2 54
14 8 16
1 4 3
44 8 23
40 1 7
27 1 19
25 8 44
3 2 8
11 1 9
49 2 3
13 1 1
30 2 50
25 2 1
13 2 3
? 1 github_java_program_data/6/146.java

40 1 7
1 1 4
3 2 33
45 1 18
1 8 3
30 1 58
30 8 57
12 1 11
41 2 3
15 1 14
1 8 13
11 8 17
69 8 70
15 8 30
10 1 1
3 1 38
55 8 30
4 8 19
27 1 1
4 2 32
3 2 8
23 2 25
8 8 45
18 1 16
13 8 44
54 8 23
1 2 38
3 8 21
21 8 22
22 2 54
43 2 3
34 2 4
41 8 11
6 1 1
14 1 43
23 2 50
29 8 19
19 1 1
3 1 37
54 2 22
44 1 13
43 2 51
11 1 41
53 1 52
2 1 3
70 2 79
12 2 55
21 8 61
58 1 21
57 1 30
3 2 49
45 1 8
23 8 44
20 1 19
54 2 15
8 8 24
30 1 24
1 12 3
53 1 57
15 2 20
3 8 29
25 2 3
53 1 51
12 2 70
58 2 70
41 2 48
13 8 14
3 2 30
48 2 41
61 2 51
33 2 1
5 2 32
25 2 23
1 8 45
9 8 14
30 1 45
19 8 43
23 2 18
72 1 23
9 8 44
51 8 53
43 1 21
48 1 21
20 2 55
51 2 43
30 1 70
11 1 3
1 2 10
15 2 54
43 8 11
45 1 23
1 1 3
70 2 58
5 2 3
23 1 54
10 2 9
15 8 23
1 8 7
19 8 51
1 1 28
22 2 15
33 1 27
1 1 5
21 8 37
50 2 30
3 2 13
27 8 33
18 2 23
19 8 48
30 2 69
61 8 69
15 2 53
7 1 3
19 1 5
26 1 21
51 2 52
1 5 3
22 8 23
14 1 41
11 1 13
21 1 34
30 1 44
21 8 38
30 2 3
15 2 12
21 1 3
30 1 15
58 6 45
21 8 26
72 2 51
53 8 23
48 8 55
52 2 51
18 1 17
44 2 45
5 8 21
2 2 6
3 8 39
16 8 18
19 1 42
33 1 1
28 8 3
38 1 21
8 2 13
19 1 4
38 2 3
73 2 12
48 2 61
26 1 3
41 1 21
20 2 54
37 2 1
51 1 21
52 1 30
21 1 1
15 1 11
49 8 14
30 2 48
29 1 28
75 1 21
45 8 30
48 1 19
1 14 3
1 1 37
3 2 5
32 8 21
12 8 30
1 8 11
14 1 13
13 1 3
4 1 1
23 1 79
41 1 19
18 2 1
6 2 39
16 2 17
23 1 22
30 1 55
21 8 20
48 2 23
5 2 42
27 2 26
28 1 1
70 2 12
11 1 1
4 2 29
19 8 20
24 8 30
1 8 6
37 1 1
37 8 3
1 2 8
48 8 53
1 1 38
26 1 1
1 8 19
32 8 19
34 8 21
28 8 29
21 8 41
57 8 53
1 8 34
13 8 45
3 8 7
1 1 33
24 1 1
23 8 24
23 1 71
3 8 14
52 2 48
1 2 28
21 8 27
29 1 3
5 1 1
61 1 21
3 2 28
38 1 1
70 1 30
37 1 21
30 1 20
3 8 13
38 2 1
13 1 8
70 8 30
1 2 43
12 2 73
26 1 19
34 1 1
33 1 26
4 2 5
50 1 61
70 1 23
5 2 1
54 1 30
29 8 21
41 8 14
29 2 5
1 2 41
34 2 5
30 8 39
43 1 14
24 2 12
5 2 34
11 8 12
3 2 4
3 8 2
24 2 44
24 1 23
44 1 3
14 8 43
8 8 39
55 1 48
20 2 15
14 8 41
72 8 73
34 1 33
9 8 11
25 1 17
23 1 53
3 2 38
1 8 21
32 2 4
55 1 23
21 1 4
3 2 25
23 8 72
22 2 71
3 2 10
61 8 50
69 1 43
1 2 5
19 1 29
30 8 79
29 1 1
19 8 41
3 1 1
3 4 1
54 1 23
11 1 43
12 2 15
8 2 3
10 8 14
23 2 48
1 8 26
23 1 20
51 2 75
37 2 3
8 8 10
33 2 3
50 8 54
22 8 30
39 2 6
38 1 19
30 8 70
3 1 5
7 8 40
42 8 19
4 8 3
21 1 29
23 1 70
19 8 38
32 2 5
11 1 10
21 1 32
16 8 25
24 1 8
4 2 42
18 8 24
12 2 24
7 2 6
7 1 1
19 8 61
1 2 33
4 2 3
24 1 18
56 1 19
42 8 21
56 8 30
41 2 1
26 8 28
21 8 48
50 1 48
45 1 1
21 8 43
52 2 57
37 1 19
70 1 69
27 1 21
69 2 23
69 2 30
13 2 1
40 1 6
1 8 24
3 8 27
23 8 55
44 1 23
22 2 20
30 8 54
53 2 15
22 1 21
3 8 34
23 8 54
17 8 18
20 8 30
19 1 34
48 8 79
41 1 14
4 8 21
55 2 20
1 2 18
30 1 12
23 1 15
41 8 50
61 2 48
17 8 25
1 2 13
39 8 40
11 8 15
51 2 72
33 8 3
5 2 4
70 8 23
33 8 34
1 4 3
5 2 29
44 8 30
43 2 1
17 2 16
45 13 58
69 1 75
23 8 45
10 1 8
3 8 44
19 1 32
75 2 51
13 2 8
13 8 11
45 1 13
19 8 56
8 8 13
73 8 30
1 8 29
21 8 75
55 2 12
6 2 7
26 8 33
53 1 48
54 1 50
44 1 25
45 2 44
52 8 53
6 8 40
14 1 1
10 8 11
10 2 3
21 8 51
3 7 1
20 8 23
51 8 69
21 1 5
14 1 10
39 1 30
20 2 22
1 8 14
15 2 22
14 1 49
57 2 52
49 1 19
1 8 27
23 2 69
18 8 45
3 8 11
44 2 24
19 8 22
79 1 30
51 2 61
23 8 70
19 1 3
28 1 27
50 1 41
30 1 56
43 8 14
75 8 69
71 2 22
10 1 3
48 2 52
51 8 73
61 1 19
20 1 21
50 2 23
40 1 39
73 1 72
48 2 30
10 2 1
21 8 58
25 1 16
43 1 19
29 2 4
4 2 34
14 1 9
9 2 13
27 8 28
73 1 51
1 2 37
19 8 26
30 1 73
69 1 51
39 1 8
19 8 49
22 1 19
14 1 3
43 8 69
16 1 14
21 1 42
3 2 37
69 1 61
42 2 4
38 8 3
40 1 2
28 2 3
39 1 3
3 1 33
28 1 26
8 2 1
26 2 27
79 2 70
70 2 20
30 8 52
14 8 15
42 2 5
51 1 19
4 2 1
34 8 19
34 1 3
79 8 23
1 7 3
28 2 1
2 8 40
20 2 70
58 8 30
3 8 19
5 8 3
5 8 19
9 2 10
71 8 23
3 2 43
13 2 3
13 2 9
3 5 1
27 1 3
1 2 4
17 1 11
1 11 3
54 2 20
79 1 48
30 1 22
44 1 9
48 8 50
3 2 41
3 8 10
3 1 4
1 8 10
14 8 16
19 8 27
3 1 28
49 2 3
6 2 2
27 1 19
25 8 44
11 1 9
3 8 26
13 1 1
30 2 50
19 8 37
? 1 github_java_program_data/6/191.java

50 1 43
1 1 4
3 2 33
45 1 18
1 8 3
30 8 45
12 1 11
41 2 3
15 1 14
1 8 13
27 8 28
69 8 70
15 8 30
10 1 1
73 8 23
4 8 19
73 2 20
4 2 32
75 1 19
16 1 11
23 1 45
18 1 16
13 8 44
58 6 44
48 2 61
3 8 21
21 8 22
8 2 10
43 2 3
34 2 4
41 8 11
22 2 73
22 2 70
1 2 41
21 8 27
23 2 50
45 1 10
29 8 19
19 1 1
73 2 22
44 1 13
30 8 57
5 2 32
11 1 41
53 1 52
34 2 5
1 2 5
76 8 73
21 8 61
44 13 56
58 1 21
57 1 30
4 2 42
54 2 15
1 2 33
1 12 3
53 1 57
3 8 29
75 2 48
10 2 8
1 8 2
12 2 70
58 2 70
23 1 44
13 8 14
48 2 41
33 2 1
14 8 12
1 8 45
2 2 39
19 8 43
58 1 19
44 1 30
72 1 23
51 8 53
9 8 24
56 6 45
48 1 21
20 2 22
45 1 9
52 1 23
11 1 3
1 8 11
1 2 10
15 2 54
3 8 10
43 8 11
45 1 23
1 1 3
5 2 3
10 2 9
15 8 23
30 1 54
19 8 51
54 2 20
33 1 27
1 1 5
70 2 58
27 8 33
43 8 50
19 8 48
3 2 41
23 1 12
19 1 5
3 8 34
51 2 52
1 5 3
22 8 23
14 1 41
11 1 13
54 8 30
21 1 34
23 8 39
15 2 12
21 1 3
20 2 73
30 1 15
21 8 26
72 2 51
45 1 3
53 8 23
2 1 1
44 1 10
10 8 14
23 8 52
5 8 21
12 2 54
3 8 39
16 8 18
19 1 42
1 8 44
27 1 21
44 2 45
19 1 4
69 1 43
41 1 21
51 1 21
52 1 30
15 1 11
48 2 75
70 2 22
29 1 28
75 1 21
18 2 30
3 2 5
12 8 30
48 8 50
14 1 13
13 1 3
4 1 1
13 1 1
23 1 22
20 1 19
21 8 20
5 2 42
45 1 30
43 1 21
70 2 12
24 8 23
11 1 1
4 2 29
19 8 20
58 6 45
8 8 14
23 1 56
23 1 58
11 2 14
48 1 19
1 8 19
32 8 19
34 8 21
28 8 29
21 8 41
13 2 8
1 8 34
56 1 21
13 8 45
24 1 9
9 8 45
45 1 13
24 1 1
3 2 4
3 8 14
3 2 18
1 2 28
14 1 43
29 1 3
72 2 76
5 1 1
21 1 32
3 2 28
11 8 43
3 1 5
30 1 20
3 8 13
50 8 70
70 8 30
1 2 43
73 1 72
26 1 19
54 1 69
33 1 26
50 1 61
13 2 1
5 2 1
20 8 30
29 8 21
41 8 14
48 8 69
29 2 5
23 1 73
14 1 8
24 1 23
32 8 21
12 8 23
18 2 1
11 8 12
23 8 24
76 1 30
8 2 13
24 2 44
44 1 3
14 8 43
8 8 39
30 1 58
72 8 73
34 1 33
25 1 17
23 1 53
69 1 48
1 8 21
32 2 4
21 1 4
3 2 25
23 8 72
3 2 10
61 8 50
43 1 11
9 2 1
30 8 72
19 1 29
10 8 44
29 1 1
19 8 41
34 1 3
23 2 3
54 1 23
11 1 43
57 8 53
8 2 3
18 1 17
53 1 51
23 1 20
20 2 54
33 2 3
50 8 54
22 8 30
30 8 76
45 8 23
18 8 45
69 2 23
42 8 19
4 8 3
19 1 34
20 2 70
51 2 72
25 2 30
11 1 10
61 1 21
16 8 25
56 6 44
11 8 41
18 8 24
52 2 51
19 8 61
1 2 9
17 1 14
24 1 18
56 1 19
42 8 21
56 8 30
41 2 1
26 8 28
21 8 48
50 1 48
45 1 1
21 8 43
52 2 57
70 1 69
76 2 72
21 1 29
25 2 3
18 2 3
56 8 23
21 8 56
1 8 24
41 2 48
18 2 23
22 2 20
44 13 58
70 1 50
1 4 3
22 1 21
26 1 21
23 8 54
17 8 18
1 2 25
58 8 23
41 1 11
4 8 21
30 2 18
11 8 16
1 2 18
30 1 12
23 1 15
41 8 50
61 2 48
17 8 25
1 2 13
39 8 40
11 8 15
32 2 5
54 2 56
73 1 76
33 8 34
34 1 1
5 2 29
14 8 17
44 1 1
43 2 1
3 4 1
45 13 58
56 2 54
69 1 75
23 8 45
3 8 44
19 1 32
13 8 11
9 8 11
10 8 11
19 8 56
30 2 25
1 8 29
21 8 75
3 8 45
1 14 3
26 8 33
54 1 50
44 1 25
45 2 44
52 8 53
14 1 1
19 8 58
70 1 23
21 8 51
3 7 1
20 8 23
54 2 12
21 1 5
14 1 10
23 1 24
16 2 17
57 2 52
19 8 75
30 8 52
23 2 69
5 8 19
44 2 24
19 8 22
3 2 23
1 11 3
23 8 70
19 1 3
28 1 27
50 1 41
30 1 56
43 8 14
75 8 69
3 2 43
30 8 44
10 1 3
39 1 23
51 8 73
61 1 19
50 2 23
40 1 39
44 1 8
12 2 15
10 2 1
21 8 58
25 1 16
43 1 19
29 2 4
9 2 13
3 2 13
73 1 51
8 8 44
19 8 26
1 8 14
15 2 24
39 1 8
22 1 19
24 2 15
14 1 3
43 8 69
21 1 1
21 1 42
43 1 14
42 2 4
40 1 2
28 2 3
39 1 3
23 2 18
28 1 26
70 2 20
48 2 43
14 8 15
42 2 5
51 1 19
45 13 56
4 2 1
34 8 19
3 1 1
1 7 3
14 2 11
28 2 1
2 8 40
5 2 34
58 8 30
3 8 19
5 8 3
3 8 11
27 1 19
10 8 45
9 2 10
17 2 16
13 2 9
3 5 1
39 2 2
1 2 4
10 2 3
72 1 30
30 1 22
20 1 21
69 8 54
4 2 34
4 2 3
43 2 48
3 1 4
1 8 10
12 1 14
19 8 27
44 8 23
30 1 70
25 8 44
3 2 8
11 1 9
41 1 19
25 2 1
13 2 3
? 1 github_java_program_data/6/26.java

50 1 43
1 1 4
3 2 33
45 1 18
1 8 3
39 1 1
30 8 45
43 8 14
12 1 11
41 2 3
15 1 14
1 8 13
11 8 17
69 8 70
15 8 30
10 1 1
3 1 38
73 8 23
4 8 19
23 8 57
69 1 41
75 1 19
23 2 25
8 8 45
18 1 16
13 8 44
54 8 23
1 2 38
3 8 21
21 8 22
43 2 3
34 2 4
41 8 11
1 1 3
21 8 27
23 2 50
29 8 19
58 2 54
19 1 1
49 8 11
44 1 13
43 2 51
5 2 32
54 2 58
27 1 3
53 1 52
34 2 5
1 2 5
21 8 61
44 13 56
58 1 21
45 1 8
23 8 44
4 2 42
13 2 3
19 8 68
8 8 24
1 2 33
1 12 3
53 1 57
20 2 53
1 8 7
3 8 29
4 2 3
53 1 51
1 8 2
3 8 27
13 8 14
48 2 41
61 2 51
33 2 1
14 8 12
25 2 23
4 2 32
19 8 43
23 2 18
72 1 23
30 1 95
51 8 53
28 1 1
48 1 21
20 2 22
51 2 43
18 2 3
1 2 41
11 1 3
1 8 11
1 2 10
53 2 22
27 8 28
43 8 11
6 1 1
21 8 37
5 2 3
23 1 54
10 2 9
15 8 23
30 1 54
19 8 51
1 1 28
49 1 21
33 1 27
1 1 5
95 8 30
50 2 30
3 2 13
27 8 33
43 8 50
4 2 29
18 2 23
19 8 48
43 1 11
14 1 68
23 1 12
30 2 69
61 8 69
7 1 3
19 1 5
26 1 21
48 2 72
70 2 73
22 8 23
14 1 41
73 1 48
50 1 51
54 8 30
21 1 34
23 8 39
21 8 38
15 2 12
21 1 3
56 2 70
11 1 49
30 1 15
30 1 53
21 8 26
72 2 51
45 1 3
53 8 23
3 8 6
10 8 14
44 2 45
5 8 21
2 2 6
16 8 18
3 2 38
19 1 42
1 8 44
27 1 21
38 1 21
19 1 4
41 1 11
38 2 3
73 2 12
69 1 43
26 1 3
51 8 50
41 1 21
72 2 48
37 2 1
51 1 21
52 1 30
21 1 1
15 1 11
49 8 14
48 2 75
23 8 76
29 1 28
70 2 15
48 1 19
18 2 30
78 8 23
1 1 37
3 2 5
51 2 52
32 8 21
12 8 30
69 8 54
1 2 23
14 1 13
13 1 3
4 1 1
76 1 23
13 1 1
1 5 3
6 2 39
16 2 17
48 2 61
23 1 22
20 1 19
21 8 20
12 2 53
5 2 42
45 1 30
7 2 6
43 1 21
1 14 3
2 8 40
11 1 1
1 2 68
19 8 20
1 8 6
37 1 1
8 8 14
23 1 56
11 1 13
6 1 3
1 2 8
48 8 53
1 1 38
69 2 23
37 8 3
1 8 19
32 8 19
34 8 21
28 8 29
8 2 1
57 8 53
1 8 34
56 1 21
13 8 45
3 8 7
1 1 33
24 1 1
23 8 24
14 8 41
3 8 14
3 2 18
73 2 53
1 2 28
14 1 43
53 2 73
29 1 3
1 8 39
19 8 38
61 1 21
3 2 28
38 1 1
11 8 43
70 1 30
37 1 21
30 1 20
3 8 13
38 2 1
50 8 70
42 8 21
1 2 43
50 1 75
26 1 19
54 1 69
33 1 26
4 2 5
50 1 61
13 2 1
5 2 1
54 1 30
29 8 21
41 8 14
48 8 69
29 2 5
21 8 49
23 1 73
14 1 8
24 1 23
43 1 14
56 6 44
23 1 78
12 8 23
24 2 12
18 2 1
11 8 12
3 2 4
8 2 13
24 2 44
3 8 26
14 8 43
8 8 39
30 1 58
72 8 73
34 1 33
49 2 1
9 8 11
11 1 41
23 1 53
69 1 48
11 1 68
73 2 70
1 8 21
68 2 1
32 2 4
21 1 4
23 8 72
3 2 10
61 8 50
21 8 41
22 2 53
68 8 14
19 1 29
68 1 19
68 8 11
37 2 38
29 1 1
19 8 41
34 1 3
54 2 15
54 1 23
11 1 43
40 1 2
18 1 17
13 8 11
23 1 20
51 2 75
37 2 3
33 2 3
50 8 54
18 8 45
39 2 6
38 1 19
53 8 30
52 2 76
22 8 30
3 1 5
7 8 40
1 8 24
30 8 70
23 8 54
19 1 34
23 1 70
5 1 1
22 2 12
32 2 5
11 1 10
21 1 32
16 8 25
24 1 8
11 8 41
18 8 24
12 2 24
45 8 23
38 2 37
7 1 1
19 8 61
73 8 30
24 1 18
3 2 41
12 2 15
41 2 1
26 8 28
21 8 48
33 1 1
21 8 43
52 2 57
37 1 19
70 1 69
52 2 48
21 1 29
69 2 30
56 8 23
21 8 56
41 2 48
40 1 6
42 8 19
41 8 69
44 1 23
22 2 20
30 8 54
70 1 50
58 6 45
22 1 21
3 8 34
4 8 3
17 8 18
1 2 25
52 2 51
41 1 14
4 8 21
70 2 56
30 2 18
57 1 23
1 2 18
30 1 12
23 1 15
41 8 50
6 2 2
61 2 48
1 2 13
39 8 40
11 8 15
51 2 72
1 2 49
70 8 23
12 2 22
33 8 34
23 2 1
34 1 1
5 2 29
44 1 1
43 2 1
3 4 1
45 13 58
23 1 44
69 1 75
15 2 54
75 8 50
3 2 49
19 1 32
75 2 51
13 2 8
45 1 13
50 1 48
53 1 76
1 8 29
3 8 45
6 2 7
26 8 33
53 1 48
54 1 50
44 1 25
45 2 44
52 8 53
6 8 40
14 1 1
10 8 11
10 2 3
21 8 51
3 7 1
20 8 23
51 8 69
21 1 5
14 1 10
20 8 30
23 1 24
1 8 14
14 1 49
57 2 52
49 1 19
19 8 75
30 8 52
23 2 69
48 8 73
3 8 11
15 2 70
19 8 22
1 11 3
51 2 61
12 2 73
19 1 3
19 8 37
50 1 41
2 1 1
75 8 69
3 2 43
23 1 45
10 1 3
48 2 52
39 1 23
51 8 73
61 1 19
20 1 21
50 2 23
40 1 39
73 1 72
10 2 1
21 8 58
25 1 16
43 1 19
29 2 4
9 2 13
3 8 10
73 1 51
1 2 37
19 8 26
30 1 73
39 1 8
19 8 49
22 1 19
5 2 34
14 1 3
43 8 69
44 2 24
16 1 14
21 1 42
3 2 37
69 1 61
42 2 4
38 8 3
24 8 23
28 2 3
28 1 26
21 8 68
48 2 43
14 8 15
9 8 44
42 2 5
51 1 19
4 2 1
34 8 19
3 1 1
1 7 3
53 2 12
28 2 1
69 1 51
53 2 20
49 2 3
58 8 30
3 8 19
76 8 53
5 8 3
5 8 19
9 2 10
5 2 4
17 2 16
13 2 9
3 5 1
3 1 37
76 2 52
1 2 4
75 2 48
17 1 11
30 1 22
44 1 9
48 8 50
4 2 34
68 1 21
43 2 48
3 1 4
1 8 10
12 1 14
14 8 16
1 4 3
44 8 23
40 1 7
25 8 44
11 1 9
41 1 19
30 2 50
25 2 1
28 1 27
? 1 github_java_program_data/6/268.java

50 1 43
1 1 4
3 2 33
45 1 18
18 8 45
1 8 3
39 1 1
30 8 45
43 8 14
12 1 11
41 2 3
15 1 14
1 8 13
11 8 17
69 8 70
15 8 30
10 1 1
3 1 38
73 8 23
4 8 19
23 8 57
69 1 41
75 1 19
23 2 25
8 8 45
18 1 16
13 8 44
54 8 23
1 2 38
3 8 21
21 8 22
43 2 3
34 2 4
41 8 11
1 1 3
14 1 43
23 2 50
29 8 19
58 2 54
19 1 1
39 2 67
49 8 11
44 1 13
43 2 51
5 2 32
54 2 58
61 1 19
53 1 52
34 2 5
30 8 72
76 8 73
21 8 61
58 1 21
45 1 8
23 8 44
13 2 3
19 8 68
8 8 24
1 2 33
1 12 3
53 1 57
20 2 53
1 8 7
3 8 29
75 2 48
23 8 76
1 8 2
12 2 70
67 1 3
3 8 27
13 8 14
3 2 30
48 2 41
61 2 51
33 2 1
14 8 12
25 2 23
4 2 32
19 8 43
23 2 18
72 1 23
30 1 95
51 8 53
28 1 1
48 1 21
20 2 22
51 2 43
30 1 70
52 1 23
11 1 3
1 8 11
1 2 10
15 2 54
69 2 23
43 8 11
22 2 73
6 1 1
21 8 37
5 2 3
67 1 30
23 1 54
10 2 9
15 8 23
30 1 54
19 8 51
1 1 28
49 1 21
22 2 15
33 1 27
1 1 5
95 8 30
50 2 30
27 8 33
43 8 50
18 2 23
19 8 48
13 2 1
14 1 68
23 1 12
30 2 69
61 8 69
7 1 3
1 8 21
26 1 21
48 2 72
1 5 3
22 8 23
14 1 41
73 1 48
50 1 51
54 8 30
21 1 34
23 8 39
21 8 38
30 2 3
15 2 12
21 1 3
1 2 68
11 1 49
30 1 15
30 1 53
21 8 26
72 2 51
45 1 3
53 8 23
3 8 6
54 2 56
30 8 67
10 8 14
23 8 52
44 2 45
5 8 21
12 2 54
2 2 6
16 8 18
3 2 38
19 1 42
33 1 1
38 1 21
19 1 4
41 1 11
38 2 3
43 1 11
26 1 3
51 8 50
41 1 21
72 2 48
37 2 1
51 1 21
52 1 30
21 1 1
15 1 11
49 8 14
48 2 75
19 1 5
29 1 28
75 1 21
70 2 15
1 1 38
1 14 3
18 2 30
78 8 23
1 1 37
3 2 5
51 2 52
12 8 30
69 8 54
1 2 23
14 1 13
13 1 3
4 1 1
76 1 23
13 1 1
16 2 17
48 2 61
23 1 22
20 1 19
21 8 20
5 2 42
45 1 30
7 2 6
43 1 21
70 2 12
2 8 40
11 1 1
4 2 29
19 8 20
1 8 6
37 1 1
8 8 14
23 1 56
11 1 13
6 1 3
1 2 8
48 1 19
37 8 3
1 8 19
32 8 19
34 8 21
28 8 29
21 8 41
57 8 53
1 8 34
44 13 56
13 8 45
73 2 22
3 8 7
1 1 33
24 1 1
23 8 24
14 8 41
3 8 14
3 2 18
73 2 53
1 2 28
1 2 41
53 1 51
29 1 3
1 8 39
72 2 76
19 8 38
61 1 21
4 2 42
38 1 1
11 8 43
70 1 30
37 1 21
30 1 20
3 8 13
38 2 1
50 8 70
70 8 30
1 2 43
28 1 26
34 1 1
33 1 26
4 2 5
50 1 61
70 1 23
5 2 1
54 1 30
29 8 21
41 8 14
48 8 69
29 2 5
21 8 49
23 1 73
14 1 8
24 1 23
43 1 14
56 6 44
23 1 78
12 8 23
24 2 12
18 2 1
11 8 12
3 2 4
8 2 13
24 2 44
3 8 26
14 8 43
8 8 39
30 1 58
41 2 51
67 8 40
53 2 22
72 8 73
34 1 33
9 8 11
11 1 41
23 1 53
69 1 48
32 8 21
68 2 1
32 2 4
21 1 4
23 8 72
3 2 10
61 8 50
48 8 53
22 2 53
1 2 5
68 8 14
19 1 29
68 1 19
29 1 1
19 8 41
34 1 3
54 2 15
54 1 23
11 1 43
40 1 2
18 1 17
50 8 54
23 1 20
51 2 41
51 2 75
37 2 3
33 2 3
13 8 11
22 8 30
38 1 19
53 8 30
30 8 70
3 1 5
7 8 40
42 8 19
4 8 3
21 1 29
23 1 70
5 1 1
51 2 72
11 1 10
21 1 32
16 8 25
24 1 8
11 8 41
7 2 39
18 8 24
12 2 24
52 2 51
45 8 23
7 1 1
19 8 61
4 2 3
24 1 18
56 1 19
42 8 21
12 2 15
53 2 73
41 2 1
26 8 28
21 8 48
1 8 44
21 8 43
52 2 57
37 1 19
70 1 69
52 2 48
76 2 72
69 2 30
18 2 3
56 8 23
41 2 48
40 1 6
1 8 24
41 8 69
44 1 23
22 2 20
30 8 54
70 1 50
58 6 45
1 4 3
22 1 21
3 8 34
23 8 54
17 8 18
1 2 25
19 1 34
41 1 14
4 8 21
30 2 18
57 1 23
1 2 18
30 1 12
23 1 15
41 8 50
6 2 2
61 2 48
1 2 13
39 8 40
11 8 15
32 2 5
56 2 54
3 8 67
70 8 23
73 1 76
33 8 34
23 2 1
54 1 69
5 2 29
44 1 1
43 2 1
3 4 1
45 13 58
23 1 44
69 1 75
3 2 49
19 1 32
75 2 51
13 2 8
45 1 13
69 1 43
19 8 56
50 1 48
73 8 30
1 8 29
21 8 75
3 8 45
6 2 7
26 8 33
53 1 48
54 1 50
44 1 25
45 2 44
52 8 53
6 8 40
14 1 1
10 8 11
10 2 3
21 8 51
3 7 1
20 8 23
51 8 69
54 2 12
21 1 5
14 1 10
20 8 30
23 1 24
1 8 14
15 2 22
14 1 49
57 2 52
49 1 19
19 8 75
30 8 52
23 2 69
48 8 73
3 8 11
15 2 70
19 8 22
1 11 3
51 2 61
23 8 70
19 1 3
19 8 37
50 1 41
2 1 1
75 8 69
53 2 20
23 1 45
10 1 3
48 2 52
39 1 23
51 8 73
27 1 3
20 1 21
50 2 23
40 1 39
73 1 72
10 2 1
21 8 58
25 1 16
43 1 19
29 2 4
4 2 34
9 2 13
3 2 13
73 1 51
1 2 37
19 8 26
30 1 73
39 1 8
19 8 49
22 1 19
14 1 3
43 8 69
44 2 24
16 1 14
21 1 42
3 2 37
69 1 61
42 2 4
38 8 3
24 8 23
28 2 3
67 2 39
26 1 19
8 2 1
39 2 7
48 2 43
14 8 15
9 8 44
42 2 5
51 1 19
4 2 1
34 8 19
3 1 1
1 7 3
28 2 1
69 1 51
5 2 34
58 8 30
3 8 19
5 8 3
5 8 19
9 2 10
5 2 4
3 2 43
17 2 16
13 2 9
3 5 1
3 1 37
1 2 4
17 1 11
72 1 30
30 1 22
44 1 9
48 8 50
3 2 41
3 8 10
43 2 48
3 1 4
1 8 10
12 1 14
14 8 16
3 2 28
19 8 27
44 8 23
40 1 7
27 1 19
25 8 44
11 1 9
49 2 3
41 1 19
30 2 50
25 2 1
40 1 67
? 1 github_java_program_data/6/295.java

50 1 43
12 2 55
1 1 4
3 2 33
6 2 2
1 8 3
55 1 48
48 8 50
12 1 11
41 2 3
15 1 14
1 8 13
11 8 17
16 1 63
13 1 1
10 1 1
3 1 38
55 8 30
4 8 19
1 11 3
27 1 1
63 8 16
3 2 8
16 1 11
23 2 25
8 8 45
18 8 44
18 1 16
13 8 44
53 1 57
58 6 44
54 8 23
1 2 38
15 2 79
3 8 21
21 8 22
22 2 54
43 2 3
34 2 4
41 8 11
76 2 72
51 8 79
22 2 70
6 1 1
12 2 22
21 8 27
23 2 50
45 1 10
29 8 19
19 1 1
49 8 11
54 2 22
44 1 13
3 1 18
11 1 41
53 1 52
30 8 72
76 8 73
23 2 3
42 2 34
100 2 58
23 1 22
3 2 49
45 1 8
4 2 42
30 1 55
8 8 24
1 2 33
1 12 3
53 1 51
20 2 53
15 2 20
1 8 7
3 8 29
8 2 9
4 2 3
10 2 8
23 8 76
1 8 2
58 2 70
41 8 69
13 8 14
9 2 8
33 2 1
14 8 12
25 2 23
1 8 45
53 1 72
19 8 43
58 1 19
44 1 30
99 1 19
72 1 23
9 8 44
51 8 53
28 1 1
30 1 99
48 1 21
20 2 22
51 2 43
69 8 70
16 1 5
52 1 23
11 1 3
1 2 10
53 2 22
27 8 28
43 8 11
45 1 23
1 1 3
70 2 58
5 2 3
13 2 1
23 1 54
10 2 9
15 8 23
30 1 54
3 8 63
30 8 24
19 8 51
1 1 28
22 2 15
33 1 27
1 1 5
21 8 37
50 2 30
3 2 13
27 8 33
43 8 50
19 8 48
14 1 68
23 8 57
23 1 12
30 2 69
15 2 53
19 1 5
3 8 34
51 2 52
1 5 3
22 8 23
14 1 41
73 1 48
11 1 13
54 8 30
21 1 34
3 2 68
23 8 39
1 8 6
15 2 12
21 1 3
11 1 49
30 1 15
30 1 53
21 8 26
72 2 51
45 1 3
53 8 23
48 8 55
2 1 1
44 1 10
21 8 41
23 8 52
5 8 21
12 2 54
2 2 6
3 8 39
16 8 18
19 1 42
55 1 30
1 8 44
15 8 30
27 1 21
38 1 21
19 1 4
41 1 11
38 2 3
44 13 58
73 2 12
69 1 43
26 1 3
41 1 21
5 2 63
33 8 34
37 2 1
79 2 15
52 1 30
16 1 14
15 1 11
48 2 75
70 2 22
30 2 48
72 2 57
29 1 28
75 1 21
1 1 38
1 14 3
18 2 30
78 8 23
99 2 15
19 8 100
3 2 5
48 2 72
12 8 30
69 8 54
21 8 100
14 1 13
13 1 3
4 1 1
76 1 23
41 1 19
10 8 44
16 2 17
48 2 61
21 8 38
20 1 19
21 8 20
5 2 42
2 8 40
58 2 79
48 8 73
7 2 6
43 1 21
99 2 56
32 8 19
11 1 1
4 2 29
19 8 20
29 1 33
37 1 1
8 8 14
23 1 56
99 2 100
6 1 3
58 2 100
1 2 8
48 1 19
40 1 7
37 8 3
1 8 19
24 1 25
34 8 21
28 8 29
8 2 1
30 1 70
1 8 34
56 1 21
13 8 45
79 1 51
63 2 5
1 1 33
24 1 1
3 2 4
14 8 41
3 8 14
3 2 18
73 2 53
52 2 48
1 2 28
14 1 43
33 8 29
29 1 3
72 2 76
5 1 1
21 1 32
3 2 28
38 1 1
11 8 43
70 1 30
30 1 100
30 1 20
3 8 13
38 2 1
18 2 1
50 8 70
70 8 30
1 2 43
12 2 73
26 1 19
54 1 69
33 1 26
4 2 5
50 1 61
70 1 23
5 2 1
54 1 30
29 8 21
41 8 14
12 2 99
29 2 5
1 2 41
34 2 5
14 1 8
23 2 51
43 1 14
63 1 3
23 1 78
12 8 23
30 8 52
23 1 100
99 8 23
11 8 12
9 2 13
33 1 1
8 2 13
24 2 44
51 2 23
44 1 3
14 8 43
8 8 39
30 1 58
20 2 70
20 2 15
44 1 8
20 2 55
72 8 73
34 1 33
9 8 11
16 1 1
25 1 17
23 1 53
3 2 38
25 8 45
52 8 73
32 8 21
32 2 4
21 1 4
100 1 19
23 8 72
3 2 10
61 8 50
43 1 11
22 2 53
30 1 79
68 8 14
19 1 29
69 1 41
79 1 23
8 2 10
29 1 1
19 8 41
3 1 1
3 4 1
3 2 37
54 1 23
79 8 30
11 1 43
18 8 3
79 2 58
40 1 2
18 1 17
50 8 54
23 1 20
37 2 3
25 8 24
25 2 1
33 2 3
44 1 18
1 8 26
22 8 30
38 1 19
53 8 30
30 8 70
3 1 5
7 8 40
42 8 19
4 8 3
19 1 34
23 1 70
19 8 38
22 2 12
32 2 5
25 2 30
11 1 10
100 8 23
16 8 25
24 1 8
11 8 41
7 2 39
12 2 24
1 2 63
1 2 5
45 8 23
7 1 1
19 8 61
99 2 12
17 1 14
42 2 4
3 2 41
42 8 21
12 2 15
53 2 73
41 2 1
26 8 28
21 8 48
50 1 48
57 2 72
45 1 1
21 8 43
45 1 25
37 1 19
70 1 69
28 8 3
69 2 23
55 2 12
50 1 75
69 2 30
18 2 3
56 8 23
21 8 56
40 1 6
1 8 24
3 8 27
34 1 28
24 2 12
22 2 20
30 8 54
70 1 50
53 2 15
1 4 3
15 2 99
22 1 21
26 1 21
49 1 19
17 8 18
1 2 25
52 2 51
41 1 14
4 8 21
55 2 20
30 2 18
11 8 16
57 1 23
1 2 18
30 1 12
23 1 15
61 2 48
17 8 25
1 2 13
39 8 40
11 8 15
51 2 72
33 8 3
45 2 44
27 2 26
70 8 23
73 1 76
37 1 21
34 1 1
5 2 29
14 8 17
44 1 1
43 2 1
75 2 48
57 8 53
17 2 16
1 2 37
23 1 44
69 1 75
23 8 45
13 2 9
75 8 50
3 8 44
19 1 32
75 2 51
13 2 8
13 8 11
21 1 29
10 8 11
3 1 37
73 8 30
30 2 25
1 8 29
21 8 75
3 8 45
6 2 7
26 8 33
68 2 3
54 1 50
72 2 48
56 2 99
52 8 53
6 8 40
14 1 1
19 8 58
10 2 3
3 7 1
20 8 23
51 8 69
3 2 25
54 2 12
3 8 6
14 1 10
99 1 21
20 8 30
23 1 24
1 8 14
15 2 22
8 2 3
21 8 68
23 2 69
1 8 16
3 8 11
44 2 24
19 8 22
3 2 23
21 1 5
19 8 27
19 1 3
28 1 27
45 1 13
43 8 14
75 8 69
34 2 42
5 2 32
23 1 45
30 8 44
10 1 3
48 2 52
39 1 23
51 8 73
61 1 19
20 1 21
50 2 23
40 1 39
73 1 72
48 2 30
10 2 1
4 2 32
25 1 16
43 1 19
29 2 4
28 8 34
3 8 10
73 1 51
8 8 44
19 8 26
30 1 73
39 1 8
19 8 49
22 1 19
5 2 34
21 8 99
14 1 3
43 8 69
21 1 1
72 8 53
30 8 55
21 1 42
3 2 43
5 8 16
38 8 3
24 8 23
28 2 3
39 1 3
19 8 99
3 1 33
10 8 14
28 1 26
26 2 27
39 2 7
23 8 54
70 2 20
1 8 27
48 2 43
25 2 3
14 8 15
42 2 5
51 1 19
45 13 56
4 2 1
34 8 19
34 1 3
100 8 30
1 7 3
51 2 75
69 1 51
53 2 20
49 2 3
58 8 30
3 8 19
1 1 37
73 1 52
5 8 3
5 8 19
1 8 21
63 2 1
10 8 45
9 2 10
56 6 45
5 2 4
13 2 3
26 1 1
3 5 1
27 1 3
23 8 79
1 2 4
28 2 1
17 1 11
23 1 99
100 2 99
72 1 30
100 1 21
30 1 22
44 1 9
1 8 11
4 2 34
68 1 21
43 2 48
3 1 4
1 8 10
12 1 14
30 2 50
14 8 16
23 8 70
3 1 28
44 8 23
99 8 30
27 1 19
44 2 45
11 1 9
3 8 26
24 1 30
43 2 51
19 8 37
? 1 github_java_program_data/6/330.java

50 1 43
1 1 4
3 2 33
45 1 18
1 8 3
23 1 55
30 8 45
69 2 23
12 1 11
41 2 3
15 1 14
1 8 13
11 8 17
69 8 70
15 8 30
10 1 1
3 1 38
73 8 23
4 8 19
73 2 20
27 1 1
69 1 41
4 2 32
75 1 19
23 1 95
16 1 11
23 2 25
23 1 45
18 1 16
3 8 39
54 2 73
54 8 23
1 2 38
3 8 21
21 8 22
8 2 10
43 2 3
10 2 3
34 2 4
41 8 11
70 2 53
1 2 41
21 8 27
23 2 50
45 1 10
29 8 19
19 1 1
49 8 11
54 2 22
3 2 25
11 1 41
30 2 51
53 1 52
34 2 5
30 8 72
21 8 61
44 13 56
58 1 21
3 2 49
23 8 44
4 2 42
99 2 55
54 2 15
53 2 22
1 2 33
1 12 3
21 8 20
3 8 29
8 2 9
4 2 3
10 2 8
1 8 2
1 2 18
58 2 70
23 1 44
13 8 14
45 8 23
48 2 41
61 2 51
9 2 8
33 2 1
53 2 15
14 8 12
25 2 23
1 8 45
2 2 39
53 1 72
19 8 43
58 1 19
44 1 30
72 1 23
9 8 44
51 8 53
9 8 24
95 8 23
48 1 21
20 2 22
45 1 9
52 1 23
11 1 3
1 2 10
15 2 54
27 8 28
43 8 11
45 1 23
1 1 3
57 8 73
5 2 3
23 1 54
10 2 9
15 8 23
30 1 54
9 2 13
19 8 51
60 8 30
54 2 20
49 1 21
8 2 3
33 1 27
1 1 5
21 8 37
50 2 30
3 2 13
27 8 33
43 8 50
18 2 23
19 8 48
22 2 54
14 1 68
23 8 57
23 1 12
61 8 69
15 2 53
19 1 5
3 8 34
51 2 52
19 8 62
1 5 3
22 8 23
14 1 41
73 1 48
11 1 13
54 8 30
21 1 34
3 2 68
51 2 75
23 8 39
21 8 38
23 1 58
15 2 12
21 1 3
70 2 58
53 2 56
11 1 49
20 2 73
30 1 15
30 1 53
21 8 26
56 2 22
53 8 23
2 1 1
44 1 10
18 1 17
23 8 52
44 2 45
5 8 21
55 8 23
58 2 20
16 8 18
3 2 38
19 1 42
55 1 30
1 8 44
27 1 21
24 1 3
14 1 3
58 6 44
19 1 4
41 1 14
38 2 3
69 1 43
26 1 3
51 8 50
41 1 21
60 1 21
72 2 48
37 2 1
51 1 21
52 1 30
33 1 1
49 8 14
48 2 75
29 1 28
75 1 21
70 2 15
1 1 38
62 1 19
18 2 30
78 8 23
1 1 37
3 2 5
57 1 23
12 8 30
1 8 11
14 1 13
13 1 3
56 2 53
23 1 62
52 2 51
76 1 23
41 1 19
55 1 51
16 2 17
48 2 61
23 1 22
20 1 19
14 8 17
12 2 53
5 2 42
45 1 30
69 8 54
43 1 21
61 2 48
11 1 1
20 2 58
4 2 29
19 8 20
29 1 33
37 1 1
8 8 14
23 1 56
50 1 51
49 2 3
48 8 53
48 1 19
26 1 1
1 8 19
32 8 19
34 8 21
28 8 29
13 2 8
1 8 34
56 1 21
13 8 45
24 1 9
9 8 45
45 1 13
1 1 33
24 1 23
72 2 51
23 8 24
14 8 41
3 8 14
3 2 18
73 2 53
1 2 28
14 1 43
70 8 23
33 8 29
29 1 3
72 2 76
5 1 1
61 1 21
3 2 28
38 1 1
11 8 43
70 1 30
33 8 34
30 1 20
3 8 13
38 2 1
45 13 58
18 2 1
23 1 99
70 8 30
1 2 43
73 1 72
26 1 19
34 1 1
33 1 26
4 2 5
50 1 61
70 1 23
5 2 1
54 1 30
29 8 21
41 8 14
48 8 69
29 2 5
21 8 49
23 1 73
14 1 8
32 8 21
23 1 78
12 8 23
30 8 52
99 8 23
11 8 12
3 2 4
52 8 73
8 2 13
58 2 22
24 2 44
44 1 3
14 8 43
8 8 39
30 1 58
41 2 51
53 2 70
72 8 73
34 1 33
49 2 1
9 8 11
25 1 17
23 1 53
69 1 48
11 1 68
42 2 5
1 8 21
32 2 4
3 2 9
21 1 4
23 8 72
3 2 10
61 8 50
43 1 11
22 2 53
1 2 5
68 8 14
19 1 29
10 8 44
68 8 11
29 1 1
19 8 41
34 1 3
3 4 1
23 2 3
54 1 23
11 1 43
40 1 2
10 8 14
53 1 51
23 1 20
21 8 60
20 2 54
37 2 3
25 2 1
33 2 3
50 8 54
18 8 45
9 2 3
38 1 19
53 8 30
22 8 30
3 1 5
42 8 19
30 8 70
4 8 3
19 1 34
23 1 70
19 8 38
32 2 5
25 2 30
11 1 10
21 1 32
16 8 25
56 6 44
11 8 41
18 8 24
53 1 76
1 2 49
69 1 75
49 1 19
19 8 61
22 2 58
17 1 14
24 1 18
56 1 19
42 8 21
56 8 30
41 2 1
26 8 28
21 8 48
15 2 73
50 1 48
45 1 1
21 8 43
52 2 57
37 1 19
70 1 69
28 8 3
52 2 48
76 2 72
50 1 75
25 2 3
18 2 3
56 8 23
21 8 56
41 2 48
23 8 76
41 8 69
15 2 24
34 1 28
44 1 23
22 2 20
30 8 54
70 1 50
58 6 45
51 8 55
1 4 3
22 1 21
26 1 21
23 8 54
17 8 18
1 2 25
58 8 23
41 1 11
4 8 21
30 2 18
11 8 16
4 1 1
22 2 55
30 1 12
23 1 15
41 8 50
30 1 60
17 8 25
1 2 13
39 8 40
37 8 3
51 2 72
33 8 3
27 2 26
3 8 24
37 1 21
54 1 69
5 2 29
44 1 1
43 2 1
17 2 16
1 2 37
53 2 73
21 8 41
23 8 45
44 13 58
75 8 50
3 8 44
19 1 32
75 2 51
13 8 11
21 1 29
10 8 11
19 8 56
73 8 30
30 2 25
1 8 29
21 8 75
1 14 3
26 8 33
68 2 3
53 1 48
54 1 50
44 1 25
3 7 1
45 2 44
52 8 53
73 2 15
14 1 1
19 8 58
13 2 1
21 8 51
1 8 26
20 8 23
54 2 12
21 1 5
14 1 10
99 1 21
20 8 30
23 1 24
1 8 14
14 1 49
57 2 52
19 8 75
21 8 68
23 2 69
48 8 73
3 8 11
15 2 70
19 8 22
73 2 54
15 1 11
51 2 61
23 8 70
19 1 3
19 8 37
50 1 41
30 1 56
43 8 14
75 8 69
5 2 32
30 8 44
10 1 3
48 2 52
39 1 23
51 8 73
61 1 19
44 1 9
50 2 23
40 1 39
44 1 8
12 2 15
10 2 1
21 8 58
25 1 16
43 1 19
29 2 4
4 2 34
28 8 34
51 2 41
3 8 10
73 1 51
8 8 44
19 8 26
30 1 73
12 2 20
39 1 8
22 2 56
19 8 49
22 1 19
51 2 30
21 8 99
43 2 48
24 2 15
38 1 21
43 8 69
44 2 24
21 1 1
72 8 53
30 8 55
21 1 42
43 1 14
69 1 61
42 2 4
38 8 3
24 8 23
28 2 3
39 1 3
23 2 18
55 2 22
3 1 33
28 1 26
26 2 27
3 2 23
1 8 27
48 2 43
14 8 15
48 2 72
51 1 19
45 13 56
4 2 1
34 8 19
3 1 1
1 7 3
53 2 12
28 2 1
2 8 40
50 8 70
5 2 34
54 2 70
58 8 30
3 8 19
76 8 53
73 1 52
5 8 3
5 8 19
12 2 54
27 1 19
10 8 45
9 2 10
56 6 45
5 2 4
3 2 43
73 1 57
13 2 3
13 2 9
3 5 1
3 1 37
39 2 2
1 2 4
75 2 48
17 1 11
1 11 3
72 1 30
20 2 12
11 8 15
30 1 22
20 1 21
48 8 50
3 2 41
68 1 21
3 2 37
3 1 4
1 8 10
12 1 14
70 2 54
55 2 99
19 8 27
3 1 28
44 8 23
30 1 70
25 8 44
3 2 8
11 1 9
3 8 26
13 1 1
30 2 50
62 8 23
28 1 27
? 1 github_java_program_data/6/355.java

50 1 43
1 1 4
10 2 8
45 1 18
1 8 3
3 2 25
12 1 11
70 1 69
15 1 14
1 8 13
69 8 70
15 8 30
10 1 1
3 1 38
21 8 20
4 8 19
16 1 11
23 2 25
18 1 16
13 8 44
48 2 61
1 2 38
3 8 21
21 8 22
8 2 10
24 2 15
41 8 11
1 1 3
14 1 43
23 2 50
45 1 10
29 8 19
19 1 1
44 1 13
43 2 51
11 1 41
53 1 52
1 2 5
21 8 61
23 8 44
30 1 24
53 1 51
3 8 29
25 2 3
54 8 23
12 2 70
13 8 14
48 2 41
33 2 1
14 8 12
25 2 23
4 2 32
30 1 45
19 8 43
58 1 19
44 1 30
72 1 23
18 2 23
9 8 24
48 1 21
51 2 43
45 1 9
11 1 3
1 2 10
43 8 11
45 1 23
1 2 41
5 2 3
23 1 54
10 2 9
17 1 14
1 12 3
30 1 54
19 8 51
21 8 37
50 2 30
43 8 50
19 8 48
23 1 12
30 2 69
19 1 5
51 2 52
1 5 3
22 8 23
14 1 41
73 1 48
11 1 13
54 8 30
15 2 12
21 1 3
30 1 15
58 6 45
45 1 3
53 8 23
58 8 23
44 1 10
21 8 41
44 2 45
5 8 21
16 8 18
4 2 3
1 8 44
24 1 3
14 1 3
19 1 4
38 2 3
43 1 11
41 1 21
72 2 48
37 2 1
51 1 21
52 1 30
29 1 28
75 1 21
45 8 30
48 1 19
1 2 37
3 2 5
48 2 72
12 8 30
48 8 50
14 1 13
13 1 3
4 1 1
13 1 1
16 2 17
23 1 22
20 1 19
14 8 17
5 2 42
43 1 21
70 2 12
11 1 1
4 2 29
19 8 20
24 8 30
21 8 38
37 1 1
23 1 58
1 2 8
1 1 38
1 8 19
32 8 19
28 8 29
8 2 1
13 2 8
1 8 34
56 1 21
24 1 9
9 8 45
24 1 23
23 8 24
3 8 14
3 2 18
70 8 23
29 1 3
1 8 39
19 8 38
61 1 21
4 2 42
38 1 1
11 8 43
70 1 30
37 1 21
30 1 20
3 8 13
38 2 1
42 8 21
1 2 43
73 1 72
34 1 1
4 2 5
50 1 61
13 2 1
5 2 1
20 8 30
44 2 24
41 8 14
30 8 39
32 8 21
44 8 30
12 8 23
30 2 1
11 8 12
3 2 4
8 2 13
24 2 44
44 1 3
14 8 43
8 8 39
39 1 1
72 8 73
34 1 33
23 1 53
3 2 38
1 8 21
51 1 19
30 1 44
21 1 4
23 8 72
3 2 10
61 8 50
69 1 43
54 1 30
19 1 29
10 8 44
37 2 38
19 8 41
54 1 23
11 1 43
18 1 17
50 8 54
23 1 20
43 1 14
20 2 54
37 2 3
13 8 11
18 8 45
9 2 3
38 1 19
22 8 30
3 1 5
42 8 19
30 8 70
4 8 3
19 1 34
23 1 70
32 2 5
25 2 30
11 1 10
21 1 32
56 6 44
11 8 41
18 8 24
38 2 37
19 8 61
1 2 33
19 1 42
24 1 18
3 2 41
56 8 30
41 2 1
69 1 51
21 8 48
50 1 48
21 8 43
37 1 19
41 2 3
69 2 30
21 8 56
9 2 10
41 2 48
44 1 23
22 2 20
30 8 54
22 1 21
23 8 54
17 8 18
1 2 25
52 2 51
41 1 11
4 8 21
11 8 16
30 1 12
41 8 50
61 2 48
1 2 13
39 8 40
37 8 3
44 13 56
3 8 24
33 8 34
44 1 1
43 2 1
3 4 1
45 13 58
69 1 75
23 8 45
3 8 44
19 1 32
14 1 1
10 8 11
73 8 30
30 2 25
21 8 75
3 8 45
1 14 3
54 1 50
44 1 25
45 2 44
52 8 53
75 2 51
19 8 58
21 8 51
3 7 1
20 8 23
51 8 69
21 1 5
39 1 30
20 2 22
1 8 14
30 8 52
48 8 73
3 8 11
19 8 22
1 11 3
1 4 3
19 1 3
19 8 37
50 1 41
30 1 56
43 8 14
75 8 69
5 2 32
30 8 44
10 1 3
1 2 30
61 1 19
50 2 23
40 1 39
44 1 8
10 2 1
43 1 19
29 2 4
3 2 13
8 8 44
30 1 73
15 2 24
39 1 8
22 1 19
3 2 9
38 1 21
43 8 69
21 1 1
21 1 42
1 8 10
42 2 4
38 8 3
28 2 3
23 2 18
12 2 15
48 2 43
14 8 15
42 2 5
32 2 4
4 2 1
34 8 19
3 1 1
1 7 3
51 2 75
51 8 53
3 8 19
1 1 37
5 8 3
5 8 19
10 8 45
5 2 4
17 2 16
3 5 1
3 1 37
1 2 4
10 2 3
54 2 20
30 1 22
20 1 21
1 8 11
3 8 10
43 2 48
3 1 4
3 2 37
12 1 14
3 2 28
18 2 3
25 8 44
41 1 19
30 2 50
25 2 1
13 2 3
? 1 github_java_program_data/6/397.java

50 1 43
15 2 58
56 2 53
1 1 4
62 8 30
6 2 2
1 8 3
64 2 3
30 8 45
44 13 56
3 8 16
12 1 11
1 14 3
15 1 14
1 8 13
11 8 17
41 1 19
10 1 1
73 8 23
4 8 19
27 1 1
30 8 97
4 2 32
3 2 8
30 8 110
16 1 11
23 2 25
8 8 45
18 8 44
18 1 16
13 8 44
58 2 53
58 6 44
54 8 23
3 8 21
21 8 22
8 2 10
43 2 3
10 1 9
34 2 4
41 8 11
17 1 1
22 2 70
1 2 49
1 2 41
64 2 23
14 1 43
45 1 10
29 8 19
19 1 1
54 2 22
44 1 13
3 1 18
11 1 41
30 2 51
53 1 52
2 1 3
1 8 14
39 2 7
58 1 21
8 8 10
45 1 8
23 8 44
73 2 15
8 8 24
1 2 33
1 12 3
21 8 20
15 2 20
63 8 27
3 8 29
40 1 45
25 2 3
10 2 8
4 2 3
51 8 110
23 1 44
13 8 14
10 2 1
48 2 41
61 2 51
9 2 8
33 2 1
14 8 12
25 2 23
1 8 45
9 8 14
39 2 45
53 1 72
19 8 43
58 1 19
44 1 30
72 1 23
9 8 44
51 8 53
28 1 1
56 6 45
48 1 21
20 2 22
51 2 43
77 1 1
50 8 54
52 1 23
11 1 3
12 2 20
1 2 10
15 2 54
3 8 10
43 8 11
45 1 23
1 1 3
5 2 3
23 1 54
10 2 9
15 8 23
30 1 54
9 2 13
19 8 51
60 8 30
1 1 28
49 1 21
22 2 15
33 1 27
1 1 5
76 2 48
50 2 30
3 2 13
27 8 33
43 8 50
56 2 15
18 2 23
19 8 48
8 8 11
3 2 41
23 1 12
7 1 3
19 1 5
26 1 21
48 2 72
19 8 62
1 5 3
22 8 23
14 1 41
73 1 48
57 8 73
54 8 30
21 1 34
23 8 39
22 2 54
1 8 63
23 1 58
15 2 12
21 1 3
39 1 64
30 1 15
30 1 53
21 8 26
72 2 51
45 1 3
53 8 23
3 8 6
44 1 10
10 8 14
23 8 52
5 8 21
2 2 6
60 1 19
16 8 18
45 2 39
17 1 14
1 8 44
15 8 30
27 1 21
24 1 3
44 2 45
8 2 13
19 1 4
30 1 62
8 2 9
26 1 3
51 8 50
41 1 21
60 1 21
1 8 77
72 2 48
53 2 58
3 2 64
51 1 21
52 1 30
21 1 1
15 1 11
49 8 14
48 2 75
70 2 22
72 2 57
29 1 28
52 2 51
9 8 10
62 1 19
18 2 30
3 2 63
76 8 53
3 2 5
51 2 52
32 8 21
12 8 30
69 8 54
14 1 13
21 1 42
16 1 3
4 1 1
76 1 23
13 1 1
10 8 44
60 2 53
16 2 17
64 8 39
23 1 22
20 1 19
14 8 17
12 2 53
5 2 42
45 1 30
43 1 21
70 2 12
32 8 19
11 1 1
51 8 97
4 2 29
19 8 20
29 1 33
58 6 45
23 1 56
11 1 13
6 1 3
110 1 30
48 1 19
63 2 3
26 1 1
1 8 19
29 1 1
34 8 21
28 8 29
21 8 41
13 2 8
1 8 34
56 1 21
13 8 45
97 8 19
3 8 7
1 1 33
24 1 23
23 8 24
40 1 44
14 8 41
3 8 14
3 2 18
73 2 53
1 2 28
23 1 60
3 2 33
70 8 23
33 8 29
29 1 3
19 8 60
5 1 1
21 1 32
3 2 28
12 2 22
70 1 30
3 1 5
30 1 20
3 8 13
15 2 56
50 8 70
42 8 21
1 2 43
26 1 19
54 1 69
33 1 26
4 2 5
50 1 61
13 2 1
5 2 1
20 8 30
29 8 21
41 8 14
48 8 69
29 2 5
21 8 49
23 1 73
53 2 56
43 1 14
56 6 44
58 2 15
8 2 3
12 8 23
18 2 1
11 8 12
3 2 4
52 8 73
3 8 2
19 1 97
24 2 44
3 8 26
14 8 43
30 1 58
56 2 22
20 2 15
72 8 73
34 1 33
49 2 1
21 8 27
50 1 51
25 1 17
23 1 53
69 1 48
42 2 5
25 8 45
1 8 21
32 2 4
21 1 4
3 2 25
23 8 72
3 2 10
45 8 40
61 8 50
48 8 53
30 8 72
19 1 29
69 1 41
44 13 58
24 1 25
19 8 41
34 1 3
54 1 23
11 1 43
18 8 3
40 1 2
18 1 17
53 1 51
23 1 20
21 8 60
25 8 24
25 2 1
23 2 64
33 2 3
44 1 18
1 8 26
22 8 30
45 8 23
53 8 30
23 1 62
30 8 70
52 2 48
7 8 40
42 8 19
4 8 3
19 1 34
23 1 70
44 8 40
22 2 12
51 2 72
25 2 30
11 1 10
16 8 25
24 1 8
4 2 42
7 2 39
54 2 15
53 1 76
1 2 5
7 2 6
19 8 61
19 1 42
42 2 4
56 1 19
56 8 30
41 2 1
26 8 28
21 8 48
15 2 73
33 1 1
57 2 72
45 1 1
21 8 43
45 1 25
41 2 3
28 8 3
69 2 23
21 1 29
18 2 3
56 8 23
21 8 56
41 2 48
40 1 6
23 8 76
41 8 69
15 2 24
34 1 28
44 1 23
22 2 20
30 8 54
70 1 50
30 8 57
22 1 21
3 8 34
23 8 54
17 8 18
3 8 39
1 2 25
97 1 30
58 8 23
41 1 14
4 8 21
30 2 18
11 8 16
60 8 23
1 2 18
30 1 12
23 1 15
30 1 60
17 8 25
1 2 13
39 8 40
11 8 15
32 2 5
33 8 3
27 2 26
3 8 24
12 2 70
33 8 34
34 1 1
5 2 29
44 1 1
43 2 1
77 8 64
19 1 110
45 13 58
53 2 73
69 1 75
23 8 45
10 1 8
3 8 44
19 1 32
13 8 11
45 1 13
19 8 58
19 8 56
73 8 30
30 2 25
1 8 29
3 4 1
3 8 45
6 2 7
26 8 33
53 1 48
54 1 50
45 2 44
52 8 53
6 8 40
58 2 73
14 1 1
10 8 11
10 2 3
21 8 51
3 7 1
20 8 23
21 1 5
14 1 10
54 1 30
23 1 24
11 1 8
57 1 30
15 2 22
14 1 49
1 8 17
1 8 27
23 2 69
48 8 73
3 8 11
44 2 24
19 8 22
1 11 3
51 2 61
19 8 27
19 1 3
28 1 27
30 1 56
43 8 14
75 8 69
5 2 32
23 1 45
30 8 44
10 1 3
48 2 52
39 1 23
51 8 73
61 1 19
44 1 9
40 1 39
73 1 72
12 2 15
110 8 19
21 8 58
25 1 16
43 1 19
29 2 4
110 1 51
27 1 63
14 1 9
28 8 34
64 1 77
73 1 51
19 8 26
30 1 73
3 8 27
22 2 56
22 1 19
51 2 30
24 2 15
14 1 3
16 1 14
72 8 53
13 1 3
3 2 43
24 8 23
28 2 3
39 1 3
23 2 18
3 1 33
28 1 26
26 2 27
63 1 1
30 8 52
48 2 76
14 8 15
73 2 58
51 1 19
45 13 56
4 2 1
34 8 19
53 2 60
3 1 1
1 7 3
53 2 12
28 2 1
2 8 40
5 2 34
58 8 30
3 8 19
43 2 51
73 1 52
5 8 3
5 8 19
97 1 51
10 8 45
9 2 10
5 2 4
73 1 57
17 2 16
13 2 9
3 5 1
27 1 3
1 2 4
75 2 48
17 1 11
72 1 30
20 2 12
30 1 22
20 1 21
1 8 11
4 2 34
27 8 28
3 1 4
1 8 10
12 1 14
14 8 16
1 4 3
3 1 28
44 8 23
40 1 7
27 1 19
44 1 3
34 2 5
30 2 50
62 8 23
13 2 3
? 1 github_java_program_data/6/424.java

50 1 43
1 1 4
3 2 33
1 8 3
39 1 1
30 8 57
44 13 56
12 1 11
41 2 3
15 1 14
1 8 13
3 2 8
11 8 17
69 8 70
13 1 1
10 1 1
3 1 38
73 8 23
4 8 19
69 1 41
75 1 19
16 1 11
23 2 25
23 1 45
18 8 44
18 1 16
13 8 44
54 8 23
1 2 38
3 8 21
13 2 9
21 8 22
22 2 54
43 2 3
10 2 3
34 2 4
41 8 11
76 2 72
22 2 70
1 2 41
12 2 22
21 8 27
29 8 19
19 1 1
49 8 11
54 2 22
44 1 13
30 8 45
11 1 41
53 1 52
1 2 5
76 8 73
21 8 61
10 2 9
57 1 30
3 2 49
23 8 44
4 2 42
54 2 15
13 2 3
1 2 33
1 12 3
53 1 57
20 2 53
23 8 83
3 8 27
3 8 29
25 2 3
4 2 3
12 2 70
89 1 30
41 8 69
13 8 14
18 2 87
48 2 41
61 2 51
87 2 23
30 8 84
33 2 1
14 8 12
25 2 23
1 8 45
1 1 28
19 8 43
58 1 19
23 2 18
23 2 87
72 1 23
9 8 44
9 8 13
28 1 1
48 1 21
51 2 43
45 1 9
52 1 23
11 1 3
1 2 10
19 1 30
27 8 28
43 8 11
1 1 3
5 2 3
23 1 54
3 2 38
15 8 23
9 2 13
19 8 51
26 1 1
33 1 27
1 1 5
21 8 37
50 2 30
3 2 13
87 1 26
43 8 50
56 2 15
18 2 23
19 8 48
27 8 33
23 1 12
61 8 69
7 1 3
19 1 5
26 1 21
51 2 52
1 5 3
22 8 23
14 1 41
73 1 48
11 1 13
21 1 34
3 2 68
23 8 39
29 1 33
21 1 4
15 2 12
21 1 3
11 1 49
30 1 21
1 2 25
30 1 53
21 8 26
72 2 51
45 1 3
53 8 23
3 8 6
44 1 10
10 8 14
23 8 52
44 2 45
5 8 21
3 2 10
44 1 87
19 1 42
50 1 48
27 1 21
14 1 3
8 2 13
19 1 4
41 1 11
38 2 3
69 1 43
26 1 3
51 8 50
41 1 21
60 1 21
20 2 54
72 2 48
37 2 1
51 1 21
52 1 30
21 1 1
15 1 11
48 2 75
70 2 22
29 1 28
75 1 21
70 2 15
1 1 38
1 14 3
18 2 30
1 1 37
3 2 5
48 2 72
32 8 21
12 8 30
1 8 11
1 2 23
14 1 13
13 1 3
4 1 1
69 2 23
41 1 19
89 2 23
6 2 39
16 2 17
48 2 61
23 1 22
20 1 19
14 8 17
12 2 53
5 2 42
45 1 30
7 2 6
43 1 21
70 2 12
32 8 19
11 1 1
30 1 19
19 8 20
21 8 38
90 2 22
37 1 1
23 1 56
50 1 51
6 1 3
1 2 8
48 8 53
48 1 19
37 8 3
1 8 19
18 8 83
34 8 21
28 8 29
8 2 1
19 8 41
1 8 34
56 1 21
13 8 45
73 2 58
9 8 45
3 8 7
1 1 33
3 2 4
14 8 41
3 8 14
3 2 18
52 2 48
1 2 28
23 1 60
33 8 29
29 1 3
1 8 39
12 2 20
19 8 38
61 1 21
3 2 28
38 1 1
11 8 43
70 1 30
84 1 30
30 1 20
3 8 13
38 2 1
15 2 56
50 8 70
70 8 30
27 1 3
26 1 19
54 1 69
21 8 20
33 1 26
4 2 5
50 1 61
70 1 23
5 2 1
20 8 30
29 8 21
41 8 14
48 8 69
29 2 5
23 1 73
23 8 90
43 1 14
12 8 23
45 13 58
5 2 34
11 8 12
76 1 30
90 1 23
44 1 3
14 8 43
8 8 39
30 1 58
20 2 70
20 2 15
41 2 51
44 1 8
72 8 73
34 1 33
23 1 90
25 1 17
23 1 53
69 1 48
26 8 87
73 2 70
25 8 45
1 8 21
70 2 73
32 2 4
19 8 30
21 8 30
3 2 25
23 8 72
90 8 23
61 8 50
21 8 41
30 2 83
54 1 30
19 1 29
10 8 44
68 8 11
37 2 38
83 1 18
29 1 1
57 8 53
34 1 3
60 2 20
54 1 23
11 1 43
18 8 89
8 2 3
18 1 17
13 8 11
23 1 20
21 8 60
51 2 75
37 2 3
8 8 10
25 2 1
33 2 3
44 1 18
53 1 51
22 8 30
9 2 3
30 8 76
39 2 6
38 1 19
53 8 30
84 1 83
50 8 54
3 1 5
7 8 40
42 8 19
30 8 70
4 8 3
19 1 34
23 1 70
5 1 1
22 2 12
32 2 5
25 2 30
11 1 10
21 1 32
43 1 11
16 8 25
16 8 18
56 6 44
11 8 41
45 8 23
38 2 37
19 8 61
17 1 14
42 2 4
13 1 9
42 8 21
12 2 15
41 2 1
26 8 28
21 8 48
1 8 44
45 1 1
21 8 43
45 1 25
52 2 57
37 1 19
70 1 69
15 2 20
87 8 44
21 1 29
84 8 30
18 2 3
56 8 23
21 8 56
41 2 48
40 1 6
9 2 10
30 1 84
34 1 28
44 1 23
22 2 20
30 8 54
70 1 50
58 6 45
1 4 3
22 1 21
3 8 34
49 1 19
17 8 18
1 2 43
14 1 43
52 2 51
41 1 14
4 8 21
30 2 18
11 8 16
60 8 23
30 1 12
23 1 15
41 8 50
61 2 48
17 8 25
1 2 13
39 8 40
11 8 15
51 2 72
33 8 3
72 2 76
27 2 26
70 8 23
73 1 76
33 8 34
23 2 1
34 1 1
5 2 29
44 1 1
43 2 1
58 2 73
3 4 1
1 2 37
23 1 44
69 1 75
51 2 41
10 1 8
3 8 44
19 1 32
75 2 51
13 2 8
45 1 13
19 8 58
73 8 30
30 2 25
1 8 29
21 8 75
3 8 45
6 2 7
26 8 33
68 2 3
53 1 48
54 1 50
44 1 25
3 7 1
45 2 44
52 8 53
6 8 40
48 8 50
14 1 1
10 8 11
13 2 1
21 8 51
1 8 26
20 8 23
51 8 69
21 1 5
14 1 10
89 8 90
20 2 22
1 8 14
20 2 60
57 2 52
23 2 89
19 8 75
21 8 68
23 2 69
48 8 73
5 8 19
15 2 70
19 8 22
1 11 3
51 2 61
19 8 27
19 1 3
19 8 37
50 1 41
11 1 68
43 8 14
75 8 69
5 2 32
87 2 18
10 1 3
48 2 52
83 2 30
39 1 23
51 8 73
61 1 19
20 1 21
40 1 39
30 8 89
73 1 72
10 2 1
4 2 32
25 1 16
43 1 19
3 2 9
28 8 34
3 8 10
73 1 51
8 8 44
19 8 26
30 1 73
69 1 51
39 1 8
19 8 49
22 1 19
89 1 18
38 1 21
43 8 69
16 1 14
21 2 19
21 1 42
3 2 37
69 1 61
37 1 21
38 8 3
3 2 41
28 2 3
83 8 84
33 1 1
3 1 33
28 1 26
26 2 27
23 8 54
70 2 20
30 8 52
48 2 43
14 8 15
42 2 5
51 1 19
4 2 1
34 8 19
3 1 1
1 7 3
53 2 12
28 2 1
51 8 53
53 2 20
49 2 3
58 8 30
3 8 19
90 1 89
5 8 3
3 8 11
27 1 19
15 2 54
19 2 21
5 2 4
3 2 43
17 2 16
83 1 23
3 5 1
3 1 37
1 2 4
75 2 48
17 1 11
54 2 20
20 2 12
22 2 90
30 1 22
44 1 9
69 8 54
4 2 34
68 1 21
43 2 48
3 1 4
1 8 10
12 1 14
14 8 16
23 8 70
44 8 23
40 1 7
30 1 70
25 8 44
30 8 19
3 8 26
34 2 5
30 2 50
43 2 51
28 1 27
? 1 github_java_program_data/6/429.java

40 1 7
1 1 4
3 2 33
6 2 2
1 8 3
12 1 11
1 14 3
15 1 14
1 8 13
69 8 70
15 8 30
10 1 1
55 8 30
4 8 19
27 1 1
69 1 41
75 1 19
16 1 11
23 2 25
8 8 45
18 8 44
18 1 16
13 8 44
58 6 44
54 8 23
3 8 21
21 8 22
22 2 54
43 2 3
34 2 4
41 8 11
6 1 1
21 8 27
23 2 50
29 8 19
19 1 1
44 1 13
3 1 18
11 1 41
53 1 52
1 2 5
21 8 61
45 1 8
20 1 19
19 8 68
8 8 24
30 1 24
1 12 3
14 8 17
3 8 29
75 2 48
1 8 2
3 8 27
13 8 14
3 2 30
48 2 41
33 2 1
34 1 28
14 8 12
25 2 23
1 8 45
30 1 45
19 8 43
58 1 19
44 1 30
72 1 23
9 8 44
51 8 53
28 1 1
56 6 45
48 1 21
23 2 51
30 1 70
52 1 23
11 1 3
1 2 10
15 2 54
3 8 10
43 8 11
45 1 23
1 1 3
5 2 3
23 1 54
10 2 9
15 8 23
1 8 7
9 2 13
19 8 51
1 1 28
22 2 15
33 1 27
1 1 5
50 2 30
3 2 13
27 8 33
19 8 48
55 2 15
20 2 56
51 2 23
23 1 12
30 2 69
61 8 69
19 1 5
3 8 34
51 2 52
1 5 3
22 8 23
14 1 41
73 1 48
3 2 8
21 1 34
30 1 44
1 8 6
30 2 3
15 2 12
21 1 3
1 2 68
30 1 15
30 1 53
21 8 26
53 8 23
2 1 1
10 8 14
23 8 52
5 8 21
2 2 6
3 8 39
16 8 18
17 1 14
1 8 44
27 1 21
44 2 45
19 1 4
41 1 11
48 2 61
26 1 3
41 1 21
72 2 48
51 1 21
52 1 30
15 1 11
49 8 14
48 2 75
29 1 28
45 8 30
70 2 15
18 2 30
56 2 20
3 2 5
48 2 72
32 8 21
12 8 30
1 8 11
14 1 13
13 1 3
4 1 1
13 1 1
55 1 51
16 2 17
23 1 22
30 1 55
21 8 20
5 2 42
43 1 21
32 8 19
11 1 1
4 2 29
19 8 20
24 8 30
29 1 33
8 8 14
23 1 56
1 2 8
48 1 19
26 1 1
1 8 19
24 1 25
34 8 21
28 8 29
21 8 41
13 2 8
1 8 34
56 1 21
13 8 45
45 1 13
1 1 33
24 1 1
3 2 4
14 8 41
3 8 14
3 2 18
1 2 28
14 1 43
33 8 29
29 1 3
5 1 1
21 1 32
3 2 28
70 1 30
3 1 5
30 1 20
3 8 13
50 8 70
70 8 30
1 2 43
26 1 19
54 1 69
33 1 26
70 1 23
5 2 1
54 1 30
29 8 21
41 8 14
48 8 69
29 2 5
1 2 41
34 2 5
14 1 8
30 8 39
43 1 14
44 1 1
12 8 23
24 2 12
5 2 34
11 8 12
23 8 24
8 2 13
24 2 44
24 1 23
3 8 26
14 8 43
8 8 39
30 1 58
53 2 22
72 8 73
34 1 33
16 1 1
25 1 17
23 1 53
69 1 48
11 1 68
25 8 45
56 2 70
1 8 21
68 2 1
32 2 4
55 1 23
21 1 4
23 8 72
3 2 10
69 1 43
22 2 53
19 1 29
68 1 19
68 8 11
29 1 1
19 8 41
34 1 3
4 8 3
54 1 23
11 1 43
18 8 3
8 2 3
18 1 17
53 1 51
23 1 20
25 8 24
33 2 3
44 1 18
50 8 54
22 8 30
53 8 30
30 8 70
7 8 40
42 8 19
49 1 19
19 1 34
23 1 70
22 2 55
11 1 10
61 1 21
16 8 25
24 1 8
11 8 41
7 2 39
54 2 15
12 2 24
7 2 6
7 1 1
4 2 42
1 2 33
19 1 42
42 2 4
42 8 21
12 2 15
41 2 1
26 8 28
21 8 48
15 2 55
33 1 1
45 1 1
21 8 43
45 1 25
70 1 69
28 8 3
21 1 29
69 2 30
56 8 23
21 8 56
41 2 48
40 1 6
1 8 24
41 8 69
23 8 55
22 2 20
30 8 54
70 1 50
51 8 55
1 4 3
22 1 21
26 1 21
23 8 54
17 8 18
1 2 25
20 8 30
52 2 51
41 1 14
4 8 21
70 2 56
30 2 18
11 8 16
1 2 18
30 1 12
23 1 15
41 8 50
61 2 48
17 8 25
1 2 13
39 8 40
11 8 15
33 8 3
27 2 26
70 8 23
33 8 34
34 1 1
5 2 29
44 8 30
43 2 1
3 4 1
69 1 75
23 8 45
44 13 58
3 2 49
19 1 32
9 8 11
10 8 11
73 8 30
1 8 29
6 2 7
26 8 33
54 1 50
3 7 1
45 2 44
52 8 53
6 8 40
14 1 1
19 8 58
13 2 1
21 8 51
1 8 26
20 8 23
21 1 5
14 1 10
39 1 30
20 2 22
1 8 14
15 2 22
14 1 49
19 8 75
1 8 27
1 8 16
5 8 19
15 2 70
19 8 22
1 11 3
23 8 70
19 1 3
28 1 27
50 1 41
43 8 14
75 8 69
30 8 44
10 1 3
54 2 22
27 1 3
20 1 21
50 2 23
40 1 39
73 1 72
10 2 1
4 2 32
25 1 16
43 1 19
29 2 4
28 8 34
27 8 28
19 8 26
30 1 73
39 1 8
19 8 49
22 1 19
14 1 3
43 8 69
44 2 24
21 1 1
21 1 42
3 2 43
69 1 61
40 1 2
28 2 3
39 1 3
55 2 22
3 1 33
28 1 26
8 2 1
26 2 27
30 8 52
48 2 43
14 8 15
42 2 5
51 1 19
45 13 56
4 2 1
34 8 19
3 1 1
48 8 73
1 7 3
28 2 1
2 8 40
18 2 1
54 2 70
58 8 30
3 8 19
5 8 3
3 8 11
27 1 19
9 2 10
17 2 16
13 2 9
3 5 1
1 2 4
10 2 3
30 1 22
44 1 9
69 8 54
4 2 34
4 2 3
43 2 48
3 1 4
1 8 10
12 1 14
70 2 54
39 2 7
19 8 27
3 1 28
49 2 3
18 2 3
11 1 9
41 1 19
30 2 50
25 2 1
13 2 3
? 1 github_java_program_data/6/517.java

50 1 43
1 1 4
3 2 33
6 2 2
1 8 3
30 8 57
12 1 11
41 2 3
33 2 1
1 8 13
69 8 70
15 8 30
10 1 1
3 1 38
55 8 30
73 8 23
4 8 19
69 1 41
3 2 8
16 1 11
23 2 25
18 1 16
13 8 44
54 8 23
1 2 38
3 8 21
1 2 37
43 2 3
10 1 9
34 2 4
41 8 11
73 2 15
1 2 41
21 8 27
23 2 50
29 8 19
19 1 1
49 8 11
44 1 13
11 1 41
53 1 52
34 2 5
1 2 5
21 8 61
57 1 30
2 2 6
23 8 44
20 1 19
19 8 68
7 2 6
30 1 24
1 12 3
21 8 20
1 8 7
3 8 29
1 8 2
53 2 73
3 2 49
15 1 14
14 8 12
25 2 23
4 2 32
19 8 43
23 2 18
72 1 23
18 2 23
9 8 24
48 1 21
23 2 51
18 2 3
11 1 3
56 2 73
1 2 10
15 2 54
27 8 28
43 8 11
1 1 3
5 2 3
23 1 54
15 8 23
30 1 54
19 8 51
1 1 28
49 1 21
22 2 15
33 1 27
1 1 5
21 8 37
27 8 33
43 8 50
4 2 29
19 8 48
55 2 15
14 1 68
23 1 12
30 2 69
19 1 5
3 8 34
51 2 52
1 5 3
22 8 23
14 1 41
73 1 48
57 8 73
54 8 30
21 1 34
30 1 44
1 8 63
1 8 6
15 2 12
21 1 3
8 2 65
39 1 64
11 1 49
30 1 15
64 1 63
21 8 26
53 8 23
3 8 6
10 8 14
5 8 21
73 2 56
3 8 39
16 8 18
4 2 3
1 8 44
27 1 21
24 1 3
14 1 3
19 1 4
38 2 3
73 2 12
48 2 61
26 1 3
41 1 21
72 2 48
3 2 64
52 1 30
15 1 11
29 1 28
6 1 1
9 8 10
48 1 19
21 8 22
3 2 5
48 2 72
12 8 30
48 8 50
13 1 3
4 1 1
41 1 19
55 1 51
64 8 39
23 1 22
30 1 55
30 1 78
5 2 42
28 1 1
1 14 3
11 1 1
1 2 68
19 8 20
24 8 30
26 1 19
21 8 38
37 1 1
23 1 56
11 1 13
6 1 3
1 1 38
37 8 3
1 8 19
29 1 1
34 8 21
28 8 29
13 2 8
1 8 34
56 1 21
24 1 9
24 1 23
3 2 4
1 8 21
37 2 1
3 2 18
73 2 53
1 2 28
14 1 43
70 8 23
29 1 3
19 8 38
21 1 32
3 2 28
38 1 1
54 1 23
70 1 30
37 1 21
30 1 20
3 8 13
38 2 1
42 8 21
1 2 43
73 1 72
27 2 26
34 1 1
33 1 26
4 2 5
50 1 61
13 2 1
5 2 1
20 8 30
29 8 21
41 8 14
29 2 5
21 8 49
23 1 73
30 8 39
3 2 43
44 1 1
12 8 23
65 2 8
5 2 34
11 8 12
23 8 24
8 2 13
24 2 44
51 2 23
3 8 26
14 8 43
8 8 39
64 2 3
72 8 73
34 1 33
23 1 53
3 2 38
32 8 21
68 2 1
32 2 4
55 1 23
21 1 4
23 8 72
3 2 10
61 8 50
44 1 65
30 8 72
68 8 14
19 1 29
68 1 19
2 1 1
19 8 41
34 1 3
54 2 15
78 8 30
11 1 43
8 2 3
13 8 11
23 1 20
37 2 3
33 2 3
53 1 51
22 8 30
9 2 3
38 1 19
50 8 54
3 1 5
7 8 40
42 8 19
19 8 37
30 8 70
4 8 3
19 1 34
23 1 70
5 1 1
22 2 12
32 2 5
11 1 10
61 1 21
56 6 44
11 8 41
7 2 39
18 8 24
7 1 1
1 2 33
19 1 42
24 1 18
3 2 41
12 2 15
41 2 1
26 8 28
21 8 48
15 2 73
15 2 55
50 1 48
57 2 72
21 8 43
37 1 19
70 1 69
72 2 57
69 2 30
56 8 23
21 8 56
40 1 6
51 8 53
41 8 69
23 8 55
44 1 23
22 2 20
51 8 55
26 8 33
22 1 21
26 1 21
23 8 54
1 2 25
52 2 51
41 1 11
4 8 21
11 8 16
22 2 55
30 1 12
23 1 15
61 2 48
30 2 64
1 2 13
39 8 40
11 8 15
44 13 56
33 8 3
3 8 24
12 2 22
33 8 34
5 2 29
44 8 30
43 2 1
3 4 1
21 8 41
21 1 29
3 8 14
1 8 29
6 2 7
1 8 65
54 1 50
44 1 25
52 8 53
6 8 40
14 1 1
10 8 11
12 2 53
3 7 1
20 8 23
65 1 1
21 1 5
14 1 10
39 1 30
20 2 22
1 8 14
15 2 22
29 2 4
30 8 52
48 8 73
3 8 11
44 2 24
19 8 22
1 11 3
19 8 27
19 1 3
28 1 27
43 8 14
5 2 32
10 1 3
50 2 23
40 1 39
44 1 8
10 2 1
43 1 19
3 2 9
3 2 13
8 8 44
19 8 26
12 2 20
39 1 8
22 1 19
43 2 48
38 1 21
65 8 44
21 1 1
21 1 42
43 1 14
38 8 3
40 1 2
28 2 3
39 1 3
55 2 22
3 1 33
28 1 26
26 2 27
39 2 7
70 2 20
48 2 43
14 8 15
42 2 5
51 1 19
4 2 1
34 8 19
12 2 73
3 1 1
1 7 3
53 2 12
28 2 1
2 8 40
20 2 70
3 8 19
1 1 37
5 8 3
5 8 19
43 1 21
5 2 4
73 1 57
3 5 1
3 1 37
1 2 4
10 2 3
72 1 30
20 2 12
30 1 22
20 1 21
1 8 11
4 2 34
3 8 10
3 2 37
3 1 4
1 8 10
12 1 14
63 1 1
1 4 3
49 2 3
40 1 7
27 1 19
25 8 44
64 2 30
63 8 64
13 1 1
25 2 1
13 2 3
? 1 github_java_program_data/6/543.java

20 8 30
1 1 4
10 2 8
56 2 54
1 8 3
48 8 50
8 8 67
12 1 11
1 14 3
15 1 14
1 8 13
11 8 17
13 1 1
10 1 1
3 1 38
4 8 19
69 1 41
75 1 19
23 2 25
9 8 31
18 8 44
18 1 16
3 8 39
54 8 23
1 2 38
3 8 21
21 8 22
8 2 10
43 2 3
34 2 4
41 8 11
22 2 70
1 1 3
21 8 27
23 2 50
29 8 19
19 1 1
44 1 13
3 2 25
11 1 41
53 1 52
30 8 72
21 8 61
4 2 42
13 2 3
30 1 24
1 12 3
53 1 51
20 2 53
15 2 20
65 2 9
3 8 29
25 2 3
1 8 2
41 2 48
13 8 14
3 2 30
48 2 41
61 2 51
33 2 1
14 8 12
25 2 23
2 2 67
9 8 14
30 1 45
19 8 43
45 13 56
44 1 30
30 1 95
51 8 53
9 8 24
31 2 44
48 1 21
45 1 9
52 1 23
11 1 3
1 2 10
3 8 10
43 8 11
45 1 23
67 1 3
21 8 37
5 2 3
67 1 30
23 1 54
15 8 23
37 8 3
19 8 51
39 2 15
33 1 27
1 1 5
95 8 30
50 2 30
3 2 13
27 8 33
19 8 48
8 8 11
30 2 69
15 2 53
19 1 5
3 8 34
48 2 72
1 5 3
22 8 23
14 1 41
73 1 48
11 1 13
21 1 34
29 2 5
30 2 3
15 2 12
21 1 3
30 1 15
30 1 53
21 8 26
45 1 3
2 1 1
30 8 67
10 8 14
23 8 52
5 8 21
31 2 12
13 8 44
16 8 18
19 1 42
33 1 1
27 1 21
38 1 21
19 1 4
41 1 14
38 2 3
75 2 51
48 2 61
3 8 67
51 8 50
41 1 21
60 1 21
1 8 77
72 2 48
3 2 64
51 1 21
21 1 1
15 1 11
40 1 67
29 1 28
45 8 30
48 1 19
18 2 30
78 8 23
1 1 37
3 2 5
51 2 52
12 8 30
1 8 11
14 1 13
4 1 1
15 8 30
31 1 9
23 1 22
20 1 19
21 8 20
43 1 21
23 8 31
11 1 1
4 2 29
19 8 20
24 8 30
30 2 64
21 8 38
37 1 1
23 1 56
50 1 51
11 2 14
48 8 53
1 1 38
11 8 15
1 8 19
32 8 19
34 8 21
28 8 29
1 8 34
13 8 45
24 1 9
9 8 45
45 1 13
1 1 33
24 1 23
3 2 4
14 8 41
3 8 14
73 2 53
1 2 28
23 1 60
3 2 33
29 1 3
19 8 38
61 1 21
3 2 28
38 1 1
3 1 5
30 1 20
3 8 13
38 2 1
13 1 8
50 8 70
5 2 29
1 2 43
28 1 26
54 1 69
45 1 65
4 2 5
50 1 61
13 2 1
5 2 1
54 1 30
29 8 21
41 8 14
67 1 64
34 2 5
24 1 1
32 8 21
44 8 30
23 1 78
24 2 12
18 2 1
11 8 12
23 8 24
8 2 3
8 2 13
1 2 41
9 8 39
64 2 3
20 2 15
41 2 51
67 8 40
44 1 8
72 8 73
34 1 33
39 8 30
67 2 2
25 1 17
37 2 1
3 2 38
25 8 45
21 8 60
1 8 21
30 1 44
21 1 4
3 2 10
61 8 50
21 8 41
9 2 1
1 2 5
19 1 29
25 8 31
9 2 65
15 2 39
29 1 1
13 2 8
3 1 1
11 1 43
31 1 23
18 1 17
13 8 11
23 1 20
30 1 31
51 2 75
37 2 3
33 2 3
44 1 18
1 8 26
22 8 30
9 2 3
38 1 19
53 8 30
50 8 54
52 2 48
42 8 19
4 8 3
19 1 34
23 1 70
5 1 1
32 2 5
11 1 10
21 1 32
11 8 41
18 8 24
12 2 24
53 2 20
19 8 61
1 2 9
1 2 33
4 2 3
24 1 18
56 1 19
1 4 3
12 2 15
1 8 14
41 2 1
26 8 28
21 8 48
15 2 73
50 1 48
31 1 3
21 8 43
45 1 25
37 1 19
65 8 45
41 2 3
28 8 3
69 2 30
56 8 23
1 8 24
41 8 69
18 2 23
22 2 20
30 8 54
70 1 50
53 2 15
26 8 33
22 1 21
26 1 21
31 8 30
17 8 18
14 1 43
52 2 51
41 1 11
4 8 21
30 2 18
60 8 23
1 2 18
30 1 12
23 1 15
41 8 50
61 2 48
17 8 25
42 2 4
1 2 13
26 1 1
51 2 41
54 2 56
27 2 26
70 8 23
33 8 34
34 1 1
44 1 1
43 2 1
77 8 64
3 5 1
3 4 1
1 2 37
53 2 73
69 1 75
23 8 45
19 1 32
31 1 25
33 1 26
21 1 29
19 8 56
8 8 13
73 8 30
1 8 29
3 8 45
1 8 65
53 1 48
54 1 50
30 1 39
45 2 44
52 8 53
73 2 15
14 1 1
10 8 11
70 1 23
21 8 51
3 7 1
20 8 23
51 8 69
65 1 1
21 1 5
14 1 10
39 1 30
20 2 22
11 1 8
16 2 17
29 2 4
19 8 75
48 8 73
5 8 19
19 8 22
1 11 3
51 2 61
23 8 70
19 1 3
19 8 37
50 1 41
3 8 31
43 8 14
75 8 69
5 2 32
30 8 44
10 1 3
48 2 52
70 2 22
61 1 19
50 2 23
73 1 72
10 2 1
43 1 19
3 2 9
4 2 34
14 1 9
9 2 13
64 1 77
8 8 44
19 8 26
30 1 73
69 1 51
12 2 31
22 1 19
30 8 39
14 1 3
16 1 14
13 1 3
3 2 37
37 1 21
38 8 3
40 1 2
28 2 3
39 1 3
23 2 18
26 1 19
26 2 27
67 1 8
44 2 31
14 8 15
51 1 19
39 1 9
4 2 1
34 8 19
34 1 3
1 7 3
14 2 11
28 2 1
2 8 40
5 2 34
54 2 70
3 8 19
5 8 3
3 8 11
56 6 45
5 2 4
3 2 43
17 2 16
13 2 9
1 8 44
3 1 37
1 2 4
10 2 3
72 1 30
30 1 22
20 1 21
69 8 54
3 2 41
27 8 28
17 1 11
3 1 4
1 8 10
12 1 14
70 2 54
14 8 16
64 8 67
19 8 27
3 1 28
27 1 19
44 2 45
3 2 8
64 2 30
30 2 50
77 1 1
28 1 27
? 1 github_java_program_data/6/572.java

50 1 43
1 1 4
3 2 33
45 1 18
1 8 3
39 1 1
30 8 45
8 8 67
12 1 11
41 2 3
15 1 14
1 8 13
31 8 30
11 8 17
69 8 70
13 1 1
10 1 1
21 8 20
4 8 19
73 2 20
27 1 1
69 1 41
4 2 32
3 2 8
16 1 11
23 2 25
8 8 45
18 8 44
18 1 16
13 8 44
58 2 53
58 6 44
54 8 23
18 8 31
3 8 21
66 8 44
21 8 22
43 2 3
97 1 57
34 2 4
41 8 11
1 2 64
22 2 70
1 1 3
64 2 23
21 8 27
23 2 50
29 8 19
23 1 55
19 1 1
3 2 13
44 1 13
3 2 25
20 1 21
11 1 41
30 2 51
53 1 52
41 8 69
72 1 19
2 2 6
21 8 61
58 1 21
23 1 22
3 2 49
45 1 8
23 8 44
31 1 30
8 8 24
1 2 33
1 12 3
53 1 51
15 2 20
3 8 29
8 2 9
4 2 3
1 8 2
1 2 18
67 1 3
23 1 44
13 8 14
3 2 30
48 2 41
20 2 15
31 1 18
9 2 8
33 2 1
14 8 12
25 2 23
1 8 45
30 1 45
53 1 72
19 8 43
58 1 19
45 13 56
44 1 30
72 1 23
9 8 44
51 8 53
43 1 21
56 6 45
48 1 21
20 2 22
45 1 9
52 1 23
11 1 3
1 2 10
15 2 54
27 8 28
43 8 11
45 1 23
6 1 1
5 2 3
67 1 30
23 1 54
10 2 9
15 8 23
30 1 54
11 1 1
19 8 51
1 1 28
49 1 21
22 2 15
33 1 27
1 1 5
50 2 30
64 1 77
27 8 33
43 8 50
4 2 29
18 2 23
19 8 48
13 2 1
3 2 41
23 1 12
54 2 56
19 1 5
26 1 21
51 2 52
1 5 3
31 2 45
22 8 23
14 1 41
73 1 48
11 1 13
54 8 30
21 1 34
23 8 39
1 8 6
30 2 3
15 2 12
21 1 3
8 2 65
39 1 64
20 2 73
30 1 15
30 1 53
21 8 26
72 2 51
53 8 23
2 1 1
44 1 10
10 8 14
23 8 52
5 8 21
55 8 23
39 2 31
16 8 18
17 1 14
55 1 30
33 1 1
15 8 30
27 1 21
24 1 3
44 2 45
19 1 4
6 2 67
69 1 43
26 1 3
21 8 57
41 1 21
72 2 48
53 2 58
51 1 21
52 1 30
21 1 1
15 1 11
49 8 14
40 1 67
31 1 8
72 2 57
29 1 28
52 2 51
45 8 30
39 2 12
18 2 30
53 2 73
1 1 37
3 2 5
48 2 72
32 8 21
12 8 30
1 8 11
14 1 13
13 1 3
4 1 1
41 1 19
55 1 51
16 2 17
64 8 39
48 2 61
45 1 13
20 1 19
14 8 17
5 2 42
45 1 30
69 8 54
28 1 1
31 2 39
57 1 21
51 8 97
1 2 68
19 8 20
29 1 33
37 1 1
23 1 56
12 2 20
8 8 31
49 2 3
1 2 8
48 1 19
26 1 1
1 8 19
32 8 19
34 8 21
28 8 29
8 2 1
19 8 41
1 8 34
58 6 45
13 8 45
19 8 72
97 8 19
9 8 45
9 2 13
1 1 33
24 1 23
23 8 24
3 8 14
3 2 18
73 2 53
1 2 28
14 1 43
1 2 41
33 8 29
29 1 3
1 8 39
5 1 1
61 1 21
3 2 28
3 1 5
30 1 20
3 8 13
70 1 50
70 8 30
30 8 67
41 8 14
28 1 26
34 1 1
45 1 65
4 2 5
50 1 61
70 1 23
5 2 1
54 1 30
29 8 21
3 1 28
29 2 5
77 1 3
34 2 5
43 1 14
44 8 30
8 2 3
12 8 23
30 8 52
65 2 8
5 2 34
11 8 12
67 1 8
5 2 97
52 8 73
8 2 13
19 1 97
24 2 44
3 8 26
14 8 43
30 1 58
1 4 3
1 2 49
4 2 97
67 8 40
9 2 66
53 2 22
34 1 33
49 2 1
39 8 30
25 1 17
23 1 53
11 1 68
25 8 45
1 8 21
68 2 1
32 2 4
30 1 44
21 1 4
23 8 72
3 2 10
61 8 50
48 8 53
9 2 1
22 2 53
30 8 72
97 1 72
19 1 29
10 8 44
68 8 11
29 1 1
3 8 66
34 1 3
54 1 23
11 1 43
64 2 1
40 1 2
18 1 17
1 2 43
13 8 11
23 1 20
30 1 31
66 1 3
12 2 39
37 2 3
33 2 3
44 1 18
1 8 26
22 8 30
45 8 23
53 8 30
50 8 54
52 2 48
42 8 19
4 8 3
19 1 34
54 2 15
22 2 12
32 2 5
25 2 30
11 1 10
21 1 32
16 8 25
19 8 56
24 1 8
11 8 41
18 8 24
12 2 24
1 2 5
4 2 42
1 2 9
72 8 53
24 1 18
56 1 19
42 8 21
12 2 15
19 1 42
41 2 1
26 8 28
21 8 48
50 1 48
57 2 72
45 1 1
21 8 43
45 1 25
65 8 45
70 1 69
28 8 3
69 2 23
21 1 29
18 2 3
56 8 23
41 2 48
40 1 6
31 1 1
3 8 27
3 2 4
34 1 28
44 1 23
22 2 20
20 2 55
30 8 54
3 8 77
51 8 55
1 8 65
22 1 21
3 8 34
49 1 19
17 8 18
1 2 25
23 2 64
25 2 3
41 1 11
4 8 21
30 2 18
11 8 16
97 2 5
30 1 12
23 1 15
41 8 50
61 2 48
17 8 25
1 2 13
11 8 15
51 2 72
33 8 3
3 8 67
27 2 26
3 8 24
12 2 22
33 8 34
54 1 69
5 2 29
44 1 1
43 2 1
77 8 64
45 2 31
3 5 1
3 4 1
45 13 58
56 2 54
21 8 41
23 8 45
44 13 58
3 8 44
19 1 32
13 2 8
33 1 26
72 8 97
10 8 11
1 8 31
73 8 30
30 2 25
1 8 29
1 14 3
97 2 4
26 8 33
53 1 48
54 1 50
44 1 25
30 1 39
45 2 44
52 8 53
6 8 40
14 1 1
19 8 58
10 2 3
21 8 51
3 7 1
20 8 23
65 1 1
21 1 5
30 8 31
20 8 30
23 1 24
1 8 14
15 2 22
14 1 49
21 8 68
23 2 69
18 8 45
57 8 97
3 8 11
44 2 24
19 8 22
1 11 3
23 8 70
19 1 3
28 1 27
50 1 41
14 1 10
43 8 14
5 2 32
23 1 45
30 8 44
10 1 3
48 2 52
39 1 23
51 8 73
27 1 3
21 8 49
50 2 23
44 1 8
10 2 1
21 8 58
25 1 16
43 1 19
29 2 4
28 8 34
3 8 10
73 1 51
8 8 44
19 8 26
30 1 73
44 1 66
19 8 49
22 1 19
51 2 30
14 1 3
43 8 69
16 1 14
30 8 55
21 1 42
3 2 43
42 2 4
67 2 6
66 2 9
9 8 39
24 8 23
28 2 3
23 2 18
3 1 33
26 1 19
26 2 27
23 8 54
1 8 27
24 2 12
14 8 15
42 2 5
51 1 19
39 1 9
4 2 1
34 8 19
3 1 1
48 8 73
1 7 3
28 2 1
2 8 40
50 8 70
18 2 1
58 8 30
3 8 19
73 1 52
5 8 3
5 8 19
27 1 19
97 1 51
9 2 10
5 2 4
17 2 16
13 2 9
1 8 44
70 2 22
1 2 4
17 1 11
72 1 30
20 2 12
55 2 20
30 1 22
44 1 9
48 8 50
4 2 34
68 1 21
3 2 37
3 1 4
1 8 10
12 1 14
14 8 16
19 8 27
44 8 23
6 2 2
30 1 70
25 8 44
44 1 3
30 2 50
25 2 1
13 2 3
? 1 github_java_program_data/6/58.java

14 8 43
50 1 43
39 1 1
1 1 4
8 8 39
6 2 2
1 8 3
69 1 75
12 1 11
34 1 33
41 2 3
15 1 14
1 8 13
39 8 40
69 8 70
41 1 19
3 1 38
4 8 19
1 8 21
16 1 11
3 2 33
18 8 44
18 1 16
5 2 34
61 8 50
69 1 43
1 2 38
3 8 21
1 2 5
38 8 19
8 2 10
19 1 29
10 8 44
41 8 11
37 2 38
29 1 1
19 8 41
34 1 3
21 8 27
23 2 50
37 8 19
29 8 19
19 1 1
15 8 30
18 1 17
3 2 5
11 1 41
23 1 20
34 2 5
37 2 3
21 8 61
33 2 3
44 1 18
13 8 11
2 2 6
40 1 39
54 2 15
38 1 19
30 8 70
19 1 37
40 1 6
3 8 29
4 8 3
19 1 34
3 1 5
19 8 38
1 8 2
23 1 44
10 2 1
39 2 6
9 2 8
38 2 37
19 8 61
11 8 43
4 2 3
37 2 29
3 2 41
44 1 30
12 2 15
26 1 21
9 8 44
41 2 1
26 8 28
21 8 48
1 8 44
48 1 21
29 2 37
21 1 42
21 8 43
51 2 43
37 1 19
50 8 54
1 2 41
11 1 3
70 1 69
27 1 21
1 2 10
15 2 54
1 1 3
69 2 30
5 2 3
3 2 38
1 12 3
30 1 54
19 8 51
33 1 27
1 1 5
21 8 37
3 2 13
37 2 34
26 8 33
27 8 33
43 8 50
3 8 34
23 8 54
17 8 18
1 11 3
30 2 69
4 8 21
23 1 70
19 1 5
30 2 18
14 8 17
19 1 32
1 2 18
30 1 12
1 5 3
28 2 1
14 1 41
11 1 13
54 8 30
37 8 3
29 2 38
23 8 39
19 8 48
70 8 23
33 8 34
21 1 4
15 2 12
21 1 3
5 2 29
44 1 1
43 2 1
30 1 15
1 2 28
21 8 26
3 5 1
3 4 1
1 2 37
21 8 41
3 8 6
44 1 10
10 8 14
75 2 51
38 2 29
5 8 21
21 1 29
16 8 18
17 1 14
50 1 48
1 8 29
21 8 75
1 14 3
19 1 4
1 2 4
38 2 3
54 1 50
43 1 11
23 2 1
41 1 21
18 2 30
14 1 1
3 7 1
20 8 23
51 8 69
1 2 8
21 1 5
14 1 10
29 1 28
1 8 14
1 1 38
11 8 16
1 1 37
3 8 11
12 8 30
2 1 1
1 8 11
19 8 27
19 1 3
28 1 27
38 1 1
43 8 14
75 8 69
13 1 1
30 8 44
10 1 3
6 2 39
16 2 17
39 1 23
61 1 19
44 1 9
50 2 23
21 1 37
21 8 20
44 1 8
13 2 3
6 8 40
2 8 40
27 2 26
43 1 21
61 2 48
11 1 1
3 8 10
8 8 44
19 8 26
75 1 21
39 1 8
21 8 38
38 8 3
37 1 1
10 2 8
1 2 13
38 1 21
6 1 3
43 8 69
21 1 1
48 1 19
13 1 3
3 2 37
1 8 19
32 8 19
28 8 29
40 1 2
28 2 3
34 2 37
19 1 38
28 1 26
8 2 1
26 2 27
3 2 4
8 2 9
48 2 43
14 8 15
37 2 1
51 1 19
4 2 1
34 8 19
3 1 1
14 1 43
1 7 3
51 2 75
69 1 51
29 1 3
1 8 39
5 1 1
61 1 21
3 2 28
3 8 19
54 1 23
70 1 30
37 1 21
5 8 3
3 8 13
38 2 1
5 8 19
18 2 1
42 8 21
1 2 43
26 1 19
17 2 16
33 1 26
3 1 37
50 1 61
13 2 1
5 2 1
1 2 23
4 1 1
29 8 21
41 8 14
29 2 5
20 1 21
48 8 50
27 8 28
43 2 48
3 1 4
43 1 14
1 4 3
44 8 23
11 8 12
27 1 19
37 8 21
48 2 61
43 2 51
19 8 37
? 1 github_java_program_data/6/70.java

